id,time,x,y
0,0,3.057600731456882,8.011096692602164
1,0,6.056333396769431,5.006166344454611
2,0,2.018690304353857,7.0815935881592615
3,0,10.023813944352082,10.960921890620197
4,0,0,10.953162795700296
5,0,8.06600458651988,5.9921288934518575
6,0,7.955934473416888,0.9570656930293163
7,0,0.0479669626205934,3.964547000346952
8,0,10.976053993377201,6.002400655206524
9,0,8.012450525335154,4.048869066534389
10,0,3.0307266355475333,9.026744647687835
11,0,11.962320894999603,0
12,0,11.04048217768865,2.0030144577969478
13,0,5.0216730238592335,6.956076057316027
14,0,5.978322373258854,3.956095923653343
15,0,5.014171641628086,0.05309293666215231
16,0,3.078828481770921,1.0217139353683102
17,0,10.027432812708723,11.045587796455873
18,0,8.024442109591293,8.03989528123825
19,0,2.072190254137917,5.991769862129284
20,0,1.0371515271655014,7.041222575716599
21,0,9.93459656798691,10.00941900168619
22,0,8.971797402769973,1.0614161857889288
23,0,5.9761143816659255,11.04576316767339
24,0,8.01387799822029,6.968966623228965
25,0,10.981003630636767,8.023533678167006
26,0,3.9735982948267816,1.030492674357812
27,0,2.0199458880953864,7.947759113072645
28,0,5.05632803970029,2.9841263943407563
29,0,7.0364313041768,5.987046720439043
0,5,3.096191442944314,8.018687608624028
1,5,6.127986281862778,5.01256793367357
2,5,2.0228532461197912,7.10051929158092
3,5,10.059432132168292,10.90160066598725
4,5,0,10.901737799773054
5,5,8.109948866097042,5.986886752429136
6,5,7.936525213819814,0.9382363320723761
7,5,0.10907997501938133,3.9194804865606487
8,5,10.914136847549747,6.009043360709921
9,5,8.02710604143614,4.105692730774092
10,5,3.058456624224414,9.050509574011741
11,5,11.92202519443089,0
12,5,11.110236128924882,2.007844538570975
13,5,5.054507930717695,6.888971227789046
14,5,5.955834637404767,3.9139420793328537
15,5,5.032187645876407,0.11920146686807358
16,5,3.121970813117512,1.0327503145339425
17,5,10.051124391237332,11.08563065626952
18,5,8.044253128949256,8.070200442326854
19,5,2.1134415067341976,5.988479089456332
20,5,1.079604007229822,7.086937024450334
21,5,9.875192666261244,10.021036429058514
22,5,8.94240743237021,1.1231104706085084
23,5,5.961506626460922,11.074413119614793
24,5,8.036820844437727,6.915261460684858
25,5,10.946681496421462,8.066298751315085
26,5,3.9412477051645025,1.0674048543384063
27,5,2.038000372696562,7.903622658629803
28,5,5.099965915172256,2.972587062483996
29,5,7.074314843557749,5.972523363704868
0,10,3.115271911364143,8.022284487136996
1,10,6.171595730399744,5.016531300389161
2,10,2.034635755741765,7.15202010311976
3,10,10.082162460484357,10.863543714862736
4,10,0,10.873656986728287
5,10,8.17304907315619,5.9792185084449985
6,10,7.912924183592504,0.9148544604462416
7,10,0.1616515068596589,3.880780050322838
8,10,10.85361018410051,6.014420832042952
9,10,8.038245410546121,4.149452043668441
10,10,3.100149196400416,9.085784238683159
11,10,11.878296162833012,0
12,10,11.113703628318532,1.950453603644305
13,10,5.080636589354575,6.833887023666494
14,10,5.929471272155942,3.8643412893695737
15,10,5.045708443650247,0.16874242486043364
16,10,3.1648882059747216,1.0446357747626946
17,10,10.070427169744145,11.117613664773836
18,10,8.076229473915415,8.119739123876816
19,10,2.1633013653549527,5.9837255316333495
20,10,1.1188981501002824,7.128074569914046
21,10,9.818955490203747,10.033523160397738
22,10,8.915245550597756,1.1816806794407273
23,10,5.94851130426986,11.099712527799221
24,10,8.050739423632741,6.881323684424468
25,10,10.908458160573872,8.11559178573755
26,10,3.903839650884908,1.110005230494212
27,10,2.0575348049849884,7.855446156546234
28,10,5.168854919216273,2.954602075329708
29,10,7.114367560536282,5.955853204799709
0,15,3.180280865380393,8.033344077390527
1,15,6.239418005286166,5.024042719082248
2,15,2.0457202895599598,7.200128197899483
3,15,10.036946238390184,10.837056609035308
4,15,0,10.822910272009002
5,15,8.234727623937802,5.972026792122273
6,15,7.869950015220224,0.8753411884856184
7,15,0.1789222025433299,3.8675045115761506
8,15,10.801032095415302,6.020369421408045
9,15,8.0548956510867,4.220815694254757
10,15,3.1365309632849807,9.117714510658878
11,15,11.838927029738324,0
12,15,11.041547830906111,1.9469564400115495
13,15,5.120048277707953,6.75536084196901
14,15,5.905382547664383,3.8192315205972056
15,15,5.061230478435352,0.22364150619394516
16,15,3.212597206309235,1.0572127976693126
17,15,10.115801538018625,11.192090787801714
18,15,8.097983244674051,8.154148228522924
19,15,2.2271773855568338,5.976834802389413
20,15,1.154692667106035,7.166417422525928
21,15,9.783811098534686,10.04163502295846
22,15,8.893517197915433,1.2276172453343666
23,15,5.926051156829717,11.143393242664539
24,15,8.0657552859508,6.842736553973251
25,15,10.873845771683163,8.158927478222568
26,15,3.8496419680747045,1.171020659819723
27,15,2.082677605077313,7.793509465031924
28,15,5.2091822616293015,2.9432850982602257
29,15,7.190122332462349,5.9214081905967495
0,20,3.2144406146029154,8.038835647238432
1,20,6.308329913911131,5.031522158168095
2,20,2.055831924626383,7.242878539895914
3,20,9.988167562380886,10.808714373522664
4,20,0,10.765389687800273
5,20,8.292608914473488,5.965693834715217
6,20,7.840871170974083,0.8469204089307864
7,20,0.23474124017005932,3.826064785703195
8,20,10.73674994032732,6.028539556842279
9,20,8.070432777215974,4.299022995592292
10,20,3.2004332463737803,9.174965148206875
11,20,11.789268588825564,0
12,20,10.988993689061365,1.9457643017701216
13,20,5.149141776099976,6.697027733401819
14,20,5.8816117439011,3.7745461632230253
15,20,5.071197422987246,0.2611580106114704
16,20,3.2355267071743743,1.0645639784422025
17,20,10.148590777556937,11.244882380820526
18,20,8.123686885765533,8.196679092203508
19,20,2.2844211959299643,5.971883669087231
20,20,1.1786465995845792,7.1920273729712925
21,20,9.71144392001508,10.060640834678317
22,20,8.879604620505132,1.2554091184469898
23,20,5.89276106336833,11.210430128392126
24,20,8.090089757714022,6.780270871608446
25,20,10.836418270152313,8.204402283902498
26,20,3.889450741240462,1.2093360313591495
27,20,2.092672206818694,7.767226036458615
28,20,5.258909764493909,2.9303084227287077
29,20,7.252320368206342,5.896008770808926
0,25,3.2744995551989984,8.048955131176145
1,25,6.33299074621334,5.034065019807496
2,25,2.069470567562676,7.301054316944755
3,25,9.935968280356345,10.778704102101479
4,25,0,10.706970733629927
5,25,8.340574806536276,5.960791043320138
6,25,7.805452006250675,0.8110958882203582
7,25,0.2800177518588355,3.790365571637406
8,25,10.68440169109396,6.035827643485173
9,25,8.079338212996902,4.353631846965906
10,25,3.235610730917155,9.207047187550486
11,25,11.748113060423181,0
12,25,10.943116426338158,1.9449074466765794
13,25,5.178341589932343,6.644478051529971
14,25,5.85790612348999,3.729713338454837
15,25,5.082209085542271,0.29870282148225274
16,25,3.264081150664634,1.0736084886608959
17,25,10.169363984842043,11.280170379172324
18,25,8.133833732120491,8.213278712966822
19,25,2.348283806345473,5.967282366407582
20,25,1.2452583903659604,7.2562520889999576
21,25,9.645996271194486,10.07798319810817
22,25,8.867080150789748,1.2819283594562874
23,25,5.869338640940073,11.257704348548227
24,25,8.107508488741184,6.7317640899198325
25,25,10.803137644715013,8.246718334215686
26,25,3.907002629236051,1.226051098858908
27,25,2.1196358258337202,7.700894256466143
28,25,5.305862878762937,2.916671416043702
29,25,7.307077292289416,5.874943227250903
0,30,3.3554543626928277,8.060855253302567
1,30,6.389141573763045,5.0386708942932685
2,30,2.0868204044921854,7.37153956680609
3,30,9.910148734841101,10.764704761205094
4,30,0,10.65377656085498
5,30,8.335601371023962,5.895833065487933
6,30,7.771722517399499,0.7782339561889371
7,30,0.3207943742782509,3.7561136356410283
8,30,10.645678855750559,6.040687298825837
9,30,8.085260972420519,4.391317817503721
10,30,3.2928804366371187,9.26144823678354
11,30,11.709992763379093,0
12,30,10.889113864153963,1.9431680216132357
13,30,5.196752787898291,6.608752501152725
14,30,5.829940589033817,3.6745461633494587
15,30,5.093932325860827,0.33891851178530624
16,30,3.3178017567710842,1.089978750795462
17,30,10.18462355665373,11.306113024672985
18,30,8.160339822054182,8.25583621556233
19,30,2.386247204553264,5.964601398557806
20,30,1.2817094010608543,7.291646644872378
21,30,9.589140329426176,10.09488018125538
22,30,8.850142582434938,1.320194899548313
23,30,5.842009588141504,11.310546473593847
24,30,8.124474825992838,6.688384517354116
25,30,10.776598319253194,8.280669265753112
26,30,3.9593617047104397,1.2747562955271745
27,30,2.1396259897969645,7.653206518012485
28,30,5.36706783479633,2.8989219375405035
29,30,7.334493217889189,5.864388367887211
0,35,3.433193035132729,8.074239944689317
1,35,6.448176338550196,5.042134319067129
2,35,2.0961551574557142,7.415890278429797
3,35,9.85913056636967,10.737057671582583
4,35,0,10.626079990855985
5,35,8.3291471415523,5.832324268072653
6,35,7.732878690450462,0.7405304306767286
7,35,0.37262425490207196,3.711617110565774
8,35,10.609219949788896,6.0455639293133405
9,35,8.09538216588181,4.454524348350622
10,35,3.341662442958136,9.308143538688494
11,35,11.67761973597961,0
12,35,10.83706059669544,1.9421730428225026
13,35,5.231334738550079,6.544227126647102
14,35,5.799900702447888,3.610503778129481
15,35,5.114793144709448,0.41407815190512376
16,35,3.3707209716211857,1.1061860378159156
17,35,10.217308197928656,11.36142455764022
18,35,8.188523753247349,8.299189321490113
19,35,2.449790209523805,5.957662535743387
20,35,1.3279247845295532,7.339747864302801
21,35,9.546535512264573,10.10626597730186
22,35,8.822530921933172,1.3868705258082354
23,35,5.778009450896878,11.276950863947793
24,35,8.140784546843632,6.647752200724062
25,35,10.736138358659169,8.333400917119755
26,35,3.9976952516694135,1.3095938666033278
27,35,2.163428735826032,7.594946496550016
28,35,5.399326237648723,2.8899457108903515
29,35,7.369747238312765,5.849996271179039
0,40,3.5063914765445037,8.084988106156334
1,40,6.487458756681165,5.043458120825712
2,40,2.1039535686005983,7.452474850543711
3,40,9.800241915146152,10.70401421810099
4,40,0,10.568733555048409
5,40,8.315522020416296,5.733501824519449
6,40,7.685881756413551,0.6930266217315932
7,40,0.3429229088751837,3.676655918164029
8,40,10.547957055942598,6.051919808662044
9,40,8.102445874435851,4.507366579576056
10,40,3.4053962113185516,9.36920264242158
11,40,11.6467801445449,0
12,40,10.786120808084307,1.9408977464149444
13,40,5.272950887852155,6.466519870083351
14,40,5.782461579060216,3.573102913446593
15,40,5.132976152683702,0.4827227577451765
16,40,3.420670784061265,1.1221524430474372
17,40,10.230220898791906,11.382608211307458
18,40,8.214517226704546,8.34076184019415
19,40,2.512725444824194,5.950771660754055
20,40,1.3536116291505047,7.365148477472084
21,40,9.526988760727424,10.11201196701119
22,40,8.804788129394094,1.430166314240804
23,40,5.709372915705525,11.240901682636684
24,40,8.163339823388204,6.595456065833984
25,40,10.704481600091706,8.374429198939435
26,40,4.044458238379775,1.3532498625283138
27,40,2.1873056034597442,7.533810252721531
28,40,5.4491034708474375,2.8761894113247126
29,40,7.406302360575167,5.834721335127909
0,45,3.5501566417312986,8.091239001951974
1,45,6.546227636163738,5.0439733518759065
2,45,2.1151573621988664,7.512536806467888
3,45,9.753444362775417,10.677600295475727
4,45,0,10.52569644876087
5,45,8.304528998140336,5.660496872587465
6,45,7.645093567253255,0.6523312566861262
7,45,0.3047597943843406,3.630070411284668
8,45,10.471488344049554,6.060740055772496
9,45,8.106459491804547,4.53419625617459
10,45,3.4425765573845895,9.405298797851211
11,45,11.589481452761856,0
12,45,10.729348677750636,1.9396790912566413
13,45,5.300575359263261,6.4162716813913745
14,45,5.755508508165498,3.5203644568815915
15,45,5.143740454183337,0.5220645642987537
16,45,3.477698720401756,1.1400249386468464
17,45,10.264746647866215,11.44254706763821
18,45,8.255857114108165,8.405370827234119
19,45,2.5545242123856386,5.946695718031605
20,45,1.409379215499942,7.421373375232977
21,45,9.460420090692104,10.130420713980275
22,45,8.78482248208243,1.479021022633156
23,45,5.671824822974085,11.221260483464095
24,45,8.182679443369102,6.550241579478986
25,45,10.677449673154237,8.413061421263635
26,45,4.0854133251190845,1.3906851047981992
27,45,2.204495134380705,7.490544619876494
28,45,5.51363643171885,2.8598744858790464
29,45,7.451293753118464,5.815267147530076
0,50,3.538796789961682,8.089429664543491
1,50,6.58565710871922,5.0452084975406875
2,50,2.121390715595427,7.5445123488062285
3,50,9.698491640880757,10.64755272718351
4,50,0,10.485015451265594
5,50,8.295064758775126,5.597525044601992
6,50,7.601068481344672,0.6071957421463479
7,50,0.2663455726378366,3.5825153809069348
8,50,10.413446972162552,6.066395037520995
9,50,8.113210369215338,4.576247980822762
10,50,3.4710982590718933,9.431902538307982
11,50,11.544055069818977,0
12,50,10.6975038477464,1.9395129260814612
13,50,5.256838261822367,6.392500460324679
14,50,5.725025950027649,3.4622563839907
15,50,5.166657888854127,0.5932953428262339
16,50,3.5267884823158226,1.1567868029435648
17,50,10.288696011325479,11.485048411688433
18,50,8.293005934606837,8.464957981016493
19,50,2.600645280142389,5.943114803906247
20,50,1.4703420496504822,7.3601330575974115
21,50,9.406074173421501,10.145443106792827
22,50,8.77227230922988,1.5100503467674127
23,50,5.634396012766832,11.202581406086592
24,50,8.20536061067547,6.492369299144039
25,50,10.651627379451147,8.448942009820003
26,50,4.129948731847665,1.43417196352275
27,50,2.2275183612980283,7.434429453194406
28,50,5.5382489191371524,2.85286152108422
29,50,7.506470377418444,5.791409528362641
0,55,3.610769291300728,8.102574903630968
1,55,6.649840797557489,5.046694038995138
2,55,2.1329552595139396,7.6091761241909115
3,55,9.634299405461713,10.613605985501476
4,55,0,10.449792302882992
5,55,8.288168068662499,5.548569407155778
6,55,7.559708289056774,0.565974267102771
7,55,0.22812876078084923,3.535992869919333
8,55,10.364483096114428,6.072394650796555
9,55,8.122863498761843,4.646492405632934
10,55,3.5198364332959122,9.478003934722043
11,55,11.486836015457094,0
12,55,10.654802991424864,1.9408959006644186
13,55,5.185266193422756,6.353782990127081
14,55,5.711440700958254,3.4364978342513424
15,55,5.17935511674679,0.6370443392711568
16,55,3.5767188892274495,1.1750626215958915
17,55,10.322701004187255,11.546722111494617
18,55,8.337395260257672,8.532302811291913
19,55,2.654541530730617,5.939017207330527
20,55,1.4918398916486004,7.3395417717429385
21,55,9.333233012245504,10.168664251211501
22,55,8.746670048313698,1.5693257423753308
23,55,5.580736066866078,11.178175734841057
24,55,8.225570257118635,6.439288830844426
25,55,10.616159514439897,8.49704865841116
26,55,4.168047563185335,1.4703532421182397
27,55,2.243259096398925,7.3973521950604715
28,55,5.588785677989838,2.8376957644268077
29,55,7.566776436325859,5.765412912816807
0,60,3.6630205646146696,8.110846174134885
1,60,6.728605094381697,5.048314376450424
2,60,2.1447407675225914,7.680355306463861
3,60,9.602065759882871,10.597444231601617
4,60,0,10.40448314436889
5,60,8.280501780281153,5.4933815426978105
6,60,7.516082444928187,0.5199738205710025
7,60,0.19508534743438005,3.494221154297695
8,60,10.304899379848722,6.078339765727762
9,60,8.132445412733892,4.713450442381386
10,60,3.5561332424705587,9.514537787767603
11,60,11.45022966352324,0
12,60,10.602848240901269,1.9424527292659175
13,60,5.131695654692321,6.3263817293529065
14,60,5.682417706193622,3.3837159401567005
15,60,5.1913058115559965,0.6823084228022778
16,60,3.6222965609850672,1.190376587445645
17,60,10.347406196275884,11.592986020449217
18,60,8.36803941663732,8.57947040191958
19,60,2.714363595569576,5.934249835704452
20,60,1.5337874574866905,7.296936624679861
21,60,9.27856072967885,10.185648630552567
22,60,8.725918836541174,1.6154627169201763
23,60,5.5463156542719485,11.161526835671056
24,60,8.246174787645176,6.384315250836866
25,60,10.598562128711068,8.520605221702187
26,60,4.209135291029763,1.5083419848863036
27,60,2.2619427673923496,7.354724459162694
28,60,5.643292757566921,2.820435754018887
29,60,7.627181794586859,5.740406406313219
0,65,3.7183411496347833,8.118408062206155
1,65,6.784168702120379,5.0479158503539185
2,65,2.1565655917945596,7.750287313720244
3,65,9.544751892737452,10.570226640483837
4,65,0,10.378095560456952
5,65,8.274027340451768,5.43324412345915
6,65,7.454444350057759,0.45439285161317905
7,65,0.15706950418087684,3.4477823776376684
8,65,10.251954483840596,6.083507046494298
9,65,8.1373289461622,4.752749013741796
10,65,3.591798540088806,9.550937138129989
11,65,11.380551749641766,0
12,65,10.534938587278672,1.9445202658984928
13,65,5.088419199102161,6.303372189242008
14,65,5.642731419703028,3.3129122119302856
15,65,5.206517081931337,0.7368025258688491
16,65,3.663784859587773,1.2043956589784905
17,65,10.372869682543845,11.644908330642464
18,65,8.402950699143515,8.631464714621332
19,65,2.7759507404681187,5.931593122366821
20,65,1.5661739013012774,7.2645714566086195
21,65,9.210505444600901,10.208534618522487
22,65,8.69901471506269,1.6726483425278693
23,65,5.517549892659314,11.14733949683497
24,65,8.262481718987429,6.340316951004805
25,65,10.578934266247424,8.548917182708808
26,65,4.25298568558048,1.5485017989630105
27,65,2.2052047210546126,7.329317745180544
28,65,5.700918442471983,2.8034190967017003
29,65,7.699918186992158,5.709758359306001
0,70,3.744563405130611,8.122291417741822
1,70,6.834208282943616,5.047843876326888
2,70,2.168089042681842,7.805944095607918
3,70,9.477605019279068,10.53901882703052
4,70,0,10.347899914374844
5,70,8.26908566727002,5.386988084833804
6,70,7.421647059370185,0.41933079182825767
7,70,0.11266295248809027,3.392970800963721
8,70,10.210044940747933,6.087934413662555
9,70,8.143907559010968,4.78962206112663
10,70,3.627254300547479,9.587829643382662
11,70,11.301920309632449,0
12,70,10.477961529425007,1.9441829482936008
13,70,5.04959158475824,6.282776404529731
14,70,5.6209195155288745,3.2758237911250583
15,70,5.222159470507991,0.7948734072626178
16,70,3.7252645743114576,1.2220766678642199
17,70,10.394007784758927,11.687538270380706
18,70,8.435825724731831,8.682135203629485
19,70,2.8303053704356813,5.928446330575502
20,70,1.6240979317201076,7.206263105337965
21,70,9.14696912525817,10.233317324315282
22,70,8.685697870887683,1.7004451344910863
23,70,5.489844826124398,11.133582203599104
24,70,8.278915538886016,6.29345706558368
25,70,10.54661391677512,8.593872274344458
26,70,4.297557299699294,1.591632082589241
27,70,2.1593341401869215,7.308677617055534
28,70,5.74264950212913,2.79084548966976
29,70,7.759427053393026,5.683907672969297
0,75,3.808477289046001,8.133739685747043
1,75,6.890243675558829,5.046078992306773
2,75,2.177906782715841,7.850750845920746
3,75,9.466987852456201,10.534308999157647
4,75,0,10.309793030313525
5,75,8.265199707318608,5.345460579681855
6,75,7.396171564095228,0.3925152214165804
7,75,0.08190496330634532,3.3551733642186625
8,75,10.180918127223231,6.091188641054711
9,75,8.152244007884063,4.836695497443626
10,75,3.6632378786990274,9.62477413902918
11,75,11.262216962944382,0
12,75,10.431059235062218,1.9442183780663476
13,75,4.989777363324747,6.251221850995535
14,75,5.588447725046158,3.2246625557486337
15,75,5.231098220553945,0.8297776145275546
16,75,3.7760995258541,1.2372443561973478
17,75,10.415850491147118,11.731754949672975
18,75,8.46956079096196,8.731521551702842
19,75,2.8855514938326228,5.924269959744771
20,75,1.6623789968542675,7.166725156049321
21,75,9.078863727692369,10.258809365431489
22,75,8.652316542531361,1.7719818718701998
23,75,5.44165085100613,11.108101821838527
24,75,8.28992028461255,6.2607719597151315
25,75,10.519184001634736,8.629995895104937
26,75,4.325357971978106,1.6187941030241548
27,75,2.095230910996351,7.2780012067550715
28,75,5.7773441046210925,2.7805558767911234
29,75,7.810563498331656,5.661737588311764
0,80,3.8497250990619833,8.140970329433538
1,80,6.941292643090369,5.044020289837796
2,80,2.1917255580299573,7.916815717720591
3,80,9.415288798890083,10.5105296142298
4,80,0,10.273060168742658
5,80,8.260700730945299,5.300305365078674
6,80,7.35811265669113,0.35191296917087095
7,80,0.041020011223449934,3.3876989090395324
8,80,10.145233599249575,6.094836476438276
9,80,8.16308674611668,4.895875751213691
10,80,3.7044347080221023,9.66776538450085
11,80,11.232623677436187,0
12,80,10.374886224937487,1.9453142780419124
13,80,4.929347378007517,6.219392599661388
14,80,5.553554115950237,3.170892353379374
15,80,5.241890906137709,0.8742170748784741
16,80,3.807849522996605,1.24604691075424
17,80,10.439939854201096,11.779418753312555
18,80,8.492395511614209,8.765251314465132
19,80,2.9507727658529865,5.918175447054441
20,80,1.7191104853732675,7.106581241630915
21,80,9.038359543063871,10.275693065170016
22,80,8.6217120814834,1.8393894389487413
23,80,5.386724427082684,11.079349516372613
24,80,8.307716054159243,6.207913883749009
25,80,10.47823937249123,8.682896050043423
26,80,4.365328703711631,1.6576737125057976
27,80,2.0554049606117077,7.257021527903371
28,80,5.813597542688691,2.769747889345347
29,80,7.8793118800467985,5.634572163880808
0,85,3.876409239115838,8.14565270500401
1,85,6.981566711899491,5.042447257839329
2,85,2.201308165988217,7.967852716218476
3,85,9.363462049071416,10.485755984437583
4,85,0,10.239251068387711
5,85,8.257400800996715,5.258770815976358
6,85,7.3228805666904035,0.316467540377794
7,85,0.010302374217738237,3.412239368747067
8,85,10.100013268897749,6.098619715937897
9,85,8.173169912534984,4.949079759029139
10,85,3.75788216891556,9.720519444788986
11,85,11.186959028702892,0
12,85,10.317752971341665,1.9465587873409789
13,85,4.886553129155064,6.197793777759734
14,85,5.618048113870253,3.1275887164910845
15,85,5.251728541431495,0.9101046927920721
16,85,3.8441516209903352,1.255982131845106
17,85,10.475252242308802,11.843379953161875
18,85,8.529087721696122,8.81915404063328
19,85,3.0131222195975265,5.910943485963188
20,85,1.7413280676442056,7.082105432052544
21,85,8.97052716841603,10.302808176713684
22,85,8.610252908184695,1.8652163808092337
23,85,5.344333071451696,11.056274995739136
24,85,8.319771138158046,6.167497529326408
25,85,10.45062061021748,8.715912565601434
26,85,4.400947059530012,1.692536170749858
27,85,2.0214782745086652,7.239175115402819
28,85,5.868377230398816,2.7526755756554597
29,85,7.905116583580765,5.62470792248986
0,90,3.966555988046727,8.162703606716343
1,90,7.012093727926679,5.041101426588463
2,90,2.2113909516427475,8.021239107072029
3,90,9.346561718584896,10.477609463722429
4,90,0,10.191378049070371
5,90,8.251328299079928,5.2045163658497895
6,90,7.286590107970837,0.27944251874753645
7,90,0,3.4484534135131364
8,90,10.018958111287143,6.106180134177703
9,90,8.182769353867869,5.002707361110297
10,90,3.7826916682161125,9.74538825379915
11,90,11.152325727916926,0
12,90,10.246520572133727,1.9498051019737577
13,90,4.8367109395824635,6.173136118640658
14,90,5.664252378054636,3.097675956205811
15,90,5.265958291859745,0.961744337243251
16,90,3.897939776672786,1.2695838875514553
17,90,10.504852054067756,11.897151716713283
18,90,8.562059913249104,8.865511111844102
19,90,3.0738221791642095,5.903796109494927
20,90,1.7692739465383802,7.052406222431234
21,90,8.921025461991794,10.324006647842294
22,90,8.593496199396286,1.9057963510916547
23,90,5.291432566501847,11.026476369283579
24,90,8.336190204817221,6.113372609832252
25,90,10.409703414663422,8.765833205572154
26,90,4.434826623890377,1.7252397117217735
27,90,1.9737012245859398,7.214521812977153
28,90,5.92469162969553,2.736033399791881
29,90,7.949689982583966,5.608547199923828
0,95,4.014345158850203,8.172113224276144
1,95,7.082159471534404,5.035552981960984
2,95,2.2189168177367207,8.064009875596138
3,95,9.2701527458081,10.440504934444101
4,95,0,10.141878090946346
5,95,8.246584823188698,5.162741875752256
6,95,7.252396811033237,0.24389398492583633
7,95,0,3.4847600670269387
8,95,9.953992026744798,6.111808057111302
9,95,8.192384191777888,5.053579178176259
10,95,3.834425246145409,9.796483241448707
11,95,11.108548554667722,0
12,95,10.199185850663081,1.9538348718927037
13,95,4.805402771493846,6.157622687341548
14,95,5.69217670981348,3.1426848325318675
15,95,5.280117706969811,1.023476040648153
16,95,3.9442490181800887,1.2802150295972252
17,95,10.530929023117011,11.943282782473911
18,95,8.607324414961319,8.932051865503103
19,95,3.1171542853998373,5.898495859214268
20,95,1.8096127698404418,7.009727034291565
21,95,8.895734835125795,10.3347622563474
22,95,8.574163562195215,1.955512582628347
23,95,5.248707272170359,11.00379149115457
24,95,8.351058396213146,6.064257828720562
25,95,10.359407189920137,8.822494033495499
26,95,4.468019217435275,1.758617030944962
27,95,1.9414130038866553,7.197587562491077
28,95,5.9729216076521645,2.7209499616504416
29,95,8.01749478429067,5.585337885092872
0,100,4.037724089068703,8.176609084360793
1,100,7.087528504996595,5.108953005801595
2,100,2.2316550715184738,8.132419482233352
3,100,9.20893503175014,10.412534216427433
4,100,0,10.087949753713934
5,100,8.240658112207953,5.112297457833228
6,100,7.223788678800576,0.2151681308152787
7,100,0,3.5239622410392726
8,100,9.912675395097716,6.115284775002465
9,100,8.207351472674448,5.139828502682195
10,100,3.891325293019377,9.855441323526557
11,100,11.066947483256461,0
12,100,10.202221084038035,1.9849505205764204
13,100,4.7639701995375505,6.137893773988548
14,100,5.697093781143158,3.150526328317757
15,100,5.291903827643554,1.0774459078341267
16,100,3.985316394935065,1.2898681819614664
17,100,10.551295078714013,11.978309281506265
18,100,8.632316002109128,8.967667251632708
19,100,3.173195663513818,5.890315826916002
20,100,1.8455255934131303,6.970607813915654
21,100,8.849771116290409,10.354380156801449
22,100,8.552295501815632,2.0074364716480937
23,100,5.189659092976662,10.969150608984288
24,100,8.367886370372474,6.007367723955575
25,100,10.31997505377133,8.867290713833173
26,100,4.520837134211934,1.8071341674663224
27,100,1.886075302764764,7.169145508912621
28,100,6.024885123273798,2.706214376602326
29,100,8.071513961591874,5.566364703203122
0,105,4.081117365405522,8.184830173162789
1,105,7.091234426618986,5.153162345163592
2,105,2.2431458102162396,8.19251772284501
3,105,9.174393173039302,10.39593380391521
4,105,0,10.03970878002428
5,105,8.235897495591644,5.058803558039546
6,105,7.188354992222385,0.18047262769005584
7,105,0,3.5555699320568146
8,105,9.835846584541468,6.124927102322502
9,105,8.21672728025437,5.18754652090917
10,105,3.923404881602461,9.888233677954345
11,105,11.015386786542745,0
12,105,10.250269317396649,1.9811239844723458
13,105,4.724732411919145,6.118592842897208
14,105,5.717815584963441,3.183706443750156
15,105,5.308842768620161,1.1435246971634903
16,105,4.041389375481216,1.3022818717308102
17,105,10.576885001985692,12
18,105,8.675109080129678,9.028968898950973
19,105,3.2203369047312345,5.884172884497503
20,105,1.8711708531154585,6.941396969833116
21,105,8.787189865972179,10.382811194272676
22,105,8.529282288956654,2.062350381721374
23,105,5.136076419563258,10.940010198563181
24,105,8.381037255134483,5.962436519669569
25,105,10.300850598787163,8.889118550492402
26,105,4.584020347310635,1.8627906913320766
27,105,1.810301341763004,7.132707068613516
28,105,6.085430672436005,2.689723623745536
29,105,8.147375815789484,5.541263168385843
0,110,4.146638643046345,8.196457746609763
1,110,7.093574215822711,5.200082661022242
2,110,2.2499529279978674,8.236234944794472
3,110,9.10371072890288,10.358197805387789
4,110,0,10.011956458550051
5,110,8.227773419047013,4.985627306447002
6,110,7.129978139298864,0.12253472989464496
7,110,0,3.606584075999307
8,110,9.777811063109544,6.132305739762581
9,110,8.225791887089915,5.2444585064702745
10,110,3.961215331793328,9.925422544130312
11,110,10.963628329715606,0
12,110,10.302996100122854,1.9770253305201646
13,110,4.661360464044294,6.0871518464408965
14,110,5.744160505911978,3.2226873551375275
15,110,5.322990482289005,1.2020135902368507
16,110,4.093374626660314,1.313033927975797
17,110,10.61979516915105,12
18,110,8.733183771557046,9.114116933948537
19,110,3.2739317169146065,5.877316435330701
20,110,1.9014283336489355,6.9069644400227
21,110,8.739554515591092,10.405078083585812
22,110,8.518027210098433,2.0893823788817536
23,110,5.101928139187813,10.920517957199223
24,110,8.39949952969586,5.897934966946593
25,110,10.248250498996509,8.94924296319961
26,110,4.6213130093178645,1.8951689641258744
27,110,1.7832731113518567,7.11959271996149
28,110,6.148761227909114,2.6736402163792774
29,110,8.186755056144902,5.527440106632921
0,115,4.185393045492449,8.204145212974613
1,115,7.098159592017361,5.260195782334797
2,115,2.259541988579703,8.295171301948557
3,115,9.045370825990513,10.327697826425759
4,115,0,9.968591239921592
5,115,8.221445809791913,4.9316689842932915
6,115,7.085317178118669,0.07740906303967529
7,115,0,3.656783813492539
8,115,9.742478686079187,6.136261759698136
9,115,8.233303079393787,5.299312673895994
10,115,4.0022840871633765,9.965764150513595
11,115,10.93713624428128,0
12,115,10.340433092248766,1.973560119020637
13,115,4.589974049170411,6.051987600997896
14,115,5.780905016636842,3.276769434146906
15,115,5.329934617298519,1.2317872218639405
16,115,4.146394938506137,1.3245427647202435
17,115,10.642685636557818,12
18,115,8.758348141401056,9.14995281495426
19,115,3.329786937195974,5.871692400344669
20,115,1.9533146574207283,6.848677442389321
21,115,8.668902256873556,10.436204407746164
22,115,8.500900486625138,2.135689649271245
23,115,5.057584537109832,10.895567690271582
24,115,8.42009519027693,5.827683708766455
25,115,10.20609087171763,8.997565640796234
26,115,4.660042308258153,1.9260587624828194
27,115,1.749299728442508,7.103665960727882
28,115,6.217190622539656,2.6547249676222755
29,115,8.224067056179567,5.514897608687191
0,120,4.225259224435589,8.213057873575517
1,120,7.103821176523683,5.3299261888361755
2,120,2.2654657901708317,8.34091980718144
3,120,9.016460378298014,10.313290907613743
4,120,0,9.919141500903056
5,120,8.213262331743373,4.857023591950067
6,120,7.043291010322491,0.03445130629824702
7,120,0,3.696878580448207
8,120,9.654785968988394,6.148667908217646
9,120,8.244884880792052,5.367610046262328
10,120,4.03497508316306,9.99822958820264
11,120,10.889262490053357,0
12,120,10.383048581420853,1.9697897351867768
13,120,4.533035218535178,6.026794520239822
14,120,5.803532056125176,3.311409031444476
15,120,5.342290876461145,1.2787955896801981
16,120,4.183486395049427,1.3318907301376557
17,120,10.659722565015588,12
18,120,8.795691928318986,9.204668099610958
19,120,3.392993490697926,5.863968091389311
20,120,1.9874502613022509,6.812074681890691
21,120,8.614059087607576,10.461220105620422
22,120,8.473614966323652,2.208451421351716
23,120,5.006587489447312,10.86552542413736
24,120,8.436258154452716,5.76888304505493
25,120,10.174285839295749,9.034166908442195
26,120,4.703697370278224,1.9630333510845772
27,120,1.675827638622797,7.069145009545772
28,120,6.276882380261526,2.637425374349045
29,120,8.285704475306208,5.493905225435798
0,125,4.2729503091914784,8.22332728421828
1,125,7.106656013315708,5.380349028420198
2,125,2.277650594774653,8.427325331532924
3,125,8.976681103150431,10.293927651135041
4,125,0,9.8757323394426
5,125,8.206079572199211,4.78318975568409
6,125,7.001373700830695,0
7,125,0,3.7321259777286793
8,125,9.601628741436494,6.156988678510783
9,125,8.255173761901519,5.429560077633055
10,125,4.069718595480922,10.033961784672297
11,125,10.86703704909404,0
12,125,10.451207212699977,1.9639767551283014
13,125,4.461416989996427,5.992058565570757
14,125,5.824074469532042,3.342926240070838
15,125,5.351774879127608,1.3242502761346817
16,125,4.243303666658037,1.3442961150784005
17,125,10.688568466868743,12
18,125,8.829491766720073,9.251861446709237
19,125,3.436680665314828,5.859871145842482
20,125,2.0244153222933607,6.77324445303693
21,125,8.549236171594455,10.492329812288814
22,125,8.45488993554187,2.2550404253194407
23,125,4.956901948230381,10.837152114489973
24,125,8.453476729775993,5.696543726289817
25,125,10.14951568065565,9.063331587620427
26,125,4.736325279111877,1.9901297714150712
27,125,1.6156188891828238,7.041949705818158
28,125,6.327270925996071,2.6226775605993335
29,125,8.326571367400737,5.480254661351332
0,130,4.322706026968835,8.234392329529648
1,130,7.109082126699176,5.446112847209771
2,130,2.2876608205681173,8.500888963509507
3,130,8.892588605662576,10.25215142335937
4,130,0,9.827423065643147
5,130,8.202442217437621,4.730346696179278
6,130,6.973372150549649,0
7,130,0,3.7811559523045037
8,130,9.558174389416825,6.164578712862917
9,130,8.265426678946683,5.4928717632092985
10,130,4.140036732318178,10.11030496472138
11,130,10.847534084823657,0
12,130,10.547174106488596,1.9543167086411506
13,130,4.412757049458317,5.968491908671896
14,130,5.849547876823552,3.3846989267786447
15,130,5.361075201968301,1.3690173739276925
16,130,4.314563913584912,1.3582864517052164
17,130,10.720348207825873,12
18,130,8.860090805663699,9.295766886967886
19,130,3.5052683625748315,5.853649568049813
20,130,2.0660824712880146,6.728538209086504
21,130,8.506864219860155,10.512452908331095
22,130,8.440514067515481,2.2911028963926463
23,130,4.903219296832851,10.805599530158991
24,130,8.460908027742473,5.66381102115192
25,130,10.109377652011704,9.1122834823326
26,130,4.77420630284421,2.022298317580816
27,130,1.5734797806430012,7.023716991970746
28,130,6.381644145330214,2.6067793452402013
29,130,8.405425150085257,5.451865896144475
0,135,4.349468827691363,8.240223966358267
1,135,7.112327899843769,5.506676283744568
2,135,2.2937607024976576,8.544650757137557
3,135,8.835673648827017,10.227216595061549
4,135,0,9.774456144221052
5,135,8.197739547972134,4.665956051792453
6,135,6.9274033514525595,0
7,135,0,3.7982737900725416
8,135,9.503517404016044,6.1730689822014755
9,135,8.276166811811962,5.563596614119847
10,135,4.155413074122009,10.126811714889024
11,135,10.80679937933941,0
12,135,10.620894351860205,1.9482812652043993
13,135,4.360764588369717,5.942629167035171
14,135,5.8873333587680134,3.442652870442285
15,135,5.369383684794332,1.4111295082822788
16,135,4.365667089032501,1.3674348272911805
17,135,10.746842599179072,12
18,135,8.904917324919182,9.359099707399617
19,135,3.589342510833705,5.844529460615004
20,135,2.1201068208123264,6.671823318535216
21,135,8.47036789694744,10.529415479621996
22,135,8.417339727768228,2.3528104321329737
23,135,4.851877931267512,10.77657387914604
24,135,8.473675956547174,5.6146014015397965
25,135,10.07753878322181,9.15460440430086
26,135,4.824240514737688,2.0655191226859286
27,135,1.512013504672045,6.993745628962369
28,135,6.455745152980959,2.586550524088772
29,135,8.446660890828584,5.436153085638726
0,140,4.413887868187816,8.254813630287122
1,140,7.116617811130494,5.5667222549941275
2,140,2.2977969403530403,8.578164146368314
3,140,8.803927429807503,10.214507999239395
4,140,0,9.753314936161798
5,140,8.19241693202252,4.595870340920232
6,140,6.879048894135706,0
7,140,0,3.8468887216696466
8,140,9.451529859201575,6.1813304676904455
9,140,8.284211590053387,5.6102405697812925
10,140,4.195702374439378,10.169068974839723
11,140,10.784622343566351,0
12,140,10.67161681754894,1.9441299533714522
13,140,4.297251338737077,5.912554072338615
14,140,5.919346146394262,3.490873902763586
15,140,5.378160823615242,1.4583367213904461
16,140,4.4310690162364725,1.3790164208594233
17,140,10.787847806982617,12
18,140,8.927383168480729,9.389098149058832
19,140,3.637897012963339,5.838450963022733
20,140,2.1603420952863757,6.629701578196422
21,140,8.413375374061406,10.558031677447147
22,140,8.400308652007016,2.3976233358009655
23,140,4.794517575159778,10.74517811631437
24,140,8.48512460383899,5.570451592557786
25,140,10.039089377864231,9.20592939686934
26,140,4.851485622971558,2.0895005995545253
27,140,1.4561251495949057,6.968555439707861
28,140,6.518462157342442,2.5703196730921647
29,140,8.514715613710846,5.408826100643639
0,145,4.465518594704779,8.267922208014967
1,145,7.118369028932473,5.617617707860309
2,145,2.3053925121315313,8.643787203692817
3,145,8.760470777421355,10.198241929188622
4,145,0,9.724369721438409
5,145,8.19072088732277,4.554744046220631
6,145,6.851375198035081,0
7,145,0,3.8887134872474873
8,145,9.413675334429083,6.186789143304439
9,145,8.291613925600913,5.654940829560366
10,145,4.223972104144809,10.198485697855647
11,145,10.760687285896573,0
12,145,10.722381932482396,1.9394153538356889
13,145,4.255391075674782,5.892392068328018
14,145,5.958977534661646,3.5521352726491355
15,145,5.389543804372624,1.51512419632931
16,145,4.474242698812646,1.3856174877307297
17,145,10.815363552107907,12
18,145,8.953715011170361,9.424275741295755
19,145,3.7013839450393684,5.829094828461697
20,145,2.1991531401968687,6.588989085406114
21,145,8.371947981737973,10.577976384794352
22,145,8.39147938560135,2.4221338395187675
23,145,4.753201373974897,10.722310132769348
24,145,8.49806093931365,5.519503138531892
25,145,10.012001733103537,9.2432122125987
26,145,4.902315624791405,2.1344330239553795
27,145,1.3955079134492472,6.941407152755874
28,145,6.5760381528792395,2.5557180636135257
29,145,8.545681811018468,5.396130975941634
0,150,4.4862923382105855,8.273218463092308
1,150,7.119165756218268,5.657404325184887
2,150,2.3120679126566746,8.715045102234175
3,150,8.726624590223649,10.18567404368867
4,150,0,9.690972862736238
5,150,8.188223850101725,4.501616558409767
6,150,6.819252367694927,0
7,150,0,3.9221113481589565
8,150,9.343685270366272,6.198346091484208
9,150,8.298926597597523,5.701463350399146
10,150,4.270794198202787,10.247106215271918
11,150,10.707211220895601,0
12,150,10.79493919980566,1.9323714481099519
13,150,4.197937231617107,5.865413614640929
14,150,5.996429749051609,3.6121307155676123
15,150,5.40258833933248,1.581509942070757
16,150,4.53264322226618,1.3924882575710777
17,150,10.843540415494392,12
18,150,8.996257477850506,9.482095497649906
19,150,3.751995280231272,5.821387864607812
20,150,2.22871929231164,6.5566927548668
21,150,8.314447820167738,10.602470076517912
22,150,8.365577463609185,2.494070154542858
23,150,4.718557170513294,10.70333964111769
24,150,8.51033152666692,5.47465775777996
25,150,9.972135053694359,9.295742429134139
26,150,4.946265928620105,2.1719817293252586
27,150,1.3499635138170047,6.918887727165764
28,150,6.652435133038726,2.5353127408004057
29,150,8.61106236246894,5.36877183383755
0,155,4.549974344302041,8.289736798695925
1,155,7.119314715132055,5.706817247937278
2,155,2.317171620783587,8.76538702666431
3,155,8.659389536387625,10.158701941504384
4,155,0,9.641134307936676
5,155,8.18509800206945,4.443677708286249
6,155,6.7815099205174425,0
7,155,0,3.9554571197708004
8,155,9.293283820722621,6.206977131173175
9,155,8.305043651017227,5.742915115186276
10,155,4.317311636775305,10.29501483793814
11,155,10.656153062851008,0
12,155,10.829958669067649,1.9292086654786655
13,155,4.143473977131359,5.840193956825805
14,155,6.016859354681737,3.645340189177068
15,155,5.409268542840835,1.6226499098033884
16,155,4.584065985001717,1.3995834341851658
17,155,10.87780063075088,12
18,155,9.02742776149493,9.527625963481029
19,155,3.816583610454861,5.812118570776808
20,155,2.2729449389878393,6.507942063116414
21,155,8.251611635583913,10.62901789255629
22,155,8.340488691116727,2.5632445357054596
23,155,4.678954460787028,10.68091964881628
24,155,8.524585420503257,5.41902947808903
25,155,9.926038598780528,9.354978513098622
26,155,4.987959597420413,2.2068818577005707
27,155,1.290944906330829,6.890260002046467
28,155,6.724611766054908,2.516014824442603
29,155,8.659200856084134,5.346451388650584
0,160,4.625172275691188,8.3090014239961
1,160,7.118951374858125,5.744787775290149
2,160,2.3247488533422476,8.825859605142956
3,160,8.599108068544448,10.133938230048457
4,160,0,9.610561324317786
5,160,8.184031619442086,4.396457915439935
6,160,6.734530330265732,0
7,160,0,4.006490927638872
8,160,9.243763106468684,6.214425257890474
9,160,8.313396504656751,5.803287750273769
10,160,4.346613340804262,10.324207994600583
11,160,10.603576130228907,0
12,160,10.8825368975839,1.9242505979015294
13,160,4.089223922932881,5.813872887531816
14,160,6.048694709113196,3.6934238172604044
15,160,5.420511284090423,1.694521999403971
16,160,4.620877959806911,1.4049881060453826
17,160,10.915081692951478,12
18,160,9.070121184036342,9.58882820230539
19,160,3.864970181363301,5.8057530762301255
20,160,2.3188813989334145,6.4594967577987665
21,160,8.20587585682827,10.647439766273674
22,160,8.322198905371032,2.6137253628386454
23,160,4.636986501324956,10.65797324315282
24,160,8.530396319781584,5.395886807040642
25,160,9.880751338956696,9.41691735913635
26,160,4.941602424882787,2.260736779071505
27,160,1.2348689202429206,6.861309737976241
28,160,6.773255532477845,2.502350026752114
29,160,8.715960842232604,5.319178364686348
0,165,4.716687775660448,8.330115304746613
1,165,7.117988959413933,5.780929713730576
2,165,2.330984798301416,8.891878371333243
3,165,8.536324213941564,10.109314039472437
4,165,0,9.557785682607362
5,165,8.18074860818124,4.333734355804073
6,165,6.691817919944003,0
7,165,0,4.043273212226417
8,165,9.201797932907631,6.222258076128324
9,165,8.319647307398922,5.856660096208218
10,165,4.385808036090488,10.363397238754693
11,165,10.555541148064352,0
12,165,10.960146510712503,1.916449508104825
13,165,4.0218976438056675,5.784381256909912
14,165,6.085990538523413,3.7511376564650663
15,165,5.429884436711141,1.7423815048401634
16,165,4.6493844520957355,1.4097083392714547
17,165,10.960563482582366,12
18,165,9.098285478166632,9.628557593709807
19,165,3.912336199266043,5.79991449079763
20,165,2.3590209092686956,6.416671039675326
21,165,8.132301858358048,10.675671037836455
22,165,8.306844046114263,2.655758195375552
23,165,4.576749199810671,10.624841077454287
24,165,8.545789604815102,5.339069205854399
25,165,9.840755507865602,9.472540053815413
26,165,4.915429525162458,2.292674459236408
27,165,1.197479094446165,6.842741779236279
28,165,6.8379766627538,2.4851487861163615
29,165,8.750858127895352,5.303332491587711
0,170,4.757651953853189,8.339344402491813
1,170,7.1173054365305335,5.820901994706708
2,170,2.3374014764178956,8.953740587342528
3,170,8.482882817039904,10.086665279736648
4,170,0,9.502793137611016
5,170,8.176087375520401,4.271398657479901
6,170,6.647738967262276,0
7,170,0,4.068455264201055
8,170,9.133009583118016,6.23552925327218
9,170,8.323525728730834,5.891647299790606
10,170,4.429295295533322,10.409329778893563
11,170,10.5254662596332,0
12,170,11.016912928823833,1.910734169219588
13,170,3.9541215368274263,5.754501733233433
14,170,6.119182741008529,3.8018391643635865
15,170,5.442241251167889,1.806024791384817
16,170,4.717648819767205,1.4219734828179855
17,170,10.989454024169401,12
18,170,9.119979406299219,9.660831112978164
19,170,3.9573243042388047,5.795258457401007
20,170,2.3877041730168713,6.386841004049905
21,170,8.093199682742256,10.692161170365996
22,170,8.23947249521405,2.6305795760331905
23,170,4.548910378016442,10.609962859663582
24,170,8.563545803554451,5.2737200204848875
25,170,9.80693663496839,9.518357203729593
26,170,4.885856007158073,2.327434132839894
27,170,1.1556093922192865,6.8212255091104685
28,170,6.914032411051788,2.4639726473216066
29,170,8.809170170527077,5.275760838878555
0,175,4.7810643141078035,8.344583700506004
1,175,7.115259993023092,5.8962540562432535
2,175,2.3410974243058593,8.988552144281297
3,175,8.42932058232675,10.064792172623415
4,175,0,9.466339661895425
5,175,8.17008853897261,4.217263013332955
6,175,6.605032427505652,0
7,175,0,4.091546953535988
8,175,9.082278027560061,6.243773264325982
9,175,8.329270436630498,5.95168577123444
10,175,4.457614567369764,10.436627280685796
11,175,10.488733627983173,0
12,175,11.089147611406222,1.9042144912259777
13,175,3.9004622390423354,5.7313281333264205
14,175,6.1587592741044075,3.8655652224326036
15,175,5.452776756386213,1.8600576872650472
16,175,4.7587090173548185,1.4300981745367065
17,175,11.010305611320465,12
18,175,9.156863547541619,9.718991085795745
19,175,4.0263124703730915,5.7883610244878385
20,175,2.4290137674170964,6.343323104108851
21,175,8.046543193038769,10.711232671274448
22,175,8.181193003692673,2.6088441331310372
23,175,4.520744344156652,10.594902448291982
24,175,8.57999413025958,5.21291327049585
25,175,9.7748847707552,9.562699226974994
26,175,4.861012901529857,2.3573615683731735
27,175,1.1249261927838239,6.881657545597826
28,175,6.960640234058062,2.451365285058931
29,175,8.852105705555392,5.256276450623218
0,180,4.83524635126975,8.357178613054105
1,180,7.113213519472499,5.9589321925130925
2,180,2.346896421838175,9.036562727689573
3,180,8.37879725923538,10.04374530148502
4,180,0,9.405933777995536
5,180,8.164290118239673,4.164804060357219
6,180,6.562553031799325,0
7,180,0,4.135862544575714
8,180,9.022260496677749,6.253056596047264
9,180,8.332135399991971,5.990548202065889
10,180,4.5097371235520285,10.48454374953588
11,180,10.444125716812136,0
12,180,11.167139832566889,1.896691018189248
13,180,3.821019215829474,5.69678802133989
14,180,6.186746260343966,3.9142324297632203
15,180,5.464621364889066,1.9218872908605789
16,180,4.812215437213022,1.4420047645721499
17,180,11.035400336005509,12
18,180,9.190518752701266,9.768592187474255
19,180,4.112105268792537,5.779785935309175
20,180,2.468447582467533,6.299604203942927
21,180,7.999903689672158,10.73134272464636
22,180,8.11669477495746,2.5849695925191685
23,180,4.485548911880875,10.576780273953347
24,180,8.595054650910754,5.1559174015982565
25,180,9.740376055376737,9.610995496064575
26,180,4.837916289390238,2.3858612925653544
27,180,1.0899918640472865,6.947937228785957
28,180,7.029267373026913,2.430434151749157
29,180,8.911755666647476,5.230757275979444
0,185,4.9117108175045034,8.374395518430987
1,185,7.111798850364848,6.0082293439182335
2,185,2.3525042896878787,9.091414934261186
3,185,8.327479766531864,10.023197829799294
4,185,0,9.362038309552473
5,185,8.15497420489518,4.083478743878317
6,185,6.510618428148918,0
7,185,0,4.170210845527697
8,185,8.981394261319915,6.257477170797041
9,185,8.336861042546591,6.05129585414747
10,185,4.548150428847692,10.520331420912155
11,185,10.390975418617394,0
12,185,11.224786190597449,1.8911126992472977
13,185,3.759083194190464,5.671025985664184
14,185,6.203428305611851,3.942280930582053
15,185,5.474742662599285,1.982827569768004
16,185,4.861093105684737,1.4524019734022304
17,185,11.06690305712086,12
18,185,9.209572807836782,9.798606216444012
19,185,4.180806559212703,5.770652610827442
20,185,2.5131599163028246,6.249513771498185
21,185,7.954357697468895,10.750345225098917
22,185,8.052988391813992,2.561326009069301
23,185,4.445775394168628,10.555699217618988
24,185,8.606085307555544,5.1080505263339875
25,185,9.691698690327168,9.675575762987132
26,185,4.7905133682987175,2.439685767045841
27,185,1.0600718949746017,7.003950453919254
28,185,7.085886692213927,2.4130304256753403
29,185,8.969363449839083,5.206561584551154
0,190,4.962722597271838,8.384868861168725
1,190,7.109617126559423,6.057626965696669
2,190,2.357092678141613,9.136314672583607
3,190,8.287305790666657,10.005852097764702
4,190,0,9.317535946955807
5,190,8.149542909720115,4.036445868123249
6,190,6.479837684309955,0
7,190,0,4.210924964590754
8,190,8.931027611736345,6.264494430533157
9,190,8.34107866371308,6.1154516248732955
10,190,4.598145170965909,10.567143641739506
11,190,10.358382810802869,0
12,190,11.289004793764988,1.8848298004396509
13,190,3.7110935233406845,5.649173177320112
14,190,6.241147113139767,4.005785631146775
15,190,5.4849284096344855,2.0309063763206896
16,190,4.8741089606598464,1.4555773391535871
17,190,11.099811496436981,12
18,190,9.23693955810733,9.841090460182658
19,190,4.2241551964455315,5.765488514619029
20,190,2.552856130405947,6.204913559442435
21,190,7.8930281585850315,10.77665589477661
22,190,8.010498450378385,2.5449388954314895
23,190,4.403110472333905,10.532333474303275
24,190,8.615488722558826,5.070936097838629
25,190,9.643268334418213,9.741916747626
26,190,4.737753673203718,2.498460947515252
27,190,1.029819326392345,7.060651054545217
28,190,7.147827840143994,2.3942270736934943
29,190,9.028177860532374,5.183226297138926
0,195,5.03761816794051,8.40217122620559
1,195,7.106488175727035,6.122467732788569
2,195,2.364152837289229,9.193365945743361
3,195,8.229686549220588,9.980795132849526
4,195,0,9.279806883313103
5,195,8.141467475601361,3.9597430292876767
6,195,6.453734404634151,0
7,195,0,4.255696479535889
8,195,8.882255958313237,6.269940173563073
9,195,8.34328847660967,6.153731661246267
10,195,4.661091618093068,10.626136337000519
11,195,10.337760008603261,0
12,195,11.356560250604037,1.8780960490918823
13,195,3.6704095276096367,5.630121392724782
14,195,6.2742391466623175,4.061212013018896
15,195,5.494029639461281,2.0817955040655276
16,195,4.933337387599014,1.4718823789552502
17,195,11.139449575976942,12
18,195,9.267909767282672,9.887320712485488
19,195,4.285877101007427,5.757881476435579
20,195,2.5947306773971546,6.156537033114353
21,195,7.819636599407945,10.808506024625078
22,195,7.951671913081844,2.524063728458051
23,195,4.346912620286431,10.502664483712584
24,195,8.632699252467805,5.003317445380853
25,195,9.600177447506123,9.801984938049896
26,195,4.705732077755229,2.5355156530631273
27,195,1.0080784510661314,7.100963116388863
28,195,7.183318575984957,2.383772595770514
29,195,9.082375383696034,5.1631091046870345
0,200,5.0767339896824195,8.411969995095854
1,200,7.104593174286647,6.167655701153306
2,200,2.3698812319135394,9.240822415515384
3,200,8.191569134304048,9.96442901354601
4,200,0,9.22100285996061
5,200,8.13469524405913,3.8928767399200765
6,200,6.4200486818963665,0
7,200,0,4.306447389753294
8,200,8.827536067581134,6.274578483422512
9,200,8.344835385871484,6.200503774788159
10,200,4.696465227193082,10.660362800962478
11,200,10.300496029364092,0
12,200,11.384247141667194,1.875531704618916
13,200,3.6107306449587098,5.604022732050922
14,200,6.31579599651498,4.128504185059246
15,200,5.506878166091964,2.1472068813036103
16,200,4.99753406663552,1.489216913842685
17,200,11.152819333925365,12
18,200,9.295161769985413,9.926775747550373
19,200,4.311334849736456,5.753347353765921
20,200,2.643150889001144,6.099725811154176
21,200,7.758097032880648,10.836323542752284
22,200,7.896508041359729,2.504627890495337
23,200,4.3029024226591055,10.481239588706485
24,200,8.65045781491936,4.935774356418939
25,200,9.567338978255988,9.845988701992068
26,200,4.667007447342697,2.579614636600143
27,200,0.9794948567798716,7.149723390222739
28,200,7.239325799620409,2.3656302356832466
29,200,9.143880001802838,5.140442886058968
0,205,5.138313743564964,8.428696582938672
1,205,7.103799017892529,6.239897000579693
2,205,2.3771467595097358,9.300017695736985
3,205,8.127948474752776,9.937773510766906
4,205,0,9.160391953445886
5,205,8.130522574567532,3.849997775475341
6,205,6.38080685940954,0
7,205,0,4.3507325037342035
8,205,8.789228181881096,6.277844658213817
9,205,8.345760329498638,6.241808275850564
10,205,4.747796048646538,10.711726120033434
11,205,10.277261739706379,0
12,205,11.41950525840504,1.871893857769247
13,205,3.5734389574086705,5.5879773549878315
14,205,6.352049784859791,4.1869390239663
15,205,5.514862506166436,2.193436952536384
16,205,5.0742845474126215,1.5087136624191184
17,205,11.177204173214616,12
18,205,9.326677211901883,9.971278780203376
19,205,4.374596758744862,5.7409794754696355
20,205,2.690729206386143,6.047999264241405
21,205,7.692532894040301,10.86655114855465
22,205,7.830417375988589,2.482643999064255
23,205,4.244191514992762,10.451764039714746
24,205,8.669278276884274,4.86340676516631
25,205,9.534173828140204,9.889647550157038
26,205,4.619167614638925,2.63562387806191
27,205,0.9599850168342584,7.181617826563682
28,205,7.288494558579665,2.348229117778877
29,205,9.183566288685457,5.126703365564181
0,210,5.192693388576956,8.443684344645451
1,210,7.104401261285261,6.3031219856237355
2,210,2.386494057479658,9.37137408245113
3,210,8.086705778044728,9.920747186082245
4,210,0,9.13437482456462
5,210,8.121912800771435,3.74911655710286
6,210,6.342431008277532,0
7,210,0,4.385287860550006
8,210,8.722032956043824,6.285366613507764
9,210,8.346764364932458,6.2994483871011795
10,210,4.800953689889778,10.765057364368007
11,210,10.251618681850152,0
12,210,11.476883050437038,1.8650954564277973
13,210,3.5352764668403878,5.570803652233428
14,210,6.383026218288458,4.236024297817713
15,210,5.530546252194297,2.273320654594008
16,210,5.146040930241079,1.5260736013660054
17,210,11.224781674854706,12
18,210,9.353674682551313,10.009781818719093
19,210,4.429148245329619,5.731426032354362
20,210,2.7269319041872615,6.00883329113001
21,210,7.626443379688652,10.89624399955229
22,210,7.796048486505688,2.4721849553626183
23,210,4.216478239355064,10.437526390395568
24,210,8.682674838075801,4.809445436492395
25,210,9.497652776861962,9.938013142429206
26,210,4.5809278941523335,2.6766002310074595
27,210,0.9187557810346123,7.255154657486209
28,210,7.261090393496272,2.271548031354363
29,210,9.22526106452997,5.112969081118679
0,215,5.258391225655688,8.460484891832536
1,215,7.104393351878815,6.361098608087603
2,215,2.393859190821041,9.42216672857568
3,215,8.075458313713305,9.916126037546043
4,215,0,9.079662040105696
5,215,8.116805542102288,3.696888789996122
6,215,6.301213784292955,0
7,215,0,4.435991268765495
8,215,8.675985755291046,6.290153115795916
9,215,8.34833154519018,6.36559985786448
10,215,4.843159016856787,10.80726379235614
11,215,10.223948645210585,0
12,215,11.535537464594896,1.8552770883513225
13,215,3.492097008210342,5.551734218342556
14,215,6.405518894610396,4.271185001270268
15,215,5.544605672440643,2.3409808287377927
16,215,5.188081565388982,1.5358097285512355
17,215,11.2403925414562,12
18,215,9.37679022061463,10.04285591113109
19,215,4.4770444755763465,5.722237987887158
20,215,2.7612055561012783,5.969721118344747
21,215,7.563253160565892,10.926281254527467
22,215,7.74373968368733,2.4561080283468226
23,215,4.173002172997662,10.415756448077026
24,215,8.694715116978074,4.758291828827348
25,215,9.445666340779859,10.005230796814644
26,215,4.55597635539835,2.703876930711584
27,215,0.901503218925423,7.28723700893045
28,215,7.2482767104169765,2.2329844182953904
29,215,9.288156956681428,5.091403180795843
0,220,5.321367491113047,8.476503600562815
1,220,7.105154251638755,6.400144573467272
2,220,2.402488090262812,9.47126555300375
3,220,8.027092355398853,9.896908052244031
4,220,0,9.025797706621494
5,220,8.111198665633113,3.645010038762361
6,220,6.267480848391409,0
7,220,0,4.482601639839341
8,220,8.610526533229635,6.296358437820658
9,220,8.349666202125443,6.424402033461835
10,220,4.907142492833787,10.86878564699024
11,220,10.192113967757326,0
12,220,11.577488071773658,1.8473726577971195
13,220,3.4517137551871473,5.532670367599311
14,220,6.42788447274377,4.305258330341256
15,220,5.555821268438189,2.39580666387666
16,220,5.234695098002298,1.5461986342223653
17,220,11.281092720976302,12
18,220,9.41566862089715,10.098222650562047
19,220,4.519163755796153,5.713516698463135
20,220,2.78255340260561,5.945069138439016
21,220,7.489205277017131,10.959428132197838
22,220,7.680627106350929,2.438010849981915
23,220,4.133844086674712,10.396492929248316
24,220,8.709114387831557,4.700882842963942
25,220,9.405599577603676,10.058885203365195
26,220,4.514070081087237,2.748855469642324
27,220,0.8785418481253803,7.328072960468291
28,220,7.236386330436304,2.1946824903389084
29,220,9.382768544114597,5.058251769033926
0,225,5.374917838840957,8.490410770126623
1,225,7.1054484123996335,6.473261041451118
2,225,2.411781010581404,9.518569812660866
3,225,7.994769723670419,9.884975842244963
4,225,0,8.97254274113729
5,225,8.105884361213167,3.5906001655405375
6,225,6.227619520359685,0
7,225,0,4.522578672411064
8,225,8.547883947806385,6.304089660607275
9,225,8.350284443861286,6.473027614994189
10,225,4.939463812119357,10.897583619069916
11,225,10.160289159305709,0
12,225,11.628316902160222,1.837225988130917
13,225,3.4045776348336028,5.510184370841584
14,225,6.448853957007435,4.337121062429558
15,225,5.566754715415176,2.452130858098483
16,225,5.273193891092274,1.5536626508079465
17,225,11.324153006478612,12
18,225,9.463055160841376,10.06365440786699
19,225,4.56795521734675,5.703721286628873
20,225,2.824305682198475,5.89602489402042
21,225,7.421096366404852,10.988340516600058
22,225,7.639758460644959,2.4260474185904752
23,225,4.090828530630919,10.375346418021635
24,225,8.719953686078622,4.659908085430838
25,225,9.376582271759364,10.096259618579912
26,225,4.477689499054216,2.789058404499135
27,225,0.8479609390224088,7.382484281396077
28,225,7.221487569089205,2.143417129029203
29,225,9.419183439185208,5.045278822099634
0,230,5.399058552634285,8.496963784866136
1,230,7.106968256921846,6.518842504153172
2,230,2.4260752058611263,9.582163975990854
3,230,7.929469772593827,9.862001854062537
4,230,0,8.942926550031547
5,230,8.101690605652049,3.5468270718633343
6,230,6.1817763289191126,0
7,230,0,4.567986161031496
8,230,8.513472453126388,6.308742528310262
9,230,8.350116564567053,6.505555404328854
10,230,4.977899143229454,10.929982276346145
11,230,10.106828721103257,0
12,230,11.6571038484431,1.8315720945707934
13,230,3.3591228547412224,5.487532551692216
14,230,6.495366447343431,4.409455350846493
15,230,5.5818335232228975,2.52431640932583
16,230,5.325054068327296,1.5640349135827412
17,230,11.355483718177414,12
18,230,9.501824991108546,10.035590084358219
19,230,4.606836895137233,5.694912953996615
20,230,2.8532002984531797,5.861343141321713
21,230,7.374588042010038,11.009244001939225
22,230,7.597454441729247,2.4142878198291435
23,230,4.05190544455179,10.356892989458451
24,230,8.737295005240924,4.596265939173071
25,230,9.339136274803847,10.143211233465548
26,230,4.447889258175628,2.8223486076739284
27,230,0.811209606575553,7.446354917916342
28,230,7.217478742591343,2.129486865307408
29,230,9.466479673646893,5.028133352509868
0,235,5.472567839532942,8.516007440841067
1,235,7.108795518538787,6.569727563140706
2,235,2.442887722317427,9.654971505194098
3,235,7.879154305144257,9.84303954887167
4,235,0,8.885288185214561
5,235,8.096017449652598,3.481118674965228
6,235,6.140940720359979,0
7,235,0,4.590600078491967
8,235,8.44107047298792,6.317232736256534
9,235,8.349751504525864,6.561066003821556
10,235,5.024946120795662,10.971309527156725
11,235,10.068963685653966,0
12,235,11.685469258976328,1.825854727705578
13,235,3.320266966137472,5.469344731031117
14,235,6.535793127068482,4.469306670605627
15,235,5.58935888012003,2.5588831190754724
16,235,5.351415732239287,1.5689633386233723
17,235,11.398976506424624,12
18,235,9.528694185184534,10.016884722882864
19,235,4.671771965325529,5.681548895313544
20,235,2.8865354776616368,5.822562815731454
21,235,7.3268010810022375,11.02963192356662
22,235,7.556404849320281,2.4026118893293376
23,235,4.017571353213443,10.341389489391979
24,235,8.756444699994224,4.52424095514898
25,235,9.321255150140033,10.165239588264134
26,235,4.406486728965173,2.86912813873812
27,235,0.7818546718431696,7.499464157598892
28,235,7.203477790168166,2.0836707653825988
29,235,9.509114207794335,5.011406459156658
0,240,5.5237892820385115,8.52863685343123
1,240,7.110829726729048,6.617020644883555
2,240,2.4519743807902827,9.694987215899165
3,240,7.828042365523758,9.825280069019275
4,240,0,8.847407636062409
5,240,8.08765952804052,3.409115891107432
6,240,6.113892564058573,0
7,240,0,4.622826973231904
8,240,8.364839958841474,6.326777403909015
9,240,8.34920935755931,6.625298139636686
10,240,5.067361231261,11.009129193415605
11,240,10.070085424189115,0.0012210115787410732
12,240,11.716989990056758,1.8189756196449316
13,240,3.28319803574215,5.4515330394176535
14,240,6.567837157282851,4.517530279468758
15,240,5.4952179739288844,2.5803950208130417
16,240,5.429438343739453,1.5848999202547984
17,240,11.44647254518595,12
18,240,9.584081140793606,9.97708070625894
19,240,4.734378924064406,5.666877688806505
20,240,2.928509698107018,5.777264330693369
21,240,7.289248490430691,11.046623968785324
22,240,7.500637253960799,2.386967970512956
23,240,3.9641979123741673,10.32026491719096
24,240,8.766367747323606,4.4864044104410175
25,240,9.286714979466629,10.210038850949399
26,240,4.367205516309352,2.915128519680331
27,240,0.7575357708074053,7.5452423889164635
28,240,7.185550450747675,2.0286814326345817
29,240,9.57009145803757,4.98759094722857
0,245,5.570875813692759,8.539387358881653
1,245,7.111693883594001,6.670420927121065
2,245,2.4703230236188887,9.77278817822147
3,245,7.793209373677972,9.81343178779454
4,245,0,8.814274895703026
5,245,8.081909312199153,3.3649216768851047
6,245,6.05833335433604,0
7,245,0,4.6617566768195475
8,245,8.312688751375637,6.334326123137508
9,245,8.349044731271274,6.65273015338164
10,245,5.110841580726243,11.046737237378924
11,245,10.03545954946203,0
12,245,11.76445736254113,1.807913771618492
13,245,3.2132865986630637,5.4177214645650436
14,245,6.5984287321467745,4.56300590636074
15,245,5.429918980532124,2.5961609223719533
16,245,5.502272802831783,1.5996132437536204
17,245,11.48440691361795,12
18,245,9.626783075247761,9.945815352642086
19,245,4.766261893513417,5.658788485553796
20,245,2.9659784957606052,5.736072595325622
21,245,7.228475776040855,11.074200953735392
22,245,7.436221096681513,2.370154447777194
23,245,3.9381340350835887,10.309579432826263
24,245,8.78995004513572,4.390247820197347
25,245,9.282548270924876,10.2156081855345
26,245,4.333968968429687,2.9520307818003957
27,245,0.7293324617421413,7.59582584759675
28,245,7.169194311610539,1.9799282515976147
29,245,9.606486282968223,4.9721806521757745
0,250,5.6041027129832734,8.54762914884121
1,250,7.111426347799718,6.7043930459205985
2,250,2.4851824223530725,9.842079441264076
3,250,7.736114594516951,9.794724649857828
4,250,0,8.777280620525568
5,250,8.07547051299273,3.303633914084014
6,250,6.0280284618663185,0
7,250,0,4.700808722445246
8,250,8.260620965414999,6.342351039812169
9,250,8.348460098824765,6.693767274069556
10,250,5.1439390863701675,11.075222301721977
11,250,10.002241824792305,0
12,250,11.809117695192182,1.7982508894508613
13,250,3.17528694323008,5.399536830381227
14,250,6.616753300370538,4.588846837626598
15,250,5.381712607690369,2.606445991942836
16,250,5.5667083212290525,1.6106237002344739
17,250,11.524422576054038,12
18,250,9.678248601116259,9.90876018485153
19,250,4.836740745179262,5.640153634539728
20,250,3.0118424927098992,5.685736277206136
21,250,7.157015293686489,11.107704075843303
22,250,7.380278246727721,2.3546916297202745
23,250,3.8820195097189196,10.286628365541626
24,250,8.802739567753367,4.337542113462635
25,250,9.262519334261084,10.243701440872258
26,250,4.30227058550685,2.9868552731492324
27,250,0.7001241190567724,7.648447159883504
28,250,7.1487873590053805,1.9204264534986208
29,250,9.649910042051063,4.952865861279063
0,255,5.662984173021028,8.563637242142873
1,255,7.110818469527313,6.771682338596549
2,255,2.49415929184654,9.891055573576367
3,255,7.695293514105183,9.78115602849989
4,255,0,8.74103883905459
5,255,8.066649590820834,3.2265746684257066
6,255,5.984304011261228,0
7,255,0,4.745286913511745
8,255,8.215816488154228,6.348380704085689
9,255,8.347430981874133,6.765032585933176
10,255,5.169580486328216,11.097775376408464
11,255,9.959899115284728,0
12,255,11.855183708138094,1.7873919378935585
13,255,3.1231764348675326,5.376747242005412
14,255,6.654601931993432,4.643012410547209
15,255,5.310268634255554,2.620218166399758
16,255,5.614110955148108,1.6185328099644067
17,255,11.567988562101585,12
18,255,9.724112211441705,9.875797374558386
19,255,4.88378014124076,5.626984246195586
20,255,3.0512636237641413,5.645433476849903
21,255,7.135753974485825,11.11805111683801
22,255,7.344961092436958,2.344821158217112
23,255,3.830169274100471,10.264959559148124
24,255,8.81232686055749,4.296517490465758
25,255,9.230202109273382,10.289238483874145
26,255,4.267153215688677,3.0259683305370233
27,255,0.6831695199093515,7.677491971708788
28,255,7.139095821682439,1.8919937734567251
29,255,9.692775510270875,4.934973331364088
0,260,5.712569095995795,8.579206476157596
1,260,7.109511604836232,6.845798604997427
2,260,2.5013499446620133,9.929104051891121
3,260,7.647106237539374,9.765550800575594
4,260,0,8.712080624359233
5,260,8.05507029250216,3.1589461809990915
6,260,5.946258247176771,0
7,260,0,4.801602073208819
8,260,8.148405013197571,6.356885377228876
9,260,8.347125766405831,6.831284373123645
10,260,5.210674097726138,11.13385094397682
11,260,9.927534665449867,0
12,260,11.866443474357325,1.8338422594498396
13,260,3.065106240835472,5.3510092569216
14,260,6.682972241430374,4.684000090313456
15,260,5.254943344116878,2.6317483640764427
16,260,5.6670542002765,1.6268267965637035
17,260,11.626088324650787,12
18,260,9.766156343881695,9.845001044286226
19,260,4.942509684465544,5.6110983268961485
20,260,3.0961362462168025,5.6016599458043315
21,260,7.091320999948668,11.137418610306986
22,260,7.303511954855151,2.3333656367871956
23,260,3.7837419256076683,10.245898168836804
24,260,8.819154032001759,4.264564596303948
25,260,9.205052257335534,10.323931388869186
26,260,4.222534976001997,3.074186126166516
27,260,0.6457500768412227,7.741211972036585
28,260,7.118672204126563,1.8341422646576768
29,260,9.737863378612845,4.917505311086712
0,265,5.773277785020307,8.599103763535782
1,265,7.110040256708795,6.907477532643234
2,265,2.5149667059415557,10.00105285917385
3,265,7.668222183207301,9.70260906039983
4,265,0,8.667156543326158
5,265,8.045475980799637,3.109843397176383
6,265,5.920778892123794,0
7,265,0,4.827909333183986
8,265,8.059448607633234,6.36776401555597
9,265,8.347681468334226,6.911407220438957
10,265,5.252609686971774,11.172047585681074
11,265,9.900352127160325,0
12,265,11.880829390551265,1.8885850755396494
13,265,3.041193862369688,5.340213081538563
14,265,6.7163848258067125,4.734740331273268
15,265,5.189110401005164,2.642863247308228
16,265,5.707942203225031,1.6343064276491617
17,265,11.666139356167601,12
18,265,9.81095874650097,9.812558811954386
19,265,4.99761185201203,5.595782217278692
20,265,3.1291308224459193,5.571795928549298
21,265,7.034066425858776,11.161849815206255
22,265,7.26853725373471,2.3233381394989125
23,265,3.734388810927238,10.225613479311722
24,265,8.831614078311873,4.209500343672234
25,265,9.174818492469285,10.368244467353179
26,265,4.180453952649933,3.119267496636838
27,265,0.6213844456202937,7.7828263512099385
28,265,7.098371542371708,1.7694452627565003
29,265,9.796976976320918,4.894275837443711
0,270,5.81063391046549,8.610296988376904
1,270,7.111500732415201,6.9907828388780295
2,270,2.525823270639364,10.057170755312447
3,270,7.688516962108534,9.640471759892097
4,270,0,8.618158572888504
5,270,8.036501807568841,3.0635973016630507
6,270,5.881345148026426,0
7,270,0,4.875058904816255
8,270,7.9836579109779295,6.376600002821549
9,270,8.347810310839115,6.946348695758102
10,270,5.28792804102843,11.203400752740265
11,270,9.960113048487598,0
12,270,11.896889104457854,1.958308426124371
13,270,3.000575401430756,5.3236964871526755
14,270,6.773271537373615,4.6949061239136896
15,270,5.132089564834611,2.6505575246989954
16,270,5.7724814116572825,1.645364767271326
17,270,11.70418945627481,12
18,270,9.836420938801172,9.794020771659824
19,270,5.036313142972182,5.5857919202661375
20,270,3.1823261267782015,5.5208756578667995
21,270,6.973995970613677,11.190486012189512
22,270,7.2049446544326745,2.308058959141183
23,270,3.6765578404662813,10.202968265492208
24,270,8.841096717934304,4.163400450961415
25,270,9.143502321612457,10.41294671655263
26,270,4.1504556477146375,3.1509674687997906
27,270,0.594202269182378,7.829770195441096
28,270,7.078997036655194,1.7074169351651634
29,270,9.84899181218508,4.874663515271584
0,275,5.859933100939003,8.62416767221471
1,275,7.113818884834781,7.0644230531340915
2,275,2.533739152157927,10.097125818038815
3,275,7.711012876878137,9.568152611816364
4,275,0,8.582277376662242
5,275,8.029493336144144,3.0246201941894206
6,275,5.835225628565559,0
7,275,0,4.9087151152145285
8,275,7.9359123703293,6.380643367836612
9,275,8.34823073865509,6.985900573491361
10,275,5.330443495999111,11.239951034941967
11,275,10.006917988162645,0
12,275,11.914376477772558,2.025568999160006
13,275,2.9555974364320945,5.304140534441377
14,275,6.8077105235865325,4.6701854903886995
15,275,5.073327413339387,2.6581612716605556
16,275,5.832826682434998,1.6562171455749835
17,275,11.742180012760388,12
18,275,9.883870220572009,9.76081246716514
19,275,5.049749731497987,5.582412836066851
20,275,3.226120682772021,5.482577567159813
21,275,6.897302633303949,11.226141572472441
22,275,7.158569384933134,2.2950702466934905
23,275,3.6267773385003808,10.182825011322404
24,275,8.85223511025405,4.111282370761274
25,275,9.09980678364572,10.481299066107525
26,275,4.1157880776660365,3.189151127145831
27,275,0.5687348347534903,7.8750753050004825
28,275,7.056459817865073,1.6378380566479254
29,275,9.896811353358054,4.8558066936854445
0,280,5.895322871670474,8.633056847613297
1,280,7.115946121939173,7.107294824280071
2,280,2.54508324225109,10.15476667135902
3,280,7.726939688847805,9.51547077555355
4,280,0,8.541942162244585
5,280,8.020245502006999,2.9756231357960554
6,280,5.795602327586677,0
7,280,0,4.944089383529646
8,280,7.873451110281119,6.386642855617136
9,280,8.347478061985615,7.0425412631151945
10,280,5.364894243271918,11.269353731024431
11,280,10.05934557895101,0
12,280,11.931868003631791,2.092957665451173
13,280,2.9161441296139587,5.2864371212676415
14,280,6.850981419245139,4.6391960645385915
15,280,5.049047407119893,2.6609164691416436
16,280,5.856904365249796,1.6602015300807698
17,280,11.785216677249828,12
18,280,9.937988505796602,9.721127435057054
19,280,5.111905559212487,5.566712278992841
20,280,3.268632558005493,5.446344697353212
21,280,6.842121563485973,11.25064481745886
22,280,7.12522003085361,2.2857204594660128
23,280,3.5693497298790304,10.15919746799316
24,280,8.859871800914698,4.07638862045187
25,280,9.072407996493547,10.522649824543002
26,280,4.0864686309722975,3.2209854189823504
27,280,0.5378179029312874,7.92826184566562
28,280,7.038251510520725,1.5806738322974234
29,280,9.935482305890154,4.840784795044873
0,285,5.9525966449362135,8.645547454652657
1,285,7.118162244307173,7.14308129457655
2,285,2.558453323306532,10.2210335242772
3,285,7.7341012182394095,9.488847888836252
4,285,0,8.496713061531102
5,285,8.012955327429886,2.925908424459024
6,285,5.7490098730726675,0
7,285,0,5.005834224963576
8,285,7.82595495983635,6.392163552250169
9,285,8.345197193929435,7.116723324545671
10,285,5.406114154565742,11.219436370395995
11,285,10.111198051135613,0
12,285,11.942256010540582,2.134087976428463
13,285,2.85634993734397,5.26288221357278
14,285,6.899939652276179,4.605314553010952
15,285,4.989231424578828,2.6692006721056742
16,285,5.89455698522349,1.6666825170236959
17,285,11.822949909322835,12
18,285,9.992449703944462,9.680970441461257
19,285,5.155688003318206,5.555184902472081
20,285,3.313222723569416,5.409836106168205
21,285,6.787697093102452,11.273279007699186
22,285,7.068570005191835,2.269468058736882
23,285,3.5457227696681146,10.149534126732748
24,285,8.868719758991356,4.037795318947238
25,285,9.047772935927993,10.55902085980122
26,285,4.049395330743595,3.2619773573917956
27,285,0.5044677099836223,7.980497208495925
28,285,7.013968809923758,1.4995456211996339
29,285,9.988633316257598,4.822132712362403
0,290,6.020208374147276,8.660755383695141
1,290,7.121510820536869,7.190048224960362
2,290,2.5660715352062544,10.267817248132763
3,290,7.753783908363541,9.417965734138349
4,290,0,8.460263111701408
5,290,8.005823481482421,2.859000738336769
6,290,5.693517539966265,0
7,290,0,5.045451052668876
8,290,7.748451727692045,6.402382451936808
9,290,8.345192364665326,7.172687996948799
10,290,5.435254651996957,11.18410786217044
11,290,10.15904472616223,0
12,290,11.955840293646618,2.1922559762916953
13,290,2.802009872169957,5.240265373271807
14,290,6.945323888584205,4.57349378128922
15,290,4.924127745210215,2.6774461664082234
16,290,5.94659840788769,1.6749411387552482
17,290,11.858498421328896,12
18,290,10.04154884309651,9.64576399328348
19,290,5.217687782117019,5.539135645329955
20,290,3.3477154565267306,5.380867106624423
21,290,6.729241839677923,11.29918248500955
22,290,7.0093880896309395,2.2530149856642243
23,290,3.49185498877241,10.125966046335522
24,290,8.879966649008468,3.9850859983688856
25,290,9.03686344041632,10.573997834473891
26,290,4.010836791689575,3.3030055779964815
27,290,0.4766578532381573,8.025139785701167
28,290,6.999287229134404,1.452612441947454
29,290,10.014442316955655,4.813285351011379
0,295,6.070618868172269,8.671943822736056
1,295,7.126190840831891,7.254280993435898
2,295,2.5761263585305545,10.325214257343047
3,295,7.769314411137031,9.365683931983819
4,295,0,8.408770715591226
5,295,8.000363334454661,2.814407054983539
6,295,5.644570362610435,0
7,295,0,5.096421255842761
8,295,7.674591533775664,6.411145560243055
9,295,8.344289799536844,7.229144632260137
10,295,5.460167954764976,11.15506922740615
11,295,10.200012749996434,0
12,295,11.967477827529738,2.242033058558026
13,295,2.7440821684996575,5.217497058734091
14,295,6.9847718249254775,4.544701510833288
15,295,4.869870350244761,2.6830800999177504
16,295,6.020253627125859,1.6872233168417519
17,295,11.890568711560183,12
18,295,10.094500616018626,9.605087603320149
19,295,5.252543892600278,5.530167316340158
20,295,3.3922637910985003,5.343908527271195
21,295,6.655777488536725,11.332089746966242
22,295,6.95078923508097,2.237290299434921
23,295,3.437379431832274,10.101693593038842
24,295,8.890785094482618,3.92727629217149
25,295,9.008136827503833,10.614279179879729
26,295,3.9725348239406912,3.3474872553162864
27,295,0.4426195021438082,8.080907166998823
28,295,6.985805577841245,1.4077110963699262
29,295,10.045826507441014,4.802986499433128
