0,0,0.0,1.9473447577542369,0.0,1.0,0.0,1.0,0.0,1.0
1,0,8.987099534732048,10.961886406848448,1.0,0.0,1.0,1.0,1.0,1.0
2,0,2.0590518146716645,8.992676859791567,0.0,0.0,0.0,0.0,0.0,0.0
3,0,0.0,10.066525292978774,0.0,0.0,1.0,0.0,0.0,0.0
4,0,0.9405150025409506,6.012274924524983,0.0,0.0,1.0,0.0,1.0,0.0
5,0,2.00648598379943,4.066459144757701,1.0,1.0,0.0,0.0,0.0,0.0
6,0,5.061947400831615,8.007445371715828,1.0,0.0,1.0,0.0,1.0,1.0
7,0,0.0,5.967348234768735,0.0,0.0,0.0,0.0,1.0,0.0
8,0,1.964229866036621,7.048521253056109,0.0,0.0,1.0,1.0,0.0,1.0
9,0,9.000461822308441,8.93470215307285,1.0,0.0,0.0,1.0,0.0,0.0
10,0,0.0,7.016125666653457,0.0,1.0,1.0,0.0,0.0,0.0
11,0,3.967678648268463,3.963120941461724,0.0,0.0,0.0,0.0,1.0,1.0
12,0,4.021352965797611,3.9192631008505465,0.0,0.0,0.0,0.0,0.0,0.0
13,0,9.943511806285,8.001460207712931,0.0,1.0,0.0,1.0,1.0,0.0
14,0,1.966734138906441,8.067516036546165,1.0,0.0,0.0,1.0,0.0,0.0
15,0,9.97036037775944,1.9679745728499936,0.0,0.0,0.0,0.0,1.0,0.0
16,0,5.010088753471857,6.945623480519045,1.0,0.0,0.0,0.0,1.0,0.0
17,0,12.0,4.045625944384417,1.0,0.0,0.0,1.0,0.0,0.0
18,0,8.956208539689158,5.962185078130586,0.0,0.0,0.0,0.0,0.0,0.0
19,0,0.0,8.054560239579954,0.0,0.0,1.0,1.0,0.0,0.0
20,0,8.965487128821794,1.020327540487728,0.0,0.0,0.0,0.0,0.0,0.0
21,0,10.026134621010574,5.061479955081142,0.0,0.0,0.0,0.0,1.0,1.0
22,0,12.0,1.0157557922385592,0.0,0.0,0.0,0.0,0.0,0.0
23,0,5.9524751594744405,5.979021130624351,0.0,1.0,1.0,1.0,0.0,1.0
24,0,9.917130681743108,0.0,1.0,1.0,1.0,1.0,0.0,0.0
25,0,2.957430711129008,4.056784541714669,0.0,1.0,0.0,0.0,1.0,1.0
26,0,8.95865504626015,11.972228414491276,0.0,0.0,0.0,1.0,1.0,1.0
27,0,11.041198038509645,8.035952714912552,0.0,0.0,0.0,1.0,0.0,1.0
28,0,0.0390737815197215,2.943012442567549,0.0,0.0,0.0,0.0,0.0,0.0
29,0,5.06765483909594,10.9988936667976,1.0,0.0,0.0,0.0,0.0,0.0
30,0,3.050997951821818,10.02288144809572,1.0,1.0,0.0,0.0,1.0,1.0
31,0,6.988189090211647,11.987486568591343,1.0,1.0,1.0,1.0,0.0,0.0
32,0,11.98542052207851,7.043437190435311,0.0,0.0,0.0,1.0,0.0,0.0
33,0,11.070735081912211,2.9933676002951364,0.0,1.0,0.0,0.0,0.0,0.0
34,0,6.969689369167331,10.04355851910896,0.0,1.0,0.0,0.0,1.0,0.0
35,0,0.0,9.011682810465254,1.0,0.0,0.0,0.0,1.0,0.0
36,0,8.979766348548903,7.938519683126616,0.0,1.0,1.0,0.0,1.0,1.0
37,0,4.044112573186249,3.985643333406773,1.0,0.0,0.0,0.0,1.0,1.0
38,0,2.9781074078187952,6.038854502496582,1.0,0.0,1.0,0.0,1.0,0.0
39,0,8.063691750334868,7.01389265621003,0.0,1.0,1.0,1.0,1.0,1.0
0,5,0.0,1.907896191649229,0.0,1.0,0.0,1.0,0.0,1.0
1,5,8.971238392669942,10.915760481577449,1.0,0.0,1.0,1.0,1.0,1.0
2,5,2.121186031298879,8.984975808019357,0.0,0.0,0.0,0.0,0.0,0.0
3,5,0.0,10.11375538767239,0.0,0.0,1.0,0.0,0.0,0.0
4,5,0.8654630445060114,6.028511013229408,0.0,0.0,1.0,0.0,1.0,0.0
5,5,2.0130293068305205,4.1459035216134055,1.0,1.0,0.0,0.0,0.0,0.0
6,5,5.145339282702869,8.01879138852758,1.0,0.0,1.0,0.0,1.0,1.0
7,5,0.0,5.938053422805765,0.0,0.0,0.0,0.0,1.0,0.0
8,5,1.9374280212418709,7.085303929957526,0.0,0.0,1.0,1.0,0.0,1.0
9,5,8.999659234870924,8.886366097409752,1.0,0.0,0.0,1.0,0.0,0.0
10,5,0.0,7.035234509284271,0.0,1.0,1.0,0.0,0.0,0.0
11,5,3.9305560038395777,3.9226900793913457,0.0,0.0,0.0,0.0,1.0,1.0
12,5,4.045375863104985,3.825052982058065,0.0,0.0,0.0,0.0,0.0,0.0
13,5,9.894138444945272,8.001211036000287,0.0,1.0,0.0,1.0,1.0,0.0
14,5,1.9306906438686795,8.142745645272287,1.0,0.0,0.0,1.0,0.0,0.0
15,5,9.938596069519903,1.9325477208325772,0.0,0.0,0.0,0.0,1.0,0.0
16,5,5.016408189900833,6.901382319972537,1.0,0.0,0.0,0.0,1.0,0.0
17,5,12.0,4.0922677954153714,1.0,0.0,0.0,1.0,0.0,0.0
18,5,8.99442622122662,5.916606165209001,0.0,0.0,0.0,0.0,0.0,0.0
19,5,0.0,8.095967913051405,0.0,0.0,1.0,1.0,0.0,0.0
20,5,8.928934579857032,1.0424568822873546,0.0,0.0,0.0,0.0,0.0,0.0
21,5,10.055093701610256,5.131608782809545,0.0,0.0,0.0,0.0,1.0,1.0
22,5,12.0,1.032327700400716,0.0,0.0,0.0,0.0,0.0,0.0
23,5,5.902273372701003,5.956685697795728,0.0,1.0,1.0,1.0,0.0,1.0
24,5,9.824160029765284,0.0,1.0,1.0,1.0,1.0,0.0,0.0
25,5,2.914384831466022,4.114545555382278,0.0,1.0,0.0,0.0,1.0,1.0
26,5,8.922502185415867,11.946603095155108,0.0,0.0,0.0,1.0,1.0,1.0
27,5,11.097003813616087,8.08532479535148,0.0,0.0,0.0,1.0,0.0,1.0
28,5,0.0823922517984033,2.8781393162991216,0.0,0.0,0.0,0.0,0.0,0.0
29,5,5.129596818140956,10.997373454461789,1.0,0.0,0.0,0.0,0.0,0.0
30,5,3.12290867278615,10.055625280922287,1.0,1.0,0.0,0.0,1.0,1.0
31,5,6.983319588601643,11.982265672220194,1.0,1.0,1.0,1.0,0.0,0.0
32,5,11.967721932881007,7.098561427429628,0.0,0.0,0.0,1.0,0.0,0.0
33,5,11.126572031472053,2.98779805957772,0.0,1.0,0.0,0.0,0.0,0.0
34,5,6.9345440365092434,10.091847795696644,0.0,1.0,0.0,0.0,1.0,0.0
35,5,0.0,9.021636577242935,1.0,0.0,0.0,0.0,1.0,0.0
36,5,8.953559138794429,7.855200155787027,0.0,1.0,1.0,0.0,1.0,1.0
37,5,4.084874884290158,3.973100916916975,1.0,0.0,0.0,0.0,1.0,1.0
38,5,2.957167511710876,6.075233194496257,1.0,0.0,1.0,0.0,1.0,0.0
39,5,8.140210674743571,7.033433475924883,0.0,1.0,1.0,1.0,1.0,1.0
0,10,0.0,1.8607280171487877,0.0,1.0,0.0,1.0,0.0,1.0
1,10,8.955256269630869,10.87277380079861,1.0,0.0,1.0,1.0,1.0,1.0
2,10,2.194939959494223,8.974980988992824,0.0,0.0,0.0,0.0,0.0,0.0
3,10,0.0,10.149321921198732,0.0,0.0,1.0,0.0,0.0,0.0
4,10,0.7769014932784388,6.049656888857404,0.0,0.0,1.0,0.0,1.0,0.0
5,10,2.022800720264164,4.234193568162907,1.0,1.0,0.0,0.0,0.0,0.0
6,10,5.226316284093159,8.031024164894935,1.0,0.0,1.0,0.0,1.0,1.0
7,10,0.0,5.906805680470358,0.0,0.0,0.0,0.0,1.0,0.0
8,10,1.9053632752755487,7.128735450557706,0.0,0.0,1.0,1.0,0.0,1.0
9,10,9.001038259631718,8.83638550408987,1.0,0.0,0.0,1.0,0.0,0.0
10,10,0.0,7.057953115729969,0.0,1.0,1.0,0.0,0.0,0.0
11,10,3.879149497460568,3.869171923604129,0.0,0.0,0.0,0.0,1.0,1.0
12,10,4.074077083963402,3.7029471111239545,0.0,0.0,0.0,0.0,0.0,0.0
13,10,9.836103103513048,8.002219308299368,0.0,1.0,0.0,1.0,1.0,0.0
14,10,1.889379258883579,8.225623735316512,1.0,0.0,0.0,1.0,0.0,0.0
15,10,9.927297083161452,1.9194499421634772,0.0,0.0,0.0,0.0,1.0,0.0
16,10,5.02587583507052,6.847375375895997,1.0,0.0,0.0,0.0,1.0,0.0
17,10,12.0,4.152261244388206,1.0,0.0,0.0,1.0,0.0,0.0
18,10,9.028858852620168,5.875698020187628,0.0,0.0,0.0,0.0,0.0,0.0
19,10,0.0,8.130835958720878,0.0,0.0,1.0,1.0,0.0,0.0
20,10,8.889760355202187,1.0667592587522778,0.0,0.0,0.0,0.0,0.0,0.0
21,10,10.08553289873596,5.20478448916813,0.0,0.0,0.0,0.0,1.0,1.0
22,10,12.0,1.0502492898018032,0.0,0.0,0.0,0.0,0.0,0.0
23,10,5.862659694384599,5.938062001147185,0.0,1.0,1.0,1.0,0.0,1.0
24,10,9.731244590634525,0.0,1.0,1.0,1.0,1.0,0.0,0.0
25,10,2.868894948745871,4.178349032787817,0.0,1.0,0.0,0.0,1.0,1.0
26,10,8.877068447930329,11.914176118849658,0.0,0.0,0.0,1.0,1.0,1.0
27,10,11.171218479924429,8.149849809091005,0.0,0.0,0.0,1.0,0.0,1.0
28,10,0.1122510598518417,2.830362471568825,0.0,0.0,0.0,0.0,0.0,0.0
29,10,5.179028279367986,10.994906748540904,1.0,0.0,0.0,0.0,0.0,0.0
30,10,3.200319429219562,10.09228980048341,1.0,1.0,0.0,0.0,1.0,1.0
31,10,6.973470972109617,11.970914825648949,1.0,1.0,1.0,1.0,0.0,0.0
32,10,11.950634807841189,7.153188799792633,0.0,0.0,0.0,1.0,0.0,0.0
33,10,11.17475508914948,2.983995519015538,0.0,1.0,0.0,0.0,0.0,0.0
34,10,6.899834940834136,10.139595216172197,0.0,1.0,0.0,0.0,1.0,0.0
35,10,0.0,9.02791294637547,1.0,0.0,0.0,0.0,1.0,0.0
36,10,8.926025923894434,7.77361777597242,0.0,1.0,1.0,0.0,1.0,1.0
37,10,4.120616319719928,3.962168813053711,1.0,0.0,0.0,0.0,1.0,1.0
38,10,2.938928496823154,6.10681119082629,1.0,0.0,1.0,0.0,1.0,0.0
39,10,8.240578799486617,7.05655195909304,0.0,1.0,1.0,1.0,1.0,1.0
0,15,0.0,1.803057463181973,0.0,1.0,0.0,1.0,0.0,1.0
1,15,8.930723679731539,10.81033243860403,1.0,0.0,1.0,1.0,1.0,1.0
2,15,2.265995185978763,8.96325526459124,0.0,0.0,0.0,0.0,0.0,0.0
3,15,0.0005161867946474,10.18826636098086,0.0,0.0,1.0,0.0,0.0,0.0
4,15,0.6773980050909241,6.075846632660283,0.0,0.0,1.0,0.0,1.0,0.0
5,15,2.03144667713941,4.320591302382477,1.0,1.0,0.0,0.0,0.0,0.0
6,15,5.297181962970229,8.041441531793522,1.0,0.0,1.0,0.0,1.0,1.0
7,15,0.0,5.878239194487553,0.0,0.0,0.0,0.0,1.0,0.0
8,15,1.8666727963932703,7.181230239256061,0.0,0.0,1.0,1.0,0.0,1.0
9,15,9.001506345667252,8.79327194789803,1.0,0.0,0.0,1.0,0.0,0.0
10,15,0.0,7.082509126072098,0.0,1.0,1.0,0.0,0.0,0.0
11,15,3.8188640128462,3.8101232682745594,0.0,0.0,0.0,0.0,1.0,1.0
12,15,4.106221951611694,3.573255050903234,0.0,0.0,0.0,0.0,0.0,0.0
13,15,9.783840225838588,8.002919133991742,0.0,1.0,0.0,1.0,1.0,0.0
14,15,1.8459664743477089,8.308755225278386,1.0,0.0,0.0,1.0,0.0,0.0
15,15,9.897549647004364,1.88506652093141,0.0,0.0,0.0,0.0,1.0,0.0
16,15,5.04108243846456,6.77663045402735,1.0,0.0,0.0,0.0,1.0,0.0
17,15,12.0,4.209321047605374,1.0,0.0,0.0,1.0,0.0,0.0
18,15,9.047569750777171,5.853970947098806,0.0,0.0,0.0,0.0,0.0,0.0
19,15,0.0,8.165434528034126,0.0,0.0,1.0,1.0,0.0,0.0
20,15,8.863704421777493,1.0827179695535174,0.0,0.0,0.0,0.0,0.0,0.0
21,15,10.11947232541455,5.290961245206332,0.0,0.0,0.0,0.0,1.0,1.0
22,15,12.0,1.0733843682876036,0.0,0.0,0.0,0.0,0.0,0.0
23,15,5.81495079125925,5.916046736694232,0.0,1.0,1.0,1.0,0.0,1.0
24,15,9.630209209728353,0.0,1.0,1.0,1.0,1.0,0.0,0.0
25,15,2.834435914275797,4.22934493084591,0.0,1.0,0.0,0.0,1.0,1.0
26,15,8.830194314115518,11.88206808096439,0.0,0.0,0.0,1.0,1.0,1.0
27,15,11.253172790463434,8.220811260881677,0.0,0.0,0.0,1.0,0.0,1.0
28,15,0.1332909161637244,2.796148282730758,0.0,0.0,0.0,0.0,0.0,0.0
29,15,5.232628389341168,10.99215200909874,1.0,0.0,0.0,0.0,0.0,0.0
30,15,3.2788336873231008,10.13130386420733,1.0,1.0,0.0,0.0,1.0,1.0
31,15,6.9573465874677245,11.952904132774432,1.0,1.0,1.0,1.0,0.0,0.0
32,15,11.934273351693086,7.203287251996998,0.0,0.0,0.0,1.0,0.0,0.0
33,15,11.213697768999294,2.981526241898223,0.0,1.0,0.0,0.0,0.0,0.0
34,15,6.880063326406317,10.166475432724251,0.0,1.0,0.0,0.0,1.0,0.0
35,15,0.0,9.034069848062304,1.0,0.0,0.0,0.0,1.0,0.0
36,15,8.905029572841045,7.711671373271912,0.0,1.0,1.0,0.0,1.0,1.0
37,15,4.144219861382675,3.9542198560672097,1.0,0.0,0.0,0.0,1.0,1.0
38,15,2.9238121434182878,6.132742655205772,1.0,0.0,1.0,0.0,1.0,0.0
39,15,8.355232355460059,7.080981157505467,0.0,1.0,1.0,1.0,1.0,1.0
0,20,0.0,1.7425983975721575,0.0,1.0,0.0,1.0,0.0,1.0
1,20,8.898574544618,10.723295208163565,1.0,0.0,1.0,1.0,1.0,1.0
2,20,2.324839307297409,8.953727502226036,0.0,0.0,0.0,0.0,0.0,0.0
3,20,0.0006241410677363,10.21289365419163,0.0,0.0,1.0,0.0,0.0,0.0
4,20,0.5582764147482788,6.111538523421859,0.0,0.0,1.0,0.0,1.0,0.0
5,20,2.041953297022385,4.4106261963113385,1.0,1.0,0.0,0.0,0.0,0.0
6,20,5.378713797751263,8.053407537412872,1.0,0.0,1.0,0.0,1.0,1.0
7,20,0.0002043374360517,5.832055801040943,0.0,0.0,0.0,0.0,1.0,0.0
8,20,1.8158293744831877,7.247714635493998,0.0,0.0,1.0,1.0,0.0,1.0
9,20,9.00201819800831,8.75836594170397,1.0,0.0,0.0,1.0,0.0,0.0
10,20,0.0,7.106680070916686,0.0,1.0,1.0,0.0,0.0,0.0
11,20,3.763270023371617,3.754701224179372,0.0,0.0,0.0,0.0,1.0,1.0
12,20,4.133524349967929,3.453229754287677,0.0,0.0,0.0,0.0,0.0,0.0
13,20,9.733758719389874,8.003191885888711,0.0,1.0,0.0,1.0,1.0,0.0
14,20,1.7985244087630805,8.394569033307494,1.0,0.0,0.0,1.0,0.0,0.0
15,20,9.861225255491185,1.8412271996303955,0.0,0.0,0.0,0.0,1.0,0.0
16,20,5.052124243188876,6.726984295430629,1.0,0.0,0.0,0.0,1.0,0.0
17,20,12.0,4.27893419481012,1.0,0.0,0.0,1.0,0.0,0.0
18,20,9.071896456659225,5.827310356471124,0.0,0.0,0.0,0.0,0.0,0.0
19,20,0.0,8.211979159306152,0.0,0.0,1.0,1.0,0.0,0.0
20,20,8.854308661884668,1.0886016872273307,0.0,0.0,0.0,0.0,0.0,0.0
21,20,10.157705281935252,5.397847679578431,0.0,0.0,0.0,0.0,1.0,1.0
22,20,12.0,1.0968494783589977,0.0,0.0,0.0,0.0,0.0,0.0
23,20,5.7702872614736735,5.896217391284633,0.0,1.0,1.0,1.0,0.0,1.0
24,20,9.544691832104895,0.0,1.0,1.0,1.0,1.0,0.0,0.0
25,20,2.790545166854651,4.295526748869145,0.0,1.0,0.0,0.0,1.0,1.0
26,20,8.77763700213345,11.845280478628556,0.0,0.0,0.0,1.0,1.0,1.0
27,20,11.324575819254475,8.286429181500736,0.0,0.0,0.0,1.0,0.0,1.0
28,20,0.1520183652658268,2.765230311336832,0.0,0.0,0.0,0.0,0.0,0.0
29,20,5.29396807934116,10.99024069064554,1.0,0.0,0.0,0.0,0.0,0.0
30,20,3.3472094734133533,10.164709218865829,1.0,1.0,0.0,0.0,1.0,1.0
31,20,6.926510722805572,11.916001154023718,1.0,1.0,1.0,1.0,0.0,0.0
32,20,11.909866140770603,7.275940827163427,0.0,0.0,0.0,1.0,0.0,0.0
33,20,11.29142554486064,2.973519112878789,0.0,1.0,0.0,0.0,0.0,0.0
34,20,6.858268451048444,10.194777729072928,0.0,1.0,0.0,0.0,1.0,0.0
35,20,0.0,9.038168506238726,1.0,0.0,0.0,0.0,1.0,0.0
36,20,8.880482222838724,7.645497489561912,0.0,1.0,1.0,0.0,1.0,1.0
37,20,4.149917891480312,3.9522224187150345,1.0,0.0,0.0,0.0,1.0,1.0
38,20,2.9071410785591585,6.161767703516157,1.0,0.0,1.0,0.0,1.0,0.0
39,20,8.459322458136617,7.107472343189731,0.0,1.0,1.0,1.0,1.0,1.0
0,25,0.0,1.6595005405137555,0.0,1.0,0.0,1.0,0.0,1.0
1,25,8.860950445823546,10.624760057384655,1.0,0.0,1.0,1.0,1.0,1.0
2,25,2.385944574863569,8.944533100992217,0.0,0.0,0.0,0.0,0.0,0.0
3,25,0.0009853550203422,10.235752348589768,0.0,0.0,1.0,0.0,0.0,0.0
4,25,0.4290458823681721,6.150397041885944,0.0,0.0,1.0,0.0,1.0,0.0
5,25,2.0540525434813937,4.500075949683023,1.0,1.0,0.0,0.0,0.0,0.0
6,25,5.46122295876384,8.063767779780049,1.0,0.0,1.0,0.0,1.0,1.0
7,25,0.0004138295486015,5.7805637244690775,0.0,0.0,0.0,0.0,1.0,0.0
8,25,1.772571499999456,7.303048077684009,0.0,0.0,1.0,1.0,0.0,1.0
9,25,9.00265432954806,8.73857412574118,1.0,0.0,0.0,1.0,0.0,0.0
10,25,0.0,7.126957199660493,0.0,1.0,1.0,0.0,0.0,0.0
11,25,3.718821672421657,3.712028009475685,0.0,0.0,0.0,0.0,1.0,1.0
12,25,4.157906880965805,3.350383771925304,0.0,0.0,0.0,0.0,0.0,0.0
13,25,9.68331865506717,8.002233487938005,0.0,1.0,0.0,1.0,1.0,0.0
14,25,1.753192183105598,8.483095768726507,1.0,0.0,0.0,1.0,0.0,0.0
15,25,9.825961190110576,1.797698995183487,0.0,0.0,0.0,0.0,1.0,0.0
16,25,5.064603095922768,6.66355594318473,1.0,0.0,0.0,0.0,1.0,0.0
17,25,12.0,4.336958268685486,1.0,0.0,0.0,1.0,0.0,0.0
18,25,9.0901752318459,5.806892005087024,0.0,0.0,0.0,0.0,0.0,0.0
19,25,0.0,8.277217132121251,0.0,0.0,1.0,1.0,0.0,0.0
20,25,8.84663498201204,1.0935100723836753,0.0,0.0,0.0,0.0,0.0,0.0
21,25,10.186945793851717,5.477861582878499,0.0,0.0,0.0,0.0,1.0,1.0
22,25,12.0,1.1151443939389396,0.0,0.0,0.0,0.0,0.0,0.0
23,25,5.729777190062679,5.879324558362127,0.0,1.0,1.0,1.0,0.0,1.0
24,25,9.4434376456211,0.0,1.0,1.0,1.0,1.0,0.0,0.0
25,25,2.7541601277053327,4.35253346677734,0.0,1.0,0.0,0.0,1.0,1.0
26,25,8.724360961379842,11.80615383796745,0.0,0.0,0.0,1.0,1.0,1.0
27,25,11.402595189368087,8.358916395433742,0.0,0.0,0.0,1.0,0.0,1.0
28,25,0.1850689278672723,2.7132745060604915,0.0,0.0,0.0,0.0,0.0,0.0
29,25,5.3823685995059,10.98657584807084,1.0,0.0,0.0,0.0,0.0,0.0
30,25,3.459816189617167,10.223710893510727,1.0,1.0,0.0,0.0,1.0,1.0
31,25,6.873655184621312,11.85686796230164,1.0,1.0,1.0,1.0,0.0,0.0
32,25,11.887939333901462,7.34811211616084,0.0,0.0,0.0,1.0,0.0,0.0
33,25,11.38514771124149,2.9607225141935354,0.0,1.0,0.0,0.0,0.0,0.0
34,25,6.84474107612929,10.212979113710746,0.0,1.0,0.0,0.0,1.0,0.0
35,25,0.0,9.039060773195647,1.0,0.0,0.0,0.0,1.0,0.0
36,25,8.858105926094453,7.588016777574747,0.0,1.0,1.0,0.0,1.0,1.0
37,25,4.130236101257248,3.958631860064299,1.0,0.0,0.0,0.0,1.0,1.0
38,25,2.895937310203698,6.181242709350832,1.0,0.0,1.0,0.0,1.0,0.0
39,25,8.57349894596615,7.136915420253175,0.0,1.0,1.0,1.0,1.0,1.0
0,30,0.0,1.5788425051197863,0.0,1.0,0.0,1.0,0.0,1.0
1,30,8.815236069161712,10.513057106577026,1.0,0.0,1.0,1.0,1.0,1.0
2,30,2.4574185551894616,8.934413496101989,0.0,0.0,0.0,0.0,0.0,0.0
3,30,0.0009410356763254,10.258023704047192,0.0,0.0,1.0,0.0,0.0,0.0
4,30,0.3055299784001866,6.18706504915751,0.0,0.0,1.0,0.0,1.0,0.0
5,30,2.065364518097239,4.583791831649627,1.0,1.0,0.0,0.0,0.0,0.0
6,30,5.552990302259228,8.07518053607347,1.0,0.0,1.0,0.0,1.0,1.0
7,30,0.0012759611448525,5.714388591212177,0.0,0.0,0.0,0.0,1.0,0.0
8,30,1.7532606623156484,7.329330736236256,0.0,0.0,1.0,1.0,0.0,1.0
9,30,9.002817137943655,8.718900699059715,1.0,0.0,0.0,1.0,0.0,0.0
10,30,0.0,7.143835779893652,0.0,1.0,1.0,0.0,0.0,0.0
11,30,3.6842363351325647,3.6795862803979738,0.0,0.0,0.0,0.0,1.0,1.0
12,30,4.187428492451925,3.228383205493251,0.0,0.0,0.0,0.0,0.0,0.0
13,30,9.682479509689603,8.08797504160776,0.0,1.0,0.0,1.0,1.0,0.0
14,30,1.7052815802501375,8.579715528125975,1.0,0.0,0.0,1.0,0.0,0.0
15,30,9.789334928363036,1.7525185232133278,0.0,0.0,0.0,0.0,1.0,0.0
16,30,5.074464736039742,6.6167887513238846,1.0,0.0,0.0,0.0,1.0,0.0
17,30,12.0,4.376855680966965,1.0,0.0,0.0,1.0,0.0,0.0
18,30,9.102809468484509,5.793323836289236,0.0,0.0,0.0,0.0,0.0,0.0
19,30,0.0589894708099245,8.28861111055137,0.0,0.0,1.0,1.0,0.0,0.0
20,30,8.836559780876017,1.1003671157452102,0.0,0.0,0.0,0.0,0.0,0.0
21,30,10.216419426432878,5.559519399149504,0.0,0.0,0.0,0.0,1.0,1.0
22,30,12.0,1.0467479035090683,0.0,0.0,0.0,0.0,0.0,0.0
23,30,5.692745635698807,5.863927452943746,0.0,1.0,1.0,1.0,0.0,1.0
24,30,9.328418690952748,0.0,1.0,1.0,1.0,1.0,0.0,0.0
25,30,2.723954206013558,4.401044122993029,0.0,1.0,0.0,0.0,1.0,1.0
26,30,8.67099579368263,11.765065287196808,0.0,0.0,0.0,1.0,1.0,1.0
27,30,11.4611079716153,8.41064730088292,0.0,0.0,0.0,1.0,0.0,1.0
28,30,0.2156874763731632,2.6660606834178737,0.0,0.0,0.0,0.0,0.0,0.0
29,30,5.479944900372028,10.98382501465893,1.0,0.0,0.0,0.0,0.0,0.0
30,30,3.5743642795757435,10.286964153982249,1.0,1.0,0.0,0.0,1.0,1.0
31,30,6.839162869896168,11.817750560724274,1.0,1.0,1.0,1.0,0.0,0.0
32,30,11.864823291774288,7.418243569152035,0.0,0.0,0.0,1.0,0.0,0.0
33,30,11.46135546340913,2.9511474210930118,0.0,1.0,0.0,0.0,0.0,0.0
34,30,6.832420173413353,10.229039807753448,0.0,1.0,0.0,0.0,1.0,0.0
35,30,0.0,9.039221415266605,1.0,0.0,0.0,0.0,1.0,0.0
36,30,8.835005924995192,7.530831202130183,0.0,1.0,1.0,0.0,1.0,1.0
37,30,4.095229414986977,3.969864819034705,1.0,0.0,0.0,0.0,1.0,1.0
38,30,2.887914083967637,6.195348892550438,1.0,0.0,1.0,0.0,1.0,0.0
39,30,8.681411854616918,7.161584008244674,0.0,1.0,1.0,1.0,1.0,1.0
0,35,0.0,1.4973063975339036,0.0,1.0,0.0,1.0,0.0,1.0
1,35,8.762761580818989,10.392189506663213,1.0,0.0,1.0,1.0,1.0,1.0
2,35,2.507031227466393,8.9290239738952,0.0,0.0,0.0,0.0,0.0,0.0
3,35,3.417700945657163e-05,10.300033552765072,0.0,0.0,1.0,0.0,0.0,0.0
4,35,0.1718359580687705,6.225502289167795,0.0,0.0,1.0,0.0,1.0,0.0
5,35,2.076978012316117,4.654469901605943,1.0,1.0,0.0,0.0,0.0,0.0
6,35,5.633862584592499,8.082819061796458,1.0,0.0,1.0,0.0,1.0,1.0
7,35,0.0032417751340064,5.665802161122131,0.0,0.0,0.0,0.0,1.0,0.0
8,35,1.725828804405835,7.364730725666082,0.0,0.0,1.0,1.0,0.0,1.0
9,35,9.001741868066974,8.687373828876073,1.0,0.0,0.0,1.0,0.0,0.0
10,35,0.0,7.162890267159846,0.0,1.0,1.0,0.0,0.0,0.0
11,35,3.642801721802978,3.642901518650676,0.0,0.0,0.0,0.0,1.0,1.0
12,35,4.214928705431337,3.117582664389856,0.0,0.0,0.0,0.0,0.0,0.0
13,35,9.684114061056771,8.159207961742275,0.0,1.0,0.0,1.0,1.0,0.0
14,35,1.6521364845535504,8.681787085029752,1.0,0.0,0.0,1.0,0.0,0.0
15,35,9.761803345664385,1.7175667148467628,0.0,0.0,0.0,0.0,1.0,0.0
16,35,5.088780701951143,6.552270345953622,1.0,0.0,0.0,0.0,1.0,0.0
17,35,12.0,4.411608825008441,1.0,0.0,0.0,1.0,0.0,0.0
18,35,9.108186254014091,5.787222529392859,0.0,0.0,0.0,0.0,0.0,0.0
19,35,0.1279242479496717,8.302433040737984,0.0,0.0,1.0,1.0,0.0,0.0
20,35,8.843733516002075,1.0954363555729316,0.0,0.0,0.0,0.0,0.0,0.0
21,35,10.252656253343975,5.655447719548573,0.0,0.0,0.0,0.0,1.0,1.0
22,35,12.0,0.9588533420016068,0.0,0.0,0.0,0.0,0.0,0.0
23,35,5.668954512785476,5.854253816977795,0.0,1.0,1.0,1.0,0.0,1.0
24,35,9.192191497442153,0.0,1.0,1.0,1.0,1.0,0.0,0.0
25,35,2.687526271452213,4.463024709430895,0.0,1.0,0.0,0.0,1.0,1.0
26,35,8.627889315062497,11.731963568557958,0.0,0.0,0.0,1.0,1.0,1.0
27,35,11.52556102192884,8.467233990035504,0.0,0.0,0.0,1.0,0.0,1.0
28,35,0.2332375139907847,2.640036161349442,0.0,0.0,0.0,0.0,0.0,0.0
29,35,5.573157519822731,10.979816532745216,1.0,0.0,0.0,0.0,0.0,0.0
30,35,3.701641311019837,10.358179824552414,1.0,1.0,0.0,0.0,1.0,1.0
31,35,6.8168353487340765,11.791011360131474,1.0,1.0,1.0,1.0,0.0,0.0
32,35,11.836768359322374,7.497656327733577,0.0,0.0,0.0,1.0,0.0,0.0
33,35,11.537486176286544,2.940859397881803,0.0,1.0,0.0,0.0,0.0,0.0
34,35,6.805759133816967,10.263325672962086,0.0,1.0,0.0,0.0,1.0,0.0
35,35,0.0,9.04057779794127,1.0,0.0,0.0,0.0,1.0,0.0
36,35,8.817800123623856,7.485971227003239,0.0,1.0,1.0,0.0,1.0,1.0
37,35,4.041105123437967,3.988184334541108,1.0,0.0,0.0,0.0,1.0,1.0
38,35,2.8780255167354167,6.212486507920906,1.0,0.0,1.0,0.0,1.0,0.0
39,35,8.78089210886953,7.185418470018681,0.0,1.0,1.0,1.0,1.0,1.0
0,40,0.0,1.4058620560508968,0.0,1.0,0.0,1.0,0.0,1.0
1,40,8.711842482070336,10.275728606395786,1.0,0.0,1.0,1.0,1.0,1.0
2,40,2.543528463297319,8.923500309895475,0.0,0.0,0.0,0.0,0.0,0.0
3,40,0.0,10.322734478446904,0.0,0.0,1.0,0.0,0.0,0.0
4,40,0.0492707389952959,6.262790018395366,0.0,0.0,1.0,0.0,1.0,0.0
5,40,2.0885250413168555,4.724677730142565,1.0,1.0,0.0,0.0,0.0,0.0
6,40,5.712214414520343,8.08937151505754,1.0,0.0,1.0,0.0,1.0,1.0
7,40,0.0054669851725835,5.61446041924414,0.0,0.0,0.0,0.0,1.0,0.0
8,40,1.6926567844836211,7.407055650232019,0.0,0.0,1.0,1.0,0.0,1.0
9,40,8.999586821314526,8.647471600228995,1.0,0.0,0.0,1.0,0.0,0.0
10,40,0.0,7.182499854656402,0.0,1.0,1.0,0.0,0.0,0.0
11,40,3.607746400554479,3.611750242522871,0.0,0.0,0.0,0.0,1.0,1.0
12,40,4.323786484220064,3.148850724490343,0.0,0.0,0.0,0.0,0.0,0.0
13,40,9.688748248371637,8.244949556231248,0.0,1.0,0.0,1.0,1.0,0.0
14,40,1.6003254174123551,8.782929422013867,1.0,0.0,0.0,1.0,0.0,0.0
15,40,9.72552783447891,1.6699892833017422,0.0,0.0,0.0,0.0,1.0,0.0
16,40,5.100781528652657,6.500454091545326,1.0,0.0,0.0,0.0,1.0,0.0
17,40,12.0,4.428502469499899,1.0,0.0,0.0,1.0,0.0,0.0
18,40,9.10768767605484,5.7877974963697865,0.0,0.0,0.0,0.0,0.0,0.0
19,40,0.1869020295466777,8.312597466042268,0.0,0.0,1.0,1.0,0.0,0.0
20,40,8.852503168719771,1.0893273744848393,0.0,0.0,0.0,0.0,0.0,0.0
21,40,10.28975738918885,5.744579925027978,0.0,0.0,0.0,0.0,1.0,1.0
22,40,12.0,0.8788999454385525,0.0,0.0,0.0,0.0,0.0,0.0
23,40,5.637277481744419,5.841221351748462,0.0,1.0,1.0,1.0,0.0,1.0
24,40,9.05350779819607,0.0,1.0,1.0,1.0,1.0,0.0,0.0
25,40,2.6527990684168565,4.523724178939716,0.0,1.0,0.0,0.0,1.0,1.0
26,40,8.581569177594938,11.695909478218736,0.0,0.0,0.0,1.0,1.0,1.0
27,40,11.590974615660508,8.524946008316745,0.0,0.0,0.0,1.0,0.0,1.0
28,40,0.2525368602101349,2.6115323871824145,0.0,0.0,0.0,0.0,0.0,0.0
29,40,5.675153350256862,10.975619783285149,1.0,0.0,0.0,0.0,0.0,0.0
30,40,3.8295831779109646,10.430569485421216,1.0,1.0,0.0,0.0,1.0,1.0
31,40,6.773077069813982,11.740022792174138,1.0,1.0,1.0,1.0,0.0,0.0
32,40,11.808468137977812,7.573875686087775,0.0,0.0,0.0,1.0,0.0,0.0
33,40,11.608198333246444,2.928493352182383,0.0,1.0,0.0,0.0,0.0,0.0
34,40,6.77644703974073,10.30211660798732,0.0,1.0,0.0,0.0,1.0,0.0
35,40,0.0127303776285629,9.037805476932368,1.0,0.0,0.0,0.0,1.0,0.0
36,40,8.795405428866749,7.428384360657271,0.0,1.0,1.0,0.0,1.0,1.0
37,40,3.9804370307092207,4.008884342524052,1.0,0.0,0.0,0.0,1.0,1.0
38,40,2.86802477360731,6.229554376693474,1.0,0.0,1.0,0.0,1.0,0.0
39,40,8.88360838257171,7.2083713697782335,0.0,1.0,1.0,1.0,1.0,1.0
0,45,0.0,1.2935018292244047,0.0,1.0,0.0,1.0,0.0,1.0
1,45,8.644994996830297,10.134484097805778,1.0,0.0,1.0,1.0,1.0,1.0
2,45,2.5876908258382523,8.916561907700514,0.0,0.0,0.0,0.0,0.0,0.0
3,45,0.0,10.342110760787977,0.0,0.0,1.0,0.0,0.0,0.0
4,45,0.0,6.301166643845874,0.0,0.0,1.0,0.0,1.0,0.0
5,45,2.102014882815129,4.796963997994585,1.0,1.0,0.0,0.0,0.0,0.0
6,45,5.793036472869366,8.095905819615602,1.0,0.0,1.0,0.0,1.0,1.0
7,45,0.0086572997288641,5.551845964868809,0.0,0.0,0.0,0.0,1.0,0.0
8,45,1.660943994964747,7.44658113076117,0.0,0.0,1.0,1.0,0.0,1.0
9,45,8.997348226226062,8.607603571756501,1.0,0.0,0.0,1.0,0.0,0.0
10,45,0.0,7.2015097979175335,0.0,1.0,1.0,0.0,0.0,0.0
11,45,3.573248046198058,3.580845848370884,0.0,0.0,0.0,0.0,1.0,1.0
12,45,4.459342267539986,3.1881415113385465,0.0,0.0,0.0,0.0,0.0,0.0
13,45,9.693159802830984,8.341725265036875,0.0,1.0,0.0,1.0,1.0,0.0
14,45,1.535473337399624,8.908394759197314,1.0,0.0,0.0,1.0,0.0,0.0
15,45,9.683945595226232,1.614603620150609,0.0,0.0,0.0,0.0,1.0,0.0
16,45,5.1187315755025455,6.433807898294914,1.0,0.0,0.0,0.0,1.0,0.0
17,45,12.0,4.442372556107636,1.0,0.0,0.0,1.0,0.0,0.0
18,45,9.11104976737472,5.783929027460644,0.0,0.0,0.0,0.0,0.0,0.0
19,45,0.2604896287874344,8.325324560727779,0.0,0.0,1.0,1.0,0.0,0.0
20,45,8.865721519824717,1.080247797178795,0.0,0.0,0.0,0.0,0.0,0.0
21,45,10.336399767893704,5.861321793586522,0.0,0.0,0.0,0.0,1.0,1.0
22,45,12.0,0.7940038995032512,0.0,0.0,0.0,0.0,0.0,0.0
23,45,5.59366161061541,5.823449250926136,0.0,1.0,1.0,1.0,0.0,1.0
24,45,8.910924383566167,0.0,1.0,1.0,1.0,1.0,0.0,0.0
25,45,2.6208595752690327,4.58083954848854,0.0,1.0,0.0,0.0,1.0,1.0
26,45,8.53256129209035,11.65892798961529,0.0,0.0,0.0,1.0,1.0,1.0
27,45,11.642905922052693,8.570606760419087,0.0,0.0,0.0,1.0,0.0,1.0
28,45,0.2705694230662747,2.585312326600015,0.0,0.0,0.0,0.0,0.0,0.0
29,45,5.774294739713113,10.974097021601953,1.0,0.0,0.0,0.0,0.0,0.0
30,45,3.9525042243354913,10.502084285998237,1.0,1.0,0.0,0.0,1.0,1.0
31,45,6.725938893453499,11.683904134473226,1.0,1.0,1.0,1.0,0.0,0.0
32,45,11.775064159054864,7.662072238174903,0.0,0.0,0.0,1.0,0.0,0.0
33,45,11.677758976327404,2.916014097366824,0.0,1.0,0.0,0.0,0.0,0.0
34,45,6.761217146044746,10.321831930419396,0.0,1.0,0.0,0.0,1.0,0.0
35,45,0.018547348326943,9.03635729735958,1.0,0.0,0.0,0.0,1.0,0.0
36,45,8.78173430913778,7.39058533886345,0.0,1.0,1.0,0.0,1.0,1.0
37,45,3.884196993989925,4.041488170364084,1.0,0.0,0.0,0.0,1.0,1.0
38,45,2.872601929655888,6.222283083332425,1.0,0.0,1.0,0.0,1.0,0.0
39,45,9.00255662118664,7.234955755200667,0.0,1.0,1.0,1.0,1.0,1.0
0,50,0.0,1.1929337695342337,0.0,1.0,0.0,1.0,0.0,1.0
1,50,8.58237064210277,10.004693864614335,1.0,0.0,1.0,1.0,1.0,1.0
2,50,2.6319038900226173,8.908808512208195,0.0,0.0,0.0,0.0,0.0,0.0
3,50,0.0,10.370516449738322,0.0,0.0,1.0,0.0,0.0,0.0
4,50,0.0,6.344553713796684,0.0,0.0,1.0,0.0,1.0,0.0
5,50,2.113871830433047,4.86433784861227,1.0,1.0,0.0,0.0,0.0,0.0
6,50,5.901853854806023,8.102104388396667,1.0,0.0,1.0,0.0,1.0,1.0
7,50,0.0105138639493172,5.4680397526283535,0.0,0.0,0.0,0.0,1.0,0.0
8,50,1.622720564335447,7.495372766337631,0.0,0.0,1.0,1.0,0.0,1.0
9,50,8.996238380558529,8.557211747596316,1.0,0.0,0.0,1.0,0.0,0.0
10,50,0.0,7.217595211084821,0.0,1.0,1.0,0.0,0.0,0.0
11,50,3.52585926527707,3.537309693288847,0.0,0.0,0.0,0.0,1.0,1.0
12,50,4.605528972400774,3.228698588628694,0.0,0.0,0.0,0.0,0.0,0.0
13,50,9.698221851615076,8.423672352789724,0.0,1.0,0.0,1.0,1.0,0.0
14,50,1.4696086732847191,9.034663722038207,1.0,0.0,0.0,1.0,0.0,0.0
15,50,9.643199620999718,1.5584113054637103,0.0,0.0,0.0,0.0,1.0,0.0
16,50,5.1378800705330026,6.35464964602753,1.0,0.0,0.0,0.0,1.0,0.0
17,50,11.99822524909586,4.439587876058001,1.0,0.0,0.0,1.0,0.0,0.0
18,50,9.1245143573206,5.768436035032871,0.0,0.0,0.0,0.0,0.0,0.0
19,50,0.3405525178260428,8.339030404340603,0.0,0.0,1.0,1.0,0.0,0.0
20,50,8.870042747721765,1.0771611794909464,0.0,0.0,0.0,0.0,0.0,0.0
21,50,10.383676956642413,5.977141661406943,0.0,0.0,0.0,0.0,1.0,1.0
22,50,12.0,0.6841734860338553,0.0,0.0,0.0,0.0,0.0,0.0
23,50,5.552960077395571,5.807433970359239,0.0,1.0,1.0,1.0,0.0,1.0
24,50,8.775133272903146,0.0,1.0,1.0,1.0,1.0,0.0,0.0
25,50,2.5945128083347844,4.625113122474395,0.0,1.0,0.0,0.0,1.0,1.0
26,50,8.46973473276256,11.612831872074263,0.0,0.0,0.0,1.0,1.0,1.0
27,50,11.706272084506637,8.625017155517618,0.0,0.0,0.0,1.0,0.0,1.0
28,50,0.2767125193620476,2.576094551053325,0.0,0.0,0.0,0.0,0.0,0.0
29,50,5.866536311232282,10.974398358684669,1.0,0.0,0.0,0.0,0.0,0.0
30,50,4.052454591231895,10.561274440826864,1.0,1.0,0.0,0.0,1.0,1.0
31,50,6.674842044409093,11.624987511086305,1.0,1.0,1.0,1.0,0.0,0.0
32,50,11.73806305527926,7.759682251527394,0.0,0.0,0.0,1.0,0.0,0.0
33,50,11.729488171428374,2.9080469102119704,0.0,1.0,0.0,0.0,0.0,0.0
34,50,6.743511643187098,10.345515302599816,0.0,1.0,0.0,0.0,1.0,0.0
35,50,0.0318245138586914,9.033000997100448,1.0,0.0,0.0,0.0,1.0,0.0
36,50,8.769700371950305,7.356588433500649,0.0,1.0,1.0,0.0,1.0,1.0
37,50,3.7844868913647582,4.07939035042032,1.0,0.0,0.0,0.0,1.0,1.0
38,50,2.8610936941287086,6.240175614915596,1.0,0.0,1.0,0.0,1.0,0.0
39,50,9.11335123794495,7.260137107419298,0.0,1.0,1.0,1.0,1.0,1.0
0,55,0.0,1.0921872251022888,0.0,1.0,0.0,1.0,0.0,1.0
1,55,8.515042423900296,9.872152560845384,1.0,0.0,1.0,1.0,1.0,1.0
2,55,2.6647516851831625,8.903228293299351,0.0,0.0,0.0,0.0,0.0,0.0
3,55,0.0,10.393943999728297,0.0,0.0,1.0,0.0,0.0,0.0
4,55,0.0,6.387187520154567,0.0,0.0,1.0,0.0,1.0,0.0
5,55,2.127200103383366,4.9338733835548565,1.0,1.0,0.0,0.0,0.0,0.0
6,55,6.007405896732019,8.10882687385915,1.0,0.0,1.0,0.0,1.0,1.0
7,55,0.0116735139265229,5.365706762052434,0.0,0.0,0.0,0.0,1.0,0.0
8,55,1.596991374121929,7.52894776617798,0.0,0.0,1.0,1.0,0.0,1.0
9,55,8.9967405981144,8.520295845569912,1.0,0.0,0.0,1.0,0.0,0.0
10,55,0.0,7.233581479193254,0.0,1.0,1.0,0.0,0.0,0.0
11,55,3.465158753646893,3.481711048501864,0.0,0.0,0.0,0.0,1.0,1.0
12,55,4.773072495386328,3.281468524008449,0.0,0.0,0.0,0.0,0.0,0.0
13,55,9.704365176215008,8.505921370945286,0.0,1.0,0.0,1.0,1.0,0.0
14,55,1.412692436913487,9.142597429394444,1.0,0.0,0.0,1.0,0.0,0.0
15,55,9.600693506426442,1.5027293292894706,0.0,0.0,0.0,0.0,1.0,0.0
16,55,5.159839419667196,6.262433593986596,1.0,0.0,0.0,0.0,1.0,0.0
17,55,12.0,4.446620523469543,1.0,0.0,0.0,1.0,0.0,0.0
18,55,9.138521988957136,5.752240800866368,0.0,0.0,0.0,0.0,0.0,0.0
19,55,0.4311494758629198,8.355762175599114,0.0,0.0,1.0,1.0,0.0,0.0
20,55,8.860592439774583,1.083377585026757,0.0,0.0,0.0,0.0,0.0,0.0
21,55,10.430650315522412,6.098434095498206,0.0,0.0,0.0,0.0,1.0,1.0
22,55,12.0,0.5638450357002996,0.0,0.0,0.0,0.0,0.0,0.0
23,55,5.508749406696979,5.79097126529152,0.0,1.0,1.0,1.0,0.0,1.0
24,55,8.634753865539846,0.0,1.0,1.0,1.0,1.0,0.0,0.0
25,55,2.556889179728096,4.6897813633429735,0.0,1.0,0.0,0.0,1.0,1.0
26,55,8.413501298203887,11.568815379096504,0.0,0.0,0.0,1.0,1.0,1.0
27,55,11.763305633462704,8.675816962482678,0.0,0.0,0.0,1.0,0.0,1.0
28,55,0.2805523159007675,2.5700345925021866,0.0,0.0,0.0,0.0,0.0,0.0
29,55,5.950126291442733,10.977248609652731,1.0,0.0,0.0,0.0,0.0,0.0
30,55,4.16342357206631,10.63485758248489,1.0,1.0,0.0,0.0,1.0,1.0
31,55,6.635133851710954,11.58060597414932,1.0,1.0,1.0,1.0,0.0,0.0
32,55,11.694850539675048,7.870448440274436,0.0,0.0,0.0,1.0,0.0,0.0
33,55,11.805062768848462,2.894809674315178,0.0,1.0,0.0,0.0,0.0,0.0
34,55,6.733295762199848,10.359891205462082,0.0,1.0,0.0,0.0,1.0,0.0
35,55,0.0664088707733957,9.024018620454566,1.0,0.0,0.0,0.0,1.0,0.0
36,55,8.755491891506217,7.319615755198262,0.0,1.0,1.0,0.0,1.0,1.0
37,55,3.673591328371175,4.119294633162148,1.0,0.0,0.0,0.0,1.0,1.0
38,55,2.84728166326824,6.26167790509008,1.0,0.0,1.0,0.0,1.0,0.0
39,55,9.220830650501094,7.285860923644313,0.0,1.0,1.0,1.0,1.0,1.0
0,60,0.0,0.9916410447181144,0.0,1.0,0.0,1.0,0.0,1.0
1,60,8.448267676421402,9.74980092671283,1.0,0.0,1.0,1.0,1.0,1.0
2,60,2.687451330206739,8.899392834595677,0.0,0.0,0.0,0.0,0.0,0.0
3,60,0.0,10.41377457494588,0.0,0.0,1.0,0.0,0.0,0.0
4,60,0.0,6.423084968232363,0.0,0.0,1.0,0.0,1.0,0.0
5,60,2.1403340287833843,4.998518360324018,1.0,1.0,0.0,0.0,0.0,0.0
6,60,6.119913104750784,8.116905751524381,1.0,0.0,1.0,0.0,1.0,1.0
7,60,0.0110596373840377,5.272575859332248,0.0,0.0,0.0,0.0,1.0,0.0
8,60,1.5646369516475869,7.569205799921113,0.0,0.0,1.0,1.0,0.0,1.0
9,60,8.996754080704775,8.493973267628977,1.0,0.0,0.0,1.0,0.0,0.0
10,60,0.0,7.252429281812435,0.0,1.0,1.0,0.0,0.0,0.0
11,60,3.3945968435833893,3.4213840461420064,0.0,0.0,0.0,0.0,1.0,1.0
12,60,4.920121668828663,3.329420986860993,0.0,0.0,0.0,0.0,0.0,0.0
13,60,9.708968054776792,8.608465288717479,0.0,1.0,0.0,1.0,1.0,0.0
14,60,1.3571448139498374,9.25272837072892,1.0,0.0,0.0,1.0,0.0,0.0
15,60,9.566200515969737,1.4594588520525935,0.0,0.0,0.0,0.0,1.0,0.0
16,60,5.181481736017567,6.170948335525814,1.0,0.0,0.0,0.0,1.0,0.0
17,60,12.0,4.461812805254987,1.0,0.0,0.0,1.0,0.0,0.0
18,60,9.157655717285609,5.728600013783172,0.0,0.0,0.0,0.0,0.0,0.0
19,60,0.5091978146790492,8.369772807835856,0.0,0.0,1.0,1.0,0.0,0.0
20,60,8.859226108579223,1.084286369715085,0.0,0.0,0.0,0.0,0.0,0.0
21,60,10.47104162471071,6.205861041968658,0.0,0.0,0.0,0.0,1.0,1.0
22,60,12.0,0.4456538624417999,0.0,0.0,0.0,0.0,0.0,0.0
23,60,5.43494697143667,5.763101254655345,0.0,1.0,1.0,1.0,0.0,1.0
24,60,8.496417867536827,0.0,1.0,1.0,1.0,1.0,0.0,0.0
25,60,2.528269817449035,4.740132659421152,0.0,1.0,0.0,0.0,1.0,1.0
26,60,8.339668066448857,11.50984635377166,0.0,0.0,0.0,1.0,1.0,1.0
27,60,11.822747436386022,8.727616770507622,0.0,0.0,0.0,1.0,0.0,1.0
28,60,0.284446126840003,2.563398601150884,0.0,0.0,0.0,0.0,0.0,0.0
29,60,6.02447681962052,10.976526037397193,1.0,0.0,0.0,0.0,0.0,0.0
30,60,4.288713457631946,10.715219604395074,1.0,1.0,0.0,0.0,1.0,1.0
31,60,6.596462323233408,11.536720564359312,1.0,1.0,1.0,1.0,0.0,0.0
32,60,11.65817354181804,7.977834194579514,0.0,0.0,0.0,1.0,0.0,0.0
33,60,11.856798580304746,2.8851440039988,0.0,1.0,0.0,0.0,0.0,0.0
34,60,6.730716266821482,10.36354989367795,0.0,1.0,0.0,0.0,1.0,0.0
35,60,0.1020802119146603,9.015198901240256,1.0,0.0,0.0,0.0,1.0,0.0
36,60,8.739761826532137,7.27958225668805,0.0,1.0,1.0,0.0,1.0,1.0
37,60,3.5649239967161868,4.155780322843413,1.0,0.0,0.0,0.0,1.0,1.0
38,60,2.841848665742697,6.270546875491823,1.0,0.0,1.0,0.0,1.0,0.0
39,60,9.365791622031194,7.322899457344724,0.0,1.0,1.0,1.0,1.0,1.0
0,65,0.0,0.9108301908339512,0.0,1.0,0.0,1.0,0.0,1.0
1,65,8.3723582585981,9.618792634932666,1.0,0.0,1.0,1.0,1.0,1.0
2,65,2.6990700401445515,8.897326600566055,0.0,0.0,0.0,0.0,0.0,0.0
3,65,0.0,10.443999358231338,0.0,0.0,1.0,0.0,0.0,0.0
4,65,0.0,6.457722487053701,0.0,0.0,1.0,0.0,1.0,0.0
5,65,2.150884037598534,5.049835200933233,1.0,1.0,0.0,0.0,0.0,0.0
6,65,6.250929136984822,8.122874195007816,1.0,0.0,1.0,0.0,1.0,1.0
7,65,0.0116144821712272,5.16751291536666,0.0,0.0,0.0,0.0,1.0,0.0
8,65,1.528224508834921,7.615245416057248,0.0,0.0,1.0,1.0,0.0,1.0
9,65,8.996612762152651,8.463050277753123,1.0,0.0,0.0,1.0,0.0,0.0
10,65,0.0,7.264280330441043,0.0,1.0,1.0,0.0,0.0,0.0
11,65,3.3335373629288667,3.3677342135790904,0.0,0.0,0.0,0.0,1.0,1.0
12,65,5.0611608876464285,3.3694496014439106,0.0,0.0,0.0,0.0,0.0,0.0
13,65,9.71162925775103,8.70866101776078,0.0,1.0,0.0,1.0,1.0,0.0
14,65,1.2976008110966246,9.375860906178485,1.0,0.0,0.0,1.0,0.0,0.0
15,65,9.53156409572794,1.4134660147891016,0.0,0.0,0.0,0.0,1.0,0.0
16,65,5.201988366138279,6.080744036082762,1.0,0.0,0.0,0.0,1.0,0.0
17,65,12.0,4.488922891678845,1.0,0.0,0.0,1.0,0.0,0.0
18,65,9.18039014159764,5.698532032371685,0.0,0.0,0.0,0.0,0.0,0.0
19,65,0.5719611283097463,8.381152219096888,0.0,0.0,1.0,1.0,0.0,0.0
20,65,8.844253831378586,1.0941566232131887,0.0,0.0,0.0,0.0,0.0,0.0
21,65,10.511177097527668,6.31654834530934,0.0,0.0,0.0,0.0,1.0,1.0
22,65,12.0,0.3397684726331614,0.0,0.0,0.0,0.0,0.0,0.0
23,65,5.367940692870576,5.735227302816621,0.0,1.0,1.0,1.0,0.0,1.0
24,65,8.381411819835556,0.0,1.0,1.0,1.0,1.0,0.0,0.0
25,65,2.489534720769065,4.8029267909997,0.0,1.0,0.0,0.0,1.0,1.0
26,65,8.250789410576841,11.443034146265123,0.0,0.0,0.0,1.0,1.0,1.0
27,65,11.90979860458429,8.801964980766462,0.0,0.0,0.0,1.0,0.0,1.0
28,65,0.2861538418267559,2.560583034988149,0.0,0.0,0.0,0.0,0.0,0.0
29,65,6.118875306321153,10.976287897310495,1.0,0.0,0.0,0.0,0.0,0.0
30,65,4.412991730047424,10.800251332009616,1.0,1.0,0.0,0.0,1.0,1.0
31,65,6.559576054296897,11.493401584031854,1.0,1.0,1.0,1.0,0.0,0.0
32,65,11.626276511053923,8.075556184349573,0.0,0.0,0.0,1.0,0.0,0.0
33,65,11.90112095431788,2.87680539678044,0.0,1.0,0.0,0.0,0.0,0.0
34,65,6.720038869630487,10.355797133326975,0.0,1.0,0.0,0.0,1.0,0.0
35,65,0.138692227217606,9.00688912139764,1.0,0.0,0.0,0.0,1.0,0.0
36,65,8.723355382475066,7.240127419335688,0.0,1.0,1.0,0.0,1.0,1.0
37,65,3.486235245406546,4.184874347575614,1.0,0.0,0.0,0.0,1.0,1.0
38,65,2.847969206863901,6.260472298264117,1.0,0.0,1.0,0.0,1.0,0.0
39,65,9.505759624879422,7.366358546649818,0.0,1.0,1.0,1.0,1.0,1.0
0,70,0.0,0.8285234363691575,0.0,1.0,0.0,1.0,0.0,1.0
1,70,8.306486516354676,9.504982965496788,1.0,0.0,1.0,1.0,1.0,1.0
2,70,2.710088972481473,8.895329085791793,0.0,0.0,0.0,0.0,0.0,0.0
3,70,0.0,10.470947183229296,0.0,0.0,1.0,0.0,0.0,0.0
4,70,0.0,6.497476473380206,0.0,0.0,1.0,0.0,1.0,0.0
5,70,2.1584407078651835,5.087188555205615,1.0,1.0,0.0,0.0,0.0,0.0
6,70,6.410646273222658,8.132299910914067,1.0,0.0,1.0,0.0,1.0,1.0
7,70,0.0123073658068302,5.086099149326983,0.0,0.0,0.0,0.0,1.0,0.0
8,70,1.5039620389109722,7.645133233968511,0.0,0.0,1.0,1.0,0.0,1.0
9,70,8.9960200748048,8.42459794041711,1.0,0.0,0.0,1.0,0.0,0.0
10,70,0.0,7.2818484390745235,0.0,1.0,1.0,0.0,0.0,0.0
11,70,3.2790309600651355,3.321588575359616,0.0,0.0,0.0,0.0,1.0,1.0
12,70,5.177689288521478,3.4058796414883594,0.0,0.0,0.0,0.0,0.0,0.0
13,70,9.715984432481571,8.815921561612557,0.0,1.0,0.0,1.0,1.0,0.0
14,70,1.235902464402004,9.498583332732956,1.0,0.0,0.0,1.0,0.0,0.0
15,70,9.502630411102023,1.373920950948804,0.0,0.0,0.0,0.0,1.0,0.0
16,70,5.224949364625083,5.981344842047566,1.0,0.0,0.0,0.0,1.0,0.0
17,70,12.0,4.511935222194574,1.0,0.0,0.0,1.0,0.0,0.0
18,70,9.189881741967849,5.686123550112469,0.0,0.0,0.0,0.0,0.0,0.0
19,70,0.619346024820024,8.390153198901414,0.0,0.0,1.0,1.0,0.0,0.0
20,70,8.822718820950476,1.1066980603316146,0.0,0.0,0.0,0.0,0.0,0.0
21,70,10.54917929302498,6.418484442659993,0.0,0.0,0.0,0.0,1.0,1.0
22,70,12.0,0.2132246028455388,0.0,0.0,0.0,0.0,0.0,0.0
23,70,5.295597037764664,5.703940948750209,0.0,1.0,1.0,1.0,0.0,1.0
24,70,8.292698273434747,0.0,1.0,1.0,1.0,1.0,0.0,0.0
25,70,2.451725820513975,4.8610200832495964,0.0,1.0,0.0,0.0,1.0,1.0
26,70,8.176956706534014,11.388221698454778,0.0,0.0,0.0,1.0,1.0,1.0
27,70,12.0,8.889421654639913,0.0,0.0,0.0,1.0,0.0,1.0
28,70,0.2880584913593049,2.5574227607977518,0.0,0.0,0.0,0.0,0.0,0.0
29,70,6.231391972592774,10.980526563544428,1.0,0.0,0.0,0.0,0.0,0.0
30,70,4.518913697187409,10.872507989494686,1.0,1.0,0.0,0.0,1.0,1.0
31,70,6.527957107677562,11.456613792934233,1.0,1.0,1.0,1.0,0.0,0.0
32,70,11.599879146967462,8.159215273800006,0.0,0.0,0.0,1.0,0.0,0.0
33,70,11.944643385802374,2.8684961568083254,0.0,1.0,0.0,0.0,0.0,0.0
34,70,6.712376721472506,10.35041998235405,0.0,1.0,0.0,0.0,1.0,0.0
35,70,0.1640870843554566,9.00094627956379,1.0,0.0,0.0,0.0,1.0,0.0
36,70,8.707041382683727,7.200334113674352,0.0,1.0,1.0,0.0,1.0,1.0
37,70,3.406762619685923,4.213371760934838,1.0,0.0,0.0,0.0,1.0,1.0
38,70,2.8477182780405075,6.2608610255064745,1.0,0.0,1.0,0.0,1.0,0.0
39,70,9.655616399675036,7.41153192699465,0.0,1.0,1.0,1.0,1.0,1.0
0,75,0.0,0.753269988005116,0.0,1.0,0.0,1.0,0.0,1.0
1,75,8.239821959254076,9.39003343373314,1.0,0.0,1.0,1.0,1.0,1.0
2,75,2.714750001984972,8.89444713092172,0.0,0.0,0.0,0.0,0.0,0.0
3,75,0.0,10.506868875999954,0.0,0.0,1.0,0.0,0.0,0.0
4,75,0.0,6.539005092734128,0.0,0.0,1.0,0.0,1.0,0.0
5,75,2.16610537096139,5.122805957435087,1.0,1.0,0.0,0.0,0.0,0.0
6,75,6.598906386941821,8.148337324493014,1.0,0.0,1.0,0.0,1.0,1.0
7,75,0.0117691116091635,5.000137068624469,0.0,0.0,0.0,0.0,1.0,0.0
8,75,1.4749142985329142,7.681858729902402,0.0,0.0,1.0,1.0,0.0,1.0
9,75,8.996098736097688,8.392925480636993,1.0,0.0,0.0,1.0,0.0,0.0
10,75,0.0,7.290468746934629,0.0,1.0,1.0,0.0,0.0,0.0
11,75,3.2330079417526374,3.2853167337747933,0.0,0.0,0.0,0.0,1.0,1.0
12,75,5.289171833540634,3.4433337994194297,0.0,0.0,0.0,0.0,0.0,0.0
13,75,9.720222488746112,8.91052167106588,0.0,1.0,0.0,1.0,1.0,0.0
14,75,1.1780359692579152,9.61532239782751,1.0,0.0,0.0,1.0,0.0,0.0
15,75,9.467126864136944,1.3293279219282508,0.0,0.0,0.0,0.0,1.0,0.0
16,75,5.248029229839787,5.874491481437831,1.0,0.0,0.0,0.0,1.0,0.0
17,75,12.0,4.532129418937673,1.0,0.0,0.0,1.0,0.0,0.0
18,75,9.18992917072122,5.686060608087621,0.0,0.0,0.0,0.0,0.0,0.0
19,75,0.6448736333831141,8.395900129891958,0.0,0.0,1.0,1.0,0.0,0.0
20,75,8.800429566791955,1.1201941566492672,0.0,0.0,0.0,0.0,0.0,0.0
21,75,10.580817423061546,6.499584376226911,0.0,0.0,0.0,0.0,1.0,1.0
22,75,12.0,0.05562501615122,0.0,0.0,0.0,0.0,0.0,0.0
23,75,5.209050170739589,5.665978632849427,0.0,1.0,1.0,1.0,0.0,1.0
24,75,8.206142494912191,0.0,1.0,1.0,1.0,1.0,0.0,0.0
25,75,2.419863795550804,4.909924228295408,0.0,1.0,0.0,0.0,1.0,1.0
26,75,8.103245174540632,11.333075662753126,0.0,0.0,0.0,1.0,1.0,1.0
27,75,12.0,8.964300989452273,0.0,0.0,0.0,1.0,0.0,1.0
28,75,0.2958741002642407,2.5444036641017016,0.0,0.0,0.0,0.0,0.0,0.0
29,75,6.373358757106614,10.9872556675149,1.0,0.0,0.0,0.0,0.0,0.0
30,75,4.622922052516746,10.944033077530207,1.0,1.0,0.0,0.0,1.0,1.0
31,75,6.484565179189665,11.404978021885004,1.0,1.0,1.0,1.0,0.0,0.0
32,75,11.57580153709774,8.231382378363486,0.0,0.0,0.0,1.0,0.0,0.0
33,75,11.979113358184591,2.860926868441827,0.0,1.0,0.0,0.0,0.0,0.0
34,75,6.697447656875197,10.340187943858146,0.0,1.0,0.0,0.0,1.0,0.0
35,75,0.1838246148804373,8.996693480227224,1.0,0.0,0.0,0.0,1.0,0.0
36,75,8.696405639140343,7.17413216218014,0.0,1.0,1.0,0.0,1.0,1.0
37,75,3.3168114840610867,4.240654166872776,1.0,0.0,0.0,0.0,1.0,1.0
38,75,2.8447878818188705,6.265463551623671,1.0,0.0,1.0,0.0,1.0,0.0
39,75,9.79057767386031,7.458172387636667,0.0,1.0,1.0,1.0,1.0,1.0
0,80,0.0,0.6866224751141747,0.0,1.0,0.0,1.0,0.0,1.0
1,80,8.161644013879686,9.254165028240344,1.0,0.0,1.0,1.0,1.0,1.0
2,80,2.731531129314344,8.891569478153801,0.0,0.0,0.0,0.0,0.0,0.0
3,80,0.0,10.539465649490213,0.0,0.0,1.0,0.0,0.0,0.0
4,80,0.0,6.575492522540589,0.0,0.0,1.0,0.0,1.0,0.0
5,80,2.173284916255485,5.159167481655028,1.0,1.0,0.0,0.0,0.0,0.0
6,80,6.791438875322337,8.167206372981589,1.0,0.0,1.0,0.0,1.0,1.0
7,80,0.0084947372483222,4.909080047171315,0.0,0.0,0.0,0.0,1.0,0.0
8,80,1.443409837385325,7.722404634290991,0.0,0.0,1.0,1.0,0.0,1.0
9,80,8.996352888850852,8.374450942809384,1.0,0.0,0.0,1.0,0.0,0.0
10,80,0.0,7.298640691133757,0.0,1.0,1.0,0.0,0.0,0.0
11,80,3.193524291346196,3.254650812253137,0.0,0.0,0.0,0.0,1.0,1.0
12,80,5.412318199932468,3.4854419615855528,0.0,0.0,0.0,0.0,0.0,0.0
13,80,9.724253923277375,8.978792670945838,0.0,1.0,0.0,1.0,1.0,0.0
14,80,1.1044894765238171,9.75128305868747,1.0,0.0,0.0,1.0,0.0,0.0
15,80,9.41959817983162,1.2698768934008915,0.0,0.0,0.0,0.0,1.0,0.0
16,80,5.270631197171399,5.758154606290045,1.0,0.0,0.0,0.0,1.0,0.0
17,80,12.0,4.574195816391569,1.0,0.0,0.0,1.0,0.0,0.0
18,80,9.215893172748869,5.649980234355356,0.0,0.0,0.0,0.0,0.0,0.0
19,80,0.6869353127922652,8.405857020175816,0.0,0.0,1.0,1.0,0.0,0.0
20,80,8.765058971615625,1.1428258531628852,0.0,0.0,0.0,0.0,0.0,0.0
21,80,10.617669988535518,6.581760005090706,0.0,0.0,0.0,0.0,1.0,1.0
22,80,12.0,0.0,0.0,0.0,0.0,0.0,0.0,0.0
23,80,5.109524369158291,5.621614073977357,0.0,1.0,1.0,1.0,0.0,1.0
24,80,8.11314226413665,0.0,1.0,1.0,1.0,1.0,0.0,0.0
25,80,2.3883142568309834,4.958496007004573,0.0,1.0,0.0,0.0,1.0,1.0
26,80,8.022043443747915,11.269609323300084,0.0,0.0,0.0,1.0,1.0,1.0
27,80,12.0,9.047907039951122,0.0,0.0,0.0,1.0,0.0,1.0
28,80,0.3007213356887333,2.5362277223467347,0.0,0.0,0.0,0.0,0.0,0.0
29,80,6.5120185782216815,10.997957610697853,1.0,0.0,0.0,0.0,0.0,0.0
30,80,4.704687815736216,11.002805909361406,1.0,1.0,0.0,0.0,1.0,1.0
31,80,6.444562829904102,11.356207907384473,1.0,1.0,1.0,1.0,0.0,0.0
32,80,11.554327369213446,8.295097933149089,0.0,0.0,0.0,1.0,0.0,0.0
33,80,12.0,2.853969109891359,0.0,1.0,0.0,0.0,0.0,0.0
34,80,6.669677147246854,10.32030178987505,0.0,1.0,0.0,0.0,1.0,0.0
35,80,0.1870899221817296,8.996052264622367,1.0,0.0,0.0,0.0,1.0,0.0
36,80,8.683859161399358,7.143705279761757,0.0,1.0,1.0,0.0,1.0,1.0
37,80,3.2279406450488146,4.26821458453577,1.0,0.0,0.0,0.0,1.0,1.0
38,80,2.8586417203303403,6.244406060872907,1.0,0.0,1.0,0.0,1.0,0.0
39,80,9.947793216995668,7.515714967772231,0.0,1.0,1.0,1.0,1.0,1.0
0,85,0.0,0.6356565021491373,0.0,1.0,0.0,1.0,0.0,1.0
1,85,8.302778037879335,9.16982783941293,1.0,0.0,1.0,1.0,1.0,1.0
2,85,2.7498744294197324,8.888246127871426,0.0,0.0,0.0,0.0,0.0,0.0
3,85,0.0,10.552738949495874,0.0,0.0,1.0,0.0,0.0,0.0
4,85,0.0,6.608040221093913,0.0,0.0,1.0,0.0,1.0,0.0
5,85,2.177870094937449,5.181471837031912,1.0,1.0,0.0,0.0,0.0,0.0
6,85,6.977770548226417,8.185021521734924,1.0,0.0,1.0,0.0,1.0,1.0
7,85,0.0047462919759638,4.823966657246793,0.0,0.0,0.0,0.0,1.0,0.0
8,85,1.4161183386846683,7.755877765922003,0.0,0.0,1.0,1.0,0.0,1.0
9,85,8.996203032870927,8.37914572491036,1.0,0.0,0.0,1.0,0.0,0.0
10,85,0.0,7.302512109287749,0.0,1.0,1.0,0.0,0.0,0.0
11,85,3.1607058368174537,3.2307986262516155,0.0,0.0,0.0,0.0,1.0,1.0
12,85,5.542205997318834,3.531851794982069,0.0,0.0,0.0,0.0,0.0,0.0
13,85,9.730304429435716,9.032282312550546,0.0,1.0,0.0,1.0,1.0,0.0
14,85,1.027957168278108,9.889681097722592,1.0,0.0,0.0,1.0,0.0,0.0
15,85,9.369716803083458,1.2114448279761063,0.0,0.0,0.0,0.0,1.0,0.0
16,85,5.291509731098793,5.637272673961924,1.0,0.0,0.0,0.0,1.0,0.0
17,85,12.0,4.632154645689561,1.0,0.0,0.0,1.0,0.0,0.0
18,85,9.24327831980994,5.6100834703379805,0.0,0.0,0.0,0.0,0.0,0.0
19,85,0.717278841395151,8.413300668158126,0.0,0.0,1.0,1.0,0.0,0.0
20,85,8.743984767580145,1.156556665210038,0.0,0.0,0.0,0.0,0.0,0.0
21,85,10.659445169770374,6.674392914620448,0.0,0.0,0.0,0.0,1.0,1.0
22,85,12.0,0.0,0.0,0.0,0.0,0.0,0.0,0.0
23,85,5.01366924068155,5.5763186028318,0.0,1.0,1.0,1.0,0.0,1.0
24,85,8.022782793879028,0.0,1.0,1.0,1.0,1.0,0.0,0.0
25,85,2.366572327541641,4.991075194016387,0.0,1.0,0.0,0.0,1.0,1.0
26,85,7.960109512759709,11.21961048379095,0.0,0.0,0.0,1.0,1.0,1.0
27,85,12.0,9.12726477208144,0.0,0.0,0.0,1.0,0.0,1.0
28,85,0.3091958127901464,2.5220780059445915,0.0,0.0,0.0,0.0,0.0,0.0
29,85,6.631975559814266,11.009614949214429,1.0,0.0,0.0,0.0,0.0,0.0
30,85,4.776683824326122,11.055754151618729,1.0,1.0,0.0,0.0,1.0,1.0
31,85,6.400303411318239,11.303089374303768,1.0,1.0,1.0,1.0,0.0,0.0
32,85,11.540429270865314,8.343751914793923,0.0,0.0,0.0,1.0,0.0,0.0
33,85,12.0,2.8447605894283114,0.0,1.0,0.0,0.0,0.0,0.0
34,85,6.648057657576644,10.303293644208196,0.0,1.0,0.0,0.0,1.0,0.0
35,85,0.1950492068190788,8.994413557081323,1.0,0.0,0.0,0.0,1.0,0.0
36,85,8.670785751694654,7.112980844873253,0.0,1.0,1.0,0.0,1.0,1.0
37,85,3.1330300164676887,4.298225791938823,1.0,0.0,0.0,0.0,1.0,1.0
38,85,2.864460860186649,6.235306120466753,1.0,0.0,1.0,0.0,1.0,0.0
39,85,10.126206921955903,7.577584464927857,0.0,1.0,1.0,1.0,1.0,1.0
0,90,0.0,0.5551733144354075,0.0,1.0,0.0,1.0,0.0,1.0
1,90,8.452057435567434,9.078596629381355,1.0,0.0,1.0,1.0,1.0,1.0
2,90,2.7894042956514284,8.88131955771491,0.0,0.0,0.0,0.0,0.0,0.0
3,90,0.0,10.561078986230182,0.0,0.0,1.0,0.0,0.0,0.0
4,90,0.0,6.641928843643696,0.0,0.0,1.0,0.0,1.0,0.0
5,90,2.1826965159063167,5.202680147845361,1.0,1.0,0.0,0.0,0.0,0.0
6,90,7.164843030691048,8.196382201358366,1.0,0.0,1.0,0.0,1.0,1.0
7,90,0.0009330557540298,4.745414842332454,0.0,0.0,0.0,0.0,1.0,0.0
8,90,1.386220693208874,7.791810547507067,0.0,0.0,1.0,1.0,0.0,1.0
9,90,8.995586899829412,8.396601343697684,1.0,0.0,0.0,1.0,0.0,0.0
10,90,0.0,7.30619994811582,0.0,1.0,1.0,0.0,0.0,0.0
11,90,3.1408330217928992,3.21564917989863,0.0,0.0,0.0,0.0,1.0,1.0
12,90,5.676413048908808,3.577822473911473,0.0,0.0,0.0,0.0,0.0,0.0
13,90,9.73409690555749,9.064562092531755,0.0,1.0,0.0,1.0,1.0,0.0
14,90,0.94863379658061,10.03748591450008,1.0,0.0,0.0,1.0,0.0,0.0
15,90,9.317551939165384,1.149834829651342,0.0,0.0,0.0,0.0,1.0,0.0
16,90,5.314032674701051,5.50511065704534,1.0,0.0,0.0,0.0,1.0,0.0
17,90,12.0,4.682109707422928,1.0,0.0,0.0,1.0,0.0,0.0
18,90,9.284944634492904,5.552523834543434,0.0,0.0,0.0,0.0,0.0,0.0
19,90,0.7468648347193821,8.420479979322444,0.0,0.0,1.0,1.0,0.0,0.0
20,90,8.707299588434743,1.17946765578607,0.0,0.0,0.0,0.0,0.0,0.0
21,90,10.699374016794808,6.759242257965307,0.0,0.0,0.0,0.0,1.0,1.0
22,90,12.0,0.0,0.0,0.0,0.0,0.0,0.0,0.0
23,90,4.900531540918946,5.524602228177704,0.0,1.0,1.0,1.0,0.0,1.0
24,90,7.958470227031167,0.0,1.0,1.0,1.0,1.0,0.0,0.0
25,90,2.3486497555489283,5.018108563388087,0.0,1.0,0.0,0.0,1.0,1.0
26,90,7.91106073840001,11.179363115706415,0.0,0.0,0.0,1.0,1.0,1.0
27,90,12.0,9.195769995765124,0.0,0.0,0.0,1.0,0.0,1.0
28,90,0.3179464411970762,2.50751763566777,0.0,0.0,0.0,0.0,0.0,0.0
29,90,6.736702797084372,11.020670133856008,1.0,0.0,0.0,0.0,0.0,0.0
30,90,4.837182529466742,11.102882441133296,1.0,1.0,0.0,0.0,1.0,1.0
31,90,6.345977522477267,11.237485535592484,1.0,1.0,1.0,1.0,0.0,0.0
32,90,11.501120770653507,8.332409244650444,0.0,0.0,0.0,1.0,0.0,0.0
33,90,12.0,2.832691650743716,0.0,1.0,0.0,0.0,0.0,0.0
34,90,6.6275781498053785,10.288228050350662,0.0,1.0,0.0,0.0,1.0,0.0
35,90,0.2148535411692081,8.990805853311597,1.0,0.0,0.0,0.0,1.0,0.0
36,90,8.663737068670656,7.097352249531141,0.0,1.0,1.0,0.0,1.0,1.0
37,90,3.0979795033002,4.194201248234055,1.0,0.0,0.0,0.0,1.0,1.0
38,90,2.863418234656861,6.23697332965625,1.0,0.0,1.0,0.0,1.0,0.0
39,90,10.311341925659308,7.641551434835809,0.0,1.0,1.0,1.0,1.0,1.0
0,95,0.0,0.4883708010457235,0.0,1.0,0.0,1.0,0.0,1.0
1,95,8.608394244663655,8.986081593874886,1.0,0.0,1.0,1.0,1.0,1.0
2,95,2.8202332658456872,8.875072020389245,0.0,0.0,0.0,0.0,0.0,0.0
3,95,0.0,10.57192763014722,0.0,0.0,1.0,0.0,0.0,0.0
4,95,0.0,6.67038381898571,0.0,0.0,1.0,0.0,1.0,0.0
5,95,2.184945818876946,5.214426251384667,1.0,1.0,0.0,0.0,0.0,0.0
6,95,7.337467886813058,8.21392238885697,1.0,0.0,1.0,0.0,1.0,1.0
7,95,0.0,4.658743826534133,0.0,0.0,0.0,0.0,1.0,0.0
8,95,1.351107087569876,7.835410271338368,0.0,0.0,1.0,1.0,0.0,1.0
9,95,8.99562909131234,8.412784044934323,1.0,0.0,0.0,1.0,0.0,0.0
10,95,0.0,7.310937380852416,0.0,1.0,1.0,0.0,0.0,0.0
11,95,3.1221712977900866,3.2013961373985262,0.0,0.0,0.0,0.0,1.0,1.0
12,95,5.788976114975962,3.6166218206611065,0.0,0.0,0.0,0.0,0.0,0.0
13,95,9.735842595956033,9.080736108447242,0.0,1.0,0.0,1.0,1.0,0.0
14,95,0.8666537255849596,10.195650522166012,1.0,0.0,0.0,1.0,0.0,0.0
15,95,9.395676926204928,1.0833748576706344,0.0,0.0,0.0,0.0,1.0,0.0
16,95,5.335191233142339,5.389527038488757,1.0,0.0,0.0,0.0,1.0,0.0
17,95,12.0,4.719131923961014,1.0,0.0,0.0,1.0,0.0,0.0
18,95,9.338593003288429,5.479784241021685,0.0,0.0,0.0,0.0,0.0,0.0
19,95,0.7741336982405513,8.42648457272163,0.0,0.0,1.0,1.0,0.0,0.0
20,95,8.675699378775336,1.2002759930190687,0.0,0.0,0.0,0.0,0.0,0.0
21,95,10.747250966885638,6.85759907516361,0.0,0.0,0.0,0.0,1.0,1.0
22,95,12.0,0.0,0.0,0.0,0.0,0.0,0.0,0.0
23,95,4.797196723661167,5.48012525225013,0.0,1.0,1.0,1.0,0.0,1.0
24,95,7.89557114365109,0.0,1.0,1.0,1.0,1.0,0.0,0.0
25,95,2.3280768660602496,5.049889685447456,0.0,1.0,0.0,0.0,1.0,1.0
26,95,7.856684104145809,11.13410787794718,0.0,0.0,0.0,1.0,1.0,1.0
27,95,12.0,9.244206684600073,0.0,0.0,0.0,1.0,0.0,1.0
28,95,0.3257746265135113,2.494569018119332,0.0,0.0,0.0,0.0,0.0,0.0
29,95,6.855863579004243,11.033323677176092,1.0,0.0,0.0,0.0,0.0,0.0
30,95,4.914490205420655,11.163448480780252,1.0,1.0,0.0,0.0,1.0,1.0
31,95,6.274130768790969,11.147542953952076,1.0,1.0,1.0,1.0,0.0,0.0
32,95,11.465271093257192,8.32255043083452,0.0,0.0,0.0,1.0,0.0,0.0
33,95,12.0,2.8238944000531543,0.0,1.0,0.0,0.0,0.0,0.0
34,95,6.590027540983885,10.260349578394257,0.0,1.0,0.0,0.0,1.0,0.0
35,95,0.2326839658058167,8.98761822749291,1.0,0.0,0.0,0.0,1.0,0.0
36,95,8.650721833314803,7.0660848633636,0.0,1.0,1.0,0.0,1.0,1.0
37,95,3.0602160552275417,4.088250238257142,1.0,0.0,0.0,0.0,1.0,1.0
38,95,2.861390296275391,6.240313477560593,1.0,0.0,1.0,0.0,1.0,0.0
39,95,10.510635296049502,7.708805249927278,0.0,1.0,1.0,1.0,1.0,1.0
0,100,0.0,0.4281855125990739,0.0,1.0,0.0,1.0,0.0,1.0
1,100,8.779197194182906,8.880055733735931,1.0,0.0,1.0,1.0,1.0,1.0
2,100,2.866153745522872,8.86579930639659,0.0,0.0,0.0,0.0,0.0,0.0
3,100,0.0,10.589568426027968,0.0,0.0,1.0,0.0,0.0,0.0
4,100,0.0,6.704115352856252,0.0,0.0,1.0,0.0,1.0,0.0
5,100,2.1881014913244474,5.231126951820553,1.0,1.0,0.0,0.0,0.0,0.0
6,100,7.531285458142285,8.233599291821497,1.0,0.0,1.0,0.0,1.0,1.0
7,100,0.0,4.587944684991191,0.0,0.0,0.0,0.0,1.0,0.0
8,100,1.3228727843505896,7.8713282259612765,0.0,0.0,1.0,1.0,0.0,1.0
9,100,8.996228197059866,8.44195624363113,1.0,0.0,0.0,1.0,0.0,0.0
10,100,0.0,7.311305534405098,0.0,1.0,1.0,0.0,0.0,0.0
11,100,3.104667690178086,3.188044333147137,0.0,0.0,0.0,0.0,1.0,1.0
12,100,5.916249634369367,3.661793694939963,0.0,0.0,0.0,0.0,0.0,0.0
13,100,9.736871092547716,9.092140822848792,0.0,1.0,0.0,1.0,1.0,0.0
14,100,0.7733202310337315,10.37582210222165,1.0,0.0,0.0,1.0,0.0,0.0
15,100,9.470453512732968,1.022331048000265,0.0,0.0,0.0,0.0,1.0,0.0
16,100,5.351200421361971,5.293659699881624,1.0,0.0,0.0,0.0,1.0,0.0
17,100,12.0,4.759420186123415,1.0,0.0,0.0,1.0,0.0,0.0
18,100,9.384683959984786,5.414617900956853,0.0,0.0,0.0,0.0,0.0,0.0
19,100,0.8026244937099618,8.433140687440414,0.0,0.0,1.0,1.0,0.0,0.0
20,100,8.663062344377773,1.208785456157825,0.0,0.0,0.0,0.0,0.0,0.0
21,100,10.788696432765228,6.936056669169703,0.0,0.0,0.0,0.0,1.0,1.0
22,100,12.0,0.0,0.0,0.0,0.0,0.0,0.0,0.0
23,100,4.682899772889228,5.431028644838388,0.0,1.0,1.0,1.0,0.0,1.0
24,100,7.809256854181025,0.0,1.0,1.0,1.0,1.0,0.0,0.0
25,100,2.3074563746975856,5.082610379054069,0.0,1.0,0.0,0.0,1.0,1.0
26,100,7.810245489080535,11.093667596191958,0.0,0.0,0.0,1.0,1.0,1.0
27,100,12.0,9.291970671748157,0.0,0.0,0.0,1.0,0.0,1.0
28,100,0.3370239406005209,2.4765737452652674,0.0,0.0,0.0,0.0,0.0,0.0
29,100,6.9754854958325945,11.044585137335725,1.0,0.0,0.0,0.0,0.0,0.0
30,100,4.996141099828534,11.22361634263954,1.0,1.0,0.0,0.0,1.0,1.0
31,100,6.210434165366877,11.067327979708478,1.0,1.0,1.0,1.0,0.0,0.0
32,100,11.433402226245786,8.313945591691017,0.0,0.0,0.0,1.0,0.0,0.0
33,100,12.0,2.8123590585462126,0.0,1.0,0.0,0.0,0.0,0.0
34,100,6.559029172725463,10.236723826503802,0.0,1.0,0.0,0.0,1.0,0.0
35,100,0.2551530382039279,8.983388547423528,1.0,0.0,0.0,0.0,1.0,0.0
36,100,8.637628664458557,7.036071982435007,0.0,1.0,1.0,0.0,1.0,1.0
37,100,3.0240217849728737,3.980972767861794,1.0,0.0,0.0,0.0,1.0,1.0
38,100,2.8679838012660333,6.230141527535692,1.0,0.0,1.0,0.0,1.0,0.0
39,100,10.71096809566149,7.774961945629861,0.0,1.0,1.0,1.0,1.0,1.0
0,105,0.0,0.3814492908419463,0.0,1.0,0.0,1.0,0.0,1.0
1,105,8.957506733304832,8.771747480985479,1.0,0.0,1.0,1.0,1.0,1.0
2,105,2.932786401036092,8.853084533564623,0.0,0.0,0.0,0.0,0.0,0.0
3,105,0.0,10.604475999336213,0.0,0.0,1.0,0.0,0.0,0.0
4,105,0.0,6.736025195021621,0.0,0.0,1.0,0.0,1.0,0.0
5,105,2.1901340076380102,5.241633628160836,1.0,1.0,0.0,0.0,0.0,0.0
6,105,7.740008807639341,8.25531786126715,1.0,0.0,1.0,0.0,1.0,1.0
7,105,0.0,4.501566246472021,0.0,0.0,0.0,0.0,1.0,0.0
8,105,1.2977793971680267,7.902753260161815,0.0,0.0,1.0,1.0,0.0,1.0
9,105,8.996567361950676,8.483149210793147,1.0,0.0,0.0,1.0,0.0,0.0
10,105,0.0136052672289411,7.308195905780758,0.0,1.0,1.0,0.0,0.0,0.0
11,105,3.074437567286465,3.163563812873538,0.0,0.0,0.0,0.0,1.0,1.0
12,105,6.028404685652679,3.698664678977843,0.0,0.0,0.0,0.0,0.0,0.0
13,105,9.739836076456092,9.122909964668889,0.0,1.0,0.0,1.0,1.0,0.0
14,105,0.6834713074734259,10.542894513524208,1.0,0.0,0.0,1.0,0.0,0.0
15,105,9.543501483604924,0.9614866862789964,0.0,0.0,0.0,0.0,1.0,0.0
16,105,5.365770251803903,5.194593634033785,1.0,0.0,0.0,0.0,1.0,0.0
17,105,12.0,4.810791092728303,1.0,0.0,0.0,1.0,0.0,0.0
18,105,9.428934778273646,5.355736302920637,0.0,0.0,0.0,0.0,0.0,0.0
19,105,0.8317430737929634,8.439518019999904,0.0,0.0,1.0,1.0,0.0,0.0
20,105,8.672461327580821,1.2022477597183228,0.0,0.0,0.0,0.0,0.0,0.0
21,105,10.826631384453265,7.009941647664329,0.0,0.0,0.0,0.0,1.0,1.0
22,105,12.0,0.0,0.0,0.0,0.0,0.0,0.0,0.0
23,105,4.576968326259482,5.384552536954124,0.0,1.0,1.0,1.0,0.0,1.0
24,105,7.7440699685798835,0.0,1.0,1.0,1.0,1.0,0.0,0.0
25,105,2.2962148501037176,5.100441190150511,0.0,1.0,0.0,0.0,1.0,1.0
26,105,7.766687376137978,11.054928426180458,0.0,0.0,0.0,1.0,1.0,1.0
27,105,12.0,9.33677402159728,0.0,0.0,0.0,1.0,0.0,1.0
28,105,0.3507637079053787,2.452661107054778,0.0,0.0,0.0,0.0,0.0,0.0
29,105,7.090597341481256,11.056950565456596,1.0,0.0,0.0,0.0,0.0,0.0
30,105,5.061733956118786,11.27330710168762,1.0,1.0,0.0,0.0,1.0,1.0
31,105,6.150639056066836,10.994957570292335,1.0,1.0,1.0,1.0,0.0,0.0
32,105,11.412586071787196,8.307819612871372,0.0,0.0,0.0,1.0,0.0,0.0
33,105,12.0,2.797568053789404,0.0,1.0,0.0,0.0,0.0,0.0
34,105,6.518275362668599,10.202718860016576,0.0,1.0,0.0,0.0,1.0,0.0
35,105,0.2746276902923707,8.979334456472484,1.0,0.0,0.0,0.0,1.0,0.0
36,105,8.628653945770331,7.014193177543469,0.0,1.0,1.0,0.0,1.0,1.0
37,105,2.991285042899883,3.871344681856377,1.0,0.0,0.0,0.0,1.0,1.0
38,105,2.8879067746847378,6.197076826506303,1.0,0.0,1.0,0.0,1.0,0.0
39,105,10.894178159034514,7.836687462967059,0.0,1.0,1.0,1.0,1.0,1.0
0,110,0.0,0.3477362989470842,0.0,1.0,0.0,1.0,0.0,1.0
1,110,9.129294799678256,8.664799243921493,1.0,0.0,1.0,1.0,1.0,1.0
2,110,2.980290370494842,8.84344027373732,0.0,0.0,0.0,0.0,0.0,0.0
3,110,0.0,10.627161958893277,0.0,0.0,1.0,0.0,0.0,0.0
4,110,0.0,6.761739783146821,0.0,0.0,1.0,0.0,1.0,0.0
5,110,2.1937569256316056,5.2584544850626616,1.0,1.0,0.0,0.0,0.0,0.0
6,110,7.932083993922379,8.278263031989498,1.0,0.0,1.0,0.0,1.0,1.0
7,110,0.0,4.399488245852574,0.0,0.0,0.0,0.0,1.0,0.0
8,110,1.2770745077775214,7.929531013636725,0.0,0.0,1.0,1.0,0.0,1.0
9,110,8.997143812497677,8.514065211992568,1.0,0.0,0.0,1.0,0.0,0.0
10,110,0.0240053244911035,7.305896475423475,0.0,1.0,1.0,0.0,0.0,0.0
11,110,3.026237105263652,3.124430509576901,0.0,0.0,0.0,0.0,1.0,1.0
12,110,6.139444451506635,3.734220826024482,0.0,0.0,0.0,0.0,0.0,0.0
13,110,9.743726321462464,9.158731109516465,0.0,1.0,0.0,1.0,1.0,0.0
14,110,0.5895870910375549,10.71465243033301,1.0,0.0,0.0,1.0,0.0,0.0
15,110,9.617941516789411,0.9025136343319736,0.0,0.0,0.0,0.0,1.0,0.0
16,110,5.379882632751379,5.082470637553269,1.0,0.0,0.0,0.0,1.0,0.0
17,110,12.0,4.867563675323751,1.0,0.0,0.0,1.0,0.0,0.0
18,110,9.470986202615467,5.297172932537401,0.0,0.0,0.0,0.0,0.0,0.0
19,110,0.8669197004904127,8.446460927863093,0.0,0.0,1.0,1.0,0.0,0.0
20,110,8.688830743635625,1.1907541146953198,0.0,0.0,0.0,0.0,0.0,0.0
21,110,10.872157741107824,7.095457330680155,0.0,0.0,0.0,0.0,1.0,1.0
22,110,12.0,0.0,0.0,0.0,0.0,0.0,0.0,0.0
23,110,4.477353863884273,5.33943417047424,0.0,1.0,1.0,1.0,0.0,1.0
24,110,7.6762297732193,0.0,1.0,1.0,1.0,1.0,0.0,0.0
25,110,2.283983745617008,5.117619747240074,0.0,1.0,0.0,0.0,1.0,1.0
26,110,7.722782803867291,11.015037532375262,0.0,0.0,0.0,1.0,1.0,1.0
27,110,12.0,9.381768008240186,0.0,0.0,0.0,1.0,0.0,1.0
28,110,0.3657510043078149,2.42529195134522,0.0,0.0,0.0,0.0,0.0,0.0
29,110,7.206522915093704,11.069333106885749,1.0,0.0,0.0,0.0,0.0,0.0
30,110,5.129973727661246,11.323412470156477,1.0,1.0,0.0,0.0,1.0,1.0
31,110,6.091903559118518,10.922959433076832,1.0,1.0,1.0,1.0,0.0,0.0
32,110,11.389989505565708,8.300907964500325,0.0,0.0,0.0,1.0,0.0,0.0
33,110,12.0,2.782516871666481,0.0,1.0,0.0,0.0,0.0,0.0
34,110,6.45956292740272,10.15402208779219,0.0,1.0,0.0,0.0,1.0,0.0
35,110,0.2808928170922701,8.978081867429484,1.0,0.0,0.0,0.0,1.0,0.0
36,110,8.621303304519342,6.996175756226334,0.0,1.0,1.0,0.0,1.0,1.0
37,110,2.952798107725109,3.747382784599008,1.0,0.0,0.0,0.0,1.0,1.0
38,110,2.900002816515662,6.176658583365448,1.0,0.0,1.0,0.0,1.0,0.0
39,110,11.087156009517308,7.901493537805118,0.0,1.0,1.0,1.0,1.0,1.0
0,115,0.0,0.3132811208336927,0.0,1.0,0.0,1.0,0.0,1.0
1,115,9.313744095264848,8.548733549559119,1.0,0.0,1.0,1.0,1.0,1.0
2,115,3.044209615536251,8.833026599728429,0.0,0.0,0.0,0.0,0.0,0.0
3,115,0.0002761022193575,10.645557837614971,0.0,0.0,1.0,0.0,0.0,0.0
4,115,0.0,6.78156143538929,0.0,0.0,1.0,0.0,1.0,0.0
5,115,2.191851815434578,5.250710374577166,1.0,1.0,0.0,0.0,0.0,0.0
6,115,8.11875170841288,8.300267958130764,1.0,0.0,1.0,0.0,1.0,1.0
7,115,0.0,4.281607835813972,0.0,0.0,0.0,0.0,1.0,0.0
8,115,1.246357980603175,7.970416268993807,0.0,0.0,1.0,1.0,0.0,1.0
9,115,8.997277713869034,8.522340521579668,1.0,0.0,0.0,1.0,0.0,0.0
10,115,0.0420683831237803,7.301275031014637,0.0,1.0,1.0,0.0,0.0,0.0
11,115,2.983778594540651,3.089769710338306,0.0,0.0,0.0,0.0,1.0,1.0
12,115,6.269983329433045,3.774621061030072,0.0,0.0,0.0,0.0,0.0,0.0
13,115,9.749584079345151,9.215337723049563,0.0,1.0,0.0,1.0,1.0,0.0
14,115,0.4922872230972854,10.889479134475248,1.0,0.0,0.0,1.0,0.0,0.0
15,115,9.708800463293649,0.8285396124633481,0.0,0.0,0.0,0.0,1.0,0.0
16,115,5.397156758396313,4.975495405052301,1.0,0.0,0.0,0.0,1.0,0.0
17,115,12.0,4.9280119103632485,1.0,0.0,0.0,1.0,0.0,0.0
18,115,9.50953363735968,5.244631117430289,0.0,0.0,0.0,0.0,0.0,0.0
19,115,0.918604915408813,8.457992570714401,0.0,0.0,1.0,1.0,0.0,0.0
20,115,8.71378326889721,1.172761834397243,0.0,0.0,0.0,0.0,0.0,0.0
21,115,10.917192536583196,7.179003409690359,0.0,0.0,0.0,0.0,1.0,1.0
22,115,12.0,0.0,0.0,0.0,0.0,0.0,0.0,0.0
23,115,4.381493586156512,5.292773982484444,0.0,1.0,1.0,1.0,0.0,1.0
24,115,7.591640482159149,0.0,1.0,1.0,1.0,1.0,0.0,0.0
25,115,2.284462890071839,5.116950799739911,0.0,1.0,0.0,0.0,1.0,1.0
26,115,7.6905159463662685,10.984525540664947,0.0,0.0,0.0,1.0,1.0,1.0
27,115,12.0,9.435478430056548,0.0,0.0,0.0,1.0,0.0,1.0
28,115,0.3785783971318195,2.400742398670708,0.0,0.0,0.0,0.0,0.0,0.0
29,115,7.308691141406763,11.081368453889334,1.0,0.0,0.0,0.0,0.0,0.0
30,115,5.173560123618185,11.355121364645653,1.0,1.0,0.0,0.0,1.0,1.0
31,115,6.029150294704509,10.843505819239445,1.0,1.0,1.0,1.0,0.0,0.0
32,115,11.355841664450724,8.291318022273353,0.0,0.0,0.0,1.0,0.0,0.0
33,115,12.0,2.7704063630312823,0.0,1.0,0.0,0.0,0.0,0.0
34,115,6.417526699682797,10.1188553129207,0.0,1.0,0.0,0.0,1.0,0.0
35,115,0.2939512841717037,8.97545869896971,1.0,0.0,0.0,0.0,1.0,0.0
36,115,8.604782827890512,6.958338125243774,0.0,1.0,1.0,0.0,1.0,1.0
37,115,2.911774049335317,3.6157137314847594,1.0,0.0,0.0,0.0,1.0,1.0
38,115,2.9238177950672712,6.134542216729627,1.0,0.0,1.0,0.0,1.0,0.0
39,115,11.266580455317625,7.962005823701121,0.0,1.0,1.0,1.0,1.0,1.0
0,120,0.0,0.2567043934610432,0.0,1.0,0.0,1.0,0.0,1.0
1,120,9.494858828723578,8.439465339751775,1.0,0.0,1.0,1.0,1.0,1.0
2,120,3.1111644260992337,8.822758327491014,0.0,0.0,0.0,0.0,0.0,0.0
3,120,0.0002980092200496,10.6428027132622,0.0,0.0,1.0,0.0,0.0,0.0
4,120,0.0,6.798298251730895,0.0,0.0,1.0,0.0,1.0,0.0
5,120,2.1895953670703894,5.240622594685362,1.0,1.0,0.0,0.0,0.0,0.0
6,120,8.31376822661068,8.327017032803967,1.0,0.0,1.0,0.0,1.0,1.0
7,120,0.0,4.173619089173913,0.0,0.0,0.0,0.0,1.0,0.0
8,120,1.2134929255623268,8.014197250741471,0.0,0.0,1.0,1.0,0.0,1.0
9,120,8.997212552125742,8.553657309422864,1.0,0.0,0.0,1.0,0.0,0.0
10,120,0.0519291977472835,7.2984869432190145,0.0,1.0,1.0,0.0,0.0,0.0
11,120,2.955864723914222,3.0677328660462577,0.0,0.0,0.0,0.0,1.0,1.0
12,120,6.424261101223975,3.818909089656329,0.0,0.0,0.0,0.0,0.0,0.0
13,120,9.754421176148298,9.27427115036676,0.0,1.0,0.0,1.0,1.0,0.0
14,120,0.3938985738965129,11.062659331517144,1.0,0.0,0.0,1.0,0.0,0.0
15,120,9.815819573555336,0.7442870229814897,0.0,0.0,0.0,0.0,1.0,0.0
16,120,5.406753775707971,4.908622638557491,1.0,0.0,0.0,0.0,1.0,0.0
17,120,12.0,4.996815234708356,1.0,0.0,0.0,1.0,0.0,0.0
18,120,9.55183604271126,5.186502992601482,0.0,0.0,0.0,0.0,0.0,0.0
19,120,0.979975573037564,8.4697375393551,0.0,0.0,1.0,1.0,0.0,0.0
20,120,8.726290766737874,1.1635255055219325,0.0,0.0,0.0,0.0,0.0,0.0
21,120,10.962484034873285,7.263951814126764,0.0,0.0,0.0,0.0,1.0,1.0
22,120,12.0,0.0,0.0,0.0,0.0,0.0,0.0,0.0
23,120,4.283080333865707,5.243503705646494,0.0,1.0,1.0,1.0,0.0,1.0
24,120,7.514314815838916,0.0,1.0,1.0,1.0,1.0,0.0,0.0
25,120,2.288606454029946,5.1113210581211925,0.0,1.0,0.0,0.0,1.0,1.0
26,120,7.653768204072039,10.948126936013557,0.0,0.0,0.0,1.0,1.0,1.0
27,120,12.0,9.498317614748965,0.0,0.0,0.0,1.0,0.0,1.0
28,120,0.3962778833108881,2.369137143776088,0.0,0.0,0.0,0.0,0.0,0.0
29,120,7.429784028086328,11.096407032331332,1.0,0.0,0.0,0.0,0.0,0.0
30,120,5.207125653433869,11.378793195918163,1.0,1.0,0.0,0.0,1.0,1.0
31,120,5.966758906384389,10.763549558741754,1.0,1.0,1.0,1.0,0.0,0.0
32,120,11.30363478543616,8.277717032124796,0.0,0.0,0.0,1.0,0.0,0.0
33,120,12.0,2.7568990649221243,0.0,1.0,0.0,0.0,0.0,0.0
34,120,6.390739442376836,10.09680271770807,0.0,1.0,0.0,0.0,1.0,0.0
35,120,0.3047705366705335,8.973119409903406,1.0,0.0,0.0,0.0,1.0,0.0
36,120,8.568391840499226,6.974433223635246,0.0,1.0,1.0,0.0,1.0,1.0
37,120,2.8758412921654624,3.499627088425547,1.0,0.0,0.0,0.0,1.0,1.0
38,120,2.9517476356115977,6.083558579664741,1.0,0.0,1.0,0.0,1.0,0.0
39,120,11.4609857663239,8.02792816308902,0.0,1.0,1.0,1.0,1.0,1.0
0,125,0.0,0.1988787012185763,0.0,1.0,0.0,1.0,0.0,1.0
1,125,9.68030438388407,8.331936579273822,1.0,0.0,1.0,1.0,1.0,1.0
2,125,3.169617889521391,8.813804403608845,0.0,0.0,0.0,0.0,0.0,0.0
3,125,0.0002981407919461,10.639355013334477,0.0,0.0,1.0,0.0,0.0,0.0
4,125,0.0,6.811111769908476,0.0,0.0,1.0,0.0,1.0,0.0
5,125,2.1882190849096523,5.233212669485876,1.0,1.0,0.0,0.0,0.0,0.0
6,125,8.510249019305508,8.35858927823633,1.0,0.0,1.0,0.0,1.0,1.0
7,125,0.0,4.083077404612851,0.0,0.0,0.0,0.0,1.0,0.0
8,125,1.1820048455302643,8.056609192713882,0.0,0.0,1.0,1.0,0.0,1.0
9,125,8.997448391282617,8.57593002159484,1.0,0.0,0.0,1.0,0.0,0.0
10,125,0.0779226940429522,7.290973417644484,0.0,1.0,1.0,0.0,0.0,0.0
11,125,2.925457473126768,3.042863393703613,0.0,0.0,0.0,0.0,1.0,1.0
12,125,6.585499791682493,3.867654294393987,0.0,0.0,0.0,0.0,0.0,0.0
13,125,9.756846842794353,9.322315127172708,0.0,1.0,0.0,1.0,1.0,0.0
14,125,0.3058595146954387,11.210236728006604,1.0,0.0,0.0,1.0,0.0,0.0
15,125,9.927816769334756,0.6556003707068653,0.0,0.0,0.0,0.0,1.0,0.0
16,125,5.415289765879183,4.851404920345724,1.0,0.0,0.0,0.0,1.0,0.0
17,125,12.0,5.072597330601671,1.0,0.0,0.0,1.0,0.0,0.0
18,125,9.593097819514398,5.127938521119189,0.0,0.0,0.0,0.0,0.0,0.0
19,125,1.0393123170723666,8.482080980152542,0.0,0.0,1.0,1.0,0.0,0.0
20,125,8.749642311455887,1.146939842066684,0.0,0.0,0.0,0.0,0.0,0.0
21,125,11.004968581961256,7.345191156302,0.0,0.0,0.0,0.0,1.0,1.0
22,125,12.0,0.0,0.0,0.0,0.0,0.0,0.0,0.0
23,125,4.187514174825024,5.193888913595144,0.0,1.0,1.0,1.0,0.0,1.0
24,125,7.440201733925319,0.0,1.0,1.0,1.0,1.0,0.0,0.0
25,125,2.30004574937675,5.095927728276124,0.0,1.0,0.0,0.0,1.0,1.0
26,125,7.603760561366347,10.899097270600874,0.0,0.0,0.0,1.0,1.0,1.0
27,125,12.0,9.54920702808012,0.0,0.0,0.0,1.0,0.0,1.0
28,125,0.4235527688780705,2.3219170611830835,0.0,0.0,0.0,0.0,0.0,0.0
29,125,7.547604014406096,11.113176891946368,1.0,0.0,0.0,0.0,0.0,0.0
30,125,5.231012915187654,11.396134455220007,1.0,1.0,0.0,0.0,1.0,1.0
31,125,5.904672072798064,10.682768463981242,1.0,1.0,1.0,1.0,0.0,0.0
32,125,11.248131004425437,8.264133236321264,0.0,0.0,0.0,1.0,0.0,0.0
33,125,12.0,2.741528408217305,0.0,1.0,0.0,0.0,0.0,0.0
34,125,6.331920456118357,10.049353957031794,0.0,1.0,0.0,0.0,1.0,0.0
35,125,0.3105332330439655,8.972040870259672,1.0,0.0,0.0,0.0,1.0,0.0
36,125,8.531449834661032,6.9906392632912695,0.0,1.0,1.0,0.0,1.0,1.0
37,125,2.845520042105893,3.386049192123662,1.0,0.0,0.0,0.0,1.0,1.0
38,125,2.9850417289006663,6.021150189210408,1.0,0.0,1.0,0.0,1.0,0.0
39,125,11.663862531368844,8.100958946712991,0.0,1.0,1.0,1.0,1.0,1.0
0,130,0.0,0.1570314587559186,0.0,1.0,0.0,1.0,0.0,1.0
1,130,9.878607099946388,8.226750875251305,1.0,0.0,1.0,1.0,1.0,1.0
2,130,3.2263937904106945,8.804263030672733,0.0,0.0,0.0,0.0,0.0,0.0
3,130,0.0006321429587272,10.655461028861554,0.0,0.0,1.0,0.0,0.0,0.0
4,130,0.0,6.821314349971569,0.0,0.0,1.0,0.0,1.0,0.0
5,130,2.19092340694494,5.244903708827173,1.0,1.0,0.0,0.0,0.0,0.0
6,130,8.696706347368474,8.391054077801128,1.0,0.0,1.0,0.0,1.0,1.0
7,130,0.0,3.994039694212729,0.0,0.0,0.0,0.0,1.0,0.0
8,130,1.155174671511001,8.092093978647746,0.0,0.0,1.0,1.0,0.0,1.0
9,130,8.998648668397658,8.60740003383303,1.0,0.0,0.0,1.0,0.0,0.0
10,130,0.0906822656252808,7.286896996557487,0.0,1.0,1.0,0.0,0.0,0.0
11,130,2.9107626921908643,3.0310889517237767,0.0,0.0,0.0,0.0,1.0,1.0
12,130,6.746592207234606,3.91643525994665,0.0,0.0,0.0,0.0,0.0,0.0
13,130,9.75983359055606,9.376000965425357,0.0,1.0,0.0,1.0,1.0,0.0
14,130,0.2273346086291486,11.345239587028034,1.0,0.0,0.0,1.0,0.0,0.0
15,130,10.040542158202747,0.5616116482882083,0.0,0.0,0.0,0.0,1.0,0.0
16,130,5.421935931987332,4.800611039571163,1.0,0.0,0.0,0.0,1.0,0.0
17,130,12.0,5.113431003146409,1.0,0.0,0.0,1.0,0.0,0.0
18,130,9.64299606501962,5.058069734421872,0.0,0.0,0.0,0.0,0.0,0.0
19,130,1.0825070624238868,8.492571538218456,0.0,0.0,1.0,1.0,0.0,0.0
20,130,8.785261045244374,1.121571222487272,0.0,0.0,0.0,0.0,0.0,0.0
21,130,11.053885070390708,7.439218107925884,0.0,0.0,0.0,0.0,1.0,1.0
22,130,12.0,0.0,0.0,0.0,0.0,0.0,0.0,0.0
23,130,4.107912456131051,5.152928709028909,0.0,1.0,1.0,1.0,0.0,1.0
24,130,7.369964841770749,0.0,1.0,1.0,1.0,1.0,0.0,0.0
25,130,2.316729485197456,5.074046443483637,0.0,1.0,0.0,0.0,1.0,1.0
26,130,7.549729478665318,10.84559213342631,0.0,0.0,0.0,1.0,1.0,1.0
27,130,12.0,9.60453797045745,0.0,0.0,0.0,1.0,0.0,1.0
28,130,0.446818783736318,2.279433004998108,0.0,0.0,0.0,0.0,0.0,0.0
29,130,7.655680221490166,11.12827158363827,1.0,0.0,0.0,0.0,0.0,0.0
30,130,5.2381445309717165,11.40125106162202,1.0,1.0,0.0,0.0,1.0,1.0
31,130,5.848964087393085,10.6138293585965,1.0,1.0,1.0,1.0,0.0,0.0
32,130,11.199471155993097,8.251523438836767,0.0,0.0,0.0,1.0,0.0,0.0
33,130,12.0,2.726281610158839,0.0,1.0,0.0,0.0,0.0,0.0
34,130,6.2592577718390485,9.990635986275002,0.0,1.0,0.0,0.0,1.0,0.0
35,130,0.3103972974474412,8.972065939178052,1.0,0.0,0.0,0.0,1.0,0.0
36,130,8.498270255220946,7.004712795873869,0.0,1.0,1.0,0.0,1.0,1.0
37,130,2.8104806482230438,3.262133029122281,1.0,0.0,0.0,0.0,1.0,1.0
38,130,3.0198684418760418,5.956580410477154,1.0,0.0,1.0,0.0,1.0,0.0
39,130,11.846078620800958,8.163935333389285,0.0,1.0,1.0,1.0,1.0,1.0
0,135,0.0,0.1089935235825861,0.0,1.0,0.0,1.0,0.0,1.0
1,135,10.081772918311753,8.120923911875286,1.0,0.0,1.0,1.0,1.0,1.0
2,135,3.277659548793315,8.794500338888305,0.0,0.0,0.0,0.0,0.0,0.0
3,135,0.0007503331833033,10.659419988407588,0.0,0.0,1.0,0.0,0.0,0.0
4,135,0.0,6.830279257244171,0.0,0.0,1.0,0.0,1.0,0.0
5,135,2.195482064735075,5.263969703738654,1.0,1.0,0.0,0.0,0.0,0.0
6,135,8.898666923912153,8.425743437828919,1.0,0.0,1.0,0.0,1.0,1.0
7,135,0.0,3.889171728668687,0.0,0.0,0.0,0.0,1.0,0.0
8,135,1.1355895579388322,8.118801305312754,0.0,0.0,1.0,1.0,0.0,1.0
9,135,9.000044399148068,8.633032230473946,1.0,0.0,0.0,1.0,0.0,0.0
10,135,0.1004456886369017,7.283905360987354,0.0,1.0,1.0,0.0,0.0,0.0
11,135,2.8974566361797267,3.0205644460178065,0.0,0.0,0.0,0.0,1.0,1.0
12,135,6.9100531783211885,3.964887231969756,0.0,0.0,0.0,0.0,0.0,0.0
13,135,9.76239912938664,9.453663967287532,0.0,1.0,0.0,1.0,1.0,0.0
14,135,0.1387589458844189,11.492204717991031,1.0,0.0,0.0,1.0,0.0,0.0
15,135,10.153547665657303,0.4681230714001441,0.0,0.0,0.0,0.0,1.0,0.0
16,135,5.424518455467215,4.775940201002715,1.0,0.0,0.0,0.0,1.0,0.0
17,135,12.0,5.16530427086064,1.0,0.0,0.0,1.0,0.0,0.0
18,135,9.699536931723983,4.972661299186285,0.0,0.0,0.0,0.0,0.0,0.0
19,135,1.130669151944518,8.503298107658958,0.0,0.0,1.0,1.0,0.0,0.0
20,135,8.81519193776335,1.099987633024999,0.0,0.0,0.0,0.0,0.0,0.0
21,135,11.102254701145313,7.534166627676643,0.0,0.0,0.0,0.0,1.0,1.0
22,135,12.0,0.0,0.0,0.0,0.0,0.0,0.0,0.0
23,135,4.022910030194841,5.107366626990321,0.0,1.0,1.0,1.0,0.0,1.0
24,135,7.266699276772267,0.0,1.0,1.0,1.0,1.0,0.0,0.0
25,135,2.334226920120522,5.050227535594443,0.0,1.0,0.0,0.0,1.0,1.0
26,135,7.507744944055496,10.805356707534312,0.0,0.0,0.0,1.0,1.0,1.0
27,135,12.0,9.66898005180077,0.0,0.0,0.0,1.0,0.0,1.0
28,135,0.4701929281895011,2.2335017126492525,0.0,0.0,0.0,0.0,0.0,0.0
29,135,7.775506468481574,11.146070120200932,1.0,0.0,0.0,0.0,0.0,0.0
30,135,5.23901460740298,11.40183814032261,1.0,1.0,0.0,0.0,1.0,1.0
31,135,5.785665901192188,10.541917541492133,1.0,1.0,1.0,1.0,0.0,0.0
32,135,11.153719974460154,8.238985940038374,0.0,0.0,0.0,1.0,0.0,0.0
33,135,12.0,2.7143917847151737,0.0,1.0,0.0,0.0,0.0,0.0
34,135,6.158043211509026,9.90792918672721,0.0,1.0,0.0,0.0,1.0,0.0
35,135,0.3398784439185217,8.96650132858721,1.0,0.0,0.0,0.0,1.0,0.0
36,135,8.46782238975632,7.017334843441232,0.0,1.0,1.0,0.0,1.0,1.0
37,135,2.782893976230111,3.160982268720158,1.0,0.0,0.0,0.0,1.0,1.0
38,135,3.04935666273282,5.897312914644228,1.0,0.0,1.0,0.0,1.0,0.0
39,135,12.0,8.231905470465794,0.0,1.0,1.0,1.0,1.0,1.0
0,140,0.0,0.0407372954678886,0.0,1.0,0.0,1.0,0.0,1.0
1,140,10.274361497617472,8.022618278502366,1.0,0.0,1.0,1.0,1.0,1.0
2,140,3.30486024212896,8.789592465715273,0.0,0.0,0.0,0.0,0.0,0.0
3,140,0.0011025771830622,10.677367704572278,0.0,0.0,1.0,0.0,0.0,0.0
4,140,0.0,6.843278815858247,0.0,0.0,1.0,0.0,1.0,0.0
5,140,2.1961613285079054,5.267023130137679,1.0,1.0,0.0,0.0,0.0,0.0
6,140,9.094579203177934,8.463986052661246,1.0,0.0,1.0,0.0,1.0,1.0
7,140,0.0,3.76377785566578,0.0,0.0,0.0,0.0,1.0,0.0
8,140,1.100021727909303,8.166940146602517,0.0,0.0,1.0,1.0,0.0,1.0
9,140,9.001699047473851,8.657645923124623,1.0,0.0,0.0,1.0,0.0,0.0
10,140,0.0870902085693702,7.2882995902670595,0.0,1.0,1.0,0.0,0.0,0.0
11,140,2.8975281917349256,3.020621846825557,0.0,0.0,0.0,0.0,1.0,1.0
12,140,7.079590728627327,4.016770926722503,0.0,0.0,0.0,0.0,0.0,0.0
13,140,9.765209391735432,9.553526800348823,0.0,1.0,0.0,1.0,1.0,0.0
14,140,0.0423681780812465,11.65263122566032,1.0,0.0,0.0,1.0,0.0,0.0
15,140,10.25385997291982,0.3843172881161656,0.0,0.0,0.0,0.0,1.0,0.0
16,140,5.427967340915063,4.749993219993067,1.0,0.0,0.0,0.0,1.0,0.0
17,140,12.0,5.222850864025233,1.0,0.0,0.0,1.0,0.0,0.0
18,140,9.760115612193273,4.884114632493697,0.0,0.0,0.0,0.0,0.0,0.0
19,140,1.172854221302642,8.511796387257158,0.0,0.0,1.0,1.0,0.0,0.0
20,140,8.848648184900744,1.0760867730024195,0.0,0.0,0.0,0.0,0.0,0.0
21,140,11.135509046378573,7.601309603891666,0.0,0.0,0.0,0.0,1.0,1.0
22,140,12.0,0.0,0.0,0.0,0.0,0.0,0.0,0.0
23,140,3.9567082444026846,5.071972888816696,0.0,1.0,1.0,1.0,0.0,1.0
24,140,7.176168442773957,0.0,1.0,1.0,1.0,1.0,0.0,0.0
25,140,2.33648976672714,5.047215620576859,0.0,1.0,0.0,0.0,1.0,1.0
26,140,7.469372530171945,10.766935725582847,0.0,0.0,0.0,1.0,1.0,1.0
27,140,12.0,9.744029095322032,0.0,0.0,0.0,1.0,0.0,1.0
28,140,0.5024597744722598,2.172008567395013,0.0,0.0,0.0,0.0,0.0,0.0
29,140,7.889780347912926,11.157118683363132,1.0,0.0,0.0,0.0,0.0,0.0
30,140,5.248472890232685,11.40826085735221,1.0,1.0,0.0,0.0,1.0,1.0
31,140,5.709137707412979,10.460597094545104,1.0,1.0,1.0,1.0,0.0,0.0
32,140,11.116319747397132,8.228070681069793,0.0,0.0,0.0,1.0,0.0,0.0
33,140,12.0,2.700101386385988,0.0,1.0,0.0,0.0,0.0,0.0
34,140,6.080305062532334,10.00147137340238,0.0,1.0,0.0,0.0,1.0,0.0
35,140,0.3704567740778637,8.960935884075464,1.0,0.0,0.0,0.0,1.0,0.0
36,140,8.450463555729236,7.02476768626066,0.0,1.0,1.0,0.0,1.0,1.0
37,140,2.753471188024798,3.0453000399271604,1.0,0.0,0.0,0.0,1.0,1.0
38,140,3.0814054974876672,5.828754742608725,1.0,0.0,1.0,0.0,1.0,0.0
39,140,12.0,8.29814603730141,0.0,1.0,1.0,1.0,1.0,1.0
0,145,0.0,0.0,0.0,1.0,0.0,1.0,0.0,1.0
1,145,10.467300759234623,7.922053277800574,1.0,0.0,1.0,1.0,1.0,1.0
2,145,3.3234912988045178,8.785726295044016,0.0,0.0,0.0,0.0,0.0,0.0
3,145,0.0015459896583072,10.700721626997913,0.0,0.0,1.0,0.0,0.0,0.0
4,145,0.0,6.862152532710635,0.0,0.0,1.0,0.0,1.0,0.0
5,145,2.197703759917811,5.274589672026631,1.0,1.0,0.0,0.0,0.0,0.0
6,145,9.282493301159114,8.502184672787669,1.0,0.0,1.0,0.0,1.0,1.0
7,145,0.0,3.6402226404453017,0.0,0.0,0.0,0.0,1.0,0.0
8,145,1.0570878385303626,8.227302857368468,0.0,0.0,1.0,1.0,0.0,1.0
9,145,9.002140252003898,8.66928543332131,1.0,0.0,0.0,1.0,0.0,0.0
10,145,0.0694967793457233,7.293706264448146,0.0,1.0,1.0,0.0,0.0,0.0
11,145,2.897386880257429,3.020505879042303,0.0,0.0,0.0,0.0,1.0,1.0
12,145,7.254274497443262,4.073495109273449,0.0,0.0,0.0,0.0,0.0,0.0
13,145,9.769104365253137,9.661093811285635,0.0,1.0,0.0,1.0,1.0,0.0
14,145,0.0,11.798816814913335,1.0,0.0,0.0,1.0,0.0,0.0
15,145,10.36465398157659,0.2921766498683815,0.0,0.0,0.0,0.0,1.0,0.0
16,145,5.429854817003785,4.735061130962934,1.0,0.0,0.0,0.0,1.0,0.0
17,145,12.0,5.276632709148954,1.0,0.0,0.0,1.0,0.0,0.0
18,145,9.81076320198453,4.808062494861873,0.0,0.0,0.0,0.0,0.0,0.0
19,145,1.203680135700584,8.518539280933792,0.0,0.0,1.0,1.0,0.0,0.0
20,145,8.868915658260327,1.1066163576695236,0.0,0.0,0.0,0.0,0.0,0.0
21,145,11.165936520394682,7.6633641842540925,0.0,0.0,0.0,0.0,1.0,1.0
22,145,12.0,0.0,0.0,0.0,0.0,0.0,0.0,0.0
23,145,3.865994872061196,5.024493837333843,0.0,1.0,1.0,1.0,0.0,1.0
24,145,7.083766112850474,0.0,1.0,1.0,1.0,1.0,0.0,0.0
25,145,2.337690095948883,5.045684188702934,0.0,1.0,0.0,0.0,1.0,1.0
26,145,7.430407083657832,10.727967623437989,0.0,0.0,0.0,1.0,1.0,1.0
27,145,12.0,9.844537509316734,0.0,0.0,0.0,1.0,0.0,1.0
28,145,0.5353604925317962,2.1129876993289005,0.0,0.0,0.0,0.0,0.0,0.0
29,145,8.019121437300837,11.170277075360373,1.0,0.0,0.0,0.0,0.0,0.0
30,145,5.2572282300275015,11.413839019495544,1.0,1.0,0.0,0.0,1.0,1.0
31,145,5.624950097825844,10.371178064477665,1.0,1.0,1.0,1.0,0.0,0.0
32,145,11.082376928722631,8.217808270664134,0.0,0.0,0.0,1.0,0.0,0.0
33,145,12.0,2.682007401513934,0.0,1.0,0.0,0.0,0.0,0.0
34,145,5.993824442510955,10.107271243192583,0.0,1.0,0.0,0.0,1.0,0.0
35,145,0.4014797765675289,8.954993802405705,1.0,0.0,0.0,0.0,1.0,0.0
36,145,8.421189129971786,7.037261318201942,0.0,1.0,1.0,0.0,1.0,1.0
37,145,2.721515272968788,2.9081874800925918,1.0,0.0,0.0,0.0,1.0,1.0
38,145,3.1109529392215927,5.760522893618272,1.0,0.0,1.0,0.0,1.0,0.0
39,145,12.0,8.374841914253993,0.0,1.0,1.0,1.0,1.0,1.0
0,150,0.0,0.0,0.0,1.0,0.0,1.0,0.0,1.0
1,150,10.65738879577354,7.821174265223247,1.0,0.0,1.0,1.0,1.0,1.0
2,150,3.3346364711678924,8.783209871484368,0.0,0.0,0.0,0.0,0.0,0.0
3,150,0.0026945085048422,10.745598817031858,0.0,0.0,1.0,0.0,0.0,0.0
4,150,0.0,6.880418353588713,0.0,0.0,1.0,0.0,1.0,0.0
5,150,2.2019354151809454,5.293735567494394,1.0,1.0,0.0,0.0,0.0,0.0
6,150,9.460834907936478,8.542672326636335,1.0,0.0,1.0,0.0,1.0,1.0
7,150,0.0,3.5221689357486103,0.0,0.0,0.0,0.0,1.0,0.0
8,150,1.003451193131773,8.299755175642433,0.0,0.0,1.0,1.0,0.0,1.0
9,150,9.002017960253072,8.663799524814296,1.0,0.0,0.0,1.0,0.0,0.0
10,150,0.0419318089419475,7.301897514611427,0.0,1.0,1.0,0.0,0.0,0.0
11,150,2.917999861164381,3.037450392950777,0.0,0.0,0.0,0.0,1.0,1.0
12,150,7.413792220886407,4.124696119871669,0.0,0.0,0.0,0.0,0.0,0.0
13,150,9.77110886720991,9.759976777477156,0.0,1.0,0.0,1.0,1.0,0.0
14,150,0.0,11.951604947139469,1.0,0.0,0.0,1.0,0.0,0.0
15,150,10.460198369694698,0.2117440927790728,0.0,0.0,0.0,0.0,1.0,0.0
16,150,5.433299434469698,4.710898260761672,1.0,0.0,0.0,0.0,1.0,0.0
17,150,12.0,5.310356781777671,1.0,0.0,0.0,1.0,0.0,0.0
18,150,9.854514374886705,4.741247034628352,0.0,0.0,0.0,0.0,0.0,0.0
19,150,1.2160445361806205,8.521178714838745,0.0,0.0,1.0,1.0,0.0,0.0
20,150,8.90596824098237,1.1656969507353507,0.0,0.0,0.0,0.0,0.0,0.0
21,150,11.200511963140915,7.733799514180056,0.0,0.0,0.0,0.0,1.0,1.0
22,150,12.0,0.0,0.0,0.0,0.0,0.0,0.0,0.0
23,150,3.7799471387950208,4.981777191038593,0.0,1.0,1.0,1.0,0.0,1.0
24,150,6.975075615305023,0.0,1.0,1.0,1.0,1.0,0.0,0.0
25,150,2.328881117447213,5.057166366770897,0.0,1.0,0.0,0.0,1.0,1.0
26,150,7.383308957305216,10.68112021433672,0.0,0.0,0.0,1.0,1.0,1.0
27,150,12.0,9.950226064668586,0.0,0.0,0.0,1.0,0.0,1.0
28,150,0.5609624723204696,2.065595374366941,0.0,0.0,0.0,0.0,0.0,0.0
29,150,8.148383850585663,11.18474166548187,1.0,0.0,0.0,0.0,0.0,0.0
30,150,5.261710181392356,11.416613432755414,1.0,1.0,0.0,0.0,1.0,1.0
31,150,5.541840568474093,10.285614736552713,1.0,1.0,1.0,1.0,0.0,0.0
32,150,11.039390712902057,8.204476085551633,0.0,0.0,0.0,1.0,0.0,0.0
33,150,12.0,2.663700771134672,0.0,1.0,0.0,0.0,0.0,0.0
34,150,5.901779730446983,10.223173749877246,0.0,1.0,0.0,0.0,1.0,0.0
35,150,0.43087942063356,8.949240314198006,1.0,0.0,0.0,0.0,1.0,0.0
36,150,8.369623109933755,7.060427615875372,0.0,1.0,1.0,0.0,1.0,1.0
37,150,2.691102767270595,2.7729912017928813,1.0,0.0,0.0,0.0,1.0,1.0
38,150,3.14347917442785,5.683361635130198,1.0,0.0,1.0,0.0,1.0,0.0
39,150,12.0,8.446577963093324,0.0,1.0,1.0,1.0,1.0,1.0
0,155,0.0,0.0,0.0,1.0,0.0,1.0,0.0,1.0
1,155,10.855135096910356,7.718524886334033,1.0,0.0,1.0,1.0,1.0,1.0
2,155,3.352864772912745,8.77891328373278,0.0,0.0,0.0,0.0,0.0,0.0
3,155,0.0046399668704275,10.79070961663908,0.0,0.0,1.0,0.0,0.0,0.0
4,155,0.0,6.900316107549248,0.0,0.0,1.0,0.0,1.0,0.0
5,155,2.207947846697178,5.319744232502337,1.0,1.0,0.0,0.0,0.0,0.0
6,155,9.61892925869898,8.577702592170676,1.0,0.0,1.0,0.0,1.0,1.0
7,155,0.0,3.41047539019303,0.0,0.0,0.0,0.0,1.0,0.0
8,155,0.9448282383441526,8.374487375827663,0.0,0.0,1.0,1.0,0.0,1.0
9,155,9.002019913552628,8.663844590692332,1.0,0.0,0.0,1.0,0.0,0.0
10,155,0.0078918197814416,7.311525551518277,0.0,1.0,1.0,0.0,0.0,0.0
11,155,2.93459286811698,3.051274468766978,0.0,0.0,0.0,0.0,1.0,1.0
12,155,7.580330052612848,4.176161061598726,0.0,0.0,0.0,0.0,0.0,0.0
13,155,9.769493254720516,9.857519554284048,0.0,1.0,0.0,1.0,1.0,0.0
14,155,0.0,12.0,1.0,0.0,0.0,1.0,0.0,0.0
15,155,10.558814751480536,0.1250545814134147,0.0,0.0,0.0,0.0,1.0,0.0
16,155,5.435027781525835,4.6978819823927545,1.0,0.0,0.0,0.0,1.0,0.0
17,155,12.0,5.353197380409947,1.0,0.0,0.0,1.0,0.0,0.0
18,155,9.89700294079952,4.679894654710093,0.0,0.0,0.0,0.0,0.0,0.0
19,155,1.247701195914233,8.527474427732828,0.0,0.0,1.0,1.0,0.0,0.0
20,155,8.949321735525782,1.235281099728048,0.0,0.0,0.0,0.0,0.0,0.0
21,155,11.230101855150965,7.7948032035497885,0.0,0.0,0.0,0.0,1.0,1.0
22,155,12.0,0.0,0.0,0.0,0.0,0.0,0.0,0.0
23,155,3.707480909035424,4.9448296249160295,0.0,1.0,1.0,1.0,0.0,1.0
24,155,6.867480146902233,0.0,1.0,1.0,1.0,1.0,0.0,0.0
25,155,2.331138943864544,5.054201559433205,0.0,1.0,0.0,0.0,1.0,1.0
26,155,7.327583268071532,10.627621329571484,0.0,0.0,0.0,1.0,1.0,1.0
27,155,12.0,10.064406258711015,0.0,0.0,0.0,1.0,0.0,1.0
28,155,0.5880291979116408,2.016161937945668,0.0,0.0,0.0,0.0,0.0,0.0
29,155,8.24882283972408,11.197139837603816,1.0,0.0,0.0,0.0,0.0,0.0
30,155,5.274123523978707,11.424087565168088,1.0,1.0,0.0,0.0,1.0,1.0
31,155,5.453895850697702,10.19070096687934,1.0,1.0,1.0,1.0,0.0,0.0
32,155,10.982586958570897,8.185908943028354,0.0,0.0,0.0,1.0,0.0,0.0
33,155,12.0,2.6441641208516864,0.0,1.0,0.0,0.0,0.0,0.0
34,155,5.815493722295055,10.331566051762303,0.0,1.0,0.0,0.0,1.0,0.0
35,155,0.4697799629815506,8.942940530595976,1.0,0.0,0.0,0.0,1.0,0.0
36,155,8.311473192967483,7.085948251146943,0.0,1.0,1.0,0.0,1.0,1.0
37,155,2.6569236348678986,2.626613631044016,1.0,0.0,0.0,0.0,1.0,1.0
38,155,3.1714370142817816,5.617652858230591,1.0,0.0,1.0,0.0,1.0,0.0
39,155,12.0,8.514557347991474,0.0,1.0,1.0,1.0,1.0,1.0
0,160,0.0,0.0,0.0,1.0,0.0,1.0,0.0,1.0
1,160,11.031340015340296,7.630283549716307,1.0,0.0,1.0,1.0,1.0,1.0
2,160,3.371633634243888,8.774541382121724,0.0,0.0,0.0,0.0,0.0,0.0
3,160,0.0061014157877621,10.855717994675496,0.0,0.0,1.0,0.0,0.0,0.0
4,160,0.0,6.918034205002239,0.0,0.0,1.0,0.0,1.0,0.0
5,160,2.21425605002402,5.346068597027793,1.0,1.0,0.0,0.0,0.0,0.0
6,160,9.76871171017542,8.608904017628417,1.0,0.0,1.0,0.0,1.0,1.0
7,160,0.0,3.322444724250343,0.0,0.0,0.0,0.0,1.0,0.0
8,160,0.8868603465738689,8.447525554684896,0.0,0.0,1.0,1.0,0.0,1.0
9,160,9.002687020534836,8.685110907933034,1.0,0.0,0.0,1.0,0.0,0.0
10,160,0.0,7.315603128144222,0.0,1.0,1.0,0.0,0.0,0.0
11,160,2.9493284330805625,3.0632992601434927,0.0,0.0,0.0,0.0,1.0,1.0
12,160,7.731135626970555,4.22578632476848,0.0,0.0,0.0,0.0,0.0,0.0
13,160,9.76809408426241,9.956671926601542,0.0,1.0,0.0,1.0,1.0,0.0
14,160,0.0,12.0,1.0,0.0,0.0,1.0,0.0,0.0
15,160,10.649183676445931,0.0451875516611271,0.0,0.0,0.0,0.0,1.0,0.0
16,160,5.434045710213234,4.706510639603926,1.0,0.0,0.0,0.0,1.0,0.0
17,160,12.0,5.393984366099812,1.0,0.0,0.0,1.0,0.0,0.0
18,160,9.947800579153975,4.608365845881185,0.0,0.0,0.0,0.0,0.0,0.0
19,160,1.2655561318576032,8.531319875238344,0.0,0.0,1.0,1.0,0.0,0.0
20,160,8.993322275356695,1.3056363286598374,0.0,0.0,0.0,0.0,0.0,0.0
21,160,11.2547177266221,7.847450907498132,0.0,0.0,0.0,0.0,1.0,1.0
22,160,12.0,0.0,0.0,0.0,0.0,0.0,0.0,0.0
23,160,3.64166878301832,4.910726180376384,0.0,1.0,1.0,1.0,0.0,1.0
24,160,6.752746975092837,0.0,1.0,1.0,1.0,1.0,0.0,0.0
25,160,2.350850556923978,5.028852553508673,0.0,1.0,0.0,0.0,1.0,1.0
26,160,7.272159078382141,10.57206863427948,0.0,0.0,0.0,1.0,1.0,1.0
27,160,12.0,10.184990245289535,0.0,0.0,0.0,1.0,0.0,1.0
28,160,0.6197867706489316,1.9564043753173788,0.0,0.0,0.0,0.0,0.0,0.0
29,160,8.364070028227559,11.214016484296016,1.0,0.0,0.0,0.0,0.0,0.0
30,160,5.29989105581588,11.439852083360142,1.0,1.0,0.0,0.0,1.0,1.0
31,160,5.37783633385275,10.111566465255496,1.0,1.0,1.0,1.0,0.0,0.0
32,160,10.92066333590932,8.167841645675095,0.0,0.0,0.0,1.0,0.0,0.0
33,160,12.0,2.627624469754516,0.0,1.0,0.0,0.0,0.0,0.0
34,160,5.738547865131015,10.427562261281771,0.0,1.0,0.0,0.0,1.0,0.0
35,160,0.5285840463074356,8.934857559649744,1.0,0.0,0.0,0.0,1.0,0.0
36,160,8.258686281340188,7.107684466412977,0.0,1.0,1.0,0.0,1.0,1.0
37,160,2.6237189225941324,2.488978971822248,1.0,0.0,0.0,0.0,1.0,1.0
38,160,3.193488065889324,5.5668406128235945,1.0,0.0,1.0,0.0,1.0,0.0
39,160,12.0,8.580787582449693,0.0,1.0,1.0,1.0,1.0,1.0
0,165,0.0,0.0,0.0,1.0,0.0,1.0,0.0,1.0
1,165,11.210839232631267,7.549049062835941,1.0,0.0,1.0,1.0,1.0,1.0
2,165,3.3710651559203675,8.772076191525453,0.0,0.0,0.0,0.0,0.0,0.0
3,165,0.0060562512444284,10.918583204615764,0.0,0.0,1.0,0.0,0.0,0.0
4,165,0.0,6.93462028999769,0.0,0.0,1.0,0.0,1.0,0.0
5,165,2.2211520695579,5.376362066477584,1.0,1.0,0.0,0.0,0.0,0.0
6,165,9.907943680677354,8.640135592474016,1.0,0.0,1.0,0.0,1.0,1.0
7,165,0.0,3.222355339695838,0.0,0.0,0.0,0.0,1.0,0.0
8,165,0.8235778852092659,8.53055664749939,0.0,0.0,1.0,1.0,0.0,1.0
9,165,9.003185243636208,8.701517306507016,1.0,0.0,0.0,1.0,0.0,0.0
10,165,0.0117890447310717,7.312743976227248,0.0,1.0,1.0,0.0,0.0,0.0
11,165,2.976616441060706,3.085511637239,0.0,0.0,0.0,0.0,1.0,1.0
12,165,7.877995538741011,4.273907254306682,0.0,0.0,0.0,0.0,0.0,0.0
13,165,9.768333422046464,10.06592493672636,0.0,1.0,0.0,1.0,1.0,0.0
14,165,0.0,12.0,1.0,0.0,0.0,1.0,0.0,0.0
15,165,10.75558636009851,0.0,0.0,0.0,0.0,0.0,1.0,0.0
16,165,5.432964367371411,4.720580778163079,1.0,0.0,0.0,0.0,1.0,0.0
17,165,12.0,5.426415102757607,1.0,0.0,0.0,1.0,0.0,0.0
18,165,9.995212630073572,4.5388154176764255,0.0,0.0,0.0,0.0,0.0,0.0
19,165,1.280070177819958,8.534430963365175,0.0,0.0,1.0,1.0,0.0,0.0
20,165,9.03478006028357,1.3765578912643823,0.0,0.0,0.0,0.0,0.0,0.0
21,165,11.267116018851295,7.872900471357064,0.0,0.0,0.0,0.0,1.0,1.0
22,165,12.0,0.0,0.0,0.0,0.0,0.0,0.0,0.0
23,165,3.5659652619247844,4.871381308017456,0.0,1.0,1.0,1.0,0.0,1.0
24,165,6.645129027558035,0.0,1.0,1.0,1.0,1.0,0.0,0.0
25,165,2.350555903045223,5.029203564249094,0.0,1.0,0.0,0.0,1.0,1.0
26,165,7.20755600533489,10.504553991748836,0.0,0.0,0.0,1.0,1.0,1.0
27,165,12.0,10.307287749021736,0.0,0.0,0.0,1.0,0.0,1.0
28,165,0.6455269355751749,1.908685791487256,0.0,0.0,0.0,0.0,0.0,0.0
29,165,8.494306433951154,11.230919790171331,1.0,0.0,0.0,0.0,0.0,0.0
30,165,5.324882729042368,11.455215321613805,1.0,1.0,0.0,0.0,1.0,1.0
31,165,5.311081727006371,10.042091045054676,1.0,1.0,1.0,1.0,0.0,0.0
32,165,10.84784389891871,8.146194110544672,0.0,0.0,0.0,1.0,0.0,0.0
33,165,12.0,2.6109587823007323,0.0,1.0,0.0,0.0,0.0,0.0
34,165,5.654607349650928,10.53268751830592,0.0,1.0,0.0,0.0,1.0,0.0
35,165,0.565680214255974,8.930846535813624,1.0,0.0,0.0,0.0,1.0,0.0
36,165,8.202309922141314,7.130136078101174,0.0,1.0,1.0,0.0,1.0,1.0
37,165,2.5936724797300017,2.353678188412153,1.0,0.0,0.0,0.0,1.0,1.0
38,165,3.2190830553284493,5.505403369149863,1.0,0.0,1.0,0.0,1.0,0.0
39,165,12.0,8.64552789190987,0.0,1.0,1.0,1.0,1.0,1.0
0,170,0.0,0.0,0.0,1.0,0.0,1.0,0.0,1.0
1,170,11.396864484571658,7.462396853573882,1.0,0.0,1.0,1.0,1.0,1.0
2,170,3.368135423228037,8.759525076155674,0.0,0.0,0.0,0.0,0.0,0.0
3,170,0.0055119988843587,10.977995164527226,0.0,0.0,1.0,0.0,0.0,0.0
4,170,0.0,6.952469646217192,0.0,0.0,1.0,0.0,1.0,0.0
5,170,2.2274245372657733,5.40443842465839,1.0,1.0,0.0,0.0,0.0,0.0
6,170,10.060847649963632,8.67558405040628,1.0,0.0,1.0,0.0,1.0,1.0
7,170,0.0,3.1273305862926115,0.0,0.0,0.0,0.0,1.0,0.0
8,170,0.7433670213576472,8.635849979640883,0.0,0.0,1.0,1.0,0.0,1.0
9,170,9.003254157445317,8.734325882417624,1.0,0.0,0.0,1.0,0.0,0.0
10,170,0.0277722403730264,7.308781245408477,0.0,1.0,1.0,0.0,0.0,0.0
11,170,2.9878330778519446,3.094613158049186,0.0,0.0,0.0,0.0,1.0,1.0
12,170,8.029306388491602,4.322167815877148,0.0,0.0,0.0,0.0,0.0,0.0
13,170,9.768316575877476,10.14851180278864,0.0,1.0,0.0,1.0,1.0,0.0
14,170,0.0,12.0,1.0,0.0,0.0,1.0,0.0,0.0
15,170,10.86043052938197,0.0,0.0,0.0,0.0,0.0,1.0,0.0
16,170,5.4313907109518205,4.737625613795749,1.0,0.0,0.0,0.0,1.0,0.0
17,170,12.0,5.454032651088284,1.0,0.0,0.0,1.0,0.0,0.0
18,170,10.058607665838345,4.444588761407371,0.0,0.0,0.0,0.0,0.0,0.0
19,170,1.3228379671820214,8.542132151083184,0.0,0.0,1.0,1.0,0.0,0.0
20,170,9.08400909703374,1.4620402114412068,0.0,0.0,0.0,0.0,0.0,0.0
21,170,11.280546534170666,7.901621554337126,0.0,0.0,0.0,0.0,1.0,1.0
22,170,12.0,0.0,0.0,0.0,0.0,0.0,0.0,0.0
23,170,3.5030203730873843,4.839928696238975,0.0,1.0,1.0,1.0,0.0,1.0
24,170,6.531562390455533,0.0,1.0,1.0,1.0,1.0,0.0,0.0
25,170,2.350682647605937,5.029055164826797,0.0,1.0,0.0,0.0,1.0,1.0
26,170,7.1201319789324495,10.413639787441443,0.0,0.0,0.0,1.0,1.0,1.0
27,170,12.0,10.42988840451464,0.0,0.0,0.0,1.0,0.0,1.0
28,170,0.6783663507202784,1.847753789845136,0.0,0.0,0.0,0.0,0.0,0.0
29,170,8.631239805059192,11.252375040942974,1.0,0.0,0.0,0.0,0.0,0.0
30,170,5.350463247769055,11.470192784464174,1.0,1.0,0.0,0.0,1.0,1.0
31,170,5.239673607024329,9.966024070776475,1.0,1.0,1.0,1.0,0.0,0.0
32,170,10.771151843960462,8.123522119716993,0.0,0.0,0.0,1.0,0.0,0.0
33,170,12.0,2.593307157380896,0.0,1.0,0.0,0.0,0.0,0.0
34,170,5.568741020633285,10.645748266807916,0.0,1.0,0.0,0.0,1.0,0.0
35,170,0.593283674714774,8.928151568290044,1.0,0.0,0.0,0.0,1.0,0.0
36,170,8.15376703637987,7.149899572533177,0.0,1.0,1.0,0.0,1.0,1.0
37,170,2.562376489149888,2.2204935596849174,1.0,0.0,0.0,0.0,1.0,1.0
38,170,3.2460478711572978,5.441967270393169,1.0,0.0,1.0,0.0,1.0,0.0
39,170,12.0,8.696102369662963,0.0,1.0,1.0,1.0,1.0,1.0
0,175,0.0,0.0,0.0,1.0,0.0,1.0,0.0,1.0
1,175,11.593151815700915,7.368849095746103,1.0,0.0,1.0,1.0,1.0,1.0
2,175,3.366647707354371,8.75262038553308,0.0,0.0,0.0,0.0,0.0,0.0
3,175,0.0046996893059418,11.043865039559186,0.0,0.0,1.0,0.0,0.0,0.0
4,175,0.0,6.970812192040662,0.0,0.0,1.0,0.0,1.0,0.0
5,175,2.2308341129297973,5.42080547847861,1.0,1.0,0.0,0.0,0.0,0.0
6,175,10.199408750653465,8.707291584959206,1.0,0.0,1.0,0.0,1.0,1.0
7,175,0.0,3.018482940183158,0.0,0.0,0.0,0.0,1.0,0.0
8,175,0.8540328354249613,8.71592520425761,0.0,0.0,1.0,1.0,0.0,1.0
9,175,9.00272805572091,8.760519557929804,1.0,0.0,0.0,1.0,0.0,0.0
10,175,0.0441451026582324,7.3043517729291505,0.0,1.0,1.0,0.0,0.0,0.0
11,175,3.011122390913012,3.1137289232500867,0.0,0.0,0.0,0.0,1.0,1.0
12,175,8.2043109330412,4.379903918454759,0.0,0.0,0.0,0.0,0.0,0.0
13,175,9.769476608048867,10.228298544588618,0.0,1.0,0.0,1.0,1.0,0.0
14,175,0.0,12.0,1.0,0.0,0.0,1.0,0.0,0.0
15,175,10.969483490843766,0.0,0.0,0.0,0.0,0.0,1.0,0.0
16,175,5.428489398603575,4.768229548872262,1.0,0.0,0.0,0.0,1.0,0.0
17,175,12.0,5.463446293934319,1.0,0.0,0.0,1.0,0.0,0.0
18,175,10.120973971342153,4.351407866213207,0.0,0.0,0.0,0.0,0.0,0.0
19,175,1.3975695449351777,8.553463688135336,0.0,0.0,1.0,1.0,0.0,0.0
20,175,9.12778734381126,1.5459635092081443,0.0,0.0,0.0,0.0,0.0,0.0
21,175,11.296141317942888,7.934108818292231,0.0,0.0,0.0,0.0,1.0,1.0
22,175,12.0,0.0,0.0,0.0,0.0,0.0,0.0,0.0
23,175,3.437855190062764,4.807632135921319,0.0,1.0,1.0,1.0,0.0,1.0
24,175,6.423484383431146,0.0,1.0,1.0,1.0,1.0,0.0,0.0
25,175,2.3558050862991924,5.023402348626117,0.0,1.0,0.0,0.0,1.0,1.0
26,175,7.026259576557639,10.316954773674947,0.0,0.0,0.0,1.0,1.0,1.0
27,175,12.0,10.544184311875249,0.0,0.0,0.0,1.0,0.0,1.0
28,175,0.7038868352259359,1.8006460297163625,0.0,0.0,0.0,0.0,0.0,0.0
29,175,8.772659880516963,11.277529291492304,1.0,0.0,0.0,0.0,0.0,0.0
30,175,5.38352201531284,11.489228103466438,1.0,1.0,0.0,0.0,1.0,1.0
31,175,5.165999443713742,9.88902981762812,1.0,1.0,1.0,1.0,0.0,0.0
32,175,10.696443536501263,8.102770763298793,0.0,0.0,0.0,1.0,0.0,0.0
33,175,12.0,2.5745617089541195,0.0,1.0,0.0,0.0,0.0,0.0
34,175,5.49458122101138,10.750013301711569,0.0,1.0,0.0,0.0,1.0,0.0
35,175,0.5922950412918137,8.909579536060173,1.0,0.0,0.0,0.0,1.0,0.0
36,175,8.096228274721799,7.171346376583742,0.0,1.0,1.0,0.0,1.0,1.0
37,175,2.527395250558658,2.083455407844395,1.0,0.0,0.0,0.0,1.0,1.0
38,175,3.2694028651851927,5.390926752890064,1.0,0.0,1.0,0.0,1.0,0.0
39,175,12.0,8.746784219154925,0.0,1.0,1.0,1.0,1.0,1.0
0,180,0.0,0.0,0.0,1.0,0.0,1.0,0.0,1.0
1,180,11.79061793817366,7.272536015018614,1.0,0.0,1.0,1.0,1.0,1.0
2,180,3.3596049855253103,8.720317966060191,0.0,0.0,0.0,0.0,0.0,0.0
3,180,0.0048719417431265,11.097204079915324,0.0,0.0,1.0,0.0,0.0,0.0
4,180,0.0,6.988034975740016,0.0,0.0,1.0,0.0,1.0,0.0
5,180,2.239320566892847,5.454751543630285,1.0,1.0,0.0,0.0,0.0,0.0
6,180,10.34724233372422,8.737085165166075,1.0,0.0,1.0,0.0,1.0,1.0
7,180,0.0,2.885790222820934,0.0,0.0,0.0,0.0,1.0,0.0
8,180,0.956662853449902,8.788831872958868,0.0,0.0,1.0,1.0,0.0,1.0
9,180,9.002763569312023,8.758763831660367,1.0,0.0,0.0,1.0,0.0,0.0
10,180,0.0682571740199815,7.297341886585538,0.0,1.0,1.0,0.0,0.0,0.0
11,180,3.031408734434354,3.129584909160527,0.0,0.0,0.0,0.0,1.0,1.0
12,180,8.357901615277289,4.433131317972609,0.0,0.0,0.0,0.0,0.0,0.0
13,180,9.770367112486934,10.31677258642184,0.0,1.0,0.0,1.0,1.0,0.0
14,180,0.0,12.0,1.0,0.0,0.0,1.0,0.0,0.0
15,180,11.076062735281605,0.0,0.0,0.0,0.0,0.0,1.0,0.0
16,180,5.423747478836772,4.821269318627971,1.0,0.0,0.0,0.0,1.0,0.0
17,180,12.0,5.4820048756970285,1.0,0.0,0.0,1.0,0.0,0.0
18,180,10.195922146209371,4.246681736581602,0.0,0.0,0.0,0.0,0.0,0.0
19,180,1.4647380027569588,8.561363623687726,0.0,0.0,1.0,1.0,0.0,0.0
20,180,9.167312144351737,1.6215525638537305,0.0,0.0,0.0,0.0,0.0,0.0
21,180,11.29824511936406,7.938296061345249,0.0,0.0,0.0,0.0,1.0,1.0
22,180,12.0,0.0,0.0,0.0,0.0,0.0,0.0,0.0
23,180,3.376365622720719,4.776725142073031,0.0,1.0,1.0,1.0,0.0,1.0
24,180,6.322347504636994,0.0,1.0,1.0,1.0,1.0,0.0,0.0
25,180,2.3452622841475743,5.035165456043118,0.0,1.0,0.0,0.0,1.0,1.0
26,180,6.933419818559066,10.220413277331136,0.0,0.0,0.0,1.0,1.0,1.0
27,180,12.0,10.651957323191684,0.0,0.0,0.0,1.0,0.0,1.0
28,180,0.7089856951987955,1.7916424504830453,0.0,0.0,0.0,0.0,0.0,0.0
29,180,8.905748623661124,11.302982394056825,1.0,0.0,0.0,0.0,0.0,0.0
30,180,5.403283750792776,11.50032301808463,1.0,1.0,0.0,0.0,1.0,1.0
31,180,5.093028052794242,9.811151682945242,1.0,1.0,1.0,1.0,0.0,0.0
32,180,10.630356875312222,8.083203892864535,0.0,0.0,0.0,1.0,0.0,0.0
33,180,12.0,2.558599157484569,0.0,1.0,0.0,0.0,0.0,0.0
34,180,5.426203216819174,10.847027110367383,0.0,1.0,0.0,0.0,1.0,0.0
35,180,0.5913345242169603,8.891281614879933,1.0,0.0,0.0,0.0,1.0,0.0
36,180,8.057989349070839,7.1846085035646015,0.0,1.0,1.0,0.0,1.0,1.0
37,180,2.494467115897372,1.9533511537544128,1.0,0.0,0.0,0.0,1.0,1.0
38,180,3.2888309750722424,5.349507404283748,1.0,0.0,1.0,0.0,1.0,0.0
39,180,12.0,8.79496055359593,0.0,1.0,1.0,1.0,1.0,1.0
0,185,0.0,0.0,0.0,1.0,0.0,1.0,0.0,1.0
1,185,11.976831242507613,7.1817640511536345,1.0,0.0,1.0,1.0,1.0,1.0
2,185,3.352338164565579,8.688031636531528,0.0,0.0,0.0,0.0,0.0,0.0
3,185,0.0049308649266893,11.141120928524057,0.0,0.0,1.0,0.0,0.0,0.0
4,185,0.0,7.0084951455651,0.0,0.0,1.0,0.0,1.0,0.0
5,185,2.24650601649684,5.484690521346454,1.0,1.0,0.0,0.0,0.0,0.0
6,185,10.50693400692044,8.772214375768945,1.0,0.0,1.0,0.0,1.0,1.0
7,185,0.0,2.747156906122228,0.0,0.0,0.0,0.0,1.0,0.0
8,185,1.0453141725780304,8.852744954621421,0.0,0.0,1.0,1.0,0.0,1.0
9,185,9.002798956281355,8.749167871142165,1.0,0.0,0.0,1.0,0.0,0.0
10,185,0.0953246963238838,7.289380062864756,0.0,1.0,1.0,0.0,0.0,0.0
11,185,3.0461388494059456,3.1407614003952338,0.0,0.0,0.0,0.0,1.0,1.0
12,185,8.505724995512006,4.483561197798399,0.0,0.0,0.0,0.0,0.0,0.0
13,185,9.772509495154171,10.40663832313909,0.0,1.0,0.0,1.0,1.0,0.0
14,185,0.0,12.0,1.0,0.0,0.0,1.0,0.0,0.0
15,185,11.186803849521938,0.0,0.0,0.0,0.0,0.0,1.0,0.0
16,185,5.419735790855962,4.8677700394889625,1.0,0.0,0.0,0.0,1.0,0.0
17,185,12.0,5.5018020221648,1.0,0.0,0.0,1.0,0.0,0.0
18,185,10.274084176411243,4.144790550472449,0.0,0.0,0.0,0.0,0.0,0.0
19,185,1.5369260758881085,8.569593598146975,0.0,0.0,1.0,1.0,0.0,0.0
20,185,9.199822839431835,1.6812102640292672,0.0,0.0,0.0,0.0,0.0,0.0
21,185,11.30039625729172,7.942640489244548,0.0,0.0,0.0,0.0,1.0,1.0
22,185,12.0,0.0,0.0,0.0,0.0,0.0,0.0,0.0
23,185,3.301710945523754,4.74036907747761,0.0,1.0,1.0,1.0,0.0,1.0
24,185,6.207581222516303,0.0,1.0,1.0,1.0,1.0,0.0,0.0
25,185,2.3339256792371668,5.048171752226537,0.0,1.0,0.0,0.0,1.0,1.0
26,185,6.844922466367541,10.127821474935848,0.0,0.0,0.0,1.0,1.0,1.0
27,185,12.0,10.7543472395387,0.0,0.0,0.0,1.0,0.0,1.0
28,185,0.7160116001739345,1.779474215198562,0.0,0.0,0.0,0.0,0.0,0.0
29,185,9.030289544231788,11.324087924811122,1.0,0.0,0.0,0.0,0.0,0.0
30,185,5.426087230492463,11.51353572643511,1.0,1.0,0.0,0.0,1.0,1.0
31,185,5.0196490915446175,9.733990122061972,1.0,1.0,1.0,1.0,0.0,0.0
32,185,10.579545535221198,8.068466498851844,0.0,0.0,0.0,1.0,0.0,0.0
33,185,12.0,2.540979473653867,0.0,1.0,0.0,0.0,0.0,0.0
34,185,5.340719581370555,10.96646473723949,0.0,1.0,0.0,0.0,1.0,0.0
35,185,0.5892220732780852,8.858554386500844,1.0,0.0,0.0,0.0,1.0,0.0
36,185,8.031809819689146,7.193751546065921,0.0,1.0,1.0,0.0,1.0,1.0
37,185,2.465632902598505,1.8363726835105023,1.0,0.0,0.0,0.0,1.0,1.0
38,185,3.3120471517654018,5.298035878093083,1.0,0.0,1.0,0.0,1.0,0.0
39,185,12.0,8.849230105142055,0.0,1.0,1.0,1.0,1.0,1.0
0,190,0.0,0.0,0.0,1.0,0.0,1.0,0.0,1.0
1,190,12.0,7.092845024241598,1.0,0.0,1.0,1.0,1.0,1.0
2,190,3.3453445783033176,8.655009188099287,0.0,0.0,0.0,0.0,0.0,0.0
3,190,0.0053725919640248,11.20251064516791,0.0,0.0,1.0,0.0,0.0,0.0
4,190,0.0,7.032662209148183,0.0,0.0,1.0,0.0,1.0,0.0
5,190,2.2589001987510167,5.536389493242404,1.0,1.0,0.0,0.0,0.0,0.0
6,190,10.671016306241963,8.81055891044846,1.0,0.0,1.0,0.0,1.0,1.0
7,190,0.0,2.6230855453556954,0.0,0.0,0.0,0.0,1.0,0.0
8,190,1.1388516877326318,8.916441594274389,0.0,0.0,1.0,1.0,0.0,1.0
9,190,9.002850618560258,8.742682002737105,1.0,0.0,0.0,1.0,0.0,0.0
10,190,0.1171350332997834,7.283392588705377,0.0,1.0,1.0,0.0,0.0,0.0
11,190,3.0594213779287345,3.1507407368702047,0.0,0.0,0.0,0.0,1.0,1.0
12,190,8.634441708513807,4.530186750381271,0.0,0.0,0.0,0.0,0.0,0.0
13,190,9.77482807972048,10.500174794004684,0.0,1.0,0.0,1.0,1.0,0.0
14,190,0.0,12.0,1.0,0.0,0.0,1.0,0.0,0.0
15,190,11.28845469544686,0.0,0.0,0.0,0.0,0.0,1.0,0.0
16,190,5.418349597802177,4.885067754561164,1.0,0.0,0.0,0.0,1.0,0.0
17,190,12.0,5.524547819389857,1.0,0.0,0.0,1.0,0.0,0.0
18,190,10.335697907142244,4.06539517954479,0.0,0.0,0.0,0.0,0.0,0.0
19,190,1.5957077118217844,8.575608171265344,0.0,0.0,1.0,1.0,0.0,0.0
20,190,9.224877488646056,1.731518230934069,0.0,0.0,0.0,0.0,0.0,0.0
21,190,11.313214878121482,7.967495062713906,0.0,0.0,0.0,0.0,1.0,1.0
22,190,12.0,0.0,0.0,0.0,0.0,0.0,0.0,0.0
23,190,3.208251977790571,4.691318930114679,0.0,1.0,1.0,1.0,0.0,1.0
24,190,6.08759607153769,0.0,1.0,1.0,1.0,1.0,0.0,0.0
25,190,2.328946360148099,5.053974105619569,0.0,1.0,0.0,0.0,1.0,1.0
26,190,6.752157747858457,10.034223693889052,0.0,0.0,0.0,1.0,1.0,1.0
27,190,12.0,10.865876587814316,0.0,0.0,0.0,1.0,0.0,1.0
28,190,0.7206009745153414,1.7717018381862788,0.0,0.0,0.0,0.0,0.0,0.0
29,190,9.177800889264685,11.348686078114005,1.0,0.0,0.0,0.0,0.0,0.0
30,190,5.466805297281795,11.536771210259408,1.0,1.0,0.0,0.0,1.0,1.0
31,190,4.935356710608674,9.646333605140772,1.0,1.0,1.0,1.0,0.0,0.0
32,190,10.521903974741289,8.051983195995216,0.0,0.0,0.0,1.0,0.0,0.0
33,190,12.0,2.527632894241074,0.0,1.0,0.0,0.0,0.0,0.0
34,190,5.247357520229926,11.091428362322931,0.0,1.0,0.0,0.0,1.0,0.0
35,190,0.586550930518819,8.813137530070751,1.0,0.0,0.0,0.0,1.0,0.0
36,190,8.031393107836184,7.193894905220872,0.0,1.0,1.0,0.0,1.0,1.0
37,190,2.428381433319396,1.6930561746256103,1.0,0.0,0.0,0.0,1.0,1.0
38,190,3.3306556599376207,5.2571961771212905,1.0,0.0,1.0,0.0,1.0,0.0
39,190,12.0,8.90183909157235,0.0,1.0,1.0,1.0,1.0,1.0
0,195,0.0,0.0,0.0,1.0,0.0,1.0,0.0,1.0
1,195,11.904187944487395,6.904992576429815,1.0,0.0,1.0,1.0,1.0,1.0
2,195,3.3430519655513824,8.643678098035588,0.0,0.0,0.0,0.0,0.0,0.0
3,195,0.0071017486844817,11.26036513310078,0.0,0.0,1.0,0.0,0.0,0.0
4,195,0.0,7.053809906676762,0.0,0.0,1.0,0.0,1.0,0.0
5,195,2.270881615829116,5.583115244204828,1.0,1.0,0.0,0.0,0.0,0.0
6,195,10.836688013386356,8.85122719165231,1.0,0.0,1.0,0.0,1.0,1.0
7,195,0.0,2.5067702498249504,0.0,0.0,0.0,0.0,1.0,0.0
8,195,1.235430939329505,8.9886149834585,0.0,0.0,1.0,1.0,0.0,1.0
9,195,9.002843726457414,8.742294017357821,1.0,0.0,0.0,1.0,0.0,0.0
10,195,0.1579045738765353,7.272363033655384,0.0,1.0,1.0,0.0,0.0,0.0
11,195,3.0819763746017954,3.1675442654500485,0.0,0.0,0.0,0.0,1.0,1.0
12,195,8.751328114056829,4.575064510686586,0.0,0.0,0.0,0.0,0.0,0.0
13,195,9.776984700693712,10.605160222921224,0.0,1.0,0.0,1.0,1.0,0.0
14,195,0.0,12.0,1.0,0.0,0.0,1.0,0.0,0.0
15,195,11.385614209599098,0.0,0.0,0.0,0.0,0.0,1.0,0.0
16,195,5.419829819923875,4.871196839455364,1.0,0.0,0.0,0.0,1.0,0.0
17,195,12.0,5.5475883524709335,1.0,0.0,0.0,1.0,0.0,0.0
18,195,10.402184655683437,3.9827136899218183,0.0,0.0,0.0,0.0,0.0,0.0
19,195,1.6699182132688792,8.585487826111127,0.0,0.0,1.0,1.0,0.0,0.0
20,195,9.252181154762551,1.7883908091102625,0.0,0.0,0.0,0.0,0.0,0.0
21,195,11.310885590128487,7.962696388611593,0.0,0.0,0.0,0.0,1.0,1.0
22,195,12.0,0.0,0.0,0.0,0.0,0.0,0.0,0.0
23,195,3.117351137742532,4.642988590017035,0.0,1.0,1.0,1.0,0.0,1.0
24,195,5.965535681611059,0.0,1.0,1.0,1.0,1.0,0.0,0.0
25,195,2.3056130681040035,5.080134732712757,0.0,1.0,0.0,0.0,1.0,1.0
26,195,6.655972263269208,9.932406187613218,0.0,0.0,0.0,1.0,1.0,1.0
27,195,12.0,10.96964201521707,0.0,0.0,0.0,1.0,0.0,1.0
28,195,0.7208153514270371,1.7713687723769564,0.0,0.0,0.0,0.0,0.0,0.0
29,195,9.329696664759684,11.371323262467596,1.0,0.0,0.0,0.0,0.0,0.0
30,195,5.488953124484578,11.549091568346052,1.0,1.0,0.0,0.0,1.0,1.0
31,195,4.85301679261364,9.56072357029996,1.0,1.0,1.0,1.0,0.0,0.0
32,195,10.446281995003702,8.032014843479667,0.0,0.0,0.0,1.0,0.0,0.0
33,195,12.0,2.514544358842949,0.0,1.0,0.0,0.0,0.0,0.0
34,195,5.167700292504113,11.200060707690287,0.0,1.0,0.0,0.0,1.0,0.0
35,195,0.5803830355927946,8.727197982445484,1.0,0.0,0.0,0.0,1.0,0.0
36,195,8.02854059620254,7.194892993826126,0.0,1.0,1.0,0.0,1.0,1.0
37,195,2.3952778610478203,1.5476885801073343,1.0,0.0,0.0,0.0,1.0,1.0
38,195,3.348481567911052,5.217391219102234,1.0,0.0,1.0,0.0,1.0,0.0
39,195,12.0,8.954105417505277,0.0,1.0,1.0,1.0,1.0,1.0
0,200,0.0,0.0,0.0,1.0,0.0,1.0,0.0,1.0
1,200,11.815024248269708,6.736167030519829,1.0,0.0,1.0,1.0,1.0,1.0
2,200,3.3393354099766497,8.62347172123842,0.0,0.0,0.0,0.0,0.0,0.0
3,200,0.0090660343995114,11.29897044917944,0.0,0.0,1.0,0.0,0.0,0.0
4,200,0.0,7.073511806397621,0.0,0.0,1.0,0.0,1.0,0.0
5,200,2.2786302856922087,5.613578198582998,1.0,1.0,0.0,0.0,0.0,0.0
6,200,11.009859335854072,8.892474979933663,1.0,0.0,1.0,0.0,1.0,1.0
7,200,0.0,2.379970869584002,0.0,0.0,0.0,0.0,1.0,0.0
8,200,1.3554988665580436,9.088609766160603,0.0,0.0,1.0,1.0,0.0,1.0
9,200,9.002879875238078,8.738315017476824,1.0,0.0,0.0,1.0,0.0,0.0
10,200,0.1936718743752182,7.262744992192277,0.0,1.0,1.0,0.0,0.0,0.0
11,200,3.115146706248757,3.19180989985353,0.0,0.0,0.0,0.0,1.0,1.0
12,200,8.850795933694211,4.609322252253484,0.0,0.0,0.0,0.0,0.0,0.0
13,200,9.780592411853696,10.723051489928668,0.0,1.0,0.0,1.0,1.0,0.0
14,200,0.0,12.0,1.0,0.0,0.0,1.0,0.0,0.0
15,200,11.472113746966274,0.0,0.0,0.0,0.0,0.0,1.0,0.0
16,200,5.420990703217932,4.860762356284885,1.0,0.0,0.0,0.0,1.0,0.0
17,200,11.970985061656547,5.567176682734848,1.0,0.0,0.0,1.0,0.0,0.0
18,200,10.462389744435033,3.9062260892224745,0.0,0.0,0.0,0.0,0.0,0.0
19,200,1.7392780019610337,8.594646007157404,0.0,0.0,1.0,1.0,0.0,0.0
20,200,9.285449674453956,1.861916036906556,0.0,0.0,0.0,0.0,0.0,0.0
21,200,11.316086822781532,7.973422235391545,0.0,0.0,0.0,0.0,1.0,1.0
22,200,12.0,0.0,0.0,0.0,0.0,0.0,0.0,0.0
23,200,3.0186483896558967,4.590464949392207,0.0,1.0,1.0,1.0,0.0,1.0
24,200,5.813855109394342,0.0,1.0,1.0,1.0,1.0,0.0,0.0
25,200,2.2819350076872444,5.107189718427327,0.0,1.0,0.0,0.0,1.0,1.0
26,200,6.572369536922148,9.845228373694324,0.0,0.0,0.0,1.0,1.0,1.0
27,200,12.0,11.06983522913916,0.0,0.0,0.0,1.0,0.0,1.0
28,200,0.7202190416187996,1.7722317922473385,0.0,0.0,0.0,0.0,0.0,0.0
29,200,9.490790762654102,11.392373898710035,1.0,0.0,0.0,0.0,0.0,0.0
30,200,5.500024315402289,11.555382803394574,1.0,1.0,0.0,0.0,1.0,1.0
31,200,4.755104440596711,9.454237717128658,1.0,1.0,1.0,1.0,0.0,0.0
32,200,10.379761883653376,8.013955354098632,0.0,0.0,0.0,1.0,0.0,0.0
33,200,12.0,2.498569273165593,0.0,1.0,0.0,0.0,0.0,0.0
34,200,5.073161870810028,11.31915022467338,0.0,1.0,0.0,0.0,1.0,0.0
35,200,0.5722008009703252,8.634205194505137,1.0,0.0,0.0,0.0,1.0,0.0
36,200,8.03319785665424,7.193267654092074,0.0,1.0,1.0,0.0,1.0,1.0
37,200,2.514308964155556,1.5238715629636042,1.0,0.0,0.0,0.0,1.0,1.0
38,200,3.372858994993819,5.167636184925318,1.0,0.0,1.0,0.0,1.0,0.0
39,200,12.0,8.999033675699913,0.0,1.0,1.0,1.0,1.0,1.0
0,205,0.0,0.0,0.0,1.0,0.0,1.0,0.0,1.0
1,205,11.71166464055051,6.538684420803123,1.0,0.0,1.0,1.0,1.0,1.0
2,205,3.3384479255656,8.618880237269627,0.0,0.0,0.0,0.0,0.0,0.0
3,205,0.0128241266034999,11.364230785852108,0.0,0.0,1.0,0.0,0.0,0.0
4,205,0.0,7.095909012869515,0.0,0.0,1.0,0.0,1.0,0.0
5,205,2.285672383279879,5.641297469493072,1.0,1.0,0.0,0.0,0.0,0.0
6,205,11.200687466076992,8.937732225726819,1.0,0.0,1.0,0.0,1.0,1.0
7,205,0.0,2.229874254831831,0.0,0.0,0.0,0.0,1.0,0.0
8,205,1.4761441665517152,9.190560749271826,0.0,0.0,1.0,1.0,0.0,1.0
9,205,9.002523303102185,8.755494106403287,1.0,0.0,0.0,1.0,0.0,0.0
10,205,0.2563528822167933,7.244318091916529,0.0,1.0,1.0,0.0,0.0,0.0
11,205,3.1462744165453573,3.2149455576802435,0.0,0.0,0.0,0.0,1.0,1.0
12,205,8.963454247555832,4.642022910128743,0.0,0.0,0.0,0.0,0.0,0.0
13,205,9.781644222086967,10.84951373159195,0.0,1.0,0.0,1.0,1.0,0.0
14,205,0.0,12.0,1.0,0.0,0.0,1.0,0.0,0.0
15,205,11.562124452698622,0.0,0.0,0.0,0.0,0.0,1.0,0.0
16,205,5.419579442094041,4.874682227257033,1.0,0.0,0.0,0.0,1.0,0.0
17,205,11.937032670563934,5.591009064707246,1.0,0.0,0.0,1.0,0.0,0.0
18,205,10.520733981141491,3.833038313062267,0.0,0.0,0.0,0.0,0.0,0.0
19,205,1.8140682042602767,8.606267700519123,0.0,0.0,1.0,1.0,0.0,0.0
20,205,9.310737310898082,1.917523666698724,0.0,0.0,0.0,0.0,0.0,0.0
21,205,11.315216251748966,7.971676486372155,0.0,0.0,0.0,0.0,1.0,1.0
22,205,12.0,0.0,0.0,0.0,0.0,0.0,0.0,0.0
23,205,2.929163004343278,4.54414136836682,0.0,1.0,1.0,1.0,0.0,1.0
24,205,5.639886019009492,0.0,1.0,1.0,1.0,1.0,0.0,0.0
25,205,2.275082300629285,5.1153750019015805,0.0,1.0,0.0,0.0,1.0,1.0
26,205,6.499861763939429,9.77066155425172,0.0,0.0,0.0,1.0,1.0,1.0
27,205,12.0,11.174080168434235,0.0,0.0,0.0,1.0,0.0,1.0
28,205,0.7271092171545283,1.761840603242219,0.0,0.0,0.0,0.0,0.0,0.0
29,205,9.65256243694954,11.414827411600408,1.0,0.0,0.0,0.0,0.0,0.0
30,205,5.5175429363796455,11.565532752188966,1.0,1.0,0.0,0.0,1.0,1.0
31,205,4.677655516568634,9.36742674489899,1.0,1.0,1.0,1.0,0.0,0.0
32,205,10.314626263481063,7.996384634497581,0.0,0.0,0.0,1.0,0.0,0.0
33,205,12.0,2.4869133163160257,0.0,1.0,0.0,0.0,0.0,0.0
34,205,4.97748413568817,11.439896499718888,0.0,1.0,0.0,0.0,1.0,0.0
35,205,0.5662827642900925,8.565508878418811,1.0,0.0,0.0,0.0,1.0,0.0
36,205,8.022516126784874,7.1971467106158125,0.0,1.0,1.0,0.0,1.0,1.0
37,205,2.641385714818999,1.4970637747519353,1.0,0.0,0.0,0.0,1.0,1.0
38,205,3.397625796247068,5.121538768377062,1.0,0.0,1.0,0.0,1.0,0.0
39,205,12.0,9.040060348886188,0.0,1.0,1.0,1.0,1.0,1.0
0,210,0.0,0.0,0.0,1.0,0.0,1.0,0.0,1.0
1,210,11.613251806154574,6.337221301317434,1.0,0.0,1.0,1.0,1.0,1.0
2,210,3.334923199529544,8.600305465837609,0.0,0.0,0.0,0.0,0.0,0.0
3,210,0.0158776187123797,11.423109749493262,0.0,0.0,1.0,0.0,0.0,0.0
4,210,0.0,7.112769777559265,0.0,0.0,1.0,0.0,1.0,0.0
5,210,2.292771984667868,5.671887990298941,1.0,1.0,0.0,0.0,0.0,0.0
6,210,11.36545865172142,8.982382540458536,1.0,0.0,1.0,0.0,1.0,1.0
7,210,0.0,2.110849958195569,0.0,0.0,0.0,0.0,1.0,0.0
8,210,1.594805026451041,9.285318277864592,0.0,0.0,1.0,1.0,0.0,1.0
9,210,9.00254396614617,8.762793555021203,1.0,0.0,0.0,1.0,0.0,0.0
10,210,0.310385391488055,7.226900939813827,0.0,1.0,1.0,0.0,0.0,0.0
11,210,3.1729936626159443,3.234913453254567,0.0,0.0,0.0,0.0,1.0,1.0
12,210,9.078514228141108,4.674277956736549,0.0,0.0,0.0,0.0,0.0,0.0
13,210,9.782450638659949,10.981709490144638,0.0,1.0,0.0,1.0,1.0,0.0
14,210,0.0,12.0,1.0,0.0,0.0,1.0,0.0,0.0
15,210,11.649052689273946,0.0,0.0,0.0,0.0,0.0,1.0,0.0
16,210,5.417597378586767,4.895118303509141,1.0,0.0,0.0,0.0,1.0,0.0
17,210,11.907248183345295,5.611186098163005,1.0,0.0,0.0,1.0,0.0,0.0
18,210,10.577962759159568,3.757434258620104,0.0,0.0,0.0,0.0,0.0,0.0
19,210,1.891868351742637,8.618664834825035,0.0,0.0,1.0,1.0,0.0,0.0
20,210,9.329383183632654,1.9581768759938063,0.0,0.0,0.0,0.0,0.0,0.0
21,210,11.31211343738494,7.965986893998289,0.0,0.0,0.0,0.0,1.0,1.0
22,210,12.0,0.0,0.0,0.0,0.0,0.0,0.0,0.0
23,210,2.864512723451196,4.50850623235707,0.0,1.0,1.0,1.0,0.0,1.0
24,210,5.463660980986771,0.0,1.0,1.0,1.0,1.0,0.0,0.0
25,210,2.27934841234774,5.110416328473479,0.0,1.0,0.0,0.0,1.0,1.0
26,210,6.415973980082987,9.686025227424311,0.0,0.0,0.0,1.0,1.0,1.0
27,210,12.0,11.266745513988685,0.0,0.0,0.0,1.0,0.0,1.0
28,210,0.7306450323371743,1.7563345676455573,0.0,0.0,0.0,0.0,0.0,0.0
29,210,9.79830918126702,11.437990982716691,1.0,0.0,0.0,0.0,0.0,0.0
30,210,5.542918688025163,11.579822102634202,1.0,1.0,0.0,0.0,1.0,1.0
31,210,4.592084414045864,9.27506076774566,1.0,1.0,1.0,1.0,0.0,0.0
32,210,10.266030205612758,7.9830670488459265,0.0,0.0,0.0,1.0,0.0,0.0
33,210,12.0,2.475599475281849,0.0,1.0,0.0,0.0,0.0,0.0
34,210,4.871321531732992,11.56934495474378,0.0,1.0,0.0,0.0,1.0,0.0
35,210,0.5608408900207122,8.514715674061588,1.0,0.0,0.0,0.0,1.0,0.0
36,210,8.039500865063385,7.1905976350342415,0.0,1.0,1.0,0.0,1.0,1.0
37,210,2.7679873512976143,1.4687584455973728,1.0,0.0,0.0,0.0,1.0,1.0
38,210,3.414511368376588,5.090312942804482,1.0,0.0,1.0,0.0,1.0,0.0
39,210,12.0,9.08669830752851,0.0,1.0,1.0,1.0,1.0,1.0
0,215,0.0,0.0,0.0,1.0,0.0,1.0,0.0,1.0
1,215,11.518441161107226,6.140633291128237,1.0,0.0,1.0,1.0,1.0,1.0
2,215,3.3290137380223044,8.573878153137624,0.0,0.0,0.0,0.0,0.0,0.0
3,215,0.0182386405808101,11.47901398028197,0.0,0.0,1.0,0.0,0.0,0.0
4,215,0.0,7.127023138371604,0.0,0.0,1.0,0.0,1.0,0.0
5,215,2.2993193299675947,5.697487183113828,1.0,1.0,0.0,0.0,0.0,0.0
6,215,11.501065335559964,9.02401030985515,1.0,0.0,1.0,0.0,1.0,1.0
7,215,0.0,1.978771166285349,0.0,0.0,0.0,0.0,1.0,0.0
8,215,1.7215299654992675,9.389021594305335,0.0,0.0,1.0,1.0,0.0,1.0
9,215,9.00254627882979,8.756157397498189,1.0,0.0,0.0,1.0,0.0,0.0
10,215,0.3758126377588637,7.204658854989238,0.0,1.0,1.0,0.0,0.0,0.0
11,215,3.19709984295386,3.2539419395600597,0.0,0.0,0.0,0.0,1.0,1.0
12,215,9.194106751355788,4.706588540163133,0.0,0.0,0.0,0.0,0.0,0.0
13,215,9.922374918125117,10.981365630514173,0.0,1.0,0.0,1.0,1.0,0.0
14,215,0.0,12.0,1.0,0.0,0.0,1.0,0.0,0.0
15,215,11.729336966203268,0.0,0.0,0.0,0.0,0.0,1.0,0.0
16,215,5.415098529638387,4.917985929805014,1.0,0.0,0.0,0.0,1.0,0.0
17,215,11.863960992072151,5.639330497220308,1.0,0.0,0.0,1.0,0.0,0.0
18,215,10.621841012940523,3.695344744526601,0.0,0.0,0.0,0.0,0.0,0.0
19,215,1.9644636719475368,8.631042384251764,0.0,0.0,1.0,1.0,0.0,0.0
20,215,9.343638125258927,1.9893176129361816,0.0,0.0,0.0,0.0,0.0,0.0
21,215,11.307479747832195,7.957384384726562,0.0,0.0,0.0,0.0,1.0,1.0
22,215,12.0,0.0,0.0,0.0,0.0,0.0,0.0,0.0
23,215,2.7790045869463627,4.461662852757226,0.0,1.0,1.0,1.0,0.0,1.0
24,215,5.269207559089158,0.0,1.0,1.0,1.0,1.0,0.0,0.0
25,215,2.282172447483624,5.107165372716064,0.0,1.0,0.0,0.0,1.0,1.0
26,215,6.312629322024215,9.576680713578268,0.0,0.0,0.0,1.0,1.0,1.0
27,215,12.0,11.349270787703194,0.0,0.0,0.0,1.0,0.0,1.0
28,215,0.733843991137445,1.7509833340707466,0.0,0.0,0.0,0.0,0.0,0.0
29,215,9.954045754555276,11.463498778218206,1.0,0.0,0.0,0.0,0.0,0.0
30,215,5.578368541580726,11.60003938925863,1.0,1.0,0.0,0.0,1.0,1.0
31,215,4.497246819536833,9.179253552932517,1.0,1.0,1.0,1.0,0.0,0.0
32,215,10.202913848985062,7.966744155149288,0.0,0.0,0.0,1.0,0.0,0.0
33,215,12.0,2.463413645547828,0.0,1.0,0.0,0.0,0.0,0.0
34,215,4.759880362658309,11.709495938998003,0.0,1.0,0.0,0.0,1.0,0.0
35,215,0.5560297788356972,8.467202751602185,1.0,0.0,0.0,0.0,1.0,0.0
36,215,8.041633767471945,7.189727362354145,0.0,1.0,1.0,0.0,1.0,1.0
37,215,2.917889759765373,1.4338443669118488,1.0,0.0,0.0,0.0,1.0,1.0
38,215,3.432058858225594,5.059684659402574,1.0,0.0,1.0,0.0,1.0,0.0
39,215,12.0,9.135987114190945,0.0,1.0,1.0,1.0,1.0,1.0
0,220,0.1237431785888551,0.0,0.0,1.0,0.0,1.0,0.0,1.0
1,220,11.426760867141988,5.934215587841153,1.0,0.0,1.0,1.0,1.0,1.0
2,220,3.3212989706940093,8.539646146665994,0.0,0.0,0.0,0.0,0.0,0.0
3,220,0.0187160164420034,11.506439589093116,0.0,0.0,1.0,0.0,0.0,0.0
4,220,0.0,7.139548013830477,0.0,0.0,1.0,0.0,1.0,0.0
5,220,2.3029793954809485,5.711071683788876,1.0,1.0,0.0,0.0,0.0,0.0
6,220,11.646623231049343,9.072961773653857,1.0,0.0,1.0,0.0,1.0,1.0
7,220,0.0,1.856741325855388,0.0,0.0,0.0,0.0,1.0,0.0
8,220,1.859028890700208,9.506407060785142,0.0,0.0,1.0,1.0,0.0,1.0
9,220,9.002546105865108,8.758529304247986,1.0,0.0,0.0,1.0,0.0,0.0
10,220,0.4357019598309111,7.187703719488409,0.0,1.0,1.0,0.0,0.0,0.0
11,220,3.2283738652782588,3.278397700479046,0.0,0.0,0.0,0.0,1.0,1.0
12,220,9.297086059430766,4.737962122416422,0.0,0.0,0.0,0.0,0.0,0.0
13,220,10.046968945001012,10.982581144977775,0.0,1.0,0.0,1.0,1.0,0.0
14,220,0.0,12.0,1.0,0.0,0.0,1.0,0.0,0.0
15,220,11.82562275578141,0.0,0.0,0.0,0.0,0.0,1.0,0.0
16,220,5.413841550206182,4.929792179879907,1.0,0.0,0.0,0.0,1.0,0.0
17,220,11.809371056970567,5.67723874016259,1.0,0.0,0.0,1.0,0.0,0.0
18,220,10.639915639460517,3.670777741494657,0.0,0.0,0.0,0.0,0.0,0.0
19,220,2.041534991241478,8.643979855660268,0.0,0.0,1.0,1.0,0.0,0.0
20,220,9.353711938279956,2.0099991100233776,0.0,0.0,0.0,0.0,0.0,0.0
21,220,11.313938349589067,7.969727081427091,0.0,0.0,0.0,0.0,1.0,1.0
22,220,12.0,0.0,0.0,0.0,0.0,0.0,0.0,0.0
23,220,2.678708004604795,4.405681659977106,0.0,1.0,1.0,1.0,0.0,1.0
24,220,5.051339805626041,0.0,1.0,1.0,1.0,1.0,0.0,0.0
25,220,2.281489633869441,5.107972067243311,0.0,1.0,0.0,0.0,1.0,1.0
26,220,6.187333375399271,9.446429997861747,0.0,0.0,0.0,1.0,1.0,1.0
27,220,12.0,11.419718713625253,0.0,0.0,0.0,1.0,0.0,1.0
28,220,0.7295755462184118,1.7583000670704898,0.0,0.0,0.0,0.0,0.0,0.0
29,220,9.925766992050452,11.612927541491462,1.0,0.0,0.0,0.0,0.0,0.0
30,220,5.618033861079514,11.621648079204052,1.0,1.0,0.0,0.0,1.0,1.0
31,220,4.387590915081773,9.068937829579944,1.0,1.0,1.0,1.0,0.0,0.0
32,220,10.137490011949126,7.948657573706455,0.0,0.0,0.0,1.0,0.0,0.0
33,220,12.0,2.449452498763216,0.0,1.0,0.0,0.0,0.0,0.0
34,220,4.641319065591221,11.857559131668374,0.0,1.0,0.0,0.0,1.0,0.0
35,220,0.5514321808911034,8.420986130716487,1.0,0.0,0.0,0.0,1.0,0.0
36,220,8.028472514953615,7.195041299590278,0.0,1.0,1.0,0.0,1.0,1.0
37,220,3.0673782712355573,1.3950678261489988,1.0,0.0,0.0,0.0,1.0,1.0
38,220,3.4570839541030187,5.013902155546217,1.0,0.0,1.0,0.0,1.0,0.0
39,220,12.0,9.18521364492903,0.0,1.0,1.0,1.0,1.0,1.0
0,225,0.2370495955783355,0.0,0.0,1.0,0.0,1.0,0.0,1.0
1,225,11.336705011094566,5.737699766708847,1.0,0.0,1.0,1.0,1.0,1.0
2,225,3.3154415660832237,8.514999216222536,0.0,0.0,0.0,0.0,0.0,0.0
3,225,0.0187703645873677,11.51139305035868,0.0,0.0,1.0,0.0,0.0,0.0
4,225,0.0,7.149303509506333,0.0,0.0,1.0,0.0,1.0,0.0
5,225,2.309219683746359,5.732333044931589,1.0,1.0,0.0,0.0,0.0,0.0
6,225,11.79696824781052,9.125698761131911,1.0,0.0,1.0,0.0,1.0,1.0
7,225,0.0,1.7278700968932583,0.0,0.0,0.0,0.0,1.0,0.0
8,225,1.9966003573625617,9.633631122758,0.0,0.0,1.0,1.0,0.0,1.0
9,225,9.002672938773975,8.750921185301081,1.0,0.0,0.0,1.0,0.0,0.0
10,225,0.4977751709319142,7.1702404955340935,0.0,1.0,1.0,0.0,0.0,0.0
11,225,3.258902832385117,3.302961085764418,0.0,0.0,0.0,0.0,1.0,1.0
12,225,9.4241297509111,4.774678848079556,0.0,0.0,0.0,0.0,0.0,0.0
13,225,10.162574256576743,10.986152060014916,0.0,1.0,0.0,1.0,1.0,0.0
14,225,0.0,12.0,1.0,0.0,0.0,1.0,0.0,0.0
15,225,11.93503843991752,0.0,0.0,0.0,0.0,0.0,1.0,0.0
16,225,5.411425547898371,4.954125465960352,1.0,0.0,0.0,0.0,1.0,0.0
17,225,11.756980545763678,5.712233009177795,1.0,0.0,0.0,1.0,0.0,0.0
18,225,10.640632922259186,3.66981610047115,0.0,0.0,0.0,0.0,0.0,0.0
19,225,2.0976573681990014,8.653905003480144,0.0,0.0,1.0,1.0,0.0,0.0
20,225,9.354054034806891,2.01069963609671,0.0,0.0,0.0,0.0,0.0,0.0
21,225,11.327893432863029,7.996509869677568,0.0,0.0,0.0,0.0,1.0,1.0
22,225,12.0,0.0,0.0,0.0,0.0,0.0,0.0,0.0
23,225,2.5729330600382023,4.3452707287856205,0.0,1.0,1.0,1.0,0.0,1.0
24,225,4.813136324792641,0.0,1.0,1.0,1.0,1.0,0.0,0.0
25,225,2.288199190049253,5.099775513149481,0.0,1.0,0.0,0.0,1.0,1.0
26,225,6.057642933674588,9.311579818375913,0.0,0.0,0.0,1.0,1.0,1.0
27,225,12.0,11.489586344744897,0.0,0.0,0.0,1.0,0.0,1.0
28,225,0.718626552071042,1.776214967197096,0.0,0.0,0.0,0.0,0.0,0.0
29,225,9.898467699854796,11.765608818462104,1.0,0.0,0.0,0.0,0.0,0.0
30,225,5.629420320091038,11.6276039590533,1.0,1.0,0.0,0.0,1.0,1.0
31,225,4.291782150072202,8.972901686349918,1.0,1.0,1.0,1.0,0.0,0.0
32,225,10.071820211781407,7.931468242258478,0.0,0.0,0.0,1.0,0.0,0.0
33,225,12.0,2.435395691704549,0.0,1.0,0.0,0.0,0.0,0.0
34,225,4.511913128113283,12.0,0.0,1.0,0.0,0.0,1.0,0.0
35,225,0.5454939843182394,8.357588867838114,1.0,0.0,0.0,0.0,1.0,0.0
36,225,8.023294655816663,7.1972641098697165,0.0,1.0,1.0,0.0,1.0,1.0
37,225,3.1987043447296584,1.3610371911863506,1.0,0.0,0.0,0.0,1.0,1.0
38,225,3.492423137626664,4.948768264724284,1.0,0.0,1.0,0.0,1.0,0.0
39,225,12.0,9.24064364164052,0.0,1.0,1.0,1.0,1.0,1.0
0,230,0.3484195520231082,0.0,0.0,1.0,0.0,1.0,0.0,1.0
1,230,11.238184303498072,5.528920480050674,1.0,0.0,1.0,1.0,1.0,1.0
2,230,3.306956079438817,8.479012170457496,0.0,0.0,0.0,0.0,0.0,0.0
3,230,0.0192418717968789,11.52907295560689,0.0,0.0,1.0,0.0,0.0,0.0
4,230,0.0,7.157412804803999,0.0,0.0,1.0,0.0,1.0,0.0
5,230,2.317824981859637,5.760282931771754,1.0,1.0,0.0,0.0,0.0,0.0
6,230,11.944081130193863,9.18039860427568,1.0,0.0,1.0,0.0,1.0,1.0
7,230,0.0,1.5855549003028706,0.0,0.0,0.0,0.0,1.0,0.0
8,230,2.1326696020057683,9.760446265520294,0.0,0.0,1.0,1.0,0.0,1.0
9,230,9.003236773469737,8.731645356035004,1.0,0.0,0.0,1.0,0.0,0.0
10,230,0.5619949456834699,7.153384382703797,0.0,1.0,1.0,0.0,0.0,0.0
11,230,3.2861005704864787,3.3253714897214066,0.0,0.0,0.0,0.0,1.0,1.0
12,230,9.553080095451817,4.813634523728332,0.0,0.0,0.0,0.0,0.0,0.0
13,230,10.302089012386627,10.986806697401658,0.0,1.0,0.0,1.0,1.0,0.0
14,230,0.0,12.0,1.0,0.0,0.0,1.0,0.0,0.0
15,230,12.0,0.0,0.0,0.0,0.0,0.0,1.0,0.0
16,230,5.408437913134072,4.984336541733874,1.0,0.0,0.0,0.0,1.0,0.0
17,230,11.71021709420689,5.74301427839353,1.0,0.0,0.0,1.0,0.0,0.0
18,230,10.651998022792627,3.654708452043718,0.0,0.0,0.0,0.0,0.0,0.0
19,230,2.1539058521924304,8.66271257849194,0.0,0.0,1.0,1.0,0.0,0.0
20,230,9.352172507688955,2.0066493783327264,0.0,0.0,0.0,0.0,0.0,0.0
21,230,11.333727053973243,8.00820775821166,0.0,0.0,0.0,0.0,1.0,1.0
22,230,12.0,0.0,0.0,0.0,0.0,0.0,0.0,0.0
23,230,2.451972741779319,4.275228312928816,0.0,1.0,1.0,1.0,0.0,1.0
24,230,4.576261803475645,0.0,1.0,1.0,1.0,1.0,0.0,0.0
25,230,2.29005502066104,5.097463572208382,0.0,1.0,0.0,0.0,1.0,1.0
26,230,5.91851879850708,9.168592758379177,0.0,0.0,0.0,1.0,1.0,1.0
27,230,12.0,11.561434826304332,0.0,0.0,0.0,1.0,0.0,1.0
28,230,0.7061250687013885,1.795758271775276,0.0,0.0,0.0,0.0,0.0,0.0
29,230,9.871198480648742,11.912108112994426,1.0,0.0,0.0,0.0,0.0,0.0
30,230,5.643784484866672,11.63457750329545,1.0,1.0,0.0,0.0,1.0,1.0
31,230,4.181862637234093,8.857882292030537,1.0,1.0,1.0,1.0,0.0,0.0
32,230,10.008089725061454,7.915351216790465,0.0,0.0,0.0,1.0,0.0,0.0
33,230,12.0,2.4219519333684523,0.0,1.0,0.0,0.0,0.0,0.0
34,230,4.373623831292236,12.0,0.0,1.0,0.0,0.0,1.0,0.0
35,230,0.5354227497717043,8.270674624201343,1.0,0.0,0.0,0.0,1.0,0.0
36,230,8.030040137648,7.194112174156811,0.0,1.0,1.0,0.0,1.0,1.0
37,230,3.3165535792953653,1.3327984924166083,1.0,0.0,0.0,0.0,1.0,1.0
38,230,3.5275257301765115,4.883033997662181,1.0,0.0,1.0,0.0,1.0,0.0
39,230,12.0,9.299577240996504,0.0,1.0,1.0,1.0,1.0,1.0
0,235,0.4518185365880443,0.0,0.0,1.0,0.0,1.0,0.0,1.0
1,235,11.138542653881672,5.32908788873013,1.0,0.0,1.0,1.0,1.0,1.0
2,235,3.301195755190366,8.449659139102005,0.0,0.0,0.0,0.0,0.0,0.0
3,235,0.0193759799502502,11.551055069104567,0.0,0.0,1.0,0.0,0.0,0.0
4,235,0.0,7.165069764452289,0.0,0.0,1.0,0.0,1.0,0.0
5,235,2.330313490469774,5.801265262339399,1.0,1.0,0.0,0.0,0.0,0.0
6,235,12.0,9.241658445849374,1.0,0.0,1.0,0.0,1.0,1.0
7,235,0.0,1.4517633061953483,0.0,0.0,0.0,0.0,1.0,0.0
8,235,2.2648236978327896,9.881311263789758,0.0,0.0,1.0,1.0,0.0,1.0
9,235,9.003472250871036,8.718530469195303,1.0,0.0,0.0,1.0,0.0,0.0
10,235,0.6343005541208185,7.135078491389718,0.0,1.0,1.0,0.0,0.0,0.0
11,235,3.3143075750523048,3.348659762777066,0.0,0.0,0.0,0.0,1.0,1.0
12,235,9.681298902018217,4.852086185108083,0.0,0.0,0.0,0.0,0.0,0.0
13,235,10.460220007856236,10.990380151723857,0.0,1.0,0.0,1.0,1.0,0.0
14,235,0.0,12.0,1.0,0.0,0.0,1.0,0.0,0.0
15,235,12.0,0.0,0.0,0.0,0.0,0.0,1.0,0.0
16,235,5.405801428897039,5.014454152849963,1.0,0.0,0.0,0.0,1.0,0.0
17,235,11.662206514215177,5.774054329909836,1.0,0.0,0.0,1.0,0.0,0.0
18,235,10.657700850050803,3.64699352154911,0.0,0.0,0.0,0.0,0.0,0.0
19,235,2.1996809738942424,8.668649087574911,0.0,0.0,1.0,1.0,0.0,0.0
20,235,9.35679892034294,2.0169050676725075,0.0,0.0,0.0,0.0,0.0,0.0
21,235,11.32853316190651,7.998329392928005,0.0,0.0,0.0,0.0,1.0,1.0
22,235,12.0,0.0,0.0,0.0,0.0,0.0,0.0,0.0
23,235,2.3350226588491707,4.205890756405749,0.0,1.0,1.0,1.0,0.0,1.0
24,235,4.3363505951184615,0.0,1.0,1.0,1.0,1.0,0.0,0.0
25,235,2.2896141314724265,5.097998255060964,0.0,1.0,0.0,0.0,1.0,1.0
26,235,5.775065861100564,9.023282014613123,0.0,0.0,0.0,1.0,1.0,1.0
27,235,12.0,11.626248984471504,0.0,0.0,0.0,1.0,0.0,1.0
28,235,0.6873707842840949,1.8261010297001536,0.0,0.0,0.0,0.0,0.0,0.0
29,235,9.840913475829907,12.0,1.0,0.0,0.0,0.0,0.0,0.0
30,235,5.640656675651207,11.63286498157884,1.0,1.0,0.0,0.0,1.0,1.0
31,235,4.066742615495356,8.742108403221815,1.0,1.0,1.0,1.0,0.0,0.0
32,235,9.958743416225998,7.900820672059508,0.0,0.0,0.0,1.0,0.0,0.0
33,235,12.0,2.406758715391192,0.0,1.0,0.0,0.0,0.0,0.0
34,235,4.232957519068921,12.0,0.0,1.0,0.0,0.0,1.0,0.0
35,235,0.5224435914910341,8.166789235902828,1.0,0.0,0.0,0.0,1.0,0.0
36,235,8.00221358990703,7.20651048865353,0.0,1.0,1.0,0.0,1.0,1.0
37,235,3.429283073288662,1.3077839888718927,1.0,0.0,0.0,0.0,1.0,1.0
38,235,3.549567336965924,4.842288541668693,1.0,0.0,1.0,0.0,1.0,0.0
39,235,12.0,9.356678150185838,0.0,1.0,1.0,1.0,1.0,1.0
0,240,0.5619114391209433,0.0,0.0,1.0,0.0,1.0,0.0,1.0
1,240,11.045723966378985,5.1233835404967705,1.0,0.0,1.0,1.0,1.0,1.0
2,240,3.2942663582672647,8.413043011373984,0.0,0.0,0.0,0.0,0.0,0.0
3,240,0.0199389112048205,11.589433200693133,0.0,0.0,1.0,0.0,0.0,0.0
4,240,0.0,7.172351863892981,0.0,0.0,1.0,0.0,1.0,0.0
5,240,2.3458264626911034,5.856531417837823,1.0,1.0,0.0,0.0,0.0,0.0
6,240,12.0,9.311826093420708,1.0,0.0,1.0,0.0,1.0,1.0
7,240,0.0,1.3075441725053585,0.0,0.0,0.0,0.0,1.0,0.0
8,240,2.394060081489002,9.995494784565516,0.0,0.0,1.0,1.0,0.0,1.0
9,240,9.003676426167484,8.693308627741102,1.0,0.0,0.0,1.0,0.0,0.0
10,240,0.7138968652858483,7.115865351074387,0.0,1.0,1.0,0.0,0.0,0.0
11,240,3.343403517938426,3.373134241804122,0.0,0.0,0.0,0.0,1.0,1.0
12,240,9.823768385429346,4.89408473388202,0.0,0.0,0.0,0.0,0.0,0.0
13,240,10.61687680611577,10.990858992864489,0.0,1.0,0.0,1.0,1.0,0.0
14,240,0.0,12.0,1.0,0.0,0.0,1.0,0.0,0.0
15,240,12.0,0.0,0.0,0.0,0.0,0.0,1.0,0.0
16,240,5.404253135089776,5.029339510525956,1.0,0.0,0.0,0.0,1.0,0.0
17,240,11.61242724845906,5.806780202136701,1.0,0.0,0.0,1.0,0.0,0.0
18,240,10.670358162216967,3.630205830962308,0.0,0.0,0.0,0.0,0.0,0.0
19,240,2.24483696647788,8.673486077253965,0.0,0.0,1.0,1.0,0.0,0.0
20,240,9.361266509041158,2.026633263561685,0.0,0.0,0.0,0.0,0.0,0.0
21,240,11.3325151236543,8.00544926335588,0.0,0.0,0.0,0.0,1.0,1.0
22,240,12.0,0.0,0.0,0.0,0.0,0.0,0.0,0.0
23,240,2.206772603113,4.12848595399131,0.0,1.0,1.0,1.0,0.0,1.0
24,240,4.094358511708337,0.0,1.0,1.0,1.0,1.0,0.0,0.0
25,240,2.2686026797526746,5.1240494591638805,0.0,1.0,0.0,0.0,1.0,1.0
26,240,5.633871618179008,8.881838378307862,0.0,0.0,0.0,1.0,1.0,1.0
27,240,12.0,11.6947913832075,0.0,0.0,0.0,1.0,0.0,1.0
28,240,0.6620732114705925,1.8670836532265416,0.0,0.0,0.0,0.0,0.0,0.0
29,240,9.814094815611746,12.0,1.0,0.0,0.0,0.0,0.0,0.0
30,240,5.632778755795052,11.628523539306826,1.0,1.0,0.0,0.0,1.0,1.0
31,240,3.939199933047324,8.614166721675087,1.0,1.0,1.0,1.0,0.0,0.0
32,240,9.885726032632473,7.880157800761574,0.0,0.0,0.0,1.0,0.0,0.0
33,240,12.0,2.392252935354055,0.0,1.0,0.0,0.0,0.0,0.0
34,240,4.110109939495782,12.0,0.0,1.0,0.0,0.0,1.0,0.0
35,240,0.5095456105561458,8.070682223173833,1.0,0.0,0.0,0.0,1.0,0.0
36,240,7.98471434661404,7.214096152296228,0.0,1.0,1.0,0.0,1.0,1.0
37,240,3.5273508307007013,1.289672037772729,1.0,0.0,0.0,0.0,1.0,1.0
38,240,3.5717608362861517,4.798870420787982,1.0,0.0,1.0,0.0,1.0,0.0
39,240,12.0,9.41614107566756,0.0,1.0,1.0,1.0,1.0,1.0
0,245,0.6581119842744333,0.0,0.0,1.0,0.0,1.0,0.0,1.0
1,245,10.953187515811946,4.912572799976039,1.0,0.0,1.0,1.0,1.0,1.0
2,245,3.287742060593504,8.376314163254708,0.0,0.0,0.0,0.0,0.0,0.0
3,245,0.0206383823148056,11.64941530389826,0.0,0.0,1.0,0.0,0.0,0.0
4,245,0.0,7.181949677757217,0.0,0.0,1.0,0.0,1.0,0.0
5,245,2.3671011252263034,5.93441619377886,1.0,1.0,0.0,0.0,0.0,0.0
6,245,12.0,9.38261450044278,1.0,0.0,1.0,0.0,1.0,1.0
7,245,0.0,1.332412295840486,0.0,0.0,0.0,0.0,1.0,0.0
8,245,2.5174940666858423,10.111188268278324,0.0,0.0,1.0,1.0,0.0,1.0
9,245,9.003434174151856,8.67805411124868,1.0,0.0,0.0,1.0,0.0,0.0
10,245,0.80570004416197,7.09320741612706,0.0,1.0,1.0,0.0,0.0,0.0
11,245,3.3576356195661,3.3850044877874828,0.0,0.0,0.0,0.0,1.0,1.0
12,245,9.961300393998297,4.937309349106479,0.0,0.0,0.0,0.0,0.0,0.0
13,245,10.776013441351113,10.99068442273918,0.0,1.0,0.0,1.0,1.0,0.0
14,245,0.0,12.0,1.0,0.0,0.0,1.0,0.0,0.0
15,245,12.0,0.0,0.0,0.0,0.0,0.0,1.0,0.0
16,245,5.403196646719382,5.0420529961911775,1.0,0.0,0.0,0.0,1.0,0.0
17,245,11.562353333388025,5.840301984922957,1.0,0.0,0.0,1.0,0.0,0.0
18,245,10.68162873636718,3.616701534321376,0.0,0.0,0.0,0.0,0.0,0.0
19,245,2.2790613369475867,8.676911991883841,0.0,0.0,1.0,1.0,0.0,0.0
20,245,9.372487404439813,2.0494595064171826,0.0,0.0,0.0,0.0,0.0,0.0
21,245,11.33078639566928,8.002205970114884,0.0,0.0,0.0,0.0,1.0,1.0
22,245,12.0,0.0,0.0,0.0,0.0,0.0,0.0,0.0
23,245,2.077841516251433,4.05118638224548,0.0,1.0,1.0,1.0,0.0,1.0
24,245,3.8612510204536425,0.0,1.0,1.0,1.0,1.0,0.0,0.0
25,245,2.2499271919928328,5.147460122945936,0.0,1.0,0.0,0.0,1.0,1.0
26,245,5.486718403825891,8.741716581629817,0.0,0.0,0.0,1.0,1.0,1.0
27,245,12.0,11.762719055149653,0.0,0.0,0.0,1.0,0.0,1.0
28,245,0.6548906820216114,1.878328374666108,0.0,0.0,0.0,0.0,0.0,0.0
29,245,9.790098984479345,12.0,1.0,0.0,0.0,0.0,0.0,0.0
30,245,5.614495187176283,11.618480709324515,1.0,1.0,0.0,0.0,1.0,1.0
31,245,3.808572971321751,8.484372219346731,1.0,1.0,1.0,1.0,0.0,0.0
32,245,9.827458212653973,7.864095346432522,0.0,0.0,0.0,1.0,0.0,0.0
33,245,12.0,2.376743828643073,0.0,1.0,0.0,0.0,0.0,0.0
34,245,3.976979545386305,12.0,0.0,1.0,0.0,0.0,1.0,0.0
35,245,0.4967560283406106,7.971484762483438,1.0,0.0,0.0,0.0,1.0,0.0
36,245,7.927544837246877,7.239303996388456,0.0,1.0,1.0,0.0,1.0,1.0
37,245,3.633297086171844,1.271366850330208,1.0,0.0,0.0,0.0,1.0,1.0
38,245,3.588110278375222,4.768690280858825,1.0,0.0,1.0,0.0,1.0,0.0
39,245,12.0,9.47657139527063,0.0,1.0,1.0,1.0,1.0,1.0
0,250,0.7462061473292269,0.0,0.0,1.0,0.0,1.0,0.0,1.0
1,250,10.86519683155996,4.725150505829466,1.0,0.0,1.0,1.0,1.0,1.0
2,250,3.282805694868492,8.350697823470734,0.0,0.0,0.0,0.0,0.0,0.0
3,250,0.0203081092219785,11.72164993826148,0.0,0.0,1.0,0.0,0.0,0.0
4,250,0.0,7.1957309183446325,0.0,0.0,1.0,0.0,1.0,0.0
5,250,2.388605630394657,6.0086349486065,1.0,1.0,0.0,0.0,0.0,0.0
6,250,12.0,9.456479701975418,1.0,0.0,1.0,0.0,1.0,1.0
7,250,0.0,1.356781251585381,0.0,0.0,0.0,0.0,1.0,0.0
8,250,2.635824853780478,10.22291016625872,0.0,0.0,1.0,1.0,0.0,1.0
9,250,9.003713097393177,8.685193362818692,1.0,0.0,0.0,1.0,0.0,0.0
10,250,0.9068825818394683,7.069683796900788,0.0,1.0,1.0,0.0,0.0,0.0
11,250,3.36672554554864,3.3927603482200017,0.0,0.0,0.0,0.0,1.0,1.0
12,250,10.067415416169892,4.973803585365015,0.0,0.0,0.0,0.0,0.0,0.0
13,250,10.93056087691625,10.98960371477662,0.0,1.0,0.0,1.0,1.0,0.0
14,250,0.0,12.0,1.0,0.0,0.0,1.0,0.0,0.0
15,250,12.0,0.0,0.0,0.0,0.0,0.0,1.0,0.0
16,250,5.40265673110738,5.048963714420334,1.0,0.0,0.0,0.0,1.0,0.0
17,250,11.497259711217916,5.883421078209504,1.0,0.0,0.0,1.0,0.0,0.0
18,250,10.700207151306792,3.592962946662774,0.0,0.0,0.0,0.0,0.0,0.0
19,250,2.2962759032726776,8.678567936286242,0.0,0.0,1.0,1.0,0.0,0.0
20,250,9.390684096471976,2.0901971292442942,0.0,0.0,0.0,0.0,0.0,0.0
21,250,11.327023882505028,7.994978532940728,0.0,0.0,0.0,0.0,1.0,1.0
22,250,12.0,0.0,0.0,0.0,0.0,0.0,0.0,0.0
23,250,1.9494807383659296,3.971008759496425,0.0,1.0,1.0,1.0,0.0,1.0
24,250,3.63837831986056,0.0,1.0,1.0,1.0,1.0,0.0,0.0
25,250,2.226625501290367,5.176428934612164,0.0,1.0,0.0,0.0,1.0,1.0
26,250,5.344878573144377,8.604003970174045,0.0,0.0,0.0,1.0,1.0,1.0
27,250,12.0,11.843114986208915,0.0,0.0,0.0,1.0,0.0,1.0
28,250,0.646919092651424,1.8907164078052736,0.0,0.0,0.0,0.0,0.0,0.0
29,250,9.7620643286004,12.0,1.0,0.0,0.0,0.0,0.0,0.0
30,250,5.59523756338698,11.608080506537698,1.0,1.0,0.0,0.0,1.0,1.0
31,250,3.686193066390155,8.355148075681443,1.0,1.0,1.0,1.0,0.0,0.0
32,250,9.75259749977034,7.844496951092563,0.0,0.0,0.0,1.0,0.0,0.0
33,250,12.0,2.3636922368183253,0.0,1.0,0.0,0.0,0.0,0.0
34,250,3.84566978014636,12.0,0.0,1.0,0.0,0.0,1.0,0.0
35,250,0.4820481515370828,7.86313868296083,1.0,0.0,0.0,0.0,1.0,0.0
36,250,7.8651901084721985,7.267223046488815,0.0,1.0,1.0,0.0,1.0,1.0
37,250,3.732501846466417,1.2538237550034927,1.0,0.0,0.0,0.0,1.0,1.0
38,250,3.610015718623692,4.726476671674371,1.0,0.0,1.0,0.0,1.0,0.0
39,250,12.0,9.538889538781898,0.0,1.0,1.0,1.0,1.0,1.0
0,255,0.8267160706068568,0.0,0.0,1.0,0.0,1.0,0.0,1.0
1,255,10.769066824653088,4.522192851050697,1.0,0.0,1.0,1.0,1.0,1.0
2,255,3.275445577733556,8.30891875014328,0.0,0.0,0.0,0.0,0.0,0.0
3,255,0.0201764710521024,11.784202975870324,0.0,0.0,1.0,0.0,0.0,0.0
4,255,0.0,7.209857348563348,0.0,0.0,1.0,0.0,1.0,0.0
5,255,2.4200858278182253,6.114427619588327,1.0,1.0,0.0,0.0,0.0,0.0
6,255,12.0,9.530407924075384,1.0,0.0,1.0,0.0,1.0,1.0
7,255,0.0,1.3831696298693448,0.0,0.0,0.0,0.0,1.0,0.0
8,255,2.7686434205222987,10.351549936372304,0.0,0.0,1.0,1.0,0.0,1.0
9,255,9.003624474300953,8.68161690142183,1.0,0.0,0.0,1.0,0.0,0.0
10,255,1.0063086035279216,7.0470028690087725,0.0,1.0,1.0,0.0,0.0,0.0
11,255,3.371186659321047,3.3966529457719044,0.0,0.0,0.0,0.0,1.0,1.0
12,255,10.169946067951363,5.010158067684867,0.0,0.0,0.0,0.0,0.0,0.0
13,255,11.08782776048942,10.99062510770879,0.0,1.0,0.0,1.0,1.0,0.0
14,255,0.0,12.0,1.0,0.0,0.0,1.0,0.0,0.0
15,255,12.0,0.0,0.0,0.0,0.0,0.0,1.0,0.0
16,255,5.400066809734419,5.081806037258875,1.0,0.0,0.0,0.0,1.0,0.0
17,255,11.4417587957496,5.920861407704524,1.0,0.0,0.0,1.0,0.0,0.0
18,255,10.710917240256483,3.5794906702413827,0.0,0.0,0.0,0.0,0.0,0.0
19,255,2.3088650749849235,8.679303689910494,0.0,0.0,1.0,1.0,0.0,0.0
20,255,9.41663204571118,2.148087609702898,0.0,0.0,0.0,0.0,0.0,0.0
21,255,11.32658820148914,7.994105735826566,0.0,0.0,0.0,0.0,1.0,1.0
22,255,12.0,0.0,0.0,0.0,0.0,0.0,0.0,0.0
23,255,1.8152485460583625,3.8764789955584087,0.0,1.0,1.0,1.0,0.0,1.0
24,255,3.3807506821838698,0.0,1.0,1.0,1.0,1.0,0.0,0.0
25,255,2.218563962507795,5.186296571543716,0.0,1.0,0.0,0.0,1.0,1.0
26,255,5.204751908053029,8.4636179669056,0.0,0.0,0.0,1.0,1.0,1.0
27,255,12.0,11.943565210064794,0.0,0.0,0.0,1.0,0.0,1.0
28,255,0.6497083857891637,1.8863436001769336,0.0,0.0,0.0,0.0,0.0,0.0
29,255,9.730285267717033,12.0,1.0,0.0,0.0,0.0,0.0,0.0
30,255,5.560322148623734,11.589019602326925,1.0,1.0,0.0,0.0,1.0,1.0
31,255,3.5721552012860887,8.232631892415682,1.0,1.0,1.0,1.0,0.0,0.0
32,255,9.679307246631648,7.823008869387693,0.0,0.0,0.0,1.0,0.0,0.0
33,255,12.0,2.3508619350960265,0.0,1.0,0.0,0.0,0.0,0.0
34,255,3.7169986337162655,12.0,0.0,1.0,0.0,0.0,1.0,0.0
35,255,0.4658702959198062,7.750656343558605,1.0,0.0,0.0,0.0,1.0,0.0
36,255,7.813589031690313,7.288283448579744,0.0,1.0,1.0,0.0,1.0,1.0
37,255,3.830611578647698,1.2382091816892278,1.0,0.0,0.0,0.0,1.0,1.0
38,255,3.63010342736203,4.688782382418275,1.0,0.0,1.0,0.0,1.0,0.0
39,255,12.0,9.599752587925584,0.0,1.0,1.0,1.0,1.0,1.0
0,260,0.9005260539368741,0.0,0.0,1.0,0.0,1.0,0.0,1.0
1,260,10.674817922693627,4.325150182558535,1.0,0.0,1.0,1.0,1.0,1.0
2,260,3.2716503243958206,8.290612554917644,0.0,0.0,0.0,0.0,0.0,0.0
3,260,0.0219485731778079,11.849123291054951,0.0,0.0,1.0,0.0,0.0,0.0
4,260,0.0,7.222315263358976,0.0,0.0,1.0,0.0,1.0,0.0
5,260,2.4547764901863,6.214980901874001,1.0,1.0,0.0,0.0,0.0,0.0
6,260,12.0,9.600251320199956,1.0,0.0,1.0,0.0,1.0,1.0
7,260,0.0,1.4124750638756167,0.0,0.0,0.0,0.0,1.0,0.0
8,260,2.897623862913954,10.47486133408746,0.0,0.0,1.0,1.0,0.0,1.0
9,260,9.003625993806606,8.681763761542515,1.0,0.0,0.0,1.0,0.0,0.0
10,260,1.1053044085843278,7.023628047937724,0.0,1.0,1.0,0.0,0.0,0.0
11,260,3.3921102351660406,3.4144166298613974,0.0,0.0,0.0,0.0,1.0,1.0
12,260,10.281492116945284,5.050492883697453,0.0,0.0,0.0,0.0,0.0,0.0
13,260,11.239016204263018,10.993072234182076,0.0,1.0,0.0,1.0,1.0,0.0
14,260,0.0,12.0,1.0,0.0,0.0,1.0,0.0,0.0
15,260,12.0,0.0,0.0,0.0,0.0,0.0,1.0,0.0
16,260,5.396385689399613,5.125429285087315,1.0,0.0,0.0,0.0,1.0,0.0
17,260,11.384277059813424,5.961149335445373,1.0,0.0,0.0,1.0,0.0,0.0
18,260,10.722729148610666,3.565143401667898,0.0,0.0,0.0,0.0,0.0,0.0
19,260,2.3268567283768853,8.680336520556956,0.0,0.0,1.0,1.0,0.0,0.0
20,260,9.448446041773876,2.212026320966247,0.0,0.0,0.0,0.0,0.0,0.0
21,260,11.3318612185849,8.00445255016401,0.0,0.0,0.0,0.0,1.0,1.0
22,260,12.0,0.0,0.0,0.0,0.0,0.0,0.0,0.0
23,260,1.6932907055579147,3.785827258858136,0.0,1.0,1.0,1.0,0.0,1.0
24,260,3.135158968409667,0.0,1.0,1.0,1.0,1.0,0.0,0.0
25,260,2.206274422156144,5.201949264069591,0.0,1.0,0.0,0.0,1.0,1.0
26,260,5.075309198709483,8.331949940654821,0.0,0.0,0.0,1.0,1.0,1.0
27,260,12.0,12.0,0.0,0.0,0.0,1.0,0.0,1.0
28,260,0.6590016714075508,1.870635986544577,0.0,0.0,0.0,0.0,0.0,0.0
29,260,9.7014312011484,12.0,1.0,0.0,0.0,0.0,0.0,0.0
30,260,5.545185714433218,11.580812302471315,1.0,1.0,0.0,0.0,1.0,1.0
31,260,3.464254055299773,8.120265769514651,1.0,1.0,1.0,1.0,0.0,0.0
32,260,9.611170570773597,7.802146380547842,0.0,0.0,0.0,1.0,0.0,0.0
33,260,12.0,2.3370616335016523,0.0,1.0,0.0,0.0,0.0,0.0
34,260,3.5705939613983446,12.0,0.0,1.0,0.0,0.0,1.0,0.0
35,260,0.4482012628541065,7.63351208028369,1.0,0.0,0.0,0.0,1.0,0.0
36,260,7.759094832567615,7.309397277573375,0.0,1.0,1.0,0.0,1.0,1.0
37,260,3.927550814857237,1.2241581460792443,1.0,0.0,0.0,0.0,1.0,1.0
38,260,3.6535768865213454,4.643266750406964,1.0,0.0,1.0,0.0,1.0,0.0
39,260,12.0,9.651139905355038,0.0,1.0,1.0,1.0,1.0,1.0
0,265,1.0069169052012588,0.0,0.0,1.0,0.0,1.0,0.0,1.0
1,265,10.58649476333359,4.1385823754993485,1.0,0.0,1.0,1.0,1.0,1.0
2,265,3.2701235122438725,8.283238901830327,0.0,0.0,0.0,0.0,0.0,0.0
3,265,0.0238616424634095,11.90425082413542,0.0,0.0,1.0,0.0,0.0,0.0
4,265,0.0,7.239516760182097,0.0,0.0,1.0,0.0,1.0,0.0
5,265,2.487363162349112,6.316210381768627,1.0,1.0,0.0,0.0,0.0,0.0
6,265,12.0,9.668561336447551,1.0,0.0,1.0,0.0,1.0,1.0
7,265,0.0,1.4416886590672886,0.0,0.0,0.0,0.0,1.0,0.0
8,265,3.010176159146963,10.583611012551408,0.0,0.0,1.0,1.0,0.0,1.0
9,265,9.00344635978598,8.70725533731507,1.0,0.0,0.0,1.0,0.0,0.0
10,265,1.1984353038362596,7.000202797897097,0.0,1.0,1.0,0.0,0.0,0.0
11,265,3.417322061737904,3.435172575914946,0.0,0.0,0.0,0.0,1.0,1.0
12,265,10.40762964977154,5.090451737898464,0.0,0.0,0.0,0.0,0.0,0.0
13,265,11.402527832488726,10.998538981061865,0.0,1.0,0.0,1.0,1.0,0.0
14,265,0.0,12.0,1.0,0.0,0.0,1.0,0.0,0.0
15,265,12.0,0.0,0.0,0.0,0.0,0.0,1.0,0.0
16,265,5.394053847926982,5.167260983850341,1.0,0.0,0.0,0.0,1.0,0.0
17,265,11.332256899181376,5.9964540937627895,1.0,0.0,0.0,1.0,0.0,0.0
18,265,10.741820446733218,3.542866795346836,0.0,0.0,0.0,0.0,0.0,0.0
19,265,2.343759886149126,8.68158010983901,0.0,0.0,1.0,1.0,0.0,0.0
20,265,9.479348928808896,2.2778713097147274,0.0,0.0,0.0,0.0,0.0,0.0
21,265,11.342319201045775,8.022995958885586,0.0,0.0,0.0,0.0,1.0,1.0
22,265,12.0,0.0,0.0,0.0,0.0,0.0,0.0,0.0
23,265,1.5752185072480656,3.696644550399081,0.0,1.0,1.0,1.0,0.0,1.0
24,265,2.884318596317492,0.0,1.0,1.0,1.0,1.0,0.0,0.0
25,265,2.181933647199332,5.231736758014516,0.0,1.0,0.0,0.0,1.0,1.0
26,265,4.927152172371926,8.18058158607475,0.0,0.0,0.0,1.0,1.0,1.0
27,265,12.0,12.0,0.0,0.0,0.0,1.0,0.0,1.0
28,265,0.656454833402835,1.874793523200608,0.0,0.0,0.0,0.0,0.0,0.0
29,265,9.670376268184857,12.0,1.0,0.0,0.0,0.0,0.0,0.0
30,265,5.540808617514768,11.578342003845156,1.0,1.0,0.0,0.0,1.0,1.0
31,265,3.350179429353656,7.991357966443051,1.0,1.0,1.0,1.0,0.0,0.0
32,265,9.535649403277274,7.780399691877905,0.0,0.0,0.0,1.0,0.0,0.0
33,265,12.0,2.3237462487699694,0.0,1.0,0.0,0.0,0.0,0.0
34,265,3.427771286458833,12.0,0.0,1.0,0.0,0.0,1.0,0.0
35,265,0.4278769437615256,7.51511357644308,1.0,0.0,0.0,0.0,1.0,0.0
36,265,7.683157862201552,7.339770380223995,0.0,1.0,1.0,0.0,1.0,1.0
37,265,4.0316895275238,1.210117672775188,1.0,0.0,0.0,0.0,1.0,1.0
38,265,3.6772061849620994,4.596161276560935,1.0,0.0,1.0,0.0,1.0,0.0
39,265,12.0,9.714065123380362,0.0,1.0,1.0,1.0,1.0,1.0
0,270,1.1071182242557198,0.0,0.0,1.0,0.0,1.0,0.0,1.0
1,270,10.505562368362645,3.951643871898909,1.0,0.0,1.0,1.0,1.0,1.0
2,270,3.268496273968571,8.274804536128755,0.0,0.0,0.0,0.0,0.0,0.0
3,270,0.0273188989782322,11.953595315107568,0.0,0.0,1.0,0.0,0.0,0.0
4,270,0.0,7.256173675894772,0.0,0.0,1.0,0.0,1.0,0.0
5,270,2.5216323186904344,6.410944512756682,1.0,1.0,0.0,0.0,0.0,0.0
6,270,12.0,9.7340555372855,1.0,0.0,1.0,0.0,1.0,1.0
7,270,0.0,1.4759324623838657,0.0,0.0,0.0,0.0,1.0,0.0
8,270,3.12740034567076,10.69611162438022,0.0,0.0,1.0,1.0,0.0,1.0
9,270,9.00305346916334,8.722091833649046,1.0,0.0,0.0,1.0,0.0,0.0
10,270,1.2728247852720314,6.984927792362468,0.0,1.0,1.0,0.0,0.0,0.0
11,270,3.4305704573820086,3.4460822417007417,0.0,0.0,0.0,0.0,1.0,1.0
12,270,10.527947864067396,5.129632204718647,0.0,0.0,0.0,0.0,0.0,0.0
13,270,11.54240666288385,11.00288282136062,0.0,1.0,0.0,1.0,1.0,0.0
14,270,0.0,12.0,1.0,0.0,0.0,1.0,0.0,0.0
15,270,12.0,0.0,0.0,0.0,0.0,0.0,1.0,0.0
16,270,5.392336779187512,5.22109978829067,1.0,0.0,0.0,0.0,1.0,0.0
17,270,11.272985225725163,6.036081913748002,1.0,0.0,0.0,1.0,0.0,0.0
18,270,10.753471412068777,3.530082821098324,0.0,0.0,0.0,0.0,0.0,0.0
19,270,2.3675752989994465,8.683603403525211,0.0,0.0,1.0,1.0,0.0,0.0
20,270,9.50939475547701,2.3442772343442444,0.0,0.0,0.0,0.0,0.0,0.0
21,270,11.350536195482722,8.036907828586722,0.0,0.0,0.0,0.0,1.0,1.0
22,270,12.0,0.0,0.0,0.0,0.0,0.0,0.0,0.0
23,270,1.4586405061517127,3.608807237368214,0.0,1.0,1.0,1.0,0.0,1.0
24,270,2.6387035866285924,0.0,1.0,1.0,1.0,1.0,0.0,0.0
25,270,2.1606932193691355,5.257620583405621,0.0,1.0,0.0,0.0,1.0,1.0
26,270,4.778986769733573,8.028054345395603,0.0,0.0,0.0,1.0,1.0,1.0
27,270,12.0,12.0,0.0,0.0,0.0,1.0,0.0,1.0
28,270,0.654081041632575,1.878680261699548,0.0,0.0,0.0,0.0,0.0,0.0
29,270,9.642347444035192,12.0,1.0,0.0,0.0,0.0,0.0,0.0
30,270,5.536745442868859,11.576007846387268,1.0,1.0,0.0,0.0,1.0,1.0
31,270,3.2441207530541494,7.865331298416148,1.0,1.0,1.0,1.0,0.0,0.0
32,270,9.460002279517656,7.759994728813338,0.0,0.0,0.0,1.0,0.0,0.0
33,270,12.0,2.3148516306436617,0.0,1.0,0.0,0.0,0.0,0.0
34,270,3.291996996731097,12.0,0.0,1.0,0.0,0.0,1.0,0.0
35,270,0.4025640150520478,7.38304885256047,1.0,0.0,0.0,0.0,1.0,0.0
36,270,7.606190127709776,7.37057674362875,0.0,1.0,1.0,0.0,1.0,1.0
37,270,4.148994060350314,1.1953327533277982,1.0,0.0,0.0,0.0,1.0,1.0
38,270,3.6955656424447687,4.558369083409292,1.0,0.0,1.0,0.0,1.0,0.0
39,270,12.0,9.764273882637344,0.0,1.0,1.0,1.0,1.0,1.0
0,275,1.2204144928250489,0.0,0.0,1.0,0.0,1.0,0.0,1.0
1,275,10.421746943821924,3.761844160816141,1.0,0.0,1.0,1.0,1.0,1.0
2,275,3.2674397403658406,8.269157959889899,0.0,0.0,0.0,0.0,0.0,0.0
3,275,0.0298826674765482,11.986476071459675,0.0,0.0,1.0,0.0,0.0,0.0
4,275,0.0,7.273976327722443,0.0,0.0,1.0,0.0,1.0,0.0
5,275,2.5612300975771074,6.518735593659657,1.0,1.0,0.0,0.0,0.0,0.0
6,275,12.0,9.807032413156854,1.0,0.0,1.0,0.0,1.0,1.0
7,275,0.0,1.5112316820234268,0.0,0.0,0.0,0.0,1.0,0.0
8,275,3.2438005929516835,10.814566277640855,0.0,0.0,1.0,1.0,0.0,1.0
9,275,9.001967603382058,8.745559172338865,1.0,0.0,0.0,1.0,0.0,0.0
10,275,1.357734272221897,6.966928841171004,0.0,1.0,1.0,0.0,0.0,0.0
11,275,3.430306530017485,3.445864207096052,0.0,0.0,0.0,0.0,1.0,1.0
12,275,10.66902988077071,5.174277943048352,0.0,0.0,0.0,0.0,0.0,0.0
13,275,11.691918843741249,11.006592640191505,0.0,1.0,0.0,1.0,1.0,0.0
14,275,0.0,12.0,1.0,0.0,0.0,1.0,0.0,0.0
15,275,12.0,0.0,0.0,0.0,0.0,0.0,1.0,0.0
16,275,5.391460593828822,5.288359342349605,1.0,0.0,0.0,0.0,1.0,0.0
17,275,11.214112430660714,6.075297474432939,1.0,0.0,0.0,1.0,0.0,0.0
18,275,10.773738777150538,3.508853314867945,0.0,0.0,0.0,0.0,0.0,0.0
19,275,2.3929750372050203,8.685875822982359,0.0,0.0,1.0,1.0,0.0,0.0
20,275,9.545512154096814,2.4173659485900894,0.0,0.0,0.0,0.0,0.0,0.0
21,275,11.365375317443547,8.060687668027645,0.0,0.0,0.0,0.0,1.0,1.0
22,275,12.0,0.0,0.0,0.0,0.0,0.0,0.0,0.0
23,275,1.3260339181316467,3.5081489149345644,0.0,1.0,1.0,1.0,0.0,1.0
24,275,2.387500983205002,0.0,1.0,1.0,1.0,1.0,0.0,0.0
25,275,2.137601210335636,5.285380092519811,0.0,1.0,0.0,0.0,1.0,1.0
26,275,4.610474872735128,7.849463823778744,0.0,0.0,0.0,1.0,1.0,1.0
27,275,12.0,12.0,0.0,0.0,0.0,1.0,0.0,1.0
28,275,0.6619978266758559,1.8649195226979651,0.0,0.0,0.0,0.0,0.0,0.0
29,275,9.61745801267968,12.0,1.0,0.0,0.0,0.0,0.0,0.0
30,275,5.53528191359227,11.57866127210471,1.0,1.0,0.0,0.0,1.0,1.0
31,275,3.151963768795609,7.754804887768583,1.0,1.0,1.0,1.0,0.0,0.0
32,275,9.3846551763862,7.738425536590143,0.0,0.0,0.0,1.0,0.0,0.0
33,275,12.0,2.3045795240432105,0.0,1.0,0.0,0.0,0.0,0.0
34,275,3.134169667629,12.0,0.0,1.0,0.0,0.0,1.0,0.0
35,275,0.3843785150784091,7.269594614937201,1.0,0.0,0.0,0.0,1.0,0.0
36,275,7.549387517381607,7.394934912704151,0.0,1.0,1.0,0.0,1.0,1.0
37,275,4.253550742552521,1.1796800104540055,1.0,0.0,0.0,0.0,1.0,1.0
38,275,3.713409590255312,4.523167436122982,1.0,0.0,1.0,0.0,1.0,0.0
39,275,11.95323352378578,9.871048124101502,0.0,1.0,1.0,1.0,1.0,1.0
0,280,1.3269268774519116,0.0,0.0,1.0,0.0,1.0,0.0,1.0
1,280,10.332874271721876,3.560962033838072,1.0,0.0,1.0,1.0,1.0,1.0
2,280,3.269019109899796,8.278270078778355,0.0,0.0,0.0,0.0,0.0,0.0
3,280,0.0318693658696812,12.0,0.0,0.0,1.0,0.0,0.0,0.0
4,280,0.0,7.291952351320496,0.0,0.0,1.0,0.0,1.0,0.0
5,280,2.6080646018161997,6.637451409754021,1.0,1.0,0.0,0.0,0.0,0.0
6,280,12.0,9.88860950215698,1.0,0.0,1.0,0.0,1.0,1.0
7,280,0.0,1.5446312501148456,0.0,0.0,0.0,0.0,1.0,0.0
8,280,3.3680065582623664,10.935064265046645,0.0,0.0,1.0,1.0,0.0,1.0
9,280,9.000269826321752,8.784429258190665,1.0,0.0,0.0,1.0,0.0,0.0
10,280,1.428461380892158,6.950331387954861,0.0,1.0,1.0,0.0,0.0,0.0
11,280,3.4277733392228256,3.4438046442436057,0.0,0.0,0.0,0.0,1.0,1.0
12,280,10.82822023444868,5.227637955910992,0.0,0.0,0.0,0.0,0.0,0.0
13,280,11.855140029467297,11.00947666677351,0.0,1.0,0.0,1.0,1.0,0.0
14,280,0.0,12.0,1.0,0.0,0.0,1.0,0.0,0.0
15,280,12.0,0.0,0.0,0.0,0.0,0.0,1.0,0.0
16,280,5.389838834379205,5.367786357752798,1.0,0.0,0.0,0.0,1.0,0.0
17,280,11.174670018138238,6.101635498757745,1.0,0.0,0.0,1.0,0.0,0.0
18,280,10.804738330260191,3.475139686122912,0.0,0.0,0.0,0.0,0.0,0.0
19,280,2.4233708095331963,8.689050435709884,0.0,0.0,1.0,1.0,0.0,0.0
20,280,9.592439925243692,2.518130785038262,0.0,0.0,0.0,0.0,0.0,0.0
21,280,11.387353818682016,8.095099737154735,0.0,0.0,0.0,0.0,1.0,1.0
22,280,12.0,0.0,0.0,0.0,0.0,0.0,0.0,0.0
23,280,1.1767391424122489,3.3930181533456847,0.0,1.0,1.0,1.0,0.0,1.0
24,280,2.1340129111814043,0.0,1.0,1.0,1.0,1.0,0.0,0.0
25,280,2.1123458648313096,5.314496603164893,0.0,1.0,0.0,0.0,1.0,1.0
26,280,4.43878744553425,7.667574097487848,0.0,0.0,0.0,1.0,1.0,1.0
27,280,12.0,12.0,0.0,0.0,0.0,1.0,0.0,1.0
28,280,0.6677096002669182,1.8550484599225183,0.0,0.0,0.0,0.0,0.0,0.0
29,280,9.591960991713036,12.0,1.0,0.0,0.0,0.0,0.0,0.0
30,280,5.529120676645148,11.589797026313947,1.0,1.0,0.0,0.0,1.0,1.0
31,280,3.069092180987661,7.655326190941278,1.0,1.0,1.0,1.0,0.0,0.0
32,280,9.306317820407228,7.716995811837815,0.0,0.0,0.0,1.0,0.0,0.0
33,280,12.0,2.294446445496726,0.0,1.0,0.0,0.0,0.0,0.0
34,280,2.9826376584309973,12.0,0.0,1.0,0.0,0.0,1.0,0.0
35,280,0.2702204061436348,7.286743313831341,1.0,0.0,0.0,0.0,1.0,0.0
36,280,7.491728277938783,7.418552974929024,0.0,1.0,1.0,0.0,1.0,1.0
37,280,4.373244545232493,1.1616938557141534,1.0,0.0,0.0,0.0,1.0,1.0
38,280,3.729918339408164,4.488775380813659,1.0,0.0,1.0,0.0,1.0,0.0
39,280,11.903839967360852,9.99284527983968,0.0,1.0,1.0,1.0,1.0,1.0
0,285,1.4516726670340243,0.0,0.0,1.0,0.0,1.0,0.0,1.0
1,285,10.549574709797644,3.460765034053579,1.0,0.0,1.0,1.0,1.0,1.0
2,285,3.272295916788185,8.298994432982642,0.0,0.0,0.0,0.0,0.0,0.0
3,285,0.0350180227024662,12.0,0.0,0.0,1.0,0.0,0.0,0.0
4,285,0.0,7.309508741313406,0.0,0.0,1.0,0.0,1.0,0.0
5,285,2.6460354671456066,6.739106187513333,1.0,1.0,0.0,0.0,0.0,0.0
6,285,12.0,9.970156840244655,1.0,0.0,1.0,0.0,1.0,1.0
7,285,0.0,1.5708038036707896,0.0,0.0,0.0,0.0,1.0,0.0
8,285,3.4701484273895087,11.033526328652812,0.0,0.0,1.0,1.0,0.0,1.0
9,285,8.99864843321079,8.827697161934324,1.0,0.0,0.0,1.0,0.0,0.0
10,285,1.4957090287779244,6.935436973181078,0.0,1.0,1.0,0.0,0.0,0.0
11,285,3.413970185660757,3.4316191461707177,0.0,0.0,0.0,0.0,1.0,1.0
12,285,10.971128063924198,5.275660756667034,0.0,0.0,0.0,0.0,0.0,0.0
13,285,12.0,11.00941728944683,0.0,1.0,0.0,1.0,1.0,0.0
14,285,0.0,12.0,1.0,0.0,0.0,1.0,0.0,0.0
15,285,12.0,0.0,0.0,0.0,0.0,0.0,1.0,0.0
16,285,5.386171515285856,5.438239224170855,1.0,0.0,0.0,0.0,1.0,0.0
17,285,11.128535877899306,6.13176742325806,1.0,0.0,0.0,1.0,0.0,0.0
18,285,10.829515880657574,3.4481747975672574,0.0,0.0,0.0,0.0,0.0,0.0
19,285,2.433400002630189,8.689935269267803,0.0,0.0,1.0,1.0,0.0,0.0
20,285,9.646181040082698,2.6328598086353003,0.0,0.0,0.0,0.0,0.0,0.0
21,285,11.40950832831775,8.130802360373902,0.0,0.0,0.0,0.0,1.0,1.0
22,285,12.0,0.0,0.0,0.0,0.0,0.0,0.0,0.0
23,285,1.0211932693515913,3.282962946358602,0.0,1.0,1.0,1.0,0.0,1.0
24,285,1.890396814219192,0.0,1.0,1.0,1.0,1.0,0.0,0.0
25,285,2.0851135107981404,5.344706094434957,0.0,1.0,0.0,0.0,1.0,1.0
26,285,4.2620974294184535,7.477315675901257,0.0,0.0,0.0,1.0,1.0,1.0
27,285,12.0,12.0,0.0,0.0,0.0,1.0,0.0,1.0
28,285,0.676890715951194,1.839617394375648,0.0,0.0,0.0,0.0,0.0,0.0
29,285,9.573004948624856,12.0,1.0,0.0,0.0,0.0,0.0,0.0
30,285,5.5239483821543045,11.59914521899356,1.0,1.0,0.0,0.0,1.0,1.0
31,285,2.990455881364316,7.555280547745774,1.0,1.0,1.0,1.0,0.0,0.0
32,285,9.230396880344376,7.6937791712517,0.0,0.0,0.0,1.0,0.0,0.0
33,285,12.0,2.2825640356085324,0.0,1.0,0.0,0.0,0.0,0.0
34,285,2.846336318629533,12.0,0.0,1.0,0.0,0.0,1.0,0.0
35,285,0.1633671094834047,7.304118894681512,1.0,0.0,0.0,0.0,1.0,0.0
36,285,7.424747789495323,7.446004549916553,0.0,1.0,1.0,0.0,1.0,1.0
37,285,4.5171843364451725,1.1366318695116595,1.0,0.0,0.0,0.0,1.0,1.0
38,285,3.7436134917116894,4.460962247927212,1.0,0.0,1.0,0.0,1.0,0.0
39,285,11.850233492393649,10.12042139510558,0.0,1.0,1.0,1.0,1.0,1.0
0,290,1.5627536771404449,0.0,0.0,1.0,0.0,1.0,0.0,1.0
1,290,10.780656805369384,3.34543813574624,1.0,0.0,1.0,1.0,1.0,1.0
2,290,3.2787960999051,8.344341787773235,0.0,0.0,0.0,0.0,0.0,0.0
3,290,0.0351593309612741,12.0,0.0,0.0,1.0,0.0,0.0,0.0
4,290,0.0,7.328434838126117,0.0,0.0,1.0,0.0,1.0,0.0
5,290,2.68575493010622,6.833164028635839,1.0,1.0,0.0,0.0,0.0,0.0
6,290,12.0,10.051363706877702,1.0,0.0,1.0,0.0,1.0,1.0
7,290,0.0,1.5965269043769936,0.0,0.0,0.0,0.0,1.0,0.0
8,290,3.5621086507051585,11.12339718751434,0.0,0.0,1.0,1.0,0.0,1.0
9,290,8.997695587033874,8.862168431027085,1.0,0.0,0.0,1.0,0.0,0.0
10,290,1.583417935390257,6.914789991688124,0.0,1.0,1.0,0.0,0.0,0.0
11,290,3.385742244512716,3.4069588643584394,0.0,0.0,0.0,0.0,1.0,1.0
12,290,11.117896230188242,5.3208522872386,0.0,0.0,0.0,0.0,0.0,0.0
13,290,12.0,11.009057803804314,0.0,1.0,0.0,1.0,1.0,0.0
14,290,0.0,12.0,1.0,0.0,0.0,1.0,0.0,0.0
15,290,12.0,0.0,0.0,0.0,0.0,0.0,1.0,0.0
16,290,5.381430106093353,5.514019686249685,1.0,0.0,0.0,0.0,1.0,0.0
17,290,11.07853340106835,6.164645332223481,1.0,0.0,0.0,1.0,0.0,0.0
18,290,10.861175385393873,3.4135743045297886,0.0,0.0,0.0,0.0,0.0,0.0
19,290,2.4460700832910747,8.690923146470455,0.0,0.0,1.0,1.0,0.0,0.0
20,290,9.711146114395923,2.7644495573983168,0.0,0.0,0.0,0.0,0.0,0.0
21,290,11.43429099018553,8.17328221719289,0.0,0.0,0.0,0.0,1.0,1.0
22,290,12.0,0.0,0.0,0.0,0.0,0.0,0.0,0.0
23,290,0.853004124150881,3.164688460944898,0.0,1.0,1.0,1.0,0.0,1.0
24,290,1.6583112363003656,0.0,1.0,1.0,1.0,1.0,0.0,0.0
25,290,2.065941764839868,5.365794390949368,0.0,1.0,0.0,0.0,1.0,1.0
26,290,4.096517807403328,7.295011793345566,0.0,0.0,0.0,1.0,1.0,1.0
27,290,12.0,12.0,0.0,0.0,0.0,1.0,0.0,1.0
28,290,0.6981324388292747,1.8048531329711728,0.0,0.0,0.0,0.0,0.0,0.0
29,290,9.555007127870676,12.0,1.0,0.0,0.0,0.0,0.0,0.0
30,290,5.519281631311067,11.607236427976442,1.0,1.0,0.0,0.0,1.0,1.0
31,290,2.9072868690007936,7.4515737333871295,1.0,1.0,1.0,1.0,0.0,0.0
32,290,9.15615886877927,7.673688683454737,0.0,0.0,0.0,1.0,0.0,0.0
33,290,12.0,2.268850346867947,0.0,1.0,0.0,0.0,0.0,0.0
34,290,2.7194283252679368,12.0,0.0,1.0,0.0,0.0,1.0,0.0
35,290,0.0614971381962381,7.320377206163351,1.0,0.0,0.0,0.0,1.0,0.0
36,290,7.354786364980031,7.473690410879418,0.0,1.0,1.0,0.0,1.0,1.0
37,290,4.653898869542578,1.113739733328827,1.0,0.0,0.0,0.0,1.0,1.0
38,290,3.7571404550376695,4.435212119126399,1.0,0.0,1.0,0.0,1.0,0.0
39,290,11.78784243638822,10.257084202918904,0.0,1.0,1.0,1.0,1.0,1.0
0,295,1.6233011633594212,0.1246793861405272,0.0,1.0,0.0,1.0,0.0,1.0
1,295,11.029492876222276,3.2227175137209536,1.0,0.0,1.0,1.0,1.0,1.0
2,295,3.2837627335877118,8.378326973503253,0.0,0.0,0.0,0.0,0.0,0.0
3,295,0.0372798872246395,12.0,0.0,0.0,1.0,0.0,0.0,0.0
4,295,0.0,7.351205038009978,0.0,0.0,1.0,0.0,1.0,0.0
5,295,2.7200515801033225,6.912928411816314,1.0,1.0,0.0,0.0,0.0,0.0
6,295,12.0,10.141703474134813,1.0,0.0,1.0,0.0,1.0,1.0
7,295,0.0,1.6211102933741854,0.0,0.0,0.0,0.0,1.0,0.0
8,295,3.648700229919181,11.211652519353644,0.0,0.0,1.0,1.0,0.0,1.0
9,295,8.997288378749579,8.87996106926734,1.0,0.0,0.0,1.0,0.0,0.0
10,295,1.6886474005706449,6.887424379979612,0.0,1.0,1.0,0.0,0.0,0.0
11,295,3.3681473255230503,3.3918195168332184,0.0,0.0,0.0,0.0,1.0,1.0
12,295,11.25945010577748,5.361625121667418,0.0,0.0,0.0,0.0,0.0,0.0
13,295,12.0,11.011397490795144,0.0,1.0,0.0,1.0,1.0,0.0
14,295,0.0,12.0,1.0,0.0,0.0,1.0,0.0,0.0
15,295,12.0,0.0,0.0,0.0,0.0,0.0,1.0,0.0
16,295,5.377397492854037,5.592919070989177,1.0,0.0,0.0,0.0,1.0,0.0
17,295,11.019217007055126,6.204978626202124,1.0,0.0,0.0,1.0,0.0,0.0
18,295,10.905641609936486,3.362083167989385,0.0,0.0,0.0,0.0,0.0,0.0
19,295,2.459689162416661,8.69204914402082,0.0,0.0,1.0,1.0,0.0,0.0
20,295,9.779687078767202,2.9019747006943426,0.0,0.0,0.0,0.0,0.0,0.0
21,295,11.46033908433607,8.217666815906899,0.0,0.0,0.0,0.0,1.0,1.0
22,295,12.0,0.0,0.0,0.0,0.0,0.0,0.0,0.0
23,295,0.6761720472284289,3.041108122028533,0.0,1.0,1.0,1.0,0.0,1.0
24,295,1.4149038073468834,0.0,1.0,1.0,1.0,1.0,0.0,0.0
25,295,2.049320187803257,5.384139737945943,0.0,1.0,0.0,0.0,1.0,1.0
26,295,3.9256322692089647,7.0992426534417366,0.0,0.0,0.0,1.0,1.0,1.0
27,295,12.0,12.0,0.0,0.0,0.0,1.0,0.0,1.0
28,295,0.7230757171608608,1.7616627060600207,0.0,0.0,0.0,0.0,0.0,0.0
29,295,9.532713384392244,12.0,1.0,0.0,0.0,0.0,0.0,0.0
30,295,5.509673050330784,11.62469935923701,1.0,1.0,0.0,0.0,1.0,1.0
31,295,3.008152002530461,7.372072744947256,1.0,1.0,1.0,1.0,0.0,0.0
32,295,9.084207254254087,7.65341364387768,0.0,0.0,0.0,1.0,0.0,0.0
33,295,12.0,2.2538380809057634,0.0,1.0,0.0,0.0,0.0,0.0
34,295,2.594624008973943,12.0,0.0,1.0,0.0,0.0,1.0,0.0
35,295,0.0,7.332023660483487,1.0,0.0,0.0,0.0,1.0,0.0
36,295,7.285445280371603,7.5019512049178045,0.0,1.0,1.0,0.0,1.0,1.0
37,295,4.783628430874407,1.0919623388382134,1.0,0.0,0.0,0.0,1.0,1.0
38,295,3.77707470220815,4.395278633255978,1.0,0.0,1.0,0.0,1.0,0.0
39,295,11.722542933086428,10.406197695980811,0.0,1.0,1.0,1.0,1.0,1.0
