0,0,12.0,11.954701386609615,0.0,1.0,0.0,1.0,0.0,1.0
1,0,4.948300588279428,5.020007709637686,1.0,0.0,1.0,1.0,1.0,1.0
2,0,9.985844381427697,4.029482153501129,0.0,0.0,0.0,0.0,0.0,0.0
3,0,5.059937489019533,6.00407982447782,0.0,0.0,1.0,0.0,0.0,0.0
4,0,1.9631531770161443,6.984413108207345,0.0,0.0,1.0,0.0,1.0,0.0
5,0,5.03072156151244,1.0533023204318277,1.0,1.0,0.0,0.0,0.0,0.0
6,0,5.990721274272215,6.936543882933918,1.0,0.0,1.0,0.0,1.0,1.0
7,0,0.0,2.0364141813541674,0.0,0.0,0.0,0.0,1.0,0.0
8,0,0.932259308010262,9.968234139080808,0.0,0.0,1.0,1.0,0.0,1.0
9,0,0.9754449147558352,5.063285526110263,1.0,0.0,0.0,1.0,0.0,0.0
10,0,4.954218008978135,5.004585938359001,0.0,1.0,1.0,0.0,0.0,0.0
11,0,7.9680449947784675,6.986725268355697,0.0,0.0,0.0,0.0,1.0,1.0
12,0,10.938377722567136,0.0530642882945375,0.0,0.0,0.0,0.0,0.0,0.0
13,0,2.0210935137553254,9.963896665144434,0.0,1.0,0.0,1.0,1.0,0.0
14,0,0.9748403459647462,9.066149001237925,1.0,0.0,0.0,1.0,0.0,0.0
15,0,10.972567484705204,3.980784415888863,0.0,0.0,0.0,0.0,1.0,0.0
16,0,12.0,6.9660849273086525,1.0,0.0,0.0,0.0,1.0,0.0
17,0,6.992565803384688,10.04451972535192,1.0,0.0,0.0,1.0,0.0,0.0
18,0,1.967038965618348,10.961378314704124,0.0,0.0,0.0,0.0,0.0,0.0
19,0,1.0346377700176494,9.035101191866296,0.0,0.0,1.0,1.0,0.0,0.0
20,0,2.9530077346685037,6.055082175317442,0.0,0.0,0.0,0.0,0.0,0.0
21,0,3.051229957034779,0.0135694146509916,0.0,0.0,0.0,0.0,1.0,1.0
22,0,6.966079969772989,10.05913016784984,0.0,0.0,0.0,0.0,0.0,0.0
23,0,1.071609312884671,9.984593661428775,0.0,1.0,1.0,1.0,0.0,1.0
24,0,2.0258411173251925,6.021779217549631,1.0,1.0,1.0,1.0,0.0,0.0
25,0,10.976075236329269,3.0372440595201704,0.0,1.0,0.0,0.0,1.0,1.0
26,0,9.977124252377116,8.96187323745364,0.0,0.0,0.0,1.0,1.0,1.0
27,0,9.952541873143671,5.026167035113535,0.0,0.0,0.0,1.0,0.0,1.0
28,0,6.03311131809545,11.977157086059131,0.0,0.0,0.0,0.0,0.0,0.0
29,0,9.956467278729251,7.0302068235313895,1.0,0.0,0.0,0.0,0.0,0.0
30,0,1.0571720967089748,5.947828745854036,1.0,1.0,0.0,0.0,1.0,1.0
31,0,7.976401908243583,2.9436573351938784,1.0,1.0,1.0,1.0,0.0,0.0
32,0,1.983136761655323,1.9720825631328065,0.0,0.0,0.0,1.0,0.0,0.0
33,0,7.994396045723683,10.04672500736727,0.0,1.0,0.0,0.0,0.0,0.0
34,0,3.98327999925572,10.051605099294797,0.0,1.0,0.0,0.0,1.0,0.0
35,0,5.955587931898501,11.949098495166352,1.0,0.0,0.0,0.0,1.0,0.0
36,0,0.0,3.964467077850627,0.0,1.0,1.0,0.0,1.0,1.0
37,0,0.0319697310617758,6.936824842333638,1.0,0.0,0.0,0.0,1.0,1.0
38,0,8.938907973798475,5.980232942619644,1.0,0.0,1.0,0.0,1.0,0.0
39,0,12.0,0.0,0.0,1.0,1.0,1.0,1.0,1.0
0,5,12.0,11.90919463908911,0.0,1.0,0.0,1.0,0.0,1.0
1,5,4.884893317712689,5.044230709164308,1.0,0.0,1.0,1.0,1.0,1.0
2,5,9.964713479680668,4.074758781985613,0.0,0.0,0.0,0.0,0.0,0.0
3,5,5.129589874690534,6.008898233670203,0.0,0.0,1.0,0.0,0.0,0.0
4,5,1.9290714892171883,6.969755388025715,0.0,0.0,1.0,0.0,1.0,0.0
5,5,5.068720452235907,1.1193659893021648,1.0,1.0,0.0,0.0,0.0,0.0
6,5,5.979260290048114,6.851944438639339,1.0,0.0,1.0,0.0,1.0,1.0
7,5,0.0,2.0658556624141298,0.0,0.0,0.0,0.0,1.0,0.0
8,5,0.8551621681966607,9.931317113590824,0.0,0.0,1.0,1.0,0.0,1.0
9,5,0.9540085455254034,5.120272782411836,1.0,0.0,0.0,1.0,0.0,0.0
10,5,4.909102246762045,5.008657847936239,0.0,1.0,1.0,0.0,0.0,0.0
11,5,7.933022036436016,6.971566108547242,0.0,0.0,0.0,0.0,1.0,1.0
12,5,10.873063572120932,0.1102282094226728,0.0,0.0,0.0,0.0,0.0,0.0
13,5,2.037490044799186,9.935784657433384,0.0,1.0,0.0,1.0,1.0,0.0
14,5,0.950682586813928,9.130903009631028,1.0,0.0,0.0,1.0,0.0,0.0
15,5,10.931268129728632,3.951549860535474,0.0,0.0,0.0,0.0,1.0,0.0
16,5,12.0,6.929014643701824,1.0,0.0,0.0,0.0,1.0,0.0
17,5,6.984203387147777,10.090074549000878,1.0,0.0,0.0,1.0,0.0,0.0
18,5,1.9521044525844125,10.943729460626194,0.0,0.0,0.0,0.0,0.0,0.0
19,5,1.0663999974292422,9.06788069199944,0.0,0.0,1.0,1.0,0.0,0.0
20,5,2.894724681101141,6.1203032144674925,0.0,0.0,0.0,0.0,0.0,0.0
21,5,3.0942451933361075,0.024794261713583,0.0,0.0,0.0,0.0,1.0,1.0
22,5,6.92518519539602,10.126674122185785,0.0,0.0,0.0,0.0,0.0,0.0
23,5,1.1542010322620295,9.967564144440422,0.0,1.0,1.0,1.0,0.0,1.0
24,5,2.054221867841325,6.045015316176288,1.0,1.0,1.0,1.0,0.0,0.0
25,5,10.941782299591438,3.0885006837469478,0.0,1.0,0.0,0.0,1.0,1.0
26,5,9.954809441898949,8.92422864606716,0.0,0.0,0.0,1.0,1.0,1.0
27,5,9.912555683446984,5.048130762967102,0.0,0.0,0.0,1.0,0.0,1.0
28,5,6.079799971991991,11.943941196700203,0.0,0.0,0.0,0.0,0.0,0.0
29,5,9.9148207139895,7.061563338744866,1.0,0.0,0.0,0.0,0.0,0.0
30,5,1.1159646691755174,5.893628823353422,1.0,1.0,0.0,0.0,1.0,1.0
31,5,7.947135914109658,2.869887733233849,1.0,1.0,1.0,1.0,0.0,0.0
32,5,1.957247962532192,1.9279194330668952,0.0,0.0,0.0,1.0,0.0,0.0
33,5,7.986832101756644,10.108359975198333,0.0,1.0,0.0,0.0,0.0,0.0
34,5,3.959072921033727,10.125011251488798,0.0,1.0,0.0,0.0,1.0,0.0
35,5,5.914571306577663,11.901174303955358,1.0,0.0,0.0,0.0,1.0,0.0
36,5,0.0,3.920395647920689,0.0,1.0,1.0,0.0,1.0,1.0
37,5,0.0588943782563937,6.88006577104365,1.0,0.0,0.0,0.0,1.0,1.0
38,5,8.863103360438203,5.955801463325395,1.0,0.0,1.0,0.0,1.0,0.0
39,5,11.999426694152092,0.0,0.0,1.0,1.0,1.0,1.0,1.0
0,10,12.0,11.864135283532155,0.0,1.0,0.0,1.0,0.0,1.0
1,10,4.822171508399135,5.068743420441612,1.0,0.0,1.0,1.0,1.0,1.0
2,10,9.946078365463489,4.113040392848148,0.0,0.0,0.0,0.0,0.0,0.0
3,10,5.227411858373913,6.013751357820337,0.0,0.0,1.0,0.0,0.0,0.0
4,10,1.907047295732764,6.9597719749311855,0.0,0.0,1.0,0.0,1.0,0.0
5,10,5.111382493601916,1.1962192730816628,1.0,1.0,0.0,0.0,0.0,0.0
6,10,5.968243555955091,6.769872014286494,1.0,0.0,1.0,0.0,1.0,1.0
7,10,0.0,2.090073591844262,0.0,0.0,0.0,0.0,1.0,0.0
8,10,0.7738576343857089,9.891283889509031,0.0,0.0,1.0,1.0,0.0,1.0
9,10,0.9224772158957484,5.1995473733812565,1.0,0.0,0.0,1.0,0.0,0.0
10,10,4.88577553452159,5.010948368495972,0.0,1.0,1.0,0.0,0.0,0.0
11,10,7.891790744407748,6.953751455954987,0.0,0.0,0.0,0.0,1.0,1.0
12,10,10.82636353827699,0.1506530324061077,0.0,0.0,0.0,0.0,0.0,0.0
13,10,2.061051898259148,9.897232912446205,0.0,1.0,0.0,1.0,1.0,0.0
14,10,0.9272155068245196,9.194504610871858,1.0,0.0,0.0,1.0,0.0,0.0
15,10,10.881580449599742,3.916863086203121,0.0,0.0,0.0,0.0,1.0,0.0
16,10,12.0,6.894676052818404,1.0,0.0,0.0,0.0,1.0,0.0
17,10,6.974737123364971,10.141217651894312,1.0,0.0,0.0,1.0,0.0,0.0
18,10,1.9497343639420328,10.941147000104715,0.0,0.0,0.0,0.0,0.0,0.0
19,10,1.1103054023773185,9.112043974428133,0.0,0.0,1.0,1.0,0.0,0.0
20,10,2.8464657216414477,6.175899554405728,0.0,0.0,0.0,0.0,0.0,0.0
21,10,3.1269656460529878,0.0326232674682587,0.0,0.0,0.0,0.0,1.0,1.0
22,10,6.88825214484219,10.19187324156291,0.0,0.0,0.0,0.0,0.0,0.0
23,10,1.2620954686493289,9.942092295395687,0.0,1.0,1.0,1.0,0.0,1.0
24,10,2.0853300443877028,6.068910779433879,1.0,1.0,1.0,1.0,0.0,0.0
25,10,10.918655298977471,3.1233518296703013,0.0,1.0,0.0,0.0,1.0,1.0
26,10,9.934967193314234,8.891732915897585,0.0,0.0,0.0,1.0,1.0,1.0
27,10,9.874675372740594,5.069234197637495,0.0,0.0,0.0,1.0,0.0,1.0
28,10,6.119590917970164,11.914223922460598,0.0,0.0,0.0,0.0,0.0,0.0
29,10,9.861737144453295,7.103183056516597,1.0,0.0,0.0,0.0,0.0,0.0
30,10,1.168548276986466,5.843483176710388,1.0,1.0,0.0,0.0,1.0,1.0
31,10,7.912309228736045,2.782259198678967,1.0,1.0,1.0,1.0,0.0,0.0
32,10,1.9263584907551328,1.871988349464048,0.0,0.0,0.0,1.0,0.0,0.0
33,10,7.97467901554709,10.20231986935833,0.0,1.0,0.0,0.0,0.0,0.0
34,10,3.9372116352487714,10.189431932222623,0.0,1.0,0.0,0.0,1.0,0.0
35,10,5.864561956205392,11.844085155294934,1.0,0.0,0.0,0.0,1.0,0.0
36,10,0.0,3.866108914931995,0.0,1.0,1.0,0.0,1.0,1.0
37,10,0.0728420906214226,6.851167667256838,1.0,0.0,0.0,0.0,1.0,1.0
38,10,8.77830124586599,5.93036937973949,1.0,0.0,1.0,0.0,1.0,0.0
39,10,11.998832005157306,0.0,0.0,1.0,1.0,1.0,1.0,1.0
0,15,12.0,11.810987483849054,0.0,1.0,0.0,1.0,0.0,1.0
1,15,4.777315078629852,5.087291407437955,1.0,0.0,1.0,1.0,1.0,1.0
2,15,9.920137671357509,4.165537716182016,0.0,0.0,0.0,0.0,0.0,0.0
3,15,5.327071373949153,6.017723373098365,0.0,0.0,1.0,0.0,0.0,0.0
4,15,1.889282358678275,6.951915679590976,0.0,0.0,1.0,0.0,1.0,0.0
5,15,5.14741578051161,1.25947694863198,1.0,1.0,0.0,0.0,0.0,0.0
6,15,5.957330166636914,6.70299091479643,1.0,0.0,1.0,0.0,1.0,1.0
7,15,0.0,2.101942511825886,0.0,0.0,0.0,0.0,1.0,0.0
8,15,0.6733190828151342,9.840551640600204,0.0,0.0,1.0,1.0,0.0,1.0
9,15,0.9000444133810148,5.256577588210549,1.0,0.0,0.0,1.0,0.0,0.0
10,15,4.852549008638957,5.014056752926211,0.0,1.0,1.0,0.0,0.0,0.0
11,15,7.850047949677731,6.935723787221859,0.0,0.0,0.0,0.0,1.0,1.0
12,15,10.777801865027168,0.1913832860289775,0.0,0.0,0.0,0.0,0.0,0.0
13,15,2.071018062080111,9.880110479141674,0.0,1.0,0.0,1.0,1.0,0.0
14,15,0.9089531580612688,9.241787807728151,1.0,0.0,0.0,1.0,0.0,0.0
15,15,10.816895730689156,3.869401442058776,0.0,0.0,0.0,0.0,1.0,0.0
16,15,12.0,6.864399402173777,1.0,0.0,0.0,0.0,1.0,0.0
17,15,6.965733255101693,10.197504582434728,1.0,0.0,0.0,1.0,0.0,0.0
18,15,1.9293558037374685,10.91734980508708,0.0,0.0,0.0,0.0,0.0,0.0
19,15,1.1361359703933616,9.138277964275876,0.0,0.0,1.0,1.0,0.0,0.0
20,15,2.799425170868321,6.228104975230818,0.0,0.0,0.0,0.0,0.0,0.0
21,15,3.1486047879541146,0.0378029361172205,0.0,0.0,0.0,0.0,1.0,1.0
22,15,6.85413869026636,10.249891019042778,0.0,0.0,0.0,0.0,0.0,0.0
23,15,1.365114229583238,9.92064189738516,0.0,1.0,1.0,1.0,0.0,1.0
24,15,2.114943857294117,6.091019829338138,1.0,1.0,1.0,1.0,0.0,0.0
25,15,10.881755348524502,3.1813314205936165,0.0,1.0,0.0,0.0,1.0,1.0
26,15,9.906566052788468,8.847818013425478,0.0,0.0,0.0,1.0,1.0,1.0
27,15,9.85242427245904,5.081686427654229,0.0,0.0,0.0,1.0,0.0,1.0
28,15,6.150110028314476,11.8912094169499,0.0,0.0,0.0,0.0,0.0,0.0
29,15,9.797199677257218,7.157372629659869,1.0,0.0,0.0,0.0,0.0,0.0
30,15,1.211047349345474,5.802722209805822,1.0,1.0,0.0,0.0,1.0,1.0
31,15,7.8817707144747455,2.709274877615955,1.0,1.0,1.0,1.0,0.0,0.0
32,15,1.8964386040339765,1.8183180520414683,0.0,0.0,0.0,1.0,0.0,0.0
33,15,7.961461581797996,10.297047277961976,0.0,1.0,0.0,0.0,0.0,0.0
34,15,3.915352125895904,10.256997428646262,0.0,1.0,0.0,0.0,1.0,0.0
35,15,5.797068524780469,11.768222528151933,1.0,0.0,0.0,0.0,1.0,0.0
36,15,0.0,3.8141092350503034,0.0,1.0,1.0,0.0,1.0,1.0
37,15,0.0868731682860769,6.823685444002206,1.0,0.0,0.0,0.0,1.0,1.0
38,15,8.69001374887431,5.90338545433956,1.0,0.0,1.0,0.0,1.0,0.0
39,15,11.998449274889644,0.0,0.0,1.0,1.0,1.0,1.0,1.0
0,20,12.0,11.754407551163572,0.0,1.0,0.0,1.0,0.0,1.0
1,20,4.721841467719924,5.109722705764336,1.0,0.0,1.0,1.0,1.0,1.0
2,20,9.889849254871914,4.229732687119944,0.0,0.0,0.0,0.0,0.0,0.0
3,20,5.451778384069634,6.021219035565993,0.0,0.0,1.0,0.0,0.0,0.0
4,20,1.8716787934992336,6.943803427675709,0.0,0.0,1.0,0.0,1.0,0.0
5,20,5.178570958067069,1.3167504271019297,1.0,1.0,0.0,0.0,0.0,0.0
6,20,5.949623054534811,6.652108317374083,1.0,0.0,1.0,0.0,1.0,1.0
7,20,0.0,2.113809958299111,0.0,0.0,0.0,0.0,1.0,0.0
8,20,0.5721466795673229,9.792879930808214,0.0,0.0,1.0,1.0,0.0,1.0
9,20,0.873888508091754,5.320906605502551,1.0,0.0,0.0,1.0,0.0,0.0
10,20,4.811576902044506,5.017654908183903,0.0,1.0,1.0,0.0,0.0,0.0
11,20,7.873837112308776,6.878889134803916,0.0,0.0,0.0,0.0,1.0,1.0
12,20,10.7373345344321,0.2253726772802409,0.0,0.0,0.0,0.0,0.0,0.0
13,20,2.07910953583815,9.866722031174517,0.0,1.0,0.0,1.0,1.0,0.0
14,20,0.8920342853492936,9.286115812763638,1.0,0.0,0.0,1.0,0.0,0.0
15,20,10.738943141303915,3.809155203929007,0.0,0.0,0.0,0.0,1.0,0.0
16,20,12.0,6.8295297330127696,1.0,0.0,0.0,0.0,1.0,0.0
17,20,6.956910637804324,10.265717076903709,1.0,0.0,0.0,1.0,0.0,0.0
18,20,1.9106234595817604,10.8956594335754,0.0,0.0,0.0,0.0,0.0,0.0
19,20,1.1653058498752569,9.166493469106154,0.0,0.0,1.0,1.0,0.0,0.0
20,20,2.758106463122678,6.27563315148471,0.0,0.0,0.0,0.0,0.0,0.0
21,20,3.163788184697491,0.0418773203516647,0.0,0.0,0.0,0.0,1.0,1.0
22,20,6.827540359822288,10.29546629639814,0.0,0.0,0.0,0.0,0.0,0.0
23,20,1.4660600198976288,9.897952564291082,0.0,1.0,1.0,1.0,0.0,1.0
24,20,2.14521695423944,6.111933495526792,1.0,1.0,1.0,1.0,0.0,0.0
25,20,10.83976356829704,3.248542446998075,0.0,1.0,0.0,0.0,1.0,1.0
26,20,9.875819371054387,8.799715171363749,0.0,0.0,0.0,1.0,1.0,1.0
27,20,9.84232222297758,5.087723165829079,0.0,0.0,0.0,1.0,0.0,1.0
28,20,6.193938538593728,11.859353402948551,0.0,0.0,0.0,0.0,0.0,0.0
29,20,9.715706068697555,7.223045937332425,1.0,0.0,0.0,0.0,0.0,0.0
30,20,1.247645262372154,5.769020370169539,1.0,1.0,0.0,0.0,1.0,1.0
31,20,7.8567577852042945,2.6500437063419597,1.0,1.0,1.0,1.0,0.0,0.0
32,20,1.8691534527900693,1.7726801782437258,0.0,0.0,0.0,1.0,0.0,0.0
33,20,7.949541243931232,10.385275311541855,0.0,1.0,0.0,0.0,0.0,0.0
34,20,3.89276509769228,10.32794052472154,0.0,1.0,0.0,0.0,1.0,0.0
35,20,5.730152272071487,11.692898839040542,1.0,0.0,0.0,0.0,1.0,0.0
36,20,0.0,3.7708600085326593,0.0,1.0,1.0,0.0,1.0,1.0
37,20,0.1009647232231496,6.793679850597977,1.0,0.0,0.0,0.0,1.0,1.0
38,20,8.597021751791045,5.872205183802339,1.0,0.0,1.0,0.0,1.0,0.0
39,20,11.99805730780172,0.0,0.0,1.0,1.0,1.0,1.0,1.0
0,25,12.0,11.710325015034844,0.0,1.0,0.0,1.0,0.0,1.0
1,25,4.666647035420275,5.133037220678411,1.0,0.0,1.0,1.0,1.0,1.0
2,25,9.856546899245917,4.2997445641403775,0.0,0.0,0.0,0.0,0.0,0.0
3,25,5.563603748633702,6.0220177745149455,0.0,0.0,1.0,0.0,0.0,0.0
4,25,1.8642012383397208,6.940315971429051,0.0,0.0,1.0,0.0,1.0,0.0
5,25,5.205770404981368,1.3645675157426178,1.0,1.0,0.0,0.0,0.0,0.0
6,25,5.942883979308204,6.596532382627375,1.0,0.0,1.0,0.0,1.0,1.0
7,25,0.0,2.114070663046137,0.0,0.0,0.0,0.0,1.0,0.0
8,25,0.4768247058074493,9.745327218039392,0.0,0.0,1.0,1.0,0.0,1.0
9,25,0.8447900923350388,5.3912525686400405,1.0,0.0,0.0,1.0,0.0,0.0
10,25,4.782838169172618,5.020346929194098,0.0,1.0,1.0,0.0,0.0,0.0
11,25,7.896568123318802,6.822432525872004,0.0,0.0,0.0,0.0,1.0,1.0
12,25,10.717758983251631,0.2417605903334296,0.0,0.0,0.0,0.0,0.0,0.0
13,25,2.0758056043056023,9.871812844228698,0.0,1.0,0.0,1.0,1.0,0.0
14,25,0.8776333577099308,9.324346077826766,1.0,0.0,0.0,1.0,0.0,0.0
15,25,10.678375136014704,3.76195802979324,0.0,0.0,0.0,0.0,1.0,0.0
16,25,12.0,6.779470227705961,1.0,0.0,0.0,0.0,1.0,0.0
17,25,6.94772068795664,10.349930527083536,1.0,0.0,0.0,1.0,0.0,0.0
18,25,1.8862030893650243,10.867643214507138,0.0,0.0,0.0,0.0,0.0,0.0
19,25,1.1976230349069532,9.19808390924945,0.0,0.0,1.0,1.0,0.0,0.0
20,25,2.7204207485690985,6.319860172629278,0.0,0.0,0.0,0.0,0.0,0.0
21,25,3.1723909233187624,0.0442809147211897,0.0,0.0,0.0,0.0,1.0,1.0
22,25,6.810153863665005,10.324054413153917,0.0,0.0,0.0,0.0,0.0,0.0
23,25,1.5451437773660206,9.87715029008892,0.0,1.0,1.0,1.0,0.0,1.0
24,25,2.1529347009078554,6.117284327736741,1.0,1.0,1.0,1.0,0.0,0.0
25,25,10.785557125673389,3.3379297200546403,0.0,1.0,0.0,0.0,1.0,1.0
26,25,9.834582942471268,8.737599773322962,0.0,0.0,0.0,1.0,1.0,1.0
27,25,9.841595831245764,5.088157753223513,0.0,0.0,0.0,1.0,0.0,1.0
28,25,6.246797660709297,11.81954625941727,0.0,0.0,0.0,0.0,0.0,0.0
29,25,9.642709963222694,7.281460361672328,1.0,0.0,0.0,0.0,0.0,0.0
30,25,1.269342769007083,5.749789162531669,1.0,1.0,0.0,0.0,1.0,1.0
31,25,7.836083019880165,2.6049494400503974,1.0,1.0,1.0,1.0,0.0,0.0
32,25,1.8451314304937787,1.732162208620908,0.0,0.0,0.0,1.0,0.0,0.0
33,25,7.937700492745556,10.4870255791878,0.0,1.0,0.0,0.0,0.0,0.0
34,25,3.869863575764162,10.399075807165651,0.0,1.0,0.0,0.0,1.0,0.0
35,25,5.655883755776272,11.609097501906064,1.0,0.0,0.0,0.0,1.0,0.0
36,25,0.0,3.723913726840582,0.0,1.0,1.0,0.0,1.0,1.0
37,25,0.113421172341373,6.76701346339816,1.0,0.0,0.0,0.0,1.0,1.0
38,25,8.50267404955705,5.8417650429359,1.0,0.0,1.0,0.0,1.0,0.0
39,25,11.997491040803206,0.0,0.0,1.0,1.0,1.0,1.0,1.0
0,30,12.0,11.669558674559756,0.0,1.0,0.0,1.0,0.0,1.0
1,30,4.618855410071864,5.154416610316133,1.0,0.0,1.0,1.0,1.0,1.0
2,30,9.826509081070714,4.359274797132923,0.0,0.0,0.0,0.0,0.0,0.0
3,30,5.685095147636832,6.024501984534138,0.0,0.0,1.0,0.0,0.0,0.0
4,30,1.8635449159317985,6.940017333340024,0.0,0.0,1.0,0.0,1.0,0.0
5,30,5.182738913684808,1.376977083786749,1.0,1.0,0.0,0.0,0.0,0.0
6,30,5.9339973477545644,6.51679051410066,1.0,0.0,1.0,0.0,1.0,1.0
7,30,0.0,2.122392079016381,0.0,0.0,0.0,0.0,1.0,0.0
8,30,0.3654292877829113,9.690705848577307,0.0,0.0,1.0,1.0,0.0,1.0
9,30,0.8127682640460973,5.474482189718191,1.0,0.0,0.0,1.0,0.0,0.0
10,30,4.730505089458035,5.024624636047527,0.0,1.0,1.0,0.0,0.0,0.0
11,30,7.916761363460952,6.769697960794845,0.0,0.0,0.0,0.0,1.0,1.0
12,30,10.709458124564048,0.2487289997839502,0.0,0.0,0.0,0.0,0.0,0.0
13,30,2.0645323750033766,9.888808258128224,0.0,1.0,0.0,1.0,1.0,0.0
14,30,0.8649698480366709,9.358132303988736,1.0,0.0,0.0,1.0,0.0,0.0
15,30,10.617465974954444,3.713843027233035,0.0,0.0,0.0,0.0,1.0,0.0
16,30,12.0,6.722946517023594,1.0,0.0,0.0,0.0,1.0,0.0
17,30,6.937012671502245,10.445873553855954,1.0,0.0,0.0,1.0,0.0,0.0
18,30,1.8591557896376132,10.836468393006289,0.0,0.0,0.0,0.0,0.0,0.0
19,30,1.208462089475416,9.208461353870158,0.0,0.0,1.0,1.0,0.0,0.0
20,30,2.670959846433368,6.376573319862628,0.0,0.0,0.0,0.0,0.0,0.0
21,30,3.1876391727059983,0.0491586954960083,0.0,0.0,0.0,0.0,1.0,1.0
22,30,6.7909835685868,10.356027590692468,0.0,0.0,0.0,0.0,0.0,0.0
23,30,1.6094849727576812,9.859569370396423,0.0,1.0,1.0,1.0,0.0,1.0
24,30,2.171495387769226,6.130037421428759,1.0,1.0,1.0,1.0,0.0,0.0
25,30,10.720823585015612,3.446899482526604,0.0,1.0,0.0,0.0,1.0,1.0
26,30,9.795586106511252,8.67592156011713,0.0,0.0,0.0,1.0,1.0,1.0
27,30,9.858263963380608,5.077407037934941,0.0,0.0,0.0,1.0,0.0,1.0
28,30,6.303349171725146,11.775697159364912,0.0,0.0,0.0,0.0,0.0,0.0
29,30,9.588042741421583,7.324118163535605,1.0,0.0,0.0,0.0,0.0,0.0
30,30,1.2865064899206409,5.734968611289817,1.0,1.0,0.0,0.0,1.0,1.0
31,30,7.822725475228131,2.5743544743791333,1.0,1.0,1.0,1.0,0.0,0.0
32,30,1.8136935970362775,1.679666772826966,0.0,0.0,0.0,1.0,0.0,0.0
33,30,7.924306352087932,10.58490481377957,0.0,1.0,0.0,0.0,0.0,0.0
34,30,3.848203299619976,10.460980503476634,0.0,1.0,0.0,0.0,1.0,0.0
35,30,5.592071740239967,11.53860969002137,1.0,0.0,0.0,0.0,1.0,0.0
36,30,0.0,3.771588714300396,0.0,1.0,1.0,0.0,1.0,1.0
37,30,0.1187666819848305,6.755385635681485,1.0,0.0,0.0,0.0,1.0,1.0
38,30,8.402056218061267,5.808174083512599,1.0,0.0,1.0,0.0,1.0,0.0
39,30,11.997265402922448,0.0,0.0,1.0,1.0,1.0,1.0,1.0
0,35,12.0,11.639812574721445,0.0,1.0,0.0,1.0,0.0,1.0
1,35,4.568017740393595,5.17909493298548,1.0,0.0,1.0,1.0,1.0,1.0
2,35,9.794666770340614,4.422805489306057,0.0,0.0,0.0,0.0,0.0,0.0
3,35,5.807505815388841,6.02720714295873,0.0,0.0,1.0,0.0,0.0,0.0
4,35,1.861173700773312,6.938888970661578,0.0,0.0,1.0,0.0,1.0,0.0
5,35,5.146290860376896,1.3963654289968024,1.0,1.0,0.0,0.0,0.0,0.0
6,35,5.92027433118387,6.429639960128627,1.0,0.0,1.0,0.0,1.0,1.0
7,35,0.0,2.130127015454109,0.0,0.0,0.0,0.0,1.0,0.0
8,35,0.2675345540474348,9.641194195327737,0.0,0.0,1.0,1.0,0.0,1.0
9,35,0.7786384015593518,5.560700762962037,1.0,0.0,0.0,1.0,0.0,0.0
10,35,4.676590892761775,5.028499986465301,0.0,1.0,1.0,0.0,0.0,0.0
11,35,7.938129821334432,6.710694185329089,0.0,0.0,0.0,0.0,1.0,1.0
12,35,10.697836172620995,0.2586590671855835,0.0,0.0,0.0,0.0,0.0,0.0
13,35,2.0558449187593544,9.901132235997286,0.0,1.0,0.0,1.0,1.0,0.0
14,35,0.8550683719338451,9.384392943794513,1.0,0.0,0.0,1.0,0.0,0.0
15,35,10.542501374849582,3.6541322170105697,0.0,0.0,0.0,0.0,1.0,0.0
16,35,12.0,6.670368440137042,1.0,0.0,0.0,0.0,1.0,0.0
17,35,6.927784146192351,10.548626602011977,1.0,0.0,0.0,1.0,0.0,0.0
18,35,1.8280279512138573,10.801746335272604,0.0,0.0,0.0,0.0,0.0,0.0
19,35,1.228552310493565,9.227837190701871,0.0,0.0,1.0,1.0,0.0,0.0
20,35,2.6116943486374677,6.44380203233087,0.0,0.0,0.0,0.0,0.0,0.0
21,35,3.178524016750901,0.0463852587364697,0.0,0.0,0.0,0.0,1.0,1.0
22,35,6.770888047500169,10.39358247912122,0.0,0.0,0.0,0.0,0.0,0.0
23,35,1.6522567552264298,9.847729329988631,0.0,1.0,1.0,1.0,0.0,1.0
24,35,2.194696252317631,6.145421602701617,1.0,1.0,1.0,1.0,0.0,0.0
25,35,10.65126197238354,3.5593694234091195,0.0,1.0,0.0,0.0,1.0,1.0
26,35,9.746505769187191,8.597350002150451,0.0,0.0,0.0,1.0,1.0,1.0
27,35,9.882882299867314,5.061508673371527,0.0,0.0,0.0,1.0,0.0,1.0
28,35,6.366981036109625,11.727368770482284,0.0,0.0,0.0,0.0,0.0,0.0
29,35,9.532819812177332,7.370165743267655,1.0,0.0,0.0,0.0,0.0,0.0
30,35,1.2904297311647206,5.731417089130535,1.0,1.0,0.0,0.0,1.0,1.0
31,35,7.812013331614802,2.5489494891749698,1.0,1.0,1.0,1.0,0.0,0.0
32,35,1.7663863925893672,1.604689158362073,0.0,0.0,0.0,1.0,0.0,0.0
33,35,7.914398465432697,10.666588313624167,0.0,1.0,0.0,0.0,0.0,0.0
34,35,3.828482672007363,10.5148452396429,0.0,1.0,0.0,0.0,1.0,0.0
35,35,5.51266209379535,11.451208642706522,1.0,0.0,0.0,0.0,1.0,0.0
36,35,0.0,3.8148882724320137,0.0,1.0,1.0,0.0,1.0,1.0
37,35,0.1364357439016926,6.7178148926459,1.0,0.0,0.0,0.0,1.0,1.0
38,35,8.309781211807316,5.775343597698011,1.0,0.0,1.0,0.0,1.0,0.0
39,35,11.997241264610349,0.0,0.0,1.0,1.0,1.0,1.0,1.0
0,40,12.0,11.609695473300562,0.0,1.0,0.0,1.0,0.0,1.0
1,40,4.508661544742198,5.209910906160859,1.0,0.0,1.0,1.0,1.0,1.0
2,40,9.7675245979279,4.476643476183092,0.0,0.0,0.0,0.0,0.0,0.0
3,40,5.949135091130223,6.029457855417618,0.0,0.0,1.0,0.0,0.0,0.0
4,40,1.876399751868682,6.946735063616111,0.0,0.0,1.0,0.0,1.0,0.0
5,40,5.107515115321688,1.4168644814669515,1.0,1.0,0.0,0.0,0.0,0.0
6,40,5.906485427039667,6.340408100249635,1.0,0.0,1.0,0.0,1.0,1.0
7,40,0.0,2.1377124771665086,0.0,0.0,0.0,0.0,1.0,0.0
8,40,0.1614890311039503,9.585760419580584,0.0,0.0,1.0,1.0,0.0,1.0
9,40,0.7492120166660388,5.639633262147663,1.0,0.0,0.0,1.0,0.0,0.0
10,40,4.640413101009039,5.0307298589222444,0.0,1.0,1.0,0.0,0.0,0.0
11,40,7.969834183198061,6.623820258457839,0.0,0.0,0.0,0.0,1.0,1.0
12,40,10.675673204563884,0.2777684162128216,0.0,0.0,0.0,0.0,0.0,0.0
13,40,2.040880751664803,9.92308262137644,0.0,1.0,0.0,1.0,1.0,0.0
14,40,0.8399692902582929,9.423483322008154,1.0,0.0,0.0,1.0,0.0,0.0
15,40,10.475316437241828,3.603023010513752,0.0,0.0,0.0,0.0,1.0,0.0
16,40,12.0,6.620842709569978,1.0,0.0,0.0,0.0,1.0,0.0
17,40,6.916492369344865,10.65502024897126,1.0,0.0,0.0,1.0,0.0,0.0
18,40,1.7945725464296862,10.762975299259471,0.0,0.0,0.0,0.0,0.0,0.0
19,40,1.2382528467631555,9.237567438390617,0.0,0.0,1.0,1.0,0.0,0.0
20,40,2.54508716896374,6.515759874440262,0.0,0.0,0.0,0.0,0.0,0.0
21,40,3.188621349479669,0.0494258504842381,0.0,0.0,0.0,0.0,1.0,1.0
22,40,6.748326899105659,10.434041318255446,0.0,0.0,0.0,0.0,0.0,0.0
23,40,1.7059278592924036,9.833872462303736,0.0,1.0,1.0,1.0,0.0,1.0
24,40,2.2167979215133617,6.15991009704069,1.0,1.0,1.0,1.0,0.0,0.0
25,40,10.582929668482487,3.668132969770863,0.0,1.0,0.0,0.0,1.0,1.0
26,40,9.686296880477087,8.503555541925516,0.0,0.0,0.0,1.0,1.0,1.0
27,40,9.902405469204744,5.047821865276588,0.0,0.0,0.0,1.0,0.0,1.0
28,40,6.431826869840503,11.677334056236669,0.0,0.0,0.0,0.0,0.0,0.0
29,40,9.46865960287265,7.423914085439746,1.0,0.0,0.0,0.0,0.0,0.0
30,40,1.2863018582901815,5.735196084135924,1.0,1.0,0.0,0.0,1.0,1.0
31,40,7.805635260435478,2.533678138030089,1.0,1.0,1.0,1.0,0.0,0.0
32,40,1.7253995854754114,1.5400264341817491,0.0,0.0,0.0,1.0,0.0,0.0
33,40,7.901789587618862,10.757520569628197,0.0,1.0,0.0,0.0,0.0,0.0
34,40,3.807702831538808,10.576096897266313,0.0,1.0,0.0,0.0,1.0,0.0
35,40,5.410942739991612,11.333743675060685,1.0,0.0,0.0,0.0,1.0,0.0
36,40,0.0,3.8379671981051136,0.0,1.0,1.0,0.0,1.0,1.0
37,40,0.1520339114490383,6.6848151163212775,1.0,0.0,0.0,0.0,1.0,1.0
38,40,8.213990388893924,5.741560695041764,1.0,0.0,1.0,0.0,1.0,0.0
39,40,11.97323106835541,0.0004776827966086,0.0,1.0,1.0,1.0,1.0,1.0
0,45,12.0,11.602646241922375,0.0,1.0,0.0,1.0,0.0,1.0
1,45,4.431171847280612,5.252549077217333,1.0,0.0,1.0,1.0,1.0,1.0
2,45,9.741477526112726,4.5292258084228,0.0,0.0,0.0,0.0,0.0,0.0
3,45,6.1169036284404745,6.034665543263976,0.0,0.0,1.0,0.0,0.0,0.0
4,45,1.8775674861916856,6.947334270009785,0.0,0.0,1.0,0.0,1.0,0.0
5,45,5.059971567963158,1.4421275733836718,1.0,1.0,0.0,0.0,0.0,0.0
6,45,5.895513606361957,6.271949045839455,1.0,0.0,1.0,0.0,1.0,1.0
7,45,0.0,2.14201589054407,0.0,0.0,0.0,0.0,1.0,0.0
8,45,0.0659113578388462,9.53579870382682,0.0,0.0,1.0,1.0,0.0,1.0
9,45,0.7161214775832776,5.734306803193128,1.0,0.0,0.0,1.0,0.0,0.0
10,45,4.638422212486372,4.996177769659598,0.0,1.0,1.0,0.0,0.0,0.0
11,45,7.990286410623029,6.564139203312641,0.0,0.0,0.0,0.0,1.0,1.0
12,45,10.65790555440547,0.2930568751349058,0.0,0.0,0.0,0.0,0.0,0.0
13,45,2.0200915218834856,9.954961312468267,0.0,1.0,0.0,1.0,1.0,0.0
14,45,0.8193039982812358,9.48011130667506,1.0,0.0,0.0,1.0,0.0,0.0
15,45,10.417187273307146,3.5574663526289294,0.0,0.0,0.0,0.0,1.0,0.0
16,45,12.0,6.57080567780418,1.0,0.0,0.0,0.0,1.0,0.0
17,45,6.907539326437983,10.763909308065172,1.0,0.0,0.0,1.0,0.0,0.0
18,45,1.7596955013097944,10.721909705324826,0.0,0.0,0.0,0.0,0.0,0.0
19,45,1.2473523120458774,9.246589356674814,0.0,0.0,1.0,1.0,0.0,0.0
20,45,2.4711785946257017,6.591247588687226,0.0,0.0,0.0,0.0,0.0,0.0
21,45,3.189006550680309,0.049538061291116,0.0,0.0,0.0,0.0,1.0,1.0
22,45,6.722512852849454,10.481671788121488,0.0,0.0,0.0,0.0,0.0,0.0
23,45,1.7601915213502115,9.819923680931533,0.0,1.0,1.0,1.0,0.0,1.0
24,45,2.248366552471494,6.179613439826081,1.0,1.0,1.0,1.0,0.0,0.0
25,45,10.522285556633566,3.758828447554585,0.0,1.0,0.0,0.0,1.0,1.0
26,45,9.613566150393144,8.395156201339372,0.0,0.0,0.0,1.0,1.0,1.0
27,45,9.91670987630038,5.037775757407014,0.0,0.0,0.0,1.0,0.0,1.0
28,45,6.502136499823261,11.622604928389954,0.0,0.0,0.0,0.0,0.0,0.0
29,45,9.39993842308969,7.477236438334555,1.0,0.0,0.0,0.0,0.0,0.0
30,45,1.2820357073173383,5.739124021098172,1.0,1.0,0.0,0.0,1.0,1.0
31,45,7.795936613599734,2.5112230510497504,1.0,1.0,1.0,1.0,0.0,0.0
32,45,1.6774194607430983,1.4677042394199282,0.0,0.0,0.0,1.0,0.0,0.0
33,45,7.892943431516211,10.832813726037278,0.0,1.0,0.0,0.0,0.0,0.0
34,45,3.784438861041813,10.643097873929811,0.0,1.0,0.0,0.0,1.0,0.0
35,45,5.300664714866777,11.212612405662084,1.0,0.0,0.0,0.0,1.0,0.0
36,45,0.0,3.857377125556996,0.0,1.0,1.0,0.0,1.0,1.0
37,45,0.1713591508342675,6.643696344489785,1.0,0.0,0.0,0.0,1.0,1.0
38,45,8.11654436196566,5.70834273684048,1.0,0.0,1.0,0.0,1.0,0.0
39,45,11.93471293413258,0.0013493628252164,0.0,1.0,1.0,1.0,1.0,1.0
0,50,12.0,11.59484362712813,0.0,1.0,0.0,1.0,0.0,1.0
1,50,4.351187758882578,5.295842128703535,1.0,0.0,1.0,1.0,1.0,1.0
2,50,9.716040196891116,4.579757020665456,0.0,0.0,0.0,0.0,0.0,0.0
3,50,6.283007305225394,6.038392480986228,0.0,0.0,1.0,0.0,0.0,0.0
4,50,1.8988627164355047,6.957506886690897,0.0,0.0,1.0,0.0,1.0,0.0
5,50,5.019607160481118,1.464074827022927,1.0,1.0,0.0,0.0,0.0,0.0
6,50,5.885531144503064,6.208106340765523,1.0,0.0,1.0,0.0,1.0,1.0
7,50,0.0,2.147638316662408,0.0,0.0,0.0,0.0,1.0,0.0
8,50,0.0,9.488226977229598,0.0,0.0,1.0,1.0,0.0,1.0
9,50,0.6891502322972425,5.811506535099052,1.0,0.0,0.0,1.0,0.0,0.0
10,50,4.637881784259138,4.984288013247024,0.0,1.0,1.0,0.0,0.0,0.0
11,50,8.010429511663297,6.499563462537013,0.0,0.0,0.0,0.0,1.0,1.0
12,50,10.621763612835558,0.3242478359087763,0.0,0.0,0.0,0.0,0.0,0.0
13,50,1.9902601567693912,10.000602223159602,0.0,1.0,0.0,1.0,1.0,0.0
14,50,0.8068597692856808,9.51271342917142,1.0,0.0,0.0,1.0,0.0,0.0
15,50,10.362909869057908,3.514190710634506,0.0,0.0,0.0,0.0,1.0,0.0
16,50,12.0,6.526196446500596,1.0,0.0,0.0,0.0,1.0,0.0
17,50,6.898636478384312,10.875072728812034,1.0,0.0,0.0,1.0,0.0,0.0
18,50,1.7156504527125327,10.668528226597932,0.0,0.0,0.0,0.0,0.0,0.0
19,50,1.2548834073911774,9.25413264192033,0.0,0.0,1.0,1.0,0.0,0.0
20,50,2.3938698434133587,6.667595235029772,0.0,0.0,0.0,0.0,0.0,0.0
21,50,3.1807235413345403,0.0469913833256269,0.0,0.0,0.0,0.0,1.0,1.0
22,50,6.697834502682617,10.525500698423864,0.0,0.0,0.0,0.0,0.0,0.0
23,50,1.8279466044133448,9.804128555648504,0.0,1.0,1.0,1.0,0.0,1.0
24,50,2.281429537687543,6.1999101314060665,1.0,1.0,1.0,1.0,0.0,0.0
25,50,10.471669692722129,3.832617151454491,0.0,1.0,0.0,0.0,1.0,1.0
26,50,9.54650641115878,8.291827603798652,0.0,0.0,0.0,1.0,1.0,1.0
27,50,9.944307019482498,5.019588060357772,0.0,0.0,0.0,1.0,0.0,1.0
28,50,6.591375538296173,11.556422864688312,0.0,0.0,0.0,0.0,0.0,0.0
29,50,9.327956047957157,7.531705950930939,1.0,0.0,0.0,0.0,0.0,0.0
30,50,1.2476927828232312,5.770914348834495,1.0,1.0,0.0,0.0,1.0,1.0
31,50,7.789315515378647,2.4963601455133344,1.0,1.0,1.0,1.0,0.0,0.0
32,50,1.6271684935103845,1.39507616606564,0.0,0.0,0.0,1.0,0.0,0.0
33,50,7.882213184671214,10.932312143788652,0.0,1.0,0.0,0.0,0.0,0.0
34,50,3.7640930651804174,10.70081175019107,0.0,1.0,0.0,0.0,1.0,0.0
35,50,5.182867618100591,11.080564069127853,1.0,0.0,0.0,0.0,1.0,0.0
36,50,0.0,3.876926765726795,0.0,1.0,1.0,0.0,1.0,1.0
37,50,0.1880990436333093,6.606384592603411,1.0,0.0,0.0,0.0,1.0,1.0
38,50,8.022266374307321,5.674142300984733,1.0,0.0,1.0,0.0,1.0,0.0
39,50,11.89901630064272,0.0019190967973497,0.0,1.0,1.0,1.0,1.0,1.0
0,55,12.0,11.575650280708462,0.0,1.0,0.0,1.0,0.0,1.0
1,55,4.274211359968979,5.334930731418683,1.0,0.0,1.0,1.0,1.0,1.0
2,55,9.694522053737138,4.62410108853476,0.0,0.0,0.0,0.0,0.0,0.0
3,55,6.439976362851206,6.042600758494764,0.0,0.0,1.0,0.0,0.0,0.0
4,55,1.924647891930081,6.969346132495032,0.0,0.0,1.0,0.0,1.0,0.0
5,55,4.974125172754385,1.4906856514478872,1.0,1.0,0.0,0.0,0.0,0.0
6,55,5.877863809538429,6.152980387024785,1.0,0.0,1.0,0.0,1.0,1.0
7,55,0.0,2.1612011632935544,0.0,0.0,0.0,0.0,1.0,0.0
8,55,0.0,9.434072296846846,0.0,0.0,1.0,1.0,0.0,1.0
9,55,0.6710446332515076,5.861627642492969,1.0,0.0,0.0,1.0,0.0,0.0
10,55,4.636559536009398,4.952858948117858,0.0,1.0,1.0,0.0,0.0,0.0
11,55,8.031215464767337,6.429149380164881,0.0,0.0,0.0,0.0,1.0,1.0
12,55,10.589573032490158,0.3509846693707777,0.0,0.0,0.0,0.0,0.0,0.0
13,55,1.970149139344624,10.03268342469308,0.0,1.0,0.0,1.0,1.0,0.0
14,55,0.7975748373993607,9.53660428534108,1.0,0.0,0.0,1.0,0.0,0.0
15,55,10.30602387381616,3.4712670086974518,0.0,0.0,0.0,0.0,1.0,0.0
16,55,12.0,6.479916670611596,1.0,0.0,0.0,0.0,1.0,0.0
17,55,6.892497000748263,11.008610361455965,1.0,0.0,0.0,1.0,0.0,0.0
18,55,1.6639878470722482,10.60385244351218,0.0,0.0,0.0,0.0,0.0,0.0
19,55,1.2654850902084096,9.26486570155006,0.0,0.0,1.0,1.0,0.0,0.0
20,55,2.31377135337446,6.744588380272478,0.0,0.0,0.0,0.0,0.0,0.0
21,55,3.2003985513120186,0.0528261525150946,0.0,0.0,0.0,0.0,1.0,1.0
22,55,6.678701091703561,10.560623809933062,0.0,0.0,0.0,0.0,0.0,0.0
23,55,1.9031425284154888,9.786578278517172,0.0,1.0,1.0,1.0,0.0,1.0
24,55,2.3169229231049457,6.222421516320245,1.0,1.0,1.0,1.0,0.0,0.0
25,55,10.431820254861496,3.8927277603811232,0.0,1.0,0.0,0.0,1.0,1.0
26,55,9.478785257458412,8.191536050884048,0.0,0.0,0.0,1.0,1.0,1.0
27,55,9.972652475106669,5.001026970907142,0.0,0.0,0.0,1.0,0.0,1.0
28,55,6.669787825988634,11.498533905536892,0.0,0.0,0.0,0.0,0.0,0.0
29,55,9.262614404167266,7.578817341396491,1.0,0.0,0.0,0.0,0.0,0.0
30,55,1.2252322583124724,5.79123385274465,1.0,1.0,0.0,0.0,1.0,1.0
31,55,7.7778911325022575,2.4689063042856847,1.0,1.0,1.0,1.0,0.0,0.0
32,55,1.5556492510375373,1.2978400496984834,0.0,0.0,0.0,1.0,0.0,0.0
33,55,7.877458566693577,10.98873337862556,0.0,1.0,0.0,0.0,0.0,0.0
34,55,3.75001344297702,10.737567526341362,0.0,1.0,0.0,0.0,1.0,0.0
35,55,5.061834614573668,10.95195568500606,1.0,0.0,0.0,0.0,1.0,0.0
36,55,0.0,3.902872076914243,0.0,1.0,1.0,0.0,1.0,1.0
37,55,0.2018210560419484,6.574993713164279,1.0,0.0,0.0,0.0,1.0,1.0
38,55,7.917807882065747,5.635122665183805,1.0,0.0,1.0,0.0,1.0,0.0
39,55,11.87062851478436,0.0029797152325891,0.0,1.0,1.0,1.0,1.0,1.0
0,60,12.0,11.545119212966132,0.0,1.0,0.0,1.0,0.0,1.0
1,60,4.185844762146741,5.377004756870489,1.0,0.0,1.0,1.0,1.0,1.0
2,60,9.674793291159258,4.664871302619075,0.0,0.0,0.0,0.0,0.0,0.0
3,60,6.6099052076100255,6.044493472519924,0.0,0.0,1.0,0.0,0.0,0.0
4,60,1.9649409853284896,6.988965235385786,0.0,0.0,1.0,0.0,1.0,0.0
5,60,4.922675114735484,1.5217953135631523,1.0,1.0,0.0,0.0,0.0,0.0
6,60,5.871400722761057,6.104546311243571,1.0,0.0,1.0,0.0,1.0,1.0
7,60,0.0,2.1823761729512694,0.0,0.0,0.0,0.0,1.0,0.0
8,60,0.0,9.378921970840572,0.0,0.0,1.0,1.0,0.0,1.0
9,60,0.6648893312165276,5.879357033628019,1.0,0.0,0.0,1.0,0.0,0.0
10,60,4.63576448344611,4.916231541078395,0.0,1.0,1.0,0.0,0.0,0.0
11,60,8.053199355541539,6.3586128036348,0.0,0.0,0.0,0.0,1.0,1.0
12,60,10.55444151389712,0.3796939562073079,0.0,0.0,0.0,0.0,0.0,0.0
13,60,1.9458268100351104,10.070585528647412,0.0,1.0,0.0,1.0,1.0,0.0
14,60,0.7848260171145796,9.569912482880987,1.0,0.0,0.0,1.0,0.0,0.0
15,60,10.23908248281235,3.41949230475616,0.0,0.0,0.0,0.0,1.0,0.0
16,60,12.0,6.4333836756910525,1.0,0.0,0.0,0.0,1.0,0.0
17,60,6.889069282533536,11.135960303433786,1.0,0.0,0.0,1.0,0.0,0.0
18,60,1.620773451078525,10.54886851303968,0.0,0.0,0.0,0.0,0.0,0.0
19,60,1.2817449006953483,9.280842737037444,0.0,0.0,1.0,1.0,0.0,0.0
20,60,2.2348642826104457,6.664435501279819,0.0,0.0,0.0,0.0,0.0,0.0
21,60,3.2380014021339267,0.0638150166692418,0.0,0.0,0.0,0.0,1.0,1.0
22,60,6.655468707063643,10.604002743690312,0.0,0.0,0.0,0.0,0.0,0.0
23,60,1.971380206156649,9.77115676116855,0.0,1.0,1.0,1.0,0.0,1.0
24,60,2.360769545102543,6.2496644618734205,1.0,1.0,1.0,1.0,0.0,0.0
25,60,10.391255506919189,3.9551191353190567,0.0,1.0,0.0,0.0,1.0,1.0
26,60,9.411562592022094,8.08980878112073,0.0,0.0,0.0,1.0,1.0,1.0
27,60,9.995316011266963,4.985912621759927,0.0,0.0,0.0,1.0,0.0,1.0
28,60,6.763744932087454,11.431399863684897,0.0,0.0,0.0,0.0,0.0,0.0
29,60,9.19146526384645,7.628889752293045,1.0,0.0,0.0,0.0,0.0,0.0
30,60,1.1955262042135126,5.818390376620305,1.0,1.0,0.0,0.0,1.0,1.0
31,60,7.770258783797204,2.44947338437143,1.0,1.0,1.0,1.0,0.0,0.0
32,60,1.4789042667758172,1.1936103621799712,0.0,0.0,0.0,1.0,0.0,0.0
33,60,7.875207720736385,11.028151110855555,0.0,1.0,0.0,0.0,0.0,0.0
34,60,3.7354214572050095,10.777932676012025,0.0,1.0,0.0,0.0,1.0,0.0
35,60,4.931450488516216,10.809541566025247,1.0,0.0,0.0,0.0,1.0,0.0
36,60,0.0,3.932605817595897,0.0,1.0,1.0,0.0,1.0,1.0
37,60,0.2086305204718861,6.559611948879563,1.0,0.0,0.0,0.0,1.0,1.0
38,60,7.836400751647525,5.604952028951294,1.0,0.0,1.0,0.0,1.0,0.0
39,60,11.81810976413318,0.0052423285510352,0.0,1.0,1.0,1.0,1.0,1.0
0,65,12.0,11.50703261746736,0.0,1.0,0.0,1.0,0.0,1.0
1,65,4.093022170413097,5.419966782579932,1.0,0.0,1.0,1.0,1.0,1.0
2,65,9.64950999653668,4.717638669418777,0.0,0.0,0.0,0.0,0.0,0.0
3,65,6.7895701941737245,6.048649625556812,0.0,0.0,1.0,0.0,0.0,0.0
4,65,2.008820432591918,7.010977930096265,0.0,0.0,1.0,0.0,1.0,0.0
5,65,4.882378657545544,1.5462671061814626,1.0,1.0,0.0,0.0,0.0,0.0
6,65,5.860770404293656,6.0290390576974,1.0,0.0,1.0,0.0,1.0,1.0
7,65,0.0,2.193058603182981,0.0,0.0,0.0,0.0,1.0,0.0
8,65,0.0,9.32054083127089,0.0,0.0,1.0,1.0,0.0,1.0
9,65,0.6547268550234343,5.909781784888347,1.0,0.0,0.0,1.0,0.0,0.0
10,65,4.635766418489749,4.878048187866973,0.0,1.0,1.0,0.0,0.0,0.0
11,65,8.075178994278714,6.293391084164112,0.0,0.0,0.0,0.0,1.0,1.0
12,65,10.533321195258758,0.3965894407630095,0.0,0.0,0.0,0.0,0.0,0.0
13,65,1.912441850919156,10.120979008269204,0.0,1.0,0.0,1.0,1.0,0.0
14,65,0.7697647889118576,9.608501631436033,1.0,0.0,0.0,1.0,0.0,0.0
15,65,10.171758933961122,3.372255527442986,0.0,0.0,0.0,0.0,1.0,0.0
16,65,12.0,6.3946575715456975,1.0,0.0,0.0,0.0,1.0,0.0
17,65,6.884287598219175,11.236966455534905,1.0,0.0,0.0,1.0,0.0,0.0
18,65,1.5866559990684534,10.505840987096605,0.0,0.0,0.0,0.0,0.0,0.0
19,65,1.2935137713484937,9.292137158618308,0.0,0.0,1.0,1.0,0.0,0.0
20,65,2.1407904924708028,6.56758506001324,0.0,0.0,0.0,0.0,0.0,0.0
21,65,3.297566700759185,0.0790955970517423,0.0,0.0,0.0,0.0,1.0,1.0
22,65,6.628041041886578,10.654127646100576,0.0,0.0,0.0,0.0,0.0,0.0
23,65,2.030131203216758,9.758116369561396,0.0,1.0,1.0,1.0,0.0,1.0
24,65,2.378043256633404,6.259666657407146,1.0,1.0,1.0,1.0,0.0,0.0
25,65,10.357140195534877,4.009453797109944,0.0,1.0,0.0,0.0,1.0,1.0
26,65,9.339875183946718,7.981169203808879,0.0,0.0,0.0,1.0,1.0,1.0
27,65,10.015073172404032,4.9725892514455925,0.0,0.0,0.0,1.0,0.0,1.0
28,65,6.84772820424848,11.36902587816904,0.0,0.0,0.0,0.0,0.0,0.0
29,65,9.119399633425273,7.678681736554625,1.0,0.0,0.0,0.0,0.0,0.0
30,65,1.159583252707546,5.848878593109313,1.0,1.0,0.0,0.0,1.0,1.0
31,65,7.760074874162202,2.424177594260882,1.0,1.0,1.0,1.0,0.0,0.0
32,65,1.3993624338342652,1.0903957429637905,0.0,0.0,0.0,1.0,0.0,0.0
33,65,7.873725889625182,11.068200720317432,0.0,1.0,0.0,0.0,0.0,0.0
34,65,3.7144060296098993,10.832723055547904,0.0,1.0,0.0,0.0,1.0,0.0
35,65,4.770414712347483,10.630223505436172,1.0,0.0,0.0,0.0,1.0,0.0
36,65,0.0,3.9673763310115127,0.0,1.0,1.0,0.0,1.0,1.0
37,65,0.2235858273563956,6.525970526794472,1.0,0.0,0.0,0.0,1.0,1.0
38,65,7.765487963658636,5.581703379175261,1.0,0.0,1.0,0.0,1.0,0.0
39,65,11.744206462562625,0.0091042846768322,0.0,1.0,1.0,1.0,1.0,1.0
0,70,12.0,11.475722443664864,0.0,1.0,0.0,1.0,0.0,1.0
1,70,3.985750466130437,5.465871345119172,1.0,0.0,1.0,1.0,1.0,1.0
2,70,9.622597849504473,4.773289904377039,0.0,0.0,0.0,0.0,0.0,0.0
3,70,6.972390964425643,6.056115869143103,0.0,0.0,1.0,0.0,0.0,0.0
4,70,2.0476310731692173,7.029838612931894,0.0,0.0,1.0,0.0,1.0,0.0
5,70,4.823736618157606,1.58305295981679,1.0,1.0,0.0,0.0,0.0,0.0
6,70,5.853893215990621,5.962448060824299,1.0,0.0,1.0,0.0,1.0,1.0
7,70,0.0,2.2121533334234944,0.0,0.0,0.0,0.0,1.0,0.0
8,70,0.0,9.269332110510476,0.0,0.0,1.0,1.0,0.0,1.0
9,70,0.646001668903483,5.935643318229063,1.0,0.0,0.0,1.0,0.0,0.0
10,70,4.635182590631571,4.830167407118473,0.0,1.0,1.0,0.0,0.0,0.0
11,70,8.09425140469723,6.23380032403293,0.0,0.0,0.0,0.0,1.0,1.0
12,70,10.495763623607292,0.4266670851026439,0.0,0.0,0.0,0.0,0.0,0.0
13,70,1.8887259195422368,10.1550237208492,0.0,1.0,0.0,1.0,1.0,0.0
14,70,0.7509287969617332,9.653002571219332,1.0,0.0,0.0,1.0,0.0,0.0
15,70,10.1053949796736,3.326626829009326,0.0,0.0,0.0,0.0,1.0,0.0
16,70,12.0,6.363749518026893,1.0,0.0,0.0,0.0,1.0,0.0
17,70,6.879165535382774,11.329810117391506,1.0,0.0,0.0,1.0,0.0,0.0
18,70,1.5491405334307118,10.457969780566886,0.0,0.0,0.0,0.0,0.0,0.0
19,70,1.3047961102550936,9.303067617406558,0.0,0.0,1.0,1.0,0.0,0.0
20,70,2.0518384148129494,6.474565885516156,0.0,0.0,0.0,0.0,0.0,0.0
21,70,3.332246181629156,0.0885678944067344,0.0,0.0,0.0,0.0,1.0,1.0
22,70,6.593214210431964,10.724192748595891,0.0,0.0,0.0,0.0,0.0,0.0
23,70,2.098573734899211,9.7427923160698,0.0,1.0,1.0,1.0,0.0,1.0
24,70,2.3858350540541,6.264037141397261,1.0,1.0,1.0,1.0,0.0,0.0
25,70,10.41175016114445,4.042609094237831,0.0,1.0,0.0,0.0,1.0,1.0
26,70,9.25611586731841,7.849107057488535,0.0,0.0,0.0,1.0,1.0,1.0
27,70,10.02713339603859,4.964109217646815,0.0,0.0,0.0,1.0,0.0,1.0
28,70,6.951947795122575,11.294192359231552,0.0,0.0,0.0,0.0,0.0,0.0
29,70,9.051809425967171,7.723362711149899,1.0,0.0,0.0,0.0,0.0,0.0
30,70,1.1236300393448413,5.879141249921127,1.0,1.0,0.0,0.0,1.0,1.0
31,70,7.747388286821982,2.3947466004478275,1.0,1.0,1.0,1.0,0.0,0.0
32,70,1.3235918273838176,0.988151473988206,0.0,0.0,0.0,1.0,0.0,0.0
33,70,7.872644159730089,11.091500929510264,0.0,1.0,0.0,0.0,0.0,0.0
34,70,3.688663390421053,10.894887464562888,0.0,1.0,0.0,0.0,1.0,0.0
35,70,4.596563369323248,10.437197879487432,1.0,0.0,0.0,0.0,1.0,0.0
36,70,0.0,3.9988556766940553,0.0,1.0,1.0,0.0,1.0,1.0
37,70,0.245446127014114,6.475537581665172,1.0,0.0,0.0,0.0,1.0,1.0
38,70,7.68894108189482,5.556420590733801,1.0,0.0,1.0,0.0,1.0,0.0
39,70,11.679716852368427,0.0117108647747307,0.0,1.0,1.0,1.0,1.0,1.0
0,75,12.0,11.432284874680343,0.0,1.0,0.0,1.0,0.0,1.0
1,75,3.8588609384518566,5.519078250024361,1.0,0.0,1.0,1.0,1.0,1.0
2,75,9.59895252685853,4.820294866445339,0.0,0.0,0.0,0.0,0.0,0.0
3,75,7.162459382738216,6.0593292246431805,0.0,0.0,1.0,0.0,0.0,0.0
4,75,2.100518198908893,7.054857797601086,0.0,0.0,1.0,0.0,1.0,0.0
5,75,4.772197796957921,1.6128432979753118,1.0,1.0,0.0,0.0,0.0,0.0
6,75,5.846479969221292,5.894212605683944,1.0,0.0,1.0,0.0,1.0,1.0
7,75,0.0,2.249782884194776,0.0,0.0,0.0,0.0,1.0,0.0
8,75,0.0,9.221298525293056,0.0,0.0,1.0,1.0,0.0,1.0
9,75,0.6393093986393725,5.955349812022149,1.0,0.0,0.0,1.0,0.0,0.0
10,75,4.634228150201288,4.77049907716782,0.0,1.0,1.0,0.0,0.0,0.0
11,75,8.114714825524283,6.17143876990797,0.0,0.0,0.0,0.0,1.0,1.0
12,75,10.449637667855209,0.4632313922091639,0.0,0.0,0.0,0.0,0.0,0.0
13,75,1.8672475322538429,10.185908488144396,0.0,1.0,0.0,1.0,1.0,0.0
14,75,0.7326215971865684,9.701673130828151,1.0,0.0,0.0,1.0,0.0,0.0
15,75,10.043682764423911,3.285513598620103,0.0,0.0,0.0,0.0,1.0,0.0
16,75,12.0,6.324934588327258,1.0,0.0,0.0,0.0,1.0,0.0
17,75,6.876414853090045,11.411511912543094,1.0,0.0,0.0,1.0,0.0,0.0
18,75,1.5109437550576297,10.408912591854802,0.0,0.0,0.0,0.0,0.0,0.0
19,75,1.3261561449820831,9.323227201104572,0.0,0.0,1.0,1.0,0.0,0.0
20,75,1.9573563381246009,6.376262509166424,0.0,0.0,0.0,0.0,0.0,0.0
21,75,3.362048685282519,0.0975341171009655,0.0,0.0,0.0,0.0,1.0,1.0
22,75,6.559361866204317,10.790280353046732,0.0,0.0,0.0,0.0,0.0,0.0
23,75,2.168506779305071,9.73022748876695,0.0,1.0,1.0,1.0,0.0,1.0
24,75,2.40352941909033,6.27347772021905,1.0,1.0,1.0,1.0,0.0,0.0
25,75,10.402401650842709,4.057810714460651,0.0,1.0,0.0,0.0,1.0,1.0
26,75,9.179807293685618,7.726500719413028,0.0,0.0,0.0,1.0,1.0,1.0
27,75,10.026353467050734,4.964649959511408,0.0,0.0,0.0,1.0,0.0,1.0
28,75,7.0744458936548735,11.20609943007806,0.0,0.0,0.0,0.0,0.0,0.0
29,75,8.983828478944307,7.768212882652659,1.0,0.0,0.0,0.0,0.0,0.0
30,75,1.0906925743033011,5.906789184797853,1.0,1.0,0.0,0.0,1.0,1.0
31,75,7.734472510480685,2.366622765369644,1.0,1.0,1.0,1.0,0.0,0.0
32,75,1.2568337337910045,0.9023734563969884,0.0,0.0,0.0,1.0,0.0,0.0
33,75,7.872030576910152,11.100583367045116,0.0,1.0,0.0,0.0,0.0,0.0
34,75,3.6592898717784,10.964819262085786,0.0,1.0,0.0,0.0,1.0,0.0
35,75,4.429709124511731,10.24231995994388,1.0,0.0,0.0,0.0,1.0,0.0
36,75,0.0,4.025478745901922,0.0,1.0,1.0,0.0,1.0,1.0
37,75,0.27000470184242,6.417746447488759,1.0,0.0,0.0,0.0,1.0,1.0
38,75,7.606541262624974,5.530259207307282,1.0,0.0,1.0,0.0,1.0,0.0
39,75,11.594599961645145,0.016994237475461,0.0,1.0,1.0,1.0,1.0,1.0
0,80,12.0,11.393299015918206,0.0,1.0,0.0,1.0,0.0,1.0
1,80,3.726922511766424,5.568531135814908,1.0,0.0,1.0,1.0,1.0,1.0
2,80,9.580488103917816,4.8576670258631935,0.0,0.0,0.0,0.0,0.0,0.0
3,80,7.347097780022913,6.065390088161805,0.0,0.0,1.0,0.0,0.0,0.0
4,80,2.1726870983008366,7.088283674145465,0.0,0.0,1.0,0.0,1.0,0.0
5,80,4.754317030804993,1.6235572293709393,1.0,1.0,0.0,0.0,0.0,0.0
6,80,5.83851067772686,5.827378235615456,1.0,0.0,1.0,0.0,1.0,1.0
7,80,0.0,2.302284795626226,0.0,0.0,0.0,0.0,1.0,0.0
8,80,0.0,9.162486605984968,0.0,0.0,1.0,1.0,0.0,1.0
9,80,0.6208962343051057,6.004210641279002,1.0,0.0,0.0,1.0,0.0,0.0
10,80,4.631734332597157,4.694124924700756,0.0,1.0,1.0,0.0,0.0,0.0
11,80,8.13190673416769,6.116624881167996,0.0,0.0,0.0,0.0,1.0,1.0
12,80,10.414325141056896,0.4901094075525352,0.0,0.0,0.0,0.0,0.0,0.0
13,80,1.85656141489156,10.2003926859686,0.0,1.0,0.0,1.0,1.0,0.0
14,80,0.721904250566353,9.731595099990429,1.0,0.0,0.0,1.0,0.0,0.0
15,80,9.979578907329898,3.2438019559958446,0.0,0.0,0.0,0.0,1.0,0.0
16,80,12.0,6.286482128562663,1.0,0.0,0.0,0.0,1.0,0.0
17,80,6.87339544932536,11.484310853649813,1.0,0.0,0.0,1.0,0.0,0.0
18,80,1.4703776045582273,10.3559145943234,0.0,0.0,0.0,0.0,0.0,0.0
19,80,1.3406336856028114,9.33656687083871,0.0,0.0,1.0,1.0,0.0,0.0
20,80,1.8742662505808227,6.292067727601306,0.0,0.0,0.0,0.0,0.0,0.0
21,80,3.4074289247414407,0.1111979974834249,0.0,0.0,0.0,0.0,1.0,1.0
22,80,6.52801758080672,10.852781487733608,0.0,0.0,0.0,0.0,0.0,0.0
23,80,2.227972656831796,9.719627980877744,0.0,1.0,1.0,1.0,0.0,1.0
24,80,2.4234979123193505,6.284475999317112,1.0,1.0,1.0,1.0,0.0,0.0
25,80,10.385693017087426,4.084681723524901,0.0,1.0,0.0,0.0,1.0,1.0
26,80,9.10365063787783,7.60183920712808,0.0,0.0,0.0,1.0,1.0,1.0
27,80,10.001021602495925,4.98200888657089,0.0,0.0,0.0,1.0,0.0,1.0
28,80,7.20501765517726,11.11199732299913,0.0,0.0,0.0,0.0,0.0,0.0
29,80,8.907670809228787,7.815943085169286,1.0,0.0,0.0,0.0,0.0,0.0
30,80,1.0631538846848687,5.931064944588567,1.0,1.0,0.0,0.0,1.0,1.0
31,80,7.725240899091701,2.346477712567141,1.0,1.0,1.0,1.0,0.0,0.0
32,80,1.1887777321240598,0.8073370313236179,0.0,0.0,0.0,1.0,0.0,0.0
33,80,7.870953805528648,11.1175353638259,0.0,1.0,0.0,0.0,0.0,0.0
34,80,3.630996583272586,11.039910529314154,0.0,1.0,0.0,0.0,1.0,0.0
35,80,4.273184438245353,10.06139763369064,1.0,0.0,0.0,0.0,1.0,0.0
36,80,0.0,4.049300025283651,0.0,1.0,1.0,0.0,1.0,1.0
37,80,0.2983792573230709,6.341556648230503,1.0,0.0,0.0,0.0,1.0,1.0
38,80,7.529535708659476,5.505642852777911,1.0,0.0,1.0,0.0,1.0,0.0
39,80,11.500658385430173,0.0208036783360748,0.0,1.0,1.0,1.0,1.0,1.0
0,85,12.0,11.363700997539803,0.0,1.0,0.0,1.0,0.0,1.0
1,85,3.606764803506906,5.61233730715469,1.0,0.0,1.0,1.0,1.0,1.0
2,85,9.549484708202687,4.91986937709902,0.0,0.0,0.0,0.0,0.0,0.0
3,85,7.538755506042721,6.070530067818966,0.0,0.0,1.0,0.0,0.0,0.0
4,85,2.239806029375046,7.11933919481037,0.0,0.0,1.0,0.0,1.0,0.0
5,85,4.732675142869485,1.6365066482826456,1.0,1.0,0.0,0.0,0.0,0.0
6,85,5.830891312904279,5.758562651873787,1.0,0.0,1.0,0.0,1.0,1.0
7,85,0.0,2.366282602960493,0.0,0.0,0.0,0.0,1.0,0.0
8,85,0.0,9.100210848887627,0.0,0.0,1.0,1.0,0.0,1.0
9,85,0.5983972162885539,6.058284178498562,1.0,0.0,0.0,1.0,0.0,0.0
10,85,4.6303894579607325,4.616305916863575,0.0,1.0,1.0,0.0,0.0,0.0
11,85,8.146425635514998,6.069985909191166,0.0,0.0,0.0,0.0,1.0,1.0
12,85,10.387556201312236,0.5094168304802407,0.0,0.0,0.0,0.0,0.0,0.0
13,85,1.8433777256894075,10.217739766372492,0.0,1.0,0.0,1.0,1.0,0.0
14,85,0.7071883835887962,9.771901502166086,1.0,0.0,0.0,1.0,0.0,0.0
15,85,9.9250537553727,3.2091250490271594,0.0,0.0,0.0,0.0,1.0,0.0
16,85,12.0,6.240128046688378,1.0,0.0,0.0,0.0,1.0,0.0
17,85,6.870139260287588,11.535271405229311,1.0,0.0,0.0,1.0,0.0,0.0
18,85,1.4408444514546423,10.317677768799914,0.0,0.0,0.0,0.0,0.0,0.0
19,85,1.3584562381610064,9.353243347148188,0.0,0.0,1.0,1.0,0.0,0.0
20,85,1.7913805972201715,6.21119219565028,0.0,0.0,0.0,0.0,0.0,0.0
21,85,3.4614896114854874,0.1253397837295132,0.0,0.0,0.0,0.0,1.0,1.0
22,85,6.508293744123685,10.89336351299625,0.0,0.0,0.0,0.0,0.0,0.0
23,85,2.271567362050352,9.71123883536675,0.0,1.0,1.0,1.0,0.0,1.0
24,85,2.444321352928776,6.2953720614424284,1.0,1.0,1.0,1.0,0.0,0.0
25,85,10.3716667465171,4.106620769515756,0.0,1.0,0.0,0.0,1.0,1.0
26,85,9.022635977995872,7.468692745163925,0.0,0.0,0.0,1.0,1.0,1.0
27,85,9.98399663893639,4.993875701878167,0.0,0.0,0.0,1.0,0.0,1.0
28,85,7.323574921915056,11.023203459842762,0.0,0.0,0.0,0.0,0.0,0.0
29,85,8.82383733039407,7.86556539986355,1.0,0.0,0.0,0.0,0.0,0.0
30,85,1.0315451335540444,5.96041123261976,1.0,1.0,0.0,0.0,1.0,1.0
31,85,7.7146008134266335,2.32348334866163,1.0,1.0,1.0,1.0,0.0,0.0
32,85,1.1275799633229302,0.7249295663275473,0.0,0.0,0.0,1.0,0.0,0.0
33,85,7.869062907849588,11.142316655310625,0.0,1.0,0.0,0.0,0.0,0.0
34,85,3.6065063671362623,11.101571864763995,0.0,1.0,0.0,0.0,1.0,0.0
35,85,4.102150372899936,9.868775020414494,1.0,0.0,0.0,0.0,1.0,0.0
36,85,0.0,4.068498942344735,0.0,1.0,1.0,0.0,1.0,1.0
37,85,0.3223421020930013,6.278308742371869,1.0,0.0,0.0,0.0,1.0,1.0
38,85,7.4790918666394415,5.488808359451767,1.0,0.0,1.0,0.0,1.0,0.0
39,85,11.394579985552747,0.0269327642495663,0.0,1.0,1.0,1.0,1.0,1.0
0,90,12.0,11.3467079653203,0.0,1.0,0.0,1.0,0.0,1.0
1,90,3.4868091466636466,5.65306015294042,1.0,0.0,1.0,1.0,1.0,1.0
2,90,9.512875523624906,4.997440747890932,0.0,0.0,0.0,0.0,0.0,0.0
3,90,7.712844843192501,6.076273021804762,0.0,0.0,1.0,0.0,0.0,0.0
4,90,2.2965601786823404,7.145759834228684,0.0,0.0,1.0,0.0,1.0,0.0
5,90,4.7323646432843285,1.6367002484852609,1.0,1.0,0.0,0.0,0.0,0.0
6,90,5.820343400954137,5.664721821130478,1.0,0.0,1.0,0.0,1.0,1.0
7,90,0.0,2.4350283774463244,0.0,0.0,0.0,0.0,1.0,0.0
8,90,0.0,9.034841017949672,0.0,0.0,1.0,1.0,0.0,1.0
9,90,0.5811101180510424,6.099873260323143,1.0,0.0,0.0,1.0,0.0,0.0
10,90,4.630010517769074,4.526398264779748,0.0,1.0,1.0,0.0,0.0,0.0
11,90,8.160581844956793,6.021118806867883,0.0,0.0,0.0,0.0,1.0,1.0
12,90,10.350864821984423,0.5366365897416303,0.0,0.0,0.0,0.0,0.0,0.0
13,90,1.8238503928337888,10.243167529867556,0.0,1.0,0.0,1.0,1.0,0.0
14,90,0.6978175276099221,9.79857969145381,1.0,0.0,0.0,1.0,0.0,0.0
15,90,9.871654098783232,3.1745005462345786,0.0,0.0,0.0,0.0,1.0,0.0
16,90,12.0,6.1932163156436815,1.0,0.0,0.0,0.0,1.0,0.0
17,90,6.865393901313487,11.592477786514571,1.0,0.0,0.0,1.0,0.0,0.0
18,90,1.4143103462144462,10.283905732507044,0.0,0.0,0.0,0.0,0.0,0.0
19,90,1.3801433758450088,9.37336890502072,0.0,0.0,1.0,1.0,0.0,0.0
20,90,1.6864498065618987,6.107380006046694,0.0,0.0,0.0,0.0,0.0,0.0
21,90,3.49748905489694,0.1343031653509296,0.0,0.0,0.0,0.0,1.0,1.0
22,90,6.48665991892818,10.939079020769158,0.0,0.0,0.0,0.0,0.0,0.0
23,90,2.313765174831056,9.703843752533755,0.0,1.0,1.0,1.0,0.0,1.0
24,90,2.458184832273285,6.302619120913445,1.0,1.0,1.0,1.0,0.0,0.0
25,90,10.35798477774258,4.127145744902609,0.0,1.0,0.0,0.0,1.0,1.0
26,90,8.936180946489326,7.331949114769724,0.0,0.0,0.0,1.0,1.0,1.0
27,90,9.968156130226497,5.005035398270572,0.0,0.0,0.0,1.0,0.0,1.0
28,90,7.447811296266198,10.932375905792728,0.0,0.0,0.0,0.0,0.0,0.0
29,90,8.74720660104318,7.912620140486106,1.0,0.0,0.0,0.0,0.0,0.0
30,90,1.0038089296029855,5.986273362566859,1.0,1.0,0.0,0.0,1.0,1.0
31,90,7.710171218788643,2.3142674485169747,1.0,1.0,1.0,1.0,0.0,0.0
32,90,1.0602951004803265,0.6331789267492111,0.0,0.0,0.0,1.0,0.0,0.0
33,90,7.869198787027334,11.140048731161269,0.0,1.0,0.0,0.0,0.0,0.0
34,90,3.5925975001094126,11.13570010611708,0.0,1.0,0.0,0.0,1.0,0.0
35,90,3.932433867348719,9.67205808597716,1.0,0.0,0.0,0.0,1.0,0.0
36,90,0.0,4.08666016856289,0.0,1.0,1.0,0.0,1.0,1.0
37,90,0.3414794171820961,6.231922279278874,1.0,0.0,0.0,0.0,1.0,1.0
38,90,7.409990902424909,5.465103319597929,1.0,0.0,1.0,0.0,1.0,0.0
39,90,11.28957942280805,0.0319207415514886,0.0,1.0,1.0,1.0,1.0,1.0
0,95,12.0,11.319276922376972,0.0,1.0,0.0,1.0,0.0,1.0
1,95,3.3396288452577134,5.706169053560187,1.0,0.0,1.0,1.0,1.0,1.0
2,95,9.483981379252842,5.054851619426543,0.0,0.0,0.0,0.0,0.0,0.0
3,95,7.863733825655623,6.082582018155597,0.0,0.0,1.0,0.0,0.0,0.0
4,95,2.3410557818507143,7.167173308678617,0.0,0.0,1.0,0.0,1.0,0.0
5,95,4.715031590142931,1.646870508041316,1.0,1.0,0.0,0.0,0.0,0.0
6,95,5.812102439166821,5.594766469922935,1.0,0.0,1.0,0.0,1.0,1.0
7,95,0.0,2.50781777174607,0.0,0.0,0.0,0.0,1.0,0.0
8,95,0.0,8.95211892641247,0.0,0.0,1.0,1.0,0.0,1.0
9,95,0.5633455040083717,6.144286817523174,1.0,0.0,0.0,1.0,0.0,0.0
10,95,4.6284304705917885,4.439558378684803,0.0,1.0,1.0,0.0,0.0,0.0
11,95,8.170555426636701,5.991210417551812,0.0,0.0,0.0,0.0,1.0,1.0
12,95,10.311091615263871,0.5663265839233256,0.0,0.0,0.0,0.0,0.0,0.0
13,95,1.8197785016872765,10.248213058806806,0.0,1.0,0.0,1.0,1.0,0.0
14,95,0.6939729232881441,9.808920299863654,1.0,0.0,0.0,1.0,0.0,0.0
15,95,9.813639392014302,3.136634279765921,0.0,0.0,0.0,0.0,1.0,0.0
16,95,12.0,6.151724344086861,1.0,0.0,0.0,0.0,1.0,0.0
17,95,6.856224470361724,11.67335751947722,1.0,0.0,0.0,1.0,0.0,0.0
18,95,1.3884736781197529,10.25158117118441,0.0,0.0,0.0,0.0,0.0,0.0
19,95,1.3925675122274048,9.384584534574074,0.0,0.0,1.0,1.0,0.0,0.0
20,95,1.581729944796742,6.0023556870927095,0.0,0.0,0.0,0.0,0.0,0.0
21,95,3.543788323006862,0.1476754836989844,0.0,0.0,0.0,0.0,1.0,1.0
22,95,6.467489439230378,10.979448147681126,0.0,0.0,0.0,0.0,0.0,0.0
23,95,2.3054965044510287,9.652186746926372,0.0,1.0,1.0,1.0,0.0,1.0
24,95,2.453308788811163,6.299905001028052,1.0,1.0,1.0,1.0,0.0,0.0
25,95,10.352941489702856,4.134619312075127,0.0,1.0,0.0,0.0,1.0,1.0
26,95,8.852566714007807,7.204123196003117,0.0,0.0,0.0,1.0,1.0,1.0
27,95,9.961182529197728,5.009767558945639,0.0,0.0,0.0,1.0,0.0,1.0
28,95,7.562317328611327,10.846917326829717,0.0,0.0,0.0,0.0,0.0,0.0
29,95,8.656360905263732,7.963799671202634,1.0,0.0,0.0,0.0,0.0,0.0
30,95,0.9692250543943398,6.017955615069029,1.0,1.0,0.0,0.0,1.0,1.0
31,95,7.706462701147032,2.306456019623434,1.0,1.0,1.0,1.0,0.0,0.0
32,95,0.9789433359563846,0.5220962461448619,0.0,0.0,0.0,1.0,0.0,0.0
33,95,7.869650467621128,11.127511681939405,0.0,1.0,0.0,0.0,0.0,0.0
34,95,3.5856593488720208,11.151984485650786,0.0,1.0,0.0,0.0,1.0,0.0
35,95,3.767933046998642,9.477869579367052,1.0,0.0,0.0,0.0,1.0,0.0
36,95,0.0,4.087430971064933,0.0,1.0,1.0,0.0,1.0,1.0
37,95,0.365996684005954,6.174127025508072,1.0,0.0,0.0,0.0,1.0,1.0
38,95,7.348243527144741,5.4434269505914505,1.0,0.0,1.0,0.0,1.0,0.0
39,95,11.20462224805785,0.0363548302772535,0.0,1.0,1.0,1.0,1.0,1.0
0,100,12.0,11.297830606174426,0.0,1.0,0.0,1.0,0.0,1.0
1,100,3.1877105199162123,5.761729858218087,1.0,0.0,1.0,1.0,1.0,1.0
2,100,9.457428462203932,5.10982323531976,0.0,0.0,0.0,0.0,0.0,0.0
3,100,8.026594583513205,6.087352217786168,0.0,0.0,1.0,0.0,0.0,0.0
4,100,2.3920310598761496,7.191890490939751,0.0,0.0,1.0,0.0,1.0,0.0
5,100,4.691177245812966,1.6604616670632335,1.0,1.0,0.0,0.0,0.0,0.0
6,100,5.806116383487661,5.529078432246736,1.0,0.0,1.0,0.0,1.0,1.0
7,100,0.0,2.5827262883446487,0.0,0.0,0.0,0.0,1.0,0.0
8,100,0.0,8.867456978067803,0.0,0.0,1.0,1.0,0.0,1.0
9,100,0.548309970880841,6.181344553384703,1.0,0.0,0.0,1.0,0.0,0.0
10,100,4.627601690962607,4.360175899238998,0.0,1.0,1.0,0.0,0.0,0.0
11,100,8.186443477645009,5.942536842245968,0.0,0.0,0.0,0.0,1.0,1.0
12,100,10.26171858848272,0.601732707428552,0.0,0.0,0.0,0.0,0.0,0.0
13,100,1.8205857950614963,10.247213103273763,0.0,1.0,0.0,1.0,1.0,0.0
14,100,0.6876760238309653,9.825002140810634,1.0,0.0,0.0,1.0,0.0,0.0
15,100,9.764366996542211,3.1038353570395865,0.0,0.0,0.0,0.0,1.0,0.0
16,100,12.0,6.114080809895048,1.0,0.0,0.0,0.0,1.0,0.0
17,100,6.847713269082933,11.750158890974344,1.0,0.0,0.0,1.0,0.0,0.0
18,100,1.3613562529461884,10.216103614411605,0.0,0.0,0.0,0.0,0.0,0.0
19,100,1.3910167714900574,9.383125109118962,0.0,0.0,1.0,1.0,0.0,0.0
20,100,1.4834870912800515,5.902834534724048,0.0,0.0,0.0,0.0,0.0,0.0
21,100,3.598798495326307,0.1637580157611211,0.0,0.0,0.0,0.0,1.0,1.0
22,100,6.448498074645227,11.01760490123249,0.0,0.0,0.0,0.0,0.0,0.0
23,100,2.298349323250608,9.604167900344786,0.0,1.0,1.0,1.0,0.0,1.0
24,100,2.4635130374872305,6.30529659562891,1.0,1.0,1.0,1.0,0.0,0.0
25,100,10.345847983676595,4.1448749038037205,0.0,1.0,0.0,0.0,1.0,1.0
26,100,8.780064264082426,7.093092582092182,0.0,0.0,0.0,1.0,1.0,1.0
27,100,9.961746658825742,5.009404003501114,0.0,0.0,0.0,1.0,0.0,1.0
28,100,7.671672710315352,10.767956186829071,0.0,0.0,0.0,0.0,0.0,0.0
29,100,8.553510372913598,8.019791953430241,1.0,0.0,0.0,0.0,0.0,0.0
30,100,0.924229519147985,6.058968092039078,1.0,1.0,0.0,0.0,1.0,1.0
31,100,7.693788141921287,2.2797237079235075,1.0,1.0,1.0,1.0,0.0,0.0
32,100,0.9008776338025486,0.4114210437975781,0.0,0.0,0.0,1.0,0.0,0.0
33,100,7.870553173839086,11.103912610581864,0.0,1.0,0.0,0.0,0.0,0.0
34,100,3.580804126317842,11.163764179984032,0.0,1.0,0.0,0.0,1.0,0.0
35,100,3.5966286679410144,9.265439328902636,1.0,0.0,0.0,0.0,1.0,0.0
36,100,0.007389074366855,4.081981762164915,0.0,1.0,1.0,0.0,1.0,1.0
37,100,0.3917371095787507,6.113351905911516,1.0,0.0,0.0,0.0,1.0,1.0
38,100,7.264752107897294,5.414242213412289,1.0,0.0,1.0,0.0,1.0,0.0
39,100,11.140123396361382,0.040152320910218,0.0,1.0,1.0,1.0,1.0,1.0
0,105,12.0,11.27627907852654,0.0,1.0,0.0,1.0,0.0,1.0
1,105,3.028327844676631,5.823058004598956,1.0,0.0,1.0,1.0,1.0,1.0
2,105,9.434449232522226,5.155548256489396,0.0,0.0,0.0,0.0,0.0,0.0
3,105,8.193718092823895,6.088467244109461,0.0,0.0,1.0,0.0,0.0,0.0
4,105,2.422804937145343,7.206050754082063,0.0,0.0,1.0,0.0,1.0,0.0
5,105,4.659374241509648,1.6784265394186983,1.0,1.0,0.0,0.0,0.0,0.0
6,105,5.800653073281841,5.465851097387795,1.0,0.0,1.0,0.0,1.0,1.0
7,105,0.0,2.664516095852552,0.0,0.0,0.0,0.0,1.0,0.0
8,105,0.0,8.781069718823243,0.0,0.0,1.0,1.0,0.0,1.0
9,105,0.5363632583133828,6.214678528608419,1.0,0.0,0.0,1.0,0.0,0.0
10,105,4.627328660739121,4.301119728472543,0.0,1.0,1.0,0.0,0.0,0.0
11,105,8.20066945074806,5.900639948243295,0.0,0.0,0.0,0.0,1.0,1.0
12,105,10.19546443851337,0.6513495921379604,0.0,0.0,0.0,0.0,0.0,0.0
13,105,1.8147858099368763,10.25393523995718,0.0,1.0,0.0,1.0,1.0,0.0
14,105,0.6706355636618865,9.868429341864132,1.0,0.0,0.0,1.0,0.0,0.0
15,105,9.71458700442582,3.068628437203953,0.0,0.0,0.0,0.0,1.0,0.0
16,105,12.0,6.079116441448382,1.0,0.0,0.0,0.0,1.0,0.0
17,105,6.8431961952321245,11.813534866211098,1.0,0.0,0.0,1.0,0.0,0.0
18,105,1.3374868364418613,10.184730735208046,0.0,0.0,0.0,0.0,0.0,0.0
19,105,1.3881593895420548,9.38048056634232,0.0,0.0,1.0,1.0,0.0,0.0
20,105,1.377571211329779,5.791977622996589,0.0,0.0,0.0,0.0,0.0,0.0
21,105,3.613840069082851,0.1682908300453408,0.0,0.0,0.0,0.0,1.0,1.0
22,105,6.431535535480277,11.051331163142244,0.0,0.0,0.0,0.0,0.0,0.0
23,105,2.291003771889124,9.549872653450889,0.0,1.0,1.0,1.0,0.0,1.0
24,105,2.46367219659766,6.305375837869635,1.0,1.0,1.0,1.0,0.0,0.0
25,105,10.328496221326452,4.170272981969553,0.0,1.0,0.0,0.0,1.0,1.0
26,105,8.714875887857609,6.986534941947253,0.0,0.0,0.0,1.0,1.0,1.0
27,105,9.964182947006169,5.007880561884338,0.0,0.0,0.0,1.0,0.0,1.0
28,105,7.780310452595111,10.689855786322592,0.0,0.0,0.0,0.0,0.0,0.0
29,105,8.457867918983334,8.06913218838161,1.0,0.0,0.0,0.0,0.0,0.0
30,105,0.8582755219659985,6.121577294331619,1.0,1.0,0.0,0.0,1.0,1.0
31,105,7.687651295947052,2.2665750179734983,1.0,1.0,1.0,1.0,0.0,0.0
32,105,0.8142826840651571,0.2942889858144946,0.0,0.0,0.0,1.0,0.0,0.0
33,105,7.87130538002005,11.081152518219517,0.0,1.0,0.0,0.0,0.0,0.0
34,105,3.573877600208096,11.179626902265182,0.0,1.0,0.0,0.0,1.0,0.0
35,105,3.4337753933103285,9.057103258222584,1.0,0.0,0.0,0.0,1.0,0.0
36,105,0.0105996767587263,4.079625984940511,0.0,1.0,1.0,0.0,1.0,1.0
37,105,0.4324779996346393,6.019899259313118,1.0,0.0,0.0,0.0,1.0,1.0
38,105,7.19158554591194,5.391099696479335,1.0,0.0,1.0,0.0,1.0,0.0
39,105,11.073550940433268,0.042823576049837,0.0,1.0,1.0,1.0,1.0,1.0
0,110,12.0,11.243141344954152,0.0,1.0,0.0,1.0,0.0,1.0
1,110,3.1893118182714515,5.763635788477354,1.0,0.0,1.0,1.0,1.0,1.0
2,110,9.40525923900501,5.218283474182397,0.0,0.0,0.0,0.0,0.0,0.0
3,110,8.356062039018086,6.087521021731415,0.0,0.0,1.0,0.0,0.0,0.0
4,110,2.473977913592709,7.229513628903286,0.0,0.0,1.0,0.0,1.0,0.0
5,110,4.633726476513023,1.6922271597979432,1.0,1.0,0.0,0.0,0.0,0.0
6,110,5.795718145972591,5.409576600208818,1.0,0.0,1.0,0.0,1.0,1.0
7,110,0.0,2.737609380120744,0.0,0.0,0.0,0.0,1.0,0.0
8,110,0.0,8.706807485784385,0.0,0.0,1.0,1.0,0.0,1.0
9,110,0.5226567668995825,6.254894383110382,1.0,0.0,0.0,1.0,0.0,0.0
10,110,4.627997834790944,4.228275563296729,0.0,1.0,1.0,0.0,0.0,0.0
11,110,8.205024224486113,5.886674127869715,0.0,0.0,0.0,0.0,1.0,1.0
12,110,10.121155680224524,0.7072521265858677,0.0,0.0,0.0,0.0,0.0,0.0
13,110,1.8041743454044337,10.266843411206334,0.0,1.0,0.0,1.0,1.0,0.0
14,110,0.6494882433737887,9.924422774209068,1.0,0.0,0.0,1.0,0.0,0.0
15,110,9.67952043318632,3.043050672787861,0.0,0.0,0.0,0.0,1.0,0.0
16,110,12.0,6.041742469677151,1.0,0.0,0.0,0.0,1.0,0.0
17,110,6.841660422944947,11.85500541323761,1.0,0.0,0.0,1.0,0.0,0.0
18,110,1.32295745327332,10.165215815581991,0.0,0.0,0.0,0.0,0.0,0.0
19,110,1.385763757647005,9.378219455778778,0.0,0.0,1.0,1.0,0.0,0.0
20,110,1.2483896946260022,5.648938508060323,0.0,0.0,0.0,0.0,0.0,0.0
21,110,3.654865787169307,0.1797303834315791,0.0,0.0,0.0,0.0,1.0,1.0
22,110,6.421333426283846,11.069814735518504,0.0,0.0,0.0,0.0,0.0,0.0
23,110,2.287483626799936,9.520079141412834,0.0,1.0,1.0,1.0,0.0,1.0
24,110,2.4602662117874057,6.303691505059691,1.0,1.0,1.0,1.0,0.0,0.0
25,110,10.319870384992564,4.182473528688785,0.0,1.0,0.0,0.0,1.0,1.0
26,110,8.651965812466534,6.879985226915936,0.0,0.0,0.0,1.0,1.0,1.0
27,110,9.97126083413531,5.003779503017652,0.0,0.0,0.0,1.0,0.0,1.0
28,110,7.885825737544099,10.616255110211334,0.0,0.0,0.0,0.0,0.0,0.0
29,110,8.37145805696192,8.11411309452868,1.0,0.0,0.0,0.0,0.0,0.0
30,110,0.7850643625306423,6.186379908161357,1.0,1.0,0.0,0.0,1.0,1.0
31,110,7.679469178516001,2.249637345908108,1.0,1.0,1.0,1.0,0.0,0.0
32,110,0.7268169171197832,0.1735586041778645,0.0,0.0,0.0,1.0,0.0,0.0
33,110,7.871126859623439,11.061924422118596,0.0,1.0,0.0,0.0,0.0,0.0
34,110,3.5626799330169443,11.203769333366152,0.0,1.0,0.0,0.0,1.0,0.0
35,110,3.265585331213308,8.834718301264894,1.0,0.0,0.0,0.0,1.0,0.0
36,110,0.0149544509436253,4.0765374536337005,0.0,1.0,1.0,0.0,1.0,1.0
37,110,0.4732559392993241,5.92838305284275,1.0,0.0,0.0,0.0,1.0,1.0
38,110,7.112627075800713,5.366509485966482,1.0,0.0,1.0,0.0,1.0,0.0
39,110,11.00855688708061,0.0435357216489511,0.0,1.0,1.0,1.0,1.0,1.0
0,115,12.0,11.196545127184368,0.0,1.0,0.0,1.0,0.0,1.0
1,115,3.340315618013276,5.710660564443308,1.0,0.0,1.0,1.0,1.0,1.0
2,115,9.373088721895575,5.282353176459135,0.0,0.0,0.0,0.0,0.0,0.0
3,115,8.522384834046996,6.084356182068636,0.0,0.0,1.0,0.0,0.0,0.0
4,115,2.532688938115456,7.257226747638501,0.0,0.0,1.0,0.0,1.0,0.0
5,115,4.637702791209754,1.6900106252601292,1.0,1.0,0.0,0.0,0.0,0.0
6,115,5.791673172205748,5.35951930590214,1.0,0.0,1.0,0.0,1.0,1.0
7,115,0.0,2.812345709899753,0.0,0.0,0.0,0.0,1.0,0.0
8,115,0.0,8.632731783499164,0.0,0.0,1.0,1.0,0.0,1.0
9,115,0.5001549201178922,6.321883021889626,1.0,0.0,0.0,1.0,0.0,0.0
10,115,4.628291137453939,4.140827230828213,0.0,1.0,1.0,0.0,0.0,0.0
11,115,8.212529287816722,5.86283237933172,0.0,0.0,0.0,0.0,1.0,1.0
12,115,10.057355939818429,0.7520979315805199,0.0,0.0,0.0,0.0,0.0,0.0
13,115,1.7936998513928242,10.279429909184856,0.0,1.0,0.0,1.0,1.0,0.0
14,115,0.623018456889755,9.990755637681287,1.0,0.0,0.0,1.0,0.0,0.0
15,115,9.654492051180004,3.024634422969868,0.0,0.0,0.0,0.0,1.0,0.0
16,115,12.0,5.996639655351044,1.0,0.0,0.0,0.0,1.0,0.0
17,115,6.840546318540387,11.922110815450056,1.0,0.0,0.0,1.0,0.0,0.0
18,115,1.3166545239084724,10.156441875063027,0.0,0.0,0.0,0.0,0.0,0.0
19,115,1.380874266742296,9.373652914786748,0.0,0.0,1.0,1.0,0.0,0.0
20,115,1.1270001721992515,5.519945788207606,0.0,0.0,0.0,0.0,0.0,0.0
21,115,3.6919061741202186,0.1899309047318913,0.0,0.0,0.0,0.0,1.0,1.0
22,115,6.4087902454038055,11.092315238288954,0.0,0.0,0.0,0.0,0.0,0.0
23,115,2.28314698803256,9.479396628086604,0.0,1.0,1.0,1.0,0.0,1.0
24,115,2.445819869235584,6.2965710617875175,1.0,1.0,1.0,1.0,0.0,0.0
25,115,10.312890530870908,4.192394370986364,0.0,1.0,0.0,0.0,1.0,1.0
26,115,8.59428659719567,6.778474430156662,0.0,0.0,0.0,1.0,1.0,1.0
27,115,9.974887970294423,5.001671449513325,0.0,0.0,0.0,1.0,0.0,1.0
28,115,8.003059502533196,10.53403949073952,0.0,0.0,0.0,0.0,0.0,0.0
29,115,8.281777411890046,8.160455093958516,1.0,0.0,0.0,0.0,0.0,0.0
30,115,0.7220873999058349,6.24083454435445,1.0,1.0,0.0,0.0,1.0,1.0
31,115,7.679093647318337,2.248847513539749,1.0,1.0,1.0,1.0,0.0,0.0
32,115,0.6472021138081991,0.06483013698235,0.0,0.0,0.0,1.0,0.0,0.0
33,115,7.871523509659023,11.04173992455047,0.0,1.0,0.0,0.0,0.0,0.0
34,115,3.5516870160335494,11.227272641377803,0.0,1.0,0.0,0.0,1.0,0.0
35,115,3.1065340914646704,8.61518602733752,1.0,0.0,0.0,0.0,1.0,0.0
36,115,0.0,4.088304813263222,0.0,1.0,1.0,0.0,1.0,1.0
37,115,0.5184813157518208,5.829475743616503,1.0,0.0,0.0,0.0,1.0,1.0
38,115,7.027537879982663,5.339613869990332,1.0,0.0,1.0,0.0,1.0,0.0
39,115,10.953317130871064,0.04206544113637,0.0,1.0,1.0,1.0,1.0,1.0
0,120,11.962507619458307,11.189349427165558,0.0,1.0,0.0,1.0,0.0,1.0
1,120,3.4909451962244367,5.6570046368945865,1.0,0.0,1.0,1.0,1.0,1.0
2,120,9.33570445620322,5.35428813212605,0.0,0.0,0.0,0.0,0.0,0.0
3,120,8.713039455457047,6.086331199635582,0.0,0.0,1.0,0.0,0.0,0.0
4,120,2.5779851054605905,7.280071411640214,0.0,0.0,1.0,0.0,1.0,0.0
5,120,4.6482649183285965,1.6840952457747664,1.0,1.0,0.0,0.0,0.0,0.0
6,120,5.789284478702398,5.316618447065752,1.0,0.0,1.0,0.0,1.0,1.0
7,120,0.0,2.9097286786384133,0.0,0.0,0.0,0.0,1.0,0.0
8,120,0.0,8.567453043434867,0.0,0.0,1.0,1.0,0.0,1.0
9,120,0.4828720434435841,6.374867151120783,1.0,0.0,0.0,1.0,0.0,0.0
10,120,4.629900516896817,4.040429101087513,0.0,1.0,1.0,0.0,0.0,0.0
11,120,8.212301952384255,5.863593266326945,0.0,0.0,0.0,0.0,1.0,1.0
12,120,9.972740222971124,0.8100997242795429,0.0,0.0,0.0,0.0,0.0,0.0
13,120,1.7838558037258565,10.29176252708091,0.0,1.0,0.0,1.0,1.0,0.0
14,120,0.5997308269735278,10.04658880061447,1.0,0.0,0.0,1.0,0.0,0.0
15,120,9.61938301701124,2.999108541633292,0.0,0.0,0.0,0.0,1.0,0.0
16,120,12.0,5.95152112213738,1.0,0.0,0.0,0.0,1.0,0.0
17,120,6.8405311139172085,11.979361331686809,1.0,0.0,0.0,1.0,0.0,0.0
18,120,1.3176611490887915,10.157871976558114,0.0,0.0,0.0,0.0,0.0,0.0
19,120,1.384788728504493,9.377377353643622,0.0,0.0,1.0,1.0,0.0,0.0
20,120,0.995397084026937,5.376373129485902,0.0,0.0,0.0,0.0,0.0,0.0
21,120,3.737299997923369,0.2011721690847114,0.0,0.0,0.0,0.0,1.0,1.0
22,120,6.396186842434252,11.115515675720474,0.0,0.0,0.0,0.0,0.0,0.0
23,120,2.281218774277972,9.452939833268392,0.0,1.0,1.0,1.0,0.0,1.0
24,120,2.4083923344793705,6.276661715386262,1.0,1.0,1.0,1.0,0.0,0.0
25,120,10.31641845330858,4.1874739820777975,0.0,1.0,0.0,0.0,1.0,1.0
26,120,8.536661667412762,6.669101132721692,0.0,0.0,0.0,1.0,1.0,1.0
27,120,9.999256600476402,4.986010071103083,0.0,0.0,0.0,1.0,0.0,1.0
28,120,8.136604206114601,10.439138632394846,0.0,0.0,0.0,0.0,0.0,0.0
29,120,8.20356143044715,8.199461127409254,1.0,0.0,0.0,0.0,0.0,0.0
30,120,0.6714070704918027,6.284478722339311,1.0,1.0,0.0,0.0,1.0,1.0
31,120,7.674357514011959,2.238312929528296,1.0,1.0,1.0,1.0,0.0,0.0
32,120,0.5621961408651457,0.0,0.0,0.0,0.0,1.0,0.0,0.0
33,120,7.871572078627862,11.019855669123393,0.0,1.0,0.0,0.0,0.0,0.0
34,120,3.549109757068244,11.23279615583297,0.0,1.0,0.0,0.0,1.0,0.0
35,120,2.934173417978304,8.387277939490737,1.0,0.0,0.0,0.0,1.0,0.0
36,120,0.0,4.112826620117971,0.0,1.0,1.0,0.0,1.0,1.0
37,120,0.5649775061851311,5.735632518870757,1.0,0.0,0.0,0.0,1.0,1.0
38,120,6.95940582849966,5.318725329452759,1.0,0.0,1.0,0.0,1.0,0.0
39,120,10.896774090065284,0.0406779721923338,0.0,1.0,1.0,1.0,1.0,1.0
0,125,11.925656289205683,11.182549105175632,0.0,1.0,0.0,1.0,0.0,1.0
1,125,3.649121555042072,5.597027370194284,1.0,0.0,1.0,1.0,1.0,1.0
2,125,9.289736557242543,5.443210795155426,0.0,0.0,0.0,0.0,0.0,0.0
3,125,8.887701917344005,6.0875016075168205,0.0,0.0,1.0,0.0,0.0,0.0
4,125,2.6178357887979598,7.299159423426307,0.0,0.0,1.0,0.0,1.0,0.0
5,125,4.65456353274325,1.6806513676415975,1.0,1.0,0.0,0.0,0.0,0.0
6,125,5.786983606993586,5.278773462157908,1.0,0.0,1.0,0.0,1.0,1.0
7,125,0.0,2.9997139917407964,0.0,0.0,0.0,0.0,1.0,0.0
8,125,0.0,8.49335000866608,0.0,0.0,1.0,1.0,0.0,1.0
9,125,0.457287982950795,6.455920245512216,1.0,0.0,0.0,1.0,0.0,0.0
10,125,4.635626891947458,3.916732044933015,0.0,1.0,1.0,0.0,0.0,0.0
11,125,8.214590145624838,5.855903359297718,0.0,0.0,0.0,0.0,1.0,1.0
12,125,9.87081840552155,0.8823574733277135,0.0,0.0,0.0,0.0,0.0,0.0
13,125,1.7793296829145626,10.297500945930013,0.0,1.0,0.0,1.0,1.0,0.0
14,125,0.5729559340559592,10.111639590611798,1.0,0.0,0.0,1.0,0.0,0.0
15,125,9.58397482395519,2.973627320885806,0.0,0.0,0.0,0.0,1.0,0.0
16,125,12.0,5.912033080865743,1.0,0.0,0.0,0.0,1.0,0.0
17,125,6.839827602595099,12.0,1.0,0.0,0.0,1.0,0.0,0.0
18,125,1.3141752613513398,10.15266825104189,0.0,0.0,0.0,0.0,0.0,0.0
19,125,1.3911594482873442,9.383347440673823,0.0,0.0,1.0,1.0,0.0,0.0
20,125,0.8752708065967414,5.239763302708318,0.0,0.0,0.0,0.0,0.0,0.0
21,125,3.7896206486389232,0.2139871272821501,0.0,0.0,0.0,0.0,1.0,1.0
22,125,6.389043048558692,11.12910452875494,0.0,0.0,0.0,0.0,0.0,0.0
23,125,2.2806591138423635,9.447526085549253,0.0,1.0,1.0,1.0,0.0,1.0
24,125,2.3782804351408875,6.259350337103069,1.0,1.0,1.0,1.0,0.0,0.0
25,125,10.320563345369196,4.181383102543053,0.0,1.0,0.0,0.0,1.0,1.0
26,125,8.481792400849697,6.560768345249439,0.0,0.0,0.0,1.0,1.0,1.0
27,125,10.041072475529154,4.959265329350999,0.0,0.0,0.0,1.0,0.0,1.0
28,125,8.258606486671221,10.352544518749829,0.0,0.0,0.0,0.0,0.0,0.0
29,125,8.142948957852544,8.229446684600974,1.0,0.0,0.0,0.0,0.0,0.0
30,125,0.6348668369314863,6.3148657414324605,1.0,1.0,0.0,0.0,1.0,1.0
31,125,7.678308256435055,2.247364736266958,1.0,1.0,1.0,1.0,0.0,0.0
32,125,0.4727545409603168,0.0,0.0,0.0,0.0,1.0,0.0,0.0
33,125,7.871971728199316,11.000989481698914,0.0,1.0,0.0,0.0,0.0,0.0
34,125,3.552121859473241,11.22656628782887,0.0,1.0,0.0,0.0,1.0,0.0
35,125,2.751993742333464,8.146616133874044,1.0,0.0,0.0,0.0,1.0,0.0
36,125,0.0,4.144361126824808,0.0,1.0,1.0,0.0,1.0,1.0
37,125,0.6100019363698966,5.6331545037945245,1.0,0.0,0.0,0.0,1.0,1.0
38,125,6.890645700672287,5.296018680787224,1.0,0.0,1.0,0.0,1.0,0.0
39,125,10.827154551993836,0.0382227051553962,0.0,1.0,1.0,1.0,1.0,1.0
0,130,11.882264009995962,11.176202010517082,0.0,1.0,0.0,1.0,0.0,1.0
1,130,3.81697655781045,5.532717275618331,1.0,0.0,1.0,1.0,1.0,1.0
2,130,9.238560699825015,5.54138359598528,0.0,0.0,0.0,0.0,0.0,0.0
3,130,9.044766465032108,6.085628878413144,0.0,0.0,1.0,0.0,0.0,0.0
4,130,2.6625979653560874,7.321747997438444,0.0,0.0,1.0,0.0,1.0,0.0
5,130,4.65991346478535,1.6777388512500455,1.0,1.0,0.0,0.0,0.0,0.0
6,130,5.785828291552877,5.251230656499976,1.0,0.0,1.0,0.0,1.0,1.0
7,130,0.0,3.084925257818131,0.0,0.0,0.0,0.0,1.0,0.0
8,130,0.0,8.419717818763518,0.0,0.0,1.0,1.0,0.0,1.0
9,130,0.4261532004686741,6.550920026747841,1.0,0.0,0.0,1.0,0.0,0.0
10,130,4.637993118367912,3.75319570548062,0.0,1.0,1.0,0.0,0.0,0.0
11,130,8.220577346913663,5.836972530737806,0.0,0.0,0.0,0.0,1.0,1.0
12,130,9.771134784651888,0.9556061555293932,0.0,0.0,0.0,0.0,0.0,0.0
13,130,1.779353868538205,10.29747255970251,0.0,1.0,0.0,1.0,1.0,0.0
14,130,0.5483785676109504,10.170767132566588,1.0,0.0,0.0,1.0,0.0,0.0
15,130,9.55193343924094,2.9510620000223264,0.0,0.0,0.0,0.0,1.0,0.0
16,130,12.0,5.876219331274052,1.0,0.0,0.0,0.0,1.0,0.0
17,130,6.8403523051006285,12.0,1.0,0.0,0.0,1.0,0.0,0.0
18,130,1.3112461980856145,10.148529951908172,0.0,0.0,0.0,0.0,0.0,0.0
19,130,1.398426335640122,9.39019681070698,0.0,0.0,1.0,1.0,0.0,0.0
20,130,0.7528165198187019,5.103764815225738,0.0,0.0,0.0,0.0,0.0,0.0
21,130,3.834458943708663,0.2266905841891025,0.0,0.0,0.0,0.0,1.0,1.0
22,130,6.3757468284671655,11.153362795081888,0.0,0.0,0.0,0.0,0.0,0.0
23,130,2.2798562860889464,9.43978635615569,0.0,1.0,1.0,1.0,0.0,1.0
24,130,2.379220386106711,6.259878908187034,1.0,1.0,1.0,1.0,0.0,0.0
25,130,10.311143640174569,4.1958866883790655,0.0,1.0,0.0,0.0,1.0,1.0
26,130,8.428982849096007,6.456647913645044,0.0,0.0,0.0,1.0,1.0,1.0
27,130,10.097470251126062,4.923037254043076,0.0,0.0,0.0,1.0,0.0,1.0
28,130,8.379026976025946,10.265841365795335,0.0,0.0,0.0,0.0,0.0,0.0
29,130,8.084455557258943,8.258375274720562,1.0,0.0,0.0,0.0,0.0,0.0
30,130,0.6021859312805252,6.277011543859685,1.0,1.0,0.0,0.0,1.0,1.0
31,130,7.680624983331139,2.2527725986276206,1.0,1.0,1.0,1.0,0.0,0.0
32,130,0.3920716202476985,0.0,0.0,0.0,0.0,1.0,0.0,0.0
33,130,7.872572960468985,10.970449442985958,0.0,1.0,0.0,0.0,0.0,0.0
34,130,3.5575600368079394,11.214325096001536,0.0,1.0,0.0,0.0,1.0,0.0
35,130,2.5713921455072466,7.90344270961942,1.0,0.0,0.0,0.0,1.0,0.0
36,130,0.0,4.188410792544198,0.0,1.0,1.0,0.0,1.0,1.0
37,130,0.6611530109998878,5.517206505958296,1.0,0.0,0.0,0.0,1.0,1.0
38,130,6.818596403020597,5.273025618007112,1.0,0.0,1.0,0.0,1.0,0.0
39,130,10.76415248011016,0.0351008230775678,0.0,1.0,1.0,1.0,1.0,1.0
0,135,11.86403098713525,11.173413573268638,0.0,1.0,0.0,1.0,0.0,1.0
1,135,3.977973706899752,5.472693439571389,1.0,0.0,1.0,1.0,1.0,1.0
2,135,9.18660983244789,5.646465190699147,0.0,0.0,0.0,0.0,0.0,0.0
3,135,9.189270359143167,6.086052440248443,0.0,0.0,1.0,0.0,0.0,0.0
4,135,2.7178161423591995,7.348855834686085,0.0,0.0,1.0,0.0,1.0,0.0
5,135,4.636321655642997,1.6895698389415332,1.0,1.0,0.0,0.0,0.0,0.0
6,135,5.784335148871477,5.223042848059814,1.0,0.0,1.0,0.0,1.0,1.0
7,135,0.0,3.176204437671518,0.0,0.0,0.0,0.0,1.0,0.0
8,135,0.0,8.352493046961458,0.0,0.0,1.0,1.0,0.0,1.0
9,135,0.386129769335205,6.670966442156786,1.0,0.0,0.0,1.0,0.0,0.0
10,135,4.638883716758767,3.5615465948259644,0.0,1.0,1.0,0.0,0.0,0.0
11,135,8.223739137570574,5.827661752514023,0.0,0.0,0.0,0.0,1.0,1.0
12,135,9.661356793846243,1.0353207408648144,0.0,0.0,0.0,0.0,0.0,0.0
13,135,1.7879213510269596,10.287857909623304,0.0,1.0,0.0,1.0,1.0,0.0
14,135,0.5249341611522427,10.229934874281948,1.0,0.0,0.0,1.0,0.0,0.0
15,135,9.529501086265732,2.935346832213628,0.0,0.0,0.0,0.0,1.0,0.0
16,135,12.0,5.831713397882422,1.0,0.0,0.0,0.0,1.0,0.0
17,135,6.841077489185663,12.0,1.0,0.0,0.0,1.0,0.0,0.0
18,135,1.309173049071445,10.145568607331628,0.0,0.0,0.0,0.0,0.0,0.0
19,135,1.4147620367249412,9.405432208605072,0.0,0.0,1.0,1.0,0.0,0.0
20,135,0.6061794824004159,4.943540677559936,0.0,0.0,0.0,0.0,0.0,0.0
21,135,3.882184708364826,0.2405781389118534,0.0,0.0,0.0,0.0,1.0,1.0
22,135,6.365780774539915,11.171722820422715,0.0,0.0,0.0,0.0,0.0,0.0
23,135,2.279127178366912,9.432199201110976,0.0,1.0,1.0,1.0,0.0,1.0
24,135,2.3753062279039443,6.2577530882627705,1.0,1.0,1.0,1.0,0.0,0.0
25,135,10.304604035874116,4.206253145741645,0.0,1.0,0.0,0.0,1.0,1.0
26,135,8.380382765484018,6.360754823772449,0.0,0.0,0.0,1.0,1.0,1.0
27,135,10.14110625535404,4.896382593103201,0.0,0.0,0.0,1.0,0.0,1.0
28,135,8.487440298678074,10.185052647759475,0.0,0.0,0.0,0.0,0.0,0.0
29,135,8.01591842807888,8.291675670704198,1.0,0.0,0.0,0.0,0.0,0.0
30,135,0.5628290313843813,6.227572354926684,1.0,1.0,0.0,0.0,1.0,1.0
31,135,7.683757415112387,2.260314397494994,1.0,1.0,1.0,1.0,0.0,0.0
32,135,0.3116842051937399,0.0,0.0,0.0,0.0,1.0,0.0,0.0
33,135,7.872409220276795,10.92575855840266,0.0,1.0,0.0,0.0,0.0,0.0
34,135,3.555506043799278,11.218619672587092,0.0,1.0,0.0,0.0,1.0,0.0
35,135,2.3949492987476586,7.65363520080794,1.0,0.0,0.0,0.0,1.0,0.0
36,135,0.0405280663235186,4.242353871291837,0.0,1.0,1.0,0.0,1.0,1.0
37,135,0.7100142867848729,5.404052412176517,1.0,0.0,0.0,0.0,1.0,1.0
38,135,6.747071211183876,5.249893858569013,1.0,0.0,1.0,0.0,1.0,0.0
39,135,10.693376890227874,0.0312626907681992,0.0,1.0,1.0,1.0,1.0,1.0
0,140,11.85062039510048,11.171276403131468,0.0,1.0,0.0,1.0,0.0,1.0
1,140,4.136220826210425,5.411851497298188,1.0,0.0,1.0,1.0,1.0,1.0
2,140,9.137497817778986,5.751500906116405,0.0,0.0,0.0,0.0,0.0,0.0
3,140,9.32863861605299,6.084344697602442,0.0,0.0,1.0,0.0,0.0,0.0
4,140,2.7791304098263883,7.380956705145882,0.0,0.0,1.0,0.0,1.0,0.0
5,140,4.59813520487564,1.709534071450244,1.0,1.0,0.0,0.0,0.0,0.0
6,140,5.783473472391622,5.204799099221046,1.0,0.0,1.0,0.0,1.0,1.0
7,140,0.0,3.270612622855697,0.0,0.0,0.0,0.0,1.0,0.0
8,140,0.0,8.288826109431193,0.0,0.0,1.0,1.0,0.0,1.0
9,140,0.3508049646084614,6.783804680202609,1.0,0.0,0.0,1.0,0.0,0.0
10,140,4.6417396335723735,3.366563825244395,0.0,1.0,1.0,0.0,0.0,0.0
11,140,8.224831357036306,5.824445239816146,0.0,0.0,0.0,0.0,1.0,1.0
12,140,9.54983820375652,1.116491675308042,0.0,0.0,0.0,0.0,0.0,0.0
13,140,1.7817342593416652,10.29476586178543,0.0,1.0,0.0,1.0,1.0,0.0
14,140,0.5048797776825699,10.278090165158426,1.0,0.0,0.0,1.0,0.0,0.0
15,140,9.501188577447422,2.9160347116407586,0.0,0.0,0.0,0.0,1.0,0.0
16,140,12.0,5.786307859485484,1.0,0.0,0.0,0.0,1.0,0.0
17,140,6.841634814650704,12.0,1.0,0.0,0.0,1.0,0.0,0.0
18,140,1.304868910076968,10.139717275524152,0.0,0.0,0.0,0.0,0.0,0.0
19,140,1.4389626894302885,9.429855614177562,0.0,0.0,1.0,1.0,0.0,0.0
20,140,0.4542038796584731,4.7793883267116986,0.0,0.0,0.0,0.0,0.0,0.0
21,140,3.930636384341749,0.2541405016156621,0.0,0.0,0.0,0.0,1.0,1.0
22,140,6.35721283064649,11.187683339643202,0.0,0.0,0.0,0.0,0.0,0.0
23,140,2.2797527329759646,9.440992472524988,0.0,1.0,1.0,1.0,0.0,1.0
24,140,2.371006644116049,6.255418642980535,1.0,1.0,1.0,1.0,0.0,0.0
25,140,10.298920531034929,4.215458507082131,0.0,1.0,0.0,0.0,1.0,1.0
26,140,8.331845600297815,6.2721695362451415,0.0,0.0,0.0,1.0,1.0,1.0
27,140,10.179626362292456,4.873524129822463,0.0,0.0,0.0,1.0,0.0,1.0
28,140,8.574457995565188,10.115196094540863,0.0,0.0,0.0,0.0,0.0,0.0
29,140,7.948039742562795,8.324759852801636,1.0,0.0,0.0,0.0,0.0,0.0
30,140,0.5274096904928925,6.181800552399113,1.0,1.0,0.0,0.0,1.0,1.0
31,140,7.685851628447316,2.2653611704335046,1.0,1.0,1.0,1.0,0.0,0.0
32,140,0.2450271040829236,0.0,0.0,0.0,0.0,1.0,0.0,0.0
33,140,7.872908578971178,10.848193890641706,0.0,1.0,0.0,0.0,0.0,0.0
34,140,3.5652974747354,11.198358220041776,0.0,1.0,0.0,0.0,1.0,0.0
35,140,2.224514401796725,7.40110746249038,1.0,0.0,0.0,0.0,1.0,0.0
36,140,0.0664879485742544,4.275028553123846,0.0,1.0,1.0,0.0,1.0,1.0
37,140,0.7634064026695292,5.2840137162841385,1.0,0.0,0.0,0.0,1.0,1.0
38,140,6.664771236453535,5.2234432117127465,1.0,0.0,1.0,0.0,1.0,0.0
39,140,10.61965410545483,0.0248306668850672,0.0,1.0,1.0,1.0,1.0,1.0
0,145,11.831771990325931,11.169089940972803,0.0,1.0,0.0,1.0,0.0,1.0
1,145,4.317792712144813,5.344354491038263,1.0,0.0,1.0,1.0,1.0,1.0
2,145,9.090741343711656,5.850934182044721,0.0,0.0,0.0,0.0,0.0,0.0
3,145,9.483802486365564,6.079086380964305,0.0,0.0,1.0,0.0,0.0,0.0
4,145,2.8349639883302817,7.410528606397084,0.0,0.0,1.0,0.0,1.0,0.0
5,145,4.570439059803037,1.7244050048257125,1.0,1.0,0.0,0.0,0.0,0.0
6,145,5.781878799168579,5.164565359185747,1.0,0.0,1.0,0.0,1.0,1.0
7,145,0.0,3.3692085945695407,0.0,0.0,0.0,0.0,1.0,0.0
8,145,0.0,8.224710493755136,0.0,0.0,1.0,1.0,0.0,1.0
9,145,0.3055468837219292,6.915447748803188,1.0,0.0,0.0,1.0,0.0,0.0
10,145,4.645914104022665,3.1646422201230595,0.0,1.0,1.0,0.0,0.0,0.0
11,145,8.22632904052143,5.8197880273774425,0.0,0.0,0.0,0.0,1.0,1.0
12,145,9.42391303321625,1.208243880898032,0.0,0.0,0.0,0.0,0.0,0.0
13,145,1.765707048583426,10.31186952618223,0.0,1.0,0.0,1.0,1.0,0.0
14,145,0.4820305115437886,10.341098475657958,1.0,0.0,0.0,1.0,0.0,0.0
15,145,9.51943457398862,2.888659869443081,0.0,0.0,0.0,0.0,1.0,0.0
16,145,12.0,5.738980993652562,1.0,0.0,0.0,0.0,1.0,0.0
17,145,6.84105889933416,12.0,1.0,0.0,0.0,1.0,0.0,0.0
18,145,1.3000532279096455,10.13317521514945,0.0,0.0,0.0,0.0,0.0,0.0
19,145,1.4585213307579958,9.45033191815496,0.0,0.0,1.0,1.0,0.0,0.0
20,145,0.3160527803392275,4.628373102046913,0.0,0.0,0.0,0.0,0.0,0.0
21,145,3.956626549184768,0.2607991145735714,0.0,0.0,0.0,0.0,1.0,1.0
22,145,6.349347156362076,11.201945741701934,0.0,0.0,0.0,0.0,0.0,0.0
23,145,2.279735487938532,9.440748243086878,0.0,1.0,1.0,1.0,0.0,1.0
24,145,2.345815258817966,6.24126022227789,1.0,1.0,1.0,1.0,0.0,0.0
25,145,10.29366608347849,4.224293064060277,0.0,1.0,0.0,0.0,1.0,1.0
26,145,8.295540493381283,6.20360542557802,0.0,0.0,0.0,1.0,1.0,1.0
27,145,10.237381689868922,4.838354640101147,0.0,0.0,0.0,1.0,0.0,1.0
28,145,8.66185446050886,10.04422083980942,0.0,0.0,0.0,0.0,0.0,0.0
29,145,7.88478210671696,8.358149625870515,1.0,0.0,0.0,0.0,0.0,0.0
30,145,0.4888904807825513,6.1314250752021495,1.0,1.0,0.0,0.0,1.0,1.0
31,145,7.687946570017592,2.270685844905313,1.0,1.0,1.0,1.0,0.0,0.0
32,145,0.1892342814995773,0.0,0.0,0.0,0.0,1.0,0.0,0.0
33,145,7.8750499283325714,10.758496656359917,0.0,1.0,0.0,0.0,0.0,0.0
34,145,3.5706150404634074,11.187130836192702,0.0,1.0,0.0,0.0,1.0,0.0
35,145,2.058932928059285,7.151324933567496,1.0,0.0,0.0,0.0,1.0,0.0
36,145,0.0952329590062589,4.311839708526239,0.0,1.0,1.0,0.0,1.0,1.0
37,145,0.8244880834549401,5.153631021092896,1.0,0.0,0.0,0.0,1.0,1.0
38,145,6.571024381350578,5.189884086812984,1.0,0.0,1.0,0.0,1.0,0.0
39,145,10.559888925158258,0.0202303195752663,0.0,1.0,1.0,1.0,1.0,1.0
0,150,11.812166661675718,11.166478115570197,0.0,1.0,0.0,1.0,0.0,1.0
1,150,4.484793921912962,5.279825754552872,1.0,0.0,1.0,1.0,1.0,1.0
2,150,9.040884530175298,5.95775907871167,0.0,0.0,0.0,0.0,0.0,0.0
3,150,9.632887185850151,6.07481174099974,0.0,0.0,1.0,0.0,0.0,0.0
4,150,2.902076902078624,7.446594880979018,0.0,0.0,1.0,0.0,1.0,0.0
5,150,4.534076619133707,1.7434655309032614,1.0,1.0,0.0,0.0,0.0,0.0
6,150,5.7807077902034525,5.117259604508831,1.0,0.0,1.0,0.0,1.0,1.0
7,150,0.0,3.4789163674143824,0.0,0.0,0.0,0.0,1.0,0.0
8,150,0.0,8.161065990166852,0.0,0.0,1.0,1.0,0.0,1.0
9,150,0.2577342073606139,7.060166826584851,1.0,0.0,0.0,1.0,0.0,0.0
10,150,4.647466739628976,2.9379054927129755,0.0,1.0,1.0,0.0,0.0,0.0
11,150,8.229072210832765,5.811140157683668,0.0,0.0,0.0,0.0,1.0,1.0
12,150,9.300891874199891,1.2989106444694172,0.0,0.0,0.0,0.0,0.0,0.0
13,150,1.7525087206092345,10.325251957989982,0.0,1.0,0.0,1.0,1.0,0.0
14,150,0.457403131323738,10.410499200477627,1.0,0.0,0.0,1.0,0.0,0.0
15,150,9.548589521820077,2.8426082840710425,0.0,0.0,0.0,0.0,1.0,0.0
16,150,12.0,5.681769403732534,1.0,0.0,0.0,0.0,1.0,0.0
17,150,6.841963672650712,12.0,1.0,0.0,0.0,1.0,0.0,0.0
18,150,1.3005988923019562,10.133952654430653,0.0,0.0,0.0,0.0,0.0,0.0
19,150,1.4739842910429013,9.465364517395749,0.0,0.0,1.0,1.0,0.0,0.0
20,150,0.1776002531942072,4.481023940428228,0.0,0.0,0.0,0.0,0.0,0.0
21,150,4.010267162465588,0.2747973064879723,0.0,0.0,0.0,0.0,1.0,1.0
22,150,6.342493112797299,11.214217972154952,0.0,0.0,0.0,0.0,0.0,0.0
23,150,2.281159510561,9.462916939695424,0.0,1.0,1.0,1.0,0.0,1.0
24,150,2.3170824161455705,6.224285584958036,1.0,1.0,1.0,1.0,0.0,0.0
25,150,10.287046297026611,4.235901236867456,0.0,1.0,0.0,0.0,1.0,1.0
26,150,8.260045334209716,6.132122918422847,0.0,0.0,0.0,1.0,1.0,1.0
27,150,10.28816861812163,4.80701694363668,0.0,0.0,0.0,1.0,0.0,1.0
28,150,8.763825419725434,9.965158975179728,0.0,0.0,0.0,0.0,0.0,0.0
29,150,7.822845041345362,8.39206871276651,1.0,0.0,0.0,0.0,0.0,0.0
30,150,0.4609925177271473,6.094733433051057,1.0,1.0,0.0,0.0,1.0,1.0
31,150,7.690174516739046,2.276102175539495,1.0,1.0,1.0,1.0,0.0,0.0
32,150,0.1297028567769044,0.0,0.0,0.0,0.0,1.0,0.0,0.0
33,150,7.876445222443693,10.652395509576545,0.0,1.0,0.0,0.0,0.0,0.0
34,150,3.577141456849468,11.172332304375685,0.0,1.0,0.0,0.0,1.0,0.0
35,150,1.89695078195508,6.897536728716842,1.0,0.0,0.0,0.0,1.0,0.0
36,150,0.1175956961475171,4.340520629550123,0.0,1.0,1.0,0.0,1.0,1.0
37,150,0.8852549797495063,5.027587970770667,1.0,0.0,0.0,0.0,1.0,1.0
38,150,6.489665526725083,5.1605127339755406,1.0,0.0,1.0,0.0,1.0,0.0
39,150,10.493376293284632,0.01654309539654,0.0,1.0,1.0,1.0,1.0,1.0
0,155,11.798040440926568,11.16477170469871,0.0,1.0,0.0,1.0,0.0,1.0
1,155,4.647062494704614,5.212448482838977,1.0,0.0,1.0,1.0,1.0,1.0
2,155,8.995543379745527,6.056788097544276,0.0,0.0,0.0,0.0,0.0,0.0
3,155,9.773291469077456,6.07297290159474,0.0,0.0,1.0,0.0,0.0,0.0
4,155,2.9557887478931666,7.476505247016965,0.0,0.0,1.0,0.0,1.0,0.0
5,155,4.504770409151382,1.7592926243327902,1.0,1.0,0.0,0.0,0.0,0.0
6,155,5.77953224610926,5.060672371379437,1.0,0.0,1.0,0.0,1.0,1.0
7,155,0.0,3.600128026400066,0.0,0.0,0.0,0.0,1.0,0.0
8,155,0.0,8.095499676441998,0.0,0.0,1.0,1.0,0.0,1.0
9,155,0.2007575521940011,7.216599923419117,1.0,0.0,0.0,1.0,0.0,0.0
10,155,4.649497896645249,2.719672928077586,0.0,1.0,1.0,0.0,0.0,0.0
11,155,8.229920006648308,5.808460117873115,0.0,0.0,0.0,0.0,1.0,1.0
12,155,9.16947164028596,1.400724075803432,0.0,0.0,0.0,0.0,0.0,0.0
13,155,1.743666878266636,10.334157615379665,0.0,1.0,0.0,1.0,1.0,0.0
14,155,0.4307000974247031,10.488409985264456,1.0,0.0,0.0,1.0,0.0,0.0
15,155,9.576761109324444,2.798666897122945,0.0,0.0,0.0,0.0,1.0,0.0
16,155,12.0,5.62102250518176,1.0,0.0,0.0,0.0,1.0,0.0
17,155,6.843419617743192,12.0,1.0,0.0,0.0,1.0,0.0,0.0
18,155,1.3082862286766015,10.145146218193004,0.0,0.0,0.0,0.0,0.0,0.0
19,155,1.5105985384001168,9.502196685686034,0.0,0.0,1.0,1.0,0.0,0.0
20,155,0.0664213420093196,4.358862803856133,0.0,0.0,0.0,0.0,0.0,0.0
21,155,4.06091926397807,0.2879292609900968,0.0,0.0,0.0,0.0,1.0,1.0
22,155,6.318009496618375,11.258671320246812,0.0,0.0,0.0,0.0,0.0,0.0
23,155,2.283667799317992,9.503838712395815,0.0,1.0,1.0,1.0,0.0,1.0
24,155,2.29342100296828,6.209728124833879,1.0,1.0,1.0,1.0,0.0,0.0
25,155,10.291475040753252,4.2284581154738445,0.0,1.0,0.0,0.0,1.0,1.0
26,155,8.227038304018837,6.062288046381918,0.0,0.0,0.0,1.0,1.0,1.0
27,155,10.331039123290056,4.781042986803218,0.0,0.0,0.0,1.0,0.0,1.0
28,155,8.846584971511852,9.903234904335765,0.0,0.0,0.0,0.0,0.0,0.0
29,155,7.77119885573818,8.419543689691045,1.0,0.0,0.0,0.0,0.0,0.0
30,155,0.4389632323029444,6.062544923764724,1.0,1.0,0.0,0.0,1.0,1.0
31,155,7.699405245996216,2.297551530296605,1.0,1.0,1.0,1.0,0.0,0.0
32,155,0.065889454849619,0.0,0.0,0.0,0.0,1.0,0.0,0.0
33,155,7.882086701646407,10.546573543801705,0.0,1.0,0.0,0.0,0.0,0.0
34,155,3.581012520002342,11.163664867318696,0.0,1.0,0.0,0.0,1.0,0.0
35,155,1.7553654042503803,6.666752220650447,1.0,0.0,0.0,0.0,1.0,0.0
36,155,0.1350630065256009,4.3638901305153,0.0,1.0,1.0,0.0,1.0,1.0
37,155,0.94756875662949,4.89486974722826,1.0,0.0,0.0,0.0,1.0,1.0
38,155,6.407341797314026,5.129358620465318,1.0,0.0,1.0,0.0,1.0,0.0
39,155,10.439395418599316,0.0143728226357622,0.0,1.0,1.0,1.0,1.0,1.0
0,160,11.785097867544556,11.163048307966664,0.0,1.0,0.0,1.0,0.0,1.0
1,160,4.795720372254192,5.156778828803883,1.0,0.0,1.0,1.0,1.0,1.0
2,160,8.94887728484904,6.16012835645921,0.0,0.0,0.0,0.0,0.0,0.0
3,160,9.94253694026303,6.067261082962208,0.0,0.0,1.0,0.0,0.0,0.0
4,160,2.993023176679936,7.4985542807764975,0.0,0.0,1.0,0.0,1.0,0.0
5,160,4.474410501345158,1.7751617214429545,1.0,1.0,0.0,0.0,0.0,0.0
6,160,5.777613320908612,4.989804024205728,1.0,0.0,1.0,0.0,1.0,1.0
7,160,0.0,3.7406523076376335,0.0,0.0,0.0,0.0,1.0,0.0
8,160,0.0,8.033813740347624,0.0,0.0,1.0,1.0,0.0,1.0
9,160,0.1315064798989448,7.402106574068808,1.0,0.0,0.0,1.0,0.0,0.0
10,160,4.652291419768772,2.52112209505257,0.0,1.0,1.0,0.0,0.0,0.0
11,160,8.229053443593044,5.81105805019967,0.0,0.0,0.0,0.0,1.0,1.0
12,160,9.038524317567475,1.5040490879426935,0.0,0.0,0.0,0.0,0.0,0.0
13,160,1.7173639391897155,10.360259984859074,0.0,1.0,0.0,1.0,1.0,0.0
14,160,0.4112209098735565,10.549744831660515,1.0,0.0,0.0,1.0,0.0,0.0
15,160,9.611724574765804,2.740796799965353,0.0,0.0,0.0,0.0,1.0,0.0
16,160,12.0,5.553031535038081,1.0,0.0,0.0,0.0,1.0,0.0
17,160,6.845712507156608,12.0,1.0,0.0,0.0,1.0,0.0,0.0
18,160,1.3073096874038188,10.143634000561738,0.0,0.0,0.0,0.0,0.0,0.0
19,160,1.5490979327885344,9.540488855901469,0.0,0.0,1.0,1.0,0.0,0.0
20,160,0.0,4.219715423788239,0.0,0.0,0.0,0.0,0.0,0.0
21,160,4.114395022196279,0.3034287817917927,0.0,0.0,0.0,0.0,1.0,1.0
22,160,6.300439429445879,11.292330142654311,0.0,0.0,0.0,0.0,0.0,0.0
23,160,2.285430731283931,9.556949867360398,0.0,1.0,1.0,1.0,0.0,1.0
24,160,2.264663619365193,6.192685199774354,1.0,1.0,1.0,1.0,0.0,0.0
25,160,10.289519890664256,4.231759710284881,0.0,1.0,0.0,0.0,1.0,1.0
26,160,8.192289730131657,5.992108285355235,0.0,0.0,0.0,1.0,1.0,1.0
27,160,10.391461909283612,4.744460710671743,0.0,0.0,0.0,1.0,0.0,1.0
28,160,8.922688907764032,9.84758435213894,0.0,0.0,0.0,0.0,0.0,0.0
29,160,7.732694098328541,8.440458783889415,1.0,0.0,0.0,0.0,0.0,0.0
30,160,0.425233947817331,6.041681953879812,1.0,1.0,0.0,0.0,1.0,1.0
31,160,7.709651222189492,2.3213522152386554,1.0,1.0,1.0,1.0,0.0,0.0
32,160,0.0045046851141691,0.0,0.0,0.0,0.0,1.0,0.0,0.0
33,160,7.888747444829064,10.426663795741728,0.0,1.0,0.0,0.0,0.0,0.0
34,160,3.587096487897803,11.149928615645058,0.0,1.0,0.0,0.0,1.0,0.0
35,160,1.6184410330777204,6.438707399411469,1.0,0.0,0.0,0.0,1.0,0.0
36,160,0.1697686462694382,4.410529552198867,0.0,1.0,1.0,0.0,1.0,1.0
37,160,1.0051283126828292,4.76788140161362,1.0,0.0,0.0,0.0,1.0,1.0
38,160,6.31799839632679,5.092955100778343,1.0,0.0,1.0,0.0,1.0,0.0
39,160,10.368988060964492,0.0107702036643515,0.0,1.0,1.0,1.0,1.0,1.0
0,165,11.752376290664058,11.158589169112824,0.0,1.0,0.0,1.0,0.0,1.0
1,165,4.934609797384444,5.102248318391177,1.0,0.0,1.0,1.0,1.0,1.0
2,165,8.891818903891666,6.286632197256199,0.0,0.0,0.0,0.0,0.0,0.0
3,165,10.099858117613469,6.065127194178461,0.0,0.0,1.0,0.0,0.0,0.0
4,165,3.0357053222340973,7.52370136274577,0.0,0.0,1.0,0.0,1.0,0.0
5,165,4.447333076017701,1.7885609213063252,1.0,1.0,0.0,0.0,0.0,0.0
6,165,5.776113799546406,4.929138705742034,1.0,0.0,1.0,0.0,1.0,1.0
7,165,0.0,3.89021319146651,0.0,0.0,0.0,0.0,1.0,0.0
8,165,0.0,7.983599898458549,0.0,0.0,1.0,1.0,0.0,1.0
9,165,0.0592882054124906,7.598778060559106,1.0,0.0,0.0,1.0,0.0,0.0
10,165,4.650212947880355,2.335880432857223,0.0,1.0,1.0,0.0,0.0,0.0
11,165,8.229799255596955,5.808868549260837,0.0,0.0,0.0,0.0,1.0,1.0
12,165,8.924322212822982,1.5894153023482886,0.0,0.0,0.0,0.0,0.0,0.0
13,165,1.6867100338349714,10.390777527031906,0.0,1.0,0.0,1.0,1.0,0.0
14,165,0.3909494863943391,10.61551810131458,1.0,0.0,0.0,1.0,0.0,0.0
15,165,9.672078095975309,2.778516634553102,0.0,0.0,0.0,0.0,1.0,0.0
16,165,12.0,5.478258918506254,1.0,0.0,0.0,0.0,1.0,0.0
17,165,6.843465743282136,12.0,1.0,0.0,0.0,1.0,0.0,0.0
18,165,1.3125844130756947,10.15179816439323,0.0,0.0,0.0,0.0,0.0,0.0
19,165,1.5834312818355518,9.57564118071933,0.0,0.0,1.0,1.0,0.0,0.0
20,165,0.0,4.087800616585168,0.0,0.0,0.0,0.0,0.0,0.0
21,165,4.1753123746022105,0.3193949700636918,0.0,0.0,0.0,0.0,1.0,1.0
22,165,6.33252894083168,11.310294096487317,0.0,0.0,0.0,0.0,0.0,0.0
23,165,2.2876935928653968,9.630896209331068,0.0,1.0,1.0,1.0,0.0,1.0
24,165,2.239043409363488,6.177911577931679,1.0,1.0,1.0,1.0,0.0,0.0
25,165,10.29132242920643,4.228720845954179,0.0,1.0,0.0,0.0,1.0,1.0
26,165,8.152843869548407,5.910940098367752,0.0,0.0,0.0,1.0,1.0,1.0
27,165,10.478773931999134,4.692156664053088,0.0,0.0,0.0,1.0,0.0,1.0
28,165,8.996246193763414,9.793395044443995,0.0,0.0,0.0,0.0,0.0,0.0
29,165,7.673662200917497,8.473462945539751,1.0,0.0,0.0,0.0,0.0,0.0
30,165,0.4080831634501131,6.015322120991804,1.0,1.0,0.0,0.0,1.0,1.0
31,165,7.7284576170962,2.364880450838301,1.0,1.0,1.0,1.0,0.0,0.0
32,165,0.0,0.0,0.0,0.0,0.0,1.0,0.0,0.0
33,165,7.897905447122003,10.319383213984876,0.0,1.0,0.0,0.0,0.0,0.0
34,165,3.595362303986004,11.130024168774549,0.0,1.0,0.0,0.0,1.0,0.0
35,165,1.4735719676957015,6.2163305345592175,1.0,0.0,0.0,0.0,1.0,0.0
36,165,0.2000048206033596,4.453136896755424,0.0,1.0,1.0,0.0,1.0,1.0
37,165,1.0611297010574376,4.641002835345421,1.0,0.0,0.0,0.0,1.0,1.0
38,165,6.220313778078841,5.054562494758906,1.0,0.0,1.0,0.0,1.0,0.0
39,165,10.308370864112035,0.0064439710936926,0.0,1.0,1.0,1.0,1.0,1.0
0,170,11.710702252078342,11.15245800145828,0.0,1.0,0.0,1.0,0.0,1.0
1,170,5.102903556006467,5.041608060286853,1.0,0.0,1.0,1.0,1.0,1.0
2,170,8.841751599229971,6.394049404070325,0.0,0.0,0.0,0.0,0.0,0.0
3,170,10.232467001908825,6.065920153311215,0.0,0.0,1.0,0.0,0.0,0.0
4,170,3.074613479793201,7.547964472712644,0.0,0.0,1.0,0.0,1.0,0.0
5,170,4.437857314401853,1.7930109788496476,1.0,1.0,0.0,0.0,0.0,0.0
6,170,5.774906012569934,4.887117413254032,1.0,0.0,1.0,0.0,1.0,1.0
7,170,0.0,4.042071529371863,0.0,0.0,0.0,0.0,1.0,0.0
8,170,0.0,7.9406192527015005,0.0,0.0,1.0,1.0,0.0,1.0
9,170,0.0,7.788002302621531,1.0,0.0,0.0,1.0,0.0,0.0
10,170,4.64912059228858,2.157471426842168,0.0,1.0,1.0,0.0,0.0,0.0
11,170,8.22070135626432,5.8345353052801325,0.0,0.0,0.0,0.0,1.0,1.0
12,170,8.817490167152824,1.673419443217114,0.0,0.0,0.0,0.0,0.0,0.0
13,170,1.6712121713920578,10.406015314517925,0.0,1.0,0.0,1.0,1.0,0.0
14,170,0.3701417798239818,10.6754644777574,1.0,0.0,0.0,1.0,0.0,0.0
15,170,9.719956702755734,2.809535555191429,0.0,0.0,0.0,0.0,1.0,0.0
16,170,12.0,5.3988550566714135,1.0,0.0,0.0,0.0,1.0,0.0
17,170,6.8413379257651386,12.0,1.0,0.0,0.0,1.0,0.0,0.0
18,170,1.325854189145184,10.172717592400716,0.0,0.0,0.0,0.0,0.0,0.0
19,170,1.6069812282073144,9.599441104157508,0.0,0.0,1.0,1.0,0.0,0.0
20,170,0.0,3.950241050314349,0.0,0.0,0.0,0.0,0.0,0.0
21,170,4.231353157196558,0.3344481668918558,0.0,0.0,0.0,0.0,1.0,1.0
22,170,6.38064221125464,11.336793832487723,0.0,0.0,0.0,0.0,0.0,0.0
23,170,2.290787729779268,9.703070357402614,0.0,1.0,1.0,1.0,0.0,1.0
24,170,2.217603366566601,6.165880607477547,1.0,1.0,1.0,1.0,0.0,0.0
25,170,10.289788650283498,4.231283826542073,0.0,1.0,0.0,0.0,1.0,1.0
26,170,8.10208905291085,5.805857660822446,0.0,0.0,0.0,1.0,1.0,1.0
27,170,10.572562837945926,4.636058580226665,0.0,0.0,0.0,1.0,0.0,1.0
28,170,9.069106636670874,9.739053816063338,0.0,0.0,0.0,0.0,0.0,0.0
29,170,7.591720880491795,8.520234485272708,1.0,0.0,0.0,0.0,0.0,0.0
30,170,0.388341075236057,5.984374746245654,1.0,1.0,0.0,0.0,1.0,1.0
31,170,7.747431405095231,2.409153652772289,1.0,1.0,1.0,1.0,0.0,0.0
32,170,0.0,0.0,0.0,0.0,0.0,1.0,0.0,0.0
33,170,7.907141711977029,10.196144287822706,0.0,1.0,0.0,0.0,0.0,0.0
34,170,3.602432187487846,11.11431996347307,0.0,1.0,0.0,0.0,1.0,0.0
35,170,1.3260686447930956,6.0015787865131776,1.0,0.0,0.0,0.0,1.0,0.0
36,170,0.2298360714664413,4.497446568775324,0.0,1.0,1.0,0.0,1.0,1.0
37,170,1.1173752822669685,4.509264158159565,1.0,0.0,0.0,0.0,1.0,1.0
38,170,6.13127837789486,5.022430547316634,1.0,0.0,1.0,0.0,1.0,0.0
39,170,10.260055175657492,0.0017101123682348,0.0,1.0,1.0,1.0,1.0,1.0
0,175,11.6579470784236,11.146098167259838,0.0,1.0,0.0,1.0,0.0,1.0
1,175,5.262587229993038,4.984495443959275,1.0,0.0,1.0,1.0,1.0,1.0
2,175,8.793306379381987,6.4996606013565605,0.0,0.0,0.0,0.0,0.0,0.0
3,175,10.371054377967122,6.067395530319672,0.0,0.0,1.0,0.0,0.0,0.0
4,175,3.119420589325343,7.574450156380812,0.0,0.0,1.0,0.0,1.0,0.0
5,175,4.444085539578242,1.79013938865191,1.0,1.0,0.0,0.0,0.0,0.0
6,175,5.773349969157732,4.853907020212789,1.0,0.0,1.0,0.0,1.0,1.0
7,175,0.0,4.186295749404826,0.0,0.0,0.0,0.0,1.0,0.0
8,175,0.0,7.892576557825608,0.0,0.0,1.0,1.0,0.0,1.0
9,175,0.0,7.985928494747839,1.0,0.0,0.0,1.0,0.0,0.0
10,175,4.646678607010145,1.97171147722122,0.0,1.0,1.0,0.0,0.0,0.0
11,175,8.21628546268366,5.846591164279784,0.0,0.0,0.0,0.0,1.0,1.0
12,175,8.699565773696936,1.7656172370355887,0.0,0.0,0.0,0.0,0.0,0.0
13,175,1.646679571436476,10.430077916616945,0.0,1.0,0.0,1.0,1.0,0.0
14,175,0.3455469119331088,10.745104825473607,1.0,0.0,0.0,1.0,0.0,0.0
15,175,9.774052221884247,2.8469219570088686,0.0,0.0,0.0,0.0,1.0,0.0
16,175,12.0,5.326908195328083,1.0,0.0,0.0,0.0,1.0,0.0
17,175,6.837437246023723,12.0,1.0,0.0,0.0,1.0,0.0,0.0
18,175,1.3436657900726374,10.2011779569635,0.0,0.0,0.0,0.0,0.0,0.0
19,175,1.621307661666837,9.613613009031043,0.0,0.0,1.0,1.0,0.0,0.0
20,175,0.0,3.809360395099153,0.0,0.0,0.0,0.0,0.0,0.0
21,175,4.291623354780266,0.3521047404181988,0.0,0.0,0.0,0.0,1.0,1.0
22,175,6.436036848351429,11.366975930387955,0.0,0.0,0.0,0.0,0.0,0.0
23,175,2.2924211882196013,9.789076788750409,0.0,1.0,1.0,1.0,0.0,1.0
24,175,2.186453932121681,6.149119014774471,1.0,1.0,1.0,1.0,0.0,0.0
25,175,10.286383185164231,4.2368081567925335,0.0,1.0,0.0,0.0,1.0,1.0
26,175,8.052023315008892,5.702672136448487,0.0,0.0,0.0,1.0,1.0,1.0
27,175,10.664967474880976,4.57797829055218,0.0,0.0,0.0,1.0,0.0,1.0
28,175,9.141655837115922,9.682513433336842,0.0,0.0,0.0,0.0,0.0,0.0
29,175,7.507316294894954,8.56816153504012,1.0,0.0,0.0,0.0,0.0,0.0
30,175,0.3667183328400134,5.951008326102741,1.0,1.0,0.0,0.0,1.0,1.0
31,175,7.769900530011093,2.461244814320947,1.0,1.0,1.0,1.0,0.0,0.0
32,175,0.0,0.0,0.0,0.0,0.0,1.0,0.0,0.0
33,175,7.920287086549455,10.044253745103749,0.0,1.0,0.0,0.0,0.0,0.0
34,175,3.6118884503192,11.09276487885985,0.0,1.0,0.0,0.0,1.0,0.0
35,175,1.1752028384479671,5.78027012607494,1.0,0.0,0.0,0.0,1.0,0.0
36,175,0.266655420433824,4.55226546877622,0.0,1.0,1.0,0.0,1.0,1.0
37,175,1.1735898799844402,4.375045482506507,1.0,0.0,0.0,0.0,1.0,1.0
38,175,6.044677299351627,4.989308168552077,1.0,0.0,1.0,0.0,1.0,0.0
39,175,10.223769994719794,0.0,0.0,1.0,1.0,1.0,1.0,1.0
0,180,11.605264339094196,11.140128702232245,0.0,1.0,0.0,1.0,0.0,1.0
1,180,5.414020271510089,4.932894197649655,1.0,0.0,1.0,1.0,1.0,1.0
2,180,8.734701510374254,6.626498742846136,0.0,0.0,0.0,0.0,0.0,0.0
3,180,10.522990796334364,6.070052213222253,0.0,0.0,1.0,0.0,0.0,0.0
4,180,3.148421139535482,7.591843036904064,0.0,0.0,1.0,0.0,1.0,0.0
5,180,4.459011047861779,1.783196756141068,1.0,1.0,0.0,0.0,0.0,0.0
6,180,5.770996509818817,4.8136284847439,1.0,0.0,1.0,0.0,1.0,1.0
7,180,0.0,4.329586671749985,0.0,0.0,0.0,0.0,1.0,0.0
8,180,0.0,7.847439144741804,0.0,0.0,1.0,1.0,0.0,1.0
9,180,0.0,8.203735930600937,1.0,0.0,0.0,1.0,0.0,0.0
10,180,4.651651331952397,1.7915575681864206,0.0,1.0,1.0,0.0,0.0,0.0
11,180,8.213083872775616,5.855057546938434,0.0,0.0,0.0,0.0,1.0,1.0
12,180,8.570621270902876,1.872620584921008,0.0,0.0,0.0,0.0,0.0,0.0
13,180,1.633480378104981,10.442983969394144,0.0,1.0,0.0,1.0,1.0,0.0
14,180,0.3166838123943191,10.827484547960804,1.0,0.0,0.0,1.0,0.0,0.0
15,180,9.82575623367055,2.8817052845060798,0.0,0.0,0.0,0.0,1.0,0.0
16,180,12.0,5.258151621190233,1.0,0.0,0.0,0.0,1.0,0.0
17,180,6.834470262856858,12.0,1.0,0.0,0.0,1.0,0.0,0.0
18,180,1.3677556745764174,10.24153118091638,0.0,0.0,0.0,0.0,0.0,0.0
19,180,1.655183436061224,9.64714635008906,0.0,0.0,1.0,1.0,0.0,0.0
20,180,0.0,3.679867969999899,0.0,0.0,0.0,0.0,0.0,0.0
21,180,4.3585669717357565,0.3723433327951485,0.0,0.0,0.0,0.0,1.0,1.0
22,180,6.484369680668807,11.393182029205947,0.0,0.0,0.0,0.0,0.0,0.0
23,180,2.2955902141937234,9.892621934973896,0.0,1.0,1.0,1.0,0.0,1.0
24,180,2.1636960644755856,6.13606687567632,1.0,1.0,1.0,1.0,0.0,0.0
25,180,10.28327563126776,4.241792883883379,0.0,1.0,0.0,0.0,1.0,1.0
26,180,7.995276782554511,5.589165727299006,0.0,0.0,0.0,1.0,1.0,1.0
27,180,10.75384021961796,4.524393652935855,0.0,0.0,0.0,1.0,0.0,1.0
28,180,9.208604603786831,9.631909962551775,0.0,0.0,0.0,0.0,0.0,0.0
29,180,7.430148094265059,8.612678273568614,1.0,0.0,0.0,0.0,0.0,0.0
30,180,0.3455457678286059,5.920731329206813,1.0,1.0,0.0,0.0,1.0,1.0
31,180,7.786736008165194,2.4984114467713328,1.0,1.0,1.0,1.0,0.0,0.0
32,180,0.0,0.0,0.0,0.0,0.0,1.0,0.0,0.0
33,180,7.942210996848724,9.885944575513642,0.0,1.0,0.0,0.0,0.0,0.0
34,180,3.611199831976232,11.094267015277588,0.0,1.0,0.0,0.0,1.0,0.0
35,180,1.0223229490286363,5.560460487676447,1.0,0.0,0.0,0.0,1.0,0.0
36,180,0.2853307651006836,4.580600256842079,0.0,1.0,1.0,0.0,1.0,1.0
37,180,1.2339570255820174,4.23751491714049,1.0,0.0,0.0,0.0,1.0,1.0
38,180,5.943804346680416,4.949941284753585,1.0,0.0,1.0,0.0,1.0,0.0
39,180,10.210596460472953,0.0,0.0,1.0,1.0,1.0,1.0,1.0
0,185,11.561869799867386,11.135749925299846,0.0,1.0,0.0,1.0,0.0,1.0
1,185,5.583995267487616,4.874766207896055,1.0,0.0,1.0,1.0,1.0,1.0
2,185,8.682587971325985,6.734380250461983,0.0,0.0,0.0,0.0,0.0,0.0
3,185,10.665718040086889,6.073458884825932,0.0,0.0,1.0,0.0,0.0,0.0
4,185,3.175316587631559,7.608002682609199,0.0,0.0,1.0,0.0,1.0,0.0
5,185,4.477734137149599,1.7746111013384405,1.0,1.0,0.0,0.0,0.0,0.0
6,185,5.7703863234261865,4.799543737266752,1.0,0.0,1.0,0.0,1.0,1.0
7,185,0.0,4.473407937770293,0.0,0.0,0.0,0.0,1.0,0.0
8,185,0.0,7.809832415712427,0.0,0.0,1.0,1.0,0.0,1.0
9,185,0.0,8.388101191703596,1.0,0.0,0.0,1.0,0.0,0.0
10,185,4.657420558119346,1.6067453172927777,0.0,1.0,1.0,0.0,0.0,0.0
11,185,8.199020563221538,5.894820315893924,0.0,0.0,0.0,0.0,1.0,1.0
12,185,8.446705960928497,1.976827494408839,0.0,0.0,0.0,0.0,0.0,0.0
13,185,1.6025192267444128,10.474792638324876,0.0,1.0,0.0,1.0,1.0,0.0
14,185,0.2866238092147545,10.91084934065198,1.0,0.0,0.0,1.0,0.0,0.0
15,185,9.868164141049364,2.910004219380286,0.0,0.0,0.0,0.0,1.0,0.0
16,185,12.0,5.191326542380962,1.0,0.0,0.0,0.0,1.0,0.0
17,185,6.82916535860172,12.0,1.0,0.0,0.0,1.0,0.0,0.0
18,185,1.38926885109497,10.278613997846476,0.0,0.0,0.0,0.0,0.0,0.0
19,185,1.6837791922772432,9.676006333383748,0.0,0.0,1.0,1.0,0.0,0.0
20,185,0.0,3.545077978629028,0.0,0.0,0.0,0.0,0.0,0.0
21,185,4.409693124506672,0.3887190275866772,0.0,0.0,0.0,0.0,1.0,1.0
22,185,6.513211864863162,11.409156204573312,0.0,0.0,0.0,0.0,0.0,0.0
23,185,2.297955370316896,10.000687771325884,0.0,1.0,1.0,1.0,0.0,1.0
24,185,2.1240800761810714,6.112965817080757,1.0,1.0,1.0,1.0,0.0,0.0
25,185,10.27713504125673,4.251533973096442,0.0,1.0,0.0,0.0,1.0,1.0
26,185,7.94239675316915,5.484335516238516,0.0,0.0,0.0,1.0,1.0,1.0
27,185,10.844086128633986,4.470083866380168,0.0,0.0,0.0,1.0,0.0,1.0
28,185,9.299498494541906,9.56491436994901,0.0,0.0,0.0,0.0,0.0,0.0
29,185,7.362292440699742,8.652319450193453,1.0,0.0,0.0,0.0,0.0,0.0
30,185,0.3276076913387554,5.896501185584384,1.0,1.0,0.0,0.0,1.0,1.0
31,185,7.799328208804213,2.5257435159014934,1.0,1.0,1.0,1.0,0.0,0.0
32,185,0.0,0.0,0.0,0.0,0.0,1.0,0.0,0.0
33,185,7.967662731806929,9.741568541266195,0.0,1.0,0.0,0.0,0.0,0.0
34,185,3.611817622930473,11.092859559901118,0.0,1.0,0.0,0.0,1.0,0.0
35,185,0.881200476826381,5.351987443765208,1.0,0.0,0.0,0.0,1.0,0.0
36,185,0.2930264428419756,4.592182869038196,0.0,1.0,1.0,0.0,1.0,1.0
37,185,1.3059155643525835,4.084773854362714,1.0,0.0,0.0,0.0,1.0,1.0
38,185,5.8414472749726665,4.90887884403666,1.0,0.0,1.0,0.0,1.0,0.0
39,185,10.188819717293123,0.0,0.0,1.0,1.0,1.0,1.0,1.0
0,190,11.516377568289604,11.132702717685577,0.0,1.0,0.0,1.0,0.0,1.0
1,190,5.742611774025569,4.8148291121170805,1.0,0.0,1.0,1.0,1.0,1.0
2,190,8.623248188373635,6.859896576666779,0.0,0.0,0.0,0.0,0.0,0.0
3,190,10.805102370211552,6.076976988888028,0.0,0.0,1.0,0.0,0.0,0.0
4,190,3.191781127988808,7.6180166681433885,0.0,0.0,1.0,0.0,1.0,0.0
5,190,4.503683302239152,1.7622966279808605,1.0,1.0,0.0,0.0,0.0,0.0
6,190,5.770390456569554,4.799671978713001,1.0,0.0,1.0,0.0,1.0,1.0
7,190,0.0,4.632768749013975,0.0,0.0,0.0,0.0,1.0,0.0
8,190,0.0,7.7770156807721875,0.0,0.0,1.0,1.0,0.0,1.0
9,190,0.0,8.58600717570611,1.0,0.0,0.0,1.0,0.0,0.0
10,190,4.669100135625669,1.4485946145817683,0.0,1.0,1.0,0.0,0.0,0.0
11,190,8.181853143152575,5.943682492444705,0.0,0.0,0.0,0.0,1.0,1.0
12,190,8.311412072909816,2.094236569115736,0.0,0.0,0.0,0.0,0.0,0.0
13,190,1.5750322419753324,10.500925027874898,0.0,1.0,0.0,1.0,1.0,0.0
14,190,0.253647209696308,10.996254398121014,1.0,0.0,0.0,1.0,0.0,0.0
15,190,9.908094588788096,2.936616309070115,0.0,0.0,0.0,0.0,1.0,0.0
16,190,12.0,5.12435984631258,1.0,0.0,0.0,0.0,1.0,0.0
17,190,6.823915347906099,12.0,1.0,0.0,0.0,1.0,0.0,0.0
18,190,1.4094684265742898,10.313877469043888,0.0,0.0,0.0,0.0,0.0,0.0
19,190,1.7283498708835687,9.7194098236166,0.0,0.0,1.0,1.0,0.0,0.0
20,190,0.0,3.411601408191255,0.0,0.0,0.0,0.0,0.0,0.0
21,190,4.443820195408663,0.3990430413688209,0.0,0.0,0.0,0.0,1.0,1.0
22,190,6.498245318186752,11.43521141202834,0.0,0.0,0.0,0.0,0.0,0.0
23,190,2.300058483663139,10.098270159333806,0.0,1.0,1.0,1.0,0.0,1.0
24,190,2.0591609409148304,6.074875013605276,1.0,1.0,1.0,1.0,0.0,0.0
25,190,10.27521007446753,4.254634939166813,0.0,1.0,0.0,0.0,1.0,1.0
26,190,7.891019698819929,5.382494365458172,0.0,0.0,0.0,1.0,1.0,1.0
27,190,10.911549191554773,4.430616914995105,0.0,0.0,0.0,1.0,0.0,1.0
28,190,9.394662938236994,9.495364097057756,0.0,0.0,0.0,0.0,0.0,0.0
29,190,7.301087457139117,8.688013258291562,1.0,0.0,0.0,0.0,0.0,0.0
30,190,0.3085227797680498,5.871616848246091,1.0,1.0,0.0,0.0,1.0,1.0
31,190,7.822384055409419,2.5771955482555065,1.0,1.0,1.0,1.0,0.0,0.0
32,190,0.0,0.0,0.0,0.0,0.0,1.0,0.0,0.0
33,190,7.9944919053623,9.606992287011842,0.0,1.0,0.0,0.0,0.0,0.0
34,190,3.607120299828024,11.103161368434174,0.0,1.0,0.0,0.0,1.0,0.0
35,190,0.7314160309788112,5.143357158207048,1.0,0.0,0.0,0.0,1.0,0.0
36,190,0.3097601213721908,4.618884050084658,0.0,1.0,1.0,0.0,1.0,1.0
37,190,1.3854859641349158,3.932507260373203,1.0,0.0,0.0,0.0,1.0,1.0
38,190,5.7188671536309625,4.861183546271395,1.0,0.0,1.0,0.0,1.0,0.0
39,190,10.159884119336605,0.0,0.0,1.0,1.0,1.0,1.0,1.0
0,195,11.494351758704424,11.13152105954672,0.0,1.0,0.0,1.0,0.0,1.0
1,195,5.88760837283259,4.762928123192353,1.0,0.0,1.0,1.0,1.0,1.0
2,195,8.580530703535059,6.952441986900679,0.0,0.0,0.0,0.0,0.0,0.0
3,195,10.916835662560803,6.079622590359565,0.0,0.0,1.0,0.0,0.0,0.0
4,195,3.1936901745971613,7.619176720784577,0.0,0.0,1.0,0.0,1.0,0.0
5,195,4.523621290174488,1.7530430094635463,1.0,1.0,0.0,0.0,0.0,0.0
6,195,5.771592541884106,4.824662151312051,1.0,0.0,1.0,0.0,1.0,1.0
7,195,0.0,4.795566835207877,0.0,0.0,0.0,0.0,1.0,0.0
8,195,0.0,7.750380844496429,0.0,0.0,1.0,1.0,0.0,1.0
9,195,0.0,8.768669950986457,1.0,0.0,0.0,1.0,0.0,0.0
10,195,4.829126550818455,1.4618417841097875,0.0,1.0,1.0,0.0,0.0,0.0
11,195,8.16913499041324,5.979536745309644,0.0,0.0,0.0,0.0,1.0,1.0
12,195,8.197597730828177,2.190640938606603,0.0,0.0,0.0,0.0,0.0,0.0
13,195,1.560766875607499,10.515069273741435,0.0,1.0,0.0,1.0,1.0,0.0
14,195,0.212111452556662,11.09196296182846,1.0,0.0,0.0,1.0,0.0,0.0
15,195,9.950446693631305,2.967464781376681,0.0,0.0,0.0,0.0,1.0,0.0
16,195,12.0,5.0574651526814725,1.0,0.0,0.0,0.0,1.0,0.0
17,195,6.815942629175266,12.0,1.0,0.0,0.0,1.0,0.0,0.0
18,195,1.4261083356071695,10.344332410519671,0.0,0.0,0.0,0.0,0.0,0.0
19,195,1.7535114508651246,9.744950186748838,0.0,0.0,1.0,1.0,0.0,0.0
20,195,0.0,3.2598971010741136,0.0,0.0,0.0,0.0,0.0,0.0
21,195,4.486102429542545,0.4111436486549798,0.0,0.0,0.0,0.0,1.0,1.0
22,195,6.471336814486933,11.482070610042546,0.0,0.0,0.0,0.0,0.0,0.0
23,195,2.302946708243905,10.194752684637717,0.0,1.0,1.0,1.0,0.0,1.0
24,195,2.0037226968876696,6.043662894374906,1.0,1.0,1.0,1.0,0.0,0.0
25,195,10.278120529832018,4.250270443318746,0.0,1.0,0.0,0.0,1.0,1.0
26,195,7.83333988639253,5.265374711568686,0.0,0.0,0.0,1.0,1.0,1.0
27,195,10.987482940778866,4.387455244590433,0.0,0.0,0.0,1.0,0.0,1.0
28,195,9.477540990178522,9.43333144947726,0.0,0.0,0.0,0.0,0.0,0.0
29,195,7.238890798508468,8.724506598893536,1.0,0.0,0.0,0.0,0.0,0.0
30,195,0.286463285544288,5.842938252430159,1.0,1.0,0.0,0.0,1.0,1.0
31,195,7.843257114242409,2.628593619435593,1.0,1.0,1.0,1.0,0.0,0.0
32,195,0.0,0.0,0.0,0.0,0.0,1.0,0.0,0.0
33,195,8.019704765480684,9.49575996992674,0.0,1.0,0.0,0.0,0.0,0.0
34,195,3.609266293859796,11.098803024395536,0.0,1.0,0.0,0.0,1.0,0.0
35,195,0.5763837864984137,4.925082173761061,1.0,0.0,0.0,0.0,1.0,0.0
36,195,0.3313337776799601,4.653956162156429,0.0,1.0,1.0,0.0,1.0,1.0
37,195,1.459015543778243,3.784505103580949,1.0,0.0,0.0,0.0,1.0,1.0
38,195,5.614397010730475,4.819870907433533,1.0,0.0,1.0,0.0,1.0,0.0
39,195,10.109596105055546,0.0,0.0,1.0,1.0,1.0,1.0,1.0
0,200,11.48324626635779,11.130563693920132,0.0,1.0,0.0,1.0,0.0,1.0
1,200,6.018588124289247,4.712736062769338,1.0,0.0,1.0,1.0,1.0,1.0
2,200,8.532229026771455,7.05319722403218,0.0,0.0,0.0,0.0,0.0,0.0
3,200,11.008682719527732,6.082301817376945,0.0,0.0,1.0,0.0,0.0,0.0
4,200,3.1910246918459864,7.617524599544433,0.0,0.0,1.0,0.0,1.0,0.0
5,200,4.548569454541018,1.7414601535488703,1.0,1.0,0.0,0.0,0.0,0.0
6,200,5.77297456266354,4.844705787066728,1.0,0.0,1.0,0.0,1.0,1.0
7,200,0.0,4.965292118742486,0.0,0.0,0.0,0.0,1.0,0.0
8,200,0.0,7.719833014553516,0.0,0.0,1.0,1.0,0.0,1.0
9,200,0.0,8.94566023788583,1.0,0.0,0.0,1.0,0.0,0.0
10,200,5.003317773871975,1.48158778044963,0.0,1.0,1.0,0.0,0.0,0.0
11,200,8.148339081266686,6.039939266880007,0.0,0.0,0.0,0.0,1.0,1.0
12,200,8.08696251316951,2.283371076290597,0.0,0.0,0.0,0.0,0.0,0.0
13,200,1.54423803929439,10.531917568172604,0.0,1.0,0.0,1.0,1.0,0.0
14,200,0.169748928347664,11.184925795819575,1.0,0.0,0.0,1.0,0.0,0.0
15,200,10.002367270913256,3.0029558487918457,0.0,0.0,0.0,0.0,1.0,0.0
16,200,12.0,5.0009873881896185,1.0,0.0,0.0,0.0,1.0,0.0
17,200,6.806444379707077,12.0,1.0,0.0,0.0,1.0,0.0,0.0
18,200,1.4475391545498764,10.386106563164486,0.0,0.0,0.0,0.0,0.0,0.0
19,200,1.7717951999958843,9.764092007880372,0.0,0.0,1.0,1.0,0.0,0.0
20,200,0.0,3.114096538905621,0.0,0.0,0.0,0.0,0.0,0.0
21,200,4.528604088652849,0.4227729933998231,0.0,0.0,0.0,0.0,1.0,1.0
22,200,6.444684837354744,11.529164060354894,0.0,0.0,0.0,0.0,0.0,0.0
23,200,2.306353927705308,10.298791628613314,0.0,1.0,1.0,1.0,0.0,1.0
24,200,1.9480230549202815,6.012026641848041,1.0,1.0,1.0,1.0,0.0,0.0
25,200,10.278665773150616,4.249404511290478,0.0,1.0,0.0,0.0,1.0,1.0
26,200,7.769139953937107,5.136135912528366,0.0,0.0,0.0,1.0,1.0,1.0
27,200,11.064178688024642,4.346427663282886,0.0,0.0,0.0,1.0,0.0,1.0
28,200,9.558571326673071,9.370250190019965,0.0,0.0,0.0,0.0,0.0,0.0
29,200,7.171174993819766,8.764060524086903,1.0,0.0,0.0,0.0,0.0,0.0
30,200,0.2661790058725253,5.818303495507594,1.0,1.0,0.0,0.0,1.0,1.0
31,200,7.861706948266516,2.6742635094695104,1.0,1.0,1.0,1.0,0.0,0.0
32,200,0.0,0.0,0.0,0.0,0.0,1.0,0.0,0.0
33,200,8.044064814301862,9.379219361728628,0.0,1.0,0.0,0.0,0.0,0.0
34,200,3.613042292087064,11.090825560742797,0.0,1.0,0.0,0.0,1.0,0.0
35,200,0.4327882441865315,4.7268811253185525,1.0,0.0,0.0,0.0,1.0,0.0
36,200,0.3634658960675413,4.702678333047615,0.0,1.0,1.0,0.0,1.0,1.0
37,200,1.528079456098773,3.641380259985093,1.0,0.0,0.0,0.0,1.0,1.0
38,200,5.5022345556679,4.777078356294294,1.0,0.0,1.0,0.0,1.0,0.0
39,200,10.05997501257687,0.0,0.0,1.0,1.0,1.0,1.0,1.0
0,205,11.4794398561455,11.130089793758836,0.0,1.0,0.0,1.0,0.0,1.0
1,205,6.136396318259629,4.667488575519926,1.0,0.0,1.0,1.0,1.0,1.0
2,205,8.484174870501821,7.15791678570425,0.0,0.0,0.0,0.0,0.0,0.0
3,205,11.096424819990425,6.085637929267977,0.0,0.0,1.0,0.0,0.0,0.0
4,205,3.1778775871678997,7.609408003220109,0.0,0.0,1.0,0.0,1.0,0.0
5,205,4.578653283189025,1.7287631853383627,1.0,1.0,0.0,0.0,0.0,0.0
6,205,5.775667348671813,4.8739270202843255,1.0,0.0,1.0,0.0,1.0,1.0
7,205,0.0,5.12995765996456,0.0,0.0,0.0,0.0,1.0,0.0
8,205,0.0,7.698273111807143,0.0,0.0,1.0,1.0,0.0,1.0
9,205,0.0,9.113239039047876,1.0,0.0,0.0,1.0,0.0,0.0
10,205,5.211622186034053,1.50397832663563,0.0,1.0,1.0,0.0,0.0,0.0
11,205,8.131045708199707,6.090136013177308,0.0,0.0,0.0,0.0,1.0,1.0
12,205,7.970658166061187,2.379681035845444,0.0,0.0,0.0,0.0,0.0,0.0
13,205,1.5213104033129516,10.556498598949096,0.0,1.0,0.0,1.0,1.0,0.0
14,205,0.1235446164282955,11.288891232982234,1.0,0.0,0.0,1.0,0.0,0.0
15,205,10.06146237552226,3.0476804375106825,0.0,0.0,0.0,0.0,1.0,0.0
16,205,12.0,4.931124406210872,1.0,0.0,0.0,0.0,1.0,0.0
17,205,6.796707750465412,12.0,1.0,0.0,0.0,1.0,0.0,0.0
18,205,1.4680819584866736,10.42870760020902,0.0,0.0,0.0,0.0,0.0,0.0
19,205,1.7883465280777149,9.781816598948344,0.0,0.0,1.0,1.0,0.0,0.0
20,205,0.0,2.975567638584652,0.0,0.0,0.0,0.0,0.0,0.0
21,205,4.584386115925088,0.4363907985846574,0.0,0.0,0.0,0.0,1.0,1.0
22,205,6.411057549854573,11.590224326617106,0.0,0.0,0.0,0.0,0.0,0.0
23,205,2.312425053130555,10.398774224922292,0.0,1.0,1.0,1.0,0.0,1.0
24,205,1.880155833082884,5.974878935627969,1.0,1.0,1.0,1.0,0.0,0.0
25,205,10.284977450923057,4.239396845577958,0.0,1.0,0.0,0.0,1.0,1.0
26,205,7.7017971133676815,5.001198755831863,0.0,0.0,0.0,1.0,1.0,1.0
27,205,11.165746191191936,4.289153820563127,0.0,0.0,0.0,1.0,0.0,1.0
28,205,9.630600463851115,9.31220015342382,0.0,0.0,0.0,0.0,0.0,0.0
29,205,7.093488887854746,8.806941674754304,1.0,0.0,0.0,0.0,0.0,0.0
30,205,0.2436451019320953,5.790788129115611,1.0,1.0,0.0,0.0,1.0,1.0
31,205,7.880376238569231,2.721610877004727,1.0,1.0,1.0,1.0,0.0,0.0
32,205,0.0,0.0,0.0,0.0,0.0,1.0,0.0,0.0
33,205,8.071342682339147,9.25552370825713,0.0,1.0,0.0,0.0,0.0,0.0
34,205,3.624284123657772,11.065442276026308,0.0,1.0,0.0,0.0,1.0,0.0
35,205,0.2907352311602711,4.539685098839922,1.0,0.0,0.0,0.0,1.0,0.0
36,205,0.3962783064979154,4.754041212742537,0.0,1.0,1.0,0.0,1.0,1.0
37,205,1.6039155527096778,3.487979776182452,1.0,0.0,0.0,0.0,1.0,1.0
38,205,5.385694445652241,4.729574133161572,1.0,0.0,1.0,0.0,1.0,0.0
39,205,10.0253320911344,9.067564031378272e-05,0.0,1.0,1.0,1.0,1.0,1.0
0,210,11.448543682796274,11.126336006207184,0.0,1.0,0.0,1.0,0.0,1.0
1,210,6.258742533793966,4.6167344972209134,1.0,0.0,1.0,1.0,1.0,1.0
2,210,8.436773240725545,7.261278183306844,0.0,0.0,0.0,0.0,0.0,0.0
3,210,11.178107315964107,6.088718496925291,0.0,0.0,1.0,0.0,0.0,0.0
4,210,3.1492821186271303,7.591722389280882,0.0,0.0,1.0,0.0,1.0,0.0
5,210,4.585763891970463,1.7257411308257529,1.0,1.0,0.0,0.0,0.0,0.0
6,210,5.778307481600496,4.904309145666673,1.0,0.0,1.0,0.0,1.0,1.0
7,210,0.0,5.303318997102152,0.0,0.0,0.0,0.0,1.0,0.0
8,210,0.0,7.683191584182978,0.0,0.0,1.0,1.0,0.0,1.0
9,210,0.0,9.286353846639075,1.0,0.0,0.0,1.0,0.0,0.0
10,210,5.414344387352908,1.5283658160620954,0.0,1.0,1.0,0.0,0.0,0.0
11,210,8.112882134432219,6.145204690072116,0.0,0.0,0.0,0.0,1.0,1.0
12,210,7.857675359619904,2.470692985922041,0.0,0.0,0.0,0.0,0.0,0.0
13,210,1.5006317922019,10.578312555690092,0.0,1.0,0.0,1.0,1.0,0.0
14,210,0.0815409941596938,11.382708646117804,1.0,0.0,0.0,1.0,0.0,0.0
15,210,10.140639742216688,3.1086513274207386,0.0,0.0,0.0,0.0,1.0,0.0
16,210,12.0,4.848944136895197,1.0,0.0,0.0,0.0,1.0,0.0
17,210,6.791669135265385,12.0,1.0,0.0,0.0,1.0,0.0,0.0
18,210,1.4937229809238983,10.484882335934934,0.0,0.0,0.0,0.0,0.0,0.0
19,210,1.828846317374568,9.826144988393876,0.0,0.0,1.0,1.0,0.0,0.0
20,210,0.0,2.8360869578841394,0.0,0.0,0.0,0.0,0.0,0.0
21,210,4.648060325439168,0.4526240030889364,0.0,0.0,0.0,0.0,1.0,1.0
22,210,6.370172848594156,11.660452146059558,0.0,0.0,0.0,0.0,0.0,0.0
23,210,2.317572715795912,10.499314852736552,0.0,1.0,1.0,1.0,0.0,1.0
24,210,1.7850705140365395,5.928252292708546,1.0,1.0,1.0,1.0,0.0,0.0
25,210,10.309350563510009,4.199013742337393,0.0,1.0,0.0,0.0,1.0,1.0
26,210,7.637258240446594,4.86906168125418,0.0,0.0,0.0,1.0,1.0,1.0
27,210,11.258076676154886,4.2358670585500695,0.0,0.0,0.0,1.0,0.0,1.0
28,210,9.693946458622271,9.259646334925234,0.0,0.0,0.0,0.0,0.0,0.0
29,210,7.034867972054857,8.837683242800766,1.0,0.0,0.0,0.0,0.0,0.0
30,210,0.2115035481446857,5.75055351344878,1.0,1.0,0.0,0.0,1.0,1.0
31,210,7.910510309705151,2.7945666538923586,1.0,1.0,1.0,1.0,0.0,0.0
32,210,0.0,0.0,0.0,0.0,0.0,1.0,0.0,0.0
33,210,8.105394317361974,9.105911417423515,0.0,1.0,0.0,0.0,0.0,0.0
34,210,3.644236395518434,11.022721741443956,0.0,1.0,0.0,0.0,1.0,0.0
35,210,0.1457879307048455,4.352353558487344,1.0,0.0,0.0,0.0,1.0,0.0
36,210,0.4370411769417801,4.820431958813962,0.0,1.0,1.0,0.0,1.0,1.0
37,210,1.6887997604761054,3.323013231593249,1.0,0.0,0.0,0.0,1.0,1.0
38,210,5.273931665907303,4.686472178805043,1.0,0.0,1.0,0.0,1.0,0.0
39,210,9.983538615130936,0.0010556731516599,0.0,1.0,1.0,1.0,1.0,1.0
0,215,11.440240743648545,11.125505014877763,0.0,1.0,0.0,1.0,0.0,1.0
1,215,6.3643254721482165,4.574515941603143,1.0,0.0,1.0,1.0,1.0,1.0
2,215,8.393491675885414,7.357545183623147,0.0,0.0,0.0,0.0,0.0,0.0
3,215,11.272255896891886,6.092302272927324,0.0,0.0,1.0,0.0,0.0,0.0
4,215,3.131006106370215,7.581145641765767,0.0,0.0,1.0,0.0,1.0,0.0
5,215,4.569601745326156,1.7325159923385869,1.0,1.0,0.0,0.0,0.0,0.0
6,215,5.778742817693988,4.909093765893324,1.0,0.0,1.0,0.0,1.0,1.0
7,215,0.0,5.48396351988562,0.0,0.0,0.0,0.0,1.0,0.0
8,215,0.0,7.659538240950681,0.0,0.0,1.0,1.0,0.0,1.0
9,215,0.0,9.44403114965716,1.0,0.0,0.0,1.0,0.0,0.0
10,215,5.619015600158113,1.552290182779346,0.0,1.0,1.0,0.0,0.0,0.0
11,215,8.099269699068042,6.188314103295156,0.0,0.0,0.0,0.0,1.0,1.0
12,215,7.739090001543417,2.564185555245204,0.0,0.0,0.0,0.0,0.0,0.0
13,215,1.4750245494246237,10.60512074816161,0.0,1.0,0.0,1.0,1.0,0.0
14,215,0.0427333611126515,11.473841614227169,1.0,0.0,0.0,1.0,0.0,0.0
15,215,10.211351261852933,3.163065367571316,0.0,0.0,0.0,0.0,1.0,0.0
16,215,12.0,4.773574727883615,1.0,0.0,0.0,0.0,1.0,0.0
17,215,6.787045585399387,12.0,1.0,0.0,0.0,1.0,0.0,0.0
18,215,1.5141262730202143,10.531773171916832,0.0,0.0,0.0,0.0,0.0,0.0
19,215,1.8712710719280037,9.87508979869242,0.0,0.0,1.0,1.0,0.0,0.0
20,215,0.0,2.725393978915269,0.0,0.0,0.0,0.0,0.0,0.0
21,215,4.73242974756959,0.4754343163684538,0.0,0.0,0.0,0.0,1.0,1.0
22,215,6.329275628060317,11.726631476653065,0.0,0.0,0.0,0.0,0.0,0.0
23,215,2.321436417451928,10.610534665513455,0.0,1.0,1.0,1.0,0.0,1.0
24,215,1.6767220066518314,5.870316777634786,1.0,1.0,1.0,1.0,0.0,0.0
25,215,10.337659646906197,4.152430930249116,0.0,1.0,0.0,0.0,1.0,1.0
26,215,7.572186029716093,4.729958356752888,0.0,0.0,0.0,1.0,1.0,1.0
27,215,11.364359528063671,4.17654774371452,0.0,0.0,0.0,1.0,0.0,1.0
28,215,9.743242381270548,9.218493171670982,0.0,0.0,0.0,0.0,0.0,0.0
29,215,6.999508950316945,8.85582802750889,1.0,0.0,0.0,0.0,0.0,0.0
30,215,0.1813905573606375,5.713240841023352,1.0,1.0,0.0,0.0,1.0,1.0
31,215,7.929829460931801,2.8405805484426176,1.0,1.0,1.0,1.0,0.0,0.0
32,215,0.0,0.0,0.0,0.0,0.0,1.0,0.0,0.0
33,215,8.148255276108015,8.91965822338772,0.0,1.0,0.0,0.0,0.0,0.0
34,215,3.6722020630470857,10.966558482623158,0.0,1.0,0.0,0.0,1.0,0.0
35,215,0.0,4.166480463864584,1.0,0.0,0.0,0.0,1.0,0.0
36,215,0.4805546340519145,4.894356084238425,0.0,1.0,1.0,0.0,1.0,1.0
37,215,1.7689839877635245,3.1539871812323965,1.0,0.0,0.0,0.0,1.0,1.0
38,215,5.137024956255903,4.634576699395344,1.0,0.0,1.0,0.0,1.0,0.0
39,215,9.927168352900054,0.0006096623189942,0.0,1.0,1.0,1.0,1.0,1.0
0,220,11.416746493167013,11.12261047671942,0.0,1.0,0.0,1.0,0.0,1.0
1,220,6.466904802815209,4.53155178566982,1.0,0.0,1.0,1.0,1.0,1.0
2,220,8.357316926540909,7.434313908239334,0.0,0.0,0.0,0.0,0.0,0.0
3,220,11.35997365273588,6.096111630494232,0.0,0.0,1.0,0.0,0.0,0.0
4,220,3.118235804880183,7.573611687442332,0.0,0.0,1.0,0.0,1.0,0.0
5,220,4.552769055587526,1.7393762572590723,1.0,1.0,0.0,0.0,0.0,0.0
6,220,5.778589436086999,4.907628839510584,1.0,0.0,1.0,0.0,1.0,1.0
7,220,0.0,5.665190318082587,0.0,0.0,0.0,0.0,1.0,0.0
8,220,0.0,7.635771363746696,0.0,0.0,1.0,1.0,0.0,1.0
9,220,0.0,9.592025247960002,1.0,0.0,0.0,1.0,0.0,0.0
10,220,5.831497189639042,1.5815390039789503,0.0,1.0,1.0,0.0,0.0,0.0
11,220,8.08433600360162,6.2387823377913545,0.0,0.0,0.0,0.0,1.0,1.0
12,220,7.628795544404512,2.6484951815472604,0.0,0.0,0.0,0.0,0.0,0.0
13,220,1.452929958882008,10.62803415703195,0.0,1.0,0.0,1.0,1.0,0.0
14,220,0.0,11.573463222972052,1.0,0.0,0.0,1.0,0.0,0.0
15,220,10.294200448712584,3.227747118137624,0.0,0.0,0.0,0.0,1.0,0.0
16,220,12.0,4.699952648478362,1.0,0.0,0.0,0.0,1.0,0.0
17,220,6.779272340316924,12.0,1.0,0.0,0.0,1.0,0.0,0.0
18,220,1.5392190486736086,10.590754907367682,0.0,0.0,0.0,0.0,0.0,0.0
19,220,1.9255929198793555,9.937109421916746,0.0,0.0,1.0,1.0,0.0,0.0
20,220,0.0,2.599487335121494,0.0,0.0,0.0,0.0,0.0,0.0
21,220,4.808855985582133,0.4988295991482652,0.0,0.0,0.0,0.0,1.0,1.0
22,220,6.274181282498797,11.809470907426332,0.0,0.0,0.0,0.0,0.0,0.0
23,220,2.324823949329752,10.709790104847173,0.0,1.0,1.0,1.0,0.0,1.0
24,220,1.5605282724314715,5.806336006504299,1.0,1.0,1.0,1.0,0.0,0.0
25,220,10.36503948884315,4.106273458750086,0.0,1.0,0.0,0.0,1.0,1.0
26,220,7.51397164283863,4.605377868111064,0.0,0.0,0.0,1.0,1.0,1.0
27,220,11.485577812551814,4.104647154340303,0.0,0.0,0.0,1.0,0.0,1.0
28,220,9.782893666695044,9.184849422094514,0.0,0.0,0.0,0.0,0.0,0.0
29,220,7.016918213848329,8.888926171286823,1.0,0.0,0.0,0.0,0.0,0.0
30,220,0.1454217562652803,5.74279187655002,1.0,1.0,0.0,0.0,1.0,1.0
31,220,7.945611614652582,2.8819751853853304,1.0,1.0,1.0,1.0,0.0,0.0
32,220,0.0,0.0,0.0,0.0,0.0,1.0,0.0,0.0
33,220,8.184700915265921,8.749685006111195,0.0,1.0,0.0,0.0,0.0,0.0
34,220,3.69463134077761,10.920110564414708,0.0,1.0,0.0,0.0,1.0,0.0
35,220,0.0,3.98987799377658,1.0,0.0,0.0,0.0,1.0,0.0
36,220,0.5235619523351416,4.968765523261436,0.0,1.0,1.0,0.0,1.0,1.0
37,220,1.8409108397251892,3.0025000541593148,1.0,0.0,0.0,0.0,1.0,1.0
38,220,4.9825897199726175,4.573265099620666,1.0,0.0,1.0,0.0,1.0,0.0
39,220,9.873220082049432,0.0003687361257799,0.0,1.0,1.0,1.0,1.0,1.0
0,225,11.416545669673043,11.122586661525949,0.0,1.0,0.0,1.0,0.0,1.0
1,225,6.511556229662066,4.636170555105784,1.0,0.0,1.0,1.0,1.0,1.0
2,225,8.327264629014767,7.499906766691103,0.0,0.0,0.0,0.0,0.0,0.0
3,225,11.462779826045544,6.099595333621842,0.0,0.0,1.0,0.0,0.0,0.0
4,225,3.112739530567019,7.570562891252585,0.0,0.0,1.0,0.0,1.0,0.0
5,225,4.52993827209673,1.749051223725043,1.0,1.0,0.0,0.0,0.0,0.0
6,225,5.779131654846881,4.912775576695633,1.0,0.0,1.0,0.0,1.0,1.0
7,225,0.0,5.85059497337844,0.0,0.0,0.0,0.0,1.0,0.0
8,225,0.0,7.615779794615253,0.0,0.0,1.0,1.0,0.0,1.0
9,225,0.0,9.71108787464153,1.0,0.0,0.0,1.0,0.0,0.0
10,225,6.05612774091401,1.614359059678682,0.0,1.0,1.0,0.0,0.0,0.0
11,225,8.060341104160377,6.3212084629585785,0.0,0.0,0.0,0.0,1.0,1.0
12,225,7.506428401459123,2.7388997364788503,0.0,0.0,0.0,0.0,0.0,0.0
13,225,1.4231335583906408,10.661064028586894,0.0,1.0,0.0,1.0,1.0,0.0
14,225,0.0,11.676693711102924,1.0,0.0,0.0,1.0,0.0,0.0
15,225,10.3669235433524,3.28439982008544,0.0,0.0,0.0,0.0,1.0,0.0
16,225,12.0,4.634372340072432,1.0,0.0,0.0,0.0,1.0,0.0
17,225,6.769423494879252,12.0,1.0,0.0,0.0,1.0,0.0,0.0
18,225,1.5686777877205442,10.656525923913836,0.0,0.0,0.0,0.0,0.0,0.0
19,225,2.0003492499546467,10.022880287158406,0.0,0.0,1.0,1.0,0.0,0.0
20,225,0.0,2.46002235083206,0.0,0.0,0.0,0.0,0.0,0.0
21,225,4.88822492246743,0.5223353309658485,0.0,0.0,0.0,0.0,1.0,1.0
22,225,6.215953070326014,11.896294388681897,0.0,0.0,0.0,0.0,0.0,0.0
23,225,2.325924803431707,10.780522620380138,0.0,1.0,1.0,1.0,0.0,1.0
24,225,1.4610491103618368,5.756910970613134,1.0,1.0,1.0,1.0,0.0,0.0
25,225,10.378004054264611,4.084232599536022,0.0,1.0,0.0,0.0,1.0,1.0
26,225,7.457151433964952,4.478883837460589,0.0,0.0,0.0,1.0,1.0,1.0
27,225,11.607909432084398,4.030447387071732,0.0,0.0,0.0,1.0,0.0,1.0
28,225,9.829255759335094,9.14417861063565,0.0,0.0,0.0,0.0,0.0,0.0
29,225,7.046938384285294,8.943135611524733,1.0,0.0,0.0,0.0,0.0,0.0
30,225,0.111276516619252,5.7700955345516,1.0,1.0,0.0,0.0,1.0,1.0
31,225,7.95738531590667,2.9133739459901977,1.0,1.0,1.0,1.0,0.0,0.0
32,225,0.0,0.0,0.0,0.0,0.0,1.0,0.0,0.0
33,225,8.215143850829044,8.579831523266266,0.0,1.0,0.0,0.0,0.0,0.0
34,225,3.719859857848244,10.86421456131919,0.0,1.0,0.0,0.0,1.0,0.0
35,225,0.0,3.8208175494425705,1.0,0.0,0.0,0.0,1.0,0.0
36,225,0.5839814557102276,5.0740443406648295,0.0,1.0,1.0,0.0,1.0,1.0
37,225,1.905208853126813,2.856301089432176,1.0,0.0,0.0,0.0,1.0,1.0
38,225,4.852555011445239,4.522772890632294,1.0,0.0,1.0,0.0,1.0,0.0
39,225,9.803328210168663,0.0013661870308652,0.0,1.0,1.0,1.0,1.0,1.0
0,230,11.435806613826689,11.124954537391476,0.0,1.0,0.0,1.0,0.0,1.0
1,230,6.554776313821099,4.7447440574560655,1.0,0.0,1.0,1.0,1.0,1.0
2,230,8.29852539168401,7.563547616105568,0.0,0.0,0.0,0.0,0.0,0.0
3,230,11.5562140269948,6.106141503431559,0.0,0.0,1.0,0.0,0.0,0.0
4,230,3.11567804283034,7.572109534500258,0.0,0.0,1.0,0.0,1.0,0.0
5,230,4.494353729679372,1.7642680382244151,1.0,1.0,0.0,0.0,0.0,0.0
6,230,5.778572419022425,4.907805876790594,1.0,0.0,1.0,0.0,1.0,1.0
7,230,0.0,6.0246197086037165,0.0,0.0,0.0,0.0,1.0,0.0
8,230,0.0,7.609440989044024,0.0,0.0,1.0,1.0,0.0,1.0
9,230,0.0,9.834536879930408,1.0,0.0,0.0,1.0,0.0,0.0
10,230,6.276552197668384,1.6474535470033684,0.0,1.0,1.0,0.0,0.0,0.0
11,230,8.04451909173128,6.374803238806119,0.0,0.0,0.0,0.0,1.0,1.0
12,230,7.388679621452332,2.8274610824132376,0.0,0.0,0.0,0.0,0.0,0.0
13,230,1.390232772312348,10.698507129384822,0.0,1.0,0.0,1.0,1.0,0.0
14,230,0.0,11.758999940467158,1.0,0.0,0.0,1.0,0.0,0.0
15,230,10.436879501548358,3.340692668835334,0.0,0.0,0.0,0.0,1.0,0.0
16,230,12.0,4.572669506805112,1.0,0.0,0.0,0.0,1.0,0.0
17,230,6.758502809619923,12.0,1.0,0.0,0.0,1.0,0.0,0.0
18,230,1.5940817692097178,10.714464426271508,0.0,0.0,0.0,0.0,0.0,0.0
19,230,2.074966585565968,10.108073442415243,0.0,0.0,1.0,1.0,0.0,0.0
20,230,0.0,2.312116480742258,0.0,0.0,0.0,0.0,0.0,0.0
21,230,4.962865184496564,0.5428949486586625,0.0,0.0,0.0,0.0,1.0,1.0
22,230,6.16101089437224,11.977882149240653,0.0,0.0,0.0,0.0,0.0,0.0
23,230,2.3290613478877256,10.857701689429751,0.0,1.0,1.0,1.0,0.0,1.0
24,230,1.3641002069723127,5.708525735733326,1.0,1.0,1.0,1.0,0.0,0.0
25,230,10.38982075499692,4.064688854296615,0.0,1.0,0.0,0.0,1.0,1.0
26,230,7.40514111231709,4.357641057837773,0.0,0.0,0.0,1.0,1.0,1.0
27,230,11.73807965633781,3.950255708025729,0.0,0.0,0.0,1.0,0.0,1.0
28,230,9.884820582352017,9.096131866798125,0.0,0.0,0.0,0.0,0.0,0.0
29,230,7.079222061452871,9.000104952772189,1.0,0.0,0.0,0.0,0.0,0.0
30,230,0.0725388424411864,5.8009967857654114,1.0,1.0,0.0,0.0,1.0,1.0
31,230,7.9695955761338,2.945304388167567,1.0,1.0,1.0,1.0,0.0,0.0
32,230,0.0,0.0,0.0,0.0,0.0,1.0,0.0,0.0
33,230,8.24160760388195,8.431435671965273,0.0,1.0,0.0,0.0,0.0,0.0
34,230,3.752064712905725,10.793346363060746,0.0,1.0,0.0,0.0,1.0,0.0
35,230,0.0,3.6433452951195338,1.0,0.0,0.0,0.0,1.0,0.0
36,230,0.6455885554652898,5.178117603062885,0.0,1.0,1.0,0.0,1.0,1.0
37,230,1.9667764775061165,2.726835249486699,1.0,0.0,0.0,0.0,1.0,1.0
38,230,4.698746467622373,4.462857049764279,1.0,0.0,1.0,0.0,1.0,0.0
39,230,9.73892111392221,0.0002167539772519,0.0,1.0,1.0,1.0,1.0,1.0
0,235,11.46512696218966,11.128612176683433,0.0,1.0,0.0,1.0,0.0,1.0
1,235,6.603487936156931,4.862294298226807,1.0,0.0,1.0,1.0,1.0,1.0
2,235,8.259589421247615,7.65045321336564,0.0,0.0,0.0,0.0,0.0,0.0
3,235,11.663792126888842,6.11325172691548,0.0,0.0,1.0,0.0,0.0,0.0
4,235,3.1301911695097298,7.580559394470061,0.0,0.0,1.0,0.0,1.0,0.0
5,235,4.444328732818618,1.7845546417797726,1.0,1.0,0.0,0.0,0.0,0.0
6,235,5.780145587810576,4.921851359847783,1.0,0.0,1.0,0.0,1.0,1.0
7,235,0.0,6.184395091862354,0.0,0.0,0.0,0.0,1.0,0.0
8,235,0.0,7.600408814152455,0.0,0.0,1.0,1.0,0.0,1.0
9,235,0.0,9.942135139866483,1.0,0.0,0.0,1.0,0.0,0.0
10,235,6.522518634352412,1.6888710210585374,0.0,1.0,1.0,0.0,0.0,0.0
11,235,8.023518908450573,6.437765327809692,0.0,0.0,0.0,0.0,1.0,1.0
12,235,7.24763375418222,2.932824629844804,0.0,0.0,0.0,0.0,0.0,0.0
13,235,1.3588457211934282,10.735010070649432,0.0,1.0,0.0,1.0,1.0,0.0
14,235,0.0,11.83273884764348,1.0,0.0,0.0,1.0,0.0,0.0
15,235,10.501426064402017,3.3925679103017896,0.0,0.0,0.0,0.0,1.0,0.0
16,235,12.0,4.521293114941762,1.0,0.0,0.0,0.0,1.0,0.0
17,235,6.748170449586919,12.0,1.0,0.0,0.0,1.0,0.0,0.0
18,235,1.6116748381480732,10.755993179479288,0.0,0.0,0.0,0.0,0.0,0.0
19,235,2.1497895234237494,10.194017269146832,0.0,0.0,1.0,1.0,0.0,0.0
20,235,0.0,2.173321855158169,0.0,0.0,0.0,0.0,0.0,0.0
21,235,5.048671369942996,0.5651912918746591,0.0,0.0,0.0,0.0,1.0,1.0
22,235,6.100472035594199,12.0,0.0,0.0,0.0,0.0,0.0,0.0
23,235,2.334265078933266,10.94947909489582,0.0,1.0,1.0,1.0,0.0,1.0
24,235,1.2633046725580386,5.653057914567484,1.0,1.0,1.0,1.0,0.0,0.0
25,235,10.410630317443552,4.032027047161947,0.0,1.0,0.0,0.0,1.0,1.0
26,235,7.348614977485522,4.2178948567383685,0.0,0.0,0.0,1.0,1.0,1.0
27,235,11.846462696203933,3.8812214837892607,0.0,0.0,0.0,1.0,0.0,1.0
28,235,9.95124196805652,9.037448250275425,0.0,0.0,0.0,0.0,0.0,0.0
29,235,7.111664491295129,9.0619214248041,1.0,0.0,0.0,0.0,0.0,0.0
30,235,0.0393666055235729,5.827560267084964,1.0,1.0,0.0,0.0,1.0,1.0
31,235,7.9770091660150895,2.965886547103966,1.0,1.0,1.0,1.0,0.0,0.0
32,235,0.0,0.0,0.0,0.0,0.0,1.0,0.0,0.0
33,235,8.266239532793293,8.301349043353193,0.0,1.0,0.0,0.0,0.0,0.0
34,235,3.784175180049492,10.724110598665844,0.0,1.0,0.0,0.0,1.0,0.0
35,235,0.0,3.480699205073079,1.0,0.0,0.0,0.0,1.0,0.0
36,235,0.7143719468185203,5.295170391189198,0.0,1.0,1.0,0.0,1.0,1.0
37,235,2.0293262130627414,2.599873403236107,1.0,0.0,0.0,0.0,1.0,1.0
38,235,4.551203183664641,4.407550555894259,1.0,0.0,1.0,0.0,1.0,0.0
39,235,9.658925258631587,0.0,0.0,1.0,1.0,1.0,1.0,1.0
0,240,11.504176105186827,11.13259085207994,0.0,1.0,0.0,1.0,0.0,1.0
1,240,6.648820411652011,4.972410130358103,1.0,0.0,1.0,1.0,1.0,1.0
2,240,8.21779103831525,7.750345076002916,0.0,0.0,0.0,0.0,0.0,0.0
3,240,11.7623295481298,6.118234507059807,0.0,0.0,1.0,0.0,0.0,0.0
4,240,3.143186073988543,7.5877241569714355,0.0,0.0,1.0,0.0,1.0,0.0
5,240,4.374231580990096,1.8119310287366697,1.0,1.0,0.0,0.0,0.0,0.0
6,240,5.783231624864532,4.956375362645248,1.0,0.0,1.0,0.0,1.0,1.0
7,240,0.0,6.357384779993301,0.0,0.0,0.0,0.0,1.0,0.0
8,240,0.0,7.590602381856779,0.0,0.0,1.0,1.0,0.0,1.0
9,240,0.0,10.045991931925034,1.0,0.0,0.0,1.0,0.0,0.0
10,240,6.746912618158569,1.7265457278689282,0.0,1.0,1.0,0.0,0.0,0.0
11,240,8.011387994155648,6.47300637946438,0.0,0.0,0.0,0.0,1.0,1.0
12,240,7.11559787219417,3.0305149163274163,0.0,0.0,0.0,0.0,0.0,0.0
13,240,1.337243013979682,10.760342506170742,0.0,1.0,0.0,1.0,1.0,0.0
14,240,0.0,11.89195230186785,1.0,0.0,0.0,1.0,0.0,0.0
15,240,10.56271853954248,3.443058508617811,0.0,0.0,0.0,0.0,1.0,0.0
16,240,12.0,4.466936370675685,1.0,0.0,0.0,0.0,1.0,0.0
17,240,6.73555832635996,12.0,1.0,0.0,0.0,1.0,0.0,0.0
18,240,1.637934982580148,10.818267558920144,0.0,0.0,0.0,0.0,0.0,0.0
19,240,2.229853559106851,10.286256165033684,0.0,0.0,1.0,1.0,0.0,0.0
20,240,0.0,2.0380798876632773,0.0,0.0,0.0,0.0,0.0,0.0
21,240,5.136709840925587,0.5895319534060471,0.0,0.0,0.0,0.0,1.0,1.0
22,240,6.037009040901115,12.0,0.0,0.0,0.0,0.0,0.0,0.0
23,240,2.340516475529454,11.041199888765831,0.0,1.0,1.0,1.0,0.0,1.0
24,240,1.178034667576491,5.605132283799305,1.0,1.0,1.0,1.0,0.0,0.0
25,240,10.433650879038066,3.995351353202353,0.0,1.0,0.0,0.0,1.0,1.0
26,240,7.284918475799858,4.072878558906238,0.0,0.0,0.0,1.0,1.0,1.0
27,240,11.951451177221411,3.8181216915930394,0.0,0.0,0.0,1.0,0.0,1.0
28,240,10.01901205626882,8.978281404660011,0.0,0.0,0.0,0.0,0.0,0.0
29,240,7.138056852078476,9.113854565166228,1.0,0.0,0.0,0.0,0.0,0.0
30,240,0.0266136496507143,5.837787071956852,1.0,1.0,0.0,0.0,1.0,1.0
31,240,7.993846920675886,3.012532727263051,1.0,1.0,1.0,1.0,0.0,0.0
32,240,0.0,0.0,0.0,0.0,0.0,1.0,0.0,0.0
33,240,8.290457485485131,8.17055436422524,0.0,1.0,0.0,0.0,0.0,0.0
34,240,3.8138580542457015,10.659688890845596,0.0,1.0,0.0,0.0,1.0,0.0
35,240,0.0,3.31595762466278,1.0,0.0,0.0,0.0,1.0,0.0
36,240,0.775077403039968,5.399963975961624,0.0,1.0,1.0,0.0,1.0,1.0
37,240,2.095407549742726,2.464925619128409,1.0,0.0,0.0,0.0,1.0,1.0
38,240,4.428915597093922,4.358930241448588,1.0,0.0,1.0,0.0,1.0,0.0
39,240,9.57430887059033,0.0,0.0,1.0,1.0,1.0,1.0,1.0
0,245,11.553983298076512,11.138525160899826,0.0,1.0,0.0,1.0,0.0,1.0
1,245,6.697784930308335,5.099036489250535,1.0,0.0,1.0,1.0,1.0,1.0
2,245,8.184298955893098,7.836380510796086,0.0,0.0,0.0,0.0,0.0,0.0
3,245,11.842393165639356,6.121095049777331,0.0,0.0,1.0,0.0,0.0,0.0
4,245,3.151156173104413,7.591904141145011,0.0,0.0,1.0,0.0,1.0,0.0
5,245,4.283362669233022,1.848911763865672,1.0,1.0,0.0,0.0,0.0,0.0
6,245,5.785764164923948,4.991184379770077,1.0,0.0,1.0,0.0,1.0,1.0
7,245,0.0,6.533095423242056,0.0,0.0,0.0,0.0,1.0,0.0
8,245,0.0,7.576890717208525,0.0,0.0,1.0,1.0,0.0,1.0
9,245,0.0,10.13138220226549,1.0,0.0,0.0,1.0,0.0,0.0
10,245,6.988742950680469,1.7715761753045711,0.0,1.0,1.0,0.0,0.0,0.0
11,245,7.992882111415554,6.526820573311435,0.0,0.0,0.0,0.0,1.0,1.0
12,245,6.97142605646675,3.137368066632105,0.0,0.0,0.0,0.0,0.0,0.0
13,245,1.3344540650670005,10.763484634604206,0.0,1.0,0.0,1.0,1.0,0.0
14,245,0.0,11.95609643433668,1.0,0.0,0.0,1.0,0.0,0.0
15,245,10.62677859212216,3.491778761376882,0.0,0.0,0.0,0.0,1.0,0.0
16,245,12.0,4.408780035306989,1.0,0.0,0.0,0.0,1.0,0.0
17,245,6.726251909468783,12.0,1.0,0.0,0.0,1.0,0.0,0.0
18,245,1.6563650565925303,10.861702747222685,0.0,0.0,0.0,0.0,0.0,0.0
19,245,2.319158527497564,10.390550728680848,0.0,0.0,1.0,1.0,0.0,0.0
20,245,0.0,1.907794416051246,0.0,0.0,0.0,0.0,0.0,0.0
21,245,5.2072169872431004,0.6092374803339953,0.0,0.0,0.0,0.0,1.0,1.0
22,245,5.9636289113946415,12.0,0.0,0.0,0.0,0.0,0.0,0.0
23,245,2.349679965095418,11.141869677727446,0.0,1.0,1.0,1.0,0.0,1.0
24,245,1.1006644973789397,5.562894259717945,1.0,1.0,1.0,1.0,0.0,0.0
25,245,10.445187389943692,3.976622179889152,0.0,1.0,0.0,0.0,1.0,1.0
26,245,7.217785723308903,3.9189255647492063,0.0,0.0,0.0,1.0,1.0,1.0
27,245,12.0,3.7713099720337913,0.0,0.0,0.0,1.0,0.0,1.0
28,245,10.098233730767426,8.908556954460467,0.0,0.0,0.0,0.0,0.0,0.0
29,245,7.155119114071444,9.147688551778694,1.0,0.0,0.0,0.0,0.0,0.0
30,245,0.0116221560456988,5.849883192818646,1.0,1.0,0.0,0.0,1.0,1.0
31,245,8.000848139167012,3.031169870185485,1.0,1.0,1.0,1.0,0.0,0.0
32,245,0.0002892995655853,0.0004407524917391,0.0,0.0,0.0,1.0,0.0,0.0
33,245,8.317099164143748,8.027180875626984,0.0,1.0,0.0,0.0,0.0,0.0
34,245,3.850704643247603,10.583928120641357,0.0,1.0,0.0,0.0,1.0,0.0
35,245,0.0,3.147076027467532,1.0,0.0,0.0,0.0,1.0,0.0
36,245,0.8314272693639289,5.496889452809489,0.0,1.0,1.0,0.0,1.0,1.0
37,245,2.159203113889371,2.3383838425377954,1.0,0.0,0.0,0.0,1.0,1.0
38,245,4.305017861994758,4.312330677939938,1.0,0.0,1.0,0.0,1.0,0.0
39,245,9.495796109605894,0.0,0.0,1.0,1.0,1.0,1.0,1.0
0,250,11.595135392513962,11.143146654821836,0.0,1.0,0.0,1.0,0.0,1.0
1,250,6.744812469071387,5.224331513398447,1.0,0.0,1.0,1.0,1.0,1.0
2,250,8.144881226556308,7.934512400001434,0.0,0.0,0.0,0.0,0.0,0.0
3,250,11.895058053586336,6.122895210557141,0.0,0.0,1.0,0.0,0.0,0.0
4,250,3.19282312062175,7.613515273044838,0.0,0.0,1.0,0.0,1.0,0.0
5,250,4.186999988830557,1.892019980710277,1.0,1.0,0.0,0.0,0.0,0.0
6,250,5.78896843134918,5.032886237930353,1.0,0.0,1.0,0.0,1.0,1.0
7,250,0.0,6.695147273995433,0.0,0.0,0.0,0.0,1.0,0.0
8,250,0.0,7.563827844203702,0.0,0.0,1.0,1.0,0.0,1.0
9,250,0.0,10.210373223172407,1.0,0.0,0.0,1.0,0.0,0.0
10,250,7.222213294720216,1.8073829222445124,0.0,1.0,1.0,0.0,0.0,0.0
11,250,7.979042455276969,6.564255114182508,0.0,0.0,0.0,0.0,1.0,1.0
12,250,6.833744159992666,3.240920293387444,0.0,0.0,0.0,0.0,0.0,0.0
13,250,1.3479511851265602,10.74839290321662,0.0,1.0,0.0,1.0,1.0,0.0
14,250,0.0,12.0,1.0,0.0,0.0,1.0,0.0,0.0
15,250,10.691288009219734,3.54140436357487,0.0,0.0,0.0,0.0,1.0,0.0
16,250,12.0,4.349913006058856,1.0,0.0,0.0,0.0,1.0,0.0
17,250,6.715813506019058,12.0,1.0,0.0,0.0,1.0,0.0,0.0
18,250,1.6685039550877454,10.891708519269509,0.0,0.0,0.0,0.0,0.0,0.0
19,250,2.399569476034154,10.477433658841226,0.0,0.0,1.0,1.0,0.0,0.0
20,250,0.0,1.7779113219748908,0.0,0.0,0.0,0.0,0.0,0.0
21,250,5.288387787485738,0.6314925528154981,0.0,0.0,0.0,0.0,1.0,1.0
22,250,5.890673256945157,12.0,0.0,0.0,0.0,0.0,0.0,0.0
23,250,2.353706971891637,11.2366194415201,0.0,1.0,1.0,1.0,0.0,1.0
24,250,1.017601762463212,5.517602417301614,1.0,1.0,1.0,1.0,0.0,0.0
25,250,10.464054472917274,3.948088040920066,0.0,1.0,0.0,0.0,1.0,1.0
26,250,7.14718152054605,3.751609675216288,0.0,0.0,0.0,1.0,1.0,1.0
27,250,12.0,3.717223341758267,0.0,0.0,0.0,1.0,0.0,1.0
28,250,10.184428580957524,8.831126075373327,0.0,0.0,0.0,0.0,0.0,0.0
29,250,7.172344727237684,9.184151031258788,1.0,0.0,0.0,0.0,0.0,0.0
30,250,0.0,5.866854858386878,1.0,1.0,0.0,0.0,1.0,1.0
31,250,8.014451467055467,3.0658248682974416,1.0,1.0,1.0,1.0,0.0,0.0
32,250,0.0,0.0,0.0,0.0,0.0,1.0,0.0,0.0
33,250,8.347143846845412,7.883212363421232,0.0,1.0,0.0,0.0,0.0,0.0
34,250,3.887948859316014,10.51154327498984,0.0,1.0,0.0,0.0,1.0,0.0
35,250,0.0,2.988120787000421,1.0,0.0,0.0,0.0,1.0,0.0
36,250,0.8866280991724923,5.5911838642315,0.0,1.0,1.0,0.0,1.0,1.0
37,250,2.222809816065822,2.222862933117097,1.0,0.0,0.0,0.0,1.0,1.0
38,250,4.16821554497506,4.2546893005236734,1.0,0.0,1.0,0.0,1.0,0.0
39,250,9.421589822348285,3.6810256225592747e-05,0.0,1.0,1.0,1.0,1.0,1.0
0,255,11.634557259209712,11.147767350518736,0.0,1.0,0.0,1.0,0.0,1.0
1,255,6.793748755292656,5.358075260756898,1.0,0.0,1.0,1.0,1.0,1.0
2,255,8.105544387339656,8.031538292742944,0.0,0.0,0.0,0.0,0.0,0.0
3,255,11.929098058186373,6.125218605335099,0.0,0.0,1.0,0.0,0.0,0.0
4,255,3.219682738083734,7.627174607863594,0.0,0.0,1.0,0.0,1.0,0.0
5,255,4.072120649928319,1.945542805150887,1.0,1.0,0.0,0.0,0.0,0.0
6,255,5.793108781788122,5.07941853704758,1.0,0.0,1.0,0.0,1.0,1.0
7,255,0.0,6.86820075872993,0.0,0.0,0.0,0.0,1.0,0.0
8,255,0.0,7.544469112046706,0.0,0.0,1.0,1.0,0.0,1.0
9,255,0.0,10.298370166322853,1.0,0.0,0.0,1.0,0.0,0.0
10,255,7.456677134185962,1.844342643857191,0.0,1.0,1.0,0.0,0.0,0.0
11,255,7.9610285540296415,6.611879796679037,0.0,0.0,0.0,0.0,1.0,1.0
12,255,6.705045734806259,3.337924923505096,0.0,0.0,0.0,0.0,0.0,0.0
13,255,1.3655945566551089,10.72951159320998,0.0,1.0,0.0,1.0,1.0,0.0
14,255,0.0,12.0,1.0,0.0,0.0,1.0,0.0,0.0
15,255,10.763507108134345,3.5937801785223824,0.0,0.0,0.0,0.0,1.0,0.0
16,255,12.0,4.299376173113489,1.0,0.0,0.0,0.0,1.0,0.0
17,255,6.704932156103976,12.0,1.0,0.0,0.0,1.0,0.0,0.0
18,255,1.6849111755577917,10.934619034955585,0.0,0.0,0.0,0.0,0.0,0.0
19,255,2.4808147541516345,10.570459136370856,0.0,0.0,1.0,1.0,0.0,0.0
20,255,0.0,1.6367077483729473,0.0,0.0,0.0,0.0,0.0,0.0
21,255,5.357204837206157,0.6494516241217165,0.0,0.0,0.0,0.0,1.0,1.0
22,255,5.80729137740718,12.0,0.0,0.0,0.0,0.0,0.0,0.0
23,255,2.356772493669323,11.325127846124031,0.0,1.0,1.0,1.0,0.0,1.0
24,255,0.914430968978542,5.4650712276674245,1.0,1.0,1.0,1.0,0.0,0.0
25,255,10.476361450622464,3.931944620521512,0.0,1.0,0.0,0.0,1.0,1.0
26,255,7.0731864302273655,3.5751176894832373,0.0,0.0,0.0,1.0,1.0,1.0
27,255,12.0,3.668350897578704,0.0,0.0,0.0,1.0,0.0,1.0
28,255,10.282744017126635,8.746686435833078,0.0,0.0,0.0,0.0,0.0,0.0
29,255,7.137300768662268,9.200713830730692,1.0,0.0,0.0,0.0,0.0,0.0
30,255,0.0,5.89336493526902,1.0,1.0,0.0,0.0,1.0,1.0
31,255,8.02877680176149,3.102104072040446,1.0,1.0,1.0,1.0,0.0,0.0
32,255,0.0051287005135134,0.0083085186541456,0.0,0.0,0.0,1.0,0.0,0.0
33,255,8.37861369406992,7.72825810531976,0.0,1.0,0.0,0.0,0.0,0.0
34,255,3.929956835697392,10.42655343207313,0.0,1.0,0.0,0.0,1.0,0.0
35,255,0.0,2.8428004166562904,1.0,0.0,0.0,0.0,1.0,0.0
36,255,0.94249781327061,5.686322194501893,0.0,1.0,1.0,0.0,1.0,1.0
37,255,2.282818261518053,2.1182753720273,1.0,0.0,0.0,0.0,1.0,1.0
38,255,4.008892834646473,4.189999351280036,1.0,0.0,1.0,0.0,1.0,0.0
39,255,9.353863240978336,0.0028772823918065,0.0,1.0,1.0,1.0,1.0,1.0
0,260,11.694545104797587,11.154227619848914,0.0,1.0,0.0,1.0,0.0,1.0
1,260,6.83922385323113,5.479364504880272,1.0,0.0,1.0,1.0,1.0,1.0
2,260,8.0579632915255,8.155691140023302,0.0,0.0,0.0,0.0,0.0,0.0
3,260,11.960606720549263,6.127267706252436,0.0,0.0,1.0,0.0,0.0,0.0
4,260,3.2192653396274147,7.626958941188579,0.0,0.0,1.0,0.0,1.0,0.0
5,260,3.959898376210744,1.9939754368688447,1.0,1.0,0.0,0.0,0.0,0.0
6,260,5.797436263700396,5.12277609299753,1.0,0.0,1.0,0.0,1.0,1.0
7,260,0.0,7.025060622788541,0.0,0.0,0.0,0.0,1.0,0.0
8,260,0.0,7.515155834407954,0.0,0.0,1.0,1.0,0.0,1.0
9,260,0.0,10.380275435033656,1.0,0.0,0.0,1.0,0.0,0.0
10,260,7.689056285060261,1.880814359394675,0.0,1.0,1.0,0.0,0.0,0.0
11,260,7.942034100645034,6.661826459584752,0.0,0.0,0.0,0.0,1.0,1.0
12,260,6.576624820871035,3.440869508471857,0.0,0.0,0.0,0.0,0.0,0.0
13,260,1.3776513730944169,10.7160790724653,0.0,1.0,0.0,1.0,1.0,0.0
14,260,0.0,12.0,1.0,0.0,0.0,1.0,0.0,0.0
15,260,10.827712946756904,3.6419600184345473,0.0,0.0,0.0,0.0,1.0,0.0
16,260,12.0,4.25302196768923,1.0,0.0,0.0,0.0,1.0,0.0
17,260,6.697531783059371,12.0,1.0,0.0,0.0,1.0,0.0,0.0
18,260,1.6987452306759714,10.970428655882904,0.0,0.0,0.0,0.0,0.0,0.0
19,260,2.5550608459219,10.655795065649198,0.0,0.0,1.0,1.0,0.0,0.0
20,260,0.0,1.5035438635401914,0.0,0.0,0.0,0.0,0.0,0.0
21,260,5.419885805158401,0.6680447529884413,0.0,0.0,0.0,0.0,1.0,1.0
22,260,5.731112206159901,12.0,0.0,0.0,0.0,0.0,0.0,0.0
23,260,2.357337392521798,11.409155263386593,0.0,1.0,1.0,1.0,0.0,1.0
24,260,0.8183927194783019,5.416167439730225,1.0,1.0,1.0,1.0,0.0,0.0
25,260,10.48295424491855,3.922721203520725,0.0,1.0,0.0,0.0,1.0,1.0
26,260,7.014016586004801,3.4395567200833472,0.0,0.0,0.0,1.0,1.0,1.0
27,260,12.0,3.6045453532699856,0.0,0.0,0.0,1.0,0.0,1.0
28,260,10.386816630825338,8.658717157838357,0.0,0.0,0.0,0.0,0.0,0.0
29,260,7.1023539663637765,9.216744950483466,1.0,0.0,0.0,0.0,0.0,0.0
30,260,0.0,5.919510247366484,1.0,1.0,0.0,0.0,1.0,1.0
31,260,8.040174651089387,3.130161486994738,1.0,1.0,1.0,1.0,0.0,0.0
32,260,0.016147206177813,0.0265001453991511,0.0,0.0,0.0,1.0,0.0,0.0
33,260,8.405184480605849,7.592815918413102,0.0,1.0,0.0,0.0,0.0,0.0
34,260,3.97492018263643,10.338534632465434,0.0,1.0,0.0,0.0,1.0,0.0
35,260,0.0,2.6870662459176264,1.0,0.0,0.0,0.0,1.0,0.0
36,260,0.9843348198985772,5.754970106502681,0.0,1.0,1.0,0.0,1.0,1.0
37,260,2.3571130009007173,1.995411382250723,1.0,0.0,0.0,0.0,1.0,1.0
38,260,3.8566997956692513,4.126013554248651,1.0,0.0,1.0,0.0,1.0,0.0
39,260,9.281571408815822,0.0048442640817372,0.0,1.0,1.0,1.0,1.0,1.0
0,265,11.765461753924674,11.16211954591494,0.0,1.0,0.0,1.0,0.0,1.0
1,265,6.888441955384549,5.595203005084279,1.0,0.0,1.0,1.0,1.0,1.0
2,265,8.011974255553687,8.267591134978522,0.0,0.0,0.0,0.0,0.0,0.0
3,265,11.98589386660182,6.127924443183241,0.0,0.0,1.0,0.0,0.0,0.0
4,265,3.223555829457021,7.619077435931902,0.0,0.0,1.0,0.0,1.0,0.0
5,265,3.8291815096697928,2.0542627606660533,1.0,1.0,0.0,0.0,0.0,0.0
6,265,5.828438582620988,5.1184277830003655,1.0,0.0,1.0,0.0,1.0,1.0
7,265,0.0,7.185731561920379,0.0,0.0,0.0,0.0,1.0,0.0
8,265,0.0,7.483678480170194,0.0,0.0,1.0,1.0,0.0,1.0
9,265,0.0,10.46980053075935,1.0,0.0,0.0,1.0,0.0,0.0
10,265,7.938401525005793,1.917335769840789,0.0,1.0,1.0,0.0,0.0,0.0
11,265,7.923319865554736,6.713428999434584,0.0,0.0,0.0,0.0,1.0,1.0
12,265,6.425759828992256,3.5602593529429543,0.0,0.0,0.0,0.0,0.0,0.0
13,265,1.4127128527167128,10.677437643805447,0.0,1.0,0.0,1.0,1.0,0.0
14,265,0.0,12.0,1.0,0.0,0.0,1.0,0.0,0.0
15,265,10.88528793829432,3.685472759837237,0.0,0.0,0.0,0.0,1.0,0.0
16,265,12.0,4.1966588659225375,1.0,0.0,0.0,0.0,1.0,0.0
17,265,6.692036940937731,12.0,1.0,0.0,0.0,1.0,0.0,0.0
18,265,1.700737068526794,10.975695702922176,0.0,0.0,0.0,0.0,0.0,0.0
19,265,2.6332508371126915,10.747883379713668,0.0,0.0,1.0,1.0,0.0,0.0
20,265,0.0,1.3655334183015728,0.0,0.0,0.0,0.0,0.0,0.0
21,265,5.518724361195532,0.6986039115459252,0.0,0.0,0.0,0.0,1.0,1.0
22,265,5.6409379136188464,12.0,0.0,0.0,0.0,0.0,0.0,0.0
23,265,2.3571789511975285,11.496482267661303,0.0,1.0,1.0,1.0,0.0,1.0
24,265,0.7064822162407676,5.3585615619973614,1.0,1.0,1.0,1.0,0.0,0.0
25,265,10.495951479443129,3.931809535591365,0.0,1.0,0.0,0.0,1.0,1.0
26,265,6.956765342338667,3.306838871545752,0.0,0.0,0.0,1.0,1.0,1.0
27,265,12.0,3.544102704820082,0.0,0.0,0.0,1.0,0.0,1.0
28,265,10.505838267154134,8.556906104962968,0.0,0.0,0.0,0.0,0.0,0.0
29,265,7.0547516837699735,9.237189085074654,1.0,0.0,0.0,0.0,0.0,0.0
30,265,0.0,5.93979331710838,1.0,1.0,0.0,0.0,1.0,1.0
31,265,8.050931040708202,3.1562889514626247,1.0,1.0,1.0,1.0,0.0,0.0
32,265,0.028129142345565,0.0440658802381382,0.0,0.0,0.0,1.0,0.0,0.0
33,265,8.427146518946014,7.46034440922404,0.0,1.0,0.0,0.0,0.0,0.0
34,265,4.01452698324497,10.262490127474868,0.0,1.0,0.0,0.0,1.0,0.0
35,265,0.0,2.516987622003702,1.0,0.0,0.0,0.0,1.0,0.0
36,265,1.016602067535192,5.814080626100942,0.0,1.0,1.0,0.0,1.0,1.0
37,265,2.446010234570136,1.845792158337761,1.0,0.0,0.0,0.0,1.0,1.0
38,265,3.719112021781767,4.06863424293931,1.0,0.0,1.0,0.0,1.0,0.0
39,265,9.218206443409684,0.0078183981293891,0.0,1.0,1.0,1.0,1.0,1.0
0,270,11.845525092617295,11.169475933894706,0.0,1.0,0.0,1.0,0.0,1.0
1,270,6.937730710139463,5.71103439755517,1.0,0.0,1.0,1.0,1.0,1.0
2,270,7.967068893994884,8.376096044979997,0.0,0.0,0.0,0.0,0.0,0.0
3,270,12.0,6.129201724563953,0.0,0.0,1.0,0.0,0.0,0.0
4,270,3.2280847273914,7.610353951228983,0.0,0.0,1.0,0.0,1.0,0.0
5,270,3.7045994262811273,2.1120352143651826,1.0,1.0,0.0,0.0,0.0,0.0
6,270,5.848450674176028,5.115969174089728,1.0,0.0,1.0,0.0,1.0,1.0
7,270,0.0,7.358921685538751,0.0,0.0,0.0,0.0,1.0,0.0
8,270,0.0,7.452714672552593,0.0,0.0,1.0,1.0,0.0,1.0
9,270,0.0,10.570185466056513,1.0,0.0,0.0,1.0,0.0,0.0
10,270,8.185818655639364,1.957166234528956,0.0,1.0,1.0,0.0,0.0,0.0
11,270,7.904497114314582,6.765743929525103,0.0,0.0,0.0,0.0,1.0,1.0
12,270,6.273368176183095,3.685858535941021,0.0,0.0,0.0,0.0,0.0,0.0
13,270,1.440064926973014,10.648032197600427,0.0,1.0,0.0,1.0,1.0,0.0
14,270,0.0,12.0,1.0,0.0,0.0,1.0,0.0,0.0
15,270,10.941983405816636,3.730062879043696,0.0,0.0,0.0,0.0,1.0,0.0
16,270,12.0,4.145156939577703,1.0,0.0,0.0,0.0,1.0,0.0
17,270,6.685388718954313,12.0,1.0,0.0,0.0,1.0,0.0,0.0
18,270,1.6999894187139657,10.97366832578218,0.0,0.0,0.0,0.0,0.0,0.0
19,270,2.704910969570464,10.830688679409926,0.0,0.0,1.0,1.0,0.0,0.0
20,270,0.0,1.1979915476977103,0.0,0.0,0.0,0.0,0.0,0.0
21,270,5.620723871658975,0.7305374295996042,0.0,0.0,0.0,0.0,1.0,1.0
22,270,5.547673986791611,12.0,0.0,0.0,0.0,0.0,0.0,0.0
23,270,2.355578752392298,11.591527651923045,0.0,1.0,1.0,1.0,0.0,1.0
24,270,0.6043946924225689,5.307948689915255,1.0,1.0,1.0,1.0,0.0,0.0
25,270,10.512808999053162,3.9442634404035273,0.0,1.0,0.0,0.0,1.0,1.0
26,270,6.900453649417822,3.164120588370731,0.0,0.0,0.0,1.0,1.0,1.0
27,270,12.0,3.480865558697228,0.0,0.0,0.0,1.0,0.0,1.0
28,270,10.625288705251725,8.455356892577385,0.0,0.0,0.0,0.0,0.0,0.0
29,270,7.0224615796136085,9.250458701934097,1.0,0.0,0.0,0.0,0.0,0.0
30,270,0.0,5.959041579642051,1.0,1.0,0.0,0.0,1.0,1.0
31,270,8.052491142904204,3.1601490722267407,1.0,1.0,1.0,1.0,0.0,0.0
32,270,0.0398601236926893,0.0607732417188514,0.0,0.0,0.0,1.0,0.0,0.0
33,270,8.454842710466284,7.323436877571253,0.0,1.0,0.0,0.0,0.0,0.0
34,270,4.04447626021663,10.206670837047266,0.0,1.0,0.0,0.0,1.0,0.0
35,270,0.0,2.3358113583421205,1.0,0.0,0.0,0.0,1.0,0.0
36,270,1.036095756550746,5.849669534205684,0.0,1.0,1.0,0.0,1.0,1.0
37,270,2.536179967006688,1.6968360509031135,1.0,0.0,0.0,0.0,1.0,1.0
38,270,3.575967731646677,4.006156197002446,1.0,0.0,1.0,0.0,1.0,0.0
39,270,9.156017259875505,0.0091759801837729,0.0,1.0,1.0,1.0,1.0,1.0
0,275,11.931397596277252,11.176649105322632,0.0,1.0,0.0,1.0,0.0,1.0
1,275,6.992192895905125,5.849309765040839,1.0,0.0,1.0,1.0,1.0,1.0
2,275,7.917441595392065,8.491842894959406,0.0,0.0,0.0,0.0,0.0,0.0
3,275,12.0,6.130723933359993,0.0,0.0,1.0,0.0,0.0,0.0
4,275,3.2356648264698857,7.596150385065473,0.0,0.0,1.0,0.0,1.0,0.0
5,275,3.572903736982441,2.1727869955807133,1.0,1.0,0.0,0.0,0.0,0.0
6,275,5.886273525342133,5.112635326677987,1.0,0.0,1.0,0.0,1.0,1.0
7,275,0.0,7.537413068669353,0.0,0.0,0.0,0.0,1.0,0.0
8,275,0.0,7.428604112602452,0.0,0.0,1.0,1.0,0.0,1.0
9,275,0.0,10.64391053680714,1.0,0.0,0.0,1.0,0.0,0.0
10,275,8.416348960663829,1.9953588991250004,0.0,1.0,1.0,0.0,0.0,0.0
11,275,7.89099162736688,6.806272140930849,0.0,0.0,0.0,0.0,1.0,1.0
12,275,6.101045248669104,3.832880747501548,0.0,0.0,0.0,0.0,0.0,0.0
13,275,1.4807058689101444,10.603208620535703,0.0,1.0,0.0,1.0,1.0,0.0
14,275,0.0,12.0,1.0,0.0,0.0,1.0,0.0,0.0
15,275,10.98967446072642,3.766923465121349,0.0,0.0,0.0,0.0,1.0,0.0
16,275,12.0,4.095349526928077,1.0,0.0,0.0,0.0,1.0,0.0
17,275,6.68094789475404,12.0,1.0,0.0,0.0,1.0,0.0,0.0
18,275,1.6885071839819856,10.944003020884011,0.0,0.0,0.0,0.0,0.0,0.0
19,275,2.7833741116814696,10.925090822016433,0.0,0.0,1.0,1.0,0.0,0.0
20,275,0.0,1.014565173656307,0.0,0.0,0.0,0.0,0.0,0.0
21,275,5.71803236704167,0.7582177469650624,0.0,0.0,0.0,0.0,1.0,1.0
22,275,5.449273788991902,12.0,0.0,0.0,0.0,0.0,0.0,0.0
23,275,2.353823793178717,11.678201559894488,0.0,1.0,1.0,1.0,0.0,1.0
24,275,0.501699772440829,5.255606309099261,1.0,1.0,1.0,1.0,0.0,0.0
25,275,10.516863794827204,3.947278777905848,0.0,1.0,0.0,0.0,1.0,1.0
26,275,6.835068505956407,3.0027429797120018,0.0,0.0,0.0,1.0,1.0,1.0
27,275,12.0,3.4051376916702845,0.0,0.0,0.0,1.0,0.0,1.0
28,275,10.749654655515403,8.348491605176092,0.0,0.0,0.0,0.0,0.0,0.0
29,275,6.995337717223512,9.262317261595523,1.0,0.0,0.0,0.0,0.0,0.0
30,275,0.0,5.98361800327451,1.0,1.0,0.0,0.0,1.0,1.0
31,275,8.054281121848508,3.16478928598642,1.0,1.0,1.0,1.0,0.0,0.0
32,275,0.0386218725647622,0.0590344635129597,0.0,0.0,0.0,1.0,0.0,0.0
33,275,8.483124046090536,7.188707470093094,0.0,1.0,0.0,0.0,0.0,0.0
34,275,4.0783145387169775,10.143597485391158,0.0,1.0,0.0,0.0,1.0,0.0
35,275,0.0,2.179856201970394,1.0,0.0,0.0,0.0,1.0,0.0
36,275,1.04952521377641,5.874072818366022,0.0,1.0,1.0,0.0,1.0,1.0
37,275,2.6243980139421472,1.5485365380423532,1.0,0.0,0.0,0.0,1.0,1.0
38,275,3.4537686403766648,3.95425364647174,1.0,0.0,1.0,0.0,1.0,0.0
39,275,9.090450451774544,0.0104800033098077,0.0,1.0,1.0,1.0,1.0,1.0
0,280,12.0,11.182002679954376,0.0,1.0,0.0,1.0,0.0,1.0
1,280,7.049828395769054,5.995370489457905,1.0,0.0,1.0,1.0,1.0,1.0
2,280,7.866522509536375,8.607436104813102,0.0,0.0,0.0,0.0,0.0,0.0
3,280,12.0,6.134229018875989,0.0,0.0,1.0,0.0,0.0,0.0
4,280,3.2445571714970414,7.57811931421997,0.0,0.0,1.0,0.0,1.0,0.0
5,280,3.4358951828720894,2.233669923746337,1.0,1.0,0.0,0.0,0.0,0.0
6,280,5.889709076580015,5.11242382561074,1.0,0.0,1.0,0.0,1.0,1.0
7,280,0.0,7.712053450896779,0.0,0.0,0.0,0.0,1.0,0.0
8,280,0.0,7.395804588643431,0.0,0.0,1.0,1.0,0.0,1.0
9,280,0.0,10.690499069096145,1.0,0.0,0.0,1.0,0.0,0.0
10,280,8.64489947348885,2.0315159522606887,0.0,1.0,1.0,0.0,0.0,0.0
11,280,7.883591695756081,6.828774832585891,0.0,0.0,0.0,0.0,1.0,1.0
12,280,5.9345651307785605,3.9725964147047614,0.0,0.0,0.0,0.0,0.0,0.0
13,280,1.5133806329554724,10.569027732619904,0.0,1.0,0.0,1.0,1.0,0.0
14,280,0.0,12.0,1.0,0.0,0.0,1.0,0.0,0.0
15,280,11.047335453661296,3.809901255894293,0.0,0.0,0.0,0.0,1.0,0.0
16,280,12.0,4.042767668900667,1.0,0.0,0.0,0.0,1.0,0.0
17,280,6.675215494125914,12.0,1.0,0.0,0.0,1.0,0.0,0.0
18,280,1.6687438976835174,10.896811487134071,0.0,0.0,0.0,0.0,0.0,0.0
19,280,2.8523014986293838,11.011806529870276,0.0,0.0,1.0,1.0,0.0,0.0
20,280,0.0,0.8203630144626458,0.0,0.0,0.0,0.0,0.0,0.0
21,280,5.797430690444166,0.7819622645351011,0.0,0.0,0.0,0.0,1.0,1.0
22,280,5.33977856933975,12.0,0.0,0.0,0.0,0.0,0.0,0.0
23,280,2.352541919030636,11.77371259828234,0.0,1.0,1.0,1.0,0.0,1.0
24,280,0.4126194303746966,5.204056186132447,1.0,1.0,1.0,1.0,0.0,0.0
25,280,10.535165251283033,3.960995169995328,0.0,1.0,0.0,0.0,1.0,1.0
26,280,6.7781676307585546,2.861513622159676,0.0,0.0,0.0,1.0,1.0,1.0
27,280,12.0,3.345871165860397,0.0,0.0,0.0,1.0,0.0,1.0
28,280,10.856728598685311,8.256846435933769,0.0,0.0,0.0,0.0,0.0,0.0
29,280,6.979851906083479,9.269456884744844,1.0,0.0,0.0,0.0,0.0,0.0
30,280,0.0,6.017559408955687,1.0,1.0,0.0,0.0,1.0,1.0
31,280,8.051344935866059,3.157123104766137,1.0,1.0,1.0,1.0,0.0,0.0
32,280,0.043425061150656,0.0656181595180824,0.0,0.0,0.0,1.0,0.0,0.0
33,280,8.509042592139892,7.0621389127215455,0.0,1.0,0.0,0.0,0.0,0.0
34,280,4.106605555510214,10.091172164624702,0.0,1.0,0.0,0.0,1.0,0.0
35,280,0.0,2.022239096205116,1.0,0.0,0.0,0.0,1.0,0.0
36,280,1.0685132517495857,5.906969215012974,0.0,1.0,1.0,0.0,1.0,1.0
37,280,2.712691281726698,1.4000847365837714,1.0,0.0,0.0,0.0,1.0,1.0
38,280,3.325861475673593,3.9024758183139943,1.0,0.0,1.0,0.0,1.0,0.0
39,280,9.03186955204746,0.0106394039099099,0.0,1.0,1.0,1.0,1.0,1.0
0,285,12.0,11.188029584971046,0.0,1.0,0.0,1.0,0.0,1.0
1,285,7.116201829925038,6.158649051959278,1.0,0.0,1.0,1.0,1.0,1.0
2,285,7.811599704472315,8.72182190003649,0.0,0.0,0.0,0.0,0.0,0.0
3,285,12.0,6.137227112743118,0.0,0.0,1.0,0.0,0.0,0.0
4,285,3.253528201646604,7.559715394883392,0.0,0.0,1.0,0.0,1.0,0.0
5,285,3.295718101827631,2.29391039631126,1.0,1.0,0.0,0.0,0.0,0.0
6,285,5.911323161196397,5.1111841643499485,1.0,0.0,1.0,0.0,1.0,1.0
7,285,0.0,7.8895211262579075,0.0,0.0,0.0,0.0,1.0,0.0
8,285,0.0,7.364542659017939,0.0,0.0,1.0,1.0,0.0,1.0
9,285,0.0,10.739431919134956,1.0,0.0,0.0,1.0,0.0,0.0
10,285,8.855712403034968,2.06765954345231,0.0,1.0,1.0,0.0,0.0,0.0
11,285,7.875437278143419,6.852170711157894,0.0,0.0,0.0,0.0,1.0,1.0
12,285,5.771277487313585,4.110088074537119,0.0,0.0,0.0,0.0,0.0,0.0
13,285,1.557094768703995,10.52468074425275,0.0,1.0,0.0,1.0,1.0,0.0
14,285,0.0,12.0,1.0,0.0,0.0,1.0,0.0,0.0
15,285,11.09981782409623,3.849404027547637,0.0,0.0,0.0,0.0,1.0,0.0
16,285,12.0,3.9956919073574175,1.0,0.0,0.0,0.0,1.0,0.0
17,285,6.672382479581269,12.0,1.0,0.0,0.0,1.0,0.0,0.0
18,285,1.6354633265744118,10.821411394038794,0.0,0.0,0.0,0.0,0.0,0.0
19,285,2.913437022515913,11.088201353891044,0.0,0.0,1.0,1.0,0.0,0.0
20,285,0.0,0.6349769431605046,0.0,0.0,0.0,0.0,0.0,0.0
21,285,5.874793108054684,0.8045322271896707,0.0,0.0,0.0,0.0,1.0,1.0
22,285,5.229933512114763,12.0,0.0,0.0,0.0,0.0,0.0,0.0
23,285,2.3536909848927947,11.864709929627848,0.0,1.0,1.0,1.0,0.0,1.0
24,285,0.3146001097014452,5.147443590324924,1.0,1.0,1.0,1.0,0.0,0.0
25,285,10.54133516435605,3.9656215155577623,0.0,1.0,0.0,0.0,1.0,1.0
26,285,6.729612736617237,2.7388694777252787,0.0,0.0,0.0,1.0,1.0,1.0
27,285,12.0,3.30195119489329,0.0,0.0,0.0,1.0,0.0,1.0
28,285,10.980047645941593,8.149545790700504,0.0,0.0,0.0,0.0,0.0,0.0
29,285,6.97323558270772,9.272622355151045,1.0,0.0,0.0,0.0,0.0,0.0
30,285,0.0,6.044913174278279,1.0,1.0,0.0,0.0,1.0,1.0
31,285,8.050536611329049,3.154956213661932,1.0,1.0,1.0,1.0,0.0,0.0
32,285,0.046321873792074,0.069591140146129,0.0,0.0,0.0,1.0,0.0,0.0
33,285,8.531683192835368,6.949750101015073,0.0,1.0,0.0,0.0,0.0,0.0
34,285,4.137358184965713,10.033938611383665,0.0,1.0,0.0,0.0,1.0,0.0
35,285,0.0,1.871158837261555,1.0,0.0,0.0,0.0,1.0,0.0
36,285,1.0982731779731467,5.957190868691112,0.0,1.0,1.0,0.0,1.0,1.0
37,285,2.8022912279407044,1.2431977286073537,1.0,0.0,0.0,0.0,1.0,1.0
38,285,3.188388897223194,3.847436249925447,1.0,0.0,1.0,0.0,1.0,0.0
39,285,8.969578629479221,0.0089078243241622,0.0,1.0,1.0,1.0,1.0,1.0
0,290,12.0,11.19538318631876,0.0,1.0,0.0,1.0,0.0,1.0
1,290,7.184502429152407,6.324215750470326,1.0,0.0,1.0,1.0,1.0,1.0
2,290,7.756052908077653,8.843723074060188,0.0,0.0,0.0,0.0,0.0,0.0
3,290,12.0,6.140551871546366,0.0,0.0,1.0,0.0,0.0,0.0
4,290,3.2725623062379268,7.520419969564361,0.0,0.0,1.0,0.0,1.0,0.0
5,290,3.128872073437403,2.363045738312156,1.0,1.0,0.0,0.0,0.0,0.0
6,290,5.913181535975099,5.111078457344502,1.0,0.0,1.0,0.0,1.0,1.0
7,290,0.0,8.07348047433246,0.0,0.0,0.0,0.0,1.0,0.0
8,290,0.0,7.328763945546364,0.0,0.0,1.0,1.0,0.0,1.0
9,290,0.0,10.789422321365777,1.0,0.0,0.0,1.0,0.0,0.0
10,290,9.057363553243636,2.099321410954186,0.0,1.0,1.0,0.0,0.0,0.0
11,290,7.868601053548839,6.872644681908038,0.0,0.0,0.0,0.0,1.0,1.0
12,290,5.5916834080439655,4.2477019672863525,0.0,0.0,0.0,0.0,0.0,0.0
13,290,1.6071228750601614,10.473552366286738,0.0,1.0,0.0,1.0,1.0,0.0
14,290,0.0,12.0,1.0,0.0,0.0,1.0,0.0,0.0
15,290,11.14392725758666,3.881756537275914,0.0,0.0,0.0,0.0,1.0,0.0
16,290,12.0,3.958121218050929,1.0,0.0,0.0,0.0,1.0,0.0
17,290,6.670374535613308,12.0,1.0,0.0,0.0,1.0,0.0,0.0
18,290,1.6068651338327709,10.75664407697985,0.0,0.0,0.0,0.0,0.0,0.0
19,290,2.975640474031629,11.169975261966576,0.0,0.0,1.0,1.0,0.0,0.0
20,290,0.0,0.4253409839564364,0.0,0.0,0.0,0.0,0.0,0.0
21,290,5.94219807637951,0.8238928082554401,0.0,0.0,0.0,0.0,1.0,1.0
22,290,5.1277526501378015,12.0,0.0,0.0,0.0,0.0,0.0,0.0
23,290,2.353478337233333,11.976049760149667,0.0,1.0,1.0,1.0,0.0,1.0
24,290,0.2256958352343979,5.098342599795392,1.0,1.0,1.0,1.0,0.0,0.0
25,290,10.563262906736844,3.9815902365085183,0.0,1.0,0.0,0.0,1.0,1.0
26,290,6.678856019818126,2.6030071290237395,0.0,0.0,0.0,1.0,1.0,1.0
27,290,12.0,3.2548092712907937,0.0,0.0,0.0,1.0,0.0,1.0
28,290,11.10494933416106,8.040704629943862,0.0,0.0,0.0,0.0,0.0,0.0
29,290,6.944963663846975,9.285627751583174,1.0,0.0,0.0,0.0,0.0,0.0
30,290,0.0,6.060320580446944,1.0,1.0,0.0,0.0,1.0,1.0
31,290,8.041921052172528,3.132194580020764,1.0,1.0,1.0,1.0,0.0,0.0
32,290,0.0660552358060721,0.0959862216351333,0.0,0.0,0.0,1.0,0.0,0.0
33,290,8.554138140431284,6.835091704805903,0.0,1.0,0.0,0.0,0.0,0.0
34,290,4.171854887671326,9.965116026595362,0.0,1.0,0.0,0.0,1.0,0.0
35,290,0.0,1.7163447472200972,1.0,0.0,0.0,0.0,1.0,0.0
36,290,1.1276870492521291,6.009863639604951,0.0,1.0,1.0,0.0,1.0,1.0
37,290,2.895683330488916,1.0751080593122988,1.0,0.0,0.0,0.0,1.0,1.0
38,290,3.0538160020018377,3.794527326481065,1.0,0.0,1.0,0.0,1.0,0.0
39,290,8.910123530454143,0.0084977356450848,0.0,1.0,1.0,1.0,1.0,1.0
0,295,12.0,11.201453857177013,0.0,1.0,0.0,1.0,0.0,1.0
1,295,7.244432434414325,6.4743533164182665,1.0,0.0,1.0,1.0,1.0,1.0
2,295,7.704623032647579,8.963944519040322,0.0,0.0,0.0,0.0,0.0,0.0
3,295,12.0,6.147637969254463,0.0,0.0,1.0,0.0,0.0,0.0
4,295,3.290314846147726,7.48445873692294,0.0,0.0,1.0,0.0,1.0,0.0
5,295,2.9512087415098405,2.4336241044729774,1.0,1.0,0.0,0.0,0.0,0.0
6,295,5.915164308850679,5.110953076728963,1.0,0.0,1.0,0.0,1.0,1.0
7,295,0.0,8.255038434925067,0.0,0.0,0.0,0.0,1.0,0.0
8,295,0.0,7.301407145758339,0.0,0.0,1.0,1.0,0.0,1.0
9,295,0.0,10.857093198320168,1.0,0.0,0.0,1.0,0.0,0.0
10,295,9.256338459629417,2.1327080016912863,0.0,1.0,1.0,0.0,0.0,0.0
11,295,7.859317531612273,6.898634558710165,0.0,0.0,0.0,0.0,1.0,1.0
12,295,5.410316560425558,4.383360680407935,0.0,0.0,0.0,0.0,0.0,0.0
13,295,1.648897325497392,10.428508210529715,0.0,1.0,0.0,1.0,1.0,0.0
14,295,0.0,12.0,1.0,0.0,0.0,1.0,0.0,0.0
15,295,11.180858820593327,3.9087933693416983,0.0,0.0,0.0,0.0,1.0,0.0
16,295,12.0,3.933976356666277,1.0,0.0,0.0,0.0,1.0,0.0
17,295,6.669602085728432,12.0,1.0,0.0,0.0,1.0,0.0,0.0
18,295,1.5725946177757304,10.678469276052088,0.0,0.0,0.0,0.0,0.0,0.0
19,295,3.028699636226741,11.240352951030118,0.0,0.0,1.0,1.0,0.0,0.0
20,295,0.0,0.2095312867885537,0.0,0.0,0.0,0.0,0.0,0.0
21,295,6.015517822020289,0.8450047270364784,0.0,0.0,0.0,0.0,1.0,1.0
22,295,5.010495404025994,12.0,0.0,0.0,0.0,0.0,0.0,0.0
23,295,2.3529738478647038,12.0,0.0,1.0,1.0,1.0,0.0,1.0
24,295,0.1419375092487558,5.054050922731749,1.0,1.0,1.0,1.0,0.0,0.0
25,295,10.585894235723492,3.998433308133992,0.0,1.0,0.0,0.0,1.0,1.0
26,295,6.619636895605642,2.4379392959911845,0.0,0.0,0.0,1.0,1.0,1.0
27,295,12.0,3.1983071221563137,0.0,0.0,0.0,1.0,0.0,1.0
28,295,11.225587854443596,7.937473165733701,0.0,0.0,0.0,0.0,0.0,0.0
29,295,6.940721687951013,9.276192254006304,1.0,0.0,0.0,0.0,0.0,0.0
30,295,0.0,6.0825659560473735,1.0,1.0,0.0,0.0,1.0,1.0
31,295,8.040637529809446,3.128704407028561,1.0,1.0,1.0,1.0,0.0,0.0
32,295,0.083556431098895,0.1202618338340757,0.0,0.0,0.0,1.0,0.0,0.0
33,295,8.580557030842954,6.722831458566723,0.0,1.0,0.0,0.0,0.0,0.0
34,295,4.213946297583139,9.882160445181665,0.0,1.0,0.0,0.0,1.0,0.0
35,295,0.0,1.5548322756374782,1.0,0.0,0.0,0.0,1.0,0.0
36,295,1.1496967194875451,6.048963682799556,0.0,1.0,1.0,0.0,1.0,1.0
37,295,2.9974353665928364,0.8879010832157301,1.0,0.0,0.0,0.0,1.0,1.0
38,295,2.9431393481424144,3.750421089955069,1.0,0.0,1.0,0.0,1.0,0.0
39,295,8.851383710010488,0.0076169768872764,0.0,1.0,1.0,1.0,1.0,1.0
