0,0,11.994199462695711,5.0319082260100165,0.0,1.0,0.0,1.0,0.0,1.0
1,0,4.945038603213897,1.0148859218553927,1.0,0.0,1.0,1.0,1.0,1.0
2,0,2.010396721826329,0.9641050150434052,0.0,0.0,0.0,0.0,0.0,0.0
3,0,12.0,8.983485196866384,0.0,0.0,1.0,0.0,0.0,0.0
4,0,11.028761065415509,7.040622137434737,0.0,0.0,1.0,0.0,1.0,0.0
5,0,12.0,6.9748810194351245,1.0,1.0,0.0,0.0,0.0,0.0
6,0,0.0,4.9658558947183655,1.0,0.0,1.0,0.0,1.0,1.0
7,0,4.98235738448408,6.955252523591216,0.0,0.0,0.0,0.0,1.0,0.0
8,0,4.0001043028004295,8.973744793653918,0.0,0.0,1.0,1.0,0.0,1.0
9,0,9.953714275788212,6.021713876660222,1.0,0.0,0.0,1.0,0.0,0.0
10,0,2.9487221479812047,6.983681870164004,0.0,1.0,1.0,0.0,0.0,0.0
11,0,11.964958126597908,5.971870264585178,0.0,0.0,0.0,0.0,1.0,1.0
12,0,3.956927530772033,10.044521934215728,0.0,0.0,0.0,0.0,0.0,0.0
13,0,2.028704217071448,6.0379004252249,0.0,1.0,0.0,1.0,1.0,0.0
14,0,7.055565847075149,5.979337527643844,1.0,0.0,0.0,1.0,0.0,0.0
15,0,5.029006512055004,10.04811499359876,0.0,0.0,0.0,0.0,1.0,0.0
16,0,6.968970413116847,5.959329127872221,1.0,0.0,0.0,0.0,1.0,0.0
17,0,2.0729926626012944,8.013627923084963,1.0,0.0,0.0,1.0,0.0,0.0
18,0,5.970150259103207,1.0338097218722506,0.0,0.0,0.0,0.0,0.0,0.0
19,0,12.0,2.067750681663806,0.0,0.0,1.0,1.0,0.0,0.0
20,0,6.930547413196195,11.011973169716684,0.0,0.0,0.0,0.0,0.0,0.0
21,0,6.047850204275224,8.01092766621525,0.0,0.0,0.0,0.0,1.0,1.0
22,0,0.0,0.965805809001034,0.0,0.0,0.0,0.0,0.0,0.0
23,0,4.930586214314721,3.992563250474261,0.0,1.0,1.0,1.0,0.0,1.0
24,0,1.0414173033575602,6.97752583370015,1.0,1.0,1.0,1.0,0.0,0.0
25,0,9.04380451190741,7.988712636241466,0.0,1.0,0.0,0.0,1.0,1.0
26,0,7.933866411183208,11.96474307703117,0.0,0.0,0.0,1.0,1.0,1.0
27,0,10.960779302055528,5.031998640938284,0.0,0.0,0.0,1.0,0.0,1.0
28,0,0.0,5.941671881401441,0.0,0.0,0.0,0.0,0.0,0.0
29,0,9.997882565693056,10.968060116961668,1.0,0.0,0.0,0.0,0.0,0.0
30,0,0.0,2.0495300567168986,1.0,1.0,0.0,0.0,1.0,1.0
31,0,1.9599598930604616,5.048858032456447,1.0,1.0,1.0,1.0,0.0,0.0
32,0,7.995668113399039,1.9268050477820493,0.0,0.0,0.0,1.0,0.0,0.0
33,0,6.988648998735256,8.027835942585538,0.0,1.0,0.0,0.0,0.0,0.0
34,0,2.035946167908377,12.0,0.0,1.0,0.0,0.0,1.0,0.0
35,0,11.959667151696213,2.969879614792561,1.0,0.0,0.0,0.0,1.0,0.0
36,0,5.996940483814464,2.934363772094747,0.0,1.0,1.0,0.0,1.0,1.0
37,0,2.9951730823308744,11.05286778452894,1.0,0.0,0.0,0.0,1.0,1.0
38,0,8.975435805654753,2.9376790830289834,1.0,0.0,1.0,0.0,1.0,0.0
39,0,2.990638289453186,2.040167354152791,0.0,1.0,1.0,1.0,1.0,1.0
0,5,11.987197879713731,5.070517635836962,0.0,1.0,0.0,1.0,0.0,1.0
1,5,4.910757369599689,1.0248185933881464,1.0,0.0,1.0,1.0,1.0,1.0
2,5,2.0170484454794884,0.9426085438293748,0.0,0.0,0.0,0.0,0.0,0.0
3,5,12.0,8.97500361927663,0.0,0.0,1.0,0.0,0.0,0.0
4,5,11.055988924620529,7.079129888128479,0.0,0.0,1.0,0.0,1.0,0.0
5,5,12.0,6.952345463751417,1.0,1.0,0.0,0.0,0.0,0.0
6,5,0.0,4.940897628835408,1.0,0.0,1.0,0.0,1.0,1.0
7,5,4.959599787617874,6.902353271967328,0.0,0.0,0.0,0.0,1.0,0.0
8,5,4.000287583042418,8.95645827018794,0.0,0.0,1.0,1.0,0.0,1.0
9,5,9.912399968670416,6.041123287387841,1.0,0.0,0.0,1.0,0.0,0.0
10,5,2.8909382866072937,6.965341984286611,0.0,1.0,1.0,0.0,0.0,0.0
11,5,11.917733182491634,5.93515859444743,0.0,0.0,0.0,0.0,1.0,1.0
12,5,3.927268515356605,10.074483750188548,0.0,0.0,0.0,0.0,0.0,0.0
13,5,2.0513178108707013,6.068243885872016,0.0,1.0,0.0,1.0,1.0,0.0
14,5,7.110475582770875,5.959345712970714,1.0,0.0,0.0,1.0,0.0,0.0
15,5,5.055778831608185,10.093799761656028,0.0,0.0,0.0,0.0,1.0,0.0
16,5,6.937331914719346,5.918394903321509,1.0,0.0,0.0,0.0,1.0,0.0
17,5,2.136068079198223,8.026425497690289,1.0,0.0,0.0,1.0,0.0,0.0
18,5,5.944452260874321,1.0607142831898704,0.0,0.0,0.0,0.0,0.0,0.0
19,5,12.0,2.141493216469758,0.0,0.0,1.0,1.0,0.0,0.0
20,5,6.837651304034389,11.026735736833968,0.0,0.0,0.0,0.0,0.0,0.0
21,5,6.096867127193562,8.0226327035994,0.0,0.0,0.0,0.0,1.0,1.0
22,5,0.0,0.9169578762091734,0.0,0.0,0.0,0.0,0.0,0.0
23,5,4.854871795629319,3.9854210157570367,0.0,1.0,1.0,1.0,0.0,1.0
24,5,1.0985758303287578,6.946952957687641,1.0,1.0,1.0,1.0,0.0,0.0
25,5,9.066614876828996,7.983021825142886,0.0,1.0,0.0,0.0,1.0,1.0
26,5,7.864461743043068,11.927737846945798,0.0,0.0,0.0,1.0,1.0,1.0
27,5,10.905136087051076,5.076487721328905,0.0,0.0,0.0,1.0,0.0,1.0
28,5,0.0,5.87654130205367,0.0,0.0,0.0,0.0,0.0,0.0
29,5,9.99498553558008,10.925879025481532,1.0,0.0,0.0,0.0,0.0,0.0
30,5,0.0,2.1052993253177807,1.0,1.0,0.0,0.0,1.0,1.0
31,5,1.9232994999353192,5.09401611927211,1.0,1.0,1.0,1.0,0.0,0.0
32,5,7.990941727040139,1.851290493232287,0.0,0.0,0.0,1.0,0.0,0.0
33,5,6.977394520180615,8.055953142029198,0.0,1.0,0.0,0.0,0.0,0.0
34,5,2.0719534498355845,12.0,0.0,1.0,0.0,0.0,1.0,0.0
35,5,11.931636536690956,2.949386479095602,1.0,0.0,0.0,0.0,1.0,0.0
36,5,5.994147042965699,2.8674190103447925,0.0,1.0,1.0,0.0,1.0,1.0
37,5,2.992091792261568,11.09908309150408,1.0,0.0,0.0,0.0,1.0,1.0
38,5,8.947563351866716,2.8723160763147164,1.0,0.0,1.0,0.0,1.0,0.0
39,5,2.981330983096523,2.0812101875259303,0.0,1.0,1.0,1.0,1.0,1.0
0,10,11.980172298286016,5.110170578006919,0.0,1.0,0.0,1.0,0.0,1.0
1,10,4.868575510393442,1.0362569742457557,1.0,0.0,1.0,1.0,1.0,1.0
2,10,2.0275404958208894,0.9074965562159036,0.0,0.0,0.0,0.0,0.0,0.0
3,10,12.0,8.9487785364132,0.0,0.0,1.0,0.0,0.0,0.0
4,10,11.079925290906836,7.112670844332615,0.0,0.0,1.0,0.0,1.0,0.0
5,10,12.0,6.933360875584097,1.0,1.0,0.0,0.0,0.0,0.0
6,10,0.0,4.918115397188972,1.0,0.0,1.0,0.0,1.0,1.0
7,10,4.940682506626295,6.854095465406502,0.0,0.0,0.0,0.0,1.0,0.0
8,10,4.000129756043221,8.947462767198441,0.0,0.0,1.0,1.0,0.0,1.0
9,10,9.867897105741749,6.060677795893744,1.0,0.0,0.0,1.0,0.0,0.0
10,10,2.8540028341424173,6.954567963375561,0.0,1.0,1.0,0.0,0.0,0.0
11,10,11.865183008378388,5.893848599604148,0.0,0.0,0.0,0.0,1.0,1.0
12,10,3.902766802263258,10.100185250334516,0.0,0.0,0.0,0.0,0.0,0.0
13,10,2.069341583654792,6.093575751241537,0.0,1.0,0.0,1.0,1.0,0.0
14,10,7.1792606309423,5.934235753548181,1.0,0.0,0.0,1.0,0.0,0.0
15,10,5.079620261958064,10.134178170853229,0.0,0.0,0.0,0.0,1.0,0.0
16,10,6.895352158996103,5.862923361556991,1.0,0.0,0.0,0.0,1.0,0.0
17,10,2.216726419118116,8.043046891179264,1.0,0.0,0.0,1.0,0.0,0.0
18,10,5.907146335788173,1.1004494899910062,0.0,0.0,0.0,0.0,0.0,0.0
19,10,12.0,2.234900262753534,0.0,0.0,1.0,1.0,0.0,0.0
20,10,6.736435138050319,11.043618816320016,0.0,0.0,0.0,0.0,0.0,0.0
21,10,6.155963655755419,8.036672973576865,0.0,0.0,0.0,0.0,1.0,1.0
22,10,0.0,0.8666153533175497,0.0,0.0,0.0,0.0,0.0,0.0
23,10,4.767615713093158,3.9782073792031287,0.0,1.0,1.0,1.0,0.0,1.0
24,10,1.157450840490692,6.912882591081925,1.0,1.0,1.0,1.0,0.0,0.0
25,10,9.09799893283135,7.974155264756594,0.0,1.0,0.0,0.0,1.0,1.0
26,10,7.782107012286255,11.88520196290316,0.0,0.0,0.0,1.0,1.0,1.0
27,10,10.834791233343232,5.133483237429176,0.0,0.0,0.0,1.0,0.0,1.0
28,10,0.0,5.821511853639954,0.0,0.0,0.0,0.0,0.0,0.0
29,10,9.99328508615086,10.893261169306546,1.0,0.0,0.0,0.0,0.0,0.0
30,10,0.0,2.162703099725145,1.0,1.0,0.0,0.0,1.0,1.0
31,10,1.882067949301096,5.143072292110187,1.0,1.0,1.0,1.0,0.0,0.0
32,10,7.986497116384663,1.7537821878691218,0.0,0.0,0.0,1.0,0.0,0.0
33,10,6.956956595974511,8.105920500593607,0.0,1.0,0.0,0.0,0.0,0.0
34,10,2.124926481912377,12.0,0.0,1.0,0.0,0.0,1.0,0.0
35,10,11.888825316899473,2.917794843768658,1.0,0.0,0.0,0.0,1.0,0.0
36,10,5.991892433637638,2.8085686482496333,0.0,1.0,1.0,0.0,1.0,1.0
37,10,2.989714022543478,11.128840874074507,1.0,0.0,0.0,0.0,1.0,1.0
38,10,8.920651409852368,2.810206890901273,1.0,0.0,1.0,0.0,1.0,0.0
39,10,2.9727325029339493,2.116197019329014,0.0,1.0,1.0,1.0,1.0,1.0
0,15,11.977821265269888,5.125134681909436,0.0,1.0,0.0,1.0,0.0,1.0
1,15,4.818045896874255,1.0506363390100728,1.0,0.0,1.0,1.0,1.0,1.0
2,15,2.043162319823512,0.8597585256006702,0.0,0.0,0.0,0.0,0.0,0.0
3,15,12.0,8.912674927972697,0.0,0.0,1.0,0.0,0.0,0.0
4,15,11.100293883039171,7.142150098508476,0.0,0.0,1.0,0.0,1.0,0.0
5,15,12.0,6.912019969500809,1.0,1.0,0.0,0.0,0.0,0.0
6,15,0.0,4.887583483202611,1.0,0.0,1.0,0.0,1.0,1.0
7,15,4.9952966383827455,6.8328472353054845,0.0,0.0,0.0,0.0,1.0,0.0
8,15,4.000243309663604,8.960935190780102,0.0,0.0,1.0,1.0,0.0,1.0
9,15,9.804186758563056,6.088857309026561,1.0,0.0,0.0,1.0,0.0,0.0
10,15,2.813224766901786,6.942447580956477,0.0,1.0,1.0,0.0,0.0,0.0
11,15,11.824800245587896,5.861072615084176,0.0,0.0,0.0,0.0,1.0,1.0
12,15,3.9309449216688415,10.127483685947007,0.0,0.0,0.0,0.0,0.0,0.0
13,15,2.092958111716036,6.127095074761689,0.0,1.0,0.0,1.0,1.0,0.0
14,15,7.243762018644756,5.911245351198635,1.0,0.0,0.0,1.0,0.0,0.0
15,15,5.103976530488055,10.17327074620759,0.0,0.0,0.0,0.0,1.0,0.0
16,15,6.84958094900308,5.803328916056631,1.0,0.0,0.0,0.0,1.0,0.0
17,15,2.277410905446034,8.054717035079483,1.0,0.0,0.0,1.0,0.0,0.0
18,15,5.869579983681636,1.1390699672685076,0.0,0.0,0.0,0.0,0.0,0.0
19,15,12.0,2.3320508962106445,0.0,0.0,1.0,1.0,0.0,0.0
20,15,6.619352984294757,11.065683940003684,0.0,0.0,0.0,0.0,0.0,0.0
21,15,6.211531582302087,8.0500081797664,0.0,0.0,0.0,0.0,1.0,1.0
22,15,0.0,0.8069952583920119,0.0,0.0,0.0,0.0,0.0,0.0
23,15,4.659947512095182,3.971310909677624,0.0,1.0,1.0,1.0,0.0,1.0
24,15,1.228996762532843,6.873575855191302,1.0,1.0,1.0,1.0,0.0,0.0
25,15,9.13854297516238,7.962755342946965,0.0,1.0,0.0,0.0,1.0,1.0
26,15,7.729667979854586,11.858710545436873,0.0,0.0,0.0,1.0,1.0,1.0
27,15,10.772759095859422,5.183974511226443,0.0,0.0,0.0,1.0,0.0,1.0
28,15,0.0,5.760113968775171,0.0,0.0,0.0,0.0,0.0,0.0
29,15,9.989092330899377,10.83421310819424,1.0,0.0,0.0,0.0,0.0,0.0
30,15,0.0,2.2131249729176217,1.0,1.0,0.0,0.0,1.0,1.0
31,15,1.863738282743604,5.163703951665466,1.0,1.0,1.0,1.0,0.0,0.0
32,15,7.982910748061044,1.6492415171910375,0.0,0.0,0.0,1.0,0.0,0.0
33,15,6.939586021158966,8.148194732619073,0.0,1.0,0.0,0.0,0.0,0.0
34,15,2.149932344842589,12.0,0.0,1.0,0.0,0.0,1.0,0.0
35,15,11.84100854297697,2.8810393431076244,1.0,0.0,0.0,0.0,1.0,0.0
36,15,5.992274949897288,2.7426641221185557,0.0,1.0,1.0,0.0,1.0,1.0
37,15,2.9868688922701234,11.164619199958596,1.0,0.0,0.0,0.0,1.0,1.0
38,15,8.894959542009586,2.7521926220895536,1.0,0.0,1.0,0.0,1.0,0.0
39,15,2.965919821981265,2.146808575963191,0.0,1.0,1.0,1.0,1.0,1.0
0,20,11.974381778017968,5.144912612720287,0.0,1.0,0.0,1.0,0.0,1.0
1,20,4.77254337652858,1.0630304631402028,1.0,0.0,1.0,1.0,1.0,1.0
2,20,2.058615891948143,0.8167868427567503,0.0,0.0,0.0,0.0,0.0,0.0
3,20,12.0,8.886725412134025,0.0,0.0,1.0,0.0,0.0,0.0
4,20,11.131077530442308,7.189324967692693,0.0,0.0,1.0,0.0,1.0,0.0
5,20,12.0,6.891854203567803,1.0,1.0,0.0,0.0,0.0,0.0
6,20,0.0,4.844777187155301,1.0,0.0,1.0,0.0,1.0,1.0
7,20,5.063154084285572,6.805251569269952,0.0,0.0,0.0,0.0,1.0,0.0
8,20,4.000256423933149,8.964271222401601,0.0,0.0,1.0,1.0,0.0,1.0
9,20,9.74722228151578,6.11522154927479,1.0,0.0,0.0,1.0,0.0,0.0
10,20,2.7827276136636665,6.9331689726431485,0.0,1.0,1.0,0.0,0.0,0.0
11,20,11.78378818160586,5.829087951448166,0.0,0.0,0.0,0.0,1.0,1.0
12,20,3.942584365624736,10.13865638678566,0.0,0.0,0.0,0.0,0.0,0.0
13,20,2.114948335440657,6.158678617465719,0.0,1.0,0.0,1.0,1.0,0.0
14,20,7.3386867920056655,5.877061418608112,1.0,0.0,0.0,1.0,0.0,0.0
15,20,5.139432914599818,10.233645648248537,0.0,0.0,0.0,0.0,1.0,0.0
16,20,6.807289251930619,5.747116248310625,1.0,0.0,0.0,0.0,1.0,0.0
17,20,2.329437470290959,8.065111595443367,1.0,0.0,0.0,1.0,0.0,0.0
18,20,5.842103031863973,1.1656653312772496,0.0,0.0,0.0,0.0,0.0,0.0
19,20,12.0,2.42248085958634,0.0,0.0,1.0,1.0,0.0,0.0
20,20,6.500212695720188,11.088301553791853,0.0,0.0,0.0,0.0,0.0,0.0
21,20,6.197433535858031,8.107855360571838,0.0,0.0,0.0,0.0,1.0,1.0
22,20,0.0,0.7286373347086048,0.0,0.0,0.0,0.0,0.0,0.0
23,20,4.563669560366522,3.9635893710945087,0.0,1.0,1.0,1.0,0.0,1.0
24,20,1.2748252576426726,6.847969944958421,1.0,1.0,1.0,1.0,0.0,0.0
25,20,9.1775992028483,7.951503183969759,0.0,1.0,0.0,0.0,1.0,1.0
26,20,7.663667978851961,11.82538498392719,0.0,0.0,0.0,1.0,1.0,1.0
27,20,10.69912954062818,5.243081119906927,0.0,0.0,0.0,1.0,0.0,1.0
28,20,0.0,5.705950107519858,0.0,0.0,0.0,0.0,0.0,0.0
29,20,9.98442201566951,10.77578425677101,1.0,0.0,0.0,0.0,0.0,0.0
30,20,0.0,2.2851356498508504,1.0,1.0,0.0,0.0,1.0,1.0
31,20,1.86638792520455,5.16055576034566,1.0,1.0,1.0,1.0,0.0,0.0
32,20,7.978641719544264,1.5300137042726625,0.0,0.0,0.0,1.0,0.0,0.0
33,20,6.928593427757818,8.175804911862679,0.0,1.0,0.0,0.0,0.0,0.0
34,20,2.170110421223838,12.0,0.0,1.0,0.0,0.0,1.0,0.0
35,20,11.783269255953073,2.838730016701412,1.0,0.0,0.0,0.0,1.0,0.0
36,20,5.991397175609326,2.662456340242405,0.0,1.0,1.0,0.0,1.0,1.0
37,20,2.983246727103816,11.217580017850247,1.0,0.0,0.0,0.0,1.0,1.0
38,20,8.870267767360229,2.6958153329178955,1.0,0.0,1.0,0.0,1.0,0.0
39,20,2.9545500698560576,2.2005087279269144,0.0,1.0,1.0,1.0,1.0,1.0
0,25,11.970803344541164,5.166685860445482,0.0,1.0,0.0,1.0,0.0,1.0
1,25,4.737510176419801,1.0727653676745152,1.0,0.0,1.0,1.0,1.0,1.0
2,25,2.069825843721984,0.7860990647960545,0.0,0.0,0.0,0.0,0.0,0.0
3,25,12.0,8.871296593908479,0.0,0.0,1.0,0.0,0.0,0.0
4,25,11.147997600323976,7.216089299755298,0.0,0.0,1.0,0.0,1.0,0.0
5,25,12.0,6.880501558193798,1.0,1.0,0.0,0.0,0.0,0.0
6,25,0.0,4.790695364684238,1.0,0.0,1.0,0.0,1.0,1.0
7,25,5.142253899866087,6.769665488558733,0.0,0.0,0.0,0.0,1.0,0.0
8,25,4.000892297366399,8.985344441779208,0.0,0.0,1.0,1.0,0.0,1.0
9,25,9.667111675651311,6.14782052272078,1.0,0.0,0.0,1.0,0.0,0.0
10,25,2.7425567446397583,6.919337506016882,0.0,1.0,1.0,0.0,0.0,0.0
11,25,11.759344767126052,5.809927244463292,0.0,0.0,0.0,0.0,1.0,1.0
12,25,3.939933459399456,10.13611477859436,0.0,0.0,0.0,0.0,0.0,0.0
13,25,2.126832379098815,6.175687122149759,0.0,1.0,0.0,1.0,1.0,0.0
14,25,7.304683211757893,5.785315266139167,1.0,0.0,0.0,1.0,0.0,0.0
15,25,5.175660422640725,10.298147496929518,0.0,0.0,0.0,0.0,1.0,0.0
16,25,6.761048877250184,5.68000184292916,1.0,0.0,0.0,0.0,1.0,0.0
17,25,2.3768098927302823,8.072578324368578,1.0,0.0,0.0,1.0,0.0,0.0
18,25,5.814221102644349,1.1933326195356906,0.0,0.0,0.0,0.0,0.0,0.0
19,25,12.0,2.5189634904305587,0.0,0.0,1.0,1.0,0.0,0.0
20,25,6.384882312984592,11.112877951919302,0.0,0.0,0.0,0.0,0.0,0.0
21,25,6.18965905799514,8.138691046935376,0.0,0.0,0.0,0.0,1.0,1.0
22,25,0.0,0.6452463947058354,0.0,0.0,0.0,0.0,0.0,0.0
23,25,4.468029869422455,3.95674425206205,0.0,1.0,1.0,1.0,0.0,1.0
24,25,1.319591213509914,6.820776343860832,1.0,1.0,1.0,1.0,0.0,0.0
25,25,9.20366789457874,7.943774803798363,0.0,1.0,0.0,0.0,1.0,1.0
26,25,7.591635461504792,11.78723957999979,0.0,0.0,0.0,1.0,1.0,1.0
27,25,10.625670397817848,5.30109957996549,0.0,0.0,0.0,1.0,0.0,1.0
28,25,0.0,5.631589124114812,0.0,0.0,0.0,0.0,0.0,0.0
29,25,9.979675271169818,10.715730503803572,1.0,0.0,0.0,0.0,0.0,0.0
30,25,0.0,2.360828722022416,1.0,1.0,0.0,0.0,1.0,1.0
31,25,1.8709326478201345,5.155101515469071,1.0,1.0,1.0,1.0,0.0,0.0
32,25,7.972517592164674,1.4178219077343734,0.0,0.0,0.0,1.0,0.0,0.0
33,25,6.9107435519372205,8.222575183213609,0.0,1.0,0.0,0.0,0.0,0.0
34,25,2.188580319773779,12.0,0.0,1.0,0.0,0.0,1.0,0.0
35,25,11.737908702851383,2.804891777819526,1.0,0.0,0.0,0.0,1.0,0.0
36,25,5.991361370604538,2.596960382312711,0.0,1.0,1.0,0.0,1.0,1.0
37,25,2.9813463087467422,11.244995193166298,1.0,0.0,0.0,0.0,1.0,1.0
38,25,8.848195264437406,2.645196017318001,1.0,0.0,1.0,0.0,1.0,0.0
39,25,2.940588584671119,2.267023413987383,0.0,1.0,1.0,1.0,1.0,1.0
0,30,11.967832921197193,5.181009883006272,0.0,1.0,0.0,1.0,0.0,1.0
1,30,4.690472322323177,1.0869489312620888,1.0,0.0,1.0,1.0,1.0,1.0
2,30,2.092151410895611,0.7251198821658162,0.0,0.0,0.0,0.0,0.0,0.0
3,30,12.0,8.86003346473601,0.0,0.0,1.0,0.0,0.0,0.0
4,30,11.154434557671236,7.225922993527537,0.0,0.0,1.0,0.0,1.0,0.0
5,30,12.0,6.869637878705084,1.0,1.0,0.0,0.0,0.0,0.0
6,30,0.0,4.738907009437116,1.0,0.0,1.0,0.0,1.0,1.0
7,30,5.209894770346259,6.740636723709148,0.0,0.0,0.0,0.0,1.0,0.0
8,30,4.002316407695209,9.0281419030442,0.0,0.0,1.0,1.0,0.0,1.0
9,30,9.572226765795518,6.187040790641412,1.0,0.0,0.0,1.0,0.0,0.0
10,30,2.714274612916342,6.910547465267905,0.0,1.0,1.0,0.0,0.0,0.0
11,30,11.7296110949803,5.786823227563388,0.0,0.0,0.0,0.0,1.0,1.0
12,30,3.9337997596888674,10.129917342005632,0.0,0.0,0.0,0.0,0.0,0.0
13,30,2.143636201800501,6.198934253820863,0.0,1.0,0.0,1.0,1.0,0.0
14,30,7.273660481598143,5.705961776749519,1.0,0.0,0.0,1.0,0.0,0.0
15,30,5.204425415292621,10.351454488248354,0.0,0.0,0.0,0.0,1.0,0.0
16,30,6.70602232551118,5.602912189516978,1.0,0.0,0.0,0.0,1.0,0.0
17,30,2.4213367256968343,8.079606787558033,1.0,0.0,0.0,1.0,0.0,0.0
18,30,5.796511332703532,1.210322068601179,0.0,0.0,0.0,0.0,0.0,0.0
19,30,12.0,2.601729409823357,0.0,0.0,1.0,1.0,0.0,0.0
20,30,6.264329683070477,11.137912230413768,0.0,0.0,0.0,0.0,0.0,0.0
21,30,6.18196881498253,8.170220804124387,0.0,0.0,0.0,0.0,1.0,1.0
22,30,0.0,0.5598092116226445,0.0,0.0,0.0,0.0,0.0,0.0
23,30,4.380305439421639,3.951012978030987,0.0,1.0,1.0,1.0,0.0,1.0
24,30,1.3816062905946491,6.782285714237725,1.0,1.0,1.0,1.0,0.0,0.0
25,30,9.198201536183293,7.945493662196726,0.0,1.0,0.0,0.0,1.0,1.0
26,30,7.509621009887245,11.74543747718811,0.0,0.0,0.0,1.0,1.0,1.0
27,30,10.55814349385864,5.353668408394481,0.0,0.0,0.0,1.0,0.0,1.0
28,30,0.0,5.551253068906914,0.0,0.0,0.0,0.0,0.0,0.0
29,30,9.977371467734857,10.661211731691502,1.0,0.0,0.0,0.0,0.0,0.0
30,30,0.0,2.445259789403126,1.0,1.0,0.0,0.0,1.0,1.0
31,30,1.8688514980950464,5.157655329533758,1.0,1.0,1.0,1.0,0.0,0.0
32,30,7.96946865666486,1.283446412418776,0.0,0.0,0.0,1.0,0.0,0.0
33,30,6.891570877735155,8.272956042182633,0.0,1.0,0.0,0.0,0.0,0.0
34,30,2.195087472926529,12.0,0.0,1.0,0.0,0.0,1.0,0.0
35,30,11.70458288469859,2.7802663191594403,1.0,0.0,0.0,0.0,1.0,0.0
36,30,5.991724242379715,2.546049876664901,0.0,1.0,1.0,0.0,1.0,1.0
37,30,2.979597482253502,11.268246198024324,1.0,0.0,0.0,0.0,1.0,1.0
38,30,8.834406073097426,2.612208510198219,1.0,0.0,1.0,0.0,1.0,0.0
39,30,2.925633838480172,2.341863116614989,0.0,1.0,1.0,1.0,1.0,1.0
0,35,11.964373427938524,5.1968214340696965,0.0,1.0,0.0,1.0,0.0,1.0
1,35,4.648364745626277,1.1008164714945892,1.0,0.0,1.0,1.0,1.0,1.0
2,35,2.1101755667021487,0.6802073209579849,0.0,0.0,0.0,0.0,0.0,0.0
3,35,12.0,8.857336247215343,0.0,0.0,1.0,0.0,0.0,0.0
4,35,11.17740448441269,7.210863631793649,0.0,0.0,1.0,0.0,1.0,0.0
5,35,12.0,6.855322952011726,1.0,1.0,0.0,0.0,0.0,0.0
6,35,0.0,4.683203563611424,1.0,0.0,1.0,0.0,1.0,1.0
7,35,5.267048123872291,6.715787145279729,0.0,0.0,0.0,0.0,1.0,0.0
8,35,4.004305406152814,9.0732451438351,0.0,0.0,1.0,1.0,0.0,1.0
9,35,9.50493124667156,6.215858183878515,1.0,0.0,0.0,1.0,0.0,0.0
10,35,2.686860180457611,6.901443303145243,0.0,1.0,1.0,0.0,0.0,0.0
11,35,11.687064334625232,5.751778275969037,0.0,0.0,0.0,0.0,1.0,1.0
12,35,3.924736252798941,10.1210710184783,0.0,0.0,0.0,0.0,0.0,0.0
13,35,2.1580894674768767,6.217579122203198,0.0,1.0,0.0,1.0,1.0,0.0
14,35,7.236230400979663,5.613207187717953,1.0,0.0,0.0,1.0,0.0,0.0
15,35,5.2413402920762655,10.421251004796384,0.0,0.0,0.0,0.0,1.0,0.0
16,35,6.640745024927955,5.513174922080442,1.0,0.0,0.0,0.0,1.0,0.0
17,35,2.463470933491293,8.08682413886035,1.0,0.0,0.0,1.0,0.0,0.0
18,35,5.783478415136327,1.223418159123605,0.0,0.0,0.0,0.0,0.0,0.0
19,35,12.0,2.670447792290032,0.0,0.0,1.0,1.0,0.0,0.0
20,35,6.160630328673204,11.158765473061148,0.0,0.0,0.0,0.0,0.0,0.0
21,35,6.165860500769044,8.229697315490487,0.0,0.0,0.0,0.0,1.0,1.0
22,35,0.0,0.4770735836575721,0.0,0.0,0.0,0.0,0.0,0.0
23,35,4.285249618174439,3.944769358477568,0.0,1.0,1.0,1.0,0.0,1.0
24,35,1.4445386778819933,6.740679106433508,1.0,1.0,1.0,1.0,0.0,0.0
25,35,9.181792336052863,7.951204618864953,0.0,1.0,0.0,0.0,1.0,1.0
26,35,7.444391433166963,11.710602433104,0.0,0.0,0.0,1.0,1.0,1.0
27,35,10.479360926099943,5.415451921019298,0.0,0.0,0.0,1.0,0.0,1.0
28,35,0.0,5.46866598893032,0.0,0.0,0.0,0.0,0.0,0.0
29,35,9.97442063911044,10.60069947911449,1.0,0.0,0.0,0.0,0.0,0.0
30,35,0.0,2.543075595388947,1.0,1.0,0.0,0.0,1.0,1.0
31,35,1.8731242759927,5.152356894647971,1.0,1.0,1.0,1.0,0.0,0.0
32,35,7.966064472461139,1.1429575372744407,0.0,0.0,0.0,1.0,0.0,0.0
33,35,6.845302962210969,8.25520031042631,0.0,1.0,0.0,0.0,0.0,0.0
34,35,2.2147798694223484,12.0,0.0,1.0,0.0,0.0,1.0,0.0
35,35,11.663529081440403,2.750580977076741,1.0,0.0,0.0,0.0,1.0,0.0
36,35,5.9914352217111695,2.4885299272862067,0.0,1.0,1.0,0.0,1.0,1.0
37,35,2.9790200016798853,11.279081659279916,1.0,0.0,0.0,0.0,1.0,1.0
38,35,8.82097738014788,2.5794910357120107,1.0,0.0,1.0,0.0,1.0,0.0
39,35,2.910192098254948,2.4321824044494664,0.0,1.0,1.0,1.0,1.0,1.0
0,40,11.965472901821457,5.191203867322598,0.0,1.0,0.0,1.0,0.0,1.0
1,40,4.589131128409445,1.121840915452424,1.0,0.0,1.0,1.0,1.0,1.0
2,40,2.124656411468763,0.6411728717826342,0.0,0.0,0.0,0.0,0.0,0.0
3,40,12.0,8.850198663044202,0.0,0.0,1.0,0.0,0.0,0.0
4,40,11.189237304499182,7.203320790935214,0.0,0.0,1.0,0.0,1.0,0.0
5,40,12.0,6.828392293418741,1.0,1.0,0.0,0.0,0.0,0.0
6,40,0.0,4.632438108059448,1.0,0.0,1.0,0.0,1.0,1.0
7,40,5.322653538803081,6.690489831293726,0.0,0.0,0.0,0.0,1.0,0.0
8,40,4.005397270374118,9.112993033851488,0.0,0.0,1.0,1.0,0.0,1.0
9,40,9.452692648762364,6.238147157015252,1.0,0.0,0.0,1.0,0.0,0.0
10,40,2.660050505312489,6.892133675169428,0.0,1.0,1.0,0.0,0.0,0.0
11,40,11.643060571129238,5.716594627605926,0.0,0.0,0.0,0.0,1.0,1.0
12,40,3.907934613596899,10.104252400961313,0.0,0.0,0.0,0.0,0.0,0.0
13,40,2.1746992887438914,6.239103929404246,0.0,1.0,0.0,1.0,1.0,0.0
14,40,7.183403986271746,5.484822243538368,1.0,0.0,0.0,1.0,0.0,0.0
15,40,5.282389231057892,10.501074800324554,0.0,0.0,0.0,0.0,1.0,0.0
16,40,6.574223646787454,5.42118782603915,1.0,0.0,0.0,0.0,1.0,0.0
17,40,2.5041930799703773,8.093970222197886,1.0,0.0,0.0,1.0,0.0,0.0
18,40,5.781183947413774,1.2257709750881385,0.0,0.0,0.0,0.0,0.0,0.0
19,40,12.0,2.744279892036315,0.0,0.0,1.0,1.0,0.0,0.0
20,40,6.078475417425411,11.174862734746076,0.0,0.0,0.0,0.0,0.0,0.0
21,40,6.152062308016376,8.280213406966295,0.0,0.0,0.0,0.0,1.0,1.0
22,40,0.0743598107454416,0.370156309644691,0.0,0.0,0.0,0.0,0.0,0.0
23,40,4.175903834702585,3.9370347586372008,0.0,1.0,1.0,1.0,0.0,1.0
24,40,1.4997328845609366,6.704126495792379,1.0,1.0,1.0,1.0,0.0,0.0
25,40,9.15844154105545,7.959574015115722,0.0,1.0,0.0,0.0,1.0,1.0
26,40,7.378627177574893,11.67436368697526,0.0,0.0,0.0,1.0,1.0,1.0
27,40,10.387917058868982,5.4849881960399465,0.0,0.0,0.0,1.0,0.0,1.0
28,40,0.0,5.381140081909223,0.0,0.0,0.0,0.0,0.0,0.0
29,40,9.97041178004296,10.544192892687777,1.0,0.0,0.0,0.0,0.0,0.0
30,40,0.0,2.637197769647295,1.0,1.0,0.0,0.0,1.0,1.0
31,40,1.880426686480799,5.143864258723939,1.0,1.0,1.0,1.0,0.0,0.0
32,40,7.961111116468531,1.010819865906818,0.0,0.0,0.0,1.0,0.0,0.0
33,40,6.78612862094016,8.231724535401284,0.0,1.0,0.0,0.0,0.0,0.0
34,40,2.240475142546744,12.0,0.0,1.0,0.0,0.0,1.0,0.0
35,40,11.62110606089669,2.719571619293625,1.0,0.0,0.0,0.0,1.0,0.0
36,40,5.99023656834095,2.433305314988519,0.0,1.0,1.0,0.0,1.0,1.0
37,40,2.9783868872912533,11.290057471007373,1.0,0.0,0.0,0.0,1.0,1.0
38,40,8.804834688859946,2.537359892874287,1.0,0.0,1.0,0.0,1.0,0.0
39,40,2.8948749796825304,2.518398812572132,0.0,1.0,1.0,1.0,1.0,1.0
0,45,11.96505300303579,5.1933296720868025,0.0,1.0,0.0,1.0,0.0,1.0
1,45,4.549379090075244,1.13810488715662,1.0,0.0,1.0,1.0,1.0,1.0
2,45,2.1411323995175477,0.5988654083623366,0.0,0.0,0.0,0.0,0.0,0.0
3,45,11.991291513040146,8.86045346512096,0.0,0.0,1.0,0.0,0.0,0.0
4,45,11.19364115949448,7.200342448701263,0.0,0.0,1.0,0.0,1.0,0.0
5,45,12.0,6.801524503556911,1.0,1.0,0.0,0.0,0.0,0.0
6,45,0.0,4.579181806634095,1.0,0.0,1.0,0.0,1.0,1.0
7,45,5.372317410691403,6.665959104758218,0.0,0.0,0.0,0.0,1.0,0.0
8,45,4.006364278825385,9.154961028869504,0.0,0.0,1.0,1.0,0.0,1.0
9,45,9.39004395217069,6.264193446661916,1.0,0.0,0.0,1.0,0.0,0.0
10,45,2.6559269090212263,6.89077449578726,0.0,1.0,1.0,0.0,0.0,0.0
11,45,11.607127866766035,5.687059793081209,0.0,0.0,0.0,0.0,1.0,1.0
12,45,3.8927333507713,10.089016462145738,0.0,0.0,0.0,0.0,0.0,0.0
13,45,2.194458774296809,6.263532352704084,0.0,1.0,0.0,1.0,1.0,0.0
14,45,7.142113487815741,5.379696529821387,1.0,0.0,0.0,1.0,0.0,0.0
15,45,5.318384715388151,10.572510235166003,0.0,0.0,0.0,0.0,1.0,0.0
16,45,6.519369154613659,5.346233437766074,1.0,0.0,0.0,0.0,1.0,0.0
17,45,2.5317392936270418,8.09843558842577,1.0,0.0,0.0,1.0,0.0,0.0
18,45,5.7617175562495575,1.2459003912159563,0.0,0.0,0.0,0.0,0.0,0.0
19,45,12.0,2.8101621144088043,0.0,0.0,1.0,1.0,0.0,0.0
20,45,6.005702630051113,11.190751429649607,0.0,0.0,0.0,0.0,0.0,0.0
21,45,6.142811636062311,8.315730663179169,0.0,0.0,0.0,0.0,1.0,1.0
22,45,0.1424505358308849,0.2695371858742323,0.0,0.0,0.0,0.0,0.0,0.0
23,45,4.04258655851456,3.928842572070887,0.0,1.0,1.0,1.0,0.0,1.0
24,45,1.5536610895329417,6.665376885414793,1.0,1.0,1.0,1.0,0.0,0.0
25,45,9.114455061919571,7.976651465751567,0.0,1.0,0.0,0.0,1.0,1.0
26,45,7.303328970967339,11.63388255748843,0.0,0.0,0.0,1.0,1.0,1.0
27,45,10.259319855807217,5.583011026190751,0.0,0.0,0.0,1.0,0.0,1.0
28,45,0.0,5.283757065193887,0.0,0.0,0.0,0.0,0.0,0.0
29,45,9.965500764953026,10.499547256480296,1.0,0.0,0.0,0.0,0.0,0.0
30,45,0.0,2.7329056132703484,1.0,1.0,0.0,0.0,1.0,1.0
31,45,1.9084682786753917,5.1121414160072405,1.0,1.0,1.0,1.0,0.0,0.0
32,45,7.956712526514007,0.8675732222643825,0.0,0.0,0.0,1.0,0.0,0.0
33,45,6.7376494259120605,8.212286818535185,0.0,1.0,0.0,0.0,0.0,0.0
34,45,2.2489575540588937,12.0,0.0,1.0,0.0,0.0,1.0,0.0
35,45,11.57930327949165,2.6888246734350694,1.0,0.0,0.0,0.0,1.0,0.0
36,45,5.988230086243534,2.3697872739146315,0.0,1.0,1.0,0.0,1.0,1.0
37,45,2.976906718190015,11.31541139590537,1.0,0.0,0.0,0.0,1.0,1.0
38,45,8.78762568949345,2.4933849664750816,1.0,0.0,1.0,0.0,1.0,0.0
39,45,2.878393428031367,2.6029202902747737,0.0,1.0,1.0,1.0,1.0,1.0
0,50,11.96671915514402,5.1853445078588445,0.0,1.0,0.0,1.0,0.0,1.0
1,50,4.523322615887465,1.1487879834486578,1.0,0.0,1.0,1.0,1.0,1.0
2,50,2.1482668668262077,0.5801385468834818,0.0,0.0,0.0,0.0,0.0,0.0
3,50,11.981822634930642,8.871125756986055,0.0,0.0,1.0,0.0,0.0,0.0
4,50,11.20300043909242,7.193670434444204,0.0,0.0,1.0,0.0,1.0,0.0
5,50,12.0,6.773727072797185,1.0,1.0,0.0,0.0,0.0,0.0
6,50,0.0,4.530559846661958,1.0,0.0,1.0,0.0,1.0,1.0
7,50,5.412192461905198,6.64623650295045,0.0,0.0,0.0,0.0,1.0,0.0
8,50,4.0069989756081785,9.188582864673457,0.0,0.0,1.0,1.0,0.0,1.0
9,50,9.3296051580392,6.288952610319077,1.0,0.0,0.0,1.0,0.0,0.0
10,50,2.6589201793649573,6.891853891759276,0.0,1.0,1.0,0.0,0.0,0.0
11,50,11.548674108871568,5.638374292228467,0.0,0.0,0.0,0.0,1.0,1.0
12,50,3.867308026506905,10.063255510699255,0.0,0.0,0.0,0.0,0.0,0.0
13,50,2.207659316649352,6.280325951218771,0.0,1.0,0.0,1.0,1.0,0.0
14,50,7.10513534608205,5.281129969186488,1.0,0.0,0.0,1.0,0.0,0.0
15,50,5.35154514294971,10.63756885573916,0.0,0.0,0.0,0.0,1.0,0.0
16,50,6.464707703353789,5.268829408332667,1.0,0.0,0.0,0.0,1.0,0.0
17,50,2.576539710762874,8.105657093900257,1.0,0.0,0.0,1.0,0.0,0.0
18,50,5.750039412747549,1.2573928594166637,0.0,0.0,0.0,0.0,0.0,0.0
19,50,12.0,2.879076754142869,0.0,0.0,1.0,1.0,0.0,0.0
20,50,5.933511060033973,11.208644920237177,0.0,0.0,0.0,0.0,0.0,0.0
21,50,6.12960456452262,8.366491885432762,0.0,0.0,0.0,0.0,1.0,1.0
22,50,0.2145022815070399,0.1594570172510593,0.0,0.0,0.0,0.0,0.0,0.0
23,50,3.902027785087851,3.9254987595207926,0.0,1.0,1.0,1.0,0.0,1.0
24,50,1.611715293248677,6.624487051528301,1.0,1.0,1.0,1.0,0.0,0.0
25,50,9.085352230914618,7.988058845863969,0.0,1.0,0.0,0.0,1.0,1.0
26,50,7.2052757991731005,11.576333504840497,0.0,0.0,0.0,1.0,1.0,1.0
27,50,10.121225885518594,5.6881531874079,0.0,0.0,0.0,1.0,0.0,1.0
28,50,0.0,5.20555155705959,0.0,0.0,0.0,0.0,0.0,0.0
29,50,9.955923027456,10.433551266836426,1.0,0.0,0.0,0.0,0.0,0.0
30,50,0.0,2.831394280017753,1.0,1.0,0.0,0.0,1.0,1.0
31,50,1.940668959416964,5.074178543570528,1.0,1.0,1.0,1.0,0.0,0.0
32,50,7.952824965158119,0.7103525363919212,0.0,0.0,0.0,1.0,0.0,0.0
33,50,6.697652235339284,8.196599949336388,0.0,1.0,0.0,0.0,0.0,0.0
34,50,2.2507347013117927,12.0,0.0,1.0,0.0,0.0,1.0,0.0
35,50,11.533031841671944,2.6527741878483733,1.0,0.0,0.0,0.0,1.0,0.0
36,50,5.985286440342847,2.295009084267091,0.0,1.0,1.0,0.0,1.0,1.0
37,50,2.976720091149984,11.320596276179288,1.0,0.0,0.0,0.0,1.0,1.0
38,50,8.77401857780573,2.454914784808725,1.0,0.0,1.0,0.0,1.0,0.0
39,50,2.861804334187465,2.678429952925266,0.0,1.0,1.0,1.0,1.0,1.0
0,55,11.966171748094864,5.187627008123446,0.0,1.0,0.0,1.0,0.0,1.0
1,55,4.501994539729203,1.157270182279932,1.0,0.0,1.0,1.0,1.0,1.0
2,55,2.142714760248185,0.5945285992170415,0.0,0.0,0.0,0.0,0.0,0.0
3,55,11.98913756723056,8.862834010591211,0.0,0.0,1.0,0.0,0.0,0.0
4,55,11.20047896919864,7.19542272131769,0.0,0.0,1.0,0.0,1.0,0.0
5,55,12.0,6.731934195772624,1.0,1.0,0.0,0.0,0.0,0.0
6,55,0.0,4.49138678018089,1.0,0.0,1.0,0.0,1.0,1.0
7,55,5.450159121200972,6.627089130130532,0.0,0.0,0.0,0.0,1.0,0.0
8,55,4.007042328584357,9.199369597362647,0.0,0.0,1.0,1.0,0.0,1.0
9,55,9.261457066922285,6.3142243935937845,1.0,0.0,0.0,1.0,0.0,0.0
10,55,2.681651753087367,6.899004127386443,0.0,1.0,1.0,0.0,0.0,0.0
11,55,11.482906894815883,5.579566842693772,0.0,0.0,0.0,0.0,1.0,1.0
12,55,3.83228016476025,10.029017271187056,0.0,0.0,0.0,0.0,0.0,0.0
13,55,2.2080255464740817,6.280772038523447,0.0,1.0,0.0,1.0,1.0,0.0
14,55,7.073647504355401,5.191134034715965,1.0,0.0,0.0,1.0,0.0,0.0
15,55,5.383210956707876,10.70271607503025,0.0,0.0,0.0,0.0,1.0,0.0
16,55,6.421192307070583,5.205916344703087,1.0,0.0,0.0,0.0,1.0,0.0
17,55,2.6249780265487117,8.111114020612813,1.0,0.0,0.0,1.0,0.0,0.0
18,55,5.742255653143896,1.2649561862521068,0.0,0.0,0.0,0.0,0.0,0.0
19,55,12.0,2.949930244009399,0.0,0.0,1.0,1.0,0.0,0.0
20,55,5.952515382106117,11.285859090892115,0.0,0.0,0.0,0.0,0.0,0.0
21,55,6.116284905664903,8.418108210962274,0.0,0.0,0.0,0.0,1.0,1.0
22,55,0.2719435543488959,0.0704292582801503,0.0,0.0,0.0,0.0,0.0,0.0
23,55,3.770651475040097,3.92445207904431,0.0,1.0,1.0,1.0,0.0,1.0
24,55,1.6526627140590038,6.595877784112438,1.0,1.0,1.0,1.0,0.0,0.0
25,55,9.061785325692927,7.997342813494989,0.0,1.0,0.0,0.0,1.0,1.0
26,55,7.111178333519863,11.516446526849888,0.0,0.0,0.0,1.0,1.0,1.0
27,55,9.98735623026836,5.793405323051299,0.0,0.0,0.0,1.0,0.0,1.0
28,55,0.0,5.114357353883526,0.0,0.0,0.0,0.0,0.0,0.0
29,55,9.946138736430925,10.355287995488563,1.0,0.0,0.0,0.0,0.0,0.0
30,55,0.0,2.9333838992360746,1.0,1.0,0.0,0.0,1.0,1.0
31,55,1.9742363551736395,5.0342100775839445,1.0,1.0,1.0,1.0,0.0,0.0
32,55,7.949405186326798,0.546423678885531,0.0,0.0,0.0,1.0,0.0,0.0
33,55,6.665673627810167,8.183109164679458,0.0,1.0,0.0,0.0,0.0,0.0
34,55,2.243312083457921,11.996161319840333,0.0,1.0,0.0,0.0,1.0,0.0
35,55,11.50084153476067,2.6262116671379374,1.0,0.0,0.0,0.0,1.0,0.0
36,55,5.981827183126399,2.210335719056258,0.0,1.0,1.0,0.0,1.0,1.0
37,55,2.97570859561902,11.344375251817146,1.0,0.0,0.0,0.0,1.0,1.0
38,55,8.767989666101986,2.4384325067276453,1.0,0.0,1.0,0.0,1.0,0.0
39,55,2.8496516678079398,2.738206637290436,0.0,1.0,1.0,1.0,1.0,1.0
0,60,11.967018034049376,5.183929250622909,0.0,1.0,0.0,1.0,0.0,1.0
1,60,4.472401731572539,1.1706731173079716,1.0,0.0,1.0,1.0,1.0,1.0
2,60,2.1349196004236872,0.617418310020358,0.0,0.0,0.0,0.0,0.0,0.0
3,60,11.994281650823885,8.857158287538482,0.0,0.0,1.0,0.0,0.0,0.0
4,60,11.197477246707717,7.197471164482264,0.0,0.0,1.0,0.0,1.0,0.0
5,60,12.0,6.684358050639946,1.0,1.0,0.0,0.0,0.0,0.0
6,60,0.0,4.453218614911632,1.0,0.0,1.0,0.0,1.0,1.0
7,60,5.492355624577277,6.606210250933929,0.0,0.0,0.0,0.0,1.0,0.0
8,60,4.007026540225933,9.199976942559813,0.0,0.0,1.0,1.0,0.0,1.0
9,60,9.205023300392424,6.33602070050269,1.0,0.0,0.0,1.0,0.0,0.0
10,60,2.724060056173431,6.913741033265103,0.0,1.0,1.0,0.0,0.0,0.0
11,60,11.418424171585343,5.523645138269003,0.0,0.0,0.0,0.0,1.0,1.0
12,60,3.790531352812821,9.987930316747269,0.0,0.0,0.0,0.0,0.0,0.0
13,60,2.1926571442123746,6.263008976320014,0.0,1.0,0.0,1.0,1.0,0.0
14,60,7.04124548085133,5.09713913503946,1.0,0.0,0.0,1.0,0.0,0.0
15,60,5.421124788175443,10.780401139979768,0.0,0.0,0.0,0.0,1.0,0.0
16,60,6.366858566748743,5.1219850249667065,1.0,0.0,0.0,0.0,1.0,0.0
17,60,2.6629612491608623,8.115951885763339,1.0,0.0,0.0,1.0,0.0,0.0
18,60,5.741152025442552,1.2660011441250996,0.0,0.0,0.0,0.0,0.0,0.0
19,60,12.0,3.008036168452164,0.0,0.0,1.0,1.0,0.0,0.0
20,60,5.971454490446083,11.36024067117144,0.0,0.0,0.0,0.0,0.0,0.0
21,60,6.103398147420393,8.466421638342158,0.0,0.0,0.0,0.0,1.0,1.0
22,60,0.3162828132451294,0.0011776216828569,0.0,0.0,0.0,0.0,0.0,0.0
23,60,3.6481120792727983,3.9221292980520297,0.0,1.0,1.0,1.0,0.0,1.0
24,60,1.7049131320156348,6.5604647461844365,1.0,1.0,1.0,1.0,0.0,0.0
25,60,9.046963825677729,8.00320075014002,0.0,1.0,0.0,0.0,1.0,1.0
26,60,7.006285540162272,11.450316127255084,0.0,0.0,0.0,1.0,1.0,1.0
27,60,9.870361312003345,5.885586334609707,0.0,0.0,0.0,1.0,0.0,1.0
28,60,0.0,5.035545431224167,0.0,0.0,0.0,0.0,0.0,0.0
29,60,9.936432186750562,10.271935840939184,1.0,0.0,0.0,0.0,0.0,0.0
30,60,0.0,3.050579521386017,1.0,1.0,0.0,0.0,1.0,1.0
31,60,2.014444188714724,4.986824098712417,1.0,1.0,1.0,1.0,0.0,0.0
32,60,7.946907826440124,0.3839826406874616,0.0,0.0,0.0,1.0,0.0,0.0
33,60,6.654204804313966,8.178033445117293,0.0,1.0,0.0,0.0,0.0,0.0
34,60,2.227533370705892,11.988315945745423,0.0,1.0,0.0,0.0,1.0,0.0
35,60,11.471611282044336,2.6021073168565976,1.0,0.0,0.0,0.0,1.0,0.0
36,60,5.979427238659295,2.143064585265189,0.0,1.0,1.0,0.0,1.0,1.0
37,60,2.974901787667479,11.365252655932002,1.0,0.0,0.0,0.0,1.0,1.0
38,60,8.758935074818277,2.413477638734315,1.0,0.0,1.0,0.0,1.0,0.0
39,60,2.8392673917845164,2.7915233483962654,0.0,1.0,1.0,1.0,1.0,1.0
0,65,11.970492697137646,5.168181293195963,0.0,1.0,0.0,1.0,0.0,1.0
1,65,4.439801563749307,1.1849243539087644,1.0,0.0,1.0,1.0,1.0,1.0
2,65,2.124344699847047,0.6496199501481846,0.0,0.0,0.0,0.0,0.0,0.0
3,65,12.0,8.849228191411605,0.0,0.0,1.0,0.0,0.0,0.0
4,65,11.189945310755991,7.20228868916076,0.0,0.0,1.0,0.0,1.0,0.0
5,65,12.0,6.641772533925604,1.0,1.0,0.0,0.0,0.0,0.0
6,65,0.0,4.406618115212217,1.0,0.0,1.0,0.0,1.0,1.0
7,65,5.534864050509665,6.58441975574383,0.0,0.0,0.0,0.0,1.0,0.0
8,65,4.005810730471808,9.228850350647296,0.0,0.0,1.0,1.0,0.0,1.0
9,65,9.159923293272232,6.351888292162163,1.0,0.0,0.0,1.0,0.0,0.0
10,65,2.7725134418245108,6.930909020793518,0.0,1.0,1.0,0.0,0.0,0.0
11,65,11.361901037789863,5.475779677162613,0.0,0.0,0.0,0.0,1.0,1.0
12,65,3.73568091810972,9.934704693533533,0.0,0.0,0.0,0.0,0.0,0.0
13,65,2.185051463173292,6.253303048443977,0.0,1.0,0.0,1.0,1.0,0.0
14,65,7.005294711528759,4.988855190450237,1.0,0.0,0.0,1.0,0.0,0.0
15,65,5.464577325035207,10.873527210728057,0.0,0.0,0.0,0.0,1.0,0.0
16,65,6.303902220764584,5.021458282937619,1.0,0.0,0.0,0.0,1.0,0.0
17,65,2.6877085649232217,8.119066219789268,1.0,0.0,0.0,1.0,0.0,0.0
18,65,5.738122961594485,1.2689030554801528,0.0,0.0,0.0,0.0,0.0,0.0
19,65,11.999401746834694,3.065966435053716,0.0,0.0,1.0,1.0,0.0,0.0
20,65,5.991475526406141,11.432631594388049,0.0,0.0,0.0,0.0,0.0,0.0
21,65,6.094792503296025,8.495832622963945,0.0,0.0,0.0,0.0,1.0,1.0
22,65,0.3583328249909204,0.0,0.0,0.0,0.0,0.0,0.0,0.0
23,65,3.519941725936798,3.9185078213184057,0.0,1.0,1.0,1.0,0.0,1.0
24,65,1.7703684170411482,6.516035255879523,1.0,1.0,1.0,1.0,0.0,0.0
25,65,9.036873776453197,8.007083021527983,0.0,1.0,0.0,0.0,1.0,1.0
26,65,6.913411104258688,11.391820432084597,0.0,0.0,0.0,1.0,1.0,1.0
27,65,9.75258705708929,5.979385313594197,0.0,0.0,0.0,1.0,0.0,1.0
28,65,0.0,4.960972763144224,0.0,0.0,0.0,0.0,0.0,0.0
29,65,9.925835624892953,10.186006807087162,1.0,0.0,0.0,0.0,0.0,0.0
30,65,0.0,3.172905573992088,1.0,1.0,0.0,0.0,1.0,1.0
31,65,2.045271766848085,4.947211191555218,1.0,1.0,1.0,1.0,0.0,0.0
32,65,7.946378968123893,0.2445447124823279,0.0,0.0,0.0,1.0,0.0,0.0
33,65,6.650667636499754,8.176435102329274,0.0,1.0,0.0,0.0,0.0,0.0
34,65,2.21175033643792,11.98121520273602,0.0,1.0,0.0,0.0,1.0,0.0
35,65,11.441895256745791,2.5771312177267744,1.0,0.0,0.0,0.0,1.0,0.0
36,65,5.977221024517036,2.0812749362928766,0.0,1.0,1.0,0.0,1.0,1.0
37,65,2.974470019014705,11.380176272294175,1.0,0.0,0.0,0.0,1.0,1.0
38,65,8.749409491398934,2.3887056611383435,1.0,0.0,1.0,0.0,1.0,0.0
39,65,2.826033436291428,2.858184893231656,0.0,1.0,1.0,1.0,1.0,1.0
0,70,11.971385284997789,5.164658578009663,0.0,1.0,0.0,1.0,0.0,1.0
1,70,4.400288711438171,1.2039599242313783,1.0,0.0,1.0,1.0,1.0,1.0
2,70,2.117738803545119,0.6692712862732579,0.0,0.0,0.0,0.0,0.0,0.0
3,70,11.991095498946162,8.859124739508529,0.0,0.0,1.0,0.0,0.0,0.0
4,70,11.179186986087664,7.209206317933058,0.0,0.0,1.0,0.0,1.0,0.0
5,70,12.0,6.604319708149031,1.0,1.0,0.0,0.0,0.0,0.0
6,70,0.0,4.356159844867861,1.0,0.0,1.0,0.0,1.0,1.0
7,70,5.557905619226215,6.572126313836724,0.0,0.0,0.0,0.0,1.0,0.0
8,70,4.004912331881004,9.2550320530303,0.0,0.0,1.0,1.0,0.0,1.0
9,70,9.09653644080163,6.375062525408667,1.0,0.0,0.0,1.0,0.0,0.0
10,70,2.822280476499089,6.949346784829664,0.0,1.0,1.0,0.0,0.0,0.0
11,70,11.3125793136556,5.433762024803369,0.0,0.0,0.0,0.0,1.0,1.0
12,70,3.682024841160375,9.882509234110625,0.0,0.0,0.0,0.0,0.0,0.0
13,70,2.1616072391676355,6.2237814882589655,0.0,1.0,0.0,1.0,1.0,0.0
14,70,6.973168508876656,4.89632325800537,1.0,0.0,0.0,1.0,0.0,0.0
15,70,5.498616650497561,10.948075152851262,0.0,0.0,0.0,0.0,1.0,0.0
16,70,6.242179834602714,4.92067916595411,1.0,0.0,0.0,0.0,1.0,0.0
17,70,2.7329488572715683,8.125161110807449,1.0,0.0,0.0,1.0,0.0,0.0
18,70,5.738148343793157,1.268879561005279,0.0,0.0,0.0,0.0,0.0,0.0
19,70,11.998983476883003,3.109555727879599,0.0,0.0,1.0,1.0,0.0,0.0
20,70,6.008647342856001,11.493903868173026,0.0,0.0,0.0,0.0,0.0,0.0
21,70,6.088896576360357,8.520168405507649,0.0,0.0,0.0,0.0,1.0,1.0
22,70,0.4098008565146167,0.0,0.0,0.0,0.0,0.0,0.0,0.0
23,70,3.3954065282795933,3.914361998101477,0.0,1.0,1.0,1.0,0.0,1.0
24,70,1.8422880607251009,6.464215598334002,1.0,1.0,1.0,1.0,0.0,0.0
25,70,9.041003311473716,8.005581493213372,0.0,1.0,0.0,0.0,1.0,1.0
26,70,6.835603240888116,11.342912133728731,0.0,0.0,0.0,1.0,1.0,1.0
27,70,9.6231940001293,6.085897903570035,0.0,0.0,0.0,1.0,0.0,1.0
28,70,0.0,4.897137903698568,0.0,0.0,0.0,0.0,0.0,0.0
29,70,9.917546806874231,10.107319204582211,1.0,0.0,0.0,0.0,0.0,0.0
30,70,0.0,3.308586857283851,1.0,1.0,0.0,0.0,1.0,1.0
31,70,2.078842636930577,4.903923862550792,1.0,1.0,1.0,1.0,0.0,0.0
32,70,7.943341207024628,0.1225566314645866,0.0,0.0,0.0,1.0,0.0,0.0
33,70,6.639184717312688,8.171589451769908,0.0,1.0,0.0,0.0,0.0,0.0
34,70,2.210818353040231,11.98082638480837,0.0,1.0,0.0,0.0,1.0,0.0
35,70,11.415092418884823,2.556066069706897,1.0,0.0,0.0,0.0,1.0,0.0
36,70,5.976035060046986,2.0188397616738545,0.0,1.0,1.0,0.0,1.0,1.0
37,70,2.973216424804998,11.419648735268648,1.0,0.0,0.0,0.0,1.0,1.0
38,70,8.742891347116473,2.3712611982173426,1.0,0.0,1.0,0.0,1.0,0.0
39,70,2.814042025510587,2.92415873829866,0.0,1.0,1.0,1.0,1.0,1.0
0,75,11.976172384360549,5.145394540771401,0.0,1.0,0.0,1.0,0.0,1.0
1,75,4.357292094214599,1.223645589446952,1.0,0.0,1.0,1.0,1.0,1.0
2,75,2.114618357393944,0.677365857511856,0.0,0.0,0.0,0.0,0.0,0.0
3,75,11.965758157975678,8.885928103984806,0.0,0.0,1.0,0.0,0.0,0.0
4,75,11.160536519881138,7.221500007916624,0.0,0.0,1.0,0.0,1.0,0.0
5,75,12.0,6.575420721667719,1.0,1.0,0.0,0.0,0.0,0.0
6,75,0.0,4.3019269459982565,1.0,0.0,1.0,0.0,1.0,1.0
7,75,5.597389642861914,6.551901049057552,0.0,0.0,0.0,0.0,1.0,0.0
8,75,4.004434554260846,9.27487816692704,0.0,0.0,1.0,1.0,0.0,1.0
9,75,9.038103389936689,6.396753129639457,1.0,0.0,0.0,1.0,0.0,0.0
10,75,2.8807852970363,6.970471153154801,0.0,1.0,1.0,0.0,0.0,0.0
11,75,11.256801537400616,5.386130192550999,0.0,0.0,0.0,0.0,1.0,1.0
12,75,3.63800380634841,9.841512353511582,0.0,0.0,0.0,0.0,0.0,0.0
13,75,2.1205672705417133,6.170550163304732,0.0,1.0,0.0,1.0,1.0,0.0
14,75,6.883258416214932,4.928446435484674,1.0,0.0,0.0,1.0,0.0,0.0
15,75,5.538270615272186,11.03917492822381,0.0,0.0,0.0,0.0,1.0,0.0
16,75,6.177088999017265,4.813858743511763,1.0,0.0,0.0,0.0,1.0,0.0
17,75,2.771947623533854,8.130034043183517,1.0,0.0,0.0,1.0,0.0,0.0
18,75,5.735687588295498,1.271174965797874,0.0,0.0,0.0,0.0,0.0,0.0
19,75,11.999015944009203,3.128839464277824,0.0,0.0,1.0,1.0,0.0,0.0
20,75,6.021289961157183,11.545642827161071,0.0,0.0,0.0,0.0,0.0,0.0
21,75,6.0810812436303046,8.550296814706968,0.0,0.0,0.0,0.0,1.0,1.0
22,75,0.4630073607028859,0.0,0.0,0.0,0.0,0.0,0.0,0.0
23,75,3.2761194108894136,3.907806971875382,0.0,1.0,1.0,1.0,0.0,1.0
24,75,1.890358104952645,6.43013543557717,1.0,1.0,1.0,1.0,0.0,0.0
25,75,9.027229662156014,8.010687603713915,0.0,1.0,0.0,0.0,1.0,1.0
26,75,6.749649536098968,11.28936372238039,0.0,0.0,0.0,1.0,1.0,1.0
27,75,9.503875523443824,6.184074320053841,0.0,0.0,0.0,1.0,0.0,1.0
28,75,0.0,4.8316851770472695,0.0,0.0,0.0,0.0,0.0,0.0
29,75,9.910119241068472,10.020411217103284,1.0,0.0,0.0,0.0,0.0,0.0
30,75,0.0,3.4457583482819194,1.0,1.0,0.0,0.0,1.0,1.0
31,75,2.11237616834458,4.862317506796033,1.0,1.0,1.0,1.0,0.0,0.0
32,75,7.936922166142816,0.0034961863113647,0.0,0.0,0.0,1.0,0.0,0.0
33,75,6.623811363096246,8.164789857863695,0.0,1.0,0.0,0.0,0.0,0.0
34,75,2.241801125735734,11.993470152960578,0.0,1.0,0.0,0.0,1.0,0.0
35,75,11.39476192032254,2.540378684123308,1.0,0.0,0.0,0.0,1.0,0.0
36,75,5.976682344392452,1.9630182486130576,0.0,1.0,1.0,0.0,1.0,1.0
37,75,2.9721688481764983,11.443717921562229,1.0,0.0,0.0,0.0,1.0,1.0
38,75,8.746538450780275,2.381267183416097,1.0,0.0,1.0,0.0,1.0,0.0
39,75,2.799078657678255,3.010448348467928,0.0,1.0,1.0,1.0,1.0,1.0
0,80,11.979440439442534,5.133655180421657,0.0,1.0,0.0,1.0,0.0,1.0
1,80,4.337865366058094,1.2324389639513895,1.0,0.0,1.0,1.0,1.0,1.0
2,80,2.1085910444703098,0.6918412835332,0.0,0.0,0.0,0.0,0.0,0.0
3,80,11.945831700192768,8.906845467965718,0.0,0.0,1.0,0.0,0.0,0.0
4,80,11.13197869954866,7.240169417711358,0.0,0.0,1.0,0.0,1.0,0.0
5,80,12.0,6.539484328269002,1.0,1.0,0.0,0.0,0.0,0.0
6,80,0.0,4.257520946400398,1.0,0.0,1.0,0.0,1.0,1.0
7,80,5.631646397511827,6.5341846846819145,0.0,0.0,0.0,0.0,1.0,0.0
8,80,4.004491383396744,9.270767049624856,0.0,0.0,1.0,1.0,0.0,1.0
9,80,8.969059319014528,6.424100113120878,1.0,0.0,0.0,1.0,0.0,0.0
10,80,2.9564246437221757,7.001975244749743,0.0,1.0,1.0,0.0,0.0,0.0
11,80,11.199449180347024,5.33888993125958,0.0,0.0,0.0,0.0,1.0,1.0
12,80,3.597105719698059,9.803601971377583,0.0,0.0,0.0,0.0,0.0,0.0
13,80,2.08451500899402,6.126892150227103,0.0,1.0,0.0,1.0,1.0,0.0
14,80,6.798595466310881,4.95951281672723,1.0,0.0,0.0,1.0,0.0,0.0
15,80,5.570074805608064,11.112554935902391,0.0,0.0,0.0,0.0,1.0,0.0
16,80,6.104557458759981,4.687321553682924,1.0,0.0,0.0,0.0,1.0,0.0
17,80,2.8423698598445357,8.1361519403829,1.0,0.0,0.0,1.0,0.0,0.0
18,80,5.742052213553429,1.2653210485566695,0.0,0.0,0.0,0.0,0.0,0.0
19,80,11.998993941020355,3.138661625375721,0.0,0.0,1.0,1.0,0.0,0.0
20,80,6.036275219474687,11.600658098934238,0.0,0.0,0.0,0.0,0.0,0.0
21,80,6.068107294012003,8.596624132565665,0.0,0.0,0.0,0.0,1.0,1.0
22,80,0.5059997517955434,0.0,0.0,0.0,0.0,0.0,0.0,0.0
23,80,3.152153743762749,3.8975636520420944,0.0,1.0,1.0,1.0,0.0,1.0
24,80,1.9362408778058715,6.397181743396165,1.0,1.0,1.0,1.0,0.0,0.0
25,80,9.01549125728077,8.015221127220542,0.0,1.0,0.0,0.0,1.0,1.0
26,80,6.666013716478124,11.238757729067588,0.0,0.0,0.0,1.0,1.0,1.0
27,80,9.366470283472582,6.294117027880026,0.0,0.0,0.0,1.0,0.0,1.0
28,80,0.0,4.783039462674646,0.0,0.0,0.0,0.0,0.0,0.0
29,80,9.90136231701669,9.906734954029892,1.0,0.0,0.0,0.0,0.0,0.0
30,80,0.0,3.5920793868796994,1.0,1.0,0.0,0.0,1.0,1.0
31,80,2.144514475012925,4.822684813046724,1.0,1.0,1.0,1.0,0.0,0.0
32,80,7.930404439925972,0.0,0.0,0.0,0.0,1.0,0.0,0.0
33,80,6.600452377998557,8.15531253194397,0.0,1.0,0.0,0.0,0.0,0.0
34,80,2.308557202838581,12.0,0.0,1.0,0.0,0.0,1.0,0.0
35,80,11.375334734389575,2.525194540727857,1.0,0.0,0.0,0.0,1.0,0.0
36,80,5.976123043580014,1.9234717005298136,0.0,1.0,1.0,0.0,1.0,1.0
37,80,2.9721309306235333,11.448731660023812,1.0,0.0,0.0,0.0,1.0,1.0
38,80,8.751015790471374,2.394309274904536,1.0,0.0,1.0,0.0,1.0,0.0
39,80,2.786163629817469,3.0802422304932744,0.0,1.0,1.0,1.0,1.0,1.0
0,85,11.986151922127815,5.106568579230159,0.0,1.0,0.0,1.0,0.0,1.0
1,85,4.33017668341313,1.2359670715040807,1.0,0.0,1.0,1.0,1.0,1.0
2,85,2.09390421445384,0.7290985894419171,0.0,0.0,0.0,0.0,0.0,0.0
3,85,11.900721787286283,8.954022013463302,0.0,0.0,1.0,0.0,0.0,0.0
4,85,11.12499968318191,7.24453303790274,0.0,0.0,1.0,0.0,1.0,0.0
5,85,12.0,6.510075478603706,1.0,1.0,0.0,0.0,0.0,0.0
6,85,0.0,4.216053933575009,1.0,0.0,1.0,0.0,1.0,1.0
7,85,5.661802732484578,6.5184514613033375,0.0,0.0,0.0,0.0,1.0,0.0
8,85,4.004500237157683,9.269926854139973,0.0,0.0,1.0,1.0,0.0,1.0
9,85,8.936735651869679,6.341712172096511,1.0,0.0,0.0,1.0,0.0,0.0
10,85,3.0541713626666414,7.038871688965726,0.0,1.0,1.0,0.0,0.0,0.0
11,85,11.138428182399307,5.290708810068817,0.0,0.0,0.0,0.0,1.0,1.0
12,85,3.563169648073694,9.77142282787772,0.0,0.0,0.0,0.0,0.0,0.0
13,85,2.0460734753035914,6.078058589779442,0.0,1.0,0.0,1.0,1.0,0.0
14,85,6.711466290061373,4.992935564645662,1.0,0.0,0.0,1.0,0.0,0.0
15,85,5.602317100996431,11.18839589385964,0.0,0.0,0.0,0.0,1.0,0.0
16,85,6.037486373898755,4.570734441816637,1.0,0.0,0.0,0.0,1.0,0.0
17,85,2.9107314743839368,8.140293276776044,1.0,0.0,0.0,1.0,0.0,0.0
18,85,5.725712073311892,1.2797006203312578,0.0,0.0,0.0,0.0,0.0,0.0
19,85,11.998993169534256,3.138851187098912,0.0,0.0,1.0,1.0,0.0,0.0
20,85,6.047833532174215,11.641853813547606,0.0,0.0,0.0,0.0,0.0,0.0
21,85,6.05230906669358,8.651541139863525,0.0,0.0,0.0,0.0,1.0,1.0
22,85,0.5514768160698844,0.0,0.0,0.0,0.0,0.0,0.0,0.0
23,85,3.0342130575001565,3.8878381260971735,0.0,1.0,1.0,1.0,0.0,1.0
24,85,1.9955322925601269,6.3519761736508125,1.0,1.0,1.0,1.0,0.0,0.0
25,85,9.003640144112303,8.019809357003998,0.0,1.0,0.0,0.0,1.0,1.0
26,85,6.574609678862418,11.183618827307768,0.0,0.0,0.0,1.0,1.0,1.0
27,85,9.232385499932688,6.404598739272996,0.0,0.0,0.0,1.0,0.0,1.0
28,85,0.0,4.7473926751637325,0.0,0.0,0.0,0.0,0.0,0.0
29,85,9.895564636677156,9.800511493130086,1.0,0.0,0.0,0.0,0.0,0.0
30,85,0.0,3.740223066055369,1.0,1.0,0.0,0.0,1.0,1.0
31,85,2.158919610832545,4.804204169310617,1.0,1.0,1.0,1.0,0.0,0.0
32,85,7.922467581742006,0.0,0.0,0.0,0.0,1.0,0.0,0.0
33,85,6.578015249259744,8.14661336066402,0.0,1.0,0.0,0.0,0.0,0.0
34,85,2.400375751399819,12.0,0.0,1.0,0.0,0.0,1.0,0.0
35,85,11.349639294288725,2.504820101106287,1.0,0.0,0.0,0.0,1.0,0.0
36,85,5.974477610968296,1.8819913849579295,0.0,1.0,1.0,0.0,1.0,1.0
37,85,2.9721741913403315,11.445756551953082,1.0,0.0,0.0,0.0,1.0,1.0
38,85,8.752610355910916,2.399300437069596,1.0,0.0,1.0,0.0,1.0,0.0
39,85,2.774767635729128,3.139451182472506,0.0,1.0,1.0,1.0,1.0,1.0
0,90,11.99477096165332,5.074147011582858,0.0,1.0,0.0,1.0,0.0,1.0
1,90,4.325611206700793,1.2380292983874597,1.0,0.0,1.0,1.0,1.0,1.0
2,90,2.074755453147756,0.7767739668347394,0.0,0.0,0.0,0.0,0.0,0.0
3,90,11.854691058654176,9.002187519703213,0.0,0.0,1.0,0.0,0.0,0.0
4,90,11.110768992726229,7.252864181889327,0.0,0.0,1.0,0.0,1.0,0.0
5,90,12.0,6.4654102921259495,1.0,1.0,0.0,0.0,0.0,0.0
6,90,0.0,4.178110482364124,1.0,0.0,1.0,0.0,1.0,1.0
7,90,5.71169196791912,6.493294075781317,0.0,0.0,0.0,0.0,1.0,0.0
8,90,4.004502315326378,9.268106674762803,0.0,0.0,1.0,1.0,0.0,1.0
9,90,8.896512660859251,6.238265244062619,1.0,0.0,0.0,1.0,0.0,0.0
10,90,3.1401001640418253,7.069191321333317,0.0,1.0,1.0,0.0,0.0,0.0
11,90,11.072188977009056,5.239197198257604,0.0,0.0,0.0,0.0,1.0,1.0
12,90,3.5294158238349342,9.739337890670022,0.0,0.0,0.0,0.0,0.0,0.0
13,90,2.017935799859359,6.04259645996515,0.0,1.0,0.0,1.0,1.0,0.0
14,90,6.633864119660281,5.024499342377699,1.0,0.0,0.0,1.0,0.0,0.0
15,90,5.634661070194987,11.271968355479506,0.0,0.0,0.0,0.0,1.0,0.0
16,90,5.972208056218962,4.46455147317034,1.0,0.0,0.0,0.0,1.0,0.0
17,90,2.97195954637805,8.145907597718127,1.0,0.0,0.0,1.0,0.0,0.0
18,90,5.719564648563208,1.28485048349722,0.0,0.0,0.0,0.0,0.0,0.0
19,90,11.99883072285441,3.1218269049933847,0.0,0.0,1.0,1.0,0.0,0.0
20,90,6.0559642992422456,11.6703055113442,0.0,0.0,0.0,0.0,0.0,0.0
21,90,6.036650886462718,8.709494196777996,0.0,0.0,0.0,0.0,1.0,1.0
22,90,0.6031760328464955,0.0,0.0,0.0,0.0,0.0,0.0,0.0
23,90,3.020479844313033,4.005317613403244,0.0,1.0,1.0,1.0,0.0,1.0
24,90,2.0446015894336536,6.313628752033006,1.0,1.0,1.0,1.0,0.0,0.0
25,90,9.00286692901346,8.020128122879452,0.0,1.0,0.0,0.0,1.0,1.0
26,90,6.488732155477486,11.13182121528934,0.0,0.0,0.0,1.0,1.0,1.0
27,90,9.096687038389655,6.51843817105804,0.0,0.0,0.0,1.0,0.0,1.0
28,90,0.0,4.736809300132972,0.0,0.0,0.0,0.0,0.0,0.0
29,90,9.889078979631298,9.703428220147126,1.0,0.0,0.0,0.0,0.0,0.0
30,90,0.0,3.8850268976024,1.0,1.0,0.0,0.0,1.0,1.0
31,90,2.1723616675086093,4.786549546685891,1.0,1.0,1.0,1.0,0.0,0.0
32,90,7.9163509002615635,0.0,0.0,0.0,0.0,1.0,0.0,0.0
33,90,6.577892473727558,8.146567497747352,0.0,1.0,0.0,0.0,0.0,0.0
34,90,2.516383113374642,12.0,0.0,1.0,0.0,0.0,1.0,0.0
35,90,11.328546652777804,2.487570222005663,1.0,0.0,0.0,0.0,1.0,0.0
36,90,5.973195034145618,1.850913662162453,0.0,1.0,1.0,0.0,1.0,1.0
37,90,2.972017781361492,11.42890452110888,1.0,0.0,0.0,0.0,1.0,1.0
38,90,8.757969441127436,2.415605307542752,1.0,0.0,1.0,0.0,1.0,0.0
39,90,2.760617280441195,3.2051412351037367,0.0,1.0,1.0,1.0,1.0,1.0
0,95,12.0,5.041639056645464,0.0,1.0,0.0,1.0,0.0,1.0
1,95,4.352468098913573,1.2269690265381874,1.0,0.0,1.0,1.0,1.0,1.0
2,95,2.0475657531652685,0.8453776242242624,0.0,0.0,0.0,0.0,0.0,0.0
3,95,11.798759649354103,9.060647759748406,0.0,0.0,1.0,0.0,0.0,0.0
4,95,11.097518030792813,7.260691509351674,0.0,0.0,1.0,0.0,1.0,0.0
5,95,12.0,6.41537810921006,1.0,1.0,0.0,0.0,0.0,0.0
6,95,0.0,4.133838792537007,1.0,0.0,1.0,0.0,1.0,1.0
7,95,5.762904782232059,6.468668918378439,0.0,0.0,0.0,0.0,1.0,0.0
8,95,4.004589294040279,9.263496679605472,0.0,0.0,1.0,1.0,0.0,1.0
9,95,8.851550964108435,6.118496510368762,1.0,0.0,0.0,1.0,0.0,0.0
10,95,3.2144508009694377,7.095287483143064,0.0,1.0,1.0,0.0,0.0,0.0
11,95,11.018845801092295,5.199567607268063,0.0,0.0,0.0,0.0,1.0,1.0
12,95,3.500115120031446,9.709917290947011,0.0,0.0,0.0,0.0,0.0,0.0
13,95,1.9761208573984457,5.98900581996977,0.0,1.0,0.0,1.0,1.0,0.0
14,95,6.581488240793809,5.046642330883353,1.0,0.0,0.0,1.0,0.0,0.0
15,95,5.671401781042879,11.36761755535814,0.0,0.0,0.0,0.0,1.0,0.0
16,95,5.89048056655711,4.333077383581813,1.0,0.0,0.0,0.0,1.0,0.0
17,95,3.026522042618909,8.15126277070724,1.0,0.0,0.0,1.0,0.0,0.0
18,95,5.706626709959589,1.2961760214669684,0.0,0.0,0.0,0.0,0.0,0.0
19,95,11.998830795168091,3.122305065632242,0.0,0.0,1.0,1.0,0.0,0.0
20,95,6.070186715199269,11.713658793767951,0.0,0.0,0.0,0.0,0.0,0.0
21,95,6.02349596223761,8.76258968404153,0.0,0.0,0.0,0.0,1.0,1.0
22,95,0.6434210643201101,0.0,0.0,0.0,0.0,0.0,0.0,0.0
23,95,3.0104707779885658,4.121637299469613,0.0,1.0,1.0,1.0,0.0,1.0
24,95,2.0879902828754533,6.278789332771901,1.0,1.0,1.0,1.0,0.0,0.0
25,95,9.005365836841793,8.019137587301692,0.0,1.0,0.0,0.0,1.0,1.0
26,95,6.385229769374124,11.070108006921032,0.0,0.0,0.0,1.0,1.0,1.0
27,95,8.981622322579748,6.61759553423259,0.0,0.0,0.0,1.0,0.0,1.0
28,95,0.0,4.724037295759936,0.0,0.0,0.0,0.0,0.0,0.0
29,95,9.883092646518676,9.59658951973736,1.0,0.0,0.0,0.0,0.0,0.0
30,95,0.0,4.031650518871475,1.0,1.0,0.0,0.0,1.0,1.0
31,95,2.181139424732627,4.775822539282104,1.0,1.0,1.0,1.0,0.0,0.0
32,95,7.913715762123985,0.0,0.0,0.0,0.0,1.0,0.0,0.0
33,95,6.560581791209895,8.13986457495376,0.0,1.0,0.0,0.0,0.0,0.0
34,95,2.613301733476812,12.0,0.0,1.0,0.0,0.0,1.0,0.0
35,95,11.307956936322688,2.470437854966201,1.0,0.0,0.0,0.0,1.0,0.0
36,95,5.971960021404859,1.825287566989604,0.0,1.0,1.0,0.0,1.0,1.0
37,95,2.971989026448843,11.41096918376467,1.0,0.0,0.0,0.0,1.0,1.0
38,95,8.767520734176975,2.4460306672455028,1.0,0.0,1.0,0.0,1.0,0.0
39,95,2.749636982032001,3.247962923798625,0.0,1.0,1.0,1.0,1.0,1.0
0,100,12.0,4.997674676313685,0.0,1.0,0.0,1.0,0.0,1.0
1,100,4.373135744761747,1.218248797818799,1.0,0.0,1.0,1.0,1.0,1.0
2,100,2.019746462209209,0.9137668998126428,0.0,0.0,0.0,0.0,0.0,0.0
3,100,11.746350901516417,9.11435600898319,0.0,0.0,1.0,0.0,0.0,0.0
4,100,11.078229292899952,7.272292730629371,0.0,0.0,1.0,0.0,1.0,0.0
5,100,12.0,6.364945803342124,1.0,1.0,0.0,0.0,0.0,0.0
6,100,0.0,4.079142169367972,1.0,0.0,1.0,0.0,1.0,1.0
7,100,5.810948097651311,6.445093523784172,0.0,0.0,0.0,0.0,1.0,0.0
8,100,4.004752705098492,9.252576125607698,0.0,0.0,1.0,1.0,0.0,1.0
9,100,8.807415321093654,6.0000019405874445,1.0,0.0,0.0,1.0,0.0,0.0
10,100,3.2699136109237363,7.113194812848525,0.0,1.0,1.0,0.0,0.0,0.0
11,100,10.961502555465511,5.156512352353869,0.0,0.0,0.0,0.0,1.0,1.0
12,100,3.467745222379509,9.67969697186532,0.0,0.0,0.0,0.0,0.0,0.0
13,100,1.936181603486091,5.941101006698313,0.0,1.0,0.0,1.0,1.0,0.0
14,100,6.541921677489789,5.064355045298767,1.0,0.0,0.0,1.0,0.0,0.0
15,100,5.702343533189331,11.452292067054117,0.0,0.0,0.0,0.0,1.0,0.0
16,100,5.803563930839364,4.202629318492735,1.0,0.0,0.0,0.0,1.0,0.0
17,100,3.0821720672721877,8.157728920736892,1.0,0.0,0.0,1.0,0.0,0.0
18,100,5.684713289888776,1.3154630714728928,0.0,0.0,0.0,0.0,0.0,0.0
19,100,11.998649327723529,3.110540694063314,0.0,0.0,1.0,1.0,0.0,0.0
20,100,6.085803583107992,11.763167297167426,0.0,0.0,0.0,0.0,0.0,0.0
21,100,6.008697598016579,8.825120069774052,0.0,0.0,0.0,0.0,1.0,1.0
22,100,0.6795056761269571,0.0,0.0,0.0,0.0,0.0,0.0,0.0
23,100,3.0031727363605505,4.207852649319677,0.0,1.0,1.0,1.0,0.0,1.0
24,100,2.104139805730717,6.265626154811562,1.0,1.0,1.0,1.0,0.0,0.0
25,100,9.010938719125754,8.0339657305455,0.0,1.0,0.0,0.0,1.0,1.0
26,100,6.297622762797824,11.016265877174128,0.0,0.0,0.0,1.0,1.0,1.0
27,100,8.854276504887682,6.7277117837424285,0.0,0.0,0.0,1.0,0.0,1.0
28,100,0.0,4.721317720748646,0.0,0.0,0.0,0.0,0.0,0.0
29,100,9.875301928545117,9.48003847948623,1.0,0.0,0.0,0.0,0.0,0.0
30,100,0.0,4.172720878292994,1.0,1.0,0.0,0.0,1.0,1.0
31,100,2.190654101038746,4.763798625447066,1.0,1.0,1.0,1.0,0.0,0.0
32,100,7.908367010439283,0.0,0.0,0.0,0.0,1.0,0.0,0.0
33,100,6.554788219107782,8.137798097513336,0.0,1.0,0.0,0.0,0.0,0.0
34,100,2.7021797658933244,12.0,0.0,1.0,0.0,0.0,1.0,0.0
35,100,11.284196174549315,2.450437738746929,1.0,0.0,0.0,0.0,1.0,0.0
36,100,5.9716048092255205,1.816043605745043,0.0,1.0,1.0,0.0,1.0,1.0
37,100,2.9720366681953863,11.40894019534324,1.0,0.0,0.0,0.0,1.0,1.0
38,100,8.773218238998757,2.466499415923621,1.0,0.0,1.0,0.0,1.0,0.0
39,100,2.7374700594867534,3.2929792993047124,0.0,1.0,1.0,1.0,1.0,1.0
0,105,12.0,4.958032013142595,0.0,1.0,0.0,1.0,0.0,1.0
1,105,4.418648978303541,1.1999263409022891,1.0,0.0,1.0,1.0,1.0,1.0
2,105,1.9942947272426736,0.9767560233515812,0.0,0.0,0.0,0.0,0.0,0.0
3,105,11.700617545564551,9.16298388787644,0.0,0.0,1.0,0.0,0.0,0.0
4,105,11.073705792208722,7.274894627134009,0.0,0.0,1.0,0.0,1.0,0.0
5,105,12.0,6.306328622607984,1.0,1.0,0.0,0.0,0.0,0.0
6,105,0.0,4.031409409818696,1.0,0.0,1.0,0.0,1.0,1.0
7,105,5.845199661136488,6.429307454756334,0.0,0.0,0.0,0.0,1.0,0.0
8,105,4.00447922961001,9.260307335614383,0.0,0.0,1.0,1.0,0.0,1.0
9,105,8.759415371837498,5.863885883197456,1.0,0.0,0.0,1.0,0.0,0.0
10,105,3.3242091456416274,7.13070276835424,0.0,1.0,1.0,0.0,0.0,0.0
11,105,10.900004233909634,5.1097108647293,0.0,0.0,0.0,0.0,1.0,1.0
12,105,3.4347490948805524,9.648421952228448,0.0,0.0,0.0,0.0,0.0,0.0
13,105,1.9017899322449336,5.899502757090607,0.0,1.0,0.0,1.0,1.0,0.0
14,105,6.516188128752556,5.075669243030742,1.0,0.0,0.0,1.0,0.0,0.0
15,105,5.734491010102871,11.538776689075211,0.0,0.0,0.0,0.0,1.0,0.0
16,105,5.72150566592583,4.084400061767942,1.0,0.0,0.0,0.0,1.0,0.0
17,105,3.13660983245472,8.164270488782824,1.0,0.0,0.0,1.0,0.0,0.0
18,105,5.661707392873788,1.3357603258212143,0.0,0.0,0.0,0.0,0.0,0.0
19,105,11.998259093084387,3.0958524835214853,0.0,0.0,1.0,1.0,0.0,0.0
20,105,6.10205723906048,11.81584880678998,0.0,0.0,0.0,0.0,0.0,0.0
21,105,5.993970408695232,8.89192296746511,0.0,0.0,0.0,0.0,1.0,1.0
22,105,0.7074380482829016,0.0,0.0,0.0,0.0,0.0,0.0,0.0
23,105,2.996446947564031,4.299506258451079,0.0,1.0,1.0,1.0,0.0,1.0
24,105,2.1402828431244867,6.236567985198214,1.0,1.0,1.0,1.0,0.0,0.0
25,105,9.013871193774817,8.042133365363718,0.0,1.0,0.0,0.0,1.0,1.0
26,105,6.223181134289741,10.96934465025194,0.0,0.0,0.0,1.0,1.0,1.0
27,105,8.715782709082319,6.845255835428703,0.0,0.0,0.0,1.0,0.0,1.0
28,105,0.0,4.7191256122626335,0.0,0.0,0.0,0.0,0.0,0.0
29,105,9.868676296286804,9.362595712495226,1.0,0.0,0.0,0.0,0.0,0.0
30,105,0.0,4.30632867139246,1.0,1.0,0.0,0.0,1.0,1.0
31,105,2.2094634472325,4.738634257491788,1.0,1.0,1.0,1.0,0.0,0.0
32,105,7.899074249611771,0.0,0.0,0.0,0.0,1.0,0.0,0.0
33,105,6.551914717593431,8.136778681502452,0.0,1.0,0.0,0.0,0.0,0.0
34,105,2.7721537826704625,12.0,0.0,1.0,0.0,0.0,1.0,0.0
35,105,11.268723739790085,2.436752824682753,1.0,0.0,0.0,0.0,1.0,0.0
36,105,5.970932844572157,1.7975439758114495,0.0,1.0,1.0,0.0,1.0,1.0
37,105,2.9721489316496554,11.402658300985168,1.0,0.0,0.0,0.0,1.0,1.0
38,105,8.785998550577785,2.509952572843748,1.0,0.0,1.0,0.0,1.0,0.0
39,105,2.7230111829474404,3.347992025214192,0.0,1.0,1.0,1.0,1.0,1.0
0,110,12.0,4.936207976362044,0.0,1.0,0.0,1.0,0.0,1.0
1,110,4.449772788747166,1.186771213261992,1.0,0.0,1.0,1.0,1.0,1.0
2,110,1.9678451116939424,1.041200382006741,0.0,0.0,0.0,0.0,0.0,0.0
3,110,11.65724433262562,9.206226362097135,0.0,0.0,1.0,0.0,0.0,0.0
4,110,11.063598273510852,7.280768172309706,0.0,0.0,1.0,0.0,1.0,0.0
5,110,12.0,6.245537625021457,1.0,1.0,0.0,0.0,0.0,0.0
6,110,0.0,3.990804921412389,1.0,0.0,1.0,0.0,1.0,1.0
7,110,5.893054875871179,6.407999730516375,0.0,0.0,0.0,0.0,1.0,0.0
8,110,4.004503656097183,9.271369127960137,0.0,0.0,1.0,1.0,0.0,1.0
9,110,8.711891775886603,5.730611128395452,1.0,0.0,0.0,1.0,0.0,0.0
10,110,3.383459284883052,7.149483474067064,0.0,1.0,1.0,0.0,0.0,0.0
11,110,10.82541538429676,5.051122162772062,0.0,0.0,0.0,0.0,1.0,1.0
12,110,3.415781312569929,9.630709170973374,0.0,0.0,0.0,0.0,0.0,0.0
13,110,1.8636272271938932,5.854203487630743,0.0,1.0,0.0,1.0,1.0,0.0
14,110,6.497160943871164,5.083255511842155,1.0,0.0,0.0,1.0,0.0,0.0
15,110,5.770218634397263,11.62952573897744,0.0,0.0,0.0,0.0,1.0,0.0
16,110,5.633335570477096,3.9528009135598094,1.0,0.0,0.0,0.0,1.0,0.0
17,110,3.182339276360937,8.169721543770796,1.0,0.0,0.0,1.0,0.0,0.0
18,110,5.628648596803412,1.364975564584431,0.0,0.0,0.0,0.0,0.0,0.0
19,110,11.998554758364186,3.056479605283928,0.0,0.0,1.0,1.0,0.0,0.0
20,110,6.117753175711132,11.863866807021132,0.0,0.0,0.0,0.0,0.0,0.0
21,110,5.979611478473264,8.968341571385492,0.0,0.0,0.0,0.0,1.0,1.0
22,110,0.7431581340300395,0.0,0.0,0.0,0.0,0.0,0.0,0.0
23,110,2.9908118912018278,4.388881102746651,0.0,1.0,1.0,1.0,0.0,1.0
24,110,2.169249258843696,6.213873460588817,1.0,1.0,1.0,1.0,0.0,0.0
25,110,9.012789241838156,8.039279031306622,0.0,1.0,0.0,0.0,1.0,1.0
26,110,6.141696546317856,10.918728626568656,0.0,0.0,0.0,1.0,1.0,1.0
27,110,8.600406780616456,6.942370639211025,0.0,0.0,0.0,1.0,0.0,1.0
28,110,0.0,4.707791091830288,0.0,0.0,0.0,0.0,0.0,0.0
29,110,9.862672954200187,9.249072142962836,1.0,0.0,0.0,0.0,0.0,0.0
30,110,0.0,4.443539840101252,1.0,1.0,0.0,0.0,1.0,1.0
31,110,2.2397112452997856,4.699619556337532,1.0,1.0,1.0,1.0,0.0,0.0
32,110,7.889987708315265,0.0,0.0,0.0,0.0,1.0,0.0,0.0
33,110,6.573592703697247,8.144630228487772,0.0,1.0,0.0,0.0,0.0,0.0
34,110,2.848207643750217,12.0,0.0,1.0,0.0,0.0,1.0,0.0
35,110,11.259594905595913,2.428922034621998,1.0,0.0,0.0,0.0,1.0,0.0
36,110,5.972164600699716,1.814914157584525,0.0,1.0,1.0,0.0,1.0,1.0
37,110,2.9721112523395723,11.403775948592244,1.0,0.0,0.0,0.0,1.0,1.0
38,110,8.804640230177592,2.5686766315562144,1.0,0.0,1.0,0.0,1.0,0.0
39,110,2.7042121804237955,3.430471916153711,0.0,1.0,1.0,1.0,1.0,1.0
0,115,12.0,4.914480345639476,0.0,1.0,0.0,1.0,0.0,1.0
1,115,4.48445786356034,1.1717364463462745,1.0,0.0,1.0,1.0,1.0,1.0
2,115,1.9458552767539437,1.0943842476588683,0.0,0.0,0.0,0.0,0.0,0.0
3,115,11.623546566204856,9.237560919237856,0.0,0.0,1.0,0.0,0.0,0.0
4,115,11.036271948798724,7.295623214584551,0.0,0.0,1.0,0.0,1.0,0.0
5,115,12.0,6.182033221875717,1.0,1.0,0.0,0.0,0.0,0.0
6,115,0.0,3.9599287098768015,1.0,0.0,1.0,0.0,1.0,1.0
7,115,5.946315021018838,6.384357324198189,0.0,0.0,0.0,0.0,1.0,0.0
8,115,4.004330993116531,9.29420647265257,0.0,0.0,1.0,1.0,0.0,1.0
9,115,8.664991733909215,5.591723097740289,1.0,0.0,0.0,1.0,0.0,0.0
10,115,3.45808541273606,7.171421100526682,0.0,1.0,1.0,0.0,0.0,0.0
11,115,10.778785555036492,5.013675369961391,0.0,0.0,0.0,0.0,1.0,1.0
12,115,3.4070772664869136,9.622836596967778,0.0,0.0,0.0,0.0,0.0,0.0
13,115,1.8176630072708064,5.801542336549232,0.0,1.0,0.0,1.0,1.0,0.0
14,115,6.471701168186736,5.09494155920761,1.0,0.0,0.0,1.0,0.0,0.0
15,115,5.804412425744191,11.71989243893882,0.0,0.0,0.0,0.0,1.0,0.0
16,115,5.53735689775063,3.819338970626122,1.0,0.0,0.0,0.0,1.0,0.0
17,115,3.2365113768073157,8.176984806980903,1.0,0.0,0.0,1.0,0.0,0.0
18,115,5.601995632413663,1.388509341093619,0.0,0.0,0.0,0.0,0.0,0.0
19,115,11.998347857924433,3.013198166705674,0.0,0.0,1.0,1.0,0.0,0.0
20,115,6.13523581820148,11.919207798054304,0.0,0.0,0.0,0.0,0.0,0.0
21,115,5.95907370242063,9.0732513352785,0.0,0.0,0.0,0.0,1.0,1.0
22,115,0.7917301359885055,0.0,0.0,0.0,0.0,0.0,0.0,0.0
23,115,2.985835177974104,4.470321133157417,0.0,1.0,1.0,1.0,0.0,1.0
24,115,2.2262144687052827,6.173518203729445,1.0,1.0,1.0,1.0,0.0,0.0
25,115,9.013593783819784,8.04147638126572,0.0,1.0,0.0,0.0,1.0,1.0
26,115,6.054057954404689,10.863055473987412,0.0,0.0,0.0,1.0,1.0,1.0
27,115,8.477808995966418,7.045804479215092,0.0,0.0,0.0,1.0,0.0,1.0
28,115,0.0,4.697095290383367,0.0,0.0,0.0,0.0,0.0,0.0
29,115,9.855856069917175,9.136042694238975,1.0,0.0,0.0,0.0,0.0,0.0
30,115,0.0,4.588373724025166,1.0,1.0,0.0,0.0,1.0,1.0
31,115,2.268766423677764,4.662705064130796,1.0,1.0,1.0,1.0,0.0,0.0
32,115,7.884136812435024,0.0,0.0,0.0,0.0,1.0,0.0,0.0
33,115,6.5878597102214655,8.149528456655386,0.0,1.0,0.0,0.0,0.0,0.0
34,115,2.9296969502645687,12.0,0.0,1.0,0.0,0.0,1.0,0.0
35,115,11.271050658181492,2.438441722969443,1.0,0.0,0.0,0.0,1.0,0.0
36,115,5.972814403637522,1.8267504596984967,0.0,1.0,1.0,0.0,1.0,1.0
37,115,2.972166166961825,11.402662806233144,1.0,0.0,0.0,0.0,1.0,1.0
38,115,8.818349927506462,2.6133966522881003,1.0,0.0,1.0,0.0,1.0,0.0
39,115,2.686419594001011,3.5072681024624712,0.0,1.0,1.0,1.0,1.0,1.0
0,120,12.0,4.909229403388022,0.0,1.0,0.0,1.0,0.0,1.0
1,120,4.529161203169773,1.1517232307220902,1.0,0.0,1.0,1.0,1.0,1.0
2,120,1.918792074470945,1.1601323640561758,0.0,0.0,0.0,0.0,0.0,0.0
3,120,11.580058504996623,9.27953472197354,0.0,0.0,1.0,0.0,0.0,0.0
4,120,10.997750050079777,7.315490955069997,0.0,0.0,1.0,0.0,1.0,0.0
5,120,12.0,6.122699111563506,1.0,1.0,0.0,0.0,0.0,0.0
6,120,0.0,3.926561341884325,1.0,0.0,1.0,0.0,1.0,1.0
7,120,5.976464633671456,6.37052235606549,0.0,0.0,0.0,0.0,1.0,0.0
8,120,4.003921065884695,9.311473453205393,0.0,0.0,1.0,1.0,0.0,1.0
9,120,8.612992154592886,5.4321558879482446,1.0,0.0,0.0,1.0,0.0,0.0
10,120,3.5208875726107367,7.188571017718141,0.0,1.0,1.0,0.0,0.0,0.0
11,120,10.697592444730088,4.951877779918609,0.0,0.0,0.0,0.0,1.0,1.0
12,120,3.3988487180374114,9.615080266538271,0.0,0.0,0.0,0.0,0.0,0.0
13,120,1.77482705507929,5.7511181414752,0.0,1.0,0.0,1.0,1.0,0.0
14,120,6.449120715859293,5.105199967939907,1.0,0.0,0.0,1.0,0.0,0.0
15,120,5.835781468140961,11.803753399965624,0.0,0.0,0.0,0.0,1.0,0.0
16,120,5.441374346092861,3.687262601591374,1.0,0.0,0.0,0.0,1.0,0.0
17,120,3.3035631099334117,8.18628349824323,1.0,0.0,0.0,1.0,0.0,0.0
18,120,5.580927459714716,1.4078455540537036,0.0,0.0,0.0,0.0,0.0,0.0
19,120,11.998096540609993,2.9595788932291023,0.0,0.0,1.0,1.0,0.0,0.0
20,120,6.151719329164197,11.976538307260832,0.0,0.0,0.0,0.0,0.0,0.0
21,120,5.940543326020375,9.158878816917728,0.0,0.0,0.0,0.0,1.0,1.0
22,120,0.8311000069142829,0.0,0.0,0.0,0.0,0.0,0.0,0.0
23,120,2.98051239874696,4.530492591822957,0.0,1.0,1.0,1.0,0.0,1.0
24,120,2.261346872461512,6.149855885103896,1.0,1.0,1.0,1.0,0.0,0.0
25,120,9.012627883973336,8.038775439577384,0.0,1.0,0.0,0.0,1.0,1.0
26,120,5.979617942080797,10.815030641214513,0.0,0.0,0.0,1.0,1.0,1.0
27,120,8.352394560036728,7.152032133330978,0.0,0.0,0.0,1.0,0.0,1.0
28,120,0.0,4.675947520606712,0.0,0.0,0.0,0.0,0.0,0.0
29,120,9.851275128636916,9.02182399153362,1.0,0.0,0.0,0.0,0.0,0.0
30,120,0.0,4.733278527353105,1.0,1.0,0.0,0.0,1.0,1.0
31,120,2.29137098053196,4.633333540723778,1.0,1.0,1.0,1.0,0.0,0.0
32,120,7.8804055771452814,0.0,0.0,0.0,0.0,1.0,0.0,0.0
33,120,6.584533685591975,8.159262093059851,0.0,1.0,0.0,0.0,0.0,0.0
34,120,2.9850875338232417,12.0,0.0,1.0,0.0,0.0,1.0,0.0
35,120,11.2552204505184,2.424656983857713,1.0,0.0,0.0,0.0,1.0,0.0
36,120,5.973993491228598,1.8572278096786023,0.0,1.0,1.0,0.0,1.0,1.0
37,120,2.9727686047603337,11.391823790564972,1.0,0.0,0.0,0.0,1.0,1.0
38,120,8.84433870793915,2.6941614999208,1.0,0.0,1.0,0.0,1.0,0.0
39,120,2.6711015394482733,3.569843411254763,0.0,1.0,1.0,1.0,1.0,1.0
0,125,12.0,4.907710620374475,0.0,1.0,0.0,1.0,0.0,1.0
1,125,4.595785589864057,1.123394233898548,1.0,0.0,1.0,1.0,1.0,1.0
2,125,1.891556492420202,1.229560088837161,0.0,0.0,0.0,0.0,0.0,0.0
3,125,11.540910698030528,9.317209989115788,0.0,0.0,1.0,0.0,0.0,0.0
4,125,10.942500022583973,7.344088441370828,0.0,0.0,1.0,0.0,1.0,0.0
5,125,12.0,6.064039705841185,1.0,1.0,0.0,0.0,0.0,0.0
6,125,0.0,3.8960238193412526,1.0,0.0,1.0,0.0,1.0,1.0
7,125,6.016925462128927,6.353369017559759,0.0,0.0,0.0,0.0,1.0,0.0
8,125,4.004645534935117,9.297689157641615,0.0,0.0,1.0,1.0,0.0,1.0
9,125,8.550589372261104,5.252415525121375,1.0,0.0,0.0,1.0,0.0,0.0
10,125,3.5560644185112555,7.199101858209088,0.0,1.0,1.0,0.0,0.0,0.0
11,125,10.61179364881945,4.889570149904824,0.0,0.0,0.0,0.0,1.0,1.0
12,125,3.395287177776643,9.61164139356857,0.0,0.0,0.0,0.0,0.0,0.0
13,125,1.730183777148785,5.698612152767111,0.0,1.0,0.0,1.0,1.0,0.0
14,125,6.427698987737759,5.115347877321738,1.0,0.0,0.0,1.0,0.0,0.0
15,125,5.874560478320402,11.905869447751742,0.0,0.0,0.0,0.0,1.0,0.0
16,125,5.339314876274524,3.5449691651573385,1.0,0.0,0.0,0.0,1.0,0.0
17,125,3.384713069259774,8.194564246732623,1.0,0.0,0.0,1.0,0.0,0.0
18,125,5.567071491222309,1.4191724676067576,0.0,0.0,0.0,0.0,0.0,0.0
19,125,11.997348975022769,2.901320811992712,0.0,0.0,1.0,1.0,0.0,0.0
20,125,6.163624388881958,12.0,0.0,0.0,0.0,0.0,0.0,0.0
21,125,5.921692298002583,9.255472742729973,0.0,0.0,0.0,0.0,1.0,1.0
22,125,0.8748084415001977,0.0,0.0,0.0,0.0,0.0,0.0,0.0
23,125,2.974893516186864,4.594235238954207,0.0,1.0,1.0,1.0,0.0,1.0
24,125,2.301396152659415,6.121325470240215,1.0,1.0,1.0,1.0,0.0,0.0
25,125,9.011974387259492,8.036947495022128,0.0,1.0,0.0,0.0,1.0,1.0
26,125,5.9299834308533255,10.782064179376226,0.0,0.0,0.0,1.0,1.0,1.0
27,125,8.221850807983577,7.263377939553441,0.0,0.0,0.0,1.0,0.0,1.0
28,125,0.0,4.648838770411625,0.0,0.0,0.0,0.0,0.0,0.0
29,125,9.84471640347495,8.92553989682096,1.0,0.0,0.0,0.0,0.0,0.0
30,125,0.0,4.880886757135149,1.0,1.0,0.0,0.0,1.0,1.0
31,125,2.3139178649501404,4.605760399777327,1.0,1.0,1.0,1.0,0.0,0.0
32,125,7.876157624400669,0.0,0.0,0.0,0.0,1.0,0.0,0.0
33,125,6.583945993703827,8.161085973809561,0.0,1.0,0.0,0.0,0.0,0.0
34,125,3.0233722903532634,12.0,0.0,1.0,0.0,0.0,1.0,0.0
35,125,11.248068778715956,2.4184751021013744,1.0,0.0,0.0,0.0,1.0,0.0
36,125,5.975206590011325,1.891120428118013,0.0,1.0,1.0,0.0,1.0,1.0
37,125,2.974650484404204,11.3680107354339,1.0,0.0,0.0,0.0,1.0,1.0
38,125,8.874642640790245,2.781040627385336,1.0,0.0,1.0,0.0,1.0,0.0
39,125,2.655264932916719,3.637248046735301,0.0,1.0,1.0,1.0,1.0,1.0
0,130,11.996195246872215,4.923869898901969,0.0,1.0,0.0,1.0,0.0,1.0
1,130,4.6466224739648,1.1021606254366143,1.0,0.0,1.0,1.0,1.0,1.0
2,130,1.867229132875557,1.2908489944514716,0.0,0.0,0.0,0.0,0.0,0.0
3,130,11.505081855907957,9.352958380657473,0.0,0.0,1.0,0.0,0.0,0.0
4,130,10.889413236255992,7.372012199867068,0.0,0.0,1.0,0.0,1.0,0.0
5,130,12.0,6.005661048129407,1.0,1.0,0.0,0.0,0.0,0.0
6,130,0.0,3.8773201051593,1.0,0.0,1.0,0.0,1.0,1.0
7,130,6.066901196357066,6.332411970042509,0.0,0.0,0.0,0.0,1.0,0.0
8,130,4.006297481977932,9.264762944969895,0.0,0.0,1.0,1.0,0.0,1.0
9,130,8.495843683982812,5.097524053910534,1.0,0.0,0.0,1.0,0.0,0.0
10,130,3.596395157597521,7.212120473757086,0.0,1.0,1.0,0.0,0.0,0.0
11,130,10.53697142846806,4.833910326348652,0.0,0.0,0.0,0.0,1.0,1.0
12,130,3.3942525057546136,9.61070205810356,0.0,0.0,0.0,0.0,0.0,0.0
13,130,1.6758166110215116,5.6344233840684,0.0,1.0,0.0,1.0,1.0,0.0
14,130,6.427024373396368,5.1156663922922,1.0,0.0,0.0,1.0,0.0,0.0
15,130,5.917285622630967,12.0,0.0,0.0,0.0,0.0,1.0,0.0
16,130,5.237689341926491,3.39994138749753,1.0,0.0,0.0,0.0,1.0,0.0
17,130,3.4693153767970872,8.203195028955953,1.0,0.0,0.0,1.0,0.0,0.0
18,130,5.5624642724882,1.42294250601344,0.0,0.0,0.0,0.0,0.0,0.0
19,130,11.996651267759225,2.84659994544015,0.0,0.0,1.0,1.0,0.0,0.0
20,130,6.177417027540969,12.0,0.0,0.0,0.0,0.0,0.0,0.0
21,130,5.901084558309647,9.360203987275376,0.0,0.0,0.0,0.0,1.0,1.0
22,130,0.9093490510462048,0.0,0.0,0.0,0.0,0.0,0.0,0.0
23,130,2.967337562831222,4.656397737815284,0.0,1.0,1.0,1.0,0.0,1.0
24,130,2.339802659326228,6.0953609199988,1.0,1.0,1.0,1.0,0.0,0.0
25,130,9.020490541462893,8.061063235672734,0.0,1.0,0.0,0.0,1.0,1.0
26,130,5.89439713059052,10.759222539726808,0.0,0.0,0.0,1.0,1.0,1.0
27,130,8.102620971091612,7.364795281719553,0.0,0.0,0.0,1.0,0.0,1.0
28,130,0.0,4.617437690735588,0.0,0.0,0.0,0.0,0.0,0.0
29,130,9.838687190254095,8.837735550131757,1.0,0.0,0.0,0.0,0.0,0.0
30,130,0.0,5.050042467948567,1.0,1.0,0.0,0.0,1.0,1.0
31,130,2.3272270223631017,4.589658235872528,1.0,1.0,1.0,1.0,0.0,0.0
32,130,7.873846134749352,0.0,0.0,0.0,0.0,1.0,0.0,0.0
33,130,6.579446440922395,8.173737810830668,0.0,1.0,0.0,0.0,0.0,0.0
34,130,3.065871622062601,12.0,0.0,1.0,0.0,0.0,1.0,0.0
35,130,11.236289276150684,2.4077439361158977,1.0,0.0,0.0,0.0,1.0,0.0
36,130,5.975881858344768,1.9130928219181849,0.0,1.0,1.0,0.0,1.0,1.0
37,130,2.9755116600321583,11.354951486837791,1.0,0.0,0.0,0.0,1.0,1.0
38,130,8.91636545642597,2.893585967773456,1.0,0.0,1.0,0.0,1.0,0.0
39,130,2.6318641142282684,3.7239619249749767,0.0,1.0,1.0,1.0,1.0,1.0
0,135,11.993845018134213,4.932938506423769,0.0,1.0,0.0,1.0,0.0,1.0
1,135,4.725410972520596,1.0700296757190308,1.0,0.0,1.0,1.0,1.0,1.0
2,135,1.837793132747414,1.359283926655385,0.0,0.0,0.0,0.0,0.0,0.0
3,135,11.467917324882947,9.387917772083783,0.0,0.0,1.0,0.0,0.0,0.0
4,135,10.82287811972554,7.407352532309527,0.0,0.0,1.0,0.0,1.0,0.0
5,135,12.0,5.94416486296122,1.0,1.0,0.0,0.0,0.0,0.0
6,135,0.0,3.857862415492397,1.0,0.0,1.0,0.0,1.0,1.0
7,135,6.101823683662796,6.318710953031828,0.0,0.0,0.0,0.0,1.0,0.0
8,135,4.0082003014843055,9.230423939613642,0.0,0.0,1.0,1.0,0.0,1.0
9,135,8.440758781784844,4.933598900041894,1.0,0.0,0.0,1.0,0.0,0.0
10,135,3.620701977222276,7.219621928479665,0.0,1.0,1.0,0.0,0.0,0.0
11,135,10.469755742233191,4.78558223463979,0.0,0.0,0.0,0.0,1.0,1.0
12,135,3.386826368633552,9.603770440989306,0.0,0.0,0.0,0.0,0.0,0.0
13,135,1.6283479173062942,5.577374063327225,0.0,1.0,0.0,1.0,1.0,0.0
14,135,6.41996965146125,5.119042767078345,1.0,0.0,0.0,1.0,0.0,0.0
15,135,5.952650375342692,12.0,0.0,0.0,0.0,0.0,1.0,0.0
16,135,5.1309696253676345,3.240273104139078,1.0,0.0,0.0,0.0,1.0,0.0
17,135,3.5619996558789957,8.212558912032629,1.0,0.0,0.0,1.0,0.0,0.0
18,135,5.566676062495665,1.4193886622298757,0.0,0.0,0.0,0.0,0.0,0.0
19,135,11.995187473217754,2.790897400016356,0.0,0.0,1.0,1.0,0.0,0.0
20,135,6.188907885333502,12.0,0.0,0.0,0.0,0.0,0.0,0.0
21,135,5.879359702586718,9.456100673102275,0.0,0.0,0.0,0.0,1.0,1.0
22,135,0.9296401934365678,0.0,0.0,0.0,0.0,0.0,0.0,0.0
23,135,2.9584439851002395,4.71468033344466,0.0,1.0,1.0,1.0,0.0,1.0
24,135,2.388883692954266,6.063955051909646,1.0,1.0,1.0,1.0,0.0,0.0
25,135,9.029682389254573,8.088022074369915,0.0,1.0,0.0,0.0,1.0,1.0
26,135,5.869846940239527,10.743125158828452,0.0,0.0,0.0,1.0,1.0,1.0
27,135,8.009816359169267,7.443730572028314,0.0,0.0,0.0,1.0,0.0,1.0
28,135,0.0,4.581744842641848,0.0,0.0,0.0,0.0,0.0,0.0
29,135,9.831720414575152,8.74781439966771,1.0,0.0,0.0,0.0,0.0,0.0
30,135,0.0,5.218503153524849,1.0,1.0,0.0,0.0,1.0,1.0
31,135,2.33792320004414,4.576066752360115,1.0,1.0,1.0,1.0,0.0,0.0
32,135,7.870149519368185,0.0,0.0,0.0,0.0,1.0,0.0,0.0
33,135,6.5695104993612,8.201526354712485,0.0,1.0,0.0,0.0,0.0,0.0
34,135,3.1023414825093254,12.0,0.0,1.0,0.0,0.0,1.0,0.0
35,135,11.253502062525932,2.389498444006225,1.0,0.0,0.0,0.0,1.0,0.0
36,135,5.975947437372029,1.9226683391651491,0.0,1.0,1.0,0.0,1.0,1.0
37,135,2.976863709528286,11.332716663075592,1.0,0.0,0.0,0.0,1.0,1.0
38,135,8.96312831649046,3.014733126498237,1.0,0.0,1.0,0.0,1.0,0.0
39,135,2.609542268698319,3.8198612156475753,0.0,1.0,1.0,1.0,1.0,1.0
0,140,11.994860024138536,4.928949892428179,0.0,1.0,0.0,1.0,0.0,1.0
1,140,4.809195952382763,1.036689321924945,1.0,0.0,1.0,1.0,1.0,1.0
2,140,1.8132419226994976,1.4252760143966958,0.0,0.0,0.0,0.0,0.0,0.0
3,140,11.412012356018304,9.437198379028018,0.0,0.0,1.0,0.0,0.0,0.0
4,140,10.760227529774776,7.439225908555555,0.0,0.0,1.0,0.0,1.0,0.0
5,140,12.0,5.877221751414322,1.0,1.0,0.0,0.0,0.0,0.0
6,140,0.0,3.8458110789157214,1.0,0.0,1.0,0.0,1.0,1.0
7,140,6.133729972230008,6.30584468357074,0.0,0.0,0.0,0.0,1.0,0.0
8,140,4.009849365207427,9.183062558379278,0.0,0.0,1.0,1.0,0.0,1.0
9,140,8.38479606657557,4.768993725472928,1.0,0.0,0.0,1.0,0.0,0.0
10,140,3.6684189791759785,7.234595117383158,0.0,1.0,1.0,0.0,0.0,0.0
11,140,10.41628473772121,4.748620211857356,0.0,0.0,0.0,0.0,1.0,1.0
12,140,3.380279973044155,9.59772128121172,0.0,0.0,0.0,0.0,0.0,0.0
13,140,1.5861172166415185,5.528053233798325,0.0,1.0,0.0,1.0,1.0,0.0
14,140,6.415965579710172,5.120993050798959,1.0,0.0,0.0,1.0,0.0,0.0
15,140,5.980415143948988,12.0,0.0,0.0,0.0,0.0,1.0,0.0
16,140,5.032606790388682,3.091149904935532,1.0,0.0,0.0,0.0,1.0,0.0
17,140,3.659369881941977,8.218147392751723,1.0,0.0,0.0,1.0,0.0,0.0
18,140,5.583512438199096,1.405765958239478,0.0,0.0,0.0,0.0,0.0,0.0
19,140,11.992848092642475,2.713335514827038,0.0,0.0,1.0,1.0,0.0,0.0
20,140,6.200210817091185,12.0,0.0,0.0,0.0,0.0,0.0,0.0
21,140,5.856382657212941,9.559839004933416,0.0,0.0,0.0,0.0,1.0,1.0
22,140,0.9571404373662808,0.0,0.0,0.0,0.0,0.0,0.0,0.0
23,140,2.9519192826079057,4.7660914742403335,0.0,1.0,1.0,1.0,0.0,1.0
24,140,2.4260964536619376,6.0403762926531455,1.0,1.0,1.0,1.0,0.0,0.0
25,140,9.03696652954928,8.109026407981384,0.0,1.0,0.0,0.0,1.0,1.0
26,140,5.832359038933427,10.718381986954263,0.0,0.0,0.0,1.0,1.0,1.0
27,140,7.919902773144947,7.517497132398542,0.0,0.0,0.0,1.0,0.0,1.0
28,140,0.0,4.548934142703816,0.0,0.0,0.0,0.0,0.0,0.0
29,140,9.826766899834633,8.655972623485587,1.0,0.0,0.0,0.0,0.0,0.0
30,140,0.0,5.395528081064813,1.0,1.0,0.0,0.0,1.0,1.0
31,140,2.3376236815233487,4.576450810475227,1.0,1.0,1.0,1.0,0.0,0.0
32,140,7.865047216331966,0.0,0.0,0.0,0.0,1.0,0.0,0.0
33,140,6.566141395205879,8.211614975721579,0.0,1.0,0.0,0.0,0.0,0.0
34,140,3.1518202745815374,12.0,0.0,1.0,0.0,0.0,1.0,0.0
35,140,11.28268827659391,2.359712483433614,1.0,0.0,0.0,0.0,1.0,0.0
36,140,5.9758069816629344,1.9351294804799888,0.0,1.0,1.0,0.0,1.0,1.0
37,140,2.9780612647205222,11.31163451541567,1.0,0.0,0.0,0.0,1.0,1.0
38,140,9.013026684572926,3.147694728556352,1.0,0.0,1.0,0.0,1.0,0.0
39,140,2.584347765594512,3.918970133247048,0.0,1.0,1.0,1.0,1.0,1.0
0,145,11.994263319712807,4.931180185303667,0.0,1.0,0.0,1.0,0.0,1.0
1,145,4.892394693596972,1.003208359475943,1.0,0.0,1.0,1.0,1.0,1.0
2,145,1.788466925741326,1.4870445387518207,0.0,0.0,0.0,0.0,0.0,0.0
3,145,11.353158681165755,9.489987500056657,0.0,0.0,1.0,0.0,0.0,0.0
4,145,10.680111541270472,7.483765469294116,0.0,0.0,1.0,0.0,1.0,0.0
5,145,12.0,5.810979994219254,1.0,1.0,0.0,0.0,0.0,0.0
6,145,0.0021749990988684,3.8472438103378814,1.0,0.0,1.0,0.0,1.0,1.0
7,145,6.157494026011971,6.297016860771418,0.0,0.0,0.0,0.0,1.0,0.0
8,145,4.011852911563343,9.130567449369812,0.0,0.0,1.0,1.0,0.0,1.0
9,145,8.323835207348608,4.591058563509423,1.0,0.0,0.0,1.0,0.0,0.0
10,145,3.7090689970420905,7.2472689881541665,0.0,1.0,1.0,0.0,0.0,0.0
11,145,10.354757740895648,4.706685130864276,0.0,0.0,0.0,0.0,1.0,1.0
12,145,3.3823442042888523,9.599739407775443,0.0,0.0,0.0,0.0,0.0,0.0
13,145,1.5517608545305976,5.488404846540419,0.0,1.0,0.0,1.0,1.0,0.0
14,145,6.4219661619235415,5.118020390726818,1.0,0.0,0.0,1.0,0.0,0.0
15,145,6.00508587863902,12.0,0.0,0.0,0.0,0.0,1.0,0.0
16,145,4.933698074148524,2.9378742479204325,1.0,0.0,0.0,0.0,1.0,0.0
17,145,3.748270310785417,8.221525503981226,1.0,0.0,0.0,1.0,0.0,0.0
18,145,5.601327385103375,1.39122205347155,0.0,0.0,0.0,0.0,0.0,0.0
19,145,11.99137881258308,2.6450560763935465,0.0,0.0,1.0,1.0,0.0,0.0
20,145,6.211549979820741,12.0,0.0,0.0,0.0,0.0,0.0,0.0
21,145,5.964553294826221,9.5830915930699,0.0,0.0,0.0,0.0,1.0,1.0
22,145,0.929502996625744,0.0,0.0,0.0,0.0,0.0,0.0,0.0
23,145,2.9428424377131432,4.83016260581331,0.0,1.0,1.0,1.0,0.0,1.0
24,145,2.4701767930259724,6.012204706951104,1.0,1.0,1.0,1.0,0.0,0.0
25,145,9.04507488086492,8.133472722021212,0.0,1.0,0.0,0.0,1.0,1.0
26,145,5.774242744292715,10.680613821175612,0.0,0.0,0.0,1.0,1.0,1.0
27,145,7.832271018462194,7.589478437498956,0.0,0.0,0.0,1.0,0.0,1.0
28,145,0.0,4.529617388208756,0.0,0.0,0.0,0.0,0.0,0.0
29,145,9.821886613835307,8.556917238476471,1.0,0.0,0.0,0.0,0.0,0.0
30,145,0.0,5.562412925786066,1.0,1.0,0.0,0.0,1.0,1.0
31,145,2.3515156147041862,4.558974605300202,1.0,1.0,1.0,1.0,0.0,0.0
32,145,7.858767952067637,0.0,0.0,0.0,0.0,1.0,0.0,0.0
33,145,6.5681333198100855,8.204941668050411,0.0,1.0,0.0,0.0,0.0,0.0
34,145,3.1949768075531835,12.0,0.0,1.0,0.0,0.0,1.0,0.0
35,145,11.324016771080906,2.320198797619098,1.0,0.0,0.0,0.0,1.0,0.0
36,145,5.975440222770139,1.9761729031266453,0.0,1.0,1.0,0.0,1.0,1.0
37,145,2.9795787100441524,11.263840099367226,1.0,0.0,0.0,0.0,1.0,1.0
38,145,9.057204680968622,3.266233810118478,1.0,0.0,1.0,0.0,1.0,0.0
39,145,2.563651740027247,4.008428161403399,0.0,1.0,1.0,1.0,1.0,1.0
0,150,11.994092404962348,4.931874684714042,0.0,1.0,0.0,1.0,0.0,1.0
1,150,4.974635087791075,0.9706533664505722,1.0,0.0,1.0,1.0,1.0,1.0
2,150,1.776343502175968,1.5172738092219955,0.0,0.0,0.0,0.0,0.0,0.0
3,150,11.30958866838516,9.530208488989809,0.0,0.0,1.0,0.0,0.0,0.0
4,150,10.605742060508984,7.526402361550843,0.0,0.0,1.0,0.0,1.0,0.0
5,150,12.0,5.7441516566829485,1.0,1.0,0.0,0.0,0.0,0.0
6,150,0.0,3.838234350912795,1.0,0.0,1.0,0.0,1.0,1.0
7,150,6.203453429071958,6.281270061931219,0.0,0.0,0.0,0.0,1.0,0.0
8,150,4.01347679568067,9.072821961151648,0.0,0.0,1.0,1.0,0.0,1.0
9,150,8.265520416703184,4.424585737883109,1.0,0.0,0.0,1.0,0.0,0.0
10,150,3.765348075588335,7.262940377651886,0.0,1.0,1.0,0.0,0.0,0.0
11,150,10.278552598720372,4.650957030110237,0.0,0.0,0.0,0.0,1.0,1.0
12,150,3.3932348948250084,9.61044679633276,0.0,0.0,0.0,0.0,0.0,0.0
13,150,1.5264648003312704,5.4592461604193145,0.0,1.0,0.0,1.0,1.0,0.0
14,150,6.432073163405437,5.113001890244068,1.0,0.0,0.0,1.0,0.0,0.0
15,150,6.028220517354531,12.0,0.0,0.0,0.0,0.0,1.0,0.0
16,150,4.841858251249013,2.785410321586621,1.0,0.0,0.0,0.0,1.0,0.0
17,150,3.836334555250247,8.223628557322577,1.0,0.0,0.0,1.0,0.0,0.0
18,150,5.614755704945131,1.3806336427568864,0.0,0.0,0.0,0.0,0.0,0.0
19,150,11.990201625525792,2.563068669198647,0.0,0.0,1.0,1.0,0.0,0.0
20,150,6.227244625952486,12.0,0.0,0.0,0.0,0.0,0.0,0.0
21,150,6.067328048157382,9.605435715834632,0.0,0.0,0.0,0.0,1.0,1.0
22,150,0.9139233371629016,0.0,0.0,0.0,0.0,0.0,0.0,0.0
23,150,2.9312627079296765,4.896598289761244,0.0,1.0,1.0,1.0,0.0,1.0
24,150,2.5222458174823834,5.977911379127471,1.0,1.0,1.0,1.0,0.0,0.0
25,150,9.051578136549102,8.152718966691003,0.0,1.0,0.0,0.0,1.0,1.0
26,150,5.69895067603155,10.6355591280885,0.0,0.0,0.0,1.0,1.0,1.0
27,150,7.736790825016259,7.668761136150858,0.0,0.0,0.0,1.0,0.0,1.0
28,150,0.0,4.50195309823846,0.0,0.0,0.0,0.0,0.0,0.0
29,150,9.81661122012481,8.457631468438178,1.0,0.0,0.0,0.0,0.0,0.0
30,150,0.0,5.717668223968071,1.0,1.0,0.0,0.0,1.0,1.0
31,150,2.362750386765546,4.545848162333722,1.0,1.0,1.0,1.0,0.0,0.0
32,150,7.854592268608412,0.0,0.0,0.0,0.0,1.0,0.0,0.0
33,150,6.576907764790633,8.176763939629025,0.0,1.0,0.0,0.0,0.0,0.0
34,150,3.224853162110897,12.0,0.0,1.0,0.0,0.0,1.0,0.0
35,150,11.347323590122532,2.2968852583855206,1.0,0.0,0.0,0.0,1.0,0.0
36,150,5.975955995446415,2.0151188893808967,0.0,1.0,1.0,0.0,1.0,1.0
37,150,2.979912035261428,11.241581782702989,1.0,0.0,0.0,0.0,1.0,1.0
38,150,9.096193433415946,3.368825707568114,1.0,0.0,1.0,0.0,1.0,0.0
39,150,2.536924011817926,4.111793046076001,0.0,1.0,1.0,1.0,1.0,1.0
0,155,11.997880244393272,4.916746875438517,0.0,1.0,0.0,1.0,0.0,1.0
1,155,5.034878461568908,0.9471977663370448,1.0,0.0,1.0,1.0,1.0,1.0
2,155,1.758732218711746,1.560466721656663,0.0,0.0,0.0,0.0,0.0,0.0
3,155,11.269801846957034,9.563646207633534,0.0,0.0,1.0,0.0,0.0,0.0
4,155,10.52708642571913,7.572367703874061,0.0,0.0,1.0,0.0,1.0,0.0
5,155,12.0,5.668821559232454,1.0,1.0,0.0,0.0,0.0,0.0
6,155,0.006857170837173,3.842987644013883,1.0,0.0,1.0,0.0,1.0,1.0
7,155,6.249546630342582,6.2659682071206735,0.0,0.0,0.0,0.0,1.0,0.0
8,155,4.014429140075447,9.02212450807284,0.0,0.0,1.0,1.0,0.0,1.0
9,155,8.188839806388895,4.222230355919752,1.0,0.0,0.0,1.0,0.0,0.0
10,155,3.829032944677987,7.279404050870853,0.0,1.0,1.0,0.0,0.0,0.0
11,155,10.206913895045764,4.599650005432168,0.0,0.0,0.0,0.0,1.0,1.0
12,155,3.4048138870832547,9.621584516775991,0.0,0.0,0.0,0.0,0.0,0.0
13,155,1.541141375435538,5.447303117637316,0.0,1.0,0.0,1.0,1.0,0.0
14,155,6.471496550005278,5.093909001672245,1.0,0.0,0.0,1.0,0.0,0.0
15,155,6.056544726893873,12.0,0.0,0.0,0.0,0.0,1.0,0.0
16,155,4.743047695177356,2.611402255219381,1.0,0.0,0.0,0.0,1.0,0.0
17,155,3.9398596356430353,8.226308580409016,1.0,0.0,0.0,1.0,0.0,0.0
18,155,5.59523272500186,1.3958048936023442,0.0,0.0,0.0,0.0,0.0,0.0
19,155,11.988639997527098,2.511166328019244,0.0,0.0,1.0,1.0,0.0,0.0
20,155,6.248215748088064,12.0,0.0,0.0,0.0,0.0,0.0,0.0
21,155,6.174128355225535,9.628961093493348,0.0,0.0,0.0,0.0,1.0,1.0
22,155,0.8969960920201755,0.0,0.0,0.0,0.0,0.0,0.0,0.0
23,155,2.9237330428817816,4.940860008036797,0.0,1.0,1.0,1.0,0.0,1.0
24,155,2.574108990009412,5.943081645745823,1.0,1.0,1.0,1.0,0.0,0.0
25,155,9.05728827257938,8.169207991985502,0.0,1.0,0.0,0.0,1.0,1.0
26,155,5.620161091539527,10.590783081350402,0.0,0.0,0.0,1.0,1.0,1.0
27,155,7.646727638769052,7.744722607461538,0.0,0.0,0.0,1.0,0.0,1.0
28,155,0.0,4.48038657465141,0.0,0.0,0.0,0.0,0.0,0.0
29,155,9.811753727094109,8.355756707195416,1.0,0.0,0.0,0.0,0.0,0.0
30,155,0.0,5.870297902031368,1.0,1.0,0.0,0.0,1.0,1.0
31,155,2.381535001045444,4.522348629758929,1.0,1.0,1.0,1.0,0.0,0.0
32,155,7.850990172352856,0.0,0.0,0.0,0.0,1.0,0.0,0.0
33,155,6.581191937021001,8.163549697749914,0.0,1.0,0.0,0.0,0.0,0.0
34,155,3.2795247947701056,12.0,0.0,1.0,0.0,0.0,1.0,0.0
35,155,11.37924433556693,2.265334171350897,1.0,0.0,0.0,0.0,1.0,0.0
36,155,5.977181400770918,2.0744787629956,0.0,1.0,1.0,0.0,1.0,1.0
37,155,2.9803109239603405,11.210975376402562,1.0,0.0,0.0,0.0,1.0,1.0
38,155,9.15323614833108,3.500563176494881,1.0,0.0,1.0,0.0,1.0,0.0
39,155,2.513637750090269,4.209502099201348,0.0,1.0,1.0,1.0,1.0,1.0
0,160,11.992787532846062,4.935925602629108,0.0,1.0,0.0,1.0,0.0,1.0
1,160,5.07270696425068,0.9323356704973124,1.0,0.0,1.0,1.0,1.0,1.0
2,160,1.746508374738434,1.5910952190828855,0.0,0.0,0.0,0.0,0.0,0.0
3,160,11.226599319224889,9.599810118266516,0.0,0.0,1.0,0.0,0.0,0.0
4,160,10.444559380332066,7.621741774596503,0.0,0.0,1.0,0.0,1.0,0.0
5,160,12.0,5.586313182584583,1.0,1.0,0.0,0.0,0.0,0.0
6,160,0.0126341671925873,3.8470128541497473,1.0,0.0,1.0,0.0,1.0,1.0
7,160,6.303754139294873,6.247663785908071,0.0,0.0,0.0,0.0,1.0,0.0
8,160,4.018754815708486,8.946176549401574,0.0,0.0,1.0,1.0,0.0,1.0
9,160,8.107838775470084,4.014445822389816,1.0,0.0,0.0,1.0,0.0,0.0
10,160,3.884501973765038,7.293057705631823,0.0,1.0,1.0,0.0,0.0,0.0
11,160,10.123160185254726,4.534166037395139,0.0,0.0,0.0,0.0,1.0,1.0
12,160,3.422093859116086,9.637875698914224,0.0,0.0,0.0,0.0,0.0,0.0
13,160,1.5686775677849838,5.4240573284137845,0.0,1.0,0.0,1.0,1.0,0.0
14,160,6.512809606510456,5.07241912391784,1.0,0.0,0.0,1.0,0.0,0.0
15,160,6.081480804047101,12.0,0.0,0.0,0.0,0.0,1.0,0.0
16,160,4.643802367053336,2.43682727141528,1.0,0.0,0.0,0.0,1.0,0.0
17,160,4.040082981075783,8.231414134745535,1.0,0.0,0.0,1.0,0.0,0.0
18,160,5.588066293203434,1.401358234541992,0.0,0.0,0.0,0.0,0.0,0.0
19,160,11.986823460794406,2.444781738784774,0.0,0.0,1.0,1.0,0.0,0.0
20,160,6.266899855013447,12.0,0.0,0.0,0.0,0.0,0.0,0.0
21,160,6.301792701745174,9.662539890617364,0.0,0.0,0.0,0.0,1.0,1.0
22,160,0.8552706264181397,0.0,0.0,0.0,0.0,0.0,0.0,0.0
23,160,2.918789751345485,4.971706700870409,0.0,1.0,1.0,1.0,0.0,1.0
24,160,2.647078419686738,5.89407311738415,1.0,1.0,1.0,1.0,0.0,0.0
25,160,9.06252538492965,8.185347016083266,0.0,1.0,0.0,0.0,1.0,1.0
26,160,5.549992942153727,10.55127535606035,0.0,0.0,0.0,1.0,1.0,1.0
27,160,7.558436300886341,7.821965660957111,0.0,0.0,0.0,1.0,0.0,1.0
28,160,0.0,4.452840230164703,0.0,0.0,0.0,0.0,0.0,0.0
29,160,9.806007945112883,8.268422786521725,1.0,0.0,0.0,0.0,0.0,0.0
30,160,0.0,6.024581973881464,1.0,1.0,0.0,0.0,1.0,1.0
31,160,2.4040905340397263,4.493390216548664,1.0,1.0,1.0,1.0,0.0,0.0
32,160,7.846526606354438,0.0,0.0,0.0,0.0,1.0,0.0,0.0
33,160,6.586632298137758,8.146431059174608,0.0,1.0,0.0,0.0,0.0,0.0
34,160,3.371812752699779,12.0,0.0,1.0,0.0,0.0,1.0,0.0
35,160,11.410116618355664,2.2342343686359616,1.0,0.0,0.0,0.0,1.0,0.0
36,160,5.97955521259804,2.1466783828374814,0.0,1.0,1.0,0.0,1.0,1.0
37,160,2.9802724618196,11.181787301733996,1.0,0.0,0.0,0.0,1.0,1.0
38,160,9.204224622603055,3.622137797937236,1.0,0.0,1.0,0.0,1.0,0.0
39,160,2.4931386528103303,4.296829625773788,0.0,1.0,1.0,1.0,1.0,1.0
0,165,11.987866590005888,4.957274226802728,0.0,1.0,0.0,1.0,0.0,1.0
1,165,5.122624249740505,0.913482918693536,1.0,0.0,1.0,1.0,1.0,1.0
2,165,1.7313491349612091,1.626918142345494,0.0,0.0,0.0,0.0,0.0,0.0
3,165,11.183707350735704,9.63344263042032,0.0,0.0,1.0,0.0,0.0,0.0
4,165,10.343282496362406,7.685634910964933,0.0,0.0,1.0,0.0,1.0,0.0
5,165,12.0,5.501364961260485,1.0,1.0,0.0,0.0,0.0,0.0
6,165,0.0017417053427251,3.838854741567677,1.0,0.0,1.0,0.0,1.0,1.0
7,165,6.353579126038277,6.230666398468609,0.0,0.0,0.0,0.0,1.0,0.0
8,165,4.024165099301038,8.868988973307012,0.0,0.0,1.0,1.0,0.0,1.0
9,165,8.034235118924599,3.814288124740746,1.0,0.0,0.0,1.0,0.0,0.0
10,165,3.919236396153553,7.301292628606359,0.0,1.0,1.0,0.0,0.0,0.0
11,165,10.017898104131634,4.452060881930554,0.0,0.0,0.0,0.0,1.0,1.0
12,165,3.4432506042044904,9.658567379782944,0.0,0.0,0.0,0.0,0.0,0.0
13,165,1.6077361873435363,5.390774605861714,0.0,1.0,0.0,1.0,1.0,0.0
14,165,6.559613861140822,5.047066148002002,1.0,0.0,0.0,1.0,0.0,0.0
15,165,6.104370237427858,12.0,0.0,0.0,0.0,0.0,1.0,0.0
16,165,4.535707394378865,2.2595970921079624,1.0,0.0,0.0,0.0,1.0,0.0
17,165,4.169571583869979,8.239349979810042,1.0,0.0,0.0,1.0,0.0,0.0
18,165,5.597630578268836,1.393525987084714,0.0,0.0,0.0,0.0,0.0,0.0
19,165,11.98586548534009,2.392018691494865,0.0,0.0,1.0,1.0,0.0,0.0
20,165,6.2849825692629695,12.0,0.0,0.0,0.0,0.0,0.0,0.0
21,165,6.402680254018439,9.69297288208285,0.0,0.0,0.0,0.0,1.0,1.0
22,165,0.7963695841617653,0.0,0.0,0.0,0.0,0.0,0.0,0.0
23,165,2.9161018620018804,4.985490019493724,0.0,1.0,1.0,1.0,0.0,1.0
24,165,2.726145704882867,5.842709655068326,1.0,1.0,1.0,1.0,0.0,0.0
25,165,9.061897164537417,8.183439316455996,0.0,1.0,0.0,0.0,1.0,1.0
26,165,5.470986477692698,10.507930056630704,0.0,0.0,0.0,1.0,1.0,1.0
27,165,7.473445153900606,7.896165019202618,0.0,0.0,0.0,1.0,0.0,1.0
28,165,0.0,4.443695103727158,0.0,0.0,0.0,0.0,0.0,0.0
29,165,9.799583303573332,8.198516721896935,1.0,0.0,0.0,0.0,0.0,0.0
30,165,0.0,6.17610796575101,1.0,1.0,0.0,0.0,1.0,1.0
31,165,2.4135035484898597,4.481294801091326,1.0,1.0,1.0,1.0,0.0,0.0
32,165,7.844054961091339,0.0,0.0,0.0,0.0,1.0,0.0,0.0
33,165,6.5845641638809145,8.152395297005773,0.0,1.0,0.0,0.0,0.0,0.0
34,165,3.447898520343388,12.0,0.0,1.0,0.0,0.0,1.0,0.0
35,165,11.45256949327514,2.193624155367756,1.0,0.0,0.0,0.0,1.0,0.0
36,165,5.982682805393089,2.2232737803345133,0.0,1.0,1.0,0.0,1.0,1.0
37,165,2.980267095914136,11.153157842431856,1.0,0.0,0.0,0.0,1.0,1.0
38,165,9.247117026882014,3.7330741263058425,1.0,0.0,1.0,0.0,1.0,0.0
39,165,2.474650354344343,4.389230040238831,0.0,1.0,1.0,1.0,1.0,1.0
0,170,11.9818032597353,4.986321272348265,0.0,1.0,0.0,1.0,0.0,1.0
1,170,5.18288205775868,0.8915532332985142,1.0,0.0,1.0,1.0,1.0,1.0
2,170,1.7154871655849488,1.6640731256819714,0.0,0.0,0.0,0.0,0.0,0.0
3,170,11.13665346864124,9.67017453230742,0.0,0.0,1.0,0.0,0.0,0.0
4,170,10.248312798330604,7.747081992831927,0.0,0.0,1.0,0.0,1.0,0.0
5,170,12.0,5.417420851917872,1.0,1.0,0.0,0.0,0.0,0.0
6,170,0.0214231113643781,3.852678453144879,1.0,0.0,1.0,0.0,1.0,1.0
7,170,6.405698801759534,6.212902736155669,0.0,0.0,0.0,0.0,1.0,0.0
8,170,4.0299899075559695,8.790067096638989,0.0,0.0,1.0,1.0,0.0,1.0
9,170,7.961443557397838,3.605733549626369,1.0,0.0,0.0,1.0,0.0,0.0
10,170,3.9610148049912137,7.3114573037909025,0.0,1.0,1.0,0.0,0.0,0.0
11,170,9.927849797528696,4.566136917525666,0.0,0.0,0.0,0.0,1.0,1.0
12,170,3.4696019344190705,9.68410911115214,0.0,0.0,0.0,0.0,0.0,0.0
13,170,1.6529412255260651,5.3525635984929005,0.0,1.0,0.0,1.0,1.0,0.0
14,170,6.6083551660012665,5.018830282408911,1.0,0.0,0.0,1.0,0.0,0.0
15,170,6.128127387127441,12.0,0.0,0.0,0.0,0.0,1.0,0.0
16,170,4.417465571374864,2.066996110881716,1.0,0.0,0.0,0.0,1.0,0.0
17,170,4.2668196894033805,8.245931235035131,1.0,0.0,0.0,1.0,0.0,0.0
18,170,5.599458286215511,1.391984262371245,0.0,0.0,0.0,0.0,0.0,0.0
19,170,11.98408087808782,2.3434966821665,0.0,0.0,1.0,1.0,0.0,0.0
20,170,6.308789509998406,12.0,0.0,0.0,0.0,0.0,0.0,0.0
21,170,6.50015464201008,9.724238623826931,0.0,0.0,0.0,0.0,1.0,1.0
22,170,0.7237100959788948,0.0,0.0,0.0,0.0,0.0,0.0,0.0
23,170,2.9163030513431742,4.9844053453581365,0.0,1.0,1.0,1.0,0.0,1.0
24,170,2.7903107728084606,5.798628443203009,1.0,1.0,1.0,1.0,0.0,0.0
25,170,9.05919006882378,8.17485143935868,0.0,1.0,0.0,0.0,1.0,1.0
26,170,5.369421154196794,10.449818087575323,0.0,0.0,0.0,1.0,1.0,1.0
27,170,7.376130780162419,7.979648046273801,0.0,0.0,0.0,1.0,0.0,1.0
28,170,0.0,4.441444097217463,0.0,0.0,0.0,0.0,0.0,0.0
29,170,9.792675605458047,8.13767162718502,1.0,0.0,0.0,0.0,0.0,0.0
30,170,0.0,6.326263894990293,1.0,1.0,0.0,0.0,1.0,1.0
31,170,2.4273120811406503,4.463800698140552,1.0,1.0,1.0,1.0,0.0,0.0
32,170,7.84168355509352,0.0,0.0,0.0,0.0,1.0,0.0,0.0
33,170,6.580847713416866,8.163725119572144,0.0,1.0,0.0,0.0,0.0,0.0
34,170,3.515257843084393,12.0,0.0,1.0,0.0,0.0,1.0,0.0
35,170,11.490189579070773,2.1564703417810844,1.0,0.0,0.0,0.0,1.0,0.0
36,170,5.985437284984331,2.2827094129025065,0.0,1.0,1.0,0.0,1.0,1.0
37,170,2.9799058819014803,11.117102239701955,1.0,0.0,0.0,0.0,1.0,1.0
38,170,9.293615530723317,3.847331694329246,1.0,0.0,1.0,0.0,1.0,0.0
39,170,2.456262194505099,4.489384778756953,0.0,1.0,1.0,1.0,1.0,1.0
0,175,11.973762021415835,5.024605524426315,0.0,1.0,0.0,1.0,0.0,1.0
1,175,5.238990108925901,0.87146408447017,1.0,0.0,1.0,1.0,1.0,1.0
2,175,1.695227170863954,1.711700551667929,0.0,0.0,0.0,0.0,0.0,0.0
3,175,11.103475544391932,9.696714076424438,0.0,0.0,1.0,0.0,0.0,0.0
4,175,10.150821439062788,7.811530853488322,0.0,0.0,1.0,0.0,1.0,0.0
5,175,12.0,5.332946933552504,1.0,1.0,0.0,0.0,0.0,0.0
6,175,0.0248721017457781,3.8551047973241994,1.0,0.0,1.0,0.0,1.0,1.0
7,175,6.449225743867537,6.198882257003129,0.0,0.0,0.0,0.0,1.0,0.0
8,175,4.036324316489019,8.72331263591807,0.0,0.0,1.0,1.0,0.0,1.0
9,175,7.874503281927299,3.3724494042618507,1.0,0.0,0.0,1.0,0.0,0.0
10,175,3.976870395076992,7.315228069316078,0.0,1.0,1.0,0.0,0.0,0.0
11,175,9.842893542999596,4.675885654830045,0.0,0.0,0.0,0.0,1.0,1.0
12,175,3.5004908255589027,9.714212318471189,0.0,0.0,0.0,0.0,0.0,0.0
13,175,1.6849371941476572,5.326437914237386,0.0,1.0,0.0,1.0,1.0,0.0
14,175,6.66796368466462,4.9836403682368005,1.0,0.0,0.0,1.0,0.0,0.0
15,175,6.151775958763203,12.0,0.0,0.0,0.0,0.0,1.0,0.0
16,175,4.290971382725475,1.861199384645341,1.0,0.0,0.0,0.0,1.0,0.0
17,175,4.368808526135875,8.253045023180903,1.0,0.0,0.0,1.0,0.0,0.0
18,175,5.611679853734459,1.381425212516067,0.0,0.0,0.0,0.0,0.0,0.0
19,175,11.981913035761048,2.285798315454249,0.0,0.0,1.0,1.0,0.0,0.0
20,175,6.334205779008695,12.0,0.0,0.0,0.0,0.0,0.0,0.0
21,175,6.586154717987072,9.751457265211467,0.0,0.0,0.0,0.0,1.0,1.0
22,175,0.6758540201616772,0.0,0.0,0.0,0.0,0.0,0.0,0.0
23,175,2.918780584284721,4.971171149642397,0.0,1.0,1.0,1.0,0.0,1.0
24,175,2.8684077952851847,5.749310434866819,1.0,1.0,1.0,1.0,0.0,0.0
25,175,9.058379944539006,8.172312125855381,0.0,1.0,0.0,0.0,1.0,1.0
26,175,5.274680643216769,10.394660664544515,0.0,0.0,0.0,1.0,1.0,1.0
27,175,7.282236600060636,8.061997679518804,0.0,0.0,0.0,1.0,0.0,1.0
28,175,0.0,4.406011949492053,0.0,0.0,0.0,0.0,0.0,0.0
29,175,9.7859074874116,8.077563185046433,1.0,0.0,0.0,0.0,0.0,0.0
30,175,0.1676698849301435,6.546618042279524,1.0,1.0,0.0,0.0,1.0,1.0
31,175,2.4401999431673764,4.448230310842543,1.0,1.0,1.0,1.0,0.0,0.0
32,175,7.839772539160216,0.0,0.0,0.0,0.0,1.0,0.0,0.0
33,175,6.566938206645663,8.208293754757552,0.0,1.0,0.0,0.0,0.0,0.0
34,175,3.5807655815234933,12.0,0.0,1.0,0.0,0.0,1.0,0.0
35,175,11.51956864503079,2.1298247542621214,1.0,0.0,0.0,0.0,1.0,0.0
36,175,5.986972511434209,2.346656356722087,0.0,1.0,1.0,0.0,1.0,1.0
37,175,2.979341815473391,11.098546648236017,1.0,0.0,0.0,0.0,1.0,1.0
38,175,9.340026806246737,3.956290294608308,1.0,0.0,1.0,0.0,1.0,0.0
39,175,2.566990902697096,4.5048380740384015,0.0,1.0,1.0,1.0,1.0,1.0
0,180,11.961319247885625,5.082140226085181,0.0,1.0,0.0,1.0,0.0,1.0
1,180,5.276583545245746,0.8580957420562895,1.0,0.0,1.0,1.0,1.0,1.0
2,180,1.6730957833253524,1.7605391914937505,0.0,0.0,0.0,0.0,0.0,0.0
3,180,11.077966079070457,9.71718429609583,0.0,0.0,1.0,0.0,0.0,0.0
4,180,10.051339570428416,7.877863521271015,0.0,0.0,1.0,0.0,1.0,0.0
5,180,12.0,5.245466842896108,1.0,1.0,0.0,0.0,0.0,0.0
6,180,0.0205258021887662,3.852060448894417,1.0,0.0,1.0,0.0,1.0,1.0
7,180,6.500604359895849,6.181350976425028,0.0,0.0,0.0,0.0,1.0,0.0
8,180,4.041320936981394,8.668281267677,0.0,0.0,1.0,1.0,0.0,1.0
9,180,7.79030744299953,3.1460115027229,1.0,0.0,0.0,1.0,0.0,0.0
10,180,3.99443012215399,7.319136534490577,0.0,1.0,1.0,0.0,0.0,0.0
11,180,9.762440299750796,4.778000445348188,0.0,0.0,0.0,0.0,1.0,1.0
12,180,3.532416523732813,9.74591272771558,0.0,0.0,0.0,0.0,0.0,0.0
13,180,1.7230646843725006,5.293907058260509,0.0,1.0,0.0,1.0,1.0,0.0
14,180,6.736878190455152,4.942727448885624,1.0,0.0,0.0,1.0,0.0,0.0
15,180,6.174702303905521,12.0,0.0,0.0,0.0,0.0,1.0,0.0
16,180,4.1581783196727455,1.6475254131281656,1.0,0.0,0.0,0.0,1.0,0.0
17,180,4.468800306043722,8.258406649802208,1.0,0.0,0.0,1.0,0.0,0.0
18,180,5.611613634449507,1.3814851899015972,0.0,0.0,0.0,0.0,0.0,0.0
19,180,11.978082240600685,2.208093394237904,0.0,0.0,1.0,1.0,0.0,0.0
20,180,6.3621664317302224,12.0,0.0,0.0,0.0,0.0,0.0,0.0
21,180,6.670686633836732,9.776755887098076,0.0,0.0,0.0,0.0,1.0,1.0
22,180,0.6209083225534587,0.0,0.0,0.0,0.0,0.0,0.0,0.0
23,180,2.9237772112985327,4.939289197914549,0.0,1.0,1.0,1.0,0.0,1.0
24,180,2.9574421958147656,5.69053088094786,1.0,1.0,1.0,1.0,0.0,0.0
25,180,9.060538543886851,8.179123793771403,0.0,1.0,0.0,0.0,1.0,1.0
26,180,5.1906247411765145,10.345506523559695,0.0,0.0,0.0,1.0,1.0,1.0
27,180,7.198939384843247,8.135323539474555,0.0,0.0,0.0,1.0,0.0,1.0
28,180,0.0,4.347659567025944,0.0,0.0,0.0,0.0,0.0,0.0
29,180,9.778865692594296,8.021395098726856,1.0,0.0,0.0,0.0,0.0,0.0
30,180,0.3423652824632687,6.7780222119089,1.0,1.0,0.0,0.0,1.0,1.0
31,180,2.462401335971063,4.42132529540759,1.0,1.0,1.0,1.0,0.0,0.0
32,180,7.837840172865031,0.0,0.0,0.0,0.0,1.0,0.0,0.0
33,180,6.559455204002041,8.232964927166824,0.0,1.0,0.0,0.0,0.0,0.0
34,180,3.648442400806661,12.0,0.0,1.0,0.0,0.0,1.0,0.0
35,180,11.54973297952066,2.1018764845699134,1.0,0.0,0.0,0.0,1.0,0.0
36,180,5.990851648639299,2.4194959082840826,0.0,1.0,1.0,0.0,1.0,1.0
37,180,2.979076079938614,11.087404565041142,1.0,0.0,0.0,0.0,1.0,1.0
38,180,9.39522342890268,4.090727822217475,1.0,0.0,1.0,0.0,1.0,0.0
39,180,2.6890912069846618,4.521963010220328,0.0,1.0,1.0,1.0,1.0,1.0
0,185,11.945250237755296,5.150694656714708,0.0,1.0,0.0,1.0,0.0,1.0
1,185,5.312540592354532,0.8448774172296515,1.0,0.0,1.0,1.0,1.0,1.0
2,185,1.646721610926657,1.8200152119455413,0.0,0.0,0.0,0.0,0.0,0.0
3,185,11.03419958267073,9.75230162833399,0.0,0.0,1.0,0.0,0.0,0.0
4,185,9.941782603613149,7.949068231799241,0.0,0.0,1.0,0.0,1.0,0.0
5,185,12.0,5.157931412673164,1.0,1.0,0.0,0.0,0.0,0.0
6,185,0.0168845774266208,3.849522959391096,1.0,0.0,1.0,0.0,1.0,1.0
7,185,6.563166657579902,6.159631915850348,0.0,0.0,0.0,0.0,1.0,0.0
8,185,4.045316538446645,8.618547835450942,0.0,0.0,1.0,1.0,0.0,1.0
9,185,7.696040181070587,2.9131116967505744,1.0,0.0,0.0,1.0,0.0,0.0
10,185,4.027754912054343,7.327115994380301,0.0,1.0,1.0,0.0,0.0,0.0
11,185,9.680360730050744,4.878238590304931,0.0,0.0,0.0,0.0,1.0,1.0
12,185,3.575484246105041,9.788806873626491,0.0,0.0,0.0,0.0,0.0,0.0
13,185,1.7670581298276502,5.257086415482156,0.0,1.0,0.0,1.0,1.0,0.0
14,185,6.805063031750997,4.90119364067657,1.0,0.0,0.0,1.0,0.0,0.0
15,185,6.19701403873348,12.0,0.0,0.0,0.0,0.0,1.0,0.0
16,185,4.01314015041966,1.4192587288972334,1.0,0.0,0.0,0.0,1.0,0.0
17,185,4.581077926595165,8.262613249013995,1.0,0.0,0.0,1.0,0.0,0.0
18,185,5.623259509539691,1.3713986522096446,0.0,0.0,0.0,0.0,0.0,0.0
19,185,11.975433116503575,2.130101399617716,0.0,0.0,1.0,1.0,0.0,0.0
20,185,6.387779124250416,12.0,0.0,0.0,0.0,0.0,0.0,0.0
21,185,6.762608718125678,9.804800263050677,0.0,0.0,0.0,0.0,1.0,1.0
22,185,0.5435978681487497,0.0,0.0,0.0,0.0,0.0,0.0,0.0
23,185,2.9288827977192438,4.907572685208668,0.0,1.0,1.0,1.0,0.0,1.0
24,185,3.0355246994583847,5.639926665526172,1.0,1.0,1.0,1.0,0.0,0.0
25,185,9.061194651523095,8.181107860614356,0.0,1.0,0.0,0.0,1.0,1.0
26,185,5.0982832226356685,10.29270737350864,0.0,0.0,0.0,1.0,1.0,1.0
27,185,7.094731156563431,8.230192815998135,0.0,0.0,0.0,1.0,0.0,1.0
28,185,0.0,4.291923441666851,0.0,0.0,0.0,0.0,0.0,0.0
29,185,9.773089819659592,7.979748888485491,1.0,0.0,0.0,0.0,0.0,0.0
30,185,0.514066345010745,7.015412519405613,1.0,1.0,0.0,0.0,1.0,1.0
31,185,2.4857111793683457,4.393491173329898,1.0,1.0,1.0,1.0,0.0,0.0
32,185,7.836715588969947,0.0,0.0,0.0,0.0,1.0,0.0,0.0
33,185,6.551529469962791,8.26013865495506,0.0,1.0,0.0,0.0,0.0,0.0
34,185,3.6931713122418848,12.0,0.0,1.0,0.0,0.0,1.0,0.0
35,185,11.574569721636648,2.0800163349832443,1.0,0.0,0.0,0.0,1.0,0.0
36,185,5.996804439002526,2.511620128207826,0.0,1.0,1.0,0.0,1.0,1.0
37,185,2.978506552160372,11.052364217957964,1.0,0.0,0.0,0.0,1.0,1.0
38,185,9.449119352622851,4.223464878892572,1.0,0.0,1.0,0.0,1.0,0.0
39,185,2.5557653464753405,4.5063495218569045,0.0,1.0,1.0,1.0,1.0,1.0
0,190,11.928100834844187,5.218910149499583,0.0,1.0,0.0,1.0,0.0,1.0
1,190,5.350989839503346,0.8310018570450839,1.0,0.0,1.0,1.0,1.0,1.0
2,190,1.6236600484370658,1.873525176362964,0.0,0.0,0.0,0.0,0.0,0.0
3,190,10.978087712481056,9.799866402017372,0.0,0.0,1.0,0.0,0.0,0.0
4,190,9.824258969315668,8.025415122994433,0.0,0.0,1.0,0.0,1.0,0.0
5,190,12.0,5.076037836235934,1.0,1.0,0.0,0.0,0.0,0.0
6,190,0.0055726063071304,3.841617285732346,1.0,0.0,1.0,0.0,1.0,1.0
7,190,6.619375072070564,6.138666036143842,0.0,0.0,0.0,0.0,1.0,0.0
8,190,4.049588087513222,8.56877847615844,0.0,0.0,1.0,1.0,0.0,1.0
9,190,7.588319521657476,2.6581570471717764,1.0,0.0,0.0,1.0,0.0,0.0
10,190,4.067806233440172,7.336568164293854,0.0,1.0,1.0,0.0,0.0,0.0
11,190,9.605483479844752,4.974509597257146,0.0,0.0,0.0,0.0,1.0,1.0
12,190,3.6232221613471927,9.834462863761996,0.0,0.0,0.0,0.0,0.0,0.0
13,190,1.809718834585972,5.221854240766606,0.0,1.0,0.0,1.0,1.0,0.0
14,190,6.870039195858498,4.861130447911224,1.0,0.0,0.0,1.0,0.0,0.0
15,190,6.215824461754196,12.0,0.0,0.0,0.0,0.0,1.0,0.0
16,190,3.868505281568994,1.1853071399880974,1.0,0.0,0.0,0.0,1.0,0.0
17,190,4.681256340447908,8.264949351045738,1.0,0.0,0.0,1.0,0.0,0.0
18,190,5.621280916392792,1.373063654081058,0.0,0.0,0.0,0.0,0.0,0.0
19,190,11.973974849165144,2.073398139301779,0.0,0.0,1.0,1.0,0.0,0.0
20,190,6.412418423213792,12.0,0.0,0.0,0.0,0.0,0.0,0.0
21,190,6.845339311981993,9.8308405605326,0.0,0.0,0.0,0.0,1.0,1.0
22,190,0.4503896929570171,0.0,0.0,0.0,0.0,0.0,0.0,0.0
23,190,2.9344938170246704,4.871021251268548,0.0,1.0,1.0,1.0,0.0,1.0
24,190,3.1217004707302785,5.584927797304199,1.0,1.0,1.0,1.0,0.0,0.0
25,190,9.0637053417126,8.188713256783643,0.0,1.0,0.0,0.0,1.0,1.0
26,190,4.990055813183712,10.22839964918376,0.0,0.0,0.0,1.0,1.0,1.0
27,190,6.986167475991792,8.326520200396992,0.0,0.0,0.0,1.0,0.0,1.0
28,190,0.0,4.220694525807841,0.0,0.0,0.0,0.0,0.0,0.0
29,190,9.768705681007177,7.948816344326222,1.0,0.0,0.0,0.0,0.0,0.0
30,190,0.6939849248835943,7.262352203139058,1.0,1.0,0.0,0.0,1.0,1.0
31,190,2.511495523869377,4.363038532711177,1.0,1.0,1.0,1.0,0.0,0.0
32,190,7.835606749798835,0.0,0.0,0.0,0.0,1.0,0.0,0.0
33,190,6.545701331792973,8.28015050250896,0.0,1.0,0.0,0.0,0.0,0.0
34,190,3.707126041859998,12.0,0.0,1.0,0.0,0.0,1.0,0.0
35,190,11.58910031863803,2.067911861929672,1.0,0.0,0.0,0.0,1.0,0.0
36,190,6.004315499401693,2.5983029445954973,0.0,1.0,1.0,0.0,1.0,1.0
37,190,2.978166182618744,11.033368614291918,1.0,0.0,0.0,0.0,1.0,1.0
38,190,9.508409397832462,4.361802533239882,1.0,0.0,1.0,0.0,1.0,0.0
39,190,2.422512088979268,4.490101256756441,0.0,1.0,1.0,1.0,1.0,1.0
0,195,11.911184336774816,5.283683979299411,0.0,1.0,0.0,1.0,0.0,1.0
1,195,5.389592621700676,0.8167439346260918,1.0,0.0,1.0,1.0,1.0,1.0
2,195,1.5947973019422317,1.9425736314344464,0.0,0.0,0.0,0.0,0.0,0.0
3,195,10.907999695963966,9.858205216542997,0.0,0.0,1.0,0.0,0.0,0.0
4,195,9.70792104379381,8.106617572025831,0.0,0.0,1.0,0.0,1.0,0.0
5,195,12.0,5.006684770073007,1.0,1.0,0.0,0.0,0.0,0.0
6,195,0.0,3.8327621222566335,1.0,0.0,1.0,0.0,1.0,1.0
7,195,6.680086767526619,6.113725915513628,0.0,0.0,0.0,0.0,1.0,0.0
8,195,4.054491850516849,8.49107559747137,0.0,0.0,1.0,1.0,0.0,1.0
9,195,7.470144109119351,2.401402445689738,1.0,0.0,0.0,1.0,0.0,0.0
10,195,4.101018913311228,7.344218735477722,0.0,1.0,1.0,0.0,0.0,0.0
11,195,9.52099381562677,5.090373332981146,0.0,0.0,0.0,0.0,1.0,1.0
12,195,3.657047223038584,9.866992192713283,0.0,0.0,0.0,0.0,0.0,0.0
13,195,1.865208486668896,5.177091077176628,0.0,1.0,0.0,1.0,1.0,0.0
14,195,6.923474708314226,4.828549764671632,1.0,0.0,0.0,1.0,0.0,0.0
15,195,6.237870459597459,12.0,0.0,0.0,0.0,0.0,1.0,0.0
16,195,3.713134177900705,0.9277830848910664,1.0,0.0,0.0,0.0,1.0,0.0
17,195,4.751650556138238,8.265979101120054,1.0,0.0,0.0,1.0,0.0,0.0
18,195,5.612589837276398,1.3806537959866687,0.0,0.0,0.0,0.0,0.0,0.0
19,195,11.973869421355714,1.9820535315797287,0.0,0.0,1.0,1.0,0.0,0.0
20,195,6.441705608751692,12.0,0.0,0.0,0.0,0.0,0.0,0.0
21,195,6.925903659758031,9.856613755357158,0.0,0.0,0.0,0.0,1.0,1.0
22,195,0.3856648589229349,0.0,0.0,0.0,0.0,0.0,0.0,0.0
23,195,2.939365374770228,4.833540387657374,0.0,1.0,1.0,1.0,0.0,1.0
24,195,3.201001754159126,5.534855654884157,1.0,1.0,1.0,1.0,0.0,0.0
25,195,9.06517572596237,8.193559281274139,0.0,1.0,0.0,0.0,1.0,1.0
26,195,4.8988158743730805,10.171888424319906,0.0,0.0,0.0,1.0,1.0,1.0
27,195,6.87348428409921,8.429228698307417,0.0,0.0,0.0,1.0,0.0,1.0
28,195,0.0,4.1578120048330725,0.0,0.0,0.0,0.0,0.0,0.0
29,195,9.76327607374804,7.91246293032863,1.0,0.0,0.0,0.0,0.0,0.0
30,195,0.870180674446254,7.498555316598869,1.0,1.0,0.0,0.0,1.0,1.0
31,195,2.5370491653862404,4.333771930198993,1.0,1.0,1.0,1.0,0.0,0.0
32,195,7.834529784775624,0.0,0.0,0.0,0.0,1.0,0.0,0.0
33,195,6.54173049232471,8.292393280945571,0.0,1.0,0.0,0.0,0.0,0.0
34,195,3.703458635577585,11.998382371856922,0.0,1.0,0.0,0.0,1.0,0.0
35,195,11.625536529215212,2.037174226583363,1.0,0.0,0.0,0.0,1.0,0.0
36,195,6.01190101307173,2.6817675065476068,0.0,1.0,1.0,0.0,1.0,1.0
37,195,2.9783932403105124,11.004761890633327,1.0,0.0,0.0,0.0,1.0,1.0
38,195,9.56327159041276,4.486411689344759,1.0,0.0,1.0,0.0,1.0,0.0
39,195,2.3037227405117244,4.480622765048217,0.0,1.0,1.0,1.0,1.0,1.0
0,200,11.897207126333166,5.334658062840043,0.0,1.0,0.0,1.0,0.0,1.0
1,200,5.42370063681584,0.8043556353621236,1.0,0.0,1.0,1.0,1.0,1.0
2,200,1.5668060343165362,2.011775093708733,0.0,0.0,0.0,0.0,0.0,0.0
3,200,10.826835259311128,9.925211919205523,0.0,0.0,1.0,0.0,0.0,0.0
4,200,9.602028262623316,8.180644468396066,0.0,0.0,1.0,0.0,1.0,0.0
5,200,12.0,4.939527986508624,1.0,1.0,0.0,0.0,0.0,0.0
6,200,0.0,3.815795955387885,1.0,0.0,1.0,0.0,1.0,1.0
7,200,6.73521148139034,6.092468949324145,0.0,0.0,0.0,0.0,1.0,0.0
8,200,4.057607248798641,8.440137317925947,0.0,0.0,1.0,1.0,0.0,1.0
9,200,7.352481060163595,2.155958860546028,1.0,0.0,0.0,1.0,0.0,0.0
10,200,4.138602816840462,7.352136103566047,0.0,1.0,1.0,0.0,0.0,0.0
11,200,9.460004130820098,5.17499075998072,0.0,0.0,0.0,0.0,1.0,1.0
12,200,3.6817456906411743,9.890050455693418,0.0,0.0,0.0,0.0,0.0,0.0
13,200,1.9180108118387609,5.134261712153937,0.0,1.0,0.0,1.0,1.0,0.0
14,200,6.977260623967625,4.794473020178845,1.0,0.0,0.0,1.0,0.0,0.0
15,200,6.258861750459492,12.0,0.0,0.0,0.0,0.0,1.0,0.0
16,200,3.5624950573359,0.6587831869228826,1.0,0.0,0.0,0.0,1.0,0.0
17,200,4.841615207398642,8.268283657099072,1.0,0.0,0.0,1.0,0.0,0.0
18,200,5.6028876345216645,1.389295950689885,0.0,0.0,0.0,0.0,0.0,0.0
19,200,11.974071635149512,1.9001022103384089,0.0,0.0,1.0,1.0,0.0,0.0
20,200,6.476019133331649,12.0,0.0,0.0,0.0,0.0,0.0,0.0
21,200,6.970636127903127,9.87197343202465,0.0,0.0,0.0,0.0,1.0,1.0
22,200,0.3153439040728257,0.0,0.0,0.0,0.0,0.0,0.0,0.0
23,200,2.945284116081917,4.790841642745123,0.0,1.0,1.0,1.0,0.0,1.0
24,200,3.278445629980697,5.488874092242467,1.0,1.0,1.0,1.0,0.0,0.0
25,200,9.069649250779056,8.207994548851977,0.0,1.0,0.0,0.0,1.0,1.0
26,200,4.798293925582901,10.107839765028166,0.0,0.0,0.0,1.0,1.0,1.0
27,200,6.757628710226036,8.53270009018453,0.0,0.0,0.0,1.0,0.0,1.0
28,200,0.0,4.105457012680458,0.0,0.0,0.0,0.0,0.0,0.0
29,200,9.758335906006518,7.881751654087409,1.0,0.0,0.0,0.0,0.0,0.0
30,200,1.0348538259449516,7.720223272336816,1.0,1.0,0.0,0.0,1.0,1.0
31,200,2.550458182014125,4.318221178634257,1.0,1.0,1.0,1.0,0.0,0.0
32,200,7.83543792017533,0.0099358644137159,0.0,0.0,0.0,1.0,0.0,0.0
33,200,6.539086032587569,8.30068260679681,0.0,1.0,0.0,0.0,0.0,0.0
34,200,3.7089109657884034,12.0,0.0,1.0,0.0,0.0,1.0,0.0
35,200,11.656081074628275,2.011056048938854,1.0,0.0,0.0,0.0,1.0,0.0
36,200,6.017407573299886,2.7654573135831657,0.0,1.0,1.0,0.0,1.0,1.0
37,200,2.9793945351815165,10.970741271677936,1.0,0.0,0.0,0.0,1.0,1.0
38,200,9.49831246499049,4.342649879553651,1.0,0.0,1.0,0.0,1.0,0.0
39,200,2.1975726148283994,4.472172825766924,0.0,1.0,1.0,1.0,1.0,1.0
0,205,11.886393356923463,5.379540515741784,0.0,1.0,0.0,1.0,0.0,1.0
1,205,5.433476722821044,0.8009703191127328,1.0,0.0,1.0,1.0,1.0,1.0
2,205,1.5343143221309343,2.091899624583962,0.0,0.0,0.0,0.0,0.0,0.0
3,205,10.749820315984213,9.985479672224516,0.0,0.0,1.0,0.0,0.0,0.0
4,205,9.492767678334578,8.256144874856925,0.0,0.0,1.0,0.0,1.0,0.0
5,205,12.0,4.864043506802629,1.0,1.0,0.0,0.0,0.0,0.0
6,205,0.0,3.812412626172624,1.0,0.0,1.0,0.0,1.0,1.0
7,205,6.809908074132524,6.06368187917203,0.0,0.0,0.0,0.0,1.0,0.0
8,205,4.0600100803443535,8.401753273968417,0.0,0.0,1.0,1.0,0.0,1.0
9,205,7.234669770937626,1.9017208452674652,1.0,0.0,0.0,1.0,0.0,0.0
10,205,4.160110880432656,7.3568469017366835,0.0,1.0,1.0,0.0,0.0,0.0
11,205,9.3868561635988,5.274981501379244,0.0,0.0,0.0,0.0,1.0,1.0
12,205,3.710915999645087,9.916904343739604,0.0,0.0,0.0,0.0,0.0,0.0
13,205,1.962538406621896,5.094979757048713,0.0,1.0,0.0,1.0,1.0,0.0
14,205,7.020694406057503,4.767501409727346,1.0,0.0,0.0,1.0,0.0,0.0
15,205,6.280638315840906,12.0,0.0,0.0,0.0,0.0,1.0,0.0
16,205,3.4142237863450333,0.3961588763880417,1.0,0.0,0.0,0.0,1.0,0.0
17,205,4.925980036106605,8.271393603355792,1.0,0.0,0.0,1.0,0.0,0.0
18,205,5.5696358374509884,1.4189541487111033,0.0,0.0,0.0,0.0,0.0,0.0
19,205,11.974832294815354,1.828167854931941,0.0,0.0,1.0,1.0,0.0,0.0
20,205,6.503990489804069,12.0,0.0,0.0,0.0,0.0,0.0,0.0
21,205,7.030998632777964,9.89246187796618,0.0,0.0,0.0,0.0,1.0,1.0
22,205,0.2350188227425371,0.0,0.0,0.0,0.0,0.0,0.0,0.0
23,205,2.948957136347476,4.762702157309831,0.0,1.0,1.0,1.0,0.0,1.0
24,205,3.357176655850481,5.44375769679579,1.0,1.0,1.0,1.0,0.0,0.0
25,205,9.077161750999451,8.230194181918675,0.0,1.0,0.0,0.0,1.0,1.0
26,205,4.710516872483588,10.052982290364438,0.0,0.0,0.0,1.0,1.0,1.0
27,205,6.62897737401586,8.644067818051667,0.0,0.0,0.0,1.0,0.0,1.0
28,205,0.0,4.051126003013507,0.0,0.0,0.0,0.0,0.0,0.0
29,205,9.753081824768552,7.847363096208275,1.0,0.0,0.0,0.0,0.0,0.0
30,205,1.201592081579404,7.945421833465708,1.0,1.0,0.0,0.0,1.0,1.0
31,205,2.5657638819122166,4.298901872915617,1.0,1.0,1.0,1.0,0.0,0.0
32,205,7.836671617587659,0.0229994482673791,0.0,0.0,0.0,1.0,0.0,0.0
33,205,6.539540638180452,8.299182872179705,0.0,1.0,0.0,0.0,0.0,0.0
34,205,3.708525104406396,11.99982637758994,0.0,1.0,0.0,0.0,1.0,0.0
35,205,11.68212572816453,1.9892602595645308,1.0,0.0,0.0,0.0,1.0,0.0
36,205,6.022148707899306,2.857100007776337,0.0,1.0,1.0,0.0,1.0,1.0
37,205,2.980020927189265,10.94383708121174,1.0,0.0,0.0,0.0,1.0,1.0
38,205,9.433640059839815,4.190818477032662,1.0,0.0,1.0,0.0,1.0,0.0
39,205,2.086708172527433,4.462162057543843,0.0,1.0,1.0,1.0,1.0,1.0
0,210,11.877785145487012,5.41380245366696,0.0,1.0,0.0,1.0,0.0,1.0
1,210,5.438683770399002,0.7992476054358382,1.0,0.0,1.0,1.0,1.0,1.0
2,210,1.4986629709352617,2.1784269489554315,0.0,0.0,0.0,0.0,0.0,0.0
3,210,10.64480974614393,10.065300787391608,0.0,0.0,1.0,0.0,0.0,0.0
4,210,9.395201820696908,8.321224534407616,0.0,0.0,1.0,0.0,1.0,0.0
5,210,12.0,4.776391054410371,1.0,1.0,0.0,0.0,0.0,0.0
6,210,0.0,3.795132491762114,1.0,0.0,1.0,0.0,1.0,1.0
7,210,6.904554034472997,6.029605855525185,0.0,0.0,0.0,0.0,1.0,0.0
8,210,4.062097995781345,8.369901332249947,0.0,0.0,1.0,1.0,0.0,1.0
9,210,7.104626112065429,1.6429256169024966,1.0,0.0,0.0,1.0,0.0,0.0
10,210,4.170671390708442,7.359102621607185,0.0,1.0,1.0,0.0,0.0,0.0
11,210,9.32201461062324,5.368885491188033,0.0,0.0,0.0,0.0,1.0,1.0
12,210,3.754233389231541,9.957847890992628,0.0,0.0,0.0,0.0,0.0,0.0
13,210,2.004954310478821,5.056388507560209,0.0,1.0,0.0,1.0,1.0,0.0
14,210,7.063653950759119,4.739907482700185,1.0,0.0,0.0,1.0,0.0,0.0
15,210,6.299252579963056,12.0,0.0,0.0,0.0,0.0,1.0,0.0
16,210,3.2614785324664317,0.1374416654974935,1.0,0.0,0.0,0.0,1.0,0.0
17,210,4.987875375159339,8.273262967010114,1.0,0.0,0.0,1.0,0.0,0.0
18,210,5.531908502115314,1.4519163295328603,0.0,0.0,0.0,0.0,0.0,0.0
19,210,11.9753545743609,1.7849097723797107,0.0,0.0,1.0,1.0,0.0,0.0
20,210,6.531266754107915,12.0,0.0,0.0,0.0,0.0,0.0,0.0
21,210,7.0593638281687765,9.901295752267014,0.0,0.0,0.0,0.0,1.0,1.0
22,210,0.3021035457513038,0.0,0.0,0.0,0.0,0.0,0.0,0.0
23,210,2.953021916387021,4.731002376876509,0.0,1.0,1.0,1.0,0.0,1.0
24,210,3.4467394764666857,5.393058532167827,1.0,1.0,1.0,1.0,0.0,0.0
25,210,9.0887615563255,8.265420641689298,0.0,1.0,0.0,0.0,1.0,1.0
26,210,4.627724077318361,10.000223595781009,0.0,0.0,0.0,1.0,1.0,1.0
27,210,6.505296005941712,8.750671902665324,0.0,0.0,0.0,1.0,0.0,1.0
28,210,0.0,3.97715987466544,0.0,0.0,0.0,0.0,0.0,0.0
29,210,9.747075689704724,7.810699750442289,1.0,0.0,0.0,0.0,0.0,0.0
30,210,1.3737801651404675,8.166350995084736,1.0,1.0,0.0,0.0,1.0,1.0
31,210,2.5824733745504918,4.278085511356522,1.0,1.0,1.0,1.0,0.0,0.0
32,210,7.838639012646011,0.0490136153990525,0.0,0.0,0.0,1.0,0.0,0.0
33,210,6.53518698065491,8.31286991037586,0.0,1.0,0.0,0.0,0.0,0.0
34,210,3.698867010241495,11.995336342091404,0.0,1.0,0.0,0.0,1.0,0.0
35,210,11.703908757818729,1.9714849286966445,1.0,0.0,0.0,0.0,1.0,0.0
36,210,6.030422743083895,2.946419956661784,0.0,1.0,1.0,0.0,1.0,1.0
37,210,2.9798591582857346,10.959269433154947,1.0,0.0,0.0,0.0,1.0,1.0
38,210,9.36774706343746,4.035111746982716,1.0,0.0,1.0,0.0,1.0,0.0
39,210,1.9744679493861168,4.45151562900638,0.0,1.0,1.0,1.0,1.0,1.0
0,215,11.870497795080732,5.443382579090315,0.0,1.0,0.0,1.0,0.0,1.0
1,215,5.443094637317167,0.7977081141144231,1.0,0.0,1.0,1.0,1.0,1.0
2,215,1.4617195302982258,2.259543685074321,0.0,0.0,0.0,0.0,0.0,0.0
3,215,10.533946103752506,10.147261449023766,0.0,0.0,1.0,0.0,0.0,0.0
4,215,9.298255700033229,8.387150357461978,0.0,0.0,1.0,0.0,1.0,0.0
5,215,12.0,4.695691592794339,1.0,1.0,0.0,0.0,0.0,0.0
6,215,0.0,3.7750861034727423,1.0,0.0,1.0,0.0,1.0,1.0
7,215,7.015427946507747,5.992093081441412,0.0,0.0,0.0,0.0,1.0,0.0
8,215,4.064192828555554,8.338675992518917,0.0,0.0,1.0,1.0,0.0,1.0
9,215,6.991364000372862,1.3992886051823632,1.0,0.0,0.0,1.0,0.0,0.0
10,215,4.1738997450322906,7.359767726083853,0.0,1.0,1.0,0.0,0.0,0.0
11,215,9.259546700766764,5.464761053120971,0.0,0.0,0.0,0.0,1.0,1.0
12,215,3.804089089665653,10.003585872163528,0.0,0.0,0.0,0.0,0.0,0.0
13,215,2.038341475131752,5.0251306797155335,0.0,1.0,0.0,1.0,1.0,0.0
14,215,7.117992664611249,4.703175807424112,1.0,0.0,0.0,1.0,0.0,0.0
15,215,6.318563377102856,12.0,0.0,0.0,0.0,0.0,1.0,0.0
16,215,3.122742566962598,0.0,1.0,0.0,0.0,0.0,1.0,0.0
17,215,5.0308631591313295,8.274116360845099,1.0,0.0,0.0,1.0,0.0,0.0
18,215,5.510354931250247,1.4691700517860895,0.0,0.0,0.0,0.0,0.0,0.0
19,215,12.0,1.7854740337075876,0.0,0.0,1.0,1.0,0.0,0.0
20,215,6.555866454516846,12.0,0.0,0.0,0.0,0.0,0.0,0.0
21,215,7.08885467795815,9.910939095346867,0.0,0.0,0.0,0.0,1.0,1.0
22,215,0.3766738186794691,0.0,0.0,0.0,0.0,0.0,0.0,0.0
23,215,2.956313070937456,4.7033160037783,0.0,1.0,1.0,1.0,0.0,1.0
24,215,3.536118235459981,5.343313779165952,1.0,1.0,1.0,1.0,0.0,0.0
25,215,9.095982067820463,8.28813580243704,0.0,1.0,0.0,0.0,1.0,1.0
26,215,4.533820343949611,9.940587430359823,0.0,0.0,0.0,1.0,1.0,1.0
27,215,6.380972441443001,8.862288513088135,0.0,0.0,0.0,1.0,0.0,1.0
28,215,0.0,3.899174167903576,0.0,0.0,0.0,0.0,0.0,0.0
29,215,9.741032715855056,7.776810619110782,1.0,0.0,0.0,0.0,0.0,0.0
30,215,1.5628431297675922,8.398234908900973,1.0,1.0,0.0,0.0,1.0,1.0
31,215,2.5892130657795334,4.269449673256961,1.0,1.0,1.0,1.0,0.0,0.0
32,215,7.843936429914479,0.1086709819303571,0.0,0.0,0.0,1.0,0.0,0.0
33,215,6.52897623705328,8.337287907958148,0.0,1.0,0.0,0.0,0.0,0.0
34,215,3.6717181860769488,11.983630598759165,0.0,1.0,0.0,0.0,1.0,0.0
35,215,11.729245483134578,1.9495874751463744,1.0,0.0,0.0,0.0,1.0,0.0
36,215,6.037594727480891,3.0383954250061267,0.0,1.0,1.0,0.0,1.0,1.0
37,215,2.9785262210991084,10.995917312859763,1.0,0.0,0.0,0.0,1.0,1.0
38,215,9.295174891966951,3.86836828592548,1.0,0.0,1.0,0.0,1.0,0.0
39,215,1.8610412971061745,4.437032092083535,0.0,1.0,1.0,1.0,1.0,1.0
0,220,11.864196768344703,5.466448510055212,0.0,1.0,0.0,1.0,0.0,1.0
1,220,5.46817234986533,0.7889708956955216,1.0,0.0,1.0,1.0,1.0,1.0
2,220,1.4293539637644297,2.3334578924159954,0.0,0.0,0.0,0.0,0.0,0.0
3,220,10.43607732159074,10.21857108950267,0.0,0.0,1.0,0.0,0.0,0.0
4,220,9.210199591661912,8.449463695733508,0.0,0.0,1.0,0.0,1.0,0.0
5,220,12.0,4.6148343961193525,1.0,1.0,0.0,0.0,0.0,0.0
6,220,0.0,3.745747587537665,1.0,0.0,1.0,0.0,1.0,1.0
7,220,7.117255999124534,5.959251318025716,0.0,0.0,0.0,0.0,1.0,0.0
8,220,4.0675271448466965,8.300473589791022,0.0,0.0,1.0,1.0,0.0,1.0
9,220,6.88900801588697,1.190617050341329,1.0,0.0,0.0,1.0,0.0,0.0
10,220,4.181034507436182,7.361374365600214,0.0,1.0,1.0,0.0,0.0,0.0
11,220,9.210121567038422,5.5411944166950935,0.0,0.0,0.0,0.0,1.0,1.0
12,220,3.855306758987145,10.050129659198452,0.0,0.0,0.0,0.0,0.0,0.0
13,220,2.089428154803465,4.975342967941201,0.0,1.0,0.0,1.0,1.0,0.0
14,220,7.195102211065212,4.650298322376346,1.0,0.0,0.0,1.0,0.0,0.0
15,220,6.339259018942386,12.0,0.0,0.0,0.0,0.0,1.0,0.0
16,220,2.9849901335032167,0.0,1.0,0.0,0.0,0.0,1.0,0.0
17,220,5.094823876370271,8.274657905655102,1.0,0.0,0.0,1.0,0.0,0.0
18,220,5.482498500498163,1.4914099754335357,0.0,0.0,0.0,0.0,0.0,0.0
19,220,12.0,1.785182066716232,0.0,0.0,1.0,1.0,0.0,0.0
20,220,6.575740386186804,12.0,0.0,0.0,0.0,0.0,0.0,0.0
21,220,7.119701150840326,9.920932185637035,0.0,0.0,0.0,0.0,1.0,1.0
22,220,0.4585840509226914,0.0,0.0,0.0,0.0,0.0,0.0,0.0
23,220,2.960190463099492,4.645577853770453,0.0,1.0,1.0,1.0,0.0,1.0
24,220,3.612985413197136,5.299400775189175,1.0,1.0,1.0,1.0,0.0,0.0
25,220,9.095713922605574,8.287365263275609,0.0,1.0,0.0,0.0,1.0,1.0
26,220,4.453651947459334,9.88957370640437,0.0,0.0,0.0,1.0,1.0,1.0
27,220,6.248411639205343,8.98611059550522,0.0,0.0,0.0,1.0,0.0,1.0
28,220,0.0,3.815006978807987,0.0,0.0,0.0,0.0,0.0,0.0
29,220,9.737885623817023,7.760930100817156,1.0,0.0,0.0,0.0,0.0,0.0
30,220,1.741991034629508,8.619255322787929,1.0,1.0,0.0,0.0,1.0,1.0
31,220,2.596340352724627,4.260452622987838,1.0,1.0,1.0,1.0,0.0,0.0
32,220,7.847409522744926,0.1618802094230328,0.0,0.0,0.0,1.0,0.0,0.0
33,220,6.517388208042184,8.37935081524355,0.0,1.0,0.0,0.0,0.0,0.0
34,220,3.662386878948194,11.979831354242243,0.0,1.0,0.0,0.0,1.0,0.0
35,220,11.75760986886888,1.9247401025307564,1.0,0.0,0.0,0.0,1.0,0.0
36,220,6.043829294721292,3.1113052016781304,0.0,1.0,1.0,0.0,1.0,1.0
37,220,2.977726923830581,11.021042492291746,1.0,0.0,0.0,0.0,1.0,1.0
38,220,9.220384393673829,3.7017638797224617,1.0,0.0,1.0,0.0,1.0,0.0
39,220,1.724842921171707,4.421559035940861,0.0,1.0,1.0,1.0,1.0,1.0
0,225,11.861067442042613,5.47751612405488,0.0,1.0,0.0,1.0,0.0,1.0
1,225,5.490755403189584,0.7809848748931588,1.0,0.0,1.0,1.0,1.0,1.0
2,225,1.3905502972706285,2.418276720724293,0.0,0.0,0.0,0.0,0.0,0.0
3,225,10.347386661622126,10.282828562981528,0.0,0.0,1.0,0.0,0.0,0.0
4,225,9.115262148772327,8.519273693652327,0.0,0.0,1.0,0.0,1.0,0.0
5,225,12.0,4.544008522432465,1.0,1.0,0.0,0.0,0.0,0.0
6,225,0.0,3.708821233879454,1.0,0.0,1.0,0.0,1.0,1.0
7,225,7.212178944307948,5.927657476171955,0.0,0.0,0.0,0.0,1.0,0.0
8,225,4.069601594901132,8.27346086956734,0.0,0.0,1.0,1.0,0.0,1.0
9,225,6.793452307368748,0.9861561687399084,1.0,0.0,0.0,1.0,0.0,0.0
10,225,4.1632141405610925,7.357888153340372,0.0,1.0,1.0,0.0,0.0,0.0
11,225,9.156386555105083,5.620280197466259,0.0,0.0,0.0,0.0,1.0,1.0
12,225,3.902668836074756,10.093555640333454,0.0,0.0,0.0,0.0,0.0,0.0
13,225,2.1362970106341947,4.930531291099017,0.0,1.0,0.0,1.0,1.0,0.0
14,225,7.274177527104476,4.600537393034727,1.0,0.0,0.0,1.0,0.0,0.0
15,225,6.354761387622896,12.0,0.0,0.0,0.0,0.0,1.0,0.0
16,225,2.8500426990137298,0.0,1.0,0.0,0.0,0.0,1.0,0.0
17,225,5.163073545749007,8.273835528487009,1.0,0.0,0.0,1.0,0.0,0.0
18,225,5.470675957709372,1.500944014184712,0.0,0.0,0.0,0.0,0.0,0.0
19,225,12.0,1.7847716561015694,0.0,0.0,1.0,1.0,0.0,0.0
20,225,6.59717351851909,12.0,0.0,0.0,0.0,0.0,0.0,0.0
21,225,7.162094600756735,9.935714597446568,0.0,0.0,0.0,0.0,1.0,1.0
22,225,0.5507935983214824,0.0,0.0,0.0,0.0,0.0,0.0,0.0
23,225,2.9622682289776905,4.617455560771861,0.0,1.0,1.0,1.0,0.0,1.0
24,225,3.695953739810215,5.253775952698309,1.0,1.0,1.0,1.0,0.0,0.0
25,225,9.097354701584251,8.291791909341546,0.0,1.0,0.0,0.0,1.0,1.0
26,225,4.355077847308436,9.830392937522662,0.0,0.0,0.0,1.0,1.0,1.0
27,225,6.11691564942776,9.104817893830631,0.0,0.0,0.0,1.0,0.0,1.0
28,225,0.0,3.726584729399633,0.0,0.0,0.0,0.0,0.0,0.0
29,225,9.73755224799985,7.759286437858795,1.0,0.0,0.0,0.0,0.0,0.0
30,225,1.921843168015939,8.83554025763185,1.0,1.0,0.0,0.0,1.0,1.0
31,225,2.626523159492599,4.224901083571139,1.0,1.0,1.0,1.0,0.0,0.0
32,225,7.849787150775415,0.2076529161798598,0.0,0.0,0.0,1.0,0.0,0.0
33,225,6.498585742611453,8.456682892941622,0.0,1.0,0.0,0.0,0.0,0.0
34,225,3.642938961424339,11.971985778074451,0.0,1.0,0.0,0.0,1.0,0.0
35,225,11.799681686006352,1.8885834551527088,1.0,0.0,0.0,0.0,1.0,0.0
36,225,6.050848859396617,3.193247955135263,0.0,1.0,1.0,0.0,1.0,1.0
37,225,2.977536783541872,11.024693015540434,1.0,0.0,0.0,0.0,1.0,1.0
38,225,9.14092962039193,3.539279014333447,1.0,0.0,1.0,0.0,1.0,0.0
39,225,1.5839275941882085,4.407031874646751,0.0,1.0,1.0,1.0,1.0,1.0
0,230,11.860130378527955,5.480553842868171,0.0,1.0,0.0,1.0,0.0,1.0
1,230,5.511378459305355,0.7739207111344237,1.0,0.0,1.0,1.0,1.0,1.0
2,230,1.344018352113578,2.530123071007494,0.0,0.0,0.0,0.0,0.0,0.0
3,230,10.266268314001325,10.338908961747109,0.0,0.0,1.0,0.0,0.0,0.0
4,230,9.01427736397565,8.592814908440465,0.0,0.0,1.0,0.0,1.0,0.0
5,230,12.0,4.473273471767359,1.0,1.0,0.0,0.0,0.0,0.0
6,230,0.0,3.673711093172588,1.0,0.0,1.0,0.0,1.0,1.0
7,230,7.304539737732698,5.89475372673838,0.0,0.0,0.0,0.0,1.0,0.0
8,230,4.099958074852954,8.276108809683121,0.0,0.0,1.0,1.0,0.0,1.0
9,230,6.706304076352823,0.7950399213394026,1.0,0.0,0.0,1.0,0.0,0.0
10,230,4.123118545051653,7.35055867156084,0.0,1.0,1.0,0.0,0.0,0.0
11,230,9.101701249851324,5.703910260021798,0.0,0.0,0.0,0.0,1.0,1.0
12,230,3.938210999671962,10.126177561138176,0.0,0.0,0.0,0.0,0.0,0.0
13,230,2.1949157081336,4.874814684218032,0.0,1.0,0.0,1.0,1.0,0.0
14,230,7.348436207260732,4.553618823965372,1.0,0.0,0.0,1.0,0.0,0.0
15,230,6.36943189032321,12.0,0.0,0.0,0.0,0.0,1.0,0.0
16,230,3.076410251706593,0.0,1.0,0.0,0.0,0.0,1.0,0.0
17,230,5.225656692929623,8.273364487511863,1.0,0.0,0.0,1.0,0.0,0.0
18,230,5.445894275323206,1.5203229396288849,0.0,0.0,0.0,0.0,0.0,0.0
19,230,12.0,1.78457732873272,0.0,0.0,1.0,1.0,0.0,0.0
20,230,6.619453791037779,12.0,0.0,0.0,0.0,0.0,0.0,0.0
21,230,7.198041502060117,9.948398994118437,0.0,0.0,0.0,0.0,1.0,1.0
22,230,0.6433332999620224,0.0,0.0,0.0,0.0,0.0,0.0,0.0
23,230,2.96559653062708,4.573566376029255,0.0,1.0,1.0,1.0,0.0,1.0
24,230,3.7857074461302473,5.20189390868273,1.0,1.0,1.0,1.0,0.0,0.0
25,230,9.101499448390898,8.302901081568143,0.0,1.0,0.0,0.0,1.0,1.0
26,230,4.258204008628813,9.767411746913572,0.0,0.0,0.0,1.0,1.0,1.0
27,230,5.967510704503887,9.238120684377732,0.0,0.0,0.0,1.0,0.0,1.0
28,230,0.0,3.650560104438331,0.0,0.0,0.0,0.0,0.0,0.0
29,230,9.735075537467036,7.746414091626793,1.0,0.0,0.0,0.0,0.0,0.0
30,230,2.108256415314942,9.064452866161329,1.0,1.0,0.0,0.0,1.0,1.0
31,230,2.6681277260079947,4.173362587998818,1.0,1.0,1.0,1.0,0.0,0.0
32,230,7.852306749169855,0.2448018698529032,0.0,0.0,0.0,1.0,0.0,0.0
33,230,6.484498123903171,8.514229036928631,0.0,1.0,0.0,0.0,0.0,0.0
34,230,3.610691543243655,11.960240234984775,0.0,1.0,0.0,0.0,1.0,0.0
35,230,11.848850475185676,1.8453250156157968,1.0,0.0,0.0,0.0,1.0,0.0
36,230,6.055797847093889,3.2990051424251563,0.0,1.0,1.0,0.0,1.0,1.0
37,230,2.978477347856009,11.00148765964083,1.0,0.0,0.0,0.0,1.0,1.0
38,230,9.059648570764509,3.3877391213032357,1.0,0.0,1.0,0.0,1.0,0.0
39,230,1.4414968527207077,4.391239852327679,0.0,1.0,1.0,1.0,1.0,1.0
0,235,11.858686959417698,5.484876521364835,0.0,1.0,0.0,1.0,0.0,1.0
1,235,5.523694905572256,0.7696397903854572,1.0,0.0,1.0,1.0,1.0,1.0
2,235,1.303790573858506,2.629244847756321,0.0,0.0,0.0,0.0,0.0,0.0
3,235,10.183668728792703,10.395530785005905,0.0,0.0,1.0,0.0,0.0,0.0
4,235,8.912402716845962,8.667380412868624,0.0,0.0,1.0,0.0,1.0,0.0
5,235,12.0,4.403429857534223,1.0,1.0,0.0,0.0,0.0,0.0
6,235,0.0,3.632716539484726,1.0,0.0,1.0,0.0,1.0,1.0
7,235,7.408759910486758,5.854849169240422,0.0,0.0,0.0,0.0,1.0,0.0
8,235,4.13138139069321,8.279094803855065,0.0,0.0,1.0,1.0,0.0,1.0
9,235,6.62522207481326,0.6103163723368437,1.0,0.0,0.0,1.0,0.0,0.0
10,235,4.071847193578878,7.342081927276501,0.0,1.0,1.0,0.0,0.0,0.0
11,235,9.047553618141556,5.788096715684829,0.0,0.0,0.0,0.0,1.0,1.0
12,235,3.972574604324618,10.155955730933044,0.0,0.0,0.0,0.0,0.0,0.0
13,235,2.2307539319356064,4.841444144634113,0.0,1.0,0.0,1.0,1.0,0.0
14,235,7.429588208622761,4.501506237145884,1.0,0.0,0.0,1.0,0.0,0.0
15,235,6.380502962230776,12.0,0.0,0.0,0.0,0.0,1.0,0.0
16,235,3.317773122345318,0.0,1.0,0.0,0.0,0.0,1.0,0.0
17,235,5.260315755496449,8.271903455726061,1.0,0.0,0.0,1.0,0.0,0.0
18,235,5.421325471980277,1.539452144525518,0.0,0.0,0.0,0.0,0.0,0.0
19,235,12.0,1.7841465220807122,0.0,0.0,1.0,1.0,0.0,0.0
20,235,6.6339581128351375,12.0,0.0,0.0,0.0,0.0,0.0,0.0
21,235,7.261166981226911,9.971464284795154,0.0,0.0,0.0,0.0,1.0,1.0
22,235,0.7329142079954813,0.0,0.0,0.0,0.0,0.0,0.0,0.0
23,235,2.968997337814041,4.521775480829084,0.0,1.0,1.0,1.0,0.0,1.0
24,235,3.877142405787216,5.147117520149821,1.0,1.0,1.0,1.0,0.0,0.0
25,235,9.105917602841608,8.316479824290953,0.0,1.0,0.0,0.0,1.0,1.0
26,235,4.140455507635309,9.69317537441338,0.0,0.0,0.0,1.0,1.0,1.0
27,235,5.838779498288239,9.348486965348222,0.0,0.0,0.0,1.0,0.0,1.0
28,235,0.0,3.5867568080614984,0.0,0.0,0.0,0.0,0.0,0.0
29,235,9.7332121709205,7.736636743238307,1.0,0.0,0.0,0.0,0.0,0.0
30,235,2.288011463694064,9.285771051018664,1.0,1.0,0.0,0.0,1.0,1.0
31,235,2.7112859202649284,4.120981804024863,1.0,1.0,1.0,1.0,0.0,0.0
32,235,7.810656599270768,0.2495120934319519,0.0,0.0,0.0,1.0,0.0,0.0
33,235,6.472167627066485,8.570171280683704,0.0,1.0,0.0,0.0,0.0,0.0
34,235,3.578524224749496,11.948056476007888,0.0,1.0,0.0,0.0,1.0,0.0
35,235,11.904657731811248,1.7966791423641617,1.0,0.0,0.0,0.0,1.0,0.0
36,235,6.061060161198303,3.409914432856246,0.0,1.0,1.0,0.0,1.0,1.0
37,235,2.979160644737767,10.976607150917948,1.0,0.0,0.0,0.0,1.0,1.0
38,235,8.974632906915552,3.2384612144445977,1.0,0.0,1.0,0.0,1.0,0.0
39,235,1.3006989392468875,4.373901806230942,0.0,1.0,1.0,1.0,1.0,1.0
0,240,11.863143986836793,5.472218800012301,0.0,1.0,0.0,1.0,0.0,1.0
1,240,5.522165633360937,0.770153805547659,1.0,0.0,1.0,1.0,1.0,1.0
2,240,1.2654766303128293,2.7271566769830407,0.0,0.0,0.0,0.0,0.0,0.0
3,240,10.1106298301255,10.445963554474778,0.0,0.0,1.0,0.0,0.0,0.0
4,240,8.811556156876236,8.745179862753442,0.0,0.0,1.0,0.0,1.0,0.0
5,240,12.0,4.34002707802176,1.0,1.0,0.0,0.0,0.0,0.0
6,240,0.0,3.5938940525295275,1.0,0.0,1.0,0.0,1.0,1.0
7,240,7.508061121724696,5.815842900994618,0.0,0.0,0.0,0.0,1.0,0.0
8,240,4.154761842883365,8.281431680409085,0.0,0.0,1.0,1.0,0.0,1.0
9,240,6.543124102156875,0.4133696798975697,1.0,0.0,0.0,1.0,0.0,0.0
10,240,4.030665422933823,7.334972162348373,0.0,1.0,1.0,0.0,0.0,0.0
11,240,8.992507309350147,5.871413401670795,0.0,0.0,0.0,0.0,1.0,1.0
12,240,3.9991863003628287,10.178847585467729,0.0,0.0,0.0,0.0,0.0,0.0
13,240,2.2564241203191377,4.81703550952524,0.0,1.0,0.0,1.0,1.0,0.0
14,240,7.508100427984467,4.45258490069051,1.0,0.0,0.0,1.0,0.0,0.0
15,240,6.388967185822661,12.0,0.0,0.0,0.0,0.0,1.0,0.0
16,240,3.56129309073321,0.0,1.0,0.0,0.0,0.0,1.0,0.0
17,240,5.311423155524772,8.268544018137428,1.0,0.0,0.0,1.0,0.0,0.0
18,240,5.401201356658047,1.5548243343016357,0.0,0.0,0.0,0.0,0.0,0.0
19,240,12.0,1.7839278260945968,0.0,0.0,1.0,1.0,0.0,0.0
20,240,6.643356753532019,12.0,0.0,0.0,0.0,0.0,0.0,0.0
21,240,7.340892935906968,10.0014344836025,0.0,0.0,0.0,0.0,1.0,1.0
22,240,0.82916907622258,0.0,0.0,0.0,0.0,0.0,0.0,0.0
23,240,2.9723990373716704,4.477586377448694,0.0,1.0,1.0,1.0,0.0,1.0
24,240,3.9668996254070272,5.09373145175156,1.0,1.0,1.0,1.0,0.0,0.0
25,240,9.113306466354535,8.339372530147292,0.0,1.0,0.0,0.0,1.0,1.0
26,240,4.006574920626657,9.609300655897457,0.0,0.0,0.0,1.0,1.0,1.0
27,240,5.690097092477317,9.476116289678084,0.0,0.0,0.0,1.0,0.0,1.0
28,240,0.0,3.5301064916355336,0.0,0.0,0.0,0.0,0.0,0.0
29,240,9.733942015851031,7.740433184033509,1.0,0.0,0.0,0.0,0.0,0.0
30,240,2.4722047181515183,9.499703703736891,1.0,1.0,0.0,0.0,1.0,1.0
31,240,2.752224876359136,4.076225154609476,1.0,1.0,1.0,1.0,0.0,0.0
32,240,7.766640475124589,0.2536948476238236,0.0,0.0,0.0,1.0,0.0,0.0
33,240,6.453678837942742,8.659385362606619,0.0,1.0,0.0,0.0,0.0,0.0
34,240,3.5151317079033344,11.924564684643858,0.0,1.0,0.0,0.0,1.0,0.0
35,240,11.943123563278316,1.7611240323274708,1.0,0.0,0.0,0.0,1.0,0.0
36,240,6.0668534978664015,3.523288831293639,0.0,1.0,1.0,0.0,1.0,1.0
37,240,2.9807646463535966,10.932816164456378,1.0,0.0,0.0,0.0,1.0,1.0
38,240,8.898276485099858,3.0992545558159765,1.0,0.0,1.0,0.0,1.0,0.0
39,240,1.1451048946259987,4.351988643348366,0.0,1.0,1.0,1.0,1.0,1.0
0,245,11.86933689704173,5.454165212831184,0.0,1.0,0.0,1.0,0.0,1.0
1,245,5.526851900725019,0.7685716359275739,1.0,0.0,1.0,1.0,1.0,1.0
2,245,1.2266722483072192,2.830616569275061,0.0,0.0,0.0,0.0,0.0,0.0
3,245,10.046168945222748,10.4880431330053,0.0,0.0,1.0,0.0,0.0,0.0
4,245,8.69899895799519,8.832683083823982,0.0,0.0,1.0,0.0,1.0,0.0
5,245,12.0,4.280342907467014,1.0,1.0,0.0,0.0,0.0,0.0
6,245,0.0,3.557632688518223,1.0,0.0,1.0,0.0,1.0,1.0
7,245,7.607722923510976,5.778341116625077,0.0,0.0,0.0,0.0,1.0,0.0
8,245,4.171080831457392,8.283073605148372,0.0,0.0,1.0,1.0,0.0,1.0
9,245,6.454588154553038,0.2119001953906752,1.0,0.0,0.0,1.0,0.0,0.0
10,245,3.993636551842582,7.328560608232475,0.0,1.0,1.0,0.0,0.0,0.0
11,245,8.918801837949472,5.988568439587482,0.0,0.0,0.0,0.0,1.0,1.0
12,245,4.021883161436342,10.198753978891888,0.0,0.0,0.0,0.0,0.0,0.0
13,245,2.300314764627256,4.77454926252781,0.0,1.0,0.0,1.0,1.0,0.0
14,245,7.599961311530311,4.396452381359078,1.0,0.0,0.0,1.0,0.0,0.0
15,245,6.396466509306424,12.0,0.0,0.0,0.0,0.0,1.0,0.0
16,245,3.7878962344436458,0.0,1.0,0.0,0.0,0.0,1.0,0.0
17,245,5.396806327468986,8.263553173359863,1.0,0.0,0.0,1.0,0.0,0.0
18,245,5.390793010881138,1.5628848941946705,0.0,0.0,0.0,0.0,0.0,0.0
19,245,12.0,1.782747558428759,0.0,0.0,1.0,1.0,0.0,0.0
20,245,6.653409973976337,12.0,0.0,0.0,0.0,0.0,0.0,0.0
21,245,7.414148371693995,10.029960144826395,0.0,0.0,0.0,0.0,1.0,1.0
22,245,0.928202433618823,0.0,0.0,0.0,0.0,0.0,0.0,0.0
23,245,2.9766058460857594,4.423873495154325,0.0,1.0,1.0,1.0,0.0,1.0
24,245,4.025417133933881,5.0547867159298905,1.0,1.0,1.0,1.0,0.0,0.0
25,245,9.119844666119842,8.359718903357727,0.0,1.0,0.0,0.0,1.0,1.0
26,245,3.877538135874629,9.523519626251618,0.0,0.0,0.0,1.0,1.0,1.0
27,245,5.532184835243744,9.600643153428289,0.0,0.0,0.0,1.0,0.0,1.0
28,245,0.0,3.465117342711612,0.0,0.0,0.0,0.0,0.0,0.0
29,245,9.733217161926984,7.736402308905437,1.0,0.0,0.0,0.0,0.0,0.0
30,245,2.665186352951106,9.73141115198935,1.0,1.0,0.0,0.0,1.0,1.0
31,245,2.79128342810353,4.032016179806788,1.0,1.0,1.0,1.0,0.0,0.0
32,245,7.729915397278322,0.2567199705540293,0.0,0.0,0.0,1.0,0.0,0.0
33,245,6.540041656106163,8.677714378036136,0.0,1.0,0.0,0.0,0.0,0.0
34,245,3.456676019803295,11.901758671250484,0.0,1.0,0.0,0.0,1.0,0.0
35,245,11.994845286312149,1.714410611332715,1.0,0.0,0.0,0.0,1.0,0.0
36,245,6.072871006633858,3.6351705537016112,0.0,1.0,1.0,0.0,1.0,1.0
37,245,2.981404431297909,10.893816222026464,1.0,0.0,0.0,0.0,1.0,1.0
38,245,8.809807150896868,2.9335812606761524,1.0,0.0,1.0,0.0,1.0,0.0
39,245,0.9765977854535214,4.325625092370727,0.0,1.0,1.0,1.0,1.0,1.0
0,250,11.872365110801333,5.445641767366525,0.0,1.0,0.0,1.0,0.0,1.0
1,250,5.544415361675783,0.7621357758214524,1.0,0.0,1.0,1.0,1.0,1.0
2,250,1.1924871610978391,2.918436514549307,0.0,0.0,0.0,0.0,0.0,0.0
3,250,9.976076065884287,10.534166789513964,0.0,0.0,1.0,0.0,0.0,0.0
4,250,8.584717400030371,8.919555247275236,0.0,0.0,1.0,0.0,1.0,0.0
5,250,12.0,4.224917760206816,1.0,1.0,0.0,0.0,0.0,0.0
6,250,0.0,3.537457251971964,1.0,0.0,1.0,0.0,1.0,1.0
7,250,7.727540385394445,5.732903809603543,0.0,0.0,0.0,0.0,1.0,0.0
8,250,4.197981185559351,8.28624772171103,0.0,0.0,1.0,1.0,0.0,1.0
9,250,6.379864816173756,0.0251259363707407,1.0,0.0,0.0,1.0,0.0,0.0
10,250,3.971961093770903,7.324533745521947,0.0,1.0,1.0,0.0,0.0,0.0
11,250,8.843334859996492,6.10366089851587,0.0,0.0,0.0,0.0,1.0,1.0
12,250,4.030741137739442,10.205930810995804,0.0,0.0,0.0,0.0,0.0,0.0
13,250,2.337055651742607,4.738691372812668,0.0,1.0,0.0,1.0,1.0,0.0
14,250,7.683901302518246,4.344509321211717,1.0,0.0,0.0,1.0,0.0,0.0
15,250,6.401474675201815,12.0,0.0,0.0,0.0,0.0,1.0,0.0
16,250,4.002131655793368,0.0,1.0,0.0,0.0,0.0,1.0,0.0
17,250,5.467207084188844,8.259795512580748,1.0,0.0,0.0,1.0,0.0,0.0
18,250,5.401698887396978,1.554834227768736,0.0,0.0,0.0,0.0,0.0,0.0
19,250,12.0,1.7808443335319937,0.0,0.0,1.0,1.0,0.0,0.0
20,250,6.666241769567548,12.0,0.0,0.0,0.0,0.0,0.0,0.0
21,250,7.496420207617344,10.063118071314111,0.0,0.0,0.0,0.0,1.0,1.0
22,250,1.0213966589225485,0.0,0.0,0.0,0.0,0.0,0.0,0.0
23,250,2.9815441293311418,4.36676881727021,0.0,1.0,1.0,1.0,0.0,1.0
24,250,4.08098385852065,5.017629133278963,1.0,1.0,1.0,1.0,0.0,0.0
25,250,9.128157343975328,8.383541573285054,0.0,1.0,0.0,0.0,1.0,1.0
26,250,3.760811116073255,9.444056827914618,0.0,0.0,0.0,1.0,1.0,1.0
27,250,5.373132819578214,9.727863094540137,0.0,0.0,0.0,1.0,0.0,1.0
28,250,0.0,3.3991646748151982,0.0,0.0,0.0,0.0,0.0,0.0
29,250,9.734196380416812,7.74165875618532,1.0,0.0,0.0,0.0,0.0,0.0
30,250,2.855347258054757,9.954265985633484,1.0,1.0,0.0,0.0,1.0,1.0
31,250,2.7698213802795064,4.013281824380638,1.0,1.0,1.0,1.0,0.0,0.0
32,250,7.688160444782381,0.2601750519259138,0.0,0.0,0.0,1.0,0.0,0.0
33,250,6.633459501399295,8.698151173471727,0.0,1.0,0.0,0.0,0.0,0.0
34,250,3.414045046515555,11.884747246972942,0.0,1.0,0.0,0.0,1.0,0.0
35,250,12.0,1.682097336258377,1.0,0.0,0.0,0.0,1.0,0.0
36,250,6.078633915894008,3.755072056414219,0.0,1.0,1.0,0.0,1.0,1.0
37,250,2.982651765899317,10.869682486498222,1.0,0.0,0.0,0.0,1.0,1.0
38,250,8.718724853456933,2.76755760728454,1.0,0.0,1.0,0.0,1.0,0.0
39,250,0.8170144513626934,4.3039960411686256,0.0,1.0,1.0,1.0,1.0,1.0
0,255,11.877733700384862,5.431149792986257,0.0,1.0,0.0,1.0,0.0,1.0
1,255,5.555746121034476,0.7577175098544243,1.0,0.0,1.0,1.0,1.0,1.0
2,255,1.1638678533214026,2.9942653602988845,0.0,0.0,0.0,0.0,0.0,0.0
3,255,9.911498717149332,10.577119526355778,0.0,0.0,1.0,0.0,0.0,0.0
4,255,8.467665652140406,9.009774987710074,0.0,0.0,1.0,0.0,1.0,0.0
5,255,12.0,4.1660061552080565,1.0,1.0,0.0,0.0,0.0,0.0
6,255,0.0,3.513132900626168,1.0,0.0,1.0,0.0,1.0,1.0
7,255,7.849595202848909,5.686195105060333,0.0,0.0,0.0,0.0,1.0,0.0
8,255,4.22041283875293,8.288701505827845,0.0,0.0,1.0,1.0,0.0,1.0
9,255,6.302840454473515,0.0,1.0,0.0,0.0,1.0,0.0,0.0
10,255,3.9549287032405616,7.321097416655955,0.0,1.0,1.0,0.0,0.0,0.0
11,255,8.772248290557304,6.211490114497981,0.0,0.0,0.0,0.0,1.0,1.0
12,255,4.055449392873876,10.227954957775763,0.0,0.0,0.0,0.0,0.0,0.0
13,255,2.3749939935611315,4.701234535314999,0.0,1.0,0.0,1.0,1.0,0.0
14,255,7.767545963242662,4.29621601216119,1.0,0.0,0.0,1.0,0.0,0.0
15,255,6.409974023279423,12.0,0.0,0.0,0.0,0.0,1.0,0.0
16,255,4.201926842387623,0.0,1.0,0.0,0.0,0.0,1.0,0.0
17,255,5.544298389325842,8.253897858662372,1.0,0.0,0.0,1.0,0.0,0.0
18,255,5.409787161820749,1.548481336483701,0.0,0.0,0.0,0.0,0.0,0.0
19,255,12.0,1.7803215103710324,0.0,0.0,1.0,1.0,0.0,0.0
20,255,6.6766131984877966,12.0,0.0,0.0,0.0,0.0,0.0,0.0
21,255,7.553250932322283,10.085233879589,0.0,0.0,0.0,0.0,1.0,1.0
22,255,1.108965701898993,0.0,0.0,0.0,0.0,0.0,0.0,0.0
23,255,2.9878265578422982,4.298860585198935,0.0,1.0,1.0,1.0,0.0,1.0
24,255,4.1078168834402655,4.999388098604461,1.0,1.0,1.0,1.0,0.0,0.0
25,255,9.13454862594779,8.40133407597855,0.0,1.0,0.0,0.0,1.0,1.0
26,255,3.6431920514566554,9.364780906498387,0.0,0.0,0.0,1.0,1.0,1.0
27,255,5.213272445897964,9.855178005469462,0.0,0.0,0.0,1.0,0.0,1.0
28,255,0.0,3.317540594215602,0.0,0.0,0.0,0.0,0.0,0.0
29,255,9.735463614259343,7.749135992154965,1.0,0.0,0.0,0.0,0.0,0.0
30,255,3.0549660183821508,10.183399540851076,1.0,1.0,0.0,0.0,1.0,1.0
31,255,2.751549415198656,3.9979864750043625,1.0,1.0,1.0,1.0,0.0,0.0
32,255,7.670117841761395,0.2613040206226622,0.0,0.0,0.0,1.0,0.0,0.0
33,255,6.735614630695978,8.719806362840762,0.0,1.0,0.0,0.0,0.0,0.0
34,255,3.3552705850513207,11.861875346255813,0.0,1.0,0.0,0.0,1.0,0.0
35,255,12.0,1.6476425743406329,1.0,0.0,0.0,0.0,1.0,0.0
36,255,6.091300417783072,3.908541733241653,0.0,1.0,1.0,0.0,1.0,1.0
37,255,2.9843855372159767,10.822770694773224,1.0,0.0,0.0,0.0,1.0,1.0
38,255,8.630433355206607,2.596453180833021,1.0,0.0,1.0,0.0,1.0,0.0
39,255,0.6274908349296235,4.278626545207209,0.0,1.0,1.0,1.0,1.0,1.0
0,260,11.884972540326824,5.412930325724704,0.0,1.0,0.0,1.0,0.0,1.0
1,260,5.566313294448094,0.7536973221797781,1.0,0.0,1.0,1.0,1.0,1.0
2,260,1.1346673924865325,3.0707708223236048,0.0,0.0,0.0,0.0,0.0,0.0
3,260,9.841901010322692,10.623221579427952,0.0,0.0,1.0,0.0,0.0,0.0
4,260,8.35680525237127,9.09087891208986,0.0,0.0,1.0,0.0,1.0,0.0
5,260,12.0,4.102385767275305,1.0,1.0,0.0,0.0,0.0,0.0
6,260,0.0,3.4926537541620823,1.0,0.0,1.0,0.0,1.0,1.0
7,260,7.983154402079477,5.63329752465522,0.0,0.0,0.0,0.0,1.0,0.0
8,260,4.254296779108741,8.292506883011864,0.0,0.0,1.0,1.0,0.0,1.0
9,260,6.231325321807581,0.0,1.0,0.0,0.0,1.0,0.0,0.0
10,260,3.963619071795587,7.322866951639938,0.0,1.0,1.0,0.0,0.0,0.0
11,260,8.690338784521776,6.337640763493632,0.0,0.0,0.0,0.0,1.0,1.0
12,260,4.072942572062107,10.243793541342834,0.0,0.0,0.0,0.0,0.0,0.0
13,260,2.4151287762090137,4.660230720004327,0.0,1.0,0.0,1.0,1.0,0.0
14,260,7.832142792968443,4.256942790758077,1.0,0.0,0.0,1.0,0.0,0.0
15,260,6.416171914521159,12.0,0.0,0.0,0.0,0.0,1.0,0.0
16,260,4.390846312828059,0.0,1.0,0.0,0.0,0.0,1.0,0.0
17,260,5.654694411764559,8.243574035641128,1.0,0.0,0.0,1.0,0.0,0.0
18,260,5.414050850005424,1.5451834667456024,0.0,0.0,0.0,0.0,0.0,0.0
19,260,12.0,1.7805165354878356,0.0,0.0,1.0,1.0,0.0,0.0
20,260,6.690344021067485,12.0,0.0,0.0,0.0,0.0,0.0,0.0
21,260,7.602984282185806,10.104330803036868,0.0,0.0,0.0,0.0,1.0,1.0
22,260,1.1990869599087153,0.0,0.0,0.0,0.0,0.0,0.0,0.0
23,260,2.993605615680166,4.23011948421529,0.0,1.0,1.0,1.0,0.0,1.0
24,260,4.140509564378562,4.977589416474168,1.0,1.0,1.0,1.0,0.0,0.0
25,260,9.137025074617224,8.408112163856607,0.0,1.0,0.0,0.0,1.0,1.0
26,260,3.5104095013752525,9.275275413610231,0.0,0.0,0.0,1.0,1.0,1.0
27,260,5.052071327573158,9.98533595585239,0.0,0.0,0.0,1.0,0.0,1.0
28,260,0.0,3.224708161620941,0.0,0.0,0.0,0.0,0.0,0.0
29,260,9.735711752213144,7.750528413975034,1.0,0.0,0.0,0.0,0.0,0.0
30,260,3.2500376961811326,10.40620627997564,1.0,1.0,0.0,0.0,1.0,1.0
31,260,2.7436963295551067,3.991444380427589,1.0,1.0,1.0,1.0,0.0,0.0
32,260,7.653867421797959,0.2626089382067985,0.0,0.0,0.0,1.0,0.0,0.0
33,260,6.830260831361498,8.739937279793129,0.0,1.0,0.0,0.0,0.0,0.0
34,260,3.2745595383390014,11.830707106116732,0.0,1.0,0.0,0.0,1.0,0.0
35,260,12.0,1.6138781051627549,1.0,0.0,0.0,0.0,1.0,0.0
36,260,6.108607884800208,4.067154534387941,0.0,1.0,1.0,0.0,1.0,1.0
37,260,2.9857625717053446,10.754351932477194,1.0,0.0,0.0,0.0,1.0,1.0
38,260,8.539889430965275,2.4115655795515862,1.0,0.0,1.0,0.0,1.0,0.0
39,260,0.4459276060089994,4.25320920053343,0.0,1.0,1.0,1.0,1.0,1.0
0,265,11.89425806155589,5.390484334251621,0.0,1.0,0.0,1.0,0.0,1.0
1,265,5.585908661903074,0.7466010236530735,1.0,0.0,1.0,1.0,1.0,1.0
2,265,1.1157346532345982,3.1210886480714497,0.0,0.0,0.0,0.0,0.0,0.0
3,265,9.761564138092233,10.67490450097232,0.0,0.0,1.0,0.0,0.0,0.0
4,265,8.244936773659342,9.174811446320271,0.0,0.0,1.0,0.0,1.0,0.0
5,265,12.0,4.037221683909608,1.0,1.0,0.0,0.0,0.0,0.0
6,265,0.0,3.4786144195574846,1.0,0.0,1.0,0.0,1.0,1.0
7,265,8.10842941982947,5.583315900021959,0.0,0.0,0.0,0.0,1.0,0.0
8,265,4.296839870606413,8.298561669990347,0.0,0.0,1.0,1.0,0.0,1.0
9,265,6.173292573043791,0.0,1.0,0.0,0.0,1.0,0.0,0.0
10,265,3.950712164300486,7.320036052383382,0.0,1.0,1.0,0.0,0.0,0.0
11,265,8.61617740308646,6.452458505726077,0.0,0.0,0.0,0.0,1.0,1.0
12,265,4.108840561348928,10.274067693946192,0.0,0.0,0.0,0.0,0.0,0.0
13,265,2.452344146532324,4.620902678233901,0.0,1.0,0.0,1.0,1.0,0.0
14,265,7.894292468495418,4.219785386314984,1.0,0.0,0.0,1.0,0.0,0.0
15,265,6.4182634227567545,12.0,0.0,0.0,0.0,0.0,1.0,0.0
16,265,4.579188203846315,0.0,1.0,0.0,0.0,0.0,1.0,0.0
17,265,5.755514707739137,8.234782678973197,1.0,0.0,0.0,1.0,0.0,0.0
18,265,5.409749698031574,1.548467609145816,0.0,0.0,0.0,0.0,0.0,0.0
19,265,12.0,1.7806484981654145,0.0,0.0,1.0,1.0,0.0,0.0
20,265,6.705453484770448,12.0,0.0,0.0,0.0,0.0,0.0,0.0
21,265,7.662295045688734,10.125820257505731,0.0,0.0,0.0,0.0,1.0,1.0
22,265,1.295666305667729,0.0,0.0,0.0,0.0,0.0,0.0,0.0
23,265,2.997848817338519,4.165583871846119,0.0,1.0,1.0,1.0,0.0,1.0
24,265,4.181399991935211,4.95120586402046,1.0,1.0,1.0,1.0,0.0,0.0
25,265,9.136232177547235,8.405912496257912,0.0,1.0,0.0,0.0,1.0,1.0
26,265,3.383709656665835,9.187184900756952,0.0,0.0,0.0,1.0,1.0,1.0
27,265,4.901515737251183,10.103160743482652,0.0,0.0,0.0,1.0,0.0,1.0
28,265,0.0,3.110459092695669,0.0,0.0,0.0,0.0,0.0,0.0
29,265,9.735871664898458,7.751319472358532,1.0,0.0,0.0,0.0,0.0,0.0
30,265,3.4258388875407912,10.605177871193808,1.0,1.0,0.0,0.0,1.0,1.0
31,265,2.7171673260936124,3.969841220028549,1.0,1.0,1.0,1.0,0.0,0.0
32,265,7.643667229892991,0.2636232212935592,0.0,0.0,0.0,1.0,0.0,0.0
33,265,6.934723043154015,8.762488903370565,0.0,1.0,0.0,0.0,0.0,0.0
34,265,3.210380266942178,11.80492091359352,0.0,1.0,0.0,0.0,1.0,0.0
35,265,12.0,1.572683654648149,1.0,0.0,0.0,0.0,1.0,0.0
36,265,6.130980243312904,4.230318841229822,0.0,1.0,1.0,0.0,1.0,1.0
37,265,2.987192065316251,10.697542690399091,1.0,0.0,0.0,0.0,1.0,1.0
38,265,8.465034020306392,2.250380959696582,1.0,0.0,1.0,0.0,1.0,0.0
39,265,0.2405344856587597,4.2203136653122,0.0,1.0,1.0,1.0,1.0,1.0
0,270,11.914266380818695,5.344498961947897,0.0,1.0,0.0,1.0,0.0,1.0
1,270,5.586675381932803,0.7463400854391019,1.0,0.0,1.0,1.0,1.0,1.0
2,270,1.096407292724372,3.1728930879062918,0.0,0.0,0.0,0.0,0.0,0.0
3,270,9.66909459647152,10.73162449729756,0.0,0.0,1.0,0.0,0.0,0.0
4,270,8.14763464253205,9.244701616290955,0.0,0.0,1.0,0.0,1.0,0.0
5,270,12.0,3.97797043013508,1.0,1.0,0.0,0.0,0.0,0.0
6,270,0.0,3.4536404362137807,1.0,0.0,1.0,0.0,1.0,1.0
7,270,8.216890884713155,5.541187639545355,0.0,0.0,0.0,0.0,1.0,0.0
8,270,4.348063125469851,8.305819242148383,0.0,0.0,1.0,1.0,0.0,1.0
9,270,6.124533135429666,0.0,1.0,0.0,0.0,1.0,0.0,0.0
10,270,3.945384623013752,7.318788830571824,0.0,1.0,1.0,0.0,0.0,0.0
11,270,8.554622305923454,6.543767928931141,0.0,0.0,0.0,0.0,1.0,1.0
12,270,4.134318194612569,10.295047419679872,0.0,0.0,0.0,0.0,0.0,0.0
13,270,2.471854142542597,4.599992670481615,0.0,1.0,0.0,1.0,1.0,0.0
14,270,7.946443009721191,4.189442378975548,1.0,0.0,0.0,1.0,0.0,0.0
15,270,6.421669419409293,12.0,0.0,0.0,0.0,0.0,1.0,0.0
16,270,4.773719143468354,0.0,1.0,0.0,0.0,0.0,1.0,0.0
17,270,5.852505283799118,8.226451073306094,1.0,0.0,0.0,1.0,0.0,0.0
18,270,5.397907095705772,1.5575469646586886,0.0,0.0,0.0,0.0,0.0,0.0
19,270,12.0,1.7808526831069909,0.0,0.0,1.0,1.0,0.0,0.0
20,270,6.719103678425411,12.0,0.0,0.0,0.0,0.0,0.0,0.0
21,270,7.718947023724533,10.146278097305082,0.0,0.0,0.0,0.0,1.0,1.0
22,270,1.3887441411867736,0.0,0.0,0.0,0.0,0.0,0.0,0.0
23,270,3.001457726175847,4.101992502064032,0.0,1.0,1.0,1.0,0.0,1.0
24,270,4.222534712244014,4.925081858197811,1.0,1.0,1.0,1.0,0.0,0.0
25,270,9.130626283824872,8.390217420102974,0.0,1.0,0.0,0.0,1.0,1.0
26,270,3.2730976125489817,9.10876647111803,0.0,0.0,0.0,1.0,1.0,1.0
27,270,4.745346680886257,10.221804721433164,0.0,0.0,0.0,1.0,0.0,1.0
28,270,0.0,2.976069311813687,0.0,0.0,0.0,0.0,0.0,0.0
29,270,9.73144968660564,7.731990170063619,1.0,0.0,0.0,0.0,0.0,0.0
30,270,3.6010790700465147,10.810402729126777,1.0,1.0,0.0,0.0,1.0,1.0
31,270,2.691763276772708,3.9480855822653456,1.0,1.0,1.0,1.0,0.0,0.0
32,270,7.636798630965332,0.2641655085875839,0.0,0.0,0.0,1.0,0.0,0.0
33,270,6.909140560974503,8.871839812384927,0.0,1.0,0.0,0.0,0.0,0.0
34,270,3.140278668016768,11.777756497634885,0.0,1.0,0.0,0.0,1.0,0.0
35,270,12.0,1.5269752095575335,1.0,0.0,0.0,0.0,1.0,0.0
36,270,6.153070188896006,4.405356769067552,0.0,1.0,1.0,0.0,1.0,1.0
37,270,2.9901021402372794,10.625757112421688,1.0,0.0,0.0,0.0,1.0,1.0
38,270,8.396559649920132,2.1079473689136883,1.0,0.0,1.0,0.0,1.0,0.0
39,270,0.0133146029998083,4.187920408008574,0.0,1.0,1.0,1.0,1.0,1.0
0,275,11.940670034933474,5.280941589137822,0.0,1.0,0.0,1.0,0.0,1.0
1,275,5.602328911358939,0.7409353481901818,1.0,0.0,1.0,1.0,1.0,1.0
2,275,1.0793566141437398,3.219882451769285,0.0,0.0,0.0,0.0,0.0,0.0
3,275,9.562030968241311,10.794751858273951,0.0,0.0,1.0,0.0,0.0,0.0
4,275,8.047552030626937,9.31679901267122,0.0,0.0,1.0,0.0,1.0,0.0
5,275,12.0,3.925973078220165,1.0,1.0,0.0,0.0,0.0,0.0
6,275,0.0,3.4293948906069667,1.0,0.0,1.0,0.0,1.0,1.0
7,275,8.359243135067063,5.4883783513145135,0.0,0.0,0.0,0.0,1.0,0.0
8,275,4.3764605800966505,8.310823779671663,0.0,0.0,1.0,1.0,0.0,1.0
9,275,6.07897334034267,0.0,1.0,0.0,0.0,1.0,0.0,0.0
10,275,3.9333009230799343,7.315833801963982,0.0,1.0,1.0,0.0,0.0,0.0
11,275,8.479595331250561,6.656784281896591,0.0,0.0,0.0,0.0,1.0,1.0
12,275,4.144606413447489,10.30355187572558,0.0,0.0,0.0,0.0,0.0,0.0
13,275,2.4822049481017388,4.588363997237746,0.0,1.0,0.0,1.0,1.0,0.0
14,275,7.998164390210597,4.159047088032822,1.0,0.0,0.0,1.0,0.0,0.0
15,275,6.426585501422716,12.0,0.0,0.0,0.0,0.0,1.0,0.0
16,275,4.96165471646155,0.0,1.0,0.0,0.0,0.0,1.0,0.0
17,275,5.958704151188093,8.21890832933348,1.0,0.0,0.0,1.0,0.0,0.0
18,275,5.384565163198597,1.5681691001242737,0.0,0.0,0.0,0.0,0.0,0.0
19,275,12.0,1.7805622965855028,0.0,0.0,1.0,1.0,0.0,0.0
20,275,6.734261893560327,12.0,0.0,0.0,0.0,0.0,0.0,0.0
21,275,7.762596414853571,10.16183127730996,0.0,0.0,0.0,0.0,1.0,1.0
22,275,1.4939975465143909,0.0,0.0,0.0,0.0,0.0,0.0,0.0
23,275,3.006285483182672,4.038691635182477,0.0,1.0,1.0,1.0,0.0,1.0
24,275,4.2832620351319175,4.883926790363946,1.0,1.0,1.0,1.0,0.0,0.0
25,275,9.121726547831273,8.365051905562842,0.0,1.0,0.0,0.0,1.0,1.0
26,275,3.168410746489078,9.036820892288429,0.0,0.0,0.0,1.0,1.0,1.0
27,275,4.586126939551923,10.343634367751308,0.0,0.0,0.0,1.0,0.0,1.0
28,275,0.0,2.836074809388834,0.0,0.0,0.0,0.0,0.0,0.0
29,275,9.730797461769242,7.728923248089123,1.0,0.0,0.0,0.0,0.0,0.0
30,275,3.7895570887069057,11.019812210036898,1.0,1.0,0.0,0.0,1.0,1.0
31,275,2.647907025642008,3.912389134174388,1.0,1.0,1.0,1.0,0.0,0.0
32,275,7.664756475313623,0.2622643599414271,0.0,0.0,0.0,1.0,0.0,0.0
33,275,6.879952271550624,8.982609833895708,0.0,1.0,0.0,0.0,0.0,0.0
34,275,3.073928442022332,11.751893794381358,0.0,1.0,0.0,0.0,1.0,0.0
35,275,12.0,1.489101965859919,1.0,0.0,0.0,0.0,1.0,0.0
36,275,6.168292930640443,4.582691300040022,0.0,1.0,1.0,0.0,1.0,1.0
37,275,2.9905006212722056,10.56148137897036,1.0,0.0,0.0,0.0,1.0,1.0
38,275,8.31812866631717,1.950061248086868,1.0,0.0,1.0,0.0,1.0,0.0
39,275,0.0,4.15515219332644,0.0,1.0,1.0,1.0,1.0,1.0
0,280,11.969813818008165,5.212193410855538,0.0,1.0,0.0,1.0,0.0,1.0
1,280,5.620910439488213,0.7346856152929263,1.0,0.0,1.0,1.0,1.0,1.0
2,280,1.0640864016840097,3.2678963202146987,0.0,0.0,0.0,0.0,0.0,0.0
3,280,9.446201425992076,10.86530304575486,0.0,0.0,1.0,0.0,0.0,0.0
4,280,7.9454102511036275,9.394483596051163,0.0,0.0,1.0,0.0,1.0,0.0
5,280,12.0,3.8749051658326703,1.0,1.0,0.0,0.0,0.0,0.0
6,280,0.0,3.395793655048554,1.0,0.0,1.0,0.0,1.0,1.0
7,280,8.478768065405268,5.44039981723656,0.0,0.0,0.0,0.0,1.0,0.0
8,280,4.382532754837941,8.311896354808932,0.0,0.0,1.0,1.0,0.0,1.0
9,280,6.029940458398992,0.0,1.0,0.0,0.0,1.0,0.0,0.0
10,280,3.932744442566431,7.315714005527313,0.0,1.0,1.0,0.0,0.0,0.0
11,280,8.4035498614572,6.768044585307508,0.0,0.0,0.0,0.0,1.0,1.0
12,280,4.1617247029803135,10.318818021887552,0.0,0.0,0.0,0.0,0.0,0.0
13,280,2.4987796591292346,4.569483120874385,0.0,1.0,0.0,1.0,1.0,0.0
14,280,8.055686002863254,4.126689675470384,1.0,0.0,0.0,1.0,0.0,0.0
15,280,6.43223425780472,12.0,0.0,0.0,0.0,0.0,1.0,0.0
16,280,5.135174133888175,0.0,1.0,0.0,0.0,0.0,1.0,0.0
17,280,6.079354641593875,8.211353254999095,1.0,0.0,0.0,1.0,0.0,0.0
18,280,5.343844980810749,1.5998872501089287,0.0,0.0,0.0,0.0,0.0,0.0
19,280,12.0,1.7799081927924971,0.0,0.0,1.0,1.0,0.0,0.0
20,280,6.741764417690297,12.0,0.0,0.0,0.0,0.0,0.0,0.0
21,280,7.818880241305318,10.181140807052202,0.0,0.0,0.0,0.0,1.0,1.0
22,280,1.6077784543458409,0.0,0.0,0.0,0.0,0.0,0.0,0.0
23,280,3.008890405799139,3.983699233380822,0.0,1.0,1.0,1.0,0.0,1.0
24,280,4.340152872648138,4.84961188941312,1.0,1.0,1.0,1.0,0.0,0.0
25,280,9.112191620879823,8.339211953009153,0.0,1.0,0.0,0.0,1.0,1.0
26,280,3.0620034831249967,8.96301490168517,0.0,0.0,0.0,1.0,1.0,1.0
27,280,4.416696445291873,10.469584317005308,0.0,0.0,0.0,1.0,0.0,1.0
28,280,0.0,2.69563843467659,0.0,0.0,0.0,0.0,0.0,0.0
29,280,9.729289047353417,7.722102779797536,1.0,0.0,0.0,0.0,0.0,0.0
30,280,3.9717461097855407,11.223604567809016,1.0,1.0,0.0,0.0,1.0,1.0
31,280,2.6182872971844398,3.887996065982844,1.0,1.0,1.0,1.0,0.0,0.0
32,280,7.695711801060096,0.2599315427812069,0.0,0.0,0.0,1.0,0.0,0.0
33,280,6.854893330146927,9.08519300699854,0.0,1.0,0.0,0.0,0.0,0.0
34,280,3.0163306265270142,11.729818194307304,0.0,1.0,0.0,0.0,1.0,0.0
35,280,12.0,1.438058819035726,1.0,0.0,0.0,0.0,1.0,0.0
36,280,6.184256878327592,4.755359617454886,0.0,1.0,1.0,0.0,1.0,1.0
37,280,2.9914367933874475,10.496075959132716,1.0,0.0,0.0,0.0,1.0,1.0
38,280,8.243628876312057,1.7960564605442884,1.0,0.0,1.0,0.0,1.0,0.0
39,280,0.0,4.114464288551716,0.0,1.0,1.0,1.0,1.0,1.0
0,285,12.0,5.13099114664218,0.0,1.0,0.0,1.0,0.0,1.0
1,285,5.649756440202484,0.7259984596590013,1.0,0.0,1.0,1.0,1.0,1.0
2,285,1.0560201336992856,3.2937245244751603,0.0,0.0,0.0,0.0,0.0,0.0
3,285,9.347935568448666,10.928156116028369,0.0,0.0,1.0,0.0,0.0,0.0
4,285,7.839222648366849,9.475994947839958,0.0,0.0,1.0,0.0,1.0,0.0
5,285,12.0,3.826980901287023,1.0,1.0,0.0,0.0,0.0,0.0
6,285,0.0,3.3526110653199037,1.0,0.0,1.0,0.0,1.0,1.0
7,285,8.6134889780257,5.388744906607044,0.0,0.0,0.0,0.0,1.0,0.0
8,285,4.373851220571987,8.310230848904647,0.0,0.0,1.0,1.0,0.0,1.0
9,285,5.969991367454543,0.0,1.0,0.0,0.0,1.0,0.0,0.0
10,285,3.9419218100279063,7.318019106565872,0.0,1.0,1.0,0.0,0.0,0.0
11,285,8.319989477822888,6.892156946447631,0.0,0.0,0.0,0.0,1.0,1.0
12,285,4.179964527610873,10.334512902812316,0.0,0.0,0.0,0.0,0.0,0.0
13,285,2.5172692787381195,4.549216066935161,0.0,1.0,0.0,1.0,1.0,0.0
14,285,8.126558501730722,4.08544221750429,1.0,0.0,0.0,1.0,0.0,0.0
15,285,6.436354668514384,12.0,0.0,0.0,0.0,0.0,1.0,0.0
16,285,5.286961428313917,0.0,1.0,0.0,0.0,0.0,1.0,0.0
17,285,6.2248794732711294,8.201254877317734,1.0,0.0,0.0,1.0,0.0,0.0
18,285,5.310824456269657,1.6250822409495815,0.0,0.0,0.0,0.0,0.0,0.0
19,285,12.0,1.778412980377533,0.0,0.0,1.0,1.0,0.0,0.0
20,285,6.751849589817444,12.0,0.0,0.0,0.0,0.0,0.0,0.0
21,285,7.881294876508484,10.203829722801702,0.0,0.0,0.0,0.0,1.0,1.0
22,285,1.7095882325390377,0.0,0.0,0.0,0.0,0.0,0.0,0.0
23,285,3.0113333001085305,3.9395946430724176,0.0,1.0,1.0,1.0,0.0,1.0
24,285,4.398146561797866,4.814198053431064,1.0,1.0,1.0,1.0,0.0,0.0
25,285,9.096429627709332,8.300263912098114,0.0,1.0,0.0,0.0,1.0,1.0
26,285,2.959806413606614,8.889567990689928,0.0,0.0,0.0,1.0,1.0,1.0
27,285,4.250159983763424,10.597761011547885,0.0,0.0,0.0,1.0,0.0,1.0
28,285,0.0,2.776103505817604,0.0,0.0,0.0,0.0,0.0,0.0
29,285,9.72501325644136,7.703695442649254,1.0,0.0,0.0,0.0,0.0,0.0
30,285,4.140725987811931,11.410763438291548,1.0,1.0,0.0,0.0,1.0,1.0
31,285,2.587395937005123,3.862656030785414,1.0,1.0,1.0,1.0,0.0,0.0
32,285,7.734970838119566,0.2566705368026143,0.0,0.0,0.0,1.0,0.0,0.0
33,285,6.829418340415515,9.194095185280078,0.0,1.0,0.0,0.0,0.0,0.0
34,285,2.951457179819442,11.705131850057777,0.0,1.0,0.0,0.0,1.0,0.0
35,285,12.0,1.360291043755831,1.0,0.0,0.0,0.0,1.0,0.0
36,285,6.1966663838017455,4.906566064931365,0.0,1.0,1.0,0.0,1.0,1.0
37,285,2.991743182929381,10.404749818239765,1.0,0.0,0.0,0.0,1.0,1.0
38,285,8.16838963604382,1.6339646621185304,1.0,0.0,1.0,0.0,1.0,0.0
39,285,0.0,4.0642619638770014,0.0,1.0,1.0,1.0,1.0,1.0
0,290,12.0,5.044204058267199,0.0,1.0,0.0,1.0,0.0,1.0
1,290,5.668070647259426,0.7200726333052428,1.0,0.0,1.0,1.0,1.0,1.0
2,290,1.0461709803660022,3.3276371903546265,0.0,0.0,0.0,0.0,0.0,0.0
3,290,9.242657096598018,10.992488534513353,0.0,0.0,1.0,0.0,0.0,0.0
4,290,7.733644352645852,9.556269745299833,0.0,0.0,1.0,0.0,1.0,0.0
5,290,12.0,3.782917784920373,1.0,1.0,0.0,0.0,0.0,0.0
6,290,0.0,3.306994171880788,1.0,0.0,1.0,0.0,1.0,1.0
7,290,8.735902576262122,5.341207888552163,0.0,0.0,0.0,0.0,1.0,0.0
8,290,4.381354407463507,8.311653432165572,0.0,0.0,1.0,1.0,0.0,1.0
9,290,5.90887020566801,0.0,1.0,0.0,0.0,1.0,0.0,0.0
10,290,3.972386852435858,7.325480455147616,0.0,1.0,1.0,0.0,0.0,0.0
11,290,8.247970152911597,7.001811811849875,0.0,0.0,0.0,0.0,1.0,1.0
12,290,4.194182489827896,10.347115790466091,0.0,0.0,0.0,0.0,0.0,0.0
13,290,2.548858555992915,4.514554980733264,0.0,1.0,0.0,1.0,1.0,0.0
14,290,8.186861086635245,4.051215600940314,1.0,0.0,0.0,1.0,0.0,0.0
15,290,6.439985574508915,12.0,0.0,0.0,0.0,0.0,1.0,0.0
16,290,5.461706538860345,0.0,1.0,0.0,0.0,0.0,1.0,0.0
17,290,6.348136125645977,8.194738845041948,1.0,0.0,0.0,1.0,0.0,0.0
18,290,5.2686349710793285,1.6565541784494118,0.0,0.0,0.0,0.0,0.0,0.0
19,290,12.0,1.7769682343702349,0.0,0.0,1.0,1.0,0.0,0.0
20,290,6.758881547465836,12.0,0.0,0.0,0.0,0.0,0.0,0.0
21,290,7.951816416292428,10.230532513271148,0.0,0.0,0.0,0.0,1.0,1.0
22,290,1.8087755589819987,0.0,0.0,0.0,0.0,0.0,0.0,0.0
23,290,3.016167371906487,3.8897358690412136,0.0,1.0,1.0,1.0,0.0,1.0
24,290,4.465888975405389,4.77262235025078,1.0,1.0,1.0,1.0,0.0,0.0
25,290,9.090260469537348,8.285799730848684,0.0,1.0,0.0,0.0,1.0,1.0
26,290,2.877633880416811,8.827237966891882,0.0,0.0,0.0,1.0,1.0,1.0
27,290,4.088215504380473,10.716760717019095,0.0,0.0,0.0,1.0,0.0,1.0
28,290,0.0,2.857011224404817,0.0,0.0,0.0,0.0,0.0,0.0
29,290,9.71855681591303,7.678609065146408,1.0,0.0,0.0,0.0,0.0,0.0
30,290,4.310145351958669,11.607159240979144,1.0,1.0,0.0,0.0,1.0,1.0
31,290,2.565979783183597,3.844489231896477,1.0,1.0,1.0,1.0,0.0,0.0
32,290,7.795088383324465,0.2507466662309529,0.0,0.0,0.0,1.0,0.0,0.0
33,290,6.7955236321225785,9.326304643179652,0.0,1.0,0.0,0.0,0.0,0.0
34,290,2.8904044324775047,11.681110557217446,0.0,1.0,0.0,0.0,1.0,0.0
35,290,12.0,1.2954972721010525,1.0,0.0,0.0,0.0,1.0,0.0
36,290,6.209622036434347,5.0734303701127255,0.0,1.0,1.0,0.0,1.0,1.0
37,290,2.9899912061001124,10.299246981088912,1.0,0.0,0.0,0.0,1.0,1.0
38,290,8.090823941563073,1.459785260543448,1.0,0.0,1.0,0.0,1.0,0.0
39,290,0.0,4.021730737961826,0.0,1.0,1.0,1.0,1.0,1.0
0,295,12.0,4.965026386099844,0.0,1.0,0.0,1.0,0.0,1.0
1,295,5.666307930226587,0.7205919469560242,1.0,0.0,1.0,1.0,1.0,1.0
2,295,1.0338998162814224,3.3772606281899344,0.0,0.0,0.0,0.0,0.0,0.0
3,295,9.1212410674497,11.065576555239607,0.0,0.0,1.0,0.0,0.0,0.0
4,295,7.614979654878514,9.644376923350617,0.0,0.0,1.0,0.0,1.0,0.0
5,295,12.0,3.7352098771539146,1.0,1.0,0.0,0.0,0.0,0.0
6,295,0.0,3.2648795647795583,1.0,0.0,1.0,0.0,1.0,1.0
7,295,8.868701521764654,5.291212379409036,0.0,0.0,0.0,0.0,1.0,0.0
8,295,4.398579574571147,8.315537706710868,0.0,0.0,1.0,1.0,0.0,1.0
9,295,5.845237459049717,0.0,1.0,0.0,0.0,1.0,0.0,0.0
10,295,3.9962398038635434,7.331046017652138,0.0,1.0,1.0,0.0,0.0,0.0
11,295,8.168267082192905,7.117807987466563,0.0,0.0,0.0,0.0,1.0,1.0
12,295,4.217108450882144,10.3681795472554,0.0,0.0,0.0,0.0,0.0,0.0
13,295,2.579676915933504,4.481790981941787,0.0,1.0,0.0,1.0,1.0,0.0
14,295,8.230466269051831,4.025394221282999,1.0,0.0,0.0,1.0,0.0,0.0
15,295,6.443712988915372,12.0,0.0,0.0,0.0,0.0,1.0,0.0
16,295,5.627805080699277,0.0,1.0,0.0,0.0,0.0,1.0,0.0
17,295,6.459050636023167,8.185349193853787,1.0,0.0,0.0,1.0,0.0,0.0
18,295,5.235630322201854,1.6817297534938127,0.0,0.0,0.0,0.0,0.0,0.0
19,295,12.0,1.7751003792726283,0.0,0.0,1.0,1.0,0.0,0.0
20,295,6.764505656782361,12.0,0.0,0.0,0.0,0.0,0.0,0.0
21,295,8.017540884065221,10.25271339956539,0.0,0.0,0.0,0.0,1.0,1.0
22,295,1.901533874995788,0.0,0.0,0.0,0.0,0.0,0.0,0.0
23,295,3.0203980797894245,3.842312797094905,0.0,1.0,1.0,1.0,0.0,1.0
24,295,4.537160587089414,4.727802134993528,1.0,1.0,1.0,1.0,0.0,0.0
25,295,9.082157306130355,8.266010292685225,0.0,1.0,0.0,0.0,1.0,1.0
26,295,2.798533477637032,8.765236980406481,0.0,0.0,0.0,1.0,1.0,1.0
27,295,3.9237080553304073,10.836022247100722,0.0,0.0,0.0,1.0,0.0,1.0
28,295,0.0,2.9523859125615943,0.0,0.0,0.0,0.0,0.0,0.0
29,295,9.710054662391649,7.642154960370031,1.0,0.0,0.0,0.0,0.0,0.0
30,295,4.490327745249383,11.81167171249549,1.0,1.0,0.0,0.0,1.0,1.0
31,295,2.531455762765052,3.8156613250465807,1.0,1.0,1.0,1.0,0.0,0.0
32,295,7.873298688343697,0.242490042169506,0.0,0.0,0.0,1.0,0.0,0.0
33,295,6.756123367688363,9.47117597640353,0.0,1.0,0.0,0.0,0.0,0.0
34,295,2.8224321573330475,11.65310689690627,0.0,1.0,0.0,0.0,1.0,0.0
35,295,12.0,1.2296034700387202,1.0,0.0,0.0,0.0,1.0,0.0
36,295,6.222879593846087,5.258758727606418,0.0,1.0,1.0,0.0,1.0,1.0
37,295,2.9886994395282835,10.1648494456387,1.0,0.0,0.0,0.0,1.0,1.0
38,295,8.027061982676749,1.306275602138445,1.0,0.0,1.0,0.0,1.0,0.0
39,295,0.0,3.982414076689937,0.0,1.0,1.0,1.0,1.0,1.0
