0,0,0.0024294114063279,5.056338987274573,0.0,1.0,0.0,1.0,0.0,1.0
1,0,4.962267678753603,1.028464924538434,1.0,0.0,1.0,1.0,1.0,1.0
2,0,3.958431065175704,12.0,0.0,0.0,0.0,0.0,0.0,0.0
3,0,8.049272935671299,2.985265287173944,0.0,0.0,1.0,0.0,0.0,0.0
4,0,0.0,3.0030025553882957,0.0,0.0,1.0,0.0,1.0,0.0
5,0,0.0393584010182532,0.944738157011478,1.0,1.0,0.0,0.0,0.0,0.0
6,0,3.0553096863500966,8.978351321512898,1.0,0.0,1.0,0.0,1.0,1.0
7,0,1.9823609483840945,4.060838380773494,0.0,0.0,0.0,0.0,1.0,0.0
8,0,11.926535346575475,10.9951837020735,0.0,0.0,1.0,1.0,0.0,1.0
9,0,6.039589817231086,8.994167925058719,1.0,0.0,0.0,1.0,0.0,0.0
10,0,10.014163573652889,9.93311685618461,0.0,1.0,1.0,0.0,0.0,0.0
11,0,2.978801191979413,1.9776179446283983,0.0,0.0,0.0,0.0,1.0,1.0
12,0,4.036821743894231,12.0,0.0,0.0,0.0,0.0,0.0,0.0
13,0,10.007715482601307,11.951982544249786,0.0,1.0,0.0,1.0,1.0,0.0
14,0,3.0205053382096936,7.013055968586484,1.0,0.0,0.0,1.0,0.0,0.0
15,0,3.031171449499331,11.040404128390676,0.0,0.0,0.0,0.0,1.0,0.0
16,0,5.00293585606521,2.065935795985802,1.0,0.0,0.0,0.0,1.0,0.0
17,0,2.987248503351879,5.061460886972094,1.0,0.0,0.0,1.0,0.0,0.0
18,0,4.9514802598674,10.974100871771336,0.0,0.0,0.0,0.0,0.0,0.0
19,0,0.0,9.968887338780585,0.0,0.0,1.0,1.0,0.0,0.0
20,0,5.056136909259122,12.0,0.0,0.0,0.0,0.0,0.0,0.0
21,0,5.002968540618585,7.952363351316585,0.0,0.0,0.0,0.0,1.0,1.0
22,0,4.976800908032578,5.062584497376311,0.0,0.0,0.0,0.0,0.0,0.0
23,0,0.0729992791276762,11.96043018002698,0.0,1.0,1.0,1.0,0.0,1.0
24,0,9.031961748376885,4.037059929316556,1.0,1.0,1.0,1.0,0.0,0.0
25,0,12.0,0.956143709985702,0.0,1.0,0.0,0.0,1.0,1.0
26,0,3.064848023188366,4.01983788161368,0.0,0.0,0.0,1.0,1.0,1.0
27,0,2.990530529025277,11.939762176678892,0.0,0.0,0.0,1.0,0.0,1.0
28,0,6.038834050639792,9.030245715995,0.0,0.0,0.0,0.0,0.0,0.0
29,0,4.008922654962255,11.06626817606301,1.0,0.0,0.0,0.0,0.0,0.0
30,0,8.96856591478144,5.049745542705162,1.0,1.0,0.0,0.0,1.0,1.0
31,0,7.026337496608846,6.952043277420579,1.0,1.0,1.0,1.0,0.0,0.0
32,0,4.030346487437093,0.0,0.0,0.0,0.0,1.0,0.0,0.0
33,0,0.0,8.985249792043035,0.0,1.0,0.0,0.0,0.0,0.0
34,0,10.055240439028337,2.9984953764206685,0.0,1.0,0.0,0.0,1.0,0.0
35,0,12.0,12.0,1.0,0.0,0.0,0.0,1.0,0.0
36,0,12.0,10.946941043357274,0.0,1.0,1.0,0.0,1.0,1.0
37,0,4.001190265581398,4.9782644121749815,1.0,0.0,0.0,0.0,1.0,1.0
38,0,7.959052598452913,10.941356898717968,1.0,0.0,1.0,0.0,1.0,0.0
39,0,5.039786539228114,1.0398453211923897,0.0,1.0,1.0,1.0,1.0,1.0
0,5,0.0050934950322706,5.130710041586493,0.0,1.0,0.0,1.0,0.0,1.0
1,5,4.931107496250069,1.0516425852739355,1.0,0.0,1.0,1.0,1.0,1.0
2,5,3.9127693762976175,12.0,0.0,0.0,0.0,0.0,0.0,0.0
3,5,8.093737052470205,2.9723698133259893,0.0,0.0,1.0,0.0,0.0,0.0
4,5,0.0,3.007551119076414,0.0,0.0,1.0,0.0,1.0,0.0
5,5,0.0740782232466867,0.898457145708339,1.0,1.0,0.0,0.0,0.0,0.0
6,5,3.0969283581517324,8.961789875329792,1.0,0.0,1.0,0.0,1.0,1.0
7,5,1.9687630224703117,4.108532066077629,0.0,0.0,0.0,0.0,1.0,0.0
8,5,11.8434219062406,10.990518918786377,0.0,0.0,1.0,1.0,0.0,1.0
9,5,6.088000561242317,8.98520914267829,1.0,0.0,0.0,1.0,0.0,0.0
10,5,10.03138804756934,9.855359837156628,0.0,1.0,1.0,0.0,0.0,0.0
11,5,2.952164285790582,1.9474082223010307,0.0,0.0,0.0,0.0,1.0,1.0
12,5,4.0287886138851,12.0,0.0,0.0,0.0,0.0,0.0,0.0
13,5,10.018775253471812,11.88303150973283,0.0,1.0,0.0,1.0,1.0,0.0
14,5,3.0376608334314867,7.0237160664208425,1.0,0.0,0.0,1.0,0.0,0.0
15,5,3.06172819765636,11.076099956140196,0.0,0.0,0.0,0.0,1.0,0.0
16,5,5.005241691443572,2.107521543247976,1.0,0.0,0.0,0.0,1.0,0.0
17,5,2.9708265836396586,5.13734053625459,1.0,0.0,0.0,1.0,0.0,0.0
18,5,4.899220867241759,10.945571466834826,0.0,0.0,0.0,0.0,0.0,0.0
19,5,0.0,9.928745712694695,0.0,0.0,1.0,1.0,0.0,0.0
20,5,5.10617271653677,12.0,0.0,0.0,0.0,0.0,0.0,0.0
21,5,5.003751138398392,7.9135872468774755,0.0,0.0,0.0,0.0,1.0,1.0
22,5,4.962293215533253,5.106178411941899,0.0,0.0,0.0,0.0,0.0,0.0
23,5,0.1509459391215191,11.917539143407462,0.0,1.0,1.0,1.0,0.0,1.0
24,5,9.072597320209349,4.084035209612446,1.0,1.0,1.0,1.0,0.0,0.0
25,5,12.0,0.9044756038707046,0.0,1.0,0.0,0.0,1.0,1.0
26,5,3.140680976146147,4.04153830314286,0.0,0.0,0.0,1.0,1.0,1.0
27,5,2.983867422434968,11.878159612614088,0.0,0.0,0.0,1.0,0.0,1.0
28,5,6.078397658085834,9.060375593650985,0.0,0.0,0.0,0.0,0.0,0.0
29,5,4.020683934161703,11.141242562373764,1.0,0.0,0.0,0.0,0.0,0.0
30,5,8.941003409498006,5.094948096590663,1.0,1.0,0.0,0.0,1.0,1.0
31,5,7.045847369449191,6.918058256850166,1.0,1.0,1.0,1.0,0.0,0.0
32,5,4.055881987970411,0.0,0.0,0.0,0.0,1.0,0.0,0.0
33,5,0.0,8.97409670767824,0.0,1.0,0.0,0.0,0.0,0.0
34,5,10.122611801339357,2.9988488468540644,0.0,1.0,0.0,0.0,1.0,0.0
35,5,12.0,12.0,1.0,0.0,0.0,0.0,1.0,0.0
36,5,12.0,10.895075688344964,0.0,1.0,1.0,0.0,1.0,1.0
37,5,4.001501564132077,4.9463907609959366,1.0,0.0,0.0,0.0,1.0,1.0
38,5,7.912768582263781,10.88133206803435,1.0,0.0,1.0,0.0,1.0,0.0
39,5,5.079318720423158,1.0786622419949268,0.0,1.0,1.0,1.0,1.0,1.0
0,10,0.0089108816106749,5.217014169881122,0.0,1.0,0.0,1.0,0.0,1.0
1,10,4.911260921072457,1.0663312082528682,1.0,0.0,1.0,1.0,1.0,1.0
2,10,3.8704175631867153,12.0,0.0,0.0,0.0,0.0,0.0,0.0
3,10,8.136456026264975,2.959866212627868,0.0,0.0,1.0,0.0,0.0,0.0
4,10,0.0,3.012548930284597,0.0,0.0,1.0,0.0,1.0,0.0
5,10,0.1036608274389437,0.8595302063490639,1.0,1.0,0.0,0.0,0.0,0.0
6,10,3.1328852212407967,8.947649496527829,1.0,0.0,1.0,0.0,1.0,1.0
7,10,1.9500212468540772,4.175706212413907,0.0,0.0,0.0,0.0,1.0,0.0
8,10,11.75604921293704,10.986279967598763,0.0,0.0,1.0,1.0,0.0,1.0
9,10,6.131981351362387,8.977377949510613,1.0,0.0,0.0,1.0,0.0,0.0
10,10,10.046362646724615,9.788461003361297,0.0,1.0,1.0,0.0,0.0,0.0
11,10,2.9206159680801003,1.911582786098736,0.0,0.0,0.0,0.0,1.0,1.0
12,10,4.020805132694182,12.0,0.0,0.0,0.0,0.0,0.0,0.0
13,10,10.030331333946853,11.802275690557988,0.0,1.0,0.0,1.0,1.0,0.0
14,10,3.039511699875982,7.024784814923317,1.0,0.0,0.0,1.0,0.0,0.0
15,10,3.1005544991222824,11.123749390509449,0.0,0.0,0.0,0.0,1.0,0.0
16,10,5.00613392637183,2.125025069635494,1.0,0.0,0.0,0.0,1.0,0.0
17,10,2.9535078800788943,5.212481096605941,1.0,0.0,0.0,1.0,0.0,0.0
18,10,4.855653493451031,10.921470904039976,0.0,0.0,0.0,0.0,0.0,0.0
19,10,0.0,9.893456822676027,0.0,0.0,1.0,1.0,0.0,0.0
20,10,5.160223536590467,12.0,0.0,0.0,0.0,0.0,0.0,0.0
21,10,5.004009979430129,7.861197718712863,0.0,0.0,0.0,0.0,1.0,1.0
22,10,4.945276925278943,5.158181142948429,0.0,0.0,0.0,0.0,0.0,0.0
23,10,0.2061362301248295,11.88438267472433,0.0,1.0,1.0,1.0,0.0,1.0
24,10,9.117693822563076,4.137712456139794,1.0,1.0,1.0,1.0,0.0,0.0
25,10,12.0,0.8462909118252888,0.0,1.0,0.0,0.0,1.0,1.0
26,10,3.223991794143352,4.066601056848292,0.0,0.0,0.0,1.0,1.0,1.0
27,10,2.9778578954098167,11.81920970229885,0.0,0.0,0.0,1.0,0.0,1.0
28,10,6.105461468686144,9.080305881332029,0.0,0.0,0.0,0.0,0.0,0.0
29,10,4.030721172362289,11.216733245730213,1.0,0.0,0.0,0.0,0.0,0.0
30,10,8.912011729999225,5.138212786285996,1.0,1.0,0.0,0.0,1.0,1.0
31,10,7.055284834339815,6.903142395769772,1.0,1.0,1.0,1.0,0.0,0.0
32,10,4.0788650225926215,0.0,0.0,0.0,0.0,1.0,0.0,0.0
33,10,0.0,8.95572818595762,0.0,1.0,0.0,0.0,0.0,0.0
34,10,10.189509015732872,2.999086373565823,0.0,1.0,0.0,0.0,1.0,0.0
35,10,12.0,12.0,1.0,0.0,0.0,0.0,1.0,0.0
36,10,12.0,10.839834365733918,0.0,1.0,1.0,0.0,1.0,1.0
37,10,4.001039910591405,4.890080346205112,1.0,0.0,0.0,0.0,1.0,1.0
38,10,7.871259840352532,10.825386076154794,1.0,0.0,1.0,0.0,1.0,0.0
39,10,5.108869355839564,1.1078223166324226,0.0,1.0,1.0,1.0,1.0,1.0
0,15,0.0154855507983149,5.322143035103865,0.0,1.0,0.0,1.0,0.0,1.0
1,15,4.894359698803615,1.0781451302600276,1.0,0.0,1.0,1.0,1.0,1.0
2,15,3.833469782437455,12.0,0.0,0.0,0.0,0.0,0.0,0.0
3,15,8.181979907679965,2.9468340047796,0.0,0.0,1.0,0.0,0.0,0.0
4,15,0.0,3.015863251895992,0.0,0.0,1.0,0.0,1.0,0.0
5,15,0.1348410338784546,0.8176660538314011,1.0,1.0,0.0,0.0,0.0,0.0
6,15,3.175454950885197,8.930382306557316,1.0,0.0,1.0,0.0,1.0,1.0
7,15,1.937889597692158,4.217346324928004,0.0,0.0,0.0,0.0,1.0,0.0
8,15,11.66958643675965,10.984367156520904,0.0,0.0,1.0,1.0,0.0,1.0
9,15,6.17452155407748,8.968794677032994,1.0,0.0,0.0,1.0,0.0,0.0
10,15,10.063742327077197,9.715508565844136,0.0,1.0,1.0,0.0,0.0,0.0
11,15,2.900240719576646,1.888721222940055,0.0,0.0,0.0,0.0,1.0,1.0
12,15,4.01619486324151,12.0,0.0,0.0,0.0,0.0,0.0,0.0
13,15,10.037703523779452,11.7396019307638,0.0,1.0,0.0,1.0,1.0,0.0
14,15,3.0447588188621277,7.027782356002536,1.0,0.0,0.0,1.0,0.0,0.0
15,15,3.1321117355230186,11.163258146630836,0.0,0.0,0.0,0.0,1.0,0.0
16,15,5.006980793622147,2.1376834715906528,1.0,0.0,0.0,0.0,1.0,0.0
17,15,2.9371106768515034,5.285279464650278,1.0,0.0,0.0,1.0,0.0,0.0
18,15,4.829414340021184,10.907198105704264,0.0,0.0,0.0,0.0,0.0,0.0
19,15,0.0,9.861861692234903,0.0,0.0,1.0,1.0,0.0,0.0
20,15,5.215026398963508,12.0,0.0,0.0,0.0,0.0,0.0,0.0
21,15,5.003595131692157,7.808905159026859,0.0,0.0,0.0,0.0,1.0,1.0
22,15,4.928989478019319,5.203813838473846,0.0,0.0,0.0,0.0,0.0,0.0
23,15,0.2616530411923184,11.85125573906836,0.0,1.0,1.0,1.0,0.0,1.0
24,15,9.171487337925916,4.201570038039544,1.0,1.0,1.0,1.0,0.0,0.0
25,15,12.0,0.782157994142243,0.0,1.0,0.0,0.0,1.0,1.0
26,15,3.313256005031082,4.09259682718124,0.0,0.0,0.0,1.0,1.0,1.0
27,15,2.9702214725687277,11.75246711493418,0.0,0.0,0.0,1.0,0.0,1.0
28,15,6.131774112291329,9.098369064262611,0.0,0.0,0.0,0.0,0.0,0.0
29,15,4.03994390746192,11.275766801338737,1.0,0.0,0.0,0.0,0.0,0.0
30,15,8.862948260663167,5.2146433315926375,1.0,1.0,0.0,0.0,1.0,1.0
31,15,7.068122405994021,6.883852064364401,1.0,1.0,1.0,1.0,0.0,0.0
32,15,4.106113081251895,0.0,0.0,0.0,0.0,1.0,0.0,0.0
33,15,0.0,8.938804910767168,0.0,1.0,0.0,0.0,0.0,0.0
34,15,10.255669236451084,3.00200781193245,0.0,1.0,0.0,0.0,1.0,0.0
35,15,12.0,12.0,1.0,0.0,0.0,0.0,1.0,0.0
36,15,12.0,10.773578247149436,0.0,1.0,1.0,0.0,1.0,1.0
37,15,4.001697464369964,4.818916309835464,1.0,0.0,0.0,0.0,1.0,1.0
38,15,7.832848519197275,10.77098068119453,1.0,0.0,1.0,0.0,1.0,0.0
39,15,5.137640918895493,1.1356755445469846,0.0,1.0,1.0,1.0,1.0,1.0
0,20,0.0201672555388095,5.418703117214926,0.0,1.0,0.0,1.0,0.0,1.0
1,20,4.892639153747824,1.0793827540058325,1.0,0.0,1.0,1.0,1.0,1.0
2,20,3.783200403436044,12.0,0.0,0.0,0.0,0.0,0.0,0.0
3,20,8.228551149211917,2.932269439368095,0.0,0.0,1.0,0.0,0.0,0.0
4,20,0.0,3.019219145982337,0.0,0.0,1.0,0.0,1.0,0.0
5,20,0.1638907656416849,0.7778159905421618,1.0,1.0,0.0,0.0,0.0,0.0
6,20,3.2305358322158897,8.907982258330247,1.0,0.0,1.0,0.0,1.0,1.0
7,20,1.9834095887960244,4.23157226511813,0.0,0.0,0.0,0.0,1.0,0.0
8,20,11.590724684030484,10.983065599401828,0.0,0.0,1.0,1.0,0.0,1.0
9,20,6.201290941691625,8.96319111826196,1.0,0.0,0.0,1.0,0.0,0.0
10,20,10.0783866141777,9.651480022918278,0.0,1.0,1.0,0.0,0.0,0.0
11,20,2.884819759567984,1.871303263622545,0.0,0.0,0.0,0.0,1.0,1.0
12,20,4.011029543494373,12.0,0.0,0.0,0.0,0.0,0.0,0.0
13,20,10.047564547620349,11.672764102796831,0.0,1.0,0.0,1.0,1.0,0.0
14,20,3.032376747470907,7.020429185626098,1.0,0.0,0.0,1.0,0.0,0.0
15,20,3.1634987639108587,11.202949576800464,0.0,0.0,0.0,0.0,1.0,0.0
16,20,5.00613159525673,2.127243825161667,1.0,0.0,0.0,0.0,1.0,0.0
17,20,2.916609030092671,5.380677902557198,1.0,0.0,0.0,1.0,0.0,0.0
18,20,4.81044815357049,10.897004545599074,0.0,0.0,0.0,0.0,0.0,0.0
19,20,0.0,9.837035082280588,0.0,0.0,1.0,1.0,0.0,0.0
20,20,5.2742625005636254,12.0,0.0,0.0,0.0,0.0,0.0,0.0
21,20,5.003179499388301,7.771040035764223,0.0,0.0,0.0,0.0,1.0,1.0
22,20,4.911965693908242,5.256474059573688,0.0,0.0,0.0,0.0,0.0,0.0
23,20,0.32032269493285,11.817185794169838,0.0,1.0,1.0,1.0,0.0,1.0
24,20,9.212109815836484,4.250111965643328,1.0,1.0,1.0,1.0,0.0,0.0
25,20,12.0,0.7214306114458604,0.0,1.0,0.0,0.0,1.0,1.0
26,20,3.4141731042904584,4.121142831673202,0.0,0.0,0.0,1.0,1.0,1.0
27,20,2.9612545831328814,11.683204367458009,0.0,0.0,0.0,1.0,0.0,1.0
28,20,6.156762088962595,9.1148475493753,0.0,0.0,0.0,0.0,0.0,0.0
29,20,4.048497645231042,11.333012147378836,1.0,0.0,0.0,0.0,0.0,0.0
30,20,8.809181434082452,5.300006938347241,1.0,1.0,0.0,0.0,1.0,1.0
31,20,7.077689589530675,6.868870923376871,1.0,1.0,1.0,1.0,0.0,0.0
32,20,4.133913544913493,0.0,0.0,0.0,0.0,1.0,0.0,0.0
33,20,0.0,8.918770016354621,0.0,1.0,0.0,0.0,0.0,0.0
34,20,10.30641168320343,3.003976913116703,0.0,1.0,0.0,0.0,1.0,0.0
35,20,12.0,12.0,1.0,0.0,0.0,0.0,1.0,0.0
36,20,12.0,10.726261237716578,0.0,1.0,1.0,0.0,1.0,1.0
37,20,4.004510308811281,4.756248476565431,1.0,0.0,0.0,0.0,1.0,1.0
38,20,7.8036910255977565,10.731654614428434,1.0,0.0,1.0,0.0,1.0,0.0
39,20,5.160145125959339,1.156623780126537,0.0,1.0,1.0,1.0,1.0,1.0
0,25,0.024717895891127,5.522553483472406,0.0,1.0,0.0,1.0,0.0,1.0
1,25,4.879619614355974,1.0889702950981663,1.0,0.0,1.0,1.0,1.0,1.0
2,25,3.733684591648923,12.0,0.0,0.0,0.0,0.0,0.0,0.0
3,25,8.255198760292956,2.9243340624914165,0.0,0.0,1.0,0.0,0.0,0.0
4,25,0.0,3.0225140060917037,0.0,0.0,1.0,0.0,1.0,0.0
5,25,0.1995589448213195,0.7279374193499737,1.0,1.0,0.0,0.0,0.0,0.0
6,25,3.2805088422431417,8.886527933291044,1.0,0.0,1.0,0.0,1.0,1.0
7,25,2.059445902603864,4.254985924186642,0.0,0.0,0.0,0.0,1.0,0.0
8,25,11.52473600155508,10.979245013026665,0.0,0.0,1.0,1.0,0.0,1.0
9,25,6.241807209035645,8.954219119642657,1.0,0.0,0.0,1.0,0.0,0.0
10,25,10.094952100536736,9.576178857200102,0.0,1.0,1.0,0.0,0.0,0.0
11,25,2.884384973595381,1.870755384954384,0.0,0.0,0.0,0.0,1.0,1.0
12,25,4.007479265051622,12.0,0.0,0.0,0.0,0.0,0.0,0.0
13,25,10.061099884480116,11.58721988999616,0.0,1.0,0.0,1.0,1.0,0.0
14,25,3.0339169482222306,7.021396713443565,1.0,0.0,0.0,1.0,0.0,0.0
15,25,3.193324446460412,11.239944816225062,0.0,0.0,0.0,0.0,1.0,0.0
16,25,5.004444133174989,2.103983355844811,1.0,0.0,0.0,0.0,1.0,0.0
17,25,2.892960862744294,5.49845876295439,1.0,0.0,0.0,1.0,0.0,0.0
18,25,4.798662453367524,10.890486023722875,0.0,0.0,0.0,0.0,0.0,0.0
19,25,0.0,9.817690119659083,0.0,0.0,1.0,1.0,0.0,0.0
20,25,5.321892731770051,12.0,0.0,0.0,0.0,0.0,0.0,0.0
21,25,5.003325097630738,7.753187991396627,0.0,0.0,0.0,0.0,1.0,1.0
22,25,4.897267713249748,5.295656707511022,0.0,0.0,0.0,0.0,0.0,0.0
23,25,0.3851109131890796,11.778882839407975,0.0,1.0,1.0,1.0,0.0,1.0
24,25,9.240096479003318,4.2832487180180365,1.0,1.0,1.0,1.0,0.0,0.0
25,25,12.0,0.6649071272607256,0.0,1.0,0.0,0.0,1.0,1.0
26,25,3.4924127636167377,4.145110577930282,0.0,0.0,0.0,1.0,1.0,1.0
27,25,2.951267590527631,11.603969695889484,0.0,0.0,0.0,1.0,0.0,1.0
28,25,6.183784884306776,9.132184912039008,0.0,0.0,0.0,0.0,0.0,0.0
29,25,4.055745861850285,11.38014436107192,1.0,0.0,0.0,0.0,0.0,0.0
30,25,8.753961064227303,5.38355026697089,1.0,1.0,0.0,0.0,1.0,1.0
31,25,7.086867677504204,6.855143078644238,1.0,1.0,1.0,1.0,0.0,0.0
32,25,4.174226713030601,0.0,0.0,0.0,0.0,1.0,0.0,0.0
33,25,0.0,8.901574393782461,0.0,1.0,0.0,0.0,0.0,0.0
34,25,10.354654545626095,3.0070765411066183,0.0,1.0,0.0,0.0,1.0,0.0
35,25,12.0,12.0,1.0,0.0,0.0,0.0,1.0,0.0
36,25,12.0,10.68891554188561,0.0,1.0,1.0,0.0,1.0,1.0
37,25,4.006232668206306,4.704154854359548,1.0,0.0,0.0,0.0,1.0,1.0
38,25,7.787542191733691,10.709724798194,1.0,0.0,1.0,0.0,1.0,0.0
39,25,5.190550993566551,1.1852087519217378,0.0,1.0,1.0,1.0,1.0,1.0
0,30,0.0315978422744919,5.629475220528866,0.0,1.0,0.0,1.0,0.0,1.0
1,30,4.871499424840044,1.094856060021476,1.0,0.0,1.0,1.0,1.0,1.0
2,30,3.6768868206859326,12.0,0.0,0.0,0.0,0.0,0.0,0.0
3,30,8.287972191498811,2.915631180238207,0.0,0.0,1.0,0.0,0.0,0.0
4,30,0.0,3.0253689696791355,0.0,0.0,1.0,0.0,1.0,0.0
5,30,0.2393416093940185,0.6720899651151191,1.0,1.0,0.0,0.0,0.0,0.0
6,30,3.3419991203475288,8.860794490386477,1.0,0.0,1.0,0.0,1.0,1.0
7,30,2.1468474045777355,4.282965711876539,0.0,0.0,0.0,0.0,1.0,0.0
8,30,11.427886772016056,10.976120725396749,0.0,0.0,1.0,1.0,0.0,1.0
9,30,6.297115189034119,8.943304688486629,1.0,0.0,0.0,1.0,0.0,0.0
10,30,10.118599295905474,9.48176026679248,0.0,1.0,1.0,0.0,0.0,0.0
11,30,2.885555711767114,1.8722445608023677,0.0,0.0,0.0,0.0,1.0,1.0
12,30,4.009226419604066,11.991551216343282,0.0,0.0,0.0,0.0,0.0,0.0
13,30,9.983495783251954,11.57401909627253,0.0,1.0,0.0,1.0,1.0,0.0
14,30,3.013063310671167,7.008408592215486,1.0,0.0,0.0,1.0,0.0,0.0
15,30,3.2250349193519243,11.28069960181792,0.0,0.0,0.0,0.0,1.0,0.0
16,30,5.003460525554308,2.0919819847335077,1.0,0.0,0.0,0.0,1.0,0.0
17,30,2.873317911781081,5.5995947246497,1.0,0.0,0.0,1.0,0.0,0.0
18,30,4.800810934787079,10.89171339970122,0.0,0.0,0.0,0.0,0.0,0.0
19,30,0.0,9.799846013930535,0.0,0.0,1.0,1.0,0.0,0.0
20,30,5.359686127728492,12.0,0.0,0.0,0.0,0.0,0.0,0.0
21,30,5.003776789762396,7.738231187485288,0.0,0.0,0.0,0.0,1.0,1.0
22,30,4.883583248470933,5.328264676551384,0.0,0.0,0.0,0.0,0.0,0.0
23,30,0.45762066700208,11.735751890616063,0.0,1.0,1.0,1.0,0.0,1.0
24,30,9.2674983016738,4.316379147941019,1.0,1.0,1.0,1.0,0.0,0.0
25,30,12.0,0.5962890393692676,0.0,1.0,0.0,0.0,1.0,1.0
26,30,3.574577245864079,4.16963288895107,0.0,0.0,0.0,1.0,1.0,1.0
27,30,2.9470356800578847,11.56043607870964,0.0,0.0,0.0,1.0,0.0,1.0
28,30,6.221075666444894,9.15622392945062,0.0,0.0,0.0,0.0,0.0,0.0
29,30,4.064978921450344,11.43395928682702,1.0,0.0,0.0,0.0,0.0,0.0
30,30,8.704294882480482,5.46030199721661,1.0,1.0,0.0,0.0,1.0,1.0
31,30,7.097635604108958,6.83905507789274,1.0,1.0,1.0,1.0,0.0,0.0
32,30,4.21315269525117,0.0,0.0,0.0,0.0,1.0,0.0,0.0
33,30,0.0,8.889191876229905,0.0,1.0,0.0,0.0,0.0,0.0
34,30,10.356445449136656,2.948821108702581,0.0,1.0,0.0,0.0,1.0,0.0
35,30,12.0,12.0,1.0,0.0,0.0,0.0,1.0,0.0
36,30,12.0,10.634301048857768,0.0,1.0,1.0,0.0,1.0,1.0
37,30,4.007980977363243,4.654084523472119,1.0,0.0,0.0,0.0,1.0,1.0
38,30,7.77226606126543,10.68960346039723,1.0,0.0,1.0,0.0,1.0,0.0
39,30,5.240192868765071,1.2318323498582044,0.0,1.0,1.0,1.0,1.0,1.0
0,35,0.0413577177015778,5.748802518867461,0.0,1.0,0.0,1.0,0.0,1.0
1,35,4.873341904324649,1.093548229201157,1.0,0.0,1.0,1.0,1.0,1.0
2,35,3.608083166404203,12.0,0.0,0.0,0.0,0.0,0.0,0.0
3,35,8.32904322044332,2.9044008263640806,0.0,0.0,1.0,0.0,0.0,0.0
4,35,0.0,3.0296724618809567,0.0,0.0,1.0,0.0,1.0,0.0
5,35,0.2925959378298648,0.5971128953392018,1.0,1.0,0.0,0.0,0.0,0.0
6,35,3.4004007430596186,8.83566512464633,1.0,0.0,1.0,0.0,1.0,1.0
7,35,2.228531194935149,4.305446383305772,0.0,0.0,0.0,0.0,1.0,0.0
8,35,11.32455922779716,10.97144770812334,0.0,0.0,1.0,1.0,0.0,1.0
9,35,6.356183999764582,8.932568247880056,1.0,0.0,0.0,1.0,0.0,0.0
10,35,10.148183593962864,9.384558399952663,0.0,1.0,1.0,0.0,0.0,0.0
11,35,2.8830234421746126,1.8689975249039887,0.0,0.0,0.0,0.0,1.0,1.0
12,35,4.013346135794755,11.972194152366566,0.0,0.0,0.0,0.0,0.0,0.0
13,35,9.909787246510684,11.561648862785765,0.0,1.0,0.0,1.0,1.0,0.0
14,35,3.012652441325586,7.008144497824638,1.0,0.0,0.0,1.0,0.0,0.0
15,35,3.262056662963495,11.33224633907662,0.0,0.0,0.0,0.0,1.0,0.0
16,35,5.003003833850861,2.0866061230302484,1.0,0.0,0.0,0.0,1.0,0.0
17,35,2.8534251524807392,5.683152078908833,1.0,0.0,0.0,1.0,0.0,0.0
18,35,4.822414131770677,10.90425547150523,0.0,0.0,0.0,0.0,0.0,0.0
19,35,0.0,9.793201486986383,0.0,0.0,1.0,1.0,0.0,0.0
20,35,5.400264511176737,12.0,0.0,0.0,0.0,0.0,0.0,0.0
21,35,5.004111889940607,7.728816306224344,0.0,0.0,0.0,0.0,1.0,1.0
22,35,4.867185524542597,5.368068184088415,0.0,0.0,0.0,0.0,0.0,0.0
23,35,0.5169816734093136,11.699169090282457,0.0,1.0,1.0,1.0,0.0,1.0
24,35,9.286991339639057,4.33883269242962,1.0,1.0,1.0,1.0,0.0,0.0
25,35,12.0,0.5150819429194916,0.0,1.0,0.0,0.0,1.0,1.0
26,35,3.6441442801544666,4.189156058295281,0.0,0.0,0.0,1.0,1.0,1.0
27,35,2.9420189412947475,11.519833832934856,0.0,0.0,0.0,1.0,0.0,1.0
28,35,6.248968743768407,9.173940193965237,0.0,0.0,0.0,0.0,0.0,0.0
29,35,4.072132374027504,11.469630658365418,1.0,0.0,0.0,0.0,0.0,0.0
30,35,8.650637197064349,5.5443131655535245,1.0,1.0,0.0,0.0,1.0,1.0
31,35,7.097604322501764,6.8391033810574,1.0,1.0,1.0,1.0,0.0,0.0
32,35,4.249671555886813,0.0,0.0,0.0,0.0,1.0,0.0,0.0
33,35,0.0,8.885434749027837,0.0,1.0,0.0,0.0,0.0,0.0
34,35,10.359585118557842,2.8824460633231364,0.0,1.0,0.0,0.0,1.0,0.0
35,35,12.0,12.0,1.0,0.0,0.0,0.0,1.0,0.0
36,35,12.0,10.58435935402308,0.0,1.0,1.0,0.0,1.0,1.0
37,35,4.008278146042453,4.617700171046058,1.0,0.0,0.0,0.0,1.0,1.0
38,35,7.755723296860791,10.666288170134456,1.0,0.0,1.0,0.0,1.0,0.0
39,35,5.277070397414845,1.266339702456226,0.0,1.0,1.0,1.0,1.0,1.0
0,40,0.0542522066268828,5.866487175325194,0.0,1.0,0.0,1.0,0.0,1.0
1,40,4.882671663346252,1.0866954112038152,1.0,0.0,1.0,1.0,1.0,1.0
2,40,3.525646971352055,12.0,0.0,0.0,0.0,0.0,0.0,0.0
3,40,8.352369761608063,2.8979158550866027,0.0,0.0,1.0,0.0,0.0,0.0
4,40,0.0,3.0341854407043423,0.0,0.0,1.0,0.0,1.0,0.0
5,40,0.3421089900744382,0.528881920207601,1.0,1.0,0.0,0.0,0.0,0.0
6,40,3.4525499750619977,8.81180134376387,1.0,0.0,1.0,0.0,1.0,1.0
7,40,2.3242800450422085,4.33332699934693,0.0,0.0,0.0,0.0,1.0,0.0
8,40,11.212616614235603,10.962634175919584,0.0,0.0,1.0,1.0,0.0,1.0
9,40,6.408582486452677,8.923330417568042,1.0,0.0,0.0,1.0,0.0,0.0
10,40,10.174972579062754,9.300795891865556,0.0,1.0,1.0,0.0,0.0,0.0
11,40,2.883889202650657,1.870120257007694,0.0,0.0,0.0,0.0,1.0,1.0
12,40,4.017639163965202,11.95400122223333,0.0,0.0,0.0,0.0,0.0,0.0
13,40,9.848657339431872,11.55352240434147,0.0,1.0,0.0,1.0,1.0,0.0
14,40,3.00320997316176,7.001658248003014,1.0,0.0,0.0,1.0,0.0,0.0
15,40,3.3022066359052675,11.388679019943984,0.0,0.0,0.0,0.0,1.0,0.0
16,40,5.000662346362866,2.062939654049333,1.0,0.0,0.0,0.0,1.0,0.0
17,40,2.8321965905355904,5.76999564964764,1.0,0.0,0.0,1.0,0.0,0.0
18,40,4.837143826443626,10.91261949638877,0.0,0.0,0.0,0.0,0.0,0.0
19,40,0.0,9.77563699862985,0.0,0.0,1.0,1.0,0.0,0.0
20,40,5.436894147375453,12.0,0.0,0.0,0.0,0.0,0.0,0.0
21,40,5.00474941568129,7.716054189157067,0.0,0.0,0.0,0.0,1.0,1.0
22,40,4.846403722560268,5.417024287657133,0.0,0.0,0.0,0.0,0.0,0.0
23,40,0.5615772197172718,11.671801786076072,0.0,1.0,1.0,1.0,0.0,1.0
24,40,9.323805410146711,4.380514685459719,1.0,1.0,1.0,1.0,0.0,0.0
25,40,12.0,0.458891290131711,0.0,1.0,0.0,0.0,1.0,1.0
26,40,3.722583119115471,4.210582836368828,0.0,0.0,0.0,1.0,1.0,1.0
27,40,2.937737369558637,11.48440979466224,0.0,0.0,0.0,1.0,0.0,1.0
28,40,6.26317613631571,9.18265075140148,0.0,0.0,0.0,0.0,0.0,0.0
29,40,4.079496064449268,11.498706753614307,1.0,0.0,0.0,0.0,0.0,0.0
30,40,8.595274204077148,5.634073797828892,1.0,1.0,0.0,0.0,1.0,1.0
31,40,7.109880162811252,6.8202921422921206,1.0,1.0,1.0,1.0,0.0,0.0
32,40,4.289243367469423,0.0,0.0,0.0,0.0,1.0,0.0,0.0
33,40,0.0,8.877959402224775,0.0,1.0,0.0,0.0,0.0,0.0
34,40,10.361694796107646,2.80571394005226,0.0,1.0,0.0,0.0,1.0,0.0
35,40,12.0,12.0,1.0,0.0,0.0,0.0,1.0,0.0
36,40,12.0,10.54261417827448,0.0,1.0,1.0,0.0,1.0,1.0
37,40,4.00852806636723,4.575690272077361,1.0,0.0,0.0,0.0,1.0,1.0
38,40,7.728535687104508,10.628593136626876,1.0,0.0,1.0,0.0,1.0,0.0
39,40,5.317384315369214,1.3054788105621458,0.0,1.0,1.0,1.0,1.0,1.0
0,45,0.0649946329128232,5.990549094514024,0.0,1.0,0.0,1.0,0.0,1.0
1,45,4.8756368020342205,1.0920088052299473,1.0,0.0,1.0,1.0,1.0,1.0
2,45,3.446568664539355,12.0,0.0,0.0,0.0,0.0,0.0,0.0
3,45,8.37304511727388,2.892520689486052,0.0,0.0,1.0,0.0,0.0,0.0
4,45,0.0,3.036216694866188,0.0,0.0,1.0,0.0,1.0,0.0
5,45,0.3944625343416323,0.4504695782584066,1.0,1.0,0.0,0.0,0.0,0.0
6,45,3.432455555264417,8.768478274630569,1.0,0.0,1.0,0.0,1.0,1.0
7,45,2.4358095457780045,4.366614477673932,0.0,0.0,0.0,0.0,1.0,0.0
8,45,11.093951512719771,10.952401122907544,0.0,0.0,1.0,1.0,0.0,1.0
9,45,6.46545493538391,8.913149049129713,1.0,0.0,0.0,1.0,0.0,0.0
10,45,10.201848344592351,9.215879294709202,0.0,1.0,1.0,0.0,0.0,0.0
11,45,2.868887227559119,1.8496288171403157,0.0,0.0,0.0,0.0,1.0,1.0
12,45,4.023007723294981,11.93207772226947,0.0,0.0,0.0,0.0,0.0,0.0
13,45,9.821354043591894,11.549515380866778,0.0,1.0,0.0,1.0,1.0,0.0
14,45,2.993672619724568,6.995406876197463,1.0,0.0,0.0,1.0,0.0,0.0
15,45,3.3329630140987203,11.433521084987497,0.0,0.0,0.0,0.0,1.0,0.0
16,45,4.999774392667837,2.054102911079944,1.0,0.0,0.0,0.0,1.0,0.0
17,45,2.813019987650344,5.851745413293292,1.0,0.0,0.0,1.0,0.0,0.0
18,45,4.837564624356247,10.912864904937724,0.0,0.0,0.0,0.0,0.0,0.0
19,45,0.0,9.759651266031344,0.0,0.0,1.0,1.0,0.0,0.0
20,45,5.4613268002957325,12.0,0.0,0.0,0.0,0.0,0.0,0.0
21,45,5.006031290358285,7.680906291488574,0.0,0.0,0.0,0.0,1.0,1.0
22,45,4.836314379423954,5.4423603755344345,0.0,0.0,0.0,0.0,0.0,0.0
23,45,0.5885182277309848,11.65414853559466,0.0,1.0,1.0,1.0,0.0,1.0
24,45,9.357282982103271,4.4155608265634365,1.0,1.0,1.0,1.0,0.0,0.0
25,45,12.0,0.3993797126635809,0.0,1.0,0.0,0.0,1.0,1.0
26,45,3.8117973576054993,4.23693788135958,0.0,0.0,0.0,1.0,1.0,1.0
27,45,2.933385351680582,11.449360789914536,0.0,0.0,0.0,1.0,0.0,1.0
28,45,6.273246835749236,9.18937567510017,0.0,0.0,0.0,0.0,0.0,0.0
29,45,4.081653104843282,11.507036335353282,1.0,0.0,0.0,0.0,0.0,0.0
30,45,8.536632619994373,5.731844877274642,1.0,1.0,0.0,0.0,1.0,1.0
31,45,7.137189775390764,6.779629698336084,1.0,1.0,1.0,1.0,0.0,0.0
32,45,4.320337418608057,0.0,0.0,0.0,0.0,1.0,0.0,0.0
33,45,0.0,8.870371914861876,0.0,1.0,0.0,0.0,0.0,0.0
34,45,10.364271810125617,2.747175034108228,0.0,1.0,0.0,0.0,1.0,0.0
35,45,12.0,12.0,1.0,0.0,0.0,0.0,1.0,0.0
36,45,12.0,10.52483692120109,0.0,1.0,1.0,0.0,1.0,1.0
37,45,4.00940702893267,4.521409800589012,1.0,0.0,0.0,0.0,1.0,1.0
38,45,7.704457473779922,10.596608161563156,1.0,0.0,1.0,0.0,1.0,0.0
39,45,5.373057808566124,1.3587585255890695,0.0,1.0,1.0,1.0,1.0,1.0
0,50,0.0780292379376748,6.112234837583548,0.0,1.0,0.0,1.0,0.0,1.0
1,50,4.881495692112463,1.0872777978082364,1.0,0.0,1.0,1.0,1.0,1.0
2,50,3.365335022313366,12.0,0.0,0.0,0.0,0.0,0.0,0.0
3,50,8.399810460986558,2.885517377217434,0.0,0.0,1.0,0.0,0.0,0.0
4,50,0.0,3.0381369187503817,0.0,0.0,1.0,0.0,1.0,0.0
5,50,0.447448999477567,0.3731354492276406,1.0,1.0,0.0,0.0,0.0,0.0
6,50,3.4189882692440405,8.738033075048723,1.0,0.0,1.0,0.0,1.0,1.0
7,50,2.536701050554593,4.394191214250147,0.0,0.0,0.0,0.0,1.0,0.0
8,50,10.99038074983229,10.941170629083716,0.0,0.0,1.0,1.0,0.0,1.0
9,50,6.517296817264884,8.903783659581348,1.0,0.0,0.0,1.0,0.0,0.0
10,50,10.231795379457145,9.114570255437854,0.0,1.0,1.0,0.0,0.0,0.0
11,50,2.85349358934994,1.829293322357474,0.0,0.0,0.0,0.0,1.0,1.0
12,50,4.031183523235571,11.898315151055543,0.0,0.0,0.0,0.0,0.0,0.0
13,50,9.796507870674562,11.545763321113444,0.0,1.0,0.0,1.0,1.0,0.0
14,50,2.997225801840421,6.9978098529983725,1.0,0.0,0.0,1.0,0.0,0.0
15,50,3.3688704256844275,11.486063799533,0.0,0.0,0.0,0.0,1.0,0.0
16,50,5.001184984630702,2.070936684277202,1.0,0.0,0.0,0.0,1.0,0.0
17,50,2.7991868257648367,5.92172539971167,1.0,0.0,0.0,1.0,0.0,0.0
18,50,4.84395543233944,10.916427755710536,0.0,0.0,0.0,0.0,0.0,0.0
19,50,0.0,9.740512164881933,0.0,0.0,1.0,1.0,0.0,0.0
20,50,5.4741336057830345,12.0,0.0,0.0,0.0,0.0,0.0,0.0
21,50,5.009047861067988,7.6220711051753,0.0,0.0,0.0,0.0,1.0,1.0
22,50,4.827900392819567,5.463964869356553,0.0,0.0,0.0,0.0,0.0,0.0
23,50,0.6175863171389435,11.634936942386323,0.0,1.0,1.0,1.0,0.0,1.0
24,50,9.380963224279446,4.440449078211481,1.0,1.0,1.0,1.0,0.0,0.0
25,50,12.0,0.3274968273508515,0.0,1.0,0.0,0.0,1.0,1.0
26,50,3.8904238222890326,4.260775036457301,0.0,0.0,0.0,1.0,1.0,1.0
27,50,2.927946896330598,11.40982256053243,0.0,0.0,0.0,1.0,0.0,1.0
28,50,6.299705419060067,9.2069830848664,0.0,0.0,0.0,0.0,0.0,0.0
29,50,4.083339240044595,11.513582903631146,1.0,0.0,0.0,0.0,0.0,0.0
30,50,8.485799699531954,5.814289623801304,1.0,1.0,0.0,0.0,1.0,1.0
31,50,7.173762330701871,6.7252055582613215,1.0,1.0,1.0,1.0,0.0,0.0
32,50,4.356666156125141,0.0,0.0,0.0,0.0,1.0,0.0,0.0
33,50,0.0,8.864549528699635,0.0,1.0,0.0,0.0,0.0,0.0
34,50,10.366541250775889,2.695129005771261,0.0,1.0,0.0,0.0,1.0,0.0
35,50,12.0,12.0,1.0,0.0,0.0,0.0,1.0,0.0
36,50,12.0,10.513750027397087,0.0,1.0,1.0,0.0,1.0,1.0
37,50,4.011802300121856,4.4640396965519225,1.0,0.0,0.0,0.0,1.0,1.0
38,50,7.676888620718985,10.559352327516606,1.0,0.0,1.0,0.0,1.0,0.0
39,50,5.434054863504627,1.413730753714811,0.0,1.0,1.0,1.0,1.0,1.0
0,55,0.087918169072082,6.216468071391023,0.0,1.0,0.0,1.0,0.0,1.0
1,55,4.891624985198418,1.0785632072702374,1.0,0.0,1.0,1.0,1.0,1.0
2,55,3.278058520981854,12.0,0.0,0.0,0.0,0.0,0.0,0.0
3,55,8.375678974860286,2.891762193262608,0.0,0.0,1.0,0.0,0.0,0.0
4,55,0.0,3.0415699018339497,0.0,0.0,1.0,0.0,1.0,0.0
5,55,0.5046172868065977,0.288182600666459,1.0,1.0,0.0,0.0,0.0,0.0
6,55,3.398097460489833,8.6915373265155,1.0,0.0,1.0,0.0,1.0,1.0
7,55,2.6427301523145985,4.424356024459665,0.0,0.0,0.0,0.0,1.0,0.0
8,55,10.893329848535483,10.93162838320035,0.0,0.0,1.0,1.0,0.0,1.0
9,55,6.575971045687736,8.895065049829405,1.0,0.0,0.0,1.0,0.0,0.0
10,55,10.263380777508363,9.004527204840358,0.0,1.0,1.0,0.0,0.0,0.0
11,55,2.843519653631143,1.8160813280224388,0.0,0.0,0.0,0.0,1.0,1.0
12,55,4.041275118939288,11.858371023342947,0.0,0.0,0.0,0.0,0.0,0.0
13,55,9.780649705941594,11.543248759048366,0.0,1.0,0.0,1.0,1.0,0.0
14,55,3.012623697417476,7.00826554465462,1.0,0.0,0.0,1.0,0.0,0.0
15,55,3.40878730979872,11.54501352819,0.0,0.0,0.0,0.0,1.0,0.0
16,55,5.001171537143526,2.0707146716069924,1.0,0.0,0.0,0.0,1.0,0.0
17,55,2.782801350768175,5.990274299485987,1.0,0.0,0.0,1.0,0.0,0.0
18,55,4.863526345175465,10.926683515190168,0.0,0.0,0.0,0.0,0.0,0.0
19,55,0.0,9.708178891917427,0.0,0.0,1.0,1.0,0.0,0.0
20,55,5.5056832729300185,12.0,0.0,0.0,0.0,0.0,0.0,0.0
21,55,5.012466439920294,7.546412284342623,0.0,0.0,0.0,0.0,1.0,1.0
22,55,4.828190635837651,5.46324579522326,0.0,0.0,0.0,0.0,0.0,0.0
23,55,0.6649117101038506,11.604083172442982,0.0,1.0,1.0,1.0,0.0,1.0
24,55,9.39350172952516,4.45331787839233,1.0,1.0,1.0,1.0,0.0,0.0
25,55,12.0,0.24656036774546,0.0,1.0,0.0,0.0,1.0,1.0
26,55,3.954951615599492,4.281980054631446,0.0,0.0,0.0,1.0,1.0,1.0
27,55,2.921698169735724,11.363433658340288,0.0,0.0,0.0,1.0,0.0,1.0
28,55,6.332193914901132,9.227779273620188,0.0,0.0,0.0,0.0,0.0,0.0
29,55,4.081053669528082,11.503733624246816,1.0,0.0,0.0,0.0,0.0,0.0
30,55,8.432883934658609,5.90311188939425,1.0,1.0,0.0,0.0,1.0,1.0
31,55,7.214907727188683,6.665992948616805,1.0,1.0,1.0,1.0,0.0,0.0
32,55,4.403887082735961,0.0,0.0,0.0,0.0,1.0,0.0,0.0
33,55,0.0,8.861122943515037,0.0,1.0,0.0,0.0,0.0,0.0
34,55,10.3714038936841,2.63418273200538,0.0,1.0,0.0,0.0,1.0,0.0
35,55,12.0,12.0,1.0,0.0,0.0,0.0,1.0,0.0
36,55,12.0,10.499203581602613,0.0,1.0,1.0,0.0,1.0,1.0
37,55,4.014265876456702,4.4305135238487,1.0,0.0,0.0,0.0,1.0,1.0
38,55,7.657818720212597,10.533423069264186,1.0,0.0,1.0,0.0,1.0,0.0
39,55,5.491893356546537,1.4687916229946116,0.0,1.0,1.0,1.0,1.0,1.0
0,60,0.0983191571217729,6.309346121742475,0.0,1.0,0.0,1.0,0.0,1.0
1,60,4.893873763121834,1.0765582078498377,1.0,0.0,1.0,1.0,1.0,1.0
2,60,3.18266476215438,12.0,0.0,0.0,0.0,0.0,0.0,0.0
3,60,8.352451707478975,2.897278232796881,0.0,0.0,1.0,0.0,0.0,0.0
4,60,0.0,3.0455075931529567,0.0,0.0,1.0,0.0,1.0,0.0
5,60,0.5738051184892805,0.1838921719997187,1.0,1.0,0.0,0.0,0.0,0.0
6,60,3.3738749160981603,8.637811238041634,1.0,0.0,1.0,0.0,1.0,1.0
7,60,2.7579864368454072,4.458263986251966,0.0,0.0,0.0,0.0,1.0,0.0
8,60,10.771171187122103,10.917383171182363,0.0,0.0,1.0,1.0,0.0,1.0
9,60,6.636288708655034,8.886839344454485,1.0,0.0,0.0,1.0,0.0,0.0
10,60,10.296767458845364,8.88420029813265,0.0,1.0,1.0,0.0,0.0,0.0
11,60,2.8348807264025444,1.804710176949532,0.0,0.0,0.0,0.0,1.0,1.0
12,60,4.056218457372959,11.798858196543003,0.0,0.0,0.0,0.0,0.0,0.0
13,60,9.769107284463937,11.541480029942129,0.0,1.0,0.0,1.0,1.0,0.0
14,60,3.0336193009066963,7.022809458900542,1.0,0.0,0.0,1.0,0.0,0.0
15,60,3.4447489243984277,11.598200380311049,0.0,0.0,0.0,0.0,1.0,0.0
16,60,5.001355628665278,2.0740785461830638,1.0,0.0,0.0,0.0,1.0,0.0
17,60,2.7656952597968845,6.0566497148934335,1.0,0.0,0.0,1.0,0.0,0.0
18,60,4.898395258322665,10.944136247075257,0.0,0.0,0.0,0.0,0.0,0.0
19,60,0.0,9.67689129394875,0.0,0.0,1.0,1.0,0.0,0.0
20,60,5.549305174624514,12.0,0.0,0.0,0.0,0.0,0.0,0.0
21,60,5.013685606585189,7.439142270742926,0.0,0.0,0.0,0.0,1.0,1.0
22,60,4.818875239919921,5.488168976747097,0.0,0.0,0.0,0.0,0.0,0.0
23,60,0.7101093363090087,11.574856306678974,0.0,1.0,1.0,1.0,0.0,1.0
24,60,9.400840214662129,4.461267238356284,1.0,1.0,1.0,1.0,0.0,0.0
25,60,12.0,0.1800269269063567,0.0,1.0,0.0,0.0,1.0,1.0
26,60,4.0268759402749685,4.309020432568138,0.0,0.0,0.0,1.0,1.0,1.0
27,60,2.9152221405334604,11.32359958489902,0.0,0.0,0.0,1.0,0.0,1.0
28,60,6.371197010650104,9.252328875724867,0.0,0.0,0.0,0.0,0.0,0.0
29,60,4.076062820936841,11.48323766269118,1.0,0.0,0.0,0.0,0.0,0.0
30,60,8.382786100748348,5.99453699608256,1.0,1.0,0.0,0.0,1.0,1.0
31,60,7.263103272148093,6.597675650359334,1.0,1.0,1.0,1.0,0.0,0.0
32,60,4.464893274205716,0.0,0.0,0.0,0.0,1.0,0.0,0.0
33,60,0.0,8.859369204003633,0.0,1.0,0.0,0.0,0.0,0.0
34,60,10.376093618578816,2.5884178665616364,0.0,1.0,0.0,0.0,1.0,0.0
35,60,12.0,12.0,1.0,0.0,0.0,0.0,1.0,0.0
36,60,11.99982498189958,10.49976605229278,0.0,1.0,1.0,0.0,1.0,1.0
37,60,4.0172668835820655,4.398982797176361,1.0,0.0,0.0,0.0,1.0,1.0
38,60,7.626447647177375,10.490226493241142,1.0,0.0,1.0,0.0,1.0,0.0
39,60,5.549555296948347,1.5248714607770426,0.0,1.0,1.0,1.0,1.0,1.0
0,65,0.1102505398263539,6.421487739395225,0.0,1.0,0.0,1.0,0.0,1.0
1,65,4.887968134514175,1.0819079400436045,1.0,0.0,1.0,1.0,1.0,1.0
2,65,3.085113977833916,12.0,0.0,0.0,0.0,0.0,0.0,0.0
3,65,8.323730792293697,2.9044312029932904,0.0,0.0,1.0,0.0,0.0,0.0
4,65,0.0,3.0498022166442924,0.0,0.0,1.0,0.0,1.0,0.0
5,65,0.644579733530787,0.0742688951112814,1.0,1.0,0.0,0.0,0.0,0.0
6,65,3.359168023583129,8.605290896723227,1.0,0.0,1.0,0.0,1.0,1.0
7,65,2.8630016725032243,4.489504978929,0.0,0.0,0.0,0.0,1.0,0.0
8,65,10.64064694919936,10.89731535463302,0.0,0.0,1.0,1.0,0.0,1.0
9,65,6.719096581247761,8.875928205852349,1.0,0.0,0.0,1.0,0.0,0.0
10,65,10.331535710430511,8.762256684977967,0.0,1.0,1.0,0.0,0.0,0.0
11,65,2.812087871605325,1.7745814068423835,0.0,0.0,0.0,0.0,1.0,1.0
12,65,4.068528646147095,11.75066555989215,0.0,0.0,0.0,0.0,0.0,0.0
13,65,9.761603438447374,11.540353069129347,0.0,1.0,0.0,1.0,1.0,0.0
14,65,3.0504819923754107,7.034656512412135,1.0,0.0,0.0,1.0,0.0,0.0
15,65,3.4705529579930694,11.633620693057924,0.0,0.0,0.0,0.0,1.0,0.0
16,65,5.002504599530072,2.100187642093231,1.0,0.0,0.0,0.0,1.0,0.0
17,65,2.7472860756256003,6.125019775612403,1.0,0.0,0.0,1.0,0.0,0.0
18,65,4.936280850703112,10.96231528445604,0.0,0.0,0.0,0.0,0.0,0.0
19,65,0.0,9.644811360515092,0.0,0.0,1.0,1.0,0.0,0.0
20,65,5.592541051455591,12.0,0.0,0.0,0.0,0.0,0.0,0.0
21,65,5.016490790610217,7.348919629327484,0.0,0.0,0.0,0.0,1.0,1.0
22,65,4.808728490857349,5.516840859837053,0.0,0.0,0.0,0.0,0.0,0.0
23,65,0.7696690988035693,11.53743337968717,0.0,1.0,1.0,1.0,0.0,1.0
24,65,9.4038185068724,4.464501794560466,1.0,1.0,1.0,1.0,0.0,0.0
25,65,12.0,0.101477461630002,0.0,1.0,0.0,0.0,1.0,1.0
26,65,4.083648845773302,4.329097876066655,0.0,0.0,0.0,1.0,1.0,1.0
27,65,2.9093595170880544,11.287807307336656,0.0,0.0,0.0,1.0,0.0,1.0
28,65,6.421290036803741,9.28541006192402,0.0,0.0,0.0,0.0,0.0,0.0
29,65,4.073836097888016,11.474797868639612,1.0,0.0,0.0,0.0,0.0,0.0
30,65,8.347672144161272,6.059032747469581,1.0,1.0,0.0,0.0,1.0,1.0
31,65,7.29366125223287,6.554155147987961,1.0,1.0,1.0,1.0,0.0,0.0
32,65,4.535249892587203,0.0,0.0,0.0,0.0,1.0,0.0,0.0
33,65,0.0,8.85070164259024,0.0,1.0,0.0,0.0,0.0,0.0
34,65,10.381415898607695,2.526492006654601,0.0,1.0,0.0,0.0,1.0,0.0
35,65,12.0,12.0,1.0,0.0,0.0,0.0,1.0,0.0
36,65,12.0,10.494101951601156,0.0,1.0,1.0,0.0,1.0,1.0
37,65,4.021681891224353,4.351850005540689,1.0,0.0,0.0,0.0,1.0,1.0
38,65,7.584316087996582,10.430607435199276,1.0,0.0,1.0,0.0,1.0,0.0
39,65,5.601550380652715,1.576032147697466,0.0,1.0,1.0,1.0,1.0,1.0
0,70,0.1194286974275427,6.512483185814677,0.0,1.0,0.0,1.0,0.0,1.0
1,70,4.882559673541011,1.0865963979395377,1.0,0.0,1.0,1.0,1.0,1.0
2,70,2.9996357007087897,12.0,0.0,0.0,0.0,0.0,0.0,0.0
3,70,8.316668898139692,2.906429034489409,0.0,0.0,1.0,0.0,0.0,0.0
4,70,0.0,3.0541372118105223,0.0,0.0,1.0,0.0,1.0,0.0
5,70,0.7133598996929084,0.0,1.0,1.0,0.0,0.0,0.0,0.0
6,70,3.3430286308102346,8.568240181910525,1.0,0.0,1.0,0.0,1.0,1.0
7,70,2.9704921503782677,4.522423442057312,0.0,0.0,0.0,0.0,1.0,0.0
8,70,10.500714824703758,10.874762688070568,0.0,0.0,1.0,1.0,0.0,1.0
9,70,6.813549422180985,8.864737806659658,1.0,0.0,0.0,1.0,0.0,0.0
10,70,10.369091419207408,8.633779226082016,0.0,1.0,1.0,0.0,0.0,0.0
11,70,2.7718723047332743,1.7207592620870318,0.0,0.0,0.0,0.0,1.0,1.0
12,70,4.084121196525088,11.68638845614247,0.0,0.0,0.0,0.0,0.0,0.0
13,70,9.784378053925114,11.543679756774152,0.0,1.0,0.0,1.0,1.0,0.0
14,70,3.069165468770532,7.047700968630371,1.0,0.0,0.0,1.0,0.0,0.0
15,70,3.4969740182113878,11.669946134372312,0.0,0.0,0.0,0.0,1.0,0.0
16,70,5.00346912624807,2.1144165637366883,1.0,0.0,0.0,0.0,1.0,0.0
17,70,2.731557922329183,6.182652828748562,1.0,0.0,0.0,1.0,0.0,0.0
18,70,4.992120039949143,10.990349579416248,0.0,0.0,0.0,0.0,0.0,0.0
19,70,0.0,9.627351817520395,0.0,0.0,1.0,1.0,0.0,0.0
20,70,5.637297318686464,12.0,0.0,0.0,0.0,0.0,0.0,0.0
21,70,5.018543816839999,7.259893627247862,0.0,0.0,0.0,0.0,1.0,1.0
22,70,4.800647342480429,5.539951398728638,0.0,0.0,0.0,0.0,0.0,0.0
23,70,0.8293917830499236,11.49805772329484,0.0,1.0,1.0,1.0,0.0,1.0
24,70,9.411282653308316,4.472524499867729,1.0,1.0,1.0,1.0,0.0,0.0
25,70,12.0,0.0120209840513865,0.0,1.0,0.0,0.0,1.0,1.0
26,70,4.149442374592608,4.353544245117155,0.0,0.0,0.0,1.0,1.0,1.0
27,70,2.9027145101761804,11.24217377868474,0.0,0.0,0.0,1.0,0.0,1.0
28,70,6.480966412614935,9.325498643158443,0.0,0.0,0.0,0.0,0.0,0.0
29,70,4.073901339640748,11.475051219480171,1.0,0.0,0.0,0.0,0.0,0.0
30,70,8.313078967425747,6.123735789173064,1.0,1.0,0.0,0.0,1.0,1.0
31,70,7.3346505298821905,6.492367999846607,1.0,1.0,1.0,1.0,0.0,0.0
32,70,4.609090634555788,0.0,0.0,0.0,0.0,1.0,0.0,0.0
33,70,0.0,8.85023302060967,0.0,1.0,0.0,0.0,0.0,0.0
34,70,10.387067776446797,2.4560079482539785,0.0,1.0,0.0,0.0,1.0,0.0
35,70,12.0,12.0,1.0,0.0,0.0,0.0,1.0,0.0
36,70,12.0,10.47747064039198,0.0,1.0,1.0,0.0,1.0,1.0
37,70,4.029412374795227,4.274862316177532,1.0,0.0,0.0,0.0,1.0,1.0
38,70,7.546979100154002,10.37206666224364,1.0,0.0,1.0,0.0,1.0,0.0
39,70,5.648967738461936,1.625384494349336,0.0,1.0,1.0,1.0,1.0,1.0
0,75,0.1286017821671611,6.617814454275278,0.0,1.0,0.0,1.0,0.0,1.0
1,75,4.883533855096879,1.0857625883390172,1.0,0.0,1.0,1.0,1.0,1.0
2,75,2.903308524126915,12.0,0.0,0.0,0.0,0.0,0.0,0.0
3,75,8.311718688370735,2.907705405093284,0.0,0.0,1.0,0.0,0.0,0.0
4,75,0.0,3.0578137633096496,0.0,0.0,1.0,0.0,1.0,0.0
5,75,0.7952730043316854,0.0,1.0,1.0,0.0,0.0,0.0,0.0
6,75,3.327926803096039,8.53125581289859,1.0,0.0,1.0,0.0,1.0,1.0
7,75,3.0847075917302758,4.555884088295988,0.0,0.0,0.0,0.0,1.0,0.0
8,75,10.356762422328242,10.845327153919076,0.0,0.0,1.0,1.0,0.0,1.0
9,75,6.911917329079964,8.855343828867145,1.0,0.0,0.0,1.0,0.0,0.0
10,75,10.415272635011714,8.491685435071997,0.0,1.0,1.0,0.0,0.0,0.0
11,75,2.7350410749361385,1.6741967638450637,0.0,0.0,0.0,0.0,1.0,1.0
12,75,4.097173805836716,11.633700149040733,0.0,0.0,0.0,0.0,0.0,0.0
13,75,9.825759026954511,11.550457444250734,0.0,1.0,0.0,1.0,1.0,0.0
14,75,3.077164714065879,7.053447514329444,1.0,0.0,0.0,1.0,0.0,0.0
15,75,3.5164040023175467,11.697479469796647,0.0,0.0,0.0,0.0,1.0,0.0
16,75,5.006498086022775,2.147373287206156,1.0,0.0,0.0,0.0,1.0,0.0
17,75,2.716945683068148,6.23996016431057,1.0,0.0,0.0,1.0,0.0,0.0
18,75,5.045516792673718,11.018111441935204,0.0,0.0,0.0,0.0,0.0,0.0
19,75,0.0,9.60096001167806,0.0,0.0,1.0,1.0,0.0,0.0
20,75,5.683080245879088,12.0,0.0,0.0,0.0,0.0,0.0,0.0
21,75,5.020329883897865,7.176174090747794,0.0,0.0,0.0,0.0,1.0,1.0
22,75,4.788235275946615,5.57388857651641,0.0,0.0,0.0,0.0,0.0,0.0
23,75,0.8853616394878439,11.460541469589112,0.0,1.0,1.0,1.0,0.0,1.0
24,75,9.419680455867606,4.481210378997994,1.0,1.0,1.0,1.0,0.0,0.0
25,75,12.0,0.0,0.0,1.0,0.0,0.0,1.0,1.0
26,75,4.237569838355707,4.385552638270138,0.0,0.0,0.0,1.0,1.0,1.0
27,75,2.898332953866619,11.206753117891015,0.0,0.0,0.0,1.0,0.0,1.0
28,75,6.5262767966131445,9.355698698402785,0.0,0.0,0.0,0.0,0.0,0.0
29,75,4.077265226774102,11.486563125955549,1.0,0.0,0.0,0.0,0.0,0.0
30,75,8.279398634903613,6.187140626993645,1.0,1.0,0.0,0.0,1.0,1.0
31,75,7.381865465263331,6.415724971147576,1.0,1.0,1.0,1.0,0.0,0.0
32,75,4.691222847696763,0.0,0.0,0.0,0.0,1.0,0.0,0.0
33,75,0.0118262333858647,8.854275145634732,0.0,1.0,0.0,0.0,0.0,0.0
34,75,10.393254604458072,2.3824016987000363,0.0,1.0,0.0,0.0,1.0,0.0
35,75,12.0,12.0,1.0,0.0,0.0,0.0,1.0,0.0
36,75,12.0,10.46299998768336,0.0,1.0,1.0,0.0,1.0,1.0
37,75,4.036960469615328,4.209097356127527,1.0,0.0,0.0,0.0,1.0,1.0
38,75,7.507184107591184,10.309573456088826,1.0,0.0,1.0,0.0,1.0,0.0
39,75,5.705752803110517,1.6843979494690848,0.0,1.0,1.0,1.0,1.0,1.0
0,80,0.141227695348571,6.729104030636328,0.0,1.0,0.0,1.0,0.0,1.0
1,80,4.89945627216161,1.072429664003408,1.0,0.0,1.0,1.0,1.0,1.0
2,80,2.811169981658,12.0,0.0,0.0,0.0,0.0,0.0,0.0
3,80,8.312543285105166,2.907508573879629,0.0,0.0,1.0,0.0,0.0,0.0
4,80,0.0,3.06253592232193,0.0,0.0,1.0,0.0,1.0,0.0
5,80,0.8754001143980974,0.0,1.0,1.0,0.0,0.0,0.0,0.0
6,80,3.3188245489078154,8.509633985259832,1.0,0.0,1.0,0.0,1.0,1.0
7,80,3.194717093154434,4.592552596938728,0.0,0.0,0.0,0.0,1.0,0.0
8,80,10.19946564812843,10.812042964965912,0.0,0.0,1.0,1.0,0.0,1.0
9,80,6.9982784879235735,8.846194147928934,1.0,0.0,0.0,1.0,0.0,0.0
10,80,10.460056174531845,8.355454276439952,0.0,1.0,1.0,0.0,0.0,0.0
11,80,2.7064580744092464,1.63618757968516,0.0,0.0,0.0,0.0,1.0,1.0
12,80,4.107439869670264,11.592151617319962,0.0,0.0,0.0,0.0,0.0,0.0
13,80,9.859663622424137,11.55551918747174,0.0,1.0,0.0,1.0,1.0,0.0
14,80,3.079621778701424,7.05510517517365,1.0,0.0,0.0,1.0,0.0,0.0
15,80,3.539028718733651,11.72947657620031,0.0,0.0,0.0,0.0,1.0,0.0
16,80,5.009265291735971,2.173794534208277,1.0,0.0,0.0,0.0,1.0,0.0
17,80,2.70062353510672,6.3026655794259865,1.0,0.0,0.0,1.0,0.0,0.0
18,80,5.087850712910612,11.040952278069453,0.0,0.0,0.0,0.0,0.0,0.0
19,80,0.0,9.574913313209317,0.0,0.0,1.0,1.0,0.0,0.0
20,80,5.72140630755306,12.0,0.0,0.0,0.0,0.0,0.0,0.0
21,80,5.02338310937916,7.096746170231679,0.0,0.0,0.0,0.0,1.0,1.0
22,80,4.775240881017964,5.604961846805371,0.0,0.0,0.0,0.0,0.0,0.0
23,80,0.9544099216753976,11.414214343045629,0.0,1.0,1.0,1.0,0.0,1.0
24,80,9.423282492096623,4.4849840781756525,1.0,1.0,1.0,1.0,0.0,0.0
25,80,12.0,0.0,0.0,1.0,0.0,0.0,1.0,1.0
26,80,4.346037944166718,4.427807445263366,0.0,0.0,0.0,1.0,1.0,1.0
27,80,2.8924906296566864,11.154869343665862,0.0,0.0,0.0,1.0,0.0,1.0
28,80,6.566642492037811,9.38184206257868,0.0,0.0,0.0,0.0,0.0,0.0
29,80,4.074297836359415,11.477670333094718,1.0,0.0,0.0,0.0,0.0,0.0
30,80,8.248409460870837,6.241004061079564,1.0,1.0,0.0,0.0,1.0,1.0
31,80,7.476399516271133,6.478162658698224,1.0,1.0,1.0,1.0,0.0,0.0
32,80,4.781091636240424,0.0,0.0,0.0,0.0,1.0,0.0,0.0
33,80,0.0138970149032854,8.855005646704035,0.0,1.0,0.0,0.0,0.0,0.0
34,80,10.402737164032365,2.282732984578215,0.0,1.0,0.0,0.0,1.0,0.0
35,80,12.0,12.0,1.0,0.0,0.0,0.0,1.0,0.0
36,80,11.998562657370924,10.46727454629056,0.0,1.0,1.0,0.0,1.0,1.0
37,80,4.0459520447158495,4.123258445861813,1.0,0.0,0.0,0.0,1.0,1.0
38,80,7.469743269616424,10.250261144821152,1.0,0.0,1.0,0.0,1.0,0.0
39,80,5.762586321924058,1.742683257717916,0.0,1.0,1.0,1.0,1.0,1.0
0,85,0.1519814956819241,6.831238068114541,0.0,1.0,0.0,1.0,0.0,1.0
1,85,4.905087638289905,1.0677408039440723,1.0,0.0,1.0,1.0,1.0,1.0
2,85,2.720111570890304,12.0,0.0,0.0,0.0,0.0,0.0,0.0
3,85,8.305601795293429,2.909338965196509,0.0,0.0,1.0,0.0,0.0,0.0
4,85,0.0,3.0688598795474755,0.0,0.0,1.0,0.0,1.0,0.0
5,85,0.9499690810984278,0.0,1.0,1.0,0.0,0.0,0.0,0.0
6,85,3.309681002328197,8.488228628231754,1.0,0.0,1.0,0.0,1.0,1.0
7,85,3.303558446955016,4.627458305980232,0.0,0.0,0.0,0.0,1.0,0.0
8,85,10.230478211984178,10.65829476836622,0.0,0.0,1.0,1.0,0.0,1.0
9,85,7.06883754386289,8.83651721214633,1.0,0.0,0.0,1.0,0.0,0.0
10,85,10.507219968607137,8.215103844821908,0.0,1.0,1.0,0.0,0.0,0.0
11,85,2.684144825966684,1.6060055283712964,0.0,0.0,0.0,0.0,1.0,1.0
12,85,4.120313903288382,11.539278383718353,0.0,0.0,0.0,0.0,0.0,0.0
13,85,9.901011485294005,11.561001608140074,0.0,1.0,0.0,1.0,1.0,0.0
14,85,3.0713743093131334,7.049837937984986,1.0,0.0,0.0,1.0,0.0,0.0
15,85,3.548189908391413,11.742601138092128,0.0,0.0,0.0,0.0,1.0,0.0
16,85,5.011679352074013,2.1989147405159586,1.0,0.0,0.0,0.0,1.0,0.0
17,85,2.685939089645556,6.363141740618436,1.0,0.0,0.0,1.0,0.0,0.0
18,85,5.111580857824327,11.053615115786316,0.0,0.0,0.0,0.0,0.0,0.0
19,85,0.0,9.549972442933091,0.0,0.0,1.0,1.0,0.0,0.0
20,85,5.747590039168848,12.0,0.0,0.0,0.0,0.0,0.0,0.0
21,85,5.022695875414823,7.003265778715992,0.0,0.0,0.0,0.0,1.0,1.0
22,85,4.764017885851606,5.632400727356606,0.0,0.0,0.0,0.0,0.0,0.0
23,85,1.019621504638814,11.371517676996064,0.0,1.0,1.0,1.0,0.0,1.0
24,85,9.426287325053542,4.488102094476339,1.0,1.0,1.0,1.0,0.0,0.0
25,85,12.0,0.0,0.0,1.0,0.0,0.0,1.0,1.0
26,85,4.473457340791897,4.474738887144512,0.0,0.0,0.0,1.0,1.0,1.0
27,85,2.952816194664541,11.14720519209968,0.0,0.0,0.0,1.0,0.0,1.0
28,85,6.598293036012784,9.401132126211838,0.0,0.0,0.0,0.0,0.0,0.0
29,85,4.070450196111298,11.466087059874374,1.0,0.0,0.0,0.0,0.0,0.0
30,85,8.205110739342231,6.312738638832227,1.0,1.0,0.0,0.0,1.0,1.0
31,85,7.565872011031726,6.536412848579137,1.0,1.0,1.0,1.0,0.0,0.0
32,85,4.860390902684692,0.0,0.0,0.0,0.0,1.0,0.0,0.0
33,85,0.004657121953643,8.851553814345262,0.0,1.0,0.0,0.0,0.0,0.0
34,85,10.40788952983428,2.2045175459375264,0.0,1.0,0.0,0.0,1.0,0.0
35,85,12.0,12.0,1.0,0.0,0.0,0.0,1.0,0.0
36,85,11.9997763771978,10.463654012099182,0.0,1.0,1.0,0.0,1.0,1.0
37,85,4.054889655439388,4.027858816199172,1.0,0.0,0.0,0.0,1.0,1.0
38,85,7.42899696202097,10.18360959609431,1.0,0.0,1.0,0.0,1.0,0.0
39,85,5.825642935029324,1.804794188526006,0.0,1.0,1.0,1.0,1.0,1.0
0,90,0.163432705449205,6.925463863700348,0.0,1.0,0.0,1.0,0.0,1.0
1,90,4.914574598981491,1.060188818088399,1.0,0.0,1.0,1.0,1.0,1.0
2,90,2.6240956796265977,12.0,0.0,0.0,0.0,0.0,0.0,0.0
3,90,8.304456311969691,2.9096418751938704,0.0,0.0,1.0,0.0,0.0,0.0
4,90,0.0,3.076632172622131,0.0,0.0,1.0,0.0,1.0,0.0
5,90,1.0250093916683969,0.0,1.0,1.0,0.0,0.0,0.0,0.0
6,90,3.2957376602137742,8.45602375118784,1.0,0.0,1.0,0.0,1.0,1.0
7,90,3.400578807039143,4.657945012281056,0.0,0.0,0.0,0.0,1.0,0.0
8,90,10.260219459998032,10.514687672780925,0.0,0.0,1.0,1.0,0.0,1.0
9,90,7.137165354031748,8.828163838264974,1.0,0.0,0.0,1.0,0.0,0.0
10,90,10.55128741265747,8.083722375972238,0.0,1.0,1.0,0.0,0.0,0.0
11,90,2.658155355593208,1.5707915505213128,0.0,0.0,0.0,0.0,1.0,1.0
12,90,4.130866652740725,11.50054976141922,0.0,0.0,0.0,0.0,0.0,0.0
13,90,9.945024704708027,11.56735927334298,0.0,1.0,0.0,1.0,1.0,0.0
14,90,3.071126199818797,7.049665637031907,1.0,0.0,0.0,1.0,0.0,0.0
15,90,3.570582098033681,11.773749366640605,0.0,0.0,0.0,0.0,1.0,0.0
16,90,5.0130357796793374,2.2172964741491734,1.0,0.0,0.0,0.0,1.0,0.0
17,90,2.6739533725286315,6.414571680039569,1.0,0.0,0.0,1.0,0.0,0.0
18,90,5.13292688830791,11.065087855230734,0.0,0.0,0.0,0.0,0.0,0.0
19,90,0.0,9.515620598903464,0.0,0.0,1.0,1.0,0.0,0.0
20,90,5.781081770353399,12.0,0.0,0.0,0.0,0.0,0.0,0.0
21,90,5.021738982879775,6.87982195978309,0.0,0.0,0.0,0.0,1.0,1.0
22,90,4.750369498769717,5.663043244195862,0.0,0.0,0.0,0.0,0.0,0.0
23,90,1.0673404841772507,11.340721712557675,0.0,1.0,1.0,1.0,0.0,1.0
24,90,9.431815728852062,4.493788148836079,1.0,1.0,1.0,1.0,0.0,0.0
25,90,12.0,0.0,0.0,1.0,0.0,0.0,1.0,1.0
26,90,4.597752270571195,4.523431990561837,0.0,0.0,0.0,1.0,1.0,1.0
27,90,3.024438697091816,11.138959628240968,0.0,0.0,0.0,1.0,0.0,1.0
28,90,6.639569617093322,9.426937896844626,0.0,0.0,0.0,0.0,0.0,0.0
29,90,4.063245579934335,11.444977465087408,1.0,0.0,0.0,0.0,0.0,0.0
30,90,8.179447502951458,6.355989377056841,1.0,1.0,0.0,0.0,1.0,1.0
31,90,7.6508060295648175,6.591556532440272,1.0,1.0,1.0,1.0,0.0,0.0
32,90,4.9458411919041705,0.0,0.0,0.0,0.0,1.0,0.0,0.0
33,90,0.0,8.842278244285996,0.0,1.0,0.0,0.0,0.0,0.0
34,90,10.413463553114113,2.1172604047905272,0.0,1.0,0.0,0.0,1.0,0.0
35,90,12.0,12.0,1.0,0.0,0.0,0.0,1.0,0.0
36,90,12.0,10.452711386180557,0.0,1.0,1.0,0.0,1.0,1.0
37,90,4.066791664563102,3.904957342559568,1.0,0.0,0.0,0.0,1.0,1.0
38,90,7.385713766495368,10.108907285612348,1.0,0.0,1.0,0.0,1.0,0.0
39,90,5.887420090843176,1.8638591489887972,0.0,1.0,1.0,1.0,1.0,1.0
0,95,0.1731768194867375,7.031513035833083,0.0,1.0,0.0,1.0,0.0,1.0
1,95,4.914944197857863,1.05988703699119,1.0,0.0,1.0,1.0,1.0,1.0
2,95,2.544893458758342,12.0,0.0,0.0,0.0,0.0,0.0,0.0
3,95,8.309186137359717,2.908434799013623,0.0,0.0,1.0,0.0,0.0,0.0
4,95,0.0,3.08308055142764,0.0,0.0,1.0,0.0,1.0,0.0
5,95,1.110448341778768,0.0,1.0,1.0,0.0,0.0,0.0,0.0
6,95,3.2855921211924266,8.432409761305596,1.0,0.0,1.0,0.0,1.0,1.0
7,95,3.4851819867189944,4.686016373873803,0.0,0.0,0.0,0.0,1.0,0.0
8,95,10.292515594126511,10.348329491161453,0.0,0.0,1.0,1.0,0.0,1.0
9,95,7.21797451602123,8.818544379913568,1.0,0.0,0.0,1.0,0.0,0.0
10,95,10.597392012607012,7.950784231430686,0.0,1.0,1.0,0.0,0.0,0.0
11,95,2.627849369055817,1.529283305104818,0.0,0.0,0.0,0.0,1.0,1.0
12,95,4.145824270242169,11.437852945430354,0.0,0.0,0.0,0.0,0.0,0.0
13,95,9.994873462868346,11.5747074815976,0.0,1.0,0.0,1.0,1.0,0.0
14,95,3.0788717983263547,7.05491248814854,1.0,0.0,0.0,1.0,0.0,0.0
15,95,3.586881023629092,11.7951714567976,0.0,0.0,0.0,0.0,1.0,0.0
16,95,5.0154442733932445,2.2498701247870776,1.0,0.0,0.0,0.0,1.0,0.0
17,95,2.6652716253156745,6.449207567742509,1.0,0.0,0.0,1.0,0.0,0.0
18,95,5.147352515813883,11.073105310187094,0.0,0.0,0.0,0.0,0.0,0.0
19,95,0.0,9.503619496083251,0.0,0.0,1.0,1.0,0.0,0.0
20,95,5.811165779125125,12.0,0.0,0.0,0.0,0.0,0.0,0.0
21,95,5.01746858965209,6.763909085212112,0.0,0.0,0.0,0.0,1.0,1.0
22,95,4.731421089009987,5.704218165981035,0.0,0.0,0.0,0.0,0.0,0.0
23,95,1.1219113755586083,11.30220272589388,0.0,1.0,1.0,1.0,0.0,1.0
24,95,9.438379436440536,4.500587295505596,1.0,1.0,1.0,1.0,0.0,0.0
25,95,12.0,0.0,0.0,1.0,0.0,0.0,1.0,1.0
26,95,4.7238101051433965,4.566616157964009,0.0,0.0,0.0,1.0,1.0,1.0
27,95,3.115172526621821,11.128040004955649,0.0,0.0,0.0,1.0,0.0,1.0
28,95,6.665859562745273,9.443360004333874,0.0,0.0,0.0,0.0,0.0,0.0
29,95,4.057255047191717,11.426792107530773,1.0,0.0,0.0,0.0,0.0,0.0
30,95,8.152206592978965,6.40098934116897,1.0,1.0,0.0,0.0,1.0,1.0
31,95,7.745201740330666,6.654780375501559,1.0,1.0,1.0,1.0,0.0,0.0
32,95,5.02261639746894,0.0,0.0,0.0,0.0,1.0,0.0,0.0
33,95,0.0,8.833411088424684,0.0,1.0,0.0,0.0,0.0,0.0
34,95,10.420370586760958,2.034841285697235,0.0,1.0,0.0,0.0,1.0,0.0
35,95,12.0,12.0,1.0,0.0,0.0,0.0,1.0,0.0
36,95,12.0,10.435172484029904,0.0,1.0,1.0,0.0,1.0,1.0
37,95,4.08016103666391,3.790101472993183,1.0,0.0,0.0,0.0,1.0,1.0
38,95,7.348611349620338,10.043031639878254,1.0,0.0,1.0,0.0,1.0,0.0
39,95,5.93963682146158,1.9118260199890749,0.0,1.0,1.0,1.0,1.0,1.0
0,100,0.1847539819343192,7.15109690153138,0.0,1.0,0.0,1.0,0.0,1.0
1,100,4.932749898514548,1.0457692380136874,1.0,0.0,1.0,1.0,1.0,1.0
2,100,2.4682604597982976,12.0,0.0,0.0,0.0,0.0,0.0,0.0
3,100,8.321257951190779,2.9053387823293195,0.0,0.0,1.0,0.0,0.0,0.0
4,100,0.0,3.090645622304745,0.0,0.0,1.0,0.0,1.0,0.0
5,100,1.2391884987530004,0.088291000470243,1.0,1.0,0.0,0.0,0.0,0.0
6,100,3.2691737750324714,8.394429044707879,1.0,0.0,1.0,0.0,1.0,1.0
7,100,3.576618302778619,4.715874273342953,0.0,0.0,0.0,0.0,1.0,0.0
8,100,10.32317573472035,10.173374669931894,0.0,0.0,1.0,1.0,0.0,1.0
9,100,7.291853667804772,8.809941500077151,1.0,0.0,0.0,1.0,0.0,0.0
10,100,10.643760765265286,7.828673689550925,0.0,1.0,1.0,0.0,0.0,0.0
11,100,2.60975377746863,1.5038580963988102,0.0,0.0,0.0,0.0,1.0,1.0
12,100,4.160477951582669,11.380900384735543,0.0,0.0,0.0,0.0,0.0,0.0
13,100,10.050594750971689,11.582384828670811,0.0,1.0,0.0,1.0,1.0,0.0
14,100,3.090049687285761,7.06263716680543,1.0,0.0,0.0,1.0,0.0,0.0
15,100,3.6031179240665967,11.815557475915018,0.0,0.0,0.0,0.0,1.0,0.0
16,100,5.019099144247442,2.287476826342283,1.0,0.0,0.0,0.0,1.0,0.0
17,100,2.6606240484299564,6.468313243750918,1.0,0.0,0.0,1.0,0.0,0.0
18,100,5.168843512208056,11.085354666578535,0.0,0.0,0.0,0.0,0.0,0.0
19,100,0.0,9.489980810786586,0.0,0.0,1.0,1.0,0.0,0.0
20,100,5.829493528275004,12.0,0.0,0.0,0.0,0.0,0.0,0.0
21,100,5.013237166686932,6.634760010335283,0.0,0.0,0.0,0.0,1.0,1.0
22,100,4.708472191886902,5.752667893554118,0.0,0.0,0.0,0.0,0.0,0.0
23,100,1.1893485745292904,11.255859958394682,0.0,1.0,1.0,1.0,0.0,1.0
24,100,9.443958135868328,4.506177902169136,1.0,1.0,1.0,1.0,0.0,0.0
25,100,12.0,0.0,0.0,1.0,0.0,0.0,1.0,1.0
26,100,4.847970474827271,4.611387346767301,0.0,0.0,0.0,1.0,1.0,1.0
27,100,3.2134649118196608,11.119636978378669,0.0,0.0,0.0,1.0,0.0,1.0
28,100,6.688699289920709,9.45770236077312,0.0,0.0,0.0,0.0,0.0,0.0
29,100,4.0484142242624,11.39888059981413,1.0,0.0,0.0,0.0,0.0,0.0
30,100,8.124308898012323,6.445825699961477,1.0,1.0,0.0,0.0,1.0,1.0
31,100,7.833560373298826,6.714491080917137,1.0,1.0,1.0,1.0,0.0,0.0
32,100,5.111943227916635,0.0,0.0,0.0,0.0,1.0,0.0,0.0
33,100,0.0,8.8298766808603,0.0,1.0,0.0,0.0,0.0,0.0
34,100,10.427099102480636,1.957377251692877,0.0,1.0,0.0,0.0,1.0,0.0
35,100,12.0,12.0,1.0,0.0,0.0,0.0,1.0,0.0
36,100,11.999354563102388,10.437300504014823,0.0,1.0,1.0,0.0,1.0,1.0
37,100,4.0936233486297615,3.673161308685883,1.0,0.0,0.0,0.0,1.0,1.0
38,100,7.317333009725983,9.986474627748484,1.0,0.0,1.0,0.0,1.0,0.0
39,100,5.990961382789447,1.9605743901975332,0.0,1.0,1.0,1.0,1.0,1.0
0,105,0.1935610991153124,7.263706795908324,0.0,1.0,0.0,1.0,0.0,1.0
1,105,4.953726053043142,1.028999594030909,1.0,0.0,1.0,1.0,1.0,1.0
2,105,2.384677508870233,12.0,0.0,0.0,0.0,0.0,0.0,0.0
3,105,8.332337687053425,2.9027880208491443,0.0,0.0,1.0,0.0,0.0,0.0
4,105,0.0,3.101806591250736,0.0,0.0,1.0,0.0,1.0,0.0
5,105,1.3761398328211127,0.1815061097709364,1.0,1.0,0.0,0.0,0.0,0.0
6,105,3.2505632460994147,8.34842038444128,1.0,0.0,1.0,0.0,1.0,1.0
7,105,3.679548150862408,4.750160247129439,0.0,0.0,0.0,0.0,1.0,0.0
8,105,10.349334095564878,9.99373660149029,0.0,0.0,1.0,1.0,0.0,1.0
9,105,7.358854909452979,8.80412098370119,1.0,0.0,0.0,1.0,0.0,0.0
10,105,10.688707488400878,7.701362802130341,0.0,1.0,1.0,0.0,0.0,0.0
11,105,2.589133759227176,1.4739415687392656,0.0,0.0,0.0,0.0,1.0,1.0
12,105,4.1728838566174655,11.327931077748202,0.0,0.0,0.0,0.0,0.0,0.0
13,105,10.12408012547155,11.592936896295337,0.0,1.0,0.0,1.0,1.0,0.0
14,105,3.099109727308272,7.069058251230273,1.0,0.0,0.0,1.0,0.0,0.0
15,105,3.622072259737299,11.83893731633328,0.0,0.0,0.0,0.0,1.0,0.0
16,105,5.026295382185939,2.3489150203424365,1.0,0.0,0.0,0.0,1.0,0.0
17,105,2.654334244666819,6.492721716168753,1.0,0.0,0.0,1.0,0.0,0.0
18,105,5.1854474838074776,11.094955073355049,0.0,0.0,0.0,0.0,0.0,0.0
19,105,0.0,9.476817536794632,0.0,0.0,1.0,1.0,0.0,0.0
20,105,5.845356564857725,12.0,0.0,0.0,0.0,0.0,0.0,0.0
21,105,5.006834075473082,6.516971605762511,0.0,0.0,0.0,0.0,1.0,1.0
22,105,4.686455587432327,5.797855582292246,0.0,0.0,0.0,0.0,0.0,0.0
23,105,1.2525073143765129,11.214060347626951,0.0,1.0,1.0,1.0,0.0,1.0
24,105,9.449948447472712,4.512314759984014,1.0,1.0,1.0,1.0,0.0,0.0
25,105,12.0,0.0,0.0,1.0,0.0,0.0,1.0,1.0
26,105,4.9882468353372,4.664001261501697,0.0,0.0,0.0,1.0,1.0,1.0
27,105,3.341387993737536,11.108106034274495,0.0,0.0,0.0,1.0,0.0,1.0
28,105,6.711810179208562,9.472150281103977,0.0,0.0,0.0,0.0,0.0,0.0
29,105,4.045051419472382,11.38878989184283,1.0,0.0,0.0,0.0,0.0,0.0
30,105,8.095668818116465,6.489918930577984,1.0,1.0,0.0,0.0,1.0,1.0
31,105,7.918431091651064,6.769919073591843,1.0,1.0,1.0,1.0,0.0,0.0
32,105,5.200968209058693,0.0,0.0,0.0,0.0,1.0,0.0,0.0
33,105,0.0,8.824908264265954,0.0,1.0,0.0,0.0,0.0,0.0
34,105,10.433212631798884,1.877953062148356,0.0,1.0,0.0,0.0,1.0,0.0
35,105,12.0,12.0,1.0,0.0,0.0,0.0,1.0,0.0
36,105,11.994685827006766,10.452024996787152,0.0,1.0,1.0,0.0,1.0,1.0
37,105,4.10822347507046,3.5403228831241984,1.0,0.0,0.0,0.0,1.0,1.0
38,105,7.28090323846112,9.92041329054566,1.0,0.0,1.0,0.0,1.0,0.0
39,105,6.0506031153117705,2.019150360882467,0.0,1.0,1.0,1.0,1.0,1.0
0,110,0.2039242734293812,7.386078892814933,0.0,1.0,0.0,1.0,0.0,1.0
1,110,4.972896402675601,1.0128675746134823,1.0,0.0,1.0,1.0,1.0,1.0
2,110,2.286609270351065,12.0,0.0,0.0,0.0,0.0,0.0,0.0
3,110,8.346258129089378,2.8997223884573096,0.0,0.0,1.0,0.0,0.0,0.0
4,110,0.0,3.1128133581154898,0.0,0.0,1.0,0.0,1.0,0.0
5,110,1.5170636078588426,0.277318501349934,1.0,1.0,0.0,0.0,0.0,0.0
6,110,3.238161640120496,8.316005046911307,1.0,0.0,1.0,0.0,1.0,1.0
7,110,3.784265154389126,4.783546160634483,0.0,0.0,0.0,0.0,1.0,0.0
8,110,10.377321647896958,9.808161608121647,0.0,0.0,1.0,1.0,0.0,1.0
9,110,7.42091030275898,8.79916741429142,1.0,0.0,0.0,1.0,0.0,0.0
10,110,10.73450663801311,7.574926313700316,0.0,1.0,1.0,0.0,0.0,0.0
11,110,2.563987483464572,1.437560879003226,0.0,0.0,0.0,0.0,1.0,1.0
12,110,4.186806495977374,11.268337958219004,0.0,0.0,0.0,0.0,0.0,0.0
13,110,10.205069448512983,11.60387998726,0.0,1.0,0.0,1.0,1.0,0.0
14,110,3.110390339521382,7.077139226210602,1.0,0.0,0.0,1.0,0.0,0.0
15,110,3.635550534456789,11.855666836584469,0.0,0.0,0.0,0.0,1.0,0.0
16,110,5.033353680546712,2.415152461466916,1.0,0.0,0.0,0.0,1.0,0.0
17,110,2.651935153080601,6.503044699584576,1.0,0.0,0.0,1.0,0.0,0.0
18,110,5.200194435929152,11.104034381048052,0.0,0.0,0.0,0.0,0.0,0.0
19,110,0.0,9.474210903628927,0.0,0.0,1.0,1.0,0.0,0.0
20,110,5.869182831006963,12.0,0.0,0.0,0.0,0.0,0.0,0.0
21,110,5.003204517988383,6.385922178390199,0.0,0.0,0.0,0.0,1.0,1.0
22,110,4.674323875559622,5.82331957304948,0.0,0.0,0.0,0.0,0.0,0.0
23,110,1.3141030032253531,11.171909211353586,0.0,1.0,1.0,1.0,0.0,1.0
24,110,9.449138222897954,4.511476030187285,1.0,1.0,1.0,1.0,0.0,0.0
25,110,12.0,0.0,0.0,1.0,0.0,0.0,1.0,1.0
26,110,5.102235266893531,4.703426070124161,0.0,0.0,0.0,1.0,1.0,1.0
27,110,3.465892149596632,11.098326356395704,0.0,0.0,0.0,1.0,0.0,1.0
28,110,6.718415049239102,9.476373348584314,0.0,0.0,0.0,0.0,0.0,0.0
29,110,4.03713856152677,11.367595276800344,1.0,0.0,0.0,0.0,0.0,0.0
30,110,8.062706959072361,6.53679677628611,1.0,1.0,0.0,0.0,1.0,1.0
31,110,8.011783737435843,6.829523110619363,1.0,1.0,1.0,1.0,0.0,0.0
32,110,5.291537996337783,0.0,0.0,0.0,0.0,1.0,0.0,0.0
33,110,0.0,8.826731073508414,0.0,1.0,0.0,0.0,0.0,0.0
34,110,10.437056635102952,1.8031320221152984,0.0,1.0,0.0,0.0,1.0,0.0
35,110,12.0,12.0,1.0,0.0,0.0,0.0,1.0,0.0
36,110,11.97928203147656,10.501260196591415,0.0,1.0,1.0,0.0,1.0,1.0
37,110,4.123851266911771,3.4053868315549702,1.0,0.0,0.0,0.0,1.0,1.0
38,110,7.240623943543431,9.844291697971704,1.0,0.0,1.0,0.0,1.0,0.0
39,110,6.115494430943296,2.083762272339422,0.0,1.0,1.0,1.0,1.0,1.0
0,115,0.2147117944264314,7.521240877643166,0.0,1.0,0.0,1.0,0.0,1.0
1,115,5.006928764632776,0.9843924329307964,1.0,0.0,1.0,1.0,1.0,1.0
2,115,2.1843393429511906,12.0,0.0,0.0,0.0,0.0,0.0,0.0
3,115,8.368834041661637,2.8947590449700424,0.0,0.0,1.0,0.0,0.0,0.0
4,115,0.0,3.1221858572712216,0.0,0.0,1.0,0.0,1.0,0.0
5,115,1.6899533460544371,0.384568674004861,1.0,1.0,0.0,0.0,0.0,0.0
6,115,3.223614325472993,8.278684869114135,1.0,0.0,1.0,0.0,1.0,1.0
7,115,3.899595548354888,4.821136264624623,0.0,0.0,0.0,0.0,1.0,0.0
8,115,10.3977350554397,9.63564759920901,0.0,0.0,1.0,1.0,0.0,1.0
9,115,7.494527753718476,8.795039384045536,1.0,0.0,0.0,1.0,0.0,0.0
10,115,10.777159549954266,7.4529299498336945,0.0,1.0,1.0,0.0,0.0,0.0
11,115,2.5395778013289214,1.4017120799498684,0.0,0.0,0.0,0.0,1.0,1.0
12,115,4.203608761531176,11.196660968289482,0.0,0.0,0.0,0.0,0.0,0.0
13,115,10.287137736299876,11.613466123561096,0.0,1.0,0.0,1.0,1.0,0.0
14,115,3.1245700316276204,7.0871881732703725,1.0,0.0,0.0,1.0,0.0,0.0
15,115,3.6405273126600415,11.861877531718434,0.0,0.0,0.0,0.0,1.0,0.0
16,115,5.040706643159784,2.4831888076762456,1.0,0.0,0.0,0.0,1.0,0.0
17,115,2.6473510657265105,6.523166168629159,1.0,0.0,0.0,1.0,0.0,0.0
18,115,5.197427395128446,11.10231328008864,0.0,0.0,0.0,0.0,0.0,0.0
19,115,0.0,9.459251500017846,0.0,0.0,1.0,1.0,0.0,0.0
20,115,5.897737075374865,12.0,0.0,0.0,0.0,0.0,0.0,0.0
21,115,5.000893598943608,6.277185426372979,0.0,0.0,0.0,0.0,1.0,1.0
22,115,4.668612931653044,5.835262097199856,0.0,0.0,0.0,0.0,0.0,0.0
23,115,1.3393855071095897,11.154419031116884,0.0,1.0,1.0,1.0,0.0,1.0
24,115,9.441764950844975,4.503841213835272,1.0,1.0,1.0,1.0,0.0,0.0
25,115,12.0,0.0,0.0,1.0,0.0,0.0,1.0,1.0
26,115,5.211761526470209,4.7412606549499445,0.0,0.0,0.0,1.0,1.0,1.0
27,115,3.601347756265485,11.08755682931736,0.0,0.0,0.0,1.0,0.0,1.0
28,115,6.713551420506724,9.473434465717723,0.0,0.0,0.0,0.0,0.0,0.0
29,115,4.023628190428469,11.335543426433883,1.0,0.0,0.0,0.0,0.0,0.0
30,115,8.039555897336689,6.570936992386264,1.0,1.0,0.0,0.0,1.0,1.0
31,115,8.091601345778054,6.879790639865424,1.0,1.0,1.0,1.0,0.0,0.0
32,115,5.394490943000749,0.0,0.0,0.0,0.0,1.0,0.0,0.0
33,115,0.0,8.836885766647338,0.0,1.0,0.0,0.0,0.0,0.0
34,115,10.44195431522144,1.7314938776293745,0.0,1.0,0.0,0.0,1.0,0.0
35,115,12.0,12.0,1.0,0.0,0.0,0.0,1.0,0.0
36,115,11.973998959211546,10.51758600641955,0.0,1.0,1.0,0.0,1.0,1.0
37,115,4.134768372870194,3.260943059788916,1.0,0.0,0.0,0.0,1.0,1.0
38,115,7.201079568695292,9.76684972466044,1.0,0.0,1.0,0.0,1.0,0.0
39,115,6.178916926616084,2.147221231621541,0.0,1.0,1.0,1.0,1.0,1.0
0,120,0.2249502860608072,7.663925164401775,0.0,1.0,0.0,1.0,0.0,1.0
1,120,5.04867280817464,0.9478092296959868,1.0,0.0,1.0,1.0,1.0,1.0
2,120,2.097817951227687,12.0,0.0,0.0,0.0,0.0,0.0,0.0
3,120,8.393858999153805,2.8890480432676875,0.0,0.0,1.0,0.0,0.0,0.0
4,120,0.0,3.1311287741538294,0.0,0.0,1.0,0.0,1.0,0.0
5,120,1.8656204376055687,0.4877390165595729,1.0,1.0,0.0,0.0,0.0,0.0
6,120,3.2088137962843533,8.239505668477157,1.0,0.0,1.0,0.0,1.0,1.0
7,120,3.986024345951887,4.847873448194321,0.0,0.0,0.0,0.0,1.0,0.0
8,120,10.41411886454636,9.492366201271665,0.0,0.0,1.0,1.0,0.0,1.0
9,120,7.554745091360831,8.791675070991563,1.0,0.0,0.0,1.0,0.0,0.0
10,120,10.822679952845938,7.312163961396403,0.0,1.0,1.0,0.0,0.0,0.0
11,120,2.517628730204684,1.3702576679137566,0.0,0.0,0.0,0.0,1.0,1.0
12,120,4.222805576500938,11.117017201179888,0.0,0.0,0.0,0.0,0.0,0.0
13,120,10.36658931268734,11.622088565968635,0.0,1.0,0.0,1.0,1.0,0.0
14,120,3.132662364865833,7.092891389362594,1.0,0.0,0.0,1.0,0.0,0.0
15,120,3.6472440022195953,11.87000699777231,0.0,0.0,0.0,0.0,1.0,0.0
16,120,5.052256128813852,2.5749291371554044,1.0,0.0,0.0,0.0,1.0,0.0
17,120,2.6431491354118446,6.545282476739288,1.0,0.0,0.0,1.0,0.0,0.0
18,120,5.1648710682987415,11.082839552546163,0.0,0.0,0.0,0.0,0.0,0.0
19,120,0.0,9.443868275990823,0.0,0.0,1.0,1.0,0.0,0.0
20,120,5.934608560020085,12.0,0.0,0.0,0.0,0.0,0.0,0.0
21,120,4.999860938293524,6.17945880954932,0.0,0.0,0.0,0.0,1.0,1.0
22,120,4.664448001261679,5.843497593569445,0.0,0.0,0.0,0.0,0.0,0.0
23,120,1.3513578158550257,11.146388763326696,0.0,1.0,1.0,1.0,0.0,1.0
24,120,9.439250423279033,4.501311666691543,1.0,1.0,1.0,1.0,0.0,0.0
25,120,12.0,0.0,0.0,1.0,0.0,0.0,1.0,1.0
26,120,5.320934671243564,4.779952374010877,0.0,0.0,0.0,1.0,1.0,1.0
27,120,3.7207142020801776,11.07548205003923,0.0,0.0,0.0,1.0,0.0,1.0
28,120,6.733985607776824,9.485306835704556,0.0,0.0,0.0,0.0,0.0,0.0
29,120,4.019521225107773,11.325940526803038,1.0,0.0,0.0,0.0,0.0,0.0
30,120,8.022229420406287,6.595156062747352,1.0,1.0,0.0,0.0,1.0,1.0
31,120,8.173193763563374,6.930012845271103,1.0,1.0,1.0,1.0,0.0,0.0
32,120,5.495879264739971,0.0,0.0,0.0,0.0,1.0,0.0,0.0
33,120,0.0,8.85830235567294,0.0,1.0,0.0,0.0,0.0,0.0
34,120,10.4478594091672,1.6430710389375818,0.0,1.0,0.0,0.0,1.0,0.0
35,120,12.0,12.0,1.0,0.0,0.0,0.0,1.0,0.0
36,120,11.971417412150045,10.525581333475571,0.0,1.0,1.0,0.0,1.0,1.0
37,120,4.147042179771148,3.1252544444989474,1.0,0.0,0.0,0.0,1.0,1.0
38,120,7.159277994388562,9.69267021543578,1.0,0.0,1.0,0.0,1.0,0.0
39,120,6.246722154052582,2.2152252864748165,0.0,1.0,1.0,1.0,1.0,1.0
0,125,0.2344505174762267,7.805092934373521,0.0,1.0,0.0,1.0,0.0,1.0
1,125,5.0984458108482205,0.9051202058205056,1.0,0.0,1.0,1.0,1.0,1.0
2,125,2.017810651575094,12.0,0.0,0.0,0.0,0.0,0.0,0.0
3,125,8.401822390894568,2.887281867139897,0.0,0.0,1.0,0.0,0.0,0.0
4,125,0.0,3.136269860714452,0.0,0.0,1.0,0.0,1.0,0.0
5,125,2.07526257076435,0.6010891348529215,1.0,1.0,0.0,0.0,0.0,0.0
6,125,3.192357158958151,8.194901442530139,1.0,0.0,1.0,0.0,1.0,1.0
7,125,4.07469924026348,4.874442323741308,0.0,0.0,0.0,0.0,1.0,0.0
8,125,10.425352682659584,9.365329056900288,0.0,0.0,1.0,1.0,0.0,1.0
9,125,7.6284274887938,8.786224341619283,1.0,0.0,0.0,1.0,0.0,0.0
10,125,10.87144691289846,7.1631102066063495,0.0,1.0,1.0,0.0,0.0,0.0
11,125,2.5095793719646124,1.3589659652047736,0.0,0.0,0.0,0.0,1.0,1.0
12,125,4.248138102665875,11.018807130047898,0.0,0.0,0.0,0.0,0.0,0.0
13,125,10.456182800751057,11.63118781747058,0.0,1.0,0.0,1.0,1.0,0.0
14,125,3.1412504837733124,7.098998846638457,1.0,0.0,0.0,1.0,0.0,0.0
15,125,3.652362759038844,11.876287532705431,0.0,0.0,0.0,0.0,1.0,0.0
16,125,5.066187433845757,2.6633161358243047,1.0,0.0,0.0,0.0,1.0,0.0
17,125,2.6401213847088694,6.560786497802733,1.0,0.0,0.0,1.0,0.0,0.0
18,125,5.120643270236521,11.05734567610779,0.0,0.0,0.0,0.0,0.0,0.0
19,125,0.0,9.426020006178211,0.0,0.0,1.0,1.0,0.0,0.0
20,125,5.9726288273730255,12.0,0.0,0.0,0.0,0.0,0.0,0.0
21,125,4.998812336630066,6.095250435256231,0.0,0.0,0.0,0.0,1.0,1.0
22,125,4.660994403189039,5.8504103234470985,0.0,0.0,0.0,0.0,0.0,0.0
23,125,1.3665733229005297,11.135910170765252,0.0,1.0,1.0,1.0,0.0,1.0
24,125,9.44233052174472,4.504602060420978,1.0,1.0,1.0,1.0,0.0,0.0
25,125,12.0,0.0,0.0,1.0,0.0,0.0,1.0,1.0
26,125,5.425023067876401,4.818038059233457,0.0,0.0,0.0,1.0,1.0,1.0
27,125,3.833074126992969,11.06793619230366,0.0,0.0,0.0,1.0,0.0,1.0
28,125,6.75041074317046,9.494233669549615,0.0,0.0,0.0,0.0,0.0,0.0
29,125,4.021635863480236,11.330919709436133,1.0,0.0,0.0,0.0,0.0,0.0
30,125,8.00559034694199,6.619507497877749,1.0,1.0,0.0,0.0,1.0,1.0
31,125,8.26144606357154,6.981345386503978,1.0,1.0,1.0,1.0,0.0,0.0
32,125,5.594994241276956,0.0,0.0,0.0,0.0,1.0,0.0,0.0
33,125,0.0,8.911661992951545,0.0,1.0,0.0,0.0,0.0,0.0
34,125,10.454087821831196,1.553716315763435,0.0,1.0,0.0,0.0,1.0,0.0
35,125,12.0,12.0,1.0,0.0,0.0,0.0,1.0,0.0
36,125,11.972846178139314,10.521695270404814,0.0,1.0,1.0,0.0,1.0,1.0
37,125,4.155739956867148,2.997063893412097,1.0,0.0,0.0,0.0,1.0,1.0
38,125,7.117844511923322,9.621529012022458,1.0,0.0,1.0,0.0,1.0,0.0
39,125,6.3094376658821405,2.2753854950300707,0.0,1.0,1.0,1.0,1.0,1.0
0,130,0.2425778562676946,7.949932462480925,0.0,1.0,0.0,1.0,0.0,1.0
1,130,5.143228510120867,0.8654193095269567,1.0,0.0,1.0,1.0,1.0,1.0
2,130,1.9429352205869967,12.0,0.0,0.0,0.0,0.0,0.0,0.0
3,130,8.414583911819504,2.884616480928236,0.0,0.0,1.0,0.0,0.0,0.0
4,130,0.0,3.1424246550148807,0.0,0.0,1.0,0.0,1.0,0.0
5,130,2.272343305873776,0.7141964154385589,1.0,1.0,0.0,0.0,0.0,0.0
6,130,3.183720197019729,8.169355539592532,1.0,0.0,1.0,0.0,1.0,1.0
7,130,4.160456676818507,4.899544285759915,0.0,0.0,0.0,0.0,1.0,0.0
8,130,10.43751887842699,9.223417757690097,0.0,0.0,1.0,1.0,0.0,1.0
9,130,7.695424413374242,8.782097997556738,1.0,0.0,0.0,1.0,0.0,0.0
10,130,10.918672863642046,7.020530690264199,0.0,1.0,1.0,0.0,0.0,0.0
11,130,2.4906408418982684,1.3316327221994908,0.0,0.0,0.0,0.0,1.0,1.0
12,130,4.276393380268824,10.91300234417568,0.0,0.0,0.0,0.0,0.0,0.0
13,130,10.57159177157286,11.643244254670336,0.0,1.0,0.0,1.0,1.0,0.0
14,130,3.1639044059411434,7.114054951794774,1.0,0.0,0.0,1.0,0.0,0.0
15,130,3.654259464430397,11.878581946898576,0.0,0.0,0.0,0.0,1.0,0.0
16,130,5.077464680779377,2.738870832604203,1.0,0.0,0.0,0.0,1.0,0.0
17,130,2.639629328995413,6.563494074592349,1.0,0.0,0.0,1.0,0.0,0.0
18,130,5.086407469786984,11.038395294764005,0.0,0.0,0.0,0.0,0.0,0.0
19,130,0.0,9.404560178912616,0.0,0.0,1.0,1.0,0.0,0.0
20,130,6.012042041867879,12.0,0.0,0.0,0.0,0.0,0.0,0.0
21,130,4.996445784348683,6.000555540037974,0.0,0.0,0.0,0.0,1.0,1.0
22,130,4.66412177052218,5.844223116260817,0.0,0.0,0.0,0.0,0.0,0.0
23,130,1.3950983443455385,11.116567912276512,0.0,1.0,1.0,1.0,0.0,1.0
24,130,9.470562791615343,4.534521047903485,1.0,1.0,1.0,1.0,0.0,0.0
25,130,12.0,0.0,0.0,1.0,0.0,0.0,1.0,1.0
26,130,5.532190575806119,4.859551484941347,0.0,0.0,0.0,1.0,1.0,1.0
27,130,3.946471016583562,11.061770224179208,0.0,0.0,0.0,1.0,0.0,1.0
28,130,6.784108945327574,9.512322087669528,0.0,0.0,0.0,0.0,0.0,0.0
29,130,4.0191722279658775,11.325373601976596,1.0,0.0,0.0,0.0,0.0,0.0
30,130,7.995613574962009,6.634117616301801,1.0,1.0,0.0,0.0,1.0,1.0
31,130,8.347702640334498,7.032914011923944,1.0,1.0,1.0,1.0,0.0,0.0
32,130,5.694526388191614,0.0,0.0,0.0,0.0,1.0,0.0,0.0
33,130,0.0,8.98443769219227,0.0,1.0,0.0,0.0,0.0,0.0
34,130,10.456893094499772,1.4674208034261909,0.0,1.0,0.0,0.0,1.0,0.0
35,130,12.0,12.0,1.0,0.0,0.0,0.0,1.0,0.0
36,130,11.974611307492404,10.51706989209033,0.0,1.0,1.0,0.0,1.0,1.0
37,130,4.163020325757523,2.8751143362873446,1.0,0.0,0.0,0.0,1.0,1.0
38,130,7.077857899414539,9.55670595195377,1.0,0.0,1.0,0.0,1.0,0.0
39,130,6.370865129298902,2.3332177634057927,0.0,1.0,1.0,1.0,1.0,1.0
0,135,0.2535310355195086,8.100289489542922,0.0,1.0,0.0,1.0,0.0,1.0
1,135,5.177931186232697,0.8333421647115723,1.0,0.0,1.0,1.0,1.0,1.0
2,135,1.8592846399086007,12.0,0.0,0.0,0.0,0.0,0.0,0.0
3,135,8.4315463193151,2.880995744074592,0.0,0.0,1.0,0.0,0.0,0.0
4,135,0.0,3.149437313549651,0.0,0.0,1.0,0.0,1.0,0.0
5,135,2.46068864603738,0.824976216822694,1.0,1.0,0.0,0.0,0.0,0.0
6,135,3.1722780914681814,8.136552348601661,1.0,0.0,1.0,0.0,1.0,1.0
7,135,4.238706582328735,4.923626829171553,0.0,0.0,0.0,0.0,1.0,0.0
8,135,10.449919306085524,9.081399290987855,0.0,0.0,1.0,1.0,0.0,1.0
9,135,7.744628358813889,8.779572608899437,1.0,0.0,0.0,1.0,0.0,0.0
10,135,10.959736021035228,6.892230997870049,0.0,1.0,1.0,0.0,0.0,0.0
11,135,2.473183597603104,1.3065354625786276,0.0,0.0,0.0,0.0,1.0,1.0
12,135,4.301389402662124,10.809327991621178,0.0,0.0,0.0,0.0,0.0,0.0
13,135,10.669925087972777,11.653948132249685,0.0,1.0,0.0,1.0,1.0,0.0
14,135,3.187337383162952,7.130820896576312,1.0,0.0,0.0,1.0,0.0,0.0
15,135,3.65499576027344,11.879456888968909,0.0,0.0,0.0,0.0,1.0,0.0
16,135,5.087980600871197,2.819487095044263,1.0,0.0,0.0,0.0,1.0,0.0
17,135,2.639460439792862,6.564455138116303,1.0,0.0,0.0,1.0,0.0,0.0
18,135,5.074300856219776,11.03130613892343,0.0,0.0,0.0,0.0,0.0,0.0
19,135,0.0,9.379199556936436,0.0,0.0,1.0,1.0,0.0,0.0
20,135,6.045706068975886,12.0,0.0,0.0,0.0,0.0,0.0,0.0
21,135,4.90615414982243,6.002570705280629,0.0,0.0,0.0,0.0,1.0,1.0
22,135,4.677295452594291,5.8165827852353695,0.0,0.0,0.0,0.0,0.0,0.0
23,135,1.4078740740818203,11.10806189909574,0.0,1.0,1.0,1.0,0.0,1.0
24,135,9.490125215890076,4.554107354102548,1.0,1.0,1.0,1.0,0.0,0.0
25,135,12.0,0.0,0.0,1.0,0.0,0.0,1.0,1.0
26,135,5.647769137289706,4.904801586230589,0.0,0.0,0.0,1.0,1.0,1.0
27,135,4.054513111348567,11.058204651692709,0.0,0.0,0.0,1.0,0.0,1.0
28,135,6.817131755287343,9.529626680026896,0.0,0.0,0.0,0.0,0.0,0.0
29,135,4.007863930262894,11.296653259488338,1.0,0.0,0.0,0.0,0.0,0.0
30,135,7.977066598539013,6.660443016379205,1.0,1.0,0.0,0.0,1.0,1.0
31,135,8.431405774251427,7.0818993722064425,1.0,1.0,1.0,1.0,0.0,0.0
32,135,5.795676267656729,0.0,0.0,0.0,0.0,1.0,0.0,0.0
33,135,0.0,9.0559842544461,0.0,1.0,0.0,0.0,0.0,0.0
34,135,10.458248811095938,1.395585065937112,0.0,1.0,0.0,0.0,1.0,0.0
35,135,12.0,12.0,1.0,0.0,0.0,0.0,1.0,0.0
36,135,11.986960623606173,10.486121653689018,0.0,1.0,1.0,0.0,1.0,1.0
37,135,4.1706367511465965,2.75553576855022,1.0,0.0,0.0,0.0,1.0,1.0
38,135,7.032866622339818,9.4844003090097,1.0,0.0,1.0,0.0,1.0,0.0
39,135,6.433872539176735,2.395510642947542,0.0,1.0,1.0,1.0,1.0,1.0
0,140,0.2587614450542003,8.242230199700131,0.0,1.0,0.0,1.0,0.0,1.0
1,140,5.227342896702899,0.7890895847754466,1.0,0.0,1.0,1.0,1.0,1.0
2,140,1.7758707085214724,12.0,0.0,0.0,0.0,0.0,0.0,0.0
3,140,8.463937970685588,2.874067801134577,0.0,0.0,1.0,0.0,0.0,0.0
4,140,0.0,3.154691805528003,0.0,0.0,1.0,0.0,1.0,0.0
5,140,2.657802943754657,0.9445131096903632,1.0,1.0,0.0,0.0,0.0,0.0
6,140,3.154693124354808,8.086089116367646,1.0,0.0,1.0,0.0,1.0,1.0
7,140,4.311556378850808,4.94675773888601,0.0,0.0,0.0,0.0,1.0,0.0
8,140,10.464698393534926,8.930971119145985,0.0,0.0,1.0,1.0,0.0,1.0
9,140,7.793321399219878,8.776423795705357,1.0,0.0,0.0,1.0,0.0,0.0
10,140,10.992222716308817,6.784342888549461,0.0,1.0,1.0,0.0,0.0,0.0
11,140,2.466918024621243,1.297755833911003,0.0,0.0,0.0,0.0,1.0,1.0
12,140,4.328049650764728,10.711167259152749,0.0,0.0,0.0,0.0,0.0,0.0
13,140,10.74588601213789,11.662025022722135,0.0,1.0,0.0,1.0,1.0,0.0
14,140,3.1956909127032103,7.136869256759102,1.0,0.0,0.0,1.0,0.0,0.0
15,140,3.6547747586235135,11.879187354333403,0.0,0.0,0.0,0.0,1.0,0.0
16,140,5.100498129085103,2.911685451246784,1.0,0.0,0.0,0.0,1.0,0.0
17,140,2.635079879634369,6.587872904964991,1.0,0.0,0.0,1.0,0.0,0.0
18,140,5.070471659185638,11.028950435801464,0.0,0.0,0.0,0.0,0.0,0.0
19,140,0.0,9.35760933889893,0.0,0.0,1.0,1.0,0.0,0.0
20,140,6.068644673843455,12.0,0.0,0.0,0.0,0.0,0.0,0.0
21,140,4.80896832243061,6.000607043814819,0.0,0.0,0.0,0.0,1.0,1.0
22,140,4.693873860949905,5.783765930240149,0.0,0.0,0.0,0.0,0.0,0.0
23,140,1.4186584991133595,11.10038019543473,0.0,1.0,1.0,1.0,0.0,1.0
24,140,9.52466822019442,4.589153724276191,1.0,1.0,1.0,1.0,0.0,0.0
25,140,11.957156346608162,0.0,0.0,1.0,0.0,0.0,1.0,1.0
26,140,5.77042841395641,4.952716995435156,0.0,0.0,0.0,1.0,1.0,1.0
27,140,4.156599576804729,11.053105935586732,0.0,0.0,0.0,1.0,0.0,1.0
28,140,6.832024785526678,9.499345035589108,0.0,0.0,0.0,0.0,0.0,0.0
29,140,3.997182662829209,11.269117491301824,1.0,0.0,0.0,0.0,0.0,0.0
30,140,7.94741023730352,6.701604234662283,1.0,1.0,0.0,0.0,1.0,1.0
31,140,8.49869902198705,7.121615569591824,1.0,1.0,1.0,1.0,0.0,0.0
32,140,5.894080474405591,0.0,0.0,0.0,0.0,1.0,0.0,0.0
33,140,0.0,9.11019706915394,0.0,1.0,0.0,0.0,0.0,0.0
34,140,10.45940898337422,1.3248371771103082,0.0,1.0,0.0,0.0,1.0,0.0
35,140,12.0,12.0,1.0,0.0,0.0,0.0,1.0,0.0
36,140,11.993139167940784,10.470257482474384,0.0,1.0,1.0,0.0,1.0,1.0
37,140,4.17864968151922,2.62986832876459,1.0,0.0,0.0,0.0,1.0,1.0
38,140,6.98581387059235,9.41483858755197,1.0,0.0,1.0,0.0,1.0,0.0
39,140,6.495209529211033,2.456721343207527,0.0,1.0,1.0,1.0,1.0,1.0
0,145,0.2648799042824046,8.372475553439694,0.0,1.0,0.0,1.0,0.0,1.0
1,145,5.281151066517391,0.7404077273056255,1.0,0.0,1.0,1.0,1.0,1.0
2,145,1.7002577809013948,12.0,0.0,0.0,0.0,0.0,0.0,0.0
3,145,8.481147670436819,2.870358271400655,0.0,0.0,1.0,0.0,0.0,0.0
4,145,0.0,3.160064304793716,0.0,0.0,1.0,0.0,1.0,0.0
5,145,2.8819102576766378,1.0766984914358786,1.0,1.0,0.0,0.0,0.0,0.0
6,145,3.1406711700063643,8.045088813547444,1.0,0.0,1.0,0.0,1.0,1.0
7,145,4.38375205659263,4.968768518016257,0.0,0.0,0.0,0.0,1.0,0.0
8,145,10.481226366746206,8.768412350338396,0.0,0.0,1.0,1.0,0.0,1.0
9,145,7.847167367907574,8.772513085552387,1.0,0.0,0.0,1.0,0.0,0.0
10,145,11.021608339452335,6.683768471446526,0.0,1.0,1.0,0.0,0.0,0.0
11,145,2.4457217240977074,1.2706599668584038,0.0,0.0,0.0,0.0,1.0,1.0
12,145,4.349901107223773,10.628379524367473,0.0,0.0,0.0,0.0,0.0,0.0
13,145,10.84144425939968,11.67159597552139,0.0,1.0,0.0,1.0,1.0,0.0
14,145,3.1991610324585964,7.139480590898434,1.0,0.0,0.0,1.0,0.0,0.0
15,145,3.660039811174446,11.885696353898483,0.0,0.0,0.0,0.0,1.0,0.0
16,145,5.116714726460851,3.0113081133123734,1.0,0.0,0.0,0.0,1.0,0.0
17,145,2.6356199339313213,6.585022904171858,1.0,0.0,0.0,1.0,0.0,0.0
18,145,5.080701854276743,11.035424962516691,0.0,0.0,0.0,0.0,0.0,0.0
19,145,0.0,9.33747492480341,0.0,0.0,1.0,1.0,0.0,0.0
20,145,6.080534820132234,12.0,0.0,0.0,0.0,0.0,0.0,0.0
21,145,4.700547707793675,6.000230468553662,0.0,0.0,0.0,0.0,1.0,1.0
22,145,4.704688156141566,5.763784572702682,0.0,0.0,0.0,0.0,0.0,0.0
23,145,1.4458641208358567,11.08112719152751,0.0,1.0,1.0,1.0,0.0,1.0
24,145,9.56246527824071,4.627235102728497,1.0,1.0,1.0,1.0,0.0,0.0
25,145,11.916184577043293,0.0,0.0,1.0,0.0,0.0,1.0,1.0
26,145,5.888579326893309,5.001911218151153,0.0,0.0,0.0,1.0,1.0,1.0
27,145,4.261184988722972,11.047462072992095,0.0,0.0,0.0,1.0,0.0,1.0
28,145,6.848637411504273,9.467206868495255,0.0,0.0,0.0,0.0,0.0,0.0
29,145,3.9901502868275394,11.251245774345358,1.0,0.0,0.0,0.0,0.0,0.0
30,145,7.923040554725975,6.733790054951825,1.0,1.0,0.0,0.0,1.0,1.0
31,145,8.54154701446929,7.146454065382328,1.0,1.0,1.0,1.0,0.0,0.0
32,145,5.998508838459068,0.0,0.0,0.0,0.0,1.0,0.0,0.0
33,145,0.0,9.146807045777145,0.0,1.0,0.0,0.0,0.0,0.0
34,145,10.462402635868576,1.2567329671996408,0.0,1.0,0.0,0.0,1.0,0.0
35,145,12.0,12.0,1.0,0.0,0.0,0.0,1.0,0.0
36,145,12.0,10.440085704775786,0.0,1.0,1.0,0.0,1.0,1.0
37,145,4.1869381465517534,2.524657240684553,1.0,0.0,0.0,0.0,1.0,1.0
38,145,6.942488388327541,9.35585395520087,1.0,0.0,1.0,0.0,1.0,0.0
39,145,6.544628988059789,2.506758576198716,0.0,1.0,1.0,1.0,1.0,1.0
0,150,0.2758760610979765,8.535224871306665,0.0,1.0,0.0,1.0,0.0,1.0
1,150,5.317434628121767,0.7076508983658766,1.0,0.0,1.0,1.0,1.0,1.0
2,150,1.614899415530798,12.0,0.0,0.0,0.0,0.0,0.0,0.0
3,150,8.492332011544615,2.867960543986841,0.0,0.0,1.0,0.0,0.0,0.0
4,150,0.0,3.1676819538440526,0.0,0.0,1.0,0.0,1.0,0.0
5,150,3.099358741934388,1.197622124908555,1.0,1.0,0.0,0.0,0.0,0.0
6,150,3.133906908449809,8.024951482294314,1.0,0.0,1.0,0.0,1.0,1.0
7,150,4.452529235066619,4.988811742205344,0.0,0.0,0.0,0.0,1.0,0.0
8,150,10.498511493813428,8.60563525285259,0.0,0.0,1.0,1.0,0.0,1.0
9,150,7.894422011590962,8.768497547274194,1.0,0.0,0.0,1.0,0.0,0.0
10,150,11.050788224429196,6.579599773935581,0.0,1.0,1.0,0.0,0.0,0.0
11,150,2.4228381494389524,1.2408125100356933,0.0,0.0,0.0,0.0,1.0,1.0
12,150,4.372387396893533,10.547411334849263,0.0,0.0,0.0,0.0,0.0,0.0
13,150,10.930180087778474,11.681356907480328,0.0,1.0,0.0,1.0,1.0,0.0
14,150,3.1787600249154604,7.124170898311731,1.0,0.0,0.0,1.0,0.0,0.0
15,150,3.658861608521084,11.88424946901429,0.0,0.0,0.0,0.0,1.0,0.0
16,150,5.130959080055418,3.1012384302246385,1.0,0.0,0.0,0.0,1.0,0.0
17,150,2.635981853237656,6.582976084277576,1.0,0.0,0.0,1.0,0.0,0.0
18,150,5.103670001041082,11.050097808383011,0.0,0.0,0.0,0.0,0.0,0.0
19,150,0.0,9.318488906479516,0.0,0.0,1.0,1.0,0.0,0.0
20,150,6.099827236728112,12.0,0.0,0.0,0.0,0.0,0.0,0.0
21,150,4.56061976495171,5.99667114461038,0.0,0.0,0.0,0.0,1.0,1.0
22,150,4.718745139510314,5.736105692556041,0.0,0.0,0.0,0.0,0.0,0.0
23,150,1.481240968173849,11.056903060260368,0.0,1.0,1.0,1.0,0.0,1.0
24,150,9.592088537754146,4.655279111690003,1.0,1.0,1.0,1.0,0.0,0.0
25,150,11.86845117718497,0.0,0.0,1.0,0.0,0.0,1.0,1.0
26,150,6.010946657159657,5.051086771933346,0.0,0.0,0.0,1.0,1.0,1.0
27,150,4.381333572724883,11.037747235856065,0.0,0.0,0.0,1.0,0.0,1.0
28,150,6.867613858982381,9.430595213418147,0.0,0.0,0.0,0.0,0.0,0.0
29,150,3.963772090797013,11.260807658047264,1.0,0.0,0.0,0.0,0.0,0.0
30,150,7.9039898245247615,6.759183073477001,1.0,1.0,0.0,0.0,1.0,1.0
31,150,8.582149458920808,7.168674250895844,1.0,1.0,1.0,1.0,0.0,0.0
32,150,6.120469702673795,0.0,0.0,0.0,0.0,1.0,0.0,0.0
33,150,0.0,9.200411893171731,0.0,1.0,0.0,0.0,0.0,0.0
34,150,10.465819230865124,1.1913396231056406,0.0,1.0,0.0,0.0,1.0,0.0
35,150,12.0,12.0,1.0,0.0,0.0,0.0,1.0,0.0
36,150,12.0,10.43569126888621,0.0,1.0,1.0,0.0,1.0,1.0
37,150,4.194985123951993,2.432655083633562,1.0,0.0,0.0,0.0,1.0,1.0
38,150,6.891264699894507,9.288698534058204,1.0,0.0,1.0,0.0,1.0,0.0
39,150,6.599927887399662,2.564859238585496,0.0,1.0,1.0,1.0,1.0,1.0
0,155,0.2890489332346074,8.706586078535096,0.0,1.0,0.0,1.0,0.0,1.0
1,155,5.357471476111617,0.6707325208873602,1.0,0.0,1.0,1.0,1.0,1.0
2,155,1.5412915411367265,12.0,0.0,0.0,0.0,0.0,0.0,0.0
3,155,8.523367073909307,2.8614276385348067,0.0,0.0,1.0,0.0,0.0,0.0
4,155,0.0,3.1751523156485897,0.0,0.0,1.0,0.0,1.0,0.0
5,155,3.309615606355896,1.3135103591824824,1.0,1.0,0.0,0.0,0.0,0.0
6,155,3.1293878432913744,8.01176671583463,1.0,0.0,1.0,0.0,1.0,1.0
7,155,4.554455999804506,5.0183247828155295,0.0,0.0,0.0,0.0,1.0,0.0
8,155,10.508505558926226,8.447609195761318,0.0,0.0,1.0,1.0,0.0,1.0
9,155,7.965744532040916,8.763685396434187,1.0,0.0,0.0,1.0,0.0,0.0
10,155,11.080001087239816,6.480599298565631,0.0,1.0,1.0,0.0,0.0,0.0
11,155,2.3980570392511744,1.2076674798483755,0.0,0.0,0.0,0.0,1.0,1.0
12,155,4.392345527619408,10.473557216899296,0.0,0.0,0.0,0.0,0.0,0.0
13,155,11.033730141196465,11.695104509762302,0.0,1.0,0.0,1.0,1.0,0.0
14,155,3.1806590728455806,7.125654568879505,1.0,0.0,0.0,1.0,0.0,0.0
15,155,3.657949854584973,11.883051922704144,0.0,0.0,0.0,0.0,1.0,0.0
16,155,5.14623986125399,3.1953727733544555,1.0,0.0,0.0,0.0,1.0,0.0
17,155,2.6382502242469243,6.570373916743781,1.0,0.0,0.0,1.0,0.0,0.0
18,155,5.128960057192851,11.065157583578571,0.0,0.0,0.0,0.0,0.0,0.0
19,155,0.0,9.30061098283001,0.0,0.0,1.0,1.0,0.0,0.0
20,155,6.123582656875351,12.0,0.0,0.0,0.0,0.0,0.0,0.0
21,155,4.432954225917936,5.995708280489357,0.0,0.0,0.0,0.0,1.0,1.0
22,155,4.743137146544859,5.687357183280351,0.0,0.0,0.0,0.0,0.0,0.0
23,155,1.5018090086908924,11.04243756517231,0.0,1.0,1.0,1.0,0.0,1.0
24,155,9.62305037159088,4.62120629073323,1.0,1.0,1.0,1.0,0.0,0.0
25,155,11.810411113702484,0.0,0.0,1.0,0.0,0.0,1.0,1.0
26,155,6.145686949260902,5.10696248124509,0.0,0.0,0.0,1.0,1.0,1.0
27,155,4.484651963432596,11.029454651561498,0.0,0.0,0.0,1.0,0.0,1.0
28,155,6.898548974004018,9.368127136136591,0.0,0.0,0.0,0.0,0.0,0.0
29,155,3.924050626770817,11.273695444725472,1.0,0.0,0.0,0.0,0.0,0.0
30,155,7.892643945896499,6.774502443633024,1.0,1.0,0.0,0.0,1.0,1.0
31,155,8.636992595741118,7.199826562265236,1.0,1.0,1.0,1.0,0.0,0.0
32,155,6.250834136350966,0.0,0.0,0.0,0.0,1.0,0.0,0.0
33,155,0.0,9.250308873100668,0.0,1.0,0.0,0.0,0.0,0.0
34,155,10.46834527632512,1.1101737292520004,0.0,1.0,0.0,0.0,1.0,0.0
35,155,12.0,12.0,1.0,0.0,0.0,0.0,1.0,0.0
36,155,12.0,10.43203853999892,0.0,1.0,1.0,0.0,1.0,1.0
37,155,4.202998965818977,2.3429277865498066,1.0,0.0,0.0,0.0,1.0,1.0
38,155,6.865511196039937,9.254674109170004,1.0,0.0,1.0,0.0,1.0,0.0
39,155,6.646902696873847,2.614878748553016,0.0,1.0,1.0,1.0,1.0,1.0
0,160,0.3033494248908489,8.897425031570892,0.0,1.0,0.0,1.0,0.0,1.0
1,160,5.384182655664886,0.645410194326796,1.0,0.0,1.0,1.0,1.0,1.0
2,160,1.4620658123138204,12.0,0.0,0.0,0.0,0.0,0.0,0.0
3,160,8.538860060980586,2.8581215723877214,0.0,0.0,1.0,0.0,0.0,0.0
4,160,0.0,3.18275618843436,0.0,0.0,1.0,0.0,1.0,0.0
5,160,3.5214109366243544,1.4315764821549146,1.0,1.0,0.0,0.0,0.0,0.0
6,160,3.125560031374717,8.00052795610106,1.0,0.0,1.0,0.0,1.0,1.0
7,160,4.660708929670236,5.050661792397805,0.0,0.0,0.0,0.0,1.0,0.0
8,160,10.515411893076926,8.299985903717552,0.0,0.0,1.0,1.0,0.0,1.0
9,160,8.03909948061771,8.756143737366157,1.0,0.0,0.0,1.0,0.0,0.0
10,160,10.97837759337421,6.452051686778016,0.0,1.0,1.0,0.0,0.0,0.0
11,160,2.372733328767702,1.1744726541983332,0.0,0.0,0.0,0.0,1.0,1.0
12,160,4.410915760288845,10.40561994590883,0.0,0.0,0.0,0.0,0.0,0.0
13,160,11.135165202015202,11.708779916041824,0.0,1.0,0.0,1.0,1.0,0.0
14,160,3.183872175767982,7.128188873047234,1.0,0.0,0.0,1.0,0.0,0.0
15,160,3.6494195772059057,11.871566780381634,0.0,0.0,0.0,0.0,1.0,0.0
16,160,5.162606430664757,3.2876562944500045,1.0,0.0,0.0,0.0,1.0,0.0
17,160,2.639983148378306,6.560276161204109,1.0,0.0,0.0,1.0,0.0,0.0
18,160,5.170300537700533,11.090487199400863,0.0,0.0,0.0,0.0,0.0,0.0
19,160,0.0,9.273470723841442,0.0,0.0,1.0,1.0,0.0,0.0
20,160,6.14662572852186,12.0,0.0,0.0,0.0,0.0,0.0,0.0
21,160,4.320886847385247,5.997045324548374,0.0,0.0,0.0,0.0,1.0,1.0
22,160,4.7630400038137335,5.649041797307532,0.0,0.0,0.0,0.0,0.0,0.0
23,160,1.5247998267243763,11.02595629491392,0.0,1.0,1.0,1.0,0.0,1.0
24,160,9.635531212812754,4.607443156102288,1.0,1.0,1.0,1.0,0.0,0.0
25,160,11.738241111177343,0.0,0.0,1.0,0.0,0.0,1.0,1.0
26,160,6.287806446091284,5.168467675786584,0.0,0.0,0.0,1.0,1.0,1.0
27,160,4.578764705295102,11.02360115877782,0.0,0.0,0.0,1.0,0.0,1.0
28,160,6.927676390905975,9.309562785949415,0.0,0.0,0.0,0.0,0.0,0.0
29,160,3.8857071772820224,11.285223489759836,1.0,0.0,0.0,0.0,0.0,0.0
30,160,7.879739587253955,6.791634778352966,1.0,1.0,0.0,0.0,1.0,1.0
31,160,8.702095969274012,7.234920453404109,1.0,1.0,1.0,1.0,0.0,0.0
32,160,6.389845535364465,0.0,0.0,0.0,0.0,1.0,0.0,0.0
33,160,0.0,9.312057517062176,0.0,1.0,0.0,0.0,0.0,0.0
34,160,10.470697894395544,1.0255102779288912,0.0,1.0,0.0,0.0,1.0,0.0
35,160,12.0,12.0,1.0,0.0,0.0,0.0,1.0,0.0
36,160,11.997040169202378,10.439692062646682,0.0,1.0,1.0,0.0,1.0,1.0
37,160,4.209824047069416,2.2553252353455937,1.0,0.0,0.0,0.0,1.0,1.0
38,160,6.844743916076647,9.22594977004232,1.0,0.0,1.0,0.0,1.0,0.0
39,160,6.703885125075585,2.674864359294112,0.0,1.0,1.0,1.0,1.0,1.0
0,165,0.3189618128308253,9.077723767975414,0.0,1.0,0.0,1.0,0.0,1.0
1,165,5.410660566411012,0.6204102668322319,1.0,0.0,1.0,1.0,1.0,1.0
2,165,1.3883066832633175,12.0,0.0,0.0,0.0,0.0,0.0,0.0
3,165,8.531467488863143,2.859810345277864,0.0,0.0,1.0,0.0,0.0,0.0
4,165,0.0,3.1920735275672203,0.0,0.0,1.0,0.0,1.0,0.0
5,165,3.73811694166038,1.5552495609630537,1.0,1.0,0.0,0.0,0.0,0.0
6,165,3.120997697325668,7.9872701482397614,1.0,0.0,1.0,0.0,1.0,1.0
7,165,4.765631160400291,5.081970258277406,0.0,0.0,0.0,0.0,1.0,0.0
8,165,10.52181877221215,8.15788798551817,0.0,0.0,1.0,1.0,0.0,1.0
9,165,8.132040131617142,8.746840078739853,1.0,0.0,0.0,1.0,0.0,0.0
10,165,10.87197763269239,6.42067859648759,0.0,1.0,1.0,0.0,0.0,0.0
11,165,2.3495944704101444,1.1457977724371298,0.0,0.0,0.0,0.0,1.0,1.0
12,165,4.432539444451203,10.328962773500384,0.0,0.0,0.0,0.0,0.0,0.0
13,165,11.235269811277393,11.719507420687096,0.0,1.0,0.0,1.0,1.0,0.0
14,165,3.1725982284046363,7.119053650777091,1.0,0.0,0.0,1.0,0.0,0.0
15,165,3.649222549772269,11.87130798615842,0.0,0.0,0.0,0.0,1.0,0.0
16,165,5.181074343446952,3.386391039927086,1.0,0.0,0.0,0.0,1.0,0.0
17,165,2.643357014288316,6.539608951829578,1.0,0.0,0.0,1.0,0.0,0.0
18,165,5.209402865313412,11.113314872762157,0.0,0.0,0.0,0.0,0.0,0.0
19,165,0.0,9.240982223388103,0.0,0.0,1.0,1.0,0.0,0.0
20,165,6.177765834443149,12.0,0.0,0.0,0.0,0.0,0.0,0.0
21,165,4.22185329562966,5.993709422759513,0.0,0.0,0.0,0.0,1.0,1.0
22,165,4.779177725117055,5.618009679539687,0.0,0.0,0.0,0.0,0.0,0.0
23,165,1.5455922195355276,11.011390010920012,0.0,1.0,1.0,1.0,0.0,1.0
24,165,9.632805624764826,4.610441991900141,1.0,1.0,1.0,1.0,0.0,0.0
25,165,11.673951796124584,0.0,0.0,1.0,0.0,0.0,1.0,1.0
26,165,6.444334752325267,5.236661572843432,0.0,0.0,0.0,1.0,1.0,1.0
27,165,4.671798321829159,11.019193641407227,0.0,0.0,0.0,1.0,0.0,1.0
28,165,6.958608764406042,9.250016455762008,0.0,0.0,0.0,0.0,0.0,0.0
29,165,3.84917388636405,11.294968180890612,1.0,0.0,0.0,0.0,0.0,0.0
30,165,7.873733868355755,6.800136019746772,1.0,1.0,0.0,0.0,1.0,1.0
31,165,8.77270491708121,7.27241273736563,1.0,1.0,1.0,1.0,0.0,0.0
32,165,6.519637383125326,0.0,0.0,0.0,0.0,1.0,0.0,0.0
33,165,0.0,9.351969494573687,0.0,1.0,0.0,0.0,0.0,0.0
34,165,10.473072004291158,0.9378241091815592,0.0,1.0,0.0,0.0,1.0,0.0
35,165,12.0,12.0,1.0,0.0,0.0,0.0,1.0,0.0
36,165,11.990899750122994,10.456240920570613,0.0,1.0,1.0,0.0,1.0,1.0
37,165,4.2168118400316565,2.174481778213928,1.0,0.0,0.0,0.0,1.0,1.0
38,165,6.825857091645589,9.199212437554388,1.0,0.0,1.0,0.0,1.0,0.0
39,165,6.7651185524375,2.7384154725465706,0.0,1.0,1.0,1.0,1.0,1.0
0,170,0.3327968750589087,9.26132790766284,0.0,1.0,0.0,1.0,0.0,1.0
1,170,5.426105536392428,0.6056306137756357,1.0,0.0,1.0,1.0,1.0,1.0
2,170,1.3187313371320928,12.0,0.0,0.0,0.0,0.0,0.0,0.0
3,170,8.517528338775206,2.8630724567424237,0.0,0.0,1.0,0.0,0.0,0.0
4,170,0.0,3.2037510331766867,0.0,0.0,1.0,0.0,1.0,0.0
5,170,3.938330768483151,1.6673617543567945,1.0,1.0,0.0,0.0,0.0,0.0
6,170,3.111237931903712,7.961058152619247,1.0,0.0,1.0,0.0,1.0,1.0
7,170,4.8621380094420745,5.112061520169941,0.0,0.0,0.0,0.0,1.0,0.0
8,170,10.530830745062342,8.032183104150572,0.0,0.0,1.0,1.0,0.0,1.0
9,170,8.234768165482432,8.736897414343792,1.0,0.0,0.0,1.0,0.0,0.0
10,170,10.768764204984262,6.391237687390715,0.0,1.0,1.0,0.0,0.0,0.0
11,170,2.3295504928819395,1.119888122457423,0.0,0.0,0.0,0.0,1.0,1.0
12,170,4.45621381615259,10.236928168047102,0.0,0.0,0.0,0.0,0.0,0.0
13,170,11.320812974386138,11.726447368668506,0.0,1.0,0.0,1.0,1.0,0.0
14,170,3.168990427015873,7.116155861230363,1.0,0.0,0.0,1.0,0.0,0.0
15,170,3.6575287935254472,11.882525552001455,0.0,0.0,0.0,0.0,1.0,0.0
16,170,5.201959021937511,3.506756404659704,1.0,0.0,0.0,0.0,1.0,0.0
17,170,2.6481473390838617,6.509837859128816,1.0,0.0,0.0,1.0,0.0,0.0
18,170,5.258249084459308,11.143096078943714,0.0,0.0,0.0,0.0,0.0,0.0
19,170,0.0,9.207307692895643,0.0,0.0,1.0,1.0,0.0,0.0
20,170,6.209808794447601,12.0,0.0,0.0,0.0,0.0,0.0,0.0
21,170,4.1215806872056096,5.989536812387518,0.0,0.0,0.0,0.0,1.0,1.0
22,170,4.798674040629803,5.581453756657947,0.0,0.0,0.0,0.0,0.0,0.0
23,170,1.5546531294548225,11.004588760725747,0.0,1.0,1.0,1.0,0.0,1.0
24,170,9.620660042326204,4.6231985898752175,1.0,1.0,1.0,1.0,0.0,0.0
25,170,11.612942490569038,0.0,0.0,1.0,0.0,0.0,1.0,1.0
26,170,6.582166019342401,5.297562665129503,0.0,0.0,0.0,1.0,1.0,1.0
27,170,4.740932944877656,11.015455540224552,0.0,0.0,0.0,1.0,0.0,1.0
28,170,6.985916399936519,9.19599312291836,0.0,0.0,0.0,0.0,0.0,0.0
29,170,3.824588533300979,11.301322258446737,1.0,0.0,0.0,0.0,0.0,0.0
30,170,7.872135724966989,6.802433307513538,1.0,1.0,0.0,0.0,1.0,1.0
31,170,8.857570816887453,7.317255097214716,1.0,1.0,1.0,1.0,0.0,0.0
32,170,6.659030633970649,0.0,0.0,0.0,0.0,1.0,0.0,0.0
33,170,0.0,9.391815229673092,0.0,1.0,0.0,0.0,0.0,0.0
34,170,10.47571460999073,0.8515972787592724,0.0,1.0,0.0,0.0,1.0,0.0
35,170,12.0,12.0,1.0,0.0,0.0,0.0,1.0,0.0
36,170,11.989434828231778,10.46044377658416,0.0,1.0,1.0,0.0,1.0,1.0
37,170,4.227650719522158,2.089226766537311,1.0,0.0,0.0,0.0,1.0,1.0
38,170,6.78986209763458,9.149361482199064,1.0,0.0,1.0,0.0,1.0,0.0
39,170,6.815894210992526,2.791729874487719,0.0,1.0,1.0,1.0,1.0,1.0
0,175,0.3419613214018662,9.432841975606635,0.0,1.0,0.0,1.0,0.0,1.0
1,175,5.433738054712896,0.5983375472164955,1.0,0.0,1.0,1.0,1.0,1.0
2,175,1.2604089292130378,12.0,0.0,0.0,0.0,0.0,0.0,0.0
3,175,8.487805104418175,2.870323914155489,0.0,0.0,1.0,0.0,0.0,0.0
4,175,0.0,3.2148483385997464,0.0,0.0,1.0,0.0,1.0,0.0
5,175,4.143915964741314,1.782489459944561,1.0,1.0,0.0,0.0,0.0,0.0
6,175,3.099960083251892,7.931443436311225,1.0,0.0,1.0,0.0,1.0,1.0
7,175,4.950622112911689,5.140066377457654,0.0,0.0,0.0,0.0,1.0,0.0
8,175,10.540002395345567,7.89890598967752,0.0,0.0,1.0,1.0,0.0,1.0
9,175,8.336910311230696,8.726907454522996,1.0,0.0,0.0,1.0,0.0,0.0
10,175,10.673306376569029,6.365419948684507,0.0,1.0,1.0,0.0,0.0,0.0
11,175,2.3211209437353912,1.1088275238233694,0.0,0.0,0.0,0.0,1.0,1.0
12,175,4.4718877529569,10.174991280020324,0.0,0.0,0.0,0.0,0.0,0.0
13,175,11.412591485076405,11.733500854436006,0.0,1.0,0.0,1.0,1.0,0.0
14,175,3.17709170544093,7.12323210162586,1.0,0.0,0.0,1.0,0.0,0.0
15,175,3.676787066241036,11.906971597978366,0.0,0.0,0.0,0.0,1.0,0.0
16,175,5.21946775884753,3.631349678455241,1.0,0.0,0.0,0.0,1.0,0.0
17,175,2.6514605382377057,6.483133816100396,1.0,0.0,0.0,1.0,0.0,0.0
18,175,5.298038551574396,11.166299817727769,0.0,0.0,0.0,0.0,0.0,0.0
19,175,0.0,9.167284907898535,0.0,0.0,1.0,1.0,0.0,0.0
20,175,6.2412932730682975,12.0,0.0,0.0,0.0,0.0,0.0,0.0
21,175,4.0012023862106725,5.980310935458945,0.0,0.0,0.0,0.0,1.0,1.0
22,175,4.811550161959111,5.556912420809622,0.0,0.0,0.0,0.0,0.0,0.0
23,175,1.557782487780118,11.00227728557765,0.0,1.0,1.0,1.0,0.0,1.0
24,175,9.591949235216436,4.654142251073503,1.0,1.0,1.0,1.0,0.0,0.0
25,175,11.572991151929354,0.0,0.0,1.0,0.0,0.0,1.0,1.0
26,175,6.734638234662522,5.361348585217479,0.0,0.0,0.0,1.0,1.0,1.0
27,175,4.81975123109298,11.012041632252418,0.0,0.0,0.0,1.0,0.0,1.0
28,175,7.01059577578451,9.143756031725284,0.0,0.0,0.0,0.0,0.0,0.0
29,175,3.80538691230278,11.306021732656088,1.0,0.0,0.0,0.0,0.0,0.0
30,175,7.869985914295039,6.805665908556003,1.0,1.0,0.0,0.0,1.0,1.0
31,175,8.935030477445867,7.358106023412821,1.0,1.0,1.0,1.0,0.0,0.0
32,175,6.806830329325631,0.0,0.0,0.0,0.0,1.0,0.0,0.0
33,175,0.0,9.43609261582385,0.0,1.0,0.0,0.0,0.0,0.0
34,175,10.477090119157012,0.7590375622845702,0.0,1.0,0.0,0.0,1.0,0.0
35,175,12.0,12.0,1.0,0.0,0.0,0.0,1.0,0.0
36,175,11.985866536521376,10.470901056240658,0.0,1.0,1.0,0.0,1.0,1.0
37,175,4.235099468125642,2.019724550991884,1.0,0.0,0.0,0.0,1.0,1.0
38,175,6.761141651744037,9.109124896602951,1.0,0.0,1.0,0.0,1.0,0.0
39,175,6.855044250369301,2.8342996590880656,0.0,1.0,1.0,1.0,1.0,1.0
0,180,0.3507778752326218,9.6104491947703,0.0,1.0,0.0,1.0,0.0,1.0
1,180,5.443558496685386,0.5886673463292157,1.0,0.0,1.0,1.0,1.0,1.0
2,180,1.200538497071674,12.0,0.0,0.0,0.0,0.0,0.0,0.0
3,180,8.47572692346727,2.873398239499457,0.0,0.0,1.0,0.0,0.0,0.0
4,180,0.0,3.228481544957681,0.0,0.0,1.0,0.0,1.0,0.0
5,180,4.327851768059855,1.887320133208434,1.0,1.0,0.0,0.0,0.0,0.0
6,180,3.096232620455362,7.921247964762793,1.0,0.0,1.0,0.0,1.0,1.0
7,180,5.03981276936213,5.168524263029826,0.0,0.0,0.0,0.0,1.0,0.0
8,180,10.546977092411028,7.759362160605469,0.0,0.0,1.0,1.0,0.0,1.0
9,180,8.424939927479343,8.718782142631238,1.0,0.0,0.0,1.0,0.0,0.0
10,180,10.568682708882848,6.334378523334004,0.0,1.0,1.0,0.0,0.0,0.0
11,180,2.3216940077426145,1.1095459003688624,0.0,0.0,0.0,0.0,1.0,1.0
12,180,4.487751596548812,10.109899485442622,0.0,0.0,0.0,0.0,0.0,0.0
13,180,11.519547068611852,11.744096182782345,0.0,1.0,0.0,1.0,1.0,0.0
14,180,3.1755270815141907,7.121828627996625,1.0,0.0,0.0,1.0,0.0,0.0
15,180,3.708833390802533,11.946863022156986,0.0,0.0,0.0,0.0,1.0,0.0
16,180,5.242974940036302,3.757992249690581,1.0,0.0,0.0,0.0,1.0,0.0
17,180,2.6560149284105985,6.45322102444963,1.0,0.0,0.0,1.0,0.0,0.0
18,180,5.344493534974303,11.193080256788768,0.0,0.0,0.0,0.0,0.0,0.0
19,180,0.0,9.136287874166346,0.0,0.0,1.0,1.0,0.0,0.0
20,180,6.291915209217247,12.0,0.0,0.0,0.0,0.0,0.0,0.0
21,180,3.881382867571879,5.968842984523189,0.0,0.0,0.0,0.0,1.0,1.0
22,180,4.825913652272211,5.5307154066244975,0.0,0.0,0.0,0.0,0.0,0.0
23,180,1.532993244024515,11.020532464174316,0.0,1.0,1.0,1.0,0.0,1.0
24,180,9.577080315251122,4.670425152087208,1.0,1.0,1.0,1.0,0.0,0.0
25,180,11.533094407195671,0.0,0.0,1.0,0.0,0.0,1.0,1.0
26,180,6.8741054087211415,5.417768798976032,0.0,0.0,0.0,1.0,1.0,1.0
27,180,4.912155020997221,11.009012479449114,0.0,0.0,0.0,1.0,0.0,1.0
28,180,7.040743965457746,9.081889439253864,0.0,0.0,0.0,0.0,0.0,0.0
29,180,3.7947103667801616,11.30860882159711,1.0,0.0,0.0,0.0,0.0,0.0
30,180,7.877975912056072,6.793436856485878,1.0,1.0,0.0,0.0,1.0,1.0
31,180,9.006353538874762,7.396316820494968,1.0,1.0,1.0,1.0,0.0,0.0
32,180,6.9409417193271,0.0,0.0,0.0,0.0,1.0,0.0,0.0
33,180,0.0,9.469952364786389,0.0,1.0,0.0,0.0,0.0,0.0
34,180,10.479136034800028,0.6554264687418045,0.0,1.0,0.0,0.0,1.0,0.0
35,180,12.0,11.878443503241655,1.0,0.0,0.0,0.0,1.0,0.0
36,180,11.980966831279666,10.485230147189997,0.0,1.0,1.0,0.0,1.0,1.0
37,180,4.242951685294034,1.9314977347434896,1.0,0.0,0.0,0.0,1.0,1.0
38,180,6.726686676101182,9.058993033920103,1.0,0.0,1.0,0.0,1.0,0.0
39,180,6.886643955965575,2.867798115924145,0.0,1.0,1.0,1.0,1.0,1.0
0,185,0.3646785610510693,9.804936528857477,0.0,1.0,0.0,1.0,0.0,1.0
1,185,5.450064427843385,0.5822474407749643,1.0,0.0,1.0,1.0,1.0,1.0
2,185,1.1461362364421377,12.0,0.0,0.0,0.0,0.0,0.0,0.0
3,185,8.46164365523698,2.8767213916475862,0.0,0.0,1.0,0.0,0.0,0.0
4,185,0.0,3.2459814581520146,0.0,0.0,1.0,0.0,1.0,0.0
5,185,4.519566405829124,1.993562706635911,1.0,1.0,0.0,0.0,0.0,0.0
6,185,3.092040009436941,7.90978830257694,1.0,0.0,1.0,0.0,1.0,1.0
7,185,5.1290825242829134,5.198455811180822,0.0,0.0,0.0,0.0,1.0,0.0
8,185,10.553083393466204,7.621471204684517,0.0,0.0,1.0,1.0,0.0,1.0
9,185,8.546292973828427,8.706802678141358,1.0,0.0,0.0,1.0,0.0,0.0
10,185,10.461603987146445,6.302498251361972,0.0,1.0,1.0,0.0,0.0,0.0
11,185,2.307244137305058,1.0908212016661731,0.0,0.0,0.0,0.0,1.0,1.0
12,185,4.499563067113477,10.056502552537609,0.0,0.0,0.0,0.0,0.0,0.0
13,185,11.640625884209644,11.75438217810366,0.0,1.0,0.0,1.0,1.0,0.0
14,185,3.1738860735325782,7.120307906391628,1.0,0.0,0.0,1.0,0.0,0.0
15,185,3.73637183984462,11.9816526534545,0.0,0.0,0.0,0.0,1.0,0.0
16,185,5.268766789498842,3.893728139608531,1.0,0.0,0.0,0.0,1.0,0.0
17,185,2.660967645518959,6.421147033677904,1.0,0.0,0.0,1.0,0.0,0.0
18,185,5.383312959124863,11.21670856967324,0.0,0.0,0.0,0.0,0.0,0.0
19,185,0.0,9.109070912658968,0.0,0.0,1.0,1.0,0.0,0.0
20,185,6.365105429600441,12.0,0.0,0.0,0.0,0.0,0.0,0.0
21,185,3.770982362913013,5.961281096267655,0.0,0.0,0.0,0.0,1.0,1.0
22,185,4.84001657399574,5.50412504633918,0.0,0.0,0.0,0.0,0.0,0.0
23,185,1.50871382272169,11.039157576356478,0.0,1.0,1.0,1.0,0.0,1.0
24,185,9.572606133145642,4.675574578059803,1.0,1.0,1.0,1.0,0.0,0.0
25,185,11.494259247392776,0.0,0.0,1.0,0.0,0.0,1.0,1.0
26,185,7.030078263417432,5.48535839909606,0.0,0.0,0.0,1.0,1.0,1.0
27,185,5.005359178128944,11.00660765401824,0.0,0.0,0.0,1.0,0.0,1.0
28,185,7.071901746525125,9.015499246201044,0.0,0.0,0.0,0.0,0.0,0.0
29,185,3.799713759326605,11.307292889907746,1.0,0.0,0.0,0.0,0.0,0.0
30,185,7.883270121939216,6.785316452482983,1.0,1.0,0.0,0.0,1.0,1.0
31,185,9.085081744410624,7.440063586254185,1.0,1.0,1.0,1.0,0.0,0.0
32,185,7.085810910720695,0.0,0.0,0.0,0.0,1.0,0.0,0.0
33,185,0.0,9.515339213379372,0.0,1.0,0.0,0.0,0.0,0.0
34,185,10.48056520978111,0.5702091225429643,0.0,1.0,0.0,0.0,1.0,0.0
35,185,12.0,11.756809023522086,1.0,0.0,0.0,0.0,1.0,0.0
36,185,11.97660576136746,10.496773057155536,0.0,1.0,1.0,0.0,1.0,1.0
37,185,4.248997136203828,1.8462375616572408,1.0,0.0,0.0,0.0,1.0,1.0
38,185,6.697033072725071,9.014091674998744,1.0,0.0,1.0,0.0,1.0,0.0
39,185,6.912874339323183,2.8947492682688125,0.0,1.0,1.0,1.0,1.0,1.0
0,190,0.3773364480817079,9.991583205289151,0.0,1.0,0.0,1.0,0.0,1.0
1,190,5.45346977907383,0.5788886780044598,1.0,0.0,1.0,1.0,1.0,1.0
2,190,1.0854585947881858,12.0,0.0,0.0,0.0,0.0,0.0,0.0
3,190,8.474257055678198,2.8737362010503067,0.0,0.0,1.0,0.0,0.0,0.0
4,190,0.0,3.2615378544748137,0.0,0.0,1.0,0.0,1.0,0.0
5,190,4.721862655969609,2.0979657518438777,1.0,1.0,0.0,0.0,0.0,0.0
6,190,3.081713390628037,7.8815643628486205,1.0,0.0,1.0,0.0,1.0,1.0
7,190,5.239108969998247,5.235560308726374,0.0,0.0,0.0,0.0,1.0,0.0
8,190,10.556440335086776,7.478466498089195,0.0,0.0,1.0,1.0,0.0,1.0
9,190,8.675568321550783,8.69130489867044,1.0,0.0,0.0,1.0,0.0,0.0
10,190,10.358890541213391,6.269466194689881,0.0,1.0,1.0,0.0,0.0,0.0
11,190,2.306894835088388,1.0903686010536655,0.0,0.0,0.0,0.0,1.0,1.0
12,190,4.510937989360875,10.001815010952818,0.0,0.0,0.0,0.0,0.0,0.0
13,190,11.773132989442065,11.762774463226776,0.0,1.0,0.0,1.0,1.0,0.0
14,190,3.187860721415426,7.132839659022136,1.0,0.0,0.0,1.0,0.0,0.0
15,190,3.762384111605504,12.0,0.0,0.0,0.0,0.0,1.0,0.0
16,190,5.292264208440514,4.02281967179043,1.0,0.0,0.0,0.0,1.0,0.0
17,190,2.681697961713127,6.424261611779162,1.0,0.0,0.0,1.0,0.0,0.0
18,190,5.442818662705783,11.252510225943157,0.0,0.0,0.0,0.0,0.0,0.0
19,190,0.0,9.06749199540494,0.0,0.0,1.0,1.0,0.0,0.0
20,190,6.44178617663069,12.0,0.0,0.0,0.0,0.0,0.0,0.0
21,190,3.673161944367586,5.954967564439827,0.0,0.0,0.0,0.0,1.0,1.0
22,190,4.856121964923724,5.474644693532101,0.0,0.0,0.0,0.0,0.0,0.0
23,190,1.474635847900381,11.064410900852245,0.0,1.0,1.0,1.0,0.0,1.0
24,190,9.551807397426352,4.699108819628864,1.0,1.0,1.0,1.0,0.0,0.0
25,190,11.45805372521208,0.0,0.0,1.0,0.0,0.0,1.0,1.0
26,190,7.197613982020448,5.5565541734414925,0.0,0.0,0.0,1.0,1.0,1.0
27,190,5.103538756126576,11.002491486796837,0.0,0.0,0.0,1.0,0.0,1.0
28,190,7.098112700764067,8.958232957040682,0.0,0.0,0.0,0.0,0.0,0.0
29,190,3.8170243899191623,11.303393256933308,1.0,0.0,0.0,0.0,0.0,0.0
30,190,7.8837855178986,6.784539030854729,1.0,1.0,0.0,0.0,1.0,1.0
31,190,9.157625499184272,7.483234563044424,1.0,1.0,1.0,1.0,0.0,0.0
32,190,7.222351072207381,0.0,0.0,0.0,0.0,1.0,0.0,0.0
33,190,0.0,9.57526382215204,0.0,1.0,0.0,0.0,0.0,0.0
34,190,10.48067051551359,0.5120641978616635,0.0,1.0,0.0,0.0,1.0,0.0
35,190,12.0,11.624158568320324,1.0,0.0,0.0,0.0,1.0,0.0
36,190,11.97090802224642,10.511587309336912,0.0,1.0,1.0,0.0,1.0,1.0
37,190,4.254164573055143,1.7611732345799571,1.0,0.0,0.0,0.0,1.0,1.0
38,190,6.664607650645373,8.964452736280156,1.0,0.0,1.0,0.0,1.0,0.0
39,190,6.952882634419438,2.935807483754902,0.0,1.0,1.0,1.0,1.0,1.0
0,195,0.3917672137223007,10.16758712207031,0.0,1.0,0.0,1.0,0.0,1.0
1,195,5.440227028730213,0.5920916364496667,1.0,0.0,1.0,1.0,1.0,1.0
2,195,1.027631432299399,12.0,0.0,0.0,0.0,0.0,0.0,0.0
3,195,8.509250661079122,2.865811606674818,0.0,0.0,1.0,0.0,0.0,0.0
4,195,0.0,3.2773613831997155,0.0,0.0,1.0,0.0,1.0,0.0
5,195,4.925019530533587,2.205234610810872,1.0,1.0,0.0,0.0,0.0,0.0
6,195,3.073148930453518,7.859060082271212,1.0,0.0,1.0,0.0,1.0,1.0
7,195,5.352628992507599,5.274481759977235,0.0,0.0,0.0,0.0,1.0,0.0
8,195,10.560465716973374,7.338915828721468,0.0,0.0,1.0,1.0,0.0,1.0
9,195,8.78480658312141,8.67756422031104,1.0,0.0,0.0,1.0,0.0,0.0
10,195,10.283398098503326,6.243693544355436,0.0,1.0,1.0,0.0,0.0,0.0
11,195,2.2990857580937654,1.0806215578773937,0.0,0.0,0.0,0.0,1.0,1.0
12,195,4.486890640076806,9.996388525980782,0.0,0.0,0.0,0.0,0.0,0.0
13,195,11.921135705559797,11.773513394951406,0.0,1.0,0.0,1.0,1.0,0.0
14,195,3.1939049520740235,7.138280317033683,1.0,0.0,0.0,1.0,0.0,0.0
15,195,3.798978154327163,12.0,0.0,0.0,0.0,0.0,1.0,0.0
16,195,5.311651154313086,4.1490479565919145,1.0,0.0,0.0,0.0,1.0,0.0
17,195,2.7136722432231166,6.427947711061724,1.0,0.0,0.0,1.0,0.0,0.0
18,195,5.50659081710152,11.290348906790912,0.0,0.0,0.0,0.0,0.0,0.0
19,195,0.0,9.019112116489625,0.0,0.0,1.0,1.0,0.0,0.0
20,195,6.52027137146953,12.0,0.0,0.0,0.0,0.0,0.0,0.0
21,195,3.5775746705129685,5.949905713366391,0.0,0.0,0.0,0.0,1.0,1.0
22,195,4.877618708585444,5.43733957546643,0.0,0.0,0.0,0.0,0.0,0.0
23,195,1.4610921404491803,11.073996723541642,0.0,1.0,1.0,1.0,0.0,1.0
24,195,9.554182257143708,4.696257981630546,1.0,1.0,1.0,1.0,0.0,0.0
25,195,11.417432513916877,0.0,0.0,1.0,0.0,0.0,1.0,1.0
26,195,7.369724364407413,5.623487247161663,0.0,0.0,0.0,1.0,1.0,1.0
27,195,5.199004366547244,10.99606610091092,0.0,0.0,0.0,1.0,0.0,1.0
28,195,7.120016754923486,8.90987400168114,0.0,0.0,0.0,0.0,0.0,0.0
29,195,3.819342569274888,11.302825599675712,1.0,0.0,0.0,0.0,0.0,0.0
30,195,7.891272423916095,6.773183519840591,1.0,1.0,0.0,0.0,1.0,1.0
31,195,9.241960998747285,7.536603113868567,1.0,1.0,1.0,1.0,0.0,0.0
32,195,7.3517789049630435,0.0,0.0,0.0,0.0,1.0,0.0,0.0
33,195,0.0,9.644663821843164,0.0,1.0,0.0,0.0,0.0,0.0
34,195,10.48082266983696,0.4526760495121441,0.0,1.0,0.0,0.0,1.0,0.0
35,195,12.0,11.494267306836193,1.0,0.0,0.0,0.0,1.0,0.0
36,195,11.960502180498596,10.53899680892548,0.0,1.0,1.0,0.0,1.0,1.0
37,195,4.26185688268371,1.663367393810674,1.0,0.0,0.0,0.0,1.0,1.0
38,195,6.627686433995722,8.908148173924197,1.0,0.0,1.0,0.0,1.0,0.0
39,195,6.981478242965591,2.9657361483690456,0.0,1.0,1.0,1.0,1.0,1.0
0,200,0.405280130320729,10.330902578641156,0.0,1.0,0.0,1.0,0.0,1.0
1,200,5.4187356728809375,0.6135397666524324,1.0,0.0,1.0,1.0,1.0,1.0
2,200,0.9707279740927172,12.0,0.0,0.0,0.0,0.0,0.0,0.0
3,200,8.564629398885506,2.854819647749798,0.0,0.0,1.0,0.0,0.0,0.0
4,200,0.0,3.295800857505705,0.0,0.0,1.0,0.0,1.0,0.0
5,200,5.133944222658124,2.3115284781685776,1.0,1.0,0.0,0.0,0.0,0.0
6,200,3.0625033975946705,7.830279108229781,1.0,0.0,1.0,0.0,1.0,1.0
7,200,5.460885667204159,5.314373287963483,0.0,0.0,0.0,0.0,1.0,0.0
8,200,10.564522726733149,7.204817022015976,0.0,0.0,1.0,1.0,0.0,1.0
9,200,8.892150785361698,8.66161480671272,1.0,0.0,0.0,1.0,0.0,0.0
10,200,10.208962280327874,6.216765217083547,0.0,1.0,1.0,0.0,0.0,0.0
11,200,2.29131212689413,1.070974267177526,0.0,0.0,0.0,0.0,1.0,1.0
12,200,4.466436210361939,9.991065299455862,0.0,0.0,0.0,0.0,0.0,0.0
13,200,12.0,11.782874273469634,0.0,1.0,0.0,1.0,1.0,0.0
14,200,3.2082278443505268,7.15110516269567,1.0,0.0,0.0,1.0,0.0,0.0
15,200,3.818000260227718,12.0,0.0,0.0,0.0,0.0,1.0,0.0
16,200,5.328269798547444,4.261195489243032,1.0,0.0,0.0,0.0,1.0,0.0
17,200,2.753740855493362,6.433045752988225,1.0,0.0,0.0,1.0,0.0,0.0
18,200,5.582169509905411,11.335459777959205,0.0,0.0,0.0,0.0,0.0,0.0
19,200,0.0,8.954415207876773,0.0,0.0,1.0,1.0,0.0,0.0
20,200,6.5984229084245065,12.0,0.0,0.0,0.0,0.0,0.0,0.0
21,200,3.4885240998391933,5.945489213120262,0.0,0.0,0.0,0.0,1.0,1.0
22,200,4.895374112470936,5.406537943460967,0.0,0.0,0.0,0.0,0.0,0.0
23,200,1.4449616397431444,11.086082579239369,0.0,1.0,1.0,1.0,0.0,1.0
24,200,9.553408403285935,4.697201296291413,1.0,1.0,1.0,1.0,0.0,0.0
25,200,11.363743416237412,0.0,0.0,1.0,0.0,0.0,1.0,1.0
26,200,7.53590748930765,5.685704972685001,0.0,0.0,0.0,1.0,1.0,1.0
27,200,5.299808259845389,10.99212061365945,0.0,0.0,0.0,1.0,0.0,1.0
28,200,7.142958931659599,8.862305716816154,0.0,0.0,0.0,0.0,0.0,0.0
29,200,3.8353920049565504,11.29903619427862,1.0,0.0,0.0,0.0,0.0,0.0
30,200,7.905394775355757,6.750795312245439,1.0,1.0,0.0,0.0,1.0,1.0
31,200,9.330918736999864,7.596112387598259,1.0,1.0,1.0,1.0,0.0,0.0
32,200,7.479828621177782,0.0,0.0,0.0,0.0,1.0,0.0,0.0
33,200,0.0,9.709881325381213,0.0,1.0,0.0,0.0,0.0,0.0
34,200,10.48028723267729,0.3996405126078166,0.0,1.0,0.0,0.0,1.0,0.0
35,200,12.0,11.3566664082362,1.0,0.0,0.0,0.0,1.0,0.0
36,200,11.951692592689414,10.563477181352066,0.0,1.0,1.0,0.0,1.0,1.0
37,200,4.270282780607421,1.5753195074392474,1.0,0.0,0.0,0.0,1.0,1.0
38,200,6.576159524421385,8.829562933460112,1.0,0.0,1.0,0.0,1.0,0.0
39,200,7.010860437936305,2.996732856600486,0.0,1.0,1.0,1.0,1.0,1.0
0,205,0.4204626895246564,10.500701339811831,0.0,1.0,0.0,1.0,0.0,1.0
1,205,5.413989885499634,0.6183045146440163,1.0,0.0,1.0,1.0,1.0,1.0
2,205,0.9174951264326606,12.0,0.0,0.0,0.0,0.0,0.0,0.0
3,205,8.642904785267813,2.8397654047227414,0.0,0.0,1.0,0.0,0.0,0.0
4,205,0.0,3.3147973463177864,0.0,0.0,1.0,0.0,1.0,0.0
5,205,5.339478091988283,2.417952883233072,1.0,1.0,0.0,0.0,0.0,0.0
6,205,3.0575177436459144,7.816501489137439,1.0,0.0,1.0,0.0,1.0,1.0
7,205,5.581251468774574,5.361850365545128,0.0,0.0,0.0,0.0,1.0,0.0
8,205,10.567677263051706,7.067976215129336,0.0,0.0,1.0,1.0,0.0,1.0
9,205,8.971185578814637,8.651268115740994,1.0,0.0,0.0,1.0,0.0,0.0
10,205,10.145420524329491,6.193500530195236,0.0,1.0,1.0,0.0,0.0,0.0
11,205,2.2711404160232886,1.0456395948670445,0.0,0.0,0.0,0.0,1.0,1.0
12,205,4.418069719592343,9.977562558641823,0.0,0.0,0.0,0.0,0.0,0.0
13,205,12.0,11.792253609796123,0.0,1.0,0.0,1.0,1.0,0.0
14,205,3.214528489006025,7.156919408866937,1.0,0.0,0.0,1.0,0.0,0.0
15,205,3.851057623444708,12.0,0.0,0.0,0.0,0.0,1.0,0.0
16,205,5.344837527255431,4.366788332575018,1.0,0.0,0.0,0.0,1.0,0.0
17,205,2.7816614139534703,6.436850025760603,1.0,0.0,0.0,1.0,0.0,0.0
18,205,5.671826260762765,11.385235138235693,0.0,0.0,0.0,0.0,0.0,0.0
19,205,0.0,8.883681487664138,0.0,0.0,1.0,1.0,0.0,0.0
20,205,6.686433717222196,12.0,0.0,0.0,0.0,0.0,0.0,0.0
21,205,3.387069428879949,5.942114040008139,0.0,0.0,0.0,0.0,1.0,1.0
22,205,4.913292103362489,5.375556884933697,0.0,0.0,0.0,0.0,0.0,0.0
23,205,1.4112748775865378,11.111176044242084,0.0,1.0,1.0,1.0,0.0,1.0
24,205,9.56164988534283,4.686956708209968,1.0,1.0,1.0,1.0,0.0,0.0
25,205,11.310843817594252,0.0,0.0,1.0,0.0,0.0,1.0,1.0
26,205,7.700580008028851,5.749911416142941,0.0,0.0,0.0,1.0,1.0,1.0
27,205,5.430859770048923,10.985867404098537,0.0,0.0,0.0,1.0,0.0,1.0
28,205,7.162236401825335,8.820767156748493,0.0,0.0,0.0,0.0,0.0,0.0
29,205,3.872209339838956,11.29031373858814,1.0,0.0,0.0,0.0,0.0,0.0
30,205,7.914760865131762,6.736113000052252,1.0,1.0,0.0,0.0,1.0,1.0
31,205,9.413570062469535,7.652099972331876,1.0,1.0,1.0,1.0,0.0,0.0
32,205,7.614391783425839,0.0,0.0,0.0,0.0,1.0,0.0,0.0
33,205,0.0,9.78147948953102,0.0,1.0,0.0,0.0,0.0,0.0
34,205,10.480926877701403,0.3360897807003504,0.0,1.0,0.0,0.0,1.0,0.0
35,205,12.0,11.220089107944029,1.0,0.0,0.0,0.0,1.0,0.0
36,205,11.942847350444074,10.59120684570332,0.0,1.0,1.0,0.0,1.0,1.0
37,205,4.28083451550219,1.4863160748505242,1.0,0.0,0.0,0.0,1.0,1.0
38,205,6.530128564663656,8.75784747517959,1.0,0.0,1.0,0.0,1.0,0.0
39,205,7.0466203702523815,3.0328583909582933,0.0,1.0,1.0,1.0,1.0,1.0
0,210,0.4301915797021473,10.67600420276511,0.0,1.0,0.0,1.0,0.0,1.0
1,210,5.407650886739435,0.6241917887348188,1.0,0.0,1.0,1.0,1.0,1.0
2,210,0.8803615446946448,12.0,0.0,0.0,0.0,0.0,0.0,0.0
3,210,8.74140813131457,2.8202659028151387,0.0,0.0,1.0,0.0,0.0,0.0
4,210,0.0,3.342056095697368,0.0,0.0,1.0,0.0,1.0,0.0
5,210,5.549539465251942,2.5224571269348397,1.0,1.0,0.0,0.0,0.0,0.0
6,210,3.052599275189811,7.803101766110904,1.0,0.0,1.0,0.0,1.0,1.0
7,210,5.700452005082561,5.412082310004277,0.0,0.0,0.0,0.0,1.0,0.0
8,210,10.568977904061317,6.943183317544487,0.0,0.0,1.0,1.0,0.0,1.0
9,210,9.05096663401654,8.640823497653189,1.0,0.0,0.0,1.0,0.0,0.0
10,210,10.101101336590768,6.176876065066391,0.0,1.0,1.0,0.0,0.0,0.0
11,210,2.246628928485082,1.0148315922269695,0.0,0.0,0.0,0.0,1.0,1.0
12,210,4.373540314013816,9.964175091551104,0.0,0.0,0.0,0.0,0.0,0.0
13,210,12.0,11.795447125481182,0.0,1.0,0.0,1.0,1.0,0.0
14,210,3.215231307330886,7.157563095612828,1.0,0.0,0.0,1.0,0.0,0.0
15,210,3.8819016256583008,12.0,0.0,0.0,0.0,0.0,1.0,0.0
16,210,5.361148421596025,4.475150187707682,1.0,0.0,0.0,0.0,1.0,0.0
17,210,2.7933073026121145,6.438214455777271,1.0,0.0,0.0,1.0,0.0,0.0
18,210,5.77142059454453,11.437695610999846,0.0,0.0,0.0,0.0,0.0,0.0
19,210,0.0,8.811834544971324,0.0,0.0,1.0,1.0,0.0,0.0
20,210,6.780565022636295,12.0,0.0,0.0,0.0,0.0,0.0,0.0
21,210,3.289871989469001,5.943997112132502,0.0,0.0,0.0,0.0,1.0,1.0
22,210,4.9342282950488485,5.339817639831526,0.0,0.0,0.0,0.0,0.0,0.0
23,210,1.3673877001094237,11.145288719754962,0.0,1.0,1.0,1.0,0.0,1.0
24,210,9.561794738688269,4.686779666877614,1.0,1.0,1.0,1.0,0.0,0.0
25,210,11.257000677480123,0.0,0.0,1.0,0.0,0.0,1.0,1.0
26,210,7.868864437945567,5.819634442624088,0.0,0.0,0.0,1.0,1.0,1.0
27,210,5.580104425262427,10.981812489074574,0.0,0.0,0.0,1.0,0.0,1.0
28,210,7.174446938648615,8.795879580856095,0.0,0.0,0.0,0.0,0.0,0.0
29,210,3.8990549742424094,11.283551640715991,1.0,0.0,0.0,0.0,0.0,0.0
30,210,7.92519079013846,6.718978879528728,1.0,1.0,0.0,0.0,1.0,1.0
31,210,9.4939457755085,7.706708647228365,1.0,1.0,1.0,1.0,0.0,0.0
32,210,7.741099216806199,0.0,0.0,0.0,0.0,1.0,0.0,0.0
33,210,0.0,9.83853678544473,0.0,1.0,0.0,0.0,0.0,0.0
34,210,10.481337186188725,0.2674630999703257,0.0,1.0,0.0,0.0,1.0,0.0
35,210,12.0,11.092085087948162,1.0,0.0,0.0,0.0,1.0,0.0
36,210,11.934520345728831,10.617377646283703,0.0,1.0,1.0,0.0,1.0,1.0
37,210,4.290980647113882,1.4155958437291676,1.0,0.0,0.0,0.0,1.0,1.0
38,210,6.479795392536008,8.684913099571208,1.0,0.0,1.0,0.0,1.0,0.0
39,210,7.076881021416738,3.0631237138330096,0.0,1.0,1.0,1.0,1.0,1.0
0,215,0.4417371785953226,10.863496206347582,0.0,1.0,0.0,1.0,0.0,1.0
1,215,5.387549136468592,0.6428730480556956,1.0,0.0,1.0,1.0,1.0,1.0
2,215,0.8390109078166478,12.0,0.0,0.0,0.0,0.0,0.0,0.0
3,215,8.822721829764308,2.804917982167471,0.0,0.0,1.0,0.0,0.0,0.0
4,215,0.0,3.371546328154265,0.0,0.0,1.0,0.0,1.0,0.0
5,215,5.735094101432408,2.617872571430446,1.0,1.0,0.0,0.0,0.0,0.0
6,215,3.050904617109498,7.798380598147353,1.0,0.0,1.0,0.0,1.0,1.0
7,215,5.827813147916032,5.468756310941249,0.0,0.0,0.0,0.0,1.0,0.0
8,215,10.56993160367463,6.819964492247068,0.0,0.0,1.0,1.0,0.0,1.0
9,215,9.144977277527,8.628695883868472,1.0,0.0,0.0,1.0,0.0,0.0
10,215,10.073872215982217,6.167170770090193,0.0,1.0,1.0,0.0,0.0,0.0
11,215,2.232916280257502,0.996538113395832,0.0,0.0,0.0,0.0,1.0,1.0
12,215,4.346455158702359,9.956311941890032,0.0,0.0,0.0,0.0,0.0,0.0
13,215,12.0,11.79690454559438,0.0,1.0,0.0,1.0,1.0,0.0
14,215,3.221258896816973,7.162897364758119,1.0,0.0,0.0,1.0,0.0,0.0
15,215,3.9319227463780257,12.0,0.0,0.0,0.0,0.0,1.0,0.0
16,215,5.38106962569796,4.610462661895677,1.0,0.0,0.0,0.0,1.0,0.0
17,215,2.8104902766010507,6.440407737997024,1.0,0.0,0.0,1.0,0.0,0.0
18,215,5.871689864659302,11.489065929973366,0.0,0.0,0.0,0.0,0.0,0.0
19,215,0.0,8.756957894272697,0.0,0.0,1.0,1.0,0.0,0.0
20,215,6.871434601990679,12.0,0.0,0.0,0.0,0.0,0.0,0.0
21,215,3.1884864594619224,5.9444429575185005,0.0,0.0,0.0,0.0,1.0,1.0
22,215,4.950493695195182,5.311219154225512,0.0,0.0,0.0,0.0,0.0,0.0
23,215,1.333646647470017,11.170928079148412,0.0,1.0,1.0,1.0,0.0,1.0
24,215,9.56248911908675,4.685926981588135,1.0,1.0,1.0,1.0,0.0,0.0
25,215,11.204525730792154,0.0,0.0,1.0,0.0,0.0,1.0,1.0
26,215,8.026338278383577,5.875232602852721,0.0,0.0,0.0,1.0,1.0,1.0
27,215,5.728973703258519,10.981540257981774,0.0,0.0,0.0,1.0,0.0,1.0
28,215,7.187661442765971,8.770742541389865,0.0,0.0,0.0,0.0,0.0,0.0
29,215,3.92874118350298,11.276907660508307,1.0,0.0,0.0,0.0,0.0,0.0
30,215,7.935754793402429,6.702042601397212,1.0,1.0,0.0,0.0,1.0,1.0
31,215,9.573997695208156,7.759869202987432,1.0,1.0,1.0,1.0,0.0,0.0
32,215,7.869750335032458,0.0,0.0,0.0,0.0,1.0,0.0,0.0
33,215,0.0,9.888905350183284,0.0,1.0,0.0,0.0,0.0,0.0
34,215,10.48159334515668,0.2082861673768945,0.0,1.0,0.0,0.0,1.0,0.0
35,215,12.0,10.956956762168456,1.0,0.0,0.0,0.0,1.0,0.0
36,215,11.93132870389773,10.627663417878248,0.0,1.0,1.0,0.0,1.0,1.0
37,215,4.299251223348487,1.3507892718413823,1.0,0.0,0.0,0.0,1.0,1.0
38,215,6.420177307516617,8.601049288357261,1.0,0.0,1.0,0.0,1.0,0.0
39,215,7.110644866239766,3.095815218511389,0.0,1.0,1.0,1.0,1.0,1.0
0,220,0.4522464831362621,11.066492285714364,0.0,1.0,0.0,1.0,0.0,1.0
1,220,5.365059151338562,0.6644645176412909,1.0,0.0,1.0,1.0,1.0,1.0
2,220,0.7733905976641704,12.0,0.0,0.0,0.0,0.0,0.0,0.0
3,220,8.901676584840615,2.790955457723981,0.0,0.0,1.0,0.0,0.0,0.0
4,220,0.0,3.4059555003646143,0.0,0.0,1.0,0.0,1.0,0.0
5,220,5.909917115077307,2.70691326845659,1.0,1.0,0.0,0.0,0.0,0.0
6,220,3.0526111503834046,7.803435929358818,1.0,0.0,1.0,0.0,1.0,1.0
7,220,5.962110146064056,5.524958239991714,0.0,0.0,0.0,0.0,1.0,0.0
8,220,10.569041599775227,6.712346077137108,0.0,0.0,1.0,1.0,0.0,1.0
9,220,9.24368381943257,8.61262484801086,1.0,0.0,0.0,1.0,0.0,0.0
10,220,10.047181348836324,6.157708749007692,0.0,1.0,1.0,0.0,0.0,0.0
11,220,2.21229865656738,0.968768317302501,0.0,0.0,0.0,0.0,1.0,1.0
12,220,4.318023190601084,9.947871657708424,0.0,0.0,0.0,0.0,0.0,0.0
13,220,12.0,11.797765880410209,0.0,1.0,0.0,1.0,1.0,0.0
14,220,3.2199722874803207,7.161802129472216,1.0,0.0,0.0,1.0,0.0,0.0
15,220,3.996201005708488,12.0,0.0,0.0,0.0,0.0,1.0,0.0
16,220,5.399108483966856,4.758249521113626,1.0,0.0,0.0,0.0,1.0,0.0
17,220,2.8346434189212504,6.44299485729506,1.0,0.0,0.0,1.0,0.0,0.0
18,220,5.97189504236816,11.540015354627007,0.0,0.0,0.0,0.0,0.0,0.0
19,220,0.0,8.7061328559663,0.0,0.0,1.0,1.0,0.0,0.0
20,220,6.96178917948379,12.0,0.0,0.0,0.0,0.0,0.0,0.0
21,220,3.072826867389035,5.945462421105738,0.0,0.0,0.0,0.0,1.0,1.0
22,220,4.9649799020799685,5.287304137199678,0.0,0.0,0.0,0.0,0.0,0.0
23,220,1.2961653539288005,11.200464944084208,0.0,1.0,1.0,1.0,0.0,1.0
24,220,9.581988090112574,4.66229007908352,1.0,1.0,1.0,1.0,0.0,0.0
25,220,11.148136147399397,0.0,0.0,1.0,0.0,0.0,1.0,1.0
26,220,8.177885884725944,5.929930537121559,0.0,0.0,0.0,1.0,1.0,1.0
27,220,5.890873039727339,10.98194438887709,0.0,0.0,0.0,1.0,0.0,1.0
28,220,7.185131571390307,8.775102051618953,0.0,0.0,0.0,0.0,0.0,0.0
29,220,3.936201331045713,11.27542643120701,1.0,0.0,0.0,0.0,0.0,0.0
30,220,7.943693745574289,6.689976879333451,1.0,1.0,0.0,0.0,1.0,1.0
31,220,9.640379402868078,7.80272157901187,1.0,1.0,1.0,1.0,0.0,0.0
32,220,7.998446599040113,0.0,0.0,0.0,0.0,1.0,0.0,0.0
33,220,0.0,9.931987878224112,0.0,1.0,0.0,0.0,0.0,0.0
34,220,10.575159575964635,0.2113319918935767,0.0,1.0,0.0,0.0,1.0,0.0
35,220,12.0,10.831848868507064,1.0,0.0,0.0,0.0,1.0,0.0
36,220,11.92140135111345,10.655366509023926,0.0,1.0,1.0,0.0,1.0,1.0
37,220,4.30951370257793,1.2677008726753132,1.0,0.0,0.0,0.0,1.0,1.0
38,220,6.3553085491760575,8.509524553232293,1.0,0.0,1.0,0.0,1.0,0.0
39,220,7.152170687941237,3.137273905033229,0.0,1.0,1.0,1.0,1.0,1.0
0,225,0.4598927525668727,11.263692051754552,0.0,1.0,0.0,1.0,0.0,1.0
1,225,5.330453193742359,0.698345360418065,1.0,0.0,1.0,1.0,1.0,1.0
2,225,0.7179864617264528,12.0,0.0,0.0,0.0,0.0,0.0,0.0
3,225,8.982478293169553,2.7792692349037065,0.0,0.0,1.0,0.0,0.0,0.0
4,225,0.0,3.436203403042338,0.0,0.0,1.0,0.0,1.0,0.0
5,225,6.088382616919309,2.7952051340754114,1.0,1.0,0.0,0.0,0.0,0.0
6,225,3.0547806256332444,7.811077303907986,1.0,0.0,1.0,0.0,1.0,1.0
7,225,6.071794178257255,5.571663182413695,0.0,0.0,0.0,0.0,1.0,0.0
8,225,10.568831601727204,6.600837519783775,0.0,0.0,1.0,1.0,0.0,1.0
9,225,9.34624642279134,8.593943374121393,1.0,0.0,0.0,1.0,0.0,0.0
10,225,10.0211476558136,6.149484156325614,0.0,1.0,1.0,0.0,0.0,0.0
11,225,2.1921117866326134,0.9416359187506766,0.0,0.0,0.0,0.0,1.0,1.0
12,225,4.303555311796547,9.943447501433534,0.0,0.0,0.0,0.0,0.0,0.0
13,225,12.0,11.796432106409236,0.0,1.0,0.0,1.0,1.0,0.0
14,225,3.2094064031181624,7.152688771011328,1.0,0.0,0.0,1.0,0.0,0.0
15,225,4.073449311640382,12.0,0.0,0.0,0.0,0.0,1.0,0.0
16,225,5.419516687281158,4.900310165293728,1.0,0.0,0.0,0.0,1.0,0.0
17,225,2.8980677579956766,6.450335376343442,1.0,0.0,0.0,1.0,0.0,0.0
18,225,6.081988684875524,11.593392156487573,0.0,0.0,0.0,0.0,0.0,0.0
19,225,0.0,8.66367837926737,0.0,0.0,1.0,1.0,0.0,0.0
20,225,7.057460510554392,12.0,0.0,0.0,0.0,0.0,0.0,0.0
21,225,2.966909646148212,5.948141649819292,0.0,0.0,0.0,0.0,1.0,1.0
22,225,4.972792703824539,5.273720665208524,0.0,0.0,0.0,0.0,0.0,0.0
23,225,1.2681800140626074,11.22295957548651,0.0,1.0,1.0,1.0,0.0,1.0
24,225,9.59340020870884,4.648321344670462,1.0,1.0,1.0,1.0,0.0,0.0
25,225,11.086645607434212,0.0,0.0,1.0,0.0,0.0,1.0,1.0
26,225,8.325642295347928,5.98127006573153,0.0,0.0,0.0,1.0,1.0,1.0
27,225,6.079079449429247,10.98133065365451,0.0,0.0,0.0,1.0,0.0,1.0
28,225,7.176245150590192,8.790761190436482,0.0,0.0,0.0,0.0,0.0,0.0
29,225,3.936625813445717,11.275336130896264,1.0,0.0,0.0,0.0,0.0,0.0
30,225,7.947214018197072,6.684543100824055,1.0,1.0,0.0,0.0,1.0,1.0
31,225,9.711870222463174,7.848838714005642,1.0,1.0,1.0,1.0,0.0,0.0
32,225,8.143864079253817,0.0,0.0,0.0,0.0,1.0,0.0,0.0
33,225,0.0,9.999814829362569,0.0,1.0,0.0,0.0,0.0,0.0
34,225,10.571085775893364,0.2897563603838664,0.0,1.0,0.0,0.0,1.0,0.0
35,225,12.0,10.719092257827064,1.0,0.0,0.0,0.0,1.0,0.0
36,225,11.918923102065088,10.662278051715203,0.0,1.0,1.0,0.0,1.0,1.0
37,225,4.31654305525762,1.202502650088718,1.0,0.0,0.0,0.0,1.0,1.0
38,225,6.289745335231411,8.412012159385373,1.0,0.0,1.0,0.0,1.0,0.0
39,225,7.188073952411707,3.1729231272786063,0.0,1.0,1.0,1.0,1.0,1.0
0,230,0.4689325944972962,11.46111842100046,0.0,1.0,0.0,1.0,0.0,1.0
1,230,5.300346092302146,0.7297079414623405,1.0,0.0,1.0,1.0,1.0,1.0
2,230,0.672274666259829,12.0,0.0,0.0,0.0,0.0,0.0,0.0
3,230,9.063659782276272,2.766637409483045,0.0,0.0,1.0,0.0,0.0,0.0
4,230,0.0,3.4674223993695428,0.0,0.0,1.0,0.0,1.0,0.0
5,230,6.262655380026278,2.8828715782838854,1.0,1.0,0.0,0.0,0.0,0.0
6,230,3.055316719162799,7.813165667346911,1.0,0.0,1.0,0.0,1.0,1.0
7,230,6.164811014652809,5.610802543111745,0.0,0.0,0.0,0.0,1.0,0.0
8,230,10.573785765115364,6.472257864527706,0.0,0.0,1.0,1.0,0.0,1.0
9,230,9.436653643533443,8.576500619211155,1.0,0.0,0.0,1.0,0.0,0.0
10,230,9.989841520345175,6.139567768234127,0.0,1.0,1.0,0.0,0.0,0.0
11,230,2.169966694073413,0.9120297096917132,0.0,0.0,0.0,0.0,1.0,1.0
12,230,4.293410336140906,9.940603153730072,0.0,0.0,0.0,0.0,0.0,0.0
13,230,12.0,11.79390059729812,0.0,1.0,0.0,1.0,1.0,0.0
14,230,3.2215208986195907,7.138001473316563,1.0,0.0,0.0,1.0,0.0,0.0
15,230,4.1432849835165015,12.0,0.0,0.0,0.0,0.0,1.0,0.0
16,230,5.438899682351719,5.038603129917068,1.0,0.0,0.0,0.0,1.0,0.0
17,230,2.965392352929321,6.458822067988125,1.0,0.0,0.0,1.0,0.0,0.0
18,230,6.189291674121405,11.65011811122048,0.0,0.0,0.0,0.0,0.0,0.0
19,230,0.0,8.615504206041203,0.0,0.0,1.0,1.0,0.0,0.0
20,230,7.163552075948959,12.0,0.0,0.0,0.0,0.0,0.0,0.0
21,230,2.8752897594102578,5.949028654574393,0.0,0.0,0.0,0.0,1.0,1.0
22,230,4.971319290851274,5.276272961502472,0.0,0.0,0.0,0.0,0.0,0.0
23,230,1.227618819728986,11.254013006778887,0.0,1.0,1.0,1.0,0.0,1.0
24,230,9.592603298847648,4.649342233861336,1.0,1.0,1.0,1.0,0.0,0.0
25,230,11.018759014180386,0.0,0.0,1.0,0.0,0.0,1.0,1.0
26,230,8.461677698105863,6.0290543974492445,0.0,0.0,0.0,1.0,1.0,1.0
27,230,6.277521196895484,10.981057291544252,0.0,0.0,0.0,1.0,0.0,1.0
28,230,7.1670804543706925,8.80686784801754,0.0,0.0,0.0,0.0,0.0,0.0
29,230,3.944765585740672,11.31207235224942,1.0,0.0,0.0,0.0,0.0,0.0
30,230,7.950364825873177,6.679984320843462,1.0,1.0,0.0,0.0,1.0,1.0
31,230,9.785989072667393,7.89716326916784,1.0,1.0,1.0,1.0,0.0,0.0
32,230,8.278960276555507,0.0,0.0,0.0,0.0,1.0,0.0,0.0
33,230,0.0,10.096722443860545,0.0,1.0,0.0,0.0,0.0,0.0
34,230,10.56683537171688,0.367140573883485,0.0,1.0,0.0,0.0,1.0,0.0
35,230,12.0,10.608021954481265,1.0,0.0,0.0,0.0,1.0,0.0
36,230,11.910353155287355,10.687519290353666,0.0,1.0,1.0,0.0,1.0,1.0
37,230,4.329205866747086,1.103125945289129,1.0,0.0,0.0,0.0,1.0,1.0
38,230,6.23204677977908,8.323077423069234,1.0,0.0,1.0,0.0,1.0,0.0
39,230,7.217128744427644,3.202878442447937,0.0,1.0,1.0,1.0,1.0,1.0
0,235,0.4793741007763389,11.67171281333938,0.0,1.0,0.0,1.0,0.0,1.0
1,235,5.259177957501528,0.7702525930198052,1.0,0.0,1.0,1.0,1.0,1.0
2,235,0.630749801403758,12.0,0.0,0.0,0.0,0.0,0.0,0.0
3,235,9.136838644916365,2.754012212455585,0.0,0.0,1.0,0.0,0.0,0.0
4,235,0.0,3.5012946841203667,0.0,0.0,1.0,0.0,1.0,0.0
5,235,6.439674396447849,2.969720733311308,1.0,1.0,0.0,0.0,0.0,0.0
6,235,3.054779196076338,7.810767551075212,1.0,0.0,1.0,0.0,1.0,1.0
7,235,6.254887448853006,5.6489854536734,0.0,0.0,0.0,0.0,1.0,0.0
8,235,10.57799233357059,6.341204640667118,0.0,0.0,1.0,1.0,0.0,1.0
9,235,9.519996095957556,8.56158968957681,1.0,0.0,0.0,1.0,0.0,0.0
10,235,9.986946630451254,6.149065410285229,0.0,1.0,1.0,0.0,0.0,0.0
11,235,2.1490435117750093,0.8835556856273318,0.0,0.0,0.0,0.0,1.0,1.0
12,235,4.276869776810848,9.936134682703338,0.0,0.0,0.0,0.0,0.0,0.0
13,235,12.0,11.790713663562633,0.0,1.0,0.0,1.0,1.0,0.0
14,235,3.2346990563726936,7.122718743081845,1.0,0.0,0.0,1.0,0.0,0.0
15,235,4.226203578662682,12.0,0.0,0.0,0.0,0.0,1.0,0.0
16,235,5.454267988071745,5.167644886998425,1.0,0.0,0.0,0.0,1.0,0.0
17,235,3.0330583465681777,6.467902238070096,1.0,0.0,0.0,1.0,0.0,0.0
18,235,6.279410744333433,11.69630282064774,0.0,0.0,0.0,0.0,0.0,0.0
19,235,0.0,8.576012751539494,0.0,0.0,1.0,1.0,0.0,0.0
20,235,7.27126397242013,12.0,0.0,0.0,0.0,0.0,0.0,0.0
21,235,2.786369526157091,5.950303161083361,0.0,0.0,0.0,0.0,1.0,1.0
22,235,4.955163896343578,5.305857640448774,0.0,0.0,0.0,0.0,0.0,0.0
23,235,1.1689033228349015,11.301772623810075,0.0,1.0,1.0,1.0,0.0,1.0
24,235,9.60363919779196,4.63543765147701,1.0,1.0,1.0,1.0,0.0,0.0
25,235,10.936332487651743,0.0,0.0,1.0,0.0,0.0,1.0,1.0
26,235,8.595062711294217,6.079315060041651,0.0,0.0,0.0,1.0,1.0,1.0
27,235,6.485951493360601,10.982208830802602,0.0,0.0,0.0,1.0,0.0,1.0
28,235,7.154304690269688,8.828383284463932,0.0,0.0,0.0,0.0,0.0,0.0
29,235,3.953404239731969,11.35288102910015,1.0,0.0,0.0,0.0,0.0,0.0
30,235,7.948102185225064,6.683277164682639,1.0,1.0,0.0,0.0,1.0,1.0
31,235,9.860534845956671,7.941505956056682,1.0,1.0,1.0,1.0,0.0,0.0
32,235,8.409880450013098,0.0,0.0,0.0,0.0,1.0,0.0,0.0
33,235,0.0,10.21501443865421,0.0,1.0,0.0,0.0,0.0,0.0
34,235,10.563058142337225,0.4540955647068402,0.0,1.0,0.0,0.0,1.0,0.0
35,235,12.0,10.507514358845034,1.0,0.0,0.0,0.0,1.0,0.0
36,235,11.899378829990368,10.721853413328253,0.0,1.0,1.0,0.0,1.0,1.0
37,235,4.338021925945699,1.0159593730236247,1.0,0.0,0.0,0.0,1.0,1.0
38,235,6.1891101947438285,8.258136531290834,1.0,0.0,1.0,0.0,1.0,0.0
39,235,7.23328862292129,3.2203748971823978,0.0,1.0,1.0,1.0,1.0,1.0
0,240,0.4859627530629183,11.857794301899204,0.0,1.0,0.0,1.0,0.0,1.0
1,240,5.220542611859051,0.8085165067082916,1.0,0.0,1.0,1.0,1.0,1.0
2,240,0.5914100858250624,12.0,0.0,0.0,0.0,0.0,0.0,0.0
3,240,9.210818549367056,2.742557554575079,0.0,0.0,1.0,0.0,0.0,0.0
4,240,0.0,3.5365527055375696,0.0,0.0,1.0,0.0,1.0,0.0
5,240,6.616843601948291,3.0622288944894094,1.0,1.0,0.0,0.0,0.0,0.0
6,240,3.050470625833966,7.790569289305304,1.0,0.0,1.0,0.0,1.0,1.0
7,240,6.338169177826217,5.682866801953137,0.0,0.0,0.0,0.0,1.0,0.0
8,240,10.583587120445042,6.185229444017733,0.0,0.0,1.0,1.0,0.0,1.0
9,240,9.624321072171291,8.544889784360354,1.0,0.0,0.0,1.0,0.0,0.0
10,240,9.981498850266954,6.166725598060982,0.0,1.0,1.0,0.0,0.0,0.0
11,240,2.126336988911204,0.8505014342932283,0.0,0.0,0.0,0.0,1.0,1.0
12,240,4.265526860021235,9.932951594679883,0.0,0.0,0.0,0.0,0.0,0.0
13,240,12.0,11.785558100050608,0.0,1.0,0.0,1.0,1.0,0.0
14,240,3.255064944546465,7.098650128624731,1.0,0.0,0.0,1.0,0.0,0.0
15,240,4.307717352645551,12.0,0.0,0.0,0.0,0.0,1.0,0.0
16,240,5.4674703791758645,5.281256231657609,1.0,0.0,0.0,0.0,1.0,0.0
17,240,3.090547760607885,6.475706922856705,1.0,0.0,0.0,1.0,0.0,0.0
18,240,6.369121463045526,11.740840110669035,0.0,0.0,0.0,0.0,0.0,0.0
19,240,0.0,8.534192777143891,0.0,0.0,1.0,1.0,0.0,0.0
20,240,7.357392031348273,12.0,0.0,0.0,0.0,0.0,0.0,0.0
21,240,2.7130449236892504,5.951136791630429,0.0,0.0,0.0,0.0,1.0,1.0
22,240,4.954158468844044,5.307678001877756,0.0,0.0,0.0,0.0,0.0,0.0
23,240,1.1045755243853046,11.355084361526387,0.0,1.0,1.0,1.0,0.0,1.0
24,240,9.627169776801043,4.606069808096777,1.0,1.0,1.0,1.0,0.0,0.0
25,240,10.85627648538819,0.0,0.0,1.0,0.0,0.0,1.0,1.0
26,240,8.726581275958223,6.129387575943288,0.0,0.0,0.0,1.0,1.0,1.0
27,240,6.706394618344166,10.981295313629966,0.0,0.0,0.0,1.0,0.0,1.0
28,240,7.14264425337783,8.850050124632583,0.0,0.0,0.0,0.0,0.0,0.0
29,240,3.964134749580491,11.406320214355553,1.0,0.0,0.0,0.0,0.0,0.0
30,240,7.945226425885879,6.687719248959508,1.0,1.0,0.0,0.0,1.0,1.0
31,240,9.933975213132298,7.9870180778087345,1.0,1.0,1.0,1.0,0.0,0.0
32,240,8.549119373264514,0.0,0.0,0.0,0.0,1.0,0.0,0.0
33,240,0.0,10.33606225336587,0.0,1.0,0.0,0.0,0.0,0.0
34,240,10.55891994292904,0.5411733280327241,0.0,1.0,0.0,0.0,1.0,0.0
35,240,12.0,10.40165790172472,1.0,0.0,0.0,0.0,1.0,0.0
36,240,11.885287499152083,10.770363985461104,0.0,1.0,1.0,0.0,1.0,1.0
37,240,4.343169557344102,0.9511422895879112,1.0,0.0,0.0,0.0,1.0,1.0
38,240,6.152876982357014,8.202858880208716,1.0,0.0,1.0,0.0,1.0,0.0
39,240,7.235342911236484,3.2226315102172287,0.0,1.0,1.0,1.0,1.0,1.0
0,245,0.4962514421567912,12.0,0.0,1.0,0.0,1.0,0.0,1.0
1,245,5.182816046879169,0.8449699698508282,1.0,0.0,1.0,1.0,1.0,1.0
2,245,0.5372935256988832,12.0,0.0,0.0,0.0,0.0,0.0,0.0
3,245,9.257558627454037,2.7358139723007766,0.0,0.0,1.0,0.0,0.0,0.0
4,245,0.0,3.57299122416329,0.0,0.0,1.0,0.0,1.0,0.0
5,245,6.799976950964846,3.1598149399293627,1.0,1.0,0.0,0.0,0.0,0.0
6,245,3.0460417356136382,7.77146369395608,1.0,0.0,1.0,0.0,1.0,1.0
7,245,6.425278977737456,5.715918274763027,0.0,0.0,0.0,0.0,1.0,0.0
8,245,10.588288431951884,6.044057877480241,0.0,0.0,1.0,1.0,0.0,1.0
9,245,9.73278311726524,8.528170674175296,1.0,0.0,0.0,1.0,0.0,0.0
10,245,9.97823331363475,6.177150030864066,0.0,1.0,1.0,0.0,0.0,0.0
11,245,2.110486271709405,0.8267796209289406,0.0,0.0,0.0,0.0,1.0,1.0
12,245,4.248318355364039,9.928177722977187,0.0,0.0,0.0,0.0,0.0,0.0
13,245,12.0,11.780476424312988,0.0,1.0,0.0,1.0,1.0,0.0
14,245,3.2863031455480702,7.061486611795572,1.0,0.0,0.0,1.0,0.0,0.0
15,245,4.389800345819354,12.0,0.0,0.0,0.0,0.0,1.0,0.0
16,245,5.484815688759031,5.405905717387355,1.0,0.0,0.0,0.0,1.0,0.0
17,245,3.151112761277691,6.482864812663827,1.0,0.0,0.0,1.0,0.0,0.0
18,245,6.448495692398027,11.7816143229601,0.0,0.0,0.0,0.0,0.0,0.0
19,245,0.0,8.501933454942856,0.0,0.0,1.0,1.0,0.0,0.0
20,245,7.441196341971957,12.0,0.0,0.0,0.0,0.0,0.0,0.0
21,245,2.640484901371896,5.949299710425877,0.0,0.0,0.0,0.0,1.0,1.0
22,245,4.958114584835168,5.309766808984151,0.0,0.0,0.0,0.0,0.0,0.0
23,245,1.0463085183026974,11.404412719042837,0.0,1.0,1.0,1.0,0.0,1.0
24,245,9.644170525419604,4.585573853034632,1.0,1.0,1.0,1.0,0.0,0.0
25,245,10.761800427288486,0.0,0.0,1.0,0.0,0.0,1.0,1.0
26,245,8.852795032767755,6.179989457384233,0.0,0.0,0.0,1.0,1.0,1.0
27,245,6.937418083025761,10.985415859654855,0.0,0.0,0.0,1.0,0.0,1.0
28,245,7.138904965295249,8.857049542475195,0.0,0.0,0.0,0.0,0.0,0.0
29,245,3.979075906230357,11.476199364627384,1.0,0.0,0.0,0.0,0.0,0.0
30,245,7.931868865759628,6.707046229311643,1.0,1.0,0.0,0.0,1.0,1.0
31,245,10.008413067960989,8.030548535951057,1.0,1.0,1.0,1.0,0.0,0.0
32,245,8.69434539167046,0.0,0.0,0.0,0.0,1.0,0.0,0.0
33,245,0.0,10.46597029100984,0.0,1.0,0.0,0.0,0.0,0.0
34,245,10.554253267988098,0.627094615832955,0.0,1.0,0.0,0.0,1.0,0.0
35,245,12.0,10.321319734030611,1.0,0.0,0.0,0.0,1.0,0.0
36,245,11.8706950932835,10.827581079645572,0.0,1.0,1.0,0.0,1.0,1.0
37,245,4.348993895032407,0.8875934785915914,1.0,0.0,0.0,0.0,1.0,1.0
38,245,6.107556402963036,8.136931281471398,1.0,0.0,1.0,0.0,1.0,0.0
39,245,7.229052828719275,3.215627523898754,0.0,1.0,1.0,1.0,1.0,1.0
0,250,0.5025060212973552,12.0,0.0,1.0,0.0,1.0,0.0,1.0
1,250,5.132855527253735,0.8913250907575602,1.0,0.0,1.0,1.0,1.0,1.0
2,250,0.4833177015634237,12.0,0.0,0.0,0.0,0.0,0.0,0.0
3,250,9.286265427747978,2.731762649894983,0.0,0.0,1.0,0.0,0.0,0.0
4,250,0.0,3.6118477678357537,0.0,0.0,1.0,0.0,1.0,0.0
5,250,6.979135159272726,3.260075363310609,1.0,1.0,0.0,0.0,0.0,0.0
6,250,3.048257459085792,7.779737088948412,1.0,0.0,1.0,0.0,1.0,1.0
7,250,6.503605911267719,5.746706662200412,0.0,0.0,0.0,0.0,1.0,0.0
8,250,10.591842658346392,5.908931092224935,0.0,0.0,1.0,1.0,0.0,1.0
9,250,9.846724284547964,8.509182285830876,1.0,0.0,0.0,1.0,0.0,0.0
10,250,9.974011489251923,6.190901642159194,0.0,1.0,1.0,0.0,0.0,0.0
11,250,2.084516892968633,0.7881051384588392,0.0,0.0,0.0,0.0,1.0,1.0
12,250,4.220253328124271,9.920419481348404,0.0,0.0,0.0,0.0,0.0,0.0
13,250,12.0,11.771568068960006,0.0,1.0,0.0,1.0,1.0,0.0
14,250,3.3168635820522048,7.0253953434810175,1.0,0.0,0.0,1.0,0.0,0.0
15,250,4.465706374509448,12.0,0.0,0.0,0.0,0.0,1.0,0.0
16,250,5.499164361540743,5.4945694033736725,1.0,0.0,0.0,0.0,1.0,0.0
17,250,3.21124371038231,6.489423112188065,1.0,0.0,0.0,1.0,0.0,0.0
18,250,6.531026040275288,11.82513275315961,0.0,0.0,0.0,0.0,0.0,0.0
19,250,0.0,8.478740919789525,0.0,0.0,1.0,1.0,0.0,0.0
20,250,7.533860744643256,12.0,0.0,0.0,0.0,0.0,0.0,0.0
21,250,2.639627903389612,6.017121488266585,0.0,0.0,0.0,0.0,1.0,1.0
22,250,4.961716326145863,5.311789805475662,0.0,0.0,0.0,0.0,0.0,0.0
23,250,0.9886509523571018,11.453615531297066,0.0,1.0,1.0,1.0,0.0,1.0
24,250,9.678916975424627,4.544125393487658,1.0,1.0,1.0,1.0,0.0,0.0
25,250,10.672421307803043,0.0,0.0,1.0,0.0,0.0,1.0,1.0
26,250,8.968180508409324,6.225820908894452,0.0,0.0,0.0,1.0,1.0,1.0
27,250,7.162776359006794,10.983803522810362,0.0,0.0,0.0,1.0,0.0,1.0
28,250,7.130725009655765,8.872650059708029,0.0,0.0,0.0,0.0,0.0,0.0
29,250,3.991070924527389,11.53742712600489,1.0,0.0,0.0,0.0,0.0,0.0
30,250,7.923595763985478,6.718756667015389,1.0,1.0,0.0,0.0,1.0,1.0
31,250,9.964575710559783,8.106180491260716,1.0,1.0,1.0,1.0,0.0,0.0
32,250,8.855207509885355,0.0,0.0,0.0,0.0,1.0,0.0,0.0
33,250,0.0,10.585183079817444,0.0,1.0,0.0,0.0,0.0,0.0
34,250,10.54615478602767,0.7438781492961674,0.0,1.0,0.0,0.0,1.0,0.0
35,250,12.0,10.234032639068811,1.0,0.0,0.0,0.0,1.0,0.0
36,250,11.853517875537262,10.89779965259581,0.0,1.0,1.0,0.0,1.0,1.0
37,250,4.351438647472537,0.8559918506105872,1.0,0.0,0.0,0.0,1.0,1.0
38,250,6.055374460404107,8.06281201475223,1.0,0.0,1.0,0.0,1.0,0.0
39,250,7.231736114743987,3.218521508968845,0.0,1.0,1.0,1.0,1.0,1.0
0,255,0.5127944476489954,12.0,0.0,1.0,0.0,1.0,0.0,1.0
1,255,5.082141220263965,0.9401362992369876,1.0,0.0,1.0,1.0,1.0,1.0
2,255,0.4293630734243556,12.0,0.0,0.0,0.0,0.0,0.0,0.0
3,255,9.311560554694196,2.728826794680352,0.0,0.0,1.0,0.0,0.0,0.0
4,255,0.0,3.6452680741604846,0.0,0.0,1.0,0.0,1.0,0.0
5,255,7.1440037101290494,3.352800671967369,1.0,1.0,0.0,0.0,0.0,0.0
6,255,3.04920870502157,7.783168151327429,1.0,0.0,1.0,0.0,1.0,1.0
7,255,6.577907246967576,5.775377165205801,0.0,0.0,0.0,0.0,1.0,0.0
8,255,10.594252438367784,5.758633038239422,0.0,0.0,1.0,1.0,0.0,1.0
9,255,9.984124426868156,8.483493986593194,1.0,0.0,0.0,1.0,0.0,0.0
10,255,9.971532785658692,6.198877822710701,0.0,1.0,1.0,0.0,0.0,0.0
11,255,2.0721391074895017,0.7705628213681307,0.0,0.0,0.0,0.0,1.0,1.0
12,255,4.213399342850568,9.94554157682533,0.0,0.0,0.0,0.0,0.0,0.0
13,255,12.0,11.761136684373051,0.0,1.0,0.0,1.0,1.0,0.0
14,255,3.3408655279766566,6.998049348008813,1.0,0.0,0.0,1.0,0.0,0.0
15,255,4.536002353644823,12.0,0.0,0.0,0.0,0.0,1.0,0.0
16,255,5.510951045336674,5.577757369240559,1.0,0.0,0.0,0.0,1.0,0.0
17,255,3.2780119240566767,6.4942876231026965,1.0,0.0,0.0,1.0,0.0,0.0
18,255,6.6335381532617,11.88105312911371,0.0,0.0,0.0,0.0,0.0,0.0
19,255,0.0,8.45658289355131,0.0,0.0,1.0,1.0,0.0,0.0
20,255,7.634451167378252,12.0,0.0,0.0,0.0,0.0,0.0,0.0
21,255,2.638731558740506,6.071608165695585,0.0,0.0,0.0,0.0,1.0,1.0
22,255,4.957972360013082,5.309739051168551,0.0,0.0,0.0,0.0,0.0,0.0
23,255,0.9184742777651612,11.509939740239163,0.0,1.0,1.0,1.0,0.0,1.0
24,255,9.718873618584242,4.498091942047485,1.0,1.0,1.0,1.0,0.0,0.0
25,255,10.585065525483053,0.0,0.0,1.0,0.0,0.0,1.0,1.0
26,255,9.096293387785783,6.279413478452285,0.0,0.0,0.0,1.0,1.0,1.0
27,255,7.37349049668882,10.97974605248885,0.0,0.0,0.0,1.0,0.0,1.0
28,255,7.118679704408363,8.894888147223883,0.0,0.0,0.0,0.0,0.0,0.0
29,255,4.000555618306129,11.585204013147171,1.0,0.0,0.0,0.0,0.0,0.0
30,255,7.911781631986879,6.735661765075707,1.0,1.0,0.0,0.0,1.0,1.0
31,255,9.916741375782768,8.191363813562464,1.0,1.0,1.0,1.0,0.0,0.0
32,255,9.02809525109455,0.0,0.0,0.0,0.0,1.0,0.0,0.0
33,255,0.0,10.712620093325116,0.0,1.0,0.0,0.0,0.0,0.0
34,255,10.537561449427686,0.8606954093668294,0.0,1.0,0.0,0.0,1.0,0.0
35,255,12.0,10.14769670587713,1.0,0.0,0.0,0.0,1.0,0.0
36,255,11.838318321362776,10.97371681847205,0.0,1.0,1.0,0.0,1.0,1.0
37,255,4.3524134543055,0.844828121781291,1.0,0.0,0.0,0.0,1.0,1.0
38,255,6.006830390942975,7.995913112525777,1.0,0.0,1.0,0.0,1.0,0.0
39,255,7.217104458131595,3.2030455292025355,0.0,1.0,1.0,1.0,1.0,1.0
0,260,0.521957601424081,12.0,0.0,1.0,0.0,1.0,0.0,1.0
1,260,5.035695014332529,0.9835176759308374,1.0,0.0,1.0,1.0,1.0,1.0
2,260,0.3682382389400371,12.0,0.0,0.0,0.0,0.0,0.0,0.0
3,260,9.35399802665693,2.723857794214633,0.0,0.0,1.0,0.0,0.0,0.0
4,260,0.0,3.678344086887523,0.0,0.0,1.0,0.0,1.0,0.0
5,260,7.304165111189998,3.4380060642444663,1.0,1.0,0.0,0.0,0.0,0.0
6,260,3.049655911212533,7.784772420122578,1.0,0.0,1.0,0.0,1.0,1.0
7,260,6.667004774625726,5.811379170445356,0.0,0.0,0.0,0.0,1.0,0.0
8,260,10.593628680981151,5.598392617335661,0.0,0.0,1.0,1.0,0.0,1.0
9,260,10.011312811998918,8.613517598994989,1.0,0.0,0.0,1.0,0.0,0.0
10,260,9.97014644899842,6.20350191489063,0.0,1.0,1.0,0.0,0.0,0.0
11,260,2.0537363519538148,0.744167362485432,0.0,0.0,0.0,0.0,1.0,1.0
12,260,4.205400452405369,9.97521612519784,0.0,0.0,0.0,0.0,0.0,0.0
13,260,12.0,11.753727863372276,0.0,1.0,0.0,1.0,1.0,0.0
14,260,3.362517168118767,6.973157016920326,1.0,0.0,0.0,1.0,0.0,0.0
15,260,4.61673051219424,12.0,0.0,0.0,0.0,0.0,1.0,0.0
16,260,5.521862056756809,5.643944485475299,1.0,0.0,0.0,0.0,1.0,0.0
17,260,3.35217637335288,6.499910725682956,1.0,0.0,0.0,1.0,0.0,0.0
18,260,6.730553459925784,11.936881097668277,0.0,0.0,0.0,0.0,0.0,0.0
19,260,0.0,8.426324099365651,0.0,0.0,1.0,1.0,0.0,0.0
20,260,7.74038119002335,12.0,0.0,0.0,0.0,0.0,0.0,0.0
21,260,2.6368043235135583,6.144468979141781,0.0,0.0,0.0,0.0,1.0,1.0
22,260,4.959170052600694,5.310362339381783,0.0,0.0,0.0,0.0,0.0,0.0
23,260,0.8664972327714257,11.552742966249292,0.0,1.0,1.0,1.0,0.0,1.0
24,260,9.776322858455602,4.436156888913581,1.0,1.0,1.0,1.0,0.0,0.0
25,260,10.482363205642384,0.0,0.0,1.0,0.0,0.0,1.0,1.0
26,260,9.210440261459995,6.327165891899336,0.0,0.0,0.0,1.0,1.0,1.0
27,260,7.583761101913668,10.97689463795422,0.0,0.0,0.0,1.0,0.0,1.0
28,260,7.118807394341118,8.89466473337777,0.0,0.0,0.0,0.0,0.0,0.0
29,260,4.008904946664646,11.628304044350712,1.0,0.0,0.0,0.0,0.0,0.0
30,260,7.919818351707471,6.741426563405921,1.0,1.0,0.0,0.0,1.0,1.0
31,260,9.872592439896875,8.265783520812358,1.0,1.0,1.0,1.0,0.0,0.0
32,260,9.1951973512445,0.0,0.0,0.0,0.0,1.0,0.0,0.0
33,260,0.0,10.867785544971984,0.0,1.0,0.0,0.0,0.0,0.0
34,260,10.527935793742836,0.9869953209770364,0.0,1.0,0.0,0.0,1.0,0.0
35,260,12.0,10.065146094198951,1.0,0.0,0.0,0.0,1.0,0.0
36,260,11.82226374563758,11.048701756705668,0.0,1.0,1.0,0.0,1.0,1.0
37,260,4.357913480156427,0.7966312343953731,1.0,0.0,0.0,0.0,1.0,1.0
38,260,5.969935729417172,7.945567549702119,1.0,0.0,1.0,0.0,1.0,0.0
39,260,7.1910961101825865,3.175770271159066,0.0,1.0,1.0,1.0,1.0,1.0
0,265,0.5372610486789036,12.0,0.0,1.0,0.0,1.0,0.0,1.0
1,265,4.99457039353289,1.0211887197567842,1.0,0.0,1.0,1.0,1.0,1.0
2,265,0.3137121250686582,12.0,0.0,0.0,0.0,0.0,0.0,0.0
3,265,9.396980419941473,2.720315074220484,0.0,0.0,1.0,0.0,0.0,0.0
4,265,0.0,3.707621994407293,0.0,0.0,1.0,0.0,1.0,0.0
5,265,7.470703760028747,3.522283821124442,1.0,1.0,0.0,0.0,0.0,0.0
6,265,3.0478146759303684,7.778135767949725,1.0,0.0,1.0,0.0,1.0,1.0
7,265,6.738567590897507,5.841052849688014,0.0,0.0,0.0,0.0,1.0,0.0
8,265,10.587893969884515,5.425970109727448,0.0,0.0,1.0,1.0,0.0,1.0
9,265,10.039647026397702,8.747740471792005,1.0,0.0,0.0,1.0,0.0,0.0
10,265,9.97255136240779,6.195736842601134,0.0,1.0,1.0,0.0,0.0,0.0
11,265,2.026121073870573,0.7037801422043919,0.0,0.0,0.0,0.0,1.0,1.0
12,265,4.201516494226377,9.98887962072881,0.0,0.0,0.0,0.0,0.0,0.0
13,265,12.0,11.750232063974996,0.0,1.0,0.0,1.0,1.0,0.0
14,265,3.375048772075756,6.958427535621966,1.0,0.0,0.0,1.0,0.0,0.0
15,265,4.705510232708021,12.0,0.0,0.0,0.0,0.0,1.0,0.0
16,265,5.537411498571333,5.726096302744344,1.0,0.0,0.0,0.0,1.0,0.0
17,265,3.4234424514632007,6.503804046125034,1.0,0.0,0.0,1.0,0.0,0.0
18,265,6.840459466582017,11.99846856960275,0.0,0.0,0.0,0.0,0.0,0.0
19,265,0.0,8.400943423421474,0.0,0.0,1.0,1.0,0.0,0.0
20,265,7.843307306477317,12.0,0.0,0.0,0.0,0.0,0.0,0.0
21,265,2.6357217909649324,6.182577306527222,0.0,0.0,0.0,0.0,1.0,1.0
22,265,4.941037795324558,5.300880981021475,0.0,0.0,0.0,0.0,0.0,0.0
23,265,0.8376666484761089,11.576790766685711,0.0,1.0,1.0,1.0,0.0,1.0
24,265,9.851086558348635,4.360011150804482,1.0,1.0,1.0,1.0,0.0,0.0
25,265,10.39662319387286,0.0,0.0,1.0,0.0,0.0,1.0,1.0
26,265,9.347203923865148,6.383984658130189,0.0,0.0,0.0,1.0,1.0,1.0
27,265,7.80535580447729,10.968186547942668,0.0,0.0,0.0,1.0,0.0,1.0
28,265,7.117486121686508,8.896965305455305,0.0,0.0,0.0,0.0,0.0,0.0
29,265,4.016630977000572,11.664954592723031,1.0,0.0,0.0,0.0,0.0,0.0
30,265,7.9182334589273875,6.740271494866817,1.0,1.0,0.0,0.0,1.0,1.0
31,265,9.82527973502916,8.3430703521529,1.0,1.0,1.0,1.0,0.0,0.0
32,265,9.36724441372137,0.0,0.0,0.0,0.0,1.0,0.0,0.0
33,265,0.0,11.009299384999002,0.0,1.0,0.0,0.0,0.0,0.0
34,265,10.521676072773328,1.1055786001993009,0.0,1.0,0.0,0.0,1.0,0.0
35,265,12.0,9.98055179032801,1.0,0.0,0.0,0.0,1.0,0.0
36,265,11.80022639795747,11.148793699357409,0.0,1.0,1.0,0.0,1.0,1.0
37,265,4.361496543457747,0.7621683003122577,1.0,0.0,0.0,0.0,1.0,1.0
38,265,5.938462596247994,7.900037052450519,1.0,0.0,1.0,0.0,1.0,0.0
39,265,7.160684607024269,3.143990798216184,0.0,1.0,1.0,1.0,1.0,1.0
0,270,0.5453826946390746,12.0,0.0,1.0,0.0,1.0,0.0,1.0
1,270,4.941179076074025,1.0726298258919176,1.0,0.0,1.0,1.0,1.0,1.0
2,270,0.2512442367382827,12.0,0.0,0.0,0.0,0.0,0.0,0.0
3,270,9.42898465222695,2.717422466867015,0.0,0.0,1.0,0.0,0.0,0.0
4,270,0.0,3.732330635212965,0.0,0.0,1.0,0.0,1.0,0.0
5,270,7.644260616743475,3.606770293766357,1.0,1.0,0.0,0.0,0.0,0.0
6,270,3.0404580602342546,7.753055987039734,1.0,0.0,1.0,0.0,1.0,1.0
7,270,6.795820978860817,5.863574772553181,0.0,0.0,0.0,0.0,1.0,0.0
8,270,10.581245941562509,5.237266146590061,0.0,0.0,1.0,1.0,0.0,1.0
9,270,10.066058926687749,8.868465015206391,1.0,0.0,0.0,1.0,0.0,0.0
10,270,9.974488913664718,6.189495767172031,0.0,1.0,1.0,0.0,0.0,0.0
11,270,2.0003212581639,0.6645690163070542,0.0,0.0,0.0,0.0,1.0,1.0
12,270,4.203423508838237,9.982354925050275,0.0,0.0,0.0,0.0,0.0,0.0
13,270,12.0,11.748162814101468,0.0,1.0,0.0,1.0,1.0,0.0
14,270,3.3788317975981883,6.954169137045382,1.0,0.0,0.0,1.0,0.0,0.0
15,270,4.791214410999619,12.0,0.0,0.0,0.0,0.0,1.0,0.0
16,270,5.551250604892573,5.801106026112228,1.0,0.0,0.0,0.0,1.0,0.0
17,270,3.483691191767047,6.507299740775147,1.0,0.0,0.0,1.0,0.0,0.0
18,270,6.952393361371639,12.0,0.0,0.0,0.0,0.0,0.0,0.0
19,270,0.0,8.37152497458751,0.0,0.0,1.0,1.0,0.0,0.0
20,270,7.94227290356345,12.0,0.0,0.0,0.0,0.0,0.0,0.0
21,270,2.6346239920806025,6.209507602019314,0.0,0.0,0.0,0.0,1.0,1.0
22,270,4.939028959697931,5.2997999502489845,0.0,0.0,0.0,0.0,0.0,0.0
23,270,0.835083133413816,11.578886233288983,0.0,1.0,1.0,1.0,0.0,1.0
24,270,9.91360537996177,4.29681925884913,1.0,1.0,1.0,1.0,0.0,0.0
25,270,10.309277491826922,0.0,0.0,1.0,0.0,0.0,1.0,1.0
26,270,9.49190264813291,6.44249688965216,0.0,0.0,0.0,1.0,1.0,1.0
27,270,8.014396276846261,10.960470434370835,0.0,0.0,0.0,1.0,0.0,1.0
28,270,7.110951630287266,8.908405758262115,0.0,0.0,0.0,0.0,0.0,0.0
29,270,4.028689204667788,11.720258476407958,1.0,0.0,0.0,0.0,0.0,0.0
30,270,7.913256938907589,6.736731906607922,1.0,1.0,0.0,0.0,1.0,1.0
31,270,9.76957330357422,8.438309430739666,1.0,1.0,1.0,1.0,0.0,0.0
32,270,9.53805320540587,0.0,0.0,0.0,0.0,1.0,0.0,0.0
33,270,0.0,11.157310190417348,0.0,1.0,0.0,0.0,0.0,0.0
34,270,10.519946223783355,1.2112736014008048,0.0,1.0,0.0,0.0,1.0,0.0
35,270,12.0,9.889137956035988,1.0,0.0,0.0,0.0,1.0,0.0
36,270,11.778025351830632,11.253668342155128,0.0,1.0,1.0,0.0,1.0,1.0
37,270,4.366203993246058,0.7175978957795747,1.0,0.0,0.0,0.0,1.0,1.0
38,270,5.904188578596711,7.849875380631041,1.0,0.0,1.0,0.0,1.0,0.0
39,270,7.116136555821346,3.097246447542527,0.0,1.0,1.0,1.0,1.0,1.0
0,275,0.5566457874439287,12.0,0.0,1.0,0.0,1.0,0.0,1.0
1,275,4.899167212912342,1.113248608148723,1.0,0.0,1.0,1.0,1.0,1.0
2,275,0.2064362316638094,12.0,0.0,0.0,0.0,0.0,0.0,0.0
3,275,9.46818395305177,2.715277867607563,0.0,0.0,1.0,0.0,0.0,0.0
4,275,0.0,3.759998589384296,0.0,0.0,1.0,0.0,1.0,0.0
5,275,7.821790960623419,3.695218007074141,1.0,1.0,0.0,0.0,0.0,0.0
6,275,3.0355951202258584,7.738561420492074,1.0,0.0,1.0,0.0,1.0,1.0
7,275,6.855480400823494,5.887150932305576,0.0,0.0,0.0,0.0,1.0,0.0
8,275,10.571966086027889,5.0495236779786445,0.0,0.0,1.0,1.0,0.0,1.0
9,275,10.088838935618996,8.970753594034164,1.0,0.0,0.0,1.0,0.0,0.0
10,275,9.967479116211967,6.211161306109292,0.0,1.0,1.0,0.0,0.0,0.0
11,275,1.9782958170784224,0.6313744902713554,0.0,0.0,0.0,0.0,1.0,1.0
12,275,4.208481294535357,9.966145679336336,0.0,0.0,0.0,0.0,0.0,0.0
13,275,12.0,11.745812277617889,0.0,1.0,0.0,1.0,1.0,0.0
14,275,3.4025515358732816,6.926866712599064,1.0,0.0,0.0,1.0,0.0,0.0
15,275,4.884981412666634,12.0,0.0,0.0,0.0,0.0,1.0,0.0
16,275,5.562724023569626,5.867306059293963,1.0,0.0,0.0,0.0,1.0,0.0
17,275,3.5364159426727078,6.511635003437416,1.0,0.0,0.0,1.0,0.0,0.0
18,275,7.067529945265914,12.0,0.0,0.0,0.0,0.0,0.0,0.0
19,275,0.0,8.338645433139538,0.0,0.0,1.0,1.0,0.0,0.0
20,275,8.042315400495925,12.0,0.0,0.0,0.0,0.0,0.0,0.0
21,275,2.6318749471646887,6.258536980774122,0.0,0.0,0.0,0.0,1.0,1.0
22,275,4.930028754836638,5.295229233788119,0.0,0.0,0.0,0.0,0.0,0.0
23,275,0.8396160144613248,11.575424575042732,0.0,1.0,1.0,1.0,0.0,1.0
24,275,9.962802563326775,4.250316267605038,1.0,1.0,1.0,1.0,0.0,0.0
25,275,10.22169748015573,0.0803857662849771,0.0,1.0,0.0,0.0,1.0,1.0
26,275,9.65368505085997,6.511255953389802,0.0,0.0,0.0,1.0,1.0,1.0
27,275,8.22276845428134,10.952883943414005,0.0,0.0,0.0,1.0,0.0,1.0
28,275,7.097062217405824,8.933023324633742,0.0,0.0,0.0,0.0,0.0,0.0
29,275,4.036810164704816,11.754032920338734,1.0,0.0,0.0,0.0,0.0,0.0
30,275,7.907585633392556,6.732772349025791,1.0,1.0,0.0,0.0,1.0,1.0
31,275,9.708108087992132,8.5403039673077,1.0,1.0,1.0,1.0,0.0,0.0
32,275,9.712540907225346,0.0,0.0,0.0,0.0,1.0,0.0,0.0
33,275,0.0,11.308714433944443,0.0,1.0,0.0,0.0,0.0,0.0
34,275,10.511121560724758,1.3403702925387608,0.0,1.0,0.0,0.0,1.0,0.0
35,275,12.0,9.801594855275374,1.0,0.0,0.0,0.0,1.0,0.0
36,275,11.75790925627137,11.351958618526414,0.0,1.0,1.0,0.0,1.0,1.0
37,275,4.369958545753458,0.6781160705292497,1.0,0.0,0.0,0.0,1.0,1.0
38,275,5.856953847495505,7.775033590203024,1.0,0.0,1.0,0.0,1.0,0.0
39,275,7.083636458618168,3.061690255875265,0.0,1.0,1.0,1.0,1.0,1.0
0,280,0.567952273192896,12.0,0.0,1.0,0.0,1.0,0.0,1.0
1,280,4.851413199293376,1.1567606031587645,1.0,0.0,1.0,1.0,1.0,1.0
2,280,0.1570071320057806,12.0,0.0,0.0,0.0,0.0,0.0,0.0
3,280,9.450386975367184,2.716123614117048,0.0,0.0,1.0,0.0,0.0,0.0
4,280,0.0,3.790853645380463,0.0,0.0,1.0,0.0,1.0,0.0
5,280,8.026493678877443,3.798657105744337,1.0,1.0,0.0,0.0,0.0,0.0
6,280,3.022373680007087,7.701754529833584,1.0,0.0,1.0,0.0,1.0,1.0
7,280,6.918610494822966,5.911955057602764,0.0,0.0,0.0,0.0,1.0,0.0
8,280,10.565639790390916,4.850169854671146,0.0,0.0,1.0,1.0,0.0,1.0
9,280,10.1145557600347,9.098345686124542,1.0,0.0,0.0,1.0,0.0,0.0
10,280,9.966073799242398,6.215450531369882,0.0,1.0,1.0,0.0,0.0,0.0
11,280,1.9627344964863176,0.6068833674997078,0.0,0.0,0.0,0.0,1.0,1.0
12,280,4.20963645696782,9.96271490909725,0.0,0.0,0.0,0.0,0.0,0.0
13,280,12.0,11.743091681665842,0.0,1.0,0.0,1.0,1.0,0.0
14,280,3.4308023087708803,6.893531601211564,1.0,0.0,0.0,1.0,0.0,0.0
15,280,4.991301654329307,12.0,0.0,0.0,0.0,0.0,1.0,0.0
16,280,5.570961268548089,5.9286879729945605,1.0,0.0,0.0,0.0,1.0,0.0
17,280,3.585803319280584,6.5156356338956565,1.0,0.0,0.0,1.0,0.0,0.0
18,280,7.179807374088844,12.0,0.0,0.0,0.0,0.0,0.0,0.0
19,280,0.0,8.301764341158528,0.0,0.0,1.0,1.0,0.0,0.0
20,280,8.148312944023361,12.0,0.0,0.0,0.0,0.0,0.0,0.0
21,280,2.630457415393609,6.304010934756815,0.0,0.0,0.0,0.0,1.0,1.0
22,280,4.902149634179063,5.2813652322913285,0.0,0.0,0.0,0.0,0.0,0.0
23,280,0.8348926254285164,11.57904572402654,0.0,1.0,1.0,1.0,0.0,1.0
24,280,10.003919691293516,4.211650102105907,1.0,1.0,1.0,1.0,0.0,0.0
25,280,10.13216811490445,0.1609573975776774,0.0,1.0,0.0,0.0,1.0,1.0
26,280,9.816350920825306,6.583179866095167,0.0,0.0,0.0,1.0,1.0,1.0
27,280,8.427198403326576,10.94898094069018,0.0,0.0,0.0,1.0,0.0,1.0
28,280,7.085175463635002,8.956578871837893,0.0,0.0,0.0,0.0,0.0,0.0
29,280,4.047511327135634,11.800287519006387,1.0,0.0,0.0,0.0,0.0,0.0
30,280,7.900914910043398,6.728171130831591,1.0,1.0,0.0,0.0,1.0,1.0
31,280,9.65878107596183,8.620846971238599,1.0,1.0,1.0,1.0,0.0,0.0
32,280,9.8912506256734,0.0,0.0,0.0,0.0,1.0,0.0,0.0
33,280,0.0,11.453032310666584,0.0,1.0,0.0,0.0,0.0,0.0
34,280,10.49623097762002,1.4858761728338696,0.0,1.0,0.0,0.0,1.0,0.0
35,280,12.0,9.710978351085336,1.0,0.0,0.0,0.0,1.0,0.0
36,280,11.737044883384774,11.449525146686312,0.0,1.0,1.0,0.0,1.0,1.0
37,280,4.373108144358826,0.6437999963219961,1.0,0.0,0.0,0.0,1.0,1.0
38,280,5.805836503698637,7.698543636887535,1.0,0.0,1.0,0.0,1.0,0.0
39,280,7.041617845626624,3.016676780982307,0.0,1.0,1.0,1.0,1.0,1.0
0,285,0.5762366707769524,12.0,0.0,1.0,0.0,1.0,0.0,1.0
1,285,4.805946830132587,1.1992146768480516,1.0,0.0,1.0,1.0,1.0,1.0
2,285,0.1127952770702108,12.0,0.0,0.0,0.0,0.0,0.0,0.0
3,285,9.434392527220908,2.717049955583286,0.0,0.0,1.0,0.0,0.0,0.0
4,285,0.0,3.822129725200023,0.0,0.0,1.0,0.0,1.0,0.0
5,285,8.23807910976274,3.9073985354398255,1.0,1.0,0.0,0.0,0.0,0.0
6,285,3.008883442605848,7.664903622481157,1.0,0.0,1.0,0.0,1.0,1.0
7,285,6.969556246255456,5.933116744050252,0.0,0.0,0.0,0.0,1.0,0.0
8,285,10.55941292000442,4.660852985299848,0.0,0.0,1.0,1.0,0.0,1.0
9,285,10.1416108391308,9.23923711058594,1.0,0.0,0.0,1.0,0.0,0.0
10,285,9.963412218003608,6.22301970984696,0.0,1.0,1.0,0.0,0.0,0.0
11,285,1.955602515518058,0.5957691578602319,0.0,0.0,0.0,0.0,1.0,1.0
12,285,4.205890798443601,9.975496172613347,0.0,0.0,0.0,0.0,0.0,0.0
13,285,12.0,11.740545896209545,0.0,1.0,0.0,1.0,1.0,0.0
14,285,3.4735586087683257,6.844579916668745,1.0,0.0,0.0,1.0,0.0,0.0
15,285,5.118144926051599,12.0,0.0,0.0,0.0,0.0,1.0,0.0
16,285,5.576465133859792,5.973235041000583,1.0,0.0,0.0,0.0,1.0,0.0
17,285,3.650244077708527,6.520921299075465,1.0,0.0,0.0,1.0,0.0,0.0
18,285,7.307563364894323,12.0,0.0,0.0,0.0,0.0,0.0,0.0
19,285,0.0,8.256911960896735,0.0,0.0,1.0,1.0,0.0,0.0
20,285,8.245309017670108,12.0,0.0,0.0,0.0,0.0,0.0,0.0
21,285,2.627821477822332,6.349738890989741,0.0,0.0,0.0,0.0,1.0,1.0
22,285,4.878199342428139,5.269067305477153,0.0,0.0,0.0,0.0,0.0,0.0
23,285,0.83549636830006,11.578580529624542,0.0,1.0,1.0,1.0,0.0,1.0
24,285,10.033486394099944,4.183932486884496,1.0,1.0,1.0,1.0,0.0,0.0
25,285,10.02991628756875,0.2519548462181504,0.0,1.0,0.0,0.0,1.0,1.0
26,285,10.001823701713947,6.663394466439111,0.0,0.0,0.0,1.0,1.0,1.0
27,285,8.613763994484634,10.946827240170371,0.0,0.0,0.0,1.0,0.0,1.0
28,285,7.068772667564911,8.988292995777284,0.0,0.0,0.0,0.0,0.0,0.0
29,285,4.058000070055388,11.84139903932545,1.0,0.0,0.0,0.0,0.0,0.0
30,285,7.886659019108706,6.718040206943804,1.0,1.0,0.0,0.0,1.0,1.0
31,285,9.611346720999933,8.692864985923224,1.0,1.0,1.0,1.0,0.0,0.0
32,285,10.0787586411217,0.0,0.0,0.0,0.0,1.0,0.0,0.0
33,285,0.0,11.612786696538503,0.0,1.0,0.0,0.0,0.0,0.0
34,285,10.482496609236543,1.6423244357260764,0.0,1.0,0.0,0.0,1.0,0.0
35,285,12.0,9.604337369088054,1.0,0.0,0.0,0.0,1.0,0.0
36,285,11.709015405992185,11.576091931060516,0.0,1.0,1.0,0.0,1.0,1.0
37,285,4.378015105578946,0.5891740469900658,1.0,0.0,0.0,0.0,1.0,1.0
38,285,5.755598974499596,7.62659021853925,1.0,0.0,1.0,0.0,1.0,0.0
39,285,7.012539816833056,2.9844693672980824,0.0,1.0,1.0,1.0,1.0,1.0
0,290,0.5882689462859482,12.0,0.0,1.0,0.0,1.0,0.0,1.0
1,290,4.753133659071044,1.2487660065127484,1.0,0.0,1.0,1.0,1.0,1.0
2,290,0.0787592404726338,12.0,0.0,0.0,0.0,0.0,0.0,0.0
3,290,9.41708413795792,2.7183182921458333,0.0,0.0,1.0,0.0,0.0,0.0
4,290,0.0,3.848758765875152,0.0,0.0,1.0,0.0,1.0,0.0
5,290,8.432083740883328,4.008746071204977,1.0,1.0,0.0,0.0,0.0,0.0
6,290,2.9927388611258507,7.624017958111544,1.0,0.0,1.0,0.0,1.0,1.0
7,290,7.012232615270357,5.951861191562682,0.0,0.0,0.0,0.0,1.0,0.0
8,290,10.555019940004186,4.485299264349,0.0,0.0,1.0,1.0,0.0,1.0
9,290,10.169097164392497,9.3845053545915,1.0,0.0,0.0,1.0,0.0,0.0
10,290,9.955720915593211,6.241728859949602,0.0,1.0,1.0,0.0,0.0,0.0
11,290,1.940991390804801,0.5713444751262164,0.0,0.0,0.0,0.0,1.0,1.0
12,290,4.204310366586628,9.981913913426183,0.0,0.0,0.0,0.0,0.0,0.0
13,290,12.0,11.736453102110248,0.0,1.0,0.0,1.0,1.0,0.0
14,290,3.5128318406823404,6.796752241070594,1.0,0.0,0.0,1.0,0.0,0.0
15,290,5.2550411106944495,12.0,0.0,0.0,0.0,0.0,1.0,0.0
16,290,5.581451012680533,6.009147581555586,1.0,0.0,0.0,0.0,1.0,0.0
17,290,3.713810985070617,6.527262258022201,1.0,0.0,0.0,1.0,0.0,0.0
18,290,7.436148924707063,12.0,0.0,0.0,0.0,0.0,0.0,0.0
19,290,0.0,8.215410554070925,0.0,0.0,1.0,1.0,0.0,0.0
20,290,8.340483595432415,12.0,0.0,0.0,0.0,0.0,0.0,0.0
21,290,2.623465354091724,6.407247557285681,0.0,0.0,0.0,0.0,1.0,1.0
22,290,4.86948667626528,5.264335468017683,0.0,0.0,0.0,0.0,0.0,0.0
23,290,0.846097116430177,11.57028750505659,0.0,1.0,1.0,1.0,0.0,1.0
24,290,10.046589634681846,4.171134262977998,1.0,1.0,1.0,1.0,0.0,0.0
25,290,9.909305400079036,0.3578104420912105,0.0,1.0,0.0,0.0,1.0,1.0
26,290,10.17979207789542,6.738162847716324,0.0,0.0,0.0,1.0,1.0,1.0
27,290,8.806282575345667,10.94733435174567,0.0,0.0,0.0,1.0,0.0,1.0
28,290,7.053195411378165,9.015630905450069,0.0,0.0,0.0,0.0,0.0,0.0
29,290,4.072342132117099,11.891565918577536,1.0,0.0,0.0,0.0,0.0,0.0
30,290,7.871122710220681,6.706869010938494,1.0,1.0,0.0,0.0,1.0,1.0
31,290,9.565345538499916,8.76405563361345,1.0,1.0,1.0,1.0,0.0,0.0
32,290,10.251426531282252,0.0,0.0,0.0,0.0,1.0,0.0,0.0
33,290,0.0,11.773929698710738,0.0,1.0,0.0,0.0,0.0,0.0
34,290,10.467768879874855,1.817476617436,0.0,1.0,0.0,0.0,1.0,0.0
35,290,12.0,9.498953545317615,1.0,0.0,0.0,0.0,1.0,0.0
36,290,11.583213064951702,11.543208820981718,0.0,1.0,1.0,0.0,1.0,1.0
37,290,4.382841557944401,0.5383475648065441,1.0,0.0,0.0,0.0,1.0,1.0
38,290,5.714028041060737,7.566593027245402,1.0,0.0,1.0,0.0,1.0,0.0
39,290,6.974739676055275,2.9419092553374084,0.0,1.0,1.0,1.0,1.0,1.0
0,295,0.5988458932740831,12.0,0.0,1.0,0.0,1.0,0.0,1.0
1,295,4.701914354072469,1.2975987297563407,1.0,0.0,1.0,1.0,1.0,1.0
2,295,0.0395112251583556,12.0,0.0,0.0,0.0,0.0,0.0,0.0
3,295,9.42392805723951,2.7174837017695155,0.0,0.0,1.0,0.0,0.0,0.0
4,295,0.0,3.8773078948995874,0.0,0.0,1.0,0.0,1.0,0.0
5,295,8.62228126959262,4.106982710203808,1.0,1.0,0.0,0.0,0.0,0.0
6,295,2.9832032667749515,7.600307173587113,1.0,0.0,1.0,0.0,1.0,1.0
7,295,7.044466868207033,5.96662053984761,0.0,0.0,0.0,0.0,1.0,0.0
8,295,10.554056071376513,4.319402154590503,0.0,0.0,1.0,1.0,0.0,1.0
9,295,10.19767497933663,9.547670016533583,1.0,0.0,0.0,1.0,0.0,0.0
10,295,9.94871471775738,6.25739653941527,0.0,1.0,1.0,0.0,0.0,0.0
11,295,1.9299392551950476,0.5524280756324803,0.0,0.0,0.0,0.0,1.0,1.0
12,295,4.200704725481494,9.99750054794298,0.0,0.0,0.0,0.0,0.0,0.0
13,295,12.0,11.73498157556602,0.0,1.0,0.0,1.0,1.0,0.0
14,295,3.551144832859067,6.749354447569243,1.0,0.0,0.0,1.0,0.0,0.0
15,295,5.389991850399609,12.0,0.0,0.0,0.0,0.0,1.0,0.0
16,295,5.588576888324314,6.055046968992614,1.0,0.0,0.0,0.0,1.0,0.0
17,295,3.7708545576007055,6.531958916192565,1.0,0.0,0.0,1.0,0.0,0.0
18,295,7.574962708212199,12.0,0.0,0.0,0.0,0.0,0.0,0.0
19,295,0.0,8.170525129163192,0.0,0.0,1.0,1.0,0.0,0.0
20,295,8.442832008443318,12.0,0.0,0.0,0.0,0.0,0.0,0.0
21,295,2.6196913358369285,6.4452325722923804,0.0,0.0,0.0,0.0,1.0,1.0
22,295,4.860325540564733,5.259485083358103,0.0,0.0,0.0,0.0,0.0,0.0
23,295,0.8752313476002022,11.546233084008598,0.0,1.0,1.0,1.0,0.0,1.0
24,295,10.05306025415118,4.164520788769382,1.0,1.0,1.0,1.0,0.0,0.0
25,295,9.788908299492569,0.4657002137169577,0.0,1.0,0.0,0.0,1.0,1.0
26,295,10.38445295688301,6.822602697569447,0.0,0.0,0.0,1.0,1.0,1.0
27,295,9.012950660006858,10.945841776173223,0.0,0.0,0.0,1.0,0.0,1.0
28,295,7.030301579347085,9.053236973322903,0.0,0.0,0.0,0.0,0.0,0.0
29,295,4.0859446058168345,11.939499551306392,1.0,0.0,0.0,0.0,0.0,0.0
30,295,7.84131983621525,6.686527307583039,1.0,1.0,0.0,0.0,1.0,1.0
31,295,9.533190073851276,8.812324466086961,1.0,1.0,1.0,1.0,0.0,0.0
32,295,10.43879924694192,0.0,0.0,0.0,0.0,1.0,0.0,0.0
33,295,0.0,11.96776912151019,0.0,1.0,0.0,0.0,0.0,0.0
34,295,10.451626196176308,1.980500897897129,0.0,1.0,0.0,0.0,1.0,0.0
35,295,12.0,9.40496687179426,1.0,0.0,0.0,0.0,1.0,0.0
36,295,11.461043618600916,11.515313970345051,0.0,1.0,1.0,0.0,1.0,1.0
37,295,4.3859964567505685,0.5012039073908265,1.0,0.0,0.0,0.0,1.0,1.0
38,295,5.662376177951071,7.492102052803232,1.0,0.0,1.0,0.0,1.0,0.0
39,295,6.926724987507729,2.886185550919498,0.0,1.0,1.0,1.0,1.0,1.0
