0,0,9.962792612625057,3.022429606001777,0.0,1.0,0.0,1.0,0.0,1.0
1,0,1.940069435364194,5.984853837777761,1.0,0.0,1.0,1.0,1.0,1.0
2,0,6.996652038737456,6.04154247689163,0.0,0.0,0.0,0.0,0.0,0.0
3,0,6.03539419111262,8.965557049548288,0.0,0.0,1.0,0.0,0.0,0.0
4,0,11.934627646328329,8.012978083790534,0.0,0.0,1.0,0.0,1.0,0.0
5,0,5.039412674929673,12.0,1.0,1.0,0.0,0.0,0.0,0.0
6,0,9.93294648404872,0.0,1.0,0.0,1.0,0.0,1.0,1.0
7,0,2.029619044667553,4.946760201263369,0.0,0.0,0.0,0.0,1.0,0.0
8,0,4.928778881046733,6.964409566674119,0.0,0.0,1.0,1.0,0.0,1.0
9,0,11.952544857981312,10.962653264313436,1.0,0.0,0.0,1.0,0.0,0.0
10,0,0.95536756676991,9.04897539639072,0.0,1.0,1.0,0.0,0.0,0.0
11,0,4.0164100860641785,3.05613374647035,0.0,0.0,0.0,0.0,1.0,1.0
12,0,0.0088437255888614,6.986289861568167,0.0,0.0,0.0,0.0,0.0,0.0
13,0,5.0570102103572845,10.992835338185891,0.0,1.0,0.0,1.0,1.0,0.0
14,0,10.064281823041124,4.040710680834554,1.0,0.0,0.0,1.0,0.0,0.0
15,0,12.0,8.008914662168143,0.0,0.0,0.0,0.0,1.0,0.0
16,0,9.958999783274912,8.007080600930326,1.0,0.0,0.0,0.0,1.0,0.0
17,0,6.012566724215304,6.936465087971042,1.0,0.0,0.0,1.0,0.0,0.0
18,0,10.99612149268664,4.060056866845396,0.0,0.0,0.0,0.0,0.0,0.0
19,0,12.0,8.005300660049793,0.0,0.0,1.0,1.0,0.0,0.0
20,0,3.0212909350274733,9.982263866961857,0.0,0.0,0.0,0.0,0.0,0.0
21,0,7.934815759919231,0.0,0.0,0.0,0.0,0.0,1.0,1.0
22,0,8.993063627728434,11.956644754777274,0.0,0.0,0.0,0.0,0.0,0.0
23,0,1.0095221857445842,5.052646624175882,0.0,1.0,1.0,1.0,0.0,1.0
24,0,8.954536242135234,12.0,1.0,1.0,1.0,1.0,0.0,0.0
25,0,6.966200232465702,2.0473228590872203,0.0,1.0,0.0,0.0,1.0,1.0
26,0,4.971462658449431,1.0512497235146965,0.0,0.0,0.0,1.0,1.0,1.0
27,0,12.0,11.98742011759364,0.0,0.0,0.0,1.0,0.0,1.0
28,0,0.9953346558293484,7.945402471201834,0.0,0.0,0.0,0.0,0.0,0.0
29,0,9.954492670246346,3.9904190421024426,1.0,0.0,0.0,0.0,0.0,0.0
30,0,0.0,3.0663896115127858,1.0,1.0,0.0,0.0,1.0,1.0
31,0,9.013730168603193,4.059518570988584,1.0,1.0,1.0,1.0,0.0,0.0
32,0,2.0527219284552745,8.018634650916121,0.0,0.0,0.0,1.0,0.0,0.0
33,0,1.952305883291976,0.0,0.0,1.0,0.0,0.0,0.0,0.0
34,0,10.032027247450312,10.969233872268502,0.0,1.0,0.0,0.0,1.0,0.0
35,0,0.0,2.0227644922714525,1.0,0.0,0.0,0.0,1.0,0.0
36,0,3.979125539771083,0.9460256667858248,0.0,1.0,1.0,0.0,1.0,1.0
37,0,8.975203612408214,6.978517121566114,1.0,0.0,0.0,0.0,1.0,1.0
38,0,11.038863567616316,9.96703123260183,1.0,0.0,1.0,0.0,1.0,0.0
39,0,7.9477720321688095,11.96948390910466,0.0,1.0,1.0,1.0,1.0,1.0
0,5,9.916854351074424,3.051196569421489,0.0,1.0,0.0,1.0,0.0,1.0
1,5,1.8827861495886895,5.9702278212236815,1.0,0.0,1.0,1.0,1.0,1.0
2,5,6.992361694035868,6.0946366671233045,0.0,0.0,0.0,0.0,0.0,0.0
3,5,6.072537087126745,8.930848975911516,0.0,0.0,1.0,0.0,0.0,0.0
4,5,11.863066449599012,8.027213874690194,0.0,0.0,1.0,0.0,1.0,0.0
5,5,5.096799780796782,12.0,1.0,1.0,0.0,0.0,0.0,0.0
6,5,9.882506337003138,0.0,1.0,0.0,1.0,0.0,1.0,1.0
7,5,2.059582908066592,4.893982630367648,0.0,0.0,0.0,0.0,1.0,0.0
8,5,4.855356429709783,6.929227797079591,0.0,0.0,1.0,1.0,0.0,1.0
9,5,11.923085176709812,10.9397030150295,1.0,0.0,0.0,1.0,0.0,0.0
10,5,0.93086752585544,9.077183531122518,0.0,1.0,1.0,0.0,0.0,0.0
11,5,4.028976603183467,3.099035892322641,0.0,0.0,0.0,0.0,1.0,1.0
12,5,0.0237928271218253,6.963310175286146,0.0,0.0,0.0,0.0,0.0,0.0
13,5,5.123357114050914,10.986742904976785,0.0,1.0,0.0,1.0,1.0,0.0
14,5,10.146125024593328,4.093162715543775,1.0,0.0,0.0,1.0,0.0,0.0
15,5,12.0,8.015298729543277,0.0,0.0,0.0,0.0,1.0,0.0
16,5,9.93841479652509,8.011043409506986,1.0,0.0,0.0,0.0,1.0,0.0
17,5,6.027595950232385,6.837864899465655,1.0,0.0,0.0,1.0,0.0,0.0
18,5,10.939104780876937,4.05653708665313,0.0,0.0,0.0,0.0,0.0,0.0
19,5,12.0,8.010886229515696,0.0,0.0,1.0,1.0,0.0,0.0
20,5,3.058885810923986,9.95065097940216,0.0,0.0,0.0,0.0,0.0,0.0
21,5,7.886331551327131,0.0,0.0,0.0,0.0,0.0,1.0,1.0
22,5,8.985285452188403,11.899498538473194,0.0,0.0,0.0,0.0,0.0,0.0
23,5,1.01617501307697,5.085323864657321,0.0,1.0,1.0,1.0,0.0,1.0
24,5,8.919473139065031,12.0,1.0,1.0,1.0,1.0,0.0,0.0
25,5,6.933279984850838,2.0930690721616374,0.0,1.0,0.0,0.0,1.0,1.0
26,5,4.9637573349140665,1.064770367792392,0.0,0.0,0.0,1.0,1.0,1.0
27,5,12.0,11.977579423206947,0.0,0.0,0.0,1.0,0.0,1.0
28,5,0.9911754435026926,7.897861090721691,0.0,0.0,0.0,0.0,0.0,0.0
29,5,9.910421456114976,3.981572068116941,1.0,0.0,0.0,0.0,0.0,0.0
30,5,0.0,3.1212132421754784,1.0,1.0,0.0,0.0,1.0,1.0
31,5,9.026362718274722,4.110099438679203,1.0,1.0,1.0,1.0,0.0,0.0
32,5,2.102118756916981,8.036977559202718,0.0,0.0,0.0,1.0,0.0,0.0
33,5,1.9158099295622089,0.0,0.0,1.0,0.0,0.0,0.0,0.0
34,5,10.049500269833734,10.952289649626865,0.0,1.0,0.0,0.0,1.0,0.0
35,5,0.0,1.98409802796972,1.0,0.0,0.0,0.0,1.0,0.0
36,5,3.9574295569819777,0.8863325484525011,0.0,1.0,1.0,0.0,1.0,1.0
37,5,8.947292976782174,6.954172310687108,1.0,0.0,0.0,0.0,1.0,1.0
38,5,11.048567251545997,9.958913125125852,1.0,0.0,1.0,0.0,1.0,0.0
39,5,7.890904844488551,11.933981187163624,0.0,1.0,1.0,1.0,1.0,1.0
0,10,9.875725304411484,3.077307770583536,0.0,1.0,0.0,1.0,0.0,1.0
1,10,1.8324104367265648,5.95820148346859,1.0,0.0,1.0,1.0,1.0,1.0
2,10,6.98841819863604,6.144276261583806,0.0,0.0,0.0,0.0,0.0,0.0
3,10,6.129977475836053,8.878049141631031,0.0,0.0,1.0,0.0,0.0,0.0
4,10,11.802744488228589,8.04012547176204,0.0,0.0,1.0,0.0,1.0,0.0
5,10,5.139164346477983,12.0,1.0,1.0,0.0,0.0,0.0,0.0
6,10,9.835297387966818,0.0,1.0,0.0,1.0,0.0,1.0,1.0
7,10,2.08917202598483,4.840948335499669,0.0,0.0,0.0,0.0,1.0,0.0
8,10,4.779396793525794,6.89421675028358,0.0,0.0,1.0,1.0,0.0,1.0
9,10,11.893921184654616,10.915850743160838,1.0,0.0,0.0,1.0,0.0,0.0
10,10,0.9197938101404848,9.09023995357678,0.0,1.0,1.0,0.0,0.0,0.0
11,10,4.039813451601858,3.136997939108473,0.0,0.0,0.0,0.0,1.0,1.0
12,10,0.0385582710196596,6.9406837614296,0.0,0.0,0.0,0.0,0.0,0.0
13,10,5.171623074666381,10.982538082614914,0.0,1.0,0.0,1.0,1.0,0.0
14,10,10.22309221631494,4.142192487716448,1.0,0.0,0.0,1.0,0.0,0.0
15,10,12.0,8.017247737687397,0.0,0.0,0.0,0.0,1.0,0.0
16,10,9.92842683692164,8.012925519275086,1.0,0.0,0.0,0.0,1.0,0.0
17,10,6.039486708654524,6.750155430878976,1.0,0.0,0.0,1.0,0.0,0.0
18,10,10.89005735751894,4.052309162550903,0.0,0.0,0.0,0.0,0.0,0.0
19,10,12.0,8.019120496750302,0.0,0.0,1.0,1.0,0.0,0.0
20,10,3.096225127588073,9.918447489676078,0.0,0.0,0.0,0.0,0.0,0.0
21,10,7.851757211500027,0.0,0.0,0.0,0.0,0.0,1.0,1.0
22,10,8.981375814934847,11.872413360490723,0.0,0.0,0.0,0.0,0.0,0.0
23,10,1.0212593934841503,5.1169538461613975,0.0,1.0,1.0,1.0,0.0,1.0
24,10,8.894637705007778,12.0,1.0,1.0,1.0,1.0,0.0,0.0
25,10,6.912441188553554,2.122146061177159,0.0,1.0,0.0,0.0,1.0,1.0
26,10,4.949367907450998,1.0894445617411697,0.0,0.0,0.0,1.0,1.0,1.0
27,10,12.0,11.967340696283069,0.0,0.0,0.0,1.0,0.0,1.0
28,10,0.9873652469473452,7.85621970280244,0.0,0.0,0.0,0.0,0.0,0.0
29,10,9.874643318142846,3.9738866474583032,1.0,0.0,0.0,0.0,0.0,0.0
30,10,0.0,3.187331317609729,1.0,1.0,0.0,0.0,1.0,1.0
31,10,9.040476241303988,4.154430132204938,1.0,1.0,1.0,1.0,0.0,0.0
32,10,2.158729008566952,8.058428520959653,0.0,0.0,0.0,1.0,0.0,0.0
33,10,1.880490279586143,0.0,0.0,1.0,0.0,0.0,0.0,0.0
34,10,10.036855680510437,10.93933907977581,0.0,1.0,0.0,0.0,1.0,0.0
35,10,0.0,1.9602469592170495,1.0,0.0,0.0,0.0,1.0,0.0
36,10,3.939186464331923,0.8379836120505855,0.0,1.0,1.0,0.0,1.0,1.0
37,10,8.907402290648005,6.92068052987336,1.0,0.0,0.0,0.0,1.0,1.0
38,10,11.070855387719764,9.93995240548257,1.0,0.0,1.0,0.0,1.0,0.0
39,10,7.816872935048492,11.891711039153918,0.0,1.0,1.0,1.0,1.0,1.0
0,15,9.854713177324086,3.090478965785408,0.0,1.0,0.0,1.0,0.0,1.0
1,15,1.7604874607166987,5.939164118109043,1.0,0.0,1.0,1.0,1.0,1.0
2,15,6.982953473499719,6.207148430410596,0.0,0.0,0.0,0.0,0.0,0.0
3,15,6.186452137058981,8.829814144485635,0.0,0.0,1.0,0.0,0.0,0.0
4,15,11.762879647503045,8.048841714878126,0.0,0.0,1.0,0.0,1.0,0.0
5,15,5.17124791860612,12.0,1.0,1.0,0.0,0.0,0.0,0.0
6,15,9.796717652594277,0.0,1.0,0.0,1.0,0.0,1.0,1.0
7,15,2.12493480090262,4.772083567535113,0.0,0.0,0.0,0.0,1.0,0.0
8,15,4.691732937231421,6.853399539975151,0.0,0.0,1.0,1.0,0.0,1.0
9,15,11.869170986118382,10.89615317362025,1.0,0.0,0.0,1.0,0.0,0.0
10,15,0.902212206151828,9.11197039991774,0.0,1.0,1.0,0.0,0.0,0.0
11,15,4.049807587320906,3.172731218420983,0.0,0.0,0.0,0.0,1.0,1.0
12,15,0.0554490148138694,6.911909465631884,0.0,0.0,0.0,0.0,0.0,0.0
13,15,5.21950891251093,10.978113020919611,0.0,1.0,0.0,1.0,1.0,0.0
14,15,10.29645420672885,4.190741336353476,1.0,0.0,0.0,1.0,0.0,0.0
15,15,11.976932870735642,8.011375462012314,0.0,0.0,0.0,0.0,1.0,0.0
16,15,9.916868110127515,8.01511955613612,1.0,0.0,0.0,0.0,1.0,0.0
17,15,6.052331610259755,6.663103791286293,1.0,0.0,0.0,1.0,0.0,0.0
18,15,10.84194907421744,4.0473050793503935,0.0,0.0,0.0,0.0,0.0,0.0
19,15,12.0,8.02453364054085,0.0,0.0,1.0,1.0,0.0,0.0
20,15,3.132590006735566,9.887070971474625,0.0,0.0,0.0,0.0,0.0,0.0
21,15,7.811292817328006,0.0,0.0,0.0,0.0,0.0,1.0,1.0
22,15,8.97890311842468,11.856255101687772,0.0,0.0,0.0,0.0,0.0,0.0
23,15,1.033930387751952,5.18994244619281,0.0,1.0,1.0,1.0,0.0,1.0
24,15,8.877454675334604,12.0,1.0,1.0,1.0,1.0,0.0,0.0
25,15,6.884624767804465,2.160407846084387,0.0,1.0,0.0,0.0,1.0,1.0
26,15,4.945859098334577,1.0953773006242824,0.0,0.0,0.0,1.0,1.0,1.0
27,15,12.0,11.95601813092576,0.0,0.0,0.0,1.0,0.0,1.0
28,15,0.9803139705867984,7.787854065289431,0.0,0.0,0.0,0.0,0.0,0.0
29,15,9.835604538747123,3.966436598508974,1.0,0.0,0.0,0.0,0.0,0.0
30,15,0.0,3.269689578017916,1.0,1.0,0.0,0.0,1.0,1.0
31,15,9.046959769406984,4.1747754486354856,1.0,1.0,1.0,1.0,0.0,0.0
32,15,2.225134295844,8.082622082048236,0.0,0.0,0.0,1.0,0.0,0.0
33,15,1.8398967794654748,0.0,0.0,1.0,0.0,0.0,0.0,0.0
34,15,10.024632037746864,10.926263355245396,0.0,1.0,0.0,0.0,1.0,0.0
35,15,0.0,1.9203541068656984,1.0,0.0,0.0,0.0,1.0,0.0
36,15,3.921388879012535,0.7941066471892255,0.0,1.0,1.0,0.0,1.0,1.0
37,15,8.850524542879473,6.873027060701039,1.0,0.0,0.0,0.0,1.0,1.0
38,15,11.05413194484666,9.921095679962091,1.0,0.0,1.0,0.0,1.0,0.0
39,15,7.741037793395481,11.846743673650408,0.0,1.0,1.0,1.0,1.0,1.0
0,20,9.84375308541252,3.0974156240577,0.0,1.0,0.0,1.0,0.0,1.0
1,20,1.6851188714988776,5.919769969809703,1.0,0.0,1.0,1.0,1.0,1.0
2,20,6.978200050829111,6.258822494353539,0.0,0.0,0.0,0.0,0.0,0.0
3,20,6.24390618394667,8.780435716060804,0.0,0.0,1.0,0.0,0.0,0.0
4,20,11.723535329017205,8.056935812948494,0.0,0.0,1.0,0.0,1.0,0.0
5,20,5.193691725812287,12.0,1.0,1.0,0.0,0.0,0.0,0.0
6,20,9.756247994907016,0.0,1.0,0.0,1.0,0.0,1.0,1.0
7,20,2.1596203162505407,4.703701634137937,0.0,0.0,0.0,0.0,1.0,0.0
8,20,4.626182466597147,6.824495039655335,0.0,0.0,1.0,1.0,0.0,1.0
9,20,11.843869941089704,10.87480359973823,1.0,0.0,0.0,1.0,0.0,0.0
10,20,0.8890096983712672,9.129982395041102,0.0,1.0,1.0,0.0,0.0,0.0
11,20,4.051693827285077,3.179167794864586,0.0,0.0,0.0,0.0,1.0,1.0
12,20,0.0689976466254528,6.887927478305062,0.0,0.0,0.0,0.0,0.0,0.0
13,20,5.259452191901387,10.9743091621955,0.0,1.0,0.0,1.0,1.0,0.0
14,20,10.371426220834506,4.236707376798504,1.0,0.0,0.0,1.0,0.0,0.0
15,20,11.947946278109724,8.003463858763752,0.0,0.0,0.0,0.0,1.0,0.0
16,20,9.913100097028517,8.015979984611114,1.0,0.0,0.0,0.0,1.0,0.0
17,20,6.05969318141784,6.601553091751936,1.0,0.0,0.0,1.0,0.0,0.0
18,20,10.792835502803763,4.044003378555317,0.0,0.0,0.0,0.0,0.0,0.0
19,20,12.0,8.028019427514163,0.0,0.0,1.0,1.0,0.0,0.0
20,20,3.1572678372469083,9.8650688261207,0.0,0.0,0.0,0.0,0.0,0.0
21,20,7.757663383134644,0.0,0.0,0.0,0.0,0.0,1.0,1.0
22,20,8.979994805506783,11.863310092875336,0.0,0.0,0.0,0.0,0.0,0.0
23,20,1.0495937461296947,5.274314570425314,0.0,1.0,1.0,1.0,0.0,1.0
24,20,8.858552682436073,12.0,1.0,1.0,1.0,1.0,0.0,0.0
25,20,6.864596843476517,2.189737273507949,0.0,1.0,0.0,0.0,1.0,1.0
26,20,4.941297022502742,1.1033579418235668,0.0,0.0,0.0,1.0,1.0,1.0
27,20,12.0,11.949270714816102,0.0,0.0,0.0,1.0,0.0,1.0
28,20,0.9751500365309224,7.713408096643801,0.0,0.0,0.0,0.0,0.0,0.0
29,20,9.806707478044842,3.9612636166859496,1.0,0.0,0.0,0.0,0.0,0.0
30,20,0.0,3.377652506919161,1.0,1.0,0.0,0.0,1.0,1.0
31,20,9.051380564171692,4.1877785166793,1.0,1.0,1.0,1.0,0.0,0.0
32,20,2.270983824569342,8.099437331039166,0.0,0.0,0.0,1.0,0.0,0.0
33,20,1.7879021171734206,0.0483578687518035,0.0,1.0,0.0,0.0,0.0,0.0
34,20,10.020634265569893,10.921849245391916,0.0,1.0,0.0,0.0,1.0,0.0
35,20,0.0,1.8740987913581535,1.0,0.0,0.0,0.0,1.0,0.0
36,20,3.902097664633374,0.7433897259207806,0.0,1.0,1.0,0.0,1.0,1.0
37,20,8.792389707038424,6.824562273757229,1.0,0.0,0.0,0.0,1.0,1.0
38,20,11.028811889207356,9.89283024711476,1.0,0.0,1.0,0.0,1.0,0.0
39,20,7.673798767625107,11.804105133938936,0.0,1.0,1.0,1.0,1.0,1.0
0,25,9.834611573591015,3.10323023201128,0.0,1.0,0.0,1.0,0.0,1.0
1,25,1.5962696531793596,5.893794771264719,1.0,0.0,1.0,1.0,1.0,1.0
2,25,6.974043713191239,6.304378841230429,0.0,0.0,0.0,0.0,0.0,0.0
3,25,6.286990404106699,8.743495317590703,0.0,0.0,1.0,0.0,0.0,0.0
4,25,11.687511365013089,8.06567010656525,0.0,0.0,1.0,0.0,1.0,0.0
5,25,5.22234743339243,12.0,1.0,1.0,0.0,0.0,0.0,0.0
6,25,9.70666647183231,0.0,1.0,0.0,1.0,0.0,1.0,1.0
7,25,2.182439945248744,4.658701903034662,0.0,0.0,0.0,0.0,1.0,0.0
8,25,4.559135148745869,6.795383043030281,0.0,0.0,1.0,1.0,0.0,1.0
9,25,11.81792969508794,10.852825985335109,1.0,0.0,0.0,1.0,0.0,0.0
10,25,0.8702015875479816,9.156234364821255,0.0,1.0,1.0,0.0,0.0,0.0
11,25,4.051212319762639,3.1775893110995765,0.0,0.0,0.0,0.0,1.0,1.0
12,25,0.0834480917885658,6.86214395279713,0.0,0.0,0.0,0.0,0.0,0.0
13,25,5.303221636973004,10.970872660471004,0.0,1.0,0.0,1.0,1.0,0.0
14,25,10.440243808940933,4.279507444693325,1.0,0.0,0.0,1.0,0.0,0.0
15,25,11.925801080549949,7.996837416859093,0.0,0.0,0.0,0.0,1.0,0.0
16,25,9.905548669159767,8.01788273600689,1.0,0.0,0.0,0.0,1.0,0.0
17,25,6.067113388943401,6.533266389828234,1.0,0.0,0.0,1.0,0.0,0.0
18,25,10.7445386223839,4.040902553347775,0.0,0.0,0.0,0.0,0.0,0.0
19,25,12.0,8.02809329732832,0.0,0.0,1.0,1.0,0.0,0.0
20,25,3.142849829822718,9.848711403999385,0.0,0.0,0.0,0.0,0.0,0.0
21,25,7.699085541459209,0.0,0.0,0.0,0.0,0.0,1.0,1.0
22,25,8.979159445581004,11.856914443383207,0.0,0.0,0.0,0.0,0.0,0.0
23,25,1.0680383663577169,5.384572855635008,0.0,1.0,1.0,1.0,0.0,1.0
24,25,8.831076747801356,12.0,1.0,1.0,1.0,1.0,0.0,0.0
25,25,6.836433595363691,2.2319080117249563,0.0,1.0,0.0,0.0,1.0,1.0
26,25,4.929450190364058,1.1241107799875074,0.0,0.0,0.0,1.0,1.0,1.0
27,25,12.0,11.942437384012427,0.0,0.0,0.0,1.0,0.0,1.0
28,25,0.9688758279523376,7.652272394757537,0.0,0.0,0.0,0.0,0.0,0.0
29,25,9.771520697756326,3.9549190057220978,1.0,0.0,0.0,0.0,0.0,0.0
30,25,0.0,3.515041867660981,1.0,1.0,0.0,0.0,1.0,1.0
31,25,9.0536120160297,4.194474944787971,1.0,1.0,1.0,1.0,0.0,0.0
32,25,2.324640486580316,8.11710268186342,0.0,0.0,0.0,1.0,0.0,0.0
33,25,1.7426488592289306,0.0889579594358747,0.0,1.0,0.0,0.0,0.0,0.0
34,25,10.023422548064875,10.925007609935378,0.0,1.0,0.0,0.0,1.0,0.0
35,25,0.0,1.8216666859157031,1.0,0.0,0.0,0.0,1.0,0.0
36,25,3.884297284658786,0.6971115081087521,0.0,1.0,1.0,0.0,1.0,1.0
37,25,8.741379460420273,6.785296227679109,1.0,0.0,0.0,0.0,1.0,1.0
38,25,11.003833857244464,9.86402972460457,1.0,0.0,1.0,0.0,1.0,0.0
39,25,7.612889307310779,11.765272042400673,0.0,1.0,1.0,1.0,1.0,1.0
0,30,9.830430651927443,3.10578207456325,0.0,1.0,0.0,1.0,0.0,1.0
1,30,1.4986545222896996,5.86231080462099,1.0,0.0,1.0,1.0,1.0,1.0
2,30,6.970222573857695,6.342483456671793,0.0,0.0,0.0,0.0,0.0,0.0
3,30,6.324884116461928,8.712054275385428,0.0,0.0,1.0,0.0,0.0,0.0
4,30,11.64829293430198,8.07464362999108,0.0,0.0,1.0,0.0,1.0,0.0
5,30,5.238424786226954,12.0,1.0,1.0,0.0,0.0,0.0,0.0
6,30,9.662456945273606,0.0,1.0,0.0,1.0,0.0,1.0,1.0
7,30,2.201244998204382,4.621436670598857,0.0,0.0,0.0,0.0,1.0,0.0
8,30,4.508044376766371,6.772889708957898,0.0,0.0,1.0,1.0,0.0,1.0
9,30,11.805690264248147,10.841931016703928,1.0,0.0,0.0,1.0,0.0,0.0
10,30,0.8589555210738927,9.172809547720576,0.0,1.0,1.0,0.0,0.0,0.0
11,30,4.05399387205457,3.186612002027323,0.0,0.0,0.0,0.0,1.0,1.0
12,30,0.1054011048399169,6.820127763885545,0.0,0.0,0.0,0.0,0.0,0.0
13,30,5.365505151827296,10.96679000758838,0.0,1.0,0.0,1.0,1.0,0.0
14,30,10.49840614384046,4.313027327180439,1.0,0.0,0.0,1.0,0.0,0.0
15,30,11.929674631907329,7.998054827895471,0.0,0.0,0.0,0.0,1.0,0.0
16,30,9.897658221528692,8.01995524979352,1.0,0.0,0.0,0.0,1.0,0.0
17,30,6.075867097463918,6.464468543590976,1.0,0.0,0.0,1.0,0.0,0.0
18,30,10.710391301539422,4.03973734573047,0.0,0.0,0.0,0.0,0.0,0.0
19,30,12.0,8.033977965722212,0.0,0.0,1.0,1.0,0.0,0.0
20,30,3.132010057622339,9.837190340763238,0.0,0.0,0.0,0.0,0.0,0.0
21,30,7.644463109820626,0.0,0.0,0.0,0.0,0.0,1.0,1.0
22,30,8.97762987148009,11.845508408297468,0.0,0.0,0.0,0.0,0.0,0.0
23,30,1.0882243259866675,5.501072411532915,0.0,1.0,1.0,1.0,0.0,1.0
24,30,8.819504641211712,12.0,1.0,1.0,1.0,1.0,0.0,0.0
25,30,6.803610073974068,2.279888345877609,0.0,1.0,0.0,0.0,1.0,1.0
26,30,4.934614789923758,1.1155426944812008,0.0,0.0,0.0,1.0,1.0,1.0
27,30,12.0,11.992986938618063,0.0,0.0,0.0,1.0,0.0,1.0
28,30,0.9625666322026688,7.59545990032756,0.0,0.0,0.0,0.0,0.0,0.0
29,30,9.74508639698993,3.950138330347584,1.0,0.0,0.0,0.0,0.0,0.0
30,30,0.0,3.6294656973600503,1.0,1.0,0.0,0.0,1.0,1.0
31,30,9.052891167857805,4.192201968819579,1.0,1.0,1.0,1.0,0.0,0.0
32,30,2.391536408977174,8.139363697178418,0.0,0.0,0.0,1.0,0.0,0.0
33,30,1.6903532528096628,0.136711596661582,0.0,1.0,0.0,0.0,0.0,0.0
34,30,10.033108497900413,10.936344235714811,0.0,1.0,0.0,0.0,1.0,0.0
35,30,0.0649326947021568,1.7685725525596871,1.0,0.0,0.0,0.0,1.0,0.0
36,30,3.8726667216148063,0.6687712479529824,0.0,1.0,1.0,0.0,1.0,1.0
37,30,8.688594788751276,6.741811481750905,1.0,0.0,0.0,0.0,1.0,1.0
38,30,10.964772427961105,9.820903211557445,1.0,0.0,1.0,0.0,1.0,0.0
39,30,7.554509217250316,11.727536912799977,0.0,1.0,1.0,1.0,1.0,1.0
0,35,9.789330096662146,3.131805967758416,0.0,1.0,0.0,1.0,0.0,1.0
1,35,1.4095702757553763,5.832493673879238,1.0,0.0,1.0,1.0,1.0,1.0
2,35,6.965506394114123,6.386365802606133,0.0,0.0,0.0,0.0,0.0,0.0
3,35,6.368345274179834,8.676141732630658,0.0,0.0,1.0,0.0,0.0,0.0
4,35,11.589024383258325,8.088174877793552,0.0,0.0,1.0,0.0,1.0,0.0
5,35,5.26185712101817,12.0,1.0,1.0,0.0,0.0,0.0,0.0
6,35,9.611393698691158,0.0,1.0,0.0,1.0,0.0,1.0,1.0
7,35,2.204778896171644,4.614355123663302,0.0,0.0,0.0,0.0,1.0,0.0
8,35,4.4545506043450525,6.749741179342108,0.0,0.0,1.0,1.0,0.0,1.0
9,35,11.787002039023903,10.824540281922744,1.0,0.0,0.0,1.0,0.0,0.0
10,35,0.8326448789211033,9.213793261502506,0.0,1.0,1.0,0.0,0.0,0.0
11,35,4.059062204499832,3.203436757017651,0.0,0.0,0.0,0.0,1.0,1.0
12,35,0.1210446856310085,6.789123191110897,0.0,0.0,0.0,0.0,0.0,0.0
13,35,5.411527308393533,10.964280109266504,0.0,1.0,0.0,1.0,1.0,0.0
14,35,10.56854155246891,4.356301664785072,1.0,0.0,0.0,1.0,0.0,0.0
15,35,11.950736542685474,8.004641041619362,0.0,0.0,0.0,0.0,1.0,0.0
16,35,9.901134000525095,8.01915247791123,1.0,0.0,0.0,0.0,1.0,0.0
17,35,6.087069427473884,6.394405438479008,1.0,0.0,0.0,1.0,0.0,0.0
18,35,10.673695397193848,4.03834963755883,0.0,0.0,0.0,0.0,0.0,0.0
19,35,12.0,8.040700707073338,0.0,0.0,1.0,1.0,0.0,0.0
20,35,3.132757873023877,9.837967797975685,0.0,0.0,0.0,0.0,0.0,0.0
21,35,7.588919825113895,0.0,0.0,0.0,0.0,0.0,1.0,1.0
22,35,8.975269780218813,11.828659274411253,0.0,0.0,0.0,0.0,0.0,0.0
23,35,1.104753900916951,5.610150359551494,0.0,1.0,1.0,1.0,0.0,1.0
24,35,8.794001209057576,12.0,1.0,1.0,1.0,1.0,0.0,0.0
25,35,6.778810165982597,2.314902082815936,0.0,1.0,0.0,0.0,1.0,1.0
26,35,4.936428692743729,1.1124450934732748,0.0,0.0,0.0,1.0,1.0,1.0
27,35,12.0,12.0,0.0,0.0,0.0,1.0,0.0,1.0
28,35,0.9563237782802269,7.534044207729886,0.0,0.0,0.0,0.0,0.0,0.0
29,35,9.72673086256226,3.9464649401437417,1.0,0.0,0.0,0.0,0.0,0.0
30,35,0.0,3.733939763101695,1.0,1.0,0.0,0.0,1.0,1.0
31,35,9.051000987665756,4.1859493196862845,1.0,1.0,1.0,1.0,0.0,0.0
32,35,2.466298432057276,8.165208396200303,0.0,0.0,0.0,1.0,0.0,0.0
33,35,1.652302154663707,0.1684805870523873,0.0,1.0,0.0,0.0,0.0,0.0
34,35,10.047739056121976,10.952137735215905,0.0,1.0,0.0,0.0,1.0,0.0
35,35,0.1340620048706418,1.7093682392598786,1.0,0.0,0.0,0.0,1.0,0.0
36,35,3.861021221370244,0.6406247534553705,0.0,1.0,1.0,0.0,1.0,1.0
37,35,8.638103508238531,6.698217659778636,1.0,0.0,0.0,0.0,1.0,1.0
38,35,10.92564147910698,9.776629441157455,1.0,0.0,1.0,0.0,1.0,0.0
39,35,7.499329135724513,11.690620841205687,0.0,1.0,1.0,1.0,1.0,1.0
0,40,9.740873186393957,3.161739545272737,0.0,1.0,0.0,1.0,0.0,1.0
1,40,1.3286466431725923,5.803605884899211,1.0,0.0,1.0,1.0,1.0,1.0
2,40,6.956803602634648,6.45559818549935,0.0,0.0,0.0,0.0,0.0,0.0
3,40,6.3964462161066695,8.71027939233892,0.0,0.0,1.0,0.0,0.0,0.0
4,40,11.546712030022054,8.09811540100352,0.0,0.0,1.0,0.0,1.0,0.0
5,40,5.278476705401823,12.0,1.0,1.0,0.0,0.0,0.0,0.0
6,40,9.566805908105971,0.0,1.0,0.0,1.0,0.0,1.0,1.0
7,40,2.2014950330625176,4.621259377554942,0.0,0.0,0.0,0.0,1.0,0.0
8,40,4.398933849861908,6.724479877775312,0.0,0.0,1.0,1.0,0.0,1.0
9,40,11.771492448857543,10.809934943281178,1.0,0.0,0.0,1.0,0.0,0.0
10,40,0.8049502469907093,9.255868812441646,0.0,1.0,1.0,0.0,0.0,0.0
11,40,4.064244888651562,3.219366426677404,0.0,0.0,0.0,0.0,1.0,1.0
12,40,0.139322081771824,6.755378271122447,0.0,0.0,0.0,0.0,0.0,0.0
13,40,5.470200702093509,10.960936829696958,0.0,1.0,0.0,1.0,1.0,0.0
14,40,10.625285271028986,4.392207081017567,1.0,0.0,0.0,1.0,0.0,0.0
15,40,11.971704150661257,8.011001496583065,0.0,0.0,0.0,0.0,1.0,0.0
16,40,9.8991404042185,8.01953638041769,1.0,0.0,0.0,0.0,1.0,0.0
17,40,6.0955411750611965,6.344356638058159,1.0,0.0,0.0,1.0,0.0,0.0
18,40,10.652027766273278,4.038179859781779,0.0,0.0,0.0,0.0,0.0,0.0
19,40,12.0,8.04714454571674,0.0,0.0,1.0,1.0,0.0,0.0
20,40,3.144309513081769,9.85059081650464,0.0,0.0,0.0,0.0,0.0,0.0
21,40,7.523398280271545,0.0,0.0,0.0,0.0,0.0,1.0,1.0
22,40,8.97360270411569,11.815006676288425,0.0,0.0,0.0,0.0,0.0,0.0
23,40,1.120092184661991,5.71843032254893,0.0,1.0,1.0,1.0,0.0,1.0
24,40,8.764046324209396,12.0,1.0,1.0,1.0,1.0,0.0,0.0
25,40,6.746957551972452,2.358260022349832,0.0,1.0,0.0,0.0,1.0,1.0
26,40,4.945006910564633,1.0965066595422457,0.0,0.0,0.0,1.0,1.0,1.0
27,40,12.0,12.0,0.0,0.0,0.0,1.0,0.0,1.0
28,40,0.9494541648679402,7.468457856228325,0.0,0.0,0.0,0.0,0.0,0.0
29,40,9.680354101123,3.9365586607710665,1.0,0.0,0.0,0.0,0.0,0.0
30,40,0.0,3.831128657371739,1.0,1.0,0.0,0.0,1.0,1.0
31,40,9.047500905167764,4.174652902342804,1.0,1.0,1.0,1.0,0.0,0.0
32,40,2.555793037159262,8.194212093956027,0.0,0.0,0.0,1.0,0.0,0.0
33,40,1.6158091332546196,0.2005786708984254,0.0,1.0,0.0,0.0,0.0,0.0
34,40,10.064968028157478,10.970739772693763,0.0,1.0,0.0,0.0,1.0,0.0
35,40,0.1973283363589331,1.6534622412833095,1.0,0.0,0.0,0.0,1.0,0.0
36,40,3.849504818859917,0.6135059610148309,0.0,1.0,1.0,0.0,1.0,1.0
37,40,8.575297316156792,6.644159234937336,1.0,0.0,0.0,0.0,1.0,1.0
38,40,10.88494359242231,9.727604049707804,1.0,0.0,1.0,0.0,1.0,0.0
39,40,7.458570142660874,11.663732816245671,0.0,1.0,1.0,1.0,1.0,1.0
0,45,9.671311106722593,3.204418616472488,0.0,1.0,0.0,1.0,0.0,1.0
1,45,1.2563853664073836,5.777756231556412,1.0,0.0,1.0,1.0,1.0,1.0
2,45,6.948388842496265,6.522513259239029,0.0,0.0,0.0,0.0,0.0,0.0
3,45,6.42374107342476,8.743159616922425,0.0,0.0,1.0,0.0,0.0,0.0
4,45,11.5249111355975,8.1035433785019,0.0,0.0,1.0,0.0,1.0,0.0
5,45,5.314707542062673,12.0,1.0,1.0,0.0,0.0,0.0,0.0
6,45,9.527811692857544,0.0,1.0,0.0,1.0,0.0,1.0,1.0
7,45,2.210300428746793,4.6025499232573,0.0,0.0,0.0,0.0,1.0,0.0
8,45,4.345434294817895,6.700762971676084,0.0,0.0,1.0,1.0,0.0,1.0
9,45,11.739505712717838,10.779300700044352,1.0,0.0,0.0,1.0,0.0,0.0
10,45,0.7745623447566709,9.302515904380677,0.0,1.0,1.0,0.0,0.0,0.0
11,45,4.067930627890368,3.2300039251007675,0.0,0.0,0.0,0.0,1.0,1.0
12,45,0.1508137928518758,6.734795875545061,0.0,0.0,0.0,0.0,0.0,0.0
13,45,5.540301097854023,10.958873957668663,0.0,1.0,0.0,1.0,1.0,0.0
14,45,10.694351245980478,4.434120009813366,1.0,0.0,0.0,1.0,0.0,0.0
15,45,11.978635491683365,8.012934066900458,0.0,0.0,0.0,0.0,1.0,0.0
16,45,9.9023332507504,8.018915636812736,1.0,0.0,0.0,0.0,1.0,0.0
17,45,6.099904243212388,6.318075300994543,1.0,0.0,0.0,1.0,0.0,0.0
18,45,10.631100400160364,4.038153095697772,0.0,0.0,0.0,0.0,0.0,0.0
19,45,12.0,8.052283578693455,0.0,0.0,1.0,1.0,0.0,0.0
20,45,3.155645971309877,9.864538504066989,0.0,0.0,0.0,0.0,0.0,0.0
21,45,7.450921044712755,0.0,0.0,0.0,0.0,0.0,1.0,1.0
22,45,8.973436606576259,11.813700722089177,0.0,0.0,0.0,0.0,0.0,0.0
23,45,1.1332044909596768,5.804596546739906,0.0,1.0,1.0,1.0,0.0,1.0
24,45,8.733242299600086,12.0,1.0,1.0,1.0,1.0,0.0,0.0
25,45,6.7005724258870565,2.417734043546112,0.0,1.0,0.0,0.0,1.0,1.0
26,45,4.959309494183632,1.0708930631593991,0.0,0.0,0.0,1.0,1.0,1.0
27,45,12.0,12.0,0.0,0.0,0.0,1.0,0.0,1.0
28,45,0.942458650409379,7.400660769999012,0.0,0.0,0.0,0.0,0.0,0.0
29,45,9.638115075530644,3.929463458115383,1.0,0.0,0.0,0.0,0.0,0.0
30,45,0.0,3.907970907562701,1.0,1.0,0.0,0.0,1.0,1.0
31,45,9.040231551364082,4.150346578048477,1.0,1.0,1.0,1.0,0.0,0.0
32,45,2.659928418807916,8.228214326490907,0.0,0.0,0.0,1.0,0.0,0.0
33,45,1.5767712729166898,0.2358232586411435,0.0,1.0,0.0,0.0,0.0,0.0
34,45,10.083437344279671,10.990874442594396,0.0,1.0,0.0,0.0,1.0,0.0
35,45,0.282560393597007,1.5754354196547085,1.0,0.0,0.0,0.0,1.0,0.0
36,45,3.8387181354873623,0.5887377065681688,0.0,1.0,1.0,0.0,1.0,1.0
37,45,8.523691273616024,6.600441247907821,1.0,0.0,0.0,0.0,1.0,1.0
38,45,10.845112644285596,9.676694125464769,1.0,0.0,1.0,0.0,1.0,0.0
39,45,7.418305122358288,11.636795974585342,0.0,1.0,1.0,1.0,1.0,1.0
0,50,9.594056349548351,3.252022218198471,0.0,1.0,0.0,1.0,0.0,1.0
1,50,1.2859124947935343,5.688675625185955,1.0,0.0,1.0,1.0,1.0,1.0
2,50,6.9401814311892345,6.585132271854439,0.0,0.0,0.0,0.0,0.0,0.0
3,50,6.451570521686188,8.775638436991828,0.0,0.0,1.0,0.0,0.0,0.0
4,50,11.496154741298485,8.111130557179875,0.0,0.0,1.0,0.0,1.0,0.0
5,50,5.348874720769033,12.0,1.0,1.0,0.0,0.0,0.0,0.0
6,50,9.482726118335114,0.0,1.0,0.0,1.0,0.0,1.0,1.0
7,50,2.2135044294447974,4.59603910057777,0.0,0.0,0.0,0.0,1.0,0.0
8,50,4.312816683370103,6.687062040942099,0.0,0.0,1.0,1.0,0.0,1.0
9,50,11.706686126940358,10.749626785275016,1.0,0.0,0.0,1.0,0.0,0.0
10,50,0.7340983446880088,9.370955849295049,0.0,1.0,1.0,0.0,0.0,0.0
11,50,4.071804010231518,3.2426029956359947,0.0,0.0,0.0,0.0,1.0,1.0
12,50,0.1599063520000139,6.719181563895038,0.0,0.0,0.0,0.0,0.0,0.0
13,50,5.605771431134401,10.958115751301724,0.0,1.0,0.0,1.0,1.0,0.0
14,50,10.758856520208212,4.471389097422048,1.0,0.0,0.0,1.0,0.0,0.0
15,50,11.967144420227404,8.009622080429159,0.0,0.0,0.0,0.0,1.0,0.0
16,50,9.89581338287226,8.020192144366863,1.0,0.0,0.0,0.0,1.0,0.0
17,50,6.108681147918538,6.275150309327965,1.0,0.0,0.0,1.0,0.0,0.0
18,50,10.620400358311684,4.038341790461035,0.0,0.0,0.0,0.0,0.0,0.0
19,50,12.0,8.058285311158798,0.0,0.0,1.0,1.0,0.0,0.0
20,50,3.1722528111955697,9.884376006867775,0.0,0.0,0.0,0.0,0.0,0.0
21,50,7.384655569796099,0.0,0.0,0.0,0.0,0.0,1.0,1.0
22,50,8.97095307010121,11.79523801359573,0.0,0.0,0.0,0.0,0.0,0.0
23,50,1.1452339046910156,5.890642971721368,0.0,1.0,1.0,1.0,0.0,1.0
24,50,8.705780566781947,12.0,1.0,1.0,1.0,1.0,0.0,0.0
25,50,6.655410255131442,2.476014042707817,0.0,1.0,0.0,0.0,1.0,1.0
26,50,4.973982302841043,1.044159377751375,0.0,0.0,0.0,1.0,1.0,1.0
27,50,12.0,12.0,0.0,0.0,0.0,1.0,0.0,1.0
28,50,0.9338718438518918,7.315139674862029,0.0,0.0,0.0,0.0,0.0,0.0
29,50,9.591719541237492,3.9223142331496335,1.0,0.0,0.0,0.0,0.0,0.0
30,50,0.0,3.977411897745853,1.0,1.0,0.0,0.0,1.0,1.0
31,50,9.032606889725304,4.124450377409877,1.0,1.0,1.0,1.0,0.0,0.0
32,50,2.7489927478535354,8.256445502186391,0.0,0.0,0.0,1.0,0.0,0.0
33,50,1.5507776196166914,0.2601067443482898,0.0,1.0,0.0,0.0,0.0,0.0
34,50,10.10260591878972,11.012771551998254,0.0,1.0,0.0,0.0,1.0,0.0
35,50,0.3710028940111882,1.4956668373025466,1.0,0.0,0.0,0.0,1.0,0.0
36,50,3.827428949425546,0.5631744795304592,0.0,1.0,1.0,0.0,1.0,1.0
37,50,8.47387400831163,6.557886352922234,1.0,0.0,0.0,0.0,1.0,1.0
38,50,10.799242766735643,9.616424928847865,1.0,0.0,1.0,0.0,1.0,0.0
39,50,7.36518477797282,11.602478873075007,0.0,1.0,1.0,1.0,1.0,1.0
0,55,9.524687300322158,3.2964770909778536,0.0,1.0,0.0,1.0,0.0,1.0
1,55,1.3125332726369243,5.607970122265895,1.0,0.0,1.0,1.0,1.0,1.0
2,55,6.933805801895951,6.632531066803914,0.0,0.0,0.0,0.0,0.0,0.0
3,55,6.498675708762822,8.829844032442505,0.0,0.0,1.0,0.0,0.0,0.0
4,55,11.48292684877635,8.114640613884175,0.0,0.0,1.0,0.0,1.0,0.0
5,55,5.391097318493457,12.0,1.0,1.0,0.0,0.0,0.0,0.0
6,55,9.412214854605269,0.0,1.0,0.0,1.0,0.0,1.0,1.0
7,55,2.2197938950520144,4.582018725339197,0.0,0.0,0.0,0.0,1.0,0.0
8,55,4.293031139189115,6.678976244756178,0.0,0.0,1.0,1.0,0.0,1.0
9,55,11.68119679695798,10.726658550710392,1.0,0.0,0.0,1.0,0.0,0.0
10,55,0.6833638316742454,9.460017112598958,0.0,1.0,1.0,0.0,0.0,0.0
11,55,4.076125772413229,3.258121565647846,0.0,0.0,0.0,0.0,1.0,1.0
12,55,0.1614962408290657,6.716359960286137,0.0,0.0,0.0,0.0,0.0,0.0
13,55,5.6652774663039365,10.959095605578428,0.0,1.0,0.0,1.0,1.0,0.0
14,55,10.837812958959324,4.5188223707423525,1.0,0.0,0.0,1.0,0.0,0.0
15,55,11.97813533688378,8.012476371994282,0.0,0.0,0.0,0.0,1.0,0.0
16,55,9.873249134301656,8.024441603791816,1.0,0.0,0.0,0.0,1.0,0.0
17,55,6.117487195367081,6.231431531635444,1.0,0.0,0.0,1.0,0.0,0.0
18,55,10.600457152032726,4.038420985083173,0.0,0.0,0.0,0.0,0.0,0.0
19,55,12.0,8.061979888143263,0.0,0.0,1.0,1.0,0.0,0.0
20,55,3.195434827349571,9.911488441820907,0.0,0.0,0.0,0.0,0.0,0.0
21,55,7.317889781517287,0.0,0.0,0.0,0.0,0.0,1.0,1.0
22,55,8.966586573865248,11.7637635748979,0.0,0.0,0.0,0.0,0.0,0.0
23,55,1.1567024176475476,5.98608924035041,0.0,1.0,1.0,1.0,0.0,1.0
24,55,8.673236539349192,12.0,1.0,1.0,1.0,1.0,0.0,0.0
25,55,6.615251378245807,2.528376201155161,0.0,1.0,0.0,0.0,1.0,1.0
26,55,4.980070901981709,1.033300841707832,0.0,0.0,0.0,1.0,1.0,1.0
27,55,12.0,12.0,0.0,0.0,0.0,1.0,0.0,1.0
28,55,0.927151079474258,7.243541393379989,0.0,0.0,0.0,0.0,0.0,0.0
29,55,9.564957985420389,3.918108652032368,1.0,0.0,0.0,0.0,0.0,0.0
30,55,0.0,4.030838524001182,1.0,1.0,0.0,0.0,1.0,1.0
31,55,9.029760175137394,4.115304042653572,1.0,1.0,1.0,1.0,0.0,0.0
32,55,2.842723450140095,8.288783824903316,0.0,0.0,0.0,1.0,0.0,0.0
33,55,1.5299128895032756,0.2800467620840081,0.0,1.0,0.0,0.0,0.0,0.0
34,55,10.12130209824386,11.034850559612696,0.0,1.0,0.0,0.0,1.0,0.0
35,55,0.4492818401614562,1.4211261355805735,1.0,0.0,0.0,0.0,1.0,0.0
36,55,3.811404317930736,0.5252419511339983,0.0,1.0,1.0,0.0,1.0,1.0
37,55,8.433474219266506,6.521398697047252,1.0,0.0,0.0,0.0,1.0,1.0
38,55,10.749319045866418,9.550861069136635,1.0,0.0,1.0,0.0,1.0,0.0
39,55,7.310670786461022,11.566331450844311,0.0,1.0,1.0,1.0,1.0,1.0
0,60,9.467774660011314,3.333646861637108,0.0,1.0,0.0,1.0,0.0,1.0
1,60,1.3338054262956869,5.541291728425419,1.0,0.0,1.0,1.0,1.0,1.0
2,60,6.92545401410819,6.695371334357266,0.0,0.0,0.0,0.0,0.0,0.0
3,60,6.541228342368653,8.880033292913584,0.0,0.0,1.0,0.0,0.0,0.0
4,60,11.471242117107067,8.117712223281545,0.0,0.0,1.0,0.0,1.0,0.0
5,60,5.423987374932666,12.0,1.0,1.0,0.0,0.0,0.0,0.0
6,60,9.344600074099944,0.0,1.0,0.0,1.0,0.0,1.0,1.0
7,60,2.22868841952214,4.561647338755072,0.0,0.0,0.0,0.0,1.0,0.0
8,60,4.303253719394208,6.683083122198736,0.0,0.0,1.0,1.0,0.0,1.0
9,60,11.644015944336108,10.692414333089303,1.0,0.0,0.0,1.0,0.0,0.0
10,60,0.6181362470337908,9.569070726618245,0.0,1.0,1.0,0.0,0.0,0.0
11,60,4.073743105468781,3.249878817237392,0.0,0.0,0.0,0.0,1.0,1.0
12,60,0.1705434725304279,6.700013224830681,0.0,0.0,0.0,0.0,0.0,0.0
13,60,5.73989307366092,10.962839055800114,0.0,1.0,0.0,1.0,1.0,0.0
14,60,10.911116140387248,4.5623976248993685,1.0,0.0,0.0,1.0,0.0,0.0
15,60,11.97920028025491,8.012752147393803,0.0,0.0,0.0,0.0,1.0,0.0
16,60,9.847957972023664,8.02914784922645,1.0,0.0,0.0,0.0,1.0,0.0
17,60,6.119384473879515,6.222061119985221,1.0,0.0,0.0,1.0,0.0,0.0
18,60,10.559591564526867,4.038835174857676,0.0,0.0,0.0,0.0,0.0,0.0
19,60,12.0,8.068367628010117,0.0,0.0,1.0,1.0,0.0,0.0
20,60,3.2323509308207288,9.95244317170618,0.0,0.0,0.0,0.0,0.0,0.0
21,60,7.240508757337518,0.0,0.0,0.0,0.0,0.0,1.0,1.0
22,60,8.966317741747789,11.761701882591977,0.0,0.0,0.0,0.0,0.0,0.0
23,60,1.1686230604137622,6.076803372742679,0.0,1.0,1.0,1.0,0.0,1.0
24,60,8.639544017840675,12.0,1.0,1.0,1.0,1.0,0.0,0.0
25,60,6.590375170019827,2.559948976927775,0.0,1.0,0.0,0.0,1.0,1.0
26,60,4.986066139353092,1.022446964945497,0.0,0.0,0.0,1.0,1.0,1.0
27,60,12.0,12.0,0.0,0.0,0.0,1.0,0.0,1.0
28,60,0.9226771945652594,7.172227270514262,0.0,0.0,0.0,0.0,0.0,0.0
29,60,9.551169487036931,3.915780959717333,1.0,0.0,0.0,0.0,0.0,0.0
30,60,0.0,4.058078718410671,1.0,1.0,0.0,0.0,1.0,1.0
31,60,9.022705400927352,4.095193463085471,1.0,1.0,1.0,1.0,0.0,0.0
32,60,2.9299318989630048,8.318638617905371,0.0,0.0,0.0,1.0,0.0,0.0
33,60,1.4958311981535344,0.3128568927199738,0.0,1.0,0.0,0.0,0.0,0.0
34,60,10.130787613618237,11.046223963006511,0.0,1.0,0.0,0.0,1.0,0.0
35,60,0.5325577681525042,1.3415986608985326,1.0,0.0,0.0,0.0,1.0,0.0
36,60,3.7990922941789647,0.4972808160179462,0.0,1.0,1.0,0.0,1.0,1.0
37,60,8.392724008411008,6.484009436792624,1.0,0.0,0.0,0.0,1.0,1.0
38,60,10.692952036133198,9.476616853040628,1.0,0.0,1.0,0.0,1.0,0.0
39,60,7.250286991312545,11.526969744800155,0.0,1.0,1.0,1.0,1.0,1.0
0,65,9.391392335092348,3.3821890414754856,0.0,1.0,0.0,1.0,0.0,1.0
1,65,1.3539216984142255,5.481542223131152,1.0,0.0,1.0,1.0,1.0,1.0
2,65,6.911401364113855,6.785829938084966,0.0,0.0,0.0,0.0,0.0,0.0
3,65,6.595480815635232,8.939298784794353,0.0,0.0,1.0,0.0,0.0,0.0
4,65,11.475736236457578,8.116478076599751,0.0,0.0,1.0,0.0,1.0,0.0
5,65,5.452971197879481,12.0,1.0,1.0,0.0,0.0,0.0,0.0
6,65,9.264550017098657,0.0,1.0,0.0,1.0,0.0,1.0,1.0
7,65,2.239224637707332,4.539138354386259,0.0,0.0,0.0,0.0,1.0,0.0
8,65,4.334066387666278,6.695958692559386,0.0,0.0,1.0,1.0,0.0,1.0
9,65,11.597563605365789,10.650491155380664,1.0,0.0,0.0,1.0,0.0,0.0
10,65,0.543111723098121,9.691342235322452,0.0,1.0,1.0,0.0,0.0,0.0
11,65,4.066866686385644,3.2262218344851123,0.0,0.0,0.0,0.0,1.0,1.0
12,65,0.179860562178757,6.684896182635484,0.0,0.0,0.0,0.0,0.0,0.0
13,65,5.826732323690204,10.969622489092536,0.0,1.0,0.0,1.0,1.0,0.0
14,65,11.00555807228926,4.618895114013634,1.0,0.0,0.0,1.0,0.0,0.0
15,65,11.97202302011945,8.01104249705136,0.0,0.0,0.0,0.0,1.0,0.0
16,65,9.815469205797406,8.03545546742429,1.0,0.0,0.0,0.0,1.0,0.0
17,65,6.1214035534326365,6.211559404797589,1.0,0.0,0.0,1.0,0.0,0.0
18,65,10.499060742902142,4.039379608959672,0.0,0.0,0.0,0.0,0.0,0.0
19,65,12.0,8.073885958566317,0.0,0.0,1.0,1.0,0.0,0.0
20,65,3.265472728780316,9.988550114630248,0.0,0.0,0.0,0.0,0.0,0.0
21,65,7.17767689269701,0.0,0.0,0.0,0.0,0.0,1.0,1.0
22,65,8.967967168122865,11.772166174280628,0.0,0.0,0.0,0.0,0.0,0.0
23,65,1.181176180644131,6.163463692100988,0.0,1.0,1.0,1.0,0.0,1.0
24,65,8.606888483036316,12.0,1.0,1.0,1.0,1.0,0.0,0.0
25,65,6.570110488734362,2.586832306503425,0.0,1.0,0.0,0.0,1.0,1.0
26,65,4.987891234956976,1.0191487978983826,0.0,0.0,0.0,1.0,1.0,1.0
27,65,12.0,12.0,0.0,0.0,0.0,1.0,0.0,1.0
28,65,0.9202518087577312,7.097745515661013,0.0,0.0,0.0,0.0,0.0,0.0
29,65,9.553596655316005,3.916253241155901,1.0,0.0,0.0,0.0,0.0,0.0
30,65,0.0,4.094147564002153,1.0,1.0,0.0,0.0,1.0,1.0
31,65,9.012549734241702,4.066282259459885,1.0,1.0,1.0,1.0,0.0,0.0
32,65,3.002931375795161,8.34430837924548,0.0,0.0,0.0,1.0,0.0,0.0
33,65,1.4588699965895002,0.3472499324103614,0.0,1.0,0.0,0.0,0.0,0.0
34,65,10.142996642495069,11.06085894761368,0.0,1.0,0.0,0.0,1.0,0.0
35,65,0.596165711323262,1.2799737578159929,1.0,0.0,0.0,0.0,1.0,0.0
36,65,3.783718616087776,0.4620138425935938,0.0,1.0,1.0,0.0,1.0,1.0
37,65,8.34003812845904,6.435815165523929,1.0,0.0,0.0,0.0,1.0,1.0
38,65,10.631339021088827,9.39466542282747,1.0,0.0,1.0,0.0,1.0,0.0
39,65,7.193390049050883,11.489840946295056,0.0,1.0,1.0,1.0,1.0,1.0
0,70,9.324604226236094,3.423365351543963,0.0,1.0,0.0,1.0,0.0,1.0
1,70,1.2723638525057317,5.4481388401295465,1.0,0.0,1.0,1.0,1.0,1.0
2,70,6.8990535477753685,6.864992239580797,0.0,0.0,0.0,0.0,0.0,0.0
3,70,6.6714777725629535,9.028229947991138,0.0,0.0,1.0,0.0,0.0,0.0
4,70,11.477103589584472,8.116062023835783,0.0,0.0,1.0,0.0,1.0,0.0
5,70,5.482830330038521,12.0,1.0,1.0,0.0,0.0,0.0,0.0
6,70,9.189085606633654,0.0,1.0,0.0,1.0,0.0,1.0,1.0
7,70,2.24482578920043,4.527516281262407,0.0,0.0,0.0,0.0,1.0,0.0
8,70,4.357114944221277,6.705704913170129,0.0,0.0,1.0,1.0,0.0,1.0
9,70,11.547651121346904,10.608588635904454,1.0,0.0,0.0,1.0,0.0,0.0
10,70,0.4633047421020071,9.816559688167793,0.0,1.0,1.0,0.0,0.0,0.0
11,70,4.062671159114196,3.2122333028514536,0.0,0.0,0.0,0.0,1.0,1.0
12,70,0.1903986569659372,6.666212915989802,0.0,0.0,0.0,0.0,0.0,0.0
13,70,5.892318533824998,10.973541829702723,0.0,1.0,0.0,1.0,1.0,0.0
14,70,11.121608549681364,4.689030439874118,1.0,0.0,0.0,1.0,0.0,0.0
15,70,11.945040713740548,8.0051065345796,0.0,0.0,0.0,0.0,1.0,0.0
16,70,9.78132076899166,8.04202743260177,1.0,0.0,0.0,0.0,1.0,0.0
17,70,6.126024901001783,6.182443194963278,1.0,0.0,0.0,1.0,0.0,0.0
18,70,10.44203097875951,4.040794907373671,0.0,0.0,0.0,0.0,0.0,0.0
19,70,12.0,8.07826135125479,0.0,0.0,1.0,1.0,0.0,0.0
20,70,3.3029608982810457,10.027818787702696,0.0,0.0,0.0,0.0,0.0,0.0
21,70,7.10730642930556,0.0,0.0,0.0,0.0,0.0,1.0,1.0
22,70,8.970737817967915,11.788740623305914,0.0,0.0,0.0,0.0,0.0,0.0
23,70,1.191192284270813,6.242222386265581,0.0,1.0,1.0,1.0,0.0,1.0
24,70,8.57790015552214,12.0,1.0,1.0,1.0,1.0,0.0,0.0
25,70,6.540654752903454,2.626863206449334,0.0,1.0,0.0,0.0,1.0,1.0
26,70,4.988032323374961,1.0189095755133315,0.0,0.0,0.0,1.0,1.0,1.0
27,70,12.0,12.0,0.0,0.0,0.0,1.0,0.0,1.0
28,70,0.9153707105053048,7.013206472459448,0.0,0.0,0.0,0.0,0.0,0.0
29,70,9.53369552071797,3.9118086117930937,1.0,0.0,0.0,0.0,0.0,0.0
30,70,0.0,4.132239553848988,1.0,1.0,0.0,0.0,1.0,1.0
31,70,9.00305570868778,4.037517876253302,1.0,1.0,1.0,1.0,0.0,0.0
32,70,3.07506890686857,8.370627690454356,0.0,0.0,0.0,1.0,0.0,0.0
33,70,1.4195323544302945,0.3835689502485607,0.0,1.0,0.0,0.0,0.0,0.0
34,70,10.1618708147838,11.08249082804522,0.0,1.0,0.0,0.0,1.0,0.0
35,70,0.6586167313967932,1.2203302607813775,1.0,0.0,0.0,0.0,1.0,0.0
36,70,3.763657330950171,0.415926747037758,0.0,1.0,1.0,0.0,1.0,1.0
37,70,8.295091692101868,6.39548527914485,1.0,0.0,0.0,0.0,1.0,1.0
38,70,10.56746311969577,9.31107326909327,1.0,0.0,1.0,0.0,1.0,0.0
39,70,7.136292152340996,11.453332608709696,0.0,1.0,1.0,1.0,1.0,1.0
0,75,9.261003145370124,3.460910662485015,0.0,1.0,0.0,1.0,0.0,1.0
1,75,1.187125190276226,5.414794652435775,1.0,0.0,1.0,1.0,1.0,1.0
2,75,6.886462703776508,6.934048889795916,0.0,0.0,0.0,0.0,0.0,0.0
3,75,6.743698672292638,9.114300865039908,0.0,0.0,1.0,0.0,0.0,0.0
4,75,11.461681975190766,8.120664062936788,0.0,0.0,1.0,0.0,1.0,0.0
5,75,5.527207868510176,12.0,1.0,1.0,0.0,0.0,0.0,0.0
6,75,9.107040292293515,0.0,1.0,0.0,1.0,0.0,1.0,1.0
7,75,2.251221666195372,4.514290878598607,0.0,0.0,0.0,0.0,1.0,0.0
8,75,4.385589539580102,6.717989007140099,0.0,0.0,1.0,1.0,0.0,1.0
9,75,11.490165342975873,10.56018072098593,1.0,0.0,0.0,1.0,0.0,0.0
10,75,0.3862367396572836,9.94698577156573,0.0,1.0,1.0,0.0,0.0,0.0
11,75,4.056643678344095,3.1934959790429502,0.0,0.0,0.0,0.0,1.0,1.0
12,75,0.2081902173755649,6.634863043527487,0.0,0.0,0.0,0.0,0.0,0.0
13,75,5.962027229673982,10.97749832487838,0.0,1.0,0.0,1.0,1.0,0.0
14,75,11.230977633225672,4.751719189437996,1.0,0.0,0.0,1.0,0.0,0.0
15,75,11.90657574995462,7.996084505071306,0.0,0.0,0.0,0.0,1.0,0.0
16,75,9.766684671074572,8.04489759064483,1.0,0.0,0.0,0.0,1.0,0.0
17,75,6.129263946923946,6.153501861193098,1.0,0.0,0.0,1.0,0.0,0.0
18,75,10.382821387506564,4.043381514169948,0.0,0.0,0.0,0.0,0.0,0.0
19,75,12.0,8.086794240092946,0.0,0.0,1.0,1.0,0.0,0.0
20,75,3.351556816493947,10.079059530816258,0.0,0.0,0.0,0.0,0.0,0.0
21,75,7.021689244526248,0.0,0.0,0.0,0.0,0.0,1.0,1.0
22,75,8.972142107662195,11.796781704531885,0.0,0.0,0.0,0.0,0.0,0.0
23,75,1.196922213847703,6.318213804329142,0.0,1.0,1.0,1.0,0.0,1.0
24,75,8.553033183097247,12.0,1.0,1.0,1.0,1.0,0.0,0.0
25,75,6.505366552223316,2.672727028835633,0.0,1.0,0.0,0.0,1.0,1.0
26,75,4.987524748420645,1.0197968591581514,0.0,0.0,0.0,1.0,1.0,1.0
27,75,12.0,12.0,0.0,0.0,0.0,1.0,0.0,1.0
28,75,0.912399142669275,6.932260428497418,0.0,0.0,0.0,0.0,0.0,0.0
29,75,9.504686590743113,3.9055429516761473,1.0,0.0,0.0,0.0,0.0,0.0
30,75,0.0,4.155229316714008,1.0,1.0,0.0,0.0,1.0,1.0
31,75,8.991481399997932,3.9981528153482646,1.0,1.0,1.0,1.0,0.0,0.0
32,75,3.131186165946608,8.392828618368139,0.0,0.0,0.0,1.0,0.0,0.0
33,75,1.3676448988887449,0.4316414699076728,0.0,1.0,0.0,0.0,0.0,0.0
34,75,10.175963841979035,11.099679132138654,0.0,1.0,0.0,0.0,1.0,0.0
35,75,0.7090369357180741,1.1692614497606326,1.0,0.0,0.0,0.0,1.0,0.0
36,75,3.738574941335485,0.3522714184361602,0.0,1.0,1.0,0.0,1.0,1.0
37,75,8.24426290679842,6.3514492926262855,1.0,0.0,0.0,0.0,1.0,1.0
38,75,10.507671669056904,9.236849029067823,1.0,0.0,1.0,0.0,1.0,0.0
39,75,7.064163177853352,11.403783203006368,0.0,1.0,1.0,1.0,1.0,1.0
0,80,9.200803350921094,3.4959294605945104,0.0,1.0,0.0,1.0,0.0,1.0
1,80,1.0988531003339033,5.381784295840008,1.0,0.0,1.0,1.0,1.0,1.0
2,80,6.872762749858956,7.009669181201304,0.0,0.0,0.0,0.0,0.0,0.0
3,80,6.813678814608555,9.198673591861414,0.0,0.0,1.0,0.0,0.0,0.0
4,80,11.468063596791616,8.118840959420751,0.0,0.0,1.0,0.0,1.0,0.0
5,80,5.565561356911147,12.0,1.0,1.0,0.0,0.0,0.0,0.0
6,80,9.021910875365329,0.0,1.0,0.0,1.0,0.0,1.0,1.0
7,80,2.2583762370045903,4.499628788001588,0.0,0.0,0.0,0.0,1.0,0.0
8,80,4.382581903714136,6.7166626227002055,0.0,0.0,1.0,1.0,0.0,1.0
9,80,11.436028946812002,10.514260461372835,1.0,0.0,0.0,1.0,0.0,0.0
10,80,0.3005565896507594,10.08990157796069,0.0,1.0,1.0,0.0,0.0,0.0
11,80,4.0486958632085335,3.1681325143765235,0.0,0.0,0.0,0.0,1.0,1.0
12,80,0.2325031081336963,6.593066689978993,0.0,0.0,0.0,0.0,0.0,0.0
13,80,6.032163681371342,10.982160674111794,0.0,1.0,0.0,1.0,1.0,0.0
14,80,11.16188211034971,4.87627332476006,1.0,0.0,0.0,1.0,0.0,0.0
15,80,11.86934286300768,7.987189836022573,0.0,0.0,0.0,0.0,1.0,0.0
16,80,9.755323785630443,8.047253153529976,1.0,0.0,0.0,0.0,1.0,0.0
17,80,6.132182927288473,6.124168291771094,1.0,0.0,0.0,1.0,0.0,0.0
18,80,10.336374264077518,4.045084945795942,0.0,0.0,0.0,0.0,0.0,0.0
19,80,12.0,8.093809474085349,0.0,0.0,1.0,1.0,0.0,0.0
20,80,3.390205635529039,10.118646192919783,0.0,0.0,0.0,0.0,0.0,0.0
21,80,6.939985575972123,0.0,0.0,0.0,0.0,0.0,1.0,1.0
22,80,8.975614367971227,11.815341478138809,0.0,0.0,0.0,0.0,0.0,0.0
23,80,1.2014860839760957,6.379596930830254,0.0,1.0,1.0,1.0,0.0,1.0
24,80,8.523982236699092,12.0,1.0,1.0,1.0,1.0,0.0,0.0
25,80,6.4687767791904776,2.721160484547456,0.0,1.0,0.0,0.0,1.0,1.0
26,80,4.994356235986979,1.0079262497471009,0.0,0.0,0.0,1.0,1.0,1.0
27,80,12.0,12.0,0.0,0.0,0.0,1.0,0.0,1.0
28,80,0.9083374874664764,6.847987236361659,0.0,0.0,0.0,0.0,0.0,0.0
29,80,9.474354970966388,3.899086993436416,1.0,0.0,0.0,0.0,0.0,0.0
30,80,0.0,4.173102175262311,1.0,1.0,0.0,0.0,1.0,1.0
31,80,8.980893143893478,3.961300346681345,1.0,1.0,1.0,1.0,0.0,0.0
32,80,3.196887722357182,8.416825241562703,0.0,0.0,0.0,1.0,0.0,0.0
33,80,1.3338167841976252,0.4604259162987027,0.0,1.0,0.0,0.0,0.0,0.0
34,80,10.206436731346676,11.135827900354592,0.0,1.0,0.0,0.0,1.0,0.0
35,80,0.7771473342315616,1.0971995763060307,1.0,0.0,0.0,0.0,1.0,0.0
36,80,3.713256416076125,0.2913392232907458,0.0,1.0,1.0,0.0,1.0,1.0
37,80,8.183217264474491,6.296475300414613,1.0,0.0,0.0,0.0,1.0,1.0
38,80,10.443458947992166,9.151466461678591,1.0,0.0,1.0,0.0,1.0,0.0
39,80,6.970031116403267,11.338424858905055,0.0,1.0,1.0,1.0,1.0,1.0
0,85,9.148396202167772,3.524943392421577,0.0,1.0,0.0,1.0,0.0,1.0
1,85,1.0125560369345072,5.350723948517277,1.0,0.0,1.0,1.0,1.0,1.0
2,85,6.859070140458294,7.073678709109769,0.0,0.0,0.0,0.0,0.0,0.0
3,85,6.878671114848684,9.28058041624776,0.0,0.0,1.0,0.0,0.0,0.0
4,85,11.466384907078824,8.119263834084656,0.0,0.0,1.0,0.0,1.0,0.0
5,85,5.601040980175583,12.0,1.0,1.0,0.0,0.0,0.0,0.0
6,85,8.9669966164557,0.0,1.0,0.0,1.0,0.0,1.0,1.0
7,85,2.264423921667647,4.487087142705612,0.0,0.0,0.0,0.0,1.0,0.0
8,85,4.387347530177914,6.718610987651823,0.0,0.0,1.0,1.0,0.0,1.0
9,85,11.377436988696536,10.465869973947704,1.0,0.0,0.0,1.0,0.0,0.0
10,85,0.2124958270765083,10.24069424428821,0.0,1.0,1.0,0.0,0.0,0.0
11,85,4.032662427281706,3.120752976768024,0.0,0.0,0.0,0.0,1.0,1.0
12,85,0.2724164403632552,6.525499372550358,0.0,0.0,0.0,0.0,0.0,0.0
13,85,6.101245631623579,10.985584911785168,0.0,1.0,0.0,1.0,1.0,0.0
14,85,11.09934316020222,4.990326148152162,1.0,0.0,0.0,1.0,0.0,0.0
15,85,11.839169782976931,7.9795357522116275,0.0,0.0,0.0,0.0,1.0,0.0
16,85,9.75076576760704,8.04803990834022,1.0,0.0,0.0,0.0,1.0,0.0
17,85,6.13549236706593,6.095023937217026,1.0,0.0,0.0,1.0,0.0,0.0
18,85,10.277940425507705,4.048182444505754,0.0,0.0,0.0,0.0,0.0,0.0
19,85,12.0,8.096003910395392,0.0,0.0,1.0,1.0,0.0,0.0
20,85,3.4118420477100466,10.14105955498346,0.0,0.0,0.0,0.0,0.0,0.0
21,85,6.85664860802713,0.0,0.0,0.0,0.0,0.0,1.0,1.0
22,85,8.981577145321198,11.84582823681592,0.0,0.0,0.0,0.0,0.0,0.0
23,85,1.2045232179412837,6.438790322614754,0.0,1.0,1.0,1.0,0.0,1.0
24,85,8.500378956393618,12.0,1.0,1.0,1.0,1.0,0.0,0.0
25,85,6.437528145475178,2.765005386763733,0.0,1.0,0.0,0.0,1.0,1.0
26,85,5.001665811353397,0.9955759413297646,0.0,0.0,0.0,1.0,1.0,1.0
27,85,12.0,12.0,0.0,0.0,0.0,1.0,0.0,1.0
28,85,0.9069392291937614,6.758758664194819,0.0,0.0,0.0,0.0,0.0,0.0
29,85,9.424202556578608,3.890201618608372,1.0,0.0,0.0,0.0,0.0,0.0
30,85,0.0010065496105831,4.169944042720643,1.0,1.0,0.0,0.0,1.0,1.0
31,85,8.967307556653555,3.9175885327307287,1.0,1.0,1.0,1.0,0.0,0.0
32,85,3.2713501523908404,8.443667902904146,0.0,0.0,0.0,1.0,0.0,0.0
33,85,1.3014777694622814,0.4886524614517672,0.0,1.0,0.0,0.0,0.0,0.0
34,85,10.238192801717034,11.17464435060159,0.0,1.0,0.0,0.0,1.0,0.0
35,85,0.8499183766479932,1.0201079160930755,1.0,0.0,0.0,0.0,1.0,0.0
36,85,3.696381104420017,0.2519889901660521,0.0,1.0,1.0,0.0,1.0,1.0
37,85,8.125883673030634,6.24771118087186,1.0,0.0,0.0,0.0,1.0,1.0
38,85,10.381638413775782,9.065529175255302,1.0,0.0,1.0,0.0,1.0,0.0
39,85,6.874987192873362,11.271581510025582,0.0,1.0,1.0,1.0,1.0,1.0
0,90,9.092684954378276,3.5571499865712903,0.0,1.0,0.0,1.0,0.0,1.0
1,90,0.940282276727066,5.325340646042915,1.0,0.0,1.0,1.0,1.0,1.0
2,90,6.84752782852316,7.131417660474899,0.0,0.0,0.0,0.0,0.0,0.0
3,90,6.9501291872954285,9.37092899607847,0.0,0.0,1.0,0.0,0.0,0.0
4,90,11.452921752465835,8.122700916724206,0.0,0.0,1.0,0.0,1.0,0.0
5,90,5.647305363924028,12.0,1.0,1.0,0.0,0.0,0.0,0.0
6,90,8.927032806581684,0.0,1.0,0.0,1.0,0.0,1.0,1.0
7,90,2.2721248481258747,4.471616819819941,0.0,0.0,0.0,0.0,1.0,0.0
8,90,4.364102249400818,6.709616129930174,0.0,0.0,1.0,1.0,0.0,1.0
9,90,11.307767492544333,10.409518839995467,1.0,0.0,0.0,1.0,0.0,0.0
10,90,0.119751591175656,10.405740031514794,0.0,1.0,1.0,0.0,0.0,0.0
11,90,4.025386609887892,3.0993658597273064,0.0,0.0,0.0,0.0,1.0,1.0
12,90,0.3128274023689831,6.4598705038040265,0.0,0.0,0.0,0.0,0.0,0.0
13,90,6.166634167567435,10.988763428683264,0.0,1.0,0.0,1.0,1.0,0.0
14,90,11.043129588643334,5.094075247449657,1.0,0.0,0.0,1.0,0.0,0.0
15,90,11.81294225941512,7.97287693517086,0.0,0.0,0.0,0.0,1.0,0.0
16,90,9.751055541261035,8.047990144330173,1.0,0.0,0.0,0.0,1.0,0.0
17,90,6.136982976963243,6.083630088707732,1.0,0.0,0.0,1.0,0.0,0.0
18,90,10.22868900024594,4.04997853510304,0.0,0.0,0.0,0.0,0.0,0.0
19,90,12.0,8.09642784042073,0.0,0.0,1.0,1.0,0.0,0.0
20,90,3.4207506297216965,10.15021142187748,0.0,0.0,0.0,0.0,0.0,0.0
21,90,6.765987677262439,0.0,0.0,0.0,0.0,0.0,1.0,1.0
22,90,8.987323497838403,11.8745697034896,0.0,0.0,0.0,0.0,0.0,0.0
23,90,1.2081936164887672,6.501611156449324,0.0,1.0,1.0,1.0,0.0,1.0
24,90,8.48903552745079,12.0,1.0,1.0,1.0,1.0,0.0,0.0
25,90,6.412972649995245,2.797832101199313,0.0,1.0,0.0,0.0,1.0,1.0
26,90,5.012328349532494,0.9772449955657488,0.0,0.0,0.0,1.0,1.0,1.0
27,90,12.0,12.0,0.0,0.0,0.0,1.0,0.0,1.0
28,90,0.9047084032999728,6.642173889309669,0.0,0.0,0.0,0.0,0.0,0.0
29,90,9.372875328525264,3.881187740292921,1.0,0.0,0.0,0.0,0.0,0.0
30,90,0.0075509966439333,4.1503945551767,1.0,1.0,0.0,0.0,1.0,1.0
31,90,8.949630877534922,3.8529200572273936,1.0,1.0,1.0,1.0,0.0,0.0
32,90,3.351101847897129,8.473974606403615,0.0,0.0,0.0,1.0,0.0,0.0
33,90,1.27123490092794,0.5157378895328613,0.0,1.0,0.0,0.0,0.0,0.0
34,90,10.272453723964434,11.216893225881854,0.0,1.0,0.0,0.0,1.0,0.0
35,90,0.9278266686685994,0.9339457546860338,1.0,0.0,0.0,0.0,1.0,0.0
36,90,3.672828806907285,0.1974401716563095,0.0,1.0,1.0,0.0,1.0,1.0
37,90,8.076550805219554,6.207445670017262,1.0,0.0,0.0,0.0,1.0,1.0
38,90,10.312127126986052,8.967773589735064,1.0,0.0,1.0,0.0,1.0,0.0
39,90,6.793956262498504,11.215607412199468,0.0,1.0,1.0,1.0,1.0,1.0
0,95,9.0316507260343,3.593247222262108,0.0,1.0,0.0,1.0,0.0,1.0
1,95,0.8584945804385119,5.297963019373936,1.0,0.0,1.0,1.0,1.0,1.0
2,95,6.832485103429073,7.205612893648639,0.0,0.0,0.0,0.0,0.0,0.0
3,95,7.022180116975582,9.464294455456267,0.0,0.0,1.0,0.0,0.0,0.0
4,95,11.462655515226082,8.120137013559699,0.0,0.0,1.0,0.0,1.0,0.0
5,95,5.689582727070049,12.0,1.0,1.0,0.0,0.0,0.0,0.0
6,95,8.902697436017414,0.0,1.0,0.0,1.0,0.0,1.0,1.0
7,95,2.2869530385318124,4.438941223781457,0.0,0.0,0.0,0.0,1.0,0.0
8,95,4.327487029790017,6.694571486838593,0.0,0.0,1.0,1.0,0.0,1.0
9,95,11.24755051995091,10.35818030423104,1.0,0.0,0.0,1.0,0.0,0.0
10,95,0.0174220450877398,10.581450252943014,0.0,1.0,1.0,0.0,0.0,0.0
11,95,4.020938419544277,3.085719461823573,0.0,0.0,0.0,0.0,1.0,1.0
12,95,0.3484345267387756,6.401979471442165,0.0,0.0,0.0,0.0,0.0,0.0
13,95,6.228346885690596,10.991990557943394,0.0,1.0,0.0,1.0,1.0,0.0
14,95,10.986757641541724,5.204257392738139,1.0,0.0,0.0,1.0,0.0,0.0
15,95,11.787507054823354,7.966135928332751,0.0,0.0,0.0,0.0,1.0,0.0
16,95,9.770430227703825,8.044095489564485,1.0,0.0,0.0,0.0,1.0,0.0
17,95,6.138108091960356,6.07385138158442,1.0,0.0,0.0,1.0,0.0,0.0
18,95,10.177398305262855,4.0510101242416665,0.0,0.0,0.0,0.0,0.0,0.0
19,95,11.999809818142811,8.096383159951952,0.0,0.0,1.0,1.0,0.0,0.0
20,95,3.4258072760070744,10.155164731851428,0.0,0.0,0.0,0.0,0.0,0.0
21,95,6.685842443953898,0.0,0.0,0.0,0.0,0.0,1.0,1.0
22,95,8.992002411979323,11.897984827253785,0.0,0.0,0.0,0.0,0.0,0.0
23,95,1.2117245309051,6.569739363322192,0.0,1.0,1.0,1.0,0.0,1.0
24,95,8.47681606937844,12.0,1.0,1.0,1.0,1.0,0.0,0.0
25,95,6.382338172064857,2.839230210257342,0.0,1.0,0.0,0.0,1.0,1.0
26,95,5.029689244098786,0.9475997058877708,0.0,0.0,0.0,1.0,1.0,1.0
27,95,12.0,12.0,0.0,0.0,0.0,1.0,0.0,1.0
28,95,0.9016658895259024,6.5108525047692005,0.0,0.0,0.0,0.0,0.0,0.0
29,95,9.3174414385476,3.871275172014572,1.0,0.0,0.0,0.0,0.0,0.0
30,95,0.0102026381096038,4.1427513155305125,1.0,1.0,0.0,0.0,1.0,1.0
31,95,8.930928560042936,3.787428131249547,1.0,1.0,1.0,1.0,0.0,0.0
32,95,3.441011644816609,8.508120126174582,0.0,0.0,0.0,1.0,0.0,0.0
33,95,1.249697622474438,0.5342977943405303,0.0,1.0,0.0,0.0,0.0,0.0
34,95,10.30594052071022,11.256943324645396,0.0,1.0,0.0,0.0,1.0,0.0
35,95,1.0094460506378815,0.8429921270997995,1.0,0.0,0.0,0.0,1.0,0.0
36,95,3.65142713548012,0.147635692758023,0.0,1.0,1.0,0.0,1.0,1.0
37,95,8.016799299701502,6.157874732244959,1.0,0.0,0.0,0.0,1.0,1.0
38,95,10.243065307580808,8.87069477803543,1.0,0.0,1.0,0.0,1.0,0.0
39,95,6.715801868948654,11.163562626631157,0.0,1.0,1.0,1.0,1.0,1.0
0,100,8.979008623483965,3.6232852957392585,0.0,1.0,0.0,1.0,0.0,1.0
1,100,0.7594817942262289,5.265149793383142,1.0,0.0,1.0,1.0,1.0,1.0
2,100,6.815165415032157,7.289222051328203,0.0,0.0,0.0,0.0,0.0,0.0
3,100,7.0971067022450445,9.563218959270037,0.0,0.0,1.0,0.0,0.0,0.0
4,100,11.502788317683674,8.109363440638818,0.0,0.0,1.0,0.0,1.0,0.0
5,100,5.713450655879489,12.0,1.0,1.0,0.0,0.0,0.0,0.0
6,100,8.874152804031763,0.0,1.0,0.0,1.0,0.0,1.0,1.0
7,100,2.3109199599617747,4.384713376187041,0.0,0.0,0.0,0.0,1.0,0.0
8,100,4.275647389715335,6.673037896548746,0.0,0.0,1.0,1.0,0.0,1.0
9,100,11.196896683371532,10.317351762204463,1.0,0.0,0.0,1.0,0.0,0.0
10,100,0.0,10.754424582348696,0.0,1.0,1.0,0.0,0.0,0.0
11,100,4.020702601209333,3.0850640533065623,0.0,0.0,0.0,0.0,1.0,1.0
12,100,0.3865138639080036,6.341401326084994,0.0,0.0,0.0,0.0,0.0,0.0
13,100,6.296782163199031,10.996254213297991,0.0,1.0,0.0,1.0,1.0,0.0
14,100,10.929884505565488,5.314026747933971,1.0,0.0,0.0,1.0,0.0,0.0
15,100,11.749825621900792,7.955137274050051,0.0,0.0,0.0,0.0,1.0,0.0
16,100,9.81047568016676,8.036453747942666,1.0,0.0,0.0,0.0,1.0,0.0
17,100,6.140119187637806,6.053934337819791,1.0,0.0,0.0,1.0,0.0,0.0
18,100,10.123949501585862,4.051992570076019,0.0,0.0,0.0,0.0,0.0,0.0
19,100,12.0,8.099274181255215,0.0,0.0,1.0,1.0,0.0,0.0
20,100,3.4206590365838854,10.15015187047838,0.0,0.0,0.0,0.0,0.0,0.0
21,100,6.602412835148407,0.0,0.0,0.0,0.0,0.0,1.0,1.0
22,100,8.994774827818713,11.912794747518934,0.0,0.0,0.0,0.0,0.0,0.0
23,100,1.2138373843749382,6.602517253055614,0.0,1.0,1.0,1.0,0.0,1.0
24,100,8.446242876539142,12.0,1.0,1.0,1.0,1.0,0.0,0.0
25,100,6.354720968448381,2.87869296930834,0.0,1.0,0.0,0.0,1.0,1.0
26,100,5.035594478154607,0.9378345489720026,0.0,0.0,0.0,1.0,1.0,1.0
27,100,12.0,12.0,0.0,0.0,0.0,1.0,0.0,1.0
28,100,0.8993933295268212,6.370223471745841,0.0,0.0,0.0,0.0,0.0,0.0
29,100,9.265571627677126,3.861239936673485,1.0,0.0,0.0,0.0,0.0,0.0
30,100,0.0118680417307882,4.138046101880082,1.0,1.0,0.0,0.0,1.0,1.0
31,100,8.913173189176945,3.7221084180894217,1.0,1.0,1.0,1.0,0.0,0.0
32,100,3.5552834430390075,8.554774772991214,0.0,0.0,0.0,1.0,0.0,0.0
33,100,1.2234033716203658,0.5577273495764082,0.0,1.0,0.0,0.0,0.0,0.0
34,100,10.327189680090155,11.28282646260026,0.0,1.0,0.0,0.0,1.0,0.0
35,100,1.0876801753504466,0.7524466472806383,1.0,0.0,0.0,0.0,1.0,0.0
36,100,3.616863357930948,0.0691314722340881,0.0,1.0,1.0,0.0,1.0,1.0
37,100,7.964958614707943,6.11353783733204,1.0,0.0,0.0,0.0,1.0,1.0
38,100,10.1800734675653,8.781558244284989,1.0,0.0,1.0,0.0,1.0,0.0
39,100,6.647897791465919,11.119846575658862,0.0,1.0,1.0,1.0,1.0,1.0
0,105,8.917151975802504,3.6571018596053,0.0,1.0,0.0,1.0,0.0,1.0
1,105,0.6424460269857168,5.227579581873485,1.0,0.0,1.0,1.0,1.0,1.0
2,105,6.799711563167358,7.372033304508871,0.0,0.0,0.0,0.0,0.0,0.0
3,105,7.178071376143053,9.667898880544575,0.0,0.0,1.0,0.0,0.0,0.0
4,105,11.560061247025772,8.094662015298994,0.0,0.0,1.0,0.0,1.0,0.0
5,105,5.735127263954167,12.0,1.0,1.0,0.0,0.0,0.0,0.0
6,105,8.84600207825659,0.0,1.0,0.0,1.0,0.0,1.0,1.0
7,105,2.3289314998790687,4.343025401943998,0.0,0.0,0.0,0.0,1.0,0.0
8,105,4.222263661542283,6.650493560698491,0.0,0.0,1.0,1.0,0.0,1.0
9,105,11.134903890542288,10.269683243689997,1.0,0.0,0.0,1.0,0.0,0.0
10,105,0.0,10.954345236865498,0.0,1.0,1.0,0.0,0.0,0.0
11,105,4.013703272289277,3.0657155953952837,0.0,0.0,0.0,0.0,1.0,1.0
12,105,0.430324458435887,6.270692978495146,0.0,0.0,0.0,0.0,0.0,0.0
13,105,6.370733036143241,11.000583913052555,0.0,1.0,0.0,1.0,1.0,0.0
14,105,10.880951494777683,5.416591321740033,1.0,0.0,0.0,1.0,0.0,0.0
15,105,11.72408884354424,7.94767090110344,0.0,0.0,0.0,0.0,1.0,0.0
16,105,9.862620436212795,8.025395876368043,1.0,0.0,0.0,0.0,1.0,0.0
17,105,6.140700141764552,6.046896328141279,1.0,0.0,0.0,1.0,0.0,0.0
18,105,10.05159018089054,4.0550483745383445,0.0,0.0,0.0,0.0,0.0,0.0
19,105,12.0,8.105771584697044,0.0,0.0,1.0,1.0,0.0,0.0
20,105,3.406971195700135,10.136727523801712,0.0,0.0,0.0,0.0,0.0,0.0
21,105,6.52145604221338,0.0,0.0,0.0,0.0,0.0,1.0,1.0
22,105,9.000698142443627,11.93706744085344,0.0,0.0,0.0,0.0,0.0,0.0
23,105,1.215102621903485,6.624616399897659,0.0,1.0,1.0,1.0,0.0,1.0
24,105,8.421757479185004,12.0,1.0,1.0,1.0,1.0,0.0,0.0
25,105,6.322088637299905,2.925119347690198,0.0,1.0,0.0,0.0,1.0,1.0
26,105,5.042844506392493,0.9257796072986264,0.0,0.0,0.0,1.0,1.0,1.0
27,105,12.0,12.0,0.0,0.0,0.0,1.0,0.0,1.0
28,105,0.8977707791680235,6.20947816763866,0.0,0.0,0.0,0.0,0.0,0.0
29,105,9.20726904543345,3.8497374252138714,1.0,0.0,0.0,0.0,0.0,0.0
30,105,0.018126395325818,4.121106469117309,1.0,1.0,0.0,0.0,1.0,1.0
31,105,8.898067462548347,3.6661678986706714,1.0,1.0,1.0,1.0,0.0,0.0
32,105,3.658020642114776,8.595783259994288,0.0,0.0,0.0,1.0,0.0,0.0
33,105,1.202454496373906,0.5753904686234064,0.0,1.0,0.0,0.0,0.0,0.0
34,105,10.344868481062472,11.304842428170224,0.0,1.0,0.0,0.0,1.0,0.0
35,105,1.1904382172872798,0.635341597730635,1.0,0.0,0.0,0.0,1.0,0.0
36,105,3.590340446376181,0.0089778711923438,0.0,1.0,1.0,0.0,1.0,1.0
37,105,7.909949259489254,6.067444800532675,1.0,0.0,0.0,0.0,1.0,1.0
38,105,10.11968252783432,8.694094187555491,1.0,0.0,1.0,0.0,1.0,0.0
39,105,6.692142209632241,11.052513840091969,0.0,1.0,1.0,1.0,1.0,1.0
0,110,8.853590375059433,3.691746339168098,0.0,1.0,0.0,1.0,0.0,1.0
1,110,0.5238292236760063,5.1886738388663725,1.0,0.0,1.0,1.0,1.0,1.0
2,110,6.787732177391404,7.447918840912514,0.0,0.0,0.0,0.0,0.0,0.0
3,110,7.2685839343369825,9.788038542150234,0.0,0.0,1.0,0.0,0.0,0.0
4,110,11.570125189771376,8.13515872823901,0.0,0.0,1.0,0.0,1.0,0.0
5,110,5.766244724268362,12.0,1.0,1.0,0.0,0.0,0.0,0.0
6,110,8.83897374880724,0.0,1.0,0.0,1.0,0.0,1.0,1.0
7,110,2.3466808582253886,4.30410310098782,0.0,0.0,0.0,0.0,1.0,0.0
8,110,4.156394598780054,6.623775090929535,0.0,0.0,1.0,1.0,0.0,1.0
9,110,11.065719517344844,10.216149448408371,1.0,0.0,0.0,1.0,0.0,0.0
10,110,0.0,11.1455235601713,0.0,1.0,1.0,0.0,0.0,0.0
11,110,4.001316382572401,3.03356183865837,0.0,0.0,0.0,0.0,1.0,1.0
12,110,0.4740428015847827,6.200425902551449,0.0,0.0,0.0,0.0,0.0,0.0
13,110,6.443729736962359,11.006135921009111,0.0,1.0,0.0,1.0,1.0,0.0
14,110,10.82924437161983,5.517659466494815,1.0,0.0,0.0,1.0,0.0,0.0
15,110,11.673621463490669,7.933077688343653,0.0,0.0,0.0,0.0,1.0,0.0
16,110,9.903493761030598,8.017205831005864,1.0,0.0,0.0,0.0,1.0,0.0
17,110,6.144223450920368,6.047217846750335,1.0,0.0,0.0,1.0,0.0,0.0
18,110,9.960539515583728,4.059436235082069,0.0,0.0,0.0,0.0,0.0,0.0
19,110,12.0,8.113910109684957,0.0,0.0,1.0,1.0,0.0,0.0
20,110,3.3806792664906173,10.1101916592934,0.0,0.0,0.0,0.0,0.0,0.0
21,110,6.45210952102522,0.0,0.0,0.0,0.0,0.0,1.0,1.0
22,110,9.008115844096771,11.96463320452708,0.0,0.0,0.0,0.0,0.0,0.0
23,110,1.2165497903112443,6.649768132911084,0.0,1.0,1.0,1.0,0.0,1.0
24,110,8.388929239877001,12.0,1.0,1.0,1.0,1.0,0.0,0.0
25,110,6.287317185629174,2.9757082550281453,0.0,1.0,0.0,0.0,1.0,1.0
26,110,5.049857833549721,0.9144925660111872,0.0,0.0,0.0,1.0,1.0,1.0
27,110,12.0,12.0,0.0,0.0,0.0,1.0,0.0,1.0
28,110,0.8977085695067674,6.057553572425991,0.0,0.0,0.0,0.0,0.0,0.0
29,110,9.162146694401972,3.838762869936768,1.0,0.0,0.0,0.0,0.0,0.0
30,110,0.0219010875046292,4.111126754956107,1.0,1.0,0.0,0.0,1.0,1.0
31,110,8.88386337842726,3.616157283858066,1.0,1.0,1.0,1.0,0.0,0.0
32,110,3.773036494849546,8.643161784000695,0.0,0.0,0.0,1.0,0.0,0.0
33,110,1.1787409496558945,0.5966031826610321,0.0,1.0,0.0,0.0,0.0,0.0
34,110,10.365997995726726,11.332461381876453,0.0,1.0,0.0,0.0,1.0,0.0
35,110,1.3054171120206266,0.5046794682611007,1.0,0.0,0.0,0.0,1.0,0.0
36,110,3.5669399273194284,0.0,0.0,1.0,1.0,0.0,1.0,1.0
37,110,7.870355280558119,6.03357130439774,1.0,0.0,0.0,0.0,1.0,1.0
38,110,10.058556413998286,8.607092521811277,1.0,0.0,1.0,0.0,1.0,0.0
39,110,6.721386708872408,11.0106810663129,0.0,1.0,1.0,1.0,1.0,1.0
0,115,8.811422376813038,3.713809195192547,0.0,1.0,0.0,1.0,0.0,1.0
1,115,0.4062242115771087,5.149772980856234,1.0,0.0,1.0,1.0,1.0,1.0
2,115,6.776173107562207,7.518019179576135,0.0,0.0,0.0,0.0,0.0,0.0
3,115,7.352113282520116,9.906723479227509,0.0,0.0,1.0,0.0,0.0,0.0
4,115,11.583149367235434,8.187412811243872,0.0,0.0,1.0,0.0,1.0,0.0
5,115,5.804489693188668,12.0,1.0,1.0,0.0,0.0,0.0,0.0
6,115,8.818598909938348,0.0,1.0,0.0,1.0,0.0,1.0,1.0
7,115,2.366432438196541,4.259539300506779,0.0,0.0,0.0,0.0,1.0,0.0
8,115,4.096153757675892,6.5978955017632215,0.0,0.0,1.0,1.0,0.0,1.0
9,115,10.99483044766105,10.1631475806019,1.0,0.0,0.0,1.0,0.0,0.0
10,115,0.0,11.331081694922888,0.0,1.0,1.0,0.0,0.0,0.0
11,115,3.9964328657743775,3.0212624037486973,0.0,0.0,0.0,0.0,1.0,1.0
12,115,0.5029944553021249,6.153330601281508,0.0,0.0,0.0,0.0,0.0,0.0
13,115,6.506630216409843,11.011777101776634,0.0,1.0,0.0,1.0,1.0,0.0
14,115,10.782347025210523,5.612813960604725,1.0,0.0,0.0,1.0,0.0,0.0
15,115,11.623562790129196,7.916875354677809,0.0,0.0,0.0,0.0,1.0,0.0
16,115,9.93440768446894,8.011316925337999,1.0,0.0,0.0,0.0,1.0,0.0
17,115,6.14685932113617,6.047433458780892,1.0,0.0,0.0,1.0,0.0,0.0
18,115,9.897982110264412,4.063229181624142,0.0,0.0,0.0,0.0,0.0,0.0
19,115,12.0,8.122110107237189,0.0,0.0,1.0,1.0,0.0,0.0
20,115,3.3412774804441003,10.1485151930201,0.0,0.0,0.0,0.0,0.0,0.0
21,115,6.384487547457637,0.0,0.0,0.0,0.0,0.0,1.0,1.0
22,115,9.017023806800864,11.99589201259789,0.0,0.0,0.0,0.0,0.0,0.0
23,115,1.2170371499578163,6.657974496396361,0.0,1.0,1.0,1.0,0.0,1.0
24,115,8.351816132925943,12.0,1.0,1.0,1.0,1.0,0.0,0.0
25,115,6.2482089569073285,3.030548660643974,0.0,1.0,0.0,0.0,1.0,1.0
26,115,5.060893129004931,0.8971369011723863,0.0,0.0,0.0,1.0,1.0,1.0
27,115,12.0,12.0,0.0,0.0,0.0,1.0,0.0,1.0
28,115,0.8944672113944221,5.873735993498817,0.0,0.0,0.0,0.0,0.0,0.0
29,115,9.109457576698231,3.825456852942217,1.0,0.0,0.0,0.0,0.0,0.0
30,115,0.0203025058221854,4.115387776711939,1.0,1.0,0.0,0.0,1.0,1.0
31,115,8.866705264725184,3.556570212311714,1.0,1.0,1.0,1.0,0.0,0.0
32,115,3.887758271297664,8.6914828713376,0.0,0.0,0.0,1.0,0.0,0.0
33,115,1.149205785211681,0.622748945783466,0.0,1.0,0.0,0.0,0.0,0.0
34,115,10.38223266226141,11.35412670818803,0.0,1.0,0.0,0.0,1.0,0.0
35,115,1.4097518607426835,0.3788520203976691,1.0,0.0,0.0,0.0,1.0,0.0
36,115,3.5416180659361363,0.0,0.0,1.0,1.0,0.0,1.0,1.0
37,115,7.826436892554311,5.995849984449845,1.0,0.0,0.0,0.0,1.0,1.0
38,115,10.000639920156353,8.526073228655166,1.0,0.0,1.0,0.0,1.0,0.0
39,115,6.765424817393859,10.94942699568168,0.0,1.0,1.0,1.0,1.0,1.0
0,120,8.754962396812626,3.7417666120766593,0.0,1.0,0.0,1.0,0.0,1.0
1,120,0.2781346908995833,5.108018876043898,1.0,0.0,1.0,1.0,1.0,1.0
2,120,6.759776883484961,7.622578576071955,0.0,0.0,0.0,0.0,0.0,0.0
3,120,7.448573389420484,10.04112215109235,0.0,0.0,1.0,0.0,0.0,0.0
4,120,11.593220419990116,8.227294707158489,0.0,0.0,1.0,0.0,1.0,0.0
5,120,5.850711590156121,12.0,1.0,1.0,0.0,0.0,0.0,0.0
6,120,8.79993144974705,0.0,1.0,0.0,1.0,0.0,1.0,1.0
7,120,2.3855139415624405,4.2208489111199645,0.0,0.0,0.0,0.0,1.0,0.0
8,120,4.024987650079427,6.569613191058111,0.0,0.0,1.0,1.0,0.0,1.0
9,120,10.918285134246164,10.107289088029209,1.0,0.0,0.0,1.0,0.0,0.0
10,120,0.0,11.517817590174715,0.0,1.0,1.0,0.0,0.0,0.0
11,120,3.989778571408617,3.0060985659439505,0.0,0.0,0.0,0.0,1.0,1.0
12,120,0.53147808142099,6.105172797253901,0.0,0.0,0.0,0.0,0.0,0.0
13,120,6.549281636186422,11.016198973240968,0.0,1.0,0.0,1.0,1.0,0.0
14,120,10.727483463464145,5.724269734205768,1.0,0.0,0.0,1.0,0.0,0.0
15,120,11.639257136857488,7.868060099311789,0.0,0.0,0.0,0.0,1.0,0.0
16,120,9.960835671554888,8.006318761798942,1.0,0.0,0.0,0.0,1.0,0.0
17,120,6.157614735137472,6.048179433549486,1.0,0.0,0.0,1.0,0.0,0.0
18,120,9.812127370389868,4.070676819236937,0.0,0.0,0.0,0.0,0.0,0.0
19,120,12.0,8.129961677887596,0.0,0.0,1.0,1.0,0.0,0.0
20,120,3.320433167457044,10.16900542727299,0.0,0.0,0.0,0.0,0.0,0.0
21,120,6.317878489535032,0.0,0.0,0.0,0.0,0.0,1.0,1.0
22,120,9.025994281398706,12.0,0.0,0.0,0.0,0.0,0.0,0.0
23,120,1.2168986698568949,6.65624523870456,0.0,1.0,1.0,1.0,0.0,1.0
24,120,8.298759737053274,12.0,1.0,1.0,1.0,1.0,0.0,0.0
25,120,6.205333555174285,3.090310349221769,0.0,1.0,0.0,0.0,1.0,1.0
26,120,5.075439517089541,0.8742461623380979,0.0,0.0,0.0,1.0,1.0,1.0
27,120,12.0,12.0,0.0,0.0,0.0,1.0,0.0,1.0
28,120,0.8914799930523893,5.700399745505657,0.0,0.0,0.0,0.0,0.0,0.0
29,120,9.07410730989654,3.8174521909879706,1.0,0.0,0.0,0.0,0.0,0.0
30,120,0.0221286282404112,4.110584510525353,1.0,1.0,0.0,0.0,1.0,1.0
31,120,8.84659354613912,3.48997939624036,1.0,1.0,1.0,1.0,0.0,0.0
32,120,3.988979458782557,8.72917461173527,0.0,0.0,0.0,1.0,0.0,0.0
33,120,1.1058619333976356,0.6608553694848219,0.0,1.0,0.0,0.0,0.0,0.0
34,120,10.38598726427005,11.359342723014231,0.0,1.0,0.0,0.0,1.0,0.0
35,120,1.5248740209672615,0.2363569473952821,1.0,0.0,0.0,0.0,1.0,0.0
36,120,3.513678832000956,0.0,0.0,1.0,1.0,0.0,1.0,1.0
37,120,7.766228885357832,5.941081932651873,1.0,0.0,0.0,0.0,1.0,1.0
38,120,9.942072712968567,8.440392867728056,1.0,0.0,1.0,0.0,1.0,0.0
39,120,6.816701977452792,10.879052679804404,0.0,1.0,1.0,1.0,1.0,1.0
0,125,8.70127734060256,3.768615910129269,0.0,1.0,0.0,1.0,0.0,1.0
1,125,0.1483538757994061,5.0670819832351714,1.0,0.0,1.0,1.0,1.0,1.0
2,125,6.745663139587734,7.720040358339188,0.0,0.0,0.0,0.0,0.0,0.0
3,125,7.534966186386592,10.160863227046168,0.0,0.0,1.0,0.0,0.0,0.0
4,125,11.606164491259737,8.278361994544323,0.0,0.0,1.0,0.0,1.0,0.0
5,125,5.889238745225278,12.0,1.0,1.0,0.0,0.0,0.0,0.0
6,125,8.761278540829906,0.0,1.0,0.0,1.0,0.0,1.0,1.0
7,125,2.4114455477892607,4.171766706767627,0.0,0.0,0.0,0.0,1.0,0.0
8,125,3.965225473511198,6.544452777247201,0.0,0.0,1.0,1.0,0.0,1.0
9,125,10.84357071656003,10.054486979918178,1.0,0.0,0.0,1.0,0.0,0.0
10,125,0.0,11.719961128309082,0.0,1.0,1.0,0.0,0.0,0.0
11,125,3.9849541691478025,2.995024096398722,0.0,0.0,0.0,0.0,1.0,1.0
12,125,0.5641238096070261,6.049456338148644,0.0,0.0,0.0,0.0,0.0,0.0
13,125,6.587193279541038,11.020813362218528,0.0,1.0,0.0,1.0,1.0,0.0
14,125,10.680884441513234,5.822629151267684,1.0,0.0,0.0,1.0,0.0,0.0
15,125,11.656831994094771,7.81209454003219,0.0,0.0,0.0,0.0,1.0,0.0
16,125,9.979295798424904,8.003014889128503,1.0,0.0,0.0,0.0,1.0,0.0
17,125,6.148525340967984,6.047306927315656,1.0,0.0,0.0,1.0,0.0,0.0
18,125,9.72106516027239,4.0774737102325584,0.0,0.0,0.0,0.0,0.0,0.0
19,125,12.0,8.134317470882875,0.0,0.0,1.0,1.0,0.0,0.0
20,125,3.2932729096010163,10.19658587354287,0.0,0.0,0.0,0.0,0.0,0.0
21,125,6.230915781979379,0.0,0.0,0.0,0.0,0.0,1.0,1.0
22,125,9.0339847451768,12.0,0.0,0.0,0.0,0.0,0.0,0.0
23,125,1.216687833941131,6.653714469097481,0.0,1.0,1.0,1.0,0.0,1.0
24,125,8.25605279168412,12.0,1.0,1.0,1.0,1.0,0.0,0.0
25,125,6.153300388289098,3.163599665647582,0.0,1.0,0.0,0.0,1.0,1.0
26,125,5.085647194357894,0.8580985416839547,0.0,0.0,0.0,1.0,1.0,1.0
27,125,12.0,12.0,0.0,0.0,0.0,1.0,0.0,1.0
28,125,0.8930145781878033,5.518039342466007,0.0,0.0,0.0,0.0,0.0,0.0
29,125,9.030006646377174,3.807738497387666,1.0,0.0,0.0,0.0,0.0,0.0
30,125,0.023407392072292,4.107180675255313,1.0,1.0,0.0,0.0,1.0,1.0
31,125,8.8327473841809,3.43969201049229,1.0,1.0,1.0,1.0,0.0,0.0
32,125,4.019662206644719,8.644236453408636,0.0,0.0,0.0,1.0,0.0,0.0
33,125,1.0618265330772927,0.6997517462944507,0.0,1.0,0.0,0.0,0.0,0.0
34,125,10.383583847958064,11.35633038148106,0.0,1.0,0.0,0.0,1.0,0.0
35,125,1.6489260077590493,0.0917124347965948,1.0,0.0,0.0,0.0,1.0,0.0
36,125,3.486711270485828,0.0,0.0,1.0,1.0,0.0,1.0,1.0
37,125,7.715363324959978,5.897338396305879,1.0,0.0,0.0,0.0,1.0,1.0
38,125,9.86690526929996,8.33185894496772,1.0,0.0,1.0,0.0,1.0,0.0
39,125,6.866884996612238,10.805858727273282,0.0,1.0,1.0,1.0,1.0,1.0
0,130,8.654139173268115,3.7933104172485006,0.0,1.0,0.0,1.0,0.0,1.0
1,130,0.0085304677241568,5.0247968928953926,1.0,0.0,1.0,1.0,1.0,1.0
2,130,6.73467188243893,7.804411870076924,0.0,0.0,0.0,0.0,0.0,0.0
3,130,7.626323320706216,10.281220289735368,0.0,0.0,1.0,0.0,0.0,0.0
4,130,11.617572621195206,8.326797097816405,0.0,0.0,1.0,0.0,1.0,0.0
5,130,5.936746195207012,12.0,1.0,1.0,0.0,0.0,0.0,0.0
6,130,8.731134682355037,0.0,1.0,0.0,1.0,0.0,1.0,1.0
7,130,2.4388891646065365,4.117127282542825,0.0,0.0,0.0,0.0,1.0,0.0
8,130,3.9036236252532928,6.520055104868646,0.0,0.0,1.0,1.0,0.0,1.0
9,130,10.765785945278196,9.995937626349786,1.0,0.0,0.0,1.0,0.0,0.0
10,130,0.0,11.934634085551986,0.0,1.0,1.0,0.0,0.0,0.0
11,130,3.9796210910836742,2.9833180473674834,0.0,0.0,0.0,0.0,1.0,1.0
12,130,0.6027026148234463,5.987727170027791,0.0,0.0,0.0,0.0,0.0,0.0
13,130,6.627379850586266,11.026470864776789,0.0,1.0,0.0,1.0,1.0,0.0
14,130,10.64514201447188,5.899304929782188,1.0,0.0,0.0,1.0,0.0,0.0
15,130,11.676078679214775,7.751949504771793,0.0,0.0,0.0,0.0,1.0,0.0
16,130,10.02485906661394,7.995326059779193,1.0,0.0,0.0,0.0,1.0,0.0
17,130,6.145435428779254,6.047011476351272,1.0,0.0,0.0,1.0,0.0,0.0
18,130,9.620361618116682,4.083162536193145,0.0,0.0,0.0,0.0,0.0,0.0
19,130,12.0,8.137447755713822,0.0,0.0,1.0,1.0,0.0,0.0
20,130,3.273119997165524,10.217018478367832,0.0,0.0,0.0,0.0,0.0,0.0
21,130,6.1137525779862125,0.0,0.0,0.0,0.0,0.0,1.0,1.0
22,130,9.04465334312816,12.0,0.0,0.0,0.0,0.0,0.0,0.0
23,130,1.2167491505580887,6.655242660011443,0.0,1.0,1.0,1.0,0.0,1.0
24,130,8.207882255111732,12.0,1.0,1.0,1.0,1.0,0.0,0.0
25,130,6.097160358964151,3.243846216389347,0.0,1.0,0.0,0.0,1.0,1.0
26,130,5.103518661365724,0.8308338494843523,0.0,0.0,0.0,1.0,1.0,1.0
27,130,12.0,12.0,0.0,0.0,0.0,1.0,0.0,1.0
28,130,0.8943242694813697,5.333936033989295,0.0,0.0,0.0,0.0,0.0,0.0
29,130,8.98806222986736,3.798629058996094,1.0,0.0,0.0,0.0,0.0,0.0
30,130,0.0278402285436419,4.096088838392216,1.0,1.0,0.0,0.0,1.0,1.0
31,130,8.810842409444023,3.3718233617254016,1.0,1.0,1.0,1.0,0.0,0.0
32,130,4.038770078973778,8.587989223308794,0.0,0.0,0.0,1.0,0.0,0.0
33,130,1.0213537215794386,0.7348303363459093,0.0,1.0,0.0,0.0,0.0,0.0
34,130,10.392523684479768,11.367345206893017,0.0,1.0,0.0,0.0,1.0,0.0
35,130,1.7619202284204247,0.0,1.0,0.0,0.0,0.0,1.0,0.0
36,130,3.450452969125943,0.0,0.0,1.0,1.0,0.0,1.0,1.0
37,130,7.679990805828325,5.865382443619594,1.0,0.0,0.0,0.0,1.0,1.0
38,130,9.7873265235965,8.217950608580711,1.0,0.0,1.0,0.0,1.0,0.0
39,130,6.922199831340836,10.727663099348211,0.0,1.0,1.0,1.0,1.0,1.0
0,135,8.59402793535935,3.8272245423167583,0.0,1.0,0.0,1.0,0.0,1.0
1,135,0.0,4.986291685309034,1.0,0.0,1.0,1.0,1.0,1.0
2,135,6.721483676380158,7.891379235876108,0.0,0.0,0.0,0.0,0.0,0.0
3,135,7.721315071872633,10.406989033483894,0.0,0.0,1.0,0.0,0.0,0.0
4,135,11.624496559648378,8.359069908787498,0.0,0.0,1.0,0.0,1.0,0.0
5,135,5.9846383576542,12.0,1.0,1.0,0.0,0.0,0.0,0.0
6,135,8.702573663190327,0.0,1.0,0.0,1.0,0.0,1.0,1.0
7,135,2.463960708239084,4.066332209308764,0.0,0.0,0.0,0.0,1.0,0.0
8,135,3.858601274522127,6.5011257478124245,0.0,0.0,1.0,1.0,0.0,1.0
9,135,10.688372446660408,9.93882906097212,1.0,0.0,0.0,1.0,0.0,0.0
10,135,0.0,12.0,0.0,1.0,1.0,0.0,0.0,0.0
11,135,3.9759833486722047,2.974973060795378,0.0,0.0,0.0,0.0,1.0,1.0
12,135,0.6331106754040089,5.935874223510457,0.0,0.0,0.0,0.0,0.0,0.0
13,135,6.67418381844189,11.033125937868997,0.0,1.0,0.0,1.0,1.0,0.0
14,135,10.603929516963673,5.994077396598825,1.0,0.0,0.0,1.0,0.0,0.0
15,135,11.693199808403238,7.703729375117571,0.0,0.0,0.0,0.0,1.0,0.0
16,135,10.10503135247876,7.984175918784634,1.0,0.0,0.0,0.0,1.0,0.0
17,135,6.16304906127052,6.048019120975501,1.0,0.0,0.0,1.0,0.0,0.0
18,135,9.490526847446027,4.087305890669227,0.0,0.0,0.0,0.0,0.0,0.0
19,135,12.0,8.13884143002638,0.0,0.0,1.0,1.0,0.0,0.0
20,135,3.2631437988877368,10.22690362014149,0.0,0.0,0.0,0.0,0.0,0.0
21,135,6.003551242931478,0.0,0.0,0.0,0.0,0.0,1.0,1.0
22,135,9.058601539118827,12.0,0.0,0.0,0.0,0.0,0.0,0.0
23,135,1.2163241485519432,6.635806994495242,0.0,1.0,1.0,1.0,0.0,1.0
24,135,8.160920420267468,12.0,1.0,1.0,1.0,1.0,0.0,0.0
25,135,6.039563097887266,3.324236356515781,0.0,1.0,0.0,0.0,1.0,1.0
26,135,5.10632844879257,0.8263900148690897,0.0,0.0,0.0,1.0,1.0,1.0
27,135,12.0,12.0,0.0,0.0,0.0,1.0,0.0,1.0
28,135,0.8914461545049767,5.162090255037798,0.0,0.0,0.0,0.0,0.0,0.0
29,135,8.947745577022753,3.7907729333430256,1.0,0.0,0.0,0.0,0.0,0.0
30,135,0.0294834331647624,4.091992146688235,1.0,1.0,0.0,0.0,1.0,1.0
31,135,8.789311400803088,3.309038884760935,1.0,1.0,1.0,1.0,0.0,0.0
32,135,4.061955025311036,8.521825003071266,0.0,0.0,0.0,1.0,0.0,0.0
33,135,0.992413210531943,0.7602514153743491,0.0,1.0,0.0,0.0,0.0,0.0
34,135,10.403694372526106,11.380854077841168,0.0,1.0,0.0,0.0,1.0,0.0
35,135,1.8876774156087024,0.0,1.0,0.0,0.0,0.0,1.0,0.0
36,135,3.427056214203182,0.0,0.0,1.0,1.0,0.0,1.0,1.0
37,135,7.638202914572554,5.8289202913845575,1.0,0.0,0.0,0.0,1.0,1.0
38,135,9.712978733897382,8.106452554858528,1.0,0.0,1.0,0.0,1.0,0.0
39,135,6.965737956724444,10.665875730506125,0.0,1.0,1.0,1.0,1.0,1.0
0,140,8.52962355542427,3.8630953213130055,0.0,1.0,0.0,1.0,0.0,1.0
1,140,0.0,4.942753081236651,1.0,0.0,1.0,1.0,1.0,1.0
2,140,6.707296582212042,7.981205969377552,0.0,0.0,0.0,0.0,0.0,0.0
3,140,7.822800548996693,10.54470905847094,0.0,0.0,1.0,0.0,0.0,0.0
4,140,11.633003415544174,8.396207337446942,0.0,0.0,1.0,0.0,1.0,0.0
5,140,6.03407895815699,12.0,1.0,1.0,0.0,0.0,0.0,0.0
6,140,8.68677943282764,0.0,1.0,0.0,1.0,0.0,1.0,1.0
7,140,2.4832254334518646,4.027067512482888,0.0,0.0,0.0,0.0,1.0,0.0
8,140,3.799371920600006,6.476333991828175,0.0,0.0,1.0,1.0,0.0,1.0
9,140,10.577353115465884,9.85739546012928,1.0,0.0,0.0,1.0,0.0,0.0
10,140,0.0,12.0,0.0,1.0,1.0,0.0,0.0,0.0
11,140,3.975870700914019,2.9746967132230004,0.0,0.0,0.0,0.0,1.0,1.0
12,140,0.6756100536996658,5.857746969675938,0.0,0.0,0.0,0.0,0.0,0.0
13,140,6.723699935840783,11.039903635214795,0.0,1.0,0.0,1.0,1.0,0.0
14,140,10.552112329184242,6.11941951886682,1.0,0.0,0.0,1.0,0.0,0.0
15,140,11.724736654240075,7.618499963425538,0.0,0.0,0.0,0.0,1.0,0.0
16,140,10.184175077876969,7.975251396812239,1.0,0.0,0.0,0.0,1.0,0.0
17,140,6.191519707007879,6.049330873460117,1.0,0.0,0.0,1.0,0.0,0.0
18,140,9.352816669978353,4.090897495513183,0.0,0.0,0.0,0.0,0.0,0.0
19,140,12.0,8.1392448345692,0.0,0.0,1.0,1.0,0.0,0.0
20,140,3.253275663716786,10.236809830832916,0.0,0.0,0.0,0.0,0.0,0.0
21,140,5.89295052923804,0.0,0.0,0.0,0.0,0.0,1.0,1.0
22,140,9.065247103006788,12.0,0.0,0.0,0.0,0.0,0.0,0.0
23,140,1.2157301930076911,6.61692307691848,0.0,1.0,1.0,1.0,0.0,1.0
24,140,8.123100935665216,12.0,1.0,1.0,1.0,1.0,0.0,0.0
25,140,5.998317339937096,3.3822903937837125,0.0,1.0,0.0,0.0,1.0,1.0
26,140,5.104416732624361,0.8292467024145089,0.0,0.0,0.0,1.0,1.0,1.0
27,140,12.0,12.0,0.0,0.0,0.0,1.0,0.0,1.0
28,140,0.8880133013171868,4.973249615547488,0.0,0.0,0.0,0.0,0.0,0.0
29,140,8.900669226991758,3.781015678061445,1.0,0.0,0.0,0.0,0.0,0.0
30,140,0.0327702586741354,4.08389858662354,1.0,1.0,0.0,0.0,1.0,1.0
31,140,8.762892602697287,3.2363925124448656,1.0,1.0,1.0,1.0,0.0,0.0
32,140,4.085135085323703,8.456048613625228,0.0,0.0,0.0,1.0,0.0,0.0
33,140,0.9601131638577683,0.7876151555187919,0.0,1.0,0.0,0.0,0.0,0.0
34,140,10.419654029689044,11.398944208383444,0.0,1.0,0.0,0.0,1.0,0.0
35,140,2.024573934977148,0.0,1.0,0.0,0.0,0.0,1.0,0.0
36,140,3.4011576300593416,0.0,0.0,1.0,1.0,0.0,1.0,1.0
37,140,7.610523556208026,5.805365477715445,1.0,0.0,0.0,0.0,1.0,1.0
38,140,9.634194905900326,7.987973458798963,1.0,0.0,1.0,0.0,1.0,0.0
39,140,7.007607407177135,10.606329342504749,0.0,1.0,1.0,1.0,1.0,1.0
0,145,8.467032591197128,3.8974191726228473,0.0,1.0,0.0,1.0,0.0,1.0
1,145,0.0,4.903144954573775,1.0,0.0,1.0,1.0,1.0,1.0
2,145,6.69587031271428,8.043844662841995,0.0,0.0,0.0,0.0,0.0,0.0
3,145,7.920609082478529,10.679597423622626,0.0,0.0,1.0,0.0,0.0,0.0
4,145,11.639015782208764,8.424838559856944,0.0,0.0,1.0,0.0,1.0,0.0
5,145,6.078971604115715,12.0,1.0,1.0,0.0,0.0,0.0,0.0
6,145,8.694026768352769,0.0003528429331987,1.0,0.0,1.0,0.0,1.0,1.0
7,145,2.511705873924438,3.9708683094511703,0.0,0.0,0.0,0.0,1.0,0.0
8,145,3.746781181165007,6.455685068501826,0.0,0.0,1.0,1.0,0.0,1.0
9,145,10.458299092450352,9.76790463137489,1.0,0.0,0.0,1.0,0.0,0.0
10,145,0.0,12.0,0.0,1.0,1.0,0.0,0.0,0.0
11,145,3.982960518973274,2.992800265469887,0.0,0.0,0.0,0.0,1.0,1.0
12,145,0.7245337681463108,5.769854947996659,0.0,0.0,0.0,0.0,0.0,0.0
13,145,6.7690118310873295,11.045281990531862,0.0,1.0,0.0,1.0,1.0,0.0
14,145,10.678002617470796,6.170538455543854,1.0,0.0,0.0,1.0,0.0,0.0
15,145,11.752994453511516,7.538662817602648,0.0,0.0,0.0,0.0,1.0,0.0
16,145,10.266496180669282,7.964057957598132,1.0,0.0,0.0,0.0,1.0,0.0
17,145,6.222235197626316,6.050459933640815,1.0,0.0,0.0,1.0,0.0,0.0
18,145,9.215796662551808,4.0948380802757285,0.0,0.0,0.0,0.0,0.0,0.0
19,145,12.0,8.141721952469979,0.0,0.0,1.0,1.0,0.0,0.0
20,145,3.224684482387253,10.264775338958248,0.0,0.0,0.0,0.0,0.0,0.0
21,145,5.785013944844954,0.0,0.0,0.0,0.0,0.0,1.0,1.0
22,145,9.075866764144472,12.0,0.0,0.0,0.0,0.0,0.0,0.0
23,145,1.215507694912353,6.605630566512035,0.0,1.0,1.0,1.0,0.0,1.0
24,145,8.09136064222189,12.0,1.0,1.0,1.0,1.0,0.0,0.0
25,145,5.955632475432374,3.442792703889467,0.0,1.0,0.0,0.0,1.0,1.0
26,145,5.110082021571047,0.8209151448918486,0.0,0.0,0.0,1.0,1.0,1.0
27,145,12.0,12.0,0.0,0.0,0.0,1.0,0.0,1.0
28,145,0.883166749693604,4.785103821210203,0.0,0.0,0.0,0.0,0.0,0.0
29,145,8.851974257953751,3.770587710015763,1.0,0.0,0.0,0.0,0.0,0.0
30,145,0.03981383380609,4.066355619796892,1.0,1.0,0.0,0.0,1.0,1.0
31,145,8.735840846871096,3.16123557715662,1.0,1.0,1.0,1.0,0.0,0.0
32,145,4.11164526114386,8.379387057754926,0.0,0.0,0.0,1.0,0.0,0.0
33,145,0.921271795034291,0.8204847004152096,0.0,1.0,0.0,0.0,0.0,0.0
34,145,10.441550543563253,11.423082994101984,0.0,1.0,0.0,0.0,1.0,0.0
35,145,2.1595057852437143,0.0,1.0,0.0,0.0,0.0,1.0,0.0
36,145,3.37634658851402,0.0,0.0,1.0,1.0,0.0,1.0,1.0
37,145,7.548041693751524,5.752726054202281,1.0,0.0,0.0,0.0,1.0,1.0
38,145,9.564201609267696,7.878164853191202,1.0,0.0,1.0,0.0,1.0,0.0
39,145,7.050521539506996,10.542227811106336,0.0,1.0,1.0,1.0,1.0,1.0
0,150,8.397828588429164,3.9351806917595953,0.0,1.0,0.0,1.0,0.0,1.0
1,150,0.0,4.867540367187712,1.0,0.0,1.0,1.0,1.0,1.0
2,150,6.680811600991903,8.124545345380593,0.0,0.0,0.0,0.0,0.0,0.0
3,150,8.029755479702947,10.826706096887682,0.0,0.0,1.0,0.0,0.0,0.0
4,150,11.6522866895853,8.479346963693832,0.0,0.0,1.0,0.0,1.0,0.0
5,150,6.1233154276966095,12.0,1.0,1.0,0.0,0.0,0.0,0.0
6,150,8.723561225637738,0.0017726550703133,1.0,0.0,1.0,0.0,1.0,1.0
7,150,2.544066451526608,3.904641223618401,0.0,0.0,0.0,0.0,1.0,0.0
8,150,3.699891248301397,6.437549645989381,0.0,0.0,1.0,1.0,0.0,1.0
9,150,10.341094872748586,9.6769826386539,1.0,0.0,0.0,1.0,0.0,0.0
10,150,0.0,12.0,0.0,1.0,1.0,0.0,0.0,0.0
11,150,3.987812700894406,3.005573023609974,0.0,0.0,0.0,0.0,1.0,1.0
12,150,0.7742948441455042,5.68366529697436,0.0,0.0,0.0,0.0,0.0,0.0
13,150,6.817274169716104,11.051005705560796,0.0,1.0,0.0,1.0,1.0,0.0
14,150,10.79883434850142,6.219786839203472,1.0,0.0,0.0,1.0,0.0,0.0
15,150,11.783444550566308,7.45950471404325,0.0,0.0,0.0,0.0,1.0,0.0
16,150,10.342403195209018,7.9549019231942975,1.0,0.0,0.0,0.0,1.0,0.0
17,150,6.253742344675025,6.052358314093661,1.0,0.0,0.0,1.0,0.0,0.0
18,150,9.104445969392147,4.101106223955313,0.0,0.0,0.0,0.0,0.0,0.0
19,150,11.995074270208224,8.14104883057649,0.0,0.0,1.0,1.0,0.0,0.0
20,150,3.166189713204389,10.32054244930783,0.0,0.0,0.0,0.0,0.0,0.0
21,150,5.682237809197344,0.0,0.0,0.0,0.0,0.0,1.0,1.0
22,150,9.100760301162495,12.0,0.0,0.0,0.0,0.0,0.0,0.0
23,150,1.215289178351086,6.589954965143391,0.0,1.0,1.0,1.0,0.0,1.0
24,150,8.064782473769817,12.0,1.0,1.0,1.0,1.0,0.0,0.0
25,150,5.91300459510913,3.499494104716247,0.0,1.0,0.0,0.0,1.0,1.0
26,150,5.113516285767728,0.8157718763346952,0.0,0.0,0.0,1.0,1.0,1.0
27,150,11.998579211819006,11.99046430816256,0.0,0.0,0.0,1.0,0.0,1.0
28,150,0.8829577841590546,4.621066352143471,0.0,0.0,0.0,0.0,0.0,0.0
29,150,8.800786548439124,3.759547956597995,1.0,0.0,0.0,0.0,0.0,0.0
30,150,0.0436509781136256,4.057135507689458,1.0,1.0,0.0,0.0,1.0,1.0
31,150,8.710715606361408,3.0858302238434727,1.0,1.0,1.0,1.0,0.0,0.0
32,150,4.136075643792583,8.310626544861563,0.0,0.0,0.0,1.0,0.0,0.0
33,150,0.8824502060133104,0.8515201789982896,0.0,1.0,0.0,0.0,0.0,0.0
34,150,10.461656041841406,11.444554622732324,0.0,1.0,0.0,0.0,1.0,0.0
35,150,2.3059529697224304,0.0,1.0,0.0,0.0,0.0,1.0,0.0
36,150,3.361478178223228,0.0,0.0,1.0,1.0,0.0,1.0,1.0
37,150,7.4879753595503,5.703313979111739,1.0,0.0,0.0,0.0,1.0,1.0
38,150,9.508400523362347,7.788981151980721,1.0,0.0,1.0,0.0,1.0,0.0
39,150,7.086590983626073,10.485712346882917,0.0,1.0,1.0,1.0,1.0,1.0
0,155,8.316381394382542,3.978858973417948,0.0,1.0,0.0,1.0,0.0,1.0
1,155,0.0,4.836425499748303,1.0,0.0,1.0,1.0,1.0,1.0
2,155,6.665816821114461,8.212947707967498,0.0,0.0,0.0,0.0,0.0,0.0
3,155,8.150758968720444,10.986996886159051,0.0,0.0,1.0,0.0,0.0,0.0
4,155,11.668000680924846,8.54231056106908,0.0,0.0,1.0,0.0,1.0,0.0
5,155,6.1584515396629085,12.0,1.0,1.0,0.0,0.0,0.0,0.0
6,155,8.761281415768375,0.0037898381704111,1.0,0.0,1.0,0.0,1.0,1.0
7,155,2.561788829086412,3.8662454475895016,0.0,0.0,0.0,0.0,1.0,0.0
8,155,3.648086607275727,6.416820777900576,0.0,0.0,1.0,1.0,0.0,1.0
9,155,10.22440510772944,9.582091142759229,1.0,0.0,0.0,1.0,0.0,0.0
10,155,0.0,12.0,0.0,1.0,1.0,0.0,0.0,0.0
11,155,3.984957806686592,2.9979727274514354,0.0,0.0,0.0,0.0,1.0,1.0
12,155,0.8309752679655233,5.583918059400402,0.0,0.0,0.0,0.0,0.0,0.0
13,155,6.881379313069607,11.057718025187569,0.0,1.0,0.0,1.0,1.0,0.0
14,155,10.91886463641884,6.268283942431814,1.0,0.0,0.0,1.0,0.0,0.0
15,155,11.817104630035049,7.376896417527035,0.0,0.0,0.0,0.0,1.0,0.0
16,155,10.411741987001196,7.946356516046083,1.0,0.0,0.0,0.0,1.0,0.0
17,155,6.282139794208659,6.053795494228199,1.0,0.0,0.0,1.0,0.0,0.0
18,155,8.982529293695,4.108734439021224,0.0,0.0,0.0,0.0,0.0,0.0
19,155,11.972161526760186,8.138097378960465,0.0,0.0,1.0,1.0,0.0,0.0
20,155,3.1010651715479587,10.383594722505295,0.0,0.0,0.0,0.0,0.0,0.0
21,155,5.588210051110406,0.0,0.0,0.0,0.0,0.0,1.0,1.0
22,155,9.12443244466916,12.0,0.0,0.0,0.0,0.0,0.0,0.0
23,155,1.2145164332096356,6.565094854387649,0.0,1.0,1.0,1.0,0.0,1.0
24,155,8.039405007729908,12.0,1.0,1.0,1.0,1.0,0.0,0.0
25,155,5.859220373616084,3.5698123504481067,0.0,1.0,0.0,0.0,1.0,1.0
26,155,5.130453773448471,0.7896695053504651,0.0,0.0,0.0,1.0,1.0,1.0
27,155,11.995595246264278,11.97071089447538,0.0,0.0,0.0,1.0,0.0,1.0
28,155,0.8838813045175361,4.448889711062942,0.0,0.0,0.0,0.0,0.0,0.0
29,155,8.754489122642289,3.747073638548035,1.0,0.0,0.0,0.0,0.0,0.0
30,155,0.0566326490461729,4.026223862219581,1.0,1.0,0.0,0.0,1.0,1.0
31,155,8.681151442870409,3.002184269982243,1.0,1.0,1.0,1.0,0.0,0.0
32,155,4.161229685218823,8.239850765403268,0.0,0.0,0.0,1.0,0.0,0.0
33,155,0.8231588822884498,0.8964646794448657,0.0,1.0,0.0,0.0,0.0,0.0
34,155,10.474770863542584,11.458734791695347,0.0,1.0,0.0,0.0,1.0,0.0
35,155,2.4547188913480227,0.0,1.0,0.0,0.0,0.0,1.0,0.0
36,155,3.3376881025601417,0.0,0.0,1.0,1.0,0.0,1.0,1.0
37,155,7.439833121626395,5.662263976433802,1.0,0.0,0.0,0.0,1.0,1.0
38,155,9.453323166516816,7.699605243930255,1.0,0.0,1.0,0.0,1.0,0.0
39,155,7.120617173107474,10.42875328456978,0.0,1.0,1.0,1.0,1.0,1.0
0,160,8.248906702627247,4.012883996964132,0.0,1.0,0.0,1.0,0.0,1.0
1,160,0.0,4.798186834488375,1.0,0.0,1.0,1.0,1.0,1.0
2,160,6.652261754498058,8.281892302716223,0.0,0.0,0.0,0.0,0.0,0.0
3,160,8.278358198752985,11.164070270535015,0.0,0.0,1.0,0.0,0.0,0.0
4,160,11.68426262002132,8.617811632918986,0.0,0.0,1.0,0.0,1.0,0.0
5,160,6.20295978233405,12.0,1.0,1.0,0.0,0.0,0.0,0.0
6,160,8.797237917877103,0.0063322956890945,1.0,0.0,1.0,0.0,1.0,1.0
7,160,2.5710345774556917,3.846408593820755,0.0,0.0,0.0,0.0,1.0,0.0
8,160,3.560880864358829,6.38425996851096,0.0,0.0,1.0,1.0,0.0,1.0
9,160,10.101937742090806,9.480617539964475,1.0,0.0,0.0,1.0,0.0,0.0
10,160,0.0,12.0,0.0,1.0,1.0,0.0,0.0,0.0
11,160,3.986009660665148,3.000803829715658,0.0,0.0,0.0,0.0,1.0,1.0
12,160,0.8901861292533915,5.475498127876077,0.0,0.0,0.0,0.0,0.0,0.0
13,160,6.939604187330375,11.064825933802425,0.0,1.0,0.0,1.0,1.0,0.0
14,160,11.042340009230864,6.319143299078275,1.0,0.0,0.0,1.0,0.0,0.0
15,160,11.842755530956392,7.313822490512039,0.0,0.0,0.0,0.0,1.0,0.0
16,160,10.463277965128464,7.939363743753035,1.0,0.0,0.0,0.0,1.0,0.0
17,160,6.305209852205772,6.054562976121375,1.0,0.0,0.0,1.0,0.0,0.0
18,160,8.864139316585684,4.114134774724094,0.0,0.0,0.0,0.0,0.0,0.0
19,160,11.95098858247719,8.135533418474651,0.0,0.0,1.0,1.0,0.0,0.0
20,160,3.033303544170771,10.448821271968097,0.0,0.0,0.0,0.0,0.0,0.0
21,160,5.50654454970795,0.0,0.0,0.0,0.0,0.0,1.0,1.0
22,160,9.147833570628302,12.0,0.0,0.0,0.0,0.0,0.0,0.0
23,160,1.214544626628736,6.566977090528384,0.0,1.0,1.0,1.0,0.0,1.0
24,160,8.013208084587154,12.0,1.0,1.0,1.0,1.0,0.0,0.0
25,160,5.808238511259564,3.6396343344089055,0.0,1.0,0.0,0.0,1.0,1.0
26,160,5.139667581101243,0.7751008265702012,0.0,0.0,0.0,1.0,1.0,1.0
27,160,11.994988807983637,11.96700944769559,0.0,0.0,0.0,1.0,0.0,1.0
28,160,0.8824093105363223,4.2712476952483245,0.0,0.0,0.0,0.0,0.0,0.0
29,160,8.71039076993199,3.734903161030652,1.0,0.0,0.0,0.0,0.0,0.0
30,160,0.0660097333989248,4.003383037280243,1.0,1.0,0.0,0.0,1.0,1.0
31,160,8.653229935593318,2.9158232664849315,1.0,1.0,1.0,1.0,0.0,0.0
32,160,4.184292737280028,8.176049956128043,0.0,0.0,0.0,1.0,0.0,0.0
33,160,0.7762184965914586,0.9320908171836466,0.0,1.0,0.0,0.0,0.0,0.0
34,160,10.49229099143692,11.479177689384832,0.0,1.0,0.0,0.0,1.0,0.0
35,160,2.5987204304548777,0.0,1.0,0.0,0.0,0.0,1.0,0.0
36,160,3.3225632512797887,0.0,0.0,1.0,1.0,0.0,1.0,1.0
37,160,7.411739054416301,5.638966832717226,1.0,0.0,0.0,0.0,1.0,1.0
38,160,9.39355902184506,7.604604356788952,1.0,0.0,1.0,0.0,1.0,0.0
39,160,7.154151177508154,10.376475853133591,0.0,1.0,1.0,1.0,1.0,1.0
0,165,8.174579869740882,4.051122927536686,0.0,1.0,0.0,1.0,0.0,1.0
1,165,0.0,4.748374610706512,1.0,0.0,1.0,1.0,1.0,1.0
2,165,6.638812867638992,8.36187565909235,0.0,0.0,0.0,0.0,0.0,0.0
3,165,8.399291812045037,11.342465515962711,0.0,0.0,1.0,0.0,0.0,0.0
4,165,11.69776957180324,8.677129894389875,0.0,0.0,1.0,0.0,1.0,0.0
5,165,6.245032543296841,12.0,1.0,1.0,0.0,0.0,0.0,0.0
6,165,8.825889160299711,0.0080295660961337,1.0,0.0,1.0,0.0,1.0,1.0
7,165,2.579751848474129,3.829789554219865,0.0,0.0,0.0,0.0,1.0,0.0
8,165,3.461354568130074,6.346928507449015,0.0,0.0,1.0,1.0,0.0,1.0
9,165,9.973391837070258,9.37154353749258,1.0,0.0,0.0,1.0,0.0,0.0
10,165,0.0,12.0,0.0,1.0,1.0,0.0,0.0,0.0
11,165,3.9970680223204735,3.031531003959097,0.0,0.0,0.0,0.0,1.0,1.0
12,165,0.9494604287061882,5.366334065966163,0.0,0.0,0.0,0.0,0.0,0.0
13,165,7.001423696694902,11.074463105491864,0.0,1.0,0.0,1.0,1.0,0.0
14,165,11.187714370020975,6.374166106416462,1.0,0.0,0.0,1.0,0.0,0.0
15,165,11.868512057636371,7.250462362723128,0.0,0.0,0.0,0.0,1.0,0.0
16,165,10.515672020203688,7.932938984681266,1.0,0.0,0.0,0.0,1.0,0.0
17,165,6.31802999641943,6.054631653610699,1.0,0.0,0.0,1.0,0.0,0.0
18,165,8.734706230534826,4.122724640801687,0.0,0.0,0.0,0.0,0.0,0.0
19,165,11.911979278553344,8.130395691313868,0.0,0.0,1.0,1.0,0.0,0.0
20,165,2.9646406997267483,10.512134505422797,0.0,0.0,0.0,0.0,0.0,0.0
21,165,5.436644070561383,0.0,0.0,0.0,0.0,0.0,1.0,1.0
22,165,9.175812100323308,12.0,0.0,0.0,0.0,0.0,0.0,0.0
23,165,1.214801408259649,6.574403989056599,0.0,1.0,1.0,1.0,0.0,1.0
24,165,7.999943593305803,12.0,1.0,1.0,1.0,1.0,0.0,0.0
25,165,5.742014954979712,3.7326596844816406,0.0,1.0,0.0,0.0,1.0,1.0
26,165,5.135662318235885,0.7819371630954305,0.0,0.0,0.0,1.0,1.0,1.0
27,165,11.997655555571146,11.986129572047108,0.0,0.0,0.0,1.0,0.0,1.0
28,165,0.8824330749572923,4.0944557533128005,0.0,0.0,0.0,0.0,0.0,0.0
29,165,8.659140739044078,3.721573370217563,1.0,0.0,0.0,0.0,0.0,0.0
30,165,0.0375164000884052,3.992158881168444,1.0,1.0,0.0,0.0,1.0,1.0
31,165,8.635104355784483,2.858833836591563,1.0,1.0,1.0,1.0,0.0,0.0
32,165,4.205328501563095,8.117455727129022,0.0,0.0,0.0,1.0,0.0,0.0
33,165,0.7278323819354476,0.968703475255048,0.0,1.0,0.0,0.0,0.0,0.0
34,165,10.512687861716614,11.503056644796006,0.0,1.0,0.0,0.0,1.0,0.0
35,165,2.746984601503,0.0,1.0,0.0,0.0,0.0,1.0,0.0
36,165,3.31184901189316,0.0,0.0,1.0,1.0,0.0,1.0,1.0
37,165,7.380521876943511,5.611778361077905,1.0,0.0,0.0,0.0,1.0,1.0
38,165,9.337682386193327,7.505695200754715,1.0,0.0,1.0,0.0,1.0,0.0
39,165,7.173403797513181,10.34622637548022,0.0,1.0,1.0,1.0,1.0,1.0
0,170,8.107880758854117,4.08383225409013,0.0,1.0,0.0,1.0,0.0,1.0
1,170,0.0,4.701528422099745,1.0,0.0,1.0,1.0,1.0,1.0
2,170,6.626774359874524,8.432188645090127,0.0,0.0,0.0,0.0,0.0,0.0
3,170,8.525578860816708,11.53539964525026,0.0,0.0,1.0,0.0,0.0,0.0
4,170,11.710170859335085,8.733211072435427,0.0,0.0,1.0,0.0,1.0,0.0
5,170,6.294042019636324,12.0,1.0,1.0,0.0,0.0,0.0,0.0
6,170,8.839308000427556,0.0089532334352085,1.0,0.0,1.0,0.0,1.0,1.0
7,170,2.5868487747717195,3.815535547879734,0.0,0.0,0.0,0.0,1.0,0.0
8,170,3.387712443315054,6.317685753219024,0.0,0.0,1.0,1.0,0.0,1.0
9,170,9.851308181866123,9.26171061080838,1.0,0.0,0.0,1.0,0.0,0.0
10,170,0.0,12.0,0.0,1.0,1.0,0.0,0.0,0.0
11,170,4.006895399636887,3.059864209040497,0.0,0.0,0.0,0.0,1.0,1.0
12,170,1.0149113970826302,5.244802499783474,0.0,0.0,0.0,0.0,0.0,0.0
13,170,6.993205616528591,11.136489948773203,0.0,1.0,0.0,1.0,1.0,0.0
14,170,11.340999657748425,6.435686700264923,1.0,0.0,0.0,1.0,0.0,0.0
15,170,11.889783531845357,7.201336662370169,0.0,0.0,0.0,0.0,1.0,0.0
16,170,10.565500414056569,7.92571832022228,1.0,0.0,0.0,0.0,1.0,0.0
17,170,6.296897498142666,6.054504494740887,1.0,0.0,0.0,1.0,0.0,0.0
18,170,8.6157189473264,4.1313244132911615,0.0,0.0,0.0,0.0,0.0,0.0
19,170,11.882596323610612,8.126850646696061,0.0,0.0,1.0,1.0,0.0,0.0
20,170,2.894743095774399,10.575575950167284,0.0,0.0,0.0,0.0,0.0,0.0
21,170,5.375647742731004,0.0,0.0,0.0,0.0,0.0,1.0,1.0
22,170,9.21311653630576,12.0,0.0,0.0,0.0,0.0,0.0,0.0
23,170,1.217122978674728,6.616312106709179,0.0,1.0,1.0,1.0,0.0,1.0
24,170,7.995403934384265,12.0,1.0,1.0,1.0,1.0,0.0,0.0
25,170,5.667212603118901,3.831162330095567,0.0,1.0,0.0,0.0,1.0,1.0
26,170,5.132618400543118,0.7870082074301967,0.0,0.0,0.0,1.0,1.0,1.0
27,170,11.998042837061965,11.989224328164251,0.0,0.0,0.0,1.0,0.0,1.0
28,170,0.883583248480948,3.943265884716671,0.0,0.0,0.0,0.0,0.0,0.0
29,170,8.59641434034072,3.704667475823474,1.0,0.0,0.0,0.0,0.0,0.0
30,170,0.0,3.977751033179001,1.0,1.0,0.0,0.0,1.0,1.0
31,170,8.615177371881167,2.7989479020114616,1.0,1.0,1.0,1.0,0.0,0.0
32,170,4.216753752799374,8.083143289099809,0.0,0.0,0.0,1.0,0.0,0.0
33,170,0.6848059645679744,1.003253160577765,0.0,1.0,0.0,0.0,0.0,0.0
34,170,10.528626304706371,11.521378813882563,0.0,1.0,0.0,0.0,1.0,0.0
35,170,2.8876815520544628,0.0,1.0,0.0,0.0,0.0,1.0,0.0
36,170,3.304516368588999,0.0,0.0,1.0,1.0,0.0,1.0,1.0
37,170,7.359137426525272,5.593164131348216,1.0,0.0,0.0,0.0,1.0,1.0
38,170,9.285340289237526,7.412515988966234,1.0,0.0,1.0,0.0,1.0,0.0
39,170,7.204208944758694,10.297142224721275,0.0,1.0,1.0,1.0,1.0,1.0
0,175,8.019855910601011,4.126595919345987,0.0,1.0,0.0,1.0,0.0,1.0
1,175,0.0,4.648073048351312,1.0,0.0,1.0,1.0,1.0,1.0
2,175,6.6149447544764906,8.502802307294413,0.0,0.0,0.0,0.0,0.0,0.0
3,175,8.643029287668512,11.715913604257006,0.0,0.0,1.0,0.0,0.0,0.0
4,175,11.725216208538,8.797100446824647,0.0,0.0,1.0,0.0,1.0,0.0
5,175,6.3531249607220985,12.0,1.0,1.0,0.0,0.0,0.0,0.0
6,175,8.84757252488832,0.0095443115739187,1.0,0.0,1.0,0.0,1.0,1.0
7,175,2.592344323631218,3.8044316408889287,0.0,0.0,0.0,0.0,1.0,0.0
8,175,3.291437694636864,6.276157979558315,0.0,0.0,1.0,1.0,0.0,1.0
9,175,9.71714849264078,9.13868241409726,1.0,0.0,0.0,1.0,0.0,0.0
10,175,0.0,12.0,0.0,1.0,1.0,0.0,0.0,0.0
11,175,4.014139539945018,3.0823038119217805,0.0,0.0,0.0,0.0,1.0,1.0
12,175,1.0820986190678652,5.127292449189242,0.0,0.0,0.0,0.0,0.0,0.0
13,175,6.981891305738803,11.21159620783496,0.0,1.0,0.0,1.0,1.0,0.0
14,175,11.50728512764086,6.501063655946908,1.0,0.0,0.0,1.0,0.0,0.0
15,175,11.90777906545506,7.159287296891194,0.0,0.0,0.0,0.0,1.0,0.0
16,175,10.61859806289059,7.918458398781527,1.0,0.0,0.0,0.0,1.0,0.0
17,175,6.278456595071988,6.054559991217762,1.0,0.0,0.0,1.0,0.0,0.0
18,175,8.50047723238663,4.1360064346507945,0.0,0.0,0.0,0.0,0.0,0.0
19,175,11.84057339254072,8.1209582144818,0.0,0.0,1.0,1.0,0.0,0.0
20,175,2.8290660520789945,10.63627378593528,0.0,0.0,0.0,0.0,0.0,0.0
21,175,5.3234158392174455,0.0,0.0,0.0,0.0,0.0,1.0,1.0
22,175,9.246571403285587,12.0,0.0,0.0,0.0,0.0,0.0,0.0
23,175,1.2201523284684652,6.66414959223212,0.0,1.0,1.0,1.0,0.0,1.0
24,175,7.990332545793979,12.0,1.0,1.0,1.0,1.0,0.0,0.0
25,175,5.586989993692458,3.933781160473252,0.0,1.0,0.0,0.0,1.0,1.0
26,175,5.133392173029957,0.7857251581943013,0.0,0.0,0.0,1.0,1.0,1.0
27,175,11.996758665297042,11.97840002977549,0.0,0.0,0.0,1.0,0.0,1.0
28,175,0.8905133129169177,3.790079901881101,0.0,0.0,0.0,0.0,0.0,0.0
29,175,8.55083694470988,3.693076931031636,1.0,0.0,0.0,0.0,0.0,0.0
30,175,0.0,3.968641227425568,1.0,1.0,0.0,0.0,1.0,1.0
31,175,8.594261752113118,2.7430520573288946,1.0,1.0,1.0,1.0,0.0,0.0
32,175,4.228955296483755,8.045806283997909,0.0,0.0,0.0,1.0,0.0,0.0
33,175,0.6219649224104172,1.0535214264818136,0.0,1.0,0.0,0.0,0.0,0.0
34,175,10.553957410417764,11.54925856459197,0.0,1.0,0.0,0.0,1.0,0.0
35,175,3.0227925202965618,0.0,1.0,0.0,0.0,0.0,1.0,0.0
36,175,3.299103590671408,0.0,0.0,1.0,1.0,0.0,1.0,1.0
37,175,7.356596538028078,5.590849864121109,1.0,0.0,0.0,0.0,1.0,1.0
38,175,9.223591903066154,7.305620439382384,1.0,0.0,1.0,0.0,1.0,0.0
39,175,7.234158100101767,10.247133147626943,0.0,1.0,1.0,1.0,1.0,1.0
0,180,7.924994220436982,4.175658286283332,0.0,1.0,0.0,1.0,0.0,1.0
1,180,0.0,4.596417413061681,1.0,0.0,1.0,1.0,1.0,1.0
2,180,6.607169685314112,8.551751638451194,0.0,0.0,0.0,0.0,0.0,0.0
3,180,8.764549591914605,11.88883980910608,0.0,0.0,1.0,0.0,0.0,0.0
4,180,11.73442962045858,8.832216685566902,0.0,0.0,1.0,0.0,1.0,0.0
5,180,6.410260055121444,12.0,1.0,1.0,0.0,0.0,0.0,0.0
6,180,8.865028380685246,0.011066981937275,1.0,0.0,1.0,0.0,1.0,1.0
7,180,2.59738836674512,3.7946025960688656,0.0,0.0,0.0,0.0,1.0,0.0
8,180,3.213236393605399,6.23991329047847,0.0,0.0,1.0,1.0,0.0,1.0
9,180,9.567909029851776,9.006918291049544,1.0,0.0,0.0,1.0,0.0,0.0
10,180,0.0,12.0,0.0,1.0,1.0,0.0,0.0,0.0
11,180,4.02151732466455,3.104688866247668,0.0,0.0,0.0,0.0,1.0,1.0
12,180,1.1402165773516333,5.020635215313258,0.0,0.0,0.0,0.0,0.0,0.0
13,180,6.971994007057484,11.277623456185085,0.0,1.0,0.0,1.0,1.0,0.0
14,180,11.690235207143122,6.569284823525155,1.0,0.0,0.0,1.0,0.0,0.0
15,180,11.929553661718648,7.10547511266874,0.0,0.0,0.0,0.0,1.0,0.0
16,180,10.682202485672248,7.908851267350713,1.0,0.0,0.0,0.0,1.0,0.0
17,180,6.292951019178211,6.054003709948948,1.0,0.0,0.0,1.0,0.0,0.0
18,180,8.358546409334956,4.136629111881296,0.0,0.0,0.0,0.0,0.0,0.0
19,180,11.790612842557705,8.113777701560721,0.0,0.0,1.0,1.0,0.0,0.0
20,180,2.7684207735367896,10.692396888155928,0.0,0.0,0.0,0.0,0.0,0.0
21,180,5.252699697866298,0.0,0.0,0.0,0.0,0.0,1.0,1.0
22,180,9.27972519411122,12.0,0.0,0.0,0.0,0.0,0.0,0.0
23,180,1.2215736295296766,6.689856799171583,0.0,1.0,1.0,1.0,0.0,1.0
24,180,7.9932267248404285,11.997407312161585,1.0,1.0,1.0,1.0,0.0,0.0
25,180,5.495169399588819,4.056055369699324,0.0,1.0,0.0,0.0,1.0,1.0
26,180,5.144416632248462,0.768168513339804,0.0,0.0,0.0,1.0,1.0,1.0
27,180,11.999040035358751,12.0,0.0,0.0,0.0,1.0,0.0,1.0
28,180,0.894241592397849,3.643250127983245,0.0,0.0,0.0,0.0,0.0,0.0
29,180,8.520356128427519,3.686008342256012,1.0,0.0,0.0,0.0,0.0,0.0
30,180,0.0,3.9550317133638058,1.0,1.0,0.0,0.0,1.0,1.0
31,180,8.573828922811742,2.68754522366533,1.0,1.0,1.0,1.0,0.0,0.0
32,180,4.246036118120045,7.991823572508644,0.0,0.0,0.0,1.0,0.0,0.0
33,180,0.5497586924814312,1.1153874226906113,0.0,1.0,0.0,0.0,0.0,0.0
34,180,10.579578513663977,11.57569136806474,0.0,1.0,0.0,0.0,1.0,0.0
35,180,3.153294171511421,0.0,1.0,0.0,0.0,0.0,1.0,0.0
36,180,3.283863806219184,0.0,0.0,1.0,1.0,0.0,1.0,1.0
37,180,7.348482388484502,5.583484528585082,1.0,0.0,0.0,0.0,1.0,1.0
38,180,9.168278561121816,7.207066594959208,1.0,0.0,1.0,0.0,1.0,0.0
39,180,7.270787274257825,10.187585344128216,0.0,1.0,1.0,1.0,1.0,1.0
0,185,7.830461816088992,4.223140377928605,0.0,1.0,0.0,1.0,0.0,1.0
1,185,0.0,4.545913829366095,1.0,0.0,1.0,1.0,1.0,1.0
2,185,6.597631961110121,8.601287030367548,0.0,0.0,0.0,0.0,0.0,0.0
3,185,8.887392198906715,12.0,0.0,0.0,1.0,0.0,0.0,0.0
4,185,11.745858907877947,8.879179492923951,0.0,0.0,1.0,0.0,1.0,0.0
5,185,6.47649912639208,12.0,1.0,1.0,0.0,0.0,0.0,0.0
6,185,8.891885321135472,0.0130924145414236,1.0,0.0,1.0,0.0,1.0,1.0
7,185,2.6030999714183904,3.783567131584388,0.0,0.0,0.0,0.0,1.0,0.0
8,185,3.1443441060922037,6.207072432449023,0.0,0.0,1.0,1.0,0.0,1.0
9,185,9.431844345218618,8.893319772045004,1.0,0.0,0.0,1.0,0.0,0.0
10,185,0.0,12.0,0.0,1.0,1.0,0.0,0.0,0.0
11,185,4.029201539434329,3.128226434126689,0.0,0.0,0.0,0.0,1.0,1.0
12,185,1.2080376095171863,4.901333383232759,0.0,0.0,0.0,0.0,0.0,0.0
13,185,6.962366401322207,11.351078516534573,0.0,1.0,0.0,1.0,1.0,0.0
14,185,11.89889603312963,6.640892223332979,1.0,0.0,0.0,1.0,0.0,0.0
15,185,11.943015167437247,7.070868813817521,0.0,0.0,0.0,0.0,1.0,0.0
16,185,10.721941010213795,7.902185651492964,1.0,0.0,0.0,0.0,1.0,0.0
17,185,6.310401890353219,6.0536982362251575,1.0,0.0,0.0,1.0,0.0,0.0
18,185,8.220115384793047,4.139871558493736,0.0,0.0,0.0,0.0,0.0,0.0
19,185,11.726535114478947,8.105175462901748,0.0,0.0,1.0,1.0,0.0,0.0
20,185,2.722847410791528,10.735804500395748,0.0,0.0,0.0,0.0,0.0,0.0
21,185,5.182807973780117,0.0,0.0,0.0,0.0,0.0,1.0,1.0
22,185,9.318882572234676,12.0,0.0,0.0,0.0,0.0,0.0,0.0
23,185,1.223339175038894,6.723489885094403,0.0,1.0,1.0,1.0,0.0,1.0
24,185,8.000185131988232,11.991221597794953,1.0,1.0,1.0,1.0,0.0,0.0
25,185,5.394713692277718,4.185745842426871,0.0,1.0,0.0,0.0,1.0,1.0
26,185,5.159087290233072,0.7453519462626325,0.0,0.0,0.0,1.0,1.0,1.0
27,185,12.0,12.0,0.0,0.0,0.0,1.0,0.0,1.0
28,185,0.8963233942398217,3.4884427979372155,0.0,0.0,0.0,0.0,0.0,0.0
29,185,8.500809010268783,3.6815149318835942,1.0,0.0,0.0,0.0,0.0,0.0
30,185,0.0,3.9484718769518734,1.0,1.0,0.0,0.0,1.0,1.0
31,185,8.557117157121128,2.640535274441468,1.0,1.0,1.0,1.0,0.0,0.0
32,185,4.257675761918729,7.955773224440235,0.0,0.0,0.0,1.0,0.0,0.0
33,185,0.4799744866505118,1.1745133701033323,0.0,1.0,0.0,0.0,0.0,0.0
34,185,10.62690807893254,11.621429520265034,0.0,1.0,0.0,0.0,1.0,0.0
35,185,3.2899908401087345,0.0,1.0,0.0,0.0,0.0,1.0,0.0
36,185,3.261200008886362,0.0,0.0,1.0,1.0,0.0,1.0,1.0
37,185,7.361445886286397,5.595399038185845,1.0,0.0,0.0,0.0,1.0,1.0
38,185,9.120192971487242,7.123904156033957,1.0,0.0,1.0,0.0,1.0,0.0
39,185,7.314050385505474,10.121243221506091,0.0,1.0,1.0,1.0,1.0,1.0
0,190,7.751404928091549,4.260916873904017,0.0,1.0,0.0,1.0,0.0,1.0
1,190,0.0,4.499592865228278,1.0,0.0,1.0,1.0,1.0,1.0
2,190,6.588516545305459,8.643923718809027,0.0,0.0,0.0,0.0,0.0,0.0
3,190,9.019582187413492,12.0,0.0,0.0,1.0,0.0,0.0,0.0
4,190,11.75587371463711,8.923249682274532,0.0,0.0,1.0,0.0,1.0,0.0
5,190,6.536625108939897,12.0,1.0,1.0,0.0,0.0,0.0,0.0
6,190,8.924569684517904,0.0153577489330985,1.0,0.0,1.0,0.0,1.0,1.0
7,190,2.602303816030949,3.785060302380381,0.0,0.0,0.0,0.0,1.0,0.0
8,190,3.0692789490668195,6.174405327984844,0.0,0.0,1.0,1.0,0.0,1.0
9,190,9.294500660135649,8.782438736984433,1.0,0.0,0.0,1.0,0.0,0.0
10,190,0.0,12.0,0.0,1.0,1.0,0.0,0.0,0.0
11,190,4.037098115614182,3.1512449857051115,0.0,0.0,0.0,0.0,1.0,1.0
12,190,1.276292454360267,4.781401455766259,0.0,0.0,0.0,0.0,0.0,0.0
13,190,6.94966939689904,11.441600273935606,0.0,1.0,0.0,1.0,1.0,0.0
14,190,12.0,6.716494676905052,1.0,0.0,0.0,1.0,0.0,0.0
15,190,11.94752468591408,7.059341882611999,0.0,0.0,0.0,0.0,1.0,0.0
16,190,10.764910630647645,7.894646786881853,1.0,0.0,0.0,0.0,1.0,0.0
17,190,6.325240578453795,6.053904271572916,1.0,0.0,0.0,1.0,0.0,0.0
18,190,8.094568411009064,4.141423852411712,0.0,0.0,0.0,0.0,0.0,0.0
19,190,11.667592496922948,8.098033190974578,0.0,0.0,1.0,1.0,0.0,0.0
20,190,2.68463541913287,10.772126966332332,0.0,0.0,0.0,0.0,0.0,0.0
21,190,5.097590824843777,0.0,0.0,0.0,0.0,0.0,1.0,1.0
22,190,9.365814525048336,12.0,0.0,0.0,0.0,0.0,0.0,0.0
23,190,1.224494673335563,6.745533733736576,0.0,1.0,1.0,1.0,0.0,1.0
24,190,8.009039874191519,11.983232089806934,1.0,1.0,1.0,1.0,0.0,0.0
25,190,5.296133226700296,4.310980583108918,0.0,1.0,0.0,0.0,1.0,1.0
26,190,5.168162512021503,0.7311120797121587,0.0,0.0,0.0,1.0,1.0,1.0
27,190,12.0,12.0,0.0,0.0,0.0,1.0,0.0,1.0
28,190,0.8986231530822173,3.313113175730438,0.0,0.0,0.0,0.0,0.0,0.0
29,190,8.48816429644433,3.678856353486633,1.0,0.0,0.0,0.0,0.0,0.0
30,190,0.0083667228217014,3.951434870489825,1.0,1.0,0.0,0.0,1.0,1.0
31,190,8.539637948924401,2.5902662790365243,1.0,1.0,1.0,1.0,0.0,0.0
32,190,4.26976030962408,7.919353674713815,0.0,0.0,0.0,1.0,0.0,0.0
33,190,0.420251650593453,1.2293644051073758,0.0,1.0,0.0,0.0,0.0,0.0
34,190,10.658849088471303,11.650355612377496,0.0,1.0,0.0,0.0,1.0,0.0
35,190,3.4143780327200943,0.0,1.0,0.0,0.0,0.0,1.0,0.0
36,190,3.2347351064489778,0.0,0.0,1.0,1.0,0.0,1.0,1.0
37,190,7.378816751278181,5.611382578943548,1.0,0.0,0.0,0.0,1.0,1.0
38,190,9.084605163757375,7.065147087886807,1.0,0.0,1.0,0.0,1.0,0.0
39,190,7.352372036247845,10.063210697358985,0.0,1.0,1.0,1.0,1.0,1.0
0,195,7.666617678281091,4.301938466298079,0.0,1.0,0.0,1.0,0.0,1.0
1,195,0.0,4.456068782434196,1.0,0.0,1.0,1.0,1.0,1.0
2,195,6.579238720231714,8.684926936732168,0.0,0.0,0.0,0.0,0.0,0.0
3,195,9.151133048411369,12.0,0.0,0.0,1.0,0.0,0.0,0.0
4,195,11.767291482182491,8.967415530047928,0.0,0.0,1.0,0.0,1.0,0.0
5,195,6.595372980950197,12.0,1.0,1.0,0.0,0.0,0.0,0.0
6,195,8.97346787453773,0.0191445979769115,1.0,0.0,1.0,0.0,1.0,1.0
7,195,2.602881611477092,3.7839504534426873,0.0,0.0,0.0,0.0,1.0,0.0
8,195,2.9777455823097485,6.131657989051804,0.0,0.0,1.0,1.0,0.0,1.0
9,195,9.133430732289009,8.652666669775158,1.0,0.0,0.0,1.0,0.0,0.0
10,195,0.0,12.0,0.0,1.0,1.0,0.0,0.0,0.0
11,195,4.045863325857783,3.1770584890239006,0.0,0.0,0.0,0.0,1.0,1.0
12,195,1.3320815073071008,4.678447917798438,0.0,0.0,0.0,0.0,0.0,0.0
13,195,6.936297982151805,11.557034653642797,0.0,1.0,0.0,1.0,1.0,0.0
14,195,12.0,6.787202783825234,1.0,0.0,0.0,1.0,0.0,0.0
15,195,11.947431463319395,7.05960513341488,0.0,0.0,0.0,0.0,1.0,0.0
16,195,10.805775160236358,7.887038843046129,1.0,0.0,0.0,0.0,1.0,0.0
17,195,6.334191232717774,6.053944846430601,1.0,0.0,0.0,1.0,0.0,0.0
18,195,7.9833217247093025,4.14337493518261,0.0,0.0,0.0,0.0,0.0,0.0
19,195,11.616871022147937,8.092550147912549,0.0,0.0,1.0,1.0,0.0,0.0
20,195,2.659170857076006,10.79769194591512,0.0,0.0,0.0,0.0,0.0,0.0
21,195,5.001260744898414,0.0,0.0,0.0,0.0,0.0,1.0,1.0
22,195,9.41222670580937,12.0,0.0,0.0,0.0,0.0,0.0,0.0
23,195,1.225087099480831,6.754967335034432,0.0,1.0,1.0,1.0,0.0,1.0
24,195,8.018966159981526,11.974263742147008,1.0,1.0,1.0,1.0,0.0,0.0
25,195,5.186185602425935,4.450052134698384,0.0,1.0,0.0,0.0,1.0,1.0
26,195,5.18071425533447,0.7110840043974691,0.0,0.0,0.0,1.0,1.0,1.0
27,195,12.0,12.0,0.0,0.0,0.0,1.0,0.0,1.0
28,195,0.9049035769508796,3.1309740152030345,0.0,0.0,0.0,0.0,0.0,0.0
29,195,8.496444593880884,3.681015035187837,1.0,0.0,0.0,0.0,0.0,0.0
30,195,0.0168927343554498,3.954535966481145,1.0,1.0,0.0,0.0,1.0,1.0
31,195,8.53006040899589,2.563046031008734,1.0,1.0,1.0,1.0,0.0,0.0
32,195,4.2858485328158125,7.869889460403497,0.0,0.0,0.0,1.0,0.0,0.0
33,195,0.375640234853786,1.269057817359116,0.0,1.0,0.0,0.0,0.0,0.0
34,195,10.685590634831366,11.67384701182141,0.0,1.0,0.0,0.0,1.0,0.0
35,195,3.542182415855501,0.0,1.0,0.0,0.0,0.0,1.0,0.0
36,195,3.2055970237585885,0.0,0.0,1.0,1.0,0.0,1.0,1.0
37,195,7.404660292749971,5.635548460250305,1.0,0.0,0.0,0.0,1.0,1.0
38,195,9.046763373356686,7.001705520445862,1.0,0.0,1.0,0.0,1.0,0.0
39,195,7.393239326319489,9.999611059531714,0.0,1.0,1.0,1.0,1.0,1.0
0,200,7.576144862981755,4.344493485026579,0.0,1.0,0.0,1.0,0.0,1.0
1,200,0.0,4.412885499304593,1.0,0.0,1.0,1.0,1.0,1.0
2,200,6.568921127763301,8.727784088917504,0.0,0.0,0.0,0.0,0.0,0.0
3,200,9.277419602806935,12.0,0.0,0.0,1.0,0.0,0.0,0.0
4,200,11.7765419856087,9.004280930388411,0.0,0.0,1.0,0.0,1.0,0.0
5,200,6.656430567522615,12.0,1.0,1.0,0.0,0.0,0.0,0.0
6,200,9.024599488629123,0.0233118750311269,1.0,0.0,1.0,0.0,1.0,1.0
7,200,2.598770765571914,3.7923598096330022,0.0,0.0,0.0,0.0,1.0,0.0
8,200,2.8703894819981475,6.086916847368519,0.0,0.0,1.0,1.0,0.0,1.0
9,200,8.95482317036329,8.50546773537523,1.0,0.0,0.0,1.0,0.0,0.0
10,200,0.0,11.877770468408418,0.0,1.0,1.0,0.0,0.0,0.0
11,200,4.054409380047106,3.201861890429715,0.0,0.0,0.0,0.0,1.0,1.0
12,200,1.3782124287486084,4.58967214057397,0.0,0.0,0.0,0.0,0.0,0.0
13,200,6.921758015807072,11.686705858901746,0.0,1.0,0.0,1.0,1.0,0.0
14,200,12.0,6.863465955101507,1.0,0.0,0.0,1.0,0.0,0.0
15,200,11.949379445660105,7.05411341381264,0.0,0.0,0.0,0.0,1.0,0.0
16,200,10.854659487453528,7.877120327753942,1.0,0.0,0.0,0.0,1.0,0.0
17,200,6.352870517857479,6.05384089945079,1.0,0.0,0.0,1.0,0.0,0.0
18,200,7.860897770577808,4.144990270758247,0.0,0.0,0.0,0.0,0.0,0.0
19,200,11.57403072054763,8.089798364051713,0.0,0.0,1.0,1.0,0.0,0.0
20,200,2.6411678355084964,10.815325638420775,0.0,0.0,0.0,0.0,0.0,0.0
21,200,4.902561189440838,0.0,0.0,0.0,0.0,0.0,1.0,1.0
22,200,9.453731492250451,12.0,0.0,0.0,0.0,0.0,0.0,0.0
23,200,1.224681362251289,6.745725182790097,0.0,1.0,1.0,1.0,0.0,1.0
24,200,8.031193685360622,11.963193080965151,1.0,1.0,1.0,1.0,0.0,0.0
25,200,5.071650518440911,4.590926264288094,0.0,1.0,0.0,0.0,1.0,1.0
26,200,5.189800128801652,0.6962905073449833,0.0,0.0,0.0,1.0,1.0,1.0
27,200,12.0,12.0,0.0,0.0,0.0,1.0,0.0,1.0
28,200,0.911829765953562,2.9564942042223734,0.0,0.0,0.0,0.0,0.0,0.0
29,200,8.479416099925709,3.6772258621040943,1.0,0.0,0.0,0.0,0.0,0.0
30,200,0.0199004398930262,3.955615672418189,1.0,1.0,0.0,0.0,1.0,1.0
31,200,8.51680579491859,2.5235261707591663,1.0,1.0,1.0,1.0,0.0,0.0
32,200,4.302839458416608,7.818040841457065,0.0,0.0,0.0,1.0,0.0,0.0
33,200,0.3321280065169474,1.3053598097328798,0.0,1.0,0.0,0.0,0.0,0.0
34,200,10.726890637556588,11.711136078579132,0.0,1.0,0.0,0.0,1.0,0.0
35,200,3.686016678392916,0.0,1.0,0.0,0.0,0.0,1.0,0.0
36,200,3.18487869343668,0.0,0.0,1.0,1.0,0.0,1.0,1.0
37,200,7.433584527765376,5.662843427752473,1.0,0.0,0.0,0.0,1.0,1.0
38,200,9.002994266153838,6.928451190992966,1.0,0.0,1.0,0.0,1.0,0.0
39,200,7.445397404159906,9.919414857589976,0.0,1.0,1.0,1.0,1.0,1.0
0,205,7.484435735759302,4.387066170336487,0.0,1.0,0.0,1.0,0.0,1.0
1,205,0.0,4.365605825772388,1.0,0.0,1.0,1.0,1.0,1.0
2,205,6.555691302956921,8.776028191545906,0.0,0.0,0.0,0.0,0.0,0.0
3,205,9.408841760196522,12.0,0.0,0.0,1.0,0.0,0.0,0.0
4,205,11.780716476173332,9.022081854987931,0.0,0.0,1.0,0.0,1.0,0.0
5,205,6.719146984378879,12.0,1.0,1.0,0.0,0.0,0.0,0.0
6,205,9.089925207768683,0.02933520374776,1.0,0.0,1.0,0.0,1.0,1.0
7,205,2.599804271477924,3.7903738217340095,0.0,0.0,0.0,0.0,1.0,0.0
8,205,2.7618298362956204,6.0410522166526,0.0,0.0,1.0,1.0,0.0,1.0
9,205,8.761502041868159,8.349068879218535,1.0,0.0,0.0,1.0,0.0,0.0
10,205,0.0,11.748142522703516,0.0,1.0,1.0,0.0,0.0,0.0
11,205,4.069036467508088,3.242214442328307,0.0,0.0,0.0,0.0,1.0,1.0
12,205,1.425755286814947,4.493189921612536,0.0,0.0,0.0,0.0,0.0,0.0
13,205,6.906740737344161,11.828193488356533,0.0,1.0,0.0,1.0,1.0,0.0
14,205,12.0,6.943921326052731,1.0,0.0,0.0,1.0,0.0,0.0
15,205,11.956556532249836,7.0344946103187,0.0,0.0,0.0,0.0,1.0,0.0
16,205,10.908197855362769,7.867409724767816,1.0,0.0,0.0,0.0,1.0,0.0
17,205,6.365794028611711,6.05421105689015,1.0,0.0,0.0,1.0,0.0,0.0
18,205,7.75179340205638,4.142002594650927,0.0,0.0,0.0,0.0,0.0,0.0
19,205,11.492487311042789,8.086202941587397,0.0,0.0,1.0,1.0,0.0,0.0
20,205,2.6327468689244578,10.823666435453154,0.0,0.0,0.0,0.0,0.0,0.0
21,205,4.798300821005601,0.0,0.0,0.0,0.0,0.0,1.0,1.0
22,205,9.488414881197018,12.0,0.0,0.0,0.0,0.0,0.0,0.0
23,205,1.224393250358051,6.723112280288104,0.0,1.0,1.0,1.0,0.0,1.0
24,205,8.056341038506464,11.941277566281329,1.0,1.0,1.0,1.0,0.0,0.0
25,205,4.963327787452875,4.723338097245076,0.0,1.0,0.0,0.0,1.0,1.0
26,205,5.206041140994245,0.6708191331770378,0.0,0.0,0.0,1.0,1.0,1.0
27,205,12.0,12.0,0.0,0.0,0.0,1.0,0.0,1.0
28,205,0.9222543092341045,2.791811304976128,0.0,0.0,0.0,0.0,0.0,0.0
29,205,8.445427018124628,3.670908226694088,1.0,0.0,0.0,0.0,0.0,0.0
30,205,0.0135131185038514,3.953278346306527,1.0,1.0,0.0,0.0,1.0,1.0
31,205,8.501343077750098,2.4762200369538925,1.0,1.0,1.0,1.0,0.0,0.0
32,205,4.328235114925188,7.740660007936671,0.0,0.0,0.0,1.0,0.0,0.0
33,205,0.2923090461629709,1.3370540043981711,0.0,1.0,0.0,0.0,0.0,0.0
34,205,10.743278333626469,11.725355481378632,0.0,1.0,0.0,0.0,1.0,0.0
35,205,3.823478922696548,0.0,1.0,0.0,0.0,0.0,1.0,0.0
36,205,3.1629063810580846,0.0,0.0,1.0,1.0,0.0,1.0,1.0
37,205,7.469264131870474,5.625278084498119,1.0,0.0,0.0,0.0,1.0,1.0
38,205,8.959433590972239,6.856575909212724,1.0,0.0,1.0,0.0,1.0,0.0
39,205,7.508722310756399,9.820359509885243,0.0,1.0,1.0,1.0,1.0,1.0
0,210,7.400726451909195,4.427242993345243,0.0,1.0,0.0,1.0,0.0,1.0
1,210,0.0,4.315915206053479,1.0,0.0,1.0,1.0,1.0,1.0
2,210,6.542072823436604,8.821949101168741,0.0,0.0,0.0,0.0,0.0,0.0
3,210,9.54499576611208,12.0,0.0,0.0,1.0,0.0,0.0,0.0
4,210,11.79047611083522,9.06343435730199,0.0,0.0,1.0,0.0,1.0,0.0
5,210,6.768609317469108,12.0,1.0,1.0,0.0,0.0,0.0,0.0
6,210,9.172543647270745,0.0345387095149727,1.0,0.0,1.0,0.0,1.0,1.0
7,210,2.598390498593007,3.793024211843506,0.0,0.0,0.0,0.0,1.0,0.0
8,210,2.6503870683587536,5.994087562598097,0.0,0.0,1.0,1.0,0.0,1.0
9,210,8.580316321820124,8.200755011876678,1.0,0.0,0.0,1.0,0.0,0.0
10,210,0.0,11.625623351555104,0.0,1.0,1.0,0.0,0.0,0.0
11,210,4.083475523728018,3.2837860194384065,0.0,0.0,0.0,0.0,1.0,1.0
12,210,1.478309476229872,4.388689701232882,0.0,0.0,0.0,0.0,0.0,0.0
13,210,6.893172787244125,11.95691551884437,0.0,1.0,0.0,1.0,1.0,0.0
14,210,12.0,7.028202752528811,1.0,0.0,0.0,1.0,0.0,0.0
15,210,11.965885428904484,7.011629328366904,0.0,0.0,0.0,0.0,1.0,0.0
16,210,10.98717500233962,7.854736623870099,1.0,0.0,0.0,0.0,1.0,0.0
17,210,6.377597302867428,6.054716471585043,1.0,0.0,0.0,1.0,0.0,0.0
18,210,7.634627167969172,4.138861677105246,0.0,0.0,0.0,0.0,0.0,0.0
19,210,11.4192692844934,8.084687405763743,0.0,0.0,1.0,1.0,0.0,0.0
20,210,2.632412060786757,10.824002846445651,0.0,0.0,0.0,0.0,0.0,0.0
21,210,4.676698550750412,0.0,0.0,0.0,0.0,0.0,1.0,1.0
22,210,9.520020521181069,12.0,0.0,0.0,0.0,0.0,0.0,0.0
23,210,1.2243631941711688,6.68932460526642,0.0,1.0,1.0,1.0,0.0,1.0
24,210,8.078290752022593,11.922431960749412,1.0,1.0,1.0,1.0,0.0,0.0
25,210,4.856513433809599,4.855402830754829,0.0,1.0,0.0,0.0,1.0,1.0
26,210,5.223620066209969,0.6437217786304423,0.0,0.0,0.0,1.0,1.0,1.0
27,210,12.0,12.0,0.0,0.0,0.0,1.0,0.0,1.0
28,210,0.9327260945457256,2.640947913161733,0.0,0.0,0.0,0.0,0.0,0.0
29,210,8.408336623992605,3.6640989894028575,1.0,0.0,0.0,0.0,0.0,0.0
30,210,9.408094284429036e-05,3.948463842517151,1.0,1.0,0.0,0.0,1.0,1.0
31,210,8.482665643103193,2.4219369035246374,1.0,1.0,1.0,1.0,0.0,0.0
32,210,4.358050628654814,7.64951084399186,0.0,0.0,0.0,1.0,0.0,0.0
33,210,0.2528088409189721,1.3686205610593936,0.0,1.0,0.0,0.0,0.0,0.0
34,210,10.757097781348833,11.737142267037376,0.0,1.0,0.0,0.0,1.0,0.0
35,210,3.951536862913117,0.0,1.0,0.0,0.0,0.0,1.0,0.0
36,210,3.13758388030856,0.0,0.0,1.0,1.0,0.0,1.0,1.0
37,210,7.500701611201912,5.591967090351799,1.0,0.0,0.0,0.0,1.0,1.0
38,210,8.910908885919673,6.774622099056161,1.0,0.0,1.0,0.0,1.0,0.0
39,210,7.579276236321972,9.704706675069149,0.0,1.0,1.0,1.0,1.0,1.0
0,215,7.33414660531701,4.459337545410895,0.0,1.0,0.0,1.0,0.0,1.0
1,215,0.0477622173214676,4.1740815336512345,1.0,0.0,1.0,1.0,1.0,1.0
2,215,6.532698466429826,8.850165372392382,0.0,0.0,0.0,0.0,0.0,0.0
3,215,9.674046620885113,12.0,0.0,0.0,1.0,0.0,0.0,0.0
4,215,11.794374918368549,9.079224464214514,0.0,0.0,1.0,0.0,1.0,0.0
5,215,6.825732517048963,12.0,1.0,1.0,0.0,0.0,0.0,0.0
6,215,9.27520998587875,0.0401127107768196,1.0,0.0,1.0,0.0,1.0,1.0
7,215,2.5931711571665312,3.802838669029976,0.0,0.0,0.0,0.0,1.0,0.0
8,215,2.544071376827748,5.949362717953767,0.0,0.0,1.0,1.0,0.0,1.0
9,215,8.392162719940469,8.04762036815646,1.0,0.0,0.0,1.0,0.0,0.0
10,215,0.0,11.494390565421838,0.0,1.0,1.0,0.0,0.0,0.0
11,215,4.100581375500302,3.3393110852651056,0.0,0.0,0.0,0.0,1.0,1.0
12,215,1.522013362481947,4.293129797593407,0.0,0.0,0.0,0.0,0.0,0.0
13,215,6.879302901268251,12.0,0.0,1.0,0.0,1.0,1.0,0.0
14,215,12.0,7.105169293552699,1.0,0.0,0.0,1.0,0.0,0.0
15,215,11.96863342151416,7.004720127236632,0.0,0.0,0.0,0.0,1.0,0.0
16,215,11.068558104059663,7.83975644271403,1.0,0.0,0.0,0.0,1.0,0.0
17,215,6.372011671655608,6.05461383318854,1.0,0.0,0.0,1.0,0.0,0.0
18,215,7.529228195547476,4.134610883057813,0.0,0.0,0.0,0.0,0.0,0.0
19,215,11.362562864606588,8.08540008699127,0.0,0.0,1.0,1.0,0.0,0.0
20,215,2.639176102050192,10.817542898798475,0.0,0.0,0.0,0.0,0.0,0.0
21,215,4.55884527954451,0.0,0.0,0.0,0.0,0.0,1.0,1.0
22,215,9.554581957524746,12.0,0.0,0.0,0.0,0.0,0.0,0.0
23,215,1.2240959098346789,6.65648481530353,0.0,1.0,1.0,1.0,0.0,1.0
24,215,8.097075883965832,11.905636919825485,1.0,1.0,1.0,1.0,0.0,0.0
25,215,4.748701317171906,4.986374442895482,0.0,1.0,0.0,0.0,1.0,1.0
26,215,5.23902578902507,0.6217708725234214,0.0,0.0,0.0,1.0,1.0,1.0
27,215,12.0,12.0,0.0,0.0,0.0,1.0,0.0,1.0
28,215,0.942471055468588,2.4974354832839705,0.0,0.0,0.0,0.0,0.0,0.0
29,215,8.377577039424974,3.6591487013675534,1.0,0.0,0.0,0.0,0.0,0.0
30,215,0.0096108052073886,3.951798064240143,1.0,1.0,0.0,0.0,1.0,1.0
31,215,8.474645730200942,2.397930074006796,1.0,1.0,1.0,1.0,0.0,0.0
32,215,4.3831849226711,7.571459114633866,0.0,0.0,0.0,1.0,0.0,0.0
33,215,0.2322603565382459,1.384781044574375,0.0,1.0,0.0,0.0,0.0,0.0
34,215,10.777494162641318,11.755763750568418,0.0,1.0,0.0,0.0,1.0,0.0
35,215,4.089448083731718,0.0,1.0,0.0,0.0,0.0,1.0,0.0
36,215,3.123708874979904,0.0,0.0,1.0,1.0,0.0,1.0,1.0
37,215,7.54816204675231,5.5412437905712615,1.0,0.0,0.0,0.0,1.0,1.0
38,215,8.866011606320642,6.699754873871025,1.0,0.0,1.0,0.0,1.0,0.0
39,215,7.664699342859198,9.563060353001596,0.0,1.0,1.0,1.0,1.0,1.0
0,220,7.2598804701497235,4.496185265442995,0.0,1.0,0.0,1.0,0.0,1.0
1,220,0.0951520409783357,4.035470817451808,1.0,0.0,1.0,1.0,1.0,1.0
2,220,6.529781667091513,8.859068364355908,0.0,0.0,0.0,0.0,0.0,0.0
3,220,9.79534104190578,12.0,0.0,0.0,1.0,0.0,0.0,0.0
4,220,11.808601440290678,9.137182080610376,0.0,0.0,1.0,0.0,1.0,0.0
5,220,6.875616821259184,12.0,1.0,1.0,0.0,0.0,0.0,0.0
6,220,9.385578412758456,0.0484406233178356,1.0,0.0,1.0,0.0,1.0,1.0
7,220,2.590365556343452,3.807995725502232,0.0,0.0,0.0,0.0,1.0,0.0
8,220,2.4507560834156976,5.908821258372765,0.0,0.0,1.0,1.0,0.0,1.0
9,220,8.189265984685791,7.882680975142522,1.0,0.0,0.0,1.0,0.0,0.0
10,220,0.0,11.371209718502255,0.0,1.0,1.0,0.0,0.0,0.0
11,220,4.118226713024243,3.399055340482923,0.0,0.0,0.0,0.0,1.0,1.0
12,220,1.565553175063891,4.196048723823159,0.0,0.0,0.0,0.0,0.0,0.0
13,220,6.862230444761386,12.0,0.0,1.0,0.0,1.0,1.0,0.0
14,220,12.0,7.1854211367010565,1.0,0.0,0.0,1.0,0.0,0.0
15,220,11.972973543663675,6.993017000828298,0.0,0.0,0.0,0.0,1.0,0.0
16,220,11.158976417093966,7.823351328761548,1.0,0.0,0.0,0.0,1.0,0.0
17,220,6.367102882048099,6.054388925018833,1.0,0.0,0.0,1.0,0.0,0.0
18,220,7.426338199152756,4.12776309656558,0.0,0.0,0.0,0.0,0.0,0.0
19,220,11.336842409048426,8.086245564599276,0.0,0.0,1.0,1.0,0.0,0.0
20,220,2.6293974903356023,10.826786705104054,0.0,0.0,0.0,0.0,0.0,0.0
21,220,4.426187986879155,0.0,0.0,0.0,0.0,0.0,1.0,1.0
22,220,9.58982496905151,12.0,0.0,0.0,0.0,0.0,0.0,0.0
23,220,1.2230025372829518,6.61914948771357,0.0,1.0,1.0,1.0,0.0,1.0
24,220,8.11420518680274,11.890463148091872,1.0,1.0,1.0,1.0,0.0,0.0
25,220,4.624986630447026,5.143073058527476,0.0,1.0,0.0,0.0,1.0,1.0
26,220,5.246488010600281,0.6105330186897017,0.0,0.0,0.0,1.0,1.0,1.0
27,220,12.0,12.0,0.0,0.0,0.0,1.0,0.0,1.0
28,220,0.9524389116559284,2.350292845608295,0.0,0.0,0.0,0.0,0.0,0.0
29,220,8.328701716274525,3.651404217236896,1.0,0.0,0.0,0.0,0.0,0.0
30,220,0.0248735122808066,3.957474321342732,1.0,1.0,0.0,0.0,1.0,1.0
31,220,8.468761302469751,2.381029552011892,1.0,1.0,1.0,1.0,0.0,0.0
32,220,4.402777838335917,7.510950646410517,0.0,0.0,0.0,1.0,0.0,0.0
33,220,0.2180288072456047,1.3962070362102164,0.0,1.0,0.0,0.0,0.0,0.0
34,220,10.802637975823028,11.77963469232787,0.0,1.0,0.0,0.0,1.0,0.0
35,220,4.20976255838122,0.0,1.0,0.0,0.0,0.0,1.0,0.0
36,220,3.109366728057187,0.0,0.0,1.0,1.0,0.0,1.0,1.0
37,220,7.597043542678511,5.486615356985348,1.0,0.0,0.0,0.0,1.0,1.0
38,220,8.835686693802188,6.64845841219342,1.0,0.0,1.0,0.0,1.0,0.0
39,220,7.74938442450295,9.42975043726317,0.0,1.0,1.0,1.0,1.0,1.0
0,225,7.193883380470627,4.53045232964456,0.0,1.0,0.0,1.0,0.0,1.0
1,225,0.1492025137561462,3.889875607330146,1.0,0.0,1.0,1.0,1.0,1.0
2,225,6.529560306088082,8.85973059519079,0.0,0.0,0.0,0.0,0.0,0.0
3,225,9.915598550266806,12.0,0.0,0.0,1.0,0.0,0.0,0.0
4,225,11.820503445530838,9.190809615690258,0.0,0.0,1.0,0.0,1.0,0.0
5,225,6.936388545228996,12.0,1.0,1.0,0.0,0.0,0.0,0.0
6,225,9.508522072209084,0.0600925076208974,1.0,0.0,1.0,0.0,1.0,1.0
7,225,2.589267945732897,3.810084742132363,0.0,0.0,0.0,0.0,1.0,0.0
8,225,2.362274799962112,5.870666207824048,0.0,0.0,1.0,1.0,0.0,1.0
9,225,7.981690875380729,7.711109510727358,1.0,0.0,0.0,1.0,0.0,0.0
10,225,0.0,11.247805871408756,0.0,1.0,1.0,0.0,0.0,0.0
11,225,4.138573736693858,3.4712190244300007,0.0,0.0,0.0,0.0,1.0,1.0
12,225,1.620782213172749,4.079219281339565,0.0,0.0,0.0,0.0,0.0,0.0
13,225,6.849811456870459,12.0,0.0,1.0,0.0,1.0,1.0,0.0
14,225,12.0,7.263906270119654,1.0,0.0,0.0,1.0,0.0,0.0
15,225,11.973541464772206,6.991511358071195,0.0,0.0,0.0,0.0,1.0,0.0
16,225,11.243360950325432,7.804636436456512,1.0,0.0,0.0,0.0,1.0,0.0
17,225,6.347452405135299,6.0529616008962455,1.0,0.0,0.0,1.0,0.0,0.0
18,225,7.323097919572007,4.120171822322207,0.0,0.0,0.0,0.0,0.0,0.0
19,225,11.32388640447692,8.08658174636533,0.0,0.0,1.0,1.0,0.0,0.0
20,225,2.6248568967888133,10.831015843691228,0.0,0.0,0.0,0.0,0.0,0.0
21,225,4.288771765921918,0.0,0.0,0.0,0.0,0.0,1.0,1.0
22,225,9.615307563237211,12.0,0.0,0.0,0.0,0.0,0.0,0.0
23,225,1.2219705538031027,6.596691529393637,0.0,1.0,1.0,1.0,0.0,1.0
24,225,8.122787936661036,11.882725206295492,1.0,1.0,1.0,1.0,0.0,0.0
25,225,4.5009019320188175,5.289416621961873,0.0,1.0,0.0,0.0,1.0,1.0
26,225,5.262871032352043,0.5863397944582704,0.0,0.0,0.0,1.0,1.0,1.0
27,225,12.0,12.0,0.0,0.0,0.0,1.0,0.0,1.0
28,225,0.9663727148983474,2.2126682636383515,0.0,0.0,0.0,0.0,0.0,0.0
29,225,8.257562179450757,3.641589599615796,1.0,0.0,0.0,0.0,0.0,0.0
30,225,0.0483074713124973,3.9662789660315614,1.0,1.0,0.0,0.0,1.0,1.0
31,225,8.46066882631614,2.35716083786826,1.0,1.0,1.0,1.0,0.0,0.0
32,225,4.41759818209897,7.465195617767661,0.0,0.0,0.0,1.0,0.0,0.0
33,225,0.2142555025142333,1.3993441335007812,0.0,1.0,0.0,0.0,0.0,0.0
34,225,10.833219954861985,11.809439248426012,0.0,1.0,0.0,0.0,1.0,0.0
35,225,4.329340648693312,0.0,1.0,0.0,0.0,0.0,1.0,0.0
36,225,3.101595987446097,0.0,0.0,1.0,1.0,0.0,1.0,1.0
37,225,7.639985531938411,5.436726526908853,1.0,0.0,0.0,0.0,1.0,1.0
38,225,8.809460473327404,6.607228379764618,1.0,0.0,1.0,0.0,1.0,0.0
39,225,7.83365665169948,9.291156975514152,0.0,1.0,1.0,1.0,1.0,1.0
0,230,7.135689820522034,4.558402212468562,0.0,1.0,0.0,1.0,0.0,1.0
1,230,0.20690013106407,3.7307366283716137,1.0,0.0,1.0,1.0,1.0,1.0
2,230,6.529744945116279,8.8591642659328,0.0,0.0,0.0,0.0,0.0,0.0
3,230,10.02733690377412,12.0,0.0,0.0,1.0,0.0,0.0,0.0
4,230,11.828214730429323,9.22505694925296,0.0,0.0,1.0,0.0,1.0,0.0
5,230,7.007863937072462,12.0,1.0,1.0,0.0,0.0,0.0,0.0
6,230,9.628548859299585,0.0708969135606564,1.0,0.0,1.0,0.0,1.0,1.0
7,230,2.58725075498238,3.814098753923245,0.0,0.0,0.0,0.0,1.0,0.0
8,230,2.320092489100096,5.968727022954347,0.0,0.0,1.0,1.0,0.0,1.0
9,230,7.774601766871616,7.541746873590486,1.0,0.0,0.0,1.0,0.0,0.0
10,230,0.0,11.112593817401256,0.0,1.0,1.0,0.0,0.0,0.0
11,230,4.156125074297386,3.532718703134078,0.0,0.0,0.0,0.0,1.0,1.0
12,230,1.6767933893872962,3.9664881526732114,0.0,0.0,0.0,0.0,0.0,0.0
13,230,6.840184802186014,12.0,0.0,1.0,0.0,1.0,1.0,0.0
14,230,12.0,7.343087887233928,1.0,0.0,0.0,1.0,0.0,0.0
15,230,11.970411767783938,7.000126921042391,0.0,0.0,0.0,0.0,1.0,0.0
16,230,11.34409576163372,7.7812954003500305,1.0,0.0,0.0,0.0,1.0,0.0
17,230,6.341057287421646,6.05238436240662,1.0,0.0,0.0,1.0,0.0,0.0
18,230,7.223559013635224,4.111857983984206,0.0,0.0,0.0,0.0,0.0,0.0
19,230,11.296801345468117,8.087775332155767,0.0,0.0,1.0,1.0,0.0,0.0
20,230,2.629812820275897,10.826343370175294,0.0,0.0,0.0,0.0,0.0,0.0
21,230,4.1463260686532015,0.0,0.0,0.0,0.0,0.0,1.0,1.0
22,230,9.644109184463725,12.0,0.0,0.0,0.0,0.0,0.0,0.0
23,230,1.2220140251392004,6.600061357547419,0.0,1.0,1.0,1.0,0.0,1.0
24,230,8.139145931243728,11.868208610910727,1.0,1.0,1.0,1.0,0.0,0.0
25,230,4.383420000359444,5.429115025021825,0.0,1.0,0.0,0.0,1.0,1.0
26,230,5.269666086993345,0.5764725909992525,0.0,0.0,0.0,1.0,1.0,1.0
27,230,12.0,12.0,0.0,0.0,0.0,1.0,0.0,1.0
28,230,0.980310817807666,2.06219546772494,0.0,0.0,0.0,0.0,0.0,0.0
29,230,8.262758901139982,3.606348311236367,1.0,0.0,0.0,0.0,0.0,0.0
30,230,0.0701182872883059,3.9741800288804265,1.0,1.0,0.0,0.0,1.0,1.0
31,230,8.454150383497247,2.335242941201318,1.0,1.0,1.0,1.0,0.0,0.0
32,230,4.433659906476065,7.417340999145185,0.0,0.0,0.0,1.0,0.0,0.0
33,230,0.2103885849968229,1.402847550956739,0.0,1.0,0.0,0.0,0.0,0.0
34,230,10.852208878580704,11.827285578911471,0.0,1.0,0.0,0.0,1.0,0.0
35,230,4.4397365038351255,0.0,1.0,0.0,0.0,0.0,1.0,0.0
36,230,3.0912016084568803,0.0,0.0,1.0,1.0,0.0,1.0,1.0
37,230,7.6881256065757135,5.380934957559738,1.0,0.0,0.0,0.0,1.0,1.0
38,230,8.777200342288511,6.559621434251225,1.0,0.0,1.0,0.0,1.0,0.0
39,230,7.923848120571263,9.13219077003994,0.0,1.0,1.0,1.0,1.0,1.0
0,235,7.094290706782206,4.578543861793624,0.0,1.0,0.0,1.0,0.0,1.0
1,235,0.2653565393057392,3.580598659216523,1.0,0.0,1.0,1.0,1.0,1.0
2,235,6.534456691644947,8.845002098556483,0.0,0.0,0.0,0.0,0.0,0.0
3,235,10.14132250492791,12.0,0.0,0.0,1.0,0.0,0.0,0.0
4,235,11.837305405825877,9.269723139289963,0.0,0.0,1.0,0.0,1.0,0.0
5,235,7.074606913176363,12.0,1.0,1.0,0.0,0.0,0.0,0.0
6,235,9.754589657172977,0.0785055454304502,1.0,0.0,1.0,0.0,1.0,1.0
7,235,2.591691510767104,3.805352981692424,0.0,0.0,0.0,0.0,1.0,0.0
8,235,2.2773560163842226,6.05934657189826,0.0,0.0,1.0,1.0,0.0,1.0
9,235,7.574217716533777,7.387459740166145,1.0,0.0,0.0,1.0,0.0,0.0
10,235,0.0,10.985270049659096,0.0,1.0,1.0,0.0,0.0,0.0
11,235,4.170129669705003,3.584318635512985,0.0,0.0,0.0,0.0,1.0,1.0
12,235,1.732357742954782,3.8555053209696375,0.0,0.0,0.0,0.0,0.0,0.0
13,235,6.827537369422267,12.0,0.0,1.0,0.0,1.0,1.0,0.0
14,235,12.0,7.424501892569272,1.0,0.0,0.0,1.0,0.0,0.0
15,235,11.96755326735905,7.008132909155475,0.0,0.0,0.0,0.0,1.0,0.0
16,235,11.456274413144746,7.754958270573339,1.0,0.0,0.0,0.0,1.0,0.0
17,235,6.351879600304898,6.053617030363492,1.0,0.0,0.0,1.0,0.0,0.0
18,235,7.112070719976849,4.100270209217698,0.0,0.0,0.0,0.0,0.0,0.0
19,235,11.25483312822868,8.089925173610332,0.0,0.0,1.0,1.0,0.0,0.0
20,235,2.6389982020626714,10.817445951723515,0.0,0.0,0.0,0.0,0.0,0.0
21,235,4.018902009454179,0.0,0.0,0.0,0.0,0.0,1.0,1.0
22,235,9.666744944024114,12.0,0.0,0.0,0.0,0.0,0.0,0.0
23,235,1.2219679242586088,6.596404056908109,0.0,1.0,1.0,1.0,0.0,1.0
24,235,8.15304139517969,11.855532356025984,1.0,1.0,1.0,1.0,0.0,0.0
25,235,4.259832893527707,5.577065034636081,0.0,1.0,0.0,0.0,1.0,1.0
26,235,5.284206106107089,0.5549414543215527,0.0,0.0,0.0,1.0,1.0,1.0
27,235,12.0,12.0,0.0,0.0,0.0,1.0,0.0,1.0
28,235,0.9933306587793616,1.9101578582843708,0.0,0.0,0.0,0.0,0.0,0.0
29,235,8.265974682923057,3.5827588684074625,1.0,0.0,0.0,0.0,0.0,0.0
30,235,0.0754514538450174,3.976080725550923,1.0,1.0,0.0,0.0,1.0,1.0
31,235,8.438372128796534,2.279305896959589,1.0,1.0,1.0,1.0,0.0,0.0
32,235,4.447248090506139,7.376746288643185,0.0,0.0,0.0,1.0,0.0,0.0
33,235,0.2067921092952558,1.4061732435668743,0.0,1.0,0.0,0.0,0.0,0.0
34,235,10.896273780564355,11.868221165833354,0.0,1.0,0.0,0.0,1.0,0.0
35,235,4.548385410898574,0.0,1.0,0.0,0.0,0.0,1.0,0.0
36,235,3.0857936014136893,0.0,0.0,1.0,1.0,0.0,1.0,1.0
37,235,7.722346994211591,5.342458653737845,1.0,0.0,0.0,0.0,1.0,1.0
38,235,8.74136372508912,6.506726709220225,1.0,0.0,1.0,0.0,1.0,0.0
39,235,8.025808790074445,8.9566066129969,0.0,1.0,1.0,1.0,1.0,1.0
0,240,7.051154658897146,4.598027765102319,0.0,1.0,0.0,1.0,0.0,1.0
1,240,0.3181803218151224,3.448019463551912,1.0,0.0,1.0,1.0,1.0,1.0
2,240,6.536117453767172,8.839585986380857,0.0,0.0,0.0,0.0,0.0,0.0
3,240,10.24657188415561,12.0,0.0,0.0,1.0,0.0,0.0,0.0
4,240,11.847684190145088,9.31575735783364,0.0,0.0,1.0,0.0,1.0,0.0
5,240,7.141293252395383,12.0,1.0,1.0,0.0,0.0,0.0,0.0
6,240,9.84606223548044,0.0841252312977046,1.0,0.0,1.0,0.0,1.0,1.0
7,240,2.5965500357679807,3.7958809400452114,0.0,0.0,0.0,0.0,1.0,0.0
8,240,2.237037150810638,6.15388300864218,0.0,0.0,1.0,1.0,0.0,1.0
9,240,7.375260803148794,7.233065468208121,1.0,0.0,0.0,1.0,0.0,0.0
10,240,0.0,10.847480349658651,0.0,1.0,1.0,0.0,0.0,0.0
11,240,4.185691168639692,3.640001286358319,0.0,0.0,0.0,0.0,1.0,1.0
12,240,1.78941341198794,3.749880645596698,0.0,0.0,0.0,0.0,0.0,0.0
13,240,6.8144431625898205,12.0,0.0,1.0,0.0,1.0,1.0,0.0
14,240,12.0,7.498249618662043,1.0,0.0,0.0,1.0,0.0,0.0
15,240,11.960505701944644,7.028356193604675,0.0,0.0,0.0,0.0,1.0,0.0
16,240,11.609391973275509,7.718741737276286,1.0,0.0,0.0,0.0,1.0,0.0
17,240,6.367074756541904,6.056144803579362,1.0,0.0,0.0,1.0,0.0,0.0
18,240,7.004645502218235,4.086986208845029,0.0,0.0,0.0,0.0,0.0,0.0
19,240,11.215100893662298,8.091752163049492,0.0,0.0,1.0,1.0,0.0,0.0
20,240,2.6480459128818645,10.80886150291276,0.0,0.0,0.0,0.0,0.0,0.0
21,240,3.878107954718097,0.0,0.0,0.0,0.0,0.0,1.0,1.0
22,240,9.68908099801445,12.0,0.0,0.0,0.0,0.0,0.0,0.0
23,240,1.2215523502383148,6.581974504466948,0.0,1.0,1.0,1.0,0.0,1.0
24,240,8.150121242998601,11.85807680133967,1.0,1.0,1.0,1.0,0.0,0.0
25,240,4.127447937756887,5.722365237048649,0.0,1.0,0.0,0.0,1.0,1.0
26,240,5.299872114803294,0.5654208637780883,0.0,0.0,0.0,1.0,1.0,1.0
27,240,12.0,12.0,0.0,0.0,0.0,1.0,0.0,1.0
28,240,1.0097525176466875,1.7547216153703695,0.0,0.0,0.0,0.0,0.0,0.0
29,240,8.268009356615165,3.5680165536175927,1.0,0.0,0.0,0.0,0.0,0.0
30,240,0.089466035888477,3.9811648110818862,1.0,1.0,0.0,0.0,1.0,1.0
31,240,8.42403108803368,2.2280248112391106,1.0,1.0,1.0,1.0,0.0,0.0
32,240,4.4526685544500655,7.36147944224235,0.0,0.0,0.0,1.0,0.0,0.0
33,240,0.1984699485373442,1.4138642818349052,0.0,1.0,0.0,0.0,0.0,0.0
34,240,10.94692954379787,11.914738593299742,0.0,1.0,0.0,0.0,1.0,0.0
35,240,4.654932757120158,0.0,1.0,0.0,0.0,0.0,1.0,0.0
36,240,3.082747871671972,0.0,0.0,1.0,1.0,0.0,1.0,1.0
37,240,7.7598828367780195,5.300064146439369,1.0,0.0,0.0,0.0,1.0,1.0
38,240,8.705919177986921,6.453428975817576,1.0,0.0,1.0,0.0,1.0,0.0
39,240,8.12553814702704,8.784987041077832,0.0,1.0,1.0,1.0,1.0,1.0
0,245,7.0019665358551935,4.6197124395727,0.0,1.0,0.0,1.0,0.0,1.0
1,245,0.3805161764335562,3.303212980858546,1.0,0.0,1.0,1.0,1.0,1.0
2,245,6.540929938426431,8.82398890300529,0.0,0.0,0.0,0.0,0.0,0.0
3,245,10.356194909873528,12.0,0.0,0.0,1.0,0.0,0.0,0.0
4,245,11.858292668302983,9.358234422820807,0.0,0.0,1.0,0.0,1.0,0.0
5,245,7.216066873688179,12.0,1.0,1.0,0.0,0.0,0.0,0.0
6,245,9.929076871001694,0.08709175849878,1.0,0.0,1.0,0.0,1.0,1.0
7,245,2.5936363637828426,3.801512728064188,0.0,0.0,0.0,0.0,1.0,0.0
8,245,2.205516718848561,6.232413253488176,0.0,0.0,1.0,1.0,0.0,1.0
9,245,7.176546687876118,7.083296338736051,1.0,0.0,0.0,1.0,0.0,0.0
10,245,0.0,10.708957382887812,0.0,1.0,1.0,0.0,0.0,0.0
11,245,4.201895124822359,3.698616294256953,0.0,0.0,0.0,0.0,1.0,1.0
12,245,1.84728329260916,3.649404538381526,0.0,0.0,0.0,0.0,0.0,0.0
13,245,6.799531138120144,12.0,0.0,1.0,0.0,1.0,1.0,0.0
14,245,12.0,7.572611802226263,1.0,0.0,0.0,1.0,0.0,0.0
15,245,11.951499078950611,7.053255293812971,0.0,0.0,0.0,0.0,1.0,0.0
16,245,11.73997322311626,7.685957554415524,1.0,0.0,0.0,0.0,1.0,0.0
17,245,6.397636937388584,6.0618494036428725,1.0,0.0,0.0,1.0,0.0,0.0
18,245,6.889619833023748,4.071871333295639,0.0,0.0,0.0,0.0,0.0,0.0
19,245,11.172674527181192,8.093282678266993,0.0,0.0,1.0,1.0,0.0,0.0
20,245,2.660388822375559,10.79710205999695,0.0,0.0,0.0,0.0,0.0,0.0
21,245,3.742851229905448,0.0,0.0,0.0,0.0,0.0,1.0,1.0
22,245,9.71765930890404,12.0,0.0,0.0,0.0,0.0,0.0,0.0
23,245,1.220615820964561,6.560467461115694,0.0,1.0,1.0,1.0,0.0,1.0
24,245,8.123388980653198,11.88098528727292,1.0,1.0,1.0,1.0,0.0,0.0
25,245,3.988229695636691,5.872112093159659,0.0,1.0,0.0,0.0,1.0,1.0
26,245,5.3257007391205615,0.5814358514597461,0.0,0.0,0.0,1.0,1.0,1.0
27,245,12.0,12.0,0.0,0.0,0.0,1.0,0.0,1.0
28,245,1.0261238092047975,1.5930042299106224,0.0,0.0,0.0,0.0,0.0,0.0
29,245,8.26994123580805,3.551849052972981,1.0,0.0,0.0,0.0,0.0,0.0
30,245,0.1189650052678221,3.99177393790607,1.0,1.0,0.0,0.0,1.0,1.0
31,245,8.41366790427167,2.190882980625825,1.0,1.0,1.0,1.0,0.0,0.0
32,245,4.45532167817589,7.353919853955886,0.0,0.0,0.0,1.0,0.0,0.0
33,245,0.1822172866676619,1.4294534287539349,0.0,1.0,0.0,0.0,0.0,0.0
34,245,10.89905610166142,11.965132469751246,0.0,1.0,0.0,0.0,1.0,0.0
35,245,4.767971967522927,0.0,1.0,0.0,0.0,0.0,1.0,0.0
36,245,3.0782165871520237,0.0,0.0,1.0,1.0,0.0,1.0,1.0
37,245,7.797661557161969,5.259471342629596,1.0,0.0,0.0,0.0,1.0,1.0
38,245,8.671426571180515,6.401751961581676,1.0,0.0,1.0,0.0,1.0,0.0
39,245,8.224972480585178,8.621596457713277,0.0,1.0,1.0,1.0,1.0,1.0
0,250,6.937610937096651,4.648349573426641,0.0,1.0,0.0,1.0,0.0,1.0
1,250,0.4414148424878784,3.162773786264178,1.0,0.0,1.0,1.0,1.0,1.0
2,250,6.552864739005545,8.785471362249677,0.0,0.0,0.0,0.0,0.0,0.0
3,250,10.46360855198291,12.0,0.0,0.0,1.0,0.0,0.0,0.0
4,250,11.86656487199135,9.390692327947578,0.0,0.0,1.0,0.0,1.0,0.0
5,250,7.2945874701838305,12.0,1.0,1.0,0.0,0.0,0.0,0.0
6,250,10.028102882614675,0.089906455435181,1.0,0.0,1.0,0.0,1.0,1.0
7,250,2.5940608148770115,3.800691121635242,0.0,0.0,0.0,0.0,1.0,0.0
8,250,2.1776954237122985,6.298702215615162,0.0,0.0,1.0,1.0,0.0,1.0
9,250,6.974278868815504,6.92926665965202,1.0,0.0,0.0,1.0,0.0,0.0
10,250,0.0,10.569693773398598,0.0,1.0,1.0,0.0,0.0,0.0
11,250,4.208570170331384,3.721796624652741,0.0,0.0,0.0,0.0,1.0,1.0
12,250,1.900375275032421,3.554293856405341,0.0,0.0,0.0,0.0,0.0,0.0
13,250,6.780699268606845,12.0,0.0,1.0,0.0,1.0,1.0,0.0
14,250,12.0,7.647338511947072,1.0,0.0,0.0,1.0,0.0,0.0
15,250,11.936248776817978,7.093843516847949,0.0,0.0,0.0,0.0,1.0,0.0
16,250,11.871820745639404,7.656978795110089,1.0,0.0,0.0,0.0,1.0,0.0
17,250,6.4437427021434805,6.070451816462919,1.0,0.0,0.0,1.0,0.0,0.0
18,250,6.767982223103849,4.056722742819814,0.0,0.0,0.0,0.0,0.0,0.0
19,250,11.143791507122396,8.09415784501673,0.0,0.0,1.0,1.0,0.0,0.0
20,250,2.6688314078252144,10.788945106715726,0.0,0.0,0.0,0.0,0.0,0.0
21,250,3.603056224731658,0.0,0.0,0.0,0.0,0.0,1.0,1.0
22,250,9.746185118609388,12.0,0.0,0.0,0.0,0.0,0.0,0.0
23,250,1.219152508098781,6.519846142895907,0.0,1.0,1.0,1.0,0.0,1.0
24,250,8.111291016018503,11.891185985788082,1.0,1.0,1.0,1.0,0.0,0.0
25,250,3.8316842344163535,6.03471700927771,0.0,1.0,0.0,0.0,1.0,1.0
26,250,5.369129979431544,0.6101080545688706,0.0,0.0,0.0,1.0,1.0,1.0
27,250,12.0,12.0,0.0,0.0,0.0,1.0,0.0,1.0
28,250,1.0397936511883783,1.4443250903758234,0.0,0.0,0.0,0.0,0.0,0.0
29,250,8.272760396663417,3.52698927701296,1.0,0.0,0.0,0.0,0.0,0.0
30,250,0.1362655071341338,3.997923951180272,1.0,1.0,0.0,0.0,1.0,1.0
31,250,8.402734383149138,2.149066820351434,1.0,1.0,1.0,1.0,0.0,0.0
32,250,4.448765630025997,7.371604891177287,0.0,0.0,0.0,1.0,0.0,0.0
33,250,0.1554488541196083,1.4551255186014993,0.0,1.0,0.0,0.0,0.0,0.0
34,250,10.847973126924126,12.0,0.0,1.0,0.0,0.0,1.0,0.0
35,250,4.875419760158093,0.0,1.0,0.0,0.0,0.0,1.0,0.0
36,250,3.0642291704598787,0.0,0.0,1.0,1.0,0.0,1.0,1.0
37,250,7.844189815612605,5.209815308477859,1.0,0.0,0.0,0.0,1.0,1.0
38,250,8.633756194696375,6.34553712002617,1.0,0.0,1.0,0.0,1.0,0.0
39,250,8.319384712500094,8.459633211188025,0.0,1.0,1.0,1.0,1.0,1.0
0,255,6.878822367028825,4.672826303436857,0.0,1.0,0.0,1.0,0.0,1.0
1,255,0.5050902221451777,3.0077669563644265,1.0,0.0,1.0,1.0,1.0,1.0
2,255,6.563792619843099,8.748549969053606,0.0,0.0,0.0,0.0,0.0,0.0
3,255,10.560307044502132,12.0,0.0,0.0,1.0,0.0,0.0,0.0
4,255,11.87294161125019,9.413387173662615,0.0,0.0,1.0,0.0,1.0,0.0
5,255,7.379369240065224,12.0,1.0,1.0,0.0,0.0,0.0,0.0
6,255,10.125774056088233,0.0960584575649555,1.0,0.0,1.0,0.0,1.0,1.0
7,255,2.5934634186267878,3.801809091487346,0.0,0.0,0.0,0.0,1.0,0.0
8,255,2.14605831358552,6.371606694890991,0.0,0.0,1.0,1.0,0.0,1.0
9,255,6.7662665149387005,6.766512720521986,1.0,0.0,0.0,1.0,0.0,0.0
10,255,0.0,10.428679473467572,0.0,1.0,1.0,0.0,0.0,0.0
11,255,4.221845990359177,3.7661920488019,0.0,0.0,0.0,0.0,1.0,1.0
12,255,1.9518594484284084,3.466938138084256,0.0,0.0,0.0,0.0,0.0,0.0
13,255,6.762482187134854,12.0,0.0,1.0,0.0,1.0,1.0,0.0
14,255,12.0,7.71708663167034,1.0,0.0,0.0,1.0,0.0,0.0
15,255,11.930847324415518,7.107773824065406,0.0,0.0,0.0,0.0,1.0,0.0
16,255,11.99018733234066,7.62682133463475,1.0,0.0,0.0,0.0,1.0,0.0
17,255,6.500132622979848,6.082269110668974,1.0,0.0,0.0,1.0,0.0,0.0
18,255,6.662781774935792,4.041213165918554,0.0,0.0,0.0,0.0,0.0,0.0
19,255,11.138410338036438,8.094355305834858,0.0,0.0,1.0,1.0,0.0,0.0
20,255,2.678088312936457,10.780715478616631,0.0,0.0,0.0,0.0,0.0,0.0
21,255,3.464071706560413,0.0,0.0,0.0,0.0,0.0,1.0,1.0
22,255,9.779011568560168,12.0,0.0,0.0,0.0,0.0,0.0,0.0
23,255,1.2177340485270145,6.498789814382545,0.0,1.0,1.0,1.0,0.0,1.0
24,255,8.092350229518937,11.907521983297304,1.0,1.0,1.0,1.0,0.0,0.0
25,255,3.702246327687056,6.168991538080286,0.0,1.0,0.0,0.0,1.0,1.0
26,255,5.40554623377166,0.6336912752153182,0.0,0.0,0.0,1.0,1.0,1.0
27,255,12.0,12.0,0.0,0.0,0.0,1.0,0.0,1.0
28,255,0.8870623892953451,1.4236660875042098,0.0,0.0,0.0,0.0,0.0,0.0
29,255,8.274953238337112,3.5059673889421794,1.0,0.0,0.0,0.0,0.0,0.0
30,255,0.1436412694254331,4.000776388581806,1.0,1.0,0.0,0.0,1.0,1.0
31,255,8.384579723921371,2.075902589075384,1.0,1.0,1.0,1.0,0.0,0.0
32,255,4.4368254489734245,7.404060577349277,0.0,0.0,0.0,1.0,0.0,0.0
33,255,0.129328015824413,1.479677813068522,0.0,1.0,0.0,0.0,0.0,0.0
34,255,10.791899622558798,12.0,0.0,1.0,0.0,0.0,1.0,0.0
35,255,4.994835990558372,0.0,1.0,0.0,0.0,0.0,1.0,0.0
36,255,3.031238321425333,0.010884758844486,0.0,1.0,1.0,0.0,1.0,1.0
37,255,7.89120053485975,5.159235988830441,1.0,0.0,0.0,0.0,1.0,1.0
38,255,8.600809284612753,6.294923544021894,1.0,0.0,1.0,0.0,1.0,0.0
39,255,8.40827315181681,8.306667601880921,0.0,1.0,1.0,1.0,1.0,1.0
0,260,6.823631091299549,4.694836354360127,0.0,1.0,0.0,1.0,0.0,1.0
1,260,0.5626329927372982,2.8669722089017027,1.0,0.0,1.0,1.0,1.0,1.0
2,260,6.5731735869809365,8.715030100959781,0.0,0.0,0.0,0.0,0.0,0.0
3,260,10.66213761307686,12.0,0.0,0.0,1.0,0.0,0.0,0.0
4,260,11.881942914796658,9.444535349316787,0.0,0.0,1.0,0.0,1.0,0.0
5,260,7.463833226234295,12.0,1.0,1.0,0.0,0.0,0.0,0.0
6,260,10.216001911600063,0.1032023749928877,1.0,0.0,1.0,0.0,1.0,1.0
7,260,2.597706444115117,3.793452015749568,0.0,0.0,0.0,0.0,1.0,0.0
8,260,2.1148450191820234,6.440939375087631,0.0,0.0,1.0,1.0,0.0,1.0
9,260,6.546334782866061,6.589890911365326,1.0,0.0,0.0,1.0,0.0,0.0
10,260,0.0,10.29044408733612,0.0,1.0,1.0,0.0,0.0,0.0
11,260,4.237404197596158,3.817976200410839,0.0,0.0,0.0,0.0,1.0,1.0
12,260,2.0117846225367004,3.3577111100717256,0.0,0.0,0.0,0.0,0.0,0.0
13,260,6.743658745913027,12.0,0.0,1.0,0.0,1.0,1.0,0.0
14,260,12.0,7.80318002695642,1.0,0.0,0.0,1.0,0.0,0.0
15,260,11.92036451763433,7.135807376551576,0.0,0.0,0.0,0.0,1.0,0.0
16,260,12.0,7.594550204487667,1.0,0.0,0.0,0.0,1.0,0.0
17,260,6.544332809719835,6.090246281711091,1.0,0.0,0.0,1.0,0.0,0.0
18,260,6.560143391775424,4.025893062029914,0.0,0.0,0.0,0.0,0.0,0.0
19,260,11.129329958018811,8.094770886951704,0.0,0.0,1.0,1.0,0.0,0.0
20,260,2.6718434242347264,10.786331316341178,0.0,0.0,0.0,0.0,0.0,0.0
21,260,3.315863343662638,0.0,0.0,0.0,0.0,0.0,1.0,1.0
22,260,9.811692029282614,12.0,0.0,0.0,0.0,0.0,0.0,0.0
23,260,1.216710689152628,6.483586044490198,0.0,1.0,1.0,1.0,0.0,1.0
24,260,8.081538895488183,11.917178466489426,1.0,1.0,1.0,1.0,0.0,0.0
25,260,3.5707048434714563,6.2998287206943,0.0,1.0,0.0,0.0,1.0,1.0
26,260,5.43753677650492,0.6536537748827427,0.0,0.0,0.0,1.0,1.0,1.0
27,260,12.0,12.0,0.0,0.0,0.0,1.0,0.0,1.0
28,260,0.7415690986762302,1.4060716485774498,0.0,0.0,0.0,0.0,0.0,0.0
29,260,8.276816342678943,3.4915959901339666,1.0,0.0,0.0,0.0,0.0,0.0
30,260,0.1462027085012602,4.001784219029433,1.0,1.0,0.0,0.0,1.0,1.0
31,260,8.368627618785666,2.012569194104415,1.0,1.0,1.0,1.0,0.0,0.0
32,260,4.417927197599511,7.455496331861989,0.0,0.0,0.0,1.0,0.0,0.0
33,260,0.1073024820768312,1.5014253228332426,0.0,1.0,0.0,0.0,0.0,0.0
34,260,10.719377001971925,12.0,0.0,1.0,0.0,0.0,1.0,0.0
35,260,5.107332383817365,0.0,1.0,0.0,0.0,0.0,1.0,0.0
36,260,2.975718487587695,0.029641081129839,0.0,1.0,1.0,0.0,1.0,1.0
37,260,7.933211981415949,5.113224794098324,1.0,0.0,0.0,0.0,1.0,1.0
38,260,8.570065184425882,6.246070884077554,1.0,0.0,1.0,0.0,1.0,0.0
39,260,8.495468866151803,8.161140258658534,0.0,1.0,1.0,1.0,1.0,1.0
0,265,6.776090372266583,4.71395866654764,0.0,1.0,0.0,1.0,0.0,1.0
1,265,0.6270198189274014,2.708788913609948,1.0,0.0,1.0,1.0,1.0,1.0
2,265,6.62093783965369,8.730637694866564,0.0,0.0,0.0,0.0,0.0,0.0
3,265,10.762954376133717,12.0,0.0,0.0,1.0,0.0,0.0,0.0
4,265,11.889615753836775,9.473355777118911,0.0,0.0,1.0,0.0,1.0,0.0
5,265,7.544217124221677,12.0,1.0,1.0,0.0,0.0,0.0,0.0
6,265,10.286605522800444,0.1095424637872709,1.0,0.0,1.0,0.0,1.0,1.0
7,265,2.5954897505230345,3.7979697264179646,0.0,0.0,0.0,0.0,1.0,0.0
8,265,2.088800095458607,6.498004264838285,0.0,0.0,1.0,1.0,0.0,1.0
9,265,6.331474643193551,6.42318924065037,1.0,0.0,0.0,1.0,0.0,0.0
10,265,0.0,10.14824470511035,0.0,1.0,1.0,0.0,0.0,0.0
11,265,4.256234463461721,3.8879607385533808,0.0,0.0,0.0,0.0,1.0,1.0
12,265,2.068137448146999,3.257786407343592,0.0,0.0,0.0,0.0,0.0,0.0
13,265,6.723620128652267,12.0,0.0,1.0,0.0,1.0,1.0,0.0
14,265,12.0,7.897582032784091,1.0,0.0,0.0,1.0,0.0,0.0
15,265,11.911234923842656,7.160965851354997,0.0,0.0,0.0,0.0,1.0,0.0
16,265,12.0,7.56020257174617,1.0,0.0,0.0,0.0,1.0,0.0
17,265,6.578841179491626,6.096998814246089,1.0,0.0,0.0,1.0,0.0,0.0
18,265,6.4784006884057375,4.012216091916418,0.0,0.0,0.0,0.0,0.0,0.0
19,265,11.125739716541364,8.094840968675799,0.0,0.0,1.0,1.0,0.0,0.0
20,265,2.667966200359531,10.789760171235132,0.0,0.0,0.0,0.0,0.0,0.0
21,265,3.166947502225021,0.0,0.0,0.0,0.0,0.0,1.0,1.0
22,265,9.844940167011822,12.0,0.0,0.0,0.0,0.0,0.0,0.0
23,265,1.2160158833032342,6.47220793991514,0.0,1.0,1.0,1.0,0.0,1.0
24,265,8.076718784907776,11.921689145136542,1.0,1.0,1.0,1.0,0.0,0.0
25,265,3.430358071679623,6.442878145606204,0.0,1.0,0.0,0.0,1.0,1.0
26,265,5.453091180942401,0.6634974592931597,0.0,0.0,0.0,1.0,1.0,1.0
27,265,12.0,12.0,0.0,0.0,0.0,1.0,0.0,1.0
28,265,0.6009909309971769,1.3874036041377975,0.0,0.0,0.0,0.0,0.0,0.0
29,265,8.278119278724503,3.4737518027738834,1.0,0.0,0.0,0.0,0.0,0.0
30,265,0.1352335769338352,3.9976870278776593,1.0,1.0,0.0,0.0,1.0,1.0
31,265,8.352481019624975,1.942797417118635,1.0,1.0,1.0,1.0,0.0,0.0
32,265,4.398674088406308,7.5119138298387185,0.0,0.0,0.0,1.0,0.0,0.0
33,265,0.0989575520717962,1.510199775536865,0.0,1.0,0.0,0.0,0.0,0.0
34,265,10.64598490713285,12.0,0.0,1.0,0.0,0.0,1.0,0.0
35,265,5.221635417289718,0.0,1.0,0.0,0.0,0.0,1.0,0.0
36,265,2.9261442418795003,0.0477314178246091,0.0,1.0,1.0,0.0,1.0,1.0
37,265,7.974868889487786,5.066983061343235,1.0,0.0,0.0,0.0,1.0,1.0
38,265,8.526376660871172,6.173319667169766,1.0,0.0,1.0,0.0,1.0,0.0
39,265,8.575267243935931,8.030769024010105,0.0,1.0,1.0,1.0,1.0,1.0
0,270,6.712582708001446,4.740633490753722,0.0,1.0,0.0,1.0,0.0,1.0
1,270,0.6890973940258424,2.552468630911371,1.0,0.0,1.0,1.0,1.0,1.0
2,270,6.673323413931147,8.750094970148062,0.0,0.0,0.0,0.0,0.0,0.0
3,270,10.862579292190356,12.0,0.0,0.0,1.0,0.0,0.0,0.0
4,270,11.90198509288576,9.519808755863558,0.0,0.0,1.0,0.0,1.0,0.0
5,270,7.624836473060538,12.0,1.0,1.0,0.0,0.0,0.0,0.0
6,270,10.355327127244182,0.1163122945419387,1.0,0.0,1.0,0.0,1.0,1.0
7,270,2.5745635822626323,3.8411345442996176,0.0,0.0,0.0,0.0,1.0,0.0
8,270,2.0624563525665693,6.5556260022592925,0.0,0.0,1.0,1.0,0.0,1.0
9,270,6.1088756780982845,6.259059452102153,1.0,0.0,0.0,1.0,0.0,0.0
10,270,0.0,10.014287906048022,0.0,1.0,1.0,0.0,0.0,0.0
11,270,4.268498496227483,3.935345828234634,0.0,0.0,0.0,0.0,1.0,1.0
12,270,2.1231036249073387,3.1599815169050496,0.0,0.0,0.0,0.0,0.0,0.0
13,270,6.701437901578445,12.0,0.0,1.0,0.0,1.0,1.0,0.0
14,270,12.0,7.99011143828036,1.0,0.0,0.0,1.0,0.0,0.0
15,270,11.906809852543931,7.173776468987251,0.0,0.0,0.0,0.0,1.0,0.0
16,270,12.0,7.527522395357247,1.0,0.0,0.0,0.0,1.0,0.0
17,270,6.620829532164593,6.10598812072288,1.0,0.0,0.0,1.0,0.0,0.0
18,270,6.41003694394418,3.9999100750351073,0.0,0.0,0.0,0.0,0.0,0.0
19,270,11.11488256760962,8.095050203341218,0.0,0.0,1.0,1.0,0.0,0.0
20,270,2.671686613013015,10.786504900377135,0.0,0.0,0.0,0.0,0.0,0.0
21,270,3.002839205303066,0.0,0.0,0.0,0.0,0.0,1.0,1.0
22,270,9.876578630058408,12.0,0.0,0.0,0.0,0.0,0.0,0.0
23,270,1.2164703689200196,6.481715503967681,0.0,1.0,1.0,1.0,0.0,1.0
24,270,8.050389410407275,11.947294315834275,1.0,1.0,1.0,1.0,0.0,0.0
25,270,3.2972295066757056,6.575215138822357,0.0,1.0,0.0,0.0,1.0,1.0
26,270,5.46600839257523,0.6717782461561909,0.0,0.0,0.0,1.0,1.0,1.0
27,270,12.0,12.0,0.0,0.0,0.0,1.0,0.0,1.0
28,270,0.4538016115624048,1.3680917421989585,0.0,0.0,0.0,0.0,0.0,0.0
29,270,8.279988550718489,3.4551308924540143,1.0,0.0,0.0,0.0,0.0,0.0
30,270,0.1150177806848706,3.989448761273061,1.0,1.0,0.0,0.0,1.0,1.0
31,270,8.339050833447919,1.8892666345920437,1.0,1.0,1.0,1.0,0.0,0.0
32,270,4.374636008198631,7.579129508642334,0.0,0.0,0.0,1.0,0.0,0.0
33,270,0.0844430768410711,1.5256514986317034,0.0,1.0,0.0,0.0,0.0,0.0
34,270,10.57130074152336,12.0,0.0,1.0,0.0,0.0,1.0,0.0
35,270,5.332225504585983,0.0,1.0,0.0,0.0,0.0,1.0,0.0
36,270,2.862491413935494,0.0689917662275235,0.0,1.0,1.0,0.0,1.0,1.0
37,270,8.01473853834419,5.0240565916790345,1.0,0.0,0.0,0.0,1.0,1.0
38,270,8.473254039746234,6.086233820430191,1.0,0.0,1.0,0.0,1.0,0.0
39,270,8.64699247894507,7.912995790280701,0.0,1.0,1.0,1.0,1.0,1.0
0,275,6.631360579592455,4.774682045858919,0.0,1.0,0.0,1.0,0.0,1.0
1,275,0.7559817241591847,2.379297318963811,1.0,0.0,1.0,1.0,1.0,1.0
2,275,6.7271258123618765,8.771637831428137,0.0,0.0,0.0,0.0,0.0,0.0
3,275,10.940293668918406,12.0,0.0,0.0,1.0,0.0,0.0,0.0
4,275,11.915403218427231,9.56911688575696,0.0,0.0,1.0,0.0,1.0,0.0
5,275,7.707753065246139,12.0,1.0,1.0,0.0,0.0,0.0,0.0
6,275,10.421077342929843,0.1225866544075489,1.0,0.0,1.0,0.0,1.0,1.0
7,275,2.5506130123559267,3.891744722332916,0.0,0.0,0.0,0.0,1.0,0.0
8,275,2.0391766454127263,6.606951824929057,0.0,0.0,1.0,1.0,0.0,1.0
9,275,5.884590767156469,6.098054622970558,1.0,0.0,0.0,1.0,0.0,0.0
10,275,0.0,9.887208480725748,0.0,1.0,1.0,0.0,0.0,0.0
11,275,4.282955454184377,3.988005139249507,0.0,0.0,0.0,0.0,1.0,1.0
12,275,2.170613968559561,3.07452195148803,0.0,0.0,0.0,0.0,0.0,0.0
13,275,6.680691833869574,12.0,0.0,1.0,0.0,1.0,1.0,0.0
14,275,12.0,8.07554247385042,1.0,0.0,0.0,1.0,0.0,0.0
15,275,11.896128998866034,7.20469182400016,0.0,0.0,0.0,0.0,1.0,0.0
16,275,12.0,7.494594832749184,1.0,0.0,0.0,0.0,1.0,0.0
17,275,6.6685890400031855,6.115854902284155,1.0,0.0,0.0,1.0,0.0,0.0
18,275,6.344914273877613,3.987904710368004,0.0,0.0,0.0,0.0,0.0,0.0
19,275,11.080227953227984,8.096338594885102,0.0,0.0,1.0,1.0,0.0,0.0
20,275,2.670151535764836,10.787865351150124,0.0,0.0,0.0,0.0,0.0,0.0
21,275,2.846066278922512,0.0,0.0,0.0,0.0,0.0,1.0,1.0
22,275,9.906098925046182,12.0,0.0,0.0,0.0,0.0,0.0,0.0
23,275,1.2181179770846384,6.506753175681227,0.0,1.0,1.0,1.0,0.0,1.0
24,275,8.011354007534635,11.9847774448773,1.0,1.0,1.0,1.0,0.0,0.0
25,275,3.1849019351578347,6.688208757880378,0.0,1.0,0.0,0.0,1.0,1.0
26,275,5.480085804580225,0.6804996711617717,0.0,0.0,0.0,1.0,1.0,1.0
27,275,12.0,12.0,0.0,0.0,0.0,1.0,0.0,1.0
28,275,0.301679955633639,1.3481243386784978,0.0,0.0,0.0,0.0,0.0,0.0
29,275,8.281354879031127,3.4397530042383084,1.0,0.0,0.0,0.0,0.0,0.0
30,275,0.0856441997439238,3.9778108772997776,1.0,1.0,0.0,0.0,1.0,1.0
31,275,8.325295808293488,1.830007084854035,1.0,1.0,1.0,1.0,0.0,0.0
32,275,4.351841447124792,7.647597636114825,0.0,0.0,0.0,1.0,0.0,0.0
33,275,0.079156366959037,1.5314742299017077,0.0,1.0,0.0,0.0,0.0,0.0
34,275,10.493284492313684,12.0,0.0,1.0,0.0,0.0,1.0,0.0
35,275,5.441569614431143,0.0,1.0,0.0,0.0,0.0,1.0,0.0
36,275,2.7977297247599235,0.0903945951338675,0.0,1.0,1.0,0.0,1.0,1.0
37,275,8.046057249381244,4.9917082836496265,1.0,0.0,0.0,0.0,1.0,1.0
38,275,8.421380011486738,6.006959253279237,1.0,0.0,1.0,0.0,1.0,0.0
39,275,8.727773744055325,7.778742099542685,0.0,1.0,1.0,1.0,1.0,1.0
0,280,6.564402086815035,4.803587424804604,0.0,1.0,0.0,1.0,0.0,1.0
1,280,0.8158967218416695,2.233592252707777,1.0,0.0,1.0,1.0,1.0,1.0
2,280,6.775100612235174,8.792130164918364,0.0,0.0,0.0,0.0,0.0,0.0
3,280,11.026418083575075,12.0,0.0,0.0,1.0,0.0,0.0,0.0
4,280,11.93003739574866,9.620868754643617,0.0,0.0,1.0,0.0,1.0,0.0
5,280,7.789663836268383,12.0,1.0,1.0,0.0,0.0,0.0,0.0
6,280,10.49357128758815,0.1285996518845979,1.0,0.0,1.0,0.0,1.0,1.0
7,280,2.525783516502997,3.943896343745311,0.0,0.0,0.0,0.0,1.0,0.0
8,280,2.0210233220995617,6.649110410317896,0.0,0.0,1.0,1.0,0.0,1.0
9,280,5.6780936264401225,5.945745755683662,1.0,0.0,0.0,1.0,0.0,0.0
10,280,0.0,9.760981297687676,0.0,1.0,1.0,0.0,0.0,0.0
11,280,4.2931306666555775,4.019724367095769,0.0,0.0,0.0,0.0,1.0,1.0
12,280,2.227560023204069,2.976178062424767,0.0,0.0,0.0,0.0,0.0,0.0
13,280,6.663267304005741,12.0,0.0,1.0,0.0,1.0,1.0,0.0
14,280,12.0,8.153630331683752,1.0,0.0,0.0,1.0,0.0,0.0
15,280,11.879034364179867,7.253212248328421,0.0,0.0,0.0,0.0,1.0,0.0
16,280,12.0,7.463988346028781,1.0,0.0,0.0,0.0,1.0,0.0
17,280,6.710581871527137,6.124348735616758,1.0,0.0,0.0,1.0,0.0,0.0
18,280,6.280429544867895,3.977653524976574,0.0,0.0,0.0,0.0,0.0,0.0
19,280,11.060588644600802,8.097680267499705,0.0,0.0,1.0,1.0,0.0,0.0
20,280,2.66926758689688,10.788618108975877,0.0,0.0,0.0,0.0,0.0,0.0
21,280,2.6829677272649395,0.0,0.0,0.0,0.0,0.0,1.0,1.0
22,280,9.934753416001978,12.0,0.0,0.0,0.0,0.0,0.0,0.0
23,280,1.2218698869453015,6.551647887777816,0.0,1.0,1.0,1.0,0.0,1.0
24,280,7.976395735913987,12.0,1.0,1.0,1.0,1.0,0.0,0.0
25,280,3.0761075270191256,6.793813863714767,0.0,1.0,0.0,0.0,1.0,1.0
26,280,5.47972355769621,0.6802915547814005,0.0,0.0,0.0,1.0,1.0,1.0
27,280,12.0,12.0,0.0,0.0,0.0,1.0,0.0,1.0
28,280,0.1779398351754156,1.331662896529063,0.0,0.0,0.0,0.0,0.0,0.0
29,280,8.281824721339232,3.4326401077981226,1.0,0.0,0.0,0.0,0.0,0.0
30,280,0.0389745325711207,3.957917481177287,1.0,1.0,0.0,0.0,1.0,1.0
31,280,8.313006149518584,1.7743674120255957,1.0,1.0,1.0,1.0,0.0,0.0
32,280,4.328313775138,7.71220665124322,0.0,0.0,0.0,1.0,0.0,0.0
33,280,0.0648554817425655,1.5467420193457286,0.0,1.0,0.0,0.0,0.0,0.0
34,280,10.409358437982135,12.0,0.0,1.0,0.0,0.0,1.0,0.0
35,280,5.548405077385645,0.0,1.0,0.0,0.0,0.0,1.0,0.0
36,280,2.7396367768794847,0.111133636181597,0.0,1.0,1.0,0.0,1.0,1.0
37,280,8.065761949088014,4.969736828701365,1.0,0.0,0.0,0.0,1.0,1.0
38,280,8.367304589583608,5.925434991454323,1.0,0.0,1.0,0.0,1.0,0.0
39,280,8.808980352344335,7.644255355864455,0.0,1.0,1.0,1.0,1.0,1.0
0,285,6.484590796474962,4.836727634673609,0.0,1.0,0.0,1.0,0.0,1.0
1,285,0.8712680386207171,2.0744347088260304,1.0,0.0,1.0,1.0,1.0,1.0
2,285,6.83560275947603,8.82060869387519,0.0,0.0,0.0,0.0,0.0,0.0
3,285,11.121662221644536,12.0,0.0,0.0,1.0,0.0,0.0,0.0
4,285,11.9437832777011,9.671820971822743,0.0,0.0,1.0,0.0,1.0,0.0
5,285,7.863025205508679,12.0,1.0,1.0,0.0,0.0,0.0,0.0
6,285,10.57637081586636,0.1366893515134376,1.0,0.0,1.0,0.0,1.0,1.0
7,285,2.50131258125308,3.995614061138573,0.0,0.0,0.0,0.0,1.0,0.0
8,285,2.0058643882718106,6.68359016707361,0.0,0.0,1.0,1.0,0.0,1.0
9,285,5.463622016633373,5.786835176158029,1.0,0.0,0.0,1.0,0.0,0.0
10,285,0.0,9.63286494092425,0.0,1.0,1.0,0.0,0.0,0.0
11,285,4.30370896569895,4.051736101712398,0.0,0.0,0.0,0.0,1.0,1.0
12,285,2.284777537199662,2.871297800084226,0.0,0.0,0.0,0.0,0.0,0.0
13,285,6.646967413399896,12.0,0.0,1.0,0.0,1.0,1.0,0.0
14,285,12.0,8.237922134908452,1.0,0.0,0.0,1.0,0.0,0.0
15,285,11.86299202368673,7.300816940238135,0.0,0.0,0.0,0.0,1.0,0.0
16,285,12.0,7.439467459995535,1.0,0.0,0.0,0.0,1.0,0.0
17,285,6.785499137501975,6.141251184225062,1.0,0.0,0.0,1.0,0.0,0.0
18,285,6.205513642123672,3.964668483476472,0.0,0.0,0.0,0.0,0.0,0.0
19,285,11.02272746296052,8.099796691947223,0.0,0.0,1.0,1.0,0.0,0.0
20,285,2.6616511587206566,10.794948017382684,0.0,0.0,0.0,0.0,0.0,0.0
21,285,2.522391555600786,0.0,0.0,0.0,0.0,0.0,1.0,1.0
22,285,9.963135434973472,12.0,0.0,0.0,0.0,0.0,0.0,0.0
23,285,1.2256339690441231,6.59362112924494,0.0,1.0,1.0,1.0,0.0,1.0
24,285,7.931364261095715,12.0,1.0,1.0,1.0,1.0,0.0,0.0
25,285,2.962151985090355,6.913990107133392,0.0,1.0,0.0,0.0,1.0,1.0
26,285,5.483187626159332,0.6822987518657558,0.0,0.0,0.0,1.0,1.0,1.0
27,285,12.0,12.0,0.0,0.0,0.0,1.0,0.0,1.0
28,285,0.0286776755267063,1.3158595325322198,0.0,0.0,0.0,0.0,0.0,0.0
29,285,8.28218145411177,3.422347950043377,1.0,0.0,0.0,0.0,0.0,0.0
30,285,0.0,3.940271080300045,1.0,1.0,0.0,0.0,1.0,1.0
31,285,8.299223109000208,1.714046133043496,1.0,1.0,1.0,1.0,0.0,0.0
32,285,4.307520617593662,7.76829881218523,0.0,0.0,0.0,1.0,0.0,0.0
33,285,0.0550784355119579,1.5561805642660735,0.0,1.0,0.0,0.0,0.0,0.0
34,285,10.330447077956393,12.0,0.0,1.0,0.0,0.0,1.0,0.0
35,285,5.659123933880948,0.0,1.0,0.0,0.0,0.0,1.0,0.0
36,285,2.666132461737888,0.1375570242601714,0.0,1.0,1.0,0.0,1.0,1.0
37,285,8.09078211888777,4.942033234712045,1.0,0.0,0.0,0.0,1.0,1.0
38,285,8.313535619184668,5.840592007407372,1.0,0.0,1.0,0.0,1.0,0.0
39,285,8.89184397206022,7.499411745727194,0.0,1.0,1.0,1.0,1.0,1.0
0,290,6.410178989693913,4.866083722393177,0.0,1.0,0.0,1.0,0.0,1.0
1,290,0.9223417237771252,1.919598739532036,1.0,0.0,1.0,1.0,1.0,1.0
2,290,6.923791369111308,8.861224042403718,0.0,0.0,0.0,0.0,0.0,0.0
3,290,11.213267004066491,12.0,0.0,0.0,1.0,0.0,0.0,0.0
4,290,11.957968510534997,9.721586459604111,0.0,0.0,1.0,0.0,1.0,0.0
5,290,7.9362846808156196,12.0,1.0,1.0,0.0,0.0,0.0,0.0
6,290,10.657872906585249,0.1461584351291216,1.0,0.0,1.0,0.0,1.0,1.0
7,290,2.5587572893999275,4.022522978231171,0.0,0.0,0.0,0.0,1.0,0.0
8,290,1.9929635452380263,6.713559808165695,0.0,0.0,1.0,1.0,0.0,1.0
9,290,5.232996315075006,5.636061887090013,1.0,0.0,0.0,1.0,0.0,0.0
10,290,0.0,9.509316067259592,0.0,1.0,1.0,0.0,0.0,0.0
11,290,4.327276713481051,4.127252271910863,0.0,0.0,0.0,0.0,1.0,1.0
12,290,2.3534846459228493,2.75096062920462,0.0,0.0,0.0,0.0,0.0,0.0
13,290,6.62829657797946,12.0,0.0,1.0,0.0,1.0,1.0,0.0
14,290,12.0,8.320403914839323,1.0,0.0,0.0,1.0,0.0,0.0
15,290,11.848561383863467,7.343663892538937,0.0,0.0,0.0,0.0,1.0,0.0
16,290,12.0,7.417465960660757,1.0,0.0,0.0,0.0,1.0,0.0
17,290,6.859591819862484,6.15871550699647,1.0,0.0,0.0,1.0,0.0,0.0
18,290,6.136086655463468,3.953096278769432,0.0,0.0,0.0,0.0,0.0,0.0
19,290,10.975382211051215,8.101255997665803,0.0,0.0,1.0,1.0,0.0,0.0
20,290,2.658642021692629,10.79734920070895,0.0,0.0,0.0,0.0,0.0,0.0
21,290,2.369463717912564,0.0,0.0,0.0,0.0,0.0,1.0,1.0
22,290,9.984086885033202,12.0,0.0,0.0,0.0,0.0,0.0,0.0
23,290,1.228848949776676,6.625456189628453,0.0,1.0,1.0,1.0,0.0,1.0
24,290,7.880535583489949,12.0,1.0,1.0,1.0,1.0,0.0,0.0
25,290,2.8433582275968416,7.0370626450569365,0.0,1.0,0.0,0.0,1.0,1.0
26,290,5.491688289022238,0.6873504636961552,0.0,0.0,0.0,1.0,1.0,1.0
27,290,12.0,12.0,0.0,0.0,0.0,1.0,0.0,1.0
28,290,0.0,1.292888046023162,0.0,0.0,0.0,0.0,0.0,0.0
29,290,8.282837151138704,3.404570036377053,1.0,0.0,0.0,0.0,0.0,0.0
30,290,0.0,3.918994317060207,1.0,1.0,0.0,0.0,1.0,1.0
31,290,8.281204282188005,1.6359391569981363,1.0,1.0,1.0,1.0,0.0,0.0
32,290,4.277352648135624,7.851428986640545,0.0,0.0,0.0,1.0,0.0,0.0
33,290,0.038883271621474,1.5724982616834031,0.0,1.0,0.0,0.0,0.0,0.0
34,290,10.235436018692642,12.0,0.0,1.0,0.0,0.0,1.0,0.0
35,290,5.770570118368968,0.0,1.0,0.0,0.0,0.0,1.0,0.0
36,290,2.5759737324964505,0.1671452981786074,0.0,1.0,1.0,0.0,1.0,1.0
37,290,8.11983057607648,4.909191361426191,1.0,0.0,0.0,0.0,1.0,1.0
38,290,8.263358639145409,5.7611569528281805,1.0,0.0,1.0,0.0,1.0,0.0
39,290,8.982606188372204,7.34425775583902,0.0,1.0,1.0,1.0,1.0,1.0
0,295,6.318576808683708,4.904425712438482,0.0,1.0,0.0,1.0,0.0,1.0
1,295,0.9853472817562924,1.7308020886726068,1.0,0.0,1.0,1.0,1.0,1.0
2,295,7.037832043008138,8.912151313703642,0.0,0.0,0.0,0.0,0.0,0.0
3,295,11.301305157822735,12.0,0.0,0.0,1.0,0.0,0.0,0.0
4,295,11.977343840978463,9.789574144019449,0.0,0.0,1.0,0.0,1.0,0.0
5,295,8.014537833121738,12.0,1.0,1.0,0.0,0.0,0.0,0.0
6,295,10.748508044544629,0.1559573403999361,1.0,0.0,1.0,0.0,1.0,1.0
7,295,2.6173502926156837,4.051272109213919,0.0,0.0,0.0,0.0,1.0,0.0
8,295,1.987676740874704,6.725999919678911,0.0,0.0,1.0,1.0,0.0,1.0
9,295,4.999492005979312,5.489320107120106,1.0,0.0,0.0,1.0,0.0,0.0
10,295,0.0,9.389996917491882,0.0,1.0,1.0,0.0,0.0,0.0
11,295,4.3495116351151495,4.2043208875106295,0.0,0.0,0.0,0.0,1.0,1.0
12,295,2.418170011715168,2.622729898475177,0.0,0.0,0.0,0.0,0.0,0.0
13,295,6.613610218112462,12.0,0.0,1.0,0.0,1.0,1.0,0.0
14,295,12.0,8.394471466277203,1.0,0.0,0.0,1.0,0.0,0.0
15,295,11.831056352649982,7.398890528239107,0.0,0.0,0.0,0.0,1.0,0.0
16,295,12.0,7.403121066738019,1.0,0.0,0.0,0.0,1.0,0.0
17,295,6.952577319732854,6.181714510696749,1.0,0.0,0.0,1.0,0.0,0.0
18,295,6.096447222908716,3.945846910153781,0.0,0.0,0.0,0.0,0.0,0.0
19,295,10.929072834267211,8.103102890062537,0.0,0.0,1.0,1.0,0.0,0.0
20,295,2.6474802793728687,10.806532166181592,0.0,0.0,0.0,0.0,0.0,0.0
21,295,2.194558921437297,0.0,0.0,0.0,0.0,0.0,1.0,1.0
22,295,10.003148621282282,12.0,0.0,0.0,0.0,0.0,0.0,0.0
23,295,1.2293899072426044,6.630485598661705,0.0,1.0,1.0,1.0,0.0,1.0
24,295,7.832203513128307,12.0,1.0,1.0,1.0,1.0,0.0,0.0
25,295,2.722967244017405,7.158494515193126,0.0,1.0,0.0,0.0,1.0,1.0
26,295,5.487093614573203,0.6846339205742823,0.0,0.0,0.0,1.0,1.0,1.0
27,295,12.0,12.0,0.0,0.0,0.0,1.0,0.0,1.0
28,295,0.0,1.2729292928079612,0.0,0.0,0.0,0.0,0.0,0.0
29,295,8.283911919284984,3.384103277765627,1.0,0.0,0.0,0.0,0.0,0.0
30,295,0.0,3.888576490626839,1.0,1.0,0.0,0.0,1.0,1.0
31,295,8.2631695627308,1.5620248413106184,1.0,1.0,1.0,1.0,0.0,0.0
32,295,4.250234082166301,7.928319985721638,0.0,0.0,0.0,1.0,0.0,0.0
33,295,0.0175961540802405,1.595159308408578,0.0,1.0,0.0,0.0,0.0,0.0
34,295,10.146255034946677,12.0,0.0,1.0,0.0,0.0,1.0,0.0
35,295,5.8727490379869645,0.0,1.0,0.0,0.0,0.0,1.0,0.0
36,295,2.45872957601808,0.2062914981559256,0.0,1.0,1.0,0.0,1.0,1.0
37,295,8.15138254226366,4.871453803824903,1.0,0.0,0.0,0.0,1.0,1.0
38,295,8.215228487379814,5.685510658241921,1.0,0.0,1.0,0.0,1.0,0.0
39,295,9.071507811792278,7.188416769750867,0.0,1.0,1.0,1.0,1.0,1.0
