0,0,6.980271544192355,2.9387144405008176,0.0,1.0,0.0,1.0,0.0,1.0
1,0,6.9438150312420746,3.0107215447758136,1.0,0.0,1.0,1.0,1.0,1.0
2,0,12.0,12.0,0.0,0.0,0.0,0.0,0.0,0.0
3,0,0.9681973779226204,8.042292403721172,0.0,0.0,1.0,0.0,0.0,0.0
4,0,2.958830101529918,0.028402094886972,0.0,0.0,1.0,0.0,1.0,0.0
5,0,8.007001361792907,7.045042027537751,1.0,1.0,0.0,0.0,0.0,0.0
6,0,3.961995816569786,3.064213854615965,1.0,0.0,1.0,0.0,1.0,1.0
7,0,10.02495745862172,9.926499480672966,0.0,0.0,0.0,0.0,1.0,0.0
8,0,0.9889246748731968,9.96226237346505,0.0,0.0,1.0,1.0,0.0,1.0
9,0,5.061926707815841,6.996365312485112,1.0,0.0,0.0,1.0,0.0,0.0
10,0,1.0338254807383491,5.046427481572184,0.0,1.0,1.0,0.0,0.0,0.0
11,0,9.04061316526578,3.959175169251545,0.0,0.0,0.0,0.0,1.0,1.0
12,0,0.0652096518115342,9.966419499643733,0.0,0.0,0.0,0.0,0.0,0.0
13,0,6.028133707734851,9.954588076539698,0.0,1.0,0.0,1.0,1.0,0.0
14,0,9.041317599153643,4.016042690081513,1.0,0.0,0.0,1.0,0.0,0.0
15,0,6.93669597171934,8.01504884720986,0.0,0.0,0.0,0.0,1.0,0.0
16,0,3.962765220004076,10.01405815621449,1.0,0.0,0.0,0.0,1.0,0.0
17,0,2.985276589046896,1.0554740588959142,1.0,0.0,0.0,1.0,0.0,0.0
18,0,6.975426574384279,1.0158710601105398,0.0,0.0,0.0,0.0,0.0,0.0
19,0,3.956485116202914,6.963491683290951,0.0,0.0,1.0,1.0,0.0,0.0
20,0,3.9738243067533454,10.934021297668831,0.0,0.0,0.0,0.0,0.0,0.0
21,0,0.951082397791687,7.007887763923146,0.0,0.0,0.0,0.0,1.0,1.0
22,0,4.02463775614972,4.948199535271892,0.0,0.0,0.0,0.0,0.0,0.0
23,0,2.050190360183312,1.0156316029814023,0.0,1.0,1.0,1.0,0.0,1.0
24,0,9.975903729950751,1.0346322897412483,1.0,1.0,1.0,1.0,0.0,0.0
25,0,9.031681104544422,5.031721025915731,0.0,1.0,0.0,0.0,1.0,1.0
26,0,1.0625878251536136,9.025983547393327,0.0,0.0,0.0,1.0,1.0,1.0
27,0,2.0263036611169394,5.984808266285316,0.0,0.0,0.0,1.0,0.0,1.0
28,0,5.984225585270821,9.975701599282582,0.0,0.0,0.0,0.0,0.0,0.0
29,0,7.054935375267237,8.020981806437945,1.0,0.0,0.0,0.0,0.0,0.0
30,0,5.997690279462721,5.943982916822415,1.0,1.0,0.0,0.0,1.0,1.0
31,0,8.982788967294804,6.047085274836362,1.0,1.0,1.0,1.0,0.0,0.0
32,0,0.0,5.004011810750248,0.0,0.0,0.0,1.0,0.0,0.0
33,0,2.966283745445888,2.954990140488229,0.0,1.0,0.0,0.0,0.0,0.0
34,0,8.958376194591843,8.965882796736446,0.0,1.0,0.0,0.0,1.0,0.0
35,0,11.073917836971376,6.988233919617143,1.0,0.0,0.0,0.0,1.0,0.0
36,0,4.952700336247246,11.953077462586192,0.0,1.0,1.0,0.0,1.0,1.0
37,0,2.019804943823892,3.94719151574112,1.0,0.0,0.0,0.0,1.0,1.0
38,0,0.9627035080443658,1.0272689223439022,1.0,0.0,1.0,0.0,1.0,0.0
39,0,10.933752290680664,7.97765205031058,0.0,1.0,1.0,1.0,1.0,1.0
0,5,6.957696393923096,2.8762595491165044,0.0,1.0,0.0,1.0,0.0,1.0
1,5,6.899847452821539,3.018076862010936,1.0,0.0,1.0,1.0,1.0,1.0
2,5,12.0,12.0,0.0,0.0,0.0,0.0,0.0,0.0
3,5,0.9355224100910586,8.086111642341802,0.0,0.0,1.0,0.0,0.0,0.0
4,5,2.9313548515615704,0.0474386936262884,0.0,0.0,1.0,0.0,1.0,0.0
5,5,8.016076164699262,7.103294954208045,1.0,1.0,0.0,0.0,0.0,0.0
6,5,3.9160793826160174,3.1433954245463007,1.0,0.0,1.0,0.0,1.0,1.0
7,5,10.049050898498017,9.85063622216418,0.0,0.0,0.0,0.0,1.0,0.0
8,5,0.9712675832115664,9.903367902834912,0.0,0.0,1.0,1.0,0.0,1.0
9,5,5.110860716460381,6.993229500695886,1.0,0.0,0.0,1.0,0.0,0.0
10,5,1.073161890944338,5.100740693796115,0.0,1.0,1.0,0.0,0.0,0.0
11,5,9.073510517041644,3.925552500207238,0.0,0.0,0.0,0.0,1.0,1.0
12,5,0.1285941660031269,9.933097823040228,0.0,0.0,0.0,0.0,0.0,0.0
13,5,6.06393223534814,9.89122568929574,0.0,1.0,0.0,1.0,1.0,0.0
14,5,9.088263288137323,4.035357647122273,1.0,0.0,0.0,1.0,0.0,0.0
15,5,6.854909810760823,8.034973812139606,0.0,0.0,0.0,0.0,1.0,0.0
16,5,3.925903366645238,10.027890874888064,1.0,0.0,0.0,0.0,1.0,0.0
17,5,2.9102730496744886,1.036409648815107,1.0,0.0,0.0,1.0,0.0,0.0
18,5,6.967531032566293,1.020765439706044,0.0,0.0,0.0,0.0,0.0,0.0
19,5,3.903925964666593,6.921009086828343,0.0,0.0,1.0,1.0,0.0,0.0
20,5,3.953851767288922,10.885050310782184,0.0,0.0,0.0,0.0,0.0,0.0
21,5,0.9061633197016704,7.015366901950077,0.0,0.0,0.0,0.0,1.0,1.0
22,5,4.050444313588766,4.893566698131425,0.0,0.0,0.0,0.0,0.0,0.0
23,5,2.098366199877637,1.0298353506507076,0.0,1.0,1.0,1.0,0.0,1.0
24,5,9.944789586889035,1.07828162507429,1.0,1.0,1.0,1.0,0.0,0.0
25,5,9.06961570288506,5.071695342225796,0.0,1.0,0.0,0.0,1.0,1.0
26,5,1.1315231668348056,9.05471193345174,0.0,0.0,0.0,1.0,1.0,1.0
27,5,2.064874557635296,5.96264760284468,0.0,0.0,0.0,1.0,0.0,1.0
28,5,5.980146693489994,9.969474944887532,0.0,0.0,0.0,0.0,0.0,0.0
29,5,7.107557705291697,8.041700383176035,1.0,0.0,0.0,0.0,0.0,0.0
30,5,5.996698406311983,5.903966780375176,1.0,1.0,0.0,0.0,1.0,1.0
31,5,8.968343108573698,6.089284601631936,1.0,1.0,1.0,1.0,0.0,0.0
32,5,0.0,5.008427475313602,0.0,0.0,0.0,1.0,0.0,0.0
33,5,2.925640517800243,2.9015841368821067,0.0,1.0,0.0,0.0,0.0,0.0
34,5,8.913147677224464,8.92681280774646,0.0,1.0,0.0,0.0,1.0,0.0
35,5,11.15702211766717,6.976041952251095,1.0,0.0,0.0,0.0,1.0,0.0
36,5,4.912890211683438,11.913388867653769,0.0,1.0,1.0,0.0,1.0,1.0
37,5,2.0398764472018054,3.896589775432878,1.0,0.0,0.0,0.0,1.0,1.0
38,5,0.9388601163303776,1.044809807079507,1.0,0.0,1.0,0.0,1.0,0.0
39,5,10.876165073743705,7.957978749789092,0.0,1.0,1.0,1.0,1.0,1.0
0,10,6.938773678659288,2.8255620480980683,0.0,1.0,0.0,1.0,0.0,1.0
1,10,6.860327286635867,3.026230438041789,1.0,0.0,1.0,1.0,1.0,1.0
2,10,12.0,12.0,0.0,0.0,0.0,0.0,0.0,0.0
3,10,0.8972323993352636,8.138872687838218,0.0,0.0,1.0,0.0,0.0,0.0
4,10,2.9118544084962554,0.0604031700544743,0.0,0.0,1.0,0.0,1.0,0.0
5,10,8.023797867314121,7.149433787053407,1.0,1.0,0.0,0.0,0.0,0.0
6,10,3.8622827726749023,3.2384216905963195,1.0,0.0,1.0,0.0,1.0,1.0
7,10,10.074145977947932,9.774829453321203,0.0,0.0,0.0,0.0,1.0,0.0
8,10,0.9502546267687512,9.838161434239652,0.0,0.0,1.0,1.0,0.0,1.0
9,10,5.178931093309646,6.98928306254698,1.0,0.0,0.0,1.0,0.0,0.0
10,10,1.126099091659483,5.174611520618812,0.0,1.0,1.0,0.0,0.0,0.0
11,10,9.115906288699156,3.882118503390248,0.0,0.0,0.0,0.0,1.0,1.0
12,10,0.1878869399839084,9.90395169484986,0.0,0.0,0.0,0.0,0.0,0.0
13,10,6.104217072566535,9.823250878781275,0.0,1.0,0.0,1.0,1.0,0.0
14,10,9.13336288417766,4.052090759117879,1.0,0.0,0.0,1.0,0.0,0.0
15,10,6.766360922906337,8.056700668760387,0.0,0.0,0.0,0.0,1.0,0.0
16,10,3.8888953637044095,10.040809812379644,1.0,0.0,0.0,0.0,1.0,0.0
17,10,2.8539483148004603,1.0220054723112997,1.0,0.0,0.0,1.0,0.0,0.0
18,10,6.965066343391715,1.0222665423484132,0.0,0.0,0.0,0.0,0.0,0.0
19,10,3.838156283133336,6.867041581146136,0.0,0.0,1.0,1.0,0.0,0.0
20,10,3.9344672428391303,10.838439156156564,0.0,0.0,0.0,0.0,0.0,0.0
21,10,0.8769987406233197,7.019986990462631,0.0,0.0,0.0,0.0,1.0,1.0
22,10,4.067810738915286,4.857396968879301,0.0,0.0,0.0,0.0,0.0,0.0
23,10,2.1449247191819945,1.0436401484289184,0.0,1.0,1.0,1.0,0.0,1.0
24,10,9.908073027903464,1.129308425192686,1.0,1.0,1.0,1.0,0.0,0.0
25,10,9.103356014139392,5.106946253872412,0.0,1.0,0.0,0.0,1.0,1.0
26,10,1.17197092665609,9.071191812038444,0.0,0.0,0.0,1.0,1.0,1.0
27,10,2.097900313097349,5.944680033892437,0.0,0.0,0.0,1.0,0.0,1.0
28,10,5.983267940568034,9.97436226586621,0.0,0.0,0.0,0.0,0.0,0.0
29,10,7.17192542671503,8.066882062716397,1.0,0.0,0.0,0.0,0.0,0.0
30,10,5.996291426705381,5.869441731092623,1.0,1.0,0.0,0.0,1.0,1.0
31,10,8.954077932659077,6.132978829357727,1.0,1.0,1.0,1.0,0.0,0.0
32,10,0.0,5.010403301896322,0.0,0.0,0.0,1.0,0.0,0.0
33,10,2.872878714762848,2.832575033346979,0.0,1.0,0.0,0.0,0.0,0.0
34,10,8.872127079231186,8.887091993612781,0.0,1.0,0.0,0.0,1.0,0.0
35,10,11.231980059635855,6.964723605746007,1.0,0.0,0.0,0.0,1.0,0.0
36,10,4.894411995721246,11.894196851748148,0.0,1.0,1.0,0.0,1.0,1.0
37,10,2.057642367417285,3.852839118595537,1.0,0.0,0.0,0.0,1.0,1.0
38,10,0.9145042679017574,1.061927967152638,1.0,0.0,1.0,0.0,1.0,0.0
39,10,10.823643464027905,7.940648130155985,0.0,1.0,1.0,1.0,1.0,1.0
0,15,6.927217460320772,2.79412605582535,0.0,1.0,0.0,1.0,0.0,1.0
1,15,6.798276236218469,3.039703033752112,1.0,0.0,1.0,1.0,1.0,1.0
2,15,12.0,12.0,0.0,0.0,0.0,0.0,0.0,0.0
3,15,0.855478693836069,8.19371837082643,0.0,0.0,1.0,0.0,0.0,0.0
4,15,2.898240101824897,0.0697496250712534,0.0,0.0,1.0,0.0,1.0,0.0
5,15,8.02972232615652,7.194204378615978,1.0,1.0,0.0,0.0,0.0,0.0
6,15,3.811563387525639,3.323715651612753,1.0,0.0,1.0,0.0,1.0,1.0
7,15,10.101764597226923,9.69142617027802,0.0,0.0,0.0,0.0,1.0,0.0
8,15,0.9153299277356044,9.73783369386384,0.0,0.0,1.0,1.0,0.0,1.0
9,15,5.254157137239413,6.984322413933847,1.0,0.0,0.0,1.0,0.0,0.0
10,15,1.1901997298211229,5.261074619678341,0.0,1.0,1.0,0.0,0.0,0.0
11,15,9.149554290209968,3.8475637699739336,0.0,0.0,0.0,0.0,1.0,1.0
12,15,0.2477019834269046,9.8748278101438,0.0,0.0,0.0,0.0,0.0,0.0
13,15,6.152606889918731,9.741877825810388,0.0,1.0,0.0,1.0,1.0,0.0
14,15,9.17130301600116,4.066970897408338,1.0,0.0,0.0,1.0,0.0,0.0
15,15,6.701642336122863,8.070136234680234,0.0,0.0,0.0,0.0,1.0,0.0
16,15,3.861655682613077,10.050130752454791,1.0,0.0,0.0,0.0,1.0,0.0
17,15,2.791759516164116,1.007616484811075,1.0,0.0,0.0,1.0,0.0,0.0
18,15,6.936712735263645,1.0395117296894565,0.0,0.0,0.0,0.0,0.0,0.0
19,15,3.758998433098926,6.800217435296635,0.0,0.0,1.0,1.0,0.0,0.0
20,15,3.918480197433549,10.79862260118884,0.0,0.0,0.0,0.0,0.0,0.0
21,15,0.8584100156922949,7.0230831542056285,0.0,0.0,0.0,0.0,1.0,1.0
22,15,4.082292715681667,4.828237244471407,0.0,0.0,0.0,0.0,0.0,0.0
23,15,2.1982783902794285,1.059889745605889,0.0,1.0,1.0,1.0,0.0,1.0
24,15,9.867307109571378,1.1855708953013309,1.0,1.0,1.0,1.0,0.0,0.0
25,15,9.126003460249196,5.131363856494495,0.0,1.0,0.0,0.0,1.0,1.0
26,15,1.2085423737549903,9.086214204646206,0.0,0.0,0.0,1.0,1.0,1.0
27,15,2.119986418280176,5.932097040725474,0.0,0.0,0.0,1.0,0.0,1.0
28,15,6.003205651718128,10.006355501658426,0.0,0.0,0.0,0.0,0.0,0.0
29,15,7.2576482502954525,8.101084679702732,1.0,0.0,0.0,0.0,0.0,0.0
30,15,5.996085972668337,5.854881027375849,1.0,1.0,0.0,0.0,1.0,1.0
31,15,8.946146022948462,6.158050535478209,1.0,1.0,1.0,1.0,0.0,0.0
32,15,0.0010540012326975,5.018061423567995,0.0,0.0,0.0,1.0,0.0,0.0
33,15,2.804609294652177,2.7422323763181824,0.0,1.0,0.0,0.0,0.0,0.0
34,15,8.828725331866494,8.843891592268731,0.0,1.0,0.0,0.0,1.0,0.0
35,15,11.31634983203907,6.950466262242453,1.0,0.0,0.0,0.0,1.0,0.0
36,15,4.896737951184603,11.896462453899284,0.0,1.0,1.0,0.0,1.0,1.0
37,15,2.081499378069859,3.795610280427919,1.0,0.0,0.0,0.0,1.0,1.0
38,15,0.8926029214080905,1.0771559824101238,1.0,0.0,1.0,0.0,1.0,0.0
39,15,10.756739158359702,7.9160800774525155,0.0,1.0,1.0,1.0,1.0,1.0
0,20,6.912554617368856,2.753286609524231,0.0,1.0,0.0,1.0,0.0,1.0
1,20,6.735251401211252,3.05385908633568,1.0,0.0,1.0,1.0,1.0,1.0
2,20,12.0,12.0,0.0,0.0,0.0,0.0,0.0,0.0
3,20,0.8207139592332449,8.240094269134067,0.0,0.0,1.0,0.0,0.0,0.0
4,20,2.871363048298397,0.0870995424712105,0.0,0.0,1.0,0.0,1.0,0.0
5,20,8.034240417516854,7.225673689565649,1.0,1.0,0.0,0.0,0.0,0.0
6,20,3.7568396212143855,3.416569285048392,1.0,0.0,1.0,0.0,1.0,1.0
7,20,10.12524420775956,9.615844125080676,0.0,0.0,0.0,0.0,1.0,0.0
8,20,0.8838745980595445,9.63759796904798,0.0,0.0,1.0,1.0,0.0,1.0
9,20,5.313672511621003,6.978793163058314,1.0,0.0,0.0,1.0,0.0,0.0
10,20,1.2517779883153268,5.3421425743870525,0.0,1.0,1.0,0.0,0.0,0.0
11,20,9.186154289488297,3.80938678011961,0.0,0.0,0.0,0.0,1.0,1.0
12,20,0.3080388810415961,9.845924908137915,0.0,0.0,0.0,0.0,0.0,0.0
13,20,6.205152328647581,9.655763152514984,0.0,1.0,0.0,1.0,1.0,0.0
14,20,9.194740527143242,4.075895498632419,1.0,0.0,0.0,1.0,0.0,0.0
15,20,6.633424407525724,8.083832814716434,0.0,0.0,0.0,0.0,1.0,0.0
16,20,3.834685937078953,10.059705123090938,1.0,0.0,0.0,0.0,1.0,0.0
17,20,2.713339116579592,0.9894196938592608,1.0,0.0,0.0,1.0,0.0,0.0
18,20,6.91063113943443,1.055158120014218,0.0,0.0,0.0,0.0,0.0,0.0
19,20,3.65998234735088,6.716719232342759,0.0,0.0,1.0,1.0,0.0,0.0
20,20,3.895993291563443,10.747220053955552,0.0,0.0,0.0,0.0,0.0,0.0
21,20,0.8423313818535019,7.026290612331909,0.0,0.0,0.0,0.0,1.0,1.0
22,20,4.103093368299095,4.787890463852633,0.0,0.0,0.0,0.0,0.0,0.0
23,20,2.2695140802938183,1.0833022850869731,0.0,1.0,1.0,1.0,0.0,1.0
24,20,9.842641339875104,1.2215878704017151,1.0,1.0,1.0,1.0,0.0,0.0
25,20,9.156109403623448,5.163497424013875,0.0,1.0,0.0,0.0,1.0,1.0
26,20,1.239180394881188,9.100007757951184,0.0,0.0,0.0,1.0,1.0,1.0
27,20,2.1400731248791454,5.920528180200874,0.0,0.0,0.0,1.0,0.0,1.0
28,20,6.0311200112938925,10.053742243844903,0.0,0.0,0.0,0.0,0.0,0.0
29,20,7.341734634910293,8.13440826843605,1.0,0.0,0.0,0.0,0.0,0.0
30,20,5.996174010293885,5.857869940883459,1.0,1.0,0.0,0.0,1.0,1.0
31,20,8.934219449463908,6.194716571664077,1.0,1.0,1.0,1.0,0.0,0.0
32,20,0.0044899452983758,5.040616837931862,0.0,0.0,0.0,1.0,0.0,0.0
33,20,2.7335121578516985,2.650188387509014,0.0,1.0,0.0,0.0,0.0,0.0
34,20,8.785710020238042,8.798685550901439,0.0,1.0,0.0,0.0,1.0,0.0
35,20,11.417792400335864,6.932236675541172,1.0,0.0,0.0,0.0,1.0,0.0
36,20,4.888675961070207,11.889068604137412,0.0,1.0,1.0,0.0,1.0,1.0
37,20,2.112232051357647,3.7269428843472014,1.0,0.0,0.0,0.0,1.0,1.0
38,20,0.8695136824140701,1.0934888851228426,1.0,0.0,1.0,0.0,1.0,0.0
39,20,10.666706106552144,7.882330546119556,0.0,1.0,1.0,1.0,1.0,1.0
0,25,6.9057804772926135,2.7343175060853664,0.0,1.0,0.0,1.0,0.0,1.0
1,25,6.644070183026504,3.076181630914878,1.0,0.0,1.0,1.0,1.0,1.0
2,25,12.0,12.0,0.0,0.0,0.0,0.0,0.0,0.0
3,25,0.7844298744463949,8.28946700939021,0.0,0.0,1.0,0.0,0.0,0.0
4,25,2.8684397168834823,0.0889561580624399,0.0,0.0,1.0,0.0,1.0,0.0
5,25,8.037575347874167,7.250471539634193,1.0,1.0,0.0,0.0,0.0,0.0
6,25,3.6904421178098055,3.526070647558313,1.0,0.0,1.0,0.0,1.0,1.0
7,25,10.147207479239151,9.5392576473391,0.0,0.0,0.0,0.0,1.0,0.0
8,25,0.8576998402298897,9.553954496299632,0.0,0.0,1.0,1.0,0.0,1.0
9,25,5.377184048500024,6.972270024654541,1.0,0.0,0.0,1.0,0.0,0.0
10,25,1.3103641505773034,5.421609814444314,0.0,1.0,1.0,0.0,0.0,0.0
11,25,9.207772167486649,3.786297718790313,0.0,0.0,0.0,0.0,1.0,1.0
12,25,0.3331425323980331,9.83470287591722,0.0,0.0,0.0,0.0,0.0,0.0
13,25,6.262302823465455,9.55551689627493,0.0,1.0,0.0,1.0,1.0,0.0
14,25,9.22135875186645,4.085848014758378,1.0,0.0,0.0,1.0,0.0,0.0
15,25,6.563858235576884,8.098884512056607,0.0,0.0,0.0,0.0,1.0,0.0
16,25,3.823131563087139,10.063608037973172,1.0,0.0,0.0,0.0,1.0,0.0
17,25,2.625438829921654,0.9675802858645178,1.0,0.0,0.0,1.0,0.0,0.0
18,25,6.892705210457558,1.0654119021507826,0.0,0.0,0.0,0.0,0.0,0.0
19,25,3.5326740962101644,6.611213268650397,0.0,0.0,1.0,1.0,0.0,0.0
20,25,3.86551045865142,10.679795005557803,0.0,0.0,0.0,0.0,0.0,0.0
21,25,0.8336984919531609,7.028111962810154,0.0,0.0,0.0,0.0,1.0,1.0
22,25,4.119709831236992,4.754833097590833,0.0,0.0,0.0,0.0,0.0,0.0
23,25,2.345509280235864,1.1081464843620297,0.0,1.0,1.0,1.0,0.0,1.0
24,25,9.809584812943845,1.271196331541079,1.0,1.0,1.0,1.0,0.0,0.0
25,25,9.18605751063632,5.196143735527738,0.0,1.0,0.0,0.0,1.0,1.0
26,25,1.289308916138329,9.122501219727006,0.0,0.0,0.0,1.0,1.0,1.0
27,25,2.145149950184516,5.9177327803029325,0.0,0.0,0.0,1.0,0.0,1.0
28,25,6.05512007017235,10.094691846211733,0.0,0.0,0.0,0.0,0.0,0.0
29,25,7.436473727730272,8.17353229125566,1.0,0.0,0.0,0.0,0.0,0.0
30,25,5.996314488837038,5.869854193397859,1.0,1.0,0.0,0.0,1.0,1.0
31,25,8.934328703546402,6.194363432101569,1.0,1.0,1.0,1.0,0.0,0.0
32,25,0.0079100377337818,5.064945883111471,0.0,0.0,0.0,1.0,0.0,0.0
33,25,2.6664975903185546,2.5641619540634752,0.0,1.0,0.0,0.0,0.0,0.0
34,25,8.737878044201691,8.74710277442527,0.0,1.0,0.0,0.0,1.0,0.0
35,25,11.53418326788487,6.910101983182183,1.0,0.0,0.0,0.0,1.0,0.0
36,25,4.8606879004518255,11.862115038820567,0.0,1.0,1.0,0.0,1.0,1.0
37,25,2.1377417774693583,3.667507279389889,1.0,0.0,0.0,0.0,1.0,1.0
38,25,0.8547128942877338,1.1030494024474526,1.0,0.0,1.0,0.0,1.0,0.0
39,25,10.55520476036887,7.839467941473388,0.0,1.0,1.0,1.0,1.0,1.0
0,30,6.897275254801402,2.711383167349956,0.0,1.0,0.0,1.0,0.0,1.0
1,30,6.563080243194337,3.097651398878268,1.0,0.0,1.0,1.0,1.0,1.0
2,30,12.0,12.0,0.0,0.0,0.0,0.0,0.0,0.0
3,30,0.7390362855627974,8.350377568964928,0.0,0.0,1.0,0.0,0.0,0.0
4,30,2.8714404397317805,0.087023645449783,0.0,0.0,1.0,0.0,1.0,0.0
5,30,8.03983090812069,7.270889621886083,1.0,1.0,0.0,0.0,0.0,0.0
6,30,3.630589011902904,3.622111763549024,1.0,0.0,1.0,0.0,1.0,1.0
7,30,10.17275638511511,9.455386471711964,0.0,0.0,0.0,0.0,1.0,0.0
8,30,0.8282863753472787,9.4650884758943,0.0,0.0,1.0,1.0,0.0,1.0
9,30,5.439349631474715,6.963325259242502,1.0,0.0,0.0,1.0,0.0,0.0
10,30,1.3542686745134285,5.482799537494353,0.0,1.0,1.0,0.0,0.0,0.0
11,30,9.232459439539054,3.760067596622029,0.0,0.0,0.0,0.0,1.0,1.0
12,30,0.3470849265976953,9.828269821043872,0.0,0.0,0.0,0.0,0.0,0.0
13,30,6.321604385965589,9.450752989081858,0.0,1.0,0.0,1.0,1.0,0.0
14,30,9.252663759124458,4.096949048251572,1.0,0.0,0.0,1.0,0.0,0.0
15,30,6.519496644126308,8.108448238568034,0.0,0.0,0.0,0.0,1.0,0.0
16,30,3.819489178472377,10.0648615027722,1.0,0.0,0.0,0.0,1.0,0.0
17,30,2.5361639799793605,0.9444703752835488,1.0,0.0,0.0,1.0,0.0,0.0
18,30,6.873057935007869,1.0777127789497416,0.0,0.0,0.0,0.0,0.0,0.0
19,30,3.408322511075577,6.508703145670561,0.0,0.0,1.0,1.0,0.0,0.0
20,30,3.832204003469314,10.603554117185515,0.0,0.0,0.0,0.0,0.0,0.0
21,30,0.8306136630446475,7.028741776211294,0.0,0.0,0.0,0.0,1.0,1.0
22,30,4.129753500447236,4.734447537169437,0.0,0.0,0.0,0.0,0.0,0.0
23,30,2.4013424091830866,1.1269985396470843,0.0,1.0,1.0,1.0,0.0,1.0
24,30,9.774570220540935,1.3250123335342348,1.0,1.0,1.0,1.0,0.0,0.0
25,30,9.228733895675855,5.240645739225247,0.0,1.0,0.0,0.0,1.0,1.0
26,30,1.3377256946807687,9.143497148222933,0.0,0.0,0.0,1.0,1.0,1.0
27,30,2.157709349980967,5.910964173088424,0.0,0.0,0.0,1.0,0.0,1.0
28,30,6.07644573492279,10.1302112328797,0.0,0.0,0.0,0.0,0.0,0.0
29,30,7.5404721126012735,8.219427447399099,1.0,0.0,0.0,0.0,0.0,0.0
30,30,5.995989559196475,5.858527736946774,1.0,1.0,0.0,0.0,1.0,1.0
31,30,8.93124633965784,6.204566943413569,1.0,1.0,1.0,1.0,0.0,0.0
32,30,0.0099144610870099,5.083069556798112,0.0,0.0,0.0,1.0,0.0,0.0
33,30,2.61055686331467,2.4917031276041537,0.0,1.0,0.0,0.0,0.0,0.0
34,30,8.69899298268806,8.706482653004754,0.0,1.0,0.0,0.0,1.0,0.0
35,30,11.631349857073248,6.8922535214468015,1.0,0.0,0.0,0.0,1.0,0.0
36,30,4.827943082604845,11.831663252922116,0.0,1.0,1.0,0.0,1.0,1.0
37,30,2.16469885103304,3.6045335284159674,1.0,0.0,0.0,0.0,1.0,1.0
38,30,0.8292732266423704,1.1190449498273882,1.0,0.0,1.0,0.0,1.0,0.0
39,30,10.435371172761466,7.799635016149383,0.0,1.0,1.0,1.0,1.0,1.0
0,35,6.884148204655671,2.67555147543928,0.0,1.0,0.0,1.0,0.0,1.0
1,35,6.483761240749529,3.120596472200009,1.0,0.0,1.0,1.0,1.0,1.0
2,35,12.0,12.0,0.0,0.0,0.0,0.0,0.0,0.0
3,35,0.6815312569748398,8.425532767991355,0.0,0.0,1.0,0.0,0.0,0.0
4,35,2.8851886524768013,0.0784686984161333,0.0,0.0,1.0,0.0,1.0,0.0
5,35,8.041702685666714,7.289349809149128,1.0,1.0,0.0,0.0,0.0,0.0
6,35,3.565300918189908,3.728579748109087,1.0,0.0,1.0,0.0,1.0,1.0
7,35,10.275032721858132,9.484719502020534,0.0,0.0,0.0,0.0,1.0,0.0
8,35,0.7953051413340138,9.365043432900023,0.0,0.0,1.0,1.0,0.0,1.0
9,35,5.503191735180889,6.954907515438512,1.0,0.0,0.0,1.0,0.0,0.0
10,35,1.4111525417094914,5.555091053073556,0.0,1.0,1.0,0.0,0.0,0.0
11,35,9.271657806303011,3.7188703547811888,0.0,0.0,0.0,0.0,1.0,1.0
12,35,0.35623459846707,9.823840532941274,0.0,0.0,0.0,0.0,0.0,0.0
13,35,6.377882164418441,9.34819259316565,0.0,1.0,0.0,1.0,1.0,0.0
14,35,9.264879834988372,4.1011038745994846,1.0,0.0,0.0,1.0,0.0,0.0
15,35,6.460864635817293,8.122070707573027,0.0,0.0,0.0,0.0,1.0,0.0
16,35,3.828347511425966,10.0617530607584,1.0,0.0,0.0,0.0,1.0,0.0
17,35,2.460474073209584,0.9270318660778896,1.0,0.0,0.0,1.0,0.0,0.0
18,35,6.855464559455587,1.0887690975662097,0.0,0.0,0.0,0.0,0.0,0.0
19,35,3.2623235466550318,6.39404834315773,0.0,0.0,1.0,1.0,0.0,0.0
20,35,3.799766527331602,10.526919414365937,0.0,0.0,0.0,0.0,0.0,0.0
21,35,0.8332309954999239,7.028168766568936,0.0,0.0,0.0,0.0,1.0,1.0
22,35,4.131745682647733,4.730414736617985,0.0,0.0,0.0,0.0,0.0,0.0
23,35,2.46853647684919,1.148392578933478,0.0,1.0,1.0,1.0,0.0,1.0
24,35,9.736958331080976,1.3839018076384115,1.0,1.0,1.0,1.0,0.0,0.0
25,35,9.25305002249031,5.217802619852333,0.0,1.0,0.0,0.0,1.0,1.0
26,35,1.39531105910583,9.169349972497615,0.0,0.0,0.0,1.0,1.0,1.0
27,35,2.175667943731239,5.901029076091221,0.0,0.0,0.0,1.0,0.0,1.0
28,35,6.103847221313504,10.17689271693487,0.0,0.0,0.0,0.0,0.0,0.0
29,35,7.644150904569104,8.265537508877719,1.0,0.0,0.0,0.0,0.0,0.0
30,35,5.9957985056175644,5.853431642772232,1.0,1.0,0.0,0.0,1.0,1.0
31,35,8.931139672395494,6.204991087659471,1.0,1.0,1.0,1.0,0.0,0.0
32,35,0.0118571770396297,5.099679102705625,0.0,0.0,0.0,1.0,0.0,0.0
33,35,2.552672933447208,2.415000717130316,0.0,1.0,0.0,0.0,0.0,0.0
34,35,8.648135902630353,8.654855338214668,0.0,1.0,0.0,0.0,1.0,0.0
35,35,11.714106367241264,6.874288720293471,1.0,0.0,0.0,0.0,1.0,0.0
36,35,4.795768843261932,11.80066201544322,0.0,1.0,1.0,0.0,1.0,1.0
37,35,2.1886871532479417,3.5487865479932186,1.0,0.0,0.0,0.0,1.0,1.0
38,35,0.789807374789861,1.1457500982625597,1.0,0.0,1.0,0.0,1.0,0.0
39,35,10.327179269499,7.761421779635429,0.0,1.0,1.0,1.0,1.0,1.0
0,40,6.870107862709309,2.6330543989488064,0.0,1.0,0.0,1.0,0.0,1.0
1,40,6.413137254737116,3.142136403138585,1.0,0.0,1.0,1.0,1.0,1.0
2,40,12.0,12.0,0.0,0.0,0.0,0.0,0.0,0.0
3,40,0.6384163154529695,8.484108648406808,0.0,0.0,1.0,0.0,0.0,0.0
4,40,2.893062440852842,0.0737628623142514,0.0,0.0,1.0,0.0,1.0,0.0
5,40,8.043463246829017,7.308318824002246,1.0,1.0,0.0,0.0,0.0,0.0
6,40,3.486892606598251,3.857484097296637,1.0,0.0,1.0,0.0,1.0,1.0
7,40,10.39247400606185,9.519439488252187,0.0,0.0,0.0,0.0,1.0,0.0
8,40,0.7603729652668799,9.26461461543511,0.0,0.0,1.0,1.0,0.0,1.0
9,40,5.569157444699636,6.947686947269968,1.0,0.0,0.0,1.0,0.0,0.0
10,40,1.467374498456946,5.628936824919021,0.0,1.0,1.0,0.0,0.0,0.0
11,40,9.306325976278476,3.6806580594972336,0.0,0.0,0.0,0.0,1.0,1.0
12,40,0.3975314606424944,9.80380889904302,0.0,0.0,0.0,0.0,0.0,0.0
13,40,6.430281063060111,9.257931489080796,0.0,1.0,0.0,1.0,1.0,0.0
14,40,9.282318695842976,4.107135581079863,1.0,0.0,0.0,1.0,0.0,0.0
15,40,6.396913363826681,8.136267065312833,0.0,0.0,0.0,0.0,1.0,0.0
16,40,3.867315524141443,10.048794953501014,1.0,0.0,0.0,0.0,1.0,0.0
17,40,2.358270737208297,0.9013283488682348,1.0,0.0,0.0,1.0,0.0,0.0
18,40,6.826097917260727,1.1074068221675566,0.0,0.0,0.0,0.0,0.0,0.0
19,40,3.1089410317786905,6.280317624637569,0.0,0.0,1.0,1.0,0.0,0.0
20,40,3.763547197143159,10.436469405930977,0.0,0.0,0.0,0.0,0.0,0.0
21,40,0.8370204335425725,7.027325261054565,0.0,0.0,0.0,0.0,1.0,1.0
22,40,4.126975258264696,4.739646961347572,0.0,0.0,0.0,0.0,0.0,0.0
23,40,2.5290557038205863,1.1666226871017211,0.0,1.0,1.0,1.0,0.0,1.0
24,40,9.686126443564326,1.4615665622384038,1.0,1.0,1.0,1.0,0.0,0.0
25,40,9.2805156774268,5.193053615210308,0.0,1.0,0.0,0.0,1.0,1.0
26,40,1.4447598307231704,9.192083155990472,0.0,0.0,0.0,1.0,1.0,1.0
27,40,2.179597397976274,5.898710399959251,0.0,0.0,0.0,1.0,0.0,1.0
28,40,6.123925143888578,10.213339002858316,0.0,0.0,0.0,0.0,0.0,0.0
29,40,7.763014967262506,8.318081197823624,1.0,0.0,0.0,0.0,0.0,0.0
30,40,5.995795926547854,5.851877431861521,1.0,1.0,0.0,0.0,1.0,1.0
31,40,8.934599353456512,6.1916501108184,1.0,1.0,1.0,1.0,0.0,0.0
32,40,0.0129492596244562,5.109801008438599,0.0,0.0,0.0,1.0,0.0,0.0
33,40,2.5220643027900125,2.3735567993038784,0.0,1.0,0.0,0.0,0.0,0.0
34,40,8.598633972240156,8.607087884953412,0.0,1.0,0.0,0.0,1.0,0.0
35,40,11.779032451606405,6.858930746544615,1.0,0.0,0.0,0.0,1.0,0.0
36,40,4.763151858773468,11.77144079203491,0.0,1.0,1.0,0.0,1.0,1.0
37,40,2.205707644718594,3.5089372557708662,1.0,0.0,0.0,0.0,1.0,1.0
38,40,0.748394863494187,1.1754899102391814,1.0,0.0,1.0,0.0,1.0,0.0
39,40,10.210227634276942,7.722731022702028,0.0,1.0,1.0,1.0,1.0,1.0
0,45,6.8652836175352645,2.618931615658854,0.0,1.0,0.0,1.0,0.0,1.0
1,45,6.371541169088565,3.155850093622592,1.0,0.0,1.0,1.0,1.0,1.0
2,45,12.0,12.0,0.0,0.0,0.0,0.0,0.0,0.0
3,45,0.5835314409887687,8.555354805376304,0.0,0.0,1.0,0.0,0.0,0.0
4,45,2.888327837362245,0.0766519217992945,0.0,0.0,1.0,0.0,1.0,0.0
5,45,8.043955073155471,7.313085814292048,1.0,1.0,0.0,0.0,0.0,0.0
6,45,3.408745668123769,3.986177598134749,1.0,0.0,1.0,0.0,1.0,1.0
7,45,10.492853313595674,9.550332591765704,0.0,0.0,0.0,0.0,1.0,0.0
8,45,0.7308742171509358,9.17877490522262,0.0,0.0,1.0,1.0,0.0,1.0
9,45,5.64513931408553,6.939172598573668,1.0,0.0,0.0,1.0,0.0,0.0
10,45,1.527103047888832,5.709943957047545,0.0,1.0,1.0,0.0,0.0,0.0
11,45,9.352063793402888,3.630910355095305,0.0,0.0,0.0,0.0,1.0,1.0
12,45,0.4594225630185552,9.77332607595098,0.0,0.0,0.0,0.0,0.0,0.0
13,45,6.47107029672532,9.188324135046628,0.0,1.0,0.0,1.0,1.0,0.0
14,45,9.32323817941628,4.121076016695751,1.0,0.0,0.0,1.0,0.0,0.0
15,45,6.345136247350811,8.148771851600046,0.0,0.0,0.0,0.0,1.0,0.0
16,45,3.895190086289262,10.039992642055616,1.0,0.0,0.0,0.0,1.0,0.0
17,45,2.242077083999251,0.8711210764876957,1.0,0.0,0.0,1.0,0.0,0.0
18,45,6.8005988433603575,1.1234306392875562,0.0,0.0,0.0,0.0,0.0,0.0
19,45,2.9655411412998616,6.171792555503753,0.0,0.0,1.0,1.0,0.0,0.0
20,45,3.7350439824766704,10.360329468266258,0.0,0.0,0.0,0.0,0.0,0.0
21,45,0.85000385359643,7.023954159295934,0.0,0.0,0.0,0.0,1.0,1.0
22,45,4.1255155725069965,4.742763746936103,0.0,0.0,0.0,0.0,0.0,0.0
23,45,2.588736022479899,1.184386330454129,0.0,1.0,1.0,1.0,0.0,1.0
24,45,9.640244769957494,1.5368594039952137,1.0,1.0,1.0,1.0,0.0,0.0
25,45,9.30769896011535,5.167708848871023,0.0,1.0,0.0,0.0,1.0,1.0
26,45,1.503781388292082,9.221009988788262,0.0,0.0,0.0,1.0,1.0,1.0
27,45,2.194921540366467,5.889800651670633,0.0,0.0,0.0,1.0,0.0,1.0
28,45,6.145710361513389,10.25055828238632,0.0,0.0,0.0,0.0,0.0,0.0
29,45,7.884140488435127,8.371374548672279,1.0,0.0,0.0,0.0,0.0,0.0
30,45,5.995816039717508,5.846215837792527,1.0,1.0,0.0,0.0,1.0,1.0
31,45,8.939399291654905,6.172886876296286,1.0,1.0,1.0,1.0,0.0,0.0
32,45,0.015966898886642,5.137481207658008,0.0,0.0,0.0,1.0,0.0,0.0
33,45,2.482113828273528,2.3221987081417352,0.0,1.0,0.0,0.0,0.0,0.0
34,45,8.532170596026955,8.542801721393314,0.0,1.0,0.0,0.0,1.0,0.0
35,45,11.83368726000902,6.84623440417175,1.0,0.0,0.0,0.0,1.0,0.0
36,45,4.746594468441847,11.75631224931284,0.0,1.0,1.0,0.0,1.0,1.0
37,45,2.2194021263626413,3.478243365958561,1.0,0.0,0.0,0.0,1.0,1.0
38,45,0.710449014852477,1.2017216949955432,1.0,0.0,1.0,0.0,1.0,0.0
39,45,10.108223850563636,7.6902518059390195,0.0,1.0,1.0,1.0,1.0,1.0
0,50,6.858034846626019,2.597079871776133,0.0,1.0,0.0,1.0,0.0,1.0
1,50,6.313046536625079,3.1754119800181058,1.0,0.0,1.0,1.0,1.0,1.0
2,50,12.0,12.0,0.0,0.0,0.0,0.0,0.0,0.0
3,50,0.5216357753611472,8.641289869959518,0.0,0.0,1.0,0.0,0.0,0.0
4,50,2.86746153183705,0.0892182308888504,0.0,0.0,1.0,0.0,1.0,0.0
5,50,8.04375154445859,7.311080064277031,1.0,1.0,0.0,0.0,0.0,0.0
6,50,3.3173983825950795,4.130020565394677,1.0,0.0,1.0,0.0,1.0,1.0
7,50,10.580645989442068,9.580927911857913,0.0,0.0,0.0,0.0,1.0,0.0
8,50,0.7036111537963062,9.103035748318952,0.0,0.0,1.0,1.0,0.0,1.0
9,50,5.742843331443753,6.928015834290274,1.0,0.0,0.0,1.0,0.0,0.0
10,50,1.582306185072181,5.78720377639393,0.0,1.0,1.0,0.0,0.0,0.0
11,50,9.42484752461589,3.5537018227983967,0.0,0.0,0.0,0.0,1.0,1.0
12,50,0.5286633482569091,9.736928163315836,0.0,0.0,0.0,0.0,0.0,0.0
13,50,6.515161853708015,9.11260303826918,0.0,1.0,0.0,1.0,1.0,0.0
14,50,9.381377420952838,4.138323479473285,1.0,0.0,0.0,1.0,0.0,0.0
15,50,6.278791638702888,8.164302171699081,0.0,0.0,0.0,0.0,1.0,0.0
16,50,3.943367306068287,10.024295907416375,1.0,0.0,0.0,0.0,1.0,0.0
17,50,2.1167132562369337,0.842041724468965,1.0,0.0,0.0,1.0,0.0,0.0
18,50,6.751360856821881,1.15571996735958,0.0,0.0,0.0,0.0,0.0,0.0
19,50,2.845628729119851,6.0791577465514814,0.0,0.0,1.0,1.0,0.0,0.0
20,50,3.703482224808426,10.27526232022205,0.0,0.0,0.0,0.0,0.0,0.0
21,50,0.881002559802214,7.01622552591301,0.0,0.0,0.0,0.0,1.0,1.0
22,50,4.11807496148678,4.758247525444756,0.0,0.0,0.0,0.0,0.0,0.0
23,50,2.652847172355337,1.203845196422416,0.0,1.0,1.0,1.0,0.0,1.0
24,50,9.58712810686493,1.6210890529975288,1.0,1.0,1.0,1.0,0.0,0.0
25,50,9.333529391806456,5.14416156182784,0.0,1.0,0.0,0.0,1.0,1.0
26,50,1.5766441647790266,9.2570787225564,0.0,0.0,0.0,1.0,1.0,1.0
27,50,2.2064047182846878,5.883005378825385,0.0,0.0,0.0,1.0,0.0,1.0
28,50,6.1800755965087655,10.307424898551188,0.0,0.0,0.0,0.0,0.0,0.0
29,50,8.014781379202587,8.429362725019917,1.0,0.0,0.0,0.0,0.0,0.0
30,50,5.996072409060615,5.819652650015201,1.0,1.0,0.0,0.0,1.0,1.0
31,50,8.941542604542589,6.16341531613234,1.0,1.0,1.0,1.0,0.0,0.0
32,50,0.017960439977874,5.154326573306326,0.0,0.0,0.0,1.0,0.0,0.0
33,50,2.438028509833316,2.2628730345959536,0.0,1.0,0.0,0.0,0.0,0.0
34,50,8.46085439298345,8.474261033620161,0.0,1.0,0.0,0.0,1.0,0.0
35,50,11.901233131795548,6.829853697454586,1.0,0.0,0.0,0.0,1.0,0.0
36,50,4.736738017242279,11.746927719774726,0.0,1.0,1.0,0.0,1.0,1.0
37,50,2.2271927256890254,3.460316609936272,1.0,0.0,0.0,0.0,1.0,1.0
38,50,0.6717234018308207,1.2298207729765576,1.0,0.0,1.0,0.0,1.0,0.0
39,50,10.001175663960316,7.655139255963117,0.0,1.0,1.0,1.0,1.0,1.0
0,55,6.849358685334351,2.573061635110303,0.0,1.0,0.0,1.0,0.0,1.0
1,55,6.2621105173490434,3.1936054289826346,1.0,0.0,1.0,1.0,1.0,1.0
2,55,12.0,12.0,0.0,0.0,0.0,0.0,0.0,0.0
3,55,0.4642453219159365,8.72213957853632,0.0,0.0,1.0,0.0,0.0,0.0
4,55,2.855294129487682,0.0963636558002189,0.0,0.0,1.0,0.0,1.0,0.0
5,55,8.043953406245198,7.313035718362609,1.0,1.0,0.0,0.0,0.0,0.0
6,55,3.229602498504404,4.267217486067013,1.0,0.0,1.0,0.0,1.0,1.0
7,55,10.66360360666976,9.609821370545538,0.0,0.0,0.0,0.0,1.0,0.0
8,55,0.6699212576498913,9.006899614787997,0.0,0.0,1.0,1.0,0.0,1.0
9,55,5.827750485070587,6.917053763489649,1.0,0.0,0.0,1.0,0.0,0.0
10,55,1.6345660149524617,5.860014261197215,0.0,1.0,1.0,0.0,0.0,0.0
11,55,9.501830877370004,3.473197572360988,0.0,0.0,0.0,0.0,1.0,1.0
12,55,0.6453510439361116,9.67748452766073,0.0,0.0,0.0,0.0,0.0,0.0
13,55,6.568046614634777,9.022015817394836,0.0,1.0,0.0,1.0,1.0,0.0
14,55,9.456456200188487,4.158139257656771,1.0,0.0,0.0,1.0,0.0,0.0
15,55,6.204273622478584,8.182540418172351,0.0,0.0,0.0,0.0,1.0,0.0
16,55,3.983132523115414,10.011130448521987,1.0,0.0,0.0,0.0,1.0,0.0
17,55,1.996947443715625,0.8154683499731965,1.0,0.0,0.0,1.0,0.0,0.0
18,55,6.712819284140791,1.1803157048498345,0.0,0.0,0.0,0.0,0.0,0.0
19,55,2.731061576175072,5.985364759144954,0.0,0.0,1.0,1.0,0.0,0.0
20,55,3.669876260320895,10.184527836384325,0.0,0.0,0.0,0.0,0.0,0.0
21,55,0.8938393646598396,7.072351141319536,0.0,0.0,0.0,0.0,1.0,1.0
22,55,4.107664156288424,4.779004612850702,0.0,0.0,0.0,0.0,0.0,0.0
23,55,2.7325297659838808,1.2297744609418997,0.0,1.0,1.0,1.0,0.0,1.0
24,55,9.528361210401084,1.7158877807810633,1.0,1.0,1.0,1.0,0.0,0.0
25,55,9.36278225136719,5.118055897327198,0.0,1.0,0.0,0.0,1.0,1.0
26,55,1.6401650077644132,9.288469192458493,0.0,0.0,0.0,1.0,1.0,1.0
27,55,2.2378937081238006,5.865551541822699,0.0,0.0,0.0,1.0,0.0,1.0
28,55,6.19365361026241,10.328682258977109,0.0,0.0,0.0,0.0,0.0,0.0
29,55,8.060745781127288,8.312084852411262,1.0,0.0,0.0,0.0,0.0,0.0
30,55,5.996404298894245,5.788384620756988,1.0,1.0,0.0,0.0,1.0,1.0
31,55,8.938967415375718,6.175618448135976,1.0,1.0,1.0,1.0,0.0,0.0
32,55,0.0193205308460295,5.165483151458462,0.0,0.0,0.0,1.0,0.0,0.0
33,55,2.3836707341678967,2.188444570663417,0.0,1.0,0.0,0.0,0.0,0.0
34,55,8.40376932747869,8.41828001924733,0.0,1.0,0.0,0.0,1.0,0.0
35,55,11.95237987971552,6.816546264925053,1.0,0.0,0.0,0.0,1.0,0.0
36,55,4.737174483158975,11.747366531160727,0.0,1.0,1.0,0.0,1.0,1.0
37,55,2.233688629070248,3.445060472978867,1.0,0.0,0.0,0.0,1.0,1.0
38,55,0.6463462685525483,1.2485548841017826,1.0,0.0,1.0,0.0,1.0,0.0
39,55,9.890585030329582,7.620954034218004,0.0,1.0,1.0,1.0,1.0,1.0
0,60,6.84510039397603,2.560960128986813,0.0,1.0,0.0,1.0,0.0,1.0
1,60,6.21991251674766,3.2089078211779283,1.0,0.0,1.0,1.0,1.0,1.0
2,60,12.0,12.0,0.0,0.0,0.0,0.0,0.0,0.0
3,60,0.4055444791263058,8.80482303074319,0.0,0.0,1.0,0.0,0.0,0.0
4,60,2.869722882070595,0.0880388006429942,0.0,0.0,1.0,0.0,1.0,0.0
5,60,8.042777736690109,7.299858253853206,1.0,1.0,0.0,0.0,0.0,0.0
6,60,3.1461776881076915,4.393986808669622,1.0,0.0,1.0,0.0,1.0,1.0
7,60,10.755590848503198,9.640486763185152,0.0,0.0,0.0,0.0,1.0,0.0
8,60,0.6354001567270651,8.904447913553152,0.0,0.0,1.0,1.0,0.0,1.0
9,60,5.920548964883343,6.90946463819892,1.0,0.0,0.0,1.0,0.0,0.0
10,60,1.6866099138841812,5.930998715170458,0.0,1.0,1.0,0.0,0.0,0.0
11,60,9.576933321485122,3.398394998806056,0.0,0.0,0.0,0.0,1.0,1.0
12,60,0.7510228852014985,9.626396265125155,0.0,0.0,0.0,0.0,0.0,0.0
13,60,6.619903920582691,8.935640832361806,0.0,1.0,0.0,1.0,1.0,0.0
14,60,9.530900288565324,4.174656132006467,1.0,0.0,0.0,1.0,0.0,0.0
15,60,6.121408703778505,8.204315312507891,0.0,0.0,0.0,0.0,1.0,0.0
16,60,4.019771175364806,9.999158617423062,1.0,0.0,0.0,0.0,1.0,0.0
17,60,1.871165753615697,0.7893242405313498,1.0,0.0,0.0,1.0,0.0,0.0
18,60,6.670166841990822,1.207517461147897,0.0,0.0,0.0,0.0,0.0,0.0
19,60,2.6066650681668704,5.89005352087244,0.0,0.0,1.0,1.0,0.0,0.0
20,60,3.633924908812067,10.081999244694304,0.0,0.0,0.0,0.0,0.0,0.0
21,60,0.908798545886062,7.131683309877861,0.0,0.0,0.0,0.0,1.0,1.0
22,60,4.100004494428268,4.795142722420128,0.0,0.0,0.0,0.0,0.0,0.0
23,60,2.817485982798647,1.2572918416122487,0.0,1.0,1.0,1.0,0.0,1.0
24,60,9.455555455977263,1.834347917320934,1.0,1.0,1.0,1.0,0.0,0.0
25,60,9.401684309587202,5.081765365930942,0.0,1.0,0.0,0.0,1.0,1.0
26,60,1.72315360003762,9.32922721955794,0.0,0.0,0.0,1.0,1.0,1.0
27,60,2.285482030445249,5.839233595683916,0.0,0.0,0.0,1.0,0.0,1.0
28,60,6.214400682250215,10.360382680251057,0.0,0.0,0.0,0.0,0.0,0.0
29,60,8.09883071619129,8.219965500511309,1.0,0.0,0.0,0.0,0.0,0.0
30,60,5.99688962168224,5.77373340721329,1.0,1.0,0.0,0.0,1.0,1.0
31,60,8.93546501523935,6.190711393780628,1.0,1.0,1.0,1.0,0.0,0.0
32,60,0.0251145070104053,5.207435523128444,0.0,0.0,0.0,1.0,0.0,0.0
33,60,2.3385901544869863,2.1263727210432206,0.0,1.0,0.0,0.0,0.0,0.0
34,60,8.354396838755132,8.367705769632147,0.0,1.0,0.0,0.0,1.0,0.0
35,60,12.0,6.795126481357742,1.0,0.0,0.0,0.0,1.0,0.0
36,60,4.746177001133443,11.756372179540582,0.0,1.0,1.0,0.0,1.0,1.0
37,60,2.2340451884724555,3.444148044070799,1.0,0.0,0.0,0.0,1.0,1.0
38,60,0.6497682359910057,1.246018340705182,1.0,0.0,1.0,0.0,1.0,0.0
39,60,9.7709356263994,7.5811346026149184,0.0,1.0,1.0,1.0,1.0,1.0
0,65,6.840363166843795,2.5490972778784298,0.0,1.0,0.0,1.0,0.0,1.0
1,65,6.190159877193676,3.218992944303813,1.0,0.0,1.0,1.0,1.0,1.0
2,65,12.0,12.0,0.0,0.0,0.0,0.0,0.0,0.0
3,65,0.3506751651589574,8.882791894461459,0.0,0.0,1.0,0.0,0.0,0.0
4,65,2.887370529313032,0.0776959025995472,0.0,0.0,1.0,0.0,1.0,0.0
5,65,8.04148135561219,7.282905396236312,1.0,1.0,0.0,0.0,0.0,0.0
6,65,3.053314419487317,4.5314334223078605,1.0,0.0,1.0,0.0,1.0,1.0
7,65,10.868514499326595,9.68010955119673,0.0,0.0,0.0,0.0,1.0,0.0
8,65,0.5958972796627725,8.79378580639294,0.0,0.0,1.0,1.0,0.0,1.0
9,65,6.007069201512987,6.903945274832328,1.0,0.0,0.0,1.0,0.0,0.0
10,65,1.731087880946802,5.9914771770835,0.0,1.0,1.0,0.0,0.0,0.0
11,65,9.658352483200732,3.315820276081275,0.0,0.0,0.0,0.0,1.0,1.0
12,65,0.8559769727869883,9.575996403527602,0.0,0.0,0.0,0.0,0.0,0.0
13,65,6.679958412445902,8.837478032451711,0.0,1.0,0.0,1.0,1.0,0.0
14,65,9.607241847547588,4.191116691957988,1.0,0.0,0.0,1.0,0.0,0.0
15,65,6.043376236096852,8.22660998917505,0.0,0.0,0.0,0.0,1.0,0.0
16,65,4.053562433296458,9.987738885199493,1.0,0.0,0.0,0.0,1.0,0.0
17,65,1.7373778551221049,0.7585630258561133,1.0,0.0,0.0,1.0,0.0,0.0
18,65,6.636886102729925,1.2296961507785769,0.0,0.0,0.0,0.0,0.0,0.0
19,65,2.475795863512103,5.789326490828493,0.0,0.0,1.0,1.0,0.0,0.0
20,65,3.597067268943217,9.976544340789872,0.0,0.0,0.0,0.0,0.0,0.0
21,65,0.92547869152815,7.194042666419333,0.0,0.0,0.0,0.0,1.0,1.0
22,65,4.087955170155528,4.820819704319355,0.0,0.0,0.0,0.0,0.0,0.0
23,65,2.8960777152569483,1.283711223263367,0.0,1.0,1.0,1.0,0.0,1.0
24,65,9.377776942795451,1.962733831826108,1.0,1.0,1.0,1.0,0.0,0.0
25,65,9.44522655486849,5.040197844390145,0.0,1.0,0.0,0.0,1.0,1.0
26,65,1.812774623493105,9.37552764274031,0.0,0.0,0.0,1.0,1.0,1.0
27,65,2.325089917001766,5.816605642031413,0.0,0.0,0.0,1.0,0.0,1.0
28,65,6.19796676102034,10.371438962060324,0.0,0.0,0.0,0.0,0.0,0.0
29,65,8.13565915282137,8.13763602959822,1.0,0.0,0.0,0.0,0.0,0.0
30,65,5.9978015387138575,5.73850509157357,1.0,1.0,0.0,0.0,1.0,1.0
31,65,8.93442204810357,6.195078868410008,1.0,1.0,1.0,1.0,0.0,0.0
32,65,0.028570432509528,5.238327452180535,0.0,0.0,0.0,1.0,0.0,0.0
33,65,2.2959886593788763,2.0659472423995613,0.0,1.0,0.0,0.0,0.0,0.0
34,65,8.288842775431599,8.299652624195637,0.0,1.0,0.0,0.0,1.0,0.0
35,65,12.0,6.765204128242766,1.0,0.0,0.0,0.0,1.0,0.0
36,65,4.743810960342595,11.75409435081266,0.0,1.0,1.0,0.0,1.0,1.0
37,65,2.234065548692937,3.444100247815876,1.0,0.0,0.0,0.0,1.0,1.0
38,65,0.6653197544123439,1.2343866898621558,1.0,0.0,1.0,0.0,1.0,0.0
39,65,9.655574486736542,7.544009727149646,0.0,1.0,1.0,1.0,1.0,1.0
0,70,6.8221254683535415,2.5027261008135198,0.0,1.0,0.0,1.0,0.0,1.0
1,70,6.160889431416438,3.22887858155852,1.0,0.0,1.0,1.0,1.0,1.0
2,70,12.0,12.0,0.0,0.0,0.0,0.0,0.0,0.0
3,70,0.2966052260373486,8.958397487378583,0.0,0.0,1.0,0.0,0.0,0.0
4,70,2.898371863764662,0.0709890881051386,0.0,0.0,1.0,0.0,1.0,0.0
5,70,8.040158476000355,7.25948564535758,1.0,1.0,0.0,0.0,0.0,0.0
6,70,2.9672155174798283,4.662306621477868,1.0,0.0,1.0,0.0,1.0,1.0
7,70,10.988664640147627,9.72613346830228,0.0,0.0,0.0,0.0,1.0,0.0
8,70,0.5595778001822149,8.695625977558423,0.0,0.0,1.0,1.0,0.0,1.0
9,70,6.082506292858899,6.898996937082981,1.0,0.0,0.0,1.0,0.0,0.0
10,70,1.7719027534560527,6.047786847067452,0.0,1.0,1.0,0.0,0.0,0.0
11,70,9.73718230576273,3.23174176758314,0.0,0.0,0.0,0.0,1.0,1.0
12,70,0.9498513795289673,9.5289151577113,0.0,0.0,0.0,0.0,0.0,0.0
13,70,6.743212536702013,8.734306033876914,0.0,1.0,0.0,1.0,1.0,0.0
14,70,9.711573431455047,4.21438323476499,1.0,0.0,0.0,1.0,0.0,0.0
15,70,5.957556358350869,8.251198952497424,0.0,0.0,0.0,0.0,1.0,0.0
16,70,4.069312959547245,9.98276686259172,1.0,0.0,0.0,0.0,1.0,0.0
17,70,1.5939224083510886,0.72880964376272,1.0,0.0,0.0,1.0,0.0,0.0
18,70,6.603475730277381,1.2529810689883778,0.0,0.0,0.0,0.0,0.0,0.0
19,70,2.314801157153048,5.655966178306328,0.0,0.0,1.0,1.0,0.0,0.0
20,70,3.561645277740686,9.880389142901654,0.0,0.0,0.0,0.0,0.0,0.0
21,70,0.94840688437928,7.28534810994546,0.0,0.0,0.0,0.0,1.0,1.0
22,70,4.074690930067718,4.8513376791619125,0.0,0.0,0.0,0.0,0.0,0.0
23,70,2.978775777589146,1.3106356618361512,0.0,1.0,1.0,1.0,0.0,1.0
24,70,9.226276030855091,1.874812160965273,1.0,1.0,1.0,1.0,0.0,0.0
25,70,9.479395810628146,5.006184576936827,0.0,1.0,0.0,0.0,1.0,1.0
26,70,1.8976458862892167,9.42140696242297,0.0,0.0,0.0,1.0,1.0,1.0
27,70,2.3734852006742986,5.786394989113452,0.0,0.0,0.0,1.0,0.0,1.0
28,70,6.170581916661886,10.390242278157668,0.0,0.0,0.0,0.0,0.0,0.0
29,70,8.172361585655533,8.059130568348756,1.0,0.0,0.0,0.0,0.0,0.0
30,70,6.026672670957227,5.739435294977023,1.0,1.0,0.0,0.0,1.0,1.0
31,70,8.930451900638982,6.210112926840574,1.0,1.0,1.0,1.0,0.0,0.0
32,70,0.0324282635569743,5.278082222744546,0.0,0.0,0.0,1.0,0.0,0.0
33,70,2.2625455419479086,2.014732172524783,0.0,1.0,0.0,0.0,0.0,0.0
34,70,8.226684461839366,8.237019463176768,0.0,1.0,0.0,0.0,1.0,0.0
35,70,12.0,6.737646944329014,1.0,0.0,0.0,0.0,1.0,0.0
36,70,4.741394710311895,11.751730411534515,0.0,1.0,1.0,0.0,1.0,1.0
37,70,2.237142440303282,3.4367135373602,1.0,0.0,0.0,0.0,1.0,1.0
38,70,0.6804922578740591,1.2234816139918046,1.0,0.0,1.0,0.0,1.0,0.0
39,70,9.536785322401103,7.50624015580763,0.0,1.0,1.0,1.0,1.0,1.0
0,75,6.803091222728897,2.4490109270676634,0.0,1.0,0.0,1.0,0.0,1.0
1,75,6.121078564294453,3.243355422202,1.0,0.0,1.0,1.0,1.0,1.0
2,75,12.0,12.0,0.0,0.0,0.0,0.0,0.0,0.0
3,75,0.2490260118504355,9.02403902190735,0.0,0.0,1.0,0.0,0.0,0.0
4,75,2.8857262036928994,0.0787445935957969,0.0,0.0,1.0,0.0,1.0,0.0
5,75,8.037130242467628,7.213249752481746,1.0,1.0,0.0,0.0,0.0,0.0
6,75,2.8791452664655512,4.800508193677604,1.0,0.0,1.0,0.0,1.0,1.0
7,75,11.092136298249285,9.768998804466577,0.0,0.0,0.0,0.0,1.0,0.0
8,75,0.5166451604443484,8.58477814765278,0.0,0.0,1.0,1.0,0.0,1.0
9,75,6.163474480258716,6.8947488401765,1.0,0.0,0.0,1.0,0.0,0.0
10,75,1.8073066259703603,6.099199938928356,0.0,1.0,1.0,0.0,0.0,0.0
11,75,9.811477458872622,3.153427790866937,0.0,0.0,0.0,0.0,1.0,1.0
12,75,1.0412150737868793,9.481068853946711,0.0,0.0,0.0,0.0,0.0,0.0
13,75,6.815164953017395,8.619996833059105,0.0,1.0,0.0,1.0,1.0,0.0
14,75,9.80845749209425,4.235365642995873,1.0,0.0,0.0,1.0,0.0,0.0
15,75,5.853183486016146,8.282334528506988,0.0,0.0,0.0,0.0,1.0,0.0
16,75,4.0765874672441615,9.98051176153083,1.0,0.0,0.0,0.0,1.0,0.0
17,75,1.4437776705446133,0.6941822045699391,1.0,0.0,0.0,1.0,0.0,0.0
18,75,6.557610979651163,1.2843853041784516,0.0,0.0,0.0,0.0,0.0,0.0
19,75,2.1380452593229147,5.51406221379592,0.0,0.0,1.0,1.0,0.0,0.0
20,75,3.5299830449455087,9.795967631961412,0.0,0.0,0.0,0.0,0.0,0.0
21,75,0.9732075193597076,7.38870491311912,0.0,0.0,0.0,0.0,1.0,1.0
22,75,4.058290514876996,4.887038273761292,0.0,0.0,0.0,0.0,0.0,0.0
23,75,3.07043342944208,1.3424393382731752,0.0,1.0,1.0,1.0,0.0,1.0
24,75,9.047681553034767,1.7744175380160476,1.0,1.0,1.0,1.0,0.0,0.0
25,75,9.53239010865969,4.955217524157399,0.0,1.0,0.0,0.0,1.0,1.0
26,75,1.9903642012117797,9.47000840364376,0.0,0.0,0.0,1.0,1.0,1.0
27,75,2.4308648693582566,5.749905131095352,0.0,0.0,0.0,1.0,0.0,1.0
28,75,6.1530070912306165,10.402208498812376,0.0,0.0,0.0,0.0,0.0,0.0
29,75,8.209728465151619,7.983401935151872,1.0,0.0,0.0,0.0,0.0,0.0
30,75,6.052786593473661,5.7400620035372025,1.0,1.0,0.0,0.0,1.0,1.0
31,75,8.931805178739506,6.205184305021248,1.0,1.0,1.0,1.0,0.0,0.0
32,75,0.0332032518236336,5.289046801135699,0.0,0.0,0.0,1.0,0.0,0.0
33,75,2.246905312937886,1.9912693299905957,0.0,1.0,0.0,0.0,0.0,0.0
34,75,8.162767134583783,8.171762718356925,0.0,1.0,0.0,0.0,1.0,0.0
35,75,12.0,6.711965917417296,1.0,0.0,0.0,0.0,1.0,0.0
36,75,4.732301118059526,11.743008969451203,0.0,1.0,1.0,0.0,1.0,1.0
37,75,2.26106583074787,3.446726706255797,1.0,0.0,0.0,0.0,1.0,1.0
38,75,0.7130878237748247,1.200471044270481,1.0,0.0,1.0,0.0,1.0,0.0
39,75,9.411446633770565,7.46589629229674,0.0,1.0,1.0,1.0,1.0,1.0
0,80,6.79159077471991,2.4156125660955787,0.0,1.0,0.0,1.0,0.0,1.0
1,80,6.083025576768864,3.256457046639831,1.0,0.0,1.0,1.0,1.0,1.0
2,80,12.0,12.0,0.0,0.0,0.0,0.0,0.0,0.0
3,80,0.2008892467150127,9.091087974659,0.0,0.0,1.0,0.0,0.0,0.0
4,80,2.879322303882114,0.0825526222632643,0.0,0.0,1.0,0.0,1.0,0.0
5,80,8.033650509924756,7.161519652578157,1.0,1.0,0.0,0.0,0.0,0.0
6,80,2.785986608034109,4.938577676725791,1.0,0.0,1.0,0.0,1.0,1.0
7,80,11.184012333012207,9.80780386276466,0.0,0.0,0.0,0.0,1.0,0.0
8,80,0.475030868626118,8.477551024423057,0.0,0.0,1.0,1.0,0.0,1.0
9,80,6.243779379778832,6.889919072165088,1.0,0.0,0.0,1.0,0.0,0.0
10,80,1.8500264239677544,6.15880606045682,0.0,1.0,1.0,0.0,0.0,0.0
11,80,9.883996132561755,3.0773115532254667,0.0,0.0,0.0,0.0,1.0,1.0
12,80,1.1314967727021572,9.43405743328134,0.0,0.0,0.0,0.0,0.0,0.0
13,80,6.875215933110311,8.516858617504965,0.0,1.0,0.0,1.0,1.0,0.0
14,80,9.904510009230926,4.257355301949594,1.0,0.0,0.0,1.0,0.0,0.0
15,80,5.743965697210723,8.313427600498313,0.0,0.0,0.0,0.0,1.0,0.0
16,80,4.091010290080507,9.976148565028662,1.0,0.0,0.0,0.0,1.0,0.0
17,80,1.2996541410295783,0.6553708941562074,1.0,0.0,0.0,1.0,0.0,0.0
18,80,6.513616739958577,1.3141049703470635,0.0,0.0,0.0,0.0,0.0,0.0
19,80,1.9594858656750147,5.37199171256846,0.0,0.0,1.0,1.0,0.0,0.0
20,80,3.50051865755733,9.718389267219736,0.0,0.0,0.0,0.0,0.0,0.0
21,80,0.9974075232702628,7.485929523172241,0.0,0.0,0.0,0.0,1.0,1.0
22,80,4.048693016451543,4.907781261799274,0.0,0.0,0.0,0.0,0.0,0.0
23,80,3.150010363165922,1.3722377525809426,0.0,1.0,1.0,1.0,0.0,1.0
24,80,8.860278767882424,1.670805345326689,1.0,1.0,1.0,1.0,0.0,0.0
25,80,9.593285630787523,4.897032822843629,0.0,1.0,0.0,0.0,1.0,1.0
26,80,2.0633400184064485,9.505770128697652,0.0,0.0,0.0,1.0,1.0,1.0
27,80,2.4845231675179797,5.715828814244408,0.0,0.0,0.0,1.0,0.0,1.0
28,80,6.142226065443061,10.409587404956309,0.0,0.0,0.0,0.0,0.0,0.0
29,80,8.25029916600674,7.895180645606257,1.0,0.0,0.0,0.0,0.0,0.0
30,80,6.082861706095565,5.741309203025208,1.0,1.0,0.0,0.0,1.0,1.0
31,80,8.935016333156792,6.194404911350248,1.0,1.0,1.0,1.0,0.0,0.0
32,80,0.033598056928041,5.296869392148627,0.0,0.0,0.0,1.0,0.0,0.0
33,80,2.2345869033737724,1.972322734380856,0.0,1.0,0.0,0.0,0.0,0.0
34,80,8.108762104349688,8.113485192527687,0.0,1.0,0.0,0.0,1.0,0.0
35,80,12.0,6.684399883180191,1.0,0.0,0.0,0.0,1.0,0.0
36,80,4.720294615635759,11.731576196512428,0.0,1.0,1.0,0.0,1.0,1.0
37,80,2.290692580739637,3.458893434850612,1.0,0.0,0.0,0.0,1.0,1.0
38,80,0.7506355859912776,1.17407630457202,1.0,0.0,1.0,0.0,1.0,0.0
39,80,9.263098267002391,7.419994870098234,0.0,1.0,1.0,1.0,1.0,1.0
0,85,6.786607354533733,2.399667541821657,0.0,1.0,0.0,1.0,0.0,1.0
1,85,6.051640756360212,3.2679009347664603,1.0,0.0,1.0,1.0,1.0,1.0
2,85,12.0,12.0,0.0,0.0,0.0,0.0,0.0,0.0
3,85,0.1455657483212178,9.164602695470451,0.0,0.0,1.0,0.0,0.0,0.0
4,85,2.88714172730911,0.0776702285199042,0.0,0.0,1.0,0.0,1.0,0.0
5,85,8.0315780253267,7.1291863235023785,1.0,1.0,0.0,0.0,0.0,0.0
6,85,2.7042811156123774,5.058538113607975,1.0,0.0,1.0,0.0,1.0,1.0
7,85,11.254444781966814,9.83978906667438,0.0,0.0,0.0,0.0,1.0,0.0
8,85,0.4267457615965418,8.35591035241995,0.0,0.0,1.0,1.0,0.0,1.0
9,85,6.3164036956472,6.887426057689116,1.0,0.0,0.0,1.0,0.0,0.0
10,85,1.9071108509649024,6.239346231718448,0.0,1.0,1.0,0.0,0.0,0.0
11,85,9.940282150313411,3.01388711828255,0.0,0.0,0.0,0.0,1.0,1.0
12,85,1.2296918410339652,9.379889266846709,0.0,0.0,0.0,0.0,0.0,0.0
13,85,6.931948168080768,8.422938875818309,0.0,1.0,0.0,1.0,1.0,0.0
14,85,9.965471636669056,4.272231121246497,1.0,0.0,0.0,1.0,0.0,0.0
15,85,5.643405787025806,8.342711556061747,0.0,0.0,0.0,0.0,1.0,0.0
16,85,4.128502671027298,9.963894323375095,1.0,0.0,0.0,0.0,1.0,0.0
17,85,1.175270555964703,0.6231846044996947,1.0,0.0,0.0,1.0,0.0,0.0
18,85,6.471066660185492,1.3397009003925269,0.0,0.0,0.0,0.0,0.0,0.0
19,85,1.8151489266242955,5.554001750245452,0.0,0.0,1.0,1.0,0.0,0.0
20,85,3.477598977116874,9.651028550410022,0.0,0.0,0.0,0.0,0.0,0.0
21,85,1.017232950505429,7.567413826434974,0.0,0.0,0.0,0.0,1.0,1.0
22,85,4.035830684877778,4.935440115499838,0.0,0.0,0.0,0.0,0.0,0.0
23,85,3.2418994211737595,1.4041732351930591,0.0,1.0,1.0,1.0,0.0,1.0
24,85,8.678926344072954,1.5750366332860195,1.0,1.0,1.0,1.0,0.0,0.0
25,85,9.666236889923834,4.8262618481126935,0.0,1.0,0.0,0.0,1.0,1.0
26,85,2.135884067725818,9.539448504791208,0.0,0.0,0.0,1.0,1.0,1.0
27,85,2.5260719509431326,5.688568960629146,0.0,0.0,0.0,1.0,0.0,1.0
28,85,6.118755033013497,10.42538052774075,0.0,0.0,0.0,0.0,0.0,0.0
29,85,8.284117959696001,7.821267446788999,1.0,0.0,0.0,0.0,0.0,0.0
30,85,6.109347149917648,5.742188864484128,1.0,1.0,0.0,0.0,1.0,1.0
31,85,8.94569973177665,6.161663356927948,1.0,1.0,1.0,1.0,0.0,0.0
32,85,0.0329934094405645,5.285158670091322,0.0,0.0,0.0,1.0,0.0,0.0
33,85,2.216714813375904,1.9433443656204188,0.0,1.0,0.0,0.0,0.0,0.0
34,85,8.051753841297316,8.163311519334286,0.0,1.0,0.0,0.0,1.0,0.0
35,85,12.0,6.660299663064043,1.0,0.0,0.0,0.0,1.0,0.0
36,85,4.727952764069386,11.73893619048911,0.0,1.0,1.0,0.0,1.0,1.0
37,85,2.317355434237777,3.4691833446864826,1.0,0.0,0.0,0.0,1.0,1.0
38,85,0.7824798813955584,1.150586339395396,1.0,0.0,1.0,0.0,1.0,0.0
39,85,9.111380519198349,7.37085174575531,0.0,1.0,1.0,1.0,1.0,1.0
0,90,6.78006628601616,2.378219539459472,0.0,1.0,0.0,1.0,0.0,1.0
1,90,6.019121897003291,3.2787597230312757,1.0,0.0,1.0,1.0,1.0,1.0
2,90,12.0,12.0,0.0,0.0,0.0,0.0,0.0,0.0
3,90,0.0882925887857115,9.247623243535472,0.0,0.0,1.0,0.0,0.0,0.0
4,90,2.880322170564864,0.0820150872437285,0.0,0.0,1.0,0.0,1.0,0.0
5,90,8.026409645788414,7.071485148254648,1.0,1.0,0.0,0.0,0.0,0.0
6,90,2.6157353140505126,5.182960301685857,1.0,0.0,1.0,0.0,1.0,1.0
7,90,11.320015369541167,9.869533160872878,0.0,0.0,0.0,0.0,1.0,0.0
8,90,0.3768321562434613,8.230422687716064,0.0,0.0,1.0,1.0,0.0,1.0
9,90,6.374945986967837,6.885203160639739,1.0,0.0,0.0,1.0,0.0,0.0
10,90,1.9546081679938097,6.310296840598462,0.0,1.0,1.0,0.0,0.0,0.0
11,90,10.0049888350491,2.941206589930886,0.0,0.0,0.0,0.0,1.0,1.0
12,90,1.3087425285616427,9.334422993815584,0.0,0.0,0.0,0.0,0.0,0.0
13,90,6.990966688167466,8.32728746715952,0.0,1.0,0.0,1.0,1.0,0.0
14,90,10.010640822822644,4.284804279401027,1.0,0.0,0.0,1.0,0.0,0.0
15,90,5.675908745066796,8.442645663044829,0.0,0.0,0.0,0.0,1.0,0.0
16,90,4.165583520009335,9.951467928429722,1.0,0.0,0.0,0.0,1.0,0.0
17,90,1.0443235530399946,0.590650273060233,1.0,0.0,0.0,1.0,0.0,0.0
18,90,6.444907658319407,1.3553120466433095,0.0,0.0,0.0,0.0,0.0,0.0
19,90,1.6710594516066843,5.745869569772154,0.0,0.0,1.0,1.0,0.0,0.0
20,90,3.4515645989376784,9.566008116103054,0.0,0.0,0.0,0.0,0.0,0.0
21,90,1.0419476129131142,7.673375284552003,0.0,0.0,0.0,0.0,1.0,1.0
22,90,4.013998252590048,4.988946678808361,0.0,0.0,0.0,0.0,0.0,0.0
23,90,3.3607935790511654,1.446436663596124,0.0,1.0,1.0,1.0,0.0,1.0
24,90,8.515100022002443,1.4860610095277589,1.0,1.0,1.0,1.0,0.0,0.0
25,90,9.746561240175124,4.74992005791035,0.0,1.0,0.0,0.0,1.0,1.0
26,90,2.210930836604649,9.5755942454153,0.0,0.0,0.0,1.0,1.0,1.0
27,90,2.5799130826357826,5.652309914769332,0.0,0.0,0.0,1.0,0.0,1.0
28,90,6.107570911973151,10.43262979147577,0.0,0.0,0.0,0.0,0.0,0.0
29,90,8.309458062884262,7.766654729283593,1.0,0.0,0.0,0.0,0.0,0.0
30,90,6.138695171896355,5.741902190675919,1.0,1.0,0.0,0.0,1.0,1.0
31,90,8.957775277940334,6.127580461931511,1.0,1.0,1.0,1.0,0.0,0.0
32,90,0.0325913396133305,5.2799736097989065,0.0,0.0,0.0,1.0,0.0,0.0
33,90,2.192904643272072,1.905974979677404,0.0,1.0,0.0,0.0,0.0,0.0
34,90,7.98189032587988,8.223261160972225,0.0,1.0,0.0,0.0,1.0,0.0
35,90,12.0,6.640552445541689,1.0,0.0,0.0,0.0,1.0,0.0
36,90,4.741486143280064,11.752414746599698,0.0,1.0,1.0,0.0,1.0,1.0
37,90,2.33658479063528,3.476690653051869,1.0,0.0,0.0,0.0,1.0,1.0
38,90,0.8278331300245886,1.1161947812392006,1.0,0.0,1.0,0.0,1.0,0.0
39,90,8.957757552795684,7.323920352894577,0.0,1.0,1.0,1.0,1.0,1.0
0,95,6.772418001214263,2.353659365665978,0.0,1.0,0.0,1.0,0.0,1.0
1,95,5.9837700102317495,3.29085545153195,1.0,0.0,1.0,1.0,1.0,1.0
2,95,12.0,12.0,0.0,0.0,0.0,0.0,0.0,0.0
3,95,0.0289747569603048,9.337096978092273,0.0,0.0,1.0,0.0,0.0,0.0
4,95,2.8657564799009907,0.0915529505078373,0.0,0.0,1.0,0.0,1.0,0.0
5,95,8.023424226000506,7.033448043805399,1.0,1.0,0.0,0.0,0.0,0.0
6,95,2.485020316142628,5.092785137405153,1.0,0.0,1.0,0.0,1.0,1.0
7,95,11.37726528461346,9.895916729248764,0.0,0.0,0.0,0.0,1.0,0.0
8,95,0.3307021478598452,8.108411513387292,0.0,0.0,1.0,1.0,0.0,1.0
9,95,6.452134938142069,6.884883800933836,1.0,0.0,0.0,1.0,0.0,0.0
10,95,2.004030898352936,6.387344458619648,0.0,1.0,1.0,0.0,0.0,0.0
11,95,10.06952820729554,2.8658814702873645,0.0,0.0,0.0,0.0,1.0,1.0
12,95,1.40065230874089,9.280543499075874,0.0,0.0,0.0,0.0,0.0,0.0
13,95,7.051607804346377,8.23465120704663,0.0,1.0,0.0,1.0,1.0,0.0
14,95,10.0768880147571,4.303397955497285,1.0,0.0,0.0,1.0,0.0,0.0
15,95,5.708752195175053,8.537707998051035,0.0,0.0,0.0,0.0,1.0,0.0
16,95,4.2020567660377175,9.939585806310731,1.0,0.0,0.0,0.0,1.0,0.0
17,95,0.9340287794475376,0.5623359447237618,1.0,0.0,0.0,1.0,0.0,0.0
18,95,6.403459034028214,1.3805846660398398,0.0,0.0,0.0,0.0,0.0,0.0
19,95,1.530323688428101,5.939380494492769,0.0,0.0,1.0,1.0,0.0,0.0
20,95,3.4265731024304458,9.489258430440849,0.0,0.0,0.0,0.0,0.0,0.0
21,95,1.0735432499958792,7.788835922947258,0.0,0.0,0.0,0.0,1.0,1.0
22,95,3.9798043619001096,5.082069950049053,0.0,0.0,0.0,0.0,0.0,0.0
23,95,3.4978375858606503,1.4974138031663748,0.0,1.0,1.0,1.0,0.0,1.0
24,95,8.362226213966943,1.4030601035741903,1.0,1.0,1.0,1.0,0.0,0.0
25,95,9.82892332773964,4.672478144882657,0.0,1.0,0.0,0.0,1.0,1.0
26,95,2.285396490107938,9.609846757002265,0.0,0.0,0.0,1.0,1.0,1.0
27,95,2.62989636325309,5.617199569014401,0.0,0.0,0.0,1.0,0.0,1.0
28,95,6.112918998629255,10.42942505871561,0.0,0.0,0.0,0.0,0.0,0.0
29,95,8.340102301034255,7.700399856351032,1.0,0.0,0.0,0.0,0.0,0.0
30,95,6.163710447974144,5.741224590196695,1.0,1.0,0.0,0.0,1.0,1.0
31,95,8.967646872535369,6.098333675018324,1.0,1.0,1.0,1.0,0.0,0.0
32,95,0.0332380162973445,5.289245785475768,0.0,0.0,0.0,1.0,0.0,0.0
33,95,2.167355552459032,1.8674003796813456,0.0,1.0,0.0,0.0,0.0,0.0
34,95,7.900919751419424,8.287539991089314,0.0,1.0,0.0,0.0,1.0,0.0
35,95,12.0,6.622680820212943,1.0,0.0,0.0,0.0,1.0,0.0
36,95,4.74943730506806,11.76051321623612,0.0,1.0,1.0,0.0,1.0,1.0
37,95,2.358845203043113,3.485312852186341,1.0,0.0,0.0,0.0,1.0,1.0
38,95,0.864420143862126,1.0901373600606497,1.0,0.0,1.0,0.0,1.0,0.0
39,95,8.783861738640145,7.272057385444392,0.0,1.0,1.0,1.0,1.0,1.0
0,100,6.757899820567144,2.305663133072368,0.0,1.0,0.0,1.0,0.0,1.0
1,100,5.949904845286471,3.302850950197056,1.0,0.0,1.0,1.0,1.0,1.0
2,100,12.0,12.0,0.0,0.0,0.0,0.0,0.0,0.0
3,100,0.0,9.418438293756068,0.0,0.0,1.0,0.0,0.0,0.0
4,100,2.8412225505312776,0.1085373644633945,0.0,0.0,1.0,0.0,1.0,0.0
5,100,8.021501875954833,7.014182997408646,1.0,1.0,0.0,0.0,0.0,0.0
6,100,2.347763445819877,4.998070458165157,1.0,0.0,1.0,0.0,1.0,1.0
7,100,11.438207825651665,9.924659567450156,0.0,0.0,0.0,0.0,1.0,0.0
8,100,0.289768964937115,8.00315943532241,0.0,0.0,1.0,1.0,0.0,1.0
9,100,6.536844666572249,6.886703399526291,1.0,0.0,0.0,1.0,0.0,0.0
10,100,2.051685941833852,6.462239440348079,0.0,1.0,1.0,0.0,0.0,0.0
11,100,10.13717333419184,2.784440066157356,0.0,0.0,0.0,0.0,1.0,1.0
12,100,1.3578814678757458,9.206634422947078,0.0,0.0,0.0,0.0,0.0,0.0
13,100,7.1081109291093085,8.150016870982517,0.0,1.0,0.0,1.0,1.0,0.0
14,100,10.127473909337644,4.318307825105043,1.0,0.0,0.0,1.0,0.0,0.0
15,100,5.740002305976999,8.62131223730314,0.0,0.0,0.0,0.0,1.0,0.0
16,100,4.25869668448524,9.92244384498916,1.0,0.0,0.0,0.0,1.0,0.0
17,100,0.8210375207613979,0.5364302511041753,1.0,0.0,0.0,1.0,0.0,0.0
18,100,6.339057079640282,1.4201331351678927,0.0,0.0,0.0,0.0,0.0,0.0
19,100,1.3686090504923245,6.163960295444929,0.0,0.0,1.0,1.0,0.0,0.0
20,100,3.4004835045973314,9.409778731152056,0.0,0.0,0.0,0.0,0.0,0.0
21,100,1.1012067330632025,7.876218720977169,0.0,0.0,0.0,0.0,1.0,1.0
22,100,3.938526973408099,5.191095504494957,0.0,0.0,0.0,0.0,0.0,0.0
23,100,3.6508217980846434,1.5565488792802826,0.0,1.0,1.0,1.0,0.0,1.0
24,100,8.207779937836952,1.317821095454941,1.0,1.0,1.0,1.0,0.0,0.0
25,100,9.912746317599082,4.601720528473103,0.0,1.0,0.0,0.0,1.0,1.0
26,100,2.352221058339796,9.639563077736664,0.0,0.0,0.0,1.0,1.0,1.0
27,100,2.6856772710488364,5.577060051072798,0.0,0.0,0.0,1.0,0.0,1.0
28,100,6.107217433610444,10.433040314488288,0.0,0.0,0.0,0.0,0.0,0.0
29,100,8.369077826270898,7.638832612958921,1.0,0.0,0.0,0.0,0.0,0.0
30,100,6.178311398883004,5.7412659769801175,1.0,1.0,0.0,0.0,1.0,1.0
31,100,8.971450918857249,6.08757300398999,1.0,1.0,1.0,1.0,0.0,0.0
32,100,0.0353053925744869,5.311693523599929,0.0,0.0,0.0,1.0,0.0,0.0
33,100,2.136668909968372,1.8191986705572207,0.0,1.0,0.0,0.0,0.0,0.0
34,100,7.810082582575117,8.359390156692886,0.0,1.0,0.0,0.0,1.0,0.0
35,100,12.0,6.607796451183716,1.0,0.0,0.0,0.0,1.0,0.0
36,100,4.757805924051238,11.768901447299934,0.0,1.0,1.0,0.0,1.0,1.0
37,100,2.38177841998249,3.4938278199767163,1.0,0.0,0.0,0.0,1.0,1.0
38,100,0.9039037742672176,1.0611698461245946,1.0,0.0,1.0,0.0,1.0,0.0
39,100,8.622020018106442,7.226186871233156,0.0,1.0,1.0,1.0,1.0,1.0
0,105,6.748446581482072,2.2746394793597053,0.0,1.0,0.0,1.0,0.0,1.0
1,105,5.911002675274986,3.3152481132788987,1.0,0.0,1.0,1.0,1.0,1.0
2,105,12.0,12.0,0.0,0.0,0.0,0.0,0.0,0.0
3,105,0.0,9.493051869759377,0.0,0.0,1.0,0.0,0.0,0.0
4,105,2.791428824082793,0.1437144935601656,0.0,0.0,1.0,0.0,1.0,0.0
5,105,8.021642454282476,7.015453309974935,1.0,1.0,0.0,0.0,0.0,0.0
6,105,2.211228405302214,4.901335596741793,1.0,0.0,1.0,0.0,1.0,1.0
7,105,11.508356673422847,9.957238246645536,0.0,0.0,0.0,0.0,1.0,0.0
8,105,0.2568339188165291,7.92235652201495,0.0,0.0,1.0,1.0,0.0,1.0
9,105,6.626515834889137,6.884569758319009,1.0,0.0,0.0,1.0,0.0,0.0
10,105,2.0911839003854547,6.522939040367556,0.0,1.0,1.0,0.0,0.0,0.0
11,105,10.206889342065285,2.7047544100648744,0.0,0.0,0.0,0.0,1.0,1.0
12,105,1.3200026081978102,9.141874258749402,0.0,0.0,0.0,0.0,0.0,0.0
13,105,7.169722484483375,8.053916407694102,0.0,1.0,0.0,1.0,1.0,0.0
14,105,10.181318663404817,4.334129725398983,1.0,0.0,0.0,1.0,0.0,0.0
15,105,5.765019957810406,8.677362904411648,0.0,0.0,0.0,0.0,1.0,0.0
16,105,4.332793486458587,9.9005706901403,1.0,0.0,0.0,0.0,1.0,0.0
17,105,0.7022791360671753,0.5118794554160724,1.0,0.0,0.0,1.0,0.0,0.0
18,105,6.267150081135719,1.4639160087867813,0.0,0.0,0.0,0.0,0.0,0.0
19,105,1.198231930564486,6.413764629736823,0.0,0.0,1.0,1.0,0.0,0.0
20,105,3.373317070370591,9.317367963401695,0.0,0.0,0.0,0.0,0.0,0.0
21,105,1.123791198536979,7.953286610361449,0.0,0.0,0.0,0.0,1.0,1.0
22,105,3.8976397080990473,5.292589441094662,0.0,0.0,0.0,0.0,0.0,0.0
23,105,3.800031439905438,1.6138046189055009,0.0,1.0,1.0,1.0,0.0,1.0
24,105,8.048283880291606,1.2226853526202164,1.0,1.0,1.0,1.0,0.0,0.0
25,105,10.000575909474843,4.526453957794889,0.0,1.0,0.0,0.0,1.0,1.0
26,105,2.410994776532396,9.664870000222663,0.0,0.0,0.0,1.0,1.0,1.0
27,105,2.7402912914775635,5.539836108129014,0.0,0.0,0.0,1.0,0.0,1.0
28,105,6.095428641916219,10.440415010596343,0.0,0.0,0.0,0.0,0.0,0.0
29,105,8.386480712296644,7.601977820148172,1.0,0.0,0.0,0.0,0.0,0.0
30,105,6.211630355451632,5.74148774246693,1.0,1.0,0.0,0.0,1.0,1.0
31,105,8.974315977194085,6.079070520758714,1.0,1.0,1.0,1.0,0.0,0.0
32,105,0.0341233520235438,5.3004013476605065,0.0,0.0,0.0,1.0,0.0,0.0
33,105,2.1057528902504354,1.7696309611963563,0.0,1.0,0.0,0.0,0.0,0.0
34,105,7.707030243866859,8.437775930279123,0.0,1.0,0.0,0.0,1.0,0.0
35,105,12.0,6.592341423464456,1.0,0.0,0.0,0.0,1.0,0.0
36,105,4.771621927261172,11.782881900296443,0.0,1.0,1.0,0.0,1.0,1.0
37,105,2.419534804309708,3.5088352532628524,1.0,0.0,0.0,0.0,1.0,1.0
38,105,0.9291757244482328,1.042556960913348,1.0,0.0,1.0,0.0,1.0,0.0
39,105,8.449679988785089,7.179334008050013,0.0,1.0,1.0,1.0,1.0,1.0
0,110,6.7368760615638505,2.237653873757427,0.0,1.0,0.0,1.0,0.0,1.0
1,110,5.873070071892019,3.3272681147233363,1.0,0.0,1.0,1.0,1.0,1.0
2,110,12.0,12.0,0.0,0.0,0.0,0.0,0.0,0.0
3,110,0.0,9.556228390693729,0.0,0.0,1.0,0.0,0.0,0.0
4,110,2.7325942841799225,0.1861176052924674,0.0,0.0,1.0,0.0,1.0,0.0
5,110,8.021119849723062,7.011097696350823,1.0,1.0,0.0,0.0,0.0,0.0
6,110,2.063698338333141,4.803011395562495,1.0,0.0,1.0,0.0,1.0,1.0
7,110,11.57673437829762,9.989943813075577,0.0,0.0,0.0,0.0,1.0,0.0
8,110,0.2191185653573456,7.828107329284021,0.0,0.0,1.0,1.0,0.0,1.0
9,110,6.720107373605609,6.882191322244966,1.0,0.0,0.0,1.0,0.0,0.0
10,110,2.141163609973021,6.605404925998446,0.0,1.0,1.0,0.0,0.0,0.0
11,110,10.290601562698606,2.609177395158731,0.0,0.0,0.0,0.0,1.0,1.0
12,110,1.2837461661565968,9.081819668754475,0.0,0.0,0.0,0.0,0.0,0.0
13,110,7.231937595147764,7.962336540671438,0.0,1.0,0.0,1.0,1.0,0.0
14,110,10.23672158526597,4.349500939163499,1.0,0.0,0.0,1.0,0.0,0.0
15,110,5.787010594560892,8.727538284231676,0.0,0.0,0.0,0.0,1.0,0.0
16,110,4.4133511031577966,9.875683654085872,1.0,0.0,0.0,0.0,1.0,0.0
17,110,0.6106055277314049,0.4927513856548482,1.0,0.0,0.0,1.0,0.0,0.0
18,110,6.194595186432637,1.5089002607900317,0.0,0.0,0.0,0.0,0.0,0.0
19,110,1.0191261684452295,6.677243305408517,0.0,0.0,1.0,1.0,0.0,0.0
20,110,3.3481250670143288,9.225241707003928,0.0,0.0,0.0,0.0,0.0,0.0
21,110,1.150607142653312,8.053063873170546,0.0,0.0,0.0,0.0,1.0,1.0
22,110,3.8597397720586986,5.378332030893129,0.0,0.0,0.0,0.0,0.0,0.0
23,110,3.963560154277976,1.674718061844432,0.0,1.0,1.0,1.0,0.0,1.0
24,110,7.913791482993706,1.141008729477858,1.0,1.0,1.0,1.0,0.0,0.0
25,110,10.081997690391525,4.460063929415265,0.0,1.0,0.0,0.0,1.0,1.0
26,110,2.483555687615494,9.697761488264682,0.0,0.0,0.0,1.0,1.0,1.0
27,110,2.7979920452490816,5.499377959956238,0.0,0.0,0.0,1.0,0.0,1.0
28,110,6.085950232322252,10.446783063157143,0.0,0.0,0.0,0.0,0.0,0.0
29,110,8.405730949896123,7.562409838871441,1.0,0.0,0.0,0.0,0.0,0.0
30,110,6.234509593931564,5.741307356659591,1.0,1.0,0.0,0.0,1.0,1.0
31,110,8.977052479646893,6.070739756091788,1.0,1.0,1.0,1.0,0.0,0.0
32,110,0.0332870985136474,5.292812961011667,0.0,0.0,0.0,1.0,0.0,0.0
33,110,2.075135914636562,1.7194882447975963,0.0,1.0,0.0,0.0,0.0,0.0
34,110,7.613973043379636,8.50918337215217,0.0,1.0,0.0,0.0,1.0,0.0
35,110,12.0,6.577214257258658,1.0,0.0,0.0,0.0,1.0,0.0
36,110,4.766101846150127,11.77746166736043,0.0,1.0,1.0,0.0,1.0,1.0
37,110,2.454912286944945,3.523558377345755,1.0,0.0,0.0,0.0,1.0,1.0
38,110,0.9465359846191967,1.030360240793069,1.0,0.0,1.0,0.0,1.0,0.0
39,110,8.271632607276434,7.132098934044764,0.0,1.0,1.0,1.0,1.0,1.0
0,115,6.729274273228519,2.214301070539728,0.0,1.0,0.0,1.0,0.0,1.0
1,115,5.857379837437542,3.3320604406826195,1.0,0.0,1.0,1.0,1.0,1.0
2,115,12.0,12.0,0.0,0.0,0.0,0.0,0.0,0.0
3,115,0.0,9.645417946008076,0.0,0.0,1.0,0.0,0.0,0.0
4,115,2.681859744509775,0.2222548751428679,0.0,0.0,1.0,0.0,1.0,0.0
5,115,8.02032312715147,7.00377615124594,1.0,1.0,0.0,0.0,0.0,0.0
6,115,1.9212745955142856,4.7067476737207325,1.0,0.0,1.0,0.0,1.0,1.0
7,115,11.65566490652336,10.030275419172636,0.0,0.0,0.0,0.0,1.0,0.0
8,115,0.173938547417105,7.7115519453333725,0.0,0.0,1.0,1.0,0.0,1.0
9,115,6.795027899615268,6.881281091486835,1.0,0.0,0.0,1.0,0.0,0.0
10,115,2.199768662959598,6.708874479596995,0.0,1.0,1.0,0.0,0.0,0.0
11,115,10.37113894603626,2.5211971714180343,0.0,0.0,0.0,0.0,1.0,1.0
12,115,1.2419476911254337,9.014386707563004,0.0,0.0,0.0,0.0,0.0,0.0
13,115,7.29281520282641,7.871140998660008,0.0,1.0,0.0,1.0,1.0,0.0
14,115,10.274874344128552,4.3595389511444775,1.0,0.0,0.0,1.0,0.0,0.0
15,115,5.727801021636441,8.755102832193819,0.0,0.0,0.0,0.0,1.0,0.0
16,115,4.511620692937556,9.849886314114052,1.0,0.0,0.0,0.0,1.0,0.0
17,115,0.5090791486829457,0.4687016372120569,1.0,0.0,0.0,1.0,0.0,0.0
18,115,6.120866641077125,1.5564729329541631,0.0,0.0,0.0,0.0,0.0,0.0
19,115,0.835414434162288,6.945986943798427,0.0,0.0,1.0,1.0,0.0,0.0
20,115,3.3209256285899205,9.130621729145128,0.0,0.0,0.0,0.0,0.0,0.0
21,115,1.1820274275982767,8.162256299569478,0.0,0.0,0.0,0.0,1.0,1.0
22,115,3.830197347284305,5.454001442070668,0.0,0.0,0.0,0.0,0.0,0.0
23,115,4.1205805194342,1.733657690431751,0.0,1.0,1.0,1.0,0.0,1.0
24,115,7.781987646548146,1.0634587732729257,1.0,1.0,1.0,1.0,0.0,0.0
25,115,10.16066552363093,4.399203928116978,0.0,1.0,0.0,0.0,1.0,1.0
26,115,2.568295886927256,9.738382177610662,0.0,0.0,0.0,1.0,1.0,1.0
27,115,2.84542731683415,5.465842750410073,0.0,0.0,0.0,1.0,0.0,1.0
28,115,6.066590612686684,10.459356776925304,0.0,0.0,0.0,0.0,0.0,0.0
29,115,8.450770654249014,7.584462046682236,1.0,0.0,0.0,0.0,0.0,0.0
30,115,6.26823209422263,5.740991483296125,1.0,1.0,0.0,0.0,1.0,1.0
31,115,8.981291293570553,6.0583754045903735,1.0,1.0,1.0,1.0,0.0,0.0
32,115,0.0336127967200472,5.296082381618524,0.0,0.0,0.0,1.0,0.0,0.0
33,115,2.0549680414674127,1.6880646961323829,0.0,1.0,0.0,0.0,0.0,0.0
34,115,7.513669342180547,8.587375013995215,0.0,1.0,0.0,0.0,1.0,0.0
35,115,12.0,6.559492204613417,1.0,0.0,0.0,0.0,1.0,0.0
36,115,4.762575104489836,11.77396426172453,0.0,1.0,1.0,0.0,1.0,1.0
37,115,2.484456438293246,3.5361212846497088,1.0,0.0,0.0,0.0,1.0,1.0
38,115,0.974650308370241,1.009673849940885,1.0,0.0,1.0,0.0,1.0,0.0
39,115,8.099315042850426,7.084551077952008,0.0,1.0,1.0,1.0,1.0,1.0
0,120,6.718030401644106,2.178351451531768,0.0,1.0,0.0,1.0,0.0,1.0
1,120,5.818743973852835,3.3441400671251325,1.0,0.0,1.0,1.0,1.0,1.0
2,120,12.0,12.0,0.0,0.0,0.0,0.0,0.0,0.0
3,120,0.0,9.734756733920864,0.0,0.0,1.0,0.0,0.0,0.0
4,120,2.6462185970484566,0.2497861451084127,0.0,0.0,1.0,0.0,1.0,0.0
5,120,8.02105893095847,7.010732940555696,1.0,1.0,0.0,0.0,0.0,0.0
6,120,1.784747069065574,4.613804501262288,1.0,0.0,1.0,0.0,1.0,1.0
7,120,11.728532042857765,10.066846685751848,0.0,0.0,0.0,0.0,1.0,0.0
8,120,0.1326229359127972,7.604890275245176,0.0,0.0,1.0,1.0,0.0,1.0
9,120,6.851064923812451,6.8805242824117405,1.0,0.0,0.0,1.0,0.0,0.0
10,120,2.2556413385699026,6.805022334758863,0.0,1.0,1.0,0.0,0.0,0.0
11,120,10.441330108056144,2.44817707159595,0.0,0.0,0.0,0.0,1.0,1.0
12,120,1.2015854234286178,8.95007715154404,0.0,0.0,0.0,0.0,0.0,0.0
13,120,7.362748144410061,7.766068725927635,0.0,1.0,0.0,1.0,1.0,0.0
14,120,10.315620086435338,4.369858162441518,1.0,0.0,0.0,1.0,0.0,0.0
15,120,5.660251423786501,8.786462484699184,0.0,0.0,0.0,0.0,1.0,0.0
16,120,4.610465858645092,9.822885811057487,1.0,0.0,0.0,0.0,1.0,0.0
17,120,0.4003220755701318,0.4440945679960249,1.0,0.0,0.0,1.0,0.0,0.0
18,120,6.062598680219657,1.5928134304920374,0.0,0.0,0.0,0.0,0.0,0.0
19,120,0.658910707197413,7.207115307858171,0.0,0.0,1.0,1.0,0.0,0.0
20,120,3.2926326928814045,9.021314853050503,0.0,0.0,0.0,0.0,0.0,0.0
21,120,1.2115036651988484,8.263234926456185,0.0,0.0,0.0,0.0,1.0,1.0
22,120,3.795529207951961,5.545043835342887,0.0,0.0,0.0,0.0,0.0,0.0
23,120,4.302754386570735,1.8020398010387937,0.0,1.0,1.0,1.0,0.0,1.0
24,120,7.655715109963392,0.9947876670975596,1.0,1.0,1.0,1.0,0.0,0.0
25,120,10.248411245515848,4.332189571623364,0.0,1.0,0.0,0.0,1.0,1.0
26,120,2.6620918536882114,9.785031179926206,0.0,0.0,0.0,1.0,1.0,1.0
27,120,2.90504038369235,5.424989055852596,0.0,0.0,0.0,1.0,0.0,1.0
28,120,6.052351245280844,10.468388378713769,0.0,0.0,0.0,0.0,0.0,0.0
29,120,8.49772336029623,7.607956816447829,1.0,0.0,0.0,0.0,0.0,0.0
30,120,6.283918040338837,5.7409563359676925,1.0,1.0,0.0,0.0,1.0,1.0
31,120,8.991923413353911,6.026608439604238,1.0,1.0,1.0,1.0,0.0,0.0
32,120,0.0346344628083101,5.304968919481045,0.0,0.0,0.0,1.0,0.0,0.0
33,120,2.0430706848540576,1.6699824900063411,0.0,1.0,0.0,0.0,0.0,0.0
34,120,7.403107916159043,8.670040268121756,0.0,1.0,0.0,0.0,1.0,0.0
35,120,12.0,6.5356597924557125,1.0,0.0,0.0,0.0,1.0,0.0
36,120,4.771596229087156,11.76452789547906,0.0,1.0,1.0,0.0,1.0,1.0
37,120,2.531154543307497,3.556023879110762,1.0,0.0,0.0,0.0,1.0,1.0
38,120,0.9952413609028364,0.993477183150356,1.0,0.0,1.0,0.0,1.0,0.0
39,120,7.910067739905164,7.031948944549991,0.0,1.0,1.0,1.0,1.0,1.0
0,125,6.705164617322042,2.1367800438760125,0.0,1.0,0.0,1.0,0.0,1.0
1,125,5.786787938122945,3.352804475808643,1.0,0.0,1.0,1.0,1.0,1.0
2,125,12.0,12.0,0.0,0.0,0.0,0.0,0.0,0.0
3,125,0.0,9.845304486315955,0.0,0.0,1.0,0.0,0.0,0.0
4,125,2.626554405861921,0.2649596693155704,0.0,0.0,1.0,0.0,1.0,0.0
5,125,8.021612413098406,7.01634003103705,1.0,1.0,0.0,0.0,0.0,0.0
6,125,1.647966932411751,4.517730212188851,1.0,0.0,1.0,0.0,1.0,1.0
7,125,11.789295536419464,10.098675815130417,0.0,0.0,0.0,0.0,1.0,0.0
8,125,0.094567750419154,7.511387660021191,0.0,0.0,1.0,1.0,0.0,1.0
9,125,6.88683185836929,6.879781166456359,1.0,0.0,0.0,1.0,0.0,0.0
10,125,2.310320278255232,6.8997137015421535,0.0,1.0,1.0,0.0,0.0,0.0
11,125,10.507700588311245,2.377394983947531,0.0,0.0,0.0,0.0,1.0,1.0
12,125,1.1507029811817893,8.869604605798193,0.0,0.0,0.0,0.0,0.0,0.0
13,125,7.431427923936883,7.666797064524468,0.0,1.0,0.0,1.0,1.0,0.0
14,125,10.370343902788978,4.385413107290685,1.0,0.0,0.0,1.0,0.0,0.0
15,125,5.5824787941292096,8.82298012680137,0.0,0.0,0.0,0.0,1.0,0.0
16,125,4.70219495094628,9.796723902117694,1.0,0.0,0.0,0.0,1.0,0.0
17,125,0.2759872437926433,0.4179939254734983,1.0,0.0,0.0,1.0,0.0,0.0
18,125,6.008906184482323,1.6271349369581851,0.0,0.0,0.0,0.0,0.0,0.0
19,125,0.4815425341883332,7.486041789884904,0.0,0.0,1.0,1.0,0.0,0.0
20,125,3.265582474476323,8.918117659333365,0.0,0.0,0.0,0.0,0.0,0.0
21,125,1.2410062374101392,8.37596832832463,0.0,0.0,0.0,0.0,1.0,1.0
22,125,3.754943002234028,5.644064233276121,0.0,0.0,0.0,0.0,0.0,0.0
23,125,4.49201505448111,1.873757514810163,0.0,1.0,1.0,1.0,0.0,1.0
24,125,7.535148077311958,0.923689389497779,1.0,1.0,1.0,1.0,0.0,0.0
25,125,10.35474500878604,4.250571423554868,0.0,1.0,0.0,0.0,1.0,1.0
26,125,2.772664402981297,9.840656045925398,0.0,0.0,0.0,1.0,1.0,1.0
27,125,2.941896107803452,5.401019596249244,0.0,0.0,0.0,1.0,0.0,1.0
28,125,6.042036213757839,10.475556345456951,0.0,0.0,0.0,0.0,0.0,0.0
29,125,8.551831044423839,7.634312444829729,1.0,0.0,0.0,0.0,0.0,0.0
30,125,6.291202129403477,5.741118136515178,1.0,1.0,0.0,0.0,1.0,1.0
31,125,9.004313404802394,5.986776985154061,1.0,1.0,1.0,1.0,0.0,0.0
32,125,0.0336267493851922,5.296269323746818,0.0,0.0,0.0,1.0,0.0,0.0
33,125,2.0439004202667475,1.6712778832843187,0.0,1.0,0.0,0.0,0.0,0.0
34,125,7.287051115865101,8.757747580485754,0.0,1.0,0.0,0.0,1.0,0.0
35,125,12.0,6.510191267000261,1.0,0.0,0.0,0.0,1.0,0.0
36,125,4.771674562731751,11.7644423611901,0.0,1.0,1.0,0.0,1.0,1.0
37,125,2.601044854334366,3.5853916050167736,1.0,0.0,0.0,0.0,1.0,1.0
38,125,1.0318160992698668,0.9662150162347084,1.0,0.0,1.0,0.0,1.0,0.0
39,125,7.702468433708581,6.972072865195472,0.0,1.0,1.0,1.0,1.0,1.0
0,130,6.693238331295599,2.0973503186922287,0.0,1.0,0.0,1.0,0.0,1.0
1,130,5.764254054182113,3.3591912001703474,1.0,0.0,1.0,1.0,1.0,1.0
2,130,12.0,12.0,0.0,0.0,0.0,0.0,0.0,0.0
3,130,0.0,9.963299940080557,0.0,0.0,1.0,0.0,0.0,0.0
4,130,2.62459080203859,0.2665092296201586,0.0,0.0,1.0,0.0,1.0,0.0
5,130,8.020845684759502,7.009744916834481,1.0,1.0,0.0,0.0,0.0,0.0
6,130,1.5290875675872475,4.428805189944233,1.0,0.0,1.0,0.0,1.0,1.0
7,130,11.85173326692223,10.130969628404776,0.0,0.0,0.0,0.0,1.0,0.0
8,130,0.0571552898193672,7.411176829305525,0.0,0.0,1.0,1.0,0.0,1.0
9,130,6.908198030342106,6.878855375403056,1.0,0.0,0.0,1.0,0.0,0.0
10,130,2.367365327452907,6.996403148746079,0.0,1.0,1.0,0.0,0.0,0.0
11,130,10.568777821525432,2.311131415468078,0.0,0.0,0.0,0.0,1.0,1.0
12,130,1.0988840719809452,8.787409031662786,0.0,0.0,0.0,0.0,0.0,0.0
13,130,7.49921818466434,7.566748737858706,0.0,1.0,0.0,1.0,1.0,0.0
14,130,10.451837921220193,4.40984220822141,1.0,0.0,0.0,1.0,0.0,0.0
15,130,5.490836472233504,8.865495377044533,0.0,0.0,0.0,0.0,1.0,0.0
16,130,4.794968337428069,9.765341103018036,1.0,0.0,0.0,0.0,1.0,0.0
17,130,0.1380808914619833,0.395702681902272,1.0,0.0,0.0,1.0,0.0,0.0
18,130,5.964434689521508,1.6542022003504688,0.0,0.0,0.0,0.0,0.0,0.0
19,130,0.3068124161104881,7.77477605172603,0.0,0.0,1.0,1.0,0.0,0.0
20,130,3.23730440514605,8.805995447614885,0.0,0.0,0.0,0.0,0.0,0.0
21,130,1.2771981987883505,8.510379990233854,0.0,0.0,0.0,0.0,1.0,1.0
22,130,3.719063653609694,5.730769827909244,0.0,0.0,0.0,0.0,0.0,0.0
23,130,4.671971631376353,1.9442737731126765,0.0,1.0,1.0,1.0,0.0,1.0
24,130,7.415452561580158,0.8471560037711521,1.0,1.0,1.0,1.0,0.0,0.0
25,130,10.46628660929108,4.164040637732774,0.0,1.0,0.0,0.0,1.0,1.0
26,130,2.904637083912262,9.909860777496032,0.0,0.0,0.0,1.0,1.0,1.0
27,130,2.978822960305413,5.377402121510046,0.0,0.0,0.0,1.0,0.0,1.0
28,130,6.035604753711228,10.480114861438976,0.0,0.0,0.0,0.0,0.0,0.0
29,130,8.603218234917207,7.657712226885293,1.0,0.0,0.0,0.0,0.0,0.0
30,130,6.328030624707081,5.741306193509171,1.0,1.0,0.0,0.0,1.0,1.0
31,130,9.01133748451315,5.964300249333578,1.0,1.0,1.0,1.0,0.0,0.0
32,130,0.0308804180172442,5.275323107527237,0.0,0.0,0.0,1.0,0.0,0.0
33,130,2.0413595565932177,1.6671460659935506,0.0,1.0,0.0,0.0,0.0,0.0
34,130,7.178549210816271,8.838761953983324,0.0,1.0,0.0,0.0,1.0,0.0
35,130,12.0,6.485467298669336,1.0,0.0,0.0,0.0,1.0,0.0
36,130,4.78058237840287,11.772376165272716,0.0,1.0,1.0,0.0,1.0,1.0
37,130,2.656184867271244,3.6091717397539207,1.0,0.0,0.0,0.0,1.0,1.0
38,130,1.0729046546055307,0.936827265896846,1.0,0.0,1.0,0.0,1.0,0.0
39,130,7.499107326907742,6.914633542807902,0.0,1.0,1.0,1.0,1.0,1.0
0,135,6.683059631195168,2.062223302902957,0.0,1.0,0.0,1.0,0.0,1.0
1,135,5.743147006934499,3.366056820642133,1.0,0.0,1.0,1.0,1.0,1.0
2,135,12.0,12.0,0.0,0.0,0.0,0.0,0.0,0.0
3,135,0.0,10.081710818523106,0.0,0.0,1.0,0.0,0.0,0.0
4,135,2.5995697012037176,0.2866708573850638,0.0,0.0,1.0,0.0,1.0,0.0
5,135,8.019695799266822,6.997930779484888,1.0,1.0,0.0,0.0,0.0,0.0
6,135,1.4137661256816236,4.343206514932931,1.0,0.0,1.0,0.0,1.0,1.0
7,135,11.92333754671934,10.167147022276298,0.0,0.0,0.0,0.0,1.0,0.0
8,135,0.0165619028493253,7.307258912252617,0.0,0.0,1.0,1.0,0.0,1.0
9,135,6.949076138143206,6.876572517320805,1.0,0.0,0.0,1.0,0.0,0.0
10,135,2.425602089954791,7.092960877508348,0.0,1.0,1.0,0.0,0.0,0.0
11,135,10.62566403256991,2.24698136962958,0.0,0.0,0.0,0.0,1.0,1.0
12,135,1.0481930667905566,8.70488006322792,0.0,0.0,0.0,0.0,0.0,0.0
13,135,7.571597496619187,7.460077507277174,0.0,1.0,0.0,1.0,1.0,0.0
14,135,10.537642850695969,4.4350076005853625,1.0,0.0,0.0,1.0,0.0,0.0
15,135,5.409917539376001,8.902713437626913,0.0,0.0,0.0,0.0,1.0,0.0
16,135,4.875205113277106,9.738603021614864,1.0,0.0,0.0,0.0,1.0,0.0
17,135,0.0004475756059195,0.3746361714533778,1.0,0.0,0.0,1.0,0.0,0.0
18,135,5.932363641945581,1.673590709104898,0.0,0.0,0.0,0.0,0.0,0.0
19,135,0.1313834161386481,8.062735227548403,0.0,0.0,1.0,1.0,0.0,0.0
20,135,3.217184249236632,8.728772455543995,0.0,0.0,0.0,0.0,0.0,0.0
21,135,1.313448830657031,8.645064712758453,0.0,0.0,0.0,0.0,1.0,1.0
22,135,3.681989899848683,5.818942068590166,0.0,0.0,0.0,0.0,0.0,0.0
23,135,4.856882374229376,2.022073312971643,0.0,1.0,1.0,1.0,0.0,1.0
24,135,7.29529998407178,0.7647974106290428,1.0,1.0,1.0,1.0,0.0,0.0
25,135,10.572689078336415,4.079439508376553,0.0,1.0,0.0,0.0,1.0,1.0
26,135,3.019919107697492,9.971848998506252,0.0,0.0,0.0,1.0,1.0,1.0
27,135,3.0048442739289305,5.36065618569473,0.0,0.0,0.0,1.0,0.0,1.0
28,135,6.012913758542551,10.496393236306552,0.0,0.0,0.0,0.0,0.0,0.0
29,135,8.651009688223922,7.679345371108552,1.0,0.0,0.0,0.0,0.0,0.0
30,135,6.370135388072173,5.741319183597406,1.0,1.0,0.0,0.0,1.0,1.0
31,135,9.01943049092518,5.937567893435356,1.0,1.0,1.0,1.0,0.0,0.0
32,135,0.0263647896609871,5.245253466679659,0.0,0.0,0.0,1.0,0.0,0.0
33,135,2.05199224046162,1.6843059665301676,0.0,1.0,0.0,0.0,0.0,0.0
34,135,7.072802122600354,8.919302760424552,0.0,1.0,0.0,0.0,1.0,0.0
35,135,12.0,6.455586579587169,1.0,0.0,0.0,0.0,1.0,0.0
36,135,4.793319188615737,11.784367037249943,0.0,1.0,1.0,0.0,1.0,1.0
37,135,2.720650193192868,3.635608244791577,1.0,0.0,0.0,0.0,1.0,1.0
38,135,1.1275121112842306,0.8988264502398695,1.0,0.0,1.0,0.0,1.0,0.0
39,135,7.311638786340843,6.859157317769537,0.0,1.0,1.0,1.0,1.0,1.0
0,140,6.676746419827233,2.041735955086029,0.0,1.0,0.0,1.0,0.0,1.0
1,140,5.717518364229461,3.3747069299704173,1.0,0.0,1.0,1.0,1.0,1.0
2,140,12.0,12.0,0.0,0.0,0.0,0.0,0.0,0.0
3,140,0.0,10.180675957696424,0.0,0.0,1.0,0.0,0.0,0.0
4,140,2.575191953453236,0.3059157008114928,0.0,0.0,1.0,0.0,1.0,0.0
5,140,8.019707257423427,6.998040181825631,1.0,1.0,0.0,0.0,0.0,0.0
6,140,1.5138325134390138,4.208301343281861,1.0,0.0,1.0,0.0,1.0,1.0
7,140,11.985022273805736,10.196450750202162,0.0,0.0,0.0,0.0,1.0,0.0
8,140,0.0,7.204947545314722,0.0,0.0,1.0,1.0,0.0,1.0
9,140,7.017201454767213,6.872682711218582,1.0,0.0,0.0,1.0,0.0,0.0
10,140,2.4944502492570595,7.203552397704925,0.0,1.0,1.0,0.0,0.0,0.0
11,140,10.68381900447528,2.180733007664148,0.0,0.0,0.0,0.0,1.0,1.0
12,140,0.979950892019286,8.59520241791737,0.0,0.0,0.0,0.0,0.0,0.0
13,140,7.664802520377688,7.330513934121333,0.0,1.0,0.0,1.0,1.0,0.0
14,140,10.632959362414102,4.4646089378942175,1.0,0.0,0.0,1.0,0.0,0.0
15,140,5.326060115798981,8.940147188211935,0.0,0.0,0.0,0.0,1.0,0.0
16,140,4.969912586994668,9.70684487486842,1.0,0.0,0.0,0.0,1.0,0.0
17,140,0.0,0.3545002005378684,1.0,0.0,0.0,1.0,0.0,0.0
18,140,5.9121572951681785,1.6401788508366997,0.0,0.0,0.0,0.0,0.0,0.0
19,140,0.0,8.344517396921766,0.0,0.0,1.0,1.0,0.0,0.0
20,140,3.198858165554808,8.658319101132932,0.0,0.0,0.0,0.0,0.0,0.0
21,140,1.3484097277084872,8.765815184485731,0.0,0.0,0.0,0.0,1.0,1.0
22,140,3.636192416363752,5.929509728753573,0.0,0.0,0.0,0.0,0.0,0.0
23,140,5.060860503504085,2.101027392090075,0.0,1.0,1.0,1.0,0.0,1.0
24,140,7.178700404259282,0.6843416165139108,1.0,1.0,1.0,1.0,0.0,0.0
25,140,10.671734716867409,4.004344124348618,0.0,1.0,0.0,0.0,1.0,1.0
26,140,3.1243295707188268,10.034723617802936,0.0,0.0,0.0,1.0,1.0,1.0
27,140,3.014147254841639,5.353910514861998,0.0,0.0,0.0,1.0,0.0,1.0
28,140,6.012040952017565,10.49701513784713,0.0,0.0,0.0,0.0,0.0,0.0
29,140,8.712341068441386,7.707039271122808,1.0,0.0,0.0,0.0,0.0,0.0
30,140,6.409988979579264,5.742147652288558,1.0,1.0,0.0,0.0,1.0,1.0
31,140,9.023501380593189,5.923401361929338,1.0,1.0,1.0,1.0,0.0,0.0
32,140,0.0238652083923109,5.229019043346001,0.0,0.0,0.0,1.0,0.0,0.0
33,140,2.065681599580062,1.7063441965074226,0.0,1.0,0.0,0.0,0.0,0.0
34,140,6.948147051937354,9.009550450480738,0.0,1.0,0.0,0.0,1.0,0.0
35,140,12.0,6.430607213490184,1.0,0.0,0.0,0.0,1.0,0.0
36,140,4.81375627823735,11.802834148744626,0.0,1.0,1.0,0.0,1.0,1.0
37,140,2.771093791868809,3.6561326512478223,1.0,0.0,0.0,0.0,1.0,1.0
38,140,1.1837801591065695,0.8608835171731407,1.0,0.0,1.0,0.0,1.0,0.0
39,140,7.111479124361938,6.797305961833359,0.0,1.0,1.0,1.0,1.0,1.0
0,145,6.670923479939907,2.024076173098193,0.0,1.0,0.0,1.0,0.0,1.0
1,145,5.674409662263566,3.3896053125199046,1.0,0.0,1.0,1.0,1.0,1.0
2,145,12.0,12.0,0.0,0.0,0.0,0.0,0.0,0.0
3,145,0.0,10.281984597699845,0.0,0.0,1.0,0.0,0.0,0.0
4,145,2.552147594348014,0.3243965565106887,0.0,0.0,1.0,0.0,1.0,0.0
5,145,8.020638672214877,7.008883486714622,1.0,1.0,0.0,0.0,0.0,0.0
6,145,1.6118101016039093,4.076589799988075,1.0,0.0,1.0,0.0,1.0,1.0
7,145,12.0,10.228910944339054,0.0,0.0,0.0,0.0,1.0,0.0
8,145,0.0,7.10790057085477,0.0,0.0,1.0,1.0,0.0,1.0
9,145,7.077018293572266,6.86987293748386,1.0,0.0,0.0,1.0,0.0,0.0
10,145,2.572249073887748,7.328099111549698,0.0,1.0,1.0,0.0,0.0,0.0
11,145,10.735444500395934,2.119979075863292,0.0,0.0,0.0,0.0,1.0,1.0
12,145,0.9166740908892624,8.500979630673152,0.0,0.0,0.0,0.0,0.0,0.0
13,145,7.770984832043963,7.191154265987585,0.0,1.0,0.0,1.0,1.0,0.0
14,145,10.737043925713438,4.496204537546979,1.0,0.0,0.0,1.0,0.0,0.0
15,145,5.237940887300291,8.97771766821145,0.0,0.0,0.0,0.0,1.0,0.0
16,145,5.080741150358812,9.668496487484235,1.0,0.0,0.0,0.0,1.0,0.0
17,145,0.0,0.3375602959446479,1.0,0.0,0.0,1.0,0.0,0.0
18,145,5.896953086718563,1.615970311371701,0.0,0.0,0.0,0.0,0.0,0.0
19,145,0.0,8.171792955070563,0.0,0.0,1.0,1.0,0.0,0.0
20,145,3.180665272375064,8.59099201946098,0.0,0.0,0.0,0.0,0.0,0.0
21,145,1.3811039837297634,8.883911812477866,0.0,0.0,0.0,0.0,1.0,1.0
22,145,3.584524243915905,6.064893328649219,0.0,0.0,0.0,0.0,0.0,0.0
23,145,5.279746760982604,2.183819366591081,0.0,1.0,1.0,1.0,0.0,1.0
24,145,7.066173467554044,0.6041401467634367,1.0,1.0,1.0,1.0,0.0,0.0
25,145,10.781400358016093,3.923378242927477,0.0,1.0,0.0,0.0,1.0,1.0
26,145,3.228850798313716,10.099671208631817,0.0,0.0,0.0,1.0,1.0,1.0
27,145,3.035530188446665,5.338218091147262,0.0,0.0,0.0,1.0,0.0,1.0
28,145,6.016043992112698,10.494301055138962,0.0,0.0,0.0,0.0,0.0,0.0
29,145,8.775121180736862,7.73299201154028,1.0,0.0,0.0,0.0,0.0,0.0
30,145,6.440336591598945,5.742346429354989,1.0,1.0,0.0,0.0,1.0,1.0
31,145,9.027473865240996,5.909053203924363,1.0,1.0,1.0,1.0,0.0,0.0
32,145,0.0182365101492763,5.198872678216615,0.0,0.0,0.0,1.0,0.0,0.0
33,145,2.048943971584069,1.7171463044740198,0.0,1.0,0.0,0.0,0.0,0.0
34,145,6.814963828410988,9.106415369341988,0.0,1.0,0.0,0.0,1.0,0.0
35,145,12.0,6.407039302222124,1.0,0.0,0.0,0.0,1.0,0.0
36,145,4.842869294188793,11.827987595077554,0.0,1.0,1.0,0.0,1.0,1.0
37,145,2.8175041443163624,3.6754086470849168,1.0,0.0,0.0,0.0,1.0,1.0
38,145,1.2391598550703204,0.820232427423719,1.0,0.0,1.0,0.0,1.0,0.0
39,145,6.899968964275104,6.729290397190977,0.0,1.0,1.0,1.0,1.0,1.0
0,150,6.66465318185801,2.0060174688352808,0.0,1.0,0.0,1.0,0.0,1.0
1,150,5.638112924800379,3.4025567345445964,1.0,0.0,1.0,1.0,1.0,1.0
2,150,12.0,12.0,0.0,0.0,0.0,0.0,0.0,0.0
3,150,0.0,10.384938953484156,0.0,0.0,1.0,0.0,0.0,0.0
4,150,2.539451786384339,0.3347482892380864,0.0,0.0,1.0,0.0,1.0,0.0
5,150,8.020242254322579,7.00412882727733,1.0,1.0,0.0,0.0,0.0,0.0
6,150,1.7094054845277014,3.944716519733992,1.0,0.0,1.0,0.0,1.0,1.0
7,150,12.0,10.263750754812609,0.0,0.0,0.0,0.0,1.0,0.0
8,150,0.0,7.0096655203725415,0.0,0.0,1.0,1.0,0.0,1.0
9,150,7.151649391701919,6.867880619567962,1.0,0.0,0.0,1.0,0.0,0.0
10,150,2.6505089947870624,7.447355494445535,0.0,1.0,1.0,0.0,0.0,0.0
11,150,10.786678790633006,2.0628409631950824,0.0,0.0,0.0,0.0,1.0,1.0
12,150,0.8615105858805772,8.417936983896332,0.0,0.0,0.0,0.0,0.0,0.0
13,150,7.881229596545885,7.054779307804362,0.0,1.0,0.0,1.0,1.0,0.0
14,150,10.830975953471611,4.523004493173687,1.0,0.0,0.0,1.0,0.0,0.0
15,150,5.1757524707609655,9.002810032226092,0.0,0.0,0.0,0.0,1.0,0.0
16,150,5.196495997825398,9.626408265074389,1.0,0.0,0.0,0.0,1.0,0.0
17,150,0.0,0.3237880829064854,1.0,0.0,0.0,1.0,0.0,0.0
18,150,5.880665563316265,1.5887092883645493,0.0,0.0,0.0,0.0,0.0,0.0
19,150,0.0,8.005463044782461,0.0,0.0,1.0,1.0,0.0,0.0
20,150,3.16518823272686,8.538258513822328,0.0,0.0,0.0,0.0,0.0,0.0
21,150,1.4161157689473345,9.013916437865086,0.0,0.0,0.0,0.0,1.0,1.0
22,150,3.5415398380454644,6.177882066891981,0.0,0.0,0.0,0.0,0.0,0.0
23,150,5.497411489158136,2.268561165945026,0.0,1.0,1.0,1.0,0.0,1.0
24,150,6.960691320065348,0.5244594777294694,1.0,1.0,1.0,1.0,0.0,0.0
25,150,10.886704372978288,3.839698567506701,0.0,1.0,0.0,0.0,1.0,1.0
26,150,3.3612704292181954,10.183252650711294,0.0,0.0,0.0,1.0,1.0,1.0
27,150,3.052225763906176,5.325853950930815,0.0,0.0,0.0,1.0,0.0,1.0
28,150,5.99761829240395,10.50719734906842,0.0,0.0,0.0,0.0,0.0,0.0
29,150,8.827084809129369,7.75392809488289,1.0,0.0,0.0,0.0,0.0,0.0
30,150,6.476948467786547,5.742099472933928,1.0,1.0,0.0,0.0,1.0,1.0
31,150,9.031332400185295,5.893726250362549,1.0,1.0,1.0,1.0,0.0,0.0
32,150,0.0105176696420482,5.156141834728108,0.0,0.0,0.0,1.0,0.0,0.0
33,150,2.038089831026209,1.7242884914510366,0.0,1.0,0.0,0.0,0.0,0.0
34,150,6.695331864995827,9.195357420409666,0.0,1.0,0.0,0.0,1.0,0.0
35,150,12.0,6.381909968610268,1.0,0.0,0.0,0.0,1.0,0.0
36,150,4.88446401072248,11.863277547391933,0.0,1.0,1.0,0.0,1.0,1.0
37,150,2.8571682494190918,3.690596236987912,1.0,0.0,0.0,0.0,1.0,1.0
38,150,1.311739555090643,0.7689649526739898,1.0,0.0,1.0,0.0,1.0,0.0
39,150,6.6688302027966895,6.66308371806292,0.0,1.0,1.0,1.0,1.0,1.0
0,155,6.652209942285339,1.9743045568448383,0.0,1.0,0.0,1.0,0.0,1.0
1,155,5.595861733923051,3.4183239883798606,1.0,0.0,1.0,1.0,1.0,1.0
2,155,12.0,12.0,0.0,0.0,0.0,0.0,0.0,0.0
3,155,0.0,10.48413512607656,0.0,0.0,1.0,0.0,0.0,0.0
4,155,2.513348048098876,0.356140798557765,0.0,0.0,1.0,0.0,1.0,0.0
5,155,8.02205559150945,7.025422143973749,1.0,1.0,0.0,0.0,0.0,0.0
6,155,1.8190894907779116,3.8061489912593824,1.0,0.0,1.0,0.0,1.0,1.0
7,155,12.0,10.294275648093794,0.0,0.0,0.0,0.0,1.0,0.0
8,155,0.0,6.906041715421317,0.0,0.0,1.0,1.0,0.0,1.0
9,155,7.22511402827924,6.864075603029472,1.0,0.0,0.0,1.0,0.0,0.0
10,155,2.733792816354055,7.577126377453469,0.0,1.0,1.0,0.0,0.0,0.0
11,155,10.845016958183631,1.998626558718802,0.0,0.0,0.0,0.0,1.0,1.0
12,155,0.809645569278221,8.33947689410309,0.0,0.0,0.0,0.0,0.0,0.0
13,155,7.996058230538801,6.909693374660356,0.0,1.0,0.0,1.0,1.0,0.0
14,155,10.923887061049667,4.546106837397206,1.0,0.0,0.0,1.0,0.0,0.0
15,155,5.110909951152754,9.027860547505052,0.0,0.0,0.0,0.0,1.0,0.0
16,155,5.305547121075167,9.587108543840682,1.0,0.0,0.0,0.0,1.0,0.0
17,155,0.0,0.3133568398228434,1.0,0.0,0.0,1.0,0.0,0.0
18,155,5.868655828749344,1.5674429725824204,0.0,0.0,0.0,0.0,0.0,0.0
19,155,0.0,8.297565655865721,0.0,0.0,1.0,1.0,0.0,0.0
20,155,3.151760837415232,8.493848408437675,0.0,0.0,0.0,0.0,0.0,0.0
21,155,1.4536007029844564,9.146266766314286,0.0,0.0,0.0,0.0,1.0,1.0
22,155,3.4947787331307567,6.302980707771896,0.0,0.0,0.0,0.0,0.0,0.0
23,155,5.718743266024351,2.3608044056828605,0.0,1.0,1.0,1.0,0.0,1.0
24,155,6.855694766020742,0.4400612698524425,1.0,1.0,1.0,1.0,0.0,0.0
25,155,10.991336172841796,3.755683992988996,0.0,1.0,0.0,0.0,1.0,1.0
26,155,3.482887503002381,10.2625235779496,0.0,0.0,0.0,1.0,1.0,1.0
27,155,3.0716213485773247,5.311237268927955,0.0,0.0,0.0,1.0,0.0,1.0
28,155,5.993883472980452,10.509870127168096,0.0,0.0,0.0,0.0,0.0,0.0
29,155,8.905344202610555,7.783747709392716,1.0,0.0,0.0,0.0,0.0,0.0
30,155,6.515037928436277,5.742044827915231,1.0,1.0,0.0,0.0,1.0,1.0
31,155,9.034838257447342,5.879456053325381,1.0,1.0,1.0,1.0,0.0,0.0
32,155,0.0015783822435024,5.1050193928670575,0.0,0.0,0.0,1.0,0.0,0.0
33,155,2.02916879238086,1.7300781301200785,0.0,1.0,0.0,0.0,0.0,0.0
34,155,6.575925922461035,9.284586385383763,0.0,1.0,0.0,0.0,1.0,0.0
35,155,12.0,6.364142849909293,1.0,0.0,0.0,0.0,1.0,0.0
36,155,4.919209158239671,11.893244446894249,0.0,1.0,1.0,0.0,1.0,1.0
37,155,2.8823625918037417,3.699663247093551,1.0,0.0,0.0,0.0,1.0,1.0
38,155,1.3925057908299117,0.712084047475622,1.0,0.0,1.0,0.0,1.0,0.0
39,155,6.448398653239816,6.601674188516922,0.0,1.0,1.0,1.0,1.0,1.0
0,160,6.64290756720777,1.952560458295607,0.0,1.0,0.0,1.0,0.0,1.0
1,160,5.555541874642331,3.432047820777892,1.0,0.0,1.0,1.0,1.0,1.0
2,160,12.0,12.0,0.0,0.0,0.0,0.0,0.0,0.0
3,160,0.0,10.577465003832437,0.0,0.0,1.0,0.0,0.0,0.0
4,160,2.4903689765569674,0.3755222351308551,0.0,0.0,1.0,0.0,1.0,0.0
5,160,8.022255131195141,7.027642435014254,1.0,1.0,0.0,0.0,0.0,0.0
6,160,1.9457498484042244,3.649212024055216,1.0,0.0,1.0,0.0,1.0,1.0
7,160,12.0,10.333159830975498,0.0,0.0,0.0,0.0,1.0,0.0
8,160,0.0,6.830990919655641,0.0,0.0,1.0,1.0,0.0,1.0
9,160,7.318656351849655,6.860218356806916,1.0,0.0,0.0,1.0,0.0,0.0
10,160,2.825702493411815,7.712551782034594,0.0,1.0,1.0,0.0,0.0,0.0
11,160,10.923486022057192,2.0684303720382835,0.0,0.0,0.0,0.0,1.0,1.0
12,160,0.7601958704831677,8.25686759188835,0.0,0.0,0.0,0.0,0.0,0.0
13,160,8.113761726267654,6.763431949483543,0.0,1.0,0.0,1.0,1.0,0.0
14,160,10.999858133366208,4.563801609316857,1.0,0.0,0.0,1.0,0.0,0.0
15,160,5.030429363880475,9.059774522779572,0.0,0.0,0.0,0.0,1.0,0.0
16,160,5.420930077198265,9.545785898422766,1.0,0.0,0.0,0.0,1.0,0.0
17,160,0.0,0.3046170454180664,1.0,0.0,0.0,1.0,0.0,0.0
18,160,5.850142142193329,1.535581832804659,0.0,0.0,0.0,0.0,0.0,0.0
19,160,0.0,8.59677436200277,0.0,0.0,1.0,1.0,0.0,0.0
20,160,3.134787544526001,8.443368259281785,0.0,0.0,0.0,0.0,0.0,0.0
21,160,1.4985170892270565,9.28734796533166,0.0,0.0,0.0,0.0,1.0,1.0
22,160,3.4534491953707604,6.420989348100672,0.0,0.0,0.0,0.0,0.0,0.0
23,160,5.950132697728211,2.456565170636404,0.0,1.0,1.0,1.0,0.0,1.0
24,160,6.777249952380318,0.3780408752493068,1.0,1.0,1.0,1.0,0.0,0.0
25,160,11.115497553282172,3.658454165240873,0.0,1.0,0.0,0.0,1.0,1.0
26,160,3.562011098106069,10.139792981461143,0.0,0.0,0.0,1.0,1.0,1.0
27,160,3.092587868230086,5.294994105933365,0.0,0.0,0.0,1.0,0.0,1.0
28,160,5.976107329847918,10.522248565873332,0.0,0.0,0.0,0.0,0.0,0.0
29,160,8.984151331324641,7.813040326806262,1.0,0.0,0.0,0.0,0.0,0.0
30,160,6.540687261146161,5.741515673351034,1.0,1.0,0.0,0.0,1.0,1.0
31,160,9.040123444967056,5.857237584460147,1.0,1.0,1.0,1.0,0.0,0.0
32,160,0.0,5.037006809661596,0.0,0.0,0.0,1.0,0.0,0.0
33,160,2.0137536110576737,1.7400985673713474,0.0,1.0,0.0,0.0,0.0,0.0
34,160,6.453492123197412,9.371581035334836,0.0,1.0,0.0,0.0,1.0,0.0
35,160,12.0,6.350610074026434,1.0,0.0,0.0,0.0,1.0,0.0
36,160,4.954173908625334,11.922722013802678,0.0,1.0,1.0,0.0,1.0,1.0
37,160,2.906542282287441,3.7084832535335903,1.0,0.0,0.0,0.0,1.0,1.0
38,160,1.4772277443186486,0.6530922579237319,1.0,0.0,1.0,0.0,1.0,0.0
39,160,6.243631160360889,6.538843044920477,0.0,1.0,1.0,1.0,1.0,1.0
0,165,6.634086719059742,1.930762386527519,0.0,1.0,0.0,1.0,0.0,1.0
1,165,5.510545877254716,3.448109112750345,1.0,0.0,1.0,1.0,1.0,1.0
2,165,12.0,12.0,0.0,0.0,0.0,0.0,0.0,0.0
3,165,0.0,10.67428805468781,0.0,0.0,1.0,0.0,0.0,0.0
4,165,2.4737653664605754,0.3894641898954764,0.0,0.0,1.0,0.0,1.0,0.0
5,165,8.02325329068369,7.039265453833538,1.0,1.0,0.0,0.0,0.0,0.0
6,165,2.07912231661814,3.481065782318208,1.0,0.0,1.0,0.0,1.0,1.0
7,165,12.0,10.372385473910468,0.0,0.0,0.0,0.0,1.0,0.0
8,165,0.0,6.760906815824884,0.0,0.0,1.0,1.0,0.0,1.0
9,165,7.396155536911479,6.854737807823717,1.0,0.0,0.0,1.0,0.0,0.0
10,165,2.928588617657634,7.855074612481968,0.0,1.0,1.0,0.0,0.0,0.0
11,165,11.014226733489831,2.148644498495675,0.0,0.0,0.0,0.0,1.0,1.0
12,165,0.7122049719519756,8.175114012154157,0.0,0.0,0.0,0.0,0.0,0.0
13,165,8.226718301998103,6.619558366208325,0.0,1.0,0.0,1.0,1.0,0.0
14,165,11.076803781229168,4.582301054248616,1.0,0.0,0.0,1.0,0.0,0.0
15,165,4.941923576170085,9.094984009395068,0.0,0.0,0.0,0.0,1.0,0.0
16,165,5.546006843324741,9.497833710181336,1.0,0.0,0.0,0.0,1.0,0.0
17,165,0.0,0.2945261819750804,1.0,0.0,0.0,1.0,0.0,0.0
18,165,5.840568078089766,1.5186671309669988,0.0,0.0,0.0,0.0,0.0,0.0
19,165,0.0,8.874786225382737,0.0,0.0,1.0,1.0,0.0,0.0
20,165,3.1082280166565357,8.358611745715274,0.0,0.0,0.0,0.0,0.0,0.0
21,165,1.5459642583266804,9.438450119251293,0.0,0.0,0.0,0.0,1.0,1.0
22,165,3.4137295324396804,6.527350827329388,0.0,0.0,0.0,0.0,0.0,0.0
23,165,6.190060999318907,2.5605423192288463,0.0,1.0,1.0,1.0,0.0,1.0
24,165,6.709989849315509,0.3203294684698061,1.0,1.0,1.0,1.0,0.0,0.0
25,165,11.2129606862538,3.583082294112693,0.0,1.0,0.0,0.0,1.0,1.0
26,165,3.641020305029076,10.015007133769732,0.0,0.0,0.0,1.0,1.0,1.0
27,165,3.125117323809573,5.27096525690471,0.0,0.0,0.0,1.0,0.0,1.0
28,165,5.971073179756889,10.525921943739624,0.0,0.0,0.0,0.0,0.0,0.0
29,165,9.0683141152511,7.843322112119003,1.0,0.0,0.0,0.0,0.0,0.0
30,165,6.54915415139185,5.74159291143533,1.0,1.0,0.0,0.0,1.0,1.0
31,165,9.06343979183013,5.861932953204297,1.0,1.0,1.0,1.0,0.0,0.0
32,165,0.0,5.051041977621125,0.0,0.0,0.0,1.0,0.0,0.0
33,165,1.9861009230479445,1.757506610849312,0.0,1.0,0.0,0.0,0.0,0.0
34,165,6.324281990381501,9.462984182617303,0.0,1.0,0.0,0.0,1.0,0.0
35,165,12.0,6.338904485068774,1.0,0.0,0.0,0.0,1.0,0.0
36,165,4.986695412941584,11.951092035374412,0.0,1.0,1.0,0.0,1.0,1.0
37,165,2.934919012760098,3.717699794903823,1.0,0.0,0.0,0.0,1.0,1.0
38,165,1.5745342732639376,0.5909653697346801,1.0,0.0,1.0,0.0,1.0,0.0
39,165,6.0290603825120295,6.466198398575003,0.0,1.0,1.0,1.0,1.0,1.0
0,170,6.624359859296922,1.9057499826981583,0.0,1.0,0.0,1.0,0.0,1.0
1,170,5.4842766162733465,3.457864872937592,1.0,0.0,1.0,1.0,1.0,1.0
2,170,12.0,12.0,0.0,0.0,0.0,0.0,0.0,0.0
3,170,0.0,10.774276011325307,0.0,0.0,1.0,0.0,0.0,0.0
4,170,2.458426101341692,0.4024155763078292,0.0,0.0,1.0,0.0,1.0,0.0
5,170,8.02640231810033,7.078609225368845,1.0,1.0,0.0,0.0,0.0,0.0
6,170,2.209332585419688,3.311695103582941,1.0,0.0,1.0,0.0,1.0,1.0
7,170,12.0,10.409148261500007,0.0,0.0,0.0,0.0,1.0,0.0
8,170,0.0,6.686124949070909,0.0,0.0,1.0,1.0,0.0,1.0
9,170,7.452356922992855,6.850815106747257,1.0,0.0,0.0,1.0,0.0,0.0
10,170,3.03549804391677,7.991320877696965,0.0,1.0,1.0,0.0,0.0,0.0
11,170,11.113987165481472,2.236673617977357,0.0,0.0,0.0,0.0,1.0,1.0
12,170,0.6748618913162087,8.111266515300834,0.0,0.0,0.0,0.0,0.0,0.0
13,170,8.334193524400295,6.482976758062859,0.0,1.0,0.0,1.0,1.0,0.0
14,170,11.16097951082905,4.600653471143985,1.0,0.0,0.0,1.0,0.0,0.0
15,170,4.843262235372158,9.132679961935876,0.0,0.0,0.0,0.0,1.0,0.0
16,170,5.685718073738966,9.448023514707296,1.0,0.0,0.0,0.0,1.0,0.0
17,170,0.0,0.2801285138157366,1.0,0.0,0.0,1.0,0.0,0.0
18,170,5.815022231428178,1.4705667089931858,0.0,0.0,0.0,0.0,0.0,0.0
19,170,0.0,9.148843292468468,0.0,0.0,1.0,1.0,0.0,0.0
20,170,3.077033579930927,8.262774124342013,0.0,0.0,0.0,0.0,0.0,0.0
21,170,1.602593002296433,9.608205206977749,0.0,0.0,0.0,0.0,1.0,1.0
22,170,3.3759227060830304,6.622553764992536,0.0,0.0,0.0,0.0,0.0,0.0
23,170,6.436721586764828,2.668677498188264,0.0,1.0,1.0,1.0,0.0,1.0
24,170,6.636502125849342,0.2609023442460259,1.0,1.0,1.0,1.0,0.0,0.0
25,170,11.30971683031024,3.50989713931005,0.0,1.0,0.0,0.0,1.0,1.0
26,170,3.717209253595704,9.890663585136704,0.0,0.0,0.0,1.0,1.0,1.0
27,170,3.155891683643872,5.248216461312692,0.0,0.0,0.0,1.0,0.0,1.0
28,170,5.961993503108587,10.532508455791294,0.0,0.0,0.0,0.0,0.0,0.0
29,170,9.148260780577624,7.872912575892572,1.0,0.0,0.0,0.0,0.0,0.0
30,170,6.571703515902263,5.742105650260537,1.0,1.0,0.0,0.0,1.0,1.0
31,170,9.08824664178554,5.866777999808433,1.0,1.0,1.0,1.0,0.0,0.0
32,170,0.0,5.065474890434294,0.0,0.0,0.0,1.0,0.0,0.0
33,170,1.95950141302942,1.7748224938333643,0.0,1.0,0.0,0.0,0.0,0.0
34,170,6.184109555067798,9.56040129998094,0.0,1.0,0.0,0.0,1.0,0.0
35,170,12.0,6.328216244491623,1.0,0.0,0.0,0.0,1.0,0.0
36,170,5.023612001306206,11.982165327553684,0.0,1.0,1.0,0.0,1.0,1.0
37,170,2.965615607790805,3.727222416486436,1.0,0.0,0.0,0.0,1.0,1.0
38,170,1.6660208463270378,0.5317511875037945,1.0,0.0,1.0,0.0,1.0,0.0
39,170,5.8023301360154464,6.382091320241251,0.0,1.0,1.0,1.0,1.0,1.0
0,175,6.608435690604456,1.8642017612516293,0.0,1.0,0.0,1.0,0.0,1.0
1,175,5.463777301880093,3.465539480175565,1.0,0.0,1.0,1.0,1.0,1.0
2,175,12.0,12.0,0.0,0.0,0.0,0.0,0.0,0.0
3,175,0.0,10.869872746124596,0.0,0.0,1.0,0.0,0.0,0.0
4,175,2.441962781448585,0.4162008761510808,0.0,0.0,1.0,0.0,1.0,0.0
5,175,8.03248891207084,7.147152594754197,1.0,1.0,0.0,0.0,0.0,0.0
6,175,2.3446512512074342,3.1310385538657943,1.0,0.0,1.0,0.0,1.0,1.0
7,175,12.0,10.439018107675956,0.0,0.0,0.0,0.0,1.0,0.0
8,175,0.0,6.623823037391158,0.0,0.0,1.0,1.0,0.0,1.0
9,175,7.489979514250122,6.847874308746148,1.0,0.0,0.0,1.0,0.0,0.0
10,175,3.155474837789781,8.151122155921055,0.0,1.0,1.0,0.0,0.0,0.0
11,175,11.23263460226817,2.339556151453454,0.0,0.0,0.0,0.0,1.0,1.0
12,175,0.6404340036724867,8.053787002413642,0.0,0.0,0.0,0.0,0.0,0.0
13,175,8.445702081121276,6.342293856781375,0.0,1.0,0.0,1.0,1.0,0.0
14,175,11.273207163275949,4.624283070275036,1.0,0.0,0.0,1.0,0.0,0.0
15,175,4.752245708124677,9.172091701631864,0.0,0.0,0.0,0.0,1.0,0.0
16,175,5.81625191335096,9.40423378234664,1.0,0.0,0.0,0.0,1.0,0.0
17,175,0.0,0.2590916470040996,1.0,0.0,0.0,1.0,0.0,0.0
18,175,5.779585986687525,1.4056581048440004,0.0,0.0,0.0,0.0,0.0,0.0
19,175,0.0,9.432677465454436,0.0,0.0,1.0,1.0,0.0,0.0
20,175,3.046513369281913,8.168575970272121,0.0,0.0,0.0,0.0,0.0,0.0
21,175,1.66115902067945,9.789456177596294,0.0,0.0,0.0,0.0,1.0,1.0
22,175,3.341928388095217,6.711685453174419,0.0,0.0,0.0,0.0,0.0,0.0
23,175,6.65638344148765,2.7629677116915703,0.0,1.0,1.0,1.0,0.0,1.0
24,175,6.562119931701893,0.1978473197239473,1.0,1.0,1.0,1.0,0.0,0.0
25,175,11.399454170619576,3.441678866852733,0.0,1.0,0.0,0.0,1.0,1.0
26,175,3.800065938025776,9.759387019473428,0.0,0.0,0.0,1.0,1.0,1.0
27,175,3.181148248231222,5.228969125059566,0.0,0.0,0.0,1.0,0.0,1.0
28,175,5.941331244433585,10.548623254500876,0.0,0.0,0.0,0.0,0.0,0.0
29,175,9.240601981193034,7.9028827732951745,1.0,0.0,0.0,0.0,0.0,0.0
30,175,6.568494675464583,5.742136269019985,1.0,1.0,0.0,0.0,1.0,1.0
31,175,9.115675374787218,5.872433645629409,1.0,1.0,1.0,1.0,0.0,0.0
32,175,0.0,5.081709436322735,0.0,0.0,0.0,1.0,0.0,0.0
33,175,1.9193254164014983,1.8012971858249844,0.0,1.0,0.0,0.0,0.0,0.0
34,175,6.048936831799998,9.654386647879852,0.0,1.0,0.0,0.0,1.0,0.0
35,175,12.0,6.3137245465175225,1.0,0.0,0.0,0.0,1.0,0.0
36,175,5.038098109864798,11.994638885085084,0.0,1.0,1.0,0.0,1.0,1.0
37,175,2.990622997206968,3.735958734716767,1.0,0.0,0.0,0.0,1.0,1.0
38,175,1.7444726863938445,0.4804033626735352,1.0,0.0,1.0,0.0,1.0,0.0
39,175,5.572712054909121,6.292403535859191,0.0,1.0,1.0,1.0,1.0,1.0
0,180,6.587783963634048,1.810637350503982,0.0,1.0,0.0,1.0,0.0,1.0
1,180,5.443389999988989,3.472508346120564,1.0,0.0,1.0,1.0,1.0,1.0
2,180,12.0,12.0,0.0,0.0,0.0,0.0,0.0,0.0
3,180,0.0,10.96801491120516,0.0,0.0,1.0,0.0,0.0,0.0
4,180,2.4392613605132576,0.4184965412210725,0.0,0.0,1.0,0.0,1.0,0.0
5,180,8.038762200217132,7.227718918191662,1.0,1.0,0.0,0.0,0.0,0.0
6,180,2.466581008148094,2.973368326268373,1.0,0.0,1.0,0.0,1.0,1.0
7,180,12.0,10.46703768925428,0.0,0.0,0.0,0.0,1.0,0.0
8,180,0.0,6.567470198162451,0.0,0.0,1.0,1.0,0.0,1.0
9,180,7.551299117981174,6.8449814402718445,1.0,0.0,0.0,1.0,0.0,0.0
10,180,3.2791403061290545,8.314887872089232,0.0,1.0,1.0,0.0,0.0,0.0
11,180,11.338422417603065,2.431807638267137,0.0,0.0,0.0,0.0,1.0,1.0
12,180,0.5973199018920092,7.985975578143656,0.0,0.0,0.0,0.0,0.0,0.0
13,180,8.557738185843897,6.20549997802883,0.0,1.0,0.0,1.0,1.0,0.0
14,180,11.384802088745827,4.647650830716508,1.0,0.0,0.0,1.0,0.0,0.0
15,180,4.681487125050823,9.202507677868129,0.0,0.0,0.0,0.0,1.0,0.0
16,180,5.965540392238909,9.35641675835821,1.0,0.0,0.0,0.0,1.0,0.0
17,180,0.0,0.2405408730537458,1.0,0.0,0.0,1.0,0.0,0.0
18,180,5.7457331390354645,1.3479529314491758,0.0,0.0,0.0,0.0,0.0,0.0
19,180,0.0,9.724904900142205,0.0,0.0,1.0,1.0,0.0,0.0
20,180,3.0120329798187564,8.06312675419523,0.0,0.0,0.0,0.0,0.0,0.0
21,180,1.7108637269972111,9.957997767423535,0.0,0.0,0.0,0.0,1.0,1.0
22,180,3.3091132430691137,6.799545048363187,0.0,0.0,0.0,0.0,0.0,0.0
23,180,6.8785181590597,2.856892645778036,0.0,1.0,1.0,1.0,0.0,1.0
24,180,6.479043110448056,0.1288443975886802,1.0,1.0,1.0,1.0,0.0,0.0
25,180,11.47475491005138,3.383899043590821,0.0,1.0,0.0,0.0,1.0,1.0
26,180,3.8943415566404695,9.602364234654033,0.0,0.0,0.0,1.0,1.0,1.0
27,180,3.204781387375993,5.21073682415447,0.0,0.0,0.0,1.0,0.0,1.0
28,180,5.922078080304311,10.563569334343969,0.0,0.0,0.0,0.0,0.0,0.0
29,180,9.32177235956867,7.930943745332522,1.0,0.0,0.0,0.0,0.0,0.0
30,180,6.557482062856732,5.742534793777364,1.0,1.0,0.0,0.0,1.0,1.0
31,180,9.157627041649166,5.880395909596981,1.0,1.0,1.0,1.0,0.0,0.0
32,180,0.0,5.099719691104853,0.0,0.0,0.0,1.0,0.0,0.0
33,180,1.8690133565106424,1.834302154624186,0.0,1.0,0.0,0.0,0.0,0.0
34,180,5.894398977247874,9.759864885835317,0.0,1.0,0.0,0.0,1.0,0.0
35,180,12.0,6.29790598875202,1.0,0.0,0.0,0.0,1.0,0.0
36,180,5.047661866612436,12.0,0.0,1.0,1.0,0.0,1.0,1.0
37,180,2.994733249652836,3.7374957246881526,1.0,0.0,0.0,0.0,1.0,1.0
38,180,1.8264401684628624,0.4256596334390842,1.0,0.0,1.0,0.0,1.0,0.0
39,180,5.332301733684885,6.193727782918743,0.0,1.0,1.0,1.0,1.0,1.0
0,185,6.565138476286353,1.7509433420946032,0.0,1.0,0.0,1.0,0.0,1.0
1,185,5.437236761977834,3.474551945832693,1.0,0.0,1.0,1.0,1.0,1.0
2,185,12.0,12.0,0.0,0.0,0.0,0.0,0.0,0.0
3,185,0.0,11.069479299087437,0.0,0.0,1.0,0.0,0.0,0.0
4,185,2.4295999149893293,0.4265553513579434,0.0,0.0,1.0,0.0,1.0,0.0
5,185,8.044568735772259,7.295279268113984,1.0,1.0,0.0,0.0,0.0,0.0
6,185,2.590723871662993,2.804663956810774,1.0,0.0,1.0,0.0,1.0,1.0
7,185,12.0,10.493634731142082,0.0,0.0,0.0,0.0,1.0,0.0
8,185,0.0,6.518574450890262,0.0,0.0,1.0,1.0,0.0,1.0
9,185,7.615812831797133,6.84356050607972,1.0,0.0,0.0,1.0,0.0,0.0
10,185,3.389311261529718,8.467781321586411,0.0,1.0,1.0,0.0,0.0,0.0
11,185,11.463287454435331,2.533029386515896,0.0,0.0,0.0,0.0,1.0,1.0
12,185,0.5495893005246728,7.912119328407473,0.0,0.0,0.0,0.0,0.0,0.0
13,185,8.684313421385227,6.3109649789460525,0.0,1.0,0.0,1.0,1.0,0.0
14,185,11.49718424245284,4.671217207356923,1.0,0.0,0.0,1.0,0.0,0.0
15,185,4.626870332372382,9.226710643954249,0.0,0.0,0.0,0.0,1.0,0.0
16,185,6.124272250561032,9.30119086325324,1.0,0.0,0.0,0.0,1.0,0.0
17,185,0.0,0.2227782330430363,1.0,0.0,0.0,1.0,0.0,0.0
18,185,5.718350448381092,1.3004982732002923,0.0,0.0,0.0,0.0,0.0,0.0
19,185,0.0,10.036197643727508,0.0,0.0,1.0,1.0,0.0,0.0
20,185,2.973615443174952,7.943625702496119,0.0,0.0,0.0,0.0,0.0,0.0
21,185,1.76163054180098,10.135531673860603,0.0,0.0,0.0,0.0,1.0,1.0
22,185,3.268043763644662,6.901753629170145,0.0,0.0,0.0,0.0,0.0,0.0
23,185,7.087727633284726,2.944555505848763,0.0,1.0,1.0,1.0,0.0,1.0
24,185,6.413535033933524,0.0734560934813137,1.0,1.0,1.0,1.0,0.0,0.0
25,185,11.55655768055006,3.3178145475901006,0.0,1.0,0.0,0.0,1.0,1.0
26,185,3.987242411684347,9.447993053346948,0.0,0.0,0.0,1.0,1.0,1.0
27,185,3.22876094755738,5.191595111336691,0.0,0.0,0.0,1.0,0.0,1.0
28,185,5.8958355890155785,10.58452676463545,0.0,0.0,0.0,0.0,0.0,0.0
29,185,9.406174366172843,7.958532345449014,1.0,0.0,0.0,0.0,0.0,0.0
30,185,6.522809780548821,5.744323207526402,1.0,1.0,0.0,0.0,1.0,1.0
31,185,9.210471013686504,5.889952644720545,1.0,1.0,1.0,1.0,0.0,0.0
32,185,0.0,5.116917238874675,0.0,0.0,0.0,1.0,0.0,0.0
33,185,1.8297454459263496,1.8597694943912064,0.0,1.0,0.0,0.0,0.0,0.0
34,185,5.747945853615291,9.861371455638322,0.0,1.0,0.0,0.0,1.0,0.0
35,185,12.0,6.277366445757742,1.0,0.0,0.0,0.0,1.0,0.0
36,185,5.0623217544926185,12.0,0.0,1.0,1.0,0.0,1.0,1.0
37,185,2.9906355269088296,3.749340455017729,1.0,0.0,0.0,0.0,1.0,1.0
38,185,1.8862291355935104,0.3838668319423154,1.0,0.0,1.0,0.0,1.0,0.0
39,185,5.0800627742543245,6.08419427387252,0.0,1.0,1.0,1.0,1.0,1.0
0,190,6.5424585556120185,1.6886763514310008,0.0,1.0,0.0,1.0,0.0,1.0
1,190,5.4519959858888765,3.469008176320953,1.0,0.0,1.0,1.0,1.0,1.0
2,190,12.0,12.0,0.0,0.0,0.0,0.0,0.0,0.0
3,190,0.0,11.16329471249544,0.0,0.0,1.0,0.0,0.0,0.0
4,190,2.40932419432845,0.4433782808301363,0.0,0.0,1.0,0.0,1.0,0.0
5,190,8.047732915040037,7.3546514654288035,1.0,1.0,0.0,0.0,0.0,0.0
6,190,2.7142123960411904,2.648624108822885,1.0,0.0,1.0,0.0,1.0,1.0
7,190,12.0,10.530885175859035,0.0,0.0,0.0,0.0,1.0,0.0
8,190,0.0,6.458436668290607,0.0,0.0,1.0,1.0,0.0,1.0
9,190,7.672479950319791,6.841758214791228,1.0,0.0,0.0,1.0,0.0,0.0
10,190,3.503936555176189,8.63875559135176,0.0,1.0,1.0,0.0,0.0,0.0
11,190,11.568035997762,2.61717276385146,0.0,0.0,0.0,0.0,1.0,1.0
12,190,0.4899861158581376,7.819198999539877,0.0,0.0,0.0,0.0,0.0,0.0
13,190,8.789387535396424,6.401915777290941,0.0,1.0,0.0,1.0,1.0,0.0
14,190,11.621540544183746,4.700678025526497,1.0,0.0,0.0,1.0,0.0,0.0
15,190,4.558984471357572,9.256812702762824,0.0,0.0,0.0,0.0,1.0,0.0
16,190,6.288600108022342,9.24275408335102,1.0,0.0,0.0,0.0,1.0,0.0
17,190,0.0,0.2031217429695889,1.0,0.0,0.0,1.0,0.0,0.0
18,190,5.691607537939423,1.2560199508047516,0.0,0.0,0.0,0.0,0.0,0.0
19,190,0.0,10.325752568085266,0.0,0.0,1.0,1.0,0.0,0.0
20,190,2.925310871909176,7.792631354251038,0.0,0.0,0.0,0.0,0.0,0.0
21,190,1.8209493773627992,10.334903925064683,0.0,0.0,0.0,0.0,1.0,1.0
22,190,3.148721683425772,6.854858456255385,0.0,0.0,0.0,0.0,0.0,0.0
23,190,7.286522248745544,3.0279995060694262,0.0,1.0,1.0,1.0,0.0,1.0
24,190,6.352363338590542,0.0239201080048987,1.0,1.0,1.0,1.0,0.0,0.0
25,190,11.6322935349724,3.2577864880724947,0.0,1.0,0.0,0.0,1.0,1.0
26,190,4.08159455657477,9.30383116395893,0.0,0.0,0.0,1.0,1.0,1.0
27,190,3.2483850233821805,5.175101369278154,0.0,0.0,0.0,1.0,0.0,1.0
28,190,5.862086425547771,10.608350427032756,0.0,0.0,0.0,0.0,0.0,0.0
29,190,9.474739516625323,7.97912812997908,1.0,0.0,0.0,0.0,0.0,0.0
30,190,6.48065688828036,5.745477951095134,1.0,1.0,0.0,0.0,1.0,1.0
31,190,9.25987567054203,5.897169741278977,1.0,1.0,1.0,1.0,0.0,0.0
32,190,0.0,5.135802466663805,0.0,0.0,0.0,1.0,0.0,0.0
33,190,1.7746545718724556,1.8965086915769591,0.0,1.0,0.0,0.0,0.0,0.0
34,190,5.60741961940896,9.954284856608371,0.0,1.0,0.0,0.0,1.0,0.0
35,190,12.0,6.256117277326063,1.0,0.0,0.0,0.0,1.0,0.0
36,190,5.081299672349321,12.0,0.0,1.0,1.0,0.0,1.0,1.0
37,190,2.985152300708429,3.76490149705768,1.0,0.0,0.0,0.0,1.0,1.0
38,190,1.94345210612906,0.3419976173365054,1.0,0.0,1.0,0.0,1.0,0.0
39,190,4.807864355365159,5.969311451340492,0.0,1.0,1.0,1.0,1.0,1.0
0,195,6.517081098136231,1.6157147793663909,0.0,1.0,0.0,1.0,0.0,1.0
1,195,5.456315977555056,3.467355737989785,1.0,0.0,1.0,1.0,1.0,1.0
2,195,12.0,12.0,0.0,0.0,0.0,0.0,0.0,0.0
3,195,0.0,11.247784281873807,0.0,0.0,1.0,0.0,0.0,0.0
4,195,2.411210471239697,0.4418032126202644,0.0,0.0,1.0,0.0,1.0,0.0
5,195,8.051528731209077,7.421258236824836,1.0,1.0,0.0,0.0,0.0,0.0
6,195,2.8364577590907785,2.493384114841343,1.0,0.0,1.0,0.0,1.0,1.0
7,195,12.0,10.55929550414836,0.0,0.0,0.0,0.0,1.0,0.0
8,195,0.0,6.395414047826858,0.0,0.0,1.0,1.0,0.0,1.0
9,195,7.729673583363107,6.8387587635220415,1.0,0.0,0.0,1.0,0.0,0.0
10,195,3.603392807577309,8.795489287171513,0.0,1.0,1.0,0.0,0.0,0.0
11,195,11.67720781397376,2.707694639129563,0.0,0.0,0.0,0.0,1.0,1.0
12,195,0.4325953963138312,7.726647740837818,0.0,0.0,0.0,0.0,0.0,0.0
13,195,8.904848217206185,6.503134532579389,0.0,1.0,0.0,1.0,1.0,0.0
14,195,11.734852944430898,4.730016921344673,1.0,0.0,0.0,1.0,0.0,0.0
15,195,4.490135362400358,9.287223134382025,0.0,0.0,0.0,0.0,1.0,0.0
16,195,6.48035298585629,9.172099312237304,1.0,0.0,0.0,0.0,1.0,0.0
17,195,0.0,0.1810947843287161,1.0,0.0,0.0,1.0,0.0,0.0
18,195,5.653260158486485,1.1871719293464067,0.0,0.0,0.0,0.0,0.0,0.0
19,195,0.0,10.615860852813077,0.0,0.0,1.0,1.0,0.0,0.0
20,195,2.880688809412741,7.650930964662396,0.0,0.0,0.0,0.0,0.0,0.0
21,195,1.8720718546631343,10.525236611374444,0.0,0.0,0.0,0.0,1.0,1.0
22,195,3.0278646053467746,6.804563933240044,0.0,0.0,0.0,0.0,0.0,0.0
23,195,7.487535687626396,3.1158822612536,0.0,1.0,1.0,1.0,0.0,1.0
24,195,6.285747516538221,0.0,1.0,1.0,1.0,1.0,0.0,0.0
25,195,11.70811535222085,3.2003355559786164,0.0,1.0,0.0,0.0,1.0,1.0
26,195,4.171536092616681,9.17186859657159,0.0,0.0,0.0,1.0,1.0,1.0
27,195,3.2752534854100275,5.1531191184240415,0.0,0.0,0.0,1.0,0.0,1.0
28,195,5.830481244857467,10.631449818617472,0.0,0.0,0.0,0.0,0.0,0.0
29,195,9.559022102818044,8.002254747316854,1.0,0.0,0.0,0.0,0.0,0.0
30,195,6.42216390049516,5.74932862187595,1.0,1.0,0.0,0.0,1.0,1.0
31,195,9.307322742481563,5.905645279346884,1.0,1.0,1.0,1.0,0.0,0.0
32,195,0.0,5.153653803970402,0.0,0.0,0.0,1.0,0.0,0.0
33,195,1.7186779130547911,1.9325423593357345,0.0,1.0,0.0,0.0,0.0,0.0
34,195,5.463778149455827,10.04632314958928,0.0,1.0,0.0,0.0,1.0,0.0
35,195,12.0,6.244345302084426,1.0,0.0,0.0,0.0,1.0,0.0
36,195,5.1019046249070525,12.0,0.0,1.0,1.0,0.0,1.0,1.0
37,195,2.983423668708835,3.769694827194377,1.0,0.0,0.0,0.0,1.0,1.0
38,195,2.001492890016305,0.299429347626701,1.0,0.0,1.0,0.0,1.0,0.0
39,195,4.531222037442829,5.856633809063655,0.0,1.0,1.0,1.0,1.0,1.0
0,200,6.500282329691542,1.570419362929345,0.0,1.0,0.0,1.0,0.0,1.0
1,200,5.452883193724466,3.458462647027709,1.0,0.0,1.0,1.0,1.0,1.0
2,200,12.0,12.0,0.0,0.0,0.0,0.0,0.0,0.0
3,200,0.0,11.186651353489374,0.0,0.0,1.0,0.0,0.0,0.0
4,200,2.4165001030152027,0.4373693844268182,0.0,0.0,1.0,0.0,1.0,0.0
5,200,8.055362142343357,7.472545196867818,1.0,1.0,0.0,0.0,0.0,0.0
6,200,2.967181999319282,2.3345971089650224,1.0,0.0,1.0,0.0,1.0,1.0
7,200,12.0,10.582891685259987,0.0,0.0,0.0,0.0,1.0,0.0
8,200,0.0,6.313055832491727,0.0,0.0,1.0,1.0,0.0,1.0
9,200,7.779999322066632,6.83457698650345,1.0,0.0,0.0,1.0,0.0,0.0
10,200,3.704881660625329,8.955123837333474,0.0,1.0,1.0,0.0,0.0,0.0
11,200,11.767447992713093,2.782453359669997,0.0,0.0,0.0,0.0,1.0,1.0
12,200,0.365312776248717,7.6232554928733025,0.0,0.0,0.0,0.0,0.0,0.0
13,200,9.021729136615368,6.607247975980033,0.0,1.0,0.0,1.0,1.0,0.0
14,200,11.83287535568182,4.757336245997164,1.0,0.0,0.0,1.0,0.0,0.0
15,200,4.413036135083101,9.320527944450712,0.0,0.0,0.0,0.0,1.0,0.0
16,200,6.672684664480153,9.1049868261225,1.0,0.0,0.0,0.0,1.0,0.0
17,200,0.0,0.1685424841506679,1.0,0.0,0.0,1.0,0.0,0.0
18,200,5.614096935724461,1.1151878594295317,0.0,0.0,0.0,0.0,0.0,0.0
19,200,0.0,10.918586129456866,0.0,0.0,1.0,1.0,0.0,0.0
20,200,2.8360135377105484,7.513809849682764,0.0,0.0,0.0,0.0,0.0,0.0
21,200,1.919559506853984,10.699228553448927,0.0,0.0,0.0,0.0,1.0,1.0
22,200,2.918374526612716,6.761999199025507,0.0,0.0,0.0,0.0,0.0,0.0
23,200,7.682622626140356,3.2019814361419896,0.0,1.0,1.0,1.0,0.0,1.0
24,200,6.21497974206387,0.0,1.0,1.0,1.0,1.0,0.0,0.0
25,200,11.79514064125634,3.134087503713212,0.0,1.0,0.0,0.0,1.0,1.0
26,200,4.263537371873955,9.03681776674571,0.0,0.0,0.0,1.0,1.0,1.0
27,200,3.311609266399048,5.120592954856217,0.0,0.0,0.0,1.0,0.0,1.0
28,200,5.820954767707443,10.63842010698598,0.0,0.0,0.0,0.0,0.0,0.0
29,200,9.639413362180152,8.023052354737503,1.0,0.0,0.0,0.0,0.0,0.0
30,200,6.356747939764504,5.754025620256208,1.0,1.0,0.0,0.0,1.0,1.0
31,200,9.35399244580461,5.914917252177731,1.0,1.0,1.0,1.0,0.0,0.0
32,200,0.0,5.1684427359205465,0.0,0.0,0.0,1.0,0.0,0.0
33,200,1.669715632897716,1.961004524251708,0.0,1.0,0.0,0.0,0.0,0.0
34,200,5.300980178405672,10.144320464422174,0.0,1.0,0.0,0.0,1.0,0.0
35,200,12.0,6.22982028461954,1.0,0.0,0.0,0.0,1.0,0.0
36,200,5.125313340011963,12.0,0.0,1.0,1.0,0.0,1.0,1.0
37,200,2.979127666805482,3.781736674493375,1.0,0.0,0.0,0.0,1.0,1.0
38,200,2.0575413390410557,0.2577442463299826,1.0,0.0,1.0,0.0,1.0,0.0
39,200,4.2630697997156,5.756485489993834,0.0,1.0,1.0,1.0,1.0,1.0
0,205,6.48030431759249,1.5192056555460038,0.0,1.0,0.0,1.0,0.0,1.0
1,205,5.443239141237165,3.432329434108953,1.0,0.0,1.0,1.0,1.0,1.0
2,205,12.0,12.0,0.0,0.0,0.0,0.0,0.0,0.0
3,205,0.0,11.12024109571546,0.0,0.0,1.0,0.0,0.0,0.0
4,205,2.4218625202102637,0.433182566185559,0.0,0.0,1.0,0.0,1.0,0.0
5,205,8.057898937248096,7.507923804493965,1.0,1.0,0.0,0.0,0.0,0.0
6,205,3.098814371197392,2.1767441496422566,1.0,0.0,1.0,0.0,1.0,1.0
7,205,12.0,10.602206929474304,0.0,0.0,0.0,0.0,1.0,0.0
8,205,0.0,6.216323099430207,0.0,0.0,1.0,1.0,0.0,1.0
9,205,7.850359151553769,6.827460966376559,1.0,0.0,0.0,1.0,0.0,0.0
10,205,3.816059121991748,9.12543399515415,0.0,1.0,1.0,0.0,0.0,0.0
11,205,11.838714189908565,2.841073572818392,0.0,0.0,0.0,0.0,1.0,1.0
12,205,0.298072633129118,7.516754200359181,0.0,0.0,0.0,0.0,0.0,0.0
13,205,9.144728909064153,6.712653049466274,0.0,1.0,0.0,1.0,1.0,0.0
14,205,11.925693277838931,4.785972074447839,1.0,0.0,0.0,1.0,0.0,0.0
15,205,4.328180715644086,9.357255956679715,0.0,0.0,0.0,0.0,1.0,0.0
16,205,6.827126672135957,9.048603586319674,1.0,0.0,0.0,0.0,1.0,0.0
17,205,0.0,0.1515242717005715,1.0,0.0,0.0,1.0,0.0,0.0
18,205,5.573111318512415,1.0407692170671754,0.0,0.0,0.0,0.0,0.0,0.0
19,205,0.0,11.198799997927534,0.0,0.0,1.0,1.0,0.0,0.0
20,205,2.7961497132448416,7.387185595848736,0.0,0.0,0.0,0.0,0.0,0.0
21,205,1.9614114364947224,10.846352122757596,0.0,0.0,0.0,0.0,1.0,1.0
22,205,2.804181911406975,6.71945788592321,0.0,0.0,0.0,0.0,0.0,0.0
23,205,7.8760739212555375,3.301500216607707,0.0,1.0,1.0,1.0,0.0,1.0
24,205,6.151474297527128,0.0,1.0,1.0,1.0,1.0,0.0,0.0
25,205,11.889136014431864,3.0630357198702804,0.0,1.0,0.0,0.0,1.0,1.0
26,205,4.366613894812292,8.877855833301732,0.0,0.0,0.0,1.0,1.0,1.0
27,205,3.352693230922281,5.083862795707834,0.0,0.0,0.0,1.0,0.0,1.0
28,205,5.818650379547244,10.640078938528433,0.0,0.0,0.0,0.0,0.0,0.0
29,205,9.703305407482135,8.039065020142955,1.0,0.0,0.0,0.0,0.0,0.0
30,205,6.285681787037925,5.758163570019583,1.0,1.0,0.0,0.0,1.0,1.0
31,205,9.410306650649854,5.92734719284776,1.0,1.0,1.0,1.0,0.0,0.0
32,205,0.0,5.181921009869186,0.0,0.0,0.0,1.0,0.0,0.0
33,205,1.6407320833307049,1.978760589869208,0.0,1.0,0.0,0.0,0.0,0.0
34,205,5.138334283299408,10.239721395978872,0.0,1.0,0.0,0.0,1.0,0.0
35,205,12.0,6.220283049782494,1.0,0.0,0.0,0.0,1.0,0.0
36,205,5.14815010423941,12.0,0.0,1.0,1.0,0.0,1.0,1.0
37,205,2.9754407538134724,3.792227649039466,1.0,0.0,0.0,0.0,1.0,1.0
38,205,2.1151245227394213,0.2149805922609263,1.0,0.0,1.0,0.0,1.0,0.0
39,205,3.997617606105941,5.659034020643468,0.0,1.0,1.0,1.0,1.0,1.0
0,210,6.459125670256122,1.465835061700626,0.0,1.0,0.0,1.0,0.0,1.0
1,210,5.436631568469948,3.413169498592327,1.0,0.0,1.0,1.0,1.0,1.0
2,210,12.0,12.0,0.0,0.0,0.0,0.0,0.0,0.0
3,210,0.0,11.050956559081904,0.0,0.0,1.0,0.0,0.0,0.0
4,210,2.4287026745868943,0.4278425031647503,0.0,0.0,1.0,0.0,1.0,0.0
5,210,8.060854062768858,7.549297319614041,1.0,1.0,0.0,0.0,0.0,0.0
6,210,3.222695673692486,2.02048965944227,1.0,0.0,1.0,0.0,1.0,1.0
7,210,12.0,10.624995288846993,0.0,0.0,0.0,0.0,1.0,0.0
8,210,0.0,6.130296266240678,0.0,0.0,1.0,1.0,0.0,1.0
9,210,7.938678397150181,6.81807385519007,1.0,0.0,0.0,1.0,0.0,0.0
10,210,3.9285592688912216,9.299376115634637,0.0,1.0,1.0,0.0,0.0,0.0
11,210,11.88581399962685,2.8770999754663804,0.0,0.0,0.0,0.0,1.0,1.0
12,210,0.2193241696488285,7.390124799533508,0.0,0.0,0.0,0.0,0.0,0.0
13,210,9.273604199334196,6.8234676108336885,0.0,1.0,0.0,1.0,1.0,0.0
14,210,12.0,4.818624500583195,1.0,0.0,0.0,1.0,0.0,0.0
15,210,4.2417657469364665,9.396557791507313,0.0,0.0,0.0,0.0,1.0,0.0
16,210,6.983142111317498,8.988203840391188,1.0,0.0,0.0,0.0,1.0,0.0
17,210,0.0,0.134380754102361,1.0,0.0,0.0,1.0,0.0,0.0
18,210,5.5269903311532405,0.9585114374520484,0.0,0.0,0.0,0.0,0.0,0.0
19,210,0.0,11.477190687693376,0.0,0.0,1.0,1.0,0.0,0.0
20,210,2.754961027397996,7.252627883093299,0.0,0.0,0.0,0.0,0.0,0.0
21,210,2.004621963355972,10.994214747803948,0.0,0.0,0.0,0.0,1.0,1.0
22,210,2.69586422663181,6.676861195897123,0.0,0.0,0.0,0.0,0.0,0.0
23,210,8.083432519284594,3.4157024663567963,0.0,1.0,1.0,1.0,0.0,1.0
24,210,6.085056633701026,0.0,1.0,1.0,1.0,1.0,0.0,0.0
25,210,11.975241603401072,3.000815926501148,0.0,1.0,0.0,0.0,1.0,1.0
26,210,4.472736103677365,8.704804020107568,0.0,0.0,0.0,1.0,1.0,1.0
27,210,3.3837870093179983,5.054906822469051,0.0,0.0,0.0,1.0,0.0,1.0
28,210,5.805138781259545,10.649919555441189,0.0,0.0,0.0,0.0,0.0,0.0
29,210,9.782155957433185,8.05684783623548,1.0,0.0,0.0,0.0,0.0,0.0
30,210,6.219960159622293,5.764311585330205,1.0,1.0,0.0,0.0,1.0,1.0
31,210,9.460807157007231,5.937820552223189,1.0,1.0,1.0,1.0,0.0,0.0
32,210,0.0,5.193297702194028,0.0,0.0,0.0,1.0,0.0,0.0
33,210,1.6032728783047685,2.00073975368424,0.0,1.0,0.0,0.0,0.0,0.0
34,210,4.969560869243408,10.339252032685286,0.0,1.0,0.0,0.0,1.0,0.0
35,210,12.0,6.205502821182958,1.0,0.0,0.0,0.0,1.0,0.0
36,210,5.191190275510973,12.0,0.0,1.0,1.0,0.0,1.0,1.0
37,210,2.9724545202051584,3.801183841644258,1.0,0.0,0.0,0.0,1.0,1.0
38,210,2.1815483920591823,0.1662119979714959,1.0,0.0,1.0,0.0,1.0,0.0
39,210,3.710962325235504,5.559422526987171,0.0,1.0,1.0,1.0,1.0,1.0
0,215,6.429820211559455,1.3930341191001134,0.0,1.0,0.0,1.0,0.0,1.0
1,215,5.428942227022322,3.388792136540028,1.0,0.0,1.0,1.0,1.0,1.0
2,215,12.0,12.0,0.0,0.0,0.0,0.0,0.0,0.0
3,215,0.0,10.996164502143449,0.0,0.0,1.0,0.0,0.0,0.0
4,215,2.4389272333546925,0.4200029984400759,0.0,0.0,1.0,0.0,1.0,0.0
5,215,8.06435948095654,7.592071890281549,1.0,1.0,0.0,0.0,0.0,0.0
6,215,3.343366721872836,1.8643047806019728,1.0,0.0,1.0,0.0,1.0,1.0
7,215,12.0,10.641715692534977,0.0,0.0,0.0,0.0,1.0,0.0
8,215,0.0,6.024743369687803,0.0,0.0,1.0,1.0,0.0,1.0
9,215,8.037142893486195,6.808223369552922,1.0,0.0,0.0,1.0,0.0,0.0
10,215,4.03360084777536,9.465764227238449,0.0,1.0,1.0,0.0,0.0,0.0
11,215,11.93702273711767,2.915865228755619,0.0,0.0,0.0,0.0,1.0,1.0
12,215,0.1287351616229526,7.245544845954074,0.0,0.0,0.0,0.0,0.0,0.0
13,215,9.398705961876178,6.930923649691835,0.0,1.0,0.0,1.0,1.0,0.0
14,215,12.0,4.853448419884511,1.0,0.0,0.0,1.0,0.0,0.0
15,215,4.154579433267789,9.434863144147233,0.0,0.0,0.0,0.0,1.0,0.0
16,215,7.132807408361717,8.931020475227058,1.0,0.0,0.0,0.0,1.0,0.0
17,215,0.0,0.1156876937304248,1.0,0.0,0.0,1.0,0.0,0.0
18,215,5.478616892910217,0.8695244531649221,0.0,0.0,0.0,0.0,0.0,0.0
19,215,0.0,11.736252437007856,0.0,0.0,1.0,1.0,0.0,0.0
20,215,2.717733124149851,7.129841897584442,0.0,0.0,0.0,0.0,0.0,0.0
21,215,2.049806974640071,11.145867766671053,0.0,0.0,0.0,0.0,1.0,1.0
22,215,2.5864134060489423,6.636418988638897,0.0,0.0,0.0,0.0,0.0,0.0
23,215,8.267251954085511,3.5223094058859425,0.0,1.0,1.0,1.0,0.0,1.0
24,215,6.020551463850441,0.0,1.0,1.0,1.0,1.0,0.0,0.0
25,215,12.0,2.9496205334792505,0.0,1.0,0.0,0.0,1.0,1.0
26,215,4.585835640687191,8.526264269883242,0.0,0.0,0.0,1.0,1.0,1.0
27,215,3.412743626703012,5.02762937537529,0.0,0.0,0.0,1.0,0.0,1.0
28,215,5.78925093024346,10.66126949482678,0.0,0.0,0.0,0.0,0.0,0.0
29,215,9.858102899464066,8.073359025950692,1.0,0.0,0.0,0.0,0.0,0.0
30,215,6.145431172051372,5.7722779212549655,1.0,1.0,0.0,0.0,1.0,1.0
31,215,9.515601266757654,5.94844971856541,1.0,1.0,1.0,1.0,0.0,0.0
32,215,0.0,5.206847415442359,0.0,0.0,0.0,1.0,0.0,0.0
33,215,1.582215161549801,2.012421904795263,0.0,1.0,0.0,0.0,0.0,0.0
34,215,4.7863741032019655,10.452150016412707,0.0,1.0,0.0,0.0,1.0,0.0
35,215,12.0,6.193333058468427,1.0,0.0,0.0,0.0,1.0,0.0
36,215,5.255503936346586,12.0,0.0,1.0,1.0,0.0,1.0,1.0
37,215,2.971704304309504,3.803072907461856,1.0,0.0,0.0,0.0,1.0,1.0
38,215,2.2325536347081747,0.1280375822112462,1.0,0.0,1.0,0.0,1.0,0.0
39,215,3.4259105146173754,5.468991200518679,0.0,1.0,1.0,1.0,1.0,1.0
0,220,6.398496170937187,1.3164868280095348,0.0,1.0,0.0,1.0,0.0,1.0
1,220,5.423975079403499,3.3715309574887526,1.0,0.0,1.0,1.0,1.0,1.0
2,220,12.0,12.0,0.0,0.0,0.0,0.0,0.0,0.0
3,220,0.0,10.939103772333386,0.0,0.0,1.0,0.0,0.0,0.0
4,220,2.4486482912801195,0.4125331577535267,0.0,0.0,1.0,0.0,1.0,0.0
5,220,8.068020795109582,7.632752198318982,1.0,1.0,0.0,0.0,0.0,0.0
6,220,3.4601160827241118,1.7112913654507576,1.0,0.0,1.0,0.0,1.0,1.0
7,220,12.0,10.653482089143658,0.0,0.0,0.0,0.0,1.0,0.0
8,220,0.0,5.935598460512012,0.0,0.0,1.0,1.0,0.0,1.0
9,220,8.138608951200101,6.801192634522133,1.0,0.0,0.0,1.0,0.0,0.0
10,220,4.139142073377077,9.631797839358391,0.0,1.0,1.0,0.0,0.0,0.0
11,220,11.99485648389599,2.959922698316599,0.0,0.0,0.0,0.0,1.0,1.0
12,220,0.0405947866393936,7.102406946928709,0.0,0.0,0.0,0.0,0.0,0.0
13,220,9.542635023416691,7.055253993853116,0.0,1.0,0.0,1.0,1.0,0.0
14,220,12.0,4.893311018561311,1.0,0.0,0.0,1.0,0.0,0.0
15,220,4.098848078699118,9.458691591881644,0.0,0.0,0.0,0.0,1.0,0.0
16,220,7.286618958726733,8.873311683114247,1.0,0.0,0.0,0.0,1.0,0.0
17,220,0.0,0.1009375795037975,1.0,0.0,0.0,1.0,0.0,0.0
18,220,5.4284082577847705,0.7789000471857377,0.0,0.0,0.0,0.0,0.0,0.0
19,220,0.0,11.997702999978458,0.0,0.0,1.0,1.0,0.0,0.0
20,220,2.678723332460601,7.00365959357586,0.0,0.0,0.0,0.0,0.0,0.0
21,220,2.091247767258456,11.289810015087056,0.0,0.0,0.0,0.0,1.0,1.0
22,220,2.477419143844573,6.6007764366218895,0.0,0.0,0.0,0.0,0.0,0.0
23,220,8.445513005003605,3.6263419774757466,0.0,1.0,1.0,1.0,0.0,1.0
24,220,5.941133164300238,0.0,1.0,1.0,1.0,1.0,0.0,0.0
25,220,12.0,2.9046894892693507,0.0,1.0,0.0,0.0,1.0,1.0
26,220,4.710273585996054,8.334950178677577,0.0,0.0,0.0,1.0,1.0,1.0
27,220,3.429434753467341,5.012269982306126,0.0,0.0,0.0,1.0,0.0,1.0
28,220,5.791047654489844,10.66001347762746,0.0,0.0,0.0,0.0,0.0,0.0
29,220,9.929796307178412,8.08711039986804,1.0,0.0,0.0,0.0,0.0,0.0
30,220,6.073660926223832,5.780850650449319,1.0,1.0,0.0,0.0,1.0,1.0
31,220,9.55534093073869,5.955164758652723,1.0,1.0,1.0,1.0,0.0,0.0
32,220,0.0,5.217937146500307,0.0,0.0,0.0,1.0,0.0,0.0
33,220,1.57126371978858,2.018812381171476,0.0,1.0,0.0,0.0,0.0,0.0
34,220,4.59283756529421,10.56030297243054,0.0,1.0,0.0,0.0,1.0,0.0
35,220,12.0,6.183042425001073,1.0,0.0,0.0,0.0,1.0,0.0
36,220,5.341550445075937,12.0,0.0,1.0,1.0,0.0,1.0,1.0
37,220,2.97597048082935,3.791427389566648,1.0,0.0,0.0,0.0,1.0,1.0
38,220,2.290737568698438,0.0876316091800547,1.0,0.0,1.0,0.0,1.0,0.0
39,220,3.1154723545785585,5.368106697170131,0.0,1.0,1.0,1.0,1.0,1.0
0,225,6.363879863119828,1.2303046653328769,0.0,1.0,0.0,1.0,0.0,1.0
1,225,5.4079819428673455,3.316972877304443,1.0,0.0,1.0,1.0,1.0,1.0
2,225,12.0,12.0,0.0,0.0,0.0,0.0,0.0,0.0
3,225,0.0,10.87978215504687,0.0,0.0,1.0,0.0,0.0,0.0
4,225,2.459727469978666,0.4039558351359629,0.0,0.0,1.0,0.0,1.0,0.0
5,225,8.072496416158542,7.673959329590813,1.0,1.0,0.0,0.0,0.0,0.0
6,225,3.5754010497927347,1.563909517116782,1.0,0.0,1.0,0.0,1.0,1.0
7,225,12.0,10.67104762844032,0.0,0.0,0.0,0.0,1.0,0.0
8,225,0.0,5.825111572512434,0.0,0.0,1.0,1.0,0.0,1.0
9,225,8.23567713312222,6.795498955846117,1.0,0.0,0.0,1.0,0.0,0.0
10,225,4.260071456804617,9.812873835313797,0.0,1.0,1.0,0.0,0.0,0.0
11,225,12.0,3.0061496717835365,0.0,0.0,0.0,0.0,1.0,1.0
12,225,0.0,6.98469519414765,0.0,0.0,0.0,0.0,0.0,0.0
13,225,9.67524968914536,7.168622134746762,0.0,1.0,0.0,1.0,1.0,0.0
14,225,12.0,4.927129233806392,1.0,0.0,0.0,1.0,0.0,0.0
15,225,4.03974267598602,9.485788060397365,0.0,0.0,0.0,0.0,1.0,0.0
16,225,7.442869897074057,8.812635123691008,1.0,0.0,0.0,0.0,1.0,0.0
17,225,0.0,0.080393014782665,1.0,0.0,0.0,1.0,0.0,0.0
18,225,5.377610973562545,0.69185306362051,0.0,0.0,0.0,0.0,0.0,0.0
19,225,0.0,12.0,0.0,0.0,1.0,1.0,0.0,0.0
20,225,2.641060834444769,6.878069951182023,0.0,0.0,0.0,0.0,0.0,0.0
21,225,2.125788234782832,11.409916374763926,0.0,0.0,0.0,0.0,1.0,1.0
22,225,2.404985515806286,6.576607493609765,0.0,0.0,0.0,0.0,0.0,0.0
23,225,8.63154260966025,3.7391338630510864,0.0,1.0,1.0,1.0,0.0,1.0
24,225,5.879593456852549,0.0,1.0,1.0,1.0,1.0,0.0,0.0
25,225,12.0,2.870426534588705,0.0,1.0,0.0,0.0,1.0,1.0
26,225,4.835484828521243,8.140139354780139,0.0,0.0,0.0,1.0,1.0,1.0
27,225,3.450902976861374,4.991386409115788,0.0,0.0,0.0,1.0,0.0,1.0
28,225,5.798968937315912,10.654716116524853,0.0,0.0,0.0,0.0,0.0,0.0
29,225,10.006703700383492,8.100734990884353,1.0,0.0,0.0,0.0,0.0,0.0
30,225,6.006031670130059,5.787801097858094,1.0,1.0,0.0,0.0,1.0,1.0
31,225,9.59453194182306,5.961724589004035,1.0,1.0,1.0,1.0,0.0,0.0
32,225,0.0,5.226029882680125,0.0,0.0,0.0,1.0,0.0,0.0
33,225,1.5536477286056871,2.0283445255408274,0.0,1.0,0.0,0.0,0.0,0.0
34,225,4.394886631784392,10.673820627119552,0.0,1.0,0.0,0.0,1.0,0.0
35,225,12.0,6.171295958817581,1.0,0.0,0.0,0.0,1.0,0.0
36,225,5.4175095274488045,12.0,0.0,1.0,1.0,0.0,1.0,1.0
37,225,2.981110341557599,3.777963784585301,1.0,0.0,0.0,0.0,1.0,1.0
38,225,2.335340478787726,0.0561354355774612,1.0,0.0,1.0,0.0,1.0,0.0
39,225,2.816248322895249,5.267993231554061,0.0,1.0,1.0,1.0,1.0,1.0
0,230,6.329332411390155,1.153396221534491,0.0,1.0,0.0,1.0,0.0,1.0
1,230,5.388638083982735,3.2578864731937807,1.0,0.0,1.0,1.0,1.0,1.0
2,230,12.0,12.0,0.0,0.0,0.0,0.0,0.0,0.0
3,230,0.0,10.832588690439747,0.0,0.0,1.0,0.0,0.0,0.0
4,230,2.4772722782898424,0.3912275914532527,0.0,0.0,1.0,0.0,1.0,0.0
5,230,8.076533880906565,7.721516494155859,1.0,1.0,0.0,0.0,0.0,0.0
6,230,3.698716727845155,1.4073348932933287,1.0,0.0,1.0,0.0,1.0,1.0
7,230,12.0,10.690440224129643,0.0,0.0,0.0,0.0,1.0,0.0
8,230,0.0,5.710552708684744,0.0,0.0,1.0,1.0,0.0,1.0
9,230,8.327259409452969,6.787728694109692,1.0,0.0,0.0,1.0,0.0,0.0
10,230,4.379580156455153,9.996979587460448,0.0,1.0,1.0,0.0,0.0,0.0
11,230,12.0,3.0576751307455825,0.0,0.0,0.0,0.0,1.0,1.0
12,230,0.0,6.88619763862248,0.0,0.0,0.0,0.0,0.0,0.0
13,230,9.81643371605788,7.294704393461177,0.0,1.0,0.0,1.0,1.0,0.0
14,230,12.0,4.959136047983478,1.0,0.0,0.0,1.0,0.0,0.0
15,230,3.986480179059783,9.509770647682162,0.0,0.0,0.0,0.0,1.0,0.0
16,230,7.606069452254493,8.75107973612942,1.0,0.0,0.0,0.0,1.0,0.0
17,230,0.0,0.05794081548894,1.0,0.0,0.0,1.0,0.0,0.0
18,230,5.3229219019869545,0.6017846226891651,0.0,0.0,0.0,0.0,0.0,0.0
19,230,0.0,12.0,0.0,0.0,1.0,1.0,0.0,0.0
20,230,2.600821189394467,6.735755189931008,0.0,0.0,0.0,0.0,0.0,0.0
21,230,2.161086601972159,11.5376735554282,0.0,0.0,0.0,0.0,1.0,1.0
22,230,2.3252572539694047,6.550359032399551,0.0,0.0,0.0,0.0,0.0,0.0
23,230,8.827447811699129,3.8589478748521246,0.0,1.0,1.0,1.0,0.0,1.0
24,230,5.804365811878532,0.0,1.0,1.0,1.0,1.0,0.0,0.0
25,230,12.0,2.82925659153444,0.0,1.0,0.0,0.0,1.0,1.0
26,230,4.9616679750955495,7.9432718207735,0.0,0.0,0.0,1.0,1.0,1.0
27,230,3.4591043975916693,4.983723463930405,0.0,0.0,0.0,1.0,0.0,1.0
28,230,5.791327840143552,10.659912792227065,0.0,0.0,0.0,0.0,0.0,0.0
29,230,10.07686251460064,8.114371385935893,1.0,0.0,0.0,0.0,0.0,0.0
30,230,5.938956895661232,5.796518614796023,1.0,1.0,0.0,0.0,1.0,1.0
31,230,9.58284104165889,6.018392818645975,1.0,1.0,1.0,1.0,0.0,0.0
32,230,0.0,5.22982062989212,0.0,0.0,0.0,1.0,0.0,0.0
33,230,1.5341656130241583,2.038630898179783,0.0,1.0,0.0,0.0,0.0,0.0
34,230,4.212790626798999,10.772935538367898,0.0,1.0,0.0,0.0,1.0,0.0
35,230,12.0,6.158471512022532,1.0,0.0,0.0,0.0,1.0,0.0
36,230,5.331982160228137,12.0,0.0,1.0,1.0,0.0,1.0,1.0
37,230,2.995165725028224,3.742290330489874,1.0,0.0,0.0,0.0,1.0,1.0
38,230,2.3829426549538826,0.0234092441564701,1.0,0.0,1.0,0.0,1.0,0.0
39,230,2.5102990122659103,5.167193647466868,0.0,1.0,1.0,1.0,1.0,1.0
0,235,6.277480107910113,1.0343598468505668,0.0,1.0,0.0,1.0,0.0,1.0
1,235,5.374687555514613,3.2160165028590386,1.0,0.0,1.0,1.0,1.0,1.0
2,235,12.0,12.0,0.0,0.0,0.0,0.0,0.0,0.0
3,235,0.0,10.780900815788296,0.0,0.0,1.0,0.0,0.0,0.0
4,235,2.4840859223317,0.3861708962484851,0.0,0.0,1.0,0.0,1.0,0.0
5,235,8.079782121196777,7.760075108204607,1.0,1.0,0.0,0.0,0.0,0.0
6,235,3.818959449479464,1.262433092114031,1.0,0.0,1.0,0.0,1.0,1.0
7,235,12.0,10.711448673030144,0.0,0.0,0.0,0.0,1.0,0.0
8,235,0.0,5.587713320705436,0.0,0.0,1.0,1.0,0.0,1.0
9,235,8.414699316095861,6.782994479986294,1.0,0.0,0.0,1.0,0.0,0.0
10,235,4.494159521762319,10.1713984974471,0.0,1.0,1.0,0.0,0.0,0.0
11,235,12.0,3.113061211391116,0.0,0.0,0.0,0.0,1.0,1.0
12,235,0.0,6.783595046042301,0.0,0.0,0.0,0.0,0.0,0.0
13,235,9.967295907766138,7.422065717977481,0.0,1.0,0.0,1.0,1.0,0.0
14,235,12.0,4.989888576161053,1.0,0.0,0.0,1.0,0.0,0.0
15,235,3.960989574049197,9.52101861078831,0.0,0.0,0.0,0.0,1.0,0.0
16,235,7.778413308906273,8.683081490222156,1.0,0.0,0.0,0.0,1.0,0.0
17,235,0.0,0.0322115261907271,1.0,0.0,0.0,1.0,0.0,0.0
18,235,5.269653964606728,0.5135738532479581,0.0,0.0,0.0,0.0,0.0,0.0
19,235,0.0,12.0,0.0,0.0,1.0,1.0,0.0,0.0
20,235,2.562719133643221,6.599434524203703,0.0,0.0,0.0,0.0,0.0,0.0
21,235,2.195753277737527,11.670476487863658,0.0,0.0,0.0,0.0,1.0,1.0
22,235,2.2454959259896543,6.527100083114621,0.0,0.0,0.0,0.0,0.0,0.0
23,235,9.026498050942283,3.984045980465329,0.0,1.0,1.0,1.0,0.0,1.0
24,235,5.722744623709103,0.0,1.0,1.0,1.0,1.0,0.0,0.0
25,235,12.0,2.7828720903908035,0.0,1.0,0.0,0.0,1.0,1.0
26,235,5.085418143189436,7.769126461288191,0.0,0.0,0.0,1.0,1.0,1.0
27,235,3.459257956897469,4.983582769059677,0.0,0.0,0.0,1.0,0.0,1.0
28,235,5.793669135044453,10.66361589754682,0.0,0.0,0.0,0.0,0.0,0.0
29,235,10.140155629016313,8.125386958036621,1.0,0.0,0.0,0.0,0.0,0.0
30,235,5.871484655673804,5.805831322445327,1.0,1.0,0.0,0.0,1.0,1.0
31,235,9.573802435157376,6.069123077844892,1.0,1.0,1.0,1.0,0.0,0.0
32,235,0.0,5.23291802523466,0.0,0.0,0.0,1.0,0.0,0.0
33,235,1.507712345920776,2.0524683914046453,0.0,1.0,0.0,0.0,0.0,0.0
34,235,4.016392161980964,10.875302871568762,0.0,1.0,0.0,0.0,1.0,0.0
35,235,12.0,6.144093614637191,1.0,0.0,0.0,0.0,1.0,0.0
36,235,5.251906746956174,12.0,0.0,1.0,1.0,0.0,1.0,1.0
37,235,3.007021708930971,3.713186776306821,1.0,0.0,0.0,0.0,1.0,1.0
38,235,2.43582074905503,0.0,1.0,0.0,1.0,0.0,1.0,0.0
39,235,2.2184322907395053,5.062534415936846,0.0,1.0,1.0,1.0,1.0,1.0
0,240,6.224431488544531,0.9130833520090466,0.0,1.0,0.0,1.0,0.0,1.0
1,240,5.355696291854265,3.1579539608998983,1.0,0.0,1.0,1.0,1.0,1.0
2,240,12.0,12.0,0.0,0.0,0.0,0.0,0.0,0.0
3,240,0.0,10.719190861491745,0.0,0.0,1.0,0.0,0.0,0.0
4,240,2.486374635695409,0.3843568214732463,0.0,0.0,1.0,0.0,1.0,0.0
5,240,8.08375378222221,7.794328993323761,1.0,1.0,0.0,0.0,0.0,0.0
6,240,3.946624876141762,1.1140639296461492,1.0,0.0,1.0,0.0,1.0,1.0
7,240,12.0,10.728251444983693,0.0,0.0,0.0,0.0,1.0,0.0
8,240,0.0,5.473379931886598,0.0,0.0,1.0,1.0,0.0,1.0
9,240,8.507587671418854,6.779898231504956,1.0,0.0,0.0,1.0,0.0,0.0
10,240,4.60988854525931,10.342782816871392,0.0,1.0,1.0,0.0,0.0,0.0
11,240,12.0,3.168903679884727,0.0,0.0,0.0,0.0,1.0,1.0
12,240,0.0,6.682051940812346,0.0,0.0,0.0,0.0,0.0,0.0
13,240,10.132964901228512,7.5660169759269555,0.0,1.0,0.0,1.0,1.0,0.0
14,240,12.0,5.014565339886947,1.0,0.0,0.0,1.0,0.0,0.0
15,240,3.930546526822992,9.534996850829025,0.0,0.0,0.0,0.0,1.0,0.0
16,240,7.965407246366705,8.617625726937368,1.0,0.0,0.0,0.0,1.0,0.0
17,240,0.0,0.0085551037930279,1.0,0.0,0.0,1.0,0.0,0.0
18,240,5.217483614366983,0.4240382672647449,0.0,0.0,0.0,0.0,0.0,0.0
19,240,0.0,12.0,0.0,0.0,1.0,1.0,0.0,0.0
20,240,2.520503951765377,6.452371226419202,0.0,0.0,0.0,0.0,0.0,0.0
21,240,2.2242709698314616,11.784838550732406,0.0,0.0,0.0,0.0,1.0,1.0
22,240,2.183918750243833,6.508358438105622,0.0,0.0,0.0,0.0,0.0,0.0
23,240,9.22275783186952,4.113778154125904,0.0,1.0,1.0,1.0,0.0,1.0
24,240,5.635017124578835,0.0,1.0,1.0,1.0,1.0,0.0,0.0
25,240,12.0,2.745717236983528,0.0,1.0,0.0,0.0,1.0,1.0
26,240,5.215060675246185,7.595401933048528,0.0,0.0,0.0,1.0,1.0,1.0
27,240,3.447547494721677,4.994062354769995,0.0,0.0,0.0,1.0,0.0,1.0
28,240,5.776806067110053,10.674636431240373,0.0,0.0,0.0,0.0,0.0,0.0
29,240,10.18870737499039,8.133018313562525,1.0,0.0,0.0,0.0,0.0,0.0
30,240,5.788197062641231,5.816726183959137,1.0,1.0,0.0,0.0,1.0,1.0
31,240,9.566967831697458,6.107881661852836,1.0,1.0,1.0,1.0,0.0,0.0
32,240,0.0,5.23296132447014,0.0,0.0,0.0,1.0,0.0,0.0
33,240,1.481748688746619,2.0650532956630427,0.0,1.0,0.0,0.0,0.0,0.0
34,240,3.812732006232459,10.98205327265576,0.0,1.0,0.0,0.0,1.0,0.0
35,240,12.0,6.1329893750474165,1.0,0.0,0.0,0.0,1.0,0.0
36,240,5.169855587534247,12.0,0.0,1.0,1.0,0.0,1.0,1.0
37,240,3.0209254908122927,3.679263654896261,1.0,0.0,0.0,0.0,1.0,1.0
38,240,2.514627297478633,0.0,1.0,0.0,1.0,0.0,1.0,0.0
39,240,1.9227820513380656,4.9502939488798265,0.0,1.0,1.0,1.0,1.0,1.0
0,245,6.171759279172517,0.7867092328254094,0.0,1.0,0.0,1.0,0.0,1.0
1,245,5.333572647567075,3.0903723025465526,1.0,0.0,1.0,1.0,1.0,1.0
2,245,12.0,12.0,0.0,0.0,0.0,0.0,0.0,0.0
3,245,0.0,10.654274723709577,0.0,0.0,1.0,0.0,0.0,0.0
4,245,2.4866662239471102,0.3841361377670316,0.0,0.0,1.0,0.0,1.0,0.0
5,245,8.092039501910794,7.852075401224938,1.0,1.0,0.0,0.0,0.0,0.0
6,245,4.064603193075033,0.9840325294910188,1.0,0.0,1.0,0.0,1.0,1.0
7,245,12.0,10.7486087104576,0.0,0.0,0.0,0.0,1.0,0.0
8,245,0.0,5.341965350502553,0.0,0.0,1.0,1.0,0.0,1.0
9,245,8.590042392209645,6.77860170566485,1.0,0.0,0.0,1.0,0.0,0.0
10,245,4.730523950167956,10.518710657833417,0.0,1.0,1.0,0.0,0.0,0.0
11,245,12.0,3.2249915036073693,0.0,0.0,0.0,0.0,1.0,1.0
12,245,0.0,6.562597323212083,0.0,0.0,0.0,0.0,0.0,0.0
13,245,10.300280712452162,7.714100476136891,0.0,1.0,0.0,1.0,1.0,0.0
14,245,12.0,5.037256528225534,1.0,0.0,0.0,1.0,0.0,0.0
15,245,3.9143738841483136,9.54235948980533,0.0,0.0,0.0,0.0,1.0,0.0
16,245,8.158400519471957,8.553310083207371,1.0,0.0,0.0,0.0,1.0,0.0
17,245,0.0,0.0,1.0,0.0,0.0,1.0,0.0,0.0
18,245,5.151719013190761,0.3104640716585274,0.0,0.0,0.0,0.0,0.0,0.0
19,245,0.0,12.0,0.0,0.0,1.0,1.0,0.0,0.0
20,245,2.4863301878672246,6.334186943007665,0.0,0.0,0.0,0.0,0.0,0.0
21,245,2.2484639581400008,11.88748202630869,0.0,0.0,0.0,0.0,1.0,1.0
22,245,2.1136304315949186,6.486060615690397,0.0,0.0,0.0,0.0,0.0,0.0
23,245,9.411888026804563,4.231177994711584,0.0,1.0,1.0,1.0,0.0,1.0
24,245,5.556879781499819,0.0,1.0,1.0,1.0,1.0,0.0,0.0
25,245,12.0,2.7131550238212223,0.0,1.0,0.0,0.0,1.0,1.0
26,245,5.3506912821682695,7.413794528791293,0.0,0.0,0.0,1.0,1.0,1.0
27,245,3.431805828854994,5.008055284656283,0.0,0.0,0.0,1.0,0.0,1.0
28,245,5.73374112266141,10.70372309790166,0.0,0.0,0.0,0.0,0.0,0.0
29,245,10.23436572435202,8.139759865740968,1.0,0.0,0.0,0.0,0.0,0.0
30,245,5.7164035404501305,5.823704017203772,1.0,1.0,0.0,0.0,1.0,1.0
31,245,9.556996955509597,6.162052165436064,1.0,1.0,1.0,1.0,0.0,0.0
32,245,0.0,5.233682297644489,0.0,0.0,0.0,1.0,0.0,0.0
33,245,1.4608953656245447,2.075394214477828,0.0,1.0,0.0,0.0,0.0,0.0
34,245,3.57743466481442,11.105893165701543,0.0,1.0,0.0,0.0,1.0,0.0
35,245,12.0,6.120036833835562,1.0,0.0,0.0,0.0,1.0,0.0
36,245,5.096935207018019,12.0,0.0,1.0,1.0,0.0,1.0,1.0
37,245,3.032184832543543,3.6504514756933566,1.0,0.0,0.0,0.0,1.0,1.0
38,245,2.609903944852082,0.0,1.0,0.0,1.0,0.0,1.0,0.0
39,245,1.612528051451365,4.825009376758593,0.0,1.0,1.0,1.0,1.0,1.0
0,250,6.123732755664115,0.6705955204178656,0.0,1.0,0.0,1.0,0.0,1.0
1,250,5.314153847686928,3.028598568092816,1.0,0.0,1.0,1.0,1.0,1.0
2,250,12.0,12.0,0.0,0.0,0.0,0.0,0.0,0.0
3,250,0.0,10.58268672801031,0.0,0.0,1.0,0.0,0.0,0.0
4,250,2.500648751208531,0.3737877225126473,0.0,0.0,1.0,0.0,1.0,0.0
5,250,8.09969646746648,7.909276276672783,1.0,1.0,0.0,0.0,0.0,0.0
6,250,4.183580174532583,0.8510194008498042,1.0,0.0,1.0,0.0,1.0,1.0
7,250,12.0,10.778526776263394,0.0,0.0,0.0,0.0,1.0,0.0
8,250,0.0,5.211016584839954,0.0,0.0,1.0,1.0,0.0,1.0
9,250,8.662876100046553,6.775674581534216,1.0,0.0,0.0,1.0,0.0,0.0
10,250,4.843987467085601,10.683440033044274,0.0,1.0,1.0,0.0,0.0,0.0
11,250,12.0,3.274554866479087,0.0,0.0,0.0,0.0,1.0,1.0
12,250,0.0,6.432225740795221,0.0,0.0,0.0,0.0,0.0,0.0
13,250,10.470902929847243,7.861559168786456,0.0,1.0,0.0,1.0,1.0,0.0
14,250,12.0,5.057885934491119,1.0,0.0,0.0,1.0,0.0,0.0
15,250,3.892422880579536,9.55204898063653,0.0,0.0,0.0,0.0,1.0,0.0
16,250,8.344038670552797,8.48747167147227,1.0,0.0,0.0,0.0,1.0,0.0
17,250,0.0,0.0,1.0,0.0,0.0,1.0,0.0,0.0
18,250,5.10102766015565,0.2258306918462211,0.0,0.0,0.0,0.0,0.0,0.0
19,250,0.0,12.0,0.0,0.0,1.0,1.0,0.0,0.0
20,250,2.456883689067208,6.234309269950478,0.0,0.0,0.0,0.0,0.0,0.0
21,250,2.2690542395365334,11.99213228159272,0.0,0.0,0.0,0.0,1.0,1.0
22,250,2.037228805355805,6.462093699493599,0.0,0.0,0.0,0.0,0.0,0.0
23,250,9.629953307803817,4.3514748250756,0.0,1.0,1.0,1.0,0.0,1.0
24,250,5.483245345309619,0.0,1.0,1.0,1.0,1.0,0.0,0.0
25,250,12.0,2.684640825834458,0.0,1.0,0.0,0.0,1.0,1.0
26,250,5.459134758990526,7.269309767579134,0.0,0.0,0.0,1.0,1.0,1.0
27,250,3.4164161756182727,5.022034683907641,0.0,0.0,0.0,1.0,0.0,1.0
28,250,5.716554321849413,10.715669336438856,0.0,0.0,0.0,0.0,0.0,0.0
29,250,10.297682761974505,8.1489576943127,1.0,0.0,0.0,0.0,0.0,0.0
30,250,5.651847481308657,5.831898296908431,1.0,1.0,0.0,0.0,1.0,1.0
31,250,9.617320493002582,6.173215138514522,1.0,1.0,1.0,1.0,0.0,0.0
32,250,0.0,5.234620357118557,0.0,0.0,0.0,1.0,0.0,0.0
33,250,1.4472078639978283,2.082371960596048,0.0,1.0,0.0,0.0,0.0,0.0
34,250,3.323406593847844,11.24272700065192,0.0,1.0,0.0,0.0,1.0,0.0
35,250,12.0,6.114883091159102,1.0,0.0,0.0,0.0,1.0,0.0
36,250,5.015165875792366,12.0,0.0,1.0,1.0,0.0,1.0,1.0
37,250,3.0476191424465053,3.609018413334777,1.0,0.0,0.0,0.0,1.0,1.0
38,250,2.7174359774997003,0.0,1.0,0.0,1.0,0.0,1.0,0.0
39,250,1.2954205029888146,4.6994674288904745,0.0,1.0,1.0,1.0,1.0,1.0
0,255,6.07667032172978,0.5644568921106964,0.0,1.0,0.0,1.0,0.0,1.0
1,255,5.292568407721084,2.9667684066353397,1.0,0.0,1.0,1.0,1.0,1.0
2,255,12.0,12.0,0.0,0.0,0.0,0.0,0.0,0.0
3,255,0.0,10.52490096509622,0.0,0.0,1.0,0.0,0.0,0.0
4,255,2.527040564100704,0.3548921623090671,0.0,0.0,1.0,0.0,1.0,0.0
5,255,8.104732596327093,7.949781999267328,1.0,1.0,0.0,0.0,0.0,0.0
6,255,4.285205610311574,0.7422891553301939,1.0,0.0,1.0,0.0,1.0,1.0
7,255,12.0,10.812846045418052,0.0,0.0,0.0,0.0,1.0,0.0
8,255,0.0,5.09670637493984,0.0,0.0,1.0,1.0,0.0,1.0
9,255,8.70782921429746,6.772293372703229,1.0,0.0,0.0,1.0,0.0,0.0
10,255,4.950167107977817,10.836414313173226,0.0,1.0,1.0,0.0,0.0,0.0
11,255,12.0,3.3227004416543053,0.0,0.0,0.0,0.0,1.0,1.0
12,255,0.0,6.323111198614228,0.0,0.0,0.0,0.0,0.0,0.0
13,255,10.658865342322208,8.021556227976818,0.0,1.0,0.0,1.0,1.0,0.0
14,255,12.0,5.079224233485251,1.0,0.0,0.0,1.0,0.0,0.0
15,255,3.882911433345094,9.556345425984368,0.0,0.0,0.0,0.0,1.0,0.0
16,255,8.543640876301874,8.42086251301419,1.0,0.0,0.0,0.0,1.0,0.0
17,255,0.0,0.0,1.0,0.0,0.0,1.0,0.0,0.0
18,255,5.059366969960549,0.1529889122113014,0.0,0.0,0.0,0.0,0.0,0.0
19,255,0.0,12.0,0.0,0.0,1.0,1.0,0.0,0.0
20,255,2.42568045053694,6.123776739299316,0.0,0.0,0.0,0.0,0.0,0.0
21,255,2.2954846470613184,12.0,0.0,0.0,0.0,0.0,1.0,1.0
22,255,1.9626923793183728,6.437044382307926,0.0,0.0,0.0,0.0,0.0,0.0
23,255,9.837229385263385,4.470649426402385,0.0,1.0,1.0,1.0,0.0,1.0
24,255,5.409743829517408,0.0,1.0,1.0,1.0,1.0,0.0,0.0
25,255,12.0,2.6667605501332496,0.0,1.0,0.0,0.0,1.0,1.0
26,255,5.56486315833376,7.1316734398633965,0.0,0.0,0.0,1.0,1.0,1.0
27,255,3.376692695739252,5.057044414218799,0.0,0.0,0.0,1.0,0.0,1.0
28,255,5.70476278301033,10.723222130284254,0.0,0.0,0.0,0.0,0.0,0.0
29,255,10.362415677670942,8.15734009276668,1.0,0.0,0.0,0.0,0.0,0.0
30,255,5.581619616483235,5.842589434953859,1.0,1.0,0.0,0.0,1.0,1.0
31,255,9.610887103671123,6.203387326238406,1.0,1.0,1.0,1.0,0.0,0.0
32,255,0.0,5.238923144888446,0.0,0.0,0.0,1.0,0.0,0.0
33,255,1.4395794495494965,2.086151804161048,0.0,1.0,0.0,0.0,0.0,0.0
34,255,3.063969414765653,11.382585930593818,0.0,1.0,0.0,0.0,1.0,0.0
35,255,12.0,6.113677222351299,1.0,0.0,0.0,0.0,1.0,0.0
36,255,4.932796577738948,12.0,0.0,1.0,1.0,0.0,1.0,1.0
37,255,3.060735437797101,3.5759483409318715,1.0,0.0,0.0,0.0,1.0,1.0
38,255,2.809479871132147,0.0,1.0,0.0,1.0,0.0,1.0,0.0
39,255,0.9898371887392192,4.590540777116533,0.0,1.0,1.0,1.0,1.0,1.0
0,260,6.023789800447307,0.4532141381781067,0.0,1.0,0.0,1.0,0.0,1.0
1,260,5.279042331041884,2.928610038229868,1.0,0.0,1.0,1.0,1.0,1.0
2,260,12.0,12.0,0.0,0.0,0.0,0.0,0.0,0.0
3,260,0.0,10.471069624736206,0.0,0.0,1.0,0.0,0.0,0.0
4,260,2.5603759864846265,0.3307363919929325,0.0,0.0,1.0,0.0,1.0,0.0
5,260,8.10998132778876,7.9970340833004,1.0,1.0,0.0,0.0,0.0,0.0
6,260,4.3887471640843305,0.6318214499293328,1.0,0.0,1.0,0.0,1.0,1.0
7,260,12.0,10.847585582783962,0.0,0.0,0.0,0.0,1.0,0.0
8,260,0.0,4.979964846216274,0.0,0.0,1.0,1.0,0.0,1.0
9,260,8.752919892118932,6.76816878814798,1.0,0.0,0.0,1.0,0.0,0.0
10,260,5.056552947141614,10.995656302306005,0.0,1.0,1.0,0.0,0.0,0.0
11,260,12.0,3.355728720238677,0.0,0.0,0.0,0.0,1.0,1.0
12,260,0.0,6.208797637430457,0.0,0.0,0.0,0.0,0.0,0.0
13,260,10.87003964378561,8.204997849189327,0.0,1.0,0.0,1.0,1.0,0.0
14,260,12.0,5.106657388551987,1.0,0.0,0.0,1.0,0.0,0.0
15,260,3.849644073584452,9.571391053897234,0.0,0.0,0.0,0.0,1.0,0.0
16,260,8.737800660559731,8.355957889468547,1.0,0.0,0.0,0.0,1.0,0.0
17,260,0.0,0.0,1.0,0.0,0.0,1.0,0.0,0.0
18,260,5.004208865780849,0.0620889309283822,0.0,0.0,0.0,0.0,0.0,0.0
19,260,0.0,12.0,0.0,0.0,1.0,1.0,0.0,0.0
20,260,2.401882380192172,6.027599307221552,0.0,0.0,0.0,0.0,0.0,0.0
21,260,2.318552850240077,12.0,0.0,0.0,0.0,0.0,1.0,1.0
22,260,1.8681960566897065,6.40268932228504,0.0,0.0,0.0,0.0,0.0,0.0
23,260,10.0647880044586,4.604822903117607,0.0,1.0,1.0,1.0,0.0,1.0
24,260,5.328190032918704,0.0,1.0,1.0,1.0,1.0,0.0,0.0
25,260,12.0,2.651143185332512,0.0,1.0,0.0,0.0,1.0,1.0
26,260,5.676304950113427,6.977643776913218,0.0,0.0,0.0,1.0,1.0,1.0
27,260,3.3160316092737223,5.107045020267488,0.0,0.0,0.0,1.0,0.0,1.0
28,260,5.697222286814761,10.727972452776385,0.0,0.0,0.0,0.0,0.0,0.0
29,260,10.449440520352317,8.16624490727932,1.0,0.0,0.0,0.0,0.0,0.0
30,260,5.5924386625673215,5.905657896032558,1.0,1.0,0.0,0.0,1.0,1.0
31,260,9.60780135345112,6.217267718521991,1.0,1.0,1.0,1.0,0.0,0.0
32,260,0.0,5.243159228218022,0.0,0.0,0.0,1.0,0.0,0.0
33,260,1.4453746404339711,2.083246911383555,0.0,1.0,0.0,0.0,0.0,0.0
34,260,2.822807297380606,11.518590398856906,0.0,1.0,0.0,0.0,1.0,0.0
35,260,12.0,6.110457739850908,1.0,0.0,0.0,0.0,1.0,0.0
36,260,4.856573753034267,12.0,0.0,1.0,1.0,0.0,1.0,1.0
37,260,3.0742048899471004,3.5408792250557197,1.0,0.0,0.0,0.0,1.0,1.0
38,260,2.8906671638642223,0.0,1.0,0.0,1.0,0.0,1.0,0.0
39,260,0.7128440668732656,4.48349377634085,0.0,1.0,1.0,1.0,1.0,1.0
0,265,5.97975853762696,0.3529738723306091,0.0,1.0,0.0,1.0,0.0,1.0
1,265,5.267426651368305,2.893949087021036,1.0,0.0,1.0,1.0,1.0,1.0
2,265,12.0,12.0,0.0,0.0,0.0,0.0,0.0,0.0
3,265,0.0,10.431969185836516,0.0,0.0,1.0,0.0,0.0,0.0
4,265,2.599022340193577,0.3019847437414688,0.0,0.0,1.0,0.0,1.0,0.0
5,265,8.116009666008607,8.050380540662117,1.0,1.0,0.0,0.0,0.0,0.0
6,265,4.492389351742466,0.5161945943267537,1.0,0.0,1.0,0.0,1.0,1.0
7,265,12.0,10.879391060264645,0.0,0.0,0.0,0.0,1.0,0.0
8,265,0.0,4.88894079009804,0.0,0.0,1.0,1.0,0.0,1.0
9,265,8.792573067806433,6.764918607407291,1.0,0.0,0.0,1.0,0.0,0.0
10,265,5.1626744683154415,11.156396424171012,0.0,1.0,1.0,0.0,0.0,0.0
11,265,12.0,3.391156442128533,0.0,0.0,0.0,0.0,1.0,1.0
12,265,0.0,6.283494498330528,0.0,0.0,0.0,0.0,0.0,0.0
13,265,11.076550047005172,8.388010022070562,0.0,1.0,0.0,1.0,1.0,0.0
14,265,12.0,5.140324431782473,1.0,0.0,0.0,1.0,0.0,0.0
15,265,3.808374487303922,9.589402335014292,0.0,0.0,0.0,0.0,1.0,0.0
16,265,8.936878701199698,8.292692366350932,1.0,0.0,0.0,0.0,1.0,0.0
17,265,0.0,0.0,1.0,0.0,0.0,1.0,0.0,0.0
18,265,4.93985434954918,0.0,0.0,0.0,0.0,0.0,0.0,0.0
19,265,0.0,12.0,0.0,0.0,1.0,1.0,0.0,0.0
20,265,2.375161681760728,5.923911684838687,0.0,0.0,0.0,0.0,0.0,0.0
21,265,2.343350622851638,12.0,0.0,0.0,0.0,0.0,1.0,1.0
22,265,1.748417851325239,6.359955886802347,0.0,0.0,0.0,0.0,0.0,0.0
23,265,10.274193197490831,4.738170621986724,0.0,1.0,1.0,1.0,0.0,1.0
24,265,5.266986460883126,0.0,1.0,1.0,1.0,1.0,0.0,0.0
25,265,12.0,2.644081740542319,0.0,1.0,0.0,0.0,1.0,1.0
26,265,5.78562506125399,6.82735737657024,0.0,0.0,0.0,1.0,1.0,1.0
27,265,3.254853850038325,5.157099283741167,0.0,0.0,0.0,1.0,0.0,1.0
28,265,5.661772917564744,10.750187006962996,0.0,0.0,0.0,0.0,0.0,0.0
29,265,10.55373257344319,8.17651895231507,1.0,0.0,0.0,0.0,0.0,0.0
30,265,5.6064305353122,5.977672415952566,1.0,1.0,0.0,0.0,1.0,1.0
31,265,9.603696692827508,6.237324396271219,1.0,1.0,1.0,1.0,0.0,0.0
32,265,0.0,5.248779584813968,0.0,0.0,0.0,1.0,0.0,0.0
33,265,1.4472413304209386,2.082336186690795,0.0,1.0,0.0,0.0,0.0,0.0
34,265,2.575525550144081,11.650759333661146,0.0,1.0,0.0,0.0,1.0,0.0
35,265,12.0,6.110432338600237,1.0,0.0,0.0,0.0,1.0,0.0
36,265,4.786263482708075,12.0,0.0,1.0,1.0,0.0,1.0,1.0
37,265,3.086635358909797,3.5080114230675403,1.0,0.0,0.0,0.0,1.0,1.0
38,265,2.972919879982,0.0,1.0,0.0,1.0,0.0,1.0,0.0
39,265,0.4140324578329808,4.363441812721033,0.0,1.0,1.0,1.0,1.0,1.0
0,270,5.936903577092413,0.2562993435209164,0.0,1.0,0.0,1.0,0.0,1.0
1,270,5.258414470154782,2.8665726332140204,1.0,0.0,1.0,1.0,1.0,1.0
2,270,12.0,12.0,0.0,0.0,0.0,0.0,0.0,0.0
3,270,0.0,10.388405754241472,0.0,0.0,1.0,0.0,0.0,0.0
4,270,2.6271887720680343,0.2800311940530054,0.0,0.0,1.0,0.0,1.0,0.0
5,270,8.124655600830973,8.117229936342891,1.0,1.0,0.0,0.0,0.0,0.0
6,270,4.609673481489824,0.3834175212259867,1.0,0.0,1.0,0.0,1.0,1.0
7,270,12.0,10.90972795633835,0.0,0.0,0.0,0.0,1.0,0.0
8,270,0.0,4.785877392634984,0.0,0.0,1.0,1.0,0.0,1.0
9,270,8.834218449300172,6.761235533433388,1.0,0.0,0.0,1.0,0.0,0.0
10,270,5.25478024761788,11.29566815328789,0.0,1.0,1.0,0.0,0.0,0.0
11,270,12.0,3.4424967497409167,0.0,0.0,0.0,0.0,1.0,1.0
12,270,0.0,6.358283617477719,0.0,0.0,0.0,0.0,0.0,0.0
13,270,11.27779531068921,8.566469011165497,0.0,1.0,0.0,1.0,1.0,0.0
14,270,12.0,5.172631738774737,1.0,0.0,0.0,1.0,0.0,0.0
15,270,3.751033372388695,9.614412797650363,0.0,0.0,0.0,0.0,1.0,0.0
16,270,9.136399612530896,8.226848317471084,1.0,0.0,0.0,0.0,1.0,0.0
17,270,0.0,0.0,1.0,0.0,0.0,1.0,0.0,0.0
18,270,4.87515387884183,0.0,0.0,0.0,0.0,0.0,0.0,0.0
19,270,0.0,12.0,0.0,0.0,1.0,1.0,0.0,0.0
20,270,2.347320178222317,5.819205428222227,0.0,0.0,0.0,0.0,0.0,0.0
21,270,2.373834073799676,12.0,0.0,0.0,0.0,0.0,1.0,1.0
22,270,1.6550754916623922,6.3237476937731945,0.0,0.0,0.0,0.0,0.0,0.0
23,270,10.466502839246749,4.855507874827348,0.0,1.0,1.0,1.0,0.0,1.0
24,270,5.187849683388898,0.0,1.0,1.0,1.0,1.0,0.0,0.0
25,270,12.0,2.634811110840748,0.0,1.0,0.0,0.0,1.0,1.0
26,270,5.882540068137399,6.69710929330387,0.0,0.0,0.0,1.0,1.0,1.0
27,270,3.189115774737105,5.210828687945395,0.0,0.0,0.0,1.0,0.0,1.0
28,270,5.631481253862027,10.766829344922751,0.0,0.0,0.0,0.0,0.0,0.0
29,270,10.63667902075932,8.183279815137551,1.0,0.0,0.0,0.0,0.0,0.0
30,270,5.623479684819741,6.059423664295382,1.0,1.0,0.0,0.0,1.0,1.0
31,270,9.598889306090376,6.260607445250416,1.0,1.0,1.0,1.0,0.0,0.0
32,270,0.0,5.256965829000139,0.0,0.0,0.0,1.0,0.0,0.0
33,270,1.4539749868445264,2.0789755628434685,0.0,1.0,0.0,0.0,0.0,0.0
34,270,2.324863485859277,11.795035183545814,0.0,1.0,0.0,0.0,1.0,0.0
35,270,11.977765694985209,6.115358042081394,1.0,0.0,0.0,0.0,1.0,0.0
36,270,4.710468820561024,12.0,0.0,1.0,1.0,0.0,1.0,1.0
37,270,3.111337921194695,3.44539821469485,1.0,0.0,0.0,0.0,1.0,1.0
38,270,3.0733824398684564,0.0,1.0,0.0,1.0,0.0,1.0,0.0
39,270,0.1166116319356332,4.242571955251561,0.0,1.0,1.0,1.0,1.0,1.0
0,275,5.897852001668786,0.1659856818421272,0.0,1.0,0.0,1.0,0.0,1.0
1,275,5.250211105080694,2.843374352202908,1.0,0.0,1.0,1.0,1.0,1.0
2,275,12.0,12.0,0.0,0.0,0.0,0.0,0.0,0.0
3,275,0.0,10.326024730361786,0.0,0.0,1.0,0.0,0.0,0.0
4,275,2.643199385974925,0.2675479433107585,0.0,0.0,1.0,0.0,1.0,0.0
5,275,8.130246795533617,8.169192427185692,1.0,1.0,0.0,0.0,0.0,0.0
6,275,4.717831389518216,0.2528851941220035,1.0,0.0,1.0,0.0,1.0,1.0
7,275,12.0,10.95059641972213,0.0,0.0,0.0,0.0,1.0,0.0
8,275,0.0,4.686268740286344,0.0,0.0,1.0,1.0,0.0,1.0
9,275,8.888216532601065,6.756577780510548,1.0,0.0,0.0,1.0,0.0,0.0
10,275,5.352991418507906,11.446570858301229,0.0,1.0,1.0,0.0,0.0,0.0
11,275,12.0,3.485393169624804,0.0,0.0,0.0,0.0,1.0,1.0
12,275,0.0,6.426896545903462,0.0,0.0,0.0,0.0,0.0,0.0
13,275,11.48661564835582,8.764988029729318,0.0,1.0,0.0,1.0,1.0,0.0
14,275,12.0,5.199223492333447,1.0,0.0,0.0,1.0,0.0,0.0
15,275,3.684520895775944,9.64229484666697,0.0,0.0,0.0,0.0,1.0,0.0
16,275,9.340108666673972,8.167895585911806,1.0,0.0,0.0,0.0,1.0,0.0
17,275,0.0,0.0,1.0,0.0,0.0,1.0,0.0,0.0
18,275,4.817701156076134,0.0,0.0,0.0,0.0,0.0,0.0,0.0
19,275,0.0,12.0,0.0,0.0,1.0,1.0,0.0,0.0
20,275,2.319067098743268,5.719819824637035,0.0,0.0,0.0,0.0,0.0,0.0
21,275,2.403278030117798,12.0,0.0,0.0,0.0,0.0,1.0,1.0
22,275,1.5762322112506868,6.293030872635666,0.0,0.0,0.0,0.0,0.0,0.0
23,275,10.651830753672478,4.963547956448421,0.0,1.0,1.0,1.0,0.0,1.0
24,275,5.113715602746322,0.0,1.0,1.0,1.0,1.0,0.0,0.0
25,275,12.0,2.624034458611185,0.0,1.0,0.0,0.0,1.0,1.0
26,275,5.976551482099861,6.573259739423451,0.0,0.0,0.0,1.0,1.0,1.0
27,275,3.1452738990741405,5.24672415289781,0.0,0.0,0.0,1.0,0.0,1.0
28,275,5.605736021857242,10.781193947907417,0.0,0.0,0.0,0.0,0.0,0.0
29,275,10.738057732713122,8.189833396950082,1.0,0.0,0.0,0.0,0.0,0.0
30,275,5.641649927096204,6.149293960120256,1.0,1.0,0.0,0.0,1.0,1.0
31,275,9.593464440075111,6.288640249022932,1.0,1.0,1.0,1.0,0.0,0.0
32,275,0.0,5.267904376335303,0.0,0.0,0.0,1.0,0.0,0.0
33,275,1.4758954592708793,2.067652487171161,0.0,1.0,0.0,0.0,0.0,0.0
34,275,2.0608836764509006,11.93957369538286,0.0,1.0,0.0,0.0,1.0,0.0
35,275,11.933064120064897,6.124917310079339,1.0,0.0,0.0,0.0,1.0,0.0
36,275,4.640370566331718,12.0,0.0,1.0,1.0,0.0,1.0,1.0
37,275,3.1319115419791306,3.3927730201259063,1.0,0.0,0.0,0.0,1.0,1.0
38,275,3.169493696438633,0.0,1.0,0.0,1.0,0.0,1.0,0.0
39,275,0.0,4.125435061056039,0.0,1.0,1.0,1.0,1.0,1.0
0,280,5.990743882129556,0.1285537195764691,0.0,1.0,0.0,1.0,0.0,1.0
1,280,5.2451019931285625,2.828404245812789,1.0,0.0,1.0,1.0,1.0,1.0
2,280,12.0,12.0,0.0,0.0,0.0,0.0,0.0,0.0
3,280,0.0,10.27988526646795,0.0,0.0,1.0,0.0,0.0,0.0
4,280,2.6691699905661177,0.2473578696690806,0.0,0.0,1.0,0.0,1.0,0.0
5,280,8.139065754412862,8.240692248027464,1.0,1.0,0.0,0.0,0.0,0.0
6,280,4.844918244342463,0.1103292029025468,1.0,0.0,1.0,0.0,1.0,1.0
7,280,12.0,10.98642194260714,0.0,0.0,0.0,0.0,1.0,0.0
8,280,0.0,4.572473080407589,0.0,0.0,1.0,1.0,0.0,1.0
9,280,8.926772362268723,6.7534889295104765,1.0,0.0,0.0,1.0,0.0,0.0
10,280,5.460010493105531,11.61362435206241,0.0,1.0,1.0,0.0,0.0,0.0
11,280,12.0,3.514466959992515,0.0,0.0,0.0,0.0,1.0,1.0
12,280,0.0,6.504307675544883,0.0,0.0,0.0,0.0,0.0,0.0
13,280,11.704198852794889,8.962060706047058,0.0,1.0,0.0,1.0,1.0,0.0
14,280,12.0,5.2247363207835305,1.0,0.0,0.0,1.0,0.0,0.0
15,280,3.598122254319762,9.678851629616156,0.0,0.0,0.0,0.0,1.0,0.0
16,280,9.572930155646038,8.104043380756517,1.0,0.0,0.0,0.0,1.0,0.0
17,280,0.0,0.0,1.0,0.0,0.0,1.0,0.0,0.0
18,280,4.770367376471181,0.0,0.0,0.0,0.0,0.0,0.0,0.0
19,280,0.0,12.0,0.0,0.0,1.0,1.0,0.0,0.0
20,280,2.291059551181888,5.620558831157876,0.0,0.0,0.0,0.0,0.0,0.0
21,280,2.437901589733251,12.0,0.0,0.0,0.0,0.0,1.0,1.0
22,280,1.4860213509926046,6.257103561461316,0.0,0.0,0.0,0.0,0.0,0.0
23,280,10.850405058047697,5.07986572251489,0.0,1.0,1.0,1.0,0.0,1.0
24,280,5.042085607162154,0.0,1.0,1.0,1.0,1.0,0.0,0.0
25,280,12.0,2.616318064953351,0.0,1.0,0.0,0.0,1.0,1.0
26,280,6.057658481425965,6.462190223585112,0.0,0.0,0.0,1.0,1.0,1.0
27,280,3.094590775654615,5.290896193646871,0.0,0.0,0.0,1.0,0.0,1.0
28,280,5.579328025117575,10.796313620208124,0.0,0.0,0.0,0.0,0.0,0.0
29,280,10.846941686803987,8.197216108094683,1.0,0.0,0.0,0.0,0.0,0.0
30,280,5.661657141870233,6.258037406272226,1.0,1.0,0.0,0.0,1.0,1.0
31,280,9.587649174209345,6.3177836566958,1.0,1.0,1.0,1.0,0.0,0.0
32,280,0.0,5.278897139619029,0.0,0.0,0.0,1.0,0.0,0.0
33,280,1.5083415733649492,2.0517355088170413,0.0,1.0,0.0,0.0,0.0,0.0
34,280,1.7947142127969569,12.0,0.0,1.0,0.0,0.0,1.0,0.0
35,280,11.919033305340667,6.127805988193218,1.0,0.0,0.0,0.0,1.0,0.0
36,280,4.572046191065638,12.0,0.0,1.0,1.0,0.0,1.0,1.0
37,280,3.1589214079042742,3.317754522601459,1.0,0.0,0.0,0.0,1.0,1.0
38,280,3.262284451531328,0.0,1.0,0.0,1.0,0.0,1.0,0.0
39,280,0.0,3.994462694257557,0.0,1.0,1.0,1.0,1.0,1.0
0,285,6.084949678636022,0.0917571940124568,0.0,1.0,0.0,1.0,0.0,1.0
1,285,5.23930833931652,2.8126791900476977,1.0,0.0,1.0,1.0,1.0,1.0
2,285,12.0,12.0,0.0,0.0,0.0,0.0,0.0,0.0
3,285,0.0,10.21608617859638,0.0,0.0,1.0,0.0,0.0,0.0
4,285,2.70215242721575,0.2224834348268254,0.0,0.0,1.0,0.0,1.0,0.0
5,285,8.143243035975571,8.2841392880124,1.0,1.0,0.0,0.0,0.0,0.0
6,285,4.973675813675111,0.0,1.0,0.0,1.0,0.0,1.0,1.0
7,285,12.0,11.018216277531025,0.0,0.0,0.0,0.0,1.0,0.0
8,285,0.0,4.469563354447928,0.0,0.0,1.0,1.0,0.0,1.0
9,285,8.98282601459954,6.749406078103319,1.0,0.0,0.0,1.0,0.0,0.0
10,285,5.568332817641056,11.78828648480681,0.0,1.0,1.0,0.0,0.0,0.0
11,285,12.0,3.534209181330403,0.0,0.0,0.0,0.0,1.0,1.0
12,285,0.0,6.588603041319829,0.0,0.0,0.0,0.0,0.0,0.0
13,285,11.902570399875833,9.146255523066712,0.0,1.0,0.0,1.0,1.0,0.0
14,285,12.0,5.247113848108122,1.0,0.0,0.0,1.0,0.0,0.0
15,285,3.515788276413919,9.712224783660371,0.0,0.0,0.0,0.0,1.0,0.0
16,285,9.794317629767171,8.041212306441116,1.0,0.0,0.0,0.0,1.0,0.0
17,285,0.0,0.0,1.0,0.0,0.0,1.0,0.0,0.0
18,285,4.731826225644779,0.0,0.0,0.0,0.0,0.0,0.0,0.0
19,285,0.0,12.0,0.0,0.0,1.0,1.0,0.0,0.0
20,285,2.267015906068089,5.523816573071865,0.0,0.0,0.0,0.0,0.0,0.0
21,285,2.4699731386660493,12.0,0.0,0.0,0.0,0.0,1.0,1.0
22,285,1.3819676651888573,6.216050740195673,0.0,0.0,0.0,0.0,0.0,0.0
23,285,11.042840443512954,5.191643722879017,0.0,1.0,1.0,1.0,0.0,1.0
24,285,4.9729035552925085,0.0,1.0,1.0,1.0,1.0,0.0,0.0
25,285,12.0,2.609899853406428,0.0,1.0,0.0,0.0,1.0,1.0
26,285,6.142867445050395,6.35047781569976,0.0,0.0,0.0,1.0,1.0,1.0
27,285,3.0424581075475303,5.3369759173966616,0.0,0.0,0.0,1.0,0.0,1.0
28,285,5.544503112717768,10.81607352649971,0.0,0.0,0.0,0.0,0.0,0.0
29,285,10.939147747003345,8.20391878241246,1.0,0.0,0.0,0.0,0.0,0.0
30,285,5.683997303760662,6.369756238031877,1.0,1.0,0.0,0.0,1.0,1.0
31,285,9.587267261347836,6.319894673886009,1.0,1.0,1.0,1.0,0.0,0.0
32,285,0.0,5.288783850899053,0.0,0.0,0.0,1.0,0.0,0.0
33,285,1.544373250069376,2.033892644244258,0.0,1.0,0.0,0.0,0.0,0.0
34,285,1.5138594224863535,12.0,0.0,1.0,0.0,0.0,1.0,0.0
35,285,11.925400793939827,6.126502633718943,1.0,0.0,0.0,0.0,1.0,0.0
36,285,4.501936257776805,12.0,0.0,1.0,1.0,0.0,1.0,1.0
37,285,3.1910279934000325,3.225143685524306,1.0,0.0,0.0,0.0,1.0,1.0
38,285,3.351682073290503,0.0,1.0,0.0,1.0,0.0,1.0,0.0
39,285,0.0,3.867283646905604,0.0,1.0,1.0,1.0,1.0,1.0
0,290,6.201719306650356,0.0426217218731876,0.0,1.0,0.0,1.0,0.0,1.0
1,290,5.230016910890853,2.7865121348056885,1.0,0.0,1.0,1.0,1.0,1.0
2,290,12.0,12.0,0.0,0.0,0.0,0.0,0.0,0.0
3,290,0.0,10.136431516694795,0.0,0.0,1.0,0.0,0.0,0.0
4,290,2.7334224726416365,0.1986992191221304,0.0,0.0,1.0,0.0,1.0,0.0
5,290,8.147531725670815,8.328805921266866,1.0,1.0,0.0,0.0,0.0,0.0
6,290,5.088343865974701,0.0,1.0,0.0,1.0,0.0,1.0,1.0
7,290,12.0,11.04352536004406,0.0,0.0,0.0,0.0,1.0,0.0
8,290,0.0,4.3702115213341735,0.0,0.0,1.0,1.0,0.0,1.0
9,290,9.03744198300542,6.745655089855766,1.0,0.0,0.0,1.0,0.0,0.0
10,290,5.6762504377547405,11.959964139522109,0.0,1.0,1.0,0.0,0.0,0.0
11,290,12.0,3.5612626666147023,0.0,0.0,0.0,0.0,1.0,1.0
12,290,0.0,6.681419024536944,0.0,0.0,0.0,0.0,0.0,0.0
13,290,12.0,9.330527057958092,0.0,1.0,0.0,1.0,1.0,0.0
14,290,12.0,5.268328178345549,1.0,0.0,0.0,1.0,0.0,0.0
15,290,3.402745145634288,9.755678109698612,0.0,0.0,0.0,0.0,1.0,0.0
16,290,10.002540777381274,7.980923809601555,1.0,0.0,0.0,0.0,1.0,0.0
17,290,0.0,0.0,1.0,0.0,0.0,1.0,0.0,0.0
18,290,4.703299392215477,0.0,0.0,0.0,0.0,0.0,0.0,0.0
19,290,0.0,12.0,0.0,0.0,1.0,1.0,0.0,0.0
20,290,2.240823047344807,5.417494017151644,0.0,0.0,0.0,0.0,0.0,0.0
21,290,2.499631298702287,12.0,0.0,0.0,0.0,0.0,1.0,1.0
22,290,1.2845875069888144,6.177210111337306,0.0,0.0,0.0,0.0,0.0,0.0
23,290,11.229815480836162,5.306165649972092,0.0,1.0,1.0,1.0,0.0,1.0
24,290,4.912641685274354,0.0,1.0,1.0,1.0,1.0,0.0,0.0
25,290,12.0,2.5980212454427334,0.0,1.0,0.0,0.0,1.0,1.0
26,290,6.22050917127068,6.246535804728033,0.0,0.0,0.0,1.0,1.0,1.0
27,290,3.001520049599063,5.37230232838294,0.0,0.0,0.0,1.0,0.0,1.0
28,290,5.533940378894,10.821868550193026,0.0,0.0,0.0,0.0,0.0,0.0
29,290,11.016562080903084,8.210205158712547,1.0,0.0,0.0,0.0,0.0,0.0
30,290,5.70406737655987,6.495598323143847,1.0,1.0,0.0,0.0,1.0,1.0
31,290,9.584240193941032,6.335678664336221,1.0,1.0,1.0,1.0,0.0,0.0
32,290,0.0,5.300774802745865,0.0,0.0,0.0,1.0,0.0,0.0
33,290,1.5767693985557476,2.018734357187268,0.0,1.0,0.0,0.0,0.0,0.0
34,290,1.2054202971173271,12.0,0.0,1.0,0.0,0.0,1.0,0.0
35,290,11.934229183773224,6.124788426113423,1.0,0.0,0.0,0.0,1.0,0.0
36,290,4.4391775405350025,12.0,0.0,1.0,1.0,0.0,1.0,1.0
37,290,3.221216643270204,3.132502784993375,1.0,0.0,0.0,0.0,1.0,1.0
38,290,3.452764213288835,0.0,1.0,0.0,1.0,0.0,1.0,0.0
39,290,0.0,3.736770677403464,0.0,1.0,1.0,1.0,1.0,1.0
0,295,6.330545946980215,0.0,0.0,1.0,0.0,1.0,0.0,1.0
1,295,5.223214043043051,2.766456260804021,1.0,0.0,1.0,1.0,1.0,1.0
2,295,12.0,12.0,0.0,0.0,0.0,0.0,0.0,0.0
3,295,0.0,10.06757800363245,0.0,0.0,1.0,0.0,0.0,0.0
4,295,2.786031294211052,0.1598738667087635,0.0,0.0,1.0,0.0,1.0,0.0
5,295,8.152123607396938,8.372219831262607,1.0,1.0,0.0,0.0,0.0,0.0
6,295,5.191252816310038,0.0,1.0,0.0,1.0,0.0,1.0,1.0
7,295,12.0,11.067050052699273,0.0,0.0,0.0,0.0,1.0,0.0
8,295,0.0,4.257177440437466,0.0,0.0,1.0,1.0,0.0,1.0
9,295,9.11530401456315,6.740788934148275,1.0,0.0,0.0,1.0,0.0,0.0
10,295,5.7860056941077325,12.0,0.0,1.0,1.0,0.0,0.0,0.0
11,295,12.0,3.5784277942506426,0.0,0.0,0.0,0.0,1.0,1.0
12,295,0.0,6.768253660679772,0.0,0.0,0.0,0.0,0.0,0.0
13,295,12.0,9.521722459560658,0.0,1.0,0.0,1.0,1.0,0.0
14,295,12.0,5.293625151322253,1.0,0.0,0.0,1.0,0.0,0.0
15,295,3.2905974680374395,9.801416284237558,0.0,0.0,0.0,0.0,1.0,0.0
16,295,10.172846534465256,7.928886082371908,1.0,0.0,0.0,0.0,1.0,0.0
17,295,0.0,0.0,1.0,0.0,0.0,1.0,0.0,0.0
18,295,4.682124605320327,0.0,0.0,0.0,0.0,0.0,0.0,0.0
19,295,0.0,12.0,0.0,0.0,1.0,1.0,0.0,0.0
20,295,2.2146740818860344,5.314951392573123,0.0,0.0,0.0,0.0,0.0,0.0
21,295,2.532795569719541,12.0,0.0,0.0,0.0,0.0,1.0,1.0
22,295,1.16413047672267,6.125099819647279,0.0,0.0,0.0,0.0,0.0,0.0
23,295,11.433570929126926,5.429108858681163,0.0,1.0,1.0,1.0,0.0,1.0
24,295,4.857470817653817,0.0,1.0,1.0,1.0,1.0,0.0,0.0
25,295,12.0,2.5779316986865544,0.0,1.0,0.0,0.0,1.0,1.0
26,295,6.293776832322909,6.156651535606625,0.0,0.0,0.0,1.0,1.0,1.0
27,295,2.9553362890632244,5.413170249549891,0.0,0.0,0.0,1.0,0.0,1.0
28,295,5.5196394579625885,10.829069022279986,0.0,0.0,0.0,0.0,0.0,0.0
29,295,11.102138176137789,8.2172713925917,1.0,0.0,0.0,0.0,0.0,0.0
30,295,5.7252679796218295,6.6159331959979975,1.0,1.0,0.0,0.0,1.0,1.0
31,295,9.58029340187704,6.35554212234796,1.0,1.0,1.0,1.0,0.0,0.0
32,295,0.0,5.310786143192335,0.0,0.0,0.0,1.0,0.0,0.0
33,295,1.6057145712573726,2.004778076596631,0.0,1.0,0.0,0.0,0.0,0.0
34,295,0.9200221494117976,12.0,0.0,1.0,0.0,0.0,1.0,0.0
35,295,11.935507972228947,6.124514602751071,1.0,0.0,0.0,0.0,1.0,0.0
36,295,4.373846586744189,12.0,0.0,1.0,1.0,0.0,1.0,1.0
37,295,3.243328965710444,3.0607402762086915,1.0,0.0,0.0,0.0,1.0,1.0
38,295,3.5771781645295766,0.0,1.0,0.0,1.0,0.0,1.0,0.0
39,295,0.0,3.6047426714414126,0.0,1.0,1.0,1.0,1.0,1.0
