0,0,0.0,4.933060979165061,0.0,1.0,0.0,1.0,0.0,1.0
1,0,5.06807783101141,0.9958983313439902,1.0,0.0,1.0,1.0,1.0,1.0
2,0,9.946301879057843,6.992471990948144,0.0,0.0,0.0,0.0,0.0,0.0
3,0,4.045225006758654,10.974990221983989,0.0,0.0,1.0,0.0,0.0,0.0
4,0,7.967929484678469,0.9377396373236732,0.0,0.0,1.0,0.0,1.0,0.0
5,0,10.054445647910878,7.01039907949568,1.0,1.0,0.0,0.0,0.0,0.0
6,0,6.027491088480777,9.033664331423378,1.0,0.0,1.0,0.0,1.0,1.0
7,0,0.0,0.0262622666021357,0.0,0.0,0.0,0.0,1.0,0.0
8,0,3.9336297283387593,12.0,0.0,0.0,1.0,1.0,0.0,1.0
9,0,11.033908234421949,9.95770918332726,1.0,0.0,0.0,1.0,0.0,0.0
10,0,5.960735034760663,0.0338516232282974,0.0,1.0,1.0,0.0,0.0,0.0
11,0,9.023959385187917,4.954412614576995,0.0,0.0,0.0,0.0,1.0,1.0
12,0,8.020218454002356,6.041186339608932,0.0,0.0,0.0,0.0,0.0,0.0
13,0,6.958970686701771,5.963080853484693,0.0,1.0,0.0,1.0,1.0,0.0
14,0,2.980899002240884,4.056953530861544,1.0,0.0,0.0,1.0,0.0,0.0
15,0,3.049233514512133,12.0,0.0,0.0,0.0,0.0,1.0,0.0
16,0,8.968373480960963,1.029583802399021,1.0,0.0,0.0,0.0,1.0,0.0
17,0,0.977093483747118,8.961426378544626,1.0,0.0,0.0,1.0,0.0,0.0
18,0,1.0058458062746751,4.046919744986609,0.0,0.0,0.0,0.0,0.0,0.0
19,0,2.954631401270679,8.059725527215008,0.0,0.0,1.0,1.0,0.0,0.0
20,0,0.0407304037555435,6.012103909639647,0.0,0.0,0.0,0.0,0.0,0.0
21,0,1.010956688070629,7.949080977418349,0.0,0.0,0.0,0.0,1.0,1.0
22,0,3.944560362632149,4.022760164194303,0.0,0.0,0.0,0.0,0.0,0.0
23,0,11.975301433344862,10.96749146583779,0.0,1.0,1.0,1.0,0.0,1.0
24,0,0.9813700250261282,0.935676626301402,1.0,1.0,1.0,1.0,0.0,0.0
25,0,8.983071836124582,9.023764245066976,0.0,1.0,0.0,0.0,1.0,1.0
26,0,7.042675701933102,7.04310324330771,0.0,0.0,0.0,1.0,1.0,1.0
27,0,6.986342445672095,9.03831027566982,0.0,0.0,0.0,1.0,0.0,1.0
28,0,2.983098824654848,9.946373964072665,0.0,0.0,0.0,0.0,0.0,0.0
29,0,11.058247083336749,10.024086122085052,1.0,0.0,0.0,0.0,0.0,0.0
30,0,5.034280391772128,1.0485741480769095,1.0,1.0,0.0,0.0,1.0,1.0
31,0,6.920043289994257,11.991508653466903,1.0,1.0,1.0,1.0,0.0,0.0
32,0,12.0,2.992930258036454,0.0,0.0,0.0,1.0,0.0,0.0
33,0,0.0,4.977736981106095,0.0,1.0,0.0,0.0,0.0,0.0
34,0,6.974378860000515,1.0295577873601336,0.0,1.0,0.0,0.0,1.0,0.0
35,0,6.046167152859551,2.9345069201171734,1.0,0.0,0.0,0.0,1.0,0.0
36,0,10.948784561014524,5.990835839457144,0.0,1.0,1.0,0.0,1.0,1.0
37,0,2.9326824517075463,11.015431683406456,1.0,0.0,0.0,0.0,1.0,1.0
38,0,2.010144747260149,3.034335462143952,1.0,0.0,1.0,0.0,1.0,0.0
39,0,7.034502362776092,8.074204127013502,0.0,1.0,1.0,1.0,1.0,1.0
0,5,0.0,4.871209956439187,0.0,1.0,0.0,1.0,0.0,1.0
1,5,5.157137230436012,0.9910059176721912,1.0,0.0,1.0,1.0,1.0,1.0
2,5,9.877414231283089,6.982418046937022,0.0,0.0,0.0,0.0,0.0,0.0
3,5,4.065171793379918,10.964193337131343,0.0,0.0,1.0,0.0,0.0,0.0
4,5,7.929175701384933,0.8654624862793349,0.0,0.0,1.0,0.0,1.0,0.0
5,5,10.119872477654663,7.024018192232616,1.0,1.0,0.0,0.0,0.0,0.0
6,5,6.031576422660296,9.038662405439826,1.0,0.0,1.0,0.0,1.0,1.0
7,5,0.0,0.0408566610216228,0.0,0.0,0.0,0.0,1.0,0.0
8,5,3.873129598632291,12.0,0.0,0.0,1.0,1.0,0.0,1.0
9,5,11.06142155918724,9.924770613409104,1.0,0.0,0.0,1.0,0.0,0.0
10,5,5.918356018333577,0.0704773825723283,0.0,1.0,1.0,0.0,0.0,0.0
11,5,9.04540644264292,4.912289976993113,0.0,0.0,0.0,0.0,1.0,1.0
12,5,8.04023135203988,6.077874040266535,0.0,0.0,0.0,0.0,0.0,0.0
13,5,6.916718170048518,5.925755177868829,0.0,1.0,0.0,1.0,1.0,0.0
14,5,2.969653112382881,4.092779910230028,1.0,0.0,0.0,1.0,0.0,0.0
15,5,3.078559600055009,12.0,0.0,0.0,0.0,0.0,1.0,0.0
16,5,8.941759846929658,1.0540889809002332,1.0,0.0,0.0,0.0,1.0,0.0
17,5,0.948105730675506,8.911872844977013,1.0,0.0,0.0,1.0,0.0,0.0
18,5,1.009552144815829,4.079861312814755,0.0,0.0,0.0,0.0,0.0,0.0
19,5,2.9080074042990325,8.119045181306145,0.0,0.0,1.0,1.0,0.0,0.0
20,5,0.0915661046759084,6.027199017209554,0.0,0.0,0.0,0.0,0.0,0.0
21,5,1.0239957687984873,7.891042537167479,0.0,0.0,0.0,0.0,1.0,1.0
22,5,3.879723304471697,4.0505459095984575,0.0,0.0,0.0,0.0,0.0,0.0
23,5,11.93199169098294,10.911509678236609,0.0,1.0,1.0,1.0,0.0,1.0
24,5,0.9588121858603786,0.860400149551422,1.0,1.0,1.0,1.0,0.0,0.0
25,5,8.96370226364468,9.049551596335736,0.0,1.0,0.0,0.0,1.0,1.0
26,5,7.088854155039532,7.091355610254505,0.0,0.0,0.0,1.0,1.0,1.0
27,5,6.979810663064683,9.058120056419703,0.0,0.0,0.0,1.0,0.0,1.0
28,5,2.9619368392632404,9.87697649635615,0.0,0.0,0.0,0.0,0.0,0.0
29,5,11.101334637001909,10.04115991430127,1.0,0.0,0.0,0.0,0.0,0.0
30,5,5.0710466319069445,1.099303266130966,1.0,1.0,0.0,0.0,1.0,1.0
31,5,6.852905809186636,11.981110151856178,1.0,1.0,1.0,1.0,0.0,0.0
32,5,12.0,2.983542018729329,0.0,0.0,0.0,1.0,0.0,0.0
33,5,0.0,4.9577132341973655,0.0,1.0,0.0,0.0,0.0,0.0
34,5,6.948638766315316,1.059315832538363,0.0,1.0,0.0,0.0,1.0,0.0
35,5,6.099743445095696,2.860712863022223,1.0,0.0,0.0,0.0,1.0,0.0
36,5,10.89539383191292,5.981989721012733,0.0,1.0,1.0,0.0,1.0,1.0
37,5,2.871871892116733,11.029831609113808,1.0,0.0,0.0,0.0,1.0,1.0
38,5,2.0250455087399013,3.078690560949985,1.0,0.0,1.0,0.0,1.0,0.0
39,5,7.067761135995679,8.14999385920619,0.0,1.0,1.0,1.0,1.0,1.0
0,10,0.0,4.833438232117048,0.0,1.0,0.0,1.0,0.0,1.0
1,10,5.246711181374553,0.984806888596968,1.0,0.0,1.0,1.0,1.0,1.0
2,10,9.812420998411651,6.9729428821369375,0.0,0.0,0.0,0.0,0.0,0.0
3,10,4.067010739957633,10.96316848037065,0.0,0.0,1.0,0.0,0.0,0.0
4,10,7.8954004378380285,0.8006503966846273,0.0,0.0,1.0,0.0,1.0,0.0
5,10,10.182642914727994,7.0359283917911055,1.0,1.0,0.0,0.0,0.0,0.0
6,10,6.030823967018807,9.037659990979362,1.0,0.0,1.0,0.0,1.0,1.0
7,10,0.0,0.0537204040559658,0.0,0.0,0.0,0.0,1.0,0.0
8,10,3.797618054507904,12.0,0.0,0.0,1.0,1.0,0.0,1.0
9,10,11.084818447962782,9.895603398294146,1.0,0.0,0.0,1.0,0.0,0.0
10,10,5.885970495544508,0.0991823600608999,0.0,1.0,1.0,0.0,0.0,0.0
11,10,9.061969780091715,4.877845149821417,0.0,0.0,0.0,0.0,1.0,1.0
12,10,8.0593848075948,6.11480591523083,0.0,0.0,0.0,0.0,0.0,0.0
13,10,6.894431312934877,5.906698569144587,0.0,1.0,0.0,1.0,1.0,0.0
14,10,2.9492504839285125,4.155236734703404,1.0,0.0,0.0,1.0,0.0,0.0
15,10,3.106576102147812,12.0,0.0,0.0,0.0,0.0,1.0,0.0
16,10,8.904588615520483,1.0878217524149767,1.0,0.0,0.0,0.0,1.0,0.0
17,10,0.9141893272276714,8.855738689038665,1.0,0.0,0.0,1.0,0.0,0.0
18,10,1.01397770409338,4.122523241663618,0.0,0.0,0.0,0.0,0.0,0.0
19,10,2.846564253908892,8.201608324627049,0.0,0.0,1.0,1.0,0.0,0.0
20,10,0.1369237315488811,6.040900303013597,0.0,0.0,0.0,0.0,0.0,0.0
21,10,1.0404954632917034,7.823070009666645,0.0,0.0,0.0,0.0,1.0,1.0
22,10,3.790489282196477,4.090854605407229,0.0,0.0,0.0,0.0,0.0,0.0
23,10,11.883015760549258,10.850344765493602,0.0,1.0,1.0,1.0,0.0,1.0
24,10,0.9305211861771886,0.7728717892092241,1.0,1.0,1.0,1.0,0.0,0.0
25,10,8.943799577711122,9.076505291938844,0.0,1.0,0.0,0.0,1.0,1.0
26,10,7.135113192619384,7.139643834403145,0.0,0.0,0.0,1.0,1.0,1.0
27,10,6.977448912278569,9.065357390986316,0.0,0.0,0.0,1.0,0.0,1.0
28,10,2.9461967601047645,9.824564217054292,0.0,0.0,0.0,0.0,0.0,0.0
29,10,11.144875952673408,10.059911186811236,1.0,0.0,0.0,0.0,0.0,0.0
30,10,5.111347985036747,1.1533334843833718,1.0,1.0,0.0,0.0,1.0,1.0
31,10,6.766660169490384,11.967189598968009,1.0,1.0,1.0,1.0,0.0,0.0
32,10,12.0,2.971279158791841,0.0,0.0,0.0,1.0,0.0,0.0
33,10,0.0,4.937649068200216,0.0,1.0,0.0,0.0,0.0,0.0
34,10,6.931092886700648,1.0794583237333788,0.0,1.0,0.0,0.0,1.0,0.0
35,10,6.1478980367781535,2.7937442461275,1.0,0.0,0.0,0.0,1.0,0.0
36,10,10.858344407136125,5.976894648814522,0.0,1.0,1.0,0.0,1.0,1.0
37,10,2.7938630420365667,11.047159401662167,1.0,0.0,0.0,0.0,1.0,1.0
38,10,2.040074174164041,3.1327899218197444,1.0,0.0,1.0,0.0,1.0,0.0
39,10,7.100038261502794,8.223660190763816,0.0,1.0,1.0,1.0,1.0,1.0
0,15,0.0,4.802274723059007,0.0,1.0,0.0,1.0,0.0,1.0
1,15,5.355309885190902,0.9774883638765608,1.0,0.0,1.0,1.0,1.0,1.0
2,15,9.76377250045886,6.964781099974365,0.0,0.0,0.0,0.0,0.0,0.0
3,15,4.070326878390625,10.96135831535363,0.0,0.0,1.0,0.0,0.0,0.0
4,15,7.852873337147512,0.7151848410376132,0.0,0.0,1.0,0.0,1.0,0.0
5,15,10.240425356870457,7.048578493902561,1.0,1.0,0.0,0.0,0.0,0.0
6,15,6.015868920411545,9.018639607316112,1.0,0.0,1.0,0.0,1.0,1.0
7,15,0.0,0.0637544782230768,0.0,0.0,0.0,0.0,1.0,0.0
8,15,3.7032233204950575,12.0,0.0,0.0,1.0,1.0,0.0,1.0
9,15,11.103303903107202,9.872636393843072,1.0,0.0,0.0,1.0,0.0,0.0
10,15,5.836299931166848,0.1449861748692574,0.0,1.0,1.0,0.0,0.0,0.0
11,15,9.070190496454842,4.860563067951211,0.0,0.0,0.0,0.0,1.0,1.0
12,15,8.075530191590918,6.146389610994473,0.0,0.0,0.0,0.0,0.0,0.0
13,15,6.874016762330474,5.889783441081735,0.0,1.0,0.0,1.0,1.0,0.0
14,15,2.9302867737552654,4.212472371056102,1.0,0.0,0.0,1.0,0.0,0.0
15,15,3.139832809580747,12.0,0.0,0.0,0.0,0.0,1.0,0.0
16,15,8.871974586021885,1.1206188795684129,1.0,0.0,0.0,0.0,1.0,0.0
17,15,0.8887102328909271,8.812879544282552,1.0,0.0,0.0,1.0,0.0,0.0
18,15,1.0187232126444896,4.15916237687465,0.0,0.0,0.0,0.0,0.0,0.0
19,15,2.7846112184512024,8.287801543903605,0.0,0.0,1.0,1.0,0.0,0.0
20,15,0.2095362191193314,6.061508418628824,0.0,0.0,0.0,0.0,0.0,0.0
21,15,1.0585389290041622,7.754173175778362,0.0,0.0,0.0,0.0,1.0,1.0
22,15,3.717421511463936,4.123527470157589,0.0,0.0,0.0,0.0,0.0,0.0
23,15,11.82768531714802,10.780472351035812,0.0,1.0,1.0,1.0,0.0,1.0
24,15,0.8981817461311215,0.6796735720151902,1.0,1.0,1.0,1.0,0.0,0.0
25,15,8.912836271045123,9.118599943731912,0.0,1.0,0.0,0.0,1.0,1.0
26,15,7.19714390662917,7.206733003661901,0.0,0.0,0.0,1.0,1.0,1.0
27,15,6.974260062754498,9.074837452236835,0.0,0.0,0.0,1.0,0.0,1.0
28,15,2.9299319117720097,9.771620947218675,0.0,0.0,0.0,0.0,0.0,0.0
29,15,11.173356963037916,10.072683182442114,1.0,0.0,0.0,0.0,0.0,0.0
30,15,5.147768457356922,1.2032430374719274,1.0,1.0,0.0,0.0,1.0,1.0
31,15,6.690463393367693,11.954510089875985,1.0,1.0,1.0,1.0,0.0,0.0
32,15,12.0,2.9601875833932403,0.0,0.0,0.0,1.0,0.0,0.0
33,15,0.0,4.917192137375872,0.0,1.0,0.0,0.0,0.0,0.0
34,15,6.92570589246382,1.0856073665253825,0.0,1.0,0.0,0.0,1.0,0.0
35,15,6.191054066412942,2.734851340984121,1.0,0.0,0.0,0.0,1.0,0.0
36,15,10.812844445326878,5.97091827865401,0.0,1.0,1.0,0.0,1.0,1.0
37,15,2.693670422021764,11.068739656456016,1.0,0.0,0.0,0.0,1.0,1.0
38,15,2.0581327315536067,3.195578029788269,1.0,0.0,1.0,0.0,1.0,0.0
39,15,7.138933584730808,8.312189680363085,0.0,1.0,1.0,1.0,1.0,1.0
0,20,0.0,4.761596579197418,0.0,1.0,0.0,1.0,0.0,1.0
1,20,5.471081911804331,0.9706111455072818,1.0,0.0,1.0,1.0,1.0,1.0
2,20,9.7015784367169,6.952747892584052,0.0,0.0,0.0,0.0,0.0,0.0
3,20,4.069273123764491,10.961912022610235,0.0,0.0,1.0,0.0,0.0,0.0
4,20,7.813633028345035,0.6362275491114009,0.0,0.0,1.0,0.0,1.0,0.0
5,20,10.275237318703027,7.056588351174653,1.0,1.0,0.0,0.0,0.0,0.0
6,20,6.013088195283822,9.015066807291184,1.0,0.0,1.0,0.0,1.0,1.0
7,20,0.0,0.0773649918281557,0.0,0.0,0.0,0.0,1.0,0.0
8,20,3.610822002575472,12.0,0.0,0.0,1.0,1.0,0.0,1.0
9,20,11.129043128134946,9.842063257751144,1.0,0.0,0.0,1.0,0.0,0.0
10,20,5.794100923289176,0.1855159146548397,0.0,1.0,1.0,0.0,0.0,0.0
11,20,9.079322344525902,4.840584478797618,0.0,0.0,0.0,0.0,1.0,1.0
12,20,8.097417391508472,6.190485006445396,0.0,0.0,0.0,0.0,0.0,0.0
13,20,6.8708729703565,5.887038733962113,0.0,1.0,0.0,1.0,1.0,0.0
14,20,2.917414092481774,4.24904360744533,1.0,0.0,0.0,1.0,0.0,0.0
15,20,3.181840883688156,12.0,0.0,0.0,0.0,0.0,1.0,0.0
16,20,8.860262998597143,1.1331534654016984,1.0,0.0,0.0,0.0,1.0,0.0
17,20,0.8664835592437085,8.77599593636101,1.0,0.0,0.0,1.0,0.0,0.0
18,20,1.0243312139393477,4.202890238571641,0.0,0.0,0.0,0.0,0.0,0.0
19,20,2.7142923720411165,8.385185240003622,0.0,0.0,1.0,1.0,0.0,0.0
20,20,0.2607792383892381,6.076623435157494,0.0,0.0,0.0,0.0,0.0,0.0
21,20,1.0696342840717352,7.705533301946724,0.0,0.0,0.0,0.0,1.0,1.0
22,20,3.642712370025055,4.155020030528432,0.0,0.0,0.0,0.0,0.0,0.0
23,20,11.759929931318997,10.70052785309906,0.0,1.0,1.0,1.0,0.0,1.0
24,20,0.8649594917105125,0.5787017206296156,1.0,1.0,1.0,1.0,0.0,0.0
25,20,8.877052797132892,9.166596710028172,0.0,1.0,0.0,0.0,1.0,1.0
26,20,7.272271556618047,7.2906422655799235,0.0,0.0,0.0,1.0,1.0,1.0
27,20,6.970845721366773,9.085461667742011,0.0,0.0,0.0,1.0,0.0,1.0
28,20,2.917216400475565,9.732268052169433,0.0,0.0,0.0,0.0,0.0,0.0
29,20,11.20873317616237,10.087427472328658,1.0,0.0,0.0,0.0,0.0,0.0
30,20,5.178582587110782,1.243830862804594,1.0,1.0,0.0,0.0,1.0,1.0
31,20,6.637135369292368,11.944839448038095,1.0,1.0,1.0,1.0,0.0,0.0
32,20,12.0,2.950180123460856,0.0,0.0,0.0,1.0,0.0,0.0
33,20,0.0,4.908514124836662,0.0,1.0,0.0,0.0,0.0,0.0
34,20,6.926813627387428,1.0843093685202476,0.0,1.0,0.0,0.0,1.0,0.0
35,20,6.227484723001975,2.686457662118456,1.0,0.0,0.0,0.0,1.0,0.0
36,20,10.721026272736902,5.960530228636121,0.0,1.0,1.0,0.0,1.0,1.0
37,20,2.6188698222917446,11.084151611286204,1.0,0.0,0.0,0.0,1.0,1.0
38,20,2.080220968212911,3.274457871575749,1.0,0.0,1.0,0.0,1.0,0.0
39,20,7.1831757598723165,8.416411504535695,0.0,1.0,1.0,1.0,1.0,1.0
0,25,0.0,4.714504690150542,0.0,1.0,0.0,1.0,0.0,1.0
1,25,5.586914381587896,0.9660512506071386,1.0,0.0,1.0,1.0,1.0,1.0
2,25,9.642374302492488,6.941246417043137,0.0,0.0,0.0,0.0,0.0,0.0
3,25,4.072769786841766,10.960040090476513,0.0,0.0,1.0,0.0,0.0,0.0
4,25,7.763897431799318,0.5390398952262464,0.0,0.0,1.0,0.0,1.0,0.0
5,25,10.305925329933386,7.06292242274422,1.0,1.0,0.0,0.0,0.0,0.0
6,25,6.00756303008205,9.01930548335873,1.0,0.0,1.0,0.0,1.0,1.0
7,25,0.0,0.0873861465919192,0.0,0.0,0.0,0.0,1.0,0.0
8,25,3.5458789437005267,12.0,0.0,0.0,1.0,1.0,0.0,1.0
9,25,11.152661189121307,9.81383418298042,1.0,0.0,0.0,1.0,0.0,0.0
10,25,5.7413306634694194,0.2363315814295595,0.0,1.0,1.0,0.0,0.0,0.0
11,25,9.093308821219129,4.81147075225374,0.0,0.0,0.0,0.0,1.0,1.0
12,25,8.123423280300077,6.241790858858509,0.0,0.0,0.0,0.0,0.0,0.0
13,25,6.864332594861314,5.881127025836972,0.0,1.0,0.0,1.0,1.0,0.0
14,25,2.90157106327785,4.291965277143005,1.0,0.0,0.0,1.0,0.0,0.0
15,25,3.216135972668213,12.0,0.0,0.0,0.0,0.0,1.0,0.0
16,25,8.839983897775689,1.1552619748795487,1.0,0.0,0.0,0.0,1.0,0.0
17,25,0.8332997634240262,8.721370176863827,1.0,0.0,0.0,1.0,0.0,0.0
18,25,1.0303460292454198,4.254264284726818,0.0,0.0,0.0,0.0,0.0,0.0
19,25,2.63918324154891,8.491744839882315,0.0,0.0,1.0,1.0,0.0,0.0
20,25,0.3012064908863859,6.087769786576835,0.0,0.0,0.0,0.0,0.0,0.0
21,25,1.0809013808578425,7.659801956161226,0.0,0.0,0.0,0.0,1.0,1.0
22,25,3.5809331811422207,4.183255026789396,0.0,0.0,0.0,0.0,0.0,0.0
23,25,11.678566785173295,10.600264158400506,0.0,1.0,1.0,1.0,0.0,1.0
24,25,0.8321939879229047,0.4778177594849906,1.0,1.0,1.0,1.0,0.0,0.0
25,25,8.84347636264984,9.211450711966958,0.0,1.0,0.0,0.0,1.0,1.0
26,25,7.355593068273307,7.377747136742998,0.0,0.0,0.0,1.0,1.0,1.0
27,25,6.966319755108567,9.099962599513317,0.0,0.0,0.0,1.0,0.0,1.0
28,25,2.9101414098217013,9.709443502154388,0.0,0.0,0.0,0.0,0.0,0.0
29,25,11.230141637027168,10.097721025406967,1.0,0.0,0.0,0.0,0.0,0.0
30,25,5.211686627255778,1.2862462322514574,1.0,1.0,0.0,0.0,1.0,1.0
31,25,6.592135941234846,11.937146676356187,1.0,1.0,1.0,1.0,0.0,0.0
32,25,12.0,2.940836108371771,0.0,0.0,0.0,1.0,0.0,0.0
33,25,0.0,4.899657191725357,0.0,1.0,0.0,0.0,0.0,0.0
34,25,6.938634063542638,1.071148682509706,0.0,1.0,0.0,0.0,1.0,0.0
35,25,6.266496660624244,2.636543038221784,1.0,0.0,0.0,0.0,1.0,0.0
36,25,10.642522129915442,5.953188724770151,0.0,1.0,1.0,0.0,1.0,1.0
37,25,2.537074554259462,11.100904099655567,1.0,0.0,0.0,0.0,1.0,1.0
38,25,2.100825695837483,3.347508467506649,1.0,0.0,1.0,0.0,1.0,0.0
39,25,7.231188343318359,8.535988835086812,0.0,1.0,1.0,1.0,1.0,1.0
0,30,0.0,4.678758038278205,0.0,1.0,0.0,1.0,0.0,1.0
1,30,5.661798914490087,0.9645228684553432,1.0,0.0,1.0,1.0,1.0,1.0
2,30,9.585692273627853,6.92965401151949,0.0,0.0,0.0,0.0,0.0,0.0
3,30,4.056171797815979,10.969162516317278,0.0,0.0,1.0,0.0,0.0,0.0
4,30,7.714607907205961,0.4344977464654277,0.0,0.0,1.0,0.0,1.0,0.0
5,30,10.32742934011087,7.067696250932488,1.0,1.0,0.0,0.0,0.0,0.0
6,30,5.996333672819353,9.027995849170535,1.0,0.0,1.0,0.0,1.0,1.0
7,30,0.0,0.093058401172823,0.0,0.0,0.0,0.0,1.0,0.0
8,30,3.483610642280309,12.0,0.0,0.0,1.0,1.0,0.0,1.0
9,30,11.177776776980629,9.784626272522496,1.0,0.0,0.0,1.0,0.0,0.0
10,30,5.687760345826202,0.2900679287552299,0.0,1.0,1.0,0.0,0.0,0.0
11,30,9.109842401845476,4.776539257991425,0.0,0.0,0.0,0.0,1.0,1.0
12,30,8.147104938009772,6.286510179967294,0.0,0.0,0.0,0.0,0.0,0.0
13,30,6.845771042394161,5.864448797007431,0.0,1.0,0.0,1.0,1.0,0.0
14,30,2.8851595103070338,4.336427934645066,1.0,0.0,0.0,1.0,0.0,0.0
15,30,3.2521125234672543,12.0,0.0,0.0,0.0,0.0,1.0,0.0
16,30,8.824051198785783,1.1730206360174256,1.0,0.0,0.0,0.0,1.0,0.0
17,30,0.799307394372397,8.667378396972799,1.0,0.0,0.0,1.0,0.0,0.0
18,30,1.0368797600784594,4.301891725713959,0.0,0.0,0.0,0.0,0.0,0.0
19,30,2.5665575729634984,8.592264877183089,0.0,0.0,1.0,1.0,0.0,0.0
20,30,0.3364196346422651,6.097218891946612,0.0,0.0,0.0,0.0,0.0,0.0
21,30,1.0912868285990431,7.617422501456737,0.0,0.0,0.0,0.0,1.0,1.0
22,30,3.525277616384768,4.209142194476448,0.0,0.0,0.0,0.0,0.0,0.0
23,30,11.599810980802314,10.506029906161766,0.0,1.0,1.0,1.0,0.0,1.0
24,30,0.7988892488040474,0.383080920654526,1.0,1.0,1.0,1.0,0.0,0.0
25,30,8.818809114329534,9.244759532001336,0.0,1.0,0.0,0.0,1.0,1.0
26,30,7.425725080813367,7.451559997672376,0.0,0.0,0.0,1.0,1.0,1.0
27,30,6.960822587883437,9.117080988875978,0.0,0.0,0.0,1.0,0.0,1.0
28,30,2.899504087962016,9.67249730996584,0.0,0.0,0.0,0.0,0.0,0.0
29,30,11.23786932877369,10.101186396526805,1.0,0.0,0.0,0.0,0.0,0.0
30,30,5.229084309753267,1.3079997846829163,1.0,1.0,0.0,0.0,1.0,1.0
31,30,6.55508122870772,11.930301247148122,1.0,1.0,1.0,1.0,0.0,0.0
32,30,12.0,2.932060448461565,0.0,0.0,0.0,1.0,0.0,0.0
33,30,0.0,4.88688325971831,0.0,1.0,0.0,0.0,0.0,0.0
34,30,6.942408642256858,1.066781702131328,0.0,1.0,0.0,0.0,1.0,0.0
35,30,6.312458965242239,2.577036389129085,1.0,0.0,0.0,0.0,1.0,0.0
36,30,10.573021184973092,5.94419578501317,0.0,1.0,1.0,0.0,1.0,1.0
37,30,2.462478603158888,11.11565211466973,1.0,0.0,0.0,0.0,1.0,1.0
38,30,2.125058436745022,3.434699792731084,1.0,0.0,1.0,0.0,1.0,0.0
39,30,7.286648231913159,8.670648963165307,0.0,1.0,1.0,1.0,1.0,1.0
0,35,0.0,4.642026738313742,0.0,1.0,0.0,1.0,0.0,1.0
1,35,5.732397830881641,0.9610732307779009,1.0,0.0,1.0,1.0,1.0,1.0
2,35,9.538492436588662,6.920084392599775,0.0,0.0,0.0,0.0,0.0,0.0
3,35,4.062866555901191,10.965609039588143,0.0,0.0,1.0,0.0,0.0,0.0
4,35,7.661971365760996,0.3242953981669537,0.0,0.0,1.0,0.0,1.0,0.0
5,35,10.331969854480544,7.068684579563723,1.0,1.0,0.0,0.0,0.0,0.0
6,35,5.998947663616617,9.025969246231828,1.0,0.0,1.0,0.0,1.0,1.0
7,35,0.0,0.0999915677827252,0.0,0.0,0.0,0.0,1.0,0.0
8,35,3.425162025919869,12.0,0.0,0.0,1.0,1.0,0.0,1.0
9,35,11.197623555335108,9.761284076468232,1.0,0.0,0.0,1.0,0.0,0.0
10,35,5.63522781529336,0.3439152240987463,0.0,1.0,1.0,0.0,0.0,0.0
11,35,9.133942829420564,4.726587843713689,0.0,0.0,0.0,0.0,1.0,1.0
12,35,8.167130706962865,6.324411598439222,0.0,0.0,0.0,0.0,0.0,0.0
13,35,6.83207831799116,5.852065956659723,0.0,1.0,0.0,1.0,1.0,0.0
14,35,2.8687312007707635,4.379258210787731,1.0,0.0,0.0,1.0,0.0,0.0
15,35,3.3064505034238354,12.0,0.0,0.0,0.0,0.0,1.0,0.0
16,35,8.814734522018043,1.1842401703419028,1.0,0.0,0.0,0.0,1.0,0.0
17,35,0.7664341356924643,8.614533808058887,1.0,0.0,0.0,1.0,0.0,0.0
18,35,1.041426314473918,4.333035231815728,0.0,0.0,0.0,0.0,0.0,0.0
19,35,2.4907703242387025,8.694236969202189,0.0,0.0,1.0,1.0,0.0,0.0
20,35,0.360505947922403,6.102935680107992,0.0,0.0,0.0,0.0,0.0,0.0
21,35,1.101832489497567,7.575426802858035,0.0,0.0,0.0,0.0,1.0,1.0
22,35,3.455634262042007,4.240722435574385,0.0,0.0,0.0,0.0,0.0,0.0
23,35,11.507046526419373,10.399156957436398,0.0,1.0,1.0,1.0,0.0,1.0
24,35,0.7652543178955638,0.2798362368118355,1.0,1.0,1.0,1.0,0.0,0.0
25,35,8.80375499481233,9.232940103752082,0.0,1.0,0.0,0.0,1.0,1.0
26,35,7.502332593573263,7.531861102489569,0.0,0.0,0.0,1.0,1.0,1.0
27,35,6.959429816260508,9.12140962918424,0.0,0.0,0.0,1.0,0.0,1.0
28,35,2.8878680433718893,9.632280628425992,0.0,0.0,0.0,0.0,0.0,0.0
29,35,11.250668022147057,10.106999090098888,1.0,0.0,0.0,0.0,0.0,0.0
30,35,5.241730939231254,1.3242067999935083,1.0,1.0,0.0,0.0,1.0,1.0
31,35,6.526067768313197,11.924657866669332,1.0,1.0,1.0,1.0,0.0,0.0
32,35,12.0,2.922875834601089,0.0,0.0,0.0,1.0,0.0,0.0
33,35,0.0,4.878497546195815,0.0,1.0,0.0,0.0,0.0,0.0
34,35,6.950235911271003,1.0580773049790548,0.0,1.0,0.0,0.0,1.0,0.0
35,35,6.36570956930355,2.510577743217023,1.0,0.0,0.0,0.0,1.0,0.0
36,35,10.512470074465735,5.936240075530766,0.0,1.0,1.0,0.0,1.0,1.0
37,35,2.3737809339444054,11.132506091517502,1.0,0.0,0.0,0.0,1.0,1.0
38,35,2.150803960542412,3.533186408572636,1.0,0.0,1.0,0.0,1.0,0.0
39,35,7.146941823079199,8.728034940158237,0.0,1.0,1.0,1.0,1.0,1.0
0,40,0.0,4.616291061502118,0.0,1.0,0.0,1.0,0.0,1.0
1,40,5.777236757025751,0.9580798659276872,1.0,0.0,1.0,1.0,1.0,1.0
2,40,9.488962535399796,6.910276040106227,0.0,0.0,0.0,0.0,0.0,0.0
3,40,4.068454806525255,10.962689967487986,0.0,0.0,1.0,0.0,0.0,0.0
4,40,7.617590868087564,0.2286158576399687,0.0,0.0,1.0,0.0,1.0,0.0
5,40,10.322364412415906,7.066593018100551,1.0,1.0,0.0,0.0,0.0,0.0
6,40,6.020386959503595,9.00808827476192,1.0,0.0,1.0,0.0,1.0,1.0
7,40,0.0,0.1118518853713126,0.0,0.0,0.0,0.0,1.0,0.0
8,40,3.373336534368381,12.0,0.0,0.0,1.0,1.0,0.0,1.0
9,40,11.224916052599342,9.72905956748923,1.0,0.0,0.0,1.0,0.0,0.0
10,40,5.611548886712399,0.3693558772218653,0.0,1.0,1.0,0.0,0.0,0.0
11,40,9.164506078935156,4.667623837405507,0.0,0.0,0.0,0.0,1.0,1.0
12,40,8.180083734055215,6.351026177452174,0.0,0.0,0.0,0.0,0.0,0.0
13,40,6.820771127075923,5.841745200607601,0.0,1.0,0.0,1.0,1.0,0.0
14,40,2.8460330891663284,4.435472242711814,1.0,0.0,0.0,1.0,0.0,0.0
15,40,3.3700752915335688,12.0,0.0,0.0,0.0,0.0,1.0,0.0
16,40,8.809824245374408,1.1898580382166526,1.0,0.0,0.0,0.0,1.0,0.0
17,40,0.741205856922704,8.574854548218523,1.0,0.0,0.0,1.0,0.0,0.0
18,40,1.046213494590375,4.375330679295403,0.0,0.0,0.0,0.0,0.0,0.0
19,40,2.4119602270383846,8.795657275388907,0.0,0.0,1.0,1.0,0.0,0.0
20,40,0.3898017807008866,6.109440742436479,0.0,0.0,0.0,0.0,0.0,0.0
21,40,1.1122890896019502,7.525720948395234,0.0,0.0,0.0,0.0,1.0,1.0
22,40,3.37590232741866,4.278153872685331,0.0,0.0,0.0,0.0,0.0,0.0
23,40,11.414254968613296,10.287641784126327,0.0,1.0,1.0,1.0,0.0,1.0
24,40,0.7350857918918505,0.1802817218785504,1.0,1.0,1.0,1.0,0.0,0.0
25,40,8.792071495411207,9.223421165634267,0.0,1.0,0.0,0.0,1.0,1.0
26,40,7.575603429778854,7.608835055516473,0.0,0.0,0.0,1.0,1.0,1.0
27,40,6.963701787432511,9.10702883227275,0.0,0.0,0.0,1.0,0.0,1.0
28,40,2.8803699773101283,9.606924633415945,0.0,0.0,0.0,0.0,0.0,0.0
29,40,11.254139418834542,10.10847489537442,1.0,0.0,0.0,0.0,0.0,0.0
30,40,5.250488634805496,1.335244861990054,1.0,1.0,0.0,0.0,1.0,1.0
31,40,6.511474892527642,11.921724641307694,1.0,1.0,1.0,1.0,0.0,0.0
32,40,12.0,2.914804964276469,0.0,0.0,0.0,1.0,0.0,0.0
33,40,0.0,4.876525552490643,0.0,1.0,0.0,0.0,0.0,0.0
34,40,6.953711834912792,1.05435931924219,0.0,1.0,0.0,0.0,1.0,0.0
35,40,6.414435667259202,2.450330919805408,1.0,0.0,0.0,0.0,1.0,0.0
36,40,10.446224485463576,5.927673040420359,0.0,1.0,1.0,0.0,1.0,1.0
37,40,2.287344795103213,11.147109849897337,1.0,0.0,0.0,0.0,1.0,1.0
38,40,2.1711992801712934,3.615760634231652,1.0,0.0,1.0,0.0,1.0,0.0
39,40,7.010893426993995,8.790486918405737,0.0,1.0,1.0,1.0,1.0,1.0
0,45,0.0,4.594377131148627,0.0,1.0,0.0,1.0,0.0,1.0
1,45,5.848149542507308,0.9525498699487994,1.0,0.0,1.0,1.0,1.0,1.0
2,45,9.4464765220501,6.902395749475885,0.0,0.0,0.0,0.0,0.0,0.0
3,45,4.067537173862928,10.963149967983307,0.0,0.0,1.0,0.0,0.0,0.0
4,45,7.577786307354129,0.1416240997696919,0.0,0.0,1.0,0.0,1.0,0.0
5,45,10.289895464555295,7.059727009590452,1.0,1.0,0.0,0.0,0.0,0.0
6,45,6.041046435561853,8.991103303368437,1.0,0.0,1.0,0.0,1.0,1.0
7,45,0.0,0.1193443411998386,0.0,0.0,0.0,0.0,1.0,0.0
8,45,3.316147105211156,12.0,0.0,0.0,1.0,1.0,0.0,1.0
9,45,11.256579811326135,9.689246403270834,1.0,0.0,0.0,1.0,0.0,0.0
10,45,5.583064122575511,0.3997051727592259,0.0,1.0,1.0,0.0,0.0,0.0
11,45,9.2011931486055,4.596191117799409,0.0,0.0,0.0,0.0,1.0,1.0
12,45,8.201648117510048,6.395133483702888,0.0,0.0,0.0,0.0,0.0,0.0
13,45,6.810889801981091,5.8323037596333815,0.0,1.0,0.0,1.0,1.0,0.0
14,45,2.8289048319302155,4.480550993647339,1.0,0.0,0.0,1.0,0.0,0.0
15,45,3.4099734563557287,12.0,0.0,0.0,0.0,0.0,1.0,0.0
16,45,8.81508571980617,1.183607258109284,1.0,0.0,0.0,0.0,1.0,0.0
17,45,0.7160834831337037,8.534371944424452,1.0,0.0,0.0,1.0,0.0,0.0
18,45,1.048297676796324,4.399508540507953,0.0,0.0,0.0,0.0,0.0,0.0
19,45,2.3342911125803814,8.90187708247835,0.0,0.0,1.0,1.0,0.0,0.0
20,45,0.4071071040778269,6.112973586579437,0.0,0.0,0.0,0.0,0.0,0.0
21,45,1.114481346568899,7.515408501466403,0.0,0.0,0.0,0.0,1.0,1.0
22,45,3.3009990027698044,4.314045744579908,0.0,0.0,0.0,0.0,0.0,0.0
23,45,11.31421792828086,10.159877469955555,0.0,1.0,1.0,1.0,0.0,1.0
24,45,0.7070214766137991,0.0843462356021993,1.0,1.0,1.0,1.0,0.0,0.0
25,45,8.784457087824247,9.217247015920822,0.0,1.0,0.0,0.0,1.0,1.0
26,45,7.6543246090954655,7.695142874367533,0.0,0.0,0.0,1.0,1.0,1.0
27,45,6.963310298696916,9.10826545742679,0.0,0.0,0.0,1.0,0.0,1.0
28,45,2.871474841232766,9.57925773210332,0.0,0.0,0.0,0.0,0.0,0.0
29,45,11.274448037223426,10.116590447016302,1.0,0.0,0.0,0.0,0.0,0.0
30,45,5.255609126788913,1.341988598808688,1.0,1.0,0.0,0.0,1.0,1.0
31,45,6.51346549174658,11.912052530957006,1.0,1.0,1.0,1.0,0.0,0.0
32,45,12.0,2.9069138851025604,0.0,0.0,0.0,1.0,0.0,0.0
33,45,0.0,4.867384268337821,0.0,1.0,0.0,0.0,0.0,0.0
34,45,6.9454247367482616,1.0636136440326425,0.0,1.0,0.0,0.0,1.0,0.0
35,45,6.470076420555187,2.3804014213849416,1.0,0.0,0.0,0.0,1.0,0.0
36,45,10.370404509944922,5.916390414800663,0.0,1.0,1.0,0.0,1.0,1.0
37,45,2.215963181555056,11.158882004353655,1.0,0.0,0.0,0.0,1.0,1.0
38,45,2.1955634913803377,3.709089951467986,1.0,0.0,1.0,0.0,1.0,0.0
39,45,6.86216761987842,8.858188331878878,0.0,1.0,1.0,1.0,1.0,1.0
0,50,0.0,4.580933782753859,0.0,1.0,0.0,1.0,0.0,1.0
1,50,5.90050777536125,0.9499190974957318,1.0,0.0,1.0,1.0,1.0,1.0
2,50,9.407914915135573,6.894844413999024,0.0,0.0,0.0,0.0,0.0,0.0
3,50,4.093069938108383,10.950723459785626,0.0,0.0,1.0,0.0,0.0,0.0
4,50,7.539908324301898,0.0573037216724103,0.0,0.0,1.0,0.0,1.0,0.0
5,50,10.255046551290675,7.052646742559266,1.0,1.0,0.0,0.0,0.0,0.0
6,50,6.06235723966223,8.973975577215345,1.0,0.0,1.0,0.0,1.0,1.0
7,50,0.0,0.1228948452544045,0.0,0.0,0.0,0.0,1.0,0.0
8,50,3.2549056434184256,12.0,0.0,0.0,1.0,1.0,0.0,1.0
9,50,11.303497737577883,9.631580360602523,1.0,0.0,0.0,1.0,0.0,0.0
10,50,5.549605047741847,0.4337465493865243,0.0,1.0,1.0,0.0,0.0,0.0
11,50,9.238172490340451,4.5213720259606935,0.0,0.0,0.0,0.0,1.0,1.0
12,50,8.223696209423013,6.438941603261205,0.0,0.0,0.0,0.0,0.0,0.0
13,50,6.794444081406049,5.817202513101216,0.0,1.0,0.0,1.0,1.0,0.0
14,50,2.815793611582837,4.512095039729916,1.0,0.0,0.0,1.0,0.0,0.0
15,50,3.4655332266544394,12.0,0.0,0.0,0.0,0.0,1.0,0.0
16,50,8.832558748042318,1.1647603995034663,1.0,0.0,0.0,0.0,1.0,0.0
17,50,0.6893913177028891,8.491475851623898,1.0,0.0,0.0,1.0,0.0,0.0
18,50,1.0511797199004762,4.438013988726609,0.0,0.0,0.0,0.0,0.0,0.0
19,50,2.251488011713077,9.014185252378724,0.0,0.0,1.0,1.0,0.0,0.0
20,50,0.422927162646561,6.116412779088657,0.0,0.0,0.0,0.0,0.0,0.0
21,50,1.1193209311844547,7.495603955613909,0.0,0.0,0.0,0.0,1.0,1.0
22,50,3.224128089052314,4.354895576924913,0.0,0.0,0.0,0.0,0.0,0.0
23,50,11.199559747346466,10.017136487225686,0.0,1.0,1.0,1.0,0.0,1.0
24,50,0.6776605619404191,0.0,1.0,1.0,1.0,1.0,0.0,0.0
25,50,8.777744790711916,9.21195673142455,0.0,1.0,0.0,0.0,1.0,1.0
26,50,7.732192171242056,7.785671122996774,0.0,0.0,0.0,1.0,1.0,1.0
27,50,6.965183474602943,9.102534910708387,0.0,0.0,0.0,1.0,0.0,1.0
28,50,2.852004263452792,9.521599416977423,0.0,0.0,0.0,0.0,0.0,0.0
29,50,11.295162996319345,10.12567858278626,1.0,0.0,0.0,0.0,0.0,0.0
30,50,5.252289708357376,1.3445979598767812,1.0,1.0,0.0,0.0,1.0,1.0
31,50,6.512103451169812,11.918391426375145,1.0,1.0,1.0,1.0,0.0,0.0
32,50,12.0,2.895817456207172,0.0,0.0,0.0,1.0,0.0,0.0
33,50,0.0,4.850758492985355,0.0,1.0,0.0,0.0,0.0,0.0
34,50,6.93597872418801,1.0745332078627032,0.0,1.0,0.0,0.0,1.0,0.0
35,50,6.546139710352441,2.2834044364185084,1.0,0.0,0.0,0.0,1.0,0.0
36,50,10.292974712999214,5.903475631555667,0.0,1.0,1.0,0.0,1.0,1.0
37,50,2.137670643832248,11.172636730945,1.0,0.0,0.0,0.0,1.0,1.0
38,50,2.2194136427820266,3.7956574406179615,1.0,0.0,1.0,0.0,1.0,0.0
39,50,6.713711996819285,8.929427928580163,0.0,1.0,1.0,1.0,1.0,1.0
0,55,0.0,4.553014347153284,0.0,1.0,0.0,1.0,0.0,1.0
1,55,5.941037077791279,0.9479279294833888,1.0,0.0,1.0,1.0,1.0,1.0
2,55,9.37477735667577,6.887990243389012,0.0,0.0,0.0,0.0,0.0,0.0
3,55,4.127688413448026,10.93361874250418,0.0,0.0,1.0,0.0,0.0,0.0
4,55,7.510730391736606,0.0,0.0,0.0,1.0,0.0,1.0,0.0
5,55,10.237452412736127,7.049306924127518,1.0,1.0,0.0,0.0,0.0,0.0
6,55,6.096575121210494,8.948225669885836,1.0,0.0,1.0,0.0,1.0,1.0
7,55,0.0,0.1346809761291243,0.0,0.0,0.0,0.0,1.0,0.0
8,55,3.199719754088016,12.0,0.0,0.0,1.0,1.0,0.0,1.0
9,55,11.348366839352009,9.578166625883476,1.0,0.0,0.0,1.0,0.0,0.0
10,55,5.503656648265364,0.4789516305377778,0.0,1.0,1.0,0.0,0.0,0.0
11,55,9.275687071152468,4.440623374162907,0.0,0.0,0.0,0.0,1.0,1.0
12,55,8.237312174919877,6.46504704094165,0.0,0.0,0.0,0.0,0.0,0.0
13,55,6.77659454801077,5.801172529464137,0.0,1.0,0.0,1.0,1.0,0.0
14,55,2.8063639145030974,4.534421368285862,1.0,0.0,0.0,1.0,0.0,0.0
15,55,3.509050552635584,12.0,0.0,0.0,0.0,0.0,1.0,0.0
16,55,8.846135638562943,1.150155132721522,1.0,0.0,0.0,0.0,1.0,0.0
17,55,0.6460033345038932,8.421915649064776,1.0,0.0,0.0,1.0,0.0,0.0
18,55,1.056263157415091,4.496084711676737,0.0,0.0,0.0,0.0,0.0,0.0
19,55,2.18019759750959,9.10959780776772,0.0,0.0,1.0,1.0,0.0,0.0
20,55,0.4510452126232891,6.12291931325068,0.0,0.0,0.0,0.0,0.0,0.0
21,55,1.1221868597904356,7.482739126660967,0.0,0.0,0.0,0.0,1.0,1.0
22,55,3.1308477539043302,4.406014999880691,0.0,0.0,0.0,0.0,0.0,0.0
23,55,11.075423735775328,9.850294413543468,0.0,1.0,1.0,1.0,0.0,1.0
24,55,0.6471655429722581,0.0,1.0,1.0,1.0,1.0,0.0,0.0
25,55,8.758116813191414,9.195743405798792,0.0,1.0,0.0,0.0,1.0,1.0
26,55,7.80658480242021,7.872737363104285,0.0,0.0,0.0,1.0,1.0,1.0
27,55,6.960625070823654,9.116371357134645,0.0,0.0,0.0,1.0,0.0,1.0
28,55,2.835099321304618,9.46899293550486,0.0,0.0,0.0,0.0,0.0,0.0
29,55,11.30996031209856,10.131912796989774,1.0,0.0,0.0,0.0,0.0,0.0
30,55,5.250707637043325,1.345825899954173,1.0,1.0,0.0,0.0,1.0,1.0
31,55,6.511087035067917,11.922975748833068,1.0,1.0,1.0,1.0,0.0,0.0
32,55,12.0,2.883619578794413,0.0,0.0,0.0,1.0,0.0,0.0
33,55,0.0,4.827323067810879,0.0,1.0,0.0,0.0,0.0,0.0
34,55,6.918032607027397,1.0946204189909898,0.0,1.0,0.0,0.0,1.0,0.0
35,55,6.625408642438048,2.1764729356546715,1.0,0.0,0.0,0.0,1.0,0.0
36,55,10.192321895012238,5.885703574604126,0.0,1.0,1.0,0.0,1.0,1.0
37,55,2.0358850707313967,11.191316979816929,1.0,0.0,0.0,0.0,1.0,1.0
38,55,2.243906406722238,3.891685605388439,1.0,0.0,1.0,0.0,1.0,0.0
39,55,6.564203055874659,9.000937552155092,0.0,1.0,1.0,1.0,1.0,1.0
0,60,0.0,4.514111524234534,0.0,1.0,0.0,1.0,0.0,1.0
1,60,5.98720374307331,0.9449412242160606,1.0,0.0,1.0,1.0,1.0,1.0
2,60,9.339855601207775,6.88068918816702,0.0,0.0,0.0,0.0,0.0,0.0
3,60,4.159322609294963,10.917514034875786,0.0,0.0,1.0,0.0,0.0,0.0
4,60,7.4439042051166275,0.0287406181166344,0.0,0.0,1.0,0.0,1.0,0.0
5,60,10.2147524081664,7.044836321444949,1.0,1.0,0.0,0.0,0.0,0.0
6,60,6.115545620438703,8.933820524153683,1.0,0.0,1.0,0.0,1.0,1.0
7,60,0.0,0.1425159834985855,0.0,0.0,0.0,0.0,1.0,0.0
8,60,3.153226465083614,12.0,0.0,0.0,1.0,1.0,0.0,1.0
9,60,11.395754577811845,9.52028140043959,1.0,0.0,0.0,1.0,0.0,0.0
10,60,5.464887440109892,0.5174720990040891,0.0,1.0,1.0,0.0,0.0,0.0
11,60,9.20032335401548,4.408358350132691,0.0,0.0,0.0,0.0,1.0,1.0
12,60,8.248966388790565,6.488957906547152,0.0,0.0,0.0,0.0,0.0,0.0
13,60,6.746170639202181,5.774184485828766,0.0,1.0,0.0,1.0,1.0,0.0
14,60,2.7932291934609697,4.562528022984035,1.0,0.0,0.0,1.0,0.0,0.0
15,60,3.552469536560317,12.0,0.0,0.0,0.0,0.0,1.0,0.0
16,60,8.836263222756678,1.1609895417925122,1.0,0.0,0.0,0.0,1.0,0.0
17,60,0.5877229794159402,8.331804169796477,1.0,0.0,0.0,1.0,0.0,0.0
18,60,1.0602398242943565,4.552837285540791,0.0,0.0,0.0,0.0,0.0,0.0
19,60,2.1042862114964467,9.214296028659843,0.0,0.0,1.0,1.0,0.0,0.0
20,60,0.4637043265935051,6.12615744018797,0.0,0.0,0.0,0.0,0.0,0.0
21,60,1.1176162943276553,7.504512985827703,0.0,0.0,0.0,0.0,1.0,1.0
22,60,3.0378007138514143,4.455920473147756,0.0,0.0,0.0,0.0,0.0,0.0
23,60,10.95549199979128,9.691204770722402,0.0,1.0,1.0,1.0,0.0,1.0
24,60,0.6137963817580862,0.0,1.0,1.0,1.0,1.0,0.0,0.0
25,60,8.733713849205383,9.175204272049104,0.0,1.0,0.0,0.0,1.0,1.0
26,60,7.880972826747133,7.954554250596443,0.0,0.0,0.0,1.0,1.0,1.0
27,60,6.950338993142025,9.146492755903424,0.0,0.0,0.0,1.0,0.0,1.0
28,60,2.829014016129747,9.45162890090789,0.0,0.0,0.0,0.0,0.0,0.0
29,60,11.29668395077129,10.126175550940022,1.0,0.0,0.0,0.0,0.0,0.0
30,60,5.23178967978145,1.3612974673775025,1.0,1.0,0.0,0.0,1.0,1.0
31,60,6.511025498606996,11.923247823104097,1.0,1.0,1.0,1.0,0.0,0.0
32,60,12.0,2.8733615866060025,0.0,0.0,0.0,1.0,0.0,0.0
33,60,0.0,4.797058107120738,0.0,1.0,0.0,0.0,0.0,0.0
34,60,6.88075705415905,1.1378680773895022,0.0,1.0,0.0,0.0,1.0,0.0
35,60,6.708059030349735,2.064979488658139,1.0,0.0,0.0,0.0,1.0,0.0
36,60,10.116505571532684,5.872640351405656,0.0,1.0,1.0,0.0,1.0,1.0
37,60,1.954367798895176,11.206823183116809,1.0,0.0,0.0,0.0,1.0,1.0
38,60,2.268901252309167,3.989767280499339,1.0,0.0,1.0,0.0,1.0,0.0
39,60,6.409821057926386,9.072493565004116,0.0,1.0,1.0,1.0,1.0,1.0
0,65,0.0,4.466684283864691,0.0,1.0,0.0,1.0,0.0,1.0
1,65,6.048415538406221,0.9413804272240924,1.0,0.0,1.0,1.0,1.0,1.0
2,65,9.29004548908733,6.870455895972482,0.0,0.0,0.0,0.0,0.0,0.0
3,65,4.186422090316452,10.903318933723009,0.0,0.0,1.0,0.0,0.0,0.0
4,65,7.413256720738349,0.0,0.0,0.0,1.0,0.0,1.0,0.0
5,65,10.19084628834653,7.040416075850621,1.0,1.0,0.0,0.0,0.0,0.0
6,65,6.117201048613237,8.932645415977385,1.0,0.0,1.0,0.0,1.0,1.0
7,65,0.0,0.1609400144260889,0.0,0.0,0.0,0.0,1.0,0.0
8,65,3.117199971180369,12.0,0.0,0.0,1.0,1.0,0.0,1.0
9,65,11.439606545218195,9.46647592347752,1.0,0.0,0.0,1.0,0.0,0.0
10,65,5.435903494782224,0.5474101630789161,0.0,1.0,1.0,0.0,0.0,0.0
11,65,9.10333049052317,4.369587997927402,0.0,0.0,0.0,0.0,1.0,1.0
12,65,8.26188782785082,6.514659564106752,0.0,0.0,0.0,0.0,0.0,0.0
13,65,6.724238529785101,5.75453233154668,0.0,1.0,0.0,1.0,1.0,0.0
14,65,2.771003762357451,4.612949147318935,1.0,0.0,0.0,1.0,0.0,0.0
15,65,3.5964534464237965,12.0,0.0,0.0,0.0,0.0,1.0,0.0
16,65,8.820627229305508,1.177649956401344,1.0,0.0,0.0,0.0,1.0,0.0
17,65,0.5358015283625996,8.24810166246731,1.0,0.0,0.0,1.0,0.0,0.0
18,65,1.0637481998092386,4.611758784117158,0.0,0.0,0.0,0.0,0.0,0.0
19,65,2.045145780661499,9.301851759159176,0.0,0.0,1.0,1.0,0.0,0.0
20,65,0.4553666533530688,6.124119621146073,0.0,0.0,0.0,0.0,0.0,0.0
21,65,1.1134652455530485,7.523488153862378,0.0,0.0,0.0,0.0,1.0,1.0
22,65,2.941946319832332,4.502642869157955,0.0,0.0,0.0,0.0,0.0,0.0
23,65,10.83742838515746,9.532676606161765,0.0,1.0,1.0,1.0,0.0,1.0
24,65,0.581657675151595,0.0,1.0,1.0,1.0,1.0,0.0,0.0
25,65,8.705585862766199,9.151715634124564,0.0,1.0,0.0,0.0,1.0,1.0
26,65,7.951316044178911,8.02849869751373,0.0,0.0,0.0,1.0,1.0,1.0
27,65,6.936668661047037,9.184263485040065,0.0,0.0,0.0,1.0,0.0,1.0
28,65,2.826109688308136,9.4436077135524,0.0,0.0,0.0,0.0,0.0,0.0
29,65,11.279862131147429,10.118898349030388,1.0,0.0,0.0,0.0,0.0,0.0
30,65,5.217628585165708,1.3731642757919666,1.0,1.0,0.0,0.0,1.0,1.0
31,65,6.512181963863731,11.917734324461442,1.0,1.0,1.0,1.0,0.0,0.0
32,65,12.0,2.8607765065864244,0.0,0.0,0.0,1.0,0.0,0.0
33,65,0.0,4.759570335857068,0.0,1.0,0.0,0.0,0.0,0.0
34,65,6.857929455584095,1.1643940424063064,0.0,1.0,0.0,0.0,1.0,0.0
35,65,6.785164812501396,1.9602285440759013,1.0,0.0,0.0,0.0,1.0,0.0
36,65,10.048811921084368,5.860944314766338,0.0,1.0,1.0,0.0,1.0,1.0
37,65,1.8784934414480472,11.222479276618552,1.0,0.0,0.0,0.0,1.0,1.0
38,65,2.2928423504672213,4.076833060674411,1.0,0.0,1.0,0.0,1.0,0.0
39,65,6.250469608159164,9.14465228203008,0.0,1.0,1.0,1.0,1.0,1.0
0,70,0.0,4.433818121229523,0.0,1.0,0.0,1.0,0.0,1.0
1,70,6.110845861778967,0.9376321870709524,1.0,0.0,1.0,1.0,1.0,1.0
2,70,9.216249868002336,6.856663281528149,0.0,0.0,0.0,0.0,0.0,0.0
3,70,4.203464109566919,10.894128801318056,0.0,0.0,1.0,0.0,0.0,0.0
4,70,7.390567343010347,0.0,0.0,0.0,1.0,0.0,1.0,0.0
5,70,10.19042734178015,7.040342860372413,1.0,1.0,0.0,0.0,0.0,0.0
6,70,6.123499809959566,8.928298350262796,1.0,0.0,1.0,0.0,1.0,1.0
7,70,0.0,0.1842398688146215,0.0,0.0,0.0,0.0,1.0,0.0
8,70,3.082953405882184,12.0,0.0,0.0,1.0,1.0,0.0,1.0
9,70,11.482900961655712,9.411222444266958,1.0,0.0,0.0,1.0,0.0,0.0
10,70,5.401168299043006,0.5832674297954881,0.0,1.0,1.0,0.0,0.0,0.0
11,70,9.022724118035509,4.336263935154556,0.0,0.0,0.0,0.0,1.0,1.0
12,70,8.280664911743182,6.555830950012793,0.0,0.0,0.0,0.0,0.0,0.0
13,70,6.70997591934624,5.742550157503612,0.0,1.0,0.0,1.0,1.0,0.0
14,70,2.7492352495177173,4.660810196536049,1.0,0.0,0.0,1.0,0.0,0.0
15,70,3.626650039544499,12.0,0.0,0.0,0.0,0.0,1.0,0.0
16,70,8.81081187847545,1.1884741963814347,1.0,0.0,0.0,0.0,1.0,0.0
17,70,0.4786082663519078,8.158533085670033,1.0,0.0,0.0,1.0,0.0,0.0
18,70,1.067974610011348,4.689145291289301,0.0,0.0,0.0,0.0,0.0,0.0
19,70,1.9842240672570317,9.39710039225086,0.0,0.0,1.0,1.0,0.0,0.0
20,70,0.4306150988694419,6.117854151530007,0.0,0.0,0.0,0.0,0.0,0.0
21,70,1.1086512339086367,7.542867261238419,0.0,0.0,0.0,0.0,1.0,1.0
22,70,2.8361747742400296,4.550593199933305,0.0,0.0,0.0,0.0,0.0,0.0
23,70,10.729029323328296,9.38121447166024,0.0,1.0,1.0,1.0,0.0,1.0
24,70,0.5572491508606979,0.0,1.0,1.0,1.0,1.0,0.0,0.0
25,70,8.68030787975485,9.130623604262263,0.0,1.0,0.0,0.0,1.0,1.0
26,70,8.036287878368967,8.114067673216118,0.0,0.0,0.0,1.0,1.0,1.0
27,70,6.922846321151067,9.222932931481568,0.0,0.0,0.0,1.0,0.0,1.0
28,70,2.821805878552106,9.43314416496492,0.0,0.0,0.0,0.0,0.0,0.0
29,70,11.278658092802935,10.118400394583803,1.0,0.0,0.0,0.0,0.0,0.0
30,70,5.196862624582407,1.3903835193384804,1.0,1.0,0.0,0.0,1.0,1.0
31,70,6.509828144274644,11.930594685094531,1.0,1.0,1.0,1.0,0.0,0.0
32,70,12.0,2.852458460614226,0.0,0.0,0.0,1.0,0.0,0.0
33,70,0.0,4.716491773047917,0.0,1.0,0.0,0.0,0.0,0.0
34,70,6.8480462796668204,1.1762907312870896,0.0,1.0,0.0,0.0,1.0,0.0
35,70,6.881739225993457,1.8301389294383124,1.0,0.0,0.0,0.0,1.0,0.0
36,70,9.98732944218525,5.847603703045536,0.0,1.0,1.0,0.0,1.0,1.0
37,70,1.8018188629260916,11.238523732474464,1.0,0.0,0.0,0.0,1.0,1.0
38,70,2.32691771011366,4.192766886303832,1.0,0.0,1.0,0.0,1.0,0.0
39,70,6.078839130374906,9.21509733750884,0.0,1.0,1.0,1.0,1.0,1.0
0,75,0.0,4.370732401542173,0.0,1.0,0.0,1.0,0.0,1.0
1,75,6.189923645679561,0.9342743781294096,1.0,0.0,1.0,1.0,1.0,1.0
2,75,9.12644637216436,6.83918015473916,0.0,0.0,0.0,0.0,0.0,0.0
3,75,4.212399317681759,10.889389443049868,0.0,0.0,1.0,0.0,0.0,0.0
4,75,7.361830666366283,0.0,0.0,0.0,1.0,0.0,1.0,0.0
5,75,10.20250062351285,7.042303626970792,1.0,1.0,0.0,0.0,0.0,0.0
6,75,6.144152653218751,8.914014206841223,1.0,0.0,1.0,0.0,1.0,1.0
7,75,0.0,0.2166457049201215,0.0,0.0,0.0,0.0,1.0,0.0
8,75,3.030526426022037,12.0,0.0,0.0,1.0,1.0,0.0,1.0
9,75,11.516934892584873,9.36816289150007,1.0,0.0,0.0,1.0,0.0,0.0
10,75,5.368336235524727,0.6164852519607106,0.0,1.0,1.0,0.0,0.0,0.0
11,75,8.927832178890982,4.295843526682873,0.0,0.0,0.0,0.0,1.0,1.0
12,75,8.297365253420622,6.592750201027669,0.0,0.0,0.0,0.0,0.0,0.0
13,75,6.701389068581781,5.734679278164045,0.0,1.0,0.0,1.0,1.0,0.0
14,75,2.729265689638334,4.70282213285055,1.0,0.0,0.0,1.0,0.0,0.0
15,75,3.6534454589259537,12.0,0.0,0.0,0.0,0.0,1.0,0.0
16,75,8.793957562875683,1.2063656597413446,1.0,0.0,0.0,0.0,1.0,0.0
17,75,0.419593359887562,8.066840114269958,1.0,0.0,0.0,1.0,0.0,0.0
18,75,1.074559395581001,4.782159445029941,0.0,0.0,0.0,0.0,0.0,0.0
19,75,1.9176982011351296,9.50855661024394,0.0,0.0,1.0,1.0,0.0,0.0
20,75,0.3990150417272091,6.109713637268931,0.0,0.0,0.0,0.0,0.0,0.0
21,75,1.108163686101779,7.544643565635444,0.0,0.0,0.0,0.0,1.0,1.0
22,75,2.745000481375387,4.589472829914472,0.0,0.0,0.0,0.0,0.0,0.0
23,75,10.6215407390369,9.22200317126882,0.0,1.0,1.0,1.0,0.0,1.0
24,75,0.5254405470982141,0.0,1.0,1.0,1.0,1.0,0.0,0.0
25,75,8.646847360808335,9.101347443976609,0.0,1.0,0.0,0.0,1.0,1.0
26,75,8.114002901255509,8.189174901138204,0.0,0.0,0.0,1.0,1.0,1.0
27,75,6.905460225966331,9.268024547402357,0.0,0.0,0.0,1.0,0.0,1.0
28,75,2.814330479816262,9.4127150435332,0.0,0.0,0.0,0.0,0.0,0.0
29,75,11.277844529431206,10.118070195829794,1.0,0.0,0.0,0.0,0.0,0.0
30,75,5.15799582298137,1.422628938596825,1.0,1.0,0.0,0.0,1.0,1.0
31,75,6.50730047986148,11.948155526750174,1.0,1.0,1.0,1.0,0.0,0.0
32,75,12.0,2.843391694242108,0.0,0.0,0.0,1.0,0.0,0.0
33,75,0.0,4.672888997866075,0.0,1.0,0.0,0.0,0.0,0.0
34,75,6.841884056800788,1.1835406937197968,0.0,1.0,0.0,0.0,1.0,0.0
35,75,6.981022587342246,1.695059235632406,1.0,0.0,0.0,0.0,1.0,0.0
36,75,9.921682903244612,5.833900319611906,0.0,1.0,1.0,0.0,1.0,1.0
37,75,1.7337659190118644,11.252775774181051,1.0,0.0,0.0,0.0,1.0,1.0
38,75,2.359317752568258,4.306426170371746,1.0,0.0,1.0,0.0,1.0,0.0
39,75,5.925352615154241,9.276597546963336,0.0,1.0,1.0,1.0,1.0,1.0
0,80,0.0,4.3134649671057455,0.0,1.0,0.0,1.0,0.0,1.0
1,80,6.2728594771358415,0.9313853758973968,1.0,0.0,1.0,1.0,1.0,1.0
2,80,9.052544380003678,6.827569551759086,0.0,0.0,0.0,0.0,0.0,0.0
3,80,4.220290793590231,10.885203703197638,0.0,0.0,1.0,0.0,0.0,0.0
4,80,7.331158033379137,0.0,0.0,0.0,1.0,0.0,1.0,0.0
5,80,10.203915497429293,7.042490061710386,1.0,1.0,0.0,0.0,0.0,0.0
6,80,6.164111785155353,8.899618279503615,1.0,0.0,1.0,0.0,1.0,1.0
7,80,0.0,0.243190620657022,0.0,0.0,0.0,0.0,1.0,0.0
8,80,2.959995356333943,12.0,0.0,0.0,1.0,1.0,0.0,1.0
9,80,11.556643775198271,9.31761715504245,1.0,0.0,0.0,1.0,0.0,0.0
10,80,5.340534107140254,0.6436072531297115,0.0,1.0,1.0,0.0,0.0,0.0
11,80,8.829489957629347,4.254728672799422,0.0,0.0,0.0,0.0,1.0,1.0
12,80,8.298128560600675,6.594432950484825,0.0,0.0,0.0,0.0,0.0,0.0
13,80,6.7049790921623975,5.738149575010371,0.0,1.0,0.0,1.0,1.0,0.0
14,80,2.719333614802187,4.722526184610387,1.0,0.0,0.0,1.0,0.0,0.0
15,80,3.680387212963861,12.0,0.0,0.0,0.0,0.0,1.0,0.0
16,80,8.783799075810744,1.217262433573996,1.0,0.0,0.0,0.0,1.0,0.0
17,80,0.3565785861778692,7.972120589807095,1.0,0.0,0.0,1.0,0.0,0.0
18,80,1.08194759334516,4.887475440066989,0.0,0.0,0.0,0.0,0.0,0.0
19,80,1.84943591505076,9.62002253592494,0.0,0.0,1.0,1.0,0.0,0.0
20,80,0.3586953106687068,6.1000015117176085,0.0,0.0,0.0,0.0,0.0,0.0
21,80,1.1025405687645615,7.565000874496938,0.0,0.0,0.0,0.0,1.0,1.0
22,80,2.6425537135206136,4.629566543034695,0.0,0.0,0.0,0.0,0.0,0.0
23,80,10.52046229864492,9.073108236069254,0.0,1.0,1.0,1.0,0.0,1.0
24,80,0.4900194167460737,0.0,1.0,1.0,1.0,1.0,0.0,0.0
25,80,8.592418158176228,9.055339293983824,0.0,1.0,0.0,0.0,1.0,1.0
26,80,8.190070340041856,8.265621219301368,0.0,0.0,0.0,1.0,1.0,1.0
27,80,6.885897872820859,9.321590629974995,0.0,0.0,0.0,1.0,0.0,1.0
28,80,2.817025766139522,9.419658316367451,0.0,0.0,0.0,0.0,0.0,0.0
29,80,11.271292621636167,10.115139025118296,1.0,0.0,0.0,0.0,0.0,0.0
30,80,5.104591290034389,1.4671453420171972,1.0,1.0,0.0,0.0,1.0,1.0
31,80,6.523230479869724,11.950659690547194,1.0,1.0,1.0,1.0,0.0,0.0
32,80,12.0,2.831228668287057,0.0,0.0,0.0,1.0,0.0,0.0
33,80,0.0407038477202885,4.5732422495979455,0.0,1.0,0.0,0.0,0.0,0.0
34,80,6.805316613856869,1.2286844062770723,0.0,1.0,0.0,0.0,1.0,0.0
35,80,7.082070317724664,1.551685692963613,1.0,0.0,0.0,0.0,1.0,0.0
36,80,9.871463558053934,5.821656583212207,0.0,1.0,1.0,0.0,1.0,1.0
37,80,1.6831201427509852,11.2634946528436,1.0,0.0,0.0,0.0,1.0,1.0
38,80,2.393708403410868,4.424544986460672,1.0,0.0,1.0,0.0,1.0,0.0
39,80,5.770721497100696,9.33973458952608,0.0,1.0,1.0,1.0,1.0,1.0
0,85,0.0,4.253444441511162,0.0,1.0,0.0,1.0,0.0,1.0
1,85,6.38092745683541,0.9260439976561304,1.0,0.0,1.0,1.0,1.0,1.0
2,85,8.985987209016054,6.817165173032808,0.0,0.0,0.0,0.0,0.0,0.0
3,85,4.227255263974719,10.881349415695352,0.0,0.0,1.0,0.0,0.0,0.0
4,85,7.299649141482362,0.0,0.0,0.0,1.0,0.0,1.0,0.0
5,85,10.213461663629326,7.043806382685612,1.0,1.0,0.0,0.0,0.0,0.0
6,85,6.190572829899092,8.88174886393234,1.0,0.0,1.0,0.0,1.0,1.0
7,85,0.0,0.2616424821813322,0.0,0.0,0.0,0.0,1.0,0.0
8,85,2.8840156002842408,12.0,0.0,0.0,1.0,1.0,0.0,1.0
9,85,11.59238957817699,9.271446619082342,1.0,0.0,0.0,1.0,0.0,0.0
10,85,5.310992736678021,0.6739743001742083,0.0,1.0,1.0,0.0,0.0,0.0
11,85,8.731249983137099,4.215725718485712,0.0,0.0,0.0,0.0,1.0,1.0
12,85,8.295210028434907,6.5883547894549634,0.0,0.0,0.0,0.0,0.0,0.0
13,85,6.70392890520734,5.73715099272368,0.0,1.0,0.0,1.0,1.0,0.0
14,85,2.715777794286397,4.7296050163339,1.0,0.0,0.0,1.0,0.0,0.0
15,85,3.682271066098992,12.0,0.0,0.0,0.0,0.0,1.0,0.0
16,85,8.77899762301405,1.222318172251263,1.0,0.0,0.0,0.0,1.0,0.0
17,85,0.3033035471444619,7.892801400143094,1.0,0.0,0.0,1.0,0.0,0.0
18,85,1.0935372353132284,5.012640394071193,0.0,0.0,0.0,0.0,0.0,0.0
19,85,1.7729356451961025,9.73393288821325,0.0,0.0,1.0,1.0,0.0,0.0
20,85,0.3105382961821529,6.087939808243413,0.0,0.0,0.0,0.0,0.0,0.0
21,85,1.0898787636943157,7.608817922330868,0.0,0.0,0.0,0.0,1.0,1.0
22,85,2.5275519041059207,4.67385801484634,0.0,0.0,0.0,0.0,0.0,0.0
23,85,10.423715653742564,8.930474878508216,0.0,1.0,1.0,1.0,0.0,1.0
24,85,0.4509383429854826,0.0,1.0,1.0,1.0,1.0,0.0,0.0
25,85,8.54637256891627,9.015658049525564,0.0,1.0,0.0,0.0,1.0,1.0
26,85,8.274747005555351,8.349987242817214,0.0,0.0,0.0,1.0,1.0,1.0
27,85,6.864919378326359,9.37997046864082,0.0,0.0,0.0,1.0,0.0,1.0
28,85,2.815785222300742,9.416476302230327,0.0,0.0,0.0,0.0,0.0,0.0
29,85,11.267121346675337,10.11323461462475,1.0,0.0,0.0,0.0,0.0,0.0
30,85,5.048360187344348,1.5160630212835704,1.0,1.0,0.0,0.0,1.0,1.0
31,85,6.575775207226757,11.958769735568715,1.0,1.0,1.0,1.0,0.0,0.0
32,85,12.0,2.818089640254718,0.0,0.0,0.0,1.0,0.0,0.0
33,85,0.0730410967776623,4.487698421122197,0.0,1.0,0.0,0.0,0.0,0.0
34,85,6.760863200580961,1.2852465393958592,0.0,1.0,0.0,0.0,1.0,0.0
35,85,7.172948657759784,1.426408254894325,1.0,0.0,0.0,0.0,1.0,0.0
36,85,9.817267452413509,5.808683076434334,0.0,1.0,1.0,0.0,1.0,1.0
37,85,1.6381830208605783,11.272338378951885,1.0,0.0,0.0,0.0,1.0,1.0
38,85,2.429248025200484,4.566012688750068,1.0,0.0,1.0,0.0,1.0,0.0
39,85,5.622683665481316,9.40040721554105,0.0,1.0,1.0,1.0,1.0,1.0
0,90,0.0,4.186702106646891,0.0,1.0,0.0,1.0,0.0,1.0
1,90,6.49714095342601,0.9212594549094844,1.0,0.0,1.0,1.0,1.0,1.0
2,90,8.934242825215529,6.808979216124937,0.0,0.0,0.0,0.0,0.0,0.0
3,90,4.240923028462069,10.873982048170356,0.0,0.0,1.0,0.0,0.0,0.0
4,90,7.276627864911852,0.0,0.0,0.0,1.0,0.0,1.0,0.0
5,90,10.210633708736786,7.043425715619283,1.0,1.0,0.0,0.0,0.0,0.0
6,90,6.21125936401382,8.86828563066586,1.0,0.0,1.0,0.0,1.0,1.0
7,90,0.0,0.2869755337263249,0.0,0.0,0.0,0.0,1.0,0.0
8,90,2.813826589075814,12.0,0.0,0.0,1.0,1.0,0.0,1.0
9,90,11.63525550575607,9.305470815535251,1.0,0.0,0.0,1.0,0.0,0.0
10,90,5.282251097972571,0.7026143828000772,0.0,1.0,1.0,0.0,0.0,0.0
11,90,8.655310421354821,4.185451447025717,0.0,0.0,0.0,0.0,1.0,1.0
12,90,8.294247866154693,6.586103919307053,0.0,0.0,0.0,0.0,0.0,0.0
13,90,6.70275479775415,5.736041893816592,0.0,1.0,0.0,1.0,1.0,0.0
14,90,2.714224661169005,4.732538415391086,1.0,0.0,0.0,1.0,0.0,0.0
15,90,3.686914747199838,12.0,0.0,0.0,0.0,0.0,1.0,0.0
16,90,8.778024874708958,1.2233467155026585,1.0,0.0,0.0,0.0,1.0,0.0
17,90,0.2427082551551135,7.806561108747941,1.0,0.0,0.0,1.0,0.0,0.0
18,90,1.1012679149669902,5.120733078743915,0.0,0.0,0.0,0.0,0.0,0.0
19,90,1.7073734816623198,9.834824007699506,0.0,0.0,1.0,1.0,0.0,0.0
20,90,0.2733555343407912,6.0784557737253015,0.0,0.0,0.0,0.0,0.0,0.0
21,90,1.0651436046680718,7.70150715722573,0.0,0.0,0.0,0.0,1.0,1.0
22,90,2.391305868719161,4.728069826780413,0.0,0.0,0.0,0.0,0.0,0.0
23,90,10.336789166896702,8.803654012201187,0.0,1.0,1.0,1.0,0.0,1.0
24,90,0.414779622460089,0.0,1.0,1.0,1.0,1.0,0.0,0.0
25,90,8.50562804181091,8.980737759584558,0.0,1.0,0.0,0.0,1.0,1.0
26,90,8.353984219443584,8.423974849772899,0.0,0.0,0.0,1.0,1.0,1.0
27,90,6.843401444915549,9.44172159748634,0.0,0.0,0.0,1.0,0.0,1.0
28,90,2.811030560309494,9.404222844912823,0.0,0.0,0.0,0.0,0.0,0.0
29,90,11.234245064035848,10.099285191281105,1.0,0.0,0.0,0.0,0.0,0.0
30,90,4.998781019530776,1.560904845841053,1.0,1.0,0.0,0.0,1.0,1.0
31,90,6.631644644188542,11.967654540819591,1.0,1.0,1.0,1.0,0.0,0.0
32,90,12.0,2.804119162853034,0.0,0.0,0.0,1.0,0.0,0.0
33,90,0.0977151186610746,4.416876004055338,0.0,1.0,0.0,0.0,0.0,0.0
34,90,6.724445543279381,1.331295946175122,0.0,1.0,0.0,0.0,1.0,0.0
35,90,7.28125572094617,1.2806216679709934,1.0,0.0,0.0,0.0,1.0,0.0
36,90,9.76055907927119,5.795333911251345,0.0,1.0,1.0,0.0,1.0,1.0
37,90,1.5745525733024466,11.284739561125752,1.0,0.0,0.0,0.0,1.0,1.0
38,90,2.4631829762337896,4.702200820969313,1.0,0.0,1.0,0.0,1.0,0.0
39,90,5.470902600270037,9.459919850058132,0.0,1.0,1.0,1.0,1.0,1.0
0,95,0.0,4.103086776641169,0.0,1.0,0.0,1.0,0.0,1.0
1,95,6.614676855270883,0.9169671121870254,1.0,0.0,1.0,1.0,1.0,1.0
2,95,8.860895299789624,6.798068433372651,0.0,0.0,0.0,0.0,0.0,0.0
3,95,4.272877428413562,10.85637457988826,0.0,0.0,1.0,0.0,0.0,0.0
4,95,7.2545524813963,0.0,0.0,0.0,1.0,0.0,1.0,0.0
5,95,10.217983601745145,7.044605458334185,1.0,1.0,0.0,0.0,0.0,0.0
6,95,6.235195626357305,8.852519901035262,1.0,0.0,1.0,0.0,1.0,1.0
7,95,0.0,0.3088973330345749,0.0,0.0,0.0,0.0,1.0,0.0
8,95,2.729233697625377,12.0,0.0,0.0,1.0,1.0,0.0,1.0
9,95,11.677943136697133,9.33684285125386,1.0,0.0,0.0,1.0,0.0,0.0
10,95,5.248913511534989,0.7365404378748515,0.0,1.0,1.0,0.0,0.0,0.0
11,95,8.576269182869424,4.15224150801512,0.0,0.0,0.0,0.0,1.0,1.0
12,95,8.294724988906944,6.5872515647769765,0.0,0.0,0.0,0.0,0.0,0.0
13,95,6.705974221384421,5.739197444536571,0.0,1.0,0.0,1.0,1.0,0.0
14,95,2.71471972991626,4.731554922007796,1.0,0.0,0.0,1.0,0.0,0.0
15,95,3.685577843064139,11.999784448006894,0.0,0.0,0.0,0.0,1.0,0.0
16,95,8.791824625820627,1.208227792090156,1.0,0.0,0.0,0.0,1.0,0.0
17,95,0.1744720847595355,7.711651736001239,1.0,0.0,0.0,1.0,0.0,0.0
18,95,1.1103102866752057,5.232185840316838,0.0,0.0,0.0,0.0,0.0,0.0
19,95,1.6406710944896894,9.936934091878106,0.0,0.0,1.0,1.0,0.0,0.0
20,95,0.2280063253089427,6.067136158427806,0.0,0.0,0.0,0.0,0.0,0.0
21,95,1.0434388356231303,7.779217078625094,0.0,0.0,0.0,0.0,1.0,1.0
22,95,2.2562278791911647,4.785925790118602,0.0,0.0,0.0,0.0,0.0,0.0
23,95,10.245824999715692,8.679503261158105,0.0,1.0,1.0,1.0,0.0,1.0
24,95,0.3845587130568333,0.0,1.0,1.0,1.0,1.0,0.0,0.0
25,95,8.450792202773808,8.932972970511036,0.0,1.0,0.0,0.0,1.0,1.0
26,95,8.44295774583155,8.506461947172328,0.0,0.0,0.0,1.0,1.0,1.0
27,95,6.818250469783483,9.514962806283298,0.0,0.0,0.0,1.0,0.0,1.0
28,95,2.8053601905535555,9.389905739391548,0.0,0.0,0.0,0.0,0.0,0.0
29,95,11.190201871549467,10.080175108219194,1.0,0.0,0.0,0.0,0.0,0.0
30,95,4.959665870859238,1.595672174500241,1.0,1.0,0.0,0.0,1.0,1.0
31,95,6.6861348092680775,11.977950026133731,1.0,1.0,1.0,1.0,0.0,0.0
32,95,12.0,2.7901133770921818,0.0,0.0,0.0,1.0,0.0,0.0
33,95,0.1201054029499563,4.349318230030808,0.0,1.0,0.0,0.0,0.0,0.0
34,95,6.680437113528704,1.3852555171030183,0.0,1.0,0.0,0.0,1.0,0.0
35,95,7.382765464234859,1.14491494997203,1.0,0.0,0.0,0.0,1.0,0.0
36,95,9.72241048785138,5.787008700008688,0.0,1.0,1.0,0.0,1.0,1.0
37,95,1.5177183654128543,11.295172495097608,1.0,0.0,0.0,0.0,1.0,1.0
38,95,2.499068104103096,4.844191996709111,1.0,0.0,1.0,0.0,1.0,0.0
39,95,5.321256789439368,9.51836986883608,0.0,1.0,1.0,1.0,1.0,1.0
0,100,0.0,4.023007031338056,0.0,1.0,0.0,1.0,0.0,1.0
1,100,6.71565827311285,0.9114747127603938,1.0,0.0,1.0,1.0,1.0,1.0
2,100,8.774295254320805,6.7868925291070585,0.0,0.0,0.0,0.0,0.0,0.0
3,100,4.299109508049768,10.841370937980638,0.0,0.0,1.0,0.0,0.0,0.0
4,100,7.229442446397033,0.0,0.0,0.0,1.0,0.0,1.0,0.0
5,100,10.22205128220021,7.045319674243647,1.0,1.0,0.0,0.0,0.0,0.0
6,100,6.241844494201167,8.84822147074214,1.0,0.0,1.0,0.0,1.0,1.0
7,100,0.0,0.3412911647972289,0.0,0.0,0.0,0.0,1.0,0.0
8,100,2.6417779211287677,12.0,0.0,0.0,1.0,1.0,0.0,1.0
9,100,11.721348925382314,9.368132094298629,1.0,0.0,0.0,1.0,0.0,0.0
10,100,5.217704928939942,0.7692111622704335,0.0,1.0,1.0,0.0,0.0,0.0
11,100,8.462322989580752,4.103287847938197,0.0,0.0,0.0,0.0,1.0,1.0
12,100,8.302027106663687,6.604815861216262,0.0,0.0,0.0,0.0,0.0,0.0
13,100,6.699000322844416,5.732583247434781,0.0,1.0,0.0,1.0,1.0,0.0
14,100,2.7113353148448507,4.738253754297412,1.0,0.0,0.0,1.0,0.0,0.0
15,100,3.7078902117996178,12.0,0.0,0.0,0.0,0.0,1.0,0.0
16,100,8.817011179133035,1.1804637168586185,1.0,0.0,0.0,0.0,1.0,0.0
17,100,0.1001849123331519,7.608537108282453,1.0,0.0,0.0,1.0,0.0,0.0
18,100,1.11796452664852,5.353494669976714,0.0,0.0,0.0,0.0,0.0,0.0
19,100,1.576687904317754,10.033665237306645,0.0,0.0,1.0,1.0,0.0,0.0
20,100,0.1848690282788772,6.05525188989122,0.0,0.0,0.0,0.0,0.0,0.0
21,100,1.0247336540563698,7.856982020672158,0.0,0.0,0.0,0.0,1.0,1.0
22,100,2.123488498506904,4.842655131508741,0.0,0.0,0.0,0.0,0.0,0.0
23,100,10.15752894169464,8.555310215034917,0.0,1.0,1.0,1.0,0.0,1.0
24,100,0.3556612113378781,0.0,1.0,1.0,1.0,1.0,0.0,0.0
25,100,8.402699702227446,8.890667866022415,0.0,1.0,0.0,0.0,1.0,1.0
26,100,8.529728659489885,8.590140540990552,0.0,0.0,0.0,1.0,1.0,1.0
27,100,6.796985162268573,9.57708042197116,0.0,0.0,0.0,1.0,0.0,1.0
28,100,2.7994522045647576,9.375249492181132,0.0,0.0,0.0,0.0,0.0,0.0
29,100,11.143395448218545,10.058514736305488,1.0,0.0,0.0,0.0,0.0,0.0
30,100,4.936086894090501,1.6163273385401131,1.0,1.0,0.0,0.0,1.0,1.0
31,100,6.756254547337012,11.99066243342848,1.0,1.0,1.0,1.0,0.0,0.0
32,100,12.0,2.7763689166716663,0.0,0.0,0.0,1.0,0.0,0.0
33,100,0.1409220196941427,4.289363475387716,0.0,1.0,0.0,0.0,0.0,0.0
34,100,6.642175151853045,1.4286199133680528,0.0,1.0,0.0,0.0,1.0,0.0
35,100,7.480933581588045,1.0069405670650533,1.0,0.0,0.0,0.0,1.0,0.0
36,100,9.668117072771558,5.773444531200672,0.0,1.0,1.0,0.0,1.0,1.0
37,100,1.450103877019179,11.307982407168248,1.0,0.0,0.0,0.0,1.0,1.0
38,100,2.5423720471436466,5.009345373833382,1.0,0.0,1.0,0.0,1.0,0.0
39,100,5.180373914149555,9.573519949216102,0.0,1.0,1.0,1.0,1.0,1.0
0,105,0.0,3.923117748691237,0.0,1.0,0.0,1.0,0.0,1.0
1,105,6.81714463964599,0.9052637255664796,1.0,0.0,1.0,1.0,1.0,1.0
2,105,8.67948146118428,6.774195806331816,0.0,0.0,0.0,0.0,0.0,0.0
3,105,4.323445265452892,10.828114274071297,0.0,0.0,1.0,0.0,0.0,0.0
4,105,7.20570223484874,0.0,0.0,0.0,1.0,0.0,1.0,0.0
5,105,10.210750521822764,7.042896645161624,1.0,1.0,0.0,0.0,0.0,0.0
6,105,6.251667580810588,8.84149063463238,1.0,0.0,1.0,0.0,1.0,1.0
7,105,0.0,0.3724799194575746,0.0,0.0,0.0,0.0,1.0,0.0
8,105,2.55817989024858,12.0,0.0,0.0,1.0,1.0,0.0,1.0
9,105,11.765004651662538,9.401985515260996,1.0,0.0,0.0,1.0,0.0,0.0
10,105,5.185503307326695,0.8027677113941065,0.0,1.0,1.0,0.0,0.0,0.0
11,105,8.359877981815757,4.055532692106665,0.0,0.0,0.0,0.0,1.0,1.0
12,105,8.311161009767494,6.626255504661779,0.0,0.0,0.0,0.0,0.0,0.0
13,105,6.684094538563698,5.719235317502392,0.0,1.0,0.0,1.0,1.0,0.0
14,105,2.7112323307802613,4.738465753295087,1.0,0.0,0.0,1.0,0.0,0.0
15,105,3.731886716089224,12.0,0.0,0.0,0.0,0.0,1.0,0.0
16,105,8.83132793546405,1.1646255207016956,1.0,0.0,0.0,0.0,1.0,0.0
17,105,0.037194523649091,7.5191040052562705,1.0,0.0,0.0,1.0,0.0,0.0
18,105,1.1262357646149486,5.468085326453519,0.0,0.0,0.0,0.0,0.0,0.0
19,105,1.5109415053843005,10.1316627597652,0.0,0.0,1.0,1.0,0.0,0.0
20,105,0.1291860333816284,6.038018549213841,0.0,0.0,0.0,0.0,0.0,0.0
21,105,1.0065691673172985,7.929099413623109,0.0,0.0,0.0,0.0,1.0,1.0
22,105,1.9857472799611449,4.899604162697309,0.0,0.0,0.0,0.0,0.0,0.0
23,105,10.0658515338864,8.421521076995932,0.0,1.0,1.0,1.0,0.0,1.0
24,105,0.3251532793856944,0.0,1.0,1.0,1.0,1.0,0.0,0.0
25,105,8.362876434497117,8.856121661253496,0.0,1.0,0.0,0.0,1.0,1.0
26,105,8.639877860556336,8.690615618815839,0.0,0.0,0.0,1.0,1.0,1.0
27,105,6.7739553902583145,9.638183699404598,0.0,0.0,0.0,1.0,0.0,1.0
28,105,2.802294669115638,9.382144267210814,0.0,0.0,0.0,0.0,0.0,0.0
29,105,11.110083526735394,10.043735664344224,1.0,0.0,0.0,0.0,0.0,0.0
30,105,4.917433116150308,1.632842408516387,1.0,1.0,0.0,0.0,1.0,1.0
31,105,6.81815673283485,12.0,1.0,1.0,1.0,1.0,0.0,0.0
32,105,12.0,2.766733284203452,0.0,0.0,0.0,1.0,0.0,0.0
33,105,0.1591345633504834,4.239511388156026,0.0,1.0,0.0,0.0,0.0,0.0
34,105,6.605645066057739,1.4691601143030972,0.0,1.0,0.0,0.0,1.0,0.0
35,105,7.581297006964764,0.8694992804291448,1.0,0.0,0.0,0.0,1.0,0.0
36,105,9.601141680532558,5.758685060672896,0.0,1.0,1.0,0.0,1.0,1.0
37,105,1.378790001164815,11.321206535716836,1.0,0.0,0.0,0.0,1.0,1.0
38,105,2.59090664251058,5.198702959527181,1.0,0.0,1.0,0.0,1.0,0.0
39,105,5.029940240703491,9.634002334655577,0.0,1.0,1.0,1.0,1.0,1.0
0,110,0.0,3.837062976210418,0.0,1.0,0.0,1.0,0.0,1.0
1,110,6.910663325694429,0.9004406520031407,1.0,0.0,1.0,1.0,1.0,1.0
2,110,8.60928124651066,6.763990004055268,0.0,0.0,0.0,0.0,0.0,0.0
3,110,4.355791023310768,10.810895247129576,0.0,0.0,1.0,0.0,0.0,0.0
4,110,7.1746168845019245,0.0,0.0,0.0,1.0,0.0,1.0,0.0
5,110,10.198130497152318,7.039979635511016,1.0,1.0,0.0,0.0,0.0,0.0
6,110,6.24419257701642,8.846585333462844,1.0,0.0,1.0,0.0,1.0,1.0
7,110,0.0,0.4005577364002209,0.0,0.0,0.0,0.0,1.0,0.0
8,110,2.476850818696564,12.0,0.0,0.0,1.0,1.0,0.0,1.0
9,110,11.8003961131856,9.358018714883004,1.0,0.0,0.0,1.0,0.0,0.0
10,110,5.165886512989886,0.8223736512527358,0.0,1.0,1.0,0.0,0.0,0.0
11,110,8.273688274015726,4.012512714853151,0.0,0.0,0.0,0.0,1.0,1.0
12,110,8.32037553031366,6.646583218811695,0.0,0.0,0.0,0.0,0.0,0.0
13,110,6.65343626517855,5.692827930060436,0.0,1.0,0.0,1.0,1.0,0.0
14,110,2.7139033363425624,4.733025001325839,1.0,0.0,0.0,1.0,0.0,0.0
15,110,3.760133025219087,12.0,0.0,0.0,0.0,0.0,1.0,0.0
16,110,8.85280328819643,1.140870351903726,1.0,0.0,0.0,0.0,1.0,0.0
17,110,0.0,7.420849498887129,1.0,0.0,0.0,1.0,0.0,0.0
18,110,1.2288779936679626,5.462414147964427,0.0,0.0,0.0,0.0,0.0,0.0
19,110,1.4371158706877445,10.235394739123732,0.0,0.0,1.0,1.0,0.0,0.0
20,110,0.0645588251479175,6.018039241863682,0.0,0.0,0.0,0.0,0.0,0.0
21,110,0.990278919844684,7.9944498101373505,0.0,0.0,0.0,0.0,1.0,1.0
22,110,1.8330373269437168,4.961839353711159,0.0,0.0,0.0,0.0,0.0,0.0
23,110,9.98001709151968,8.296577081037185,0.0,1.0,1.0,1.0,0.0,1.0
24,110,0.3033326338476427,0.0,1.0,1.0,1.0,1.0,0.0,0.0
25,110,8.334717166843436,8.832272181833638,0.0,1.0,0.0,0.0,1.0,1.0
26,110,8.74278091254768,8.78714770920412,0.0,0.0,0.0,1.0,1.0,1.0
27,110,6.751949345727875,9.695384046598257,0.0,0.0,0.0,1.0,0.0,1.0
28,110,2.797720027138681,9.3710943706639,0.0,0.0,0.0,0.0,0.0,0.0
29,110,11.070740998506365,10.026695394981065,1.0,0.0,0.0,0.0,0.0,0.0
30,110,4.894332851550186,1.653644404307394,1.0,1.0,0.0,0.0,1.0,1.0
31,110,6.8923103683659495,12.0,1.0,1.0,1.0,1.0,0.0,0.0
32,110,12.0,2.7553285860008168,0.0,0.0,0.0,1.0,0.0,0.0
33,110,0.1770035118224036,4.1879386113053805,0.0,1.0,0.0,0.0,0.0,0.0
34,110,6.569277976011434,1.5095379186883786,0.0,1.0,0.0,0.0,1.0,0.0
35,110,7.6869237067052945,0.7257392736695425,1.0,0.0,0.0,0.0,1.0,0.0
36,110,9.561697927806042,5.750438682102597,0.0,1.0,1.0,0.0,1.0,1.0
37,110,1.2889661110588468,11.337947568253837,1.0,0.0,0.0,0.0,1.0,1.0
38,110,2.6434263780124483,5.385473510625929,1.0,0.0,1.0,0.0,1.0,0.0
39,110,4.870541924741813,9.69394293230938,0.0,1.0,1.0,1.0,1.0,1.0
0,115,0.0,3.7359207154179694,0.0,1.0,0.0,1.0,0.0,1.0
1,115,6.998522012442045,0.8954281894632182,1.0,0.0,1.0,1.0,1.0,1.0
2,115,8.551119094700114,6.755793677567696,0.0,0.0,0.0,0.0,0.0,0.0
3,115,4.388101223151484,10.792644722743814,0.0,0.0,1.0,0.0,0.0,0.0
4,115,7.147118345796753,0.0,0.0,0.0,1.0,0.0,1.0,0.0
5,115,10.19380531879793,7.03897787160657,1.0,1.0,0.0,0.0,0.0,0.0
6,115,6.235011326830621,8.85282548481329,1.0,0.0,1.0,0.0,1.0,1.0
7,115,0.0,0.4226498256797242,0.0,0.0,0.0,0.0,1.0,0.0
8,115,2.380550641616951,12.0,0.0,0.0,1.0,1.0,0.0,1.0
9,115,11.833536586980742,9.315954604448564,1.0,0.0,0.0,1.0,0.0,0.0
10,115,5.124291654993836,0.8626606269405465,0.0,1.0,1.0,0.0,0.0,0.0
11,115,8.186281715753513,3.9735923445108834,0.0,0.0,0.0,0.0,1.0,1.0
12,115,8.328774251713934,6.665113504375356,0.0,0.0,0.0,0.0,0.0,0.0
13,115,6.616893839597943,5.660750779981586,0.0,1.0,0.0,1.0,1.0,0.0
14,115,2.7219695894788583,4.7165156009127305,1.0,0.0,0.0,1.0,0.0,0.0
15,115,3.792316044392517,12.0,0.0,0.0,0.0,0.0,1.0,0.0
16,115,8.873732944403725,1.1168804146230449,1.0,0.0,0.0,0.0,1.0,0.0
17,115,0.0,7.3222475619501886,1.0,0.0,0.0,1.0,0.0,0.0
18,115,1.355041434194892,5.455897405705451,0.0,0.0,0.0,0.0,0.0,0.0
19,115,1.360276440922792,10.345049531295324,0.0,0.0,1.0,1.0,0.0,0.0
20,115,0.0071867414378419,6.000150269089578,0.0,0.0,0.0,0.0,0.0,0.0
21,115,0.97482886705586,8.061436334261304,0.0,0.0,0.0,0.0,1.0,1.0
22,115,1.6725740585862452,5.028334678747106,0.0,0.0,0.0,0.0,0.0,0.0
23,115,9.88610266450904,8.169606979951345,0.0,1.0,1.0,1.0,0.0,1.0
24,115,0.2849867965356797,0.0,1.0,1.0,1.0,1.0,0.0,0.0
25,115,8.288821016815875,8.79170844225978,0.0,1.0,0.0,0.0,1.0,1.0
26,115,8.65420674432462,8.885683225569146,0.0,0.0,0.0,1.0,1.0,1.0
27,115,6.725916933969118,9.75778422881712,0.0,0.0,0.0,1.0,0.0,1.0
28,115,2.7920323776928333,9.357116213210649,0.0,0.0,0.0,0.0,0.0,0.0
29,115,11.028988300438046,10.009775515447316,1.0,0.0,0.0,0.0,0.0,0.0
30,115,4.86519370090445,1.68162649345793,1.0,1.0,0.0,0.0,1.0,1.0
31,115,6.989825004122862,12.0,1.0,1.0,1.0,1.0,0.0,0.0
32,115,12.0,2.7443503255178268,0.0,0.0,0.0,1.0,0.0,0.0
33,115,0.187902271165421,4.1519727100401225,0.0,1.0,0.0,0.0,0.0,0.0
34,115,6.538616821446372,1.5441935606645796,0.0,1.0,0.0,0.0,1.0,0.0
35,115,7.80850343850333,0.5608389096616878,1.0,0.0,0.0,0.0,1.0,0.0
36,115,9.541353924767224,5.745876751070078,0.0,1.0,1.0,0.0,1.0,1.0
37,115,1.1976444411497331,11.355946770982596,1.0,0.0,0.0,0.0,1.0,1.0
38,115,2.697522320467148,5.570790994572206,1.0,0.0,1.0,0.0,1.0,0.0
39,115,4.722971582841359,9.74581221388309,0.0,1.0,1.0,1.0,1.0,1.0
0,120,0.0,3.629163056958819,0.0,1.0,0.0,1.0,0.0,1.0
1,120,7.081217485003034,0.8924781645553098,1.0,0.0,1.0,1.0,1.0,1.0
2,120,8.458060009187612,6.740145753249005,0.0,0.0,0.0,0.0,0.0,0.0
3,120,4.424289586792416,10.772357580466643,0.0,0.0,1.0,0.0,0.0,0.0
4,120,7.116744262260395,0.0,0.0,0.0,1.0,0.0,1.0,0.0
5,120,10.186595191906347,7.037395280791887,1.0,1.0,0.0,0.0,0.0,0.0
6,120,6.220015454701448,8.862892701293877,1.0,0.0,1.0,0.0,1.0,1.0
7,120,0.0,0.4502910462875294,0.0,0.0,0.0,0.0,1.0,0.0
8,120,2.296329217280477,12.0,0.0,0.0,1.0,1.0,0.0,1.0
9,120,11.877985697676346,9.26335332135372,1.0,0.0,0.0,1.0,0.0,0.0
10,120,5.096484179559857,0.889893089121461,0.0,1.0,1.0,0.0,0.0,0.0
11,120,8.10844551296627,3.937904242878475,0.0,0.0,0.0,0.0,1.0,1.0
12,120,8.326428250176935,6.659672502328535,0.0,0.0,0.0,0.0,0.0,0.0
13,120,6.584979757683493,5.6327281604728805,0.0,1.0,0.0,1.0,1.0,0.0
14,120,2.7431852247249995,4.672041787925691,1.0,0.0,0.0,1.0,0.0,0.0
15,120,3.804012400361216,12.0,0.0,0.0,0.0,0.0,1.0,0.0
16,120,8.884962851310908,1.102999029068889,1.0,0.0,0.0,0.0,1.0,0.0
17,120,0.0,7.2279412773706895,1.0,0.0,0.0,1.0,0.0,0.0
18,120,1.4660284477777332,5.4481489743248295,0.0,0.0,0.0,0.0,0.0,0.0
19,120,1.2833852276087874,10.463694865013364,0.0,0.0,1.0,1.0,0.0,0.0
20,120,0.0,5.9805585824551,0.0,0.0,0.0,0.0,0.0,0.0
21,120,0.964262840836714,8.111867036203654,0.0,0.0,0.0,0.0,1.0,1.0
22,120,1.518417180078387,5.09514021280345,0.0,0.0,0.0,0.0,0.0,0.0
23,120,9.788080820614312,8.033061522876775,0.0,1.0,1.0,1.0,0.0,1.0
24,120,0.2716720751641984,0.0,1.0,1.0,1.0,1.0,0.0,0.0
25,120,8.250986412005757,8.757400485892118,0.0,1.0,0.0,0.0,1.0,1.0
26,120,8.56800184421252,8.98216067349134,0.0,0.0,0.0,1.0,1.0,1.0
27,120,6.702613089334683,9.82120606333497,0.0,0.0,0.0,1.0,0.0,1.0
28,120,2.783887335700029,9.33633654797743,0.0,0.0,0.0,0.0,0.0,0.0
29,120,10.998182028638846,9.99761264606111,1.0,0.0,0.0,0.0,0.0,0.0
30,120,4.85257761295281,1.6936277845231051,1.0,1.0,0.0,0.0,1.0,1.0
31,120,7.095054478621243,12.0,1.0,1.0,1.0,1.0,0.0,0.0
32,120,12.0,2.7355736982960317,0.0,0.0,0.0,1.0,0.0,0.0
33,120,0.2008831542021757,4.1030582693985895,0.0,1.0,0.0,0.0,0.0,0.0
34,120,6.5078100070357054,1.5792979485697225,0.0,1.0,0.0,0.0,1.0,0.0
35,120,7.92474511289215,0.4070891294461086,1.0,0.0,0.0,0.0,1.0,0.0
36,120,9.534899577146096,5.744358164519407,0.0,1.0,1.0,0.0,1.0,1.0
37,120,1.11513155289258,11.371747979965876,1.0,0.0,0.0,0.0,1.0,1.0
38,120,2.7517473373478265,5.753110086277615,1.0,0.0,1.0,0.0,1.0,0.0
39,120,4.570435992626066,9.799674857183348,0.0,1.0,1.0,1.0,1.0,1.0
0,125,0.0,3.5086724628185206,0.0,1.0,0.0,1.0,0.0,1.0
1,125,7.151945362482186,0.8911848399706487,1.0,0.0,1.0,1.0,1.0,1.0
2,125,8.363677679911763,6.720872913458848,0.0,0.0,0.0,0.0,0.0,0.0
3,125,4.461918012000235,10.750282768000424,0.0,0.0,1.0,0.0,0.0,0.0
4,125,7.07716144231561,0.0,0.0,0.0,1.0,0.0,1.0,0.0
5,125,10.183224771199086,7.036669536619745,1.0,1.0,0.0,0.0,0.0,0.0
6,125,6.198316004379423,8.87713424953665,1.0,0.0,1.0,0.0,1.0,1.0
7,125,0.0,0.4661043409651023,0.0,0.0,0.0,0.0,1.0,0.0
8,125,2.2161565091698336,12.0,0.0,0.0,1.0,1.0,0.0,1.0
9,125,11.910609849244452,9.225288634331417,1.0,0.0,0.0,1.0,0.0,0.0
10,125,5.072858573369313,0.9132332064176776,0.0,1.0,1.0,0.0,0.0,0.0
11,125,8.018762787512179,3.8985871301921056,0.0,0.0,0.0,0.0,1.0,1.0
12,125,8.320610487611397,6.645769142637931,0.0,0.0,0.0,0.0,0.0,0.0
13,125,6.5602673598370655,5.612618620004845,0.0,1.0,0.0,1.0,1.0,0.0
14,125,2.7556966327336787,4.644997840281575,1.0,0.0,0.0,1.0,0.0,0.0
15,125,3.8333746044757895,12.0,0.0,0.0,0.0,0.0,1.0,0.0
16,125,8.89469371880474,1.0900579306209897,1.0,0.0,0.0,0.0,1.0,0.0
17,125,0.0,7.137630111726696,1.0,0.0,0.0,1.0,0.0,0.0
18,125,1.5868534954857103,5.436495976542644,0.0,0.0,0.0,0.0,0.0,0.0
19,125,1.2051443038331071,10.592257216343278,0.0,0.0,1.0,1.0,0.0,0.0
20,125,0.0,5.957208784174963,0.0,0.0,0.0,0.0,0.0,0.0
21,125,0.9524939083000584,8.1663140613654,0.0,0.0,0.0,0.0,1.0,1.0
22,125,1.3691811009559456,5.164704121087235,0.0,0.0,0.0,0.0,0.0,0.0
23,125,9.698183985589711,7.901141858106486,0.0,1.0,1.0,1.0,0.0,1.0
24,125,0.2595844476777188,0.0,1.0,1.0,1.0,1.0,0.0,0.0
25,125,8.218617968109905,8.725584458488933,0.0,1.0,0.0,0.0,1.0,1.0
26,125,8.479614940867512,9.085013874712011,0.0,0.0,0.0,1.0,1.0,1.0
27,125,6.675506530357366,9.890991955283368,0.0,0.0,0.0,1.0,0.0,1.0
28,125,2.7683089820578863,9.295600054454232,0.0,0.0,0.0,0.0,0.0,0.0
29,125,10.972349355191712,9.98665159581323,1.0,0.0,0.0,0.0,0.0,0.0
30,125,4.857988493275499,1.6885874276598831,1.0,1.0,0.0,0.0,1.0,1.0
31,125,7.199622213540926,12.0,1.0,1.0,1.0,1.0,0.0,0.0
32,125,12.0,2.7271633235545862,0.0,0.0,0.0,1.0,0.0,0.0
33,125,0.2182306984605936,4.043046274001109,0.0,1.0,0.0,0.0,0.0,0.0
34,125,6.468629233987595,1.6229628536775549,0.0,1.0,0.0,0.0,1.0,0.0
35,125,8.038137994474614,0.2544451169303321,1.0,0.0,0.0,0.0,1.0,0.0
36,125,9.542728083450838,5.746206968719499,0.0,1.0,1.0,0.0,1.0,1.0
37,125,1.0011367916507632,11.39193817559254,1.0,0.0,0.0,0.0,1.0,1.0
38,125,2.8042625201043028,5.933346121166486,1.0,0.0,1.0,0.0,1.0,0.0
39,125,4.395725303528005,9.861027344543572,0.0,1.0,1.0,1.0,1.0,1.0
0,130,0.0,3.38744032591066,0.0,1.0,0.0,1.0,0.0,1.0
1,130,7.23186683518715,0.8891049921636127,1.0,0.0,1.0,1.0,1.0,1.0
2,130,8.260953261976756,6.699171122755345,0.0,0.0,0.0,0.0,0.0,0.0
3,130,4.5086676195476345,10.721715925103686,0.0,0.0,1.0,0.0,0.0,0.0
4,130,7.03685254083027,0.0,0.0,0.0,1.0,0.0,1.0,0.0
5,130,10.167374383734016,7.033704422779917,1.0,1.0,0.0,0.0,0.0,0.0
6,130,6.190362195814115,8.882304412708798,1.0,0.0,1.0,0.0,1.0,1.0
7,130,0.0,0.4808827099130161,0.0,0.0,0.0,0.0,1.0,0.0
8,130,2.118798000119856,12.0,0.0,0.0,1.0,1.0,0.0,1.0
9,130,11.937139039755657,9.1941483038501,1.0,0.0,0.0,1.0,0.0,0.0
10,130,5.057051770123137,0.9281183219621936,0.0,1.0,1.0,0.0,0.0,0.0
11,130,7.938374968780823,3.862321141252307,0.0,0.0,0.0,0.0,1.0,1.0
12,130,8.315850557822484,6.63448329134666,0.0,0.0,0.0,0.0,0.0,0.0
13,130,6.540857170133727,5.636032931721305,0.0,1.0,0.0,1.0,1.0,0.0
14,130,2.770605133309985,4.609709540531092,1.0,0.0,0.0,1.0,0.0,0.0
15,130,3.8714486885188495,12.0,0.0,0.0,0.0,0.0,1.0,0.0
16,130,8.888229414238683,1.098657446024362,1.0,0.0,0.0,0.0,1.0,0.0
17,130,0.0,7.053404657935236,1.0,0.0,0.0,1.0,0.0,0.0
18,130,1.7060004536672313,5.425352228512624,0.0,0.0,0.0,0.0,0.0,0.0
19,130,1.118828024780972,10.730891257985114,0.0,0.0,1.0,1.0,0.0,0.0
20,130,0.0,6.045495104918027,0.0,0.0,0.0,0.0,0.0,0.0
21,130,0.9390901829715076,8.219546747870297,0.0,0.0,0.0,0.0,1.0,1.0
22,130,1.2018488098241988,5.245884419166264,0.0,0.0,0.0,0.0,0.0,0.0
23,130,9.613839467512616,7.775464575853213,0.0,1.0,1.0,1.0,0.0,1.0
24,130,0.2419595132101077,0.0,1.0,1.0,1.0,1.0,0.0,0.0
25,130,8.199129170120472,8.705266516199023,0.0,1.0,0.0,0.0,1.0,1.0
26,130,8.396082018210656,9.177880723600182,0.0,0.0,0.0,1.0,1.0,1.0
27,130,6.651545201434957,9.954841702326924,0.0,0.0,0.0,1.0,0.0,1.0
28,130,2.753577889086883,9.256573664093454,0.0,0.0,0.0,0.0,0.0,0.0
29,130,10.958393909410791,9.980564953061776,1.0,0.0,0.0,0.0,0.0,0.0
30,130,4.858339775198375,1.688256621838188,1.0,1.0,0.0,0.0,1.0,1.0
31,130,7.26983513968135,12.0,1.0,1.0,1.0,1.0,0.0,0.0
32,130,12.0,2.7211778761262893,0.0,0.0,0.0,1.0,0.0,0.0
33,130,0.2295654011228062,4.004030741953501,0.0,1.0,0.0,0.0,0.0,0.0
34,130,6.425794307787996,1.6703249643891942,0.0,1.0,0.0,0.0,1.0,0.0
35,130,8.175936234397255,0.0739659403709002,1.0,0.0,0.0,0.0,1.0,0.0
36,130,9.550405888294929,5.747835960419192,0.0,1.0,1.0,0.0,1.0,1.0
37,130,1.0155224087636512,11.488888316037004,1.0,0.0,0.0,0.0,1.0,1.0
38,130,2.8626273129127298,6.103086751463635,1.0,0.0,1.0,0.0,1.0,0.0
39,130,4.227118503168392,9.924445061305484,0.0,1.0,1.0,1.0,1.0,1.0
0,135,0.0,3.263918389489622,0.0,1.0,0.0,1.0,0.0,1.0
1,135,7.314062991244612,0.8874028417923838,1.0,0.0,1.0,1.0,1.0,1.0
2,135,8.162544114926838,6.67604589369357,0.0,0.0,0.0,0.0,0.0,0.0
3,135,4.544614880557631,10.699929786901643,0.0,0.0,1.0,0.0,0.0,0.0
4,135,7.002078495019567,0.0,0.0,0.0,1.0,0.0,1.0,0.0
5,135,10.167676888211576,7.032081419702698,1.0,1.0,0.0,0.0,0.0,0.0
6,135,6.193905863153861,8.879987291159527,1.0,0.0,1.0,0.0,1.0,1.0
7,135,0.0,0.4914904472975979,0.0,0.0,0.0,0.0,1.0,0.0
8,135,2.003735766734251,12.0,0.0,0.0,1.0,1.0,0.0,1.0
9,135,11.967781209462911,9.157610709257396,1.0,0.0,0.0,1.0,0.0,0.0
10,135,5.034593881283419,0.94844248331255,0.0,1.0,1.0,0.0,0.0,0.0
11,135,7.854140583822885,3.827564858915948,0.0,0.0,0.0,0.0,1.0,1.0
12,135,8.30456782998704,6.60731038617795,0.0,0.0,0.0,0.0,0.0,0.0
13,135,6.519716459173783,5.661937103165837,0.0,1.0,0.0,1.0,1.0,0.0
14,135,2.793066576824393,4.558589678129917,1.0,0.0,0.0,1.0,0.0,0.0
15,135,3.899081589563351,12.0,0.0,0.0,0.0,0.0,1.0,0.0
16,135,8.881114415191396,1.1079574130225782,1.0,0.0,0.0,0.0,1.0,0.0
17,135,0.0,6.972137184073561,1.0,0.0,0.0,1.0,0.0,0.0
18,135,1.8285647081614589,5.416769849388516,0.0,0.0,0.0,0.0,0.0,0.0
19,135,1.020417735735336,10.884569372592996,0.0,0.0,1.0,1.0,0.0,0.0
20,135,0.0,6.134800054303348,0.0,0.0,0.0,0.0,0.0,0.0
21,135,0.9284395959744808,8.262801517961181,0.0,0.0,0.0,0.0,1.0,1.0
22,135,1.045048873929536,5.32287385153934,0.0,0.0,0.0,0.0,0.0,0.0
23,135,9.52548084748865,7.647156497100224,0.0,1.0,1.0,1.0,0.0,1.0
24,135,0.2201808716091742,0.0,1.0,1.0,1.0,1.0,0.0,0.0
25,135,8.180368272127442,8.687015624286166,0.0,1.0,0.0,0.0,1.0,1.0
26,135,8.31800522481071,9.26474579203415,0.0,0.0,0.0,1.0,1.0,1.0
27,135,6.630745943452453,10.009646551456544,0.0,0.0,0.0,1.0,0.0,1.0
28,135,2.738147473709971,9.208733069301983,0.0,0.0,0.0,0.0,0.0,0.0
29,135,10.94958715435351,9.97705721359702,1.0,0.0,0.0,0.0,0.0,0.0
30,135,4.85992324614865,1.686695473460165,1.0,1.0,0.0,0.0,1.0,1.0
31,135,7.360703506049754,12.0,1.0,1.0,1.0,1.0,0.0,0.0
32,135,12.0,2.7173497881950803,0.0,0.0,0.0,1.0,0.0,0.0
33,135,0.2365928806452932,3.9779013643954304,0.0,1.0,0.0,0.0,0.0,0.0
34,135,6.377591672422872,1.7259939966856026,0.0,1.0,0.0,0.0,1.0,0.0
35,135,8.315751187253268,0.0,1.0,0.0,0.0,0.0,1.0,0.0
36,135,9.548092534453144,5.747354013128026,0.0,1.0,1.0,0.0,1.0,1.0
37,135,1.0283172468361017,11.5734376529235,1.0,0.0,0.0,0.0,1.0,1.0
38,135,2.920238433450173,6.266981453879746,1.0,0.0,1.0,0.0,1.0,0.0
39,135,4.062139706819898,9.983016090598666,0.0,1.0,1.0,1.0,1.0,1.0
0,140,0.0,3.132292895593501,0.0,1.0,0.0,1.0,0.0,1.0
1,140,7.385456645994007,0.8878075026490945,1.0,0.0,1.0,1.0,1.0,1.0
2,140,8.061040350767112,6.652318009109783,0.0,0.0,0.0,0.0,0.0,0.0
3,140,4.591908194390615,10.670059708139307,0.0,0.0,1.0,0.0,0.0,0.0
4,140,6.97171996102309,0.0,0.0,0.0,1.0,0.0,1.0,0.0
5,140,10.169933972889911,7.017448665016363,1.0,1.0,0.0,0.0,0.0,0.0
6,140,6.198477447060849,8.877247214129248,1.0,0.0,1.0,0.0,1.0,1.0
7,140,0.0,0.5169704387491052,0.0,0.0,0.0,0.0,1.0,0.0
8,140,1.895322751438644,12.0,0.0,0.0,1.0,1.0,0.0,1.0
9,140,11.994680310440524,9.125579361447796,1.0,0.0,0.0,1.0,0.0,0.0
10,140,5.012674625270964,0.9687617422379252,0.0,1.0,1.0,0.0,0.0,0.0
11,140,7.758985526492885,3.7900114446340623,0.0,0.0,0.0,0.0,1.0,1.0
12,140,8.29383881947668,6.580851813807497,0.0,0.0,0.0,0.0,0.0,0.0
13,140,6.487149796274895,5.701023484976782,0.0,1.0,0.0,1.0,1.0,0.0
14,140,2.8130866862821766,4.507338485331327,1.0,0.0,0.0,1.0,0.0,0.0
15,140,3.9254360976898375,12.0,0.0,0.0,0.0,0.0,1.0,0.0
16,140,8.871039391753806,1.121170100557876,1.0,0.0,0.0,0.0,1.0,0.0
17,140,0.0,6.883001591441624,1.0,0.0,0.0,1.0,0.0,0.0
18,140,1.9735532485038407,5.407739937061291,0.0,0.0,0.0,0.0,0.0,0.0
19,140,0.9346547441378744,11.016971796145926,0.0,0.0,1.0,1.0,0.0,0.0
20,140,0.0,6.221723290271686,0.0,0.0,0.0,0.0,0.0,0.0
21,140,0.9103951706914292,8.338973944295473,0.0,0.0,0.0,0.0,1.0,1.0
22,140,0.8776218682857958,5.40334959481257,0.0,0.0,0.0,0.0,0.0,0.0
23,140,9.433411190516969,7.511738374431171,0.0,1.0,1.0,1.0,0.0,1.0
24,140,0.1962960118846174,0.0,1.0,1.0,1.0,1.0,0.0,0.0
25,140,8.146853290002776,8.654213280081997,0.0,1.0,0.0,0.0,1.0,1.0
26,140,8.24125727803911,9.351693806644708,0.0,0.0,0.0,1.0,1.0,1.0
27,140,6.611839811034883,10.058357484782896,0.0,0.0,0.0,1.0,0.0,1.0
28,140,2.726896449807245,9.172506249980252,0.0,0.0,0.0,0.0,0.0,0.0
29,140,10.93219643228586,9.970427044297493,1.0,0.0,0.0,0.0,0.0,0.0
30,140,4.855776379596486,1.6909759872460286,1.0,1.0,0.0,0.0,1.0,1.0
31,140,7.469410111688567,12.0,1.0,1.0,1.0,1.0,0.0,0.0
32,140,12.0,2.7143643380624285,0.0,0.0,0.0,1.0,0.0,0.0
33,140,0.2460702644709573,3.946262473950279,0.0,1.0,0.0,0.0,0.0,0.0
34,140,6.324971643549385,1.7872286330257736,0.0,1.0,0.0,0.0,1.0,0.0
35,140,8.457914511151937,0.0,1.0,0.0,0.0,0.0,1.0,0.0
36,140,9.548000360716332,5.747336239686607,0.0,1.0,1.0,0.0,1.0,1.0
37,140,1.0420416723306427,11.65874653499588,1.0,0.0,0.0,0.0,1.0,1.0
38,140,3.0921256172326963,6.209601865445239,1.0,0.0,1.0,0.0,1.0,0.0
39,140,3.89624775481912,10.044634477355752,0.0,1.0,1.0,1.0,1.0,1.0
0,145,0.0,3.0136631861779493,0.0,1.0,0.0,1.0,0.0,1.0
1,145,7.432584526098268,0.8883083354755812,1.0,0.0,1.0,1.0,1.0,1.0
2,145,7.9655330103136,6.6324642785887935,0.0,0.0,0.0,0.0,0.0,0.0
3,145,4.630827247625716,10.646046201403388,0.0,0.0,1.0,0.0,0.0,0.0
4,145,6.935752349430914,0.0,0.0,0.0,1.0,0.0,1.0,0.0
5,145,10.174810142449614,6.986894879868737,1.0,1.0,0.0,0.0,0.0,0.0
6,145,6.200906197475543,8.8757906125841,1.0,0.0,1.0,0.0,1.0,1.0
7,145,0.0,0.5369625000145142,0.0,0.0,0.0,0.0,1.0,0.0
8,145,1.7892085248299134,12.0,0.0,0.0,1.0,1.0,0.0,1.0
9,145,12.0,9.087282206811745,1.0,0.0,0.0,1.0,0.0,0.0
10,145,4.97584193352446,1.0025557513839978,0.0,1.0,1.0,0.0,0.0,0.0
11,145,7.656111409615638,3.74986996896457,0.0,0.0,0.0,0.0,1.0,1.0
12,145,8.290918037313153,6.573458047490611,0.0,0.0,0.0,0.0,0.0,0.0
13,145,6.452907966602149,5.743691236274102,0.0,1.0,0.0,1.0,1.0,0.0
14,145,2.8354223952268947,4.449110052518014,1.0,0.0,0.0,1.0,0.0,0.0
15,145,3.9188512140357408,12.0,0.0,0.0,0.0,0.0,1.0,0.0
16,145,8.859756305522378,1.135814780159149,1.0,0.0,0.0,0.0,1.0,0.0
17,145,0.0,6.798696604695461,1.0,0.0,0.0,1.0,0.0,0.0
18,145,2.1332291990741368,5.395987375121933,0.0,0.0,0.0,0.0,0.0,0.0
19,145,0.8374453554981873,11.163064163873054,0.0,0.0,1.0,1.0,0.0,0.0
20,145,0.0,6.321186594789453,0.0,0.0,0.0,0.0,0.0,0.0
21,145,0.8942474592784116,8.407844201771407,0.0,0.0,0.0,0.0,1.0,1.0
22,145,0.7098940551860697,5.477855929670194,0.0,0.0,0.0,0.0,0.0,0.0
23,145,9.34420952954309,7.369673935589782,0.0,1.0,1.0,1.0,0.0,1.0
24,145,0.1741932719308545,0.0,1.0,1.0,1.0,1.0,0.0,0.0
25,145,8.122164994424839,8.630836805645814,0.0,1.0,0.0,0.0,1.0,1.0
26,145,8.161906465807727,9.439196843977214,0.0,0.0,0.0,1.0,1.0,1.0
27,145,6.591909588173626,10.115264153520904,0.0,0.0,0.0,1.0,0.0,1.0
28,145,2.720067173675286,9.150717515898211,0.0,0.0,0.0,0.0,0.0,0.0
29,145,10.921505103674932,9.966393649202065,1.0,0.0,0.0,0.0,0.0,0.0
30,145,4.859048640576495,1.6873155268429785,1.0,1.0,0.0,0.0,1.0,1.0
31,145,7.580240440564185,12.0,1.0,1.0,1.0,1.0,0.0,0.0
32,145,12.0,2.7110946280640573,0.0,0.0,0.0,1.0,0.0,0.0
33,145,0.2512870888601631,3.929088739272456,0.0,1.0,0.0,0.0,0.0,0.0
34,145,6.27533926798813,1.8445798929193729,0.0,1.0,0.0,0.0,1.0,0.0
35,145,8.611058064237733,0.0,1.0,0.0,0.0,0.0,1.0,0.0
36,145,9.557269345877277,5.748648065681319,0.0,1.0,1.0,0.0,1.0,1.0
37,145,1.0539035655972646,11.732850030603185,1.0,0.0,0.0,0.0,1.0,1.0
38,145,3.2921806677752548,6.141033974682327,1.0,0.0,1.0,0.0,1.0,0.0
39,145,3.724821683475013,10.10866294435974,0.0,1.0,1.0,1.0,1.0,1.0
0,150,0.0,2.884498517025291,0.0,1.0,0.0,1.0,0.0,1.0
1,150,7.4955239064280175,0.8890743759893773,1.0,0.0,1.0,1.0,1.0,1.0
2,150,7.870195670658927,6.61235857932556,0.0,0.0,0.0,0.0,0.0,0.0
3,150,4.6777435212892655,10.618057939130368,0.0,0.0,1.0,0.0,0.0,0.0
4,150,6.898890587507141,0.0,0.0,0.0,1.0,0.0,1.0,0.0
5,150,10.18335292109149,6.935995991933988,1.0,1.0,0.0,0.0,0.0,0.0
6,150,6.186770103441367,8.884546006505671,1.0,0.0,1.0,0.0,1.0,1.0
7,150,0.0,0.5687628833924152,0.0,0.0,0.0,0.0,1.0,0.0
8,150,1.7021564579416195,12.0,0.0,0.0,1.0,1.0,0.0,1.0
9,150,12.0,9.053191334920026,1.0,0.0,0.0,1.0,0.0,0.0
10,150,4.92668538732898,1.046513571938656,0.0,1.0,1.0,0.0,0.0,0.0
11,150,7.546167213474024,3.7092782976469536,0.0,0.0,0.0,0.0,1.0,1.0
12,150,8.28642207183613,6.5625583551333415,0.0,0.0,0.0,0.0,0.0,0.0
13,150,6.437799544916557,5.761054555313452,0.0,1.0,0.0,1.0,1.0,0.0
14,150,2.858079520769999,4.391187124679676,1.0,0.0,0.0,1.0,0.0,0.0
15,150,3.909803740858935,12.0,0.0,0.0,0.0,0.0,1.0,0.0
16,150,8.8441418812011,1.1559148836096882,1.0,0.0,0.0,0.0,1.0,0.0
17,150,0.0,6.708869298242797,1.0,0.0,0.0,1.0,0.0,0.0
18,150,2.307536808515782,5.382234682017939,0.0,0.0,0.0,0.0,0.0,0.0
19,150,0.7302383003484058,11.321278886653676,0.0,0.0,1.0,1.0,0.0,0.0
20,150,0.0,6.4273939625799095,0.0,0.0,0.0,0.0,0.0,0.0
21,150,0.8806089903116355,8.473193132827268,0.0,0.0,0.0,0.0,1.0,1.0
22,150,0.5308916839983402,5.560619382913143,0.0,0.0,0.0,0.0,0.0,0.0
23,150,9.253670412679442,7.229842698418539,0.0,1.0,1.0,1.0,0.0,1.0
24,150,0.1499160649491375,0.0,1.0,1.0,1.0,1.0,0.0,0.0
25,150,8.106046721175987,8.614340280228229,0.0,1.0,0.0,0.0,1.0,1.0
26,150,8.075513841557996,9.534558867429926,0.0,0.0,0.0,1.0,1.0,1.0
27,150,6.578427869696842,10.155834120508477,0.0,0.0,0.0,1.0,0.0,1.0
28,150,2.7162806448143417,9.13833687842888,0.0,0.0,0.0,0.0,0.0,0.0
29,150,10.919790656252074,9.965754749309545,1.0,0.0,0.0,0.0,0.0,0.0
30,150,4.870170397605893,1.675480026175611,1.0,1.0,0.0,0.0,1.0,1.0
31,150,7.692961986110519,12.0,1.0,1.0,1.0,1.0,0.0,0.0
32,150,12.0,2.7089388902046068,0.0,0.0,0.0,1.0,0.0,0.0
33,150,0.2528564951587758,3.923549225261678,0.0,1.0,0.0,0.0,0.0,0.0
34,150,6.235380164483428,1.888603528523038,0.0,1.0,0.0,0.0,1.0,0.0
35,150,8.74914319287186,0.0,1.0,0.0,0.0,0.0,1.0,0.0
36,150,9.561358533664857,5.749242680917294,0.0,1.0,1.0,0.0,1.0,1.0
37,150,1.065629480586939,11.817538645612805,1.0,0.0,0.0,0.0,1.0,1.0
38,150,3.4820429604043137,6.072168033552618,1.0,0.0,1.0,0.0,1.0,0.0
39,150,3.545840965628403,10.173587627351212,0.0,1.0,1.0,1.0,1.0,1.0
0,155,0.0,2.758803908219941,0.0,1.0,0.0,1.0,0.0,1.0
1,155,7.582682226183969,0.8911580938615709,1.0,0.0,1.0,1.0,1.0,1.0
2,155,7.895101847327541,6.503000979693044,0.0,0.0,0.0,0.0,0.0,0.0
3,155,4.72315464067273,10.591718912389078,0.0,0.0,1.0,0.0,0.0,0.0
4,155,6.863003220955098,0.0,0.0,0.0,1.0,0.0,1.0,0.0
5,155,10.18779740891798,6.910993172847096,1.0,1.0,0.0,0.0,0.0,0.0
6,155,6.180462560402782,8.888645721103986,1.0,0.0,1.0,0.0,1.0,1.0
7,155,0.0,0.5869776147976705,0.0,0.0,0.0,0.0,1.0,0.0
8,155,1.6102528336602324,12.0,0.0,0.0,1.0,1.0,0.0,1.0
9,155,12.0,9.019007720702747,1.0,0.0,0.0,1.0,0.0,0.0
10,155,4.878058488038252,1.0882260697531396,0.0,1.0,1.0,0.0,0.0,0.0
11,155,7.43767905661439,3.668961405787663,0.0,0.0,0.0,0.0,1.0,1.0
12,155,8.28375258895243,6.555896291154349,0.0,0.0,0.0,0.0,0.0,0.0
13,155,6.418482126825283,5.783551693509193,0.0,1.0,0.0,1.0,1.0,0.0
14,155,2.888498368843126,4.312014968883646,1.0,0.0,0.0,1.0,0.0,0.0
15,155,3.901063235950733,12.0,0.0,0.0,0.0,0.0,1.0,0.0
16,155,8.839618024707786,1.1618131542290029,1.0,0.0,0.0,0.0,1.0,0.0
17,155,0.0905940119119679,6.654597560620355,1.0,0.0,0.0,1.0,0.0,0.0
18,155,2.4507752173510715,5.374197144100037,0.0,0.0,0.0,0.0,0.0,0.0
19,155,0.6302924856984529,11.467900810574491,0.0,0.0,1.0,1.0,0.0,0.0
20,155,0.0,6.532060606490399,0.0,0.0,0.0,0.0,0.0,0.0
21,155,0.8667775822593632,8.551622813665483,0.0,0.0,0.0,0.0,1.0,1.0
22,155,0.3538642046455751,5.637154371188239,0.0,0.0,0.0,0.0,0.0,0.0
23,155,9.169325612755427,7.098510635337147,0.0,1.0,1.0,1.0,0.0,1.0
24,155,0.1305692686526082,0.0,1.0,1.0,1.0,1.0,0.0,0.0
25,155,8.081129616842063,8.589268710129552,0.0,1.0,0.0,0.0,1.0,1.0
26,155,8.000468190728562,9.620563153827089,0.0,0.0,0.0,1.0,1.0,1.0
27,155,6.567985796150086,10.185034627975462,0.0,0.0,0.0,1.0,0.0,1.0
28,155,2.717054077955661,9.140853769444226,0.0,0.0,0.0,0.0,0.0,0.0
29,155,10.916995779889792,9.964724880118249,1.0,0.0,0.0,0.0,0.0,0.0
30,155,4.887515318115649,1.6566576748457178,1.0,1.0,0.0,0.0,1.0,1.0
31,155,7.813934172169642,12.0,1.0,1.0,1.0,1.0,0.0,0.0
32,155,12.0,2.7082613816929904,0.0,0.0,0.0,1.0,0.0,0.0
33,155,0.2464910715366354,3.946278031419083,0.0,1.0,0.0,0.0,0.0,0.0
34,155,6.205703771021681,1.920984719243997,0.0,1.0,0.0,0.0,1.0,0.0
35,155,8.886331430675401,0.0,1.0,0.0,0.0,0.0,1.0,0.0
36,155,9.57245285496276,5.750981576777925,0.0,1.0,1.0,0.0,1.0,1.0
37,155,1.0768614047261795,11.897966353644929,1.0,0.0,0.0,0.0,1.0,1.0
38,155,3.657585322963685,6.010834450615108,1.0,0.0,1.0,0.0,1.0,0.0
39,155,3.3788474841556706,10.232869636369117,0.0,1.0,1.0,1.0,1.0,1.0
0,160,0.0,2.631832404492598,0.0,1.0,0.0,1.0,0.0,1.0
1,160,7.677518058280806,0.8941466273983336,1.0,0.0,1.0,1.0,1.0,1.0
2,160,7.919506616666114,6.39957031470071,0.0,0.0,0.0,0.0,0.0,0.0
3,160,4.772234055928535,10.563167994021295,0.0,0.0,1.0,0.0,0.0,0.0
4,160,6.832485674400369,0.0,0.0,0.0,1.0,0.0,1.0,0.0
5,160,10.190193663665983,6.898631997123082,1.0,1.0,0.0,0.0,0.0,0.0
6,160,6.173103559027623,8.893560438122817,1.0,0.0,1.0,0.0,1.0,1.0
7,160,0.0,0.6124276431553084,0.0,0.0,0.0,0.0,1.0,0.0
8,160,1.5121326132432191,12.0,0.0,0.0,1.0,1.0,0.0,1.0
9,160,12.0,8.991945684182312,1.0,0.0,0.0,1.0,0.0,0.0
10,160,4.829391567454191,1.1305427128119636,0.0,1.0,1.0,0.0,0.0,0.0
11,160,7.3308073254045425,3.628927136693646,0.0,0.0,0.0,0.0,1.0,1.0
12,160,8.280969002254807,6.548698282569879,0.0,0.0,0.0,0.0,0.0,0.0
13,160,6.390913242380354,5.814968588961543,0.0,1.0,0.0,1.0,1.0,0.0
14,160,2.917176721740994,4.235248849274616,1.0,0.0,0.0,1.0,0.0,0.0
15,160,3.895567855748918,12.0,0.0,0.0,0.0,0.0,1.0,0.0
16,160,8.839759034367994,1.1616276655362774,1.0,0.0,0.0,0.0,1.0,0.0
17,160,0.1754875622780881,6.606191123078802,1.0,0.0,0.0,1.0,0.0,0.0
18,160,2.586878991595285,5.367789894911361,0.0,0.0,0.0,0.0,0.0,0.0
19,160,0.5252190770725464,11.615235272038454,0.0,0.0,1.0,1.0,0.0,0.0
20,160,0.0,6.6447007648466725,0.0,0.0,0.0,0.0,0.0,0.0
21,160,0.8467247123341105,8.660439132496961,0.0,0.0,0.0,0.0,1.0,1.0
22,160,0.1638044416283553,5.7204370520461865,0.0,0.0,0.0,0.0,0.0,0.0
23,160,9.078143176184364,6.956200569003334,0.0,1.0,1.0,1.0,0.0,1.0
24,160,0.115146397095319,0.0,1.0,1.0,1.0,1.0,0.0,0.0
25,160,8.056930931513312,8.564866724967189,0.0,1.0,0.0,0.0,1.0,1.0
26,160,7.944150642409044,9.683613834633988,0.0,0.0,0.0,1.0,1.0,1.0
27,160,6.563139731352583,10.198438028366816,0.0,0.0,0.0,1.0,0.0,1.0
28,160,2.711286259004661,9.121488533431217,0.0,0.0,0.0,0.0,0.0,0.0
29,160,10.927572782948596,9.968562314888212,1.0,0.0,0.0,0.0,0.0,0.0
30,160,4.912510264941184,1.6290367009755262,1.0,1.0,0.0,0.0,1.0,1.0
31,160,7.953061165529871,12.0,1.0,1.0,1.0,1.0,0.0,0.0
32,160,12.0,2.707469552217624,0.0,0.0,0.0,1.0,0.0,0.0
33,160,0.239826379230329,3.968559035929351,0.0,1.0,0.0,0.0,0.0,0.0
34,160,6.179621741406446,1.949791981403012,0.0,1.0,0.0,0.0,1.0,0.0
35,160,9.035375557404109,0.0,1.0,0.0,0.0,0.0,1.0,0.0
36,160,9.588868484944644,5.753709641802307,0.0,1.0,1.0,0.0,1.0,1.0
37,160,1.0918006828151523,11.993791423325494,1.0,0.0,0.0,0.0,1.0,1.0
38,160,3.833295256473646,5.9470181579432495,1.0,0.0,1.0,0.0,1.0,0.0
39,160,3.215743440610289,10.290107260555528,0.0,1.0,1.0,1.0,1.0,1.0
0,165,0.0,2.512409101521432,0.0,1.0,0.0,1.0,0.0,1.0
1,165,7.7764483992779345,0.8984212856773004,1.0,0.0,1.0,1.0,1.0,1.0
2,165,7.947908220522945,6.277172675130348,0.0,0.0,0.0,0.0,0.0,0.0
3,165,4.82204163282166,10.532816236550936,0.0,0.0,1.0,0.0,0.0,0.0
4,165,6.804025123306998,0.0,0.0,0.0,1.0,0.0,1.0,0.0
5,165,10.190930931721182,6.894484683613602,1.0,1.0,0.0,0.0,0.0,0.0
6,165,6.170154028138712,8.895640577710934,1.0,0.0,1.0,0.0,1.0,1.0
7,165,0.0,0.6433489562259875,0.0,0.0,0.0,0.0,1.0,0.0
8,165,1.4346867700899368,12.0,0.0,0.0,1.0,1.0,0.0,1.0
9,165,12.0,8.961704180871761,1.0,0.0,0.0,1.0,0.0,0.0
10,165,4.778901323756818,1.1747153294924255,0.0,1.0,1.0,0.0,0.0,0.0
11,165,7.2038073105778,3.5826318542680267,0.0,0.0,0.0,0.0,1.0,1.0
12,165,8.274776319642797,6.533765975805325,0.0,0.0,0.0,0.0,0.0,0.0
13,165,6.369821841862255,5.837747115269852,0.0,1.0,0.0,1.0,1.0,0.0
14,165,2.999507397390344,4.267473773658687,1.0,0.0,0.0,1.0,0.0,0.0
15,165,3.8897833697235393,12.0,0.0,0.0,0.0,0.0,1.0,0.0
16,165,8.837972963476153,1.1639992573237004,1.0,0.0,0.0,0.0,1.0,0.0
17,165,0.2587185070454399,6.5588568878504185,1.0,0.0,0.0,1.0,0.0,0.0
18,165,2.75330883980681,5.359784534688258,0.0,0.0,0.0,0.0,0.0,0.0
19,165,0.4277543468722561,11.750114516130212,0.0,0.0,1.0,1.0,0.0,0.0
20,165,0.0,6.760360215981969,0.0,0.0,0.0,0.0,0.0,0.0
21,165,0.8266274298444274,8.761857110667515,0.0,0.0,0.0,0.0,1.0,1.0
22,165,0.0,5.808743723579626,0.0,0.0,0.0,0.0,0.0,0.0
23,165,8.975729391634905,6.797464950057087,0.0,1.0,1.0,1.0,0.0,1.0
24,165,0.0977441807371076,0.0,1.0,1.0,1.0,1.0,0.0,0.0
25,165,8.032726765073306,8.541068709780728,0.0,1.0,0.0,0.0,1.0,1.0
26,165,7.883533002196937,9.754604774256642,0.0,0.0,0.0,1.0,1.0,1.0
27,165,6.552548078367734,10.226088214373153,0.0,0.0,0.0,1.0,0.0,1.0
28,165,2.707733609517468,9.110117785745288,0.0,0.0,0.0,0.0,0.0,0.0
29,165,10.934860982926471,9.971021160602376,1.0,0.0,0.0,0.0,0.0,0.0
30,165,4.941218471250598,1.5984271606420286,1.0,1.0,0.0,0.0,1.0,1.0
31,165,8.09855550172776,12.0,1.0,1.0,1.0,1.0,0.0,0.0
32,165,12.0,2.7065591104646014,0.0,0.0,0.0,1.0,0.0,0.0
33,165,0.2315571130499785,3.9936844124181103,0.0,1.0,0.0,0.0,0.0,0.0
34,165,6.15630395939146,1.976151024469433,0.0,1.0,0.0,0.0,1.0,0.0
35,165,9.173564487608346,0.0,1.0,0.0,0.0,0.0,1.0,0.0
36,165,9.576872120564111,5.751323056171636,0.0,1.0,1.0,0.0,1.0,1.0
37,165,1.107426248239637,12.0,1.0,0.0,0.0,0.0,1.0,1.0
38,165,3.9999241625415154,5.890488532743662,1.0,0.0,1.0,0.0,1.0,0.0
39,165,3.035009433300273,10.350422319589686,0.0,1.0,1.0,1.0,1.0,1.0
0,170,0.0,2.3764922551673195,0.0,1.0,0.0,1.0,0.0,1.0
1,170,7.911450177202376,0.9010564563339124,1.0,0.0,1.0,1.0,1.0,1.0
2,170,7.980565168440211,6.143641557234062,0.0,0.0,0.0,0.0,0.0,0.0
3,170,4.873423806763299,10.50299803360949,0.0,0.0,1.0,0.0,0.0,0.0
4,170,6.778734367341363,0.0,0.0,0.0,1.0,0.0,1.0,0.0
5,170,10.19531042719692,6.866888268510878,1.0,1.0,0.0,0.0,0.0,0.0
6,170,6.160396543830846,8.902039716706867,1.0,0.0,1.0,0.0,1.0,1.0
7,170,0.0,0.6669546937925277,0.0,0.0,0.0,0.0,1.0,0.0
8,170,1.347476581265534,12.0,0.0,0.0,1.0,1.0,0.0,1.0
9,170,12.0,8.9437564988085,1.0,0.0,0.0,1.0,0.0,0.0
10,170,4.721219057101397,1.2234528312784572,0.0,1.0,1.0,0.0,0.0,0.0
11,170,7.068889139775944,3.5316633681496,0.0,0.0,0.0,0.0,1.0,1.0
12,170,8.263463179965614,6.506887751926628,0.0,0.0,0.0,0.0,0.0,0.0
13,170,6.337794874428529,5.870889398028364,0.0,1.0,0.0,1.0,1.0,0.0
14,170,3.0983600799734856,4.304937884877106,1.0,0.0,0.0,1.0,0.0,0.0
15,170,3.8814119624759593,12.0,0.0,0.0,0.0,0.0,1.0,0.0
16,170,8.829256751683602,1.1752512606927288,1.0,0.0,0.0,0.0,1.0,0.0
17,170,0.3421720984398806,6.511133955375856,1.0,0.0,0.0,1.0,0.0,0.0
18,170,2.9274028241908967,5.353901728508595,0.0,0.0,0.0,0.0,0.0,0.0
19,170,0.3211633286081379,11.89850285582565,0.0,0.0,1.0,1.0,0.0,0.0
20,170,0.0,6.873513945471131,0.0,0.0,0.0,0.0,0.0,0.0
21,170,0.8051539793229616,8.859699303231777,0.0,0.0,0.0,0.0,1.0,1.0
22,170,0.0,5.90465034478732,0.0,0.0,0.0,0.0,0.0,0.0
23,170,8.869522369013287,6.634052801842003,0.0,1.0,1.0,1.0,0.0,1.0
24,170,0.0850185038270085,0.0,1.0,1.0,1.0,1.0,0.0,0.0
25,170,8.014934181969245,8.523531471466844,0.0,1.0,0.0,0.0,1.0,1.0
26,170,7.821260148616593,9.825233876470858,0.0,0.0,0.0,1.0,1.0,1.0
27,170,6.54198551238364,10.253879941543287,0.0,0.0,0.0,1.0,0.0,1.0
28,170,2.699081032167592,9.080405445668596,0.0,0.0,0.0,0.0,0.0,0.0
29,170,10.925063925535971,9.967537295486332,1.0,0.0,0.0,0.0,0.0,0.0
30,170,4.965416477628118,1.5737205964429288,1.0,1.0,0.0,0.0,1.0,1.0
31,170,8.233014913018083,12.0,1.0,1.0,1.0,1.0,0.0,0.0
32,170,12.0,2.7043437994532447,0.0,0.0,0.0,1.0,0.0,0.0
33,170,0.2221379618416777,4.021454367214172,0.0,1.0,0.0,0.0,0.0,0.0
34,170,6.144345971809905,1.9900250589332475,0.0,1.0,0.0,0.0,1.0,0.0
35,170,9.320801044757577,0.0,1.0,0.0,0.0,0.0,1.0,0.0
36,170,9.56625867807733,5.749108419030684,0.0,1.0,1.0,0.0,1.0,1.0
37,170,1.1235523342106264,12.0,1.0,0.0,0.0,0.0,1.0,1.0
38,170,4.15770390784923,5.839434449082265,1.0,0.0,1.0,0.0,1.0,0.0
39,170,2.861585980132708,10.4109303111373,0.0,1.0,1.0,1.0,1.0,1.0
0,175,0.0,2.2634035476789096,0.0,1.0,0.0,1.0,0.0,1.0
1,175,8.033248244931041,0.9026561895722074,1.0,0.0,1.0,1.0,1.0,1.0
2,175,8.014444260363328,6.010309447599173,0.0,0.0,0.0,0.0,0.0,0.0
3,175,4.928742805997874,10.470293486219497,0.0,0.0,1.0,0.0,0.0,0.0
4,175,6.747154502249099,0.0,0.0,0.0,1.0,0.0,1.0,0.0
5,175,10.201364046282528,6.832188039820522,1.0,1.0,0.0,0.0,0.0,0.0
6,175,6.1629725510301085,8.90041653708383,1.0,0.0,1.0,0.0,1.0,1.0
7,175,0.0,0.6824879963935828,0.0,0.0,0.0,0.0,1.0,0.0
8,175,1.2577904152064114,12.0,0.0,0.0,1.0,1.0,0.0,1.0
9,175,12.0,8.921466262382882,1.0,0.0,0.0,1.0,0.0,0.0
10,175,4.64881011590338,1.2850882516416884,0.0,1.0,1.0,0.0,0.0,0.0
11,175,6.946099349414804,3.483545576436677,0.0,0.0,0.0,0.0,1.0,1.0
12,175,8.263472779170984,6.50691221566542,0.0,0.0,0.0,0.0,0.0,0.0
13,175,6.307109368176864,5.904392176357697,0.0,1.0,0.0,1.0,1.0,0.0
14,175,3.180037907970217,4.336077988336717,1.0,0.0,0.0,1.0,0.0,0.0
15,175,3.872044145364318,12.0,0.0,0.0,0.0,0.0,1.0,0.0
16,175,8.817878183594562,1.1898553494496056,1.0,0.0,0.0,0.0,1.0,0.0
17,175,0.4250680547953396,6.462293641257512,1.0,0.0,0.0,1.0,0.0,0.0
18,175,3.0877809966193626,5.3476676919408375,0.0,0.0,0.0,0.0,0.0,0.0
19,175,0.2095333166372667,12.0,0.0,0.0,1.0,1.0,0.0,0.0
20,175,0.0,6.978682128445835,0.0,0.0,0.0,0.0,0.0,0.0
21,175,0.7839333957860422,8.975116305460315,0.0,0.0,0.0,0.0,1.0,1.0
22,175,0.0,5.996099564275679,0.0,0.0,0.0,0.0,0.0,0.0
23,175,8.752055157978514,6.462789518291507,0.0,1.0,1.0,1.0,0.0,1.0
24,175,0.0730318029991473,0.0,1.0,1.0,1.0,1.0,0.0,0.0
25,175,7.997947991609724,8.506936639068764,0.0,1.0,0.0,0.0,1.0,1.0
26,175,7.767612384750977,9.886153235287056,0.0,0.0,0.0,1.0,1.0,1.0
27,175,6.527502717539148,10.292842578537147,0.0,0.0,0.0,1.0,0.0,1.0
28,175,2.688252192724822,9.03967383676066,0.0,0.0,0.0,0.0,0.0,0.0
29,175,10.941472102315837,9.973321175614096,1.0,0.0,0.0,0.0,0.0,0.0
30,175,4.977580749376279,1.5607591995858865,1.0,1.0,0.0,0.0,1.0,1.0
31,175,8.378608981299923,12.0,1.0,1.0,1.0,1.0,0.0,0.0
32,175,12.0,2.701871484042845,0.0,0.0,0.0,1.0,0.0,0.0
33,175,0.2108209537461355,4.054517393381134,0.0,1.0,0.0,0.0,0.0,0.0
34,175,6.117693723743619,2.021500373621922,0.0,1.0,0.0,0.0,1.0,0.0
35,175,9.470707962645225,0.0,1.0,0.0,0.0,0.0,1.0,0.0
36,175,9.569088294817226,5.749641425366355,0.0,1.0,1.0,0.0,1.0,1.0
37,175,1.1379981675080908,12.0,1.0,0.0,0.0,0.0,1.0,1.0
38,175,4.317437703964456,5.788936472384428,1.0,0.0,1.0,0.0,1.0,0.0
39,175,2.684685825565744,10.468860352526052,0.0,1.0,1.0,1.0,1.0,1.0
0,180,0.0,2.170676759140916,0.0,1.0,0.0,1.0,0.0,1.0
1,180,8.164818506785263,0.9070887173541454,1.0,0.0,1.0,1.0,1.0,1.0
2,180,8.046439141415066,5.8922772895110285,0.0,0.0,0.0,0.0,0.0,0.0
3,180,4.968409431408198,10.447553560012896,0.0,0.0,1.0,0.0,0.0,0.0
4,180,6.717052417883323,0.0,0.0,0.0,1.0,0.0,1.0,0.0
5,180,10.206722164488182,6.798907311074928,1.0,1.0,0.0,0.0,0.0,0.0
6,180,6.166575722858628,8.898287615270252,1.0,0.0,1.0,0.0,1.0,1.0
7,180,0.0,0.6921405862615021,0.0,0.0,0.0,0.0,1.0,0.0
8,180,1.169579958367585,12.0,0.0,0.0,1.0,1.0,0.0,1.0
9,180,12.0,8.904530265283064,1.0,0.0,0.0,1.0,0.0,0.0
10,180,4.575902972626757,1.3459561776019096,0.0,1.0,1.0,0.0,0.0,0.0
11,180,6.823371377241711,3.43570288228157,0.0,0.0,0.0,0.0,1.0,1.0
12,180,8.26342629127987,6.506795338648757,0.0,0.0,0.0,0.0,0.0,0.0
13,180,6.289118304462948,5.922362693396583,0.0,1.0,0.0,1.0,1.0,0.0
14,180,3.2448709438035848,4.36186470791962,1.0,0.0,0.0,1.0,0.0,0.0
15,180,3.865576592873004,12.0,0.0,0.0,0.0,0.0,1.0,0.0
16,180,8.810163135713767,1.1995190383061067,1.0,0.0,0.0,0.0,1.0,0.0
17,180,0.5155881504349751,6.411750188446272,1.0,0.0,0.0,1.0,0.0,0.0
18,180,3.253458006684941,5.342164569860932,0.0,0.0,0.0,0.0,0.0,0.0
19,180,0.1019321397746633,12.0,0.0,0.0,1.0,1.0,0.0,0.0
20,180,0.0,7.083671913403653,0.0,0.0,0.0,0.0,0.0,0.0
21,180,0.7650055238629413,9.08823677447536,0.0,0.0,0.0,0.0,1.0,1.0
22,180,0.0,6.090733818411064,0.0,0.0,0.0,0.0,0.0,0.0
23,180,8.646537005698358,6.301856012349226,0.0,1.0,1.0,1.0,0.0,1.0
24,180,0.0578403561013953,0.0,1.0,1.0,1.0,1.0,0.0,0.0
25,180,7.960715832764337,8.47207535823302,0.0,1.0,0.0,0.0,1.0,1.0
26,180,7.70969682299651,9.949869045993612,0.0,0.0,0.0,1.0,1.0,1.0
27,180,6.510070380182329,10.341685280634705,0.0,0.0,0.0,1.0,0.0,1.0
28,180,2.682491440400512,9.017437521071432,0.0,0.0,0.0,0.0,0.0,0.0
29,180,10.97977049401762,9.986878547514694,1.0,0.0,0.0,0.0,0.0,0.0
30,180,4.991246162487651,1.5456825043969933,1.0,1.0,0.0,0.0,1.0,1.0
31,180,8.534432792303079,12.0,1.0,1.0,1.0,1.0,0.0,0.0
32,180,12.0,2.6994864593860526,0.0,0.0,0.0,1.0,0.0,0.0
33,180,0.1951943763664678,4.100363908724163,0.0,1.0,0.0,0.0,0.0,0.0
34,180,6.088689668312717,2.057061103230656,0.0,1.0,0.0,0.0,1.0,0.0
35,180,9.614869937996094,0.0,1.0,0.0,0.0,0.0,1.0,0.0
36,180,9.57700376028304,5.751111384970579,0.0,1.0,1.0,0.0,1.0,1.0
37,180,1.1550086627547975,12.0,1.0,0.0,0.0,0.0,1.0,1.0
38,180,4.4780165583901015,5.7356214942269865,1.0,0.0,1.0,0.0,1.0,0.0
39,180,2.502225313841655,10.534514912950351,0.0,1.0,1.0,1.0,1.0,1.0
0,185,0.0,2.079002473353953,0.0,1.0,0.0,1.0,0.0,1.0
1,185,8.161897250929535,1.032356481840953,1.0,0.0,1.0,1.0,1.0,1.0
2,185,8.083243417967646,5.755054010510032,0.0,0.0,0.0,0.0,0.0,0.0
3,185,5.0337851108001015,10.40807761644066,0.0,0.0,1.0,0.0,0.0,0.0
4,185,6.692638069712231,0.0,0.0,0.0,1.0,0.0,1.0,0.0
5,185,10.21325268004619,6.7541239352838565,1.0,1.0,0.0,0.0,0.0,0.0
6,185,6.182944647866261,8.888803429667469,1.0,0.0,1.0,0.0,1.0,1.0
7,185,0.0,0.6990060850940611,0.0,0.0,0.0,0.0,1.0,0.0
8,185,1.0591013960209994,12.0,0.0,0.0,1.0,1.0,0.0,1.0
9,185,12.0,8.868354557385421,1.0,0.0,0.0,1.0,0.0,0.0
10,185,4.498975986708672,1.4076877641434469,0.0,1.0,1.0,0.0,0.0,0.0
11,185,6.70043787239943,3.3869168113339074,0.0,0.0,0.0,0.0,1.0,1.0
12,185,8.257776312961356,6.493324747669179,0.0,0.0,0.0,0.0,0.0,0.0
13,185,6.265517922949239,5.947007580553296,0.0,1.0,0.0,1.0,1.0,0.0
14,185,3.3195231354227084,4.389869260534035,1.0,0.0,0.0,1.0,0.0,0.0
15,185,3.859388693695561,12.0,0.0,0.0,0.0,0.0,1.0,0.0
16,185,8.802202471141566,1.209662614221248,1.0,0.0,0.0,0.0,1.0,0.0
17,185,0.6152505224956736,6.35439683146994,1.0,0.0,0.0,1.0,0.0,0.0
18,185,3.4192350844564023,5.337050779155037,0.0,0.0,0.0,0.0,0.0,0.0
19,185,0.0,12.0,0.0,0.0,1.0,1.0,0.0,0.0
20,185,0.0,7.179167163802914,0.0,0.0,0.0,0.0,0.0,0.0
21,185,0.7475555379046601,9.20625140445889,0.0,0.0,0.0,0.0,1.0,1.0
22,185,0.0,6.187641015902973,0.0,0.0,0.0,0.0,0.0,0.0
23,185,8.54865785994775,6.151003835869378,0.0,1.0,1.0,1.0,0.0,1.0
24,185,0.0433927979510358,0.0,1.0,1.0,1.0,1.0,0.0,0.0
25,185,7.924162926506092,8.438785911562956,0.0,1.0,0.0,0.0,1.0,1.0
26,185,7.662397247788776,10.000085027167696,0.0,0.0,0.0,1.0,1.0,1.0
27,185,6.489793655275134,10.39787007992296,0.0,0.0,0.0,1.0,0.0,1.0
28,185,2.6769972526229577,8.996238244061145,0.0,0.0,0.0,0.0,0.0,0.0
29,185,11.018932718866848,10.000540638882404,1.0,0.0,0.0,0.0,0.0,0.0
30,185,5.010392623713317,1.5247039545072398,1.0,1.0,0.0,0.0,1.0,1.0
31,185,8.67305699078747,12.0,1.0,1.0,1.0,1.0,0.0,0.0
32,185,12.0,2.6952517703821424,0.0,0.0,0.0,1.0,0.0,0.0
33,185,0.1781107364203786,4.151049579685509,0.0,1.0,0.0,0.0,0.0,0.0
34,185,6.038686515476836,2.118138552071576,0.0,1.0,0.0,0.0,1.0,0.0
35,185,9.763434059574376,0.0,1.0,0.0,0.0,0.0,1.0,0.0
36,185,9.60694555465214,5.756053175968801,0.0,1.0,1.0,0.0,1.0,1.0
37,185,1.174166867889222,12.0,1.0,0.0,0.0,0.0,1.0,1.0
38,185,4.623704279502081,5.683027633977834,1.0,0.0,1.0,0.0,1.0,0.0
39,185,2.3287621437649606,10.592597357305385,0.0,1.0,1.0,1.0,1.0,1.0
0,190,0.0,1.989735594485316,0.0,1.0,0.0,1.0,0.0,1.0
1,190,8.1604159609808,1.120625827469328,1.0,0.0,1.0,1.0,1.0,1.0
2,190,8.123711313694349,5.618740645745294,0.0,0.0,0.0,0.0,0.0,0.0
3,190,5.093549711884589,10.370028815116063,0.0,0.0,1.0,0.0,0.0,0.0
4,190,6.6649320161442684,0.0,0.0,0.0,1.0,0.0,1.0,0.0
5,190,10.221247114891522,6.702104932305892,1.0,1.0,0.0,0.0,0.0,0.0
6,190,6.20716357421423,8.874442179459034,1.0,0.0,1.0,0.0,1.0,1.0
7,190,0.0033555985075972,0.6970170500800035,0.0,0.0,0.0,0.0,1.0,0.0
8,190,0.9684683114678116,12.0,0.0,0.0,1.0,1.0,0.0,1.0
9,190,12.0,8.8573129745931,1.0,0.0,0.0,1.0,0.0,0.0
10,190,4.419322630991347,1.4691621952401563,0.0,1.0,1.0,0.0,0.0,0.0
11,190,6.582098194058147,3.342468333403028,0.0,0.0,0.0,0.0,1.0,1.0
12,190,8.25015477177556,6.476047400818681,0.0,0.0,0.0,0.0,0.0,0.0
13,190,6.244795304584359,5.969399763079971,0.0,1.0,0.0,1.0,1.0,0.0
14,190,3.385768566478623,4.413563170768901,1.0,0.0,0.0,1.0,0.0,0.0
15,190,3.855364646291256,12.0,0.0,0.0,0.0,0.0,1.0,0.0
16,190,8.803061550340656,1.210324519325036,1.0,0.0,0.0,0.0,1.0,0.0
17,190,0.7309004110860211,6.290178024623067,1.0,0.0,0.0,1.0,0.0,0.0
18,190,3.5825331415504844,5.330111104333679,0.0,0.0,0.0,0.0,0.0,0.0
19,190,0.0,12.0,0.0,0.0,1.0,1.0,0.0,0.0
20,190,0.0,7.288074238578906,0.0,0.0,0.0,0.0,0.0,0.0
21,190,0.7292629656838899,9.322867374983144,0.0,0.0,0.0,0.0,1.0,1.0
22,190,0.0,6.289337320255751,0.0,0.0,0.0,0.0,0.0,0.0
23,190,8.450708599761082,5.997609068837136,0.0,1.0,1.0,1.0,0.0,1.0
24,190,0.0192948926057202,0.0,1.0,1.0,1.0,1.0,0.0,0.0
25,190,7.880045266013273,8.397243144193018,0.0,1.0,0.0,0.0,1.0,1.0
26,190,7.5954917340134465,10.072215956846254,0.0,0.0,0.0,1.0,1.0,1.0
27,190,6.467813000845273,10.459368262982652,0.0,0.0,0.0,1.0,0.0,1.0
28,190,2.6704573417994237,8.97169828389528,0.0,0.0,0.0,0.0,0.0,0.0
29,190,11.067646437787284,10.017720131598924,1.0,0.0,0.0,0.0,0.0,0.0
30,190,5.023570658878869,1.5102829026657472,1.0,1.0,0.0,0.0,1.0,1.0
31,190,8.790425929913232,12.0,1.0,1.0,1.0,1.0,0.0,0.0
32,190,12.0,2.686994448274415,0.0,0.0,0.0,1.0,0.0,0.0
33,190,0.157258750605717,4.212634502103918,0.0,1.0,0.0,0.0,0.0,0.0
34,190,5.991686817530867,2.175306217795073,0.0,1.0,0.0,0.0,1.0,0.0
35,190,9.901075514215115,0.0,1.0,0.0,0.0,0.0,1.0,0.0
36,190,9.649721960540068,5.762700306036487,0.0,1.0,1.0,0.0,1.0,1.0
37,190,1.1925929924095109,12.0,1.0,0.0,0.0,0.0,1.0,1.0
38,190,4.768357108058272,5.629207530764318,1.0,0.0,1.0,0.0,1.0,0.0
39,190,2.1340126347727795,10.654115289991864,0.0,1.0,1.0,1.0,1.0,1.0
0,195,0.0,1.874843904868546,0.0,1.0,0.0,1.0,0.0,1.0
1,195,8.157602287173345,1.2310729301228485,1.0,0.0,1.0,1.0,1.0,1.0
2,195,8.165713918929796,5.476811657987695,0.0,0.0,0.0,0.0,0.0,0.0
3,195,5.142069424842855,10.340051113480069,0.0,0.0,1.0,0.0,0.0,0.0
4,195,6.641311919404106,0.0,0.0,0.0,1.0,0.0,1.0,0.0
5,195,10.228872951931448,6.6537544818138805,1.0,1.0,0.0,0.0,0.0,0.0
6,195,6.223458040737111,8.865032837696655,1.0,0.0,1.0,0.0,1.0,1.0
7,195,0.0146733854533328,0.6902401410981004,0.0,0.0,0.0,0.0,1.0,0.0
8,195,0.8676932048934541,12.0,0.0,0.0,1.0,1.0,0.0,1.0
9,195,12.0,8.852384811263372,1.0,0.0,0.0,1.0,0.0,0.0
10,195,4.346373106244836,1.523980850441643,0.0,1.0,1.0,0.0,0.0,0.0
11,195,6.454703886595153,3.2964187016590856,0.0,0.0,0.0,0.0,1.0,1.0
12,195,8.249436937343289,6.474381528819679,0.0,0.0,0.0,0.0,0.0,0.0
13,195,6.231470337359205,5.984747072896032,0.0,1.0,0.0,1.0,1.0,0.0
14,195,3.467153293316896,4.443002002380795,1.0,0.0,0.0,1.0,0.0,0.0
15,195,3.8521070529769545,12.0,0.0,0.0,0.0,0.0,1.0,0.0
16,195,8.778767797514806,1.192229100888912,1.0,0.0,0.0,0.0,1.0,0.0
17,195,0.8448328480214269,6.227105160203696,1.0,0.0,0.0,1.0,0.0,0.0
18,195,3.756351472057291,5.323882662415269,0.0,0.0,0.0,0.0,0.0,0.0
19,195,0.0,12.0,0.0,0.0,1.0,1.0,0.0,0.0
20,195,0.0,7.372818596394519,0.0,0.0,0.0,0.0,0.0,0.0
21,195,0.705782499270249,9.468262497406,0.0,0.0,0.0,0.0,1.0,1.0
22,195,0.0,6.37919581332784,0.0,0.0,0.0,0.0,0.0,0.0
23,195,8.345552867033769,5.831573898601437,0.0,1.0,1.0,1.0,0.0,1.0
24,195,0.0011582063494058,0.0,1.0,1.0,1.0,1.0,0.0,0.0
25,195,7.837095670570316,8.357365125972079,0.0,1.0,0.0,0.0,1.0,1.0
26,195,7.518617725135947,10.157783440020644,0.0,0.0,0.0,1.0,1.0,1.0
27,195,6.457392868888677,10.486409474365724,0.0,0.0,0.0,1.0,0.0,1.0
28,195,2.6649916520791006,8.952075929391242,0.0,0.0,0.0,0.0,0.0,0.0
29,195,11.100985487075514,10.02888719151253,1.0,0.0,0.0,0.0,0.0,0.0
30,195,5.029831875621299,1.5032946509769798,1.0,1.0,0.0,0.0,1.0,1.0
31,195,8.909474168852842,12.0,1.0,1.0,1.0,1.0,0.0,0.0
32,195,12.0,2.679881105042931,0.0,0.0,0.0,1.0,0.0,0.0
33,195,0.136304308114733,4.281539908952157,0.0,1.0,0.0,0.0,0.0,0.0
34,195,5.938731618465265,2.237293033624583,0.0,1.0,0.0,0.0,1.0,0.0
35,195,10.035486430483068,0.0,1.0,0.0,0.0,0.0,1.0,0.0
36,195,9.689284439224206,5.767485052511939,0.0,1.0,1.0,0.0,1.0,1.0
37,195,1.2070509683563269,12.0,1.0,0.0,0.0,0.0,1.0,1.0
38,195,4.9250821360430574,5.569724819560607,1.0,0.0,1.0,0.0,1.0,0.0
39,195,1.968605416358173,10.69894800985168,0.0,1.0,1.0,1.0,1.0,1.0
0,200,0.0,1.7619935172833263,0.0,1.0,0.0,1.0,0.0,1.0
1,200,8.157147722336994,1.3411736102401712,1.0,0.0,1.0,1.0,1.0,1.0
2,200,8.21085557655614,5.31824996630578,0.0,0.0,0.0,0.0,0.0,0.0
3,200,5.157077478530665,10.33075988433219,0.0,0.0,1.0,0.0,0.0,0.0
4,200,6.617502062651738,0.0,0.0,0.0,1.0,0.0,1.0,0.0
5,200,10.240046137043176,6.574830387341772,1.0,1.0,0.0,0.0,0.0,0.0
6,200,6.227175569699137,8.86296507829916,1.0,0.0,1.0,0.0,1.0,1.0
7,200,0.0169831285937252,0.68889862995967,0.0,0.0,0.0,0.0,1.0,0.0
8,200,0.7965813485553285,12.0,0.0,0.0,1.0,1.0,0.0,1.0
9,200,11.994599510358189,8.859229863094665,1.0,0.0,0.0,1.0,0.0,0.0
10,200,4.2736313305687,1.5837303695584073,0.0,1.0,1.0,0.0,0.0,0.0
11,200,6.327219158525265,3.244669792296038,0.0,0.0,0.0,0.0,1.0,1.0
12,200,8.247990443779537,6.471073469361528,0.0,0.0,0.0,0.0,0.0,0.0
13,200,6.2196872582682925,5.998820307955453,0.0,1.0,0.0,1.0,1.0,0.0
14,200,3.55151203810358,4.473041459610466,1.0,0.0,0.0,1.0,0.0,0.0
15,200,3.850623155204041,12.0,0.0,0.0,0.0,0.0,1.0,0.0
16,200,8.774679707051334,1.1893597773131095,1.0,0.0,0.0,0.0,1.0,0.0
17,200,0.9586457053968528,6.160728064719729,1.0,0.0,0.0,1.0,0.0,0.0
18,200,3.9303956655323806,5.321095748312403,0.0,0.0,0.0,0.0,0.0,0.0
19,200,0.0,12.0,0.0,0.0,1.0,1.0,0.0,0.0
20,200,0.0,7.446435702976285,0.0,0.0,0.0,0.0,0.0,0.0
21,200,0.6782600698625934,9.61534928556082,0.0,0.0,0.0,0.0,1.0,1.0
22,200,0.0,6.476475656103869,0.0,0.0,0.0,0.0,0.0,0.0
23,200,8.251587506070422,5.689752517341742,0.0,1.0,1.0,1.0,0.0,1.0
24,200,0.0,0.0,1.0,1.0,1.0,1.0,0.0,0.0
25,200,7.797976601683846,8.321832850268732,0.0,1.0,0.0,0.0,1.0,1.0
26,200,7.4348814464939394,10.247901688358318,0.0,0.0,0.0,1.0,1.0,1.0
27,200,6.454644035757623,10.49322244533319,0.0,0.0,0.0,1.0,0.0,1.0
28,200,2.6679375602042525,8.962530377241176,0.0,0.0,0.0,0.0,0.0,0.0
29,200,11.12374399434582,10.036685490031358,1.0,0.0,0.0,0.0,0.0,0.0
30,200,5.032049782523924,1.5007964783189214,1.0,1.0,0.0,0.0,1.0,1.0
31,200,9.046101061239227,12.0,1.0,1.0,1.0,1.0,0.0,0.0
32,200,12.0,2.672715735882692,0.0,0.0,0.0,1.0,0.0,0.0
33,200,0.1094904729673271,4.373067735775963,0.0,1.0,0.0,0.0,0.0,0.0
34,200,5.8794642796665055,2.1879620788662484,0.0,1.0,0.0,0.0,1.0,0.0
35,200,10.159198099158056,0.0,1.0,0.0,0.0,0.0,1.0,0.0
36,200,9.721644905941949,5.771339714905929,0.0,1.0,1.0,0.0,1.0,1.0
37,200,1.2177869585045524,12.0,1.0,0.0,0.0,0.0,1.0,1.0
38,200,5.089027009364807,5.508418783824049,1.0,0.0,1.0,0.0,1.0,0.0
39,200,1.817216589723096,10.743760650885145,0.0,1.0,1.0,1.0,1.0,1.0
0,205,0.0,1.661879266678938,0.0,1.0,0.0,1.0,0.0,1.0
1,205,8.158627320057276,1.4615325717089256,1.0,0.0,1.0,1.0,1.0,1.0
2,205,8.254397298473059,5.168514130525618,0.0,0.0,0.0,0.0,0.0,0.0
3,205,5.158724762968141,10.32970491839985,0.0,0.0,1.0,0.0,0.0,0.0
4,205,6.597142042301717,0.0,0.0,0.0,1.0,0.0,1.0,0.0
5,205,10.251331162589212,6.486204004766063,1.0,1.0,0.0,0.0,0.0,0.0
6,205,6.214094456414787,8.870036261733498,1.0,0.0,1.0,0.0,1.0,1.0
7,205,0.0204722244526553,0.686894337025734,0.0,0.0,0.0,0.0,1.0,0.0
8,205,0.7084416007447104,12.0,0.0,0.0,1.0,1.0,0.0,1.0
9,205,11.969939043852664,8.891013863462533,1.0,0.0,0.0,1.0,0.0,0.0
10,205,4.211195538302002,1.6352192743784828,0.0,1.0,1.0,0.0,0.0,0.0
11,205,6.188855097819476,3.189106763667918,0.0,0.0,0.0,0.0,1.0,1.0
12,205,8.256112581829935,6.488811743865462,0.0,0.0,0.0,0.0,0.0,0.0
13,205,6.210293103329615,6.009811334924713,0.0,1.0,0.0,1.0,1.0,0.0
14,205,3.6358111616405977,4.505670025653831,1.0,0.0,0.0,1.0,0.0,0.0
15,205,3.849696523915632,12.0,0.0,0.0,0.0,0.0,1.0,0.0
16,205,8.789664706579195,1.1998350372156568,1.0,0.0,0.0,0.0,1.0,0.0
17,205,1.053093546963492,6.101723857631379,1.0,0.0,0.0,1.0,0.0,0.0
18,205,4.086459065395712,5.323278693826625,0.0,0.0,0.0,0.0,0.0,0.0
19,205,0.0,12.0,0.0,0.0,1.0,1.0,0.0,0.0
20,205,0.0,7.53465644671049,0.0,0.0,0.0,0.0,0.0,0.0
21,205,0.6515891474861368,9.77730037555806,0.0,0.0,0.0,0.0,1.0,1.0
22,205,0.0,6.57421031077516,0.0,0.0,0.0,0.0,0.0,0.0
23,205,8.155342080264319,5.549102973677666,0.0,1.0,1.0,1.0,0.0,1.0
24,205,0.0,0.0,1.0,1.0,1.0,1.0,0.0,0.0
25,205,7.751741889136143,8.281068142678828,0.0,1.0,0.0,0.0,1.0,1.0
26,205,7.360836246408218,10.33008016029953,0.0,0.0,0.0,1.0,1.0,1.0
27,205,6.443783932157949,10.520387072545027,0.0,0.0,0.0,1.0,0.0,1.0
28,205,2.670689771402116,8.97290959804535,0.0,0.0,0.0,0.0,0.0,0.0
29,205,11.159897967365348,10.050265975053833,1.0,0.0,0.0,0.0,0.0,0.0
30,205,5.032750322104834,1.5000013144493467,1.0,1.0,0.0,0.0,1.0,1.0
31,205,9.186907752936245,12.0,1.0,1.0,1.0,1.0,0.0,0.0
32,205,12.0,2.664412292794916,0.0,0.0,0.0,1.0,0.0,0.0
33,205,0.0850254579199613,4.451696551437447,0.0,1.0,0.0,0.0,0.0,0.0
34,205,5.841787933098947,2.155605219051517,0.0,1.0,0.0,0.0,1.0,0.0
35,205,10.288307423353018,0.0,1.0,0.0,0.0,0.0,1.0,0.0
36,205,9.741456770402053,5.773936014508403,0.0,1.0,1.0,0.0,1.0,1.0
37,205,1.2243169995415253,12.0,1.0,0.0,0.0,0.0,1.0,1.0
38,205,5.2568663897468495,5.447964653213128,1.0,0.0,1.0,0.0,1.0,0.0
39,205,1.682913535782779,10.78451599198182,0.0,1.0,1.0,1.0,1.0,1.0
0,210,0.0,1.579414365756766,0.0,1.0,0.0,1.0,0.0,1.0
1,210,8.160166292514122,1.587568708229356,1.0,0.0,1.0,1.0,1.0,1.0
2,210,8.304210820519446,5.004994133857822,0.0,0.0,0.0,0.0,0.0,0.0
3,210,5.15560440123762,10.331796242933768,0.0,0.0,1.0,0.0,0.0,0.0
4,210,6.578329430001452,0.0,0.0,0.0,1.0,0.0,1.0,0.0
5,210,10.262160875541534,6.414290764214007,1.0,1.0,0.0,0.0,0.0,0.0
6,210,6.193113491852476,8.88094650890175,1.0,0.0,1.0,0.0,1.0,1.0
7,210,0.0353928884451594,0.6785179209061721,0.0,0.0,0.0,0.0,1.0,0.0
8,210,0.6226773175510816,12.0,0.0,0.0,1.0,1.0,0.0,1.0
9,210,11.944188446347166,8.926189275609717,1.0,0.0,0.0,1.0,0.0,0.0
10,210,4.165107975643019,1.6733527847644811,0.0,1.0,1.0,0.0,0.0,0.0
11,210,6.059075827561163,3.137238288115052,0.0,0.0,0.0,0.0,1.0,1.0
12,210,8.262271060199348,6.50264089184089,0.0,0.0,0.0,0.0,0.0,0.0
13,210,6.202505105213527,6.018376115605339,0.0,1.0,0.0,1.0,1.0,0.0
14,210,3.727848025468315,4.543855983958465,1.0,0.0,0.0,1.0,0.0,0.0
15,210,3.848994894148829,12.0,0.0,0.0,0.0,0.0,1.0,0.0
16,210,8.804802244138067,1.211183084831546,1.0,0.0,0.0,0.0,1.0,0.0
17,210,1.141072080184852,6.048853134863505,1.0,0.0,0.0,1.0,0.0,0.0
18,210,4.25064879802638,5.321323731815275,0.0,0.0,0.0,0.0,0.0,0.0
19,210,0.0,12.0,0.0,0.0,1.0,1.0,0.0,0.0
20,210,0.0,7.614198402139751,0.0,0.0,0.0,0.0,0.0,0.0
21,210,0.6185705976778161,9.941051009188836,0.0,0.0,0.0,0.0,1.0,1.0
22,210,0.0,6.669045962999479,0.0,0.0,0.0,0.0,0.0,0.0
23,210,8.047475424068498,5.392829081435764,0.0,1.0,1.0,1.0,0.0,1.0
24,210,0.0,0.0,1.0,1.0,1.0,1.0,0.0,0.0
25,210,7.717722654628998,8.249519358285601,0.0,1.0,0.0,0.0,1.0,1.0
26,210,7.286639220071001,10.413126117757027,0.0,0.0,0.0,1.0,1.0,1.0
27,210,6.436098068994098,10.539795696074178,0.0,0.0,0.0,1.0,0.0,1.0
28,210,2.6714628576294155,8.975815964805028,0.0,0.0,0.0,0.0,0.0,0.0
29,210,11.20027183494246,10.065763959079195,1.0,0.0,0.0,0.0,0.0,0.0
30,210,5.024574119553376,1.5094457446238192,1.0,1.0,0.0,0.0,1.0,1.0
31,210,9.316305372874275,12.0,1.0,1.0,1.0,1.0,0.0,0.0
32,210,12.0,2.655271134137155,0.0,0.0,0.0,1.0,0.0,0.0
33,210,0.0621247747122656,4.531723958865541,0.0,1.0,0.0,0.0,0.0,0.0
34,210,5.780653155767535,2.1007969265756223,0.0,1.0,0.0,0.0,1.0,0.0
35,210,10.421826494230745,0.0,1.0,0.0,0.0,0.0,1.0,0.0
36,210,9.769436960883285,5.777849756757004,0.0,1.0,1.0,0.0,1.0,1.0
37,210,1.2283170863285884,12.0,1.0,0.0,0.0,0.0,1.0,1.0
38,210,5.433081917408138,5.379133406681075,1.0,0.0,1.0,0.0,1.0,0.0
39,210,1.5516116616441569,10.822957981428916,0.0,1.0,1.0,1.0,1.0,1.0
0,215,0.0,1.501337616499751,0.0,1.0,0.0,1.0,0.0,1.0
1,215,8.16462876042723,1.7093591019783112,1.0,0.0,1.0,1.0,1.0,1.0
2,215,8.359883116883044,4.814777269500374,0.0,0.0,0.0,0.0,0.0,0.0
3,215,5.173247219737221,10.319922849006351,0.0,0.0,1.0,0.0,0.0,0.0
4,215,6.562922690918718,0.0,0.0,0.0,1.0,0.0,1.0,0.0
5,215,10.27453264002549,6.3447338960993775,1.0,1.0,0.0,0.0,0.0,0.0
6,215,6.163598331751677,8.897400624765714,1.0,0.0,1.0,0.0,1.0,1.0
7,215,0.0524011447993752,0.6694919295167148,0.0,0.0,0.0,0.0,1.0,0.0
8,215,0.5191571616696229,12.0,0.0,0.0,1.0,1.0,0.0,1.0
9,215,11.92274390543235,8.954118310911356,1.0,0.0,0.0,1.0,0.0,0.0
10,215,4.113925183546864,1.715870756705532,0.0,1.0,1.0,0.0,0.0,0.0
11,215,5.9151338934968685,3.0820540597794936,0.0,0.0,0.0,0.0,1.0,1.0
12,215,8.267815360832913,6.5158671419585605,0.0,0.0,0.0,0.0,0.0,0.0
13,215,6.199498416260976,6.021644173794097,0.0,1.0,0.0,1.0,1.0,0.0
14,215,3.8020856315552938,4.5741091835360494,1.0,0.0,0.0,1.0,0.0,0.0
15,215,3.847438305519234,12.0,0.0,0.0,0.0,0.0,1.0,0.0
16,215,8.832235004790963,1.2304267574856746,1.0,0.0,0.0,0.0,1.0,0.0
17,215,1.2288884232369437,6.000538244875509,1.0,0.0,0.0,1.0,0.0,0.0
18,215,4.400085486227667,5.320777505503101,0.0,0.0,0.0,0.0,0.0,0.0
19,215,0.0,12.0,0.0,0.0,1.0,1.0,0.0,0.0
20,215,0.0,7.692556918442845,0.0,0.0,0.0,0.0,0.0,0.0
21,215,0.5823322112562319,10.103120506648835,0.0,0.0,0.0,0.0,1.0,1.0
22,215,0.0,6.757958602879014,0.0,0.0,0.0,0.0,0.0,0.0
23,215,7.941574317710048,5.24361891364052,0.0,1.0,1.0,1.0,0.0,1.0
24,215,0.0,0.0,1.0,1.0,1.0,1.0,0.0,0.0
25,215,7.666969001769269,8.203137345880464,0.0,1.0,0.0,0.0,1.0,1.0
26,215,7.211614206213453,10.497755691340933,0.0,0.0,0.0,1.0,1.0,1.0
27,215,6.426013053466551,10.565529875400438,0.0,0.0,0.0,1.0,0.0,1.0
28,215,2.669486090597658,8.96821328235581,0.0,0.0,0.0,0.0,0.0,0.0
29,215,11.239396009681784,10.080686849707153,1.0,0.0,0.0,0.0,0.0,0.0
30,215,5.02244765684037,1.5118513044845985,1.0,1.0,0.0,0.0,1.0,1.0
31,215,9.446770740300304,12.0,1.0,1.0,1.0,1.0,0.0,0.0
32,215,12.0,2.6411213481366533,0.0,0.0,0.0,1.0,0.0,0.0
33,215,0.0508138149020912,4.578384436153403,0.0,1.0,0.0,0.0,0.0,0.0
34,215,5.718979209388026,2.0463138186969747,0.0,1.0,0.0,0.0,1.0,0.0
35,215,10.564673473110174,0.0,1.0,0.0,0.0,0.0,1.0,0.0
36,215,9.774743538752311,5.778446952443729,0.0,1.0,1.0,0.0,1.0,1.0
37,215,1.2280067170135711,12.0,1.0,0.0,0.0,0.0,1.0,1.0
38,215,5.594440706648641,5.311679167092401,1.0,0.0,1.0,0.0,1.0,0.0
39,215,1.4057673752088036,10.867466023693686,0.0,1.0,1.0,1.0,1.0,1.0
0,220,0.0,1.44569055936484,0.0,1.0,0.0,1.0,0.0,1.0
1,220,8.17047871395522,1.8149797168471449,1.0,0.0,1.0,1.0,1.0,1.0
2,220,8.417158248365268,4.627008708222721,0.0,0.0,0.0,0.0,0.0,0.0
3,220,5.19413152417388,10.305937132312264,0.0,0.0,1.0,0.0,0.0,0.0
4,220,6.541382980715016,0.0,0.0,0.0,1.0,0.0,1.0,0.0
5,220,10.284944679487118,6.287456964179011,1.0,1.0,0.0,0.0,0.0,0.0
6,220,6.131023461196131,8.916489186809297,1.0,0.0,1.0,0.0,1.0,1.0
7,220,0.0745321185376457,0.6577661739596157,0.0,0.0,0.0,0.0,1.0,0.0
8,220,0.4216165924331109,12.0,0.0,0.0,1.0,1.0,0.0,1.0
9,220,11.903198570215558,8.980321712911241,1.0,0.0,0.0,1.0,0.0,0.0
10,220,4.062980347097874,1.756777225015744,0.0,1.0,1.0,0.0,0.0,0.0
11,220,5.764430161890953,3.0284429112788738,0.0,0.0,0.0,0.0,1.0,1.0
12,220,8.267157632762359,6.516141365319502,0.0,0.0,0.0,0.0,0.0,0.0
13,220,6.196648174328728,6.024696828687809,0.0,1.0,0.0,1.0,1.0,0.0
14,220,3.881691461050362,4.610696779870861,1.0,0.0,0.0,1.0,0.0,0.0
15,220,3.8474769731562777,12.0,0.0,0.0,0.0,0.0,1.0,0.0
16,220,8.860492254518396,1.24977279473426,1.0,0.0,0.0,0.0,1.0,0.0
17,220,1.3131551268116874,5.953605936200204,1.0,0.0,0.0,1.0,0.0,0.0
18,220,4.561177345058413,5.316547129543999,0.0,0.0,0.0,0.0,0.0,0.0
19,220,0.0,12.0,0.0,0.0,1.0,1.0,0.0,0.0
20,220,0.0,7.789700574527378,0.0,0.0,0.0,0.0,0.0,0.0
21,220,0.5455597846279365,10.251243563529188,0.0,0.0,0.0,0.0,1.0,1.0
22,220,0.0,6.858441497627547,0.0,0.0,0.0,0.0,0.0,0.0
23,220,7.826288582930448,5.082579414714116,0.0,1.0,1.0,1.0,0.0,1.0
24,220,0.0,0.0,1.0,1.0,1.0,1.0,0.0,0.0
25,220,7.600138134875944,8.137009644040516,0.0,1.0,0.0,0.0,1.0,1.0
26,220,7.127223075340637,10.59086191730084,0.0,0.0,0.0,1.0,1.0,1.0
27,220,6.421138526576268,10.578605057589304,0.0,0.0,0.0,1.0,0.0,1.0
28,220,2.668882719159141,8.96577270665662,0.0,0.0,0.0,0.0,0.0,0.0
29,220,11.27990514938814,10.095634593259277,1.0,0.0,0.0,0.0,0.0,0.0
30,220,5.020871862132746,1.5136007850065434,1.0,1.0,0.0,0.0,1.0,1.0
31,220,9.57205471725197,12.0,1.0,1.0,1.0,1.0,0.0,0.0
32,220,12.0,2.6251957085378312,0.0,0.0,0.0,1.0,0.0,0.0
33,220,0.0373900867215574,4.635542890411367,0.0,1.0,0.0,0.0,0.0,0.0
34,220,5.652752850331826,1.9855761853130012,0.0,1.0,0.0,0.0,1.0,0.0
35,220,10.70100540941056,0.0,1.0,0.0,0.0,0.0,1.0,0.0
36,220,9.776681219283624,5.778683477214103,0.0,1.0,1.0,0.0,1.0,1.0
37,220,1.2295919111447209,12.0,1.0,0.0,0.0,0.0,1.0,1.0
38,220,5.765136998389046,5.235638183034231,1.0,0.0,1.0,0.0,1.0,0.0
39,220,1.2565495305984589,10.914438594130631,0.0,1.0,1.0,1.0,1.0,1.0
0,225,0.0,1.3891672378202593,0.0,1.0,0.0,1.0,0.0,1.0
1,225,8.17803469595309,1.909762293148444,1.0,0.0,1.0,1.0,1.0,1.0
2,225,8.465291594611587,4.455856344782035,0.0,0.0,0.0,0.0,0.0,0.0
3,225,5.220005746344265,10.28926820514999,0.0,0.0,1.0,0.0,0.0,0.0
4,225,6.5223075589150845,0.0,0.0,0.0,1.0,0.0,1.0,0.0
5,225,10.29826692782711,6.22466194293151,1.0,1.0,0.0,0.0,0.0,0.0
6,225,6.101548401062523,8.934391144316074,1.0,0.0,1.0,0.0,1.0,1.0
7,225,0.0943307661218511,0.6475579686910644,0.0,0.0,0.0,0.0,1.0,0.0
8,225,0.3224996363429538,12.0,0.0,0.0,1.0,1.0,0.0,1.0
9,225,11.881726646165813,9.00932118107365,1.0,0.0,0.0,1.0,0.0,0.0
10,225,4.005383348316327,1.8038297712403464,0.0,1.0,1.0,0.0,0.0,0.0
11,225,5.704582643692213,3.1881862148732734,0.0,0.0,0.0,0.0,1.0,1.0
12,225,8.253708169177129,6.522120993649828,0.0,0.0,0.0,0.0,0.0,0.0
13,225,6.184763805435705,6.037198401573204,0.0,1.0,0.0,1.0,1.0,0.0
14,225,3.9567491589303647,4.644697272081024,1.0,0.0,0.0,1.0,0.0,0.0
15,225,3.767073462523221,11.99918129852475,0.0,0.0,0.0,0.0,1.0,0.0
16,225,8.899350383670217,1.2766074418867936,1.0,0.0,0.0,0.0,1.0,0.0
17,225,1.400339961893624,5.902750882226168,1.0,0.0,0.0,1.0,0.0,0.0
18,225,4.709419238991484,5.3119198332816095,0.0,0.0,0.0,0.0,0.0,0.0
19,225,0.0,12.0,0.0,0.0,1.0,1.0,0.0,0.0
20,225,0.0,7.875621120843531,0.0,0.0,0.0,0.0,0.0,0.0
21,225,0.5094639807032173,10.39534304285352,0.0,0.0,0.0,0.0,1.0,1.0
22,225,0.0,6.962326202830926,0.0,0.0,0.0,0.0,0.0,0.0
23,225,7.721594762768095,4.935217736587301,0.0,1.0,1.0,1.0,0.0,1.0
24,225,0.0,0.0,1.0,1.0,1.0,1.0,0.0,0.0
25,225,7.533347412223773,8.06885445237964,0.0,1.0,0.0,0.0,1.0,1.0
26,225,7.046109091414645,10.682064460686531,0.0,0.0,0.0,1.0,1.0,1.0
27,225,6.410355893781082,10.607672882068202,0.0,0.0,0.0,1.0,0.0,1.0
28,225,2.6697591007698307,8.969493605767145,0.0,0.0,0.0,0.0,0.0,0.0
29,225,11.29431895080042,10.10074838105702,1.0,0.0,0.0,0.0,0.0,0.0
30,225,5.025593929670669,1.5083086969423127,1.0,1.0,0.0,0.0,1.0,1.0
31,225,9.716121208752757,12.0,1.0,1.0,1.0,1.0,0.0,0.0
32,225,12.0,2.6104037825894326,0.0,0.0,0.0,1.0,0.0,0.0
33,225,0.0248991259138826,4.6887016131203225,0.0,1.0,0.0,0.0,0.0,0.0
34,225,5.590555583664623,1.9241803246800293,0.0,1.0,0.0,0.0,1.0,0.0
35,225,10.836056917525504,0.0,1.0,0.0,0.0,0.0,1.0,0.0
36,225,9.758333704843343,5.776032065300569,0.0,1.0,1.0,0.0,1.0,1.0
37,225,1.2307246692940006,12.0,1.0,0.0,0.0,0.0,1.0,1.0
38,225,5.930894696107606,5.162008367053791,1.0,0.0,1.0,0.0,1.0,0.0
39,225,1.1022501775056324,10.958401449917968,0.0,1.0,1.0,1.0,1.0,1.0
0,230,0.0,1.3233531903842837,0.0,1.0,0.0,1.0,0.0,1.0
1,230,8.183516589471857,2.019362435563941,1.0,0.0,1.0,1.0,1.0,1.0
2,230,8.29088209635539,4.405606018990184,0.0,0.0,0.0,0.0,0.0,0.0
3,230,5.239763026833866,10.276463000490825,0.0,0.0,1.0,0.0,0.0,0.0
4,230,6.505175346323925,0.0,0.0,0.0,1.0,0.0,1.0,0.0
5,230,10.316622264578744,6.146934934309285,1.0,1.0,0.0,0.0,0.0,0.0
6,230,6.060421554691954,8.960946473429958,1.0,0.0,1.0,0.0,1.0,1.0
7,230,0.1173974810322686,0.6357856050967395,0.0,0.0,0.0,0.0,1.0,0.0
8,230,0.2002471523870665,12.0,0.0,0.0,1.0,1.0,0.0,1.0
9,230,11.857053784717694,9.041946401568795,1.0,0.0,0.0,1.0,0.0,0.0
10,230,3.9492915583725328,1.849982820046269,0.0,1.0,1.0,0.0,0.0,0.0
11,230,5.645523282197542,3.3445537749824554,0.0,0.0,0.0,0.0,1.0,1.0
12,230,8.212065857980773,6.540870666030445,0.0,0.0,0.0,0.0,0.0,0.0
13,230,6.171472081042565,6.051484980652892,0.0,1.0,0.0,1.0,1.0,0.0
14,230,4.040183725163218,4.684716882171014,1.0,0.0,0.0,1.0,0.0,0.0
15,230,3.6954352991119617,11.998131982527658,0.0,0.0,0.0,0.0,1.0,0.0
16,230,8.924272953743712,1.2935777512249165,1.0,0.0,0.0,0.0,1.0,0.0
17,230,1.471390847130762,5.861792913375852,1.0,0.0,0.0,1.0,0.0,0.0
18,230,4.845906026618462,5.306830809321464,0.0,0.0,0.0,0.0,0.0,0.0
19,230,0.0,12.0,0.0,0.0,1.0,1.0,0.0,0.0
20,230,0.0,7.964260804042527,0.0,0.0,0.0,0.0,0.0,0.0
21,230,0.4741304520626969,10.51684309773834,0.0,0.0,0.0,0.0,1.0,1.0
22,230,0.0,7.053667638977345,0.0,0.0,0.0,0.0,0.0,0.0
23,230,7.612809907209776,4.783368891852466,0.0,1.0,1.0,1.0,0.0,1.0
24,230,0.0,0.0,1.0,1.0,1.0,1.0,0.0,0.0
25,230,7.460929626494844,7.997758329820038,0.0,1.0,0.0,0.0,1.0,1.0
26,230,6.969099839625836,10.764006420821662,0.0,0.0,0.0,1.0,1.0,1.0
27,230,6.405120601093247,10.620919628424993,0.0,0.0,0.0,1.0,0.0,1.0
28,230,2.6707494333811117,8.97340349631711,0.0,0.0,0.0,0.0,0.0,0.0
29,230,11.31879803091146,10.110075427215214,1.0,0.0,0.0,0.0,0.0,0.0
30,230,5.019834152017804,1.5150608075116312,1.0,1.0,0.0,0.0,1.0,1.0
31,230,9.864433707369717,12.0,1.0,1.0,1.0,1.0,0.0,0.0
32,230,12.0,2.595672391255028,0.0,0.0,0.0,1.0,0.0,0.0
33,230,0.0138959013328114,4.741033842231694,0.0,1.0,0.0,0.0,0.0,0.0
34,230,5.524994069136385,1.8613158245420371,0.0,1.0,0.0,0.0,1.0,0.0
35,230,10.962695263664774,0.0,1.0,0.0,0.0,0.0,1.0,0.0
36,230,9.731219076900905,5.772033319196308,0.0,1.0,1.0,0.0,1.0,1.0
37,230,1.2326504212513294,12.0,1.0,0.0,0.0,0.0,1.0,1.0
38,230,6.10936269367198,5.086842564885383,1.0,0.0,1.0,0.0,1.0,0.0
39,230,0.9642896864601134,10.997527737039412,0.0,1.0,1.0,1.0,1.0,1.0
0,235,0.0,1.2364577887275892,0.0,1.0,0.0,1.0,0.0,1.0
1,235,8.191919227548407,2.1327193728717653,1.0,0.0,1.0,1.0,1.0,1.0
2,235,8.121181007791352,4.355644471418132,0.0,0.0,0.0,0.0,0.0,0.0
3,235,5.25955679102131,10.262748993212744,0.0,0.0,1.0,0.0,0.0,0.0
4,235,6.484764153061644,0.0,0.0,0.0,1.0,0.0,1.0,0.0
5,235,10.336516885311182,6.077492028806866,1.0,1.0,0.0,0.0,0.0,0.0
6,235,6.013644467144492,8.991225915797564,1.0,0.0,1.0,0.0,1.0,1.0
7,235,0.1222847219119264,0.6332767474679354,0.0,0.0,0.0,0.0,1.0,0.0
8,235,0.0753896787636153,12.0,0.0,0.0,1.0,1.0,0.0,1.0
9,235,11.840842506931812,9.063108283384947,1.0,0.0,0.0,1.0,0.0,0.0
10,235,3.90306140949028,1.8865986026209145,0.0,1.0,1.0,0.0,0.0,0.0
11,235,5.587097630552512,3.503642964594021,0.0,0.0,0.0,0.0,1.0,1.0
12,235,8.17010604100032,6.559876682414006,0.0,0.0,0.0,0.0,0.0,0.0
13,235,6.166409440712275,6.057040380632186,0.0,1.0,0.0,1.0,1.0,0.0
14,235,4.114606385844434,4.7200621457887495,1.0,0.0,0.0,1.0,0.0,0.0
15,235,3.623746282407602,11.996793456972718,0.0,0.0,0.0,0.0,1.0,0.0
16,235,8.93644013379937,1.3020138363197082,1.0,0.0,0.0,0.0,1.0,0.0
17,235,1.544516504211769,5.820488148447298,1.0,0.0,0.0,1.0,0.0,0.0
18,235,4.973207583536021,5.302885151117261,0.0,0.0,0.0,0.0,0.0,0.0
19,235,0.0,12.0,0.0,0.0,1.0,1.0,0.0,0.0
20,235,0.0,8.042729757819766,0.0,0.0,0.0,0.0,0.0,0.0
21,235,0.4436585630629278,10.62270877122564,0.0,0.0,0.0,0.0,1.0,1.0
22,235,0.0,7.131917137235135,0.0,0.0,0.0,0.0,0.0,0.0
23,235,7.488453370342786,4.616160513239111,0.0,1.0,1.0,1.0,0.0,1.0
24,235,0.0,0.0,1.0,1.0,1.0,1.0,0.0,0.0
25,235,7.385885772417972,7.920839669643341,0.0,1.0,0.0,0.0,1.0,1.0
26,235,6.8779734517267,10.862031154071268,0.0,0.0,0.0,1.0,1.0,1.0
27,235,6.404301074281907,10.622946084105406,0.0,0.0,0.0,1.0,0.0,1.0
28,235,2.674154694124303,8.987144924531963,0.0,0.0,0.0,0.0,0.0,0.0
29,235,11.34491205107192,10.119296926851348,1.0,0.0,0.0,0.0,0.0,0.0
30,235,5.026075883643874,1.5076763549892098,1.0,1.0,0.0,0.0,1.0,1.0
31,235,10.0227128949693,12.0,1.0,1.0,1.0,1.0,0.0,0.0
32,235,12.0,2.577944135352954,0.0,0.0,0.0,1.0,0.0,0.0
33,235,0.0028005792374172,4.791682283650539,0.0,1.0,0.0,0.0,0.0,0.0
34,235,5.462247995281333,1.7990358255372292,0.0,1.0,0.0,0.0,1.0,0.0
35,235,11.081444078661104,0.0,1.0,0.0,0.0,0.0,1.0,0.0
36,235,9.68977586264095,5.766202936652021,0.0,1.0,1.0,0.0,1.0,1.0
37,235,1.229248163541578,12.0,1.0,0.0,0.0,0.0,1.0,1.0
38,235,6.27770678424814,5.014136251301612,1.0,0.0,1.0,0.0,1.0,0.0
39,235,0.8362984673406881,11.0368174708906,0.0,1.0,1.0,1.0,1.0,1.0
0,240,0.0,1.1622665953637914,0.0,1.0,0.0,1.0,0.0,1.0
1,240,8.199774699295496,2.244523662951231,1.0,0.0,1.0,1.0,1.0,1.0
2,240,7.9567653923744945,4.308764230130122,0.0,0.0,0.0,0.0,0.0,0.0
3,240,5.263078672887887,10.260223636513908,0.0,0.0,1.0,0.0,0.0,0.0
4,240,6.468300193836356,0.0,0.0,0.0,1.0,0.0,1.0,0.0
5,240,10.358753653923934,6.000783645338783,1.0,1.0,0.0,0.0,0.0,0.0
6,240,5.976474925367794,9.014931866842538,1.0,0.0,1.0,0.0,1.0,1.0
7,240,0.1332122500360761,0.6280785551750947,0.0,0.0,0.0,0.0,1.0,0.0
8,240,0.0,12.0,0.0,0.0,1.0,1.0,0.0,1.0
9,240,11.821267209015248,9.088714723574734,1.0,0.0,0.0,1.0,0.0,0.0
10,240,3.844985955341056,1.9343201417098936,0.0,1.0,1.0,0.0,0.0,0.0
11,240,5.531535229213086,3.6499038098703296,0.0,0.0,0.0,0.0,1.0,1.0
12,240,8.132029126216114,6.576669625401834,0.0,0.0,0.0,0.0,0.0,0.0
13,240,6.16009439827335,6.064184683740093,0.0,1.0,0.0,1.0,1.0,0.0
14,240,4.1875884540549855,4.753736785753782,1.0,0.0,0.0,1.0,0.0,0.0
15,240,3.5396718159025924,12.0,0.0,0.0,0.0,0.0,1.0,0.0
16,240,8.970293619459358,1.3257944286950456,1.0,0.0,0.0,0.0,1.0,0.0
17,240,1.6170013053171115,5.779520758432034,1.0,0.0,0.0,1.0,0.0,0.0
18,240,5.120726159484166,5.297279332532056,0.0,0.0,0.0,0.0,0.0,0.0
19,240,0.0,12.0,0.0,0.0,1.0,1.0,0.0,0.0
20,240,0.0,8.112162045639758,0.0,0.0,0.0,0.0,0.0,0.0
21,240,0.4127940817494925,10.729782115014466,0.0,0.0,0.0,0.0,1.0,1.0
22,240,0.0,7.210990427628597,0.0,0.0,0.0,0.0,0.0,0.0
23,240,7.349012391517964,4.443713686957792,0.0,1.0,1.0,1.0,0.0,1.0
24,240,0.0,0.0,1.0,1.0,1.0,1.0,0.0,0.0
25,240,7.297618929755131,7.82990333061177,0.0,1.0,0.0,0.0,1.0,1.0
26,240,6.799951764925789,10.944704819278291,0.0,0.0,0.0,1.0,1.0,1.0
27,240,6.403828992747879,10.624118001959046,0.0,0.0,0.0,1.0,0.0,1.0
28,240,2.6787905955282154,9.005224888951487,0.0,0.0,0.0,0.0,0.0,0.0
29,240,11.381670813984677,10.131429873607864,1.0,0.0,0.0,0.0,0.0,0.0
30,240,5.024741973847949,1.50933146559063,1.0,1.0,0.0,0.0,1.0,1.0
31,240,10.187539023812322,12.0,1.0,1.0,1.0,1.0,0.0,0.0
32,240,12.0,2.557353627048107,0.0,0.0,0.0,1.0,0.0,0.0
33,240,0.0,4.856304114261212,0.0,1.0,0.0,0.0,0.0,0.0
34,240,5.384735905532317,1.724574690463543,0.0,1.0,0.0,0.0,1.0,0.0
35,240,11.191262585358691,0.0,1.0,0.0,0.0,0.0,1.0,0.0
36,240,9.657211691230229,5.7604943502914026,0.0,1.0,1.0,0.0,1.0,1.0
37,240,1.224944401962721,12.0,1.0,0.0,0.0,0.0,1.0,1.0
38,240,6.451737669730671,4.942460904700204,1.0,0.0,1.0,0.0,1.0,0.0
39,240,0.7221397689455388,11.06738982239513,0.0,1.0,1.0,1.0,1.0,1.0
0,245,0.0,1.0930793563651795,0.0,1.0,0.0,1.0,0.0,1.0
1,245,8.210807993850825,2.357652673871637,1.0,0.0,1.0,1.0,1.0,1.0
2,245,7.80137847372185,4.260717999661046,0.0,0.0,0.0,0.0,0.0,0.0
3,245,5.2492466223163134,10.270546249152131,0.0,0.0,1.0,0.0,0.0,0.0
4,245,6.453882559457415,0.0,0.0,0.0,1.0,0.0,1.0,0.0
5,245,10.379540607476065,5.934677108476286,1.0,1.0,0.0,0.0,0.0,0.0
6,245,5.9734262812865175,9.016763870920514,1.0,0.0,1.0,0.0,1.0,1.0
7,245,0.147089704252661,0.6215443778066286,0.0,0.0,0.0,0.0,1.0,0.0
8,245,0.0,12.0,0.0,0.0,1.0,1.0,0.0,1.0
9,245,11.789708180543798,9.129062376604455,1.0,0.0,0.0,1.0,0.0,0.0
10,245,3.783513537099579,1.9842307628022,0.0,1.0,1.0,0.0,0.0,0.0
11,245,5.475984359750264,3.7971435296237126,0.0,0.0,0.0,0.0,1.0,1.0
12,245,8.089360215518646,6.59543962053528,0.0,0.0,0.0,0.0,0.0,0.0
13,245,6.165250448654206,6.058368524345295,0.0,1.0,0.0,1.0,1.0,0.0
14,245,4.262116486601358,4.788981884701218,1.0,0.0,0.0,1.0,0.0,0.0
15,245,3.442379457051492,12.0,0.0,0.0,0.0,0.0,1.0,0.0
16,245,9.014151727075008,1.357439712084136,1.0,0.0,0.0,0.0,1.0,0.0
17,245,1.674458621494183,5.750215911805039,1.0,0.0,0.0,1.0,0.0,0.0
18,245,5.278104999671346,5.291322573815119,0.0,0.0,0.0,0.0,0.0,0.0
19,245,0.0,12.0,0.0,0.0,1.0,1.0,0.0,0.0
20,245,0.0,8.194945533598956,0.0,0.0,0.0,0.0,0.0,0.0
21,245,0.380911377798295,10.835663430838135,0.0,0.0,0.0,0.0,1.0,1.0
22,245,0.0,7.290548718090102,0.0,0.0,0.0,0.0,0.0,0.0
23,245,7.217380550275591,4.282724578461449,0.0,1.0,1.0,1.0,0.0,1.0
24,245,0.0,0.0,1.0,1.0,1.0,1.0,0.0,0.0
25,245,7.216232398023964,7.745910199370082,0.0,1.0,0.0,0.0,1.0,1.0
26,245,6.708535591905859,11.04095773728432,0.0,0.0,0.0,1.0,1.0,1.0
27,245,6.398909539697589,10.636234768165654,0.0,0.0,0.0,1.0,0.0,1.0
28,245,2.685116396230812,9.03061016178906,0.0,0.0,0.0,0.0,0.0,0.0
29,245,11.392024461615648,10.135017220074154,1.0,0.0,0.0,0.0,0.0,0.0
30,245,5.02363778907494,1.5105971661739686,1.0,1.0,0.0,0.0,1.0,1.0
31,245,10.35840038775174,12.0,1.0,1.0,1.0,1.0,0.0,0.0
32,245,12.0,2.533936773371946,0.0,0.0,0.0,1.0,0.0,0.0
33,245,0.0,4.920061928628036,0.0,1.0,0.0,0.0,0.0,0.0
34,245,5.310703889387007,1.6537934194688884,0.0,1.0,0.0,0.0,1.0,0.0
35,245,11.293024317297634,0.0,1.0,0.0,0.0,0.0,1.0,0.0
36,245,9.601215686163115,5.751086590378271,0.0,1.0,1.0,0.0,1.0,1.0
37,245,1.2117706906248282,12.0,1.0,0.0,0.0,0.0,1.0,1.0
38,245,6.607236422043459,4.882955613609877,1.0,0.0,1.0,0.0,1.0,0.0
39,245,0.6218247221009785,11.0967601654728,0.0,1.0,1.0,1.0,1.0,1.0
0,250,0.0,1.0361687481477284,0.0,1.0,0.0,1.0,0.0,1.0
1,250,8.222332954806713,2.4874762334238656,1.0,0.0,1.0,1.0,1.0,1.0
2,250,7.65891538139457,4.223230339705211,0.0,0.0,0.0,0.0,0.0,0.0
3,250,5.2503156141874445,10.269735508316971,0.0,0.0,1.0,0.0,0.0,0.0
4,250,6.437991463363886,0.0,0.0,0.0,1.0,0.0,1.0,0.0
5,250,10.398181179672608,5.873125628750172,1.0,1.0,0.0,0.0,0.0,0.0
6,250,5.97112602912355,9.018176321953762,1.0,0.0,1.0,0.0,1.0,1.0
7,250,0.1532603480703966,0.6185790875262698,0.0,0.0,0.0,0.0,1.0,0.0
8,250,0.0,12.0,0.0,0.0,1.0,1.0,0.0,1.0
9,250,11.76963322428265,9.15412649031772,1.0,0.0,0.0,1.0,0.0,0.0
10,250,3.710776146659061,2.04287945921818,0.0,1.0,1.0,0.0,0.0,0.0
11,250,5.4179152323474735,3.951350322288244,0.0,0.0,0.0,0.0,1.0,1.0
12,250,8.042046504006086,6.617140197011346,0.0,0.0,0.0,0.0,0.0,0.0
13,250,6.159354874606182,6.065302186572902,0.0,1.0,0.0,1.0,1.0,0.0
14,250,4.35193113850992,4.830618895871471,1.0,0.0,0.0,1.0,0.0,0.0
15,250,3.343709842900954,12.0,0.0,0.0,0.0,0.0,1.0,0.0
16,250,9.053572872071154,1.3882377426112602,1.0,0.0,0.0,0.0,1.0,0.0
17,250,1.7369246810347134,5.719600002842838,1.0,0.0,0.0,1.0,0.0,0.0
18,250,5.441058943108024,5.283734325365473,0.0,0.0,0.0,0.0,0.0,0.0
19,250,0.0,12.0,0.0,0.0,1.0,1.0,0.0,0.0
20,250,0.0,8.295252326608527,0.0,0.0,0.0,0.0,0.0,0.0
21,250,0.3579110735012266,10.914048643528474,0.0,0.0,0.0,0.0,1.0,1.0
22,250,0.0,7.3710545438647745,0.0,0.0,0.0,0.0,0.0,0.0
23,250,7.076853779590074,4.1158119334702175,0.0,1.0,1.0,1.0,0.0,1.0
24,250,0.0,0.0,1.0,1.0,1.0,1.0,0.0,0.0
25,250,7.123427555783852,7.65229873129314,0.0,1.0,0.0,0.0,1.0,1.0
26,250,6.608696431204983,11.142673943047138,0.0,0.0,0.0,1.0,1.0,1.0
27,250,6.39085701254221,10.654976474127563,0.0,0.0,0.0,1.0,0.0,1.0
28,250,2.6914150473211387,9.05275649519693,0.0,0.0,0.0,0.0,0.0,0.0
29,250,11.385020264137596,10.154813706623283,1.0,0.0,0.0,0.0,0.0,0.0
30,250,5.032625539305379,1.5008531894387385,1.0,1.0,0.0,0.0,1.0,1.0
31,250,10.52462352949332,12.0,1.0,1.0,1.0,1.0,0.0,0.0
32,250,12.0,2.51609737121301,0.0,0.0,0.0,1.0,0.0,0.0
33,250,0.0,4.992243346853911,0.0,1.0,0.0,0.0,0.0,0.0
34,250,5.22844740784743,1.5715416444174706,0.0,1.0,0.0,0.0,1.0,0.0
35,250,11.405276177100612,0.0,1.0,0.0,0.0,0.0,1.0,0.0
36,250,9.570895856173268,5.74522004218298,0.0,1.0,1.0,0.0,1.0,1.0
37,250,1.1998587990235536,12.0,1.0,0.0,0.0,0.0,1.0,1.0
38,250,6.778243788223936,4.8220964491482246,1.0,0.0,1.0,0.0,1.0,0.0
39,250,0.4979819884368404,11.138941540993011,0.0,1.0,1.0,1.0,1.0,1.0
0,255,0.0,0.9803541493629796,0.0,1.0,0.0,1.0,0.0,1.0
1,255,8.23140621147172,2.60069877613452,1.0,0.0,1.0,1.0,1.0,1.0
2,255,7.519864518029462,4.185656768729867,0.0,0.0,0.0,0.0,0.0,0.0
3,255,5.265206266522743,10.258267936182849,0.0,0.0,1.0,0.0,0.0,0.0
4,255,6.481404226131563,0.0,0.0,0.0,1.0,0.0,1.0,0.0
5,255,10.414945955259457,5.820008878712151,1.0,1.0,0.0,0.0,0.0,0.0
6,255,5.958566967616951,9.025743897149193,1.0,0.0,1.0,0.0,1.0,1.0
7,255,0.167084420581675,0.6120432608723149,0.0,0.0,0.0,0.0,1.0,0.0
8,255,0.0,12.0,0.0,0.0,1.0,1.0,0.0,1.0
9,255,11.735447465493708,9.195876482427176,1.0,0.0,0.0,1.0,0.0,0.0
10,255,3.639647532108969,2.1027458748884724,0.0,1.0,1.0,0.0,0.0,0.0
11,255,5.356570205295063,4.119746967192653,0.0,0.0,0.0,0.0,1.0,1.0
12,255,7.996249085696431,6.638797614431656,0.0,0.0,0.0,0.0,0.0,0.0
13,255,6.155683235893293,6.069768602246754,0.0,1.0,0.0,1.0,1.0,0.0
14,255,4.433348188510268,4.866333744495718,1.0,0.0,0.0,1.0,0.0,0.0
15,255,3.2472879191295534,12.0,0.0,0.0,0.0,0.0,1.0,0.0
16,255,9.103289610815782,1.425681804045911,1.0,0.0,0.0,0.0,1.0,0.0
17,255,1.8105290858650884,5.685558178123272,1.0,0.0,0.0,1.0,0.0,0.0
18,255,5.595133351282541,5.273966484948639,0.0,0.0,0.0,0.0,0.0,0.0
19,255,0.0,12.0,0.0,0.0,1.0,1.0,0.0,0.0
20,255,0.0,8.396413573496316,0.0,0.0,0.0,0.0,0.0,0.0
21,255,0.3361438768631883,10.99234807598468,0.0,0.0,0.0,0.0,1.0,1.0
22,255,0.0,7.454546667857055,0.0,0.0,0.0,0.0,0.0,0.0
23,255,6.934352610582189,3.9415221673068905,0.0,1.0,1.0,1.0,0.0,1.0
24,255,0.0,0.0,1.0,1.0,1.0,1.0,0.0,0.0
25,255,7.043993211294674,7.567403660933347,0.0,1.0,0.0,0.0,1.0,1.0
26,255,6.527896378338386,11.226914608185936,0.0,0.0,0.0,1.0,1.0,1.0
27,255,6.383106574886888,10.67249804491324,0.0,0.0,0.0,1.0,0.0,1.0
28,255,2.70316308332332,9.088236330892,0.0,0.0,0.0,0.0,0.0,0.0
29,255,11.372547159885602,10.189859126751006,1.0,0.0,0.0,0.0,0.0,0.0
30,255,5.03457160958944,1.4988095079377162,1.0,1.0,0.0,0.0,1.0,1.0
31,255,10.685787492314637,12.0,1.0,1.0,1.0,1.0,0.0,0.0
32,255,12.0,2.496878410388788,0.0,0.0,0.0,1.0,0.0,0.0
33,255,0.0,5.051874734332194,0.0,1.0,0.0,0.0,0.0,0.0
34,255,5.126735815681836,1.469611000282447,0.0,1.0,0.0,0.0,1.0,0.0
35,255,11.52518307922681,0.0,1.0,0.0,0.0,0.0,1.0,0.0
36,255,9.539290633419307,5.73876997226295,0.0,1.0,1.0,0.0,1.0,1.0
37,255,1.184738606522414,12.0,1.0,0.0,0.0,0.0,1.0,1.0
38,255,6.836940432315975,4.996998246160659,1.0,0.0,1.0,0.0,1.0,0.0
39,255,0.3613204107003478,11.18469556353233,0.0,1.0,1.0,1.0,1.0,1.0
0,260,0.0,0.9278929240275274,0.0,1.0,0.0,1.0,0.0,1.0
1,260,8.239385742177811,2.719581692091736,1.0,0.0,1.0,1.0,1.0,1.0
2,260,7.368648883469806,4.143659055112937,0.0,0.0,0.0,0.0,0.0,0.0
3,260,5.268410598888685,10.255748484824371,0.0,0.0,1.0,0.0,0.0,0.0
4,260,6.532127334649305,0.0,0.0,0.0,1.0,0.0,1.0,0.0
5,260,10.429166408970996,5.778700276188676,1.0,1.0,0.0,0.0,0.0,0.0
6,260,5.941292649765159,9.036320954200184,1.0,0.0,1.0,0.0,1.0,1.0
7,260,0.1764542819236372,0.6076214057338727,0.0,0.0,0.0,0.0,1.0,0.0
8,260,0.0,12.0,0.0,0.0,1.0,1.0,0.0,1.0
9,260,11.703647919730717,9.236223404061093,1.0,0.0,0.0,1.0,0.0,0.0
10,260,3.5950331043281483,2.140668237916415,0.0,1.0,1.0,0.0,0.0,0.0
11,260,5.526524657763519,4.183429916806033,0.0,0.0,0.0,0.0,1.0,1.0
12,260,7.946549752484174,6.662385936295032,0.0,0.0,0.0,0.0,0.0,0.0
13,260,6.157982451542947,6.066882172952993,0.0,1.0,0.0,1.0,1.0,0.0
14,260,4.500266973825655,4.89760120191954,1.0,0.0,0.0,1.0,0.0,0.0
15,260,3.157822766422928,11.999348795035695,0.0,0.0,0.0,0.0,1.0,0.0
16,260,9.149625443270557,1.4605707123229894,1.0,0.0,0.0,0.0,1.0,0.0
17,260,1.878101148802152,5.653592195213273,1.0,0.0,0.0,1.0,0.0,0.0
18,260,5.741996797727476,5.267512883636454,0.0,0.0,0.0,0.0,0.0,0.0
19,260,0.0,12.0,0.0,0.0,1.0,1.0,0.0,0.0
20,260,0.0,8.495823945289331,0.0,0.0,0.0,0.0,0.0,0.0
21,260,0.3131368822074363,11.07245892301384,0.0,0.0,0.0,0.0,1.0,1.0
22,260,0.0,7.544130027200221,0.0,0.0,0.0,0.0,0.0,0.0
23,260,6.7980580169677225,3.7710681137932296,0.0,1.0,1.0,1.0,0.0,1.0
24,260,0.0,0.0,1.0,1.0,1.0,1.0,0.0,0.0
25,260,6.973549236980297,7.492268675092194,0.0,1.0,0.0,0.0,1.0,1.0
26,260,6.44638694775252,11.30975365176291,0.0,0.0,0.0,1.0,1.0,1.0
27,260,6.366705084328082,10.7090748517649,0.0,0.0,0.0,1.0,0.0,1.0
28,260,2.710565823460498,9.107568097701712,0.0,0.0,0.0,0.0,0.0,0.0
29,260,11.36004296553024,10.225612525504204,1.0,0.0,0.0,0.0,0.0,0.0
30,260,5.0405791295057485,1.4927015656768452,1.0,1.0,0.0,0.0,1.0,1.0
31,260,10.856264550758606,12.0,1.0,1.0,1.0,1.0,0.0,0.0
32,260,12.0,2.4790317845200973,0.0,0.0,0.0,1.0,0.0,0.0
33,260,0.0,5.101208465434566,0.0,1.0,0.0,0.0,0.0,0.0
34,260,5.030923697206708,1.3750799291602869,0.0,1.0,0.0,0.0,1.0,0.0
35,260,11.627156538678332,0.0,1.0,0.0,0.0,0.0,1.0,0.0
36,260,9.504695236634666,5.732530912404743,0.0,1.0,1.0,0.0,1.0,1.0
37,260,1.175118149415885,12.0,1.0,0.0,0.0,0.0,1.0,1.0
38,260,6.893021042685962,5.14911904458086,1.0,0.0,1.0,0.0,1.0,0.0
39,260,0.2173346787012545,11.231671460658902,0.0,1.0,1.0,1.0,1.0,1.0
0,265,0.0,0.8701270207544111,0.0,1.0,0.0,1.0,0.0,1.0
1,265,8.375985271663488,2.713107660612289,1.0,0.0,1.0,1.0,1.0,1.0
2,265,7.218035113505508,4.102155153683805,0.0,0.0,0.0,0.0,0.0,0.0
3,265,5.283198509645596,10.244778189785883,0.0,0.0,1.0,0.0,0.0,0.0
4,265,6.58518296597617,0.0,0.0,0.0,1.0,0.0,1.0,0.0
5,265,10.449452293080965,5.714235572239287,1.0,1.0,0.0,0.0,0.0,0.0
6,265,5.927139026085962,9.045269517316846,1.0,0.0,1.0,0.0,1.0,1.0
7,265,0.1833142891388323,0.6043825175307481,0.0,0.0,0.0,0.0,1.0,0.0
8,265,0.0,12.0,0.0,0.0,1.0,1.0,0.0,1.0
9,265,11.674911065469038,9.273285250086538,1.0,0.0,0.0,1.0,0.0,0.0
10,265,3.559193738866673,2.170767553816693,0.0,1.0,1.0,0.0,0.0,0.0
11,265,5.712881795748445,4.255713834824471,0.0,0.0,0.0,0.0,1.0,1.0
12,265,7.891681245302454,6.688181143398113,0.0,0.0,0.0,0.0,0.0,0.0
13,265,6.169497761740376,6.052669589311591,0.0,1.0,0.0,1.0,1.0,0.0
14,265,4.573046690790746,4.932913250951458,1.0,0.0,0.0,1.0,0.0,0.0
15,265,3.0672443964200458,11.99952520101818,0.0,0.0,0.0,0.0,1.0,0.0
16,265,9.2061459401699,1.5008394965420635,1.0,0.0,0.0,0.0,1.0,0.0
17,265,1.9422667629982773,5.624815654170945,1.0,0.0,0.0,1.0,0.0,0.0
18,265,5.90181137921675,5.26271073199253,0.0,0.0,0.0,0.0,0.0,0.0
19,265,0.0,12.0,0.0,0.0,1.0,1.0,0.0,0.0
20,265,0.0,8.592874434292552,0.0,0.0,0.0,0.0,0.0,0.0
21,265,0.2889277567009705,11.158310921902643,0.0,0.0,0.0,0.0,1.0,1.0
22,265,0.0,7.628506020527529,0.0,0.0,0.0,0.0,0.0,0.0
23,265,6.671781208275901,3.6069872190426415,0.0,1.0,1.0,1.0,0.0,1.0
24,265,0.0,0.0,1.0,1.0,1.0,1.0,0.0,0.0
25,265,6.901919919103872,7.415419078623904,0.0,1.0,0.0,0.0,1.0,1.0
26,265,6.3809695910375295,11.376625759249622,0.0,0.0,0.0,1.0,1.0,1.0
27,265,6.345558946642862,10.75830380002811,0.0,0.0,0.0,1.0,0.0,1.0
28,265,2.7223350836069207,9.138531327982877,0.0,0.0,0.0,0.0,0.0,0.0
29,265,11.3506733331807,10.251647713581445,1.0,0.0,0.0,0.0,0.0,0.0
30,265,5.054276383822598,1.4795038086596344,1.0,1.0,0.0,0.0,1.0,1.0
31,265,11.02900943846678,12.0,1.0,1.0,1.0,1.0,0.0,0.0
32,265,12.0,2.459263890979308,0.0,0.0,0.0,1.0,0.0,0.0
33,265,0.0,5.14330192137436,0.0,1.0,0.0,0.0,0.0,0.0
34,265,4.93471303083826,1.2806883524863333,0.0,1.0,0.0,0.0,1.0,0.0
35,265,11.734480073068376,0.0,1.0,0.0,0.0,0.0,1.0,0.0
36,265,9.474440678379082,5.726894586749155,0.0,1.0,1.0,0.0,1.0,1.0
37,265,1.1714754334206434,12.0,1.0,0.0,0.0,0.0,1.0,1.0
38,265,6.72637773643576,5.208092520018092,1.0,0.0,1.0,0.0,1.0,0.0
39,265,0.0654719035941694,11.283762167899116,0.0,1.0,1.0,1.0,1.0,1.0
0,270,0.0,0.8314508580871638,0.0,1.0,0.0,1.0,0.0,1.0
1,270,8.51834519096267,2.70799872452169,1.0,0.0,1.0,1.0,1.0,1.0
2,270,7.044328008793668,4.055127846961966,0.0,0.0,0.0,0.0,0.0,0.0
3,270,5.301314191251916,10.231479163271176,0.0,0.0,1.0,0.0,0.0,0.0
4,270,6.647153762530233,0.0,0.0,0.0,1.0,0.0,1.0,0.0
5,270,10.472630461923316,5.647986208848431,1.0,1.0,0.0,0.0,0.0,0.0
6,270,5.909051873696981,9.057239374805642,1.0,0.0,1.0,0.0,1.0,1.0
7,270,0.2081074993662794,0.5924961791981547,0.0,0.0,0.0,0.0,1.0,0.0
8,270,0.0,12.0,0.0,0.0,1.0,1.0,0.0,1.0
9,270,11.64325290709238,9.312769206464823,1.0,0.0,0.0,1.0,0.0,0.0
10,270,3.517780227826784,2.2063968431503582,0.0,1.0,1.0,0.0,0.0,0.0
11,270,5.887698903290405,4.323044353838541,0.0,0.0,0.0,0.0,1.0,1.0
12,270,7.823481641246133,6.718550946786388,0.0,0.0,0.0,0.0,0.0,0.0
13,270,6.191501600734995,6.0246060538801895,0.0,1.0,0.0,1.0,1.0,0.0
14,270,4.646492927924372,4.969079689592046,1.0,0.0,0.0,1.0,0.0,0.0
15,270,2.983675212130508,12.0,0.0,0.0,0.0,0.0,1.0,0.0
16,270,9.24681620080812,1.5294437503074354,1.0,0.0,0.0,0.0,1.0,0.0
17,270,1.9897199122793436,5.603442363298137,1.0,0.0,0.0,1.0,0.0,0.0
18,270,6.0586064773475705,5.259377292876389,0.0,0.0,0.0,0.0,0.0,0.0
19,270,0.0,12.0,0.0,0.0,1.0,1.0,0.0,0.0
20,270,0.0,8.682150342621545,0.0,0.0,0.0,0.0,0.0,0.0
21,270,0.2606327284917504,11.2495337785517,0.0,0.0,0.0,0.0,1.0,1.0
22,270,0.0,7.719593641178175,0.0,0.0,0.0,0.0,0.0,0.0
23,270,6.539092951390865,3.428497534868886,0.0,1.0,1.0,1.0,0.0,1.0
24,270,0.0,0.0,1.0,1.0,1.0,1.0,0.0,0.0
25,270,6.835320646197476,7.342144736412639,0.0,1.0,0.0,0.0,1.0,1.0
26,270,6.314949736150365,11.44522983372443,0.0,0.0,0.0,1.0,1.0,1.0
27,270,6.326687115095822,10.802554837129978,0.0,0.0,0.0,1.0,0.0,1.0
28,270,2.739235161505942,9.181938105832485,0.0,0.0,0.0,0.0,0.0,0.0
29,270,11.333373516409766,10.295997256927537,1.0,0.0,0.0,0.0,0.0,0.0
30,270,5.059871353930006,1.4739595504333538,1.0,1.0,0.0,0.0,1.0,1.0
31,270,11.192270474548351,12.0,1.0,1.0,1.0,1.0,0.0,0.0
32,270,12.0,2.4441098938927968,0.0,0.0,0.0,1.0,0.0,0.0
33,270,0.0,5.174229424335394,0.0,1.0,0.0,0.0,0.0,0.0
34,270,4.841587852957227,1.188418334661061,0.0,1.0,0.0,0.0,1.0,0.0
35,270,11.845082323778731,0.0,1.0,0.0,0.0,0.0,1.0,0.0
36,270,9.475880629141887,5.727138101051852,0.0,1.0,1.0,0.0,1.0,1.0
37,270,1.1680329341426063,12.0,1.0,0.0,0.0,0.0,1.0,1.0
38,270,6.568561319992384,5.27274753688928,1.0,0.0,1.0,0.0,1.0,0.0
39,270,0.0,11.329537297780217,0.0,1.0,1.0,1.0,1.0,1.0
0,275,0.0,0.7833378603139631,0.0,1.0,0.0,1.0,0.0,1.0
1,275,8.628240307658357,2.7061017885377523,1.0,0.0,1.0,1.0,1.0,1.0
2,275,6.88215070581613,4.014844404850638,0.0,0.0,0.0,0.0,0.0,0.0
3,275,5.3250661467671225,10.213341116786951,0.0,0.0,1.0,0.0,0.0,0.0
4,275,6.702773522362958,0.0,0.0,0.0,1.0,0.0,1.0,0.0
5,275,10.48976924822666,5.59464062819562,1.0,1.0,0.0,0.0,0.0,0.0
6,275,5.885281258005091,9.07254602056579,1.0,0.0,1.0,0.0,1.0,1.0
7,275,0.2319328651429662,0.5811276171464251,0.0,0.0,0.0,0.0,1.0,0.0
8,275,0.0,12.0,0.0,0.0,1.0,1.0,0.0,1.0
9,275,11.60899099537731,9.355225829964173,1.0,0.0,0.0,1.0,0.0,0.0
10,275,3.458578196167492,2.257890459312411,0.0,1.0,1.0,0.0,0.0,0.0
11,275,6.071242418007111,4.400966481439959,0.0,0.0,0.0,0.0,1.0,1.0
12,275,7.749853195995588,6.752183932518399,0.0,0.0,0.0,0.0,0.0,0.0
13,275,6.230295921652862,5.976819816700822,0.0,1.0,0.0,1.0,1.0,0.0
14,275,4.714047541123941,5.001056485697751,1.0,0.0,0.0,1.0,0.0,0.0
15,275,2.9217257105078382,12.0,0.0,0.0,0.0,0.0,1.0,0.0
16,275,9.30077062185856,1.5671080491133749,1.0,0.0,0.0,0.0,1.0,0.0
17,275,2.0322935759388083,5.584483445840962,1.0,0.0,0.0,1.0,0.0,0.0
18,275,6.202235771863308,5.258502293691021,0.0,0.0,0.0,0.0,0.0,0.0
19,275,0.0,12.0,0.0,0.0,1.0,1.0,0.0,0.0
20,275,0.0,8.791091452434273,0.0,0.0,0.0,0.0,0.0,0.0
21,275,0.2377808859956277,11.325017223911638,0.0,0.0,0.0,0.0,1.0,1.0
22,275,0.0,7.813236050373417,0.0,0.0,0.0,0.0,0.0,0.0
23,275,6.395974572668001,3.249279606330303,0.0,1.0,1.0,1.0,0.0,1.0
24,275,0.0,0.0,1.0,1.0,1.0,1.0,0.0,0.0
25,275,6.760084554961097,7.261288915939374,0.0,1.0,0.0,0.0,1.0,1.0
26,275,6.245112814215364,11.520077235275984,0.0,0.0,0.0,1.0,1.0,1.0
27,275,6.298489567931092,10.868638423326026,0.0,0.0,0.0,1.0,0.0,1.0
28,275,2.7522106238856883,9.21493294437065,0.0,0.0,0.0,0.0,0.0,0.0
29,275,11.320052773493437,10.3310922561256,1.0,0.0,0.0,0.0,0.0,0.0
30,275,5.065061012154302,1.468801102042023,1.0,1.0,0.0,0.0,1.0,1.0
31,275,11.354448852366106,12.0,1.0,1.0,1.0,1.0,0.0,0.0
32,275,12.0,2.421477370264554,0.0,0.0,0.0,1.0,0.0,0.0
33,275,0.0,5.213708157084207,0.0,1.0,0.0,0.0,0.0,0.0
34,275,4.733797251373256,1.076774766095688,0.0,1.0,0.0,0.0,1.0,0.0
35,275,11.954813424701236,0.0,1.0,0.0,0.0,0.0,1.0,0.0
36,275,9.478040798557664,5.727508794948647,0.0,1.0,1.0,0.0,1.0,1.0
37,275,1.1623522678077096,12.0,1.0,0.0,0.0,0.0,1.0,1.0
38,275,6.416786772355674,5.336947470572461,1.0,0.0,1.0,0.0,1.0,0.0
39,275,0.0,11.378677364032775,0.0,1.0,1.0,1.0,1.0,1.0
0,280,0.0,0.7295396381361098,0.0,1.0,0.0,1.0,0.0,1.0
1,280,8.747579162151908,2.703094684229383,1.0,0.0,1.0,1.0,1.0,1.0
2,280,6.737172821647198,3.978342345858018,0.0,0.0,0.0,0.0,0.0,0.0
3,280,5.361481382096618,10.187537649757411,0.0,0.0,1.0,0.0,0.0,0.0
4,280,6.747799412468842,0.0,0.0,0.0,1.0,0.0,1.0,0.0
5,280,10.508349585753992,5.534527386236281,1.0,1.0,0.0,0.0,0.0,0.0
6,280,5.868745783988666,9.08277041132277,1.0,0.0,1.0,0.0,1.0,1.0
7,280,0.238505250749514,0.5782510372735836,0.0,0.0,0.0,0.0,1.0,0.0
8,280,0.0,12.0,0.0,0.0,1.0,1.0,0.0,1.0
9,280,11.58770748832501,9.379779664500989,1.0,0.0,0.0,1.0,0.0,0.0
10,280,3.406486836684473,2.305078902633241,0.0,1.0,1.0,0.0,0.0,0.0
11,280,6.2441694099795,4.479902055852798,0.0,0.0,0.0,0.0,1.0,1.0
12,280,7.677719967550264,6.782696489448841,0.0,0.0,0.0,0.0,0.0,0.0
13,280,6.271164997420032,5.927380455524983,0.0,1.0,0.0,1.0,1.0,0.0
14,280,4.784608044951415,5.034277178081863,1.0,0.0,0.0,1.0,0.0,0.0
15,280,2.8869404453117884,11.999856441430136,0.0,0.0,0.0,0.0,1.0,0.0
16,280,9.344457843847026,1.5972620593381233,1.0,0.0,0.0,0.0,1.0,0.0
17,280,2.0762826964588577,5.565658224054847,1.0,0.0,0.0,1.0,0.0,0.0
18,280,6.328673467026764,5.25790619925987,0.0,0.0,0.0,0.0,0.0,0.0
19,280,0.0,12.0,0.0,0.0,1.0,1.0,0.0,0.0
20,280,0.0,8.91119620001218,0.0,0.0,0.0,0.0,0.0,0.0
21,280,0.215550051467036,11.397918363107204,0.0,0.0,0.0,0.0,1.0,1.0
22,280,0.0,7.908742194417524,0.0,0.0,0.0,0.0,0.0,0.0
23,280,6.250524285140132,3.07544937226948,0.0,1.0,1.0,1.0,0.0,1.0
24,280,0.0,0.0,1.0,1.0,1.0,1.0,0.0,0.0
25,280,6.662017032157869,7.150303567491068,0.0,1.0,0.0,0.0,1.0,1.0
26,280,6.170848594164627,11.596327958513031,0.0,0.0,0.0,1.0,1.0,1.0
27,280,6.267708959547353,10.941346468594402,0.0,0.0,0.0,1.0,0.0,1.0
28,280,2.7604620096745447,9.236880280123357,0.0,0.0,0.0,0.0,0.0,0.0
29,280,11.307465008321977,10.36469667575968,1.0,0.0,0.0,0.0,0.0,0.0
30,280,5.068769108847832,1.4650285683606374,1.0,1.0,0.0,0.0,1.0,1.0
31,280,11.517936000407888,12.0,1.0,1.0,1.0,1.0,0.0,0.0
32,280,12.0,2.3947754911629704,0.0,0.0,0.0,1.0,0.0,0.0
33,280,0.0,5.248326307887282,0.0,1.0,0.0,0.0,0.0,0.0
34,280,4.63308555016324,0.9770427045329246,0.0,1.0,0.0,0.0,1.0,0.0
35,280,12.0,0.0,1.0,0.0,0.0,0.0,1.0,0.0
36,280,9.494680023296114,5.730407325747044,0.0,1.0,1.0,0.0,1.0,1.0
37,280,1.154407367367874,12.0,1.0,0.0,0.0,0.0,1.0,1.0
38,280,6.2456060648530185,5.408360670612823,1.0,0.0,1.0,0.0,1.0,0.0
39,280,0.0,11.427145854873956,0.0,1.0,1.0,1.0,1.0,1.0
0,285,0.0,0.6637407328291337,0.0,1.0,0.0,1.0,0.0,1.0
1,285,8.864794197569339,2.694406345585488,1.0,0.0,1.0,1.0,1.0,1.0
2,285,6.594986816913766,3.941563048335945,0.0,0.0,0.0,0.0,0.0,0.0
3,285,5.38297552553851,10.171982895644469,0.0,0.0,1.0,0.0,0.0,0.0
4,285,6.797410224602988,0.0,0.0,0.0,1.0,0.0,1.0,0.0
5,285,10.53039858946292,5.464378613527269,1.0,1.0,0.0,0.0,0.0,0.0
6,285,5.848957577763014,9.095354154162782,1.0,0.0,1.0,0.0,1.0,1.0
7,285,0.2477121312620681,0.5739601844222324,0.0,0.0,0.0,0.0,1.0,0.0
8,285,0.0,12.0,0.0,0.0,1.0,1.0,0.0,1.0
9,285,11.564039023247853,9.407962124604284,1.0,0.0,0.0,1.0,0.0,0.0
10,285,3.343695097468703,2.359373010357225,0.0,1.0,1.0,0.0,0.0,0.0
11,285,6.409282249385242,4.564780152803,0.0,0.0,0.0,0.0,1.0,1.0
12,285,7.618941809665893,6.807688224457043,0.0,0.0,0.0,0.0,0.0,0.0
13,285,6.213330314515106,5.9993863908190015,0.0,1.0,0.0,1.0,1.0,0.0
14,285,4.856961676337058,5.068459746945078,1.0,0.0,0.0,1.0,0.0,0.0
15,285,2.8709952170226174,11.999827993707395,0.0,0.0,0.0,0.0,1.0,0.0
16,285,9.383880154535303,1.6238109446653517,1.0,0.0,0.0,0.0,1.0,0.0
17,285,2.118514106249077,5.547941685864328,1.0,0.0,0.0,1.0,0.0,0.0
18,285,6.465111307590009,5.251721023049112,0.0,0.0,0.0,0.0,0.0,0.0
19,285,0.0,12.0,0.0,0.0,1.0,1.0,0.0,0.0
20,285,0.0,9.04652008923513,0.0,0.0,0.0,0.0,0.0,0.0
21,285,0.188651139402931,11.484620327830983,0.0,0.0,0.0,0.0,1.0,1.0
22,285,0.0,8.003120809841954,0.0,0.0,0.0,0.0,0.0,0.0
23,285,6.102565228241988,2.902112853240338,0.0,1.0,1.0,1.0,0.0,1.0
24,285,0.0,0.0,1.0,1.0,1.0,1.0,0.0,0.0
25,285,6.555808942374732,7.242180621276066,0.0,1.0,0.0,0.0,1.0,1.0
26,285,6.103456813243628,11.66756364459701,0.0,0.0,0.0,1.0,1.0,1.0
27,285,6.237064847489598,11.0169417431781,0.0,0.0,0.0,1.0,0.0,1.0
28,285,2.7682058503561646,9.2573805806623,0.0,0.0,0.0,0.0,0.0,0.0
29,285,11.291977619222378,10.40512521538169,1.0,0.0,0.0,0.0,0.0,0.0
30,285,5.065994950770913,1.4676812715762313,1.0,1.0,0.0,0.0,1.0,1.0
31,285,11.665078783141665,12.0,1.0,1.0,1.0,1.0,0.0,0.0
32,285,12.0,2.3682569952814645,0.0,0.0,0.0,1.0,0.0,0.0
33,285,0.0,5.307079020002252,0.0,1.0,0.0,0.0,0.0,0.0
34,285,4.539456519681358,0.8868180209403841,0.0,1.0,0.0,0.0,1.0,0.0
35,285,12.0,0.0,1.0,0.0,0.0,0.0,1.0,0.0
36,285,9.530277539387756,5.736424983158598,0.0,1.0,1.0,0.0,1.0,1.0
37,285,1.148478927524064,12.0,1.0,0.0,0.0,0.0,1.0,1.0
38,285,6.083073692339026,5.477376140183877,1.0,0.0,1.0,0.0,1.0,0.0
39,285,0.0,11.483504683095136,0.0,1.0,1.0,1.0,1.0,1.0
0,290,0.0,0.5935691232639828,0.0,1.0,0.0,1.0,0.0,1.0
1,290,8.988959433769871,2.683191272719639,1.0,0.0,1.0,1.0,1.0,1.0
2,290,6.442125560851959,3.901750353480901,0.0,0.0,0.0,0.0,0.0,0.0
3,290,5.398942745598432,10.159644142751294,0.0,0.0,1.0,0.0,0.0,0.0
4,290,6.819565241096865,0.0,0.0,0.0,1.0,0.0,1.0,0.0
5,290,10.548582757172229,5.405712488848092,1.0,1.0,0.0,0.0,0.0,0.0
6,290,5.816040091660874,9.114393033398215,1.0,0.0,1.0,0.0,1.0,1.0
7,290,0.254461917847455,0.5708495547798546,0.0,0.0,0.0,0.0,1.0,0.0
8,290,0.0,12.0,0.0,0.0,1.0,1.0,0.0,1.0
9,290,11.532076563215156,9.44609787103007,1.0,0.0,0.0,1.0,0.0,0.0
10,290,3.290726181649639,2.403450893028632,0.0,1.0,1.0,0.0,0.0,0.0
11,290,6.574705979761021,4.6438885090369295,0.0,0.0,0.0,0.0,1.0,1.0
12,290,7.551930002821706,6.834321567610443,0.0,0.0,0.0,0.0,0.0,0.0
13,290,6.168861933818153,6.056416851867768,0.0,1.0,0.0,1.0,1.0,0.0
14,290,4.911342601613932,5.095541622616065,1.0,0.0,0.0,1.0,0.0,0.0
15,290,2.839149299365436,11.99927163921668,0.0,0.0,0.0,0.0,1.0,0.0
16,290,9.431537961113262,1.65544797751312,1.0,0.0,0.0,0.0,1.0,0.0
17,290,2.1571259140209795,5.531641205001949,1.0,0.0,0.0,1.0,0.0,0.0
18,290,6.612743656401609,5.243869859635201,0.0,0.0,0.0,0.0,0.0,0.0
19,290,0.0,12.0,0.0,0.0,1.0,1.0,0.0,0.0
20,290,0.0,9.181344366181598,0.0,0.0,0.0,0.0,0.0,0.0
21,290,0.1592554588596715,11.58432077448177,0.0,0.0,0.0,0.0,1.0,1.0
22,290,0.0,8.091891279109333,0.0,0.0,0.0,0.0,0.0,0.0
23,290,5.958565575125015,2.7273562024548625,0.0,1.0,1.0,1.0,0.0,1.0
24,290,0.0,0.0,1.0,1.0,1.0,1.0,0.0,0.0
25,290,6.437386393765646,7.346991938627893,0.0,1.0,0.0,0.0,1.0,1.0
26,290,6.0456463253374695,11.730590633620642,0.0,0.0,0.0,1.0,1.0,1.0
27,290,6.201228600287672,11.111023903034416,0.0,0.0,0.0,1.0,0.0,1.0
28,290,2.774474651264933,9.274317771853896,0.0,0.0,0.0,0.0,0.0,0.0
29,290,11.27033074899276,10.462267434054748,1.0,0.0,0.0,0.0,0.0,0.0
30,290,5.055044296874361,1.4783689908888482,1.0,1.0,0.0,0.0,1.0,1.0
31,290,11.79850204981394,12.0,1.0,1.0,1.0,1.0,0.0,0.0
32,290,12.0,2.344482801433156,0.0,0.0,0.0,1.0,0.0,0.0
33,290,0.0,5.360159959060046,0.0,1.0,0.0,0.0,0.0,0.0
34,290,4.468512710440312,0.8160334119938909,0.0,1.0,0.0,0.0,1.0,0.0
35,290,12.0,0.0,1.0,0.0,0.0,0.0,1.0,0.0
36,290,9.543277627304182,5.738407275699411,0.0,1.0,1.0,0.0,1.0,1.0
37,290,1.1417223685085318,12.0,1.0,0.0,0.0,0.0,1.0,1.0
38,290,5.918939750659529,5.548280826565274,1.0,0.0,1.0,0.0,1.0,0.0
39,290,0.0,11.556661646000396,0.0,1.0,1.0,1.0,1.0,1.0
0,295,0.0,0.5166374228391879,0.0,1.0,0.0,1.0,0.0,1.0
1,295,9.099896751846304,2.6693477119254534,1.0,0.0,1.0,1.0,1.0,1.0
2,295,6.267886471335289,3.8578631532845487,0.0,0.0,0.0,0.0,0.0,0.0
3,295,5.412855400052424,10.149299160331768,0.0,0.0,1.0,0.0,0.0,0.0
4,295,6.841482377469725,0.0,0.0,0.0,1.0,0.0,1.0,0.0
5,295,10.57059943102002,5.330088065728667,1.0,1.0,0.0,0.0,0.0,0.0
6,295,5.77718130800107,9.137742890821643,1.0,0.0,1.0,0.0,1.0,1.0
7,295,0.2822350990148465,0.5575837178882591,0.0,0.0,0.0,0.0,1.0,0.0
8,295,0.0,12.0,0.0,0.0,1.0,1.0,0.0,1.0
9,295,11.498342614621054,9.488985486208325,1.0,0.0,0.0,1.0,0.0,0.0
10,295,3.24879544237728,2.440373714952884,0.0,1.0,1.0,0.0,0.0,0.0
11,295,6.719945512746767,4.712565187468938,0.0,0.0,0.0,0.0,1.0,1.0
12,295,7.48546106520331,6.860549123550827,0.0,0.0,0.0,0.0,0.0,0.0
13,295,6.13194413380899,6.102174108629885,0.0,1.0,0.0,1.0,1.0,0.0
14,295,4.956603356775826,5.117681052191703,1.0,0.0,0.0,1.0,0.0,0.0
15,295,2.8197837895155184,11.999160515808322,0.0,0.0,0.0,0.0,1.0,0.0
16,295,9.4799412628759,1.6861680039567062,1.0,0.0,0.0,0.0,1.0,0.0
17,295,2.198371877470548,5.513822133367023,1.0,0.0,0.0,1.0,0.0,0.0
18,295,6.744198313600143,5.237462479515694,0.0,0.0,0.0,0.0,0.0,0.0
19,295,0.0,12.0,0.0,0.0,1.0,1.0,0.0,0.0
20,295,0.0,9.14729803457733,0.0,0.0,0.0,0.0,0.0,0.0
21,295,0.1319260821934333,11.686333426072643,0.0,0.0,0.0,0.0,1.0,1.0
22,295,0.0,8.177539379940711,0.0,0.0,0.0,0.0,0.0,0.0
23,295,5.817063243857326,2.553669465194787,0.0,1.0,1.0,1.0,0.0,1.0
24,295,0.0,0.0,1.0,1.0,1.0,1.0,0.0,0.0
25,295,6.319782912449601,7.449225719731747,0.0,1.0,0.0,0.0,1.0,1.0
26,295,5.972206386476352,11.811862059879376,0.0,0.0,0.0,1.0,1.0,1.0
27,295,6.154236907772937,11.22451744574725,0.0,0.0,0.0,1.0,0.0,1.0
28,295,2.784846507044248,9.303222233710883,0.0,0.0,0.0,0.0,0.0,0.0
29,295,11.249643949952237,10.515395014666051,1.0,0.0,0.0,0.0,0.0,0.0
30,295,5.044532520786589,1.4889348412611645,1.0,1.0,0.0,0.0,1.0,1.0
31,295,11.9223204384989,12.0,1.0,1.0,1.0,1.0,0.0,0.0
32,295,12.0,2.3204059139918995,0.0,0.0,0.0,1.0,0.0,0.0
33,295,0.0,5.419682638700337,0.0,1.0,0.0,0.0,0.0,0.0
34,295,4.394940131285771,0.7428733541491489,0.0,1.0,0.0,0.0,1.0,0.0
35,295,12.0,0.0,1.0,0.0,0.0,0.0,1.0,0.0
36,295,9.560055761596129,5.74106187714763,0.0,1.0,1.0,0.0,1.0,1.0
37,295,1.1341737917797792,12.0,1.0,0.0,0.0,0.0,1.0,1.0
38,295,5.753944626724921,5.616154342958999,1.0,0.0,1.0,0.0,1.0,0.0
39,295,0.0,11.633606660983588,0.0,1.0,1.0,1.0,1.0,1.0
