0,0,7.944238551097633,1.0076409447777424,0.0,1.0,0.0,1.0,0.0,1.0
1,0,11.027491968583549,6.0443286840056745,1.0,0.0,1.0,1.0,1.0,1.0
2,0,2.032374721088346,1.0028436624390982,0.0,0.0,0.0,0.0,0.0,0.0
3,0,9.024865178573204,2.9513090171543848,0.0,0.0,1.0,0.0,0.0,0.0
4,0,1.0455856729292334,5.984460573992745,0.0,0.0,1.0,0.0,1.0,0.0
5,0,5.0375455395757385,0.9591173424490412,1.0,1.0,0.0,0.0,0.0,0.0
6,0,1.031723535820269,6.034609659825189,1.0,0.0,1.0,0.0,1.0,1.0
7,0,0.9410195764062992,9.019764413205625,0.0,0.0,0.0,0.0,1.0,0.0
8,0,5.025308257619314,5.045210969081952,0.0,0.0,1.0,1.0,0.0,1.0
9,0,11.97717578270304,2.9206493675983243,1.0,0.0,0.0,1.0,0.0,0.0
10,0,5.01634001248256,1.9513709715044985,0.0,1.0,1.0,0.0,0.0,0.0
11,0,10.96906918827032,9.072787110662423,0.0,0.0,0.0,0.0,1.0,1.0
12,0,3.067892429700895,1.0176643205783122,0.0,0.0,0.0,0.0,0.0,0.0
13,0,9.00737656401376,8.035860500312685,0.0,1.0,0.0,1.0,1.0,0.0
14,0,12.0,0.0,1.0,0.0,0.0,1.0,0.0,0.0
15,0,9.0523308167194,8.95504382488285,0.0,0.0,0.0,0.0,1.0,0.0
16,0,6.07484881670996,6.9702277765236325,1.0,0.0,0.0,0.0,1.0,0.0
17,0,3.037117062951544,11.974346243566416,1.0,0.0,0.0,1.0,0.0,0.0
18,0,7.921982888660518,3.977434611077395,0.0,0.0,0.0,0.0,0.0,0.0
19,0,0.0207466377368094,7.035062073750453,0.0,0.0,1.0,1.0,0.0,0.0
20,0,12.0,5.055755452861601,0.0,0.0,0.0,0.0,0.0,0.0
21,0,8.045033910923111,5.96371888414611,0.0,0.0,0.0,0.0,1.0,1.0
22,0,6.995742534021155,3.963773040141142,0.0,0.0,0.0,0.0,0.0,0.0
23,0,4.05366502430596,12.0,0.0,1.0,1.0,1.0,0.0,1.0
24,0,12.0,2.061788768297188,1.0,1.0,1.0,1.0,0.0,0.0
25,0,12.0,7.039416229179271,0.0,1.0,0.0,0.0,1.0,1.0
26,0,2.014909666520031,0.0478158921011718,0.0,0.0,0.0,1.0,1.0,1.0
27,0,11.04941900731549,5.986649391459549,0.0,0.0,0.0,1.0,0.0,1.0
28,0,0.943660199096452,7.973070341246314,0.0,0.0,0.0,0.0,0.0,0.0
29,0,11.983499776767513,3.93602122838032,1.0,0.0,0.0,0.0,0.0,0.0
30,0,11.042730406932556,9.022867513605178,1.0,1.0,0.0,0.0,1.0,1.0
31,0,6.934685425474823,2.993874440672597,1.0,1.0,1.0,1.0,0.0,0.0
32,0,3.0243566748364925,11.952241602724689,0.0,0.0,0.0,1.0,0.0,0.0
33,0,8.0550894140409,9.97918829361997,0.0,1.0,0.0,0.0,0.0,0.0
34,0,9.031552574853764,11.965372383980126,0.0,1.0,0.0,0.0,1.0,0.0
35,0,3.95341581552037,11.966856185818392,1.0,0.0,0.0,0.0,1.0,0.0
36,0,0.010690767204317,5.04861271483935,0.0,1.0,1.0,0.0,1.0,1.0
37,0,11.043682955311793,2.0537920757113586,1.0,0.0,0.0,0.0,1.0,1.0
38,0,0.9755660848756856,2.0294170620532728,1.0,0.0,1.0,0.0,1.0,0.0
39,0,0.0440875803616479,1.974755044366281,0.0,1.0,1.0,1.0,1.0,1.0
0,5,7.888572412312792,1.0145627717021797,0.0,1.0,0.0,1.0,0.0,1.0
1,5,11.046161482233924,6.07440667256037,1.0,0.0,1.0,1.0,1.0,1.0
2,5,2.067425259065194,1.0060952159236016,0.0,0.0,0.0,0.0,0.0,0.0
3,5,9.051073614962458,2.899870352394904,0.0,0.0,1.0,0.0,0.0,0.0
4,5,1.0586565863411748,5.980166896885029,0.0,0.0,1.0,0.0,1.0,0.0
5,5,5.076615280636785,0.9170722060925568,1.0,1.0,0.0,0.0,0.0,0.0
6,5,1.046607533081104,6.050610605395553,1.0,0.0,1.0,0.0,1.0,1.0
7,5,0.8763118777778411,9.039434629220064,0.0,0.0,0.0,0.0,1.0,0.0
8,5,5.044659305332731,5.0778067624063885,0.0,0.0,1.0,1.0,0.0,1.0
9,5,11.960424816598785,2.8586184092240687,1.0,0.0,0.0,1.0,0.0,0.0
10,5,5.039026960999116,1.884669634264396,0.0,1.0,1.0,0.0,0.0,0.0
11,5,10.940544518928249,9.148750794435612,0.0,0.0,0.0,0.0,1.0,1.0
12,5,3.113443592593589,1.0302815620558,0.0,0.0,0.0,0.0,0.0,0.0
13,5,9.017870892717893,8.085070517766484,0.0,1.0,0.0,1.0,1.0,0.0
14,5,12.0,0.0,1.0,0.0,0.0,1.0,0.0,0.0
15,5,9.113488830824512,8.90236161000005,0.0,0.0,0.0,0.0,1.0,0.0
16,5,6.146806207935548,6.938351755449419,1.0,0.0,0.0,0.0,1.0,0.0
17,5,3.091102382122043,11.936347373924724,1.0,0.0,0.0,1.0,0.0,0.0
18,5,7.8441348333026735,3.954213260129154,0.0,0.0,0.0,0.0,0.0,0.0
19,5,0.0336043224555269,7.058233276909735,0.0,0.0,1.0,1.0,0.0,0.0
20,5,12.0,5.085003239501476,0.0,0.0,0.0,0.0,0.0,0.0
21,5,8.086766223389043,5.929430914037061,0.0,0.0,0.0,0.0,1.0,1.0
22,5,6.992313767431455,3.933462798110528,0.0,0.0,0.0,0.0,0.0,0.0
23,5,4.129826638724537,12.0,0.0,1.0,1.0,1.0,0.0,1.0
24,5,12.0,2.1249140565920843,1.0,1.0,1.0,1.0,0.0,0.0
25,5,12.0,7.091821807910447,0.0,1.0,0.0,0.0,1.0,1.0
26,5,2.030837845520145,0.0948204872649778,0.0,0.0,0.0,1.0,1.0,1.0
27,5,11.094451273744154,5.975466056545333,0.0,0.0,0.0,1.0,0.0,1.0
28,5,0.8779571836084819,7.942620505370862,0.0,0.0,0.0,0.0,0.0,0.0
29,5,11.968111647742033,3.8767813288547535,1.0,0.0,0.0,0.0,0.0,0.0
30,5,11.081780724873685,9.043335243973054,1.0,1.0,0.0,0.0,1.0,1.0
31,5,6.854885828886832,2.984323206326735,1.0,1.0,1.0,1.0,0.0,0.0
32,5,3.038969117464029,11.924679508733089,0.0,0.0,0.0,1.0,0.0,0.0
33,5,8.110738130104725,9.95662383422827,0.0,1.0,0.0,0.0,0.0,0.0
34,5,9.066101228961166,11.92669112441634,0.0,1.0,0.0,0.0,1.0,0.0
35,5,3.9172872408311576,11.9410913544706,1.0,0.0,0.0,0.0,1.0,0.0
36,5,0.0197636785880047,5.088916932690933,0.0,1.0,1.0,0.0,1.0,1.0
37,5,11.085921453189188,2.104626956109815,1.0,0.0,0.0,0.0,1.0,1.0
38,5,0.9576742837301369,2.0517344212720405,1.0,0.0,1.0,0.0,1.0,0.0
39,5,0.0809423572392529,1.9541584037843112,0.0,1.0,1.0,1.0,1.0,1.0
0,10,7.833382814097409,1.022349135883467,0.0,1.0,0.0,1.0,0.0,1.0
1,10,11.062712125799775,6.103772781626068,1.0,0.0,1.0,1.0,1.0,1.0
2,10,2.09598640516725,1.0087849938643183,0.0,0.0,0.0,0.0,0.0,0.0
3,10,9.076203052534476,2.8448466514637705,0.0,0.0,1.0,0.0,0.0,0.0
4,10,1.063944772695254,5.978393138727074,0.0,0.0,1.0,0.0,1.0,0.0
5,10,5.112888320269634,0.8776537715639374,1.0,1.0,0.0,0.0,0.0,0.0
6,10,1.0639043709509726,6.069675076799623,1.0,0.0,1.0,0.0,1.0,1.0
7,10,0.8264554220067735,9.05485775447158,0.0,0.0,0.0,0.0,1.0,0.0
8,10,5.070511406262692,5.120338692004371,0.0,0.0,1.0,1.0,0.0,1.0
9,10,11.949050098999734,2.818195631709759,1.0,0.0,0.0,1.0,0.0,0.0
10,10,5.062648663379894,1.8138579739967733,0.0,1.0,1.0,0.0,0.0,0.0
11,10,10.919926953519782,9.208169850887224,0.0,0.0,0.0,0.0,1.0,1.0
12,10,3.173027058547861,1.0457148880280174,0.0,0.0,0.0,0.0,0.0,0.0
13,10,9.022677484098924,8.108495617390261,0.0,1.0,0.0,1.0,1.0,0.0
14,10,12.0,0.0,1.0,0.0,0.0,1.0,0.0,0.0
15,10,9.168630570335043,8.855569444412836,0.0,0.0,0.0,0.0,1.0,0.0
16,10,6.214423870815754,6.910548059581087,1.0,0.0,0.0,0.0,1.0,0.0
17,10,3.143184293676838,11.901360318244722,1.0,0.0,0.0,1.0,0.0,0.0
18,10,7.780804459817785,3.93669964083614,0.0,0.0,0.0,0.0,0.0,0.0
19,10,0.0569864631643096,7.0992771065945375,0.0,0.0,1.0,1.0,0.0,0.0
20,10,12.0,5.112347413802165,0.0,0.0,0.0,0.0,0.0,0.0
21,10,8.133904126359603,5.890236921536033,0.0,0.0,0.0,0.0,1.0,1.0
22,10,6.991365416180631,3.9252469348992176,0.0,0.0,0.0,0.0,0.0,0.0
23,10,4.201548835765693,12.0,0.0,1.0,1.0,1.0,0.0,1.0
24,10,12.0,2.1795510674636067,1.0,1.0,1.0,1.0,0.0,0.0
25,10,12.0,7.150619333857188,0.0,1.0,0.0,0.0,1.0,1.0
26,10,2.053367151828573,0.1576530088056635,0.0,0.0,0.0,1.0,1.0,1.0
27,10,11.135978024316024,5.965530600812259,0.0,0.0,0.0,1.0,0.0,1.0
28,10,0.7949777474513853,7.901936898461035,0.0,0.0,0.0,0.0,0.0,0.0
29,10,11.9517000736428,3.808120028496055,1.0,0.0,0.0,0.0,0.0,0.0
30,10,11.111116836003164,9.058519185818897,1.0,1.0,0.0,0.0,1.0,1.0
31,10,6.780770220131032,2.9753133940045204,1.0,1.0,1.0,1.0,0.0,0.0
32,10,3.055531368617121,11.896766388541876,0.0,0.0,0.0,1.0,0.0,0.0
33,10,8.167494045275518,9.932746908419375,0.0,1.0,0.0,0.0,0.0,0.0
34,10,9.089261775606856,11.900127124476176,0.0,1.0,0.0,0.0,1.0,0.0
35,10,3.8803581362405297,11.915955301712176,1.0,0.0,0.0,0.0,1.0,0.0
36,10,0.0331146839525473,5.148441184124971,0.0,1.0,1.0,0.0,1.0,1.0
37,10,11.138863315510934,2.16749662635259,1.0,0.0,0.0,0.0,1.0,1.0
38,10,0.939327852987194,2.075347247254551,1.0,0.0,1.0,0.0,1.0,0.0
39,10,0.1128766050604577,1.9355351854447196,0.0,1.0,1.0,1.0,1.0,1.0
0,15,7.755571796510584,1.0332957383927,0.0,1.0,0.0,1.0,0.0,1.0
1,15,11.104833238317015,6.082446949955312,1.0,0.0,1.0,1.0,1.0,1.0
2,15,2.1083694345815456,1.0096577987415647,0.0,0.0,0.0,0.0,0.0,0.0
3,15,9.100011835730482,2.7897410875233186,0.0,0.0,1.0,0.0,0.0,0.0
4,15,1.0599207419436676,5.979816674757316,0.0,0.0,1.0,0.0,1.0,0.0
5,15,5.155629413603935,0.8299793741876312,1.0,1.0,0.0,0.0,0.0,0.0
6,15,1.071469165821497,6.077721629097659,1.0,0.0,1.0,0.0,1.0,1.0
7,15,0.7557778998810015,9.07771589563208,0.0,0.0,0.0,0.0,1.0,0.0
8,15,5.084638291147762,5.143287839135909,0.0,0.0,1.0,1.0,0.0,1.0
9,15,11.939857111481388,2.7854173982044803,1.0,0.0,0.0,1.0,0.0,0.0
10,15,5.085208730954202,1.7439236530644842,0.0,1.0,1.0,0.0,0.0,0.0
11,15,10.899055264264028,9.266674024301237,0.0,0.0,0.0,0.0,1.0,1.0
12,15,3.2501795577253243,1.067420355956746,0.0,0.0,0.0,0.0,0.0,0.0
13,15,9.022137628996967,8.105610121920686,0.0,1.0,0.0,1.0,1.0,0.0
14,15,12.0,0.0,1.0,0.0,0.0,1.0,0.0,0.0
15,15,9.22928829751324,8.805289152028074,0.0,0.0,0.0,0.0,1.0,0.0
16,15,6.286518546317681,6.883132475042592,1.0,0.0,0.0,0.0,1.0,0.0
17,15,3.18733365357586,11.872649099243883,1.0,0.0,0.0,1.0,0.0,0.0
18,15,7.749876172352173,3.928190603928969,0.0,0.0,0.0,0.0,0.0,0.0
19,15,0.0733032937855922,7.130644234693124,0.0,0.0,1.0,1.0,0.0,0.0
20,15,12.0,5.144070582949621,0.0,0.0,0.0,0.0,0.0,0.0
21,15,8.197184970375464,5.837163173410929,0.0,0.0,0.0,0.0,1.0,1.0
22,15,6.989537271957389,3.9097872845817823,0.0,0.0,0.0,0.0,0.0,0.0
23,15,4.277052633158961,12.0,0.0,1.0,1.0,1.0,0.0,1.0
24,15,12.0,2.22591212360737,1.0,1.0,1.0,1.0,0.0,0.0
25,15,12.0,7.202064092697198,0.0,1.0,0.0,0.0,1.0,1.0
26,15,2.068733093113119,0.1992979915724291,0.0,0.0,0.0,1.0,1.0,1.0
27,15,11.155834301737698,5.960716535965897,0.0,0.0,0.0,1.0,0.0,1.0
28,15,0.7127106750045905,7.862427525868382,0.0,0.0,0.0,0.0,0.0,0.0
29,15,11.92695121320184,3.705905095659307,1.0,0.0,0.0,0.0,0.0,0.0
30,15,11.138055440210683,9.073226814017053,1.0,1.0,0.0,0.0,1.0,1.0
31,15,6.737565941095532,2.970538312036022,1.0,1.0,1.0,1.0,0.0,0.0
32,15,3.062898762942796,11.884670784585389,0.0,0.0,0.0,1.0,0.0,0.0
33,15,8.227833297137888,9.905603721395096,0.0,1.0,0.0,0.0,0.0,0.0
34,15,9.108275885125874,11.878095828191688,0.0,1.0,0.0,0.0,1.0,0.0
35,15,3.849281868130229,11.895013470020904,1.0,0.0,0.0,0.0,1.0,0.0
36,15,0.0422718816973543,5.1899125142025575,0.0,1.0,1.0,0.0,1.0,1.0
37,15,11.203869224007212,2.2415068036647177,1.0,0.0,0.0,0.0,1.0,1.0
38,15,0.9266299513605628,2.092086646015773,1.0,0.0,1.0,0.0,1.0,0.0
39,15,0.1531576178179597,1.9118586901493484,0.0,1.0,1.0,1.0,1.0,1.0
0,20,7.689214824659645,1.0456509856215532,0.0,1.0,0.0,1.0,0.0,1.0
1,20,11.136141070545309,6.066462100984724,1.0,0.0,1.0,1.0,1.0,1.0
2,20,2.1107282622795323,1.0098855366686774,0.0,0.0,0.0,0.0,0.0,0.0
3,20,9.1228555424435,2.739170400892014,0.0,0.0,1.0,0.0,0.0,0.0
4,20,1.0623054685848727,5.978998020141666,0.0,0.0,1.0,0.0,1.0,0.0
5,20,5.202578506972178,0.779408266858759,1.0,1.0,0.0,0.0,0.0,0.0
6,20,1.0764370512089971,6.0830148498417165,1.0,0.0,1.0,0.0,1.0,1.0
7,20,0.6941559068803518,9.098571415629024,0.0,0.0,0.0,0.0,1.0,0.0
8,20,5.097343329348278,5.163762056878488,0.0,0.0,1.0,1.0,0.0,1.0
9,20,11.932577898059469,2.7604901044290937,1.0,0.0,0.0,1.0,0.0,0.0
10,20,5.111421078434029,1.6612804994951325,0.0,1.0,1.0,0.0,0.0,0.0
11,20,10.870975154925338,9.348004479833902,0.0,0.0,0.0,0.0,1.0,1.0
12,20,3.328699988219718,1.0894961941110473,0.0,0.0,0.0,0.0,0.0,0.0
13,20,9.025556689876668,8.12158190704356,0.0,1.0,0.0,1.0,1.0,0.0
14,20,12.0,0.0,1.0,0.0,0.0,1.0,0.0,0.0
15,20,9.30463735616375,8.743721419818721,0.0,0.0,0.0,0.0,1.0,0.0
16,20,6.356133804193656,6.858061574179386,1.0,0.0,0.0,0.0,1.0,0.0
17,20,3.254547607063766,11.829078792834666,1.0,0.0,0.0,1.0,0.0,0.0
18,20,7.735679163849482,3.924091193552616,0.0,0.0,0.0,0.0,0.0,0.0
19,20,0.099541152152549,7.180879189943658,0.0,0.0,1.0,1.0,0.0,0.0
20,20,12.0,5.1724752468347965,0.0,0.0,0.0,0.0,0.0,0.0
21,20,8.260209803004951,5.785174764401472,0.0,0.0,0.0,0.0,1.0,1.0
22,20,6.9884085606702016,3.9002460478751866,0.0,0.0,0.0,0.0,0.0,0.0
23,20,4.350624033592949,12.0,0.0,1.0,1.0,1.0,0.0,1.0
24,20,12.0,2.2692625404452085,1.0,1.0,1.0,1.0,0.0,0.0
25,20,12.0,7.252743165817007,0.0,1.0,0.0,0.0,1.0,1.0
26,20,2.093813248682872,0.2607723574254584,0.0,0.0,0.0,1.0,1.0,1.0
27,20,11.181473269749612,5.955074751775516,0.0,0.0,0.0,1.0,0.0,1.0
28,20,0.6157342949967328,7.816162904261275,0.0,0.0,0.0,0.0,0.0,0.0
29,20,11.901860941968522,3.60973661187082,1.0,0.0,0.0,0.0,0.0,0.0
30,20,11.161318499313566,9.086197362215316,1.0,1.0,0.0,0.0,1.0,1.0
31,20,6.68565873876581,2.964141940833437,1.0,1.0,1.0,1.0,0.0,0.0
32,20,3.069600320082741,11.873874637595474,0.0,0.0,0.0,1.0,0.0,0.0
33,20,8.285607526759986,9.879768461224971,0.0,1.0,0.0,0.0,0.0,0.0
34,20,9.13411621455141,11.849076144619058,0.0,1.0,0.0,0.0,1.0,0.0
35,20,3.8312301092622727,11.882028668506436,1.0,0.0,0.0,0.0,1.0,0.0
36,20,0.0499633944086006,5.220361634275942,0.0,1.0,1.0,0.0,1.0,1.0
37,20,11.2613547588259,2.3050098653147604,1.0,0.0,0.0,0.0,1.0,1.0
38,20,0.9115550940411802,2.112334609899189,1.0,0.0,1.0,0.0,1.0,0.0
39,20,0.1968717997114871,1.887074793464784,0.0,1.0,1.0,1.0,1.0,1.0
0,25,7.622604988520307,1.057367184882813,0.0,1.0,0.0,1.0,0.0,1.0
1,25,11.176372893201304,6.044608774995273,1.0,0.0,1.0,1.0,1.0,1.0
2,25,2.101478835545934,1.008943331516838,0.0,0.0,0.0,0.0,0.0,0.0
3,25,9.142576626752664,2.6954841738860638,0.0,0.0,1.0,0.0,0.0,0.0
4,25,1.049592191115198,5.983317444590266,0.0,0.0,1.0,0.0,1.0,0.0
5,25,5.244226711667005,0.7354471831518309,1.0,1.0,0.0,0.0,0.0,0.0
6,25,1.075664604317409,6.082179714988836,1.0,0.0,1.0,0.0,1.0,1.0
7,25,0.6275182307802296,9.120612616455144,0.0,0.0,0.0,0.0,1.0,0.0
8,25,5.097039854182454,5.163272070001019,0.0,0.0,1.0,1.0,0.0,1.0
9,25,11.922477565476774,2.721767037671446,1.0,0.0,0.0,1.0,0.0,0.0
10,25,5.140006572784055,1.5745463328047415,0.0,1.0,1.0,0.0,0.0,0.0
11,25,10.855052676297158,9.391081558015308,0.0,0.0,0.0,0.0,1.0,1.0
12,25,3.352427735657807,1.0043380921118372,0.0,0.0,0.0,0.0,0.0,0.0
13,25,9.031457161790463,8.149732900545034,0.0,1.0,0.0,1.0,1.0,0.0
14,25,12.0,0.0,1.0,0.0,0.0,1.0,0.0,0.0
15,25,9.384236123794246,8.68080500830907,0.0,0.0,0.0,0.0,1.0,0.0
16,25,6.452058053784058,6.824276876980697,1.0,0.0,0.0,0.0,1.0,0.0
17,25,3.339555558489549,11.777829162660156,1.0,0.0,0.0,1.0,0.0,0.0
18,25,7.707352261717341,3.915671876400694,0.0,0.0,0.0,0.0,0.0,0.0
19,25,0.1197268501125655,7.221925775761411,0.0,0.0,1.0,1.0,0.0,0.0
20,25,12.0,5.192943771363786,0.0,0.0,0.0,0.0,0.0,0.0
21,25,8.327593845159587,5.728681984741188,0.0,0.0,0.0,0.0,1.0,1.0
22,25,6.988447585485753,3.900579141950092,0.0,0.0,0.0,0.0,0.0,0.0
23,25,4.415981220073316,12.0,0.0,1.0,1.0,1.0,0.0,1.0
24,25,12.0,2.315507276114466,1.0,1.0,1.0,1.0,0.0,0.0
25,25,12.0,7.299877052259133,0.0,1.0,0.0,0.0,1.0,1.0
26,25,2.116000559964108,0.3168832036509619,0.0,0.0,0.0,1.0,1.0,1.0
27,25,11.222937158715864,5.944696267135683,0.0,0.0,0.0,1.0,0.0,1.0
28,25,0.5032186723868206,7.763802512725325,0.0,0.0,0.0,0.0,0.0,0.0
29,25,11.876222230471535,3.513514210879308,1.0,0.0,0.0,0.0,0.0,0.0
30,25,11.177200047436417,9.0946634368159,1.0,1.0,0.0,0.0,1.0,1.0
31,25,6.627897977467796,2.9566202262708603,1.0,1.0,1.0,1.0,0.0,0.0
32,25,3.0813949517345227,11.855390110322006,0.0,0.0,0.0,1.0,0.0,0.0
33,25,8.352780307024114,9.849607889514036,0.0,1.0,0.0,0.0,0.0,0.0
34,25,9.161776471552256,11.816316888175718,0.0,1.0,0.0,0.0,1.0,0.0
35,25,3.815517960041228,11.870412433788651,1.0,0.0,0.0,0.0,1.0,0.0
36,25,0.0657518322656601,5.292879190310703,0.0,1.0,1.0,0.0,1.0,1.0
37,25,11.320432770905638,2.369671447677045,1.0,0.0,0.0,0.0,1.0,1.0
38,25,0.9024578224658364,2.124394237195067,1.0,0.0,1.0,0.0,1.0,0.0
39,25,0.220884151153429,1.8732635172271217,0.0,1.0,1.0,1.0,1.0,1.0
0,30,7.550927986601985,1.0703933623320137,0.0,1.0,0.0,1.0,0.0,1.0
1,30,11.222891345540516,6.020085435936271,1.0,0.0,1.0,1.0,1.0,1.0
2,30,2.0978542070792967,1.0086092490710017,0.0,0.0,0.0,0.0,0.0,0.0
3,30,9.160149432293162,2.6549021664517194,0.0,0.0,1.0,0.0,0.0,0.0
4,30,1.0533513816134388,5.982157678026618,0.0,0.0,1.0,0.0,1.0,0.0
5,30,5.28914652577453,0.687004312436615,1.0,1.0,0.0,0.0,0.0,0.0
6,30,1.064851450203812,6.070298116283663,1.0,0.0,1.0,0.0,1.0,1.0
7,30,0.5575279555504175,9.14493863372686,0.0,0.0,0.0,0.0,1.0,0.0
8,30,5.09083858031533,5.153471468426339,0.0,0.0,1.0,1.0,0.0,1.0
9,30,11.91302520751082,2.68318715211105,1.0,0.0,0.0,1.0,0.0,0.0
10,30,5.166836308225483,1.4880148517891083,0.0,1.0,1.0,0.0,0.0,0.0
11,30,10.83353350745386,9.45103140060345,0.0,0.0,0.0,0.0,1.0,1.0
12,30,3.374876390813925,0.9162446439953312,0.0,0.0,0.0,0.0,0.0,0.0
13,30,9.03974385728265,8.188742651907395,0.0,1.0,0.0,1.0,1.0,0.0
14,30,12.0,0.0,1.0,0.0,0.0,1.0,0.0,0.0
15,30,9.459422395477336,8.621764426262928,0.0,0.0,0.0,0.0,1.0,0.0
16,30,6.568983728442019,6.781321390653075,1.0,0.0,0.0,0.0,1.0,0.0
17,30,3.439919167339318,11.71650092903481,1.0,0.0,0.0,1.0,0.0,0.0
18,30,7.673683565301139,3.906313880229814,0.0,0.0,0.0,0.0,0.0,0.0
19,30,0.1502923997140745,7.286400563108746,0.0,0.0,1.0,1.0,0.0,0.0
20,30,12.0,5.21551598754088,0.0,0.0,0.0,0.0,0.0,0.0
21,30,8.377082310109584,5.686149409936452,0.0,0.0,0.0,0.0,1.0,1.0
22,30,6.985119437882746,3.872106202567814,0.0,0.0,0.0,0.0,0.0,0.0
23,30,4.484264200664173,12.0,0.0,1.0,1.0,1.0,0.0,1.0
24,30,11.999833767724724,2.3607804457270505,1.0,1.0,1.0,1.0,0.0,0.0
25,30,12.0,7.33215888930714,0.0,1.0,0.0,0.0,1.0,1.0
26,30,2.1340748597921926,0.3600180000116574,0.0,0.0,0.0,1.0,1.0,1.0
27,30,11.284563068113114,5.929412428482217,0.0,0.0,0.0,1.0,0.0,1.0
28,30,0.3800782308691602,7.709283347281136,0.0,0.0,0.0,0.0,0.0,0.0
29,30,11.846641657121962,3.4062384626803146,1.0,0.0,0.0,0.0,0.0,0.0
30,30,11.179446368629533,9.095928225868136,1.0,1.0,0.0,0.0,1.0,1.0
31,30,6.554951584634979,2.950342687426604,1.0,1.0,1.0,1.0,0.0,0.0
32,30,3.1107258465196392,11.809685110351037,0.0,0.0,0.0,1.0,0.0,0.0
33,30,8.414866007791897,9.824351092211469,0.0,1.0,0.0,0.0,0.0,0.0
34,30,9.190772587090198,11.781202401246494,0.0,1.0,0.0,0.0,1.0,0.0
35,30,3.775629676235015,11.842346314172875,1.0,0.0,0.0,0.0,1.0,0.0
36,30,0.0814202293968764,5.368408110873516,0.0,1.0,1.0,0.0,1.0,1.0
37,30,11.379646419601553,2.432466689717053,1.0,0.0,0.0,0.0,1.0,1.0
38,30,0.8912919891459662,2.138957044703314,1.0,0.0,1.0,0.0,1.0,0.0
39,30,0.2418415255789311,1.860382634289438,0.0,1.0,1.0,1.0,1.0,1.0
0,35,7.468714976287408,1.0867697766262612,0.0,1.0,0.0,1.0,0.0,1.0
1,35,11.274007173608124,5.992772124518667,1.0,0.0,1.0,1.0,1.0,1.0
2,35,2.0919360385647083,1.0081514522319217,0.0,0.0,0.0,0.0,0.0,0.0
3,35,9.18174447448715,2.6087980401751456,0.0,0.0,1.0,0.0,0.0,0.0
4,35,1.0601139853844008,5.980072797480936,0.0,0.0,1.0,0.0,1.0,0.0
5,35,5.33123503481938,0.6423076869748892,1.0,1.0,0.0,0.0,0.0,0.0
6,35,1.0439084389548088,6.047410440915173,1.0,0.0,1.0,0.0,1.0,1.0
7,35,0.4651012713936425,9.175269260272838,0.0,0.0,0.0,0.0,1.0,0.0
8,35,5.091140540581617,5.153957130980452,0.0,0.0,1.0,1.0,0.0,1.0
9,35,11.901542724433146,2.6368281887028617,1.0,0.0,0.0,1.0,0.0,0.0
10,35,5.190977915375938,1.4092543147276082,0.0,1.0,1.0,0.0,0.0,0.0
11,35,10.813738446792444,9.505472093671235,0.0,0.0,0.0,0.0,1.0,1.0
12,35,3.399587291989788,0.8190751852947844,0.0,0.0,0.0,0.0,0.0,0.0
13,35,9.049249897785792,8.227805243925928,0.0,1.0,0.0,1.0,1.0,0.0
14,35,12.0,0.0,1.0,0.0,0.0,1.0,0.0,0.0
15,35,9.526069256724432,8.567317172196747,0.0,0.0,0.0,0.0,1.0,0.0
16,35,6.690610617115127,6.738034240861009,1.0,0.0,0.0,0.0,1.0,0.0
17,35,3.557960057910786,11.642149807823802,1.0,0.0,0.0,1.0,0.0,0.0
18,35,7.616613977368045,3.891029878709936,0.0,0.0,0.0,0.0,0.0,0.0
19,35,0.1893508050912672,7.367153939801902,0.0,0.0,1.0,1.0,0.0,0.0
20,35,12.0,5.2458456376216285,0.0,0.0,0.0,0.0,0.0,0.0
21,35,8.433549147969817,5.636257549567229,0.0,0.0,0.0,0.0,1.0,1.0
22,35,6.979646959831028,3.834205617184688,0.0,0.0,0.0,0.0,0.0,0.0
23,35,4.547363124256309,12.0,0.0,1.0,1.0,1.0,0.0,1.0
24,35,12.0,2.4020621761226737,1.0,1.0,1.0,1.0,0.0,0.0
25,35,12.0,7.346244426467581,0.0,1.0,0.0,0.0,1.0,1.0
26,35,2.1484478428880047,0.3969924538964056,0.0,0.0,0.0,1.0,1.0,1.0
27,35,11.336796256861994,5.9161444091838336,0.0,0.0,0.0,1.0,0.0,1.0
28,35,0.2706311827297805,7.65604300225944,0.0,0.0,0.0,0.0,0.0,0.0
29,35,11.816754426895615,3.284312649129567,1.0,0.0,0.0,0.0,0.0,0.0
30,35,11.165023193872123,9.087560409251848,1.0,1.0,0.0,0.0,1.0,1.0
31,35,6.479182673480342,2.943933644624273,1.0,1.0,1.0,1.0,0.0,0.0
32,35,3.141285730681031,11.759120705152624,0.0,0.0,0.0,1.0,0.0,0.0
33,35,8.48842855578163,9.792941982663372,0.0,1.0,0.0,0.0,0.0,0.0
34,35,9.220942531774808,11.744477210183884,0.0,1.0,0.0,0.0,1.0,0.0
35,35,3.74670816359491,11.820693581558642,1.0,0.0,0.0,0.0,1.0,0.0
36,35,0.0981729374302733,5.451977394699398,0.0,1.0,1.0,0.0,1.0,1.0
37,35,11.449612728125048,2.5091493591255007,1.0,0.0,0.0,0.0,1.0,1.0
38,35,0.872725649720532,2.163965619322702,1.0,0.0,1.0,0.0,1.0,0.0
39,35,0.278273235276484,1.8373413258363145,0.0,1.0,1.0,1.0,1.0,1.0
0,40,7.37453626122843,1.1052584496233748,0.0,1.0,0.0,1.0,0.0,1.0
1,40,11.31387492144671,5.97226762595554,1.0,0.0,1.0,1.0,1.0,1.0
2,40,2.1235083880552645,1.0110916386548443,0.0,0.0,0.0,0.0,0.0,0.0
3,40,9.21614369233794,2.624949269097336,0.0,0.0,1.0,0.0,0.0,0.0
4,40,1.0711968672479386,5.976541179364776,0.0,0.0,1.0,0.0,1.0,0.0
5,40,5.281191658668811,0.5949122721143034,1.0,1.0,0.0,0.0,0.0,0.0
6,40,1.0144923374211847,6.015842052647508,1.0,0.0,1.0,0.0,1.0,1.0
7,40,0.3683063340536535,9.208932149486577,0.0,0.0,0.0,0.0,1.0,0.0
8,40,5.094707913579132,5.1598908392860245,0.0,0.0,1.0,1.0,0.0,1.0
9,40,11.892359745325718,2.601280436294171,1.0,0.0,0.0,1.0,0.0,0.0
10,40,5.217584327898615,1.316064599332245,0.0,1.0,1.0,0.0,0.0,0.0
11,40,10.795209294591858,9.558814421522577,0.0,0.0,0.0,0.0,1.0,1.0
12,40,3.426699246846445,0.7157396228107762,0.0,0.0,0.0,0.0,0.0,0.0
13,40,9.054732650807304,8.251070238184589,0.0,1.0,0.0,1.0,1.0,0.0
14,40,12.0,0.0,1.0,0.0,0.0,1.0,0.0,0.0
15,40,9.582688106142546,8.517787364450708,0.0,0.0,0.0,0.0,1.0,0.0
16,40,6.813227042825647,6.695428392384346,1.0,0.0,0.0,0.0,1.0,0.0
17,40,3.687730423099329,11.558019255786824,1.0,0.0,0.0,1.0,0.0,0.0
18,40,7.6266553480679615,3.856797287231713,0.0,0.0,0.0,0.0,0.0,0.0
19,40,0.2743883506082431,7.327330381036688,0.0,0.0,1.0,1.0,0.0,0.0
20,40,12.0,5.2727172329803365,0.0,0.0,0.0,0.0,0.0,0.0
21,40,8.491984713249307,5.584953784355344,0.0,0.0,0.0,0.0,1.0,1.0
22,40,7.029209268176837,3.826026152207748,0.0,0.0,0.0,0.0,0.0,0.0
23,40,4.605685972502076,12.0,0.0,1.0,1.0,1.0,0.0,1.0
24,40,11.9994628367949,2.429224712756749,1.0,1.0,1.0,1.0,0.0,0.0
25,40,12.0,7.369454876350566,0.0,1.0,0.0,0.0,1.0,1.0
26,40,2.16032810842257,0.4284995583850668,0.0,0.0,0.0,1.0,1.0,1.0
27,40,11.393898224722616,5.901877546058604,0.0,0.0,0.0,1.0,0.0,1.0
28,40,0.1631097634027235,7.605291717331137,0.0,0.0,0.0,0.0,0.0,0.0
29,40,11.789300452891837,3.1769909181824576,1.0,0.0,0.0,0.0,0.0,0.0
30,40,11.162716887401931,9.0861676269293,1.0,1.0,0.0,0.0,1.0,1.0
31,40,6.44508270076471,2.9409791297325416,1.0,1.0,1.0,1.0,0.0,0.0
32,40,3.175836192986886,11.704353695417836,0.0,0.0,0.0,1.0,0.0,0.0
33,40,8.552578860533867,9.766203093573491,0.0,1.0,0.0,0.0,0.0,0.0
34,40,9.243745061650468,11.71592219427563,0.0,1.0,0.0,0.0,1.0,0.0
35,40,3.722418728993044,11.802416504469768,1.0,0.0,0.0,0.0,1.0,0.0
36,40,0.1125985351533162,5.5412513305076,0.0,1.0,1.0,0.0,1.0,1.0
37,40,11.525600676053218,2.597437513036513,1.0,0.0,0.0,0.0,1.0,1.0
38,40,0.8472799697323427,2.199061801745307,1.0,0.0,1.0,0.0,1.0,0.0
39,40,0.3142084476397334,1.8144753541385092,0.0,1.0,1.0,1.0,1.0,1.0
0,45,7.283969901578619,1.124464105993961,0.0,1.0,0.0,1.0,0.0,1.0
1,45,11.344796984867918,5.954868315802757,1.0,0.0,1.0,1.0,1.0,1.0
2,45,2.142602904972852,1.012540279895645,0.0,0.0,0.0,0.0,0.0,0.0
3,45,9.243128604103932,2.637596866789269,0.0,0.0,1.0,0.0,0.0,0.0
4,45,1.0295233807512454,5.990637954200734,0.0,0.0,1.0,0.0,1.0,0.0
5,45,5.23928928661616,0.5542848586969626,1.0,1.0,0.0,0.0,0.0,0.0
6,45,0.9909596024884924,5.989650393422385,1.0,0.0,1.0,0.0,1.0,1.0
7,45,0.2964273841815638,9.232715538190076,0.0,0.0,0.0,0.0,1.0,0.0
8,45,5.101065884181287,5.170763127830712,0.0,0.0,1.0,1.0,0.0,1.0
9,45,11.88434404228564,2.57226394393946,1.0,0.0,0.0,1.0,0.0,0.0
10,45,5.239755733751543,1.2439366808943793,0.0,1.0,1.0,0.0,0.0,0.0
11,45,10.788493160315332,9.577424179443128,0.0,0.0,0.0,0.0,1.0,1.0
12,45,3.454291520043216,0.6098073763146967,0.0,0.0,0.0,0.0,0.0,0.0
13,45,9.067589974066404,8.309349719295277,0.0,1.0,0.0,1.0,1.0,0.0
14,45,12.0,0.0,1.0,0.0,0.0,1.0,0.0,0.0
15,45,9.63478690583888,8.472608085341145,0.0,0.0,0.0,0.0,1.0,0.0
16,45,6.946422662192676,6.648301391985016,1.0,0.0,0.0,0.0,1.0,0.0
17,45,3.803457054064847,11.477778473694167,1.0,0.0,0.0,1.0,0.0,0.0
18,45,7.631952064162533,3.8377462819646713,0.0,0.0,0.0,0.0,0.0,0.0
19,45,0.3748894698576307,7.281235689819374,0.0,0.0,1.0,1.0,0.0,0.0
20,45,12.0,5.29350733722963,0.0,0.0,0.0,0.0,0.0,0.0
21,45,8.544070371458835,5.540018578377016,0.0,0.0,0.0,0.0,1.0,1.0
22,45,7.09406891387514,3.815380364910946,0.0,0.0,0.0,0.0,0.0,0.0
23,45,4.66979557079101,12.0,0.0,1.0,1.0,1.0,0.0,1.0
24,45,11.999123035952683,2.4522632942724325,1.0,1.0,1.0,1.0,0.0,0.0
25,45,12.0,7.399413844852017,0.0,1.0,0.0,0.0,1.0,1.0
26,45,2.171035146984453,0.4590226832604153,0.0,0.0,0.0,1.0,1.0,1.0
27,45,11.425603814602328,5.893647215953597,0.0,0.0,0.0,1.0,0.0,1.0
28,45,0.0400815220031361,7.543833194192077,0.0,0.0,0.0,0.0,0.0,0.0
29,45,11.761402637680437,3.067164513391311,1.0,0.0,0.0,0.0,0.0,0.0
30,45,11.167707165470846,9.089152281874508,1.0,1.0,0.0,0.0,1.0,1.0
31,45,6.408513079283856,2.9378538733351145,1.0,1.0,1.0,1.0,0.0,0.0
32,45,3.217339434665337,11.636492017670784,0.0,0.0,0.0,1.0,0.0,0.0
33,45,8.611364931001544,9.739859381808383,0.0,1.0,0.0,0.0,0.0,0.0
34,45,9.269641571583962,11.681863390755648,0.0,1.0,0.0,0.0,1.0,0.0
35,45,3.683124671930587,11.77199990370921,1.0,0.0,0.0,0.0,1.0,0.0
36,45,0.1297081442513685,5.624404509196136,0.0,1.0,1.0,0.0,1.0,1.0
37,45,11.607477598433434,2.6905715450313776,1.0,0.0,0.0,0.0,1.0,1.0
38,45,0.8280352657488012,2.2255861588198407,1.0,0.0,1.0,0.0,1.0,0.0
39,45,0.3587328008509859,1.7831868586856363,0.0,1.0,1.0,1.0,1.0,1.0
0,50,7.188990348884566,1.1444440302942802,0.0,1.0,0.0,1.0,0.0,1.0
1,50,11.35951761947296,5.945600921235093,1.0,0.0,1.0,1.0,1.0,1.0
2,50,2.159506897557634,1.0136900550042942,0.0,0.0,0.0,0.0,0.0,0.0
3,50,9.274673954726468,2.6528116771706367,0.0,0.0,1.0,0.0,0.0,0.0
4,50,0.9822717461947964,6.007593280479912,0.0,0.0,1.0,0.0,1.0,0.0
5,50,5.193311878182653,0.509870346498938,1.0,1.0,0.0,0.0,0.0,0.0
6,50,0.9470083389885208,6.030197196633618,1.0,0.0,1.0,0.0,1.0,1.0
7,50,0.2203346590927583,9.25957078383325,0.0,0.0,0.0,0.0,1.0,0.0
8,50,5.098726409212655,5.166520665416684,0.0,0.0,1.0,1.0,0.0,1.0
9,50,11.87303046432243,2.531066966828865,1.0,0.0,0.0,1.0,0.0,0.0
10,50,5.259669970406738,1.175859751986548,0.0,1.0,1.0,0.0,0.0,0.0
11,50,10.773405119598497,9.614955465517266,0.0,0.0,0.0,0.0,1.0,1.0
12,50,3.486702053252206,0.4974349812417714,0.0,0.0,0.0,0.0,0.0,0.0
13,50,9.08339890632292,8.38431070584513,0.0,1.0,0.0,1.0,1.0,0.0
14,50,12.0,0.0,1.0,0.0,0.0,1.0,0.0,0.0
15,50,9.69527383043642,8.418973278094596,0.0,0.0,0.0,0.0,1.0,0.0
16,50,7.083979970917834,6.602580084133103,1.0,0.0,0.0,0.0,1.0,0.0
17,50,3.9320429318112327,11.387609274136077,1.0,0.0,0.0,1.0,0.0,0.0
18,50,7.6389973385813565,3.8152734467056337,0.0,0.0,0.0,0.0,0.0,0.0
19,50,0.4810989243344677,7.231662888105498,0.0,0.0,1.0,1.0,0.0,0.0
20,50,12.0,5.294004516758681,0.0,0.0,0.0,0.0,0.0,0.0
21,50,8.605870536915926,5.487092178213131,0.0,0.0,0.0,0.0,1.0,1.0
22,50,7.168677720136853,3.80530167710436,0.0,0.0,0.0,0.0,0.0,0.0
23,50,4.740462912339236,12.0,0.0,1.0,1.0,1.0,0.0,1.0
24,50,11.998904534424836,2.460475791634186,1.0,1.0,1.0,1.0,0.0,0.0
25,50,11.995659593703978,7.395378714296983,0.0,1.0,0.0,0.0,1.0,1.0
26,50,2.1778572305112838,0.4780399939870535,0.0,0.0,0.0,1.0,1.0,1.0
27,50,11.468892282470456,5.883527296095619,0.0,0.0,0.0,1.0,0.0,1.0
28,50,0.0,7.48235349653081,0.0,0.0,0.0,0.0,0.0,0.0
29,50,11.73230361399392,2.9560804017559708,1.0,0.0,0.0,0.0,0.0,0.0
30,50,11.160544397084172,9.084731195252656,1.0,1.0,0.0,0.0,1.0,1.0
31,50,6.3670028128757306,2.9335579755316084,1.0,1.0,1.0,1.0,0.0,0.0
32,50,3.254019811684516,11.57625019335837,0.0,0.0,0.0,1.0,0.0,0.0
33,50,8.667273625552742,9.715977386946795,0.0,1.0,0.0,0.0,0.0,0.0
34,50,9.29148630310486,11.651945488663982,0.0,1.0,0.0,0.0,1.0,0.0
35,50,3.644844881507863,11.743179010779558,1.0,0.0,0.0,0.0,1.0,0.0
36,50,0.1457263691875607,5.708801330803492,0.0,1.0,1.0,0.0,1.0,1.0
37,50,11.674106531599683,2.769155765283598,1.0,0.0,0.0,0.0,1.0,1.0
38,50,0.8074623698483202,2.2554151557091227,1.0,0.0,1.0,0.0,1.0,0.0
39,50,0.4145498978929031,1.745120679153534,0.0,1.0,1.0,1.0,1.0,1.0
0,55,7.101271605611335,1.162135089084647,0.0,1.0,0.0,1.0,0.0,1.0
1,55,11.36664808845529,5.941128615675403,1.0,0.0,1.0,1.0,1.0,1.0
2,55,2.182389290440792,1.0161758183225755,0.0,0.0,0.0,0.0,0.0,0.0
3,55,9.311504004231216,2.672543243097401,0.0,0.0,1.0,0.0,0.0,0.0
4,55,0.947582297219387,6.019427791437794,0.0,0.0,1.0,0.0,1.0,0.0
5,55,5.1409120661908885,0.4601446917967461,1.0,1.0,0.0,0.0,0.0,0.0
6,55,0.9001783035700518,6.073398594965845,1.0,0.0,1.0,0.0,1.0,1.0
7,55,0.1587173655627894,9.280709560776089,0.0,0.0,0.0,0.0,1.0,0.0
8,55,5.097068729663389,5.163556725275897,0.0,0.0,1.0,1.0,0.0,1.0
9,55,11.862901936862473,2.4913335872493705,1.0,0.0,0.0,1.0,0.0,0.0
10,55,5.279851440962471,1.1062052890270484,0.0,1.0,1.0,0.0,0.0,0.0
11,55,10.747597035607756,9.67584530850892,0.0,0.0,0.0,0.0,1.0,1.0
12,55,3.5159743339013056,0.3859356934266166,0.0,0.0,0.0,0.0,0.0,0.0
13,55,9.098204373643084,8.46112993767219,0.0,1.0,0.0,1.0,1.0,0.0
14,55,11.996849537564453,0.0,1.0,0.0,0.0,1.0,0.0,0.0
15,55,9.746131023521606,8.374390524848799,0.0,0.0,0.0,0.0,1.0,0.0
16,55,7.253540065473517,6.545302460354575,1.0,0.0,0.0,0.0,1.0,0.0
17,55,4.05420315853109,11.304939484770951,1.0,0.0,0.0,1.0,0.0,0.0
18,55,7.650536351323344,3.7750228756896864,0.0,0.0,0.0,0.0,0.0,0.0
19,55,0.5848387510532302,7.184318222870581,0.0,0.0,1.0,1.0,0.0,0.0
20,55,11.990189635568568,5.268808731272096,0.0,0.0,0.0,0.0,0.0,0.0
21,55,8.678926635515676,5.42430687337083,0.0,0.0,0.0,0.0,1.0,1.0
22,55,7.2641991229403,3.790255434282998,0.0,0.0,0.0,0.0,0.0,0.0
23,55,4.798409465073529,12.0,0.0,1.0,1.0,1.0,0.0,1.0
24,55,11.998916417642956,2.458881264326674,1.0,1.0,1.0,1.0,0.0,0.0
25,55,12.0,7.4109403668466145,0.0,1.0,0.0,0.0,1.0,1.0
26,55,2.1824819363248387,0.4908413729308849,0.0,0.0,0.0,1.0,1.0,1.0
27,55,11.518116412855282,5.872346039073666,0.0,0.0,0.0,1.0,0.0,1.0
28,55,0.0,7.419341928298626,0.0,0.0,0.0,0.0,0.0,0.0
29,55,11.69564149894796,2.8264818234681397,1.0,0.0,0.0,0.0,0.0,0.0
30,55,11.133783839080348,9.068125538583878,1.0,1.0,0.0,0.0,1.0,1.0
31,55,6.328197310915203,2.929374153536337,1.0,1.0,1.0,1.0,0.0,0.0
32,55,3.297665598069361,11.503162038998644,0.0,0.0,0.0,1.0,0.0,0.0
33,55,8.719212017909337,9.694239602386531,0.0,1.0,0.0,0.0,0.0,0.0
34,55,9.315473424965424,11.619657725510304,0.0,1.0,0.0,0.0,1.0,0.0
35,55,3.642255349549736,11.741285231649233,1.0,0.0,0.0,0.0,1.0,0.0
36,55,0.1588554033864773,5.780761647718465,0.0,1.0,1.0,0.0,1.0,1.0
37,55,11.74538527529358,2.8523136662255526,1.0,0.0,0.0,0.0,1.0,1.0
38,55,0.7905064009057484,2.2782350313903006,1.0,0.0,1.0,0.0,1.0,0.0
39,55,0.487477630949938,1.6938336334388182,0.0,1.0,1.0,1.0,1.0,1.0
0,60,7.0204489013779945,1.1779314581072573,0.0,1.0,0.0,1.0,0.0,1.0
1,60,11.356158186349385,5.94802513024524,1.0,0.0,1.0,1.0,1.0,1.0
2,60,2.1788511262993744,1.0157518287992684,0.0,0.0,0.0,0.0,0.0,0.0
3,60,9.343260053934523,2.689298767605087,0.0,0.0,1.0,0.0,0.0,0.0
4,60,0.9222347338748166,6.027763907701963,0.0,0.0,1.0,0.0,1.0,0.0
5,60,5.086455070172321,0.4067348445119085,1.0,1.0,0.0,0.0,0.0,0.0
6,60,0.8434769686636662,6.127504791948256,1.0,0.0,1.0,0.0,1.0,1.0
7,60,0.1158714285460836,9.295815955668768,0.0,0.0,0.0,0.0,1.0,0.0
8,60,5.091970280003607,5.154636010390334,0.0,0.0,1.0,1.0,0.0,1.0
9,60,11.850982295408445,2.448701391781967,1.0,0.0,0.0,1.0,0.0,0.0
10,60,5.302629729157218,1.02559195967096,0.0,1.0,1.0,0.0,0.0,0.0
11,60,10.725384661478325,9.72579955234288,0.0,0.0,0.0,0.0,1.0,1.0
12,60,3.5433208517164005,0.2937241576895991,0.0,0.0,0.0,0.0,0.0,0.0
13,60,9.115868341446289,8.545398511473644,0.0,1.0,0.0,1.0,1.0,0.0
14,60,11.99517006794235,0.0,1.0,0.0,0.0,1.0,0.0,0.0
15,60,9.768821504415593,8.353802118716644,0.0,0.0,0.0,0.0,1.0,0.0
16,60,7.436124301345128,6.477827089768494,1.0,0.0,0.0,0.0,1.0,0.0
17,60,4.164881843715305,11.227529778362303,1.0,0.0,0.0,1.0,0.0,0.0
18,60,7.664500826829272,3.730304066459832,0.0,0.0,0.0,0.0,0.0,0.0
19,60,0.6940781150074449,7.134456428683795,0.0,0.0,1.0,1.0,0.0,0.0
20,60,11.98329481082001,5.251384970106357,0.0,0.0,0.0,0.0,0.0,0.0
21,60,8.752614229023047,5.364451765753948,0.0,0.0,0.0,0.0,1.0,1.0
22,60,7.364324147659922,3.7731793550141033,0.0,0.0,0.0,0.0,0.0,0.0
23,60,4.881076854633225,12.0,0.0,1.0,1.0,1.0,0.0,1.0
24,60,11.99900222340778,2.44677123709747,1.0,1.0,1.0,1.0,0.0,0.0
25,60,12.0,7.428892089734663,0.0,1.0,0.0,0.0,1.0,1.0
26,60,2.1909589198009987,0.5136361610481239,0.0,0.0,0.0,1.0,1.0,1.0
27,60,11.55563889554827,5.863553163415454,0.0,0.0,0.0,1.0,0.0,1.0
28,60,0.0,7.358230154964024,0.0,0.0,0.0,0.0,0.0,0.0
29,60,11.658592679229642,2.691399982364592,1.0,0.0,0.0,0.0,0.0,0.0
30,60,11.139763952078814,9.058509563037592,1.0,1.0,0.0,0.0,1.0,1.0
31,60,6.268337774153205,2.923561332644273,1.0,1.0,1.0,1.0,0.0,0.0
32,60,3.3511960584195437,11.414544958817553,0.0,0.0,0.0,1.0,0.0,0.0
33,60,8.789118673264255,9.66596952960936,0.0,1.0,0.0,0.0,0.0,0.0
34,60,9.327853377378556,11.603596864521034,0.0,1.0,0.0,0.0,1.0,0.0
35,60,3.62666254375234,11.730432919393252,1.0,0.0,0.0,0.0,1.0,0.0
36,60,0.1717348986540234,5.847512591259562,0.0,1.0,1.0,0.0,1.0,1.0
37,60,11.808998703143372,2.927389738160909,1.0,0.0,0.0,0.0,1.0,1.0
38,60,0.7636108272152912,2.315856175518806,1.0,0.0,1.0,0.0,1.0,0.0
39,60,0.5604062022488737,1.6433460733437513,0.0,1.0,1.0,1.0,1.0,1.0
0,65,6.90955548110517,1.2047633926821475,0.0,1.0,0.0,1.0,0.0,1.0
1,65,11.351404867008055,5.951294836138826,1.0,0.0,1.0,1.0,1.0,1.0
2,65,2.1708552335745868,1.0148479412913067,0.0,0.0,0.0,0.0,0.0,0.0
3,65,9.371650731042733,2.703909968693782,0.0,0.0,1.0,0.0,0.0,0.0
4,65,0.9084710810447484,6.0325602763141495,0.0,0.0,1.0,0.0,1.0,0.0
5,65,5.023917668179866,0.3441731651586346,1.0,1.0,0.0,0.0,0.0,0.0
6,65,0.780982028632748,6.186119130043828,1.0,0.0,1.0,0.0,1.0,1.0
7,65,0.0739958652756143,9.309636735189429,0.0,0.0,0.0,0.0,1.0,0.0
8,65,5.07827620498626,5.130360547623933,0.0,0.0,1.0,1.0,0.0,1.0
9,65,11.84309327142392,2.42271220805162,1.0,0.0,0.0,1.0,0.0,0.0
10,65,5.330305241931361,0.9338486153548818,0.0,1.0,1.0,0.0,0.0,0.0
11,65,10.699440773286293,9.785776859072913,0.0,0.0,0.0,0.0,1.0,1.0
12,65,3.5651248903108024,0.2194627433152433,0.0,0.0,0.0,0.0,0.0,0.0
13,65,9.130075375945957,8.617991022295156,0.0,1.0,0.0,1.0,1.0,0.0
14,65,11.994517789233464,0.0,1.0,0.0,0.0,1.0,0.0,0.0
15,65,9.79544006080378,8.329629772029355,0.0,0.0,0.0,0.0,1.0,0.0
16,65,7.6023347200085905,6.417138449079298,1.0,0.0,0.0,0.0,1.0,0.0
17,65,4.267737400911678,11.156978471440809,1.0,0.0,0.0,1.0,0.0,0.0
18,65,7.681837288316498,3.671247171907939,0.0,0.0,0.0,0.0,0.0,0.0
19,65,0.8120738069664192,7.081193047606009,0.0,0.0,1.0,1.0,0.0,0.0
20,65,11.97027813037652,5.217418889086229,0.0,0.0,0.0,0.0,0.0,0.0
21,65,8.829080450593485,5.296517657913297,0.0,0.0,0.0,0.0,1.0,1.0
22,65,7.465667270408126,3.758208143927403,0.0,0.0,0.0,0.0,0.0,0.0
23,65,4.991001060529231,12.0,0.0,1.0,1.0,1.0,0.0,1.0
24,65,11.99928880118999,2.4349876555828214,1.0,1.0,1.0,1.0,0.0,0.0
25,65,12.0,7.448153962516956,0.0,1.0,0.0,0.0,1.0,1.0
26,65,2.1982291608146745,0.5317601429577689,0.0,0.0,0.0,1.0,1.0,1.0
27,65,11.570793165763634,5.860161909289211,0.0,0.0,0.0,1.0,0.0,1.0
28,65,0.0,7.299570522313664,0.0,0.0,0.0,0.0,0.0,0.0
29,65,11.62612301503991,2.5759210119399545,1.0,0.0,0.0,0.0,0.0,0.0
30,65,11.147976654104824,9.045946806295722,1.0,1.0,0.0,0.0,1.0,1.0
31,65,6.222269992691452,2.920282849694974,1.0,1.0,1.0,1.0,0.0,0.0
32,65,3.402324379676892,11.329463846266874,0.0,0.0,0.0,1.0,0.0,0.0
33,65,8.838087484900024,9.64529101279185,0.0,1.0,0.0,0.0,0.0,0.0
34,65,9.336441971034317,11.592825507700525,0.0,1.0,0.0,0.0,1.0,0.0
35,65,3.624298443045763,11.728779034643136,1.0,0.0,0.0,0.0,1.0,0.0
36,65,0.181224036858557,5.896527672353853,0.0,1.0,1.0,0.0,1.0,1.0
37,65,11.87807962482224,3.00920848783022,1.0,0.0,0.0,0.0,1.0,1.0
38,65,0.7342225832308923,2.358961628849577,1.0,0.0,1.0,0.0,1.0,0.0
39,65,0.659098605626628,1.5729620290814783,0.0,1.0,1.0,1.0,1.0,1.0
0,70,6.791016749360007,1.2330943812792243,0.0,1.0,0.0,1.0,0.0,1.0
1,70,11.334130291044026,5.962953922687372,1.0,0.0,1.0,1.0,1.0,1.0
2,70,2.147317220781693,1.0127461876960724,0.0,0.0,0.0,0.0,0.0,0.0
3,70,9.4069484122258,2.722386288860537,0.0,0.0,1.0,0.0,0.0,0.0
4,70,0.8727537287719735,6.044848657471556,0.0,0.0,1.0,0.0,1.0,0.0
5,70,4.969917801536009,0.2885649371895488,1.0,1.0,0.0,0.0,0.0,0.0
6,70,0.7414988421514447,6.223515388189796,1.0,0.0,1.0,0.0,1.0,1.0
7,70,0.03008241540901,9.323089866875698,0.0,0.0,0.0,0.0,1.0,0.0
8,70,5.062536634876218,5.102867879871062,0.0,0.0,1.0,1.0,0.0,1.0
9,70,11.838589243858046,2.4064190338687226,1.0,0.0,0.0,1.0,0.0,0.0
10,70,5.365102380195027,0.8235267583335519,0.0,1.0,1.0,0.0,0.0,0.0
11,70,10.671640020593127,9.850140908620798,0.0,0.0,0.0,0.0,1.0,1.0
12,70,3.585801082383117,0.1481848611889694,0.0,0.0,0.0,0.0,0.0,0.0
13,70,9.151090162479848,8.717851403589075,0.0,1.0,0.0,1.0,1.0,0.0
14,70,11.99246552781662,0.0,1.0,0.0,0.0,1.0,0.0,0.0
15,70,9.82210897088171,8.305707263919574,0.0,0.0,0.0,0.0,1.0,0.0
16,70,7.780773041529748,6.351246014858564,1.0,0.0,0.0,0.0,1.0,0.0
17,70,4.354495935469663,11.096930382932271,1.0,0.0,0.0,1.0,0.0,0.0
18,70,7.699973640719095,3.6052009334758672,0.0,0.0,0.0,0.0,0.0,0.0
19,70,0.908126941992789,7.038249352166753,0.0,0.0,1.0,1.0,0.0,0.0
20,70,11.96688768722264,5.208499388659984,0.0,0.0,0.0,0.0,0.0,0.0
21,70,8.89748807965951,5.238519063911904,0.0,0.0,0.0,0.0,1.0,1.0
22,70,7.571163478611646,3.744763917974466,0.0,0.0,0.0,0.0,0.0,0.0
23,70,5.084221486758024,12.0,0.0,1.0,1.0,1.0,0.0,1.0
24,70,11.999706476016147,2.415489676189137,1.0,1.0,1.0,1.0,0.0,0.0
25,70,12.0,7.4554286079026495,0.0,1.0,0.0,0.0,1.0,1.0
26,70,2.2018828001040918,0.5409508326334209,0.0,0.0,0.0,1.0,1.0,1.0
27,70,11.558951969116553,5.862824882515656,0.0,0.0,0.0,1.0,0.0,1.0
28,70,0.0,7.234216725280081,0.0,0.0,0.0,0.0,0.0,0.0
29,70,11.59367791776046,2.461359140119882,1.0,0.0,0.0,0.0,0.0,0.0
30,70,11.160900314317171,9.02498316175074,1.0,1.0,0.0,0.0,1.0,1.0
31,70,6.182364019456351,2.918519327622036,1.0,1.0,1.0,1.0,0.0,0.0
32,70,3.4571195341493763,11.238734447155618,0.0,0.0,0.0,1.0,0.0,0.0
33,70,8.905606342047513,9.616761406325166,0.0,1.0,0.0,0.0,0.0,0.0
34,70,9.353576157282689,11.569635143388664,0.0,1.0,0.0,0.0,1.0,0.0
35,70,3.620651257494797,11.72620376469545,1.0,0.0,0.0,0.0,1.0,0.0
36,70,0.1892684332800684,5.94229410481226,0.0,1.0,1.0,0.0,1.0,1.0
37,70,11.949590395181348,3.098914652547785,1.0,0.0,0.0,0.0,1.0,1.0
38,70,0.6971496326734147,2.412312744011866,1.0,0.0,1.0,0.0,1.0,0.0
39,70,0.761714992306239,1.5040641217601798,0.0,1.0,1.0,1.0,1.0,1.0
0,75,6.653822224206682,1.2663886037133216,0.0,1.0,0.0,1.0,0.0,1.0
1,75,11.321312807199083,5.97199702800288,1.0,0.0,1.0,1.0,1.0,1.0
2,75,2.130885325631979,1.0112085606018133,0.0,0.0,0.0,0.0,0.0,0.0
3,75,9.432082050590353,2.735128320904713,0.0,0.0,1.0,0.0,0.0,0.0
4,75,0.8549123909562294,6.05094777180013,0.0,0.0,1.0,0.0,1.0,0.0
5,75,4.916303209800229,0.2293581357619328,1.0,1.0,0.0,0.0,0.0,0.0
6,75,0.7069860465838618,6.254565397514785,1.0,0.0,1.0,0.0,1.0,1.0
7,75,0.0032055518395142,9.331422768351564,0.0,0.0,0.0,0.0,1.0,0.0
8,75,5.059036568432295,5.096701830724049,0.0,0.0,1.0,1.0,0.0,1.0
9,75,11.795560704276612,2.4175625396832774,1.0,0.0,0.0,1.0,0.0,0.0
10,75,5.399204972379426,0.703614507586421,0.0,1.0,1.0,0.0,0.0,0.0
11,75,10.641058050786956,9.920479144561844,0.0,0.0,0.0,0.0,1.0,1.0
12,75,3.612272835893263,0.0658123286078262,0.0,0.0,0.0,0.0,0.0,0.0
13,75,9.17505252693047,8.834680190313428,0.0,1.0,0.0,1.0,1.0,0.0
14,75,11.989882156105669,0.0,1.0,0.0,0.0,1.0,0.0,0.0
15,75,9.84395382346798,8.285826747975793,0.0,0.0,0.0,0.0,1.0,0.0
16,75,7.942855625196307,6.285689452156819,1.0,0.0,0.0,0.0,1.0,0.0
17,75,4.443058761097672,11.032934134264062,1.0,0.0,0.0,1.0,0.0,0.0
18,75,7.719127475024925,3.530724624918172,0.0,0.0,0.0,0.0,0.0,0.0
19,75,1.007919723110018,6.997078418936648,0.0,0.0,1.0,1.0,0.0,0.0
20,75,11.958593822280474,5.1886051915693,0.0,0.0,0.0,0.0,0.0,0.0
21,75,8.964179005859316,5.18235303236799,0.0,0.0,0.0,0.0,1.0,1.0
22,75,7.6827195686420415,3.7294182472808943,0.0,0.0,0.0,0.0,0.0,0.0
23,75,5.184607966536231,12.0,0.0,1.0,1.0,1.0,0.0,1.0
24,75,11.999182797592104,2.3622238732283902,1.0,1.0,1.0,1.0,0.0,0.0
25,75,12.0,7.45676318126818,0.0,1.0,0.0,0.0,1.0,1.0
26,75,2.213727332333579,0.5722231208763836,0.0,0.0,0.0,1.0,1.0,1.0
27,75,11.541131883241045,5.866746432182873,0.0,0.0,0.0,1.0,0.0,1.0
28,75,0.0,7.169087898261999,0.0,0.0,0.0,0.0,0.0,0.0
29,75,11.56693904403812,2.364798392593373,1.0,0.0,0.0,0.0,0.0,0.0
30,75,11.174546728383248,9.002202330675422,1.0,1.0,0.0,0.0,1.0,1.0
31,75,6.119485093153708,2.9133212270888813,1.0,1.0,1.0,1.0,0.0,0.0
32,75,3.5143335765427675,11.140487571627904,0.0,0.0,0.0,1.0,0.0,0.0
33,75,8.9948245233408,9.580543283093244,0.0,1.0,0.0,0.0,0.0,0.0
34,75,9.371935033801384,11.54434900651244,0.0,1.0,0.0,0.0,1.0,0.0
35,75,3.6273584793301454,11.73083980955893,1.0,0.0,0.0,0.0,1.0,0.0
36,75,0.1951234934176505,5.979222056794705,0.0,1.0,1.0,0.0,1.0,1.0
37,75,12.0,3.201651509129163,1.0,0.0,0.0,0.0,1.0,1.0
38,75,0.6593698568274029,2.4703437450875656,1.0,0.0,1.0,0.0,1.0,0.0
39,75,0.8695852083225382,1.4327818491970428,0.0,1.0,1.0,1.0,1.0,1.0
0,80,6.517012596113268,1.2984851710206935,0.0,1.0,0.0,1.0,0.0,1.0
1,80,11.30657716237339,5.982537867945695,1.0,0.0,1.0,1.0,1.0,1.0
2,80,2.129579324598878,1.0111045990234324,0.0,0.0,0.0,0.0,0.0,0.0
3,80,9.458314414945251,2.7486215535135616,0.0,0.0,1.0,0.0,0.0,0.0
4,80,0.8595113114035652,6.049594081904492,0.0,0.0,1.0,0.0,1.0,0.0
5,80,4.8607948878815925,0.169164700938504,1.0,1.0,0.0,0.0,0.0,0.0
6,80,0.6642296868643637,6.293812146768467,1.0,0.0,1.0,0.0,1.0,1.0
7,80,0.0,9.33670267366258,0.0,0.0,0.0,0.0,1.0,0.0
8,80,5.058146991819193,5.095094832360425,0.0,0.0,1.0,1.0,0.0,1.0
9,80,11.75854013065939,2.426829171693921,1.0,0.0,0.0,1.0,0.0,0.0
10,80,5.434895352412398,0.5644330089194886,0.0,1.0,1.0,0.0,0.0,0.0
11,80,10.611354386169175,9.986635956540814,0.0,0.0,0.0,0.0,1.0,1.0
12,80,3.636663100863988,0.0,0.0,0.0,0.0,0.0,0.0,0.0
13,80,9.194943831859002,8.941745818776528,0.0,1.0,0.0,1.0,1.0,0.0
14,80,11.9888616907587,0.0,1.0,0.0,0.0,1.0,0.0,0.0
15,80,9.874283446439534,8.258444912491921,0.0,0.0,0.0,0.0,1.0,0.0
16,80,8.116903097087583,6.212308805955628,1.0,0.0,0.0,0.0,1.0,0.0
17,80,4.533952182959433,10.96691570155051,1.0,0.0,0.0,1.0,0.0,0.0
18,80,7.73921069207484,3.449180539387525,0.0,0.0,0.0,0.0,0.0,0.0
19,80,1.0938966160365833,6.959954499651853,0.0,0.0,1.0,1.0,0.0,0.0
20,80,11.95588405214278,5.182510305467143,0.0,0.0,0.0,0.0,0.0,0.0
21,80,9.00559856248331,5.146343332735556,0.0,0.0,0.0,0.0,1.0,1.0
22,80,7.805929615363674,3.713655297673964,0.0,0.0,0.0,0.0,0.0,0.0
23,80,5.250573233805275,11.921297050576982,0.0,1.0,1.0,1.0,0.0,1.0
24,80,11.998883546323404,2.3041810183551688,1.0,1.0,1.0,1.0,0.0,0.0
25,80,12.0,7.462911802019588,0.0,1.0,0.0,0.0,1.0,1.0
26,80,2.222894686755005,0.597991865815771,0.0,0.0,0.0,1.0,1.0,1.0
27,80,11.517300407375371,5.871623105308892,0.0,0.0,0.0,1.0,0.0,1.0
28,80,0.0,7.106747048536654,0.0,0.0,0.0,0.0,0.0,0.0
29,80,11.53807783236288,2.265981828215988,1.0,0.0,0.0,0.0,0.0,0.0
30,80,11.183382350873227,8.987707577462224,1.0,1.0,0.0,0.0,1.0,1.0
31,80,6.051283617522044,2.9054269073629277,1.0,1.0,1.0,1.0,0.0,0.0
32,80,3.587982642053967,11.017666605906468,0.0,0.0,0.0,1.0,0.0,0.0
33,80,9.08658650099873,9.539760521493232,0.0,1.0,0.0,0.0,0.0,0.0
34,80,9.381042174299628,11.532107752622926,0.0,1.0,0.0,0.0,1.0,0.0
35,80,3.63740777969853,11.73784047992388,1.0,0.0,0.0,0.0,1.0,0.0
36,80,0.2006589590174503,6.014215787160998,0.0,1.0,1.0,0.0,1.0,1.0
37,80,12.0,3.3031751581587074,1.0,0.0,0.0,0.0,1.0,1.0
38,80,0.6391600662592809,2.500119813547635,1.0,0.0,1.0,0.0,1.0,0.0
39,80,1.0010469119283063,1.3439591880988968,0.0,1.0,1.0,1.0,1.0,1.0
0,85,6.373929382415949,1.3343513296279634,0.0,1.0,0.0,1.0,0.0,1.0
1,85,11.306492609826064,5.982600630825645,1.0,0.0,1.0,1.0,1.0,1.0
2,85,2.1595797002823267,1.013452314677889,0.0,0.0,0.0,0.0,0.0,0.0
3,85,9.487945366418083,2.7641947939380604,0.0,0.0,1.0,0.0,0.0,0.0
4,85,0.8681768367132895,6.0472506283292935,0.0,0.0,1.0,0.0,1.0,0.0
5,85,4.801957690094764,0.1047747159964632,1.0,1.0,0.0,0.0,0.0,0.0
6,85,0.6105652962092172,6.345466481022557,1.0,0.0,1.0,0.0,1.0,1.0
7,85,0.0,9.350512322166905,0.0,0.0,0.0,0.0,1.0,0.0
8,85,5.068372868805636,5.114843024914155,0.0,0.0,1.0,1.0,0.0,1.0
9,85,11.725269833961766,2.4343797855484124,1.0,0.0,0.0,1.0,0.0,0.0
10,85,5.464601292293995,0.440270707496781,0.0,1.0,1.0,0.0,0.0,0.0
11,85,10.584549592080092,10.045423794907784,0.0,0.0,0.0,0.0,1.0,1.0
12,85,3.656251727341501,0.0,0.0,0.0,0.0,0.0,0.0,0.0
13,85,9.212775899484116,9.04759894716693,0.0,1.0,0.0,1.0,1.0,0.0
14,85,11.99009772092482,0.0,1.0,0.0,0.0,1.0,0.0,0.0
15,85,9.906205702562962,8.228200124772428,0.0,0.0,0.0,0.0,1.0,0.0
16,85,8.298574884490767,6.143293690930016,1.0,0.0,0.0,0.0,1.0,0.0
17,85,4.622369518730049,10.900542628307331,1.0,0.0,0.0,1.0,0.0,0.0
18,85,7.759980778044809,3.372046068817369,0.0,0.0,0.0,0.0,0.0,0.0
19,85,1.1345964647839355,7.051673562549776,0.0,0.0,1.0,1.0,0.0,0.0
20,85,11.95124199456252,5.171528289232816,0.0,0.0,0.0,0.0,0.0,0.0
21,85,9.043314998441163,5.113703791094654,0.0,0.0,0.0,0.0,1.0,1.0
22,85,7.922244747455869,3.699112902156787,0.0,0.0,0.0,0.0,0.0,0.0
23,85,5.322253160462656,11.82851858762589,0.0,1.0,1.0,1.0,0.0,1.0
24,85,11.998513775438717,2.229779812655475,1.0,1.0,1.0,1.0,0.0,0.0
25,85,12.0,7.472564422516359,0.0,1.0,0.0,0.0,1.0,1.0
26,85,2.232941285216959,0.628976321946476,0.0,0.0,0.0,1.0,1.0,1.0
27,85,11.529422456249344,5.868956638165942,0.0,0.0,0.0,1.0,0.0,1.0
28,85,0.0,7.050416052703818,0.0,0.0,0.0,0.0,0.0,0.0
29,85,11.497115740289798,2.13976435024404,1.0,0.0,0.0,0.0,0.0,0.0
30,85,11.200463747204935,8.957066186045408,1.0,1.0,0.0,0.0,1.0,1.0
31,85,5.970814918002255,2.892412979663553,1.0,1.0,1.0,1.0,0.0,0.0
32,85,3.663929079259773,10.890773379431543,0.0,0.0,0.0,1.0,0.0,0.0
33,85,9.182003502331634,9.498905628482833,0.0,1.0,0.0,0.0,0.0,0.0
34,85,9.38607923441923,11.525510580114377,0.0,1.0,0.0,0.0,1.0,0.0
35,85,3.626515788862053,11.7304597222942,1.0,0.0,0.0,0.0,1.0,0.0
36,85,0.2061052358354612,6.046368061626125,0.0,1.0,1.0,0.0,1.0,1.0
37,85,12.0,3.4055635467619085,1.0,0.0,0.0,0.0,1.0,1.0
38,85,0.6188608147117548,2.5301709626720736,1.0,0.0,1.0,0.0,1.0,0.0
39,85,1.1371430472690711,1.2511755203631916,0.0,1.0,1.0,1.0,1.0,1.0
0,90,6.238184190440851,1.3708190940015226,0.0,1.0,0.0,1.0,0.0,1.0
1,90,11.317015098894734,5.975009702726782,1.0,0.0,1.0,1.0,1.0,1.0
2,90,2.2046538917073217,1.0180511361592557,0.0,0.0,0.0,0.0,0.0,0.0
3,90,9.524358142614036,2.783165937448942,0.0,0.0,1.0,0.0,0.0,0.0
4,90,0.8884953363521959,6.041889690187503,0.0,0.0,1.0,0.0,1.0,0.0
5,90,4.74747274240688,0.0455302745183354,1.0,1.0,0.0,0.0,0.0,0.0
6,90,0.5766795012590935,6.377664828676124,1.0,0.0,1.0,0.0,1.0,1.0
7,90,0.0,9.365720187162244,0.0,0.0,0.0,0.0,1.0,0.0
8,90,5.079810873492503,5.137073410388692,0.0,0.0,1.0,1.0,0.0,1.0
9,90,11.69026885255773,2.4433116328629056,1.0,0.0,0.0,1.0,0.0,0.0
10,90,5.491918029907177,0.326367254587265,0.0,1.0,1.0,0.0,0.0,0.0
11,90,10.561256867137464,10.101297239397288,0.0,0.0,0.0,0.0,1.0,1.0
12,90,3.6758909078628776,0.0,0.0,0.0,0.0,0.0,0.0,0.0
13,90,9.229793228717796,9.16394210867306,0.0,1.0,0.0,1.0,1.0,0.0
14,90,11.99282519697246,0.0,1.0,0.0,0.0,1.0,0.0,0.0
15,90,9.916220731571402,8.219169486136606,0.0,0.0,0.0,0.0,1.0,0.0
16,90,8.47630994722266,6.0729869428527525,1.0,0.0,0.0,0.0,1.0,0.0
17,90,4.695912507135594,10.99890803697074,1.0,0.0,0.0,1.0,0.0,0.0
18,90,7.776639518339204,3.3092426560307664,0.0,0.0,0.0,0.0,0.0,0.0
19,90,1.17484571511104,7.139857689566595,0.0,0.0,1.0,1.0,0.0,0.0
20,90,11.9439725774429,5.1554019301244045,0.0,0.0,0.0,0.0,0.0,0.0
21,90,9.076501396751796,5.084583732318088,0.0,0.0,0.0,0.0,1.0,1.0
22,90,8.037796641173307,3.6835745046599215,0.0,0.0,0.0,0.0,0.0,0.0
23,90,5.406152386981353,11.718916259187374,0.0,1.0,1.0,1.0,0.0,1.0
24,90,11.998013011453407,2.174535486885828,1.0,1.0,1.0,1.0,0.0,0.0
25,90,12.0,7.480119095251499,0.0,1.0,0.0,0.0,1.0,1.0
26,90,2.2408329957077533,0.6533032484061232,0.0,0.0,0.0,1.0,1.0,1.0
27,90,11.566135548508392,5.86049094304556,0.0,0.0,0.0,1.0,0.0,1.0
28,90,0.0,6.9894779479816265,0.0,0.0,0.0,0.0,0.0,0.0
29,90,11.452820263522687,2.006040427112368,1.0,0.0,0.0,0.0,0.0,0.0
30,90,11.221323023744468,8.918652661011775,1.0,1.0,0.0,0.0,1.0,1.0
31,90,5.889067446345804,2.8803813939450453,1.0,1.0,1.0,1.0,0.0,0.0
32,90,3.739104006341479,10.76811231890348,0.0,0.0,0.0,1.0,0.0,0.0
33,90,9.283935701229858,9.456075739475866,0.0,1.0,0.0,0.0,0.0,0.0
34,90,9.394206318862238,11.515060071751462,0.0,1.0,0.0,0.0,1.0,0.0
35,90,3.619823589205968,11.72602597632587,1.0,0.0,0.0,0.0,1.0,0.0
36,90,0.2084768041612436,6.059411419282277,0.0,1.0,1.0,0.0,1.0,1.0
37,90,12.0,3.5120441611522693,1.0,0.0,0.0,0.0,1.0,1.0
38,90,0.5999658148111833,2.559733069794676,1.0,0.0,1.0,0.0,1.0,0.0
39,90,1.2625112785529329,1.168899614742149,0.0,1.0,1.0,1.0,1.0,1.0
0,95,6.101143995769878,1.4081473069779056,0.0,1.0,0.0,1.0,0.0,1.0
1,95,11.332631054461595,5.963151185104984,1.0,0.0,1.0,1.0,1.0,1.0
2,95,2.214349527164116,1.0191242263755722,0.0,0.0,0.0,0.0,0.0,0.0
3,95,9.579339669579827,2.8106118277199985,0.0,0.0,1.0,0.0,0.0,0.0
4,95,0.9171790736091212,6.033579666133363,0.0,0.0,1.0,0.0,1.0,0.0
5,95,4.689269459207567,0.0,1.0,1.0,0.0,0.0,0.0,0.0
6,95,0.5482703069587865,6.4051757215766,1.0,0.0,1.0,0.0,1.0,1.0
7,95,0.0,9.376145844433555,0.0,0.0,0.0,0.0,1.0,0.0
8,95,5.085089183246141,5.1467655824133445,0.0,0.0,1.0,1.0,0.0,1.0
9,95,11.637184466278846,2.457352139761071,1.0,0.0,0.0,1.0,0.0,0.0
10,95,5.518230379133974,0.2160994277276734,0.0,1.0,1.0,0.0,0.0,0.0
11,95,10.539200106807256,10.153734414992387,0.0,0.0,0.0,0.0,1.0,1.0
12,95,3.696652315464296,0.0,0.0,0.0,0.0,0.0,0.0,0.0
13,95,9.247096715584746,9.29508553748587,0.0,1.0,0.0,1.0,1.0,0.0
14,95,11.996298187796702,0.0,1.0,0.0,0.0,1.0,0.0,0.0
15,95,9.907813697755731,8.226496949108451,0.0,0.0,0.0,0.0,1.0,0.0
16,95,8.625932112683675,6.011241011278387,1.0,0.0,0.0,0.0,1.0,0.0
17,95,4.764153776981505,11.085975440687877,1.0,0.0,0.0,1.0,0.0,0.0
18,95,7.797035939283719,3.2226748267558176,0.0,0.0,0.0,0.0,0.0,0.0
19,95,1.2284503433407474,7.257799616137913,0.0,0.0,1.0,1.0,0.0,0.0
20,95,11.944486303067842,5.156550327636145,0.0,0.0,0.0,0.0,0.0,0.0
21,95,9.101079703882354,5.063689169570232,0.0,0.0,0.0,0.0,1.0,1.0
22,95,8.144903920538665,3.672722687544409,0.0,0.0,0.0,0.0,0.0,0.0
23,95,5.503427261878313,11.597557068118274,0.0,1.0,1.0,1.0,0.0,1.0
24,95,11.996383135853186,2.115600966565243,1.0,1.0,1.0,1.0,0.0,0.0
25,95,11.977932035964702,7.460781768242269,0.0,1.0,0.0,0.0,1.0,1.0
26,95,2.25348360339459,0.6962367974457653,0.0,0.0,0.0,1.0,1.0,1.0
27,95,11.613194129190909,5.849140460194865,0.0,0.0,0.0,1.0,0.0,1.0
28,95,0.0,6.94094578262861,0.0,0.0,0.0,0.0,0.0,0.0
29,95,11.398831264800412,1.8640033454551224,1.0,0.0,0.0,0.0,0.0,0.0
30,95,11.24081828169275,8.883183943082061,1.0,1.0,0.0,0.0,1.0,1.0
31,95,5.796831933437135,2.86660889665802,1.0,1.0,1.0,1.0,0.0,0.0
32,95,3.8023932915611462,10.662110113293032,0.0,0.0,0.0,1.0,0.0,0.0
33,95,9.391313948839874,9.40895086928352,0.0,1.0,0.0,0.0,0.0,0.0
34,95,9.395436224450116,11.513505760251071,0.0,1.0,0.0,0.0,1.0,0.0
35,95,3.6112332582932183,11.720522010556568,1.0,0.0,0.0,0.0,1.0,0.0
36,95,0.2119848243020151,6.07895788797267,0.0,1.0,1.0,0.0,1.0,1.0
37,95,12.0,3.640666405086576,1.0,0.0,0.0,0.0,1.0,1.0
38,95,0.5721526262920671,2.604188257466609,1.0,0.0,1.0,0.0,1.0,0.0
39,95,1.372310646386037,1.0949869711668334,0.0,1.0,1.0,1.0,1.0,1.0
0,100,5.976222783194129,1.4406945222470695,0.0,1.0,0.0,1.0,0.0,1.0
1,100,11.348710150332344,5.951188407808336,1.0,0.0,1.0,1.0,1.0,1.0
2,100,2.2098704468967623,1.0185347963863334,0.0,0.0,0.0,0.0,0.0,0.0
3,100,9.635703173723666,2.838435403308152,0.0,0.0,1.0,0.0,0.0,0.0
4,100,0.9514425645052522,6.024232947497224,0.0,0.0,1.0,0.0,1.0,0.0
5,100,4.611079899057535,0.0,1.0,1.0,0.0,0.0,0.0,0.0
6,100,0.4984765287583293,6.4565555044495655,1.0,0.0,1.0,0.0,1.0,1.0
7,100,0.0,9.385227315428146,0.0,0.0,0.0,0.0,1.0,0.0
8,100,5.082002223479987,5.141230792525223,0.0,0.0,1.0,1.0,0.0,1.0
9,100,11.595781396263313,2.468263233059133,1.0,0.0,0.0,1.0,0.0,0.0
10,100,5.40907955851092,0.1893802854808547,0.0,1.0,1.0,0.0,0.0,0.0
11,100,10.517246132360109,10.210148690689415,0.0,0.0,0.0,0.0,1.0,1.0
12,100,3.715506744055575,0.0,0.0,0.0,0.0,0.0,0.0,0.0
13,100,9.264526607322166,9.429586472114792,0.0,1.0,0.0,1.0,1.0,0.0
14,100,11.997869827095148,0.0,1.0,0.0,0.0,1.0,0.0,0.0
15,100,9.898698781534074,8.234097117894754,0.0,0.0,0.0,0.0,1.0,0.0
16,100,8.771323595701528,5.949380501359987,1.0,0.0,0.0,0.0,1.0,0.0
17,100,4.838320508492376,11.180240564073394,1.0,0.0,0.0,1.0,0.0,0.0
18,100,7.817609565562744,3.133367556304163,0.0,0.0,0.0,0.0,0.0,0.0
19,100,1.2808027673039335,7.367391644848592,0.0,0.0,1.0,1.0,0.0,0.0
20,100,11.95162906088356,5.173024426263654,0.0,0.0,0.0,0.0,0.0,0.0
21,100,9.12269950564868,5.045201132195388,0.0,0.0,0.0,0.0,1.0,1.0
22,100,8.245155426257607,3.6603179638879793,0.0,0.0,0.0,0.0,0.0,0.0
23,100,5.598716913705896,11.484384083752987,0.0,1.0,1.0,1.0,0.0,1.0
24,100,11.994588730849802,2.079269421557333,1.0,1.0,1.0,1.0,0.0,0.0
25,100,11.972251663374632,7.456070030470927,0.0,1.0,0.0,0.0,1.0,1.0
26,100,2.270918454627849,0.750677682579816,0.0,0.0,0.0,1.0,1.0,1.0
27,100,11.680020682945065,5.83247937606396,0.0,0.0,0.0,1.0,0.0,1.0
28,100,0.0,6.890478831936036,0.0,0.0,0.0,0.0,0.0,0.0
29,100,11.343960826205278,1.7080401951215625,1.0,0.0,0.0,0.0,0.0,0.0
30,100,11.259574556415686,8.847833155514902,1.0,1.0,0.0,0.0,1.0,1.0
31,100,5.693949639706993,2.852980700217731,1.0,1.0,1.0,1.0,0.0,0.0
32,100,3.8569007624499,10.565922090412588,0.0,0.0,0.0,1.0,0.0,0.0
33,100,9.509707610696628,9.357052560099412,0.0,1.0,0.0,0.0,0.0,0.0
34,100,9.393748527991606,11.51555055941517,0.0,1.0,0.0,0.0,1.0,0.0
35,100,3.605339911970389,11.716683834762664,1.0,0.0,0.0,0.0,1.0,0.0
36,100,0.2144128064683395,6.093434897387546,0.0,1.0,1.0,0.0,1.0,1.0
37,100,12.0,3.7588379409263184,1.0,0.0,0.0,0.0,1.0,1.0
38,100,0.5478761883954519,2.640657193482236,1.0,0.0,1.0,0.0,1.0,0.0
39,100,1.463843192034572,1.0290731120739844,0.0,1.0,1.0,1.0,1.0,1.0
0,105,5.861863209532692,1.4700141168769716,0.0,1.0,0.0,1.0,0.0,1.0
1,105,11.362297798136323,5.941250608515059,1.0,0.0,1.0,1.0,1.0,1.0
2,105,2.1902423901372066,1.0160733881201285,0.0,0.0,0.0,0.0,0.0,0.0
3,105,9.703455428785755,2.8752160005568728,0.0,0.0,1.0,0.0,0.0,0.0
4,105,0.9919646622654376,6.012720864328156,0.0,0.0,1.0,0.0,1.0,0.0
5,105,4.556600394249077,0.0,1.0,1.0,0.0,0.0,0.0,0.0
6,105,0.4513691411751686,6.509613819099039,1.0,0.0,1.0,0.0,1.0,1.0
7,105,0.0,9.401505301258256,0.0,0.0,0.0,0.0,1.0,0.0
8,105,5.068718558239254,5.118851727162087,0.0,0.0,1.0,1.0,0.0,1.0
9,105,11.561086756978844,2.477726340361224,1.0,0.0,0.0,1.0,0.0,0.0
10,105,5.318711106304143,0.1680744549569867,0.0,1.0,1.0,0.0,0.0,0.0
11,105,10.495818605310689,10.26783398598224,0.0,0.0,0.0,0.0,1.0,1.0
12,105,3.7348039986834207,0.0,0.0,0.0,0.0,0.0,0.0,0.0
13,105,9.284098760514956,9.54522453165823,0.0,1.0,0.0,1.0,1.0,0.0
14,105,11.99879291970789,0.0,1.0,0.0,0.0,1.0,0.0,0.0
15,105,9.869261160817228,8.25843078070886,0.0,0.0,0.0,0.0,1.0,0.0
16,105,8.92991996385806,5.876928997977589,1.0,0.0,0.0,0.0,1.0,0.0
17,105,4.915808714087225,11.278199217794644,1.0,0.0,0.0,1.0,0.0,0.0
18,105,7.827552234166219,3.088390778912166,0.0,0.0,0.0,0.0,0.0,0.0
19,105,1.3219623876260218,7.453346368015909,0.0,0.0,1.0,1.0,0.0,0.0
20,105,11.948133906955162,5.165491033949968,0.0,0.0,0.0,0.0,0.0,0.0
21,105,9.13191529466119,5.037024537623422,0.0,0.0,0.0,0.0,1.0,1.0
22,105,8.33451971258591,3.6454121151218177,0.0,0.0,0.0,0.0,0.0,0.0
23,105,5.698526914133216,11.367242066990052,0.0,1.0,1.0,1.0,0.0,1.0
24,105,11.992468400719792,2.051794458936337,1.0,1.0,1.0,1.0,0.0,0.0
25,105,11.973678478624525,7.457192795028454,0.0,1.0,0.0,0.0,1.0,1.0
26,105,2.2895286549594074,0.8060920205409703,0.0,0.0,0.0,1.0,1.0,1.0
27,105,11.741468808612288,5.81800008187641,0.0,0.0,0.0,1.0,0.0,1.0
28,105,0.0,6.849174581999353,0.0,0.0,0.0,0.0,0.0,0.0
29,105,11.288746847508625,1.5442841107128211,1.0,0.0,0.0,0.0,0.0,0.0
30,105,11.285433819537635,8.796301180750275,1.0,1.0,0.0,0.0,1.0,1.0
31,105,5.596094833896464,2.839333516200199,1.0,1.0,1.0,1.0,0.0,0.0
32,105,3.917540649756448,10.460254382475114,0.0,0.0,0.0,1.0,0.0,0.0
33,105,9.619145379748064,9.31168632978176,0.0,1.0,0.0,0.0,0.0,0.0
34,105,9.386768552455813,11.524085778981378,0.0,1.0,0.0,0.0,1.0,0.0
35,105,3.5965359060712334,11.710971228727336,1.0,0.0,0.0,0.0,1.0,0.0
36,105,0.2133002169874485,6.085649760277879,0.0,1.0,1.0,0.0,1.0,1.0
37,105,12.0,3.878727422628106,1.0,0.0,0.0,0.0,1.0,1.0
38,105,0.5272334397997485,2.671786983607646,1.0,0.0,1.0,0.0,1.0,0.0
39,105,1.5488338275868652,0.9641618177851412,0.0,1.0,1.0,1.0,1.0,1.0
0,110,5.740447250413808,1.506008070889016,0.0,1.0,0.0,1.0,0.0,1.0
1,110,11.380073445555771,5.92751130655744,1.0,0.0,1.0,1.0,1.0,1.0
2,110,2.168725746423489,1.0131548465864222,0.0,0.0,0.0,0.0,0.0,0.0
3,110,9.77723677836048,2.917145185145724,0.0,0.0,1.0,0.0,0.0,0.0
4,110,1.0347858462818338,6.000680593444514,0.0,0.0,1.0,0.0,1.0,0.0
5,110,4.512814009555247,0.0,1.0,1.0,0.0,0.0,0.0,0.0
6,110,0.4038880330623247,6.561842263458619,1.0,0.0,1.0,0.0,1.0,1.0
7,110,0.0,9.4164625842968,0.0,0.0,0.0,0.0,1.0,0.0
8,110,5.056371063731761,5.0980296734339925,0.0,0.0,1.0,1.0,0.0,1.0
9,110,11.499510009790436,2.493501814971467,1.0,0.0,0.0,1.0,0.0,0.0
10,110,5.199611336706132,0.1467367369441485,0.0,1.0,1.0,0.0,0.0,0.0
11,110,10.472555202834217,10.332293138095924,0.0,0.0,0.0,0.0,1.0,1.0
12,110,3.7510419808882047,0.0,0.0,0.0,0.0,0.0,0.0,0.0
13,110,9.30089058414413,9.645914797447118,0.0,1.0,0.0,1.0,1.0,0.0
14,110,11.999874949133172,0.0,1.0,0.0,0.0,1.0,0.0,0.0
15,110,9.839091614198376,8.284448434209729,0.0,0.0,0.0,0.0,1.0,0.0
16,110,8.859353145030516,5.726972491961779,1.0,0.0,0.0,0.0,1.0,0.0
17,110,5.007322089646476,11.395292138922592,1.0,0.0,0.0,1.0,0.0,0.0
18,110,7.839081961817071,3.033837044829974,0.0,0.0,0.0,0.0,0.0,0.0
19,110,1.371123293458452,7.558514887580645,0.0,0.0,1.0,1.0,0.0,0.0
20,110,11.942308472415627,5.153152112945942,0.0,0.0,0.0,0.0,0.0,0.0
21,110,9.156731698050326,5.015487014288449,0.0,0.0,0.0,0.0,1.0,1.0
22,110,8.440959621127012,3.6272896663917256,0.0,0.0,0.0,0.0,0.0,0.0
23,110,5.79504859644531,11.249753041246242,0.0,1.0,1.0,1.0,0.0,1.0
24,110,11.990596537373682,2.0519082973020715,1.0,1.0,1.0,1.0,0.0,0.0
25,110,11.984291960838943,7.465413008792795,0.0,1.0,0.0,0.0,1.0,1.0
26,110,2.302392908675524,0.8426768586745461,0.0,0.0,0.0,1.0,1.0,1.0
27,110,11.781880228121995,5.8091448241175705,0.0,0.0,0.0,1.0,0.0,1.0
28,110,0.0,6.792648819870857,0.0,0.0,0.0,0.0,0.0,0.0
29,110,11.24023212188849,1.4037968870380582,1.0,0.0,0.0,0.0,0.0,0.0
30,110,11.307597532448543,8.754449018288208,1.0,1.0,0.0,0.0,1.0,1.0
31,110,5.471291544371804,2.817980121310504,1.0,1.0,1.0,1.0,0.0,0.0
32,110,3.979835231883045,10.358550771651725,0.0,0.0,0.0,1.0,0.0,0.0
33,110,9.723804305269043,9.267452326240631,0.0,1.0,0.0,0.0,0.0,0.0
34,110,9.374061906025368,11.53960070998092,0.0,1.0,0.0,0.0,1.0,0.0
35,110,3.595210359919276,11.710165343334795,1.0,0.0,0.0,0.0,1.0,0.0
36,110,0.2131505006125395,6.084517062458153,0.0,1.0,1.0,0.0,1.0,1.0
37,110,12.0,4.001642391986644,1.0,0.0,0.0,0.0,1.0,1.0
38,110,0.5048691539153825,2.7049815620545474,1.0,0.0,1.0,0.0,1.0,0.0
39,110,1.6278478820902895,0.9022117691396556,0.0,1.0,1.0,1.0,1.0,1.0
0,115,5.631854736495224,1.535174318994823,0.0,1.0,0.0,1.0,0.0,1.0
1,115,11.394245097763164,5.916851682742995,1.0,0.0,1.0,1.0,1.0,1.0
2,115,2.1655857160386773,1.0126928588924458,0.0,0.0,0.0,0.0,0.0,0.0
3,115,9.851234785175436,2.960781627065304,0.0,0.0,1.0,0.0,0.0,0.0
4,115,1.0924332504106404,5.985720472261623,0.0,0.0,1.0,0.0,1.0,0.0
5,115,4.468388834290859,0.0,1.0,1.0,0.0,0.0,0.0,0.0
6,115,0.3482088447730821,6.620226312155158,1.0,0.0,1.0,0.0,1.0,1.0
7,115,0.0,9.43633149756802,0.0,0.0,0.0,0.0,1.0,0.0
8,115,5.036240139438384,5.063206200827164,0.0,0.0,1.0,1.0,0.0,1.0
9,115,11.418253433636782,2.5145627230600858,1.0,0.0,0.0,1.0,0.0,0.0
10,115,5.046660958021383,0.1167943427387148,0.0,1.0,1.0,0.0,0.0,0.0
11,115,10.451239598209758,10.393042617505165,0.0,0.0,0.0,0.0,1.0,1.0
12,115,3.763673080802068,0.0,0.0,0.0,0.0,0.0,0.0,0.0
13,115,9.31739540854332,9.73565738872396,0.0,1.0,0.0,1.0,1.0,0.0
14,115,12.0,0.0,1.0,0.0,0.0,1.0,0.0,0.0
15,115,9.805963652931355,8.315474140399084,0.0,0.0,0.0,0.0,1.0,0.0
16,115,8.794093469495591,5.589055946166535,1.0,0.0,0.0,0.0,1.0,0.0
17,115,5.090027907342572,11.5016859432407,1.0,0.0,0.0,1.0,0.0,0.0
18,115,7.85361145986202,2.9707824840238803,0.0,0.0,0.0,0.0,0.0,0.0
19,115,1.4135236504923303,7.643763114406487,0.0,0.0,1.0,1.0,0.0,0.0
20,115,11.93046447922976,5.129661031982269,0.0,0.0,0.0,0.0,0.0,0.0
21,115,9.176967530750268,4.998460415153026,0.0,0.0,0.0,0.0,1.0,1.0
22,115,8.570877651997355,3.607166217715213,0.0,0.0,0.0,0.0,0.0,0.0
23,115,5.879450137517921,11.15119395493789,0.0,1.0,1.0,1.0,0.0,1.0
24,115,11.975756833248234,2.053310579582317,1.0,1.0,1.0,1.0,0.0,0.0
25,115,12.0,7.479166353743473,0.0,1.0,0.0,0.0,1.0,1.0
26,115,2.3168225453088214,0.8792550034932805,0.0,0.0,0.0,1.0,1.0,1.0
27,115,11.814665643657984,5.801640283688417,0.0,0.0,0.0,1.0,0.0,1.0
28,115,0.0,6.732973998506609,0.0,0.0,0.0,0.0,0.0,0.0
29,115,11.18988452581818,1.25840342699149,1.0,0.0,0.0,0.0,0.0,0.0
30,115,11.32571911285901,8.716905761593816,1.0,1.0,0.0,0.0,1.0,1.0
31,115,5.341061803979485,2.800079080387233,1.0,1.0,1.0,1.0,0.0,0.0
32,115,4.047715895288008,10.244429081189642,0.0,0.0,0.0,1.0,0.0,0.0
33,115,9.829136789169956,9.220230308083794,0.0,1.0,0.0,0.0,0.0,0.0
34,115,9.371451370980587,11.542664717510371,0.0,1.0,0.0,0.0,1.0,0.0
35,115,3.58210420095348,11.70169267826356,1.0,0.0,0.0,0.0,1.0,0.0
36,115,0.2140037870664233,6.091680591919994,0.0,1.0,1.0,0.0,1.0,1.0
37,115,12.0,4.116887994039347,1.0,0.0,0.0,0.0,1.0,1.0
38,115,0.4857579849089469,2.733629948463936,1.0,0.0,1.0,0.0,1.0,0.0
39,115,1.707466231351525,0.8425077800844875,0.0,1.0,1.0,1.0,1.0,1.0
0,120,5.493947132199425,1.5711436195401594,0.0,1.0,0.0,1.0,0.0,1.0
1,120,11.409766319814787,5.906093527607393,1.0,0.0,1.0,1.0,1.0,1.0
2,120,2.161286756790139,1.0120574848697572,0.0,0.0,0.0,0.0,0.0,0.0
3,120,9.952039534272464,3.0188574565948065,0.0,0.0,1.0,0.0,0.0,0.0
4,120,1.1604252625881344,5.968254985451575,0.0,0.0,1.0,0.0,1.0,0.0
5,120,4.414219566734403,0.0,1.0,1.0,0.0,0.0,0.0,0.0
6,120,0.2837206973113895,6.685306148138479,1.0,0.0,1.0,0.0,1.0,1.0
7,120,0.0,9.452908855898068,0.0,0.0,0.0,0.0,1.0,0.0
8,120,5.014432875787156,5.025944913375678,0.0,0.0,1.0,1.0,0.0,1.0
9,120,11.351044830850848,2.5310315427907697,1.0,0.0,0.0,1.0,0.0,0.0
10,120,4.879502864474762,0.08263150546239,0.0,1.0,1.0,0.0,0.0,0.0
11,120,10.43247760679272,10.444546062607465,0.0,0.0,0.0,0.0,1.0,1.0
12,120,3.770047101580008,0.0,0.0,0.0,0.0,0.0,0.0,0.0
13,120,9.332365815671752,9.81570616369116,0.0,1.0,0.0,1.0,1.0,0.0
14,120,12.0,0.0,1.0,0.0,0.0,1.0,0.0,0.0
15,120,9.77598083876395,8.343810486685015,0.0,0.0,0.0,0.0,1.0,0.0
16,120,8.739986240656933,5.475095569746292,1.0,0.0,0.0,0.0,1.0,0.0
17,120,5.1670908197038425,11.600829969447409,1.0,0.0,0.0,1.0,0.0,0.0
18,120,7.86795644885846,2.9128530566211808,0.0,0.0,0.0,0.0,0.0,0.0
19,120,1.4536070532941752,7.723007985498794,0.0,0.0,1.0,1.0,0.0,0.0
20,120,11.90782561986534,5.084426330216474,0.0,0.0,0.0,0.0,0.0,0.0
21,120,9.187552710811898,4.989980982113884,0.0,0.0,0.0,0.0,1.0,1.0
22,120,8.697557951269168,3.584191350916945,0.0,0.0,0.0,0.0,0.0,0.0
23,120,5.972214422112157,11.043079685822168,0.0,1.0,1.0,1.0,0.0,1.0
24,120,11.971526105994892,2.053765067212544,1.0,1.0,1.0,1.0,0.0,0.0
25,120,12.0,7.489267938113977,0.0,1.0,0.0,0.0,1.0,1.0
26,120,2.3265417771953065,0.9069026224305784,0.0,0.0,0.0,1.0,1.0,1.0
27,120,11.842210789122328,5.795236045112211,0.0,0.0,0.0,1.0,0.0,1.0
28,120,0.0,6.6678871311849885,0.0,0.0,0.0,0.0,0.0,0.0
29,120,11.142097375634222,1.1128036520267677,1.0,0.0,0.0,0.0,0.0,0.0
30,120,11.341510611142128,8.684320283279424,1.0,1.0,0.0,0.0,1.0,1.0
31,120,5.330282106524735,2.916369859758844,1.0,1.0,1.0,1.0,0.0,0.0
32,120,4.118703101718102,10.13404398223081,0.0,0.0,0.0,1.0,0.0,0.0
33,120,9.960464360717726,9.162344886118255,0.0,1.0,0.0,0.0,0.0,0.0
34,120,9.367345092267724,11.547403405160102,0.0,1.0,0.0,0.0,1.0,0.0
35,120,3.572329799356686,11.695702163763803,1.0,0.0,0.0,0.0,1.0,0.0
36,120,0.2141872093471143,6.093032958325553,0.0,1.0,1.0,0.0,1.0,1.0
37,120,12.0,4.23558820663149,1.0,0.0,0.0,0.0,1.0,1.0
38,120,0.4697673188829051,2.75912798114012,1.0,0.0,1.0,0.0,1.0,0.0
39,120,1.7910160868699323,0.7756549898832404,0.0,1.0,1.0,1.0,1.0,1.0
0,125,5.361442705447114,1.607926767938481,0.0,1.0,0.0,1.0,0.0,1.0
1,125,11.422821063993783,5.897051391973134,1.0,0.0,1.0,1.0,1.0,1.0
2,125,2.170430731936999,1.013207112435458,0.0,0.0,0.0,0.0,0.0,0.0
3,125,10.03647847117816,3.0678150520028384,0.0,0.0,1.0,0.0,0.0,0.0
4,125,1.2239077568166707,5.952173943876463,0.0,0.0,1.0,0.0,1.0,0.0
5,125,4.354242644673672,0.0,1.0,1.0,0.0,0.0,0.0,0.0
6,125,0.2152094586484499,6.751550437358412,1.0,0.0,1.0,0.0,1.0,1.0
7,125,0.0,9.468297275401602,0.0,0.0,0.0,0.0,1.0,0.0
8,125,4.989936045648915,4.985094506030964,0.0,0.0,1.0,1.0,0.0,1.0
9,125,11.287156763337691,2.546648031355348,1.0,0.0,0.0,1.0,0.0,0.0
10,125,4.713226165367037,0.0421980857882817,0.0,1.0,1.0,0.0,0.0,0.0
11,125,10.411337484244854,10.500692281271585,0.0,0.0,0.0,0.0,1.0,1.0
12,125,3.774575683276272,0.0,0.0,0.0,0.0,0.0,0.0,0.0
13,125,9.34336934688799,9.878426295975173,0.0,1.0,0.0,1.0,1.0,0.0
14,125,12.0,0.0,1.0,0.0,0.0,1.0,0.0,0.0
15,125,9.7388049970032,8.37861520285882,0.0,0.0,0.0,0.0,1.0,0.0
16,125,8.688963317484843,5.368331152893668,1.0,0.0,0.0,0.0,1.0,0.0
17,125,5.244792005225976,11.695920399873264,1.0,0.0,0.0,1.0,0.0,0.0
18,125,7.884133006921077,2.851154393648941,0.0,0.0,0.0,0.0,0.0,0.0
19,125,1.4817339531737728,7.779050297722924,0.0,0.0,1.0,1.0,0.0,0.0
20,125,11.88449388899564,5.039372021970215,0.0,0.0,0.0,0.0,0.0,0.0
21,125,9.21257245718631,4.969853001029658,0.0,0.0,0.0,0.0,1.0,1.0
22,125,8.842852551598849,3.55911542501958,0.0,0.0,0.0,0.0,0.0,0.0
23,125,6.051883201889229,10.946475695522862,0.0,1.0,1.0,1.0,0.0,1.0
24,125,11.972139372000782,2.059563101232053,1.0,1.0,1.0,1.0,0.0,0.0
25,125,11.995419912755928,7.4853515811701214,0.0,1.0,0.0,0.0,1.0,1.0
26,125,2.338977196161625,0.9414438531158552,0.0,0.0,0.0,1.0,1.0,1.0
27,125,11.864809897423727,5.789861479008906,0.0,0.0,0.0,1.0,0.0,1.0
28,125,0.0,6.603393420927652,0.0,0.0,0.0,0.0,0.0,0.0
29,125,11.095364091542203,0.9811687274235484,1.0,0.0,0.0,0.0,0.0,0.0
30,125,11.355337307350032,8.6555938621994,1.0,1.0,0.0,0.0,1.0,1.0
31,125,5.320638292384192,3.028561595344915,1.0,1.0,1.0,1.0,0.0,0.0
32,125,4.188925502906872,10.019772984257823,0.0,0.0,0.0,1.0,0.0,0.0
33,125,10.08803114723552,9.10818747742758,0.0,1.0,0.0,0.0,0.0,0.0
34,125,9.364554878217414,11.550666452249295,0.0,1.0,0.0,0.0,1.0,0.0
35,125,3.577989328909084,11.699357728979082,1.0,0.0,0.0,0.0,1.0,0.0
36,125,0.2132319374692705,6.084990943936687,0.0,1.0,1.0,0.0,1.0,1.0
37,125,12.0,4.359342829747152,1.0,0.0,0.0,0.0,1.0,1.0
38,125,0.4463730974206912,2.7990864827295474,1.0,0.0,1.0,0.0,1.0,0.0
39,125,1.889515052302536,0.6927255594857512,0.0,1.0,1.0,1.0,1.0,1.0
0,130,5.242361175809436,1.6351171144712615,0.0,1.0,0.0,1.0,0.0,1.0
1,130,11.430225456921402,5.891919091223375,1.0,0.0,1.0,1.0,1.0,1.0
2,130,2.206300546430347,1.0174148837018673,0.0,0.0,0.0,0.0,0.0,0.0
3,130,10.113971226948898,3.111240760562983,0.0,0.0,1.0,0.0,0.0,0.0
4,130,1.2841573782972155,5.936169454230607,0.0,0.0,1.0,0.0,1.0,0.0
5,130,4.297918896114982,0.0,1.0,1.0,0.0,0.0,0.0,0.0
6,130,0.1467142207673499,6.8124946266020245,1.0,0.0,1.0,0.0,1.0,1.0
7,130,0.0009018451066999,9.470734987450882,0.0,0.0,0.0,0.0,1.0,0.0
8,130,4.973597089211853,4.957486966733375,0.0,0.0,1.0,1.0,0.0,1.0
9,130,11.233158654652172,2.561752677835629,1.0,0.0,0.0,1.0,0.0,0.0
10,130,4.564936920305043,0.0067859388589949,0.0,1.0,1.0,0.0,0.0,0.0
11,130,10.389352089970975,10.55826730583876,0.0,0.0,0.0,0.0,1.0,1.0
12,130,3.783974054866328,0.0,0.0,0.0,0.0,0.0,0.0,0.0
13,130,9.35369928423806,9.942043789680438,0.0,1.0,0.0,1.0,1.0,0.0
14,130,12.0,0.0,1.0,0.0,0.0,1.0,0.0,0.0
15,130,9.69698743390985,8.418407183982518,0.0,0.0,0.0,0.0,1.0,0.0
16,130,8.803462101221454,5.309192423589723,1.0,0.0,0.0,0.0,1.0,0.0
17,130,5.330853341203712,11.80291646119226,1.0,0.0,0.0,1.0,0.0,0.0
18,130,7.897705814951703,2.7957739429966804,0.0,0.0,0.0,0.0,0.0,0.0
19,130,1.504667407105544,7.830089376892005,0.0,0.0,1.0,1.0,0.0,0.0
20,130,11.858438013611686,4.989788976365304,0.0,0.0,0.0,0.0,0.0,0.0
21,130,9.211916874417888,4.970395502015985,0.0,0.0,0.0,0.0,1.0,1.0
22,130,8.993219471796246,3.534251397051785,0.0,0.0,0.0,0.0,0.0,0.0
23,130,6.115785889712793,10.87293278774748,0.0,1.0,1.0,1.0,0.0,1.0
24,130,11.97307007656446,2.0671467861042494,1.0,1.0,1.0,1.0,0.0,0.0
25,130,11.981422167104324,7.473293920357371,0.0,1.0,0.0,0.0,1.0,1.0
26,130,2.3537146957418784,0.98552333592221,0.0,0.0,0.0,1.0,1.0,1.0
27,130,11.88996401784076,5.784332088720423,0.0,0.0,0.0,1.0,0.0,1.0
28,130,0.0,6.526187156458972,0.0,0.0,0.0,0.0,0.0,0.0
29,130,11.051907813381003,0.8491568255797008,1.0,0.0,0.0,0.0,0.0,0.0
30,130,11.370538373267651,8.622753490761061,1.0,1.0,0.0,0.0,1.0,1.0
31,130,5.3132402934241245,3.1451032249382864,1.0,1.0,1.0,1.0,0.0,0.0
32,130,4.256055363939287,9.90310419584783,0.0,0.0,0.0,1.0,0.0,0.0
33,130,10.213883782574957,9.05570897626951,0.0,1.0,0.0,0.0,0.0,0.0
34,130,9.371063372364764,11.543391306851069,0.0,1.0,0.0,0.0,1.0,0.0
35,130,3.6028166482226225,11.714335131278393,1.0,0.0,0.0,0.0,1.0,0.0
36,130,0.2118518832871953,6.076199899813714,0.0,1.0,1.0,0.0,1.0,1.0
37,130,12.0,4.479291101598188,1.0,0.0,0.0,0.0,1.0,1.0
38,130,0.4285458345540524,2.831208882193537,1.0,0.0,1.0,0.0,1.0,0.0
39,130,1.9929945814508447,0.6059910090877735,0.0,1.0,1.0,1.0,1.0,1.0
0,135,5.128258916581399,1.659779371279393,0.0,1.0,0.0,1.0,0.0,1.0
1,135,11.440475428601236,5.884713520619804,1.0,0.0,1.0,1.0,1.0,1.0
2,135,2.237152994006356,1.020352349687451,0.0,0.0,0.0,0.0,0.0,0.0
3,135,10.175080569270182,3.146065194340913,0.0,0.0,1.0,0.0,0.0,0.0
4,135,1.3237701968596358,5.926693902030778,0.0,0.0,1.0,0.0,1.0,0.0
5,135,4.257229758865337,0.0,1.0,1.0,0.0,0.0,0.0,0.0
6,135,0.0646240472032224,6.887425778639632,1.0,0.0,1.0,0.0,1.0,1.0
7,135,0.0,9.453705949561629,0.0,0.0,0.0,0.0,1.0,0.0
8,135,4.969397799706913,4.950511468916585,0.0,0.0,1.0,1.0,0.0,1.0
9,135,11.18123941025915,2.5767136326061078,1.0,0.0,0.0,1.0,0.0,0.0
10,135,4.431350026197904,0.0,0.0,1.0,1.0,0.0,0.0,0.0
11,135,10.369096459781009,10.613298907790169,0.0,0.0,0.0,0.0,1.0,1.0
12,135,3.790632116858277,0.0,0.0,0.0,0.0,0.0,0.0,0.0
13,135,9.36789658220888,10.01797521742864,0.0,1.0,0.0,1.0,1.0,0.0
14,135,12.0,0.0,1.0,0.0,0.0,1.0,0.0,0.0
15,135,9.64915887389088,8.464566578646894,0.0,0.0,0.0,0.0,1.0,0.0
16,135,8.894196110328602,5.261520582227912,1.0,0.0,0.0,0.0,1.0,0.0
17,135,5.417299824064437,11.901914858489954,1.0,0.0,0.0,1.0,0.0,0.0
18,135,7.908095972511638,2.7512818770413725,0.0,0.0,0.0,0.0,0.0,0.0
19,135,1.522109850615572,7.867306269940301,0.0,0.0,1.0,1.0,0.0,0.0
20,135,11.830539940541772,4.937808130182801,0.0,0.0,0.0,0.0,0.0,0.0
21,135,9.227280406171593,4.957282302420917,0.0,0.0,0.0,0.0,1.0,1.0
22,135,9.13620417339321,3.510473165037566,0.0,0.0,0.0,0.0,0.0,0.0
23,135,6.17767839289219,10.802589080512195,0.0,1.0,1.0,1.0,0.0,1.0
24,135,11.974210493613697,2.0789663291455183,1.0,1.0,1.0,1.0,0.0,0.0
25,135,11.969958167689464,7.46297071578971,0.0,1.0,0.0,0.0,1.0,1.0
26,135,2.357621407968282,0.9985348106732428,0.0,0.0,0.0,1.0,1.0,1.0
27,135,11.91104367620072,5.779103876321222,0.0,0.0,0.0,1.0,0.0,1.0
28,135,0.0,6.443997953688776,0.0,0.0,0.0,0.0,0.0,0.0
29,135,11.007420777701766,0.7089188598847411,1.0,0.0,0.0,0.0,0.0,0.0
30,135,11.379907366481788,8.601572308932587,1.0,1.0,0.0,0.0,1.0,1.0
31,135,5.306391177511469,3.267595383207713,1.0,1.0,1.0,1.0,0.0,0.0
32,135,4.325592945657515,9.78204632303195,0.0,0.0,0.0,1.0,0.0,0.0
33,135,10.319722299486337,9.011423857254124,0.0,1.0,0.0,0.0,0.0,0.0
34,135,9.361815701653097,11.553867029008371,0.0,1.0,0.0,0.0,1.0,0.0
35,135,3.6218219286162943,11.72619494457281,1.0,0.0,0.0,0.0,1.0,0.0
36,135,0.2127836084120751,6.082854124456263,0.0,1.0,1.0,0.0,1.0,1.0
37,135,12.0,4.607894858367315,1.0,0.0,0.0,0.0,1.0,1.0
38,135,0.4214741636651092,2.84450407266764,1.0,0.0,1.0,0.0,1.0,0.0
39,135,2.104301368982272,0.5148803119012818,0.0,1.0,1.0,1.0,1.0,1.0
0,140,5.011157514898494,1.682549962682402,0.0,1.0,0.0,1.0,0.0,1.0
1,140,11.460543514750045,5.870798331576846,1.0,0.0,1.0,1.0,1.0,1.0
2,140,2.27900064789074,1.0247895628100798,0.0,0.0,0.0,0.0,0.0,0.0
3,140,10.243529834886946,3.18695238134707,0.0,0.0,1.0,0.0,0.0,0.0
4,140,1.3734656934706813,5.917307586942743,0.0,0.0,1.0,0.0,1.0,0.0
5,140,4.230781150205705,0.0,1.0,1.0,0.0,0.0,0.0,0.0
6,140,0.0,6.963148978151204,1.0,0.0,1.0,0.0,1.0,1.0
7,140,0.0,9.436364104489376,0.0,0.0,0.0,0.0,1.0,0.0
8,140,4.956521723573131,4.9283463370341725,0.0,0.0,1.0,1.0,0.0,1.0
9,140,11.121310932783093,2.5935006645287886,1.0,0.0,0.0,1.0,0.0,0.0
10,140,4.310878017003889,0.0,0.0,1.0,1.0,0.0,0.0,0.0
11,140,10.354151859143526,10.656825673749683,0.0,0.0,0.0,0.0,1.0,1.0
12,140,3.797478999758004,0.0,0.0,0.0,0.0,0.0,0.0,0.0
13,140,9.385467696386304,10.114617421557506,0.0,1.0,0.0,1.0,1.0,0.0
14,140,12.0,0.0,1.0,0.0,0.0,1.0,0.0,0.0
15,140,9.611144530031572,8.50258000404115,0.0,0.0,0.0,0.0,1.0,0.0
16,140,8.977329755272365,5.218437672030484,1.0,0.0,0.0,0.0,1.0,0.0
17,140,5.50634516500169,12.0,1.0,0.0,0.0,1.0,0.0,0.0
18,140,7.917677179215793,2.710296137442333,0.0,0.0,0.0,0.0,0.0,0.0
19,140,1.546635094716814,7.920076248668474,0.0,0.0,1.0,1.0,0.0,0.0
20,140,11.80692245965781,4.890711629916104,0.0,0.0,0.0,0.0,0.0,0.0
21,140,9.26131472153323,4.929326584419048,0.0,0.0,0.0,0.0,1.0,1.0
22,140,9.244223837289296,3.4893088103108334,0.0,0.0,0.0,0.0,0.0,0.0
23,140,6.232866437928255,10.739432701503285,0.0,1.0,1.0,1.0,0.0,1.0
24,140,11.973663115191298,2.0740187632070106,1.0,1.0,1.0,1.0,0.0,0.0
25,140,11.979246900505665,7.471283458213184,0.0,1.0,0.0,0.0,1.0,1.0
26,140,2.368341684019561,1.0311229113304463,0.0,0.0,0.0,1.0,1.0,1.0
27,140,11.92776914613772,5.775242450527888,0.0,0.0,0.0,1.0,0.0,1.0
28,140,0.0,6.349177476010544,0.0,0.0,0.0,0.0,0.0,0.0
29,140,10.967187197005709,0.572036220287598,1.0,0.0,0.0,0.0,0.0,0.0
30,140,11.381267947519358,8.598459515245327,1.0,1.0,0.0,0.0,1.0,1.0
31,140,5.303147271085468,3.4056800481080995,1.0,1.0,1.0,1.0,0.0,0.0
32,140,4.392570158146115,9.668142784233432,0.0,0.0,0.0,1.0,0.0,0.0
33,140,10.43676709790752,8.966414087955036,0.0,1.0,0.0,0.0,0.0,0.0
34,140,9.34580130257794,11.5727337864971,0.0,1.0,0.0,0.0,1.0,0.0
35,140,3.664856114406854,11.753726276586,1.0,0.0,0.0,0.0,1.0,0.0
36,140,0.2112629304053789,6.073044449353118,0.0,1.0,1.0,0.0,1.0,1.0
37,140,12.0,4.742049818915484,1.0,0.0,0.0,0.0,1.0,1.0
38,140,0.4061051348690662,2.874127058298864,1.0,0.0,1.0,0.0,1.0,0.0
39,140,2.2147317725514384,0.4208228955986887,0.0,1.0,1.0,1.0,1.0,1.0
0,145,4.912485726739732,1.7038949249209443,0.0,1.0,0.0,1.0,0.0,1.0
1,145,11.469177680816257,5.864401253619506,1.0,0.0,1.0,1.0,1.0,1.0
2,145,2.327089053960228,1.0304410291301045,0.0,0.0,0.0,0.0,0.0,0.0
3,145,10.334272106934469,3.240187795877598,0.0,0.0,1.0,0.0,0.0,0.0
4,145,1.4384936017883287,5.90167949062607,0.0,0.0,1.0,0.0,1.0,0.0
5,145,4.219141149289079,0.0,1.0,1.0,0.0,0.0,0.0,0.0
6,145,0.0,7.032561783486582,1.0,0.0,1.0,0.0,1.0,1.0
7,145,0.0,9.420892652808476,0.0,0.0,0.0,0.0,1.0,0.0
8,145,4.9485329806852585,4.915093750246382,0.0,0.0,1.0,1.0,0.0,1.0
9,145,11.056855432305378,2.610450541659078,1.0,0.0,0.0,1.0,0.0,0.0
10,145,4.1916056483542095,0.0,0.0,1.0,1.0,0.0,0.0,0.0
11,145,10.335039322004771,10.709708956357192,0.0,0.0,0.0,0.0,1.0,1.0
12,145,3.796931931178736,0.0012619953232161,0.0,0.0,0.0,0.0,0.0,0.0
13,145,9.402248346675972,10.202758665009238,0.0,1.0,0.0,1.0,1.0,0.0
14,145,12.0,0.0,1.0,0.0,0.0,1.0,0.0,0.0
15,145,9.582907671895434,8.529270322684065,0.0,0.0,0.0,0.0,1.0,0.0
16,145,9.063476977392614,5.172905169020091,1.0,0.0,0.0,0.0,1.0,0.0
17,145,5.614592528325018,12.0,1.0,0.0,0.0,1.0,0.0,0.0
18,145,7.919693658515563,2.701169938257016,0.0,0.0,0.0,0.0,0.0,0.0
19,145,1.573257964567444,7.977323265604192,0.0,0.0,1.0,1.0,0.0,0.0
20,145,11.78277289778118,4.84085348152014,0.0,0.0,0.0,0.0,0.0,0.0
21,145,9.288480375311329,4.906996729075792,0.0,0.0,0.0,0.0,1.0,1.0
22,145,9.339808281362764,3.468359548020526,0.0,0.0,0.0,0.0,0.0,0.0
23,145,6.309276985955642,10.653118242381554,0.0,1.0,1.0,1.0,0.0,1.0
24,145,11.973451532087775,2.0716887176302925,1.0,1.0,1.0,1.0,0.0,0.0
25,145,12.0,7.4940157330542,0.0,1.0,0.0,0.0,1.0,1.0
26,145,2.3703893301902834,1.037699581784811,0.0,0.0,0.0,1.0,1.0,1.0
27,145,11.93297179258005,5.77402166214297,0.0,0.0,0.0,1.0,0.0,1.0
28,145,0.0,6.241076866209944,0.0,0.0,0.0,0.0,0.0,0.0
29,145,10.928721592221258,0.4474679370286917,1.0,0.0,0.0,0.0,0.0,0.0
30,145,11.365944762483204,8.591409460374724,1.0,1.0,0.0,0.0,1.0,1.0
31,145,5.297080817874027,3.557313395248717,1.0,1.0,1.0,1.0,0.0,0.0
32,145,4.446049469383331,9.581166989538623,0.0,0.0,0.0,1.0,0.0,0.0
33,145,10.540217113606102,8.92466796768107,0.0,1.0,0.0,0.0,0.0,0.0
34,145,9.32417693101224,11.598394199505544,0.0,1.0,0.0,0.0,1.0,0.0
35,145,3.700895284467569,11.77634401630225,1.0,0.0,0.0,0.0,1.0,0.0
36,145,0.204111756216777,6.029603583319963,0.0,1.0,1.0,0.0,1.0,1.0
37,145,12.0,4.866146601663359,1.0,0.0,0.0,0.0,1.0,1.0
38,145,0.3922654004734879,2.899581330681074,1.0,0.0,1.0,0.0,1.0,0.0
39,145,2.324807388419121,0.3198034339221584,0.0,1.0,1.0,1.0,1.0,1.0
0,150,4.814619889135763,1.7260005907688,0.0,1.0,0.0,1.0,0.0,1.0
1,150,11.4786232928266,5.857191399797801,1.0,0.0,1.0,1.0,1.0,1.0
2,150,2.3840954825201464,1.037511054507507,0.0,0.0,0.0,0.0,0.0,0.0
3,150,10.408111661742623,3.2848541915169545,0.0,0.0,1.0,0.0,0.0,0.0
4,150,1.4928007650181625,5.886979575472858,0.0,0.0,1.0,0.0,1.0,0.0
5,150,4.204489858465256,0.0,1.0,1.0,0.0,0.0,0.0,0.0
6,150,0.0,7.09978244851076,1.0,0.0,1.0,0.0,1.0,1.0
7,150,0.0,9.402315972285647,0.0,0.0,0.0,0.0,1.0,0.0
8,150,4.939452710438721,4.900012670136181,0.0,0.0,1.0,1.0,0.0,1.0
9,150,11.009559240687691,2.622901614482648,1.0,0.0,0.0,1.0,0.0,0.0
10,150,4.078487582099952,0.0,0.0,1.0,1.0,0.0,0.0,0.0
11,150,10.309538258519153,10.781902001669318,0.0,0.0,0.0,0.0,1.0,1.0
12,150,3.787249862630613,0.0217973135128798,0.0,0.0,0.0,0.0,0.0,0.0
13,150,9.429264153511744,10.31984844056191,0.0,1.0,0.0,1.0,1.0,0.0
14,150,12.0,0.0,1.0,0.0,0.0,1.0,0.0,0.0
15,150,9.550329823456236,8.562142339751306,0.0,0.0,0.0,0.0,1.0,0.0
16,150,9.015192527027496,5.081738448852299,1.0,0.0,0.0,0.0,1.0,0.0
17,150,5.719633091596803,12.0,1.0,0.0,0.0,1.0,0.0,0.0
18,150,7.921457805860304,2.6929961624840013,0.0,0.0,0.0,0.0,0.0,0.0
19,150,1.6039281379711168,8.040875504893103,0.0,0.0,1.0,1.0,0.0,0.0
20,150,11.75386553161793,4.779334042521031,0.0,0.0,0.0,0.0,0.0,0.0
21,150,9.29628085490762,4.900631447519012,0.0,0.0,0.0,0.0,1.0,1.0
22,150,9.429054691600872,3.449242789345855,0.0,0.0,0.0,0.0,0.0,0.0
23,150,6.37814493969715,10.578005536625843,0.0,1.0,1.0,1.0,0.0,1.0
24,150,11.97391630837133,2.075626032151689,1.0,1.0,1.0,1.0,0.0,0.0
25,150,12.0,7.5289929672308356,0.0,1.0,0.0,0.0,1.0,1.0
26,150,2.3628708853973626,1.0169350984730483,0.0,0.0,0.0,1.0,1.0,1.0
27,150,11.936945119092549,5.7730264821884445,0.0,0.0,0.0,1.0,0.0,1.0
28,150,0.0,6.145017360042663,0.0,0.0,0.0,0.0,0.0,0.0
29,150,10.889033451812656,0.3197651484222087,1.0,0.0,0.0,0.0,0.0,0.0
30,150,11.367375121148402,8.592088563196189,1.0,1.0,0.0,0.0,1.0,1.0
31,150,5.294783151481614,3.685939818951912,1.0,1.0,1.0,1.0,0.0,0.0
32,150,4.546221074451891,9.63939208150902,0.0,0.0,0.0,1.0,0.0,0.0
33,150,10.645727704641534,8.88447773562879,0.0,1.0,0.0,0.0,0.0,0.0
34,150,9.297822901388315,11.628845064046889,0.0,1.0,0.0,0.0,1.0,0.0
35,150,3.735555461803696,11.797799605848969,1.0,0.0,0.0,0.0,1.0,0.0
36,150,0.1962759991572343,5.989950703920218,0.0,1.0,1.0,0.0,1.0,1.0
37,150,12.0,4.992438172516347,1.0,0.0,0.0,0.0,1.0,1.0
38,150,0.3825897351552547,2.918065629525002,1.0,0.0,1.0,0.0,1.0,0.0
39,150,2.427725671573888,0.2289475178825573,0.0,1.0,1.0,1.0,1.0,1.0
0,155,4.721963814655376,1.7477758934478629,0.0,1.0,0.0,1.0,0.0,1.0
1,155,11.467438418736736,5.865978970146145,1.0,0.0,1.0,1.0,1.0,1.0
2,155,2.4481690909871388,1.0435936237568608,0.0,0.0,0.0,0.0,0.0,0.0
3,155,10.453947921503785,3.312755669538756,0.0,0.0,1.0,0.0,0.0,0.0
4,155,1.5418041545356242,5.873941657225876,0.0,0.0,1.0,0.0,1.0,0.0
5,155,4.181970441208214,0.0,1.0,1.0,0.0,0.0,0.0,0.0
6,155,0.0,7.166347093886386,1.0,0.0,1.0,0.0,1.0,1.0
7,155,0.0,9.367431491042536,0.0,0.0,0.0,0.0,1.0,0.0
8,155,4.932998992840101,4.889464953354094,0.0,0.0,1.0,1.0,0.0,1.0
9,155,10.983522508014357,2.63019916226053,1.0,0.0,0.0,1.0,0.0,0.0
10,155,3.960714060919646,0.0,0.0,1.0,1.0,0.0,0.0,0.0
11,155,10.28858274765518,10.842934362892793,0.0,0.0,0.0,0.0,1.0,1.0
12,155,3.77848149590154,0.0409459603974708,0.0,0.0,0.0,0.0,0.0,0.0
13,155,9.45107087264375,10.410497103071044,0.0,1.0,0.0,1.0,1.0,0.0
14,155,12.0,0.0,1.0,0.0,0.0,1.0,0.0,0.0
15,155,9.513966903605624,8.597788437066383,0.0,0.0,0.0,0.0,1.0,0.0
16,155,8.962928405680385,4.985530908613474,1.0,0.0,0.0,0.0,1.0,0.0
17,155,5.817373894500179,12.0,1.0,0.0,0.0,1.0,0.0,0.0
18,155,7.920012614584293,2.6995729694965087,0.0,0.0,0.0,0.0,0.0,0.0
19,155,1.622656091902921,8.079244147929362,0.0,0.0,1.0,1.0,0.0,0.0
20,155,11.731677043371462,4.728434672698351,0.0,0.0,0.0,0.0,0.0,0.0
21,155,9.317241061912322,4.8843750801642685,0.0,0.0,0.0,0.0,1.0,1.0
22,155,9.498574903098564,3.434516689343424,0.0,0.0,0.0,0.0,0.0,0.0
23,155,6.4425838944652645,10.511368922934988,0.0,1.0,1.0,1.0,0.0,1.0
24,155,11.974481297535732,2.081113120539183,1.0,1.0,1.0,1.0,0.0,0.0
25,155,12.0,7.555817677879439,0.0,1.0,0.0,0.0,1.0,1.0
26,155,2.362757049584984,1.0166390211135294,0.0,0.0,0.0,1.0,1.0,1.0
27,155,11.935884263784738,5.773285195058189,0.0,0.0,0.0,1.0,0.0,1.0
28,155,0.0,6.054480805237246,0.0,0.0,0.0,0.0,0.0,0.0
29,155,10.840700447695571,0.1732913811194424,1.0,0.0,0.0,0.0,0.0,0.0
30,155,11.397201435486275,8.606338987440031,1.0,1.0,0.0,0.0,1.0,1.0
31,155,5.291719432588918,3.813570291213228,1.0,1.0,1.0,1.0,0.0,0.0
32,155,4.63654158399185,9.689968121234202,0.0,0.0,0.0,1.0,0.0,0.0
33,155,10.745603760726924,8.847616259796325,0.0,1.0,0.0,0.0,0.0,0.0
34,155,9.268499082620409,11.663054801472828,0.0,1.0,0.0,0.0,1.0,0.0
35,155,3.758492890199519,11.81180836704148,1.0,0.0,0.0,0.0,1.0,0.0
36,155,0.1850000077107285,5.936777522182815,0.0,1.0,1.0,0.0,1.0,1.0
37,155,12.0,5.100015278110875,1.0,0.0,0.0,0.0,1.0,1.0
38,155,0.377303144093458,2.928660488814504,1.0,0.0,1.0,0.0,1.0,0.0
39,155,2.519878306913012,0.1473184683524248,0.0,1.0,1.0,1.0,1.0,1.0
0,160,4.621841961324496,1.771111280985796,0.0,1.0,0.0,1.0,0.0,1.0
1,160,11.45059168089428,5.879068144138585,1.0,0.0,1.0,1.0,1.0,1.0
2,160,2.521144672260656,1.050987853160817,0.0,0.0,0.0,0.0,0.0,0.0
3,160,10.50546837635639,3.3433600802013768,0.0,0.0,1.0,0.0,0.0,0.0
4,160,1.581656449983404,5.864091237045404,0.0,0.0,1.0,0.0,1.0,0.0
5,160,4.170113458084059,0.0,1.0,1.0,0.0,0.0,0.0,0.0
6,160,0.0,7.236809353890603,1.0,0.0,1.0,0.0,1.0,1.0
7,160,0.0,9.336309988986034,0.0,0.0,0.0,0.0,1.0,0.0
8,160,4.931852200070069,4.887480066086846,0.0,0.0,1.0,1.0,0.0,1.0
9,160,10.975487705097075,2.632369471204325,1.0,0.0,0.0,1.0,0.0,0.0
10,160,3.825240603614455,0.0,0.0,1.0,1.0,0.0,0.0,0.0
11,160,10.266624901593929,10.905846668361493,0.0,0.0,0.0,0.0,1.0,1.0
12,160,3.75910622346641,0.0828059878237873,0.0,0.0,0.0,0.0,0.0,0.0
13,160,9.476292160708969,10.515332358773753,0.0,1.0,0.0,1.0,1.0,0.0
14,160,12.0,0.0,1.0,0.0,0.0,1.0,0.0,0.0
15,160,9.472145750324174,8.637176385847832,0.0,0.0,0.0,0.0,1.0,0.0
16,160,8.90908889414453,4.883858794082714,1.0,0.0,0.0,0.0,1.0,0.0
17,160,5.925968216475447,12.0,1.0,0.0,0.0,1.0,0.0,0.0
18,160,7.913122594434962,2.7290866973460357,0.0,0.0,0.0,0.0,0.0,0.0
19,160,1.635298468562043,8.105607533579416,0.0,0.0,1.0,1.0,0.0,0.0
20,160,11.702129815474835,4.662565404719302,0.0,0.0,0.0,0.0,0.0,0.0
21,160,9.348271857829,4.860539645869021,0.0,0.0,0.0,0.0,1.0,1.0
22,160,9.574597106289817,3.4160039301149583,0.0,0.0,0.0,0.0,0.0,0.0
23,160,6.501065077525474,10.450728404782636,0.0,1.0,1.0,1.0,0.0,1.0
24,160,11.975708863480085,2.0932047408636394,1.0,1.0,1.0,1.0,0.0,0.0
25,160,12.0,7.579778273959024,0.0,1.0,0.0,0.0,1.0,1.0
26,160,2.360464440438125,1.0109957911571277,0.0,0.0,0.0,1.0,1.0,1.0
27,160,11.919982431444216,5.777546900871381,0.0,0.0,0.0,1.0,0.0,1.0
28,160,0.0,5.96762687530089,0.0,0.0,0.0,0.0,0.0,0.0
29,160,10.791185004769032,0.0139615953953818,1.0,0.0,0.0,0.0,0.0,0.0
30,160,11.446255382519658,8.628650292495074,1.0,1.0,0.0,0.0,1.0,1.0
31,160,5.286280851562204,3.9410472018779608,1.0,1.0,1.0,1.0,0.0,0.0
32,160,4.730785875071897,9.744143722234345,0.0,0.0,0.0,1.0,0.0,0.0
33,160,10.85999245016121,8.805110415483977,0.0,1.0,0.0,0.0,0.0,0.0
34,160,9.236036096610276,11.69998185130969,0.0,1.0,0.0,0.0,1.0,0.0
35,160,3.781001262700943,11.82623612944206,1.0,0.0,0.0,0.0,1.0,0.0
36,160,0.1736822265872062,5.879417216387571,0.0,1.0,1.0,0.0,1.0,1.0
37,160,12.0,5.220848387351655,1.0,0.0,0.0,0.0,1.0,1.0
38,160,0.3762582718086678,2.9307587474144845,1.0,0.0,1.0,0.0,1.0,0.0
39,160,2.624361484055464,0.0595674199195136,0.0,1.0,1.0,1.0,1.0,1.0
0,165,4.538478918559766,1.790470879419262,0.0,1.0,0.0,1.0,0.0,1.0
1,165,11.440383121429932,5.886698224224259,1.0,0.0,1.0,1.0,1.0,1.0
2,165,2.585216346693461,1.058245363222766,0.0,0.0,0.0,0.0,0.0,0.0
3,165,10.555881790275834,3.371842865648788,0.0,0.0,1.0,0.0,0.0,0.0
4,165,1.617766003143987,5.855461949471893,0.0,0.0,1.0,0.0,1.0,0.0
5,165,4.1413519329333255,0.0,1.0,1.0,0.0,0.0,0.0,0.0
6,165,0.0,7.307158134812842,1.0,0.0,1.0,0.0,1.0,1.0
7,165,0.0,9.313655076085062,0.0,0.0,0.0,0.0,1.0,0.0
8,165,4.939997088792678,4.901458237592164,0.0,0.0,1.0,1.0,0.0,1.0
9,165,10.986158505852517,2.62927622622942,1.0,0.0,0.0,1.0,0.0,0.0
10,165,3.717964454841842,0.0,0.0,1.0,1.0,0.0,0.0,0.0
11,165,10.240903521298389,10.97993631778727,0.0,0.0,0.0,0.0,1.0,1.0
12,165,3.7336641714441967,0.137598101596844,0.0,0.0,0.0,0.0,0.0,0.0
13,165,9.501164400711172,10.630074136180411,0.0,1.0,0.0,1.0,1.0,0.0
14,165,12.0,0.0,1.0,0.0,0.0,1.0,0.0,0.0
15,165,9.41169483472294,8.690686849119727,0.0,0.0,0.0,0.0,1.0,0.0
16,165,8.849871001205472,4.770362304893773,1.0,0.0,0.0,0.0,1.0,0.0
17,165,6.042865618454133,12.0,1.0,0.0,0.0,1.0,0.0,0.0
18,165,7.900234629709601,2.788167121776698,0.0,0.0,0.0,0.0,0.0,0.0
19,165,1.6340400915802686,8.103190750270898,0.0,0.0,1.0,1.0,0.0,0.0
20,165,11.67061930520161,4.589917375442444,0.0,0.0,0.0,0.0,0.0,0.0
21,165,9.415102122030332,4.806753681138507,0.0,0.0,0.0,0.0,1.0,1.0
22,165,9.646816265397334,3.399839368996432,0.0,0.0,0.0,0.0,0.0,0.0
23,165,6.552174193808559,10.395889557640086,0.0,1.0,1.0,1.0,0.0,1.0
24,165,11.978232292493736,2.11119174463425,1.0,1.0,1.0,1.0,0.0,0.0
25,165,12.0,7.6004838271556,0.0,1.0,0.0,0.0,1.0,1.0
26,165,2.34917316139275,0.9842369647508904,0.0,0.0,0.0,1.0,1.0,1.0
27,165,11.911658213399823,5.779715471355391,0.0,0.0,0.0,1.0,0.0,1.0
28,165,0.0,5.8981040366440345,0.0,0.0,0.0,0.0,0.0,0.0
29,165,10.73472555751276,0.0,1.0,0.0,0.0,0.0,0.0,0.0
30,165,11.475945245821272,8.642831473634693,1.0,1.0,0.0,0.0,1.0,1.0
31,165,5.280014550316203,4.078408011757784,1.0,1.0,1.0,1.0,0.0,0.0
32,165,4.830137889076486,9.79852087326362,0.0,0.0,0.0,1.0,0.0,0.0
33,165,10.97205707879688,8.762482512463436,0.0,1.0,0.0,0.0,0.0,0.0
34,165,9.196369522756362,11.744291951716653,0.0,1.0,0.0,0.0,1.0,0.0
35,165,3.780471872822009,11.825914227562668,1.0,0.0,0.0,0.0,1.0,0.0
36,165,0.1624138193267863,5.820663610290439,0.0,1.0,1.0,0.0,1.0,1.0
37,165,12.0,5.3272370793360375,1.0,0.0,0.0,0.0,1.0,1.0
38,165,0.381914922853571,2.9196662822095414,1.0,0.0,1.0,0.0,1.0,0.0
39,165,2.7527846058201213,0.0,0.0,1.0,1.0,1.0,1.0,1.0
0,170,4.48474767727152,1.8013150914001703,0.0,1.0,0.0,1.0,0.0,1.0
1,170,11.424456575578308,5.898433987727213,1.0,0.0,1.0,1.0,1.0,1.0
2,170,2.6714108389703206,1.0657163552531634,0.0,0.0,0.0,0.0,0.0,0.0
3,170,10.61395188345693,3.4065280704320706,0.0,0.0,1.0,0.0,0.0,0.0
4,170,1.6616809190172777,5.845549193188835,0.0,0.0,1.0,0.0,1.0,0.0
5,170,4.115361230195474,0.0,1.0,1.0,0.0,0.0,0.0,0.0
6,170,0.0,7.382418127545192,1.0,0.0,1.0,0.0,1.0,1.0
7,170,0.0,9.287856036325117,0.0,0.0,0.0,0.0,1.0,0.0
8,170,4.961860007316391,4.938266962088896,0.0,0.0,1.0,1.0,0.0,1.0
9,170,10.998892218544214,2.625255118676034,1.0,0.0,0.0,1.0,0.0,0.0
10,170,3.61927419926446,0.0,0.0,1.0,1.0,0.0,0.0,0.0
11,170,10.21581494706672,11.052099579307368,0.0,0.0,0.0,0.0,1.0,1.0
12,170,3.7059547679583753,0.1964734402039618,0.0,0.0,0.0,0.0,0.0,0.0
13,170,9.528526791162813,10.758486987971295,0.0,1.0,0.0,1.0,1.0,0.0
14,170,12.0,0.0,1.0,0.0,0.0,1.0,0.0,0.0
15,170,9.362938862019591,8.73359128003622,0.0,0.0,0.0,0.0,1.0,0.0
16,170,8.787448708769617,4.648180224968455,1.0,0.0,0.0,0.0,1.0,0.0
17,170,6.152318214241395,12.0,1.0,0.0,0.0,1.0,0.0,0.0
18,170,7.888493675236012,2.8534824195753834,0.0,0.0,0.0,0.0,0.0,0.0
19,170,1.6227104304024478,8.081130166095788,0.0,0.0,1.0,1.0,0.0,0.0
20,170,11.64256586945564,4.524044214209803,0.0,0.0,0.0,0.0,0.0,0.0
21,170,9.486221376338069,4.751495825087193,0.0,0.0,0.0,0.0,1.0,1.0
22,170,9.72122120317646,3.381731953933619,0.0,0.0,0.0,0.0,0.0,0.0
23,170,6.607430589097218,10.33385882076083,0.0,1.0,1.0,1.0,0.0,1.0
24,170,11.982337471291004,2.138570751637795,1.0,1.0,1.0,1.0,0.0,0.0
25,170,12.0,7.612026273333893,0.0,1.0,0.0,0.0,1.0,1.0
26,170,2.339049002596707,0.9601021107660056,0.0,0.0,0.0,1.0,1.0,1.0
27,170,11.920497259255992,5.777535097568241,0.0,0.0,0.0,1.0,0.0,1.0
28,170,0.0,5.832894139829666,0.0,0.0,0.0,0.0,0.0,0.0
29,170,10.68308071977138,0.0,1.0,0.0,0.0,0.0,0.0,0.0
30,170,11.522744663420385,8.664615667452706,1.0,1.0,0.0,0.0,1.0,1.0
31,170,5.27233448937047,4.23572519915633,1.0,1.0,1.0,1.0,0.0,0.0
32,170,4.919497376585504,9.849677099625954,0.0,0.0,0.0,1.0,0.0,0.0
33,170,11.091100257855736,8.719139404397573,0.0,1.0,0.0,0.0,0.0,0.0
34,170,9.141041114844056,11.804471572001804,0.0,1.0,0.0,0.0,1.0,0.0
35,170,3.769748239568809,11.820224764457656,1.0,0.0,0.0,0.0,1.0,0.0
36,170,0.1520176855662113,5.762221988109534,0.0,1.0,1.0,0.0,1.0,1.0
37,170,12.0,5.436929779671616,1.0,0.0,0.0,0.0,1.0,1.0
38,170,0.3928131985265137,2.89741849773575,1.0,0.0,1.0,0.0,1.0,0.0
39,170,2.896986754918331,0.0,0.0,1.0,1.0,1.0,1.0,1.0
0,175,4.437242561324568,1.811183764519099,0.0,1.0,0.0,1.0,0.0,1.0
1,175,11.43645281076577,5.890038502613758,1.0,0.0,1.0,1.0,1.0,1.0
2,175,2.774169360398074,1.074133009888523,0.0,0.0,0.0,0.0,0.0,0.0
3,175,10.680736102866728,3.445060628745504,0.0,0.0,1.0,0.0,0.0,0.0
4,175,1.7097383077726067,5.834970031534259,0.0,0.0,1.0,0.0,1.0,0.0
5,175,4.0962294386568665,0.0,1.0,1.0,0.0,0.0,0.0,0.0
6,175,0.0,7.469220775754582,1.0,0.0,1.0,0.0,1.0,1.0
7,175,0.0,9.263960492486143,0.0,0.0,0.0,0.0,1.0,0.0
8,175,4.9737903081368255,4.957821194615053,0.0,0.0,1.0,1.0,0.0,1.0
9,175,11.01105056861014,2.62138150852642,1.0,0.0,0.0,1.0,0.0,0.0
10,175,3.5045295755982764,0.0,0.0,1.0,1.0,0.0,0.0,0.0
11,175,10.192749922032244,11.118564488008166,0.0,0.0,0.0,0.0,1.0,1.0
12,175,3.67163651093381,0.2687339159392027,0.0,0.0,0.0,0.0,0.0,0.0
13,175,9.555186600961786,10.87887398302045,0.0,1.0,0.0,1.0,1.0,0.0
14,175,12.0,0.0,1.0,0.0,0.0,1.0,0.0,0.0
15,175,9.327852205737411,8.763443456946376,0.0,0.0,0.0,0.0,1.0,0.0
16,175,8.7215259382255,4.517975595984087,1.0,0.0,0.0,0.0,1.0,0.0
17,175,6.242361853661686,12.0,1.0,0.0,0.0,1.0,0.0,0.0
18,175,7.882095881677472,2.895190328358563,0.0,0.0,0.0,0.0,0.0,0.0
19,175,1.604861567282338,8.048559362316947,0.0,0.0,1.0,1.0,0.0,0.0
20,175,11.569091956315509,4.554932623969758,0.0,0.0,0.0,0.0,0.0,0.0
21,175,9.556858500395618,4.696365742059586,0.0,0.0,0.0,0.0,1.0,1.0
22,175,9.779098560247029,3.36685914647312,0.0,0.0,0.0,0.0,0.0,0.0
23,175,6.665367040023388,10.267449845198255,0.0,1.0,1.0,1.0,0.0,1.0
24,175,11.985778707033871,2.16167117008258,1.0,1.0,1.0,1.0,0.0,0.0
25,175,12.0,7.62152973052179,0.0,1.0,0.0,0.0,1.0,1.0
26,175,2.331677787911053,0.9437035475987062,0.0,0.0,0.0,1.0,1.0,1.0
27,175,11.916446497739658,5.778547380209894,0.0,0.0,0.0,1.0,0.0,1.0
28,175,0.0,5.7727075979661615,0.0,0.0,0.0,0.0,0.0,0.0
29,175,10.635787827214578,0.0,1.0,0.0,0.0,0.0,0.0,0.0
30,175,11.576211619576338,8.689216963589832,1.0,1.0,0.0,0.0,1.0,1.0
31,175,5.263120914077839,4.384937381241879,1.0,1.0,1.0,1.0,0.0,0.0
32,175,4.994939798669255,9.890313953834692,0.0,0.0,0.0,1.0,0.0,0.0
33,175,11.225031142454078,8.669278086672369,0.0,1.0,0.0,0.0,0.0,0.0
34,175,9.09662944508108,11.858902733101324,0.0,1.0,0.0,0.0,1.0,0.0
35,175,3.766377490864466,11.818449893024814,1.0,0.0,0.0,0.0,1.0,0.0
36,175,0.1402868835108359,5.697775758520184,0.0,1.0,1.0,0.0,1.0,1.0
37,175,12.0,5.547844397748422,1.0,0.0,0.0,0.0,1.0,1.0
38,175,0.3924754020525275,2.898062797951188,1.0,0.0,1.0,0.0,1.0,0.0
39,175,3.0425965080004147,0.0,0.0,1.0,1.0,1.0,1.0,1.0
0,180,4.381058887666091,1.8250460570126357,0.0,1.0,0.0,1.0,0.0,1.0
1,180,11.42685610438807,5.8968859356671,1.0,0.0,1.0,1.0,1.0,1.0
2,180,2.877384247006952,1.0844538417850402,0.0,0.0,0.0,0.0,0.0,0.0
3,180,10.75816077122095,3.4880384302814327,0.0,0.0,1.0,0.0,0.0,0.0
4,180,1.7551764350895678,5.824173643908825,0.0,0.0,1.0,0.0,1.0,0.0
5,180,4.073061103041138,0.0,1.0,1.0,0.0,0.0,0.0,0.0
6,180,0.0,7.554265484747926,1.0,0.0,1.0,0.0,1.0,1.0
7,180,0.0,9.221750747820808,0.0,0.0,0.0,0.0,1.0,0.0
8,180,4.992503126431408,4.990295009381534,0.0,0.0,1.0,1.0,0.0,1.0
9,180,11.02179260190128,2.617948005553381,1.0,0.0,0.0,1.0,0.0,0.0
10,180,3.3699457220760216,0.0,0.0,1.0,1.0,0.0,0.0,0.0
11,180,10.177396283655748,11.160031477467966,0.0,0.0,0.0,0.0,1.0,1.0
12,180,3.645332417370614,0.3160427999450035,0.0,0.0,0.0,0.0,0.0,0.0
13,180,9.575127568808345,10.971775809391854,0.0,1.0,0.0,1.0,1.0,0.0
14,180,12.0,0.0,1.0,0.0,0.0,1.0,0.0,0.0
15,180,9.293965908263624,8.792482669085873,0.0,0.0,0.0,0.0,1.0,0.0
16,180,8.65951559134657,4.394463149746387,1.0,0.0,0.0,0.0,1.0,0.0
17,180,6.330529487860993,12.0,1.0,0.0,0.0,1.0,0.0,0.0
18,180,7.872491934800269,2.9521354070665318,0.0,0.0,0.0,0.0,0.0,0.0
19,180,1.5875922962198203,8.017922388359835,0.0,0.0,1.0,1.0,0.0,0.0
20,180,11.48650663124708,4.589656125804195,0.0,0.0,0.0,0.0,0.0,0.0
21,180,9.615554385827824,4.649041774028426,0.0,0.0,0.0,0.0,1.0,1.0
22,180,9.848697906024707,3.351350619120104,0.0,0.0,0.0,0.0,0.0,0.0
23,180,6.70132312783621,10.223625467911615,0.0,1.0,1.0,1.0,0.0,1.0
24,180,11.990251799707796,2.191912549223891,1.0,1.0,1.0,1.0,0.0,0.0
25,180,11.991625042274734,7.615341880360791,0.0,1.0,0.0,0.0,1.0,1.0
26,180,2.323817581673309,0.9253373729442576,0.0,0.0,0.0,1.0,1.0,1.0
27,180,11.914683152502572,5.77903201486602,0.0,0.0,0.0,1.0,0.0,1.0
28,180,0.0,5.721315820855061,0.0,0.0,0.0,0.0,0.0,0.0
29,180,10.58016418856394,0.0,1.0,0.0,0.0,0.0,0.0,0.0
30,180,11.630331731658217,8.713412018457593,1.0,1.0,0.0,0.0,1.0,1.0
31,180,5.399122492389302,4.393614733911671,1.0,1.0,1.0,1.0,0.0,0.0
32,180,5.044084954777397,9.9170426158554,0.0,0.0,0.0,1.0,0.0,0.0
33,180,11.357181516684724,8.622122204000897,0.0,1.0,0.0,0.0,0.0,0.0
34,180,9.05446104051302,11.910497423531508,0.0,1.0,0.0,0.0,1.0,0.0
35,180,3.7732608535775376,11.82244200688016,1.0,0.0,0.0,0.0,1.0,0.0
36,180,0.129053992655901,5.6314861182632105,0.0,1.0,1.0,0.0,1.0,1.0
37,180,12.0,5.661281553444351,1.0,0.0,0.0,0.0,1.0,1.0
38,180,0.3897648009321341,2.903372904115882,1.0,0.0,1.0,0.0,1.0,0.0
39,180,3.1772547165741263,0.0,0.0,1.0,1.0,1.0,1.0,1.0
0,185,4.324540785979985,1.8403832768445685,0.0,1.0,0.0,1.0,0.0,1.0
1,185,11.393579775697798,5.921618690839581,1.0,0.0,1.0,1.0,1.0,1.0
2,185,2.9693941776242503,1.0950670474965092,0.0,0.0,0.0,0.0,0.0,0.0
3,185,10.841744995082513,3.535177688897078,0.0,0.0,1.0,0.0,0.0,0.0
4,185,1.782687081691206,5.817768504019822,0.0,0.0,1.0,0.0,1.0,0.0
5,185,4.049083419983102,0.0,1.0,1.0,0.0,0.0,0.0,0.0
6,185,0.0,7.636296854973598,1.0,0.0,1.0,0.0,1.0,1.0
7,185,0.0,9.182105026465775,0.0,0.0,0.0,0.0,1.0,0.0
8,185,5.022158592213774,5.042815229031917,0.0,0.0,1.0,1.0,0.0,1.0
9,185,11.038730550113218,2.612609480511453,1.0,0.0,0.0,1.0,0.0,0.0
10,185,3.217909765569148,0.0,0.0,1.0,1.0,0.0,0.0,0.0
11,185,10.165410926271754,11.194800632866205,0.0,0.0,0.0,0.0,1.0,1.0
12,185,3.610417298670041,0.3771381052965026,0.0,0.0,0.0,0.0,0.0,0.0
13,185,9.589765988846684,11.0448375026618,0.0,1.0,0.0,1.0,1.0,0.0
14,185,12.0,0.0,1.0,0.0,0.0,1.0,0.0,0.0
15,185,9.244872211906864,8.829516478776398,0.0,0.0,0.0,0.0,1.0,0.0
16,185,8.604481134922294,4.290665101494867,1.0,0.0,0.0,0.0,1.0,0.0
17,185,6.409318072247734,12.0,1.0,0.0,0.0,1.0,0.0,0.0
18,185,7.863547328425066,3.0062888148475477,0.0,0.0,0.0,0.0,0.0,0.0
19,185,1.5716777568611993,7.989344889586499,0.0,0.0,1.0,1.0,0.0,0.0
20,185,11.388512992658471,4.627330853250219,0.0,0.0,0.0,0.0,0.0,0.0
21,185,9.670918478909671,4.603676959243818,0.0,0.0,0.0,0.0,1.0,1.0
22,185,9.942575729216742,3.328520449685556,0.0,0.0,0.0,0.0,0.0,0.0
23,185,6.7237783182414725,10.19532651690228,0.0,1.0,1.0,1.0,0.0,1.0
24,185,11.99417539015593,2.218322793330309,1.0,1.0,1.0,1.0,0.0,0.0
25,185,11.976755009280506,7.604144067151093,0.0,1.0,0.0,0.0,1.0,1.0
26,185,2.3196833473760297,0.9157346184350914,0.0,0.0,0.0,1.0,1.0,1.0
27,185,11.90869315855551,5.78052761266171,0.0,0.0,0.0,1.0,0.0,1.0
28,185,0.0,5.662408463757832,0.0,0.0,0.0,0.0,0.0,0.0
29,185,10.526159462009378,0.0,1.0,0.0,0.0,0.0,0.0,0.0
30,185,11.674790124357372,8.734233067437637,1.0,1.0,0.0,0.0,1.0,1.0
31,185,5.545432251250143,4.4002450941777,1.0,1.0,1.0,1.0,0.0,0.0
32,185,5.103414586475192,9.949770270745177,0.0,0.0,0.0,1.0,0.0,0.0
33,185,11.482553440428806,8.575795579779532,0.0,1.0,0.0,0.0,0.0,0.0
34,185,9.004158926066292,11.970225380283397,0.0,1.0,0.0,0.0,1.0,0.0
35,185,3.78184786445546,11.82725395063197,1.0,0.0,0.0,0.0,1.0,0.0
36,185,0.1177342539713075,5.562977172623387,0.0,1.0,1.0,0.0,1.0,1.0
37,185,12.0,5.777427369656073,1.0,0.0,0.0,0.0,1.0,1.0
38,185,0.3858317646630538,2.910782625713145,1.0,0.0,1.0,0.0,1.0,0.0
39,185,3.307620252430296,0.0,0.0,1.0,1.0,1.0,1.0,1.0
0,190,4.237455467115588,1.862514678010715,0.0,1.0,0.0,1.0,0.0,1.0
1,190,11.378252168553011,5.932495516478862,1.0,0.0,1.0,1.0,1.0,1.0
2,190,3.0746568635218363,1.104615037054112,0.0,0.0,0.0,0.0,0.0,0.0
3,190,10.905596970680277,3.571879791760052,0.0,0.0,1.0,0.0,0.0,0.0
4,190,1.7973897787525248,5.814740791067522,0.0,0.0,1.0,0.0,1.0,0.0
5,190,4.02961037959752,0.0,1.0,1.0,0.0,0.0,0.0,0.0
6,190,0.0,7.723641768049659,1.0,0.0,1.0,0.0,1.0,1.0
7,190,0.0,9.14938428591792,0.0,0.0,0.0,0.0,1.0,0.0
8,190,5.045705069072447,5.0836986852870485,0.0,0.0,1.0,1.0,0.0,1.0
9,190,11.076601250351212,2.6006394962397223,1.0,0.0,0.0,1.0,0.0,0.0
10,190,3.0877672986886804,0.0,0.0,1.0,1.0,0.0,0.0,0.0
11,190,10.151150306458096,11.23696370317538,0.0,0.0,0.0,0.0,1.0,1.0
12,190,3.583007700937586,0.4244220964361022,0.0,0.0,0.0,0.0,0.0,0.0
13,190,9.612577926336078,11.144672156229388,0.0,1.0,0.0,1.0,1.0,0.0
14,190,12.0,0.0,1.0,0.0,0.0,1.0,0.0,0.0
15,190,9.199837288331386,8.863148935653443,0.0,0.0,0.0,0.0,1.0,0.0
16,190,8.561563882123608,4.205103856041617,1.0,0.0,0.0,0.0,1.0,0.0
17,190,6.486404331171283,12.0,1.0,0.0,0.0,1.0,0.0,0.0
18,190,7.856552026968844,3.0477320779257133,0.0,0.0,0.0,0.0,0.0,0.0
19,190,1.5524226168326416,7.9540943509910065,0.0,0.0,1.0,1.0,0.0,0.0
20,190,11.28503320055048,4.663676694666645,0.0,0.0,0.0,0.0,0.0,0.0
21,190,9.722530830928552,4.563095888720776,0.0,0.0,0.0,0.0,1.0,1.0
22,190,10.04630491695522,3.301021108132141,0.0,0.0,0.0,0.0,0.0,0.0
23,190,6.743878364388396,10.171519587695268,0.0,1.0,1.0,1.0,0.0,1.0
24,190,11.99516528127774,2.225084547501205,1.0,1.0,1.0,1.0,0.0,0.0
25,190,11.954946989686407,7.587848783510737,0.0,1.0,0.0,0.0,1.0,1.0
26,190,2.315268327412838,0.9054681086228225,0.0,0.0,0.0,1.0,1.0,1.0
27,190,11.915119807875504,5.778996131778685,0.0,0.0,0.0,1.0,0.0,1.0
28,190,0.0,5.607499327090402,0.0,0.0,0.0,0.0,0.0,0.0
29,190,10.47701243116806,0.0,1.0,0.0,0.0,0.0,0.0,0.0
30,190,11.729424889274872,8.76098585055895,1.0,1.0,0.0,0.0,1.0,1.0
31,190,5.7049553793230565,4.408834375521584,1.0,1.0,1.0,1.0,0.0,0.0
32,190,5.187723204512101,9.994495276499125,0.0,0.0,0.0,1.0,0.0,0.0
33,190,11.622912535084913,8.529499806665306,0.0,1.0,0.0,0.0,0.0,0.0
34,190,8.955979500837014,12.0,0.0,1.0,0.0,0.0,1.0,0.0
35,190,3.792628221761436,11.83286067801956,1.0,0.0,0.0,0.0,1.0,0.0
36,190,0.1100452514598753,5.505447029282001,0.0,1.0,1.0,0.0,1.0,1.0
37,190,12.0,5.912450313125566,1.0,0.0,0.0,0.0,1.0,1.0
38,190,0.3822363753245014,2.917211942613934,1.0,0.0,1.0,0.0,1.0,0.0
39,190,3.444197550020398,0.0,0.0,1.0,1.0,1.0,1.0,1.0
0,195,4.144814256066991,1.8858760396679333,0.0,1.0,0.0,1.0,0.0,1.0
1,195,11.34348124318375,5.957478087430521,1.0,0.0,1.0,1.0,1.0,1.0
2,195,3.1773365122400814,1.1151772746383717,0.0,0.0,0.0,0.0,0.0,0.0
3,195,10.968963352068217,3.6069180342674976,0.0,0.0,1.0,0.0,0.0,0.0
4,195,1.8433250750010888,5.804557780103539,0.0,0.0,1.0,0.0,1.0,0.0
5,195,4.012245392241018,0.0,1.0,1.0,0.0,0.0,0.0,0.0
6,195,0.0,7.822046366809576,1.0,0.0,1.0,0.0,1.0,1.0
7,195,0.0,9.11478818450226,0.0,0.0,0.0,0.0,1.0,0.0
8,195,5.066423550277941,5.1180587647312485,0.0,0.0,1.0,1.0,0.0,1.0
9,195,11.123127454323358,2.585394206517804,1.0,0.0,0.0,1.0,0.0,0.0
10,195,2.9664220043588023,0.0,0.0,1.0,1.0,0.0,0.0,0.0
11,195,10.139398988567402,11.271708224720436,0.0,0.0,0.0,0.0,1.0,1.0
12,195,3.560100129826949,0.466973060302665,0.0,0.0,0.0,0.0,0.0,0.0
13,195,9.641887622825324,11.25557498581008,0.0,1.0,0.0,1.0,1.0,0.0
14,195,12.0,0.0,1.0,0.0,0.0,1.0,0.0,0.0
15,195,9.153295626603926,8.89621176686815,0.0,0.0,0.0,0.0,1.0,0.0
16,195,8.511760121313028,4.1140151399096245,1.0,0.0,0.0,0.0,1.0,0.0
17,195,6.554865723047133,12.0,1.0,0.0,0.0,1.0,0.0,0.0
18,195,7.849276179555876,3.091734910944775,0.0,0.0,0.0,0.0,0.0,0.0
19,195,1.5310990938204418,7.915233663386895,0.0,0.0,1.0,1.0,0.0,0.0
20,195,11.17380935617506,4.704580656016513,0.0,0.0,0.0,0.0,0.0,0.0
21,195,9.778387842398068,4.517259978296439,0.0,0.0,0.0,0.0,1.0,1.0
22,195,10.125934322140129,3.280901679931533,0.0,0.0,0.0,0.0,0.0,0.0
23,195,6.763542868702486,10.14713162931988,0.0,1.0,1.0,1.0,0.0,1.0
24,195,11.997042484206233,2.238244021601991,1.0,1.0,1.0,1.0,0.0,0.0
25,195,11.92007847861047,7.56339545255779,0.0,1.0,0.0,0.0,1.0,1.0
26,195,2.2855717948585923,0.9173023490962756,0.0,0.0,0.0,1.0,1.0,1.0
27,195,11.917502986607946,5.778418550028877,0.0,0.0,0.0,1.0,0.0,1.0
28,195,0.0,5.545406725143951,0.0,0.0,0.0,0.0,0.0,0.0
29,195,10.43553977461558,0.0,1.0,0.0,0.0,0.0,0.0,0.0
30,195,11.805773827641993,8.798382431876986,1.0,1.0,0.0,0.0,1.0,1.0
31,195,5.8418310295957125,4.418044146417811,1.0,1.0,1.0,1.0,0.0,0.0
32,195,5.26154677473515,10.032016477832608,0.0,0.0,0.0,1.0,0.0,0.0
33,195,11.753527125936372,8.484230566204676,0.0,1.0,0.0,0.0,0.0,0.0
34,195,8.915781045846492,12.0,0.0,1.0,0.0,0.0,1.0,0.0
35,195,3.818829532392504,11.846277456182548,1.0,0.0,0.0,0.0,1.0,0.0
36,195,0.1002832215124856,5.420633504442213,0.0,1.0,1.0,0.0,1.0,1.0
37,195,12.0,6.037772555988871,1.0,0.0,0.0,0.0,1.0,1.0
38,195,0.3668645264066816,2.9462268696784397,1.0,0.0,1.0,0.0,1.0,0.0
39,195,3.5723859101244395,0.0,0.0,1.0,1.0,1.0,1.0,1.0
0,200,4.036640519368669,1.9174138333282629,0.0,1.0,0.0,1.0,0.0,1.0
1,200,11.313174015318689,5.979436472939586,1.0,0.0,1.0,1.0,1.0,1.0
2,200,3.259908416578042,1.1222440724202456,0.0,0.0,0.0,0.0,0.0,0.0
3,200,11.023586081874363,3.638123758693505,0.0,0.0,1.0,0.0,0.0,0.0
4,200,1.8853705321354155,5.7949337997958095,0.0,0.0,1.0,0.0,1.0,0.0
5,200,3.982983687655543,0.0,1.0,1.0,0.0,0.0,0.0,0.0
6,200,0.0,7.901994623337106,1.0,0.0,1.0,0.0,1.0,1.0
7,200,0.0,9.07586054093614,0.0,0.0,0.0,0.0,1.0,0.0
8,200,5.08890922570065,5.154557226730396,0.0,0.0,1.0,1.0,0.0,1.0
9,200,11.161514412388335,2.5729977010480503,1.0,0.0,0.0,1.0,0.0,0.0
10,200,2.8351246070440186,0.0,0.0,1.0,1.0,0.0,0.0,0.0
11,200,10.118068052491466,11.33191302512898,0.0,0.0,0.0,0.0,1.0,1.0
12,200,3.538091588915768,0.5072531016589401,0.0,0.0,0.0,0.0,0.0,0.0
13,200,9.666288078009677,11.35996987564075,0.0,1.0,0.0,1.0,1.0,0.0
14,200,12.0,0.0,1.0,0.0,0.0,1.0,0.0,0.0
15,200,9.1160104028643,8.922215463466705,0.0,0.0,0.0,0.0,1.0,0.0
16,200,8.450087006004297,4.0093006680146175,1.0,0.0,0.0,0.0,1.0,0.0
17,200,6.6179940370246335,12.0,1.0,0.0,0.0,1.0,0.0,0.0
18,200,7.842073585067525,3.1393046174793366,0.0,0.0,0.0,0.0,0.0,0.0
19,200,1.497360125904286,7.856338432559922,0.0,0.0,1.0,1.0,0.0,0.0
20,200,11.052884404212026,4.751442148372777,0.0,0.0,0.0,0.0,0.0,0.0
21,200,9.830036980456056,4.475343266486925,0.0,0.0,0.0,0.0,1.0,1.0
22,200,10.213026067564735,3.258436456714163,0.0,0.0,0.0,0.0,0.0,0.0
23,200,6.781331562165997,10.12528248620834,0.0,1.0,1.0,1.0,0.0,1.0
24,200,11.997185634896528,2.2393038671142027,1.0,1.0,1.0,1.0,0.0,0.0
25,200,11.898833345245496,7.548603980192481,0.0,1.0,0.0,0.0,1.0,1.0
26,200,2.243783135281387,0.9343785421756928,0.0,0.0,0.0,1.0,1.0,1.0
27,200,11.91390692154631,5.779284536803414,0.0,0.0,0.0,1.0,0.0,1.0
28,200,0.0,5.489320937171055,0.0,0.0,0.0,0.0,0.0,0.0
29,200,10.397746402628185,0.0,1.0,0.0,0.0,0.0,0.0,0.0
30,200,11.888967494932078,8.841616918038344,1.0,1.0,0.0,0.0,1.0,1.0
31,200,6.007139206178062,4.422331149238213,1.0,1.0,1.0,1.0,0.0,0.0
32,200,5.354433786790008,10.080364542498396,0.0,0.0,0.0,1.0,0.0,0.0
33,200,11.877840809587347,8.442382544915706,0.0,1.0,0.0,0.0,0.0,0.0
34,200,8.870574962764296,12.0,0.0,1.0,0.0,0.0,1.0,0.0
35,200,3.844908079598961,11.860098823714862,1.0,0.0,0.0,0.0,1.0,0.0
36,200,0.0870336925054987,5.328500142189239,0.0,1.0,1.0,0.0,1.0,1.0
37,200,12.0,6.157626643997809,1.0,0.0,0.0,0.0,1.0,1.0
38,200,0.3556104676696576,2.9673587861915403,1.0,0.0,1.0,0.0,1.0,0.0
39,200,3.700033978663044,0.0,0.0,1.0,1.0,1.0,1.0,1.0
0,205,3.9294190857032327,1.9468914121345016,0.0,1.0,0.0,1.0,0.0,1.0
1,205,11.297405799939607,5.9908945440319,1.0,0.0,1.0,1.0,1.0,1.0
2,205,3.333532580011639,1.1298701389771506,0.0,0.0,0.0,0.0,0.0,0.0
3,205,11.08127111213179,3.67097133443,0.0,0.0,1.0,0.0,0.0,0.0
4,205,1.9277764242304087,5.78574709987021,0.0,0.0,1.0,0.0,1.0,0.0
5,205,3.9458852182219255,0.0,1.0,1.0,0.0,0.0,0.0,0.0
6,205,0.0,7.989713456856885,1.0,0.0,1.0,0.0,1.0,1.0
7,205,0.0,9.03205084554617,0.0,0.0,0.0,0.0,1.0,0.0
8,205,5.11152110535658,5.191612481073529,0.0,0.0,1.0,1.0,0.0,1.0
9,205,11.213797488325971,2.553205773184378,1.0,0.0,0.0,1.0,0.0,0.0
10,205,2.698688191597763,0.0,0.0,1.0,1.0,0.0,0.0,0.0
11,205,10.09707631073996,11.394721909547105,0.0,0.0,0.0,0.0,1.0,1.0
12,205,3.512817864031686,0.5519550651369759,0.0,0.0,0.0,0.0,0.0,0.0
13,205,9.784092383436404,11.334302305743016,0.0,1.0,0.0,1.0,1.0,0.0
14,205,12.0,0.0,1.0,0.0,0.0,1.0,0.0,0.0
15,205,9.062009080511338,8.960360302085096,0.0,0.0,0.0,0.0,1.0,0.0
16,205,8.394965288380138,3.9171586561533696,1.0,0.0,0.0,0.0,1.0,0.0
17,205,6.670464891496018,12.0,1.0,0.0,0.0,1.0,0.0,0.0
18,205,7.836130875250072,3.178392727715894,0.0,0.0,0.0,0.0,0.0,0.0
19,205,1.4694915930039023,7.806044273656801,0.0,0.0,1.0,1.0,0.0,0.0
20,205,10.926295656658487,4.799748677003534,0.0,0.0,0.0,0.0,0.0,0.0
21,205,9.88662416646784,4.431429591255928,0.0,0.0,0.0,0.0,1.0,1.0
22,205,10.298981037228389,3.23564362987024,0.0,0.0,0.0,0.0,0.0,0.0
23,205,6.788351379495065,10.116231754593436,0.0,1.0,1.0,1.0,0.0,1.0
24,205,11.996452805465026,2.2345257728189485,1.0,1.0,1.0,1.0,0.0,0.0
25,205,11.86696285887175,7.525797274964504,0.0,1.0,0.0,0.0,1.0,1.0
26,205,2.2097386591058683,0.9484725584887584,0.0,0.0,0.0,1.0,1.0,1.0
27,205,11.916946584712424,5.7785930394308895,0.0,0.0,0.0,1.0,0.0,1.0
28,205,0.0,5.433075096025727,0.0,0.0,0.0,0.0,0.0,0.0
29,205,10.359137372798902,0.0,1.0,0.0,0.0,0.0,0.0,0.0
30,205,11.974278815787226,8.884197320845589,1.0,1.0,0.0,0.0,1.0,1.0
31,205,6.159440215192756,4.427584697157161,1.0,1.0,1.0,1.0,0.0,0.0
32,205,5.442745447651242,10.124690397775892,0.0,0.0,0.0,1.0,0.0,0.0
33,205,12.0,8.39794216750324,0.0,1.0,0.0,0.0,0.0,0.0
34,205,8.821474860708975,12.0,0.0,1.0,0.0,0.0,1.0,0.0
35,205,3.885970473721327,11.882056811481686,1.0,0.0,0.0,0.0,1.0,0.0
36,205,0.0703352385725695,5.220426786792529,0.0,1.0,1.0,0.0,1.0,1.0
37,205,12.0,6.275324261850445,1.0,0.0,0.0,0.0,1.0,1.0
38,205,0.3445917185021434,2.987461467505693,1.0,0.0,1.0,0.0,1.0,0.0
39,205,3.8367535225838663,0.0,0.0,1.0,1.0,1.0,1.0,1.0
0,210,3.818996767962192,1.976640628922824,0.0,1.0,0.0,1.0,0.0,1.0
1,210,11.284577513235725,6.000327648607218,1.0,0.0,1.0,1.0,1.0,1.0
2,210,3.3837650380487454,1.1353569506770065,0.0,0.0,0.0,0.0,0.0,0.0
3,210,11.11869808808389,3.692279349266998,0.0,0.0,1.0,0.0,0.0,0.0
4,210,1.971788593031971,5.776980298939761,0.0,0.0,1.0,0.0,1.0,0.0
5,210,3.9083778286930615,0.0,1.0,1.0,0.0,0.0,0.0,0.0
6,210,0.0,8.08302564731353,1.0,0.0,1.0,0.0,1.0,1.0
7,210,0.0,8.983466840805638,0.0,0.0,0.0,0.0,1.0,0.0
8,210,5.139832086401791,5.239125294678242,0.0,0.0,1.0,1.0,0.0,1.0
9,210,11.26239988294067,2.533352194796153,1.0,0.0,0.0,1.0,0.0,0.0
10,210,2.566713470116316,0.0,0.0,1.0,1.0,0.0,0.0,0.0
11,210,10.077548185073748,11.451683550904583,0.0,0.0,0.0,0.0,1.0,1.0
12,210,3.491163556035291,0.5906193795394329,0.0,0.0,0.0,0.0,0.0,0.0
13,210,9.889997175571512,11.307622844579152,0.0,1.0,0.0,1.0,1.0,0.0
14,210,12.0,0.0,1.0,0.0,0.0,1.0,0.0,0.0
15,210,9.017520260878165,8.991123714085324,0.0,0.0,0.0,0.0,1.0,0.0
16,210,8.326856297639797,3.8051123654474415,1.0,0.0,0.0,0.0,1.0,0.0
17,210,6.723600210022276,12.0,1.0,0.0,0.0,1.0,0.0,0.0
18,210,7.829359749446231,3.225582246614916,0.0,0.0,0.0,0.0,0.0,0.0
19,210,1.4413087056202634,7.757194122451653,0.0,0.0,1.0,1.0,0.0,0.0
20,210,10.807300662808151,4.844979114719255,0.0,0.0,0.0,0.0,0.0,0.0
21,210,9.937554594085784,4.390378549774287,0.0,0.0,0.0,0.0,1.0,1.0
22,210,10.396761622244943,3.212834042491831,0.0,0.0,0.0,0.0,0.0,0.0
23,210,6.802377343978605,10.0982821702041,0.0,1.0,1.0,1.0,0.0,1.0
24,210,11.99607116031793,2.232246740612088,1.0,1.0,1.0,1.0,0.0,0.0
25,210,11.82721013290334,7.498357510184863,0.0,1.0,0.0,0.0,1.0,1.0
26,210,2.176940786935566,0.9612424158872006,0.0,0.0,0.0,1.0,1.0,1.0
27,210,11.905768247210007,5.781433803937732,0.0,0.0,0.0,1.0,0.0,1.0
28,210,0.0,5.370441953001547,0.0,0.0,0.0,0.0,0.0,0.0
29,210,10.327511411177358,0.0,1.0,0.0,0.0,0.0,0.0,0.0
30,210,12.0,8.788090812144107,1.0,1.0,0.0,0.0,1.0,1.0
31,210,6.301459267482605,4.435489520480557,1.0,1.0,1.0,1.0,0.0,0.0
32,210,5.546062943393388,10.17784741225072,0.0,0.0,0.0,1.0,0.0,0.0
33,210,12.0,8.355500729038706,0.0,1.0,0.0,0.0,0.0,0.0
34,210,8.757887131031099,12.0,0.0,1.0,0.0,0.0,1.0,0.0
35,210,3.920247948931564,11.900392307932025,1.0,0.0,0.0,0.0,1.0,0.0
36,210,0.0574118402602391,5.128298701634144,0.0,1.0,1.0,0.0,1.0,1.0
37,210,12.0,6.398146125956501,1.0,0.0,0.0,0.0,1.0,1.0
38,210,0.3341372842142298,3.0060532011555194,1.0,0.0,1.0,0.0,1.0,0.0
39,210,3.993979683274569,0.0,0.0,1.0,1.0,1.0,1.0,1.0
0,215,3.696143587070244,2.011490609562369,0.0,1.0,0.0,1.0,0.0,1.0
1,215,11.25902037137829,6.019716643365617,1.0,0.0,1.0,1.0,1.0,1.0
2,215,3.440258877540354,1.1424627593917802,0.0,0.0,0.0,0.0,0.0,0.0
3,215,11.160989575505956,3.7162502604463614,0.0,0.0,1.0,0.0,0.0,0.0
4,215,2.016570193463129,5.768159950981367,0.0,0.0,1.0,0.0,1.0,0.0
5,215,3.887742847898541,0.0,1.0,1.0,0.0,0.0,0.0,0.0
6,215,0.0,8.193220606973753,1.0,0.0,1.0,0.0,1.0,1.0
7,215,0.0,8.934259322663372,0.0,0.0,0.0,0.0,1.0,0.0
8,215,5.158204853834593,5.270523719516473,0.0,0.0,1.0,1.0,0.0,1.0
9,215,11.31509943342517,2.5120911497155776,1.0,0.0,0.0,1.0,0.0,0.0
10,215,2.452737577622402,0.0,0.0,1.0,1.0,0.0,0.0,0.0
11,215,10.059600917526131,11.497337569018148,0.0,0.0,0.0,0.0,1.0,1.0
12,215,3.4763615073371272,0.616951207992203,0.0,0.0,0.0,0.0,0.0,0.0
13,215,9.999041816017892,11.281668459038054,0.0,1.0,0.0,1.0,1.0,0.0
14,215,12.0,0.0,1.0,0.0,0.0,1.0,0.0,0.0
15,215,8.996030662459397,9.005347667736693,0.0,0.0,0.0,0.0,1.0,0.0
16,215,8.254642786014973,3.686988048312832,1.0,0.0,0.0,0.0,1.0,0.0
17,215,6.7635669197431705,12.0,1.0,0.0,0.0,1.0,0.0,0.0
18,215,7.819686882761921,3.2965588010076687,0.0,0.0,0.0,0.0,0.0,0.0
19,215,1.396635552272664,7.686263394903999,0.0,0.0,1.0,1.0,0.0,0.0
20,215,10.686722088994957,4.889073976413194,0.0,0.0,0.0,0.0,0.0,0.0
21,215,10.009837504036604,4.333172861832433,0.0,0.0,0.0,0.0,1.0,1.0
22,215,10.521390195969758,3.1857318353473776,0.0,0.0,0.0,0.0,0.0,0.0
23,215,6.815355498850608,10.081444221275198,0.0,1.0,1.0,1.0,0.0,1.0
24,215,11.99753442451878,2.240854185597361,1.0,1.0,1.0,1.0,0.0,0.0
25,215,11.798679644521592,7.478934153770094,0.0,1.0,0.0,0.0,1.0,1.0
26,215,2.147532232899453,0.9720899282357318,0.0,0.0,0.0,1.0,1.0,1.0
27,215,11.895752533670072,5.784256747921742,0.0,0.0,0.0,1.0,0.0,1.0
28,215,0.0,5.307617839162708,0.0,0.0,0.0,0.0,0.0,0.0
29,215,10.29315764531196,0.0,1.0,0.0,0.0,0.0,0.0,0.0
30,215,12.0,8.70782276749086,1.0,1.0,0.0,0.0,1.0,1.0
31,215,6.484036198439021,4.446951542958928,1.0,1.0,1.0,1.0,0.0,0.0
32,215,5.667102740840567,10.239921010322778,0.0,0.0,0.0,1.0,0.0,0.0
33,215,12.0,8.313663094970376,0.0,1.0,0.0,0.0,0.0,0.0
34,215,8.698734511095278,12.0,0.0,1.0,0.0,0.0,1.0,0.0
35,215,3.95688156219885,11.9202809935563,1.0,0.0,0.0,0.0,1.0,0.0
36,215,0.0427379677467702,5.019915909162536,0.0,1.0,1.0,0.0,1.0,1.0
37,215,12.0,6.525145249329318,1.0,0.0,0.0,0.0,1.0,1.0
38,215,0.3407365440776823,2.995186281790109,1.0,0.0,1.0,0.0,1.0,0.0
39,215,4.142696465261722,0.0,0.0,1.0,1.0,1.0,1.0,1.0
0,220,3.5845915912203217,2.045001438346887,0.0,1.0,0.0,1.0,0.0,1.0
1,220,11.235690847967442,6.038169441927578,1.0,0.0,1.0,1.0,1.0,1.0
2,220,3.484414733394746,1.148801296543275,0.0,0.0,0.0,0.0,0.0,0.0
3,220,11.213727245060134,3.745464595094257,0.0,0.0,1.0,0.0,0.0,0.0
4,220,2.060733064316616,5.758506792017188,0.0,0.0,1.0,0.0,1.0,0.0
5,220,3.867135929308449,0.0,1.0,1.0,0.0,0.0,0.0,0.0
6,220,0.0,8.29884789879056,1.0,0.0,1.0,0.0,1.0,1.0
7,220,0.0,8.877820996306399,0.0,0.0,0.0,0.0,1.0,0.0
8,220,5.172844919787767,5.294213145039978,0.0,0.0,1.0,1.0,0.0,1.0
9,220,11.368444281355178,2.491298719972292,1.0,0.0,0.0,1.0,0.0,0.0
10,220,2.3409166038992364,0.0,0.0,1.0,1.0,0.0,0.0,0.0
11,220,10.038273901668669,11.553674782598256,0.0,0.0,0.0,0.0,1.0,1.0
12,220,3.462662932874049,0.6414335091882793,0.0,0.0,0.0,0.0,0.0,0.0
13,220,10.115727323737524,11.256085035541592,0.0,1.0,0.0,1.0,1.0,0.0
14,220,12.0,0.0,1.0,0.0,0.0,1.0,0.0,0.0
15,220,8.990044258220541,9.009391850344745,0.0,0.0,0.0,0.0,1.0,0.0
16,220,8.182688701848594,3.5722524350683904,1.0,0.0,0.0,0.0,1.0,0.0
17,220,6.792293827938025,12.0,1.0,0.0,0.0,1.0,0.0,0.0
18,220,7.812654919049577,3.3450463142664053,0.0,0.0,0.0,0.0,0.0,0.0
19,220,1.3580817396385148,7.621159047306714,0.0,0.0,1.0,1.0,0.0,0.0
20,220,10.559400509131509,4.933113090982234,0.0,0.0,0.0,0.0,0.0,0.0
21,220,10.07656312771172,4.279505531594376,0.0,0.0,0.0,0.0,1.0,1.0
22,220,10.66652176307439,3.153752081704805,0.0,0.0,0.0,0.0,0.0,0.0
23,220,6.8360186606490725,10.054346724525798,0.0,1.0,1.0,1.0,0.0,1.0
24,220,12.0,2.2649763855002525,1.0,1.0,1.0,1.0,0.0,0.0
25,220,11.759389657980236,7.453123645222121,0.0,1.0,0.0,0.0,1.0,1.0
26,220,2.11176560581202,0.9863926964758584,0.0,0.0,0.0,1.0,1.0,1.0
27,220,11.88509354038059,5.7871907230218325,0.0,0.0,0.0,1.0,0.0,1.0
28,220,0.0,5.241260406180085,0.0,0.0,0.0,0.0,0.0,0.0
29,220,10.25973220911496,0.0,1.0,0.0,0.0,0.0,0.0,0.0
30,220,12.0,8.63512198197363,1.0,1.0,0.0,0.0,1.0,1.0
31,220,6.677462554420594,4.459840302664136,1.0,1.0,1.0,1.0,0.0,0.0
32,220,5.775009689678107,10.295788986936833,0.0,0.0,0.0,1.0,0.0,0.0
33,220,12.0,8.278180907153535,0.0,1.0,0.0,0.0,0.0,0.0
34,220,8.631616496150107,12.0,0.0,1.0,0.0,0.0,1.0,0.0
35,220,4.002136550134664,11.94568463226643,1.0,0.0,0.0,0.0,1.0,0.0
36,220,0.025421072616296,4.900126258441017,0.0,1.0,1.0,0.0,1.0,1.0
37,220,12.0,6.65091029377167,1.0,0.0,0.0,0.0,1.0,1.0
38,220,0.3475839455112421,2.984066397046205,1.0,0.0,1.0,0.0,1.0,0.0
39,220,4.289977737344669,0.0,0.0,1.0,1.0,1.0,1.0,1.0
0,225,3.461445926429877,2.079755947499484,0.0,1.0,0.0,1.0,0.0,1.0
1,225,11.204941301037358,6.061804007750882,1.0,0.0,1.0,1.0,1.0,1.0
2,225,3.527997231826753,1.153987675673112,0.0,0.0,0.0,0.0,0.0,0.0
3,225,11.253301027484538,3.7663878309968255,0.0,0.0,1.0,0.0,0.0,0.0
4,225,2.107679179154019,5.748421164575611,0.0,0.0,1.0,0.0,1.0,0.0
5,225,3.862516899797666,0.0,1.0,1.0,0.0,0.0,0.0,0.0
6,225,0.0,8.420116736993068,1.0,0.0,1.0,0.0,1.0,1.0
7,225,0.0,8.819297764630626,0.0,0.0,0.0,0.0,1.0,0.0
8,225,5.185729740496869,5.317847633197834,0.0,0.0,1.0,1.0,0.0,1.0
9,225,11.425492184011292,2.4680641063550355,1.0,0.0,0.0,1.0,0.0,0.0
10,225,2.225020876374425,0.0,0.0,1.0,1.0,0.0,0.0,0.0
11,225,10.015166868922892,11.616768778730728,0.0,0.0,0.0,0.0,1.0,1.0
12,225,3.448095288401181,0.6693666747723257,0.0,0.0,0.0,0.0,0.0,0.0
13,225,10.240256955780067,11.229627214971709,0.0,1.0,0.0,1.0,1.0,0.0
14,225,12.0,0.0,1.0,0.0,0.0,1.0,0.0,0.0
15,225,8.989557804358359,9.00972704775891,0.0,0.0,0.0,0.0,1.0,0.0
16,225,8.115116396074377,3.4635752078170885,1.0,0.0,0.0,0.0,1.0,0.0
17,225,6.814718792960575,12.0,1.0,0.0,0.0,1.0,0.0,0.0
18,225,7.804849949115633,3.396961584456615,0.0,0.0,0.0,0.0,0.0,0.0
19,225,1.3385906717212317,7.588469597271757,0.0,0.0,1.0,1.0,0.0,0.0
20,225,10.437119067125902,4.97187985314168,0.0,0.0,0.0,0.0,0.0,0.0
21,225,10.130470050326728,4.235027309270407,0.0,0.0,0.0,0.0,1.0,1.0
22,225,10.819880545760723,3.1179667468250214,0.0,0.0,0.0,0.0,0.0,0.0
23,225,6.851474139932505,10.034375678054472,0.0,1.0,1.0,1.0,0.0,1.0
24,225,12.0,2.2808960276359027,1.0,1.0,1.0,1.0,0.0,0.0
25,225,11.73367769144918,7.436603430457777,0.0,1.0,0.0,0.0,1.0,1.0
26,225,2.0826057812071594,0.9968407006482044,0.0,0.0,0.0,1.0,1.0,1.0
27,225,11.87149965464234,5.790783575860231,0.0,0.0,0.0,1.0,0.0,1.0
28,225,0.0,5.166421765634366,0.0,0.0,0.0,0.0,0.0,0.0
29,225,10.22975544748548,0.0,1.0,0.0,0.0,0.0,0.0,0.0
30,225,12.0,8.571788039681952,1.0,1.0,0.0,0.0,1.0,1.0
31,225,6.8746205431428375,4.471738379172124,1.0,1.0,1.0,1.0,0.0,0.0
32,225,5.830327754339503,10.200509507273727,0.0,0.0,0.0,1.0,0.0,0.0
33,225,12.0,8.235866460270723,0.0,1.0,0.0,0.0,0.0,0.0
34,225,8.570927870580173,12.0,0.0,1.0,0.0,0.0,1.0,0.0
35,225,4.022466238153103,11.956855230737668,1.0,0.0,0.0,0.0,1.0,0.0
36,225,0.0045284741847185,4.755497616079295,0.0,1.0,1.0,0.0,1.0,1.0
37,225,12.0,6.787594323926504,1.0,0.0,0.0,0.0,1.0,1.0
38,225,0.3568551847597296,2.9690451744564514,1.0,0.0,1.0,0.0,1.0,0.0
39,225,4.458367116939022,0.0,0.0,1.0,1.0,1.0,1.0,1.0
0,230,3.3744746027733687,2.106655152748033,0.0,1.0,0.0,1.0,0.0,1.0
1,230,11.233778518146485,6.100026593207398,1.0,0.0,1.0,1.0,1.0,1.0
2,230,3.5903443723578983,1.1604464913384651,0.0,0.0,0.0,0.0,0.0,0.0
3,230,11.287777675850874,3.7843653908855495,0.0,0.0,1.0,0.0,0.0,0.0
4,230,2.165332054197557,5.736364845155983,0.0,0.0,1.0,0.0,1.0,0.0
5,230,3.8542425890518297,0.0,1.0,1.0,0.0,0.0,0.0,0.0
6,230,0.0,8.53536736950553,1.0,0.0,1.0,0.0,1.0,1.0
7,230,0.0,8.774434278561506,0.0,0.0,0.0,0.0,1.0,0.0
8,230,5.192691158607631,5.331012020722518,0.0,0.0,1.0,1.0,0.0,1.0
9,230,11.492138733178685,2.441506328394293,1.0,0.0,0.0,1.0,0.0,0.0
10,230,2.0860492770216665,0.0,0.0,1.0,1.0,0.0,0.0,0.0
11,230,9.99497952729352,11.673421305400264,0.0,0.0,0.0,0.0,1.0,1.0
12,230,3.4237906887983947,0.7140034184087457,0.0,0.0,0.0,0.0,0.0,0.0
13,230,10.35551101247589,11.207732683438309,0.0,1.0,0.0,1.0,1.0,0.0
14,230,12.0,0.0,1.0,0.0,0.0,1.0,0.0,0.0
15,230,8.990502849606195,9.009081401596037,0.0,0.0,0.0,0.0,1.0,0.0
16,230,8.042107933133675,3.3504438730788224,1.0,0.0,0.0,0.0,1.0,0.0
17,230,6.8231932673083415,12.0,1.0,0.0,0.0,1.0,0.0,0.0
18,230,7.795192688578633,3.462696334410873,0.0,0.0,0.0,0.0,0.0,0.0
19,230,1.3257700326645798,7.568092464966209,0.0,0.0,1.0,1.0,0.0,0.0
20,230,10.308154537268386,5.012336429483711,0.0,0.0,0.0,0.0,0.0,0.0
21,230,10.169186274224158,4.203954800650896,0.0,0.0,0.0,0.0,1.0,1.0
22,230,10.957569340485689,3.0919735224551976,0.0,0.0,0.0,0.0,0.0,0.0
23,230,6.864922668464971,10.016647562506318,0.0,1.0,1.0,1.0,0.0,1.0
24,230,11.991722010119988,2.2816073165635165,1.0,1.0,1.0,1.0,0.0,0.0
25,230,11.706842108654389,7.420082137074623,0.0,1.0,0.0,0.0,1.0,1.0
26,230,2.053387593153389,1.0064413907724192,0.0,0.0,0.0,1.0,1.0,1.0
27,230,11.845611087823285,5.797083792500575,0.0,0.0,0.0,1.0,0.0,1.0
28,230,0.0,5.10157772805376,0.0,0.0,0.0,0.0,0.0,0.0
29,230,10.200256978874622,0.0,1.0,0.0,0.0,0.0,0.0,0.0
30,230,12.0,8.502156878932713,1.0,1.0,0.0,0.0,1.0,1.0
31,230,7.063558564030808,4.476537716367829,1.0,1.0,1.0,1.0,0.0,0.0
32,230,5.885111870172385,10.10139214855826,0.0,0.0,0.0,1.0,0.0,0.0
33,230,12.0,8.191000314013639,0.0,1.0,0.0,0.0,0.0,0.0
34,230,8.508785586947692,12.0,0.0,1.0,0.0,0.0,1.0,0.0
35,230,4.054670977353794,11.97434031612151,1.0,0.0,0.0,0.0,1.0,0.0
36,230,0.0,4.626066592940183,0.0,1.0,1.0,0.0,1.0,1.0
37,230,12.0,6.941343576294818,1.0,0.0,0.0,0.0,1.0,1.0
38,230,0.3636173008728965,2.957782317331936,1.0,0.0,1.0,0.0,1.0,0.0
39,230,4.6255710531775645,0.0,0.0,1.0,1.0,1.0,1.0,1.0
0,235,3.2609701641100144,2.140820277002855,0.0,1.0,0.0,1.0,0.0,1.0
1,235,11.261072806903243,6.135254627389725,1.0,0.0,1.0,1.0,1.0,1.0
2,235,3.6685826887073967,1.1649893616345417,0.0,0.0,0.0,0.0,0.0,0.0
3,235,11.343388215246533,3.8131006642928553,0.0,0.0,1.0,0.0,0.0,0.0
4,235,2.212741765933227,5.725523205503973,0.0,0.0,1.0,0.0,1.0,0.0
5,235,3.84338444486333,0.0,1.0,1.0,0.0,0.0,0.0,0.0
6,235,0.0,8.644645867831592,1.0,0.0,1.0,0.0,1.0,1.0
7,235,0.0,8.712708458853406,0.0,0.0,0.0,0.0,1.0,0.0
8,235,5.207506269764712,5.357863951335115,0.0,0.0,1.0,1.0,0.0,1.0
9,235,11.542693817971225,2.422494834573025,1.0,0.0,0.0,1.0,0.0,0.0
10,235,1.9333933587797607,0.0,0.0,1.0,1.0,0.0,0.0,0.0
11,235,9.972683352712846,11.728257250976844,0.0,0.0,0.0,0.0,1.0,1.0
12,235,3.3930175099194626,0.7704179678389192,0.0,0.0,0.0,0.0,0.0,0.0
13,235,10.474571044530649,11.185052928110784,0.0,1.0,0.0,1.0,1.0,0.0
14,235,12.0,0.0,1.0,0.0,0.0,1.0,0.0,0.0
15,235,8.986382893687686,9.011873868858682,0.0,0.0,0.0,0.0,1.0,0.0
16,235,7.968798986508322,3.231865121482832,1.0,0.0,0.0,0.0,1.0,0.0
17,235,6.813856264423601,11.987610069754687,1.0,0.0,0.0,1.0,0.0,0.0
18,235,7.784682127856846,3.531383096498843,0.0,0.0,0.0,0.0,0.0,0.0
19,235,1.3143290228923732,7.549430553208682,0.0,0.0,1.0,1.0,0.0,0.0
20,235,10.160566120864884,5.05523770641248,0.0,0.0,0.0,0.0,0.0,0.0
21,235,10.203345363703075,4.175137819900259,0.0,0.0,0.0,0.0,1.0,1.0
22,235,11.10344965503372,3.068482098596393,0.0,0.0,0.0,0.0,0.0,0.0
23,235,6.8873364181473615,9.988426124888209,0.0,1.0,1.0,1.0,0.0,1.0
24,235,11.986175927006624,2.28203859345969,1.0,1.0,1.0,1.0,0.0,0.0
25,235,11.685551453921022,7.406711269163539,0.0,1.0,0.0,0.0,1.0,1.0
26,235,2.021601523584076,1.0165322224800104,0.0,0.0,0.0,1.0,1.0,1.0
27,235,11.803360471621728,5.806184523600598,0.0,0.0,0.0,1.0,0.0,1.0
28,235,0.0,5.035233950268411,0.0,0.0,0.0,0.0,0.0,0.0
29,235,10.171004997999365,0.0,1.0,0.0,0.0,0.0,0.0,0.0
30,235,12.0,8.429023568052223,1.0,1.0,0.0,0.0,1.0,1.0
31,235,7.259946981689065,4.482852444884879,1.0,1.0,1.0,1.0,0.0,0.0
32,235,5.92843196816522,10.025330260807705,0.0,0.0,0.0,1.0,0.0,0.0
33,235,12.0,8.14792341901855,0.0,1.0,0.0,0.0,0.0,0.0
34,235,8.447971623027392,12.0,0.0,1.0,0.0,0.0,1.0,0.0
35,235,4.078247445762391,11.987425002526976,1.0,0.0,0.0,0.0,1.0,0.0
36,235,0.0,4.485005821554629,0.0,1.0,1.0,0.0,1.0,1.0
37,235,12.0,7.083613191097147,1.0,0.0,0.0,0.0,1.0,1.0
38,235,0.3700684677595756,2.94664557150312,1.0,0.0,1.0,0.0,1.0,0.0
39,235,4.777135172328005,0.0,0.0,1.0,1.0,1.0,1.0,1.0
0,240,3.152199332507518,2.1734063156157566,0.0,1.0,0.0,1.0,0.0,1.0
1,240,11.303458837563372,6.188337643156262,1.0,0.0,1.0,1.0,1.0,1.0
2,240,3.729870400215973,1.1680521387941032,0.0,0.0,0.0,0.0,0.0,0.0
3,240,11.378630481708656,3.831558280700353,0.0,0.0,1.0,0.0,0.0,0.0
4,240,2.2327028416008523,5.72131802065641,0.0,0.0,1.0,0.0,1.0,0.0
5,240,3.824335514433281,0.0,1.0,1.0,0.0,0.0,0.0,0.0
6,240,0.0,8.758384310209028,1.0,0.0,1.0,0.0,1.0,1.0
7,240,0.0,8.65851116431205,0.0,0.0,0.0,0.0,1.0,0.0
8,240,5.217799861319505,5.376789963561386,0.0,0.0,1.0,1.0,0.0,1.0
9,240,11.57562982619621,2.4089052118305605,1.0,0.0,0.0,1.0,0.0,0.0
10,240,1.819709218679875,0.0,0.0,1.0,1.0,0.0,0.0,0.0
11,240,9.959024790056148,11.76112923092167,0.0,0.0,0.0,0.0,1.0,1.0
12,240,3.361055683517136,0.8288792161806089,0.0,0.0,0.0,0.0,0.0,0.0
13,240,10.575969453023273,11.167769168572072,0.0,1.0,0.0,1.0,1.0,0.0
14,240,12.0,0.0,1.0,0.0,0.0,1.0,0.0,0.0
15,240,8.954893543441873,9.03380607631196,0.0,0.0,0.0,0.0,1.0,0.0
16,240,7.888941769464199,3.101549094889474,1.0,0.0,0.0,0.0,1.0,0.0
17,240,6.8021276404103626,11.97184541760032,1.0,0.0,0.0,1.0,0.0,0.0
18,240,7.7703006070570435,3.626903880138228,0.0,0.0,0.0,0.0,0.0,0.0
19,240,1.2971224073265308,7.522300080783469,0.0,0.0,1.0,1.0,0.0,0.0
20,240,10.200193578561615,5.200512281104819,0.0,0.0,0.0,0.0,0.0,0.0
21,240,10.242849130543648,4.142743186990887,0.0,0.0,0.0,0.0,1.0,1.0
22,240,11.23269143389988,3.0473691140186987,0.0,0.0,0.0,0.0,0.0,0.0
23,240,6.908014371041654,9.962312884360363,0.0,1.0,1.0,1.0,0.0,1.0
24,240,11.97962526138746,2.282370024978601,1.0,1.0,1.0,1.0,0.0,0.0
25,240,11.652573791293438,7.386210664441724,0.0,1.0,0.0,0.0,1.0,1.0
26,240,1.9885514045776351,1.027512507636192,0.0,0.0,0.0,1.0,1.0,1.0
27,240,11.764764963730476,5.814187539827896,0.0,0.0,0.0,1.0,0.0,1.0
28,240,0.0,4.965977158724858,0.0,0.0,0.0,0.0,0.0,0.0
29,240,10.136601535843868,0.0,1.0,0.0,0.0,0.0,0.0,0.0
30,240,12.0,8.364697866383775,1.0,1.0,0.0,0.0,1.0,1.0
31,240,7.452667796896693,4.488205739029492,1.0,1.0,1.0,1.0,0.0,0.0
32,240,5.974703845357262,9.943622177278147,0.0,0.0,0.0,1.0,0.0,0.0
33,240,12.0,8.103049381195369,0.0,1.0,0.0,0.0,0.0,0.0
34,240,8.410706819190754,12.0,0.0,1.0,0.0,0.0,1.0,0.0
35,240,4.103440456693908,12.0,1.0,0.0,0.0,0.0,1.0,0.0
36,240,0.0,4.331392175374404,0.0,1.0,1.0,0.0,1.0,1.0
37,240,12.0,7.22861031861821,1.0,0.0,0.0,0.0,1.0,1.0
38,240,0.3799066905787475,2.929106908178745,1.0,0.0,1.0,0.0,1.0,0.0
39,240,4.927855094413074,0.0,0.0,1.0,1.0,1.0,1.0,1.0
0,245,3.03262709842718,2.2090539901003514,0.0,1.0,0.0,1.0,0.0,1.0
1,245,11.347346658304788,6.244552662180806,1.0,0.0,1.0,1.0,1.0,1.0
2,245,3.78070425387128,1.169507934440055,0.0,0.0,0.0,0.0,0.0,0.0
3,245,11.418509716795096,3.854254507044609,0.0,0.0,1.0,0.0,0.0,0.0
4,245,2.2421688662501045,5.719548249539105,0.0,0.0,1.0,0.0,1.0,0.0
5,245,3.80438385778768,0.0,1.0,1.0,0.0,0.0,0.0,0.0
6,245,0.0,8.86145314383773,1.0,0.0,1.0,0.0,1.0,1.0
7,245,0.0,8.58283404231007,0.0,0.0,0.0,0.0,1.0,0.0
8,245,5.241699946260391,5.421334001566559,0.0,0.0,1.0,1.0,0.0,1.0
9,245,11.613011710586912,2.393739475086758,1.0,0.0,0.0,1.0,0.0,0.0
10,245,1.7039746284316608,0.0,0.0,1.0,1.0,0.0,0.0,0.0
11,245,9.9521801785847,11.777759067482656,0.0,0.0,0.0,0.0,1.0,1.0
12,245,3.330749719044745,0.8856655005625665,0.0,0.0,0.0,0.0,0.0,0.0
13,245,10.663941094967049,11.152736476526778,0.0,1.0,0.0,1.0,1.0,0.0
14,245,12.0,0.0,1.0,0.0,0.0,1.0,0.0,0.0
15,245,8.93470297886849,9.04748355348527,0.0,0.0,0.0,0.0,1.0,0.0
16,245,7.828455422421213,3.0006128932317337,1.0,0.0,0.0,0.0,1.0,0.0
17,245,6.79450889942276,11.961217557194374,1.0,0.0,0.0,1.0,0.0,0.0
18,245,7.761020081407716,3.712819073016624,0.0,0.0,0.0,0.0,0.0,0.0
19,245,1.2800107382592485,7.496198757145525,0.0,0.0,1.0,1.0,0.0,0.0
20,245,10.233618027879103,5.32944059703775,0.0,0.0,0.0,0.0,0.0,0.0
21,245,10.29437730425328,4.100038533818043,0.0,0.0,0.0,0.0,1.0,1.0
22,245,11.348759237588087,3.0249762266292293,0.0,0.0,0.0,0.0,0.0,0.0
23,245,6.931365209824383,9.933070216839733,0.0,1.0,1.0,1.0,0.0,1.0
24,245,11.957200078040213,2.2829757287963925,1.0,1.0,1.0,1.0,0.0,0.0
25,245,11.643798097839053,7.380591882621093,0.0,1.0,0.0,0.0,1.0,1.0
26,245,1.9357608389674408,1.043565583241591,0.0,0.0,0.0,1.0,1.0,1.0
27,245,11.717752113930937,5.823693463312528,0.0,0.0,0.0,1.0,0.0,1.0
28,245,0.0,4.900713619713323,0.0,0.0,0.0,0.0,0.0,0.0
29,245,10.10163806127469,0.0,1.0,0.0,0.0,0.0,0.0,0.0
30,245,12.0,8.296639218791185,1.0,1.0,0.0,0.0,1.0,1.0
31,245,7.648326042339968,4.494549883008422,1.0,1.0,1.0,1.0,0.0,0.0
32,245,6.017814688330934,9.86593045362563,0.0,0.0,0.0,1.0,0.0,0.0
33,245,12.0,8.064062669587663,0.0,1.0,0.0,0.0,0.0,0.0
34,245,8.372364352059263,12.0,0.0,1.0,0.0,0.0,1.0,0.0
35,245,4.125964179846378,12.0,1.0,0.0,0.0,0.0,1.0,0.0
36,245,0.0,4.1681835803005445,0.0,1.0,1.0,0.0,1.0,1.0
37,245,12.0,7.38134513612333,1.0,0.0,0.0,0.0,1.0,1.0
38,245,0.3934150307030563,2.904726318952438,1.0,0.0,1.0,0.0,1.0,0.0
39,245,5.064698962500741,0.0,0.0,1.0,1.0,1.0,1.0,1.0
0,250,2.8863877027105627,2.2572803990195585,0.0,1.0,0.0,1.0,0.0,1.0
1,250,11.402587216479956,6.315138551414611,1.0,0.0,1.0,1.0,1.0,1.0
2,250,3.8404834716601615,1.1700820163601309,0.0,0.0,0.0,0.0,0.0,0.0
3,250,11.4510758263086,3.871834630714268,0.0,0.0,1.0,0.0,0.0,0.0
4,250,2.257859547424478,5.716471147520819,0.0,0.0,1.0,0.0,1.0,0.0
5,250,3.7623799860742335,0.0,1.0,1.0,0.0,0.0,0.0,0.0
6,250,0.0,8.949579211839936,1.0,0.0,1.0,0.0,1.0,1.0
7,250,0.0,8.518826808804043,0.0,0.0,0.0,0.0,1.0,0.0
8,250,5.274137710304318,5.483615238197723,0.0,0.0,1.0,1.0,0.0,1.0
9,250,11.64508490167141,2.379654875042443,1.0,0.0,0.0,1.0,0.0,0.0
10,250,1.574654865555039,0.0,0.0,1.0,1.0,0.0,0.0,0.0
11,250,9.940227101575475,11.805514806082996,0.0,0.0,0.0,0.0,1.0,1.0
12,250,3.301959164153685,0.9389420860000316,0.0,0.0,0.0,0.0,0.0,0.0
13,250,10.763665841473834,11.133601276475389,0.0,1.0,0.0,1.0,1.0,0.0
14,250,12.0,0.0,1.0,0.0,0.0,1.0,0.0,0.0
15,250,8.918556296060965,9.058164145209926,0.0,0.0,0.0,0.0,1.0,0.0
16,250,7.767766930125425,2.8996007223181226,1.0,0.0,0.0,0.0,1.0,0.0
17,250,6.788340405468311,11.952194670268277,1.0,0.0,0.0,1.0,0.0,0.0
18,250,7.750625459134184,3.799165310650848,0.0,0.0,0.0,0.0,0.0,0.0
19,250,1.259110247246607,7.463130342027022,0.0,0.0,1.0,1.0,0.0,0.0
20,250,10.265572737074404,5.460045845216608,0.0,0.0,0.0,0.0,0.0,0.0
21,250,10.334588644078414,4.067456682681356,0.0,0.0,0.0,0.0,1.0,1.0
22,250,11.472035830121046,2.9995131027885376,0.0,0.0,0.0,0.0,0.0,0.0
23,250,6.946688422350645,9.914841658720476,0.0,1.0,1.0,1.0,0.0,1.0
24,250,11.934863188867215,2.2834178848529,1.0,1.0,1.0,1.0,0.0,0.0
25,250,11.641703331076885,7.379143241035514,0.0,1.0,0.0,0.0,1.0,1.0
26,250,1.871919641665138,1.0625505548849836,0.0,0.0,0.0,1.0,1.0,1.0
27,250,11.671956222385171,5.8330501785200255,0.0,0.0,0.0,1.0,0.0,1.0
28,250,0.0,4.830348552697548,0.0,0.0,0.0,0.0,0.0,0.0
29,250,10.065826741448625,0.0,1.0,0.0,0.0,0.0,0.0,0.0
30,250,11.94818851739543,8.272272610796241,1.0,1.0,0.0,0.0,1.0,1.0
31,250,7.830234641492121,4.501818589641509,1.0,1.0,1.0,1.0,0.0,0.0
32,250,6.051996283886933,9.803537408303097,0.0,0.0,0.0,1.0,0.0,0.0
33,250,12.0,8.032514627674662,0.0,1.0,0.0,0.0,0.0,0.0
34,250,8.334153986414645,12.0,0.0,1.0,0.0,0.0,1.0,0.0
35,250,4.156297648115554,12.0,1.0,0.0,0.0,0.0,1.0,0.0
36,250,0.0,4.001049103318114,0.0,1.0,1.0,0.0,1.0,1.0
37,250,12.0,7.532401966477432,1.0,0.0,0.0,0.0,1.0,1.0
38,250,0.4138136163201555,2.8704524866140404,1.0,0.0,1.0,0.0,1.0,0.0
39,250,5.196991697743658,0.0,0.0,1.0,1.0,1.0,1.0,1.0
0,255,2.760916591849485,2.296578056556679,0.0,1.0,0.0,1.0,0.0,1.0
1,255,11.460367565495266,6.389894266400281,1.0,0.0,1.0,1.0,1.0,1.0
2,255,3.9184209567645936,1.1725992707757449,0.0,0.0,0.0,0.0,0.0,0.0
3,255,11.47707995520837,3.885782000929382,0.0,0.0,1.0,0.0,0.0,0.0
4,255,2.292326185580448,5.709486332313585,0.0,0.0,1.0,0.0,1.0,0.0
5,255,3.719668411100401,0.0,1.0,1.0,0.0,0.0,0.0,0.0
6,255,0.0,9.051705716585372,1.0,0.0,1.0,0.0,1.0,1.0
7,255,0.0,8.458779650309134,0.0,0.0,0.0,0.0,1.0,0.0
8,255,5.304265353505945,5.537956508082947,0.0,0.0,1.0,1.0,0.0,1.0
9,255,11.700374968539151,2.3529580536017,1.0,0.0,0.0,1.0,0.0,0.0
10,255,1.4441007745295853,0.0,0.0,1.0,1.0,0.0,0.0,0.0
11,255,9.92717905946014,11.836316956639658,0.0,0.0,0.0,0.0,1.0,1.0
12,255,3.2732385383241214,0.9914797025361096,0.0,0.0,0.0,0.0,0.0,0.0
13,255,10.8706482254449,11.115282438447396,0.0,1.0,0.0,1.0,1.0,0.0
14,255,12.0,0.0,1.0,0.0,0.0,1.0,0.0,0.0
15,255,8.903193729776008,9.068455925685576,0.0,0.0,0.0,0.0,1.0,0.0
16,255,7.6998069129196445,2.784830958486346,1.0,0.0,0.0,0.0,1.0,0.0
17,255,6.776252590917022,11.934986759919786,1.0,0.0,0.0,1.0,0.0,0.0
18,255,7.739571185649813,3.8987174384156087,0.0,0.0,0.0,0.0,0.0,0.0
19,255,1.2318155692868484,7.417253172749223,0.0,0.0,1.0,1.0,0.0,0.0
20,255,10.296350624093016,5.588229530278057,0.0,0.0,0.0,0.0,0.0,0.0
21,255,10.358456946772744,4.096660835929943,0.0,0.0,0.0,0.0,1.0,1.0
22,255,11.593682441713325,2.9705816137829637,0.0,0.0,0.0,0.0,0.0,0.0
23,255,6.954589560948325,9.905733893471472,0.0,1.0,1.0,1.0,0.0,1.0
24,255,11.933640183003613,2.28339677118782,1.0,1.0,1.0,1.0,0.0,0.0
25,255,11.625334778938957,7.367483593607106,0.0,1.0,0.0,0.0,1.0,1.0
26,255,1.8236616601833844,1.0783328643334549,0.0,0.0,0.0,1.0,1.0,1.0
27,255,11.606573037860926,5.8481128120658274,0.0,0.0,0.0,1.0,0.0,1.0
28,255,0.0,4.75828174360061,0.0,0.0,0.0,0.0,0.0,0.0
29,255,10.031648037994165,0.0,1.0,0.0,0.0,0.0,0.0,0.0
30,255,11.884728571406797,8.245266265183433,1.0,1.0,0.0,0.0,1.0,1.0
31,255,8.02368789692965,4.508768178701108,1.0,1.0,1.0,1.0,0.0,0.0
32,255,6.0826739179584335,9.748451107490023,0.0,0.0,0.0,1.0,0.0,0.0
33,255,12.0,7.997938057268128,0.0,1.0,0.0,0.0,0.0,0.0
34,255,8.28656424588542,12.0,0.0,1.0,0.0,0.0,1.0,0.0
35,255,4.180813937253004,12.0,1.0,0.0,0.0,0.0,1.0,0.0
36,255,0.0,3.82355459466008,0.0,1.0,1.0,0.0,1.0,1.0
37,255,12.0,7.675620000146383,1.0,0.0,0.0,0.0,1.0,1.0
38,255,0.4350115929459799,2.833491314887151,1.0,0.0,1.0,0.0,1.0,0.0
39,255,5.329062440461399,0.0,0.0,1.0,1.0,1.0,1.0,1.0
0,260,2.618368884913184,2.3408004849537494,0.0,1.0,0.0,1.0,0.0,1.0
1,260,11.51478554480481,6.458323807312886,1.0,0.0,1.0,1.0,1.0,1.0
2,260,4.0100284744347165,1.175660514281211,0.0,0.0,0.0,0.0,0.0,0.0
3,260,11.500475156699324,3.89911297378498,0.0,0.0,1.0,0.0,0.0,0.0
4,260,2.3398729958767004,5.700096857609755,0.0,0.0,1.0,0.0,1.0,0.0
5,260,3.6618813285539455,0.0,1.0,1.0,0.0,0.0,0.0,0.0
6,260,0.0,9.149623067068218,1.0,0.0,1.0,0.0,1.0,1.0
7,260,0.0,8.395054915822186,0.0,0.0,0.0,0.0,1.0,0.0
8,260,5.3265187382137125,5.579361470457728,0.0,0.0,1.0,1.0,0.0,1.0
9,260,11.748155000885316,2.330230603262284,1.0,0.0,0.0,1.0,0.0,0.0
10,260,1.318128068347016,0.0,0.0,1.0,1.0,0.0,0.0,0.0
11,260,9.91198517890968,11.871273213383466,0.0,0.0,0.0,0.0,1.0,1.0
12,260,3.2249656134815763,1.079503560965691,0.0,0.0,0.0,0.0,0.0,0.0
13,260,10.972643761211588,11.095414123560174,0.0,1.0,0.0,1.0,1.0,0.0
14,260,12.0,0.0,1.0,0.0,0.0,1.0,0.0,0.0
15,260,8.89596645149946,9.073562065424769,0.0,0.0,0.0,0.0,1.0,0.0
16,260,7.644587763381986,2.6864487980108374,1.0,0.0,0.0,0.0,1.0,0.0
17,260,6.759023481569914,11.909636123599912,1.0,0.0,0.0,1.0,0.0,0.0
18,260,7.72499996676218,3.996665137415049,0.0,0.0,0.0,0.0,0.0,0.0
19,260,1.213820024451458,7.38769631757439,0.0,0.0,1.0,1.0,0.0,0.0
20,260,10.323337405470289,5.710954554449563,0.0,0.0,0.0,0.0,0.0,0.0
21,260,10.376976520306735,4.119669570918606,0.0,0.0,0.0,0.0,1.0,1.0
22,260,11.710124802745336,2.942481305020772,0.0,0.0,0.0,0.0,0.0,0.0
23,260,6.9497538850790095,9.911516980864596,0.0,1.0,1.0,1.0,0.0,1.0
24,260,11.935411642604809,2.2834440640843456,1.0,1.0,1.0,1.0,0.0,0.0
25,260,11.59392058133551,7.344804506487256,0.0,1.0,0.0,0.0,1.0,1.0
26,260,1.782442192194174,1.0915774448318118,0.0,0.0,0.0,1.0,1.0,1.0
27,260,11.544631754015064,5.861361254400728,0.0,0.0,0.0,1.0,0.0,1.0
28,260,0.0,4.68990354183539,0.0,0.0,0.0,0.0,0.0,0.0
29,260,9.9901086548451,0.0,1.0,0.0,0.0,0.0,0.0,0.0
30,260,11.81309190848625,8.212941308249635,1.0,1.0,0.0,0.0,1.0,1.0
31,260,8.211554909401354,4.512553138767266,1.0,1.0,1.0,1.0,0.0,0.0
32,260,6.110401925671284,9.699485906197468,0.0,0.0,0.0,1.0,0.0,0.0
33,260,12.0,7.95768978621391,0.0,1.0,0.0,0.0,0.0,0.0
34,260,8.226654937882273,12.0,0.0,1.0,0.0,0.0,1.0,0.0
35,260,4.216915168788917,12.0,1.0,0.0,0.0,0.0,1.0,0.0
36,260,0.0,3.622097899643297,0.0,1.0,1.0,0.0,1.0,1.0
37,260,12.0,7.814647983804099,1.0,0.0,0.0,0.0,1.0,1.0
38,260,0.4410928846922654,2.8226868502397218,1.0,0.0,1.0,0.0,1.0,0.0
39,260,5.461502233884248,0.0,0.0,1.0,1.0,1.0,1.0,1.0
0,265,2.4651299722668254,2.3912611748388186,0.0,1.0,0.0,1.0,0.0,1.0
1,265,11.55622219498012,6.510093920119246,1.0,0.0,1.0,1.0,1.0,1.0
2,265,4.101567336256508,1.1748475725256062,0.0,0.0,0.0,0.0,0.0,0.0
3,265,11.518677902408635,3.909053504652829,0.0,0.0,1.0,0.0,0.0,0.0
4,265,2.3910439479241226,5.690233140171828,0.0,0.0,1.0,0.0,1.0,0.0
5,265,3.601726635985923,0.0,1.0,1.0,0.0,0.0,0.0,0.0
6,265,0.0,9.249976329434103,1.0,0.0,1.0,0.0,1.0,1.0
7,265,0.0,8.321658424516674,0.0,0.0,0.0,0.0,1.0,0.0
8,265,5.344406755485034,5.612956837023854,0.0,0.0,1.0,1.0,0.0,1.0
9,265,11.78970030747667,2.308774103118106,1.0,0.0,0.0,1.0,0.0,0.0
10,265,1.181880217905869,0.0,0.0,1.0,1.0,0.0,0.0,0.0
11,265,9.893962732944424,11.916043439655583,0.0,0.0,0.0,0.0,1.0,1.0
12,265,3.175841863824353,1.1683455760809511,0.0,0.0,0.0,0.0,0.0,0.0
13,265,11.097899934754317,11.067843494563288,0.0,1.0,0.0,1.0,1.0,0.0
14,265,12.0,0.0,1.0,0.0,0.0,1.0,0.0,0.0
15,265,8.884057397585106,9.082566336544511,0.0,0.0,0.0,0.0,1.0,0.0
16,265,7.582302538876356,2.5783830362190177,1.0,0.0,0.0,0.0,1.0,0.0
17,265,6.74307754991086,11.885696146187264,1.0,0.0,0.0,1.0,0.0,0.0
18,265,7.710780782503721,4.093961310885272,0.0,0.0,0.0,0.0,0.0,0.0
19,265,1.1989834299093778,7.363798591180374,0.0,0.0,1.0,1.0,0.0,0.0
20,265,10.355354968855687,5.859034295987635,0.0,0.0,0.0,0.0,0.0,0.0
21,265,10.394989232206695,4.143146952060564,0.0,0.0,0.0,0.0,1.0,1.0
22,265,11.829179459275604,2.913168986073139,0.0,0.0,0.0,0.0,0.0,0.0
23,265,6.9416253803495325,9.921766775364157,0.0,1.0,1.0,1.0,0.0,1.0
24,265,11.924533171137298,2.283222947564348,1.0,1.0,1.0,1.0,0.0,0.0
25,265,11.580174000860463,7.334979169343348,0.0,1.0,0.0,0.0,1.0,1.0
26,265,1.7645643578586347,1.0972295292829548,0.0,0.0,0.0,1.0,1.0,1.0
27,265,11.477800459748664,5.87675352883026,0.0,0.0,0.0,1.0,0.0,1.0
28,265,0.0,4.618871727159723,0.0,0.0,0.0,0.0,0.0,0.0
29,265,9.954642777901272,0.0,1.0,0.0,0.0,0.0,0.0,0.0
30,265,11.723004354895656,8.17377775124969,1.0,1.0,0.0,0.0,1.0,1.0
31,265,8.387179395727127,4.515651857891895,1.0,1.0,1.0,1.0,0.0,0.0
32,265,6.13613497138492,9.654352673727407,0.0,0.0,0.0,1.0,0.0,0.0
33,265,12.0,7.920774792746093,0.0,1.0,0.0,0.0,0.0,0.0
34,265,8.170974677823946,12.0,0.0,1.0,0.0,0.0,1.0,0.0
35,265,4.24269281663807,12.0,1.0,0.0,0.0,0.0,1.0,0.0
36,265,0.0,3.445834327276289,0.0,1.0,1.0,0.0,1.0,1.0
37,265,12.0,7.94718455721584,1.0,0.0,0.0,0.0,1.0,1.0
38,265,0.4374530139715872,2.828939972073805,1.0,0.0,1.0,0.0,1.0,0.0
39,265,5.591353122216117,0.0,0.0,1.0,1.0,1.0,1.0,1.0
0,270,2.3061576524996927,2.441731024378433,0.0,1.0,0.0,1.0,0.0,1.0
1,270,11.600926233544302,6.56289949992607,1.0,0.0,1.0,1.0,1.0,1.0
2,270,4.184026588214962,1.174226212854389,0.0,0.0,0.0,0.0,0.0,0.0
3,270,11.547436265193236,3.924413261402537,0.0,0.0,1.0,0.0,0.0,0.0
4,270,2.453182623751681,5.676986431711295,0.0,0.0,1.0,0.0,1.0,0.0
5,270,3.524955188802996,0.0,1.0,1.0,0.0,0.0,0.0,0.0
6,270,0.0,9.364470740356827,1.0,0.0,1.0,0.0,1.0,1.0
7,270,0.0,8.26001953376402,0.0,0.0,0.0,0.0,1.0,0.0
8,270,5.373734758232474,5.666397964337119,0.0,0.0,1.0,1.0,0.0,1.0
9,270,11.835752134146412,2.285755742857836,1.0,0.0,0.0,1.0,0.0,0.0
10,270,1.0409119323244482,0.0,0.0,1.0,1.0,0.0,0.0,0.0
11,270,9.881118789312689,11.948277514549602,0.0,0.0,0.0,0.0,1.0,1.0
12,270,3.119222979822436,1.267504700987787,0.0,0.0,0.0,0.0,0.0,0.0
13,270,11.214590353327727,11.040072620695522,0.0,1.0,0.0,1.0,1.0,0.0
14,270,12.0,0.0,1.0,0.0,0.0,1.0,0.0,0.0
15,270,8.874802383001768,9.089948235280502,0.0,0.0,0.0,0.0,1.0,0.0
16,270,7.519646663631915,2.4673755477193837,1.0,0.0,0.0,0.0,1.0,0.0
17,270,6.723044763936034,11.856018922447262,1.0,0.0,0.0,1.0,0.0,0.0
18,270,7.70001407794292,4.188256277953085,0.0,0.0,0.0,0.0,0.0,0.0
19,270,1.1834290768703843,7.339095466618185,0.0,0.0,1.0,1.0,0.0,0.0
20,270,10.383812961258537,5.994039390913996,0.0,0.0,0.0,0.0,0.0,0.0
21,270,10.410761905079546,4.163680611723197,0.0,0.0,0.0,0.0,1.0,1.0
22,270,11.95656521751609,2.8842266016756937,0.0,0.0,0.0,0.0,0.0,0.0
23,270,6.938475762524286,9.92585094009786,0.0,1.0,1.0,1.0,0.0,1.0
24,270,11.910495163679784,2.283268383973551,1.0,1.0,1.0,1.0,0.0,0.0
25,270,11.587992861985704,7.340587759661854,0.0,1.0,0.0,0.0,1.0,1.0
26,270,1.7566439439224788,1.073125062967191,0.0,0.0,0.0,1.0,1.0,1.0
27,270,11.407901997322138,5.889728277424138,0.0,0.0,0.0,1.0,0.0,1.0
28,270,0.0,4.54632009442562,0.0,0.0,0.0,0.0,0.0,0.0
29,270,9.916256012287151,0.0,1.0,0.0,0.0,0.0,0.0,0.0
30,270,11.616315716368216,8.131092195893286,1.0,1.0,0.0,0.0,1.0,1.0
31,270,8.550309889981172,4.521474701560774,1.0,1.0,1.0,1.0,0.0,0.0
32,270,6.161433249850871,9.6092536446472,0.0,0.0,0.0,1.0,0.0,0.0
33,270,12.0,7.877364179396688,0.0,1.0,0.0,0.0,0.0,0.0
34,270,8.116055367849789,12.0,0.0,1.0,0.0,0.0,1.0,0.0
35,270,4.249970090373839,12.0,1.0,0.0,0.0,0.0,1.0,0.0
36,270,0.0,3.270390977473805,0.0,1.0,1.0,0.0,1.0,1.0
37,270,12.0,8.061256978792791,1.0,0.0,0.0,0.0,1.0,1.0
38,270,0.4356710460679074,2.831995469453513,1.0,0.0,1.0,0.0,1.0,0.0
39,270,5.717408304341054,0.0,0.0,1.0,1.0,1.0,1.0,1.0
0,275,2.130226570603713,2.4964528106199118,0.0,1.0,0.0,1.0,0.0,1.0
1,275,11.639766881752218,6.609742241793852,1.0,0.0,1.0,1.0,1.0,1.0
2,275,4.275206024863853,1.1753502085033702,0.0,0.0,0.0,0.0,0.0,0.0
3,275,11.577904229205846,3.941022749971201,0.0,0.0,1.0,0.0,0.0,0.0
4,275,2.549460777323213,5.6608558572917325,0.0,0.0,1.0,0.0,1.0,0.0
5,275,3.444613597411508,0.0,1.0,1.0,0.0,0.0,0.0,0.0
6,275,0.0,9.484447217669128,1.0,0.0,1.0,0.0,1.0,1.0
7,275,0.0,8.205616597614245,0.0,0.0,0.0,0.0,1.0,0.0
8,275,5.409908904290917,5.731008558866845,0.0,0.0,1.0,1.0,0.0,1.0
9,275,11.894942267450093,2.254653946693282,1.0,0.0,0.0,1.0,0.0,0.0
10,275,0.9054279742936032,0.0,0.0,1.0,1.0,0.0,0.0,0.0
11,275,9.868342527364485,11.984494624369107,0.0,0.0,0.0,0.0,1.0,1.0
12,275,3.057073818350708,1.374266708860868,0.0,0.0,0.0,0.0,0.0,0.0
13,275,11.317846182804084,11.013552421096874,0.0,1.0,0.0,1.0,1.0,0.0
14,275,12.0,0.0,1.0,0.0,0.0,1.0,0.0,0.0
15,275,8.856010529025394,9.10562366032762,0.0,0.0,0.0,0.0,1.0,0.0
16,275,7.452432239278737,2.35001029105254,1.0,0.0,0.0,0.0,1.0,0.0
17,275,6.697591973772342,11.817407205027816,1.0,0.0,0.0,1.0,0.0,0.0
18,275,7.689067507964121,4.274699288391858,0.0,0.0,0.0,0.0,0.0,0.0
19,275,1.1679937519808146,7.312979521527371,0.0,0.0,1.0,1.0,0.0,0.0
20,275,10.41177389264671,6.121342943763297,0.0,0.0,0.0,0.0,0.0,0.0
21,275,10.42940357206195,4.187369514915654,0.0,0.0,0.0,0.0,1.0,1.0
22,275,12.0,2.8579957721297147,0.0,0.0,0.0,0.0,0.0,0.0
23,275,6.940982136231045,9.922489583419695,0.0,1.0,1.0,1.0,0.0,1.0
24,275,11.89448647279204,2.283376526817247,1.0,1.0,1.0,1.0,0.0,0.0
25,275,11.584729774498696,7.338314308196598,0.0,1.0,0.0,0.0,1.0,1.0
26,275,1.7448366347097586,1.0365582619032525,0.0,0.0,0.0,1.0,1.0,1.0
27,275,11.341896145531727,5.900710176963452,0.0,0.0,0.0,1.0,0.0,1.0
28,275,0.0,4.473421405313177,0.0,0.0,0.0,0.0,0.0,0.0
29,275,9.86888299403936,0.0,1.0,0.0,0.0,0.0,0.0,0.0
30,275,11.516712177993536,8.088977494800867,1.0,1.0,0.0,0.0,1.0,1.0
31,275,8.70254035150537,4.527190303999727,1.0,1.0,1.0,1.0,0.0,0.0
32,275,6.185662094339543,9.569251008864278,0.0,0.0,0.0,1.0,0.0,0.0
33,275,12.0,7.831627248048625,0.0,1.0,0.0,0.0,0.0,0.0
34,275,8.054843808447679,12.0,0.0,1.0,0.0,0.0,1.0,0.0
35,275,4.241654655700949,11.995051088689822,1.0,0.0,0.0,0.0,1.0,0.0
36,275,0.0,3.2881908245910907,0.0,1.0,1.0,0.0,1.0,1.0
37,275,12.0,8.173167139199663,1.0,0.0,0.0,0.0,1.0,1.0
38,275,0.4288485627056269,2.8439505011533024,1.0,0.0,1.0,0.0,1.0,0.0
39,275,5.856146161844724,0.0,0.0,1.0,1.0,1.0,1.0,1.0
0,280,1.9706781202294283,2.543209566963789,0.0,1.0,0.0,1.0,0.0,1.0
1,280,11.675826808834929,6.651160025614797,1.0,0.0,1.0,1.0,1.0,1.0
2,280,4.367952793965703,1.175716002719983,0.0,0.0,0.0,0.0,0.0,0.0
3,280,11.602606456564573,3.954469573163864,0.0,0.0,1.0,0.0,0.0,0.0
4,280,2.6660215277061408,5.639509441228022,0.0,0.0,1.0,0.0,1.0,0.0
5,280,3.347012328838026,0.0,1.0,1.0,0.0,0.0,0.0,0.0
6,280,0.0,9.610138641041264,1.0,0.0,1.0,0.0,1.0,1.0
7,280,0.0,8.130819035899489,0.0,0.0,0.0,0.0,1.0,0.0
8,280,5.436934090495993,5.782345400902837,0.0,0.0,1.0,1.0,0.0,1.0
9,280,11.94740499674748,2.227886752126335,1.0,0.0,0.0,1.0,0.0,0.0
10,280,0.7836378139874879,0.0,0.0,1.0,1.0,0.0,0.0,0.0
11,280,9.849451940485348,12.0,0.0,0.0,0.0,0.0,1.0,1.0
12,280,2.9559994173028104,1.314940485149834,0.0,0.0,0.0,0.0,0.0,0.0
13,280,11.436894362937,10.981467126658869,0.0,1.0,0.0,1.0,1.0,0.0
14,280,12.0,0.0,1.0,0.0,0.0,1.0,0.0,0.0
15,280,8.830907160840404,9.127042454545853,0.0,0.0,0.0,0.0,1.0,0.0
16,280,7.391393069563914,2.240489603560566,1.0,0.0,0.0,0.0,1.0,0.0
17,280,6.691770655151236,11.808810270271982,1.0,0.0,0.0,1.0,0.0,0.0
18,280,7.674730745242414,4.378215794676779,0.0,0.0,0.0,0.0,0.0,0.0
19,280,1.1629390585628083,7.304830894978034,0.0,0.0,1.0,1.0,0.0,0.0
20,280,10.43941645305409,6.259434593323455,0.0,0.0,0.0,0.0,0.0,0.0
21,280,10.435407354252028,4.195165872928525,0.0,0.0,0.0,0.0,1.0,1.0
22,280,12.0,2.8332730168228406,0.0,0.0,0.0,0.0,0.0,0.0
23,280,6.940579473276409,9.923052967749715,0.0,1.0,1.0,1.0,0.0,1.0
24,280,11.882314307619229,2.283412337047622,1.0,1.0,1.0,1.0,0.0,0.0
25,280,11.586517921258483,7.339523144027574,0.0,1.0,0.0,0.0,1.0,1.0
26,280,1.734758774531484,1.0044770948337816,0.0,0.0,0.0,1.0,1.0,1.0
27,280,11.26945680751324,5.910798000613565,0.0,0.0,0.0,1.0,0.0,1.0
28,280,0.0,4.397521995365899,0.0,0.0,0.0,0.0,0.0,0.0
29,280,9.821513025346151,0.0,1.0,0.0,0.0,0.0,0.0,0.0
30,280,11.422033523390455,8.04777735442441,1.0,1.0,0.0,0.0,1.0,1.0
31,280,8.855868353241426,4.533859472396195,1.0,1.0,1.0,1.0,0.0,0.0
32,280,6.201495030216808,9.542013268683798,0.0,0.0,0.0,1.0,0.0,0.0
33,280,12.0,7.780460468650945,0.0,1.0,0.0,0.0,0.0,0.0
34,280,7.990901044320162,12.0,0.0,1.0,0.0,0.0,1.0,0.0
35,280,4.23798223142917,11.992855685760809,1.0,0.0,0.0,0.0,1.0,0.0
36,280,0.0,3.302107415776656,0.0,1.0,1.0,0.0,1.0,1.0
37,280,12.0,8.286002487944033,1.0,0.0,0.0,0.0,1.0,1.0
38,280,0.4280495759543475,2.8454421905680207,1.0,0.0,1.0,0.0,1.0,0.0
39,280,6.000159338778548,0.0,0.0,1.0,1.0,1.0,1.0,1.0
0,285,1.816056630791043,2.5905053468972663,0.0,1.0,0.0,1.0,0.0,1.0
1,285,11.714583392682416,6.695961662926179,1.0,0.0,1.0,1.0,1.0,1.0
2,285,4.43063078541054,1.1751074477032228,0.0,0.0,0.0,0.0,0.0,0.0
3,285,11.632629129667224,3.970952035496678,0.0,0.0,1.0,0.0,0.0,0.0
4,285,2.7588784716702923,5.624236522289282,0.0,0.0,1.0,0.0,1.0,0.0
5,285,3.234401238589522,0.0,1.0,1.0,0.0,0.0,0.0,0.0
6,285,0.0,9.760691263698458,1.0,0.0,1.0,0.0,1.0,1.0
7,285,0.0,8.070396823593624,0.0,0.0,0.0,0.0,1.0,0.0
8,285,5.462767830479201,5.835363346044966,0.0,0.0,1.0,1.0,0.0,1.0
9,285,12.0,2.1993512829625037,1.0,0.0,0.0,1.0,0.0,0.0
10,285,0.6423419125792632,0.0,0.0,1.0,1.0,0.0,0.0,0.0
11,285,9.835452463848569,12.0,0.0,0.0,0.0,0.0,1.0,1.0
12,285,2.84855457150353,1.2557055575197542,0.0,0.0,0.0,0.0,0.0,0.0
13,285,11.546687777003374,10.95638331208598,0.0,1.0,0.0,1.0,1.0,0.0
14,285,12.0,0.0,1.0,0.0,0.0,1.0,0.0,0.0
15,285,8.783888287428622,9.166855084973996,0.0,0.0,0.0,0.0,1.0,0.0
16,285,7.328770778523062,2.1207519788571854,1.0,0.0,0.0,0.0,1.0,0.0
17,285,6.684833857272054,11.798356371215212,1.0,0.0,0.0,1.0,0.0,0.0
18,285,7.667270795769073,4.44167275367804,0.0,0.0,0.0,0.0,0.0,0.0
19,285,1.163071424371479,7.305046859467109,0.0,0.0,1.0,1.0,0.0,0.0
20,285,10.468408196146214,6.411956433034452,0.0,0.0,0.0,0.0,0.0,0.0
21,285,10.43355590823227,4.192854141079353,0.0,0.0,0.0,0.0,1.0,1.0
22,285,12.0,2.7992612312690333,0.0,0.0,0.0,0.0,0.0,0.0
23,285,6.9597378640477086,9.896384865665494,0.0,1.0,1.0,1.0,0.0,1.0
24,285,11.862076306838803,2.2839048608250363,1.0,1.0,1.0,1.0,0.0,0.0
25,285,11.598169316564691,7.347463365421772,0.0,1.0,0.0,0.0,1.0,1.0
26,285,1.7235599645513502,0.9701856175402088,0.0,0.0,0.0,1.0,1.0,1.0
27,285,11.196640210215088,5.92135346079202,0.0,0.0,0.0,1.0,0.0,1.0
28,285,0.0,4.3196378921661935,0.0,0.0,0.0,0.0,0.0,0.0
29,285,9.768772159936628,0.0,1.0,0.0,0.0,0.0,0.0,0.0
30,285,11.324367678488043,8.005791639686487,1.0,1.0,0.0,0.0,1.0,1.0
31,285,9.011140304869198,4.537474401237718,1.0,1.0,1.0,1.0,0.0,0.0
32,285,6.207466295505973,9.53237923696589,0.0,0.0,0.0,1.0,0.0,0.0
33,285,12.0,7.728502951680075,0.0,1.0,0.0,0.0,0.0,0.0
34,285,7.923109322291134,12.0,0.0,1.0,0.0,0.0,1.0,0.0
35,285,4.221762596487453,11.983525599170669,1.0,0.0,0.0,0.0,1.0,0.0
36,285,0.0,3.31335618508867,0.0,1.0,1.0,0.0,1.0,1.0
37,285,12.0,8.39901320641923,1.0,0.0,0.0,0.0,1.0,1.0
38,285,0.4187432047073475,2.864397010860547,1.0,0.0,1.0,0.0,1.0,0.0
39,285,6.142113451097094,0.0,0.0,1.0,1.0,1.0,1.0,1.0
0,290,1.6689215956561767,2.6360086118886006,0.0,1.0,0.0,1.0,0.0,1.0
1,290,11.7531533401783,6.738338383573475,1.0,0.0,1.0,1.0,1.0,1.0
2,290,4.492053626343653,1.1739961351647408,0.0,0.0,0.0,0.0,0.0,0.0
3,290,11.654770883616369,3.982720416426443,0.0,0.0,1.0,0.0,0.0,0.0
4,290,2.847298878966624,5.605866335346359,0.0,0.0,1.0,0.0,1.0,0.0
5,290,3.116655767692458,0.0,1.0,1.0,0.0,0.0,0.0,0.0
6,290,0.0,9.908350639290628,1.0,0.0,1.0,0.0,1.0,1.0
7,290,0.0,8.021260751667983,0.0,0.0,0.0,0.0,1.0,0.0
8,290,5.48939939902861,5.891695370975633,0.0,0.0,1.0,1.0,0.0,1.0
9,290,12.0,2.16279422593684,1.0,0.0,0.0,1.0,0.0,0.0
10,290,0.5034294956014752,0.0,0.0,1.0,1.0,0.0,0.0,0.0
11,290,9.81647131230509,12.0,0.0,0.0,0.0,0.0,1.0,1.0
12,290,2.712965054121492,1.1799824040234157,0.0,0.0,0.0,0.0,0.0,0.0
13,290,11.657718098587967,10.93277741158363,0.0,1.0,0.0,1.0,1.0,0.0
14,290,12.0,0.0,1.0,0.0,0.0,1.0,0.0,0.0
15,290,8.720988874265492,9.217843960786514,0.0,0.0,0.0,0.0,1.0,0.0
16,290,7.259543803895156,1.9913792966086667,1.0,0.0,0.0,0.0,1.0,0.0
17,290,6.662069658231451,11.762630085789812,1.0,0.0,0.0,1.0,0.0,0.0
18,290,7.657579062389058,4.522972315750328,0.0,0.0,0.0,0.0,0.0,0.0
19,290,1.1609873736989949,7.301644498976668,0.0,0.0,1.0,1.0,0.0,0.0
20,290,10.499050594528343,6.564998358943097,0.0,0.0,0.0,0.0,0.0,0.0
21,290,10.417548752741675,4.173192979379716,0.0,0.0,0.0,0.0,1.0,1.0
22,290,12.0,2.767292462029774,0.0,0.0,0.0,0.0,0.0,0.0
23,290,6.99869203872432,9.92335765054688,0.0,1.0,1.0,1.0,0.0,1.0
24,290,11.860048081880766,2.2839221881756693,1.0,1.0,1.0,1.0,0.0,0.0
25,290,11.610883759338687,7.35637367525468,0.0,1.0,0.0,0.0,1.0,1.0
26,290,1.7087200273271272,0.9243402995787297,0.0,0.0,0.0,1.0,1.0,1.0
27,290,11.136948425707969,5.930538579782804,0.0,0.0,0.0,1.0,0.0,1.0
28,290,0.0,4.244708269090754,0.0,0.0,0.0,0.0,0.0,0.0
29,290,9.717261141908676,0.0,1.0,0.0,0.0,0.0,0.0,0.0
30,290,11.225712598583105,7.965515691670459,1.0,1.0,0.0,0.0,1.0,1.0
31,290,9.160474481006284,4.541141995715614,1.0,1.0,1.0,1.0,0.0,0.0
32,290,6.218804143489343,9.513748615091052,0.0,0.0,0.0,1.0,0.0,0.0
33,290,12.0,7.676756852459761,0.0,1.0,0.0,0.0,0.0,0.0
34,290,7.852161378260144,12.0,0.0,1.0,0.0,0.0,1.0,0.0
35,290,4.21383350413143,11.97881191694377,1.0,0.0,0.0,0.0,1.0,0.0
36,290,0.0,3.3227883679497663,0.0,1.0,1.0,0.0,1.0,1.0
37,290,12.0,8.511589020779875,1.0,0.0,0.0,0.0,1.0,1.0
38,290,0.4097567784935747,2.8821186178758387,1.0,0.0,1.0,0.0,1.0,0.0
39,290,6.2878952109912944,0.0,0.0,1.0,1.0,1.0,1.0,1.0
0,295,1.5160238404744188,2.683966542328237,0.0,1.0,0.0,1.0,0.0,1.0
1,295,11.789170204891938,6.778537342614397,1.0,0.0,1.0,1.0,1.0,1.0
2,295,4.552524832471895,1.1741852242025903,0.0,0.0,0.0,0.0,0.0,0.0
3,295,11.68426938739772,3.9989544259946728,0.0,0.0,1.0,0.0,0.0,0.0
4,295,2.9123427051801056,5.589618290262004,0.0,0.0,1.0,0.0,1.0,0.0
5,295,2.989179433398789,0.0,1.0,1.0,0.0,0.0,0.0,0.0
6,295,0.0,10.080395778645611,1.0,0.0,1.0,0.0,1.0,1.0
7,295,0.0,7.968034687110407,0.0,0.0,0.0,0.0,1.0,0.0
8,295,5.52841452865703,5.968312275137825,0.0,0.0,1.0,1.0,0.0,1.0
9,295,12.0,2.116525009891665,1.0,0.0,0.0,1.0,0.0,0.0
10,295,0.3445194658527242,0.0,0.0,1.0,1.0,0.0,0.0,0.0
11,295,9.800606299438815,12.0,0.0,0.0,0.0,0.0,1.0,1.0
12,295,2.579119089780389,1.1071453442238717,0.0,0.0,0.0,0.0,0.0,0.0
13,295,11.76173979884297,10.910958271161974,0.0,1.0,0.0,1.0,1.0,0.0
14,295,12.0,0.0,1.0,0.0,0.0,1.0,0.0,0.0
15,295,8.662103330071657,9.265203412205745,0.0,0.0,0.0,0.0,1.0,0.0
16,295,7.1850994516189886,1.8537846892505512,1.0,0.0,0.0,0.0,1.0,0.0
17,295,6.647175458652555,11.740888299456204,1.0,0.0,0.0,1.0,0.0,0.0
18,295,7.6464962612869884,4.603007345017992,0.0,0.0,0.0,0.0,0.0,0.0
19,295,1.158399455914094,7.297462902697405,0.0,0.0,1.0,1.0,0.0,0.0
20,295,10.535261272709626,6.729955206219379,0.0,0.0,0.0,0.0,0.0,0.0
21,295,10.393594220935986,4.142971225497904,0.0,0.0,0.0,0.0,1.0,1.0
22,295,12.0,2.736209640748456,0.0,0.0,0.0,0.0,0.0,0.0
23,295,7.031590295691676,9.945092079083588,0.0,1.0,1.0,1.0,0.0,1.0
24,295,11.867675406295662,2.2839776581620006,1.0,1.0,1.0,1.0,0.0,0.0
25,295,11.610098302587206,7.355811345209214,0.0,1.0,0.0,0.0,1.0,1.0
26,295,1.6948602259532246,0.8834070944681705,0.0,0.0,0.0,1.0,1.0,1.0
27,295,11.077822422468069,5.938902270685561,0.0,0.0,0.0,1.0,0.0,1.0
28,295,0.0,4.153718963431862,0.0,0.0,0.0,0.0,0.0,0.0
29,295,9.664673177940008,0.0,1.0,0.0,0.0,0.0,0.0,0.0
30,295,11.117053860264717,7.91903638498057,1.0,1.0,0.0,0.0,1.0,1.0
31,295,9.301069636244057,4.544923740414472,1.0,1.0,1.0,1.0,0.0,0.0
32,295,6.241471612701109,9.477058816453749,0.0,0.0,0.0,1.0,0.0,0.0
33,295,12.0,7.625282762554114,0.0,1.0,0.0,0.0,0.0,0.0
34,295,7.782032625072856,12.0,0.0,1.0,0.0,0.0,1.0,0.0
35,295,4.213743895294297,11.97875703671942,1.0,0.0,0.0,0.0,1.0,0.0
36,295,0.0,3.331024935950769,0.0,1.0,1.0,0.0,1.0,1.0
37,295,12.0,8.63202457831578,1.0,0.0,0.0,0.0,1.0,1.0
38,295,0.4034159674936131,2.894332760256299,1.0,0.0,1.0,0.0,1.0,0.0
39,295,6.433039233919415,0.0,0.0,1.0,1.0,1.0,1.0,1.0
