0,0,2.07946687776548,1.9470756254677608,1.0,0.0,0.0,1.0,0.0,1.0
1,0,5.029451357695346,6.037205431632542,1.0,0.0,1.0,0.0,0.0,0.0
2,0,4.953638559346377,10.977009688556338,1.0,1.0,1.0,0.0,1.0,0.0
3,0,0.0017491485836004,1.960802688283949,0.0,0.0,1.0,0.0,1.0,1.0
4,0,9.041609875223124,0.950519837298137,0.0,0.0,0.0,1.0,0.0,1.0
5,0,4.065239743612196,0.0,1.0,1.0,0.0,1.0,0.0,1.0
6,0,12.0,11.050663700815733,0.0,1.0,1.0,0.0,0.0,0.0
7,0,0.961887246240835,8.029685275055499,0.0,1.0,0.0,0.0,1.0,0.0
8,0,9.02272027227302,6.025105944370969,1.0,1.0,0.0,1.0,1.0,1.0
9,0,1.97256648827492,3.0439771414743726,1.0,0.0,0.0,0.0,0.0,1.0
10,0,9.989146768115171,12.0,0.0,1.0,0.0,1.0,1.0,0.0
11,0,0.0,2.9474899495939417,0.0,0.0,0.0,1.0,0.0,0.0
12,0,10.957340251914976,11.969031007664965,0.0,1.0,1.0,1.0,0.0,0.0
13,0,3.935175381461632,3.027990067686069,0.0,0.0,0.0,0.0,0.0,0.0
14,0,0.0188129049515535,9.056068331342168,0.0,0.0,0.0,0.0,0.0,1.0
15,0,1.98545002541716,0.9800328897093736,0.0,0.0,1.0,0.0,0.0,1.0
16,0,5.036306839824315,4.934226180116379,0.0,1.0,0.0,0.0,1.0,0.0
17,0,10.020675976543687,0.0,0.0,0.0,1.0,1.0,0.0,1.0
18,0,9.040998978007654,10.044495579328638,0.0,0.0,1.0,1.0,0.0,0.0
19,0,6.033596515746777,8.998112447103667,1.0,0.0,1.0,0.0,0.0,0.0
20,0,11.0474262147807,4.039083576252974,1.0,0.0,0.0,0.0,0.0,1.0
21,0,9.008914308112365,2.059675191893727,0.0,1.0,0.0,0.0,0.0,1.0
22,0,0.9567754516118776,2.010958646787504,0.0,0.0,0.0,0.0,1.0,1.0
23,0,0.0,1.9446887245622508,1.0,0.0,0.0,1.0,0.0,0.0
24,0,10.93782455859063,0.9765173961956324,1.0,0.0,0.0,1.0,0.0,0.0
25,0,12.0,12.0,1.0,1.0,0.0,1.0,0.0,0.0
26,0,9.018592461435713,0.0,0.0,0.0,1.0,0.0,0.0,1.0
27,0,3.022864230155062,8.997596131906025,1.0,1.0,1.0,0.0,1.0,1.0
28,0,10.028418609644786,11.034021428914096,0.0,0.0,0.0,0.0,1.0,1.0
29,0,1.958582700656748,9.038615359229745,0.0,0.0,0.0,1.0,1.0,0.0
30,0,2.0436050430921124,5.0086524141229125,0.0,1.0,0.0,0.0,0.0,0.0
31,0,3.95276617289624,10.97494340246769,1.0,0.0,0.0,0.0,0.0,0.0
32,0,10.954294611830118,9.954494151811806,0.0,0.0,0.0,0.0,1.0,0.0
33,0,7.962257200384447,8.97445945266768,0.0,0.0,0.0,0.0,0.0,0.0
34,0,3.9440218750539833,0.0223992658235651,0.0,1.0,0.0,0.0,0.0,1.0
35,0,3.0294879010838747,5.979321856822216,0.0,0.0,0.0,1.0,0.0,0.0
36,0,3.070871351784884,6.987930421551258,0.0,0.0,0.0,0.0,0.0,1.0
37,0,4.018017512255094,5.925078304469979,0.0,0.0,0.0,0.0,0.0,0.0
38,0,12.0,6.989511728908108,1.0,0.0,1.0,0.0,1.0,1.0
39,0,9.04994336013248,10.024970100385612,0.0,0.0,1.0,1.0,0.0,0.0
0,5,2.192605026679176,1.8730973684436525,1.0,0.0,0.0,1.0,0.0,1.0
1,5,5.044758263947408,6.056825578031599,1.0,0.0,1.0,0.0,0.0,0.0
2,5,4.926112514328287,10.962845843052,1.0,1.0,1.0,0.0,1.0,0.0
3,5,0.0021832657512181,1.929184254862362,0.0,0.0,1.0,0.0,1.0,1.0
4,5,9.079709369661172,0.9042772708709084,0.0,0.0,0.0,1.0,0.0,1.0
5,5,4.123314696160415,0.0,1.0,1.0,0.0,1.0,0.0,1.0
6,5,12.0,11.080257570286536,0.0,1.0,1.0,0.0,0.0,0.0
7,5,0.9310822121820804,8.05444170811745,0.0,1.0,0.0,0.0,1.0,0.0
8,5,9.029612564808035,6.032794150609024,1.0,1.0,0.0,1.0,1.0,1.0
9,5,1.9465612676013708,3.0856374480156665,1.0,0.0,0.0,0.0,0.0,1.0
10,5,9.978668891369663,12.0,0.0,1.0,0.0,1.0,1.0,0.0
11,5,0.0,2.9062774937141667,0.0,0.0,0.0,1.0,0.0,0.0
12,5,10.920501298251262,11.941398532990728,0.0,1.0,1.0,1.0,0.0,0.0
13,5,3.867268061077618,3.058610265895394,0.0,0.0,0.0,0.0,0.0,0.0
14,5,0.0427863829051662,9.12589543529084,0.0,0.0,0.0,0.0,0.0,1.0
15,5,1.9858376152371688,0.9805157337796058,0.0,0.0,1.0,0.0,0.0,1.0
16,5,5.065888591107002,4.879113966190127,0.0,1.0,0.0,0.0,1.0,0.0
17,5,10.043407751706605,0.0,0.0,0.0,1.0,1.0,0.0,1.0
18,5,9.074048548858404,10.081606182866594,0.0,0.0,1.0,1.0,0.0,0.0
19,5,6.076935713859188,8.995796035141808,1.0,0.0,1.0,0.0,0.0,0.0
20,5,11.077014943037952,4.063306123173659,1.0,0.0,0.0,0.0,0.0,1.0
21,5,9.016854711963193,2.106126282228308,0.0,1.0,0.0,0.0,0.0,1.0
22,5,0.9145950359005331,2.023280113479717,0.0,0.0,0.0,0.0,1.0,1.0
23,5,0.0,1.8906807451229064,1.0,0.0,0.0,1.0,0.0,0.0
24,5,10.90651065136158,0.9654669205577632,1.0,0.0,0.0,1.0,0.0,0.0
25,5,12.0,12.0,1.0,1.0,0.0,1.0,0.0,0.0
26,5,9.033146577599858,0.0,0.0,0.0,1.0,0.0,0.0,1.0
27,5,3.047062132930577,8.995554067543653,1.0,1.0,1.0,0.0,1.0,1.0
28,5,10.063936013359504,11.07783053622925,0.0,0.0,0.0,0.0,1.0,1.0
29,5,1.9122964491412997,9.08052794071316,0.0,0.0,0.0,1.0,1.0,0.0
30,5,2.07297338284327,5.013996042486103,0.0,1.0,0.0,0.0,0.0,0.0
31,5,3.887700803762288,10.939654740654031,1.0,0.0,0.0,0.0,0.0,0.0
32,5,10.920910835819573,9.918339300088094,0.0,0.0,0.0,0.0,1.0,0.0
33,5,7.919291458907934,8.946008756263792,0.0,0.0,0.0,0.0,0.0,0.0
34,5,3.894801108215942,0.0415351601944945,0.0,1.0,0.0,0.0,0.0,1.0
35,5,3.049068987595783,6.007116107428128,0.0,0.0,0.0,1.0,0.0,0.0
36,5,3.15941358713094,6.971105921568155,0.0,0.0,0.0,0.0,0.0,1.0
37,5,4.0337752858581,5.856881735117385,0.0,0.0,0.0,0.0,0.0,0.0
38,5,12.0,6.983103524709194,1.0,0.0,1.0,0.0,1.0,1.0
39,5,9.115406981582964,10.0595353836828,0.0,0.0,1.0,1.0,0.0,0.0
0,10,2.310204565753965,1.794809569054623,1.0,0.0,0.0,1.0,0.0,1.0
1,10,5.074477621873917,6.094901658656198,1.0,0.0,1.0,0.0,0.0,0.0
2,10,4.8936245386449135,10.945677332127357,1.0,1.0,1.0,0.0,1.0,0.0
3,10,0.0027673245872949,1.906688523011644,0.0,0.0,1.0,0.0,1.0,1.0
4,10,9.128893739493916,0.8459712108744738,0.0,0.0,0.0,1.0,0.0,1.0
5,10,4.196974197956002,0.0,1.0,1.0,0.0,1.0,0.0,1.0
6,10,12.0,11.104282115260885,0.0,1.0,1.0,0.0,0.0,0.0
7,10,0.901649468151294,8.077054878734012,0.0,1.0,0.0,0.0,1.0,0.0
8,10,9.03293015768285,6.036523627936828,1.0,1.0,0.0,1.0,1.0,1.0
9,10,1.9198461730137808,3.1267386013142904,1.0,0.0,0.0,0.0,0.0,1.0
10,10,9.967341636204806,12.0,0.0,1.0,0.0,1.0,1.0,0.0
11,10,0.0,2.870896946870634,0.0,0.0,0.0,1.0,0.0,0.0
12,10,10.87713613673684,11.909363374709647,0.0,1.0,1.0,1.0,0.0,0.0
13,10,3.803462748406224,3.0861996027159977,0.0,0.0,0.0,0.0,0.0,0.0
14,10,0.0668447612058043,9.189087538583466,0.0,0.0,0.0,0.0,0.0,1.0
15,10,1.9821982705791363,0.975630699343867,0.0,0.0,1.0,0.0,0.0,1.0
16,10,5.102541049750919,4.80917569071134,0.0,1.0,0.0,0.0,1.0,0.0
17,10,10.067977993688295,0.0,0.0,0.0,1.0,1.0,0.0,1.0
18,10,9.11123130859563,10.124918218406007,0.0,0.0,1.0,1.0,0.0,0.0
19,10,6.132889410363472,8.993707963837416,1.0,0.0,1.0,0.0,0.0,0.0
20,10,11.106203673114996,4.087386776310219,1.0,0.0,0.0,0.0,0.0,1.0
21,10,9.025447316487254,2.157851703295066,0.0,1.0,0.0,0.0,0.0,1.0
22,10,0.8877989263393196,2.031008536738441,0.0,0.0,0.0,0.0,1.0,1.0
23,10,0.0,1.8226807625901629,1.0,0.0,0.0,1.0,0.0,0.0
24,10,10.8697435380068,0.9522938922846168,1.0,0.0,0.0,1.0,0.0,0.0
25,10,12.0,12.0,1.0,1.0,0.0,1.0,0.0,0.0
26,10,9.0498121542165,0.0,0.0,0.0,1.0,0.0,0.0,1.0
27,10,3.07488352815887,8.994331001417779,1.0,1.0,1.0,0.0,1.0,1.0
28,10,10.108894988275214,11.135565890523498,0.0,0.0,0.0,0.0,1.0,1.0
29,10,1.8575352747532048,9.129306594206891,0.0,0.0,0.0,1.0,1.0,0.0
30,10,2.094275331344781,5.017773753460883,0.0,1.0,0.0,0.0,0.0,0.0
31,10,3.8079388285272056,10.895675695059053,1.0,0.0,0.0,0.0,0.0,0.0
32,10,10.8991544029363,9.893282607607032,0.0,0.0,0.0,0.0,1.0,0.0
33,10,7.86965259834179,8.91465507552593,0.0,0.0,0.0,0.0,0.0,0.0
34,10,3.8570333752472794,0.0563680866266192,0.0,1.0,0.0,0.0,0.0,1.0
35,10,3.0602061522380986,6.022564427521195,0.0,0.0,0.0,1.0,0.0,0.0
36,10,3.2746276619905843,6.95108589777665,0.0,0.0,0.0,0.0,0.0,1.0
37,10,4.048138176285736,5.799245829666292,0.0,0.0,0.0,0.0,0.0,0.0
38,10,12.0,6.976250003917063,1.0,0.0,1.0,0.0,1.0,1.0
39,10,9.1784561762755,10.09470778246298,0.0,0.0,1.0,1.0,0.0,0.0
0,15,2.4397475241522617,1.7139699637947554,1.0,0.0,0.0,1.0,0.0,1.0
1,15,5.09630466465978,6.122346127257171,1.0,0.0,1.0,0.0,0.0,0.0
2,15,4.843943338804516,10.919672670432984,1.0,1.0,1.0,0.0,1.0,0.0
3,15,0.0037405978652905,1.879101769235504,0.0,0.0,1.0,0.0,1.0,1.0
4,15,9.179270150851837,0.7867870285141991,0.0,0.0,0.0,1.0,0.0,1.0
5,15,4.272943084077441,0.0,1.0,1.0,0.0,1.0,0.0,1.0
6,15,12.0,11.144057158499209,0.0,1.0,1.0,0.0,0.0,0.0
7,15,0.8668858185498178,8.103873265158947,0.0,1.0,0.0,0.0,1.0,0.0
8,15,9.029403357291988,6.032335519944848,1.0,1.0,0.0,1.0,1.0,1.0
9,15,1.8980978286036092,3.1617392192711504,1.0,0.0,0.0,0.0,0.0,1.0
10,15,9.957309132612547,12.0,0.0,1.0,0.0,1.0,1.0,0.0
11,15,0.0,2.8421163656677835,0.0,0.0,0.0,1.0,0.0,0.0
12,15,10.91241705936426,11.861115718396944,0.0,1.0,1.0,1.0,0.0,0.0
13,15,3.727093845454568,3.117056488787733,0.0,0.0,0.0,0.0,0.0,0.0
14,15,0.091983104322402,9.256545967093482,0.0,0.0,0.0,0.0,0.0,1.0
15,15,1.979462637928872,0.9719019921502348,0.0,0.0,1.0,0.0,0.0,1.0
16,15,5.140317858081291,4.736398307748957,0.0,1.0,0.0,0.0,1.0,0.0
17,15,10.08699741100438,0.0,0.0,0.0,1.0,1.0,0.0,1.0
18,15,9.135501788331284,10.154221968507992,0.0,0.0,1.0,1.0,0.0,0.0
19,15,6.210595344498561,8.993239315379453,1.0,0.0,1.0,0.0,0.0,0.0
20,15,11.15227635053052,4.127379666076596,1.0,0.0,0.0,0.0,0.0,1.0
21,15,9.028888478343571,2.1796987248011424,0.0,1.0,0.0,0.0,0.0,1.0
22,15,0.8603190671558582,2.039094409434414,0.0,0.0,0.0,0.0,1.0,1.0
23,15,0.0,1.7964776017259023,1.0,0.0,0.0,1.0,0.0,0.0
24,15,10.81452721128231,0.9310050220769878,1.0,0.0,0.0,1.0,0.0,0.0
25,15,12.0,12.0,1.0,1.0,0.0,1.0,0.0,0.0
26,15,9.057788888287668,0.0,0.0,0.0,1.0,0.0,0.0,1.0
27,15,3.09057286112094,8.993282841298312,1.0,1.0,1.0,0.0,1.0,1.0
28,15,10.154704085988357,11.193410322014424,0.0,0.0,0.0,0.0,1.0,1.0
29,15,1.7962076681243926,9.185236825062788,0.0,0.0,0.0,1.0,1.0,0.0
30,15,2.131694577037228,5.024775858640802,0.0,1.0,0.0,0.0,0.0,0.0
31,15,3.72159150061868,10.847978417956488,1.0,0.0,0.0,0.0,0.0,0.0
32,15,10.91331389059119,9.880576965354692,0.0,0.0,0.0,0.0,1.0,0.0
33,15,7.815485575470826,8.88197111170217,0.0,0.0,0.0,0.0,0.0,0.0
34,15,3.801763623650303,0.0784619166850372,0.0,1.0,0.0,0.0,0.0,1.0
35,15,3.0671676567168147,6.032151677547867,0.0,0.0,0.0,1.0,0.0,0.0
36,15,3.403813317926092,6.924113805365978,0.0,0.0,0.0,0.0,0.0,1.0
37,15,4.061466618844407,5.748827444588567,0.0,0.0,0.0,0.0,0.0,0.0
38,15,12.0,6.971266497422656,1.0,0.0,1.0,0.0,1.0,1.0
39,15,9.239579218851858,10.131011905052157,0.0,0.0,1.0,1.0,0.0,0.0
0,20,2.5950305236170124,1.616021571185524,1.0,0.0,0.0,1.0,0.0,1.0
1,20,5.112000617235405,6.141857244815808,1.0,0.0,1.0,0.0,0.0,0.0
2,20,4.795595042486044,10.896292279462868,1.0,1.0,1.0,0.0,1.0,0.0
3,20,0.0045742319805357,1.8644189036568355,0.0,0.0,1.0,0.0,1.0,1.0
4,20,9.233371210635482,0.7267205959696303,0.0,0.0,0.0,1.0,0.0,1.0
5,20,4.357107208864493,0.0,1.0,1.0,0.0,1.0,0.0,1.0
6,20,12.0,11.193557744684435,0.0,1.0,1.0,0.0,0.0,0.0
7,20,0.8259838630878265,8.135339317466572,0.0,1.0,0.0,0.0,1.0,0.0
8,20,9.02762327824607,6.03013550575962,1.0,1.0,0.0,1.0,1.0,1.0
9,20,1.8782498901041704,3.1953413443122343,1.0,0.0,0.0,0.0,0.0,1.0
10,20,9.95006840421006,12.0,0.0,1.0,0.0,1.0,1.0,0.0
11,20,0.0,2.7932582490190074,0.0,0.0,0.0,1.0,0.0,0.0
12,20,10.94023009235172,11.820944096950363,0.0,1.0,1.0,1.0,0.0,0.0
13,20,3.661344397707759,3.1460901907410306,0.0,0.0,0.0,0.0,0.0,0.0
14,20,0.11310013438871,9.31285430413479,0.0,0.0,0.0,0.0,0.0,1.0
15,20,1.9632377095995597,0.9493684223206942,0.0,0.0,1.0,0.0,0.0,1.0
16,20,5.17459119184291,4.6694574238007815,0.0,1.0,0.0,0.0,1.0,0.0
17,20,10.112358566656004,0.0,0.0,0.0,1.0,1.0,0.0,1.0
18,20,9.166407775820703,10.19347658019366,0.0,0.0,1.0,1.0,0.0,0.0
19,20,6.269199606699454,8.99337759842991,1.0,0.0,1.0,0.0,0.0,0.0
20,20,11.198322798360527,4.168631970952562,1.0,0.0,0.0,0.0,0.0,1.0
21,20,9.03010006533584,2.18808014257264,0.0,1.0,0.0,0.0,0.0,1.0
22,20,0.8265157462038684,2.048281839204852,0.0,0.0,0.0,0.0,1.0,1.0
23,20,0.0,1.78583262650438,1.0,0.0,0.0,1.0,0.0,0.0
24,20,10.764481047116336,0.9128514275719042,1.0,0.0,0.0,1.0,0.0,0.0
25,20,12.0,12.0,1.0,1.0,0.0,1.0,0.0,0.0
26,20,9.072007319030355,0.0,0.0,0.0,1.0,0.0,0.0,1.0
27,20,3.106777635418744,8.99194298564182,1.0,1.0,1.0,0.0,1.0,1.0
28,20,10.209188536277882,11.263525959879017,0.0,0.0,0.0,0.0,1.0,1.0
29,20,1.7449439291508595,9.130257695261792,0.0,0.0,0.0,1.0,1.0,0.0
30,20,2.150650060435399,5.028054470333943,0.0,1.0,0.0,0.0,0.0,0.0
31,20,3.640239178716511,10.803172931678295,1.0,0.0,0.0,0.0,0.0,0.0
32,20,10.943151209629844,9.854114494159887,0.0,0.0,0.0,0.0,1.0,0.0
33,20,7.768854785772621,8.854695450574985,0.0,0.0,0.0,0.0,0.0,0.0
34,20,3.744557641851353,0.1004433342924957,0.0,1.0,0.0,0.0,0.0,1.0
35,20,3.0760716819620977,6.044040099723543,0.0,0.0,0.0,1.0,0.0,0.0
36,20,3.531714355195538,6.898547566061036,0.0,0.0,0.0,0.0,0.0,1.0
37,20,4.073599185843615,5.701930396292781,0.0,0.0,0.0,0.0,0.0,0.0
38,20,12.0,6.967587156519804,1.0,0.0,1.0,0.0,1.0,1.0
39,20,9.308520344048096,10.170822958192408,0.0,0.0,1.0,1.0,0.0,0.0
0,25,2.757211240326465,1.5100183537503913,1.0,0.0,0.0,1.0,0.0,1.0
1,25,5.136044681633015,6.172880550540897,1.0,0.0,1.0,0.0,0.0,0.0
2,25,4.738968045734158,10.867457997309314,1.0,1.0,1.0,0.0,1.0,0.0
3,25,0.0053610864268478,1.849961682951676,0.0,0.0,1.0,0.0,1.0,1.0
4,25,9.299868530728835,0.6529294017076067,0.0,0.0,0.0,1.0,0.0,1.0
5,25,4.41668267434032,0.0,1.0,1.0,0.0,1.0,0.0,1.0
6,25,12.0,11.233635182374238,0.0,1.0,1.0,0.0,0.0,0.0
7,25,0.7804917120690511,8.170628622481727,0.0,1.0,0.0,0.0,1.0,0.0
8,25,9.03067239290344,6.0340866632627685,1.0,1.0,0.0,1.0,1.0,1.0
9,25,1.8422022918549368,3.174374526903555,1.0,0.0,0.0,0.0,0.0,1.0
10,25,9.940949937532915,12.0,0.0,1.0,0.0,1.0,1.0,0.0
11,25,0.0,2.742307481209266,0.0,0.0,0.0,1.0,0.0,0.0
12,25,10.960296055669966,11.792335753973491,0.0,1.0,1.0,1.0,0.0,0.0
13,25,3.584833192247748,3.1794202872278907,0.0,0.0,0.0,0.0,0.0,0.0
14,25,0.1426841018434942,9.393004584159868,0.0,0.0,0.0,0.0,0.0,1.0
15,25,1.9295265277029872,0.9031264916153036,0.0,0.0,1.0,0.0,0.0,1.0
16,25,5.206557174786557,4.609972690131814,0.0,1.0,0.0,0.0,1.0,0.0
17,25,10.13729450680724,0.0,0.0,0.0,1.0,1.0,0.0,1.0
18,25,9.191388173805418,10.226076017047744,0.0,0.0,1.0,1.0,0.0,0.0
19,25,6.33778619271627,8.994051550327395,1.0,0.0,1.0,0.0,0.0,0.0
20,25,11.22944944674233,4.194825888291508,1.0,0.0,0.0,0.0,0.0,1.0
21,25,9.03130074539399,2.197543870524826,0.0,1.0,0.0,0.0,0.0,1.0
22,25,0.7828367542631295,2.0619349721007487,0.0,0.0,0.0,0.0,1.0,1.0
23,25,0.0,1.778222898674105,1.0,0.0,0.0,1.0,0.0,0.0
24,25,10.720163229000049,0.8966992473207083,1.0,0.0,0.0,1.0,0.0,0.0
25,25,12.0,12.0,1.0,1.0,0.0,1.0,0.0,0.0
26,25,9.079037312233812,0.0,0.0,0.0,1.0,0.0,0.0,1.0
27,25,3.1185072089029533,8.990925002344035,1.0,1.0,1.0,0.0,1.0,1.0
28,25,10.267780039162982,11.337892182249153,0.0,0.0,0.0,0.0,1.0,1.0
29,25,1.6871386010613671,9.06984033221421,0.0,0.0,0.0,1.0,1.0,0.0
30,25,2.166846680353228,5.030717411240839,0.0,1.0,0.0,0.0,0.0,0.0
31,25,3.5762445016763733,10.768826213226784,1.0,0.0,0.0,0.0,0.0,0.0
32,25,10.988241492898087,9.815364217904715,0.0,0.0,0.0,0.0,1.0,0.0
33,25,7.717773362598722,8.821772768000073,0.0,0.0,0.0,0.0,0.0,0.0
34,25,3.6946312508798016,0.1202396938236899,0.0,1.0,0.0,0.0,0.0,1.0
35,25,3.0803862514844083,6.049621510218432,0.0,0.0,0.0,1.0,0.0,0.0
36,25,3.65715242076231,6.875804554461855,0.0,0.0,0.0,0.0,0.0,1.0
37,25,4.084277359556945,5.663233227237966,0.0,0.0,0.0,0.0,0.0,0.0
38,25,12.0,6.961124720053206,1.0,0.0,1.0,0.0,1.0,1.0
39,25,9.387526421528973,10.21634873003726,0.0,0.0,1.0,1.0,0.0,0.0
0,30,2.9178708435775715,1.4049364418296793,1.0,0.0,0.0,1.0,0.0,1.0
1,30,5.169481366500589,6.215950502545195,1.0,0.0,1.0,0.0,0.0,0.0
2,30,4.679249714252148,10.836781342304691,1.0,1.0,1.0,0.0,1.0,0.0
3,30,0.0062945390226131,1.830365363591556,0.0,0.0,1.0,0.0,1.0,1.0
4,30,9.367715314436646,0.5754646296015491,0.0,0.0,0.0,1.0,0.0,1.0
5,30,4.473567064525696,0.0,1.0,1.0,0.0,1.0,0.0,1.0
6,30,12.0,11.2667872164997,0.0,1.0,1.0,0.0,0.0,0.0
7,30,0.7302660428257536,8.20617155953884,0.0,1.0,0.0,0.0,1.0,0.0
8,30,9.01887263776801,6.018660681790642,1.0,1.0,0.0,1.0,1.0,1.0
9,30,1.82227474549986,3.16257964216606,1.0,0.0,0.0,0.0,0.0,1.0
10,30,9.93222805830958,12.0,0.0,1.0,0.0,1.0,1.0,0.0
11,30,0.0,2.6678954089992666,0.0,0.0,0.0,1.0,0.0,0.0
12,30,10.974427231605809,11.772037041259406,0.0,1.0,1.0,1.0,0.0,0.0
13,30,3.511781718177156,3.2110678288364967,0.0,0.0,0.0,0.0,0.0,0.0
14,30,0.1744943419865317,9.480993017227188,0.0,0.0,0.0,0.0,0.0,1.0
15,30,1.9074647974109007,0.8726675065346519,0.0,0.0,1.0,0.0,0.0,1.0
16,30,5.223082044485475,4.577989684231497,0.0,1.0,0.0,0.0,1.0,0.0
17,30,10.156961308356582,0.0,0.0,0.0,1.0,1.0,0.0,1.0
18,30,9.224416121233498,10.268619438593111,0.0,0.0,1.0,1.0,0.0,0.0
19,30,6.434751380181157,8.995494109854633,1.0,0.0,1.0,0.0,0.0,0.0
20,30,11.249191719565744,4.210376768131103,1.0,0.0,0.0,0.0,0.0,1.0
21,30,9.03428225542087,2.220160327775329,0.0,1.0,0.0,0.0,0.0,1.0
22,30,0.7384933177674028,2.0767569575966807,0.0,0.0,0.0,0.0,1.0,1.0
23,30,0.0,1.7559421822033887,1.0,0.0,0.0,1.0,0.0,0.0
24,30,10.69842398503336,0.8891605522296793,1.0,0.0,0.0,1.0,0.0,0.0
25,30,12.0,11.951005854646665,1.0,1.0,0.0,1.0,0.0,0.0
26,30,9.088448194751685,0.0,0.0,0.0,1.0,0.0,0.0,1.0
27,30,3.129903850881781,8.990147015479208,1.0,1.0,1.0,0.0,1.0,1.0
28,30,10.313214775603871,11.39655812901986,0.0,0.0,0.0,0.0,1.0,1.0
29,30,1.6370220974684202,9.016116771381396,0.0,0.0,0.0,1.0,1.0,0.0
30,30,2.154921924417229,5.0284580524691975,0.0,1.0,0.0,0.0,0.0,0.0
31,30,3.51293365917892,10.734296141382174,1.0,0.0,0.0,0.0,0.0,0.0
32,30,11.030122120972248,9.777975840008551,0.0,0.0,0.0,0.0,1.0,0.0
33,30,7.655299604636164,8.783358627860228,0.0,0.0,0.0,0.0,0.0,0.0
34,30,3.6361726588236234,0.1448630478124194,0.0,1.0,0.0,0.0,0.0,1.0
35,30,3.0818932234953382,6.0515745752798304,0.0,0.0,0.0,1.0,0.0,0.0
36,30,3.771346095380016,6.858095987027075,0.0,0.0,0.0,0.0,0.0,1.0
37,30,4.096848652178399,5.621423150012943,0.0,0.0,0.0,0.0,0.0,0.0
38,30,12.0,6.950774616680978,1.0,0.0,1.0,0.0,1.0,1.0
39,30,9.475969851306504,10.271123242330017,0.0,0.0,1.0,1.0,0.0,0.0
0,35,3.100378506691768,1.2815539132725446,1.0,0.0,0.0,1.0,0.0,1.0
1,35,5.199434695190543,6.254353282599493,1.0,0.0,1.0,0.0,0.0,0.0
2,35,4.65528815130808,10.823975068245783,1.0,1.0,1.0,0.0,1.0,0.0
3,35,0.0088614309091676,1.7911319763492866,0.0,0.0,1.0,0.0,1.0,1.0
4,35,9.439425638999111,0.4881385852753511,0.0,0.0,0.0,1.0,0.0,1.0
5,35,4.532708857279561,0.0,1.0,1.0,0.0,1.0,0.0,1.0
6,35,12.0,11.314872477020522,0.0,1.0,1.0,0.0,0.0,0.0
7,35,0.6705065191407846,8.246069307333073,0.0,1.0,0.0,0.0,1.0,0.0
8,35,9.010956317294058,6.009394654471868,1.0,1.0,0.0,1.0,1.0,1.0
9,35,1.8181607309861287,3.160039433452256,1.0,0.0,0.0,0.0,0.0,1.0
10,35,9.923620065371122,12.0,0.0,1.0,0.0,1.0,1.0,0.0
11,35,0.0,2.595837403470162,0.0,0.0,0.0,1.0,0.0,0.0
12,35,10.974163814149462,11.772396074274832,0.0,1.0,1.0,1.0,0.0,0.0
13,35,3.4220179977193563,3.248896637067775,0.0,0.0,0.0,0.0,0.0,0.0
14,35,0.1991166816304079,9.548913595793984,0.0,0.0,0.0,0.0,0.0,1.0
15,35,1.8924994047720456,0.8525237488758529,0.0,0.0,1.0,0.0,0.0,1.0
16,35,5.238503468130871,4.54880037840285,0.0,1.0,0.0,0.0,1.0,0.0
17,35,10.18072913487072,0.0,0.0,0.0,1.0,1.0,0.0,1.0
18,35,9.248717271174034,10.299342970796232,0.0,0.0,1.0,1.0,0.0,0.0
19,35,6.532028031612297,8.998051230143718,1.0,0.0,1.0,0.0,0.0,0.0
20,35,11.263953767969149,4.222014920625319,1.0,0.0,0.0,0.0,0.0,1.0
21,35,9.04283667630648,2.275769423762932,0.0,1.0,0.0,0.0,0.0,1.0
22,35,0.7000135613444566,2.088534592732574,0.0,0.0,0.0,0.0,1.0,1.0
23,35,0.0,1.7365504758039765,1.0,0.0,0.0,1.0,0.0,0.0
24,35,10.665588341943687,0.8785414306884181,1.0,0.0,0.0,1.0,0.0,0.0
25,35,12.0,11.9048877061592,1.0,1.0,0.0,1.0,0.0,0.0
26,35,9.079509333193156,0.0,0.0,0.0,1.0,0.0,0.0,1.0
27,35,3.150532756471981,8.988729071306516,1.0,1.0,1.0,0.0,1.0,1.0
28,35,10.3691187706468,11.467721833241232,0.0,0.0,0.0,0.0,1.0,1.0
29,35,1.6014762095910395,8.980837152267528,0.0,0.0,0.0,1.0,1.0,0.0
30,35,2.137149718413065,5.025294339796118,0.0,1.0,0.0,0.0,0.0,0.0
31,35,3.445078199567399,10.695855313052014,1.0,0.0,0.0,0.0,0.0,0.0
32,35,11.07827039047226,9.735037846330144,0.0,0.0,0.0,0.0,1.0,0.0
33,35,7.591121987075475,8.743488850077377,0.0,0.0,0.0,0.0,0.0,0.0
34,35,3.577126881474243,0.1693225290068524,0.0,1.0,0.0,0.0,0.0,1.0
35,35,3.087519011690696,6.058853273006697,0.0,0.0,0.0,1.0,0.0,0.0
36,35,3.875628861266619,6.842483446500812,0.0,0.0,0.0,0.0,0.0,1.0
37,35,4.102694713712567,5.602550553623769,0.0,0.0,0.0,0.0,0.0,0.0
38,35,12.0,6.944316562178665,1.0,0.0,1.0,0.0,1.0,1.0
39,35,9.560053912222171,10.323077448784067,0.0,0.0,1.0,1.0,0.0,0.0
0,40,3.2927387152646643,1.1535476334910195,1.0,0.0,0.0,1.0,0.0,1.0
1,40,5.219476206868571,6.280357814785459,1.0,0.0,1.0,0.0,0.0,0.0
2,40,4.633511163253903,10.812480006593535,1.0,1.0,1.0,0.0,1.0,0.0
3,40,0.0106433718811117,1.7598087692953188,0.0,0.0,1.0,0.0,1.0,1.0
4,40,9.501904650239617,0.4107544959464706,0.0,0.0,0.0,1.0,0.0,1.0
5,40,4.596044468262537,0.0,1.0,1.0,0.0,1.0,0.0,1.0
6,40,12.0,11.366137887529344,0.0,1.0,1.0,0.0,0.0,0.0
7,40,0.5951889027175143,8.296495546272938,0.0,1.0,0.0,0.0,1.0,0.0
8,40,8.987876743204172,5.980327538970886,1.0,1.0,0.0,1.0,1.0,1.0
9,40,1.8113376966477808,3.155921691988701,1.0,0.0,0.0,0.0,0.0,1.0
10,40,9.912772802012256,12.0,0.0,1.0,0.0,1.0,1.0,0.0
11,40,0.0,2.5518850795010315,0.0,0.0,0.0,1.0,0.0,0.0
12,40,10.970184567200953,11.777883217473118,0.0,1.0,1.0,1.0,0.0,0.0
13,40,3.320643371042017,3.2927736168473927,0.0,0.0,0.0,0.0,0.0,0.0
14,40,0.2256394158811519,9.621509742439304,0.0,0.0,0.0,0.0,0.0,1.0
15,40,1.8844347289615893,0.8419842309437259,0.0,0.0,1.0,0.0,0.0,1.0
16,40,5.250854025756459,4.525017335566147,0.0,1.0,0.0,0.0,1.0,0.0
17,40,10.19323540957397,0.0,0.0,0.0,1.0,1.0,0.0,1.0
18,40,9.256933580388386,10.30971355652781,0.0,0.0,1.0,1.0,0.0,0.0
19,40,6.6359314512756855,9.000672014069684,1.0,0.0,1.0,0.0,0.0,0.0
20,40,11.274626122459589,4.230343727855241,1.0,0.0,0.0,0.0,0.0,1.0
21,40,9.05061326151985,2.322619672967676,0.0,1.0,0.0,0.0,0.0,1.0
22,40,0.6720560310860773,2.097427523103017,0.0,0.0,0.0,0.0,1.0,1.0
23,40,0.0,1.7306095001277155,1.0,0.0,0.0,1.0,0.0,0.0
24,40,10.617458688065014,0.8641429002850775,1.0,0.0,0.0,1.0,0.0,0.0
25,40,12.0,11.82630319846356,1.0,1.0,0.0,1.0,0.0,0.0
26,40,9.098259890619865,0.0112395424791674,0.0,0.0,1.0,0.0,0.0,1.0
27,40,3.164879801104649,8.987995921582566,1.0,1.0,1.0,0.0,1.0,1.0
28,40,10.421095750260283,11.53317327520764,0.0,0.0,0.0,0.0,1.0,1.0
29,40,1.5685428676382056,8.949021495998478,0.0,0.0,0.0,1.0,1.0,0.0
30,40,2.160063775094752,5.028797015688581,0.0,1.0,0.0,0.0,0.0,0.0
31,40,3.3911752292048774,10.665141156586168,1.0,0.0,0.0,0.0,0.0,0.0
32,40,11.123014537001485,9.69684444788941,0.0,0.0,0.0,0.0,1.0,0.0
33,40,7.527919236037911,8.706628038747532,0.0,0.0,0.0,0.0,0.0,0.0
34,40,3.5093795597792976,0.1989402755823715,0.0,1.0,0.0,0.0,0.0,1.0
35,40,3.113795370480924,6.092764562158662,0.0,0.0,0.0,1.0,0.0,0.0
36,40,3.963192855018476,6.829164055695431,0.0,0.0,0.0,0.0,0.0,1.0
37,40,4.111374933594232,5.5771413047866405,0.0,0.0,0.0,0.0,0.0,0.0
38,40,12.0,6.9356590994131295,1.0,0.0,1.0,0.0,1.0,1.0
39,40,9.646807104094886,10.372214342837747,0.0,0.0,1.0,1.0,0.0,0.0
0,45,3.4917578622721823,1.025323909907511,1.0,0.0,0.0,1.0,0.0,1.0
1,45,5.239330662353597,6.305839959343078,1.0,0.0,1.0,0.0,0.0,0.0
2,45,4.611073934104351,10.801070100609138,1.0,1.0,1.0,0.0,1.0,0.0
3,45,0.0128505265935645,1.7164358902949914,0.0,0.0,1.0,0.0,1.0,1.0
4,45,9.568277489257644,0.3301407336887948,0.0,0.0,0.0,1.0,0.0,1.0
5,45,4.656715916755159,0.0,1.0,1.0,0.0,1.0,0.0,1.0
6,45,12.0,11.402241228984227,0.0,1.0,1.0,0.0,0.0,0.0
7,45,0.5434135793134443,8.328308220016433,0.0,1.0,0.0,0.0,1.0,0.0
8,45,8.962295333724937,5.949519559633608,1.0,1.0,0.0,1.0,1.0,1.0
9,45,1.817794371335704,3.159863813721026,1.0,0.0,0.0,0.0,0.0,1.0
10,45,9.898263143241492,12.0,0.0,1.0,0.0,1.0,1.0,0.0
11,45,0.0,2.505663078032246,0.0,0.0,0.0,1.0,0.0,0.0
12,45,10.965040722334711,11.785093760443624,0.0,1.0,1.0,1.0,0.0,0.0
13,45,3.221554760348583,3.33729297506727,0.0,0.0,0.0,0.0,0.0,0.0
14,45,0.2584467789420477,9.708811092842533,0.0,0.0,0.0,0.0,0.0,1.0
15,45,1.87029423054126,0.8226679342876982,0.0,0.0,1.0,0.0,0.0,1.0
16,45,5.260759953359396,4.506487912093796,0.0,1.0,0.0,0.0,1.0,0.0
17,45,10.200261417353058,0.0,0.0,0.0,1.0,1.0,0.0,1.0
18,45,9.253569264542929,10.305295467594489,0.0,0.0,1.0,1.0,0.0,0.0
19,45,6.736730014804087,9.004884296469108,1.0,0.0,1.0,0.0,0.0,0.0
20,45,11.303269231018175,4.253152824332372,1.0,0.0,0.0,0.0,0.0,1.0
21,45,9.057088587866376,2.3704469508426387,0.0,1.0,0.0,0.0,0.0,1.0
22,45,0.645595193977749,2.1059289873082063,0.0,0.0,0.0,0.0,1.0,1.0
23,45,0.0005707935003794,1.7410989787953888,1.0,0.0,0.0,1.0,0.0,0.0
24,45,10.588665687423603,0.8551254635483477,1.0,0.0,0.0,1.0,0.0,0.0
25,45,12.0,11.7559124989942,1.0,1.0,0.0,1.0,0.0,0.0
26,45,9.13024753530246,0.0307367799758186,0.0,0.0,1.0,0.0,0.0,1.0
27,45,3.183458090463412,8.987403352762467,1.0,1.0,1.0,0.0,1.0,1.0
28,45,10.482158607993323,11.610679197681176,0.0,0.0,0.0,0.0,1.0,1.0
29,45,1.5509114765962484,8.931698200430153,0.0,0.0,0.0,1.0,1.0,0.0
30,45,2.177175899988557,5.031721648260229,0.0,1.0,0.0,0.0,0.0,0.0
31,45,3.3366548083735013,10.634607949658928,1.0,0.0,0.0,0.0,0.0,0.0
32,45,11.15750637011998,9.669321365937192,0.0,0.0,0.0,0.0,1.0,0.0
33,45,7.444851978206515,8.659746785536703,0.0,0.0,0.0,0.0,0.0,0.0
34,45,3.451021037377332,0.2247658956374157,0.0,1.0,0.0,0.0,0.0,1.0
35,45,3.15019584718331,6.137295403888796,0.0,0.0,0.0,1.0,0.0,0.0
36,45,4.071413757980695,6.81026172743656,0.0,0.0,0.0,0.0,0.0,1.0
37,45,4.120603121547097,5.547393775008865,0.0,0.0,0.0,0.0,0.0,0.0
38,45,12.0,6.923906007085739,1.0,0.0,1.0,0.0,1.0,1.0
39,45,9.72026436909546,10.413595107245492,0.0,0.0,1.0,1.0,0.0,0.0
0,50,3.67118094581273,0.907562306385966,1.0,0.0,0.0,1.0,0.0,1.0
1,50,5.264412200560495,6.338716516699312,1.0,0.0,1.0,0.0,0.0,0.0
2,50,4.5629607790565965,10.776463438245028,1.0,1.0,1.0,0.0,1.0,0.0
3,50,0.0140002219530314,1.6929831377873776,0.0,0.0,1.0,0.0,1.0,1.0
4,50,9.633398024177255,0.2476586401295258,0.0,0.0,0.0,1.0,0.0,1.0
5,50,4.72898089484412,0.0,1.0,1.0,0.0,1.0,0.0,1.0
6,50,12.0,11.44895171718052,0.0,1.0,1.0,0.0,0.0,0.0
7,50,0.4852260153421287,8.364367359844318,0.0,1.0,0.0,0.0,1.0,0.0
8,50,8.924513230146443,5.907215577597284,1.0,1.0,0.0,1.0,1.0,1.0
9,50,1.810668796059763,3.1554535163944366,1.0,0.0,0.0,0.0,0.0,1.0
10,50,9.881811275155968,12.0,0.0,1.0,0.0,1.0,1.0,0.0
11,50,0.0,2.459988683937273,0.0,0.0,0.0,1.0,0.0,0.0
12,50,10.969225488537624,11.778831450049005,0.0,1.0,1.0,1.0,0.0,0.0
13,50,3.142281481565965,3.372472196372845,0.0,0.0,0.0,0.0,0.0,0.0
14,50,0.2824633558134227,9.77353715207161,0.0,0.0,0.0,0.0,0.0,1.0
15,50,1.8676392393395365,0.819021043787637,0.0,0.0,1.0,0.0,0.0,1.0
16,50,5.264542914720433,4.49917327573446,0.0,1.0,0.0,0.0,1.0,0.0
17,50,10.204310881941902,0.0,0.0,0.0,1.0,1.0,0.0,1.0
18,50,9.257804914898006,10.311016353102966,0.0,0.0,1.0,1.0,0.0,0.0
19,50,6.837627975946937,9.008996607970504,1.0,0.0,1.0,0.0,0.0,0.0
20,50,11.349822637773812,4.290006592421374,1.0,0.0,0.0,0.0,0.0,1.0
21,50,9.060937427955166,2.3998991735275625,0.0,1.0,0.0,0.0,0.0,1.0
22,50,0.6267351069534006,2.111296594766401,0.0,0.0,0.0,0.0,1.0,1.0
23,50,0.0002730562081759,1.7339164650315215,1.0,0.0,0.0,1.0,0.0,0.0
24,50,10.552290845839789,0.844248853746128,1.0,0.0,0.0,1.0,0.0,0.0
25,50,12.0,11.65674980865566,1.0,1.0,0.0,1.0,0.0,0.0
26,50,9.169700088121768,0.0556766843949696,0.0,0.0,1.0,0.0,0.0,1.0
27,50,3.194196342226715,8.986902152939294,1.0,1.0,1.0,0.0,1.0,1.0
28,50,10.527968081250808,11.66681482041392,0.0,0.0,0.0,0.0,1.0,1.0
29,50,1.53032334103331,8.911849852981288,0.0,0.0,0.0,1.0,1.0,0.0
30,50,2.2094603635893413,5.036861086217144,0.0,1.0,0.0,0.0,0.0,0.0
31,50,3.3036825732285715,10.617010185440863,1.0,0.0,0.0,0.0,0.0,0.0
32,50,11.189466339947662,9.644248228676757,0.0,0.0,0.0,0.0,1.0,0.0
33,50,7.381181581113016,8.620347243759499,0.0,0.0,0.0,0.0,0.0,0.0
34,50,3.395482201018753,0.2491731166066546,0.0,1.0,0.0,0.0,0.0,1.0
35,50,3.1903123105518008,6.183846110429437,0.0,0.0,0.0,1.0,0.0,0.0
36,50,4.18336950189812,6.793739554702319,0.0,0.0,0.0,0.0,0.0,1.0
37,50,4.128427856072299,5.524484994341831,0.0,0.0,0.0,0.0,0.0,0.0
38,50,12.0,6.920835791293612,1.0,0.0,1.0,0.0,1.0,1.0
39,50,9.804072888636105,10.458877599470036,0.0,0.0,1.0,1.0,0.0,0.0
0,55,3.8728587519956728,0.7711046121929124,1.0,0.0,0.0,1.0,0.0,1.0
1,55,5.319601482757523,6.406452503328791,1.0,0.0,1.0,0.0,0.0,0.0
2,55,4.515876660402127,10.752094205782988,1.0,1.0,1.0,0.0,1.0,0.0
3,55,0.0152737354827536,1.6665738658247975,0.0,0.0,1.0,0.0,1.0,1.0
4,55,9.713954720835916,0.1455560349360197,0.0,0.0,0.0,1.0,0.0,1.0
5,55,4.807091444548,0.0,1.0,1.0,0.0,1.0,0.0,1.0
6,55,12.0,11.48465153900868,0.0,1.0,1.0,0.0,0.0,0.0
7,55,0.4325152896422597,8.395664811725485,0.0,1.0,0.0,0.0,1.0,0.0
8,55,8.871684319685652,5.850059859856659,1.0,1.0,0.0,1.0,1.0,1.0
9,55,1.806590304022746,3.152826202519984,1.0,0.0,0.0,0.0,0.0,1.0
10,55,9.869049775484807,12.0,0.0,1.0,0.0,1.0,1.0,0.0
11,55,0.0,2.402140930137299,0.0,0.0,0.0,1.0,0.0,0.0
12,55,10.972437464621136,11.773818451862764,0.0,1.0,1.0,1.0,0.0,0.0
13,55,3.06665932253222,3.404857580430865,0.0,0.0,0.0,0.0,0.0,0.0
14,55,0.3050075776786649,9.836114844822406,0.0,0.0,0.0,0.0,0.0,1.0
15,55,1.8554484314290696,0.8031629806954245,0.0,0.0,1.0,0.0,0.0,1.0
16,55,5.261644104473256,4.504989609568846,0.0,1.0,0.0,0.0,1.0,0.0
17,55,10.205781174656044,0.0006074952655188,0.0,0.0,1.0,1.0,0.0,1.0
18,55,9.25151244308329,10.303020046715574,0.0,0.0,1.0,1.0,0.0,0.0
19,55,6.936902229770423,9.016357574301525,1.0,0.0,1.0,0.0,0.0,0.0
20,55,11.384153946792017,4.318068988748971,1.0,0.0,0.0,0.0,0.0,1.0
21,55,9.061247889633032,2.40223048221738,0.0,1.0,0.0,0.0,0.0,1.0
22,55,0.62861033665781,2.1107984777943,0.0,0.0,0.0,0.0,1.0,1.0
23,55,0.0,1.7261469418577526,1.0,0.0,0.0,1.0,0.0,0.0
24,55,10.495117885495354,0.8274737397660341,1.0,0.0,0.0,1.0,0.0,0.0
25,55,12.0,11.563448220736271,1.0,1.0,0.0,1.0,0.0,0.0
26,55,9.225295508101572,0.0898777005964623,0.0,0.0,1.0,0.0,0.0,1.0
27,55,3.1857194075709527,8.986993773240462,1.0,1.0,1.0,0.0,1.0,1.0
28,55,10.571742584668849,11.719308223635554,0.0,0.0,0.0,0.0,1.0,1.0
29,55,1.5161196153485386,8.898326384473602,0.0,0.0,0.0,1.0,1.0,0.0
30,55,2.2302092840043817,5.040082049193571,0.0,1.0,0.0,0.0,0.0,0.0
31,55,3.2744817382319367,10.600398332709636,1.0,0.0,0.0,0.0,0.0,0.0
32,55,11.228224666722848,9.614316800246527,0.0,0.0,0.0,0.0,1.0,0.0
33,55,7.329339881833096,8.58846459821269,0.0,0.0,0.0,0.0,0.0,0.0
34,55,3.329352514691587,0.276316532093617,0.0,1.0,0.0,0.0,0.0,1.0
35,55,3.2372306633701835,6.240829387282273,0.0,0.0,0.0,1.0,0.0,0.0
36,55,4.286022807086253,6.779459194772387,0.0,0.0,0.0,0.0,0.0,1.0
37,55,4.162611976067507,5.537037903160714,0.0,0.0,0.0,0.0,0.0,0.0
38,55,12.0,6.914327832107565,1.0,0.0,1.0,0.0,1.0,1.0
39,55,9.883430463235957,10.504389486859797,0.0,0.0,1.0,1.0,0.0,0.0
0,60,4.09547324253916,0.6130542455430321,1.0,0.0,0.0,1.0,0.0,1.0
1,60,5.363888556024056,6.45852628516815,1.0,0.0,1.0,0.0,0.0,0.0
2,60,4.477347335614899,10.731995178194508,1.0,1.0,1.0,0.0,1.0,0.0
3,60,0.0164688480539906,1.6319612336067375,0.0,0.0,1.0,0.0,1.0,1.0
4,60,9.783753048846425,0.0543269165103663,0.0,0.0,0.0,1.0,0.0,1.0
5,60,4.878934899678384,0.0,1.0,1.0,0.0,1.0,0.0,1.0
6,60,12.0,11.521948472584,0.0,1.0,1.0,0.0,0.0,0.0
7,60,0.3744017313079888,8.43115349946136,0.0,1.0,0.0,0.0,1.0,0.0
8,60,8.815071063687887,5.788992851976766,1.0,1.0,0.0,1.0,1.0,1.0
9,60,1.7913411062962223,3.1425033768570807,1.0,0.0,0.0,0.0,0.0,1.0
10,60,9.85323816066496,12.0,0.0,1.0,0.0,1.0,1.0,0.0
11,60,0.0,2.319481117653785,0.0,0.0,0.0,1.0,0.0,0.0
12,60,10.974167620805249,11.771115622701156,0.0,1.0,1.0,1.0,0.0,0.0
13,60,2.987593728069385,3.439719951396208,0.0,0.0,0.0,0.0,0.0,0.0
14,60,0.322677898574962,9.887898655081685,0.0,0.0,0.0,0.0,0.0,1.0
15,60,1.8296184159798128,0.7668098063476144,0.0,0.0,1.0,0.0,0.0,1.0
16,60,5.259376979430189,4.509117673657014,0.0,1.0,0.0,0.0,1.0,0.0
17,60,10.209538865388998,0.0021926068101074,0.0,0.0,1.0,1.0,0.0,1.0
18,60,9.241326809868058,10.290953325041494,0.0,0.0,1.0,1.0,0.0,0.0
19,60,7.04001501665724,9.023628098025998,1.0,0.0,1.0,0.0,0.0,0.0
20,60,11.40739404233708,4.336868695095645,1.0,0.0,0.0,0.0,0.0,1.0
21,60,9.062648031248091,2.413745979536859,0.0,1.0,0.0,0.0,0.0,1.0
22,60,0.634773351866993,2.1089753258177075,0.0,0.0,0.0,0.0,1.0,1.0
23,60,0.0,1.6940201669204396,1.0,0.0,0.0,1.0,0.0,0.0
24,60,10.433808813848112,0.8085319424209491,1.0,0.0,0.0,1.0,0.0,0.0
25,60,12.0,11.480165814048537,1.0,1.0,0.0,1.0,0.0,0.0
26,60,9.28774570474119,0.1290709630173064,0.0,0.0,1.0,0.0,0.0,1.0
27,60,3.186220590713269,8.986986145484956,1.0,1.0,1.0,0.0,1.0,1.0
28,60,10.605350009404187,11.761543273419736,0.0,0.0,0.0,0.0,1.0,1.0
29,60,1.4978145759128154,8.880893409386907,0.0,0.0,0.0,1.0,1.0,0.0
30,60,2.257058939816417,5.044612739856553,0.0,1.0,0.0,0.0,0.0,0.0
31,60,3.224269072423285,10.571200448317455,1.0,0.0,0.0,0.0,0.0,0.0
32,60,11.263829904488167,9.585914494868774,0.0,0.0,0.0,0.0,1.0,0.0
33,60,7.26484686952453,8.550547623514248,0.0,0.0,0.0,0.0,0.0,0.0
34,60,3.276883209729034,0.2982351226656496,0.0,1.0,0.0,0.0,0.0,1.0
35,60,3.28845127821255,6.303274292436375,0.0,0.0,0.0,1.0,0.0,0.0
36,60,4.390846468814452,6.765356224082078,0.0,0.0,0.0,0.0,0.0,1.0
37,60,4.220391335432043,5.558158763565968,0.0,0.0,0.0,0.0,0.0,0.0
38,60,12.0,6.91299580707291,1.0,0.0,1.0,0.0,1.0,1.0
39,60,9.96172684291106,10.5492694585095,0.0,0.0,1.0,1.0,0.0,0.0
0,65,4.317938661703716,0.4598677166215729,1.0,0.0,0.0,1.0,0.0,1.0
1,65,5.424669062059845,6.530116483507012,1.0,0.0,1.0,0.0,0.0,0.0
2,65,4.446615253335568,10.71520336457872,1.0,1.0,1.0,0.0,1.0,0.0
3,65,0.0,1.6311701615763043,0.0,0.0,1.0,0.0,1.0,1.0
4,65,9.850693575234782,0.0,0.0,0.0,0.0,1.0,0.0,1.0
5,65,4.956176224349184,0.0,1.0,1.0,0.0,1.0,0.0,1.0
6,65,12.0,11.570852183756724,0.0,1.0,1.0,0.0,0.0,0.0
7,65,0.3084503221577573,8.47187384375329,0.0,1.0,0.0,0.0,1.0,0.0
8,65,8.761302249646654,5.7273111707526825,1.0,1.0,0.0,1.0,1.0,1.0
9,65,1.7736795752819416,3.1300667099822386,1.0,0.0,0.0,0.0,0.0,1.0
10,65,9.835732464924147,12.0,0.0,1.0,0.0,1.0,1.0,0.0
11,65,0.0,2.238653235143778,0.0,0.0,0.0,1.0,0.0,0.0
12,65,10.963975125524566,11.786615335848532,0.0,1.0,1.0,1.0,0.0,0.0
13,65,2.894685204609455,3.4783900242087564,0.0,0.0,0.0,0.0,0.0,0.0
14,65,0.3401311351121766,9.93931401537329,0.0,0.0,0.0,0.0,0.0,1.0
15,65,1.7797799942077102,0.6962492207262899,0.0,0.0,1.0,0.0,0.0,1.0
16,65,5.2562973459915865,4.514516970082141,0.0,1.0,0.0,0.0,1.0,0.0
17,65,10.223219613952518,0.008187998808245,0.0,0.0,1.0,1.0,0.0,1.0
18,65,9.23337774613699,10.28136957983322,0.0,0.0,1.0,1.0,0.0,0.0
19,65,7.133865195506436,9.02924489678944,1.0,0.0,1.0,0.0,0.0,0.0
20,65,11.422832214796813,4.348519772146531,1.0,0.0,0.0,0.0,0.0,1.0
21,65,9.063337390433988,2.420073627064502,0.0,1.0,0.0,0.0,0.0,1.0
22,65,0.6328022054159907,2.109578130574291,0.0,0.0,0.0,0.0,1.0,1.0
23,65,0.0,1.6424683211049134,1.0,0.0,0.0,1.0,0.0,0.0
24,65,10.372029726871624,0.7907048335072207,1.0,0.0,0.0,1.0,0.0,0.0
25,65,12.0,11.41623682471155,1.0,1.0,0.0,1.0,0.0,0.0
26,65,9.354141146356673,0.1704110147796299,0.0,0.0,1.0,0.0,0.0,1.0
27,65,3.191615898397163,8.986827587038992,1.0,1.0,1.0,0.0,1.0,1.0
28,65,10.633526013250906,11.796876985202884,0.0,0.0,0.0,0.0,1.0,1.0
29,65,1.475992211812213,8.859820597487479,0.0,0.0,0.0,1.0,1.0,0.0
30,65,2.2791572927839474,5.048267629043383,0.0,1.0,0.0,0.0,0.0,0.0
31,65,3.172260075001956,10.543980259550596,1.0,0.0,0.0,0.0,0.0,0.0
32,65,11.274672851904173,9.577246146505368,0.0,0.0,0.0,0.0,1.0,0.0
33,65,7.211836223040512,8.520435871853927,0.0,0.0,0.0,0.0,0.0,0.0
34,65,3.2257157198785205,0.3209800082335093,0.0,1.0,0.0,0.0,0.0,1.0
35,65,3.3440889822999256,6.370192940274533,0.0,0.0,0.0,1.0,0.0,0.0
36,65,4.499535992017218,6.750289992307788,0.0,0.0,0.0,0.0,0.0,1.0
37,65,4.279997597286947,5.580420374956657,0.0,0.0,0.0,0.0,0.0,0.0
38,65,12.0,6.911335888956132,1.0,0.0,1.0,0.0,1.0,1.0
39,65,10.05914884476804,10.603346291211306,0.0,0.0,1.0,1.0,0.0,0.0
0,70,4.543379272622054,0.3032229590338148,1.0,0.0,0.0,1.0,0.0,1.0
1,70,5.497684894122737,6.619609240565844,1.0,0.0,1.0,0.0,0.0,0.0
2,70,4.415734227081043,10.697597896212525,1.0,1.0,1.0,0.0,1.0,0.0
3,70,0.0,1.629448324492484,0.0,0.0,1.0,0.0,1.0,1.0
4,70,9.927126589757377,0.0,0.0,0.0,0.0,1.0,0.0,1.0
5,70,5.04165373319031,0.0,1.0,1.0,0.0,1.0,0.0,1.0
6,70,12.0,11.623029450858988,0.0,1.0,1.0,0.0,0.0,0.0
7,70,0.2477917132776448,8.504957296561724,0.0,1.0,0.0,0.0,1.0,0.0
8,70,8.706611391557875,5.661834708287679,1.0,1.0,0.0,1.0,1.0,1.0
9,70,1.7580066877150622,3.119519276586548,1.0,0.0,0.0,0.0,0.0,1.0
10,70,9.818815444284938,12.0,0.0,1.0,0.0,1.0,1.0,0.0
11,70,0.0,2.162685071900046,0.0,0.0,0.0,1.0,0.0,0.0
12,70,10.951947962223752,11.804929710294696,0.0,1.0,1.0,1.0,0.0,0.0
13,70,2.8063037574636303,3.5149613993299047,0.0,0.0,0.0,0.0,0.0,0.0
14,70,0.3533307514160121,9.982983178483606,0.0,0.0,0.0,0.0,0.0,1.0
15,70,1.7440703545563887,0.6437116542053376,0.0,0.0,1.0,0.0,0.0,1.0
16,70,5.261291184461478,4.505673191026354,0.0,1.0,0.0,0.0,1.0,0.0
17,70,10.243966005983312,0.0170633541807762,0.0,0.0,1.0,1.0,0.0,1.0
18,70,9.221336288874015,10.266708573570964,0.0,0.0,1.0,1.0,0.0,0.0
19,70,7.2259603617893555,9.036529354004534,1.0,0.0,1.0,0.0,0.0,0.0
20,70,11.449447460913246,4.369674325659928,1.0,0.0,0.0,0.0,0.0,1.0
21,70,9.063637930899498,2.422530608868817,0.0,1.0,0.0,0.0,0.0,1.0
22,70,0.6184334788530431,2.1136946017855336,0.0,0.0,0.0,0.0,1.0,1.0
23,70,0.0,1.5510694770791251,1.0,0.0,0.0,1.0,0.0,0.0
24,70,10.31265580019673,0.7739054116019463,1.0,0.0,0.0,1.0,0.0,0.0
25,70,12.0,11.363431484526046,1.0,1.0,0.0,1.0,0.0,0.0
26,70,9.426270423991104,0.2140614833759676,0.0,0.0,1.0,0.0,0.0,1.0
27,70,3.1979066880669564,8.986595500091894,1.0,1.0,1.0,0.0,1.0,1.0
28,70,10.647460634916838,11.814542948621074,0.0,0.0,0.0,0.0,1.0,1.0
29,70,1.4446542209625868,8.829423139638276,0.0,0.0,0.0,1.0,1.0,0.0
30,70,2.2862718770078616,5.049431464697662,0.0,1.0,0.0,0.0,0.0,0.0
31,70,3.117511142451942,10.519307336494364,1.0,0.0,0.0,0.0,0.0,0.0
32,70,11.288179304329129,9.567114368704154,0.0,0.0,0.0,0.0,1.0,0.0
33,70,7.160114028260846,8.490649045583048,0.0,0.0,0.0,0.0,0.0,0.0
34,70,3.1999227535955472,0.3331019674786351,0.0,1.0,0.0,0.0,0.0,1.0
35,70,3.401824166851166,6.442281974456272,0.0,0.0,0.0,1.0,0.0,0.0
36,70,4.597168675016787,6.735948174352899,0.0,0.0,0.0,0.0,0.0,1.0
37,70,4.324182097245738,5.5974774643191845,0.0,0.0,0.0,0.0,0.0,0.0
38,70,12.0,6.9084451292674105,1.0,0.0,1.0,0.0,1.0,1.0
39,70,10.176743297341382,10.666555427476824,0.0,0.0,1.0,1.0,0.0,0.0
0,75,4.7502094370837735,0.1514911053128355,1.0,0.0,0.0,1.0,0.0,1.0
1,75,5.583307098785844,6.722756467662225,1.0,0.0,1.0,0.0,0.0,0.0
2,75,4.393080165647241,10.685449227717708,1.0,1.0,1.0,0.0,1.0,0.0
3,75,0.0,1.627503574094829,0.0,0.0,1.0,0.0,1.0,1.0
4,75,9.99014415519378,0.0,0.0,0.0,0.0,1.0,0.0,1.0
5,75,5.129190526085521,0.0,1.0,1.0,0.0,1.0,0.0,1.0
6,75,12.0,11.669756089045489,0.0,1.0,1.0,0.0,0.0,0.0
7,75,0.1997955179848076,8.53121883507896,0.0,1.0,0.0,0.0,1.0,0.0
8,75,8.649942901657495,5.595110368580436,1.0,1.0,0.0,1.0,1.0,1.0
9,75,1.755341085968119,3.117668011416745,1.0,0.0,0.0,0.0,0.0,1.0
10,75,9.803411676929596,12.0,0.0,1.0,0.0,1.0,1.0,0.0
11,75,0.0,2.112814712246754,0.0,0.0,0.0,1.0,0.0,0.0
12,75,10.948038526893331,11.81103108024366,0.0,1.0,1.0,1.0,0.0,0.0
13,75,2.696135884522552,3.5604016582836664,0.0,0.0,0.0,0.0,0.0,0.0
14,75,0.3654073207563652,10.024012238735112,0.0,0.0,0.0,0.0,0.0,1.0
15,75,1.7130687551373254,0.5948447567390912,0.0,0.0,1.0,0.0,0.0,1.0
16,75,5.265182977353586,4.498372304846023,0.0,1.0,0.0,0.0,1.0,0.0
17,75,10.262769156536317,0.0258211685136029,0.0,0.0,1.0,1.0,0.0,1.0
18,75,9.20508069379983,10.246656490855411,0.0,0.0,1.0,1.0,0.0,0.0
19,75,7.310297040874571,9.0439649478412,1.0,0.0,1.0,0.0,0.0,0.0
20,75,11.466277845386186,4.383347858289375,1.0,0.0,0.0,0.0,0.0,1.0
21,75,9.06443661851587,2.4296532903769896,0.0,1.0,0.0,0.0,0.0,1.0
22,75,0.586434380626881,2.1229940318527536,0.0,0.0,0.0,0.0,1.0,1.0
23,75,0.0,1.4494319646757117,1.0,0.0,0.0,1.0,0.0,0.0
24,75,10.297092352611577,0.8246245644615919,1.0,0.0,0.0,1.0,0.0,0.0
25,75,12.0,11.296158037766313,1.0,1.0,0.0,1.0,0.0,0.0
26,75,9.4887735764798,0.2527854977409479,0.0,0.0,1.0,0.0,0.0,1.0
27,75,3.2197790767190875,8.985536460365777,1.0,1.0,1.0,0.0,1.0,1.0
28,75,10.66201007918489,11.832083789911918,0.0,0.0,0.0,0.0,1.0,1.0
29,75,1.4279761640750823,8.813309542130405,0.0,0.0,0.0,1.0,1.0,0.0
30,75,2.3049061869670617,5.052201819395052,0.0,1.0,0.0,0.0,0.0,0.0
31,75,3.0625488793153544,10.4963254283657,1.0,0.0,0.0,0.0,0.0,0.0
32,75,11.31910959762067,9.544166842078658,0.0,0.0,0.0,0.0,1.0,0.0
33,75,7.111754263340679,8.463296398292936,0.0,0.0,0.0,0.0,0.0,0.0
34,75,3.198457264063592,0.3338630611146527,0.0,1.0,0.0,0.0,0.0,1.0
35,75,3.456879826871585,6.514625596054802,0.0,0.0,0.0,1.0,0.0,0.0
36,75,4.697850889841439,6.718684742390679,0.0,0.0,0.0,0.0,0.0,1.0
37,75,4.341503273349637,5.604349142038677,0.0,0.0,0.0,0.0,0.0,0.0
38,75,12.0,6.903413484155553,1.0,0.0,1.0,0.0,1.0,1.0
39,75,10.30647851026089,10.73995839935315,0.0,0.0,1.0,1.0,0.0,0.0
0,80,4.959717296220258,0.0,1.0,0.0,0.0,1.0,0.0,1.0
1,80,5.66275930456208,6.817391219403564,1.0,0.0,1.0,0.0,0.0,0.0
2,80,4.338319551806932,10.657326661206476,1.0,1.0,1.0,0.0,1.0,0.0
3,80,0.0,1.6267875134821947,0.0,0.0,1.0,0.0,1.0,1.0
4,80,10.05342013061673,0.0,0.0,0.0,0.0,1.0,0.0,1.0
5,80,5.219737465608886,0.0,1.0,1.0,0.0,1.0,0.0,1.0
6,80,12.0,11.717399932205252,0.0,1.0,1.0,0.0,0.0,0.0
7,80,0.1444830252354905,8.561326307985478,0.0,1.0,0.0,0.0,1.0,0.0
8,80,8.59353185213483,5.528815054274728,1.0,1.0,0.0,1.0,1.0,1.0
9,80,1.7634725592120024,3.1230073722041656,1.0,0.0,0.0,0.0,0.0,1.0
10,80,9.789002171337922,12.0,0.0,1.0,0.0,1.0,1.0,0.0
11,80,0.0,2.0677500221122727,0.0,0.0,0.0,1.0,0.0,0.0
12,80,10.94475448881012,11.81603263308232,0.0,1.0,1.0,1.0,0.0,0.0
13,80,2.5934944186744997,3.6021990985026937,0.0,0.0,0.0,0.0,0.0,0.0
14,80,0.3796345494336938,10.069041732984156,0.0,0.0,0.0,0.0,0.0,1.0
15,80,1.678551823057351,0.5375686866583462,0.0,0.0,1.0,0.0,0.0,1.0
16,80,5.265762379737752,4.497330553222664,0.0,1.0,0.0,0.0,1.0,0.0
17,80,10.278818183646946,0.0339152868851529,0.0,0.0,1.0,1.0,0.0,1.0
18,80,9.196692812105727,10.235752177139666,0.0,0.0,1.0,1.0,0.0,0.0
19,80,7.399733012774628,9.05133624657762,1.0,0.0,1.0,0.0,0.0,0.0
20,80,11.486081033782398,4.3991704660023085,1.0,0.0,0.0,0.0,0.0,1.0
21,80,9.0669969843121,2.451499128923976,0.0,1.0,0.0,0.0,0.0,1.0
22,80,0.5528101436009157,2.133817894956183,0.0,0.0,0.0,0.0,1.0,1.0
23,80,0.0,1.3557459767011166,1.0,0.0,0.0,1.0,0.0,0.0
24,80,10.286270922369944,0.8600816750160966,1.0,0.0,0.0,1.0,0.0,0.0
25,80,12.0,11.243177182943858,1.0,1.0,0.0,1.0,0.0,0.0
26,80,9.559328421077453,0.3009567766950183,0.0,0.0,1.0,0.0,0.0,1.0
27,80,3.240026131916905,8.984072627219605,1.0,1.0,1.0,0.0,1.0,1.0
28,80,10.675304111909432,11.847716105267114,0.0,0.0,0.0,0.0,1.0,1.0
29,80,1.4198652672898997,8.80526758421226,0.0,0.0,0.0,1.0,1.0,0.0
30,80,2.321012524253487,5.05445302464252,0.0,1.0,0.0,0.0,0.0,0.0
31,80,3.0042522909181684,10.470215150660016,1.0,0.0,0.0,0.0,0.0,0.0
32,80,11.336707077632346,9.531022530575177,0.0,0.0,0.0,0.0,1.0,0.0
33,80,7.052195149529741,8.428420176538571,0.0,0.0,0.0,0.0,0.0,0.0
34,80,3.2016405361759124,0.332290272464385,0.0,1.0,0.0,0.0,0.0,1.0
35,80,3.510338951327995,6.586184093006531,0.0,0.0,0.0,1.0,0.0,0.0
36,80,4.798031786845492,6.701539908751475,0.0,0.0,0.0,0.0,0.0,1.0
37,80,4.340800200845811,5.604080141108168,0.0,0.0,0.0,0.0,0.0,0.0
38,80,12.0,6.8969902349922325,1.0,0.0,1.0,0.0,1.0,1.0
39,80,10.434695251390144,10.81099549659847,0.0,0.0,1.0,1.0,0.0,0.0
0,85,5.16136280638986,0.0,1.0,0.0,0.0,1.0,0.0,1.0
1,85,5.752709794462407,6.928019704985288,1.0,0.0,1.0,0.0,0.0,0.0
2,85,4.266195086046452,10.618496670090884,1.0,1.0,1.0,0.0,1.0,0.0
3,85,0.0,1.6250578475661015,0.0,0.0,1.0,0.0,1.0,1.0
4,85,10.11099458121793,0.0,0.0,0.0,0.0,1.0,0.0,1.0
5,85,5.314388982784878,0.0,1.0,1.0,0.0,1.0,0.0,1.0
6,85,12.0,11.746178809207883,0.0,1.0,1.0,0.0,0.0,0.0
7,85,0.0727356593906112,8.600716745025869,0.0,1.0,0.0,0.0,1.0,0.0
8,85,8.541233871518495,5.467926534559332,1.0,1.0,0.0,1.0,1.0,1.0
9,85,1.7671919554315616,3.125521098848068,1.0,0.0,0.0,0.0,0.0,1.0
10,85,9.773660791973368,12.0,0.0,1.0,0.0,1.0,1.0,0.0
11,85,0.0,2.019852302094792,0.0,0.0,0.0,1.0,0.0,0.0
12,85,10.948167664629892,11.810649500887084,0.0,1.0,1.0,1.0,0.0,0.0
13,85,2.4807888126052084,3.6492976913499926,0.0,0.0,0.0,0.0,0.0,0.0
14,85,0.3925597024639704,10.110327833858744,0.0,0.0,0.0,0.0,0.0,1.0
15,85,1.6595081082077423,0.5042133407100013,0.0,0.0,1.0,0.0,0.0,1.0
16,85,5.259175417913045,4.509177249140428,0.0,1.0,0.0,0.0,1.0,0.0
17,85,10.29155793466861,0.0399517989551107,0.0,0.0,1.0,1.0,0.0,1.0
18,85,9.186327988613115,10.22279226487817,0.0,0.0,1.0,1.0,0.0,0.0
19,85,7.48684947647576,9.05740908095048,1.0,0.0,1.0,0.0,0.0,0.0
20,85,11.501285635056416,4.4114831155971554,1.0,0.0,0.0,0.0,0.0,1.0
21,85,9.068487415332092,2.4695324890549872,0.0,1.0,0.0,0.0,0.0,1.0
22,85,0.5131228223154055,2.1463878113320765,0.0,0.0,0.0,0.0,1.0,1.0
23,85,0.0,1.2304421796528378,1.0,0.0,0.0,1.0,0.0,0.0
24,85,10.28245181375996,0.8729641582086488,1.0,0.0,0.0,1.0,0.0,0.0
25,85,12.0,11.17680932241574,1.0,1.0,0.0,1.0,0.0,0.0
26,85,9.62414574083689,0.3465221927575364,0.0,0.0,1.0,0.0,0.0,1.0
27,85,3.251361967223154,8.983580366005526,1.0,1.0,1.0,0.0,1.0,1.0
28,85,10.693189667517672,11.868645992234445,0.0,0.0,0.0,0.0,1.0,1.0
29,85,1.406994003015002,8.792376975924395,0.0,0.0,0.0,1.0,1.0,0.0
30,85,2.3373277668499366,5.05652739488178,0.0,1.0,0.0,0.0,0.0,0.0
31,85,2.9423952538212736,10.441017169871412,1.0,0.0,0.0,0.0,0.0,0.0
32,85,11.333596591507188,9.533211317282037,0.0,0.0,0.0,0.0,1.0,0.0
33,85,6.983929462793501,8.390950835346882,0.0,0.0,0.0,0.0,0.0,0.0
34,85,3.200671474425014,0.332761108598505,0.0,1.0,0.0,0.0,0.0,1.0
35,85,3.567091219162799,6.659264674396083,0.0,0.0,0.0,1.0,0.0,0.0
36,85,4.886036873365184,6.686487459038268,0.0,0.0,0.0,0.0,0.0,1.0
37,85,4.3264464275661245,5.597439076027902,0.0,0.0,0.0,0.0,0.0,0.0
38,85,12.0,6.88990413897066,1.0,0.0,1.0,0.0,1.0,1.0
39,85,10.563265243882286,10.880583580253347,0.0,0.0,1.0,1.0,0.0,0.0
0,90,5.362889839389167,0.0,1.0,0.0,0.0,1.0,0.0,1.0
1,90,5.835338815896438,7.0325693715898,1.0,0.0,1.0,0.0,0.0,0.0
2,90,4.202291963458607,10.58481259926656,1.0,1.0,1.0,0.0,1.0,0.0
3,90,0.0,1.6239452636688605,0.0,0.0,1.0,0.0,1.0,1.0
4,90,10.162247166155002,0.0,0.0,0.0,0.0,1.0,0.0,1.0
5,90,5.414984267473416,0.0,1.0,1.0,0.0,1.0,0.0,1.0
6,90,12.0,11.79117794622167,0.0,1.0,1.0,0.0,0.0,0.0
7,90,0.0063244701023657,8.635608330483729,0.0,1.0,0.0,0.0,1.0,0.0
8,90,8.490385780079043,5.41275754221191,1.0,1.0,0.0,1.0,1.0,1.0
9,90,1.7741709189211003,3.1303077197797697,1.0,0.0,0.0,0.0,0.0,1.0
10,90,9.75920830462586,12.0,0.0,1.0,0.0,1.0,1.0,0.0
11,90,0.0,1.983853831707472,0.0,0.0,0.0,1.0,0.0,0.0
12,90,10.94416444231246,11.816806108843858,0.0,1.0,1.0,1.0,0.0,0.0
13,90,2.402056449240621,3.682322998359671,0.0,0.0,0.0,0.0,0.0,0.0
14,90,0.4012139070480598,10.139655758536891,0.0,0.0,0.0,0.0,0.0,1.0
15,90,1.642760219176688,0.475469660444397,0.0,0.0,1.0,0.0,0.0,1.0
16,90,5.254785024385422,4.517303787622437,0.0,1.0,0.0,0.0,1.0,0.0
17,90,10.316203373269806,0.0514072447005314,0.0,0.0,1.0,1.0,0.0,1.0
18,90,9.173966572024572,10.20836850034378,0.0,0.0,1.0,1.0,0.0,0.0
19,90,7.559642397001054,9.062193723571692,1.0,0.0,1.0,0.0,0.0,0.0
20,90,11.512352355348186,4.419921021274356,1.0,0.0,0.0,0.0,0.0,1.0
21,90,9.06804212751134,2.4648062064519465,0.0,1.0,0.0,0.0,0.0,1.0
22,90,0.474974137461061,2.1586943110678534,0.0,0.0,0.0,0.0,1.0,1.0
23,90,0.0,1.0986948592144243,1.0,0.0,0.0,1.0,0.0,0.0
24,90,10.28372052350118,0.8685490488719754,1.0,0.0,0.0,1.0,0.0,0.0
25,90,12.0,11.103342595247002,1.0,1.0,0.0,1.0,0.0,0.0
26,90,9.701530505058248,0.4015024804738559,0.0,0.0,1.0,0.0,0.0,1.0
27,90,3.256870371303175,8.983332447142399,1.0,1.0,1.0,0.0,1.0,1.0
28,90,10.72561391470351,11.904876368094005,0.0,0.0,0.0,0.0,1.0,1.0
29,90,1.411418097090069,8.796833473181787,0.0,0.0,0.0,1.0,1.0,0.0
30,90,2.3579726257285563,5.059091150760784,0.0,1.0,0.0,0.0,0.0,0.0
31,90,2.8725617905226573,10.407535208511057,1.0,0.0,0.0,0.0,0.0,0.0
32,90,11.322913160311652,9.54076842189754,0.0,0.0,0.0,0.0,1.0,0.0
33,90,6.912697604935493,8.352460618887743,0.0,0.0,0.0,0.0,0.0,0.0
34,90,3.2250535799040296,0.3205579459466859,0.0,1.0,0.0,0.0,0.0,1.0
35,90,3.631567631072589,6.7413139298482045,0.0,0.0,0.0,1.0,0.0,0.0
36,90,4.979502246170327,6.673673373935143,0.0,0.0,0.0,0.0,0.0,1.0
37,90,4.320271246209512,5.594668211284649,0.0,0.0,0.0,0.0,0.0,0.0
38,90,12.0,6.8890605236593965,1.0,0.0,1.0,0.0,1.0,1.0
39,90,10.681646121162496,10.948034937222186,0.0,0.0,1.0,1.0,0.0,0.0
0,95,5.560611316440478,0.0,1.0,0.0,0.0,1.0,0.0,1.0
1,95,5.91405398247516,7.12884484500691,1.0,0.0,1.0,0.0,0.0,0.0
2,95,4.1256293679800935,10.545266041004933,1.0,1.0,1.0,0.0,1.0,0.0
3,95,0.0,1.6189199241741434,0.0,0.0,1.0,0.0,1.0,1.0
4,95,10.219943684925726,0.0,0.0,0.0,0.0,1.0,0.0,1.0
5,95,5.522119539947408,0.0,1.0,1.0,0.0,1.0,0.0,1.0
6,95,12.0,11.849875569048898,0.0,1.0,1.0,0.0,0.0,0.0
7,95,0.0,8.677498967316172,0.0,1.0,0.0,0.0,1.0,0.0
8,95,8.433775315311141,5.351699599977808,1.0,1.0,0.0,1.0,1.0,1.0
9,95,1.7835469532071748,3.136467433726392,1.0,0.0,0.0,0.0,0.0,1.0
10,95,9.747428904690484,12.0,0.0,1.0,0.0,1.0,1.0,0.0
11,95,0.0,1.9452205446454636,0.0,0.0,0.0,1.0,0.0,0.0
12,95,10.943807250738187,11.817386243587231,0.0,1.0,1.0,1.0,0.0,0.0
13,95,2.3305094732349967,3.714790046381,0.0,0.0,0.0,0.0,0.0,0.0
14,95,0.4119090936144212,10.175394397402478,0.0,0.0,0.0,0.0,0.0,1.0
15,95,1.6272747354248949,0.4496766003488676,0.0,0.0,1.0,0.0,0.0,1.0
16,95,5.254382435179933,4.518052143604049,0.0,1.0,0.0,0.0,1.0,0.0
17,95,10.328292425334826,0.057108716248018,0.0,0.0,1.0,1.0,0.0,1.0
18,95,9.160470405408027,10.193118354361497,0.0,0.0,1.0,1.0,0.0,0.0
19,95,7.636820882301087,9.06825398992364,1.0,0.0,1.0,0.0,0.0,0.0
20,95,11.53698926531002,4.438420701674508,1.0,0.0,0.0,0.0,0.0,1.0
21,95,9.067647663581509,2.460680726222697,0.0,1.0,0.0,0.0,0.0,1.0
22,95,0.4521177667585874,2.1659973931652954,0.0,0.0,0.0,0.0,1.0,1.0
23,95,0.0,0.9610071008310512,1.0,0.0,0.0,1.0,0.0,0.0
24,95,10.287155504227115,0.8571335843896708,1.0,0.0,0.0,1.0,0.0,0.0
25,95,12.0,11.032694859734562,1.0,1.0,0.0,1.0,0.0,0.0
26,95,9.764075801894805,0.4468663961682782,0.0,0.0,1.0,0.0,0.0,1.0
27,95,3.242384748638781,8.984241470166165,1.0,1.0,1.0,0.0,1.0,1.0
28,95,10.754970820763926,11.93741106277695,0.0,0.0,0.0,0.0,1.0,1.0
29,95,1.4169374586653751,8.802500597739716,0.0,0.0,0.0,1.0,1.0,0.0
30,95,2.401176492654115,5.063964461315075,0.0,1.0,0.0,0.0,0.0,0.0
31,95,2.845604110299011,10.465612649917343,1.0,0.0,0.0,0.0,0.0,0.0
32,95,11.311747056946228,9.548402092504146,0.0,0.0,0.0,0.0,1.0,0.0
33,95,6.83604992289793,8.311760043078158,0.0,0.0,0.0,0.0,0.0,0.0
34,95,3.248549932949825,0.3084173956548258,0.0,1.0,0.0,0.0,0.0,1.0
35,95,3.699437862613282,6.828709231751171,0.0,0.0,0.0,1.0,0.0,0.0
36,95,5.0866845813810695,6.662620496559881,0.0,0.0,0.0,0.0,0.0,1.0
37,95,4.312258775773027,5.59079033155376,0.0,0.0,0.0,0.0,0.0,0.0
38,95,12.0,6.887633263175005,1.0,0.0,1.0,0.0,1.0,1.0
39,95,10.788668456826525,11.008840747733949,0.0,0.0,1.0,1.0,0.0,0.0
0,100,5.7677553375794695,0.0,1.0,0.0,0.0,1.0,0.0,1.0
1,100,5.996165609485477,7.223238805705309,1.0,0.0,1.0,0.0,0.0,0.0
2,100,4.056798864509022,10.51019435568412,1.0,1.0,1.0,0.0,1.0,0.0
3,100,0.0,1.613054590237525,0.0,0.0,1.0,0.0,1.0,1.0
4,100,10.27049718758256,0.0,0.0,0.0,0.0,1.0,0.0,1.0
5,100,5.619905354387654,0.0,1.0,1.0,0.0,1.0,0.0,1.0
6,100,12.0,11.904764990214025,0.0,1.0,1.0,0.0,0.0,0.0
7,100,0.0,8.716529600380182,0.0,1.0,0.0,0.0,1.0,0.0
8,100,8.392654472999844,5.3078906260579695,1.0,1.0,0.0,1.0,1.0,1.0
9,100,1.798013013290761,3.145691796025358,1.0,0.0,0.0,0.0,0.0,1.0
10,100,9.733244430419736,12.0,0.0,1.0,0.0,1.0,1.0,0.0
11,100,0.0,1.914438379091924,0.0,0.0,0.0,1.0,0.0,0.0
12,100,10.950488683189878,11.80627548267115,0.0,1.0,1.0,1.0,0.0,0.0
13,100,2.260199126624137,3.747185155722105,0.0,0.0,0.0,0.0,0.0,0.0
14,100,0.4281136758813139,10.22666873387184,0.0,0.0,0.0,0.0,0.0,1.0
15,100,1.6197339965902555,0.436578326610785,0.0,0.0,1.0,0.0,0.0,1.0
16,100,5.256076396499597,4.515077650644667,0.0,1.0,0.0,0.0,1.0,0.0
17,100,10.334828666582723,0.0602153299348305,0.0,0.0,1.0,1.0,0.0,1.0
18,100,9.149658193615684,10.181168814366265,0.0,0.0,1.0,1.0,0.0,0.0
19,100,7.715343745929844,9.0720673769516,1.0,0.0,1.0,0.0,0.0,0.0
20,100,11.55321394648456,4.450802962856926,1.0,0.0,0.0,0.0,0.0,1.0
21,100,9.068192748745442,2.46631773665627,0.0,1.0,0.0,0.0,0.0,1.0
22,100,0.4421776451132927,2.1691375793596563,0.0,0.0,0.0,0.0,1.0,1.0
23,100,0.0,0.8394318198738825,1.0,0.0,0.0,1.0,0.0,0.0
24,100,10.285002725703336,0.8648269440689045,1.0,0.0,0.0,1.0,0.0,0.0
25,100,12.0,10.976332258284938,1.0,1.0,0.0,1.0,0.0,0.0
26,100,9.831046478741303,0.4961491886899593,0.0,0.0,1.0,0.0,0.0,1.0
27,100,3.2389062851992207,8.984506092361514,1.0,1.0,1.0,0.0,1.0,1.0
28,100,10.78667415772792,11.970829368410907,0.0,0.0,0.0,0.0,1.0,1.0
29,100,1.4269907664242747,8.812357469199373,0.0,0.0,0.0,1.0,1.0,0.0
30,100,2.4348694285504404,5.067468747060223,0.0,1.0,0.0,0.0,0.0,0.0
31,100,2.8219380595827745,10.51629280720181,1.0,0.0,0.0,0.0,0.0,0.0
32,100,11.300308845995032,9.556545068411996,0.0,0.0,0.0,0.0,1.0,0.0
33,100,6.7426322835211945,8.262872613104891,0.0,0.0,0.0,0.0,0.0,0.0
34,100,3.263211808290585,0.3005961602100779,0.0,1.0,0.0,0.0,0.0,1.0
35,100,3.768609915513722,6.918146630635672,0.0,0.0,0.0,1.0,0.0,0.0
36,100,5.204048542005943,6.65260709597825,0.0,0.0,0.0,0.0,0.0,1.0
37,100,4.280244597221876,5.575332543113228,0.0,0.0,0.0,0.0,0.0,0.0
38,100,11.998399173145527,6.888009506639612,1.0,0.0,1.0,0.0,1.0,1.0
39,100,10.893635028616664,11.071021748950626,0.0,0.0,1.0,1.0,0.0,0.0
0,105,5.972799851546858,0.0,1.0,0.0,0.0,1.0,0.0,1.0
1,105,6.074097443403214,7.314233242063565,1.0,0.0,1.0,0.0,0.0,0.0
2,105,4.011599212206906,10.485652842886898,1.0,1.0,1.0,0.0,1.0,0.0
3,105,0.0,1.6074483276618574,0.0,0.0,1.0,0.0,1.0,1.0
4,105,10.32445980562871,0.0,0.0,0.0,0.0,1.0,0.0,1.0
5,105,5.723544073089766,0.0,1.0,1.0,0.0,1.0,0.0,1.0
6,105,12.0,11.982256046820122,0.0,1.0,1.0,0.0,0.0,0.0
7,105,0.0,8.748286048105086,0.0,1.0,0.0,0.0,1.0,0.0
8,105,8.3556436858293,5.266913893741846,1.0,1.0,0.0,1.0,1.0,1.0
9,105,1.8104803031014012,3.153549718149641,1.0,0.0,0.0,0.0,0.0,1.0
10,105,9.72070186702455,12.0,0.0,1.0,0.0,1.0,1.0,0.0
11,105,0.0,1.896402522967038,0.0,0.0,0.0,1.0,0.0,0.0
12,105,10.9551284476835,11.798610344710347,0.0,1.0,1.0,1.0,0.0,0.0
13,105,2.180481547314692,3.784150851124307,0.0,0.0,0.0,0.0,0.0,0.0
14,105,0.4481849159307261,10.290430803030365,0.0,0.0,0.0,0.0,0.0,1.0
15,105,1.602226150657028,0.4065868177038192,0.0,0.0,1.0,0.0,0.0,1.0
16,105,5.262221003737214,4.503617558015345,0.0,1.0,0.0,0.0,1.0,0.0
17,105,10.329981396159504,0.0580474750000484,0.0,0.0,1.0,1.0,0.0,1.0
18,105,9.129593206525684,10.160194927173093,0.0,0.0,1.0,1.0,0.0,0.0
19,105,7.794906617063268,9.075416970631894,1.0,0.0,1.0,0.0,0.0,0.0
20,105,11.567871540207635,4.4622673173917295,1.0,0.0,0.0,0.0,0.0,1.0
21,105,9.06658459221007,2.4540069583236472,0.0,1.0,0.0,0.0,0.0,1.0
22,105,0.4183034501347118,2.1760213119056013,0.0,0.0,0.0,0.0,1.0,1.0
23,105,0.0,0.7265380740429811,1.0,0.0,0.0,1.0,0.0,0.0
24,105,10.277422175893529,0.8914952422143103,1.0,0.0,0.0,1.0,0.0,0.0
25,105,12.0,10.916596288267275,1.0,1.0,0.0,1.0,0.0,0.0
26,105,9.902089681996848,0.5463806047775059,0.0,0.0,1.0,0.0,0.0,1.0
27,105,3.2551088684418383,8.983797090300516,1.0,1.0,1.0,0.0,1.0,1.0
28,105,10.826269576390336,12.0,0.0,0.0,0.0,0.0,1.0,1.0
29,105,1.4272288999787472,8.812589566675152,0.0,0.0,0.0,1.0,1.0,0.0
30,105,2.4696072876433157,5.070759293072455,0.0,1.0,0.0,0.0,0.0,0.0
31,105,2.780416322987906,10.60055405831579,1.0,0.0,0.0,0.0,0.0,0.0
32,105,11.31096470595884,9.5489460318833,0.0,0.0,0.0,0.0,1.0,0.0
33,105,6.6524494830155145,8.216004565103459,0.0,0.0,0.0,0.0,0.0,0.0
34,105,3.2839864733020194,0.2897867618566074,0.0,1.0,0.0,0.0,0.0,1.0
35,105,3.831624587791037,6.999906104099129,0.0,0.0,0.0,1.0,0.0,0.0
36,105,5.314504225636827,6.643197353502526,0.0,0.0,0.0,0.0,0.0,1.0
37,105,4.244585012000452,5.557827711645866,0.0,0.0,0.0,0.0,0.0,0.0
38,105,11.981176117288346,6.891897796337173,1.0,0.0,1.0,0.0,1.0,1.0
39,105,11.01556121593403,11.143886718504946,0.0,0.0,1.0,1.0,0.0,0.0
0,110,6.172533693691782,0.0,1.0,0.0,0.0,1.0,0.0,1.0
1,110,6.147109012497965,7.398786179675317,1.0,0.0,1.0,0.0,0.0,0.0
2,110,3.965367526176399,10.460633283667734,1.0,1.0,1.0,0.0,1.0,0.0
3,110,0.0,1.6030560685595918,0.0,0.0,1.0,0.0,1.0,1.0
4,110,10.385277828848182,0.0,0.0,0.0,0.0,1.0,0.0,1.0
5,110,5.815695910167593,0.0,1.0,1.0,0.0,1.0,0.0,1.0
6,110,12.0,12.0,0.0,1.0,1.0,0.0,0.0,0.0
7,110,0.0,8.783616925662665,0.0,1.0,0.0,0.0,1.0,0.0
8,110,8.308808562385767,5.2192307914369565,1.0,1.0,0.0,1.0,1.0,1.0
9,110,1.8154028168778604,3.156499939358128,1.0,0.0,0.0,0.0,0.0,1.0
10,110,9.70681835599484,12.0,0.0,1.0,0.0,1.0,1.0,0.0
11,110,0.0,1.8992434934201563,0.0,0.0,0.0,1.0,0.0,0.0
12,110,10.975857246469092,11.762451401424263,0.0,1.0,1.0,1.0,0.0,0.0
13,110,2.099430673828921,3.820266512524947,0.0,0.0,0.0,0.0,0.0,0.0
14,110,0.460297383762894,10.33005739473666,0.0,0.0,0.0,0.0,0.0,1.0
15,110,1.5763090349154538,0.3628994969934697,0.0,0.0,1.0,0.0,0.0,1.0
16,110,5.25983410423499,4.508108931458892,0.0,1.0,0.0,0.0,1.0,0.0
17,110,10.337763407593089,0.0615414206048119,0.0,0.0,1.0,1.0,0.0,1.0
18,110,9.107468581025406,10.13652973899068,0.0,0.0,1.0,1.0,0.0,0.0
19,110,7.879717862521928,9.078356086104256,1.0,0.0,1.0,0.0,0.0,0.0
20,110,11.568066002208512,4.4624208421879885,1.0,0.0,0.0,0.0,0.0,1.0
21,110,9.062018076098877,2.416951966176397,0.0,1.0,0.0,0.0,0.0,1.0
22,110,0.4019309982063284,2.181111229571051,0.0,0.0,0.0,0.0,1.0,1.0
23,110,0.0,0.6229337133669406,1.0,0.0,0.0,1.0,0.0,0.0
24,110,10.271786968228506,0.9093457684104164,1.0,0.0,0.0,1.0,0.0,0.0
25,110,12.0,10.855567113477075,1.0,1.0,0.0,1.0,0.0,0.0
26,110,9.968302336754515,0.5946578392361138,0.0,0.0,1.0,0.0,0.0,1.0
27,110,3.2664061165408507,8.983261546321007,1.0,1.0,1.0,0.0,1.0,1.0
28,110,10.863188639658867,12.0,0.0,0.0,0.0,0.0,1.0,1.0
29,110,1.4358669630729308,8.820903487416455,0.0,0.0,0.0,1.0,1.0,0.0
30,110,2.535919823224057,5.07560982384377,0.0,1.0,0.0,0.0,0.0,0.0
31,110,2.7614695931310287,10.639662186861306,1.0,0.0,0.0,0.0,0.0,0.0
32,110,11.329232646221698,9.535574433681418,0.0,0.0,0.0,0.0,1.0,0.0
33,110,6.564061722024568,8.168690204933483,0.0,0.0,0.0,0.0,0.0,0.0
34,110,3.308390118018185,0.2769211990420125,0.0,1.0,0.0,0.0,0.0,1.0
35,110,3.8907525509643968,7.069989774281977,0.0,0.0,0.0,1.0,0.0,0.0
36,110,5.41693308470131,6.633722065108125,0.0,0.0,0.0,0.0,0.0,1.0
37,110,4.194720004817154,5.533315907286619,0.0,0.0,0.0,0.0,0.0,0.0
38,110,11.992284309784392,6.88944440035258,1.0,0.0,1.0,0.0,1.0,1.0
39,110,11.151370052401578,11.21721628657914,0.0,0.0,1.0,1.0,0.0,0.0
0,115,6.3876807869163,0.0,1.0,0.0,0.0,1.0,0.0,1.0
1,115,6.223991940414476,7.49178297299746,1.0,0.0,1.0,0.0,0.0,0.0
2,115,3.927132215872729,10.440380577799004,1.0,1.0,1.0,0.0,1.0,0.0
3,115,0.0,1.5985297270430374,0.0,0.0,1.0,0.0,1.0,1.0
4,115,10.453846491322526,0.0,0.0,0.0,0.0,1.0,0.0,1.0
5,115,5.898590603931989,0.0,1.0,1.0,0.0,1.0,0.0,1.0
6,115,12.0,12.0,0.0,1.0,1.0,0.0,0.0,0.0
7,115,0.0,8.825883275501829,0.0,1.0,0.0,0.0,1.0,0.0
8,115,8.247198365264868,5.155457798059284,1.0,1.0,0.0,1.0,1.0,1.0
9,115,1.8050070589308476,3.1502679552290838,1.0,0.0,0.0,0.0,0.0,1.0
10,115,9.693283013624429,12.0,0.0,1.0,0.0,1.0,1.0,0.0
11,115,0.0,1.9080340354675047,0.0,0.0,0.0,1.0,0.0,0.0
12,115,10.994108539758322,11.73101246527691,0.0,1.0,1.0,1.0,0.0,0.0
13,115,2.0291386800761466,3.851934234339079,0.0,0.0,0.0,0.0,0.0,0.0
14,115,0.4784188837242602,10.38783937834854,0.0,0.0,0.0,0.0,0.0,1.0
15,115,1.5604985598477217,0.3360733311263753,0.0,0.0,1.0,0.0,0.0,1.0
16,115,5.254526932108783,4.517972611257509,0.0,1.0,0.0,0.0,1.0,0.0
17,115,10.341978764770849,0.0518892480371146,0.0,0.0,1.0,1.0,0.0,1.0
18,115,9.077478401931494,10.104730738791307,0.0,0.0,1.0,1.0,0.0,0.0
19,115,7.95483045851378,9.078468185691849,1.0,0.0,1.0,0.0,0.0,0.0
20,115,11.568878250580594,4.463048412131732,1.0,0.0,0.0,0.0,0.0,1.0
21,115,9.052614056264888,2.354039847019531,0.0,1.0,0.0,0.0,0.0,1.0
22,115,0.3675304821737304,2.1912155034129435,0.0,0.0,0.0,0.0,1.0,1.0
23,115,0.0,0.5170310977312097,1.0,0.0,0.0,1.0,0.0,0.0
24,115,10.27217781045625,0.9081111285662974,1.0,0.0,0.0,1.0,0.0,0.0
25,115,12.0,10.7964430889675,1.0,1.0,0.0,1.0,0.0,0.0
26,115,10.043134657015315,0.6502389279403872,0.0,0.0,1.0,0.0,0.0,1.0
27,115,3.2937782632114865,8.981651242745258,1.0,1.0,1.0,0.0,1.0,1.0
28,115,10.900258951496127,12.0,0.0,0.0,0.0,0.0,1.0,1.0
29,115,1.453066062011984,8.837541808627082,0.0,0.0,0.0,1.0,1.0,0.0
30,115,2.587473558565528,5.080179043111955,0.0,1.0,0.0,0.0,0.0,0.0
31,115,2.734834691364148,10.699353689062848,1.0,0.0,0.0,0.0,0.0,0.0
32,115,11.33048967303914,9.534649943285851,0.0,0.0,0.0,0.0,1.0,0.0
33,115,6.462582128691269,8.117495536653271,0.0,0.0,0.0,0.0,0.0,0.0
34,115,3.334479926813997,0.2634216553917423,0.0,1.0,0.0,0.0,0.0,1.0
35,115,3.933820668639288,7.121121792431328,0.0,0.0,0.0,1.0,0.0,0.0
36,115,5.526623482800824,6.622424918517322,0.0,0.0,0.0,0.0,0.0,1.0
37,115,4.13144636132395,5.501476957032242,0.0,0.0,0.0,0.0,0.0,0.0
38,115,11.997376907886792,6.888123935489599,1.0,0.0,1.0,0.0,1.0,1.0
39,115,11.28404395951254,11.284239143818972,0.0,0.0,1.0,1.0,0.0,0.0
0,120,6.618492235245809,0.0,1.0,0.0,0.0,1.0,0.0,1.0
1,120,6.298325810349914,7.584666829307386,1.0,0.0,1.0,0.0,0.0,0.0
2,120,3.9043893730504218,10.42728717126088,1.0,1.0,1.0,0.0,1.0,0.0
3,120,0.0,1.5940931146468753,0.0,0.0,1.0,0.0,1.0,1.0
4,120,10.526770748344257,0.0,0.0,0.0,0.0,1.0,0.0,1.0
5,120,5.984139077676289,0.0,1.0,1.0,0.0,1.0,0.0,1.0
6,120,12.0,12.0,0.0,1.0,1.0,0.0,0.0,0.0
7,120,0.0,8.867045797056253,0.0,1.0,0.0,0.0,1.0,0.0
8,120,8.195209306913316,5.098968921644446,1.0,1.0,0.0,1.0,1.0,1.0
9,120,1.787067292168269,3.1389566196382748,1.0,0.0,0.0,0.0,0.0,1.0
10,120,9.678903588550044,12.0,0.0,1.0,0.0,1.0,1.0,0.0
11,120,0.0,1.9211469414998537,0.0,0.0,0.0,1.0,0.0,0.0
12,120,11.013501660032276,11.696675859098518,0.0,1.0,1.0,1.0,0.0,0.0
13,120,1.9621222551804185,3.881057250341288,0.0,0.0,0.0,0.0,0.0,0.0
14,120,0.4949848413189495,10.441469744331055,0.0,0.0,0.0,0.0,0.0,1.0
15,120,1.5454927015098114,0.3097427375281614,0.0,0.0,1.0,0.0,0.0,1.0
16,120,5.248089364462092,4.530089456993307,0.0,1.0,0.0,0.0,1.0,0.0
17,120,10.350125768565604,0.0322393355650424,0.0,0.0,1.0,1.0,0.0,1.0
18,120,9.05498669315972,10.080962904225142,0.0,0.0,1.0,1.0,0.0,0.0
19,120,8.03129241810567,9.077461103901332,1.0,0.0,1.0,0.0,0.0,0.0
20,120,11.596740087482528,4.484123028362158,1.0,0.0,0.0,0.0,0.0,1.0
21,120,9.041582528161122,2.285440378326701,0.0,1.0,0.0,0.0,0.0,1.0
22,120,0.3765168421009404,2.222432109796399,0.0,0.0,0.0,0.0,1.0,1.0
23,120,0.0,0.397018255454067,1.0,0.0,0.0,1.0,0.0,0.0
24,120,10.276689895842257,0.8925259705385558,1.0,0.0,0.0,1.0,0.0,0.0
25,120,12.0,10.725401457080762,1.0,1.0,0.0,1.0,0.0,0.0
26,120,10.11858712780161,0.70631144088997,0.0,0.0,1.0,0.0,0.0,1.0
27,120,3.3210691277142246,8.97941361498295,1.0,1.0,1.0,0.0,1.0,1.0
28,120,10.946758289232909,12.0,0.0,0.0,0.0,0.0,1.0,1.0
29,120,1.4541261935116303,8.838560158105873,0.0,0.0,0.0,1.0,1.0,0.0
30,120,2.641835847182412,5.086093568372458,0.0,1.0,0.0,0.0,0.0,0.0
31,120,2.7088902366716505,10.754870397704511,1.0,0.0,0.0,0.0,0.0,0.0
32,120,11.323229841242473,9.54001837852566,0.0,0.0,0.0,0.0,1.0,0.0
33,120,6.343908298759638,8.057006531795599,0.0,0.0,0.0,0.0,0.0,0.0
34,120,3.3449116276160824,0.2579925420832609,0.0,1.0,0.0,0.0,0.0,1.0
35,120,3.988443554946487,7.18263688571821,0.0,0.0,0.0,1.0,0.0,0.0
36,120,5.633628377298892,6.608163639961879,0.0,0.0,0.0,0.0,0.0,1.0
37,120,4.06897550348688,5.469033094242472,0.0,0.0,0.0,0.0,0.0,0.0
38,120,12.0,6.8874020419890805,1.0,0.0,1.0,0.0,1.0,1.0
39,120,11.426833586914064,11.352533808461317,0.0,0.0,1.0,1.0,0.0,0.0
0,125,6.849492549384191,0.0,1.0,0.0,0.0,1.0,0.0,1.0
1,125,6.3628732573360605,7.663496386378602,1.0,0.0,1.0,0.0,0.0,0.0
2,125,3.877578346800344,10.412171852383212,1.0,1.0,1.0,0.0,1.0,0.0
3,125,0.0,1.5893507941015752,0.0,0.0,1.0,0.0,1.0,1.0
4,125,10.587794560881171,0.0,0.0,0.0,0.0,1.0,0.0,1.0
5,125,6.069430029819581,0.0,1.0,1.0,0.0,1.0,0.0,1.0
6,125,12.0,12.0,0.0,1.0,1.0,0.0,0.0,0.0
7,125,0.0,8.915581706946902,0.0,1.0,0.0,0.0,1.0,0.0
8,125,8.15189338669043,5.051483773109692,1.0,1.0,0.0,1.0,1.0,1.0
9,125,1.7690152747370425,3.128375832653719,1.0,0.0,0.0,0.0,0.0,1.0
10,125,9.665164380896783,12.0,0.0,1.0,0.0,1.0,1.0,0.0
11,125,0.0,1.9407266858695984,0.0,0.0,0.0,1.0,0.0,0.0
12,125,11.031024078260549,11.664192110116872,0.0,1.0,1.0,1.0,0.0,0.0
13,125,1.8847219375311972,3.915025052984518,0.0,0.0,0.0,0.0,0.0,0.0
14,125,0.5055255832304522,10.478601770612128,0.0,0.0,0.0,0.0,0.0,1.0
15,125,1.5237505703006178,0.268085194616223,0.0,0.0,1.0,0.0,0.0,1.0
16,125,5.231614756098284,4.560160555352269,0.0,1.0,0.0,0.0,1.0,0.0
17,125,10.36194749145634,0.0037093212865266,0.0,0.0,1.0,1.0,0.0,1.0
18,125,9.037903032938404,10.064164063900895,0.0,0.0,1.0,1.0,0.0,0.0
19,125,8.117167341779338,9.074447739568502,1.0,0.0,1.0,0.0,0.0,0.0
20,125,11.634615109650056,4.512707499873161,1.0,0.0,0.0,0.0,0.0,1.0
21,125,9.02498184491693,2.1983536420335463,0.0,1.0,0.0,0.0,0.0,1.0
22,125,0.3861710349707375,2.2562834262061893,0.0,0.0,0.0,0.0,1.0,1.0
23,125,0.0,0.2876249998195245,1.0,0.0,0.0,1.0,0.0,0.0
24,125,10.27768882316887,0.8886079276393881,1.0,0.0,0.0,1.0,0.0,0.0
25,125,12.0,10.693380988131397,1.0,1.0,0.0,1.0,0.0,0.0
26,125,10.18695655622496,0.7625241992254594,0.0,0.0,1.0,0.0,0.0,1.0
27,125,3.345511521394492,8.978306195794787,1.0,1.0,1.0,0.0,1.0,1.0
28,125,11.004359751857676,12.0,0.0,0.0,0.0,0.0,1.0,1.0
29,125,1.4569702730872582,8.841372224810694,0.0,0.0,0.0,1.0,1.0,0.0
30,125,2.693410499257582,5.091190780838999,0.0,1.0,0.0,0.0,0.0,0.0
31,125,2.6805821142940127,10.813905046921006,1.0,0.0,0.0,0.0,0.0,0.0
32,125,11.306273128382523,9.55199644137972,0.0,0.0,0.0,0.0,1.0,0.0
33,125,6.221234056200426,7.995314759587845,0.0,0.0,0.0,0.0,0.0,0.0
34,125,3.364712929541387,0.2965432424976149,0.0,1.0,0.0,0.0,0.0,1.0
35,125,4.031731934940032,7.231429563350066,0.0,0.0,0.0,1.0,0.0,0.0
36,125,5.747940373972842,6.591190440591335,0.0,0.0,0.0,0.0,0.0,1.0
37,125,4.024197633240496,5.448164979723741,0.0,0.0,0.0,0.0,0.0,0.0
38,125,12.0,6.88547560507925,1.0,0.0,1.0,0.0,1.0,1.0
39,125,11.575622075127718,11.415774752205149,0.0,0.0,1.0,1.0,0.0,0.0
0,130,7.084291850875804,0.0,1.0,0.0,0.0,1.0,0.0,1.0
1,130,6.427081680259793,7.742253532247517,1.0,0.0,1.0,0.0,0.0,0.0
2,130,3.832017790237687,10.387111426303926,1.0,1.0,1.0,0.0,1.0,0.0
3,130,0.0,1.585123430826758,0.0,0.0,1.0,0.0,1.0,1.0
4,130,10.650279429122916,0.0,0.0,0.0,0.0,1.0,0.0,1.0
5,130,6.168431869905652,0.0,1.0,1.0,0.0,1.0,0.0,1.0
6,130,12.0,12.0,0.0,1.0,1.0,0.0,0.0,0.0
7,130,0.0,8.963923755854411,0.0,1.0,0.0,0.0,1.0,0.0
8,130,8.093797048797079,4.987261015661757,1.0,1.0,0.0,1.0,1.0,1.0
9,130,1.772647796651373,3.130595027882752,1.0,0.0,0.0,0.0,0.0,1.0
10,130,9.654337744640706,12.0,0.0,1.0,0.0,1.0,1.0,0.0
11,130,0.0,1.958753623996656,0.0,0.0,0.0,1.0,0.0,0.0
12,130,10.995186411534991,11.645470488010895,0.0,1.0,1.0,1.0,0.0,0.0
13,130,1.7924966005840264,3.95371299638768,0.0,0.0,0.0,0.0,0.0,0.0
14,130,0.5128602854865737,10.503092363402992,0.0,0.0,0.0,0.0,0.0,1.0
15,130,1.498357425895848,0.2206855254568867,0.0,0.0,1.0,0.0,0.0,1.0
16,130,5.227042340035537,4.568204535254181,0.0,1.0,0.0,0.0,1.0,0.0
17,130,10.379572074301718,0.0,0.0,0.0,1.0,1.0,0.0,1.0
18,130,9.02349871042732,10.049916457878783,0.0,0.0,1.0,1.0,0.0,0.0
19,130,8.232795131379627,9.07254311731441,1.0,0.0,1.0,0.0,0.0,0.0
20,130,11.668459894875207,4.539397098483917,1.0,0.0,0.0,0.0,0.0,1.0
21,130,9.007092198116863,2.087809574934408,0.0,1.0,0.0,0.0,0.0,1.0
22,130,0.3900799061532521,2.271823191612552,0.0,0.0,0.0,0.0,1.0,1.0
23,130,0.0,0.1798368854063528,1.0,0.0,0.0,1.0,0.0,0.0
24,130,10.282573105899068,0.8705323632156394,1.0,0.0,0.0,1.0,0.0,0.0
25,130,12.0,10.64194784707309,1.0,1.0,0.0,1.0,0.0,0.0
26,130,10.255917781849112,0.8169363399395253,0.0,0.0,1.0,0.0,0.0,1.0
27,130,3.365074704239375,8.977742425308369,1.0,1.0,1.0,0.0,1.0,1.0
28,130,11.056513914607434,12.0,0.0,0.0,0.0,0.0,1.0,1.0
29,130,1.4714095124237678,8.855648467005114,0.0,0.0,0.0,1.0,1.0,0.0
30,130,2.731511642693217,5.095735463917688,0.0,1.0,0.0,0.0,0.0,0.0
31,130,2.648525059594313,10.881538348529045,1.0,0.0,0.0,0.0,0.0,0.0
32,130,11.30487307472536,9.552937197075629,0.0,0.0,0.0,0.0,1.0,0.0
33,130,6.07348677050886,7.917754174274175,0.0,0.0,0.0,0.0,0.0,0.0
34,130,3.3849783252253443,0.3372729757202022,0.0,1.0,0.0,0.0,0.0,1.0
35,130,4.066473802918677,7.271045750672749,0.0,0.0,0.0,1.0,0.0,0.0
36,130,5.860408939418154,6.577860416658935,0.0,0.0,0.0,0.0,0.0,1.0
37,130,3.989027541008368,5.432848369361174,0.0,0.0,0.0,0.0,0.0,0.0
38,130,12.0,6.8832977646887805,1.0,0.0,1.0,0.0,1.0,1.0
39,130,11.728086240891578,11.478145867211904,0.0,0.0,1.0,1.0,0.0,0.0
0,135,7.3038707588595315,0.0,1.0,0.0,0.0,1.0,0.0,1.0
1,135,6.493805416132471,7.824597262724907,1.0,0.0,1.0,0.0,0.0,0.0
2,135,3.765308903760274,10.348887863886928,1.0,1.0,1.0,0.0,1.0,0.0
3,135,0.0,1.5833606268637077,0.0,0.0,1.0,0.0,1.0,1.0
4,135,10.736055017496872,0.0,0.0,0.0,0.0,1.0,0.0,1.0
5,135,6.24266089798942,0.0,1.0,1.0,0.0,1.0,0.0,1.0
6,135,12.0,12.0,0.0,1.0,1.0,0.0,0.0,0.0
7,135,0.0,9.015470662848932,0.0,1.0,0.0,0.0,1.0,0.0
8,135,8.041025499851745,4.928414386663525,1.0,1.0,0.0,1.0,1.0,1.0
9,135,1.7661827388971958,3.126607396294444,1.0,0.0,0.0,0.0,0.0,1.0
10,135,9.641717327335869,12.0,0.0,1.0,0.0,1.0,1.0,0.0
11,135,0.0,1.97800124482518,0.0,0.0,0.0,1.0,0.0,0.0
12,135,10.945395127434749,11.62004964152041,0.0,1.0,1.0,1.0,0.0,0.0
13,135,1.707044422127496,3.9894679564182343,0.0,0.0,0.0,0.0,0.0,0.0
14,135,0.5247685735565486,10.542564905881518,0.0,0.0,0.0,0.0,0.0,1.0
15,135,1.4587908983307327,0.14981969792754,0.0,0.0,1.0,0.0,0.0,1.0
16,135,5.214129971269557,4.590505231360918,0.0,1.0,0.0,0.0,1.0,0.0
17,135,10.408945739870315,0.0,0.0,0.0,1.0,1.0,0.0,1.0
18,135,8.995562104325016,10.022162462682283,0.0,0.0,1.0,1.0,0.0,0.0
19,135,8.3498462289895,9.070673915818968,1.0,0.0,1.0,0.0,0.0,0.0
20,135,11.697700559963328,4.563721468682981,1.0,0.0,0.0,0.0,0.0,1.0
21,135,8.9903134195136,1.9848435266022149,0.0,1.0,0.0,0.0,0.0,1.0
22,135,0.3921201237547266,2.2800511888280948,0.0,0.0,0.0,0.0,1.0,1.0
23,135,0.0,0.0584877286625108,1.0,0.0,0.0,1.0,0.0,0.0
24,135,10.288992062074303,0.8461113365631898,1.0,0.0,0.0,1.0,0.0,0.0
25,135,12.0,10.57036222622914,1.0,1.0,0.0,1.0,0.0,0.0
26,135,10.325042860235063,0.8705670523665131,0.0,0.0,1.0,0.0,0.0,1.0
27,135,3.3985274070048592,8.976860653448268,1.0,1.0,1.0,0.0,1.0,1.0
28,135,11.12262008833916,12.0,0.0,0.0,0.0,0.0,1.0,1.0
29,135,1.4934918522250644,8.876950237335164,0.0,0.0,0.0,1.0,1.0,0.0
30,135,2.7478728914660646,5.09762175979352,0.0,1.0,0.0,0.0,0.0,0.0
31,135,2.607378702837623,10.9733960411708,1.0,0.0,0.0,0.0,0.0,0.0
32,135,11.285765364699053,9.564948248625688,0.0,0.0,0.0,0.0,1.0,0.0
33,135,5.911792617943628,7.831822177202561,0.0,0.0,0.0,0.0,0.0,0.0
34,135,3.400980991212783,0.3727088288024495,0.0,1.0,0.0,0.0,0.0,1.0
35,135,4.101390722964789,7.3111384664475345,0.0,0.0,0.0,1.0,0.0,0.0
36,135,5.966798622944348,6.568088244605224,0.0,0.0,0.0,0.0,0.0,1.0
37,135,3.9605117137691206,5.41984736973092,0.0,0.0,0.0,0.0,0.0,0.0
38,135,12.0,6.879641481480394,1.0,0.0,1.0,0.0,1.0,1.0
39,135,11.884073649824328,11.54560673115644,0.0,0.0,1.0,1.0,0.0,0.0
0,140,7.534858351469813,0.0,1.0,0.0,0.0,1.0,0.0,1.0
1,140,6.559029185842957,7.905575590717637,1.0,0.0,1.0,0.0,0.0,0.0
2,140,3.701409736410884,10.314027631653197,1.0,1.0,1.0,0.0,1.0,0.0
3,140,0.0002725312159023,1.5795663436918792,0.0,0.0,1.0,0.0,1.0,1.0
4,140,10.827977660035424,0.0,0.0,0.0,0.0,1.0,0.0,1.0
5,140,6.317889055231749,0.0,1.0,1.0,0.0,1.0,0.0,1.0
6,140,12.0,12.0,0.0,1.0,1.0,0.0,0.0,0.0
7,140,0.0,9.056202537911147,0.0,1.0,0.0,0.0,1.0,0.0
8,140,7.984620879368926,4.86660770416413,1.0,1.0,0.0,1.0,1.0,1.0
9,140,1.73593036472925,3.107529728739068,1.0,0.0,0.0,0.0,0.0,1.0
10,140,9.631741553098385,12.0,0.0,1.0,0.0,1.0,1.0,0.0
11,140,0.0,2.0009168180037795,0.0,0.0,0.0,1.0,0.0,0.0
12,140,10.889144959765725,11.592733581383056,0.0,1.0,1.0,1.0,0.0,0.0
13,140,1.6206280948015426,4.025200473382113,0.0,0.0,0.0,0.0,0.0,0.0
14,140,0.5381274464772952,10.585975628172466,0.0,0.0,0.0,0.0,0.0,1.0
15,140,1.4162281415900828,0.080422350581294,0.0,0.0,1.0,0.0,0.0,1.0
16,140,5.19050872370349,4.631127465487101,0.0,1.0,0.0,0.0,1.0,0.0
17,140,10.43751802278455,0.0,0.0,0.0,1.0,1.0,0.0,1.0
18,140,8.95894138340775,9.985771687622773,0.0,0.0,1.0,1.0,0.0,0.0
19,140,8.468277705048875,9.067893834850896,1.0,0.0,1.0,0.0,0.0,0.0
20,140,11.737771757400411,4.598472163690649,1.0,0.0,0.0,0.0,0.0,1.0
21,140,8.975509002048208,1.8983001185399504,0.0,1.0,0.0,0.0,0.0,1.0
22,140,0.3962224558893155,2.2974015982553686,0.0,0.0,0.0,0.0,1.0,1.0
23,140,0.0,0.0,1.0,0.0,0.0,1.0,0.0,0.0
24,140,10.297706683638722,0.8093360142483249,1.0,0.0,0.0,1.0,0.0,0.0
25,140,12.0,10.47614125499432,1.0,1.0,0.0,1.0,0.0,0.0
26,140,10.39437819992746,0.9255581539659384,0.0,0.0,1.0,0.0,0.0,1.0
27,140,3.438199142064312,8.975228467635237,1.0,1.0,1.0,0.0,1.0,1.0
28,140,11.20547752534751,12.0,0.0,0.0,0.0,0.0,1.0,1.0
29,140,1.491933356641877,8.87545475236956,0.0,0.0,0.0,1.0,1.0,0.0
30,140,2.764893423019755,5.099560185213632,0.0,1.0,0.0,0.0,0.0,0.0
31,140,2.5639565654974,11.068887564039189,1.0,0.0,0.0,0.0,0.0,0.0
32,140,11.254781118400246,9.584036919661967,0.0,0.0,0.0,0.0,1.0,0.0
33,140,5.759579213631968,7.754542490840445,0.0,0.0,0.0,0.0,0.0,0.0
34,140,3.4228512760347702,0.4181992769209451,0.0,1.0,0.0,0.0,0.0,1.0
35,140,4.135453640730004,7.350294881961329,0.0,0.0,0.0,1.0,0.0,0.0
36,140,6.066714456895432,6.555838157197506,0.0,0.0,0.0,0.0,0.0,1.0
37,140,3.932186787578472,5.407401299271924,0.0,0.0,0.0,0.0,0.0,0.0
38,140,11.990292733643306,6.882299158431812,1.0,0.0,1.0,0.0,1.0,1.0
39,140,12.0,11.615040914675708,0.0,0.0,1.0,1.0,0.0,0.0
0,145,7.77604067655164,0.0,1.0,0.0,0.0,1.0,0.0,1.0
1,145,6.633032734334255,7.994592885350228,1.0,0.0,1.0,0.0,0.0,0.0
2,145,3.62355692559946,10.272359944410145,1.0,1.0,1.0,0.0,1.0,0.0
3,145,0.0029982663724239,1.5476601822242475,0.0,0.0,1.0,0.0,1.0,1.0
4,145,10.91474548835697,0.0,0.0,0.0,0.0,1.0,0.0,1.0
5,145,6.412701831201953,0.0,1.0,1.0,0.0,1.0,0.0,1.0
6,145,12.0,12.0,0.0,1.0,1.0,0.0,0.0,0.0
7,145,0.0,9.089258265169075,0.0,1.0,0.0,0.0,1.0,0.0
8,145,7.932402167265159,4.809006379392942,1.0,1.0,0.0,1.0,1.0,1.0
9,145,1.7335831822526926,3.1061005108509296,1.0,0.0,0.0,0.0,0.0,1.0
10,145,9.620428522618,12.0,0.0,1.0,0.0,1.0,1.0,0.0
11,145,0.0,2.023205653047878,0.0,0.0,0.0,1.0,0.0,0.0
12,145,10.824452163941874,11.56183140428263,0.0,1.0,1.0,1.0,0.0,0.0
13,145,1.52486658281943,4.064582934963314,0.0,0.0,0.0,0.0,0.0,0.0
14,145,0.5521396985520677,10.634546506355276,0.0,0.0,0.0,0.0,0.0,1.0
15,145,1.363812175183772,0.0,0.0,0.0,1.0,0.0,0.0,1.0
16,145,5.166503741094296,4.672027809946411,0.0,1.0,0.0,0.0,1.0,0.0
17,145,10.465265515504631,0.0,0.0,0.0,1.0,1.0,0.0,1.0
18,145,8.925863918703145,9.954331648947967,0.0,0.0,1.0,1.0,0.0,0.0
19,145,8.573537805871462,9.06280692837396,1.0,0.0,1.0,0.0,0.0,0.0
20,145,11.785707037527766,4.642454247115539,1.0,0.0,0.0,0.0,0.0,1.0
21,145,8.963257186810623,1.8200943952719992,0.0,1.0,0.0,0.0,0.0,1.0
22,145,0.4027077498120142,2.32749630116554,0.0,0.0,0.0,0.0,1.0,1.0
23,145,0.0,0.0,1.0,0.0,0.0,1.0,0.0,0.0
24,145,10.305533152641628,0.7800543303381248,1.0,0.0,0.0,1.0,0.0,0.0
25,145,12.0,10.512572213741889,1.0,1.0,0.0,1.0,0.0,0.0
26,145,10.47970885292836,0.9926104900864806,0.0,0.0,1.0,0.0,0.0,1.0
27,145,3.4781083095864904,8.973258371635335,1.0,1.0,1.0,0.0,1.0,1.0
28,145,11.303248800815991,12.0,0.0,0.0,0.0,0.0,1.0,1.0
29,145,1.48857875230688,8.87220118270777,0.0,0.0,0.0,1.0,1.0,0.0
30,145,2.7799008975837984,5.1017662738546825,0.0,1.0,0.0,0.0,0.0,0.0
31,145,2.5194130700112414,11.17092237136464,1.0,0.0,0.0,0.0,0.0,0.0
32,145,11.22332179874953,9.604786896902429,0.0,0.0,0.0,0.0,1.0,0.0
33,145,5.6063280899036245,7.678115142512988,0.0,0.0,0.0,0.0,0.0,0.0
34,145,3.439528388491361,0.4538235307442972,0.0,1.0,0.0,0.0,0.0,1.0
35,145,4.175485333606459,7.3986759337049,0.0,0.0,0.0,1.0,0.0,0.0
36,145,6.157253142164876,6.544278738342703,0.0,0.0,0.0,0.0,0.0,1.0
37,145,3.899206402268348,5.392716619894198,0.0,0.0,0.0,0.0,0.0,0.0
38,145,11.957849172325371,6.891010501403938,1.0,0.0,1.0,0.0,1.0,1.0
39,145,12.0,11.690622690765997,0.0,0.0,1.0,1.0,0.0,0.0
0,150,8.020407254817645,0.0,1.0,0.0,0.0,1.0,0.0,1.0
1,150,6.6844983695404245,8.056120517981931,1.0,0.0,1.0,0.0,0.0,0.0
2,150,3.5302995617253665,10.226421538024807,1.0,1.0,1.0,0.0,1.0,0.0
3,150,0.0067786873600189,1.4986789080263003,0.0,0.0,1.0,0.0,1.0,1.0
4,150,11.0070352570686,0.0,0.0,0.0,0.0,1.0,0.0,1.0
5,150,6.485672560579397,0.0,1.0,1.0,0.0,1.0,0.0,1.0
6,150,12.0,12.0,0.0,1.0,1.0,0.0,0.0,0.0
7,150,0.0,9.1188464597694,0.0,1.0,0.0,0.0,1.0,0.0
8,150,7.876257866066477,4.747352260182788,1.0,1.0,0.0,1.0,1.0,1.0
9,150,1.7468872314022692,3.114142748753655,1.0,0.0,0.0,0.0,0.0,1.0
10,150,9.607006077297008,12.0,0.0,1.0,0.0,1.0,1.0,0.0
11,150,0.0,2.048630691829531,0.0,0.0,0.0,1.0,0.0,0.0
12,150,10.761592315301373,11.531394220857042,0.0,1.0,1.0,1.0,0.0,0.0
13,150,1.4207459084044043,4.103955494186666,0.0,0.0,0.0,0.0,0.0,0.0
14,150,0.5608550097551296,10.662027814659591,0.0,0.0,0.0,0.0,0.0,1.0
15,150,1.311957043978456,0.0,0.0,0.0,1.0,0.0,0.0,1.0
16,150,5.151711968312424,4.698248938378277,0.0,1.0,0.0,0.0,1.0,0.0
17,150,10.49840765713314,0.0,0.0,0.0,1.0,1.0,0.0,1.0
18,150,8.886581756186848,9.91688292638668,0.0,0.0,1.0,1.0,0.0,0.0
19,150,8.692497773730688,9.056873287573795,1.0,0.0,1.0,0.0,0.0,0.0
20,150,11.827627937950462,4.681769874014453,1.0,0.0,0.0,0.0,0.0,1.0
21,150,8.951706330801358,1.7504485243247283,0.0,1.0,0.0,0.0,0.0,1.0
22,150,0.4104666125642556,2.363614908860976,0.0,0.0,0.0,0.0,1.0,1.0
23,150,0.0,0.0,1.0,0.0,0.0,1.0,0.0,0.0
24,150,10.31058191494363,0.7632384397403259,1.0,0.0,0.0,1.0,0.0,0.0
25,150,12.0,10.54645064948201,1.0,1.0,0.0,1.0,0.0,0.0
26,150,10.541848077014382,1.0431376453131715,0.0,0.0,1.0,0.0,0.0,1.0
27,150,3.491980963891157,8.972443829661827,1.0,1.0,1.0,0.0,1.0,1.0
28,150,11.393764948855573,12.0,0.0,0.0,0.0,0.0,1.0,1.0
29,150,1.5002725740564908,8.88305842383715,0.0,0.0,0.0,1.0,1.0,0.0
30,150,2.800135394703604,5.104282701599611,0.0,1.0,0.0,0.0,0.0,0.0
31,150,2.4650422247084856,11.288166917948686,1.0,0.0,0.0,0.0,0.0,0.0
32,150,11.183205123311144,9.630617875735268,0.0,0.0,0.0,0.0,1.0,0.0
33,150,5.455158941035883,7.609485335212359,0.0,0.0,0.0,0.0,0.0,0.0
34,150,3.4533900471218435,0.4828650205556885,0.0,1.0,0.0,0.0,0.0,1.0
35,150,4.194715805248817,7.422923920642746,0.0,0.0,0.0,1.0,0.0,0.0
36,150,6.236142281314889,6.533543763520637,0.0,0.0,0.0,0.0,0.0,1.0
37,150,3.8883535111520735,5.417441566976509,0.0,0.0,0.0,0.0,0.0,0.0
38,150,11.926132925227249,6.899951952094601,1.0,0.0,1.0,0.0,1.0,1.0
39,150,12.0,11.775099313479975,0.0,0.0,1.0,1.0,0.0,0.0
0,155,8.255958215878866,0.0,1.0,0.0,0.0,1.0,0.0,1.0
1,155,6.721910483371474,8.102101431084076,1.0,0.0,1.0,0.0,0.0,0.0
2,155,3.4470490122262545,10.184051234016325,1.0,1.0,1.0,0.0,1.0,0.0
3,155,0.0087627145393943,1.4620194019622148,0.0,0.0,1.0,0.0,1.0,1.0
4,155,11.10169813588156,0.0,0.0,0.0,0.0,1.0,0.0,1.0
5,155,6.552721913273354,0.0,1.0,1.0,0.0,1.0,0.0,1.0
6,155,12.0,12.0,0.0,1.0,1.0,0.0,0.0,0.0
7,155,0.0,9.153569053356849,0.0,1.0,0.0,0.0,1.0,0.0
8,155,7.832356516310044,4.697472638509224,1.0,1.0,0.0,1.0,1.0,1.0
9,155,1.741357503114586,3.110706262676577,1.0,0.0,0.0,0.0,0.0,1.0
10,155,9.594878457045494,12.0,0.0,1.0,0.0,1.0,1.0,0.0
11,155,0.0,2.0748130161386915,0.0,0.0,0.0,1.0,0.0,0.0
12,155,10.67977023577157,11.491964900501005,0.0,1.0,1.0,1.0,0.0,0.0
13,155,1.3075181908537818,4.145143166464272,0.0,0.0,0.0,0.0,0.0,0.0
14,155,0.565699189140421,10.676963899941793,0.0,0.0,0.0,0.0,0.0,1.0
15,155,1.2676881898735777,0.0,0.0,0.0,1.0,0.0,0.0,1.0
16,155,5.129823126189866,4.736298511604765,0.0,1.0,0.0,0.0,1.0,0.0
17,155,10.538447741907524,0.0,0.0,0.0,1.0,1.0,0.0,1.0
18,155,8.858726564813784,9.889393647192176,0.0,0.0,1.0,1.0,0.0,0.0
19,155,8.796164267989873,9.04957524251799,1.0,0.0,1.0,0.0,0.0,0.0
20,155,11.872350667114889,4.722487281629241,1.0,0.0,0.0,0.0,0.0,1.0
21,155,8.937619916246579,1.6560008476659815,0.0,1.0,0.0,0.0,0.0,1.0
22,155,0.4236404561519584,2.4192912529321524,0.0,0.0,0.0,0.0,1.0,1.0
23,155,0.0,0.0,1.0,0.0,0.0,1.0,0.0,0.0
24,155,10.310316265578429,0.764117662519649,1.0,0.0,0.0,1.0,0.0,0.0
25,155,12.0,10.577594195359984,1.0,1.0,0.0,1.0,0.0,0.0
26,155,10.612149669763102,1.1027469001625412,0.0,0.0,1.0,0.0,0.0,1.0
27,155,3.5077397949188462,8.971215786928049,1.0,1.0,1.0,0.0,1.0,1.0
28,155,11.491653357435684,12.0,0.0,0.0,0.0,0.0,1.0,1.0
29,155,1.509639251522585,8.891612723573317,0.0,0.0,0.0,1.0,1.0,0.0
30,155,2.8135693127025534,5.105871832542622,0.0,1.0,0.0,0.0,0.0,0.0
31,155,2.419871111010747,11.38252666210222,1.0,0.0,0.0,0.0,0.0,0.0
32,155,11.14420788309759,9.653863132233838,0.0,0.0,0.0,0.0,1.0,0.0
33,155,5.300004927705131,7.539177922856867,0.0,0.0,0.0,0.0,0.0,0.0
34,155,3.467918624826014,0.5126500828082069,0.0,1.0,0.0,0.0,0.0,1.0
35,155,4.212050935894764,7.445476302068812,0.0,0.0,0.0,1.0,0.0,0.0
36,155,6.295657108962857,6.524795278553295,0.0,0.0,0.0,0.0,0.0,1.0
37,155,3.8766561419033696,5.443677684976122,0.0,0.0,0.0,0.0,0.0,0.0
38,155,11.870861815078372,6.916390955957942,1.0,0.0,1.0,0.0,1.0,1.0
39,155,12.0,11.862714751904514,0.0,0.0,1.0,1.0,0.0,0.0
0,160,8.501201790670212,0.0,1.0,0.0,0.0,1.0,0.0,1.0
1,160,6.750658125548661,8.137730491906611,1.0,0.0,1.0,0.0,0.0,0.0
2,160,3.386158818322896,10.152409404372372,1.0,1.0,1.0,0.0,1.0,0.0
3,160,0.011561778027177,1.4315210736494106,0.0,0.0,1.0,0.0,1.0,1.0
4,160,11.19004776712447,0.0,0.0,0.0,0.0,1.0,0.0,1.0
5,160,6.621769658605577,0.0,1.0,1.0,0.0,1.0,0.0,1.0
6,160,12.0,12.0,0.0,1.0,1.0,0.0,0.0,0.0
7,160,0.0,9.188599989565626,0.0,1.0,0.0,0.0,1.0,0.0
8,160,7.793365079649202,4.652479895116808,1.0,1.0,0.0,1.0,1.0,1.0
9,160,1.7137786745220345,3.0939531135049068,1.0,0.0,0.0,0.0,0.0,1.0
10,160,9.57938393424624,12.0,0.0,1.0,0.0,1.0,1.0,0.0
11,160,0.0,2.098432395646504,0.0,0.0,0.0,1.0,0.0,0.0
12,160,10.60402228277782,11.45439152457826,0.0,1.0,1.0,1.0,0.0,0.0
13,160,1.1879536289586532,4.188852781441927,0.0,0.0,0.0,0.0,0.0,0.0
14,160,0.5686751111924263,10.68643112284953,0.0,0.0,0.0,0.0,0.0,1.0
15,160,1.2308426820230325,0.0,0.0,0.0,1.0,0.0,0.0,1.0
16,160,5.11128933751443,4.768547451905989,0.0,1.0,0.0,0.0,1.0,0.0
17,160,10.579035143046218,0.0,0.0,0.0,1.0,1.0,0.0,1.0
18,160,8.816551354677372,9.84927442146674,0.0,0.0,1.0,1.0,0.0,0.0
19,160,8.914945305595449,9.040585501075066,1.0,0.0,1.0,0.0,0.0,0.0
20,160,11.830671094114017,4.767915312404922,1.0,0.0,0.0,0.0,0.0,1.0
21,160,8.925567685300853,1.5798361875681213,0.0,1.0,0.0,0.0,0.0,1.0
22,160,0.4409176641341833,2.49113758353788,0.0,0.0,0.0,0.0,1.0,1.0
23,160,0.0,0.0,1.0,0.0,0.0,1.0,0.0,0.0
24,160,10.308997580279865,0.7686958535713849,1.0,0.0,0.0,1.0,0.0,0.0
25,160,12.0,10.607352100217732,1.0,1.0,0.0,1.0,0.0,0.0
26,160,10.689878467182124,1.1716191664885844,0.0,0.0,1.0,0.0,0.0,1.0
27,160,3.525373085247565,8.970043294392232,1.0,1.0,1.0,0.0,1.0,1.0
28,160,11.5744027111308,12.0,0.0,0.0,0.0,0.0,1.0,1.0
29,160,1.5159868875790097,8.897323762013405,0.0,0.0,0.0,1.0,1.0,0.0
30,160,2.825410213910311,5.107623812171152,0.0,1.0,0.0,0.0,0.0,0.0
31,160,2.3718152291566805,11.479142900870729,1.0,0.0,0.0,0.0,0.0,0.0
32,160,11.105587372624631,9.67482226448396,0.0,0.0,0.0,0.0,1.0,0.0
33,160,5.131217639625592,7.462420141351684,0.0,0.0,0.0,0.0,0.0,0.0
34,160,3.479868649244589,0.5366919706383122,0.0,1.0,0.0,0.0,0.0,1.0
35,160,4.213001802764582,7.446692792660654,0.0,0.0,0.0,1.0,0.0,0.0
36,160,6.365182840667901,6.515587139196402,0.0,0.0,0.0,0.0,0.0,1.0
37,160,3.868375555856732,5.46315446638311,0.0,0.0,0.0,0.0,0.0,0.0
38,160,11.809498076472307,6.932927343651811,1.0,0.0,1.0,0.0,1.0,1.0
39,160,12.0,11.94903172304554,0.0,0.0,1.0,1.0,0.0,0.0
0,165,8.744255104014488,0.0,1.0,0.0,0.0,1.0,0.0,1.0
1,165,6.789536110264747,8.188844188774071,1.0,0.0,1.0,0.0,0.0,0.0
2,165,3.338782792652318,10.129189862542663,1.0,1.0,1.0,0.0,1.0,0.0
3,165,0.0157027494241228,1.3830314448808607,0.0,0.0,1.0,0.0,1.0,1.0
4,165,11.27947456120946,0.0,0.0,0.0,0.0,1.0,0.0,1.0
5,165,6.690818229769343,0.0,1.0,1.0,0.0,1.0,0.0,1.0
6,165,12.0,12.0,0.0,1.0,1.0,0.0,0.0,0.0
7,165,0.0,9.223608520241047,0.0,1.0,0.0,0.0,1.0,0.0
8,165,7.7797596245317315,4.6380438558774815,1.0,1.0,0.0,1.0,1.0,1.0
9,165,1.6942805023558047,3.083132206432648,1.0,0.0,0.0,0.0,0.0,1.0
10,165,9.563708222635633,12.0,0.0,1.0,0.0,1.0,1.0,0.0
11,165,0.0,2.111933075983516,0.0,0.0,0.0,1.0,0.0,0.0
12,165,10.517242372997677,11.408910426861356,0.0,1.0,1.0,1.0,0.0,0.0
13,165,1.0582281431524596,4.236321310120905,0.0,0.0,0.0,0.0,0.0,0.0
14,165,0.5761151388482467,10.71070325545778,0.0,0.0,0.0,0.0,0.0,1.0
15,165,1.1912275491522812,0.0,0.0,0.0,1.0,0.0,0.0,1.0
16,165,5.083604168614455,4.816693866040289,0.0,1.0,0.0,0.0,1.0,0.0
17,165,10.629005457190912,0.0,0.0,0.0,1.0,1.0,0.0,1.0
18,165,8.758243098491972,9.794231184702754,0.0,0.0,1.0,1.0,0.0,0.0
19,165,9.02276769936948,9.036227964062387,1.0,0.0,1.0,0.0,0.0,0.0
20,165,11.784115829293674,4.814540163785035,1.0,0.0,0.0,0.0,0.0,1.0
21,165,8.914336887923438,1.504866681354883,0.0,1.0,0.0,0.0,0.0,1.0
22,165,0.4601369649265822,2.571527030152416,0.0,0.0,0.0,0.0,1.0,1.0
23,165,0.0,0.0,1.0,0.0,0.0,1.0,0.0,0.0
24,165,10.311782742889122,0.7586346509498705,1.0,0.0,0.0,1.0,0.0,0.0
25,165,12.0,10.647766440674724,1.0,1.0,0.0,1.0,0.0,0.0
26,165,10.775087559765048,1.246765724662884,0.0,0.0,1.0,0.0,0.0,1.0
27,165,3.541354782691976,8.969296697077302,1.0,1.0,1.0,0.0,1.0,1.0
28,165,11.648394673329872,12.0,0.0,0.0,0.0,0.0,1.0,1.0
29,165,1.5085760393063372,8.890715812995174,0.0,0.0,0.0,1.0,1.0,0.0
30,165,2.832414480926852,5.108491285468293,0.0,1.0,0.0,0.0,0.0,0.0
31,165,2.313500713706836,11.59402857048701,1.0,0.0,0.0,0.0,0.0,0.0
32,165,11.065120793139895,9.69681093485182,0.0,0.0,0.0,0.0,1.0,0.0
33,165,4.970924080201304,7.387484606932061,0.0,0.0,0.0,0.0,0.0,0.0
34,165,3.485361382175124,0.5472706322667501,0.0,1.0,0.0,0.0,0.0,1.0
35,165,4.201206280668263,7.431398084632482,0.0,0.0,0.0,1.0,0.0,0.0
36,165,6.424209671297875,6.508724365103024,0.0,0.0,0.0,0.0,0.0,1.0
37,165,3.852897973800557,5.501436021580437,0.0,0.0,0.0,0.0,0.0,0.0
38,165,11.74470374443055,6.948377625097262,1.0,0.0,1.0,0.0,1.0,1.0
39,165,12.0,12.0,0.0,0.0,1.0,1.0,0.0,0.0
0,170,8.968577757566841,0.0,1.0,0.0,0.0,1.0,0.0,1.0
1,170,6.830357851496506,8.243315070366453,1.0,0.0,1.0,0.0,0.0,0.0
2,170,3.294108032723623,10.107385176059651,1.0,1.0,1.0,0.0,1.0,0.0
3,170,0.0178981677633773,1.3477665845315292,0.0,0.0,1.0,0.0,1.0,1.0
4,170,11.362253133582632,0.0,0.0,0.0,0.0,1.0,0.0,1.0
5,170,6.756139245382412,0.0,1.0,1.0,0.0,1.0,0.0,1.0
6,170,12.0,12.0,0.0,1.0,1.0,0.0,0.0,0.0
7,170,0.0,9.250002722619376,0.0,1.0,0.0,0.0,1.0,0.0
8,170,7.759372092576589,4.616948212574258,1.0,1.0,0.0,1.0,1.0,1.0
9,170,1.668905517365739,3.069754995088191,1.0,0.0,0.0,0.0,0.0,1.0
10,170,9.548532682826515,12.0,0.0,1.0,0.0,1.0,1.0,0.0
11,170,0.0,2.1187353961427684,0.0,0.0,0.0,1.0,0.0,0.0
12,170,10.421619293494532,11.35705617356252,0.0,1.0,1.0,1.0,0.0,0.0
13,170,0.9408981507070616,4.279303113989775,0.0,0.0,0.0,0.0,0.0,0.0
14,170,0.5835858943351971,10.73351389784721,0.0,0.0,0.0,0.0,0.0,1.0
15,170,1.1458199356592993,0.0,0.0,0.0,1.0,0.0,0.0,1.0
16,170,5.060495414718865,4.853273574915227,0.0,1.0,0.0,0.0,1.0,0.0
17,170,10.695150904262077,0.0,0.0,0.0,1.0,1.0,0.0,1.0
18,170,8.678820000138163,9.72054641456009,0.0,0.0,1.0,1.0,0.0,0.0
19,170,9.12897017890213,9.0277608683419,1.0,0.0,1.0,0.0,0.0,0.0
20,170,11.744857865738044,4.853683448734003,1.0,0.0,0.0,0.0,0.0,1.0
21,170,8.900127945483257,1.414070361662736,0.0,1.0,0.0,0.0,0.0,1.0
22,170,0.4813499847262198,2.6611618809144764,0.0,0.0,0.0,0.0,1.0,1.0
23,170,0.0,0.0,1.0,0.0,0.0,1.0,0.0,0.0
24,170,10.317989890889567,0.7373463582680033,1.0,0.0,0.0,1.0,0.0,0.0
25,170,11.956150851651191,10.734332887726676,1.0,1.0,0.0,1.0,0.0,0.0
26,170,10.877714310907152,1.338682239789585,0.0,0.0,1.0,0.0,0.0,1.0
27,170,3.556567240100172,8.968657572040136,1.0,1.0,1.0,0.0,1.0,1.0
28,170,11.725603667553552,12.0,0.0,0.0,0.0,0.0,1.0,1.0
29,170,1.4926450142299674,8.87632311597618,0.0,0.0,0.0,1.0,1.0,0.0
30,170,2.8237777679030303,5.10741177575456,0.0,1.0,0.0,0.0,0.0,0.0
31,170,2.265779379096588,11.68409193924197,1.0,0.0,0.0,0.0,0.0,0.0
32,170,11.00582704589534,9.72894843765618,0.0,0.0,0.0,0.0,1.0,0.0
33,170,4.809438399211518,7.309505143152326,0.0,0.0,0.0,0.0,0.0,0.0
34,170,3.49735771255416,0.5693390597182728,0.0,1.0,0.0,0.0,0.0,1.0
35,170,4.189972528868236,7.416192076836228,0.0,0.0,0.0,1.0,0.0,0.0
36,170,6.471665834862868,6.5037565118511305,0.0,0.0,0.0,0.0,0.0,1.0
37,170,3.8371737965819888,5.541570190079207,0.0,0.0,0.0,0.0,0.0,0.0
38,170,11.66778121636455,6.967840110071068,1.0,0.0,1.0,0.0,1.0,1.0
39,170,12.0,12.0,0.0,0.0,1.0,1.0,0.0,0.0
0,175,9.19150708144896,0.0,1.0,0.0,0.0,1.0,0.0,1.0
1,175,6.869990776404864,8.296674453894445,1.0,0.0,1.0,0.0,0.0,0.0
2,175,3.240773812710981,10.082066860871508,1.0,1.0,1.0,0.0,1.0,0.0
3,175,0.0207078548324407,1.3007932805376654,0.0,0.0,1.0,0.0,1.0,1.0
4,175,11.434215156975329,0.0,0.0,0.0,0.0,1.0,0.0,1.0
5,175,6.852791896948675,0.0,1.0,1.0,0.0,1.0,0.0,1.0
6,175,12.0,12.0,0.0,1.0,1.0,0.0,0.0,0.0
7,175,0.0,9.264749259405852,0.0,1.0,0.0,0.0,1.0,0.0
8,175,7.742461992361406,4.597922273315249,1.0,1.0,0.0,1.0,1.0,1.0
9,175,1.647193383424835,3.0580139320953528,1.0,0.0,0.0,0.0,0.0,1.0
10,175,9.52814099695552,12.0,0.0,1.0,0.0,1.0,1.0,0.0
11,175,0.0,2.1275623678902247,0.0,0.0,0.0,1.0,0.0,0.0
12,175,10.340033793758009,11.313730662596305,0.0,1.0,1.0,1.0,0.0,0.0
13,175,0.8272247131425117,4.323110986755694,0.0,0.0,0.0,0.0,0.0,0.0
14,175,0.5851248872092751,10.738085889054185,0.0,0.0,0.0,0.0,0.0,1.0
15,175,1.1000297285084784,0.0,0.0,0.0,1.0,0.0,0.0,1.0
16,175,5.042112461438526,4.883417839956621,0.0,1.0,0.0,0.0,1.0,0.0
17,175,10.76224569033817,0.0,0.0,0.0,1.0,1.0,0.0,1.0
18,175,8.630437043180807,9.677727098781096,0.0,0.0,1.0,1.0,0.0,0.0
19,175,9.252490495643492,9.017910581249703,1.0,0.0,1.0,0.0,0.0,0.0
20,175,11.698378197321391,4.900520335649701,1.0,0.0,0.0,0.0,0.0,1.0
21,175,8.887182036776167,1.327922079816744,0.0,1.0,0.0,0.0,0.0,1.0
22,175,0.5035722689749857,2.742854231538024,0.0,0.0,0.0,0.0,1.0,1.0
23,175,0.0,0.0,1.0,0.0,0.0,1.0,0.0,0.0
24,175,10.322696812032742,0.7209719913193117,1.0,0.0,0.0,1.0,0.0,0.0
25,175,11.905889570704709,10.831668426738648,1.0,1.0,0.0,1.0,0.0,0.0
26,175,10.986851946681996,1.438375596775014,0.0,0.0,1.0,0.0,0.0,1.0
27,175,3.560775129120073,8.968474255605926,1.0,1.0,1.0,0.0,1.0,1.0
28,175,11.79532819714336,12.0,0.0,0.0,0.0,0.0,1.0,1.0
29,175,1.4853713832995992,8.870198098321078,0.0,0.0,0.0,1.0,1.0,0.0
30,175,2.797642968364344,5.105214299410356,0.0,1.0,0.0,0.0,0.0,0.0
31,175,2.2233378474662144,11.764518315055778,1.0,0.0,0.0,0.0,0.0,0.0
32,175,10.953315675652664,9.755445918697289,0.0,0.0,0.0,0.0,1.0,0.0
33,175,4.64050269772706,7.230125823480756,0.0,0.0,0.0,0.0,0.0,0.0
34,175,3.5104722230277896,0.5943871945561044,0.0,1.0,0.0,0.0,0.0,1.0
35,175,4.158064532047849,7.370822317176431,0.0,0.0,0.0,1.0,0.0,0.0
36,175,6.522030997643377,6.498828685224574,0.0,0.0,0.0,0.0,0.0,1.0
37,175,3.822477337899484,5.578705656825921,0.0,0.0,0.0,0.0,0.0,0.0
38,175,11.615491610105291,6.980621376875674,1.0,0.0,1.0,0.0,1.0,1.0
39,175,12.0,12.0,0.0,0.0,1.0,1.0,0.0,0.0
0,180,9.42172604933782,0.0,1.0,0.0,0.0,1.0,0.0,1.0
1,180,6.904363911475564,8.340952382265048,1.0,0.0,1.0,0.0,0.0,0.0
2,180,3.1720319020342527,10.049300936575571,1.0,1.0,1.0,0.0,1.0,0.0
3,180,0.0238495800990849,1.246934649995327,0.0,0.0,1.0,0.0,1.0,1.0
4,180,11.509814118692653,0.0,0.0,0.0,0.0,1.0,0.0,1.0
5,180,6.960598804184188,0.0,1.0,1.0,0.0,1.0,0.0,1.0
6,180,12.0,12.0,0.0,1.0,1.0,0.0,0.0,0.0
7,180,0.0,9.282498317889967,0.0,1.0,0.0,0.0,1.0,0.0
8,180,7.737817636519704,4.592823814210181,1.0,1.0,0.0,1.0,1.0,1.0
9,180,1.6089982221153023,3.037254116497167,1.0,0.0,0.0,0.0,0.0,1.0
10,180,9.508862015615248,12.0,0.0,1.0,0.0,1.0,1.0,0.0
11,180,0.0,2.1409065669291207,0.0,0.0,0.0,1.0,0.0,0.0
12,180,10.270246095212311,11.277222471712356,0.0,1.0,1.0,1.0,0.0,0.0
13,180,0.7352496783782507,4.356629552733089,0.0,0.0,0.0,0.0,0.0,0.0
14,180,0.5804557196063308,10.724905328300297,0.0,0.0,0.0,0.0,0.0,1.0
15,180,1.0479503891035036,0.0,0.0,0.0,1.0,0.0,0.0,1.0
16,180,5.027809476477169,4.907824746589566,0.0,1.0,0.0,0.0,1.0,0.0
17,180,10.830634087878147,0.0,0.0,0.0,1.0,1.0,0.0,1.0
18,180,8.594434068409035,9.643911523893268,0.0,0.0,1.0,1.0,0.0,0.0
19,180,9.3415680298235,9.011010389061974,1.0,0.0,1.0,0.0,0.0,0.0
20,180,11.647849496106376,4.951065136147436,1.0,0.0,0.0,0.0,0.0,1.0
21,180,8.87088453164389,1.2292025531723478,0.0,1.0,0.0,0.0,0.0,1.0
22,180,0.5278614704524214,2.8241590002826222,0.0,0.0,0.0,0.0,1.0,1.0
23,180,0.0,0.0,1.0,0.0,0.0,1.0,0.0,0.0
24,180,10.32995155608529,0.697301106496224,1.0,0.0,0.0,1.0,0.0,0.0
25,180,11.860820289073745,10.913798268456746,1.0,1.0,0.0,1.0,0.0,0.0
26,180,11.096582775574126,1.539295933012297,0.0,0.0,1.0,0.0,0.0,1.0
27,180,3.565201675249191,8.968182947928572,1.0,1.0,1.0,0.0,1.0,1.0
28,180,11.863443169973634,12.0,0.0,0.0,0.0,0.0,1.0,1.0
29,180,1.475365282369867,8.862320809751465,0.0,0.0,0.0,1.0,1.0,0.0
30,180,2.766144319386579,5.101611885865352,0.0,1.0,0.0,0.0,0.0,0.0
31,180,2.182341443705676,11.839573354448202,1.0,0.0,0.0,0.0,0.0,0.0
32,180,10.900266404264952,9.782184558338075,0.0,0.0,0.0,0.0,1.0,0.0
33,180,4.46752661378182,7.151166525542716,0.0,0.0,0.0,0.0,0.0,0.0
34,180,3.5293640160029,0.6295315240409416,0.0,1.0,0.0,0.0,0.0,1.0
35,180,4.114494947998064,7.311748127960298,0.0,0.0,0.0,1.0,0.0,0.0
36,180,6.568239953879989,6.49319052054897,0.0,0.0,0.0,0.0,0.0,1.0
37,180,3.803408052988096,5.62754029548815,0.0,0.0,0.0,0.0,0.0,0.0
38,180,11.574808314199805,6.990765231103029,1.0,0.0,1.0,0.0,1.0,1.0
39,180,12.0,12.0,0.0,0.0,1.0,1.0,0.0,0.0
0,185,9.645240796230224,0.0,1.0,0.0,0.0,1.0,0.0,1.0
1,185,6.943439139324655,8.390426998467088,1.0,0.0,1.0,0.0,0.0,0.0
2,185,3.1014519583329987,10.016464272879835,1.0,1.0,1.0,0.0,1.0,0.0
3,185,0.0275146315527717,1.2056340624959112,0.0,0.0,1.0,0.0,1.0,1.0
4,185,11.594591381173034,0.0,0.0,0.0,0.0,1.0,0.0,1.0
5,185,7.068637271878197,0.0,1.0,1.0,0.0,1.0,0.0,1.0
6,185,12.0,12.0,0.0,1.0,1.0,0.0,0.0,0.0
7,185,0.0,9.304318937913424,0.0,1.0,0.0,0.0,1.0,0.0
8,185,7.735541483075152,4.590415062064074,1.0,1.0,0.0,1.0,1.0,1.0
9,185,1.5845189750808977,3.02460661190951,1.0,0.0,0.0,0.0,0.0,1.0
10,185,9.491140804726498,12.0,0.0,1.0,0.0,1.0,1.0,0.0
11,185,0.0,2.152879066448478,0.0,0.0,0.0,1.0,0.0,0.0
12,185,10.216161085414749,11.250078152061722,0.0,1.0,1.0,1.0,0.0,0.0
13,185,0.63599906688594,4.396527595490718,0.0,0.0,0.0,0.0,0.0,0.0
14,185,0.582019869604969,10.72946948571434,0.0,0.0,0.0,0.0,0.0,1.0
15,185,0.9814526923771024,0.0,0.0,0.0,1.0,0.0,0.0,1.0
16,185,5.0095965934677,4.938823402803401,0.0,1.0,0.0,0.0,1.0,0.0
17,185,10.910310870309228,0.0,0.0,0.0,1.0,1.0,0.0,1.0
18,185,8.54270954762203,9.596702064559224,0.0,0.0,1.0,1.0,0.0,0.0
19,185,9.442298422953048,9.001182070825196,1.0,0.0,1.0,0.0,0.0,0.0
20,185,11.580554276735748,5.017454746077473,1.0,0.0,0.0,0.0,0.0,1.0
21,185,8.860375038343713,1.156502895665014,0.0,1.0,0.0,0.0,0.0,1.0
22,185,0.5505112666177879,2.910919777398154,0.0,0.0,0.0,0.0,1.0,1.0
23,185,0.0,0.0,1.0,0.0,0.0,1.0,0.0,0.0
24,185,10.334457489209028,0.6821394225344471,1.0,0.0,0.0,1.0,0.0,0.0
25,185,11.808786010780048,11.00925191105962,1.0,1.0,0.0,1.0,0.0,0.0
26,185,11.217018574555988,1.6509497251085783,0.0,0.0,1.0,0.0,0.0,1.0
27,185,3.5465137749078783,8.96946792924121,1.0,1.0,1.0,0.0,1.0,1.0
28,185,11.952968506854958,12.0,0.0,0.0,0.0,0.0,1.0,1.0
29,185,1.4758243784362797,8.8626716542729,0.0,0.0,0.0,1.0,1.0,0.0
30,185,2.728594925725534,5.097273229163384,0.0,1.0,0.0,0.0,0.0,0.0
31,185,2.153281156315208,11.89400221714915,1.0,0.0,0.0,0.0,0.0,0.0
32,185,10.840403365086493,9.812010941714426,0.0,0.0,0.0,0.0,1.0,0.0
33,185,4.29649726283666,7.077113520545423,0.0,0.0,0.0,0.0,0.0,0.0
34,185,3.5469801748064707,0.6649787435633414,0.0,1.0,0.0,0.0,0.0,1.0
35,185,4.067007655880896,7.248031047068368,0.0,0.0,0.0,1.0,0.0,0.0
36,185,6.610613198946606,6.488454544366594,0.0,0.0,0.0,0.0,0.0,1.0
37,185,3.794315838135253,5.651126254852146,0.0,0.0,0.0,0.0,0.0,0.0
38,185,11.524478668026063,7.002350118877049,1.0,0.0,1.0,0.0,1.0,1.0
39,185,12.0,12.0,0.0,0.0,1.0,1.0,0.0,0.0
0,190,9.871253561451244,0.0,1.0,0.0,0.0,1.0,0.0,1.0
1,190,7.004534229380488,8.469423274442683,1.0,0.0,1.0,0.0,0.0,0.0
2,190,3.05785365248756,9.99592157544366,1.0,1.0,1.0,0.0,1.0,0.0
3,190,0.0305503782084934,1.175227435679844,0.0,0.0,1.0,0.0,1.0,1.0
4,190,11.668828135553603,0.0,0.0,0.0,0.0,1.0,0.0,1.0
5,190,7.1934241605671705,0.0,1.0,1.0,0.0,1.0,0.0,1.0
6,190,12.0,12.0,0.0,1.0,1.0,0.0,0.0,0.0
7,190,0.0,9.315758559799091,0.0,1.0,0.0,0.0,1.0,0.0
8,190,7.729527573415964,4.584267090429183,1.0,1.0,0.0,1.0,1.0,1.0
9,190,1.534713608872002,2.9986989485454365,1.0,0.0,0.0,0.0,0.0,1.0
10,190,9.476351714074855,12.0,0.0,1.0,0.0,1.0,1.0,0.0
11,190,0.0,2.160352330210324,0.0,0.0,0.0,1.0,0.0,0.0
12,190,10.178607384218536,11.23184897267762,0.0,1.0,1.0,1.0,0.0,0.0
13,190,0.5517012611789239,4.431191679231136,0.0,0.0,0.0,0.0,0.0,0.0
14,190,0.5837508609478369,10.73510200299187,0.0,0.0,0.0,0.0,0.0,1.0
15,190,0.9085202880478662,0.0,0.0,0.0,1.0,0.0,0.0,1.0
16,190,4.99079212616667,4.969469588143029,0.0,1.0,0.0,0.0,1.0,0.0
17,190,10.981327416303907,0.0,0.0,0.0,1.0,1.0,0.0,1.0
18,190,8.491180527754558,9.5538402964426,0.0,0.0,1.0,1.0,0.0,0.0
19,190,9.55076078853831,8.98958284506163,1.0,0.0,1.0,0.0,0.0,0.0
20,190,11.507566533150372,5.094679336617427,1.0,0.0,0.0,0.0,0.0,1.0
21,190,8.85342117067186,1.1097700944087865,0.0,1.0,0.0,0.0,0.0,1.0
22,190,0.5669180368048857,2.973959771375881,0.0,0.0,0.0,0.0,1.0,1.0
23,190,0.0,0.0,1.0,0.0,0.0,1.0,0.0,0.0
24,190,10.343730209371396,0.6529289366623551,1.0,0.0,0.0,1.0,0.0,0.0
25,190,11.759073473351377,11.10285438898264,1.0,1.0,0.0,1.0,0.0,0.0
26,190,11.3350652859903,1.7454844729609822,0.0,0.0,1.0,0.0,0.0,1.0
27,190,3.5280157208695115,8.970567201600558,1.0,1.0,1.0,0.0,1.0,1.0
28,190,12.0,12.0,0.0,0.0,0.0,0.0,1.0,1.0
29,190,1.4702344927390512,8.85868973218032,0.0,0.0,0.0,1.0,1.0,0.0
30,190,2.6989946907397733,5.093939414440623,0.0,1.0,0.0,0.0,0.0,0.0
31,190,2.12519995281312,11.944792481731184,1.0,0.0,0.0,0.0,0.0,0.0
32,190,10.745406077629523,9.861323675183447,0.0,0.0,0.0,0.0,1.0,0.0
33,190,4.111906233982371,6.996203627555335,0.0,0.0,0.0,0.0,0.0,0.0
34,190,3.5584129374422835,0.6906548005116481,0.0,1.0,0.0,0.0,0.0,1.0
35,190,4.005867234882491,7.173543224470587,0.0,0.0,0.0,1.0,0.0,0.0
36,190,6.655093878382191,6.48426271845287,0.0,0.0,0.0,0.0,0.0,1.0
37,190,3.773380389244817,5.700939038877295,0.0,0.0,0.0,0.0,0.0,0.0
38,190,11.46085179068996,7.0169508931300655,1.0,0.0,1.0,0.0,1.0,1.0
39,190,12.0,12.0,0.0,0.0,1.0,1.0,0.0,0.0
0,195,10.094835093527973,0.0,1.0,0.0,0.0,1.0,0.0,1.0
1,195,7.066330234483444,8.547327748130355,1.0,0.0,1.0,0.0,0.0,0.0
2,195,3.009632953991946,9.973724932018357,1.0,1.0,1.0,0.0,1.0,0.0
3,195,0.0318836229181835,1.154220372912009,0.0,0.0,1.0,0.0,1.0,1.0
4,195,11.748106992567664,0.0,0.0,0.0,0.0,1.0,0.0,1.0
5,195,7.325211932173363,0.0,1.0,1.0,0.0,1.0,0.0,1.0
6,195,12.0,12.0,0.0,1.0,1.0,0.0,0.0,0.0
7,195,0.0,9.33179155332122,0.0,1.0,0.0,0.0,1.0,0.0
8,195,7.721386787673067,4.575889842310646,1.0,1.0,0.0,1.0,1.0,1.0
9,195,1.475874193051336,2.9665919600303576,1.0,0.0,0.0,0.0,0.0,1.0
10,195,9.463272739589796,12.0,0.0,1.0,0.0,1.0,1.0,0.0
11,195,0.0,2.1719265905875256,0.0,0.0,0.0,1.0,0.0,0.0
12,195,10.132847264472485,11.210327517430532,0.0,1.0,1.0,1.0,0.0,0.0
13,195,0.4728763409830273,4.46127027485282,0.0,0.0,0.0,0.0,0.0,0.0
14,195,0.5899635067088413,10.754124414089404,0.0,0.0,0.0,0.0,0.0,1.0
15,195,0.8412654041048822,0.0,0.0,0.0,1.0,0.0,0.0,1.0
16,195,4.968896423601737,4.95631422996484,0.0,1.0,0.0,0.0,1.0,0.0
17,195,11.054013067147858,0.0,0.0,0.0,1.0,1.0,0.0,1.0
18,195,8.44739159224759,9.516353330188505,0.0,0.0,1.0,1.0,0.0,0.0
19,195,9.672625829805936,8.977358902636686,1.0,0.0,1.0,0.0,0.0,0.0
20,195,11.446355636194632,5.154616401137768,1.0,0.0,0.0,0.0,0.0,1.0
21,195,8.843937289400827,1.0433071572769992,0.0,1.0,0.0,0.0,0.0,1.0
22,195,0.5834642706152857,3.0453087094275784,0.0,0.0,0.0,0.0,1.0,1.0
23,195,0.0,0.0,1.0,0.0,0.0,1.0,0.0,0.0
24,195,10.35262188168828,0.6246824906642828,1.0,0.0,0.0,1.0,0.0,0.0
25,195,11.702109778146914,11.206678057016893,1.0,1.0,0.0,1.0,0.0,0.0
26,195,11.451415849000792,1.8389073432060408,0.0,0.0,1.0,0.0,0.0,1.0
27,195,3.497575906967985,8.97246919976474,1.0,1.0,1.0,0.0,1.0,1.0
28,195,12.0,12.0,0.0,0.0,0.0,0.0,1.0,1.0
29,195,1.4616029664762469,8.852675491364208,0.0,0.0,0.0,1.0,1.0,0.0
30,195,2.685079358695724,5.092356991466861,0.0,1.0,0.0,0.0,0.0,0.0
31,195,2.0921713122818844,12.0,1.0,0.0,0.0,0.0,0.0,0.0
32,195,10.651176780461308,9.912215258199346,0.0,0.0,0.0,0.0,1.0,0.0
33,195,3.9290313704232074,6.918862869431545,0.0,0.0,0.0,0.0,0.0,0.0
34,195,3.564626599375472,0.7035003945085097,0.0,1.0,0.0,0.0,0.0,1.0
35,195,3.958572047857273,7.1158570479633845,0.0,0.0,0.0,1.0,0.0,0.0
36,195,6.695716683417734,6.479095863543535,0.0,0.0,0.0,0.0,0.0,1.0
37,195,3.753263335185735,5.74597778134732,0.0,0.0,0.0,0.0,0.0,0.0
38,195,11.420188930951625,7.024944766231319,1.0,0.0,1.0,0.0,1.0,1.0
39,195,12.0,12.0,0.0,0.0,1.0,1.0,0.0,0.0
0,200,10.325247305082929,0.0,1.0,0.0,0.0,1.0,0.0,1.0
1,200,7.118174962719633,8.609941936481167,1.0,0.0,1.0,0.0,0.0,0.0
2,200,2.956667538749859,9.949585371560842,1.0,1.0,1.0,0.0,1.0,0.0
3,200,0.0326354046536212,1.1441171011893956,0.0,0.0,1.0,0.0,1.0,1.0
4,200,11.81834485248604,0.0,0.0,0.0,0.0,1.0,0.0,1.0
5,200,7.451902020458714,0.0,1.0,1.0,0.0,1.0,0.0,1.0
6,200,12.0,12.0,0.0,1.0,1.0,0.0,0.0,0.0
7,200,0.0,9.347082562317429,0.0,1.0,0.0,0.0,1.0,0.0
8,200,7.721083126779843,4.575575816414886,1.0,1.0,0.0,1.0,1.0,1.0
9,200,1.4286754208119827,2.941613570800778,1.0,0.0,0.0,0.0,0.0,1.0
10,200,9.45156996551573,12.0,0.0,1.0,0.0,1.0,1.0,0.0
11,200,0.0,2.184474120437705,0.0,0.0,0.0,1.0,0.0,0.0
12,200,10.078413331104148,11.18575076345944,0.0,1.0,1.0,1.0,0.0,0.0
13,200,0.4091669698766766,4.484198283722408,0.0,0.0,0.0,0.0,0.0,0.0
14,200,0.5920407829883361,10.76094582989929,0.0,0.0,0.0,0.0,0.0,1.0
15,200,0.7710438101861039,0.0,0.0,0.0,1.0,0.0,0.0,1.0
16,200,4.9405481523581845,4.939781383759883,0.0,1.0,0.0,0.0,1.0,0.0
17,200,11.128637557040754,0.0,0.0,0.0,1.0,1.0,0.0,1.0
18,200,8.418800090153825,9.491419407764132,0.0,0.0,1.0,1.0,0.0,0.0
19,200,9.788899660011996,8.963834888229167,1.0,0.0,1.0,0.0,0.0,0.0
20,200,11.390606765433606,5.210045737598296,1.0,0.0,0.0,0.0,0.0,1.0
21,200,8.831800126654603,0.9553907993245266,0.0,1.0,0.0,0.0,0.0,1.0
22,200,0.600106312657125,3.1161043413930187,0.0,0.0,0.0,0.0,1.0,1.0
23,200,0.0,0.0,1.0,0.0,0.0,1.0,0.0,0.0
24,200,10.365896233025296,0.5841130073775813,1.0,0.0,0.0,1.0,0.0,0.0
25,200,11.640395072128658,11.317134831798096,1.0,1.0,0.0,1.0,0.0,0.0
26,200,11.572465554853142,1.9375111274867831,0.0,0.0,1.0,0.0,0.0,1.0
27,200,3.469537261546203,8.973710513850735,1.0,1.0,1.0,0.0,1.0,1.0
28,200,12.0,12.0,0.0,0.0,0.0,0.0,1.0,1.0
29,200,1.459925342532426,8.851535600238181,0.0,0.0,0.0,1.0,1.0,0.0
30,200,2.685096693091674,5.09235882123402,0.0,1.0,0.0,0.0,0.0,0.0
31,200,2.064362896452491,12.0,1.0,0.0,0.0,0.0,0.0,0.0
32,200,10.552316415575277,9.967182915397508,0.0,0.0,0.0,0.0,1.0,0.0
33,200,3.716489413621592,6.834095359968942,0.0,0.0,0.0,0.0,0.0,0.0
34,200,3.571716690903091,0.7183292968984336,0.0,1.0,0.0,0.0,0.0,1.0
35,200,3.915056250509533,7.063203799725812,0.0,0.0,0.0,1.0,0.0,0.0
36,200,6.7258362474263125,6.47574182582281,0.0,0.0,0.0,0.0,0.0,1.0
37,200,3.7335068337402126,5.7918397565186295,0.0,0.0,0.0,0.0,0.0,0.0
38,200,11.392355411496451,7.030174994240885,1.0,0.0,1.0,0.0,1.0,1.0
39,200,12.0,12.0,0.0,0.0,1.0,1.0,0.0,0.0
0,205,10.564182565157822,0.0,1.0,0.0,0.0,1.0,0.0,1.0
1,205,7.163460073360219,8.66359212906225,1.0,0.0,1.0,0.0,0.0,0.0
2,205,2.8892476744257247,9.92026108520434,1.0,1.0,1.0,0.0,1.0,0.0
3,205,0.0336287657318842,1.1301678821991623,0.0,0.0,1.0,0.0,1.0,1.0
4,205,11.884091214764544,0.0,0.0,0.0,0.0,1.0,0.0,1.0
5,205,7.583884773946876,0.0,1.0,1.0,0.0,1.0,0.0,1.0
6,205,12.0,12.0,0.0,1.0,1.0,0.0,0.0,0.0
7,205,0.0,9.359155108220277,0.0,1.0,0.0,0.0,1.0,0.0
8,205,7.720359506926577,4.574834044626079,1.0,1.0,0.0,1.0,1.0,1.0
9,205,1.407465755196456,2.9300375385716477,1.0,0.0,0.0,0.0,0.0,1.0
10,205,9.43475394237925,12.0,0.0,1.0,0.0,1.0,1.0,0.0
11,205,0.0,2.197351154402113,0.0,0.0,0.0,1.0,0.0,0.0
12,205,10.014948961325697,11.158861729581536,0.0,1.0,1.0,1.0,0.0,0.0
13,205,0.3395444119506077,4.507817817458507,0.0,0.0,0.0,0.0,0.0,0.0
14,205,0.5965518265241868,10.776597558066674,0.0,0.0,0.0,0.0,0.0,1.0
15,205,0.6977290021211248,0.0,0.0,0.0,1.0,0.0,0.0,1.0
16,205,4.911823076537349,4.921989116334682,0.0,1.0,0.0,0.0,1.0,0.0
17,205,11.204272204156323,0.0,0.0,0.0,1.0,1.0,0.0,1.0
18,205,8.400325974722083,9.476255207641833,0.0,0.0,1.0,1.0,0.0,0.0
19,205,9.905357355976934,8.951970332229884,1.0,0.0,1.0,0.0,0.0,0.0
20,205,11.337312142671196,5.261832946561074,1.0,0.0,0.0,0.0,0.0,1.0
21,205,8.817994435875029,0.8519447743783222,0.0,1.0,0.0,0.0,0.0,1.0
22,205,0.6204924668996471,3.2107553148764203,0.0,0.0,0.0,0.0,1.0,1.0
23,205,0.0,0.0,1.0,0.0,0.0,1.0,0.0,0.0
24,205,10.380684023878043,0.5351917145701413,1.0,0.0,0.0,1.0,0.0,0.0
25,205,11.578282799229155,11.425957884898054,1.0,1.0,0.0,1.0,0.0,0.0
26,205,11.700965404264494,2.0406198499056427,0.0,0.0,1.0,0.0,0.0,1.0
27,205,3.437473019221746,8.976685351213865,1.0,1.0,1.0,0.0,1.0,1.0
28,205,12.0,12.0,0.0,0.0,0.0,0.0,1.0,1.0
29,205,1.4695589918249043,8.858028139011981,0.0,0.0,0.0,1.0,1.0,0.0
30,205,2.6792073891525385,5.091751802506494,0.0,1.0,0.0,0.0,0.0,0.0
31,205,2.044406336390075,12.0,1.0,0.0,0.0,0.0,0.0,0.0
32,205,10.461347359376578,10.015081753547122,0.0,0.0,0.0,0.0,1.0,0.0
33,205,3.511388586753854,6.752706670758808,0.0,0.0,0.0,0.0,0.0,0.0
34,205,3.5830409017502327,0.7447314775623468,0.0,1.0,0.0,0.0,0.0,1.0
35,205,3.877255334873069,7.017534525088641,0.0,0.0,0.0,1.0,0.0,0.0
36,205,6.753471927055361,6.472298025628547,0.0,0.0,0.0,0.0,0.0,1.0
37,205,3.7128186110556807,5.838909928376999,0.0,0.0,0.0,0.0,0.0,0.0
38,205,11.373941225103282,7.034118308906615,1.0,0.0,1.0,0.0,1.0,1.0
39,205,12.0,12.0,0.0,0.0,1.0,1.0,0.0,0.0
0,210,10.823485763198711,0.0,1.0,0.0,0.0,1.0,0.0,1.0
1,210,7.2162340737154365,8.729617193444904,1.0,0.0,1.0,0.0,0.0,0.0
2,210,2.84404934556533,9.900036716541823,1.0,1.0,1.0,0.0,1.0,0.0
3,210,0.0352379433796012,1.1081492866930482,0.0,0.0,1.0,0.0,1.0,1.0
4,210,11.949178317610148,0.0,0.0,0.0,0.0,1.0,0.0,1.0
5,210,7.714242651179118,0.0,1.0,1.0,0.0,1.0,0.0,1.0
6,210,12.0,12.0,0.0,1.0,1.0,0.0,0.0,0.0
7,210,0.0,9.36462910887879,0.0,1.0,0.0,0.0,1.0,0.0
8,210,7.716316071103805,4.570805918455607,1.0,1.0,0.0,1.0,1.0,1.0
9,210,1.394876183746995,2.923009645105938,1.0,0.0,0.0,0.0,0.0,1.0
10,210,9.4164070718983,12.0,0.0,1.0,0.0,1.0,1.0,0.0
11,210,0.0,2.210510571316251,0.0,0.0,0.0,1.0,0.0,0.0
12,210,9.96383656101319,11.13942962220738,0.0,1.0,1.0,1.0,0.0,0.0
13,210,0.271319371499451,4.529937566806958,0.0,0.0,0.0,0.0,0.0,0.0
14,210,0.5978169575935681,10.78107211576904,0.0,0.0,0.0,0.0,0.0,1.0
15,210,0.6288012125372346,0.0,0.0,0.0,1.0,0.0,0.0,1.0
16,210,4.890722084352505,4.909091747014404,0.0,1.0,0.0,0.0,1.0,0.0
17,210,11.279941396731545,0.0,0.0,0.0,1.0,1.0,0.0,1.0
18,210,8.38774785094663,9.46558436803334,0.0,0.0,1.0,1.0,0.0,0.0
19,210,10.02247909987521,8.939793778233268,1.0,0.0,1.0,0.0,0.0,0.0
20,210,11.27020401577297,5.3285836488932095,1.0,0.0,0.0,0.0,0.0,1.0
21,210,8.807217999357896,0.7654172470128008,0.0,1.0,0.0,0.0,0.0,1.0
22,210,0.6406230741140191,3.3077063234769257,0.0,0.0,0.0,0.0,1.0,1.0
23,210,0.0,0.0,1.0,0.0,0.0,1.0,0.0,0.0
24,210,10.393740917688604,0.4910213176187872,1.0,0.0,0.0,1.0,0.0,0.0
25,210,11.525145097520324,11.513186507705576,1.0,1.0,0.0,1.0,0.0,0.0
26,210,11.613491141844252,2.1478015917727573,0.0,0.0,1.0,0.0,0.0,1.0
27,210,3.397163080017639,8.980282831237123,1.0,1.0,1.0,0.0,1.0,1.0
28,210,12.0,12.0,0.0,0.0,0.0,0.0,1.0,1.0
29,210,1.4700107590903104,8.858344600930955,0.0,0.0,0.0,1.0,1.0,0.0
30,210,2.6627932177509708,5.089596420455703,0.0,1.0,0.0,0.0,0.0,0.0
31,210,2.017676688213466,12.0,1.0,0.0,0.0,0.0,0.0,0.0
32,210,10.360390887383314,10.071041610848978,0.0,0.0,0.0,0.0,1.0,0.0
33,210,3.304217725432784,6.668390493779375,0.0,0.0,0.0,0.0,0.0,0.0
34,210,3.5930593206822508,0.7675372755958773,0.0,1.0,0.0,0.0,0.0,1.0
35,210,3.8303326437403022,6.960737165366799,0.0,0.0,0.0,1.0,0.0,0.0
36,210,6.767800538299192,6.470813352463128,0.0,0.0,0.0,0.0,0.0,1.0
37,210,3.6950243189779735,5.876390219827595,0.0,0.0,0.0,0.0,0.0,0.0
38,210,11.367479966593564,7.035612287854329,1.0,0.0,1.0,0.0,1.0,1.0
39,210,12.0,12.0,0.0,0.0,1.0,1.0,0.0,0.0
0,215,11.094089299171936,0.0,1.0,0.0,0.0,1.0,0.0,1.0
1,215,7.268713934032296,8.796973858887792,1.0,0.0,1.0,0.0,0.0,0.0
2,215,2.787131283787555,9.87175591984122,1.0,1.0,1.0,0.0,1.0,0.0
3,215,0.0369010895693805,1.0895969158884562,0.0,0.0,1.0,0.0,1.0,1.0
4,215,12.0,0.0,0.0,0.0,0.0,1.0,0.0,1.0
5,215,7.83947432584741,0.0,1.0,1.0,0.0,1.0,0.0,1.0
6,215,12.0,12.0,0.0,1.0,1.0,0.0,0.0,0.0
7,215,0.0,9.364820963371992,0.0,1.0,0.0,0.0,1.0,0.0
8,215,7.704625773316256,4.559055188578536,1.0,1.0,0.0,1.0,1.0,1.0
9,215,1.390764377403702,2.920525504833735,1.0,0.0,0.0,0.0,0.0,1.0
10,215,9.397926596766448,12.0,0.0,1.0,0.0,1.0,1.0,0.0
11,215,0.0,2.224239470022144,0.0,0.0,0.0,1.0,0.0,0.0
12,215,9.904452859016072,11.116698540826023,0.0,1.0,1.0,1.0,0.0,0.0
13,215,0.1931857803931435,4.555153159237145,0.0,0.0,0.0,0.0,0.0,0.0
14,215,0.5986652998614017,10.783979399256344,0.0,0.0,0.0,0.0,0.0,1.0
15,215,0.5693063338758241,0.0,0.0,0.0,1.0,0.0,0.0,1.0
16,215,4.87307957561603,4.897932975160315,0.0,1.0,0.0,0.0,1.0,0.0
17,215,11.351957192504758,0.0,0.0,0.0,1.0,1.0,0.0,1.0
18,215,8.384990100155067,9.463139996800912,0.0,0.0,1.0,1.0,0.0,0.0
19,215,10.136483749961933,8.929419084987497,1.0,0.0,1.0,0.0,0.0,0.0
20,215,11.20656461915902,5.3901823057545855,1.0,0.0,0.0,0.0,0.0,1.0
21,215,8.798211753771856,0.6787368143062481,0.0,1.0,0.0,0.0,0.0,1.0
22,215,0.6574281761096592,3.390576016734087,0.0,0.0,0.0,0.0,1.0,1.0
23,215,0.0,0.0,1.0,0.0,0.0,1.0,0.0,0.0
24,215,10.403343516249,0.4555062412733388,1.0,0.0,0.0,1.0,0.0,0.0
25,215,11.467178906146298,11.610427819556948,1.0,1.0,0.0,1.0,0.0,0.0
26,215,11.517496592029396,2.264770839240197,0.0,0.0,1.0,0.0,0.0,1.0
27,215,3.3596635533015493,8.983608370604022,1.0,1.0,1.0,0.0,1.0,1.0
28,215,12.0,12.0,0.0,0.0,0.0,0.0,1.0,1.0
29,215,1.4634352883205746,8.867126343441642,0.0,0.0,0.0,1.0,1.0,0.0
30,215,2.646548944631252,5.087821045116088,0.0,1.0,0.0,0.0,0.0,0.0
31,215,1.988352552585276,12.0,1.0,0.0,0.0,0.0,0.0,0.0
32,215,10.249631613045027,10.134673035295396,0.0,0.0,0.0,0.0,1.0,0.0
33,215,3.0918493764072243,6.574309108203633,0.0,0.0,0.0,0.0,0.0,0.0
34,215,3.589074855071155,0.7585130558186518,0.0,1.0,0.0,0.0,0.0,1.0
35,215,3.776621885932275,6.891847161499229,0.0,0.0,0.0,1.0,0.0,0.0
36,215,6.769343999500876,6.470662880501635,0.0,0.0,0.0,0.0,0.0,1.0
37,215,3.680035680493396,5.907197511349128,0.0,0.0,0.0,0.0,0.0,0.0
38,215,11.353463626803308,7.0389477321675615,1.0,0.0,1.0,0.0,1.0,1.0
39,215,12.0,12.0,0.0,0.0,1.0,1.0,0.0,0.0
0,220,11.353510272239454,0.0,1.0,0.0,0.0,1.0,0.0,1.0
1,220,7.321585053518587,8.861699131284576,1.0,0.0,1.0,0.0,0.0,0.0
2,220,2.7379367819626514,9.84538744325057,1.0,1.0,1.0,0.0,1.0,0.0
3,220,0.0375976303122097,1.0812747292918248,0.0,0.0,1.0,0.0,1.0,1.0
4,220,12.0,0.0,0.0,0.0,0.0,1.0,0.0,1.0
5,220,7.946089765654798,0.0,1.0,1.0,0.0,1.0,0.0,1.0
6,220,12.0,12.0,0.0,1.0,1.0,0.0,0.0,0.0
7,220,0.0218043370451101,9.353442501145723,0.0,1.0,0.0,0.0,1.0,0.0
8,220,7.70240129571177,4.5567953491411926,1.0,1.0,0.0,1.0,1.0,1.0
9,220,1.393745271813454,2.92227413103576,1.0,0.0,0.0,0.0,0.0,1.0
10,220,9.374321780353798,12.0,0.0,1.0,0.0,1.0,1.0,0.0
11,220,0.0,2.235793728517458,0.0,0.0,0.0,1.0,0.0,0.0
12,220,9.86540157330266,11.101811435738789,0.0,1.0,1.0,1.0,0.0,0.0
13,220,0.1077656427953967,4.580176948151845,0.0,0.0,0.0,0.0,0.0,0.0
14,220,0.596068179977262,10.77486407948366,0.0,0.0,0.0,0.0,0.0,1.0
15,220,0.5194635483385752,0.0,0.0,0.0,1.0,0.0,0.0,1.0
16,220,4.854104702264628,4.886664664148122,0.0,1.0,0.0,0.0,1.0,0.0
17,220,11.410226061638689,0.0,0.0,0.0,1.0,1.0,0.0,1.0
18,220,8.374990112633036,9.45443476908313,0.0,0.0,1.0,1.0,0.0,0.0
19,220,10.26577260634822,8.919438445817855,1.0,0.0,1.0,0.0,0.0,0.0
20,220,11.137258450628108,5.457551139800106,1.0,0.0,0.0,0.0,0.0,1.0
21,220,8.787391623296942,0.5749674479319972,0.0,1.0,0.0,0.0,0.0,1.0
22,220,0.682367956079277,3.496554732975639,0.0,0.0,0.0,0.0,1.0,1.0
23,220,0.0,0.0,1.0,0.0,0.0,1.0,0.0,0.0
24,220,10.413568987264137,0.4186034712463977,1.0,0.0,0.0,1.0,0.0,0.0
25,220,11.40639703866431,11.716413047566604,1.0,1.0,0.0,1.0,0.0,0.0
26,220,11.424890006951594,2.3729893511263387,0.0,0.0,1.0,0.0,0.0,1.0
27,220,3.332595908359137,8.984768405095426,1.0,1.0,1.0,0.0,1.0,1.0
28,220,12.0,12.0,0.0,0.0,0.0,0.0,1.0,1.0
29,220,1.4547666725520634,8.878663344400415,0.0,0.0,0.0,1.0,1.0,0.0
30,220,2.64055427882405,5.087254561007285,0.0,1.0,0.0,0.0,0.0,0.0
31,220,1.9644171428946964,12.0,1.0,0.0,0.0,0.0,0.0,0.0
32,220,10.142902381945134,10.19470037413967,0.0,0.0,0.0,0.0,1.0,0.0
33,220,2.87715658016022,6.478579683148651,0.0,0.0,0.0,0.0,0.0,0.0
34,220,3.587117637140293,0.7540089924309453,0.0,1.0,0.0,0.0,0.0,1.0
35,220,3.729127125998257,6.829551979432364,0.0,0.0,0.0,1.0,0.0,0.0
36,220,6.7964373629867465,6.467980637886374,0.0,0.0,0.0,0.0,0.0,1.0
37,220,3.667781823405257,5.933339479912989,0.0,0.0,0.0,0.0,0.0,0.0
38,220,11.352144743421096,7.039268725496823,1.0,0.0,1.0,0.0,1.0,1.0
39,220,12.0,12.0,0.0,0.0,1.0,1.0,0.0,0.0
0,225,11.60936243120548,0.0,1.0,0.0,0.0,1.0,0.0,1.0
1,225,7.386706722081513,8.940712744016816,1.0,0.0,1.0,0.0,0.0,0.0
2,225,2.6787175055847463,9.813672382975165,1.0,1.0,1.0,0.0,1.0,0.0
3,225,0.0391425647685779,1.0628904678902484,0.0,0.0,1.0,0.0,1.0,1.0
4,225,12.0,0.0,0.0,0.0,0.0,1.0,0.0,1.0
5,225,8.067164826990608,0.0,1.0,1.0,0.0,1.0,0.0,1.0
6,225,12.0,12.0,0.0,1.0,1.0,0.0,0.0,0.0
7,225,0.0435651301559869,9.342169254251225,0.0,1.0,0.0,0.0,1.0,0.0
8,225,7.69165619430955,4.545888947853173,1.0,1.0,0.0,1.0,1.0,1.0
9,225,1.3965547542441776,2.92387999408636,1.0,0.0,0.0,0.0,0.0,1.0
10,225,9.35404483388204,12.0,0.0,1.0,0.0,1.0,1.0,0.0
11,225,0.0,2.2499426422954363,0.0,0.0,0.0,1.0,0.0,0.0
12,225,9.807357669067231,11.077774362431573,0.0,1.0,1.0,1.0,0.0,0.0
13,225,0.0247079317746116,4.605315693158675,0.0,0.0,0.0,0.0,0.0,0.0
14,225,0.6003589449366162,10.788588631306338,0.0,0.0,0.0,0.0,0.0,1.0
15,225,0.4626140393459056,0.0,0.0,0.0,1.0,0.0,0.0,1.0
16,225,4.839107493396717,4.877328191838334,0.0,1.0,0.0,0.0,1.0,0.0
17,225,11.28045733562816,0.0,0.0,0.0,1.0,1.0,0.0,1.0
18,225,8.353551789010918,9.43592735681892,0.0,0.0,1.0,1.0,0.0,0.0
19,225,10.4246294797646,8.905221629037925,1.0,0.0,1.0,0.0,0.0,0.0
20,225,11.073362726044657,5.519558291740004,1.0,0.0,0.0,0.0,0.0,1.0
21,225,8.777184387919682,0.483142043069757,0.0,1.0,0.0,0.0,0.0,1.0
22,225,0.7021939674028402,3.5791540739571936,0.0,0.0,0.0,0.0,1.0,1.0
23,225,0.0,0.0,1.0,0.0,0.0,1.0,0.0,0.0
24,225,10.423998692533251,0.37884011179908,1.0,0.0,0.0,1.0,0.0,0.0
25,225,11.3478615553268,11.817758542106631,1.0,1.0,0.0,1.0,0.0,0.0
26,225,11.321290504091364,2.4892903292860344,0.0,0.0,1.0,0.0,0.0,1.0
27,225,3.303836217461425,8.985605044250676,1.0,1.0,1.0,0.0,1.0,1.0
28,225,12.0,12.0,0.0,0.0,0.0,0.0,1.0,1.0
29,225,1.453594672206406,8.880241875032219,0.0,0.0,0.0,1.0,1.0,0.0
30,225,2.649280485683518,5.088168828556071,0.0,1.0,0.0,0.0,0.0,0.0
31,225,1.9403112025802725,12.0,1.0,0.0,0.0,0.0,0.0,0.0
32,225,10.040266292471957,10.254932745549413,0.0,0.0,0.0,0.0,1.0,0.0
33,225,2.6451665148782624,6.370905955254003,0.0,0.0,0.0,0.0,0.0,0.0
34,225,3.585127968415332,0.7493651465842069,0.0,1.0,0.0,0.0,0.0,1.0
35,225,3.772590282219298,6.796163056571721,0.0,0.0,0.0,1.0,0.0,0.0
36,225,6.830674590299629,6.464283700312187,0.0,0.0,0.0,0.0,0.0,1.0
37,225,3.646974971294029,5.978330823239877,0.0,0.0,0.0,0.0,0.0,0.0
38,225,11.34606542992353,7.040795871334043,1.0,0.0,1.0,0.0,1.0,1.0
39,225,12.0,12.0,0.0,0.0,1.0,1.0,0.0,0.0
0,230,11.869090886369555,0.0,1.0,0.0,0.0,1.0,0.0,1.0
1,230,7.457475027438545,9.025086716349122,1.0,0.0,1.0,0.0,0.0,0.0
2,230,2.6160597635399223,9.780225916522143,1.0,1.0,1.0,0.0,1.0,0.0
3,230,0.0420002733909393,1.0286434596903384,0.0,0.0,1.0,0.0,1.0,1.0
4,230,12.0,0.0,0.0,0.0,0.0,1.0,0.0,1.0
5,230,8.191506077119987,0.0,1.0,1.0,0.0,1.0,0.0,1.0
6,230,12.0,12.0,0.0,1.0,1.0,0.0,0.0,0.0
7,230,0.0535965346794913,9.3369110218904,0.0,1.0,0.0,0.0,1.0,0.0
8,230,7.704150385967241,4.558016947227853,1.0,1.0,0.0,1.0,1.0,1.0
9,230,1.4222722978743747,2.938516155632721,1.0,0.0,0.0,0.0,0.0,1.0
10,230,9.336823269187162,12.0,0.0,1.0,0.0,1.0,1.0,0.0
11,230,0.0,2.2683456289075723,0.0,0.0,0.0,1.0,0.0,0.0
12,230,9.740006521496005,11.050997747264532,0.0,1.0,1.0,1.0,0.0,0.0
13,230,0.0,4.629472981729132,0.0,0.0,0.0,0.0,0.0,0.0
14,230,0.6061253574910785,10.80901450217694,0.0,0.0,0.0,0.0,0.0,1.0
15,230,0.3988363685097318,0.0,0.0,0.0,1.0,0.0,0.0,1.0
16,230,4.809579479424858,4.859537532661012,0.0,1.0,0.0,0.0,1.0,0.0
17,230,11.14263316522256,0.0,0.0,0.0,1.0,1.0,0.0,1.0
18,230,8.336624054937392,9.42185828184044,0.0,0.0,1.0,1.0,0.0,0.0
19,230,10.591085676846385,8.890989591900299,1.0,0.0,1.0,0.0,0.0,0.0
20,230,11.024260297937234,5.567350264060538,1.0,0.0,0.0,0.0,0.0,1.0
21,230,8.769868296498164,0.398428062885557,0.0,1.0,0.0,0.0,0.0,1.0
22,230,0.7238709807031102,3.6701687861135968,0.0,0.0,0.0,0.0,1.0,1.0
23,230,0.0,0.0,1.0,0.0,0.0,1.0,0.0,0.0
24,230,10.435789145448082,0.3400533130116786,1.0,0.0,0.0,1.0,0.0,0.0
25,230,11.293407828301516,11.909664021649212,1.0,1.0,0.0,1.0,0.0,0.0
26,230,11.217363222561984,2.6118583190075464,0.0,0.0,1.0,0.0,0.0,1.0
27,230,3.244523448880306,8.986984452225089,1.0,1.0,1.0,0.0,1.0,1.0
28,230,12.0,12.0,0.0,0.0,0.0,0.0,1.0,1.0
29,230,1.4644188455391391,8.865270955710885,0.0,0.0,0.0,1.0,1.0,0.0
30,230,2.6621891758874243,5.089339314737451,0.0,1.0,0.0,0.0,0.0,0.0
31,230,1.922131904889565,12.0,1.0,0.0,0.0,0.0,0.0,0.0
32,230,9.93681062533307,10.316174410053112,0.0,0.0,0.0,0.0,1.0,0.0
33,230,2.36141521838653,6.245355652973155,0.0,0.0,0.0,0.0,0.0,0.0
34,230,3.583882558008783,0.7464587173171496,0.0,1.0,0.0,0.0,0.0,1.0
35,230,3.830528642822485,6.75343623043695,0.0,0.0,0.0,1.0,0.0,0.0
36,230,6.883754177493618,6.459069630565515,0.0,0.0,0.0,0.0,0.0,1.0
37,230,3.696943388163844,6.00191452247588,0.0,0.0,0.0,0.0,0.0,0.0
38,230,11.357698853177917,7.038065509154744,1.0,0.0,1.0,0.0,1.0,1.0
39,230,12.0,12.0,0.0,0.0,1.0,1.0,0.0,0.0
0,235,12.0,0.0,1.0,0.0,0.0,1.0,0.0,1.0
1,235,7.540721281661986,9.1182524523544,1.0,0.0,1.0,0.0,0.0,0.0
2,235,2.5698959536733845,9.754998062786404,1.0,1.0,1.0,0.0,1.0,0.0
3,235,0.0420323256931456,1.0282840051015822,0.0,0.0,1.0,0.0,1.0,1.0
4,235,12.0,0.0,0.0,0.0,0.0,1.0,0.0,1.0
5,235,8.311166417260102,0.0,1.0,1.0,0.0,1.0,0.0,1.0
6,235,12.0,12.0,0.0,1.0,1.0,0.0,0.0,0.0
7,235,0.0525776204572265,9.335090219684488,0.0,1.0,0.0,0.0,1.0,0.0
8,235,7.70458446848738,4.558441232645541,1.0,1.0,0.0,1.0,1.0,1.0
9,235,1.468692663352423,2.964546386762368,1.0,0.0,0.0,0.0,0.0,1.0
10,235,9.321856063308738,12.0,0.0,1.0,0.0,1.0,1.0,0.0
11,235,0.0,2.278529169458981,0.0,0.0,0.0,1.0,0.0,0.0
12,235,9.668368620535036,11.021976236271696,0.0,1.0,1.0,1.0,0.0,0.0
13,235,0.0,4.651149739007966,0.0,0.0,0.0,0.0,0.0,0.0
14,235,0.6106639736002077,10.826031011004758,0.0,0.0,0.0,0.0,0.0,1.0
15,235,0.3283132053751192,0.0,0.0,0.0,1.0,0.0,0.0,1.0
16,235,4.790786979018442,4.848430895583486,0.0,1.0,0.0,0.0,1.0,0.0
17,235,11.00759907064682,0.0,0.0,0.0,1.0,1.0,0.0,1.0
18,235,8.300189965707197,9.39021039492476,0.0,0.0,1.0,1.0,0.0,0.0
19,235,10.770852954605234,8.874078407661354,1.0,0.0,1.0,0.0,0.0,0.0
20,235,10.986863445196567,5.603798766671382,1.0,0.0,0.0,0.0,0.0,1.0
21,235,8.76320407767522,0.3119065745666113,0.0,1.0,0.0,0.0,0.0,1.0
22,235,0.7470288173870827,3.759265992882222,0.0,0.0,0.0,0.0,1.0,1.0
23,235,0.0,0.0,1.0,0.0,0.0,1.0,0.0,0.0
24,235,10.446586775572364,0.3063634587300353,1.0,0.0,0.0,1.0,0.0,0.0
25,235,11.231590772472348,12.0,1.0,1.0,0.0,1.0,0.0,0.0
26,235,11.122518081600312,2.7197338549472314,0.0,0.0,1.0,0.0,0.0,1.0
27,235,3.1908002933682127,8.9876865529303,1.0,1.0,1.0,0.0,1.0,1.0
28,235,12.0,12.0,0.0,0.0,0.0,0.0,1.0,1.0
29,235,1.4863824511830577,8.834972264586288,0.0,0.0,0.0,1.0,1.0,0.0
30,235,2.658465304575191,5.088986907809982,0.0,1.0,0.0,0.0,0.0,0.0
31,235,1.8946219248373688,12.0,1.0,0.0,0.0,0.0,0.0,0.0
32,235,9.836150006855112,10.37574073405404,0.0,0.0,0.0,0.0,1.0,0.0
33,235,2.073224315961764,6.127950374043674,0.0,0.0,0.0,0.0,0.0,0.0
34,235,3.581495991958016,0.7408778127144183,0.0,1.0,0.0,0.0,0.0,1.0
35,235,3.882114455563941,6.716104550523826,0.0,0.0,0.0,1.0,0.0,0.0
36,235,6.947496932756644,6.453028052661501,0.0,0.0,0.0,0.0,0.0,1.0
37,235,3.7697079914421545,6.037059152168419,0.0,0.0,0.0,0.0,0.0,0.0
38,235,11.395139586512904,7.0305561887380685,1.0,0.0,1.0,0.0,1.0,1.0
39,235,12.0,12.0,0.0,0.0,1.0,1.0,0.0,0.0
0,240,12.0,0.0,1.0,0.0,0.0,1.0,0.0,1.0
1,240,7.440122823640032,9.2094326058188,1.0,0.0,1.0,0.0,0.0,0.0
2,240,2.533478890835843,9.73537800093643,1.0,1.0,1.0,0.0,1.0,0.0
3,240,0.0408658868503961,1.042111249616143,0.0,0.0,1.0,0.0,1.0,1.0
4,240,12.0,0.0,0.0,0.0,0.0,1.0,0.0,1.0
5,240,8.433566712766275,0.0,1.0,1.0,0.0,1.0,0.0,1.0
6,240,12.0,12.0,0.0,1.0,1.0,0.0,0.0,0.0
7,240,0.0512921942987768,9.332783481356486,0.0,1.0,0.0,0.0,1.0,0.0
8,240,7.702530976106659,4.556420529777089,1.0,1.0,0.0,1.0,1.0,1.0
9,240,1.499271198314314,2.9816989935941955,1.0,0.0,0.0,0.0,0.0,1.0
10,240,9.308590945513863,12.0,0.0,1.0,0.0,1.0,1.0,0.0
11,240,0.0,2.283788542110553,0.0,0.0,0.0,1.0,0.0,0.0
12,240,9.582327730766252,10.987382116671348,0.0,1.0,1.0,1.0,0.0,0.0
13,240,0.0,4.670499238032169,0.0,0.0,0.0,0.0,0.0,0.0
14,240,0.6185321011687269,10.855034472816053,0.0,0.0,0.0,0.0,0.0,1.0
15,240,0.2608437147442282,0.0,0.0,0.0,1.0,0.0,0.0,1.0
16,240,4.778595708372253,4.841395104992103,0.0,1.0,0.0,0.0,1.0,0.0
17,240,10.868361992367872,0.0,0.0,0.0,1.0,1.0,0.0,1.0
18,240,8.281860957131368,9.3738549850018,0.0,0.0,1.0,1.0,0.0,0.0
19,240,10.946327979580776,8.858622619082624,1.0,0.0,1.0,0.0,0.0,0.0
20,240,10.959112937705644,5.630636729146653,1.0,0.0,0.0,0.0,0.0,1.0
21,240,8.756745282693839,0.2218099078575126,0.0,1.0,0.0,0.0,0.0,1.0
22,240,0.7661949994572999,3.830994059978306,0.0,0.0,0.0,0.0,1.0,1.0
23,240,0.0,0.0,1.0,0.0,0.0,1.0,0.0,0.0
24,240,10.456295050974358,0.2782427427185247,1.0,0.0,0.0,1.0,0.0,0.0
25,240,11.16365444886014,12.0,1.0,1.0,0.0,1.0,0.0,0.0
26,240,11.022658847193137,2.831092081615947,0.0,0.0,1.0,0.0,0.0,1.0
27,240,3.150582045527038,8.987469440389946,1.0,1.0,1.0,0.0,1.0,1.0
28,240,12.0,12.0,0.0,0.0,0.0,0.0,1.0,1.0
29,240,1.5134413367671773,8.797869600424365,0.0,0.0,0.0,1.0,1.0,0.0
30,240,2.644882936642397,5.087105657661662,0.0,1.0,0.0,0.0,0.0,0.0
31,240,1.861536889145423,12.0,1.0,0.0,0.0,0.0,0.0,0.0
32,240,9.754417158744914,10.421446518186157,0.0,0.0,0.0,0.0,1.0,0.0
33,240,1.7977006692023902,6.025649597145401,0.0,0.0,0.0,0.0,0.0,0.0
34,240,3.5835600523924924,0.7455677259727372,0.0,1.0,0.0,0.0,0.0,1.0
35,240,3.9320618752275625,6.677874130929149,0.0,0.0,0.0,1.0,0.0,0.0
36,240,7.015642578348176,6.445549047348671,0.0,0.0,0.0,0.0,0.0,1.0
37,240,3.842761006728973,6.075206969338867,0.0,0.0,0.0,0.0,0.0,0.0
38,240,11.419907011659047,7.02495425008212,1.0,0.0,1.0,0.0,1.0,1.0
39,240,12.0,12.0,0.0,0.0,1.0,1.0,0.0,0.0
0,245,12.0,0.0,1.0,0.0,0.0,1.0,0.0,1.0
1,245,7.331880227879035,9.305368015280184,1.0,0.0,1.0,0.0,0.0,0.0
2,245,2.4889488824200185,9.71327226704768,1.0,1.0,1.0,0.0,1.0,0.0
3,245,0.038907058665171,1.0648769010265484,0.0,0.0,1.0,0.0,1.0,1.0
4,245,12.0,0.0,0.0,0.0,0.0,1.0,0.0,1.0
5,245,8.57316909095725,0.0,1.0,1.0,0.0,1.0,0.0,1.0
6,245,12.0,12.0,0.0,1.0,1.0,0.0,0.0,0.0
7,245,0.0559126282700161,9.340791860220056,0.0,1.0,0.0,0.0,1.0,0.0
8,245,7.670126210756465,4.52382219208004,1.0,1.0,0.0,1.0,1.0,1.0
9,245,1.547666371926415,3.0107137604904377,1.0,0.0,0.0,0.0,0.0,1.0
10,245,9.29302809966341,12.0,0.0,1.0,0.0,1.0,1.0,0.0
11,245,0.0,2.2854926803368225,0.0,0.0,0.0,1.0,0.0,0.0
12,245,9.492733737069958,10.952320120229638,0.0,1.0,1.0,1.0,0.0,0.0
13,245,0.0,4.691393635298208,0.0,0.0,0.0,0.0,0.0,0.0
14,245,0.631579919646018,10.906528698823127,0.0,0.0,0.0,0.0,0.0,1.0
15,245,0.2103129683909102,0.0,0.0,0.0,1.0,0.0,0.0,1.0
16,245,4.774962619111711,4.839311479850996,0.0,1.0,0.0,0.0,1.0,0.0
17,245,10.725449914635398,0.0,0.0,0.0,1.0,1.0,0.0,1.0
18,245,8.261769174552109,9.354994532538104,0.0,0.0,1.0,1.0,0.0,0.0
19,245,11.116330206089092,8.842202533964308,1.0,0.0,1.0,0.0,0.0,0.0
20,245,10.94064732052048,5.648008067191646,1.0,0.0,0.0,0.0,0.0,1.0
21,245,8.748834405238656,0.1455991868273517,0.0,1.0,0.0,0.0,0.0,1.0
22,245,0.7847597212627354,3.906622016432325,0.0,0.0,0.0,0.0,1.0,1.0
23,245,0.0,0.0,1.0,0.0,0.0,1.0,0.0,0.0
24,245,10.462550060271097,0.2605108392690546,1.0,0.0,0.0,1.0,0.0,0.0
25,245,11.099182863068735,12.0,1.0,1.0,0.0,1.0,0.0,0.0
26,245,10.917854432409612,2.946169653223655,0.0,0.0,1.0,0.0,0.0,1.0
27,245,3.0940748588115663,8.987584237559968,1.0,1.0,1.0,0.0,1.0,1.0
28,245,12.0,12.0,0.0,0.0,0.0,0.0,1.0,1.0
29,245,1.537811446492125,8.76356486864769,0.0,0.0,0.0,1.0,1.0,0.0
30,245,2.621583556076991,5.08447213450476,0.0,1.0,0.0,0.0,0.0,0.0
31,245,1.834098431832483,12.0,1.0,0.0,0.0,0.0,0.0,0.0
32,245,9.672640470392176,10.468520737658023,0.0,0.0,0.0,0.0,1.0,0.0
33,245,1.5125343867476728,5.915469118878883,0.0,0.0,0.0,0.0,0.0,0.0
34,245,3.582922784260433,0.7442173667671539,0.0,1.0,0.0,0.0,0.0,1.0
35,245,3.9762546551381246,6.644186834643447,0.0,0.0,0.0,1.0,0.0,0.0
36,245,7.084256759916227,6.436952673190825,0.0,0.0,0.0,0.0,0.0,1.0
37,245,3.901162622511845,6.106481308842633,0.0,0.0,0.0,0.0,0.0,0.0
38,245,11.40723119006389,7.027593434258599,1.0,0.0,1.0,0.0,1.0,1.0
39,245,12.0,12.0,0.0,0.0,1.0,1.0,0.0,0.0
0,250,12.0,0.0,1.0,0.0,0.0,1.0,0.0,1.0
1,250,7.237481854745358,9.389520306223725,1.0,0.0,1.0,0.0,0.0,0.0
2,250,2.4255158369838727,9.67979653189691,1.0,1.0,1.0,0.0,1.0,0.0
3,250,0.0374473081347801,1.0832809190395687,0.0,0.0,1.0,0.0,1.0,1.0
4,250,12.0,0.0,0.0,0.0,0.0,1.0,0.0,1.0
5,250,8.730942529197437,0.0,1.0,1.0,0.0,1.0,0.0,1.0
6,250,12.0,12.0,0.0,1.0,1.0,0.0,0.0,0.0
7,250,0.0598673742344474,9.347999415706044,0.0,1.0,0.0,0.0,1.0,0.0
8,250,7.626291454315663,4.478494215238089,1.0,1.0,0.0,1.0,1.0,1.0
9,250,1.6059360071446698,3.043686169568365,1.0,0.0,0.0,0.0,0.0,1.0
10,250,9.275378438712025,12.0,0.0,1.0,0.0,1.0,1.0,0.0
11,250,0.0,2.289967859270928,0.0,0.0,0.0,1.0,0.0,0.0
12,250,9.39604371535162,10.913690050530434,0.0,1.0,1.0,1.0,0.0,0.0
13,250,0.0,4.709732842096371,0.0,0.0,0.0,0.0,0.0,0.0
14,250,0.6427979241716318,10.950374155443004,0.0,0.0,0.0,0.0,0.0,1.0
15,250,0.1018854144804043,0.0597537831426342,0.0,0.0,1.0,0.0,0.0,1.0
16,250,4.758013825849432,4.830088058316142,0.0,1.0,0.0,0.0,1.0,0.0
17,250,10.599967170868265,0.0,0.0,0.0,1.0,1.0,0.0,1.0
18,250,8.244788350716513,9.33899638409139,0.0,0.0,1.0,1.0,0.0,0.0
19,250,11.291957583151977,8.824303687658075,1.0,0.0,1.0,0.0,0.0,0.0
20,250,10.930948800143543,5.657246242621223,1.0,0.0,0.0,0.0,0.0,1.0
21,250,8.742887377169856,0.0914707951821218,0.0,1.0,0.0,0.0,0.0,1.0
22,250,0.8020217929267658,3.976729418254751,0.0,0.0,0.0,0.0,1.0,1.0
23,250,0.0,0.0,1.0,0.0,0.0,1.0,0.0,0.0
24,250,10.470333910845836,0.2396432670246839,1.0,0.0,0.0,1.0,0.0,0.0
25,250,11.03853639218381,12.0,1.0,1.0,0.0,1.0,0.0,0.0
26,250,10.809409460816749,3.0610315026701773,0.0,0.0,1.0,0.0,0.0,1.0
27,250,3.0194946713106465,8.985827522551771,1.0,1.0,1.0,0.0,1.0,1.0
28,250,12.0,12.0,0.0,0.0,0.0,0.0,1.0,1.0
29,250,1.5578683039740733,8.732673693815073,0.0,0.0,0.0,1.0,1.0,0.0
30,250,2.5994805113218287,5.0819426084084345,0.0,1.0,0.0,0.0,0.0,0.0
31,250,1.8063427302889132,12.0,1.0,0.0,0.0,0.0,0.0,0.0
32,250,9.603740102849509,10.507332854797747,0.0,0.0,0.0,0.0,1.0,0.0
33,250,1.2565763091621298,5.817429162263224,0.0,0.0,0.0,0.0,0.0,0.0
34,250,3.583069529884755,0.7445361289648487,0.0,1.0,0.0,0.0,0.0,1.0
35,250,4.0271015846331135,6.605772268644965,0.0,0.0,0.0,1.0,0.0,0.0
36,250,7.15116491198111,6.427765030964497,0.0,0.0,0.0,0.0,0.0,1.0
37,250,3.959358799003124,6.137785599217648,0.0,0.0,0.0,0.0,0.0,0.0
38,250,11.396757666229654,7.029717765666858,1.0,0.0,1.0,0.0,1.0,1.0
39,250,12.0,12.0,0.0,0.0,1.0,1.0,0.0,0.0
0,255,12.0,0.0,1.0,0.0,0.0,1.0,0.0,1.0
1,255,7.149139573279991,9.471018000672446,1.0,0.0,1.0,0.0,0.0,0.0
2,255,2.361228292832488,9.64904543026116,1.0,1.0,1.0,0.0,1.0,0.0
3,255,0.0370924668473285,1.0872598256634678,0.0,0.0,1.0,0.0,1.0,1.0
4,255,12.0,0.0,0.0,0.0,0.0,1.0,0.0,1.0
5,255,8.897917241047129,0.0,1.0,1.0,0.0,1.0,0.0,1.0
6,255,12.0,12.0,0.0,1.0,1.0,0.0,0.0,0.0
7,255,0.0732041448310458,9.373048027189686,0.0,1.0,0.0,0.0,1.0,0.0
8,255,7.592528634677137,4.442743491275321,1.0,1.0,0.0,1.0,1.0,1.0
9,255,1.6718352533598295,3.080852607636812,1.0,0.0,0.0,0.0,0.0,1.0
10,255,9.253185570440069,12.0,0.0,1.0,0.0,1.0,1.0,0.0
11,255,0.0,2.2992178164574635,0.0,0.0,0.0,1.0,0.0,0.0
12,255,9.29706994098311,10.87453692515212,0.0,1.0,1.0,1.0,0.0,0.0
13,255,0.0,4.729608073163486,0.0,0.0,0.0,0.0,0.0,0.0
14,255,0.6533845974252825,10.992048552695538,0.0,0.0,0.0,0.0,0.0,1.0
15,255,0.0070201496393052,0.1144771927857667,0.0,0.0,1.0,0.0,0.0,1.0
16,255,4.740504000958014,4.820846040898711,0.0,1.0,0.0,0.0,1.0,0.0
17,255,10.469707355971476,0.0,0.0,0.0,1.0,1.0,0.0,1.0
18,255,8.224436194090398,9.320128148149728,0.0,0.0,1.0,1.0,0.0,0.0
19,255,11.45980602113381,8.806432161599984,1.0,0.0,1.0,0.0,0.0,0.0
20,255,10.915205967923487,5.672087215711144,1.0,0.0,0.0,0.0,0.0,1.0
21,255,8.735961053813497,0.035476830979959,0.0,1.0,0.0,0.0,0.0,1.0
22,255,0.8163288176367367,4.040399269356096,0.0,0.0,0.0,0.0,1.0,1.0
23,255,0.0,0.0,1.0,0.0,0.0,1.0,0.0,0.0
24,255,10.475515874973418,0.2259013158587142,1.0,0.0,0.0,1.0,0.0,0.0
25,255,10.975042359492765,12.0,1.0,1.0,0.0,1.0,0.0,0.0
26,255,10.702160565301943,3.1838919766301887,0.0,0.0,1.0,0.0,0.0,1.0
27,255,2.9622597354929305,8.986228058476451,1.0,1.0,1.0,0.0,1.0,1.0
28,255,12.0,12.0,0.0,0.0,0.0,0.0,1.0,1.0
29,255,1.5774985575237457,8.704462447035942,0.0,0.0,0.0,1.0,1.0,0.0
30,255,2.5565729106789896,5.076665587771453,0.0,1.0,0.0,0.0,0.0,0.0
31,255,1.7729572866875778,12.0,1.0,0.0,0.0,0.0,0.0,0.0
32,255,9.52814894110808,10.547818037664582,0.0,0.0,0.0,0.0,1.0,0.0
33,255,0.9861741978881756,5.705894376775813,0.0,0.0,0.0,0.0,0.0,0.0
34,255,3.5832479080324005,0.7449648212999914,0.0,1.0,0.0,0.0,0.0,1.0
35,255,4.07461276346593,6.569449117754164,0.0,0.0,0.0,1.0,0.0,0.0
36,255,7.224304337572203,6.416298516979431,0.0,0.0,0.0,0.0,0.0,1.0
37,255,4.013979471694438,6.167485869459414,0.0,0.0,0.0,0.0,0.0,0.0
38,255,11.394147443679094,7.030309482193655,1.0,0.0,1.0,0.0,1.0,1.0
39,255,12.0,12.0,0.0,0.0,1.0,1.0,0.0,0.0
0,260,12.0,0.0,1.0,0.0,0.0,1.0,0.0,1.0
1,260,7.056062586066608,9.55768789862342,1.0,0.0,1.0,0.0,0.0,0.0
2,260,2.2964166800065064,9.620066784700953,1.0,1.0,1.0,0.0,1.0,0.0
3,260,0.0356878832019058,1.101393029337355,0.0,0.0,1.0,0.0,1.0,1.0
4,260,12.0,0.0,0.0,0.0,0.0,1.0,0.0,1.0
5,260,9.050629268995788,0.0,1.0,1.0,0.0,1.0,0.0,1.0
6,260,12.0,12.0,0.0,1.0,1.0,0.0,0.0,0.0
7,260,0.0788222497880545,9.383592297743334,0.0,1.0,0.0,0.0,1.0,0.0
8,260,7.565927685440958,4.413246506656108,1.0,1.0,0.0,1.0,1.0,1.0
9,260,1.7362888332910424,3.1136797561119733,1.0,0.0,0.0,0.0,0.0,1.0
10,260,9.22918906916351,12.0,0.0,1.0,0.0,1.0,1.0,0.0
11,260,0.0,2.3031108481073823,0.0,0.0,0.0,1.0,0.0,0.0
12,260,9.209162414431823,10.839731870005716,0.0,1.0,1.0,1.0,0.0,0.0
13,260,0.0,4.75199722386179,0.0,0.0,0.0,0.0,0.0,0.0
14,260,0.6642295441730945,11.03862582174118,0.0,0.0,0.0,0.0,0.0,1.0
15,260,0.0,0.1730713811928348,0.0,0.0,1.0,0.0,0.0,1.0
16,260,4.720943374733598,4.810819159391148,0.0,1.0,0.0,0.0,1.0,0.0
17,260,10.33929646456524,0.0,0.0,0.0,1.0,1.0,0.0,1.0
18,260,8.19919795821416,9.296125883267877,0.0,0.0,1.0,1.0,0.0,0.0
19,260,11.631111183830408,8.7913215147827,1.0,0.0,1.0,0.0,0.0,0.0
20,260,10.90035561187686,5.685395196767709,1.0,0.0,0.0,0.0,0.0,1.0
21,260,8.728718680537881,0.0,0.0,1.0,0.0,0.0,0.0,1.0
22,260,0.8359216779126348,4.121568636851552,0.0,0.0,0.0,0.0,1.0,1.0
23,260,0.0,0.0,1.0,0.0,0.0,1.0,0.0,0.0
24,260,10.470695902727064,0.2378776963835515,1.0,0.0,0.0,1.0,0.0,0.0
25,260,10.90880411223772,12.0,1.0,1.0,0.0,1.0,0.0,0.0
26,260,10.596340659383069,3.3069870525787897,0.0,0.0,1.0,0.0,0.0,1.0
27,260,2.9118459146338918,8.986957324866058,1.0,1.0,1.0,0.0,1.0,1.0
28,260,12.0,12.0,0.0,0.0,0.0,0.0,1.0,1.0
29,260,1.5765232483961913,8.705940910690705,0.0,0.0,0.0,1.0,1.0,0.0
30,260,2.5177237408808155,5.072853749194002,0.0,1.0,0.0,0.0,0.0,0.0
31,260,1.7462002759470578,12.0,1.0,0.0,0.0,0.0,0.0,0.0
32,260,9.444256498825188,10.590662375989128,0.0,0.0,0.0,0.0,1.0,0.0
33,260,0.723636965169069,5.595457246555913,0.0,0.0,0.0,0.0,0.0,0.0
34,260,3.587042476911387,0.7539668152865007,0.0,1.0,0.0,0.0,0.0,1.0
35,260,4.126310742052295,6.52898843404082,0.0,0.0,0.0,1.0,0.0,0.0
36,260,7.300158816213025,6.403777777121265,0.0,0.0,0.0,0.0,0.0,1.0
37,260,4.04887272370122,6.187111556664331,0.0,0.0,0.0,0.0,0.0,0.0
38,260,11.40935661227077,7.026681911587711,1.0,0.0,1.0,0.0,1.0,1.0
39,260,12.0,12.0,0.0,0.0,1.0,1.0,0.0,0.0
0,265,12.0,0.0,1.0,0.0,0.0,1.0,0.0,1.0
1,265,6.971074437630661,9.63716704123415,1.0,0.0,1.0,0.0,0.0,0.0
2,265,2.235944979447332,9.59393282902123,1.0,1.0,1.0,0.0,1.0,0.0
3,265,0.0349429467234317,1.1112630196342914,0.0,0.0,1.0,0.0,1.0,1.0
4,265,12.0,0.0,0.0,0.0,0.0,1.0,0.0,1.0
5,265,9.186450476403758,0.0,1.0,1.0,0.0,1.0,0.0,1.0
6,265,12.0,12.0,0.0,1.0,1.0,0.0,0.0,0.0
7,265,0.0892008335816455,9.40345953014571,0.0,1.0,0.0,0.0,1.0,0.0
8,265,7.541775722894629,4.384840499293514,1.0,1.0,0.0,1.0,1.0,1.0
9,265,1.781064663277189,3.1373763905712115,1.0,0.0,0.0,0.0,0.0,1.0
10,265,9.205228971394762,12.0,0.0,1.0,0.0,1.0,1.0,0.0
11,265,0.0,2.3054637309170625,0.0,0.0,0.0,1.0,0.0,0.0
12,265,9.103984351379706,10.79847768443118,0.0,1.0,1.0,1.0,0.0,0.0
13,265,0.0,4.777601668010801,0.0,0.0,0.0,0.0,0.0,0.0
14,265,0.6743352127184328,11.082122735866225,0.0,0.0,0.0,0.0,0.0,1.0
15,265,0.0,0.2329809494925156,0.0,0.0,1.0,0.0,0.0,1.0
16,265,4.706743579769031,4.803886089824907,0.0,1.0,0.0,0.0,1.0,0.0
17,265,10.221026100445528,0.0,0.0,0.0,1.0,1.0,0.0,1.0
18,265,8.174013370343049,9.271299654730036,0.0,0.0,1.0,1.0,0.0,0.0
19,265,11.614923026495658,8.627911427219749,1.0,0.0,1.0,0.0,0.0,0.0
20,265,10.88425192415074,5.6992131092227325,1.0,0.0,0.0,0.0,0.0,1.0
21,265,8.718125185269406,0.0,0.0,1.0,0.0,0.0,0.0,1.0
22,265,0.8513438665853953,4.193750610658221,0.0,0.0,0.0,0.0,1.0,1.0
23,265,0.0,0.0,1.0,0.0,0.0,1.0,0.0,0.0
24,265,10.470941786090677,0.2372549581367007,1.0,0.0,0.0,1.0,0.0,0.0
25,265,10.833358189608427,12.0,1.0,1.0,0.0,1.0,0.0,0.0
26,265,10.49225490118793,3.432294627326125,0.0,0.0,1.0,0.0,0.0,1.0
27,265,2.852323385732092,8.987953075664592,1.0,1.0,1.0,0.0,1.0,1.0
28,265,12.0,12.0,0.0,0.0,0.0,0.0,1.0,1.0
29,265,1.5781746425754917,8.703444337705536,0.0,0.0,0.0,1.0,1.0,0.0
30,265,2.484292623186851,5.069515508503244,0.0,1.0,0.0,0.0,0.0,0.0
31,265,1.7119759788052018,12.0,1.0,0.0,0.0,0.0,0.0,0.0
32,265,9.362334513839524,10.628337977689505,0.0,0.0,0.0,0.0,1.0,0.0
33,265,0.4831429111700194,5.495324150041201,0.0,0.0,0.0,0.0,0.0,0.0
34,265,3.596902931740505,0.7813070063900578,0.0,1.0,0.0,0.0,0.0,1.0
35,265,4.183393283915963,6.482629789639966,0.0,0.0,0.0,1.0,0.0,0.0
36,265,7.3744192931194785,6.392132777292018,0.0,0.0,0.0,0.0,0.0,1.0
37,265,4.070919164499893,6.199299124091809,0.0,0.0,0.0,0.0,0.0,0.0
38,265,11.407032555530488,7.027304297768327,1.0,0.0,1.0,0.0,1.0,1.0
39,265,12.0,12.0,0.0,0.0,1.0,1.0,0.0,0.0
0,270,12.0,0.0,1.0,0.0,0.0,1.0,0.0,1.0
1,270,6.881518025159789,9.721342812215108,1.0,0.0,1.0,0.0,0.0,0.0
2,270,2.153852083523793,9.556427799618962,1.0,1.0,1.0,0.0,1.0,0.0
3,270,0.0321269924411529,1.1392390739329892,0.0,0.0,1.0,0.0,1.0,1.0
4,270,12.0,0.0,0.0,0.0,0.0,1.0,0.0,1.0
5,270,9.329618620880767,0.0,1.0,1.0,0.0,1.0,0.0,1.0
6,270,12.0,12.0,0.0,1.0,1.0,0.0,0.0,0.0
7,270,0.1076330266116211,9.441428628918493,0.0,1.0,0.0,0.0,1.0,0.0
8,270,7.516877266041966,4.355064540048671,1.0,1.0,0.0,1.0,1.0,1.0
9,270,1.835919609468429,3.168263115319322,1.0,0.0,0.0,0.0,0.0,1.0
10,270,9.180175363995096,12.0,0.0,1.0,0.0,1.0,1.0,0.0
11,270,0.0,2.3108911222800264,0.0,0.0,0.0,1.0,0.0,0.0
12,270,9.003477941794191,10.758482328937772,0.0,1.0,1.0,1.0,0.0,0.0
13,270,0.0,4.7988563883438,0.0,0.0,0.0,0.0,0.0,0.0
14,270,0.6815647257004651,11.114025842270149,0.0,0.0,0.0,0.0,0.0,1.0
15,270,0.0,0.2890050298669081,0.0,0.0,1.0,0.0,0.0,1.0
16,270,4.685400967199687,4.793252873524512,0.0,1.0,0.0,0.0,1.0,0.0
17,270,10.099449216792816,0.0,0.0,0.0,1.0,1.0,0.0,1.0
18,270,8.15026025708012,9.247782771158931,0.0,0.0,1.0,1.0,0.0,0.0
19,270,11.601172765956008,8.484846347258909,1.0,0.0,1.0,0.0,0.0,0.0
20,270,10.89410394487383,5.690702962977928,1.0,0.0,0.0,0.0,0.0,1.0
21,270,8.71227270707793,0.0,0.0,1.0,0.0,0.0,0.0,1.0
22,270,0.8639996608396665,4.2507362173314185,0.0,0.0,0.0,0.0,1.0,1.0
23,270,0.0,0.0,1.0,0.0,0.0,1.0,0.0,0.0
24,270,10.4664954666029,0.2487135772963665,1.0,0.0,0.0,1.0,0.0,0.0
25,270,10.751044347403464,12.0,1.0,1.0,0.0,1.0,0.0,0.0
26,270,10.391156519299765,3.5544235885432283,0.0,0.0,1.0,0.0,0.0,1.0
27,270,2.787526777161037,8.987817989717502,1.0,1.0,1.0,0.0,1.0,1.0
28,270,12.0,12.0,0.0,0.0,0.0,0.0,1.0,1.0
29,270,1.5756074988914126,8.707488144504241,0.0,0.0,0.0,1.0,1.0,0.0
30,270,2.445310325036968,5.064837144328029,0.0,1.0,0.0,0.0,0.0,0.0
31,270,1.6833188416359974,12.0,1.0,0.0,0.0,0.0,0.0,0.0
32,270,9.275163718831765,10.669460941064676,0.0,0.0,0.0,0.0,1.0,0.0
33,270,0.2092593761404315,5.382279198603191,0.0,0.0,0.0,0.0,0.0,0.0
34,270,3.6048919712221834,0.8032115367832217,0.0,1.0,0.0,0.0,0.0,1.0
35,270,4.239368565185674,6.437394210756238,0.0,0.0,0.0,1.0,0.0,0.0
36,270,7.436195458659346,6.382392048251179,0.0,0.0,0.0,0.0,0.0,1.0
37,270,4.104161440798007,6.217653737429892,0.0,0.0,0.0,0.0,0.0,0.0
38,270,11.422848684206963,7.023090749088192,1.0,0.0,1.0,0.0,1.0,1.0
39,270,12.0,12.0,0.0,0.0,1.0,1.0,0.0,0.0
0,275,12.0,0.0,1.0,0.0,0.0,1.0,0.0,1.0
1,275,6.798309924709406,9.794354558647989,1.0,0.0,1.0,0.0,0.0,0.0
2,275,2.074383687051488,9.520053593711484,1.0,1.0,1.0,0.0,1.0,0.0
3,275,0.0315097858528604,1.145989522870932,0.0,0.0,1.0,0.0,1.0,1.0
4,275,12.0,0.0,0.0,0.0,0.0,1.0,0.0,1.0
5,275,9.476386644055111,0.0,1.0,1.0,0.0,1.0,0.0,1.0
6,275,12.0,12.0,0.0,1.0,1.0,0.0,0.0,0.0
7,275,0.1326149543644316,9.491722803118044,0.0,1.0,0.0,0.0,1.0,0.0
8,275,7.499495578517281,4.33407866494711,1.0,1.0,0.0,1.0,1.0,1.0
9,275,1.8824641282668728,3.194584115130203,1.0,0.0,0.0,0.0,0.0,1.0
10,275,9.152305334557086,12.0,0.0,1.0,0.0,1.0,1.0,0.0
11,275,0.0,2.315964794753549,0.0,0.0,0.0,1.0,0.0,0.0
12,275,8.976260265944507,10.8292458174558,0.0,1.0,1.0,1.0,0.0,0.0
13,275,0.0,4.821223652809247,0.0,0.0,0.0,0.0,0.0,0.0
14,275,0.681581932162572,11.114099317477908,0.0,0.0,0.0,0.0,0.0,1.0
15,275,0.0,0.335070171835844,0.0,0.0,1.0,0.0,0.0,1.0
16,275,4.673452062758701,4.787074001818693,0.0,1.0,0.0,0.0,1.0,0.0
17,275,9.982550545897675,0.0,0.0,0.0,1.0,1.0,0.0,1.0
18,275,8.111874048674341,9.209808678649631,0.0,0.0,1.0,1.0,0.0,0.0
19,275,11.585183125478178,8.347430879863381,1.0,0.0,1.0,0.0,0.0,0.0
20,275,10.889418026912,5.694854917522555,1.0,0.0,0.0,0.0,0.0,1.0
21,275,8.708030936090909,0.0,0.0,1.0,0.0,0.0,0.0,1.0
22,275,0.8799828642302253,4.320541399871967,0.0,0.0,0.0,0.0,1.0,1.0
23,275,0.0,0.0,1.0,0.0,0.0,1.0,0.0,0.0
24,275,10.456569730555325,0.2718016348729062,1.0,0.0,0.0,1.0,0.0,0.0
25,275,10.661145956133456,12.0,1.0,1.0,0.0,1.0,0.0,0.0
26,275,10.317136065417014,3.649423201440068,0.0,0.0,1.0,0.0,0.0,1.0
27,275,2.7344417915145103,8.988585707914453,1.0,1.0,1.0,0.0,1.0,1.0
28,275,12.0,12.0,0.0,0.0,0.0,0.0,1.0,1.0
29,275,1.5659735861877633,8.72240007421776,0.0,0.0,0.0,1.0,1.0,0.0
30,275,2.4312849583044174,5.062492256773184,0.0,1.0,0.0,0.0,0.0,0.0
31,275,1.6491570080101938,12.0,1.0,0.0,0.0,0.0,0.0,0.0
32,275,9.203686869399217,10.703954450311633,0.0,0.0,0.0,0.0,1.0,0.0
33,275,0.0,5.258805920127908,0.0,0.0,0.0,0.0,0.0,0.0
34,275,3.6002541885187944,0.7906893027685465,0.0,1.0,0.0,0.0,0.0,1.0
35,275,4.302410186414194,6.385637668952387,0.0,0.0,0.0,1.0,0.0,0.0
36,275,7.508708120241712,6.371027973712799,0.0,0.0,0.0,0.0,0.0,1.0
37,275,4.129869303747935,6.231162677355138,0.0,0.0,0.0,0.0,0.0,0.0
38,275,11.442427368288469,7.017840755689275,1.0,0.0,1.0,0.0,1.0,1.0
39,275,12.0,12.0,0.0,0.0,1.0,1.0,0.0,0.0
0,280,12.0,0.0,1.0,0.0,0.0,1.0,0.0,1.0
1,280,6.718303048988317,9.865837067993924,1.0,0.0,1.0,0.0,0.0,0.0
2,280,2.0031603525925075,9.48587344764914,1.0,1.0,1.0,0.0,1.0,0.0
3,280,0.0323024415189048,1.133992310366035,0.0,0.0,1.0,0.0,1.0,1.0
4,280,12.0,0.0,0.0,0.0,0.0,1.0,0.0,1.0
5,280,9.61092973955237,0.0,1.0,1.0,0.0,1.0,0.0,1.0
6,280,12.0,12.0,0.0,1.0,1.0,0.0,0.0,0.0
7,280,0.1562802613353332,9.540692587446491,0.0,1.0,0.0,0.0,1.0,0.0
8,280,7.484044457759464,4.31456356699628,1.0,1.0,0.0,1.0,1.0,1.0
9,280,1.9315777387627036,3.2225787320791377,1.0,0.0,0.0,0.0,0.0,1.0
10,280,9.120847969023956,12.0,0.0,1.0,0.0,1.0,1.0,0.0
11,280,0.0,2.296861409681961,0.0,0.0,0.0,1.0,0.0,0.0
12,280,8.958107032009288,10.879153672377813,0.0,1.0,1.0,1.0,0.0,0.0
13,280,0.0,4.8437467563631,0.0,0.0,0.0,0.0,0.0,0.0
14,280,0.6761085016223354,11.089612989382491,0.0,0.0,0.0,0.0,0.0,1.0
15,280,0.0,0.3802069024832475,0.0,0.0,1.0,0.0,0.0,1.0
16,280,4.656257953613909,4.7787823360423936,0.0,1.0,0.0,0.0,1.0,0.0
17,280,9.875079806845138,0.0,0.0,0.0,1.0,1.0,0.0,1.0
18,280,8.076083170979015,9.175539952762012,0.0,0.0,1.0,1.0,0.0,0.0
19,280,11.56345571398788,8.203680617909106,1.0,0.0,1.0,0.0,0.0,0.0
20,280,10.90911923825188,5.676639536797081,1.0,0.0,0.0,0.0,0.0,1.0
21,280,8.705188344628409,0.0,0.0,1.0,0.0,0.0,0.0,1.0
22,280,0.8999326142687948,4.408731224422288,0.0,0.0,0.0,0.0,1.0,1.0
23,280,0.0,0.0,1.0,0.0,0.0,1.0,0.0,0.0
24,280,10.453878480040402,0.2779753002598599,1.0,0.0,0.0,1.0,0.0,0.0
25,280,10.560794696710657,12.0,1.0,1.0,0.0,1.0,0.0,0.0
26,280,10.245605354466711,3.737712140923122,0.0,0.0,1.0,0.0,0.0,1.0
27,280,2.6529363708932943,8.990097812344152,1.0,1.0,1.0,0.0,1.0,1.0
28,280,12.0,12.0,0.0,0.0,0.0,0.0,1.0,1.0
29,280,1.5579146460427369,8.735149174703524,0.0,0.0,0.0,1.0,1.0,0.0
30,280,2.4187339020592016,5.060447669744782,0.0,1.0,0.0,0.0,0.0,0.0
31,280,1.635683484162519,12.0,1.0,0.0,0.0,0.0,0.0,0.0
32,280,9.120350314565586,10.742760567613308,0.0,0.0,0.0,0.0,1.0,0.0
33,280,0.0,5.147300536779682,0.0,0.0,0.0,0.0,0.0,0.0
34,280,3.6066890626201,0.8062649082584228,0.0,1.0,0.0,0.0,0.0,1.0
35,280,4.381323734576013,6.321186513691847,0.0,0.0,0.0,1.0,0.0,0.0
36,280,7.567516400238547,6.361828935276123,0.0,0.0,0.0,0.0,0.0,1.0
37,280,4.168576747578843,6.252794092789265,0.0,0.0,0.0,0.0,0.0,0.0
38,280,11.461863188617356,7.012428606805381,1.0,0.0,1.0,0.0,1.0,1.0
39,280,12.0,12.0,0.0,0.0,1.0,1.0,0.0,0.0
0,285,12.0,0.0,1.0,0.0,0.0,1.0,0.0,1.0
1,285,6.643963188221122,9.93013534849626,1.0,0.0,1.0,0.0,0.0,0.0
2,285,1.924579089597616,9.449961012401396,1.0,1.0,1.0,0.0,1.0,0.0
3,285,0.0329525118075282,1.1227166837692135,0.0,0.0,1.0,0.0,1.0,1.0
4,285,12.0,0.0,0.0,0.0,0.0,1.0,0.0,1.0
5,285,9.74001222723054,0.0,1.0,1.0,0.0,1.0,0.0,1.0
6,285,12.0,12.0,0.0,1.0,1.0,0.0,0.0,0.0
7,285,0.1721843505549802,9.574261422021788,0.0,1.0,0.0,0.0,1.0,0.0
8,285,7.462617251567567,4.286690030211993,1.0,1.0,0.0,1.0,1.0,1.0
9,285,1.9724696476872257,3.247583768372117,1.0,0.0,0.0,0.0,0.0,1.0
10,285,9.08620428488112,12.0,0.0,1.0,0.0,1.0,1.0,0.0
11,285,0.0,2.273477909715992,0.0,0.0,0.0,1.0,0.0,0.0
12,285,8.948661141720336,10.905605196318673,0.0,1.0,1.0,1.0,0.0,0.0
13,285,0.0,4.869266271872643,0.0,0.0,0.0,0.0,0.0,0.0
14,285,0.6646984403308573,11.040128825996224,0.0,0.0,0.0,0.0,0.0,1.0
15,285,0.0,0.4259434376617577,0.0,0.0,1.0,0.0,0.0,1.0
16,285,4.6530248678709984,4.777168682037131,0.0,1.0,0.0,0.0,1.0,0.0
17,285,9.77391845626402,0.0,0.0,0.0,1.0,1.0,0.0,1.0
18,285,8.031692317849247,9.13166247068145,0.0,0.0,1.0,1.0,0.0,0.0
19,285,11.542888823455826,8.051010835995214,1.0,0.0,1.0,0.0,0.0,0.0
20,285,10.932323800487268,5.655557824239557,1.0,0.0,0.0,0.0,0.0,1.0
21,285,8.703825716686206,0.0,0.0,1.0,0.0,0.0,0.0,1.0
22,285,0.9212356159665468,4.500587518213302,0.0,0.0,0.0,0.0,1.0,1.0
23,285,0.0,0.0,1.0,0.0,0.0,1.0,0.0,0.0
24,285,10.463807723500912,0.2562895412746969,1.0,0.0,0.0,1.0,0.0,0.0
25,285,10.445216636566007,12.0,1.0,1.0,0.0,1.0,0.0,0.0
26,285,10.157251502799806,3.849650923760985,0.0,0.0,1.0,0.0,0.0,1.0
27,285,2.5600290662980587,8.992640004983233,1.0,1.0,1.0,0.0,1.0,1.0
28,285,12.0,12.0,0.0,0.0,0.0,0.0,1.0,1.0
29,285,1.557706619497056,8.735502835653453,0.0,0.0,0.0,1.0,1.0,0.0
30,285,2.4057768249586133,5.058174267647045,0.0,1.0,0.0,0.0,0.0,0.0
31,285,1.6317915444802098,12.0,1.0,0.0,0.0,0.0,0.0,0.0
32,285,9.038555168578055,10.783204338957816,0.0,0.0,0.0,0.0,1.0,0.0
33,285,0.0,5.032925680728901,0.0,0.0,0.0,0.0,0.0,0.0
34,285,3.61551634385176,0.8263265050319876,0.0,1.0,0.0,0.0,0.0,1.0
35,285,4.316318585996627,6.244276179667595,0.0,0.0,0.0,1.0,0.0,0.0
36,285,7.59333085200657,6.357336656237809,0.0,0.0,0.0,0.0,0.0,1.0
37,285,4.20374867519905,6.271440679955887,0.0,0.0,0.0,0.0,0.0,0.0
38,285,11.480022151583755,7.007788726927043,1.0,0.0,1.0,0.0,1.0,1.0
39,285,12.0,12.0,0.0,0.0,1.0,1.0,0.0,0.0
0,290,12.0,0.0,1.0,0.0,0.0,1.0,0.0,1.0
1,290,6.560531609351936,10.001902828121269,1.0,0.0,1.0,0.0,0.0,0.0
2,290,1.832198189617699,9.408742227437692,1.0,1.0,1.0,0.0,1.0,0.0
3,290,0.0326434215693798,1.1289727010390551,0.0,0.0,1.0,0.0,1.0,1.0
4,290,12.0,0.0,0.0,0.0,0.0,1.0,0.0,1.0
5,290,9.86733618194362,0.0,1.0,1.0,0.0,1.0,0.0,1.0
6,290,12.0,12.0,0.0,1.0,1.0,0.0,0.0,0.0
7,290,0.188864344414562,9.607456585178,0.0,1.0,0.0,0.0,1.0,0.0
8,290,7.4374060405333475,4.253279805719818,1.0,1.0,0.0,1.0,1.0,1.0
9,290,2.0107206776671225,3.2698580697568302,1.0,0.0,0.0,0.0,0.0,1.0
10,290,9.043248905177702,12.0,0.0,1.0,0.0,1.0,1.0,0.0
11,290,0.0,2.243773045126952,0.0,0.0,0.0,1.0,0.0,0.0
12,290,8.94043168940183,10.92816387017824,0.0,1.0,1.0,1.0,0.0,0.0
13,290,0.0,4.901465145221291,0.0,0.0,0.0,0.0,0.0,0.0
14,290,0.6557568246105568,10.995538870220424,0.0,0.0,0.0,0.0,0.0,1.0
15,290,0.0,0.4707846244631753,0.0,0.0,1.0,0.0,0.0,1.0
16,290,4.656200285036364,4.778761090174578,0.0,1.0,0.0,0.0,1.0,0.0
17,290,9.67324102448068,0.0,0.0,0.0,1.0,1.0,0.0,1.0
18,290,7.987424420410763,9.088170015388036,0.0,0.0,1.0,1.0,0.0,0.0
19,290,11.51730986835844,7.868641824079656,1.0,0.0,1.0,0.0,0.0,0.0
20,290,10.951125941364957,5.637641684915172,1.0,0.0,0.0,0.0,0.0,1.0
21,290,8.702651230979907,0.0,0.0,1.0,0.0,0.0,0.0,1.0
22,290,0.9420760352389788,4.592124633984996,0.0,0.0,0.0,0.0,1.0,1.0
23,290,0.0,0.0,1.0,0.0,0.0,1.0,0.0,0.0
24,290,10.470090918992115,0.2439720154465461,1.0,0.0,0.0,1.0,0.0,0.0
25,290,10.317918111746474,12.0,1.0,1.0,0.0,1.0,0.0,0.0
26,290,10.06386152352767,3.973222593222493,0.0,0.0,1.0,0.0,0.0,1.0
27,290,2.451509977462222,8.995079987079428,1.0,1.0,1.0,0.0,1.0,1.0
28,290,12.0,12.0,0.0,0.0,0.0,0.0,1.0,1.0
29,290,1.5537456304559754,8.742677851810676,0.0,0.0,0.0,1.0,1.0,0.0
30,290,2.3964686233120727,5.056536467018788,0.0,1.0,0.0,0.0,0.0,0.0
31,290,1.6352994021903688,11.993345353110598,1.0,0.0,0.0,0.0,0.0,0.0
32,290,8.960996485765673,10.821465816142272,0.0,0.0,0.0,0.0,1.0,0.0
33,290,0.0,4.922452704439377,0.0,0.0,0.0,0.0,0.0,0.0
34,290,3.627776514709285,0.855038486203189,0.0,1.0,0.0,0.0,0.0,1.0
35,290,4.255576274632024,6.171456790578745,0.0,0.0,0.0,1.0,0.0,0.0
36,290,7.617969446756623,6.353613367712423,0.0,0.0,0.0,0.0,0.0,1.0
37,290,4.224563935167782,6.282129217915103,0.0,0.0,0.0,0.0,0.0,0.0
38,290,11.53035237107824,6.9959752917365,1.0,0.0,1.0,0.0,1.0,1.0
39,290,12.0,12.0,0.0,0.0,1.0,1.0,0.0,0.0
0,295,12.0,0.0,1.0,0.0,0.0,1.0,0.0,1.0
1,295,6.477421228234079,10.072927662210144,1.0,0.0,1.0,0.0,0.0,0.0
2,295,1.7407038742234735,9.368337198618596,1.0,1.0,1.0,0.0,1.0,0.0
3,295,0.0331877060767958,1.11722430449768,0.0,0.0,1.0,0.0,1.0,1.0
4,295,12.0,0.0,0.0,0.0,0.0,1.0,0.0,1.0
5,295,10.017717539113155,0.0,1.0,1.0,0.0,1.0,0.0,1.0
6,295,12.0,12.0,0.0,1.0,1.0,0.0,0.0,0.0
7,295,0.2003448875168068,9.630181101610605,0.0,1.0,0.0,0.0,1.0,0.0
8,295,7.409339754839267,4.215181318655132,1.0,1.0,0.0,1.0,1.0,1.0
9,295,2.0354801450882354,3.28436361721792,1.0,0.0,0.0,0.0,0.0,1.0
10,295,8.822442292411234,11.953234664821544,0.0,1.0,0.0,1.0,1.0,0.0
11,295,0.0,2.205973234784679,0.0,0.0,0.0,1.0,0.0,0.0
12,295,8.931060369593801,10.954362167135374,0.0,1.0,1.0,1.0,0.0,0.0
13,295,0.0,4.927362195325566,0.0,0.0,0.0,0.0,0.0,0.0
14,295,0.6497847682143518,10.963202489757691,0.0,0.0,0.0,0.0,0.0,1.0
15,295,0.0,0.5128375707828035,0.0,0.0,1.0,0.0,0.0,1.0
16,295,4.657387524496118,4.7793441060982085,0.0,1.0,0.0,0.0,1.0,0.0
17,295,9.587942395100711,0.0,0.0,0.0,1.0,1.0,0.0,1.0
18,295,7.924979044914152,9.022954792776996,0.0,0.0,1.0,1.0,0.0,0.0
19,295,11.490111077211706,7.684994984339675,1.0,0.0,1.0,0.0,0.0,0.0
20,295,10.971620004300917,5.618815948505225,1.0,0.0,0.0,0.0,0.0,1.0
21,295,8.7012006230454,0.0,0.0,1.0,0.0,0.0,0.0,1.0
22,295,0.9606397358735954,4.682406366589189,0.0,0.0,0.0,0.0,1.0,1.0
23,295,0.0,0.0,1.0,0.0,0.0,1.0,0.0,0.0
24,295,10.473877160820807,0.2363915859859023,1.0,0.0,0.0,1.0,0.0,0.0
25,295,10.210580391205037,12.0,1.0,1.0,0.0,1.0,0.0,0.0
26,295,9.963392875877068,4.121550980240886,0.0,0.0,1.0,0.0,0.0,1.0
27,295,2.320567866173131,8.999609691922423,1.0,1.0,1.0,0.0,1.0,1.0
28,295,12.0,12.0,0.0,0.0,0.0,0.0,1.0,1.0
29,295,1.5556141002161097,8.739049018069913,0.0,0.0,0.0,1.0,1.0,0.0
30,295,2.389765697839352,5.055260690528368,0.0,1.0,0.0,0.0,0.0,0.0
31,295,1.6423523707690515,11.9801329018471,1.0,0.0,0.0,0.0,0.0,0.0
32,295,8.887150373319734,10.856222258099768,0.0,0.0,0.0,0.0,1.0,0.0
33,295,0.0,4.817946445350767,0.0,0.0,0.0,0.0,0.0,0.0
34,295,3.641724603022535,0.8867321587135352,0.0,1.0,0.0,0.0,0.0,1.0
35,295,4.220260997099524,6.127259966260091,0.0,0.0,0.0,1.0,0.0,0.0
36,295,7.626076255132687,6.352397936220017,0.0,0.0,0.0,0.0,0.0,1.0
37,295,4.226843660131271,6.283325750610673,0.0,0.0,0.0,0.0,0.0,0.0
38,295,11.574650431410708,6.984857694110225,1.0,0.0,1.0,0.0,1.0,1.0
39,295,12.0,12.0,0.0,0.0,1.0,1.0,0.0,0.0
