id,time,x,y
0,0,11.952424738351594,2.971289567325019
1,0,4.011178710377849,1.050736509101703
2,0,6.037693441130046,8.96373151624022
3,0,7.050651221205873,11.964164001317185
4,0,7.987864893982709,8.056696216581404
5,0,1.967197627958981,10.069539948111613
6,0,6.922566846612067,1.013956536482036
7,0,10.053606493126681,3.03461751731976
8,0,3.0494591528097934,11.019850067478894
9,0,1.0424939457020301,10.926201409809286
10,0,11.00396979483186,0.9619635548069855
11,0,3.0674840352817583,11.973189070201748
12,0,9.022780897692655,1.9528136660188196
13,0,7.0264764598936145,4.9513387015577734
14,0,1.047234986549388,7.976156413450387
15,0,11.043941920800306,11.966515321312485
16,0,10.962878147426586,5.954979891781567
17,0,2.9485285114639987,8.947667895411973
18,0,8.93599496406273,11.029125014610052
19,0,5.030949051241826,3.049387865238869
20,0,12,9.018008237659874
21,0,12,1.0522207171568942
22,0,7.979668690984161,5.952000997059233
23,0,9.975881887555818,6.032746474302587
24,0,11.969963034406916,8.022600074897719
25,0,3.008273072685145,11.05620776222313
26,0,5.9596640331603155,11.945806448319374
27,0,7.058679028860065,7.956134692113532
28,0,4.9917634469620245,1.9583078056400907
29,0,0,9.011866917457828
30,0,1.9504803420834556,2.0609578027973514
31,0,1.9609084276288022,7.964918428939811
32,0,8.029535030982741,5.969561047801844
33,0,4.98349976443035,4.962086884216258
34,0,1.961639989615907,12
35,0,0,0.9493165544833598
36,0,2.992028438310855,2.0465963649740964
37,0,7.988527915477056,11.935824516026052
38,0,9.996894596905907,9.928567963445762
39,0,0,1.9610463868340673
0,5,11.902017896725408,2.939959246573407
1,5,4.028837928563218,1.1305655741619012
2,5,6.082616648741878,8.921853517565824
3,5,7.110035794937113,11.9223325795191
4,5,7.974759875725702,8.117646688553743
5,5,1.9428848261829719,10.119723342320947
6,5,6.866700684633198,1.0240367129857824
7,5,10.105327234518489,3.0658895068255037
8,5,3.109424357112147,11.043910597367468
9,5,1.0881784184994476,10.843487519972221
10,5,11.008167403292676,0.9144726865233815
11,5,3.1429854539972233,11.942412359658746
12,5,9.050190031333676,1.895005498412691
13,5,7.040323492699278,4.926449084767525
14,5,1.1031550044824483,7.949498748638601
15,5,11.085323521995369,11.936489745886462
16,5,10.93319907168917,5.918548383912632
17,5,2.883397037420566,8.881380028521654
18,5,8.87689672320353,11.05515710385611
19,5,5.053877400027046,3.0844931471453596
20,5,12,9.029448518579555
21,5,12,1.1075266899584806
22,5,7.971063888906099,5.93089410255087
23,5,9.960867095421158,6.053661825111294
24,5,11.94274502421972,8.043037668968553
25,5,3.0170694229735533,11.115157266877548
26,5,5.908983997774393,11.872706767575835
27,5,7.089259881004489,7.931821592167475
28,5,4.982620916307219,1.9142512330151227
29,5,0,9.023080881712298
30,5,1.8972894759325747,2.130378220584028
31,5,1.9287218099855286,7.9358912037535045
32,5,8.061165321906063,5.936992990117632
33,5,4.965674372488734,4.920142525806724
34,5,1.9265664855812963,12
35,5,0,0.9164379610162537
36,5,2.981793203068806,2.1072527523914117
37,5,7.975054028209105,11.858186609280162
38,5,9.992708199934505,9.849275310326394
39,5,0,1.9262471417625235
0,10,11.857371639254165,2.9112619242984135
1,10,4.048311992213919,1.2155373636360292
2,10,6.128618678723403,8.877422687426492
3,10,7.1522540390178815,11.893486525222656
4,10,7.964968243237834,8.1679379797007
5,10,1.9160775834294839,10.175556793487157
6,10,6.830712299202774,1.0314180735782132
7,10,10.176114345434481,3.107006065307899
8,10,3.1685173620830502,11.069292329397578
9,10,1.1312346186625952,10.768219041622771
10,10,11.012943046221308,0.8549762371418343
11,10,3.217032039716499,11.911792406108455
12,10,9.085421395475706,1.8179926524824075
13,10,7.0578856267669305,4.8953385676520895
14,10,1.1278582856740376,8.004703874241748
15,10,11.14828617529435,11.89045577665236
16,10,10.89741217399285,5.876032910133852
17,10,2.834153675409596,8.831440532121883
18,10,8.8271938771145,11.076407271838171
19,10,5.070818644959321,3.1103362567059087
20,10,12,9.034777405891488
21,10,12,1.1775077028773113
22,10,7.965294787558775,5.917038866053193
23,10,9.943732614946352,6.077081306424265
24,10,11.92047941331474,8.059314861593206
25,10,3.022226452047976,11.154562066832629
26,10,5.86493452119131,11.8073996415726
27,10,7.11230336851977,7.915166022747319
28,10,4.972578636548865,1.8673293445994632
29,10,0,9.030568893105096
30,10,1.8352574150308945,2.2127359470472205
31,10,1.8882110785684367,7.897494633289553
32,10,8.09946370985717,5.898382690640895
33,10,4.9498067746356575,4.883934475861855
34,10,1.8993919691211398,12
35,10,0,0.8733460792924688
36,10,2.969068675079543,2.182703867690887
37,10,7.962610052589363,11.78625948376636
38,10,9.987076341738005,9.7539401300493
39,10,0,1.885544060083831
0,15,11.812408572973748,2.881860614743913
1,15,4.0690829039089165,1.3026644625467614
2,15,6.176055538266194,8.830983955118931
3,15,7.194222243261645,11.865212262843967
4,15,7.952469113879892,8.235373806645939
5,15,1.8851161508642869,10.23789363823987
6,15,6.805182424248816,1.0359129288707059
7,15,10.238868519677396,3.142796673854428
8,15,3.2176868452791054,11.091189829320706
9,15,1.180104961383149,10.689295858495012
10,15,11.01999202757574,0.7836909805663506
11,15,3.2853519100767135,11.88287888290666
12,15,9.128740467355234,1.7257724196769695
13,15,7.078435742395129,4.857512648117968
14,15,1.1444039848858996,8.041644037204799
15,15,11.207040534455473,11.847435460491708
16,15,10.882475633349463,5.8583567102751015
17,15,2.8050774444407587,8.801557100609463
18,15,8.782400552017345,11.095498854717325
19,15,5.092357327129291,3.141590273312061
20,15,12,9.048070166233819
21,15,12,1.2421982678285641
22,15,7.958204321935329,5.900527230536747
23,15,9.91861546648861,6.108162090238775
24,15,11.902806953745293,8.071794264217205
25,15,3.0275716301105926,11.201250943877577
26,15,5.819314967273789,11.742086865249645
27,15,7.133755108673374,7.899940334301633
28,15,4.961872495989282,1.8126594059486891
29,15,0,9.039285086492175
30,15,1.7748877212930347,2.2955814392347733
31,15,1.8516662125453065,7.861859361252508
32,15,8.13354996787052,5.86472404871108
33,15,4.927125306762658,4.834775267919143
34,15,1.8669051375466676,12
35,15,0,0.8238770463114937
36,15,2.956150166581112,2.2540510811960277
37,15,7.949734257519959,11.714968142608049
38,15,9.98342531040488,9.678568173635874
39,15,0,1.856639579911102
0,20,11.772067809171775,2.8541946638534212
1,20,4.093197922415405,1.398437778309856
2,20,6.223897222339055,8.783454888596612
3,20,7.238742702918597,11.835669370905348
4,20,7.93838208072703,8.313471866359194
5,20,1.854566541290516,10.298218159042174
6,20,6.755064988997674,1.0442424407581068
7,20,10.298101611577753,3.1759089087044736
8,20,3.2674718582215636,11.112907000117362
9,20,1.2360776400434064,10.601050060445349
10,20,11.028233396299425,0.7199264274387761
11,20,3.3635808971200487,11.850954301605537
12,20,9.164868289645991,1.649793718813142
13,20,7.103544331621194,4.814308124648057
14,20,1.155095184245014,8.065499497355558
15,20,11.28372181127604,11.795628132279166
16,20,10.875506263974845,5.850229779248855
17,20,2.7647853382532714,8.761050549669406
18,20,8.755587329763818,11.10684867114251
19,20,5.117767130701039,3.177013707292853
20,20,12,9.060060266720441
21,20,12,1.296321291999897
22,20,7.949664043444362,5.880930946221286
23,20,9.893321524368586,6.139838583037692
24,20,11.874380046470735,8.091694948585227
25,20,3.030663981882648,11.231232694886442
26,20,5.777594142466298,11.677468025956731
27,20,7.151034396164857,7.886952892352419
28,20,4.949177829318471,1.7437747801285803
29,20,0,9.04841587777254
30,20,1.720600657229877,2.371213591673695
31,20,1.8242776240252625,7.834911935581262
32,20,8.170684216576182,5.827998429035047
33,20,4.896028403634463,4.770422405193912
34,20,1.8298660459206217,12
35,20,0,0.7740380106650635
36,20,2.9417135882236867,2.3438654567786195
37,20,7.935944330116706,11.638596685739806
38,20,9.978587221443455,9.592618246211831
39,20,0,1.8300587917782443
0,25,11.717877383266261,2.8176733282787016
1,25,4.117834735110766,1.5059404207882132
2,25,6.287361872505491,8.720292683489676
3,25,7.267063166317489,11.816595698553945
4,25,7.929768521534745,8.368906998042897
5,25,1.834440395099905,10.337746987810617
6,25,6.764418599297673,1.0992855170065932
7,25,10.355677332091032,3.208577521286535
8,25,3.308731389911861,11.130058267233021
9,25,1.281645391822268,10.52422095235849
10,25,11.03743446479016,0.6513020974454646
11,25,3.435817896828797,11.822595266330103
12,25,9.209635571172349,1.545335026264568
13,25,7.1286949988562105,4.771711976254742
14,25,1.1656486397264838,8.088926843336617
15,25,11.377385364950939,11.736033530431323
16,25,10.86946820764441,5.843171236633174
17,25,2.7233228644523777,8.720553509991154
18,25,8.721447199045654,11.121372891039803
19,25,5.141896328890893,3.21060326819364
20,25,12,9.076383038237823
21,25,12,1.3393040799220004
22,25,7.952855328205828,5.888033461596159
23,25,9.872817611321551,6.1656482589109824
24,25,11.845082284091712,8.1116954926068
25,25,3.03449126326298,11.266270636126873
26,25,5.7410315557916,11.621549400711753
27,25,7.12160528453629,7.8471613718004605
28,25,4.936401097002834,1.6730262386690882
29,25,0,9.054964637114642
30,25,1.67017172536441,2.438050725011542
31,25,1.8102763429234645,7.820087216685333
32,25,8.207755754334505,5.789477663418689
33,25,4.855547935657203,4.6911313149311775
34,25,1.7821779366440225,12
35,25,0,0.7123512608550112
36,25,2.925988489359997,2.429792391496328
37,25,7.920646922965017,11.560948270188158
38,25,9.974098930650706,9.494006343075355
39,25,0,1.7889653058155803
0,30,11.649435999304062,2.7718759772144574
1,30,4.143661898699161,1.611346464236042
2,30,6.357136588081261,8.651838072092852
3,30,7.277097988797231,11.809841108234707
4,30,7.924989771788258,8.401425951556165
5,30,1.8072462573638544,10.392708719185881
6,30,6.7722529814359165,1.1516282667429965
7,30,10.416906605109242,3.2445940061531378
8,30,3.34116006077634,11.144614238893462
9,30,1.344538142244345,10.421097540038694
10,30,11.046205574507319,0.5928701557859897
11,30,3.4872328017051735,11.802521640381515
12,30,9.254483603681242,1.4435652368410306
13,30,7.147668823050456,4.740425964571446
14,30,1.1814604961180881,8.124739692804264
15,30,11.459740165357276,11.684694035792404
16,30,10.866142556527967,5.839136469414599
17,30,2.6580153993663136,8.65680078680483
18,30,8.738775454631767,11.162736383025623
19,30,5.172686804012683,3.254085853241924
20,30,11.987064144429915,9.099498621313556
21,30,12,1.3805672895360197
22,30,7.9592558514892655,5.902607462623592
23,30,9.862443309898635,6.157718845562818
24,30,11.820073681636005,8.129085865496146
25,30,3.0364933980039077,11.290244320848272
26,30,5.706163522290999,11.569588686983911
27,30,7.093044772424053,7.808597970239819
28,30,4.923037547255907,1.602478834476041
29,30,0,9.059779789575456
30,30,1.619753355216892,2.50338287055608
31,30,1.7989545871154757,7.808228913011119
32,30,8.228084048727311,5.809257314332404
33,30,4.811549619031555,4.603186397172111
34,30,1.7210984378907221,12
35,30,0,0.6491794249261646
36,30,2.910301035802995,2.523720647796667
37,30,7.900573212887552,11.472227416451345
38,30,9.97133757186721,9.395349425632357
39,30,0,1.747298662175782
0,35,11.585923080281878,2.729060901022417
1,35,4.169378347226063,1.7162567836798814
2,35,6.4303395123127585,8.57875827732779
3,35,7.295493047037423,11.797423174404187
4,35,7.91662808271314,8.450576484124607
5,35,1.7858078001479412,10.436168315908676
6,35,6.778679388163449,1.1994697114104178
7,35,10.492225448565675,3.2861095933205133
8,35,3.353315628221262,11.150427371393437
9,35,1.4097688493500782,10.315068131386617
10,35,11.056462062837827,0.5327577421819176
11,35,3.5147492861225267,11.791849526699053
12,35,9.299398975809396,1.3359378373062083
13,35,7.172336953178699,4.699627441642761
14,35,1.2019950477741201,8.16938980780011
15,35,11.539916525764047,11.63688270994458
16,35,10.860277852161625,5.832314894407468
17,35,2.6074168565803086,8.604685482509629
18,35,8.752595322822424,11.195667796201496
19,35,5.208601804536934,3.3078402955344166
20,35,11.974116222852958,9.121602977468374
21,35,12,1.416229919119906
22,35,7.968724526959939,5.925313364732045
23,35,9.859622836723359,6.155676946618557
24,35,11.795744835267412,8.14577796469318
25,35,3.036361230789998,11.288472112513432
26,35,5.679059883985261,11.527360827288911
27,35,7.057313918000631,7.759376137879284
28,35,4.912887580228198,1.5507882613731152
29,35,0,9.063208427728457
30,35,1.5606967014000148,2.5785772099801982
31,35,1.7921819072930172,7.801010489972731
32,35,8.239886171745418,5.820951499194435
33,35,4.77694404098032,4.535052072171814
34,35,1.6537837660416048,12
35,35,0,0.5921189851990026
36,35,2.89234020903927,2.6188534440386397
37,35,7.882167767184341,11.381087217960864
38,35,9.971222422893135,9.292430541212383
39,35,0,1.6877878296466897
0,40,11.509862389034781,2.6790042587615894
1,40,4.194905630034539,1.8188429424261716
2,40,6.507718612464052,8.50587628766363
3,40,7.311303882741325,11.787642893828044
4,40,7.907813933782342,8.499347167049997
5,40,1.7573956407136522,10.494804880108811
6,40,6.78735807023395,1.2573321367699146
7,40,10.546406770990632,3.3163860452623184
8,40,3.3578938666218563,11.15240682428737
9,40,1.479107873211061,10.207911804741096
10,40,11.062590039586842,0.49996450632928296
11,40,3.5541254743089867,11.775888710782077
12,40,9.355198682970881,1.2194721685599457
13,40,7.19956896868796,4.653951240038479
14,40,1.2261130062009618,8.223330346709176
15,40,11.604415446769469,11.597283797676711
16,40,10.860206364085393,5.832235665913674
17,40,2.560581745568596,8.559792987088453
18,40,8.75366323557243,11.198159158213953
19,40,5.237758710358196,3.350369394342062
20,40,11.959342097772193,9.146769152926696
21,40,12,1.4762189180171272
22,40,7.976458862406019,5.942674021846474
23,40,9.882623778736152,6.172973989859423
24,40,11.73882693629189,8.184858427352147
25,40,3.0350535543896173,11.266770832822765
26,40,5.655028615386437,11.492252392965728
27,40,7.026750684459176,7.71780117752011
28,40,4.903087847445115,1.5028932330659994
29,40,0,9.065168846523713
30,40,1.5092832972604229,2.6452549262092724
31,40,1.78455714985068,7.792966700601612
32,40,8.241896743865992,5.822966797768501
33,40,4.753155668376815,4.486610192642629
34,40,1.6911068535768297,12
35,40,0,0.5438851486485669
36,40,2.8771653884040234,2.702547618952169
37,40,7.864192420777157,11.273314168040647
38,40,9.971457080150854,9.189581565317718
39,40,0,1.620023856407436
0,45,11.429654587309223,2.6292396743129878
1,45,4.218897623967209,1.9108713825523787
2,45,6.5728580003099495,8.441897910004498
3,45,7.353026334591074,11.762123659939686
4,45,7.89858549901531,8.561390621354807
5,45,1.720749078291632,10.568914558783694
6,45,6.79617050771002,1.3193156846524023
7,45,10.606299305899904,3.350943450336347
8,45,3.3583485457931106,11.152603831473947
9,45,1.5401887597387331,10.11113155735995
10,45,11.067325952003804,0.4747176511516035
11,45,3.606870822451033,11.752655877886502
12,45,9.41673866548014,1.0991700922716294
13,45,7.213092896072603,4.630840033324194
14,45,1.2525003697976012,8.279478958216778
15,45,11.680468690020243,11.552489608887278
16,45,10.86101960032085,5.833130730141209
17,45,2.5229435196651337,8.526463828904806
18,45,8.752202119379977,11.194635311792638
19,45,5.266282814841527,3.3933455902195377
20,45,11.936603444767771,9.188366475725783
21,45,12,1.5463039421271594
22,45,7.991183399274805,5.975909337264664
23,45,9.894019986043283,6.1810421820975145
24,45,11.674772090011746,8.2304479013394
25,45,3.0331029805115066,11.240876823021358
26,45,5.645006260148489,11.478089754734853
27,45,6.989184598770013,7.665466427009392
28,45,4.8953786191092545,1.4675421325728157
29,45,0,9.066602325746898
30,45,1.4536589610514263,2.7176291710795426
31,45,1.7813080917955522,7.78958750133981
32,45,8.241565191954994,5.822631354063646
33,45,4.734015192969248,4.446703801090006
34,45,1.741457816553997,12
35,45,0,0.4833943841911722
36,45,2.854888667713252,2.8017197546742767
37,45,7.847191562008915,11.16565094141344
38,45,9.972779575994682,9.076808209391558
39,45,0,1.5585889197709286
0,50,11.351904243459158,2.5819113073269557
1,50,4.238939874397418,1.989380252808329
2,50,6.6612007208716175,8.355623346055575
3,50,7.39428077217609,11.736451660663386
4,50,7.89023392513791,8.61742618829757
5,50,1.6897275341301705,10.628722859323318
6,50,6.806842019878111,1.3916484629525272
7,50,10.661881150103335,3.383979845848743
8,50,3.3463819217237365,11.147469358921466
9,50,1.6058506325309887,10.008153282059638
10,50,11.07301025369532,0.44656181004680917
11,50,3.671916236911231,11.724827293036954
12,50,9.468962463994492,0.9998840361642962
13,50,7.227409936600748,4.605053353288396
14,50,1.2933283196043601,8.365208947233246
15,50,11.769784633001542,11.501027099941863
16,50,10.86833377794571,5.841153807788781
17,50,2.5009361365684795,8.507514320197837
18,50,8.759855999246849,11.213511334322893
19,50,5.281903576302729,3.416877712928982
20,50,11.91658549428634,9.226487868585682
21,50,12,1.6349709681941484
22,50,7.99776047282788,5.991695345412901
23,50,9.937403617587997,6.210711690125083
24,50,11.607805324771089,8.280497569897916
25,50,3.0331608894128865,11.242136736997589
26,50,5.621365778938084,11.445063601053588
27,50,6.966541379536418,7.633079824505147
28,50,4.889766979025771,1.4420725026623387
29,50,0,9.067575057815553
30,50,1.3944643520661586,2.7969246292350145
31,50,1.7941140782305616,7.802607552401882
32,50,8.239382187446733,5.8203176640896865
33,50,4.7153825145449195,4.408440282413475
34,50,1.8715920212659543,11.941231593009155
35,50,0,0.424879902841938
36,50,2.8370581729326343,2.8863903032266176
37,50,7.830414546817323,11.054424672340696
38,50,9.972239367728,8.969728441664724
39,50,0,1.49404285142122
0,55,11.275122454475028,2.528601387593467
1,55,4.266516027551011,2.0796130481810433
2,55,6.7560566854297015,8.265246100354057
3,55,7.428170297254474,11.715783268906392
4,55,7.882902768585066,8.668528404501066
5,55,1.6681094962343503,10.668241560855392
6,55,6.815254206721954,1.4425003372208776
7,55,10.717432517492576,3.416158918620008
8,55,3.3457295129926825,11.14720671215136
9,55,1.6758370847679571,9.902269337680245
10,55,11.077524771991591,0.4239197219280656
11,55,3.7688888801902323,11.679824108239812
12,55,9.52252752516491,0.8966882342233848
13,55,7.240058596081425,4.583730724364806
14,55,1.3199872936646437,8.418983233677356
15,55,11.865344198601909,11.449746773193196
16,55,10.87705153607788,5.850395448699705
17,55,2.48616764173955,8.49545974793172
18,55,8.772182005862275,11.24334496645885
19,55,5.299226439562433,3.442300041712278
20,55,11.89165882516268,9.276994575364128
21,55,12,1.7274046976857367
22,55,7.998147553164942,5.9926064981503355
23,55,9.981812780048022,6.242551055841553
24,55,11.535478553880122,8.336117408774726
25,55,3.0336959695680896,11.252841808265618
26,55,5.615407131732515,11.436681801081427
27,55,6.938237881106319,7.590608588797347
28,55,4.885827343509919,1.4240227199026902
29,55,0.005771686881518336,9.066605311653275
30,55,1.349687676136204,2.860671775648457
31,55,1.8052594617507474,7.8144309987691045
32,55,8.24243949687814,5.823828392634263
33,55,4.691159910161172,4.357864666820977
34,55,1.9890538728755531,11.889066082959879
35,55,0,0.3517093793045936
36,55,2.815426411185376,2.9911049727884254
37,55,7.813678152270834,10.940133839764867
38,55,9.969328268690663,8.86221581900176
39,55,0,1.442622298259516
0,60,11.20526751580262,2.4796563941976357
1,60,4.287834019180608,2.1471770895433133
2,60,6.845331695240799,8.182093034156063
3,60,7.476900573667476,11.685568123742469
4,60,7.877572055630623,8.713322860691235
5,60,1.6506189430504032,10.700284004755902
6,60,6.822646147497451,1.4900805513602127
7,60,10.761308375884429,3.4426661284269615
8,60,3.3380328756558986,11.143926990561159
9,60,1.7384135406020518,9.80497018552225
10,60,11.084682633737675,0.39029393651089933
11,60,3.8681295543476724,11.634001162634608
12,60,9.58120881947961,0.7879604853659311
13,60,7.255049791239692,4.559196613983922
14,60,1.3457570131364227,8.470821475876923
15,60,11.967192724830147,11.394065639927653
16,60,10.887950860134211,5.8617412408968566
17,60,2.4753636824679317,8.486205265481246
18,60,8.789599669077079,11.284033901177148
19,60,5.311890610146181,3.4609065916510575
20,60,11.86363106685154,9.33224959232615
21,60,12,1.8165021588937307
22,60,7.994692016951716,5.98498782186706
23,60,10.029851901947548,6.2782827974720785
24,60,11.457813337301182,8.395210818317715
25,60,3.033561345840729,11.250965342344502
26,60,5.615665778389039,11.437057477673829
27,60,6.9184402516031325,7.561564148599056
28,60,4.88531720218533,1.4210413279231942
29,60,0,9.070101193130075
30,60,1.322703517225858,2.9001781009603675
31,60,1.8128197400014647,7.823030676834148
32,60,8.242931067468596,5.824420687897047
33,60,4.666361020440998,4.306231237435117
34,60,2.122273638276535,11.829583137000222
35,60,0,0.282001464959472
36,60,2.794500944742068,3.0896606557426334
37,60,7.796511248430868,10.830762084780424
38,60,9.967232361475974,8.779264464187015
39,60,0,1.3798170964214802
0,65,11.139336376850999,2.4316133995310123
1,65,4.3067059759557695,2.205863836301965
2,65,6.936476292907821,8.100598381713207
3,65,7.533504427924895,11.652652436913604
4,65,7.869298365031357,8.787006265263477
5,65,1.635617336682024,10.727716567809162
6,65,6.828415939895214,1.5257619570488175
7,65,10.795235440236397,3.4629907899393544
8,65,3.327964843634463,11.139668251154207
9,65,1.798213721088798,9.712546862495886
10,65,11.085972727615667,0.3831469584138499
11,65,3.9931212423033258,11.574918706976629
12,65,9.630187017571792,0.6977028415974893
13,65,7.270404324956312,4.534226646337758
14,65,1.3644959766190732,8.509014082361558
15,65,12,11.346801211199018
16,65,10.889652206108908,5.863445177114711
17,65,2.466603357461866,8.478293857896084
18,65,8.812474216191461,11.33983551427223
19,65,5.323812528363923,3.479177486045832
20,65,11.823543131969398,9.416422004697235
21,65,12,1.9159281245275952
22,65,7.9823305593582115,5.956872131774242
23,65,10.094337925308006,6.3253860646182405
24,65,11.395668961797583,8.443619392300656
25,65,3.0320567158767253,11.231050066151825
26,65,5.632086716167947,11.46142845566983
27,65,6.900243347985234,7.534612535771367
28,65,4.88192970426022,1.3958527995295573
29,65,0,9.072784341905734
30,65,1.301196760322804,2.931912740966964
31,65,1.8109077612564937,7.820864643709179
32,65,8.244771680454985,5.8267231380471625
33,65,4.724082245921457,4.278491928833901
34,65,2.2674953515912484,11.761827321532724
35,65,0,0.1973265584734698
36,65,2.7769309781098475,3.1780659912704166
37,65,7.784506694629978,10.723685967520689
38,65,9.963707524413287,8.693550597429812
39,65,0,1.3258121865998314
0,70,11.09395109723497,2.3961234217092793
1,70,4.335094166954659,2.2991312593515434
2,70,7.024061509206735,8.020759243874576
3,70,7.592928573494827,11.616417154637658
4,70,7.858917568480888,8.89735390010937
5,70,1.6161333535339752,10.764127895747658
6,70,6.83535133618123,1.5641800712634226
7,70,10.841273496358513,3.4921511241201
8,70,3.282325455489431,11.120589640957316
9,70,1.8937619711171532,9.774565207322077
10,70,11.087729931047992,0.37463878000099354
11,70,4.12939024298102,11.508042611707749
12,70,9.67050391355337,0.6251475373668534
13,70,7.27990957834807,4.518786155509782
14,70,1.3825929240262094,8.545682814335315
15,70,12,11.290146096634766
16,70,10.881063259263398,5.854936343880668
17,70,2.441838556104647,8.455861331315049
18,70,8.839142657304908,11.403855357738584
19,70,5.327177036330312,3.4839900401128165
20,70,11.774574838453635,9.519321330579231
21,70,12,2.000829878932836
22,70,7.963099091279194,5.914686430774063
23,70,10.162940663964271,6.377090497192134
24,70,11.32221579841441,8.499760333400625
25,70,3.0290819861071543,11.19513662733361
26,70,5.6578657973846695,11.499922138044598
27,70,6.885609602054971,7.512394958036464
28,70,4.876686746851818,1.3629590583234914
29,70,0,9.072810014928734
30,70,1.2709969932147467,2.976921773113105
31,70,1.8277235871357869,7.838880907819788
32,70,8.253043756140423,5.837086739530714
33,70,4.790983309380722,4.245693389575723
34,70,2.423142269414149,11.68754267707739
35,70,0,0.12477569104397214
36,70,2.753066819464143,3.2893936451375603
37,70,7.7756884776974395,10.631751268979887
38,70,9.960306379268669,8.59950848737253
39,70,0,1.2791227039032174
0,75,11.050330309158284,2.4516423345014196
1,75,4.3630095412599985,2.385909257750037
2,75,7.111508457431154,7.943756977322103
3,75,7.62662815503425,11.596452293222024
4,75,7.844524391745321,9.020868706333843
5,75,1.6110641138908537,10.773625390190775
6,75,6.838434953021325,1.5804419800971068
7,75,10.880365026813053,3.5174365640814087
8,75,3.19840186991943,11.086273714933272
9,75,2.0093020301111637,9.849175967209696
10,75,11.08990100916195,0.3607740145386291
11,75,4.274049928035808,11.438290778747467
12,75,9.71752832612767,0.5386066531350059
13,75,7.287730028822107,4.504588448745482
14,75,1.3994887161316956,8.5809834429611
15,75,12,11.220187801708558
16,75,10.870594952053018,5.844974333368991
17,75,2.4279305086485126,8.443777644560322
18,75,8.860605207257446,11.452395583580907
19,75,5.326856542810702,3.4835471804840537
20,75,11.718791065492438,9.642291347343042
21,75,12,2.086431436837443
22,75,7.950376098552553,5.887585984339377
23,75,10.26051710162271,6.456122257481089
24,75,11.257166971965678,8.551082836662761
25,75,3.026237695618489,11.166445492274603
26,75,5.67165119321483,11.52149448537943
27,75,6.871507966960946,7.490335747537839
28,75,4.870307638761555,1.3183117744941057
29,75,0,9.072978615436234
30,75,1.2328837301901976,3.0339310435246722
31,75,1.8419709349619924,7.854574406605499
32,75,8.248934989761116,5.83189791478321
33,75,4.86548445539806,4.209831150019433
34,75,2.576812231556016,11.61587276326814
35,75,0,0.058539688052235875
36,75,2.7311717910222333,3.3914653139693445
37,75,7.767229107591929,10.523681399772574
38,75,9.958282929040552,8.532592021996107
39,75,0,1.24035591811968
0,80,11.014079883261182,2.497414941488493
1,80,4.3973340762113295,2.492316931906275
2,80,7.22098712326358,7.855800006447063
3,80,7.671925298304395,11.56908321761467
4,80,7.835799914227964,9.119662647612174
5,80,1.5924823740035445,10.80770678074545
6,80,6.841742917471321,1.596567537956842
7,80,10.917718454815416,3.5407273865576676
8,80,3.0864691298568565,11.046655690573717
9,80,2.12319679419084,9.92234579933978
10,80,11.090282284777787,0.3582010606396504
11,80,4.415484450913239,11.36426442499137
12,80,9.76454773925015,0.4537271562610085
13,80,7.3051806587037085,4.47253581408672
14,80,1.4089334989925424,8.60025162876317
15,80,12,11.136342972106192
16,80,10.861767317851172,5.836664921112233
17,80,2.4086260209336054,8.426296257721821
18,80,8.888894137024186,11.514138850531321
19,80,5.332091112171605,3.490759268439848
20,80,11.659632270794056,9.759908950496753
21,80,12,2.2029769836084445
22,80,7.9415192311844915,5.867399911507282
23,80,10.345033613290191,6.527388211726435
24,80,11.215156815362239,8.58220304530972
25,80,3.023048259281378,11.134868026628856
26,80,5.6973538254734795,11.504019871584328
27,80,6.85356302717364,7.462030838031598
28,80,4.864150543466712,1.2807637466379864
29,80,0.01858976240534224,9.071065053964091
30,80,1.1970668720300535,3.0907025077684644
31,80,1.8687607909268067,7.8839692039165845
32,80,8.25163308840205,5.8353077451740205
33,80,4.958466118291463,4.16238219436972
34,80,2.733792034600967,11.539632882199683
35,80,0,0.008249344233507448
36,80,2.7071168976569537,3.5015781648153226
37,80,7.755953466171922,10.406350159783083
38,80,9.956923579261288,8.450383672229393
39,80,0,1.1964357455341563
0,85,10.978725194354778,2.5435769267486115
1,85,4.436012495254395,2.6055327665052546
2,85,7.327944356789861,7.775353027032139
3,85,7.712593165804748,11.54357629901783
4,85,7.82552810236021,9.229794483985172
5,85,1.5879379509591476,10.81681293135759
6,85,6.841929104618961,1.5975190043556202
7,85,10.95492866114805,3.5641641294458246
8,85,2.9612864394409115,11.000255208323493
9,85,2.241120807202154,9.99732186414538
10,85,11.088108672820974,0.3744632504792835
11,85,4.569548017953771,11.28899013533312
12,85,9.819863361616807,0.353503250087707
13,85,7.315771931960973,4.454387744832187
14,85,1.4204044264511524,8.622302807378823
15,85,12,11.052711742021735
16,85,10.855329925678747,5.830658399209081
17,85,2.3883277492536523,8.407353914478962
18,85,8.91243991303103,11.572893327151661
19,85,5.334160398006026,3.4935090394076496
20,85,11.598110609656603,9.873546338969566
21,85,12,2.323647495861445
22,85,7.936421280408613,5.856277264397709
23,85,10.42267332710891,6.595233982494449
24,85,11.16908135910257,8.617625942557126
25,85,3.015280231690035,11.064834709809938
26,85,5.731835089152921,11.48070221732349
27,85,6.8186485002286785,7.483677013014695
28,85,4.861115212341373,1.2592138516640057
29,85,0.03169671517083796,9.069526164766513
30,85,1.155646519485123,3.1553721928294456
31,85,1.8984895590813986,7.915734087452523
32,85,8.266965053460874,5.855528300202084
33,85,5.058878257645818,4.110455213351365
34,85,2.9071952221196695,11.447226488058966
35,85,0,0
36,85,2.6830087005118815,3.604985029769431
37,85,7.7435026081906875,10.275237602308199
38,85,9.956494583037163,8.380213121250426
39,85,0,1.16100819346534
0,90,10.945211754234942,2.5870460402529467
1,90,4.470914651275557,2.7076183796184425
2,90,7.444490763572939,7.686933466381525
3,90,7.7540525015227,11.517890224639668
4,90,7.812858406635248,9.32662403653699
5,90,1.585005073432056,10.823043947914513
6,90,6.83944652562318,1.586748729915073
7,90,10.990355287160401,3.588013535440559
8,90,2.799905112686107,10.938995477359917
9,90,2.3664302323404476,10.075815423803153
10,90,11.083182152691577,0.41170779318659
11,90,4.720663889030851,11.211930654291814
12,90,9.87149651113161,0.2597687548683003
13,90,7.320343514515009,4.4462561846153745
14,90,1.4367198382742852,8.655558665150558
15,90,12,10.976738519768698
16,90,10.842811897697151,5.818923922426925
17,90,2.3585025138444435,8.37825972577587
18,90,8.933917534602688,11.626479740494851
19,90,5.3271661153650305,3.484787946065693
20,90,11.534294207209335,9.997312960855442
21,90,12,2.429207746900833
22,90,7.934245291595701,5.857305306820942
23,90,10.50741280020917,6.672620076168806
24,90,11.123077574741801,8.652405973820128
25,90,3.004718461773339,10.986761461110648
26,90,5.784675256692723,11.442404021883089
27,90,6.76709634484963,7.51379930264645
28,90,4.860074996747463,1.2509484309977232
29,90,0.054683722520320416,9.06587836084932
30,90,1.1053323304819387,3.2387582761804374
31,90,1.9180396624819003,7.936880914325097
32,90,8.281181084296017,5.872942224394422
33,90,5.143700955672146,4.067738486992286
34,90,3.0845695389832946,11.354873720991781
35,90,0,0
36,90,2.659729191286695,3.7062861275319547
37,90,7.729098857971958,10.13784118110389
38,90,9.955282308801966,8.309673047786381
39,90,0,1.1211452513124553
0,95,10.903135869499154,2.6394681543080885
1,95,4.506990603436762,2.800376031104023
2,95,7.561742379126375,7.593571429160574
3,95,7.803601979114435,11.486035902964737
4,95,7.801425302967842,9.423692661290323
5,95,1.5801914132124535,10.83271187533213
6,95,6.839963914923187,1.5888622145885687
7,95,11.061283545396726,3.636344283403496
8,95,2.653238691091145,10.879686668413113
9,95,2.4973904957741406,10.165104385990123
10,95,11.07904873985132,0.4410330538648449
11,95,4.872650572262666,11.133349765839334
12,95,9.91997724910388,0.1629204034810613
13,95,7.3150574265803545,4.456027121580088
14,95,1.4634971752187622,8.705039329744768
15,95,12,10.909973064938717
16,95,10.825100047300088,5.802225581900767
17,95,2.3311124820914664,8.352919685456946
18,95,8.963459191005525,11.69639423239873
19,95,5.3326681944756125,3.491778408756963
20,95,11.466342978626766,10.131050061665347
21,95,12,2.541307591437798
22,95,7.948182880185354,5.851232765502428
23,95,10.42372020886658,6.765174407202237
24,95,11.08634871688438,8.680993357952095
25,95,2.995640548698835,10.920961757384816
26,95,5.837502951389653,11.404376676045262
27,95,6.7177704888136525,7.542821310991705
28,95,4.855874091947819,1.2202634234469667
29,95,0.0818297386471047,9.061416603339184
30,95,1.0452071013959938,3.336677845434954
31,95,1.9486113163673031,7.968336535609197
32,95,8.29903342614489,5.894692531598523
33,95,5.228506107630123,4.02732356978297
34,95,3.2588490575088556,11.264472943865218
35,95,0,0
36,95,2.6400029542944803,3.789047091524519
37,95,7.713202952971333,10.016811970830071
38,95,9.95403173507381,8.259467675542878
39,95,0,1.0826388737204098
0,100,10.866547847107187,2.685206013600734
1,100,4.542453820951498,2.891638952525993
2,100,7.678113454295143,7.499321353726753
3,100,7.831870644544816,11.468170568080573
4,100,7.785307657046074,9.540372498867212
5,100,1.579343784602871,10.834484932508847
6,100,6.844545656236112,1.6069928867473244
7,100,11.135171167959705,3.6851072997166003
8,100,2.5116293567804315,10.826984253525662
9,100,2.6282944296585997,10.250966296585048
10,100,11.072488098049012,0.48788655477523274
11,100,5.018199424235613,11.057155351135583
12,100,9.971087297694199,0.05525592594335453
13,100,7.299868353025637,4.483827140792463
14,100,1.490960326587108,8.753387957512157
15,100,12,10.841610407384355
16,100,10.811567853325727,5.789282352897212
17,100,2.314542919679663,8.337695462663541
18,100,8.993861999295255,11.767429692678661
19,100,5.336374673176704,3.496365802526092
20,100,11.400829004813557,10.260895667505439
21,100,12,2.6583893766114777
22,100,7.959262082187747,5.846886758340096
23,100,10.347772284466535,6.855010292727447
24,100,11.051603798110698,8.708306707247363
25,100,2.9903137068920187,10.87693673716519
26,100,5.9035793289843115,11.357821111371441
27,100,6.6700765114206115,7.570526090170512
28,100,4.850656076805764,1.179600423963697
29,100,0.11416460983976717,9.056377463303269
30,100,0.9785160809430834,3.4496836503345727
31,100,1.9856098261270456,8.00496695296226
32,100,8.31814325624046,5.9185008286249365
33,100,5.317583654428644,3.9870008718311545
34,100,3.4387779095966895,11.170192473160672
35,100,0,0
36,100,2.624919151749562,3.8518091518950586
37,100,7.697866704109569,9.9012967579138
38,100,9.954186807566137,8.193520642262591
39,100,0,1.0568301116754752
0,105,10.825129425278885,2.735963725886747
1,105,4.578810107701154,2.984248573577155
2,105,7.811750330539088,7.396111359489115
3,105,7.8531618582236655,11.454217739631828
4,105,7.774989680711643,9.654836839491256
5,105,1.5760930869083403,10.841190627131335
6,105,6.850157369363337,1.627966160321192
7,105,11.210209134224462,3.734521204927398
8,105,2.378377602235037,10.779889324207836
9,105,2.7609796206643376,10.339723960818752
10,105,11.06687904512427,0.5309144458448634
11,105,5.170484822199666,10.973554895792693
12,105,10.020610962501182,0
13,105,7.276959119935855,4.524540051871835
14,105,1.5162732776314618,8.79668172640412
15,105,12,10.76739634923202
16,105,10.790747801447557,5.769569010396731
17,105,2.3050085261846274,8.32919491764841
18,105,9.02501822463927,11.83876907902228
19,105,5.330235180330854,3.489223072041204
20,105,11.330664155812679,10.399937498610354
21,105,12,2.775196421742971
22,105,7.960240503153325,5.84651027806478
23,105,10.273825735199383,6.944056617282435
24,105,11.025995869592236,8.728612299714124
25,105,2.9867500032309073,10.85254276884626
26,105,5.978213929582077,11.304819073563392
27,105,6.635544331487093,7.590343851733145
28,105,4.845030256410901,1.1329944877496123
29,105,0.16057494734989067,9.047970959415842
30,105,0.9087828919464545,3.5657299308365378
31,105,2.007284421524581,8.027329177688012
32,105,8.349747072493544,5.957458244731333
33,105,5.4097262471391225,3.945066595457003
34,105,3.5913594814439636,11.089347646751746
35,105,0,0
36,105,2.61033596986813,3.909523867406563
37,105,7.682279338861693,9.786898953004107
38,105,9.954759803960458,8.127751877886615
39,105,0,1.0363063555943233
0,110,10.78006455367449,2.792107596683626
1,110,4.621208069368834,3.0963416313972902
2,110,7.9629741827361,7.274613405962199
3,110,7.871293647326234,11.44231985657698
4,110,7.763320600487877,9.787098076883067
5,110,1.5679209986399218,10.85704286475782
6,110,6.8588263974077535,1.6575517449090225
7,110,11.280529607742704,3.7813037427782534
8,110,2.228250202691613,10.72735508769978
9,110,2.9087385032561968,10.443313500037656
10,110,11.06205983309051,0.5741303770138004
11,110,5.336948186489302,10.882741154692223
12,110,10.074375153114152,0
13,110,7.261519341888916,4.552113972415263
14,110,1.5574536310919953,8.869116317869327
15,110,12,10.691145816068204
16,110,10.787274353000534,5.76640730571381
17,110,2.2856110133080496,8.311599436099979
18,110,9.053070347022302,11.900979572088733
19,110,5.318470250059967,3.474636894073185
20,110,11.26695577150616,10.523614988987697
21,110,12,2.8882093368464896
22,110,7.935838158455061,5.856644763304411
23,110,10.1819748669291,7.054102707646265
24,110,10.99338376265874,8.753333837424803
25,110,2.9856350925903596,10.845691601913655
26,110,6.024840239981396,11.274575311640072
27,110,6.58601152587266,7.619779460017086
28,110,4.842376806698409,1.1107069868482777
29,110,0.20127298121292003,9.040148513979174
30,110,0.8358302115360684,3.690935010874679
31,110,2.0234830172741134,8.043007070658927
32,110,8.389267982826617,6.004133223421354
33,110,5.50431633654793,3.9019209506415553
34,110,3.7449245844198,11.011272018111626
35,110,0,0
36,110,2.594750625959988,3.97240029781011
37,110,7.66586406067015,9.675767355726977
38,110,9.954655465598007,8.056982784111698
39,110,0,1.0242403892306022
0,115,10.738308253461897,2.843914134058175
1,115,4.6572297987644475,3.1966706570142622
2,115,8.110790284297853,7.161391803558637
3,115,7.900962400179157,11.422968143918446
4,115,7.745551587493637,9.940031746670064
5,115,1.5538490951336152,10.88545550791038
6,115,6.866484659861154,1.6803922948923198
7,115,11.3239319466686,3.8089706306872366
8,115,2.0703488015034486,10.670660442478475
9,115,3.051255341669192,10.543299548034053
10,115,11.057230944542992,0.6190158655875364
11,115,5.51759412766535,10.779760719366466
12,115,10.132419350347863,0
13,115,7.244001847853881,4.583130374559904
14,115,1.5993876854503324,8.946239351304833
15,115,12,10.621815268263605
16,115,10.783338328432,5.762742570863231
17,115,2.261455294080134,8.28949532960988
18,115,9.078458287843167,11.952891497410935
19,115,5.296428987870772,3.4469277731367907
20,115,11.203414274150676,10.63835050330351
21,115,12,2.9993564615311215
22,115,7.923365170285929,5.862025455303405
23,115,10.080127773343877,7.1725050907049495
24,115,10.961027902939763,8.7770135994165
25,115,2.9841300414938834,10.833423567753691
26,115,6.069052731598723,11.24695252278452
27,115,6.518811330881144,7.657947392335989
28,115,4.838799194184657,1.086379195408582
29,115,0.2373117281491372,9.034094497595913
30,115,0.7719006357966082,3.795680960318555
31,115,2.0190882391380494,8.038581525844553
32,115,8.426950276614578,6.049544354668227
33,115,5.611207640943336,3.8524579146490634
34,115,3.887371867503605,10.942307415398977
35,115,0,0
36,115,2.577736800787947,4.039621547450549
37,115,7.646267633473252,9.547893076952745
38,115,9.9549002799433,7.998710500084325
39,115,0,1.0156775884471145
0,120,10.700632402489974,2.8902739460204194
1,120,4.694981371660354,3.3010123940725418
2,120,8.254389121691625,7.051938038277858
3,120,7.903399932318934,11.421381618766766
4,120,7.7313734253339295,10.08079961599723
5,120,1.5484508296304391,10.895715052635055
6,120,6.871144505158582,1.6952284879662232
7,120,11.384912338130142,3.849524302728903
8,120,1.8889083148926489,10.608781962205233
9,120,3.189352032618374,10.643446356538336
10,120,11.050519121410147,0.6727113428200533
11,120,5.71583001748507,10.671561071681047
12,120,10.191761475023702,0
13,120,7.206883225632112,4.651638485428459
14,120,1.636878838277645,9.009739928990697
15,120,12,10.563776464134685
16,120,10.793059358158231,5.771341777194819
17,120,2.2547593787971243,8.282781762688447
18,120,9.117346502905725,12
19,120,5.288370660100042,3.4373075312696346
20,120,11.136120968209557,10.763747348804628
21,120,12,3.108943096002551
22,120,7.90747658613671,5.86930220410575
23,120,9.97020413860776,7.301965645084933
24,120,10.931947317881425,8.796662612820612
25,120,2.979405698006285,10.79550266113587
26,120,6.099112232332204,11.22815092258018
27,120,6.4622030006830276,7.691189081343016
28,120,4.833615524936646,1.0518530179027235
29,120,0.2630847146860421,9.030060584098615
30,120,0.7136517877683338,3.885802338267726
31,120,2.016685990611369,8.036046353038996
32,120,8.459859851841363,6.088753553938958
33,120,5.7130064614368745,3.8068610676669334
34,120,4.055232437181435,10.864755300098892
35,120,0,0
36,120,2.5604974500748727,4.108486346797279
37,120,7.623031094078636,9.418164497729052
38,120,9.955647001545914,7.938130045261587
39,120,0,1.0122121541214315
0,125,10.656941400164285,2.944607760113839
1,125,4.730296914287981,3.4061133055363086
2,125,8.38020355154846,6.95701410996856
3,125,7.8997097306247515,11.423815631303075
4,125,7.7180978984687165,10.218402111652487
5,125,1.5386244536564615,10.91452129557036
6,125,6.873851878320941,1.7043687484170598
7,125,11.446402476258054,3.8911035412466566
8,125,1.7059138534385525,10.55165309824513
9,125,3.3331030040190246,10.74159717548883
10,125,11.042248848992823,0.7362947781074477
11,125,5.92146184879013,10.560902195768486
12,125,10.244114967639158,0
13,125,7.157908460741255,4.738593706007744
14,125,1.6743433689621046,9.069788767366038
15,125,12,10.509498791873588
16,125,10.791397324982368,5.769956230277251
17,125,2.237406386697544,8.265666989124783
18,125,9.160085902705898,12
19,125,5.275202210605192,3.4210514830229823
20,125,11.06592006431308,10.895292920096251
21,125,12,3.2345204023102885
22,125,7.898265201627812,5.8739308040913585
23,125,9.871199997727135,7.4230841285692915
24,125,10.910615065060064,8.8113304638044
25,125,2.9741490150452123,10.757262793893748
26,125,6.13065831995349,11.207660940095
27,125,6.412460748793551,7.718789384421454
28,125,4.829375686872339,1.0212664110531342
29,125,0.2943107975565239,9.025261092154171
30,125,0.643697737655246,3.9909260660998873
31,125,2.007179702372087,8.02597085674895
32,125,8.500846603367442,6.138844228949339
33,125,5.8039773775038705,3.7677676706088365
34,125,4.225177932403468,10.787041843848623
35,125,0,0
36,125,2.5487170006915902,4.154854819738883
37,125,7.599732538099627,9.297510079883532
38,125,9.955365668384426,7.861084396947392
39,125,0.006686270235466881,1.018277281279061
0,130,10.616751999925796,2.9946709642882405
1,130,4.775888180288009,3.5296861685609446
2,130,8.505001847161626,6.860502732286095
3,130,7.902700940831914,11.421980152316182
4,130,7.705578842544708,10.361969940488944
5,130,1.52793874533854,10.934381186977326
6,130,6.885642272221402,1.744415224374193
7,130,11.495719946399515,3.924488616072317
8,130,1.5211292061726696,10.494343342827005
9,130,3.4783360116521482,10.84208181071471
10,130,11.036126126548467,0.8054860141749681
11,130,6.137519224439871,10.450498873172545
12,130,10.290457593498084,0
13,130,7.104863658087753,4.831885146046497
14,130,1.7165004678015543,9.137615241704419
15,130,12,10.454378081112312
16,130,10.802357500861419,5.779188553888557
17,130,2.230652960914674,8.258921077878522
18,130,9.199098586672271,12
19,130,5.265430313347634,3.409366786826322
20,130,10.991394324659689,11.033725655923863
21,130,12,3.3658720327568075
22,130,7.891585412916007,5.877367577268821
23,130,9.778504120278013,7.541907802287428
24,130,10.903604041284254,8.816169273468189
25,130,2.967554952113448,10.704762658303702
26,130,6.17334070975173,11.178205190873136
27,130,6.339137662358758,7.758354588966167
28,130,4.828274305990006,1.0123921623613132
29,130,0.304023485707752,9.023715373330933
30,130,0.5837855011555141,4.07922028372904
31,130,1.998072186185762,8.016220784235198
32,130,8.537761677871238,6.182132595670413
33,130,5.895914551557377,3.726249600543668
34,130,4.403548312085779,10.70569337135845
35,130,0,0
36,130,2.543171654499368,4.175267039845262
37,130,7.57371367011632,9.168316118373411
38,130,9.955068925752148,7.792017952966105
39,130,0.015504533087232035,1.026330860902515
0,135,10.573201207761258,3.0498309617431447
1,135,4.823676460449619,3.6549924020408135
2,135,8.61616368853043,6.777468082744279
3,135,7.916909106608614,11.413329862359355
4,135,7.6911197072365995,10.511617655758412
5,135,1.5121394807809283,10.962930665544558
6,135,6.896842645715892,1.7843292633984758
7,135,11.541843780639372,3.955221405546307
8,135,1.3288238046999248,10.432507407345744
9,135,3.6377955331299114,10.951256141085064
10,135,11.032005170660847,0.8619976066493239
11,135,6.344245372795537,10.344657852040388
12,135,10.338358908661803,0
13,135,7.053542955782946,4.925992046940135
14,135,1.7624872617736203,9.209964292606827
15,135,12,10.390389966500848
16,135,10.823346526999606,5.796449864987107
17,135,2.2324069640203916,8.260686585503352
18,135,9.234265783838918,12
19,135,5.244922636269093,3.3841749891963833
20,135,10.932367684246437,11.151098486327488
21,135,12,3.509376033865064
22,135,7.867389571232589,5.8893630893673805
23,135,9.688509476017963,7.657126501729541
24,135,10.895652772130482,8.821631937571082
25,135,2.9595784771715494,10.641832801346897
26,135,6.223188329837946,11.142474199755616
27,135,6.302745544644473,7.688376777347642
28,135,4.826223225339006,0.9978885335854752
29,135,0.3007521703649153,9.024330182227976
30,135,0.5124677365267643,4.18495394467317
31,135,1.9932665175782516,8.011258660379992
32,135,8.582686344888545,6.231369535939992
33,135,5.993852160142489,3.683489942947543
34,135,4.59312587830861,10.620185810540326
35,135,0,0
36,135,2.5308020868364864,4.2221065563646665
37,135,7.548296796809117,9.053892713613127
38,135,9.954374959270858,7.712476988483965
39,135,0.026003656775880638,1.0356618477550321
0,140,10.523307484099439,3.1108577344536763
1,140,4.869899803242304,3.7742664270930653
2,140,8.721909674916478,6.70039908847241
3,140,7.953696039080655,11.391520399023603
4,140,7.678656028426325,10.64701742085872
5,140,1.4993506504710128,10.98676940392728
6,140,6.906344767824024,1.8170163621906201
7,140,11.582856720862091,3.983879032097129
8,140,1.3908028687558318,10.254851606302264
9,140,3.8086361283150105,11.060463824116226
10,140,11.030269599663985,0.8863797590841631
11,140,6.544438641501993,10.238760714092699
12,140,10.39198521769365,0
13,140,7.004160595268463,5.01398533646767
14,140,1.8092851036207396,9.28779053718022
15,140,12,10.328632279299843
16,140,10.83730072142922,5.808124411406987
17,140,2.2215839169420737,8.250324617238705
18,140,9.266743803065797,12
19,140,5.219765319086911,3.3537442925521836
20,140,10.877055587825419,11.259879380293055
21,140,12,3.6764485968753897
22,140,7.84570385661986,5.89937858360533
23,140,9.593949398232173,7.772577231225797
24,140,10.882411400983196,8.830803197807052
25,140,2.951150720518682,10.561327451294412
26,140,6.276148850377201,11.103390724061839
27,140,6.267446524076792,7.620285499139381
28,140,4.825511207920365,0.9906310207027912
29,140,0.28537410109757266,9.027029750508405
30,140,0.4361903566972706,4.3008536894828815
31,140,1.977137570255237,7.9947244787430956
32,140,8.638462742209436,6.290660216143905
33,140,6.1037419867562015,3.6341285232232097
34,140,4.787949820937052,10.531337329951361
35,140,0,0
36,140,2.5211035700718076,4.265516928747432
37,140,7.522125848650333,8.946676059432619
38,140,9.95186101482416,7.634093217965384
39,140,0.026600443884222627,1.0361737298667903
0,145,10.47238688353017,3.169684405403936
1,145,4.915667383639913,3.8802404886192257
2,145,8.816089819297016,6.6294507653033286
3,145,7.985992882407919,11.372583780945325
4,145,7.664924435840108,10.772709248421892
5,145,1.4822783245368694,11.018278434272677
6,145,6.914817412117204,1.8467691884061275
7,145,11.626989897467686,4.014112055312521
8,145,1.447990108494778,10.092294471363317
9,145,3.96405338226544,11.166743250986249
10,145,11.030544556867381,0.883239182719494
11,145,6.731341563601857,10.136408731062371
12,145,10.442734768490538,0
13,145,6.968455927753603,5.0861624981092985
14,145,1.8510142924009563,9.359035567077987
15,145,12,10.261556638545816
16,145,10.844509308975672,5.814210529348627
17,145,2.2016479369439046,8.23107583567123
18,145,9.3122207175321,12
19,145,5.179194305813584,3.3066410472925907
20,145,10.818647128698744,11.369485971562916
21,145,12,3.82050795305773
22,145,7.80492898598175,5.918228925065284
23,145,9.497141628789,7.891891062737589
24,145,10.883713575179927,8.829866475814176
25,145,2.9441547899297653,10.471403903283745
26,145,6.354948909102746,11.042668402728902
27,145,6.232567482729288,7.548039240202852
28,145,4.8260367174599565,0.9961328641656143
29,145,0.27672959543948356,9.02861720249746
30,145,0.3707693789048363,4.396995815243106
31,145,1.9670198942442467,7.984850325166674
32,145,8.68200551546329,6.3373671882539435
33,145,6.203264939974866,3.5875924356271853
34,145,4.9743194918791405,10.449091824794833
35,145,0,0
36,145,2.509371149628733,4.3210964275564425
37,145,7.497389776354747,8.836398875391458
38,145,9.950704950304727,7.5681180371411845
39,145,0.019314830458111963,1.0298074355690219
0,150,10.414520907051,3.2358342111464475
1,150,4.958516295666451,3.978637143427262
2,150,8.912056332288566,6.557221266294174
3,150,8.028949758400884,11.346998044059328
4,150,7.654516711574915,10.866443974114464
5,150,1.4826458121638593,11.01764738191418
6,150,6.918198240463128,1.859315017675456
7,150,11.677336984759776,4.046244360925232
8,150,1.5085575999691239,9.920734986113754
9,150,4.115300384246297,11.261227150206283
10,150,11.030870682286919,0.8795933392775466
11,150,6.910407755432947,10.03905359309538
12,150,10.498148460191391,0
13,150,6.942141639896115,5.136967038220207
14,150,1.8924019272306667,9.432487518834678
15,150,12,10.199442655909948
16,150,10.84799074783243,5.817260068300191
17,150,2.1750692649890797,8.205426251392241
18,150,9.366191234374293,12
19,150,5.130367821303878,3.25201893148686
20,150,10.7567885986576,11.49287165985631
21,150,12,3.965687089823246
22,150,7.759987644247775,5.937639056836177
23,150,9.408018418656614,7.99789981528052
24,150,10.881040926745245,8.83179035467209
25,150,2.9386704055829846,10.384223576959577
26,150,6.421426169683352,10.99199502266267
27,150,6.206231354061139,7.495924939850766
28,150,4.827109313811788,1.0087858767779703
29,150,0.26757955276976314,9.030118747182728
30,150,0.3088460642629135,4.490881222750329
31,150,1.9657824205821812,7.983671870840748
32,150,8.733816669034141,6.391592563360467
33,150,6.299923648590976,3.5457094003780205
34,150,5.17451545347005,10.364043721749642
35,150,0,0
36,150,2.4980354114288135,4.3707149606587
37,150,7.471596120991928,8.721882328270068
38,150,9.948757977129283,7.50611892373483
39,150,0.016821453233529394,1.0275311350277245
0,155,10.356173675938791,3.299450296227306
1,155,4.99595956359615,4.0685993075691105
2,155,9.03341598003173,6.46624323440387
3,155,8.090454703184744,11.31133032563884
4,155,7.6459455042199975,10.939732187387898
5,155,1.4884093257646958,11.007211420982742
6,155,6.921964415994337,1.8722205333140587
7,155,11.723969660356412,4.076336850809945
8,155,1.5713205345564536,9.73973137176628
9,155,4.276112139095063,11.365335922511706
10,155,11.030109649232925,0.8905481406820583
11,155,7.082928920180586,9.937006265963918
12,155,10.554392783242672,0
13,155,6.918376285288495,5.182354731392432
14,155,1.9297106042612016,9.49942877057596
15,155,12,10.140961012314335
16,155,10.841885559325101,5.812045143766638
17,155,2.1600289034778846,8.190501383089257
18,155,9.412519080138395,12
19,155,5.0732221808411575,3.1873832887223115
20,155,10.692990338347402,11.616044102433454
21,155,12,4.116693209898038
22,155,7.6784826427594846,5.975009997871427
23,155,9.329267284346516,8.098779015877884
24,155,10.882326724193726,8.830883998434011
25,155,2.839589314558141,10.387093904384278
26,155,6.3649656400244,10.919185121636716
27,155,6.1770590318003045,7.43411972056954
28,155,4.827786851841049,1.0172577620129952
29,155,0.24242415409436652,9.034319536688503
30,155,0.24308756999954784,4.589943320596769
31,155,1.9768003715078044,7.993918987355631
32,155,8.774392382960537,6.434108032871037
33,155,6.405682056629072,3.4979470354039823
34,155,5.361721016615383,10.281408831282041
35,155,0,0
36,155,2.486478831288886,4.429302764432976
37,155,7.441858165244195,8.600648321843385
38,155,9.946451181602601,7.445875559049576
39,155,0.012921816198639639,1.0237255164511632
0,160,10.289726840469575,3.374430500777206
1,160,5.035275905051134,4.1582525874387715
2,160,9.16068424974837,6.3713813594651985
3,160,8.161389115486047,11.271520534436313
4,160,7.637641383232538,11.025627643491898
5,160,1.4821585627121516,11.018104824779043
6,160,6.923696189976671,1.878010493136847
7,160,11.764393399956436,4.101947413694878
8,160,1.6382331358882551,9.555282192760535
9,160,4.43169509128834,11.46513152443397
10,160,11.028062940369166,0.9196358042413425
11,160,7.256099476715409,9.837628178649654
12,160,10.610315031234265,0
13,160,6.904118931876322,5.209905913572798
14,160,1.9731439097755004,9.57271906920008
15,160,12,10.07583428204011
16,160,10.84532164370827,5.815041263749076
17,160,2.1461401170084504,8.176921637248002
18,160,9.455825615223603,12
19,160,5.019871549486171,3.127383236250107
20,160,10.574919090370518,11.553926358431374
21,160,12,4.266530429192599
22,160,7.607627613857952,6.0089526849419075
23,160,9.24511433434416,8.20418717727429
24,160,10.888960886474447,8.82603859071745
25,160,2.7544509199283334,10.389288874044043
26,160,6.3238710881100735,10.867276329189952
27,160,6.147251057282043,7.371724707342766
28,160,4.826571645683638,0.9998259602457775
29,160,0.22246621951813478,9.037922743507922
30,160,0.16845090139978722,4.6938589089999425
31,160,1.9817805671996227,7.998426120023225
32,160,8.815417022717504,6.4766783486085115
33,160,6.519132483968787,3.449127468792019
34,160,5.556072971243566,10.195365434341648
35,160,0,0
36,160,2.4757476836806767,4.480708360761908
37,160,7.4099728729064465,8.470492952006747
38,160,9.943501074651753,7.3733693434854
39,160,0.017077086436043918,1.0277040663652628
0,165,10.215481015590916,3.455431086288721
1,165,5.066812905435704,4.236946882856608
2,165,9.291582082987443,6.276327708593435
3,165,8.240729065870758,11.226853337429349
4,165,7.629122711871499,11.106732097369338
5,165,1.4819143130374102,11.018550066708238
6,165,6.924339082520429,1.8801962439549236
7,165,11.81503629359628,4.130995887546454
8,165,1.6986844206961689,9.386997223667947
9,165,4.570701170743183,11.548768188440501
10,165,11.025674878971621,0.9396651315116017
11,165,7.437056237108829,9.735690482219965
12,165,10.67425775061067,0
13,165,6.874342271507137,5.264542010790371
14,165,2.017191345585823,9.646611575076308
15,165,12,10.006033622464535
16,165,10.863675592328507,5.83084486831991
17,165,2.133137405540212,8.164055041029297
18,165,9.503401712621924,12
19,165,4.975802716049829,3.076344497934904
20,165,10.44079915245375,11.479003571346297
21,165,12,4.424172273161085
22,165,7.560962064165346,6.031800030111099
23,165,9.166650232275718,8.30335226536742
24,165,10.905567001948393,8.813884121857285
25,165,2.674205330568085,10.391470200298317
26,165,6.266859615652581,10.796208798306987
27,165,6.12200387870094,7.317907638311537
28,165,4.825401687636914,0.9831837001043555
29,165,0.20819930397193184,9.04029167171658
30,165,0.09093573395658315,4.7954242854520785
31,165,1.9788203373594129,7.995747035385864
32,165,8.86682919434663,6.5309637834407885
33,165,6.623700247823951,3.408299940180454
34,165,5.778516425668652,10.092169679461959
35,165,0,0
36,165,2.433961963214413,4.471308461549414
37,165,7.379100824742411,8.327175382173168
38,165,9.939562377645386,7.2685983664809415
39,165,0.0033860567813321883,1.0147758975950458
0,170,10.152498041891665,3.5238990601404843
1,170,5.0950569254204945,4.307873347134916
2,170,9.415665784211086,6.181494009602854
3,170,8.320702242745892,11.185115862288413
4,170,7.617724223712907,11.188504705374768
5,170,1.4732573310402695,11.034706656800347
6,170,6.917055806302439,1.8547940541004264
7,170,11.870095556290075,4.163179330343701
8,170,1.760049894632606,9.21653008269215
9,170,4.712898769886055,11.630322810482323
10,170,11.025668006269493,0.9397268751214422
11,170,7.6346494746075,9.632732757678202
12,170,10.740791072814847,0
13,170,6.84148747760981,5.327076401853782
14,170,2.05032752104742,9.700327628193467
15,170,12,9.936655593808487
16,170,10.878810956630053,5.844390998270663
17,170,2.119972196592629,8.150812573027185
18,170,9.55260991829675,12
19,170,4.930615023882728,3.022193403349903
20,170,10.302490805710368,11.396320101570579
21,170,12,4.581616280566279
22,170,7.525801875889582,6.048741337909915
23,170,9.085598751666252,8.403511450035117
24,170,10.916440603080517,8.805878062788281
25,170,2.671526442343847,10.336168304129204
26,170,6.213802387492087,10.733595058122216
27,170,6.099107740591839,7.266487078885759
28,170,4.823999741282129,0.9552500974613888
29,170,0.1762351015803227,9.045465216743183
30,170,0.019807054476596017,4.886570856488461
31,170,1.9709144048804346,7.988968159332061
32,170,8.91616675864705,6.583971545509994
33,170,6.733813041607716,3.3653096319025693
34,170,6.002345711563498,9.99276458119433
35,170,0,0
36,170,2.3986757469739106,4.464012663306735
37,170,7.354048475421436,8.21370912417152
38,170,9.935789265583082,7.165841875757953
39,170,0,1.002272818388568
0,175,10.102907170560997,3.5780040185797852
1,175,5.118756018769816,4.364263073112398
2,175,9.55922735069057,6.0785584770971175
3,175,8.404543555313504,11.140159950117411
4,175,7.603966678053523,11.27529330902745
5,175,1.4563500156697546,11.067467233294272
6,175,6.908163719104187,1.8243842244038315
7,175,11.933125761708741,4.198510883519838
8,175,1.587322967934082,9.15980370177506
9,175,4.855107858723916,11.712009359502122
10,175,11.028880764465617,0.9077993204179965
11,175,7.823178957367194,9.53924844725466
12,175,10.80847979538312,0
13,175,6.808509999163187,5.393735007027767
14,175,2.072181244645452,9.734596360130274
15,175,12,9.8702151925461
16,175,10.889188754155478,5.853780129501894
17,175,2.096937929393135,8.125672324501739
18,175,9.59144349215284,12
19,175,4.887700740307568,2.973293675180109
20,175,10.153349710273712,11.298678009497836
21,175,12,4.736533693506528
22,175,7.487756593280976,6.067028839673944
23,175,8.998070722047801,8.508438449051038
24,175,10.915766152004638,8.806363588136046
25,175,2.669850758440143,10.29488423186574
26,175,6.1776375826939764,10.692213612084092
27,175,6.067085749999258,7.197055598207187
28,175,4.82378103750442,0.9439642607508912
29,175,0.13153954246734503,9.054093547899237
30,175,0,4.9669691265616205
31,175,1.963027507247362,7.982156719430441
32,175,8.967788782812926,6.638302205896792
33,175,6.837096063673475,3.325803411852323
34,175,6.215739415287552,9.8964489036682
35,175,0,0
36,175,2.3800396200217118,4.460347673361403
37,175,7.327225272192113,8.08991286106908
38,175,9.93282751577399,7.072127097345738
39,175,0.0026529158558898504,1.0045933314760727
0,180,10.06531044197898,3.618727441918219
1,180,5.1369871162616985,4.407022701927502
2,180,9.697691108811629,5.977501560405138
3,180,8.491380218782691,11.0937721861163
4,180,7.587582346386336,11.38896935793175
5,180,1.4396084800168987,11.097437292309824
6,180,6.901315208928596,1.8022368052738995
7,180,11.99527528710715,4.234669244714775
8,180,1.4157138008117303,9.10035102315546
9,180,5.020358634123175,11.804678791775101
10,180,11.03219213216617,0.8814328803069851
11,180,7.99741554084697,9.449337542616208
12,180,10.874560242056635,0
13,180,6.76728275608747,5.4809949322962375
14,180,2.085820378873962,9.758183040585955
15,180,12,9.803847872435405
16,180,10.897897229714584,5.861576117581278
17,180,2.077956332392853,8.10528681800768
18,180,9.624552718096016,12
19,180,4.849294916986624,2.9311679877418366
20,180,9.987662265152892,11.196760461850069
21,180,12,4.891369494399311
22,180,7.434618607061386,6.092627952282836
23,180,8.920036152910598,8.605917068521368
24,180,10.926613964525236,8.798666863309347
25,180,2.6683118042529133,10.252146256156957
26,180,6.128744195858137,10.632492684123166
27,180,6.029157531185945,7.116593470307715
28,180,4.823393523634607,0.9298998316517818
29,180,0.09245804380117346,9.06113446410541
30,180,0,5.0324578985666655
31,180,1.9571687618572573,7.976933845748925
32,180,9.009075375477074,6.6845659922404685
33,180,6.94901805561002,3.282414855142439
34,180,6.426502236843737,9.805144218048742
35,180,0,0
36,180,2.34406280174105,4.453310702758848
37,180,7.299314387662035,7.973365465517643
38,180,9.928050295731538,6.968241252820582
39,180,0.016570263935452068,1.016228581960662
0,185,10.029615248734281,3.6582951278816607
1,185,5.159591019203498,4.460102255580273
2,185,9.824813000605618,5.88823499678995
3,185,8.560183212091882,11.055261851206453
4,185,7.570021243591945,11.530972618703139
5,185,1.4276795689678101,11.117372943481968
6,185,6.894707862709593,1.7814326560445861
7,185,12,4.2689298169730545
8,185,1.244818159415365,9.044138874248143
9,185,5.194885136981918,11.901488893861536
10,185,11.032904877748292,0.8764418032458832
11,185,8.182299204350699,9.355885068631157
12,185,10.92788366867156,0
13,185,6.721201865710854,5.576496228138886
14,185,2.0970537088202947,9.778800583992924
15,185,12,9.734981425693622
16,185,10.907623293188374,5.870535182307133
17,185,2.0744278323047713,8.101635787875416
18,185,9.663158191179182,12
19,185,4.817234472358846,2.89601410468568
20,185,9.850361032748426,11.111072131164663
21,185,12,5.04763710822603
22,185,7.394544646867885,6.112367537917268
23,185,8.845777762185916,8.701734892544025
24,185,10.947527507233474,8.784181217064146
25,185,2.6675159938450546,10.216533998374336
26,185,6.078585253475331,10.570299872864188
27,185,5.998530383549346,7.047981099340814
28,185,4.8229130734302625,0.8987324091478213
29,185,0.051229629952836586,9.067598602133218
30,185,0,5.086437170981963
31,185,1.951952034291301,7.972502297431934
32,185,9.058492837634,6.740611133418747
33,185,7.057322999020012,3.2397285060566685
34,185,6.663849878111817,9.700979464947867
35,185,0,0
36,185,2.32087405460922,4.448411478812085
37,185,7.265912609519949,7.84008636705953
38,185,9.92476691268667,6.865491117228889
39,185,0.0372160672318005,1.0334622040519064
0,190,9.98638451619982,3.705370428704317
1,190,5.187843658447961,4.530206765928198
2,190,9.954119135568652,5.796335527225541
3,190,8.6418933028862,11.010325521239851
4,190,7.550211583374232,11.674537843701316
5,190,1.412013208729167,11.142603539184567
6,190,6.888435900736227,1.7607859865565698
7,190,12,4.302498706519838
8,190,1.0766493927674066,8.98883744398241
9,190,5.365641835847665,11.99921542137789
10,190,11.035738454559045,0.8543367348276045
11,190,8.338512516205647,9.279396299051962
12,190,10.986263586204451,0
13,190,6.667880787842409,5.685858582315749
14,190,2.1097108185184528,9.800682980082533
15,190,12,9.667290632386957
16,190,10.910041389821892,5.872674045748698
17,190,2.0761628557863148,8.103356070180322
18,190,9.710619368737628,12
19,190,4.7819160407610175,2.858249356326389
20,190,9.715894607120317,11.026302809030627
21,190,12,5.203598521044107
22,190,7.354029390713589,6.131910256351438
23,190,8.773076354075892,8.794440145834129
24,190,10.96663584034985,8.770438360641547
25,190,2.665518349925095,10.167246849695003
26,190,6.024238175015555,10.501096984842606
27,190,5.968178709516824,6.979327800318904
28,190,4.823098146843225,0.8673813957987746
29,190,0,9.077671180133768
30,190,0,5.150076159019912
31,190,1.94798111442777,7.968946002282512
32,190,9.118742716548375,6.810537802552787
33,190,7.173811727763553,3.1927664035610888
34,190,6.910559308150117,9.597625274155453
35,190,0,0
36,190,2.293501117659764,4.44280604290003
37,190,7.236593312757795,7.7166400693970925
38,190,9.918615542978635,6.741026419193019
39,190,0.05724211579212746,1.0512607498893318
0,195,9.949612011888679,3.7479842246721273
1,195,5.218055593295389,4.603903986610814
2,195,10.08099121442067,5.7117399268156
3,195,8.724166573089045,10.965653285080396
4,195,7.53143347746227,11.82239033818262
5,195,1.387832905915561,11.180905541257033
6,195,6.878725549063964,1.7295040563227198
7,195,12,4.323957566141082
8,195,0.9071909117237662,8.926748362635383
9,195,5.548618505972794,12
10,195,11.041024688343727,0.8175913904023213
11,195,8.483705781366186,9.2032867529241
12,195,11.039309677276652,0
13,195,6.61812379172035,5.79216877304322
14,195,2.118948699913273,9.816718028491815
15,195,12,9.603829699498993
16,195,10.924665335439625,5.885884630716354
17,195,2.081274745488743,8.108316737757269
18,195,9.758622732552604,12
19,195,4.7377557106694725,2.809263644293945
20,195,9.556815782131721,10.927537178080684
21,195,12,5.354791120219683
22,195,7.33662634221316,6.140597269534636
23,195,8.68314793988326,8.903875825823237
24,195,10.976437391893711,8.763252879631615
25,195,2.6667598498964877,10.106114580272001
26,195,5.965704207074569,10.426596198844102
27,195,5.924153623411144,6.882096865042037
28,195,4.823093001180407,0.8633140571435909
29,195,0,9.08781549755764
30,195,0,5.213735365762293
31,195,1.9673984697274793,7.987101916166291
32,195,9.178960900750091,6.880791358394512
33,195,7.273801397987744,3.1547361907134035
34,195,7.147492910006027,9.5000681758976
35,195,0,0
36,195,2.2555627255427573,4.435371608208784
37,195,7.210283297800878,7.602096013138126
38,195,9.912775931449765,6.609757500204515
39,195,0.08959196652589686,1.079510620022257
0,200,9.910967385321545,3.7912750055946955
1,200,5.247839028348767,4.677800470593204
2,200,10.20402972293125,5.625526712622888
3,200,8.81470057261961,10.918538055925262
4,200,7.513921734540884,11.978958660553985
5,200,1.3635244365091213,11.220407951892767
6,200,6.872511352305356,1.7100290455571894
7,200,12,4.345021256486421
8,200,0.7564868846643878,8.870403469077747
9,200,5.729196707095048,12
10,200,11.048809357240474,0.7567576802745271
11,200,8.63503145513402,9.12490715163852
12,200,11.0917766050513,0
13,200,6.5656443322927265,5.903205798068537
14,200,2.1275386383733306,9.83224130898478
15,200,12,9.544406588784135
16,200,10.937632092174931,5.897606345430152
17,200,2.1017295347364673,8.127424769815633
18,200,9.810382993762595,12
19,200,4.692293619562501,2.760732126036734
20,200,9.401472312512885,10.832229365080426
21,200,12,5.500517507606889
22,200,7.306058476631765,6.15460870797022
23,200,8.59287379720341,9.014769985269915
24,200,10.97247977058675,8.765986838668821
25,200,2.6671537686020383,10.051323264001338
26,200,5.899794111597866,10.342904189295004
27,200,5.880163801383943,6.782923552987745
28,200,4.823198488454195,0.8692391554261784
29,200,0,9.097509193980912
30,200,0,5.2818596421071
31,200,1.9883693838986096,8.00653795904086
32,200,9.244771321802526,6.956656048303744
33,200,7.3981539420947176,3.111710228807093
34,200,7.375781789306952,9.407388956207603
35,200,0,0
36,200,2.2299089354390307,4.42993521437122
37,200,7.184850178001465,7.495557063471448
38,200,9.905166504138059,6.465027899630766
39,200,0.13370251536209302,1.1177314624447205
0,205,9.880887455983967,3.8249950205120413
1,205,5.278488641932683,4.754244516627783
2,205,10.313947243082477,5.548724050365604
3,205,8.902669608545004,10.86997358204968
4,205,7.495316251311798,12
5,205,1.3480883364031762,11.245849232257031
6,205,6.872956139085589,1.7114183630323139
7,205,12,4.348804843969287
8,205,0.6128049030933844,8.816772841964521
9,205,5.905604251798927,12
10,205,11.055174883693546,0.7052254142542228
11,205,8.78937058692654,9.050537448936149
12,205,11.151617263496528,0
13,205,6.505530966228446,6.030249519508012
14,205,2.1314166986467646,9.839282219420616
15,205,12,9.478306774182093
16,205,10.959613911784833,5.917371432707847
17,205,2.1145723418403746,8.140001147582351
18,205,9.868431390780973,12
19,205,4.632055387507679,2.6941991516273314
20,205,9.258882282946729,10.742810779426653
21,205,12,5.431571294788339
22,205,7.256493716472492,6.179232245208569
23,205,8.509405793950275,9.119615053970472
24,205,10.978756725976947,8.761655202547832
25,205,2.6670173486850572,10.009666768256661
26,205,5.838761209606332,10.265050667800038
27,205,5.838865041106615,6.693692035562345
28,205,4.824109863499818,0.8979574499975428
29,205,0,9.11019386671743
30,205,0,5.350975490242195
31,205,2.019921452188538,8.037250926058393
32,205,9.298750424375246,7.0224442375150105
33,205,7.525745682635597,3.0663475361924326
34,205,7.620458460759488,9.30571041119131
35,205,0,0
36,205,2.2039653288754666,4.423927841992659
37,205,7.157622196243669,7.373752250953889
38,205,9.899036344938596,6.323115940643528
39,205,0.16547903452752977,1.1448802526394537
0,210,9.84727402564337,3.862803851939556
1,210,5.307581933359622,4.827855897334962
2,210,10.434666185512887,5.462970565559103
3,210,8.987180564216777,10.820948577610737
4,210,7.474233539509008,12
5,210,1.330585956692178,11.273675723980151
6,210,6.874169378641797,1.7151971698480148
7,210,11.980008106713411,4.335316767410706
8,210,0.4645276411951486,8.765933430615096
9,210,6.10164542610271,12
10,210,11.058825896419208,0.6743242754355262
11,210,8.958086767541523,8.970477617386456
12,210,11.215328740532362,0
13,210,6.450227934286698,6.144777528473361
14,210,2.1550492937314245,9.883050191388527
15,210,12,9.41159801004649
16,210,10.974485133754952,5.93007990261162
17,210,2.123818618581619,8.14902802757761
18,210,9.924467875883408,12
19,210,4.564496067188051,2.621229209994435
20,210,9.123395428102713,10.658733843040814
21,210,12,5.35355529526678
22,210,7.208944523350463,6.203397860139588
23,210,8.415048299024713,9.242411000184662
24,210,10.985042816315023,8.757471960263402
25,210,2.666884373192437,9.953686004165029
26,210,5.779502964798385,10.18865687887663
27,210,5.794573886615178,6.595842931601426
28,210,4.824921764798167,0.9287158400556976
29,210,0,9.12132607064527
30,210,0,5.413053122054951
31,210,2.0597983307963577,8.075024099742656
32,210,9.352330272598318,7.091603794234116
33,210,7.656222165439684,3.024009057886201
34,210,7.869393249165233,9.194736937203748
35,210,0,0
36,210,2.1774244068009105,4.418069844343798
37,210,7.12878948775198,7.243594980845989
38,210,9.8903020611288,6.173819907758119
39,210,0.19892577501861802,1.1745232351553296
0,215,9.808376348055035,3.906397180612973
1,215,5.338327672958633,4.901807253206522
2,215,10.580948232013998,5.360834069055878
3,215,9.070002659171891,10.773491723307924
4,215,7.456969140710023,12
5,215,1.316085998193558,11.2963374832599
6,215,6.875637753606624,1.7196928494759838
7,215,11.930223615608003,4.301595962178427
8,215,0.33466652949047593,8.72075669833897
9,215,6.317726751387655,12
10,215,11.062279205815907,0.6463583047474207
11,215,9.122075127575442,8.889189528869421
12,215,11.285829885574511,0
13,215,6.3915340995027226,6.2602508852930185
14,215,2.1827043920285156,9.934951221698356
15,215,12,9.342383174269523
16,215,10.996178209961224,5.948487009992523
17,215,2.1179300899900757,8.142992382097061
18,215,9.975491689413166,12
19,215,4.501079744884179,2.5525295003596304
20,215,9.003389285888385,10.583198579443591
21,215,12,5.266469171657028
22,215,7.172736942164881,6.2230896207895325
23,215,8.331144701161751,9.35183709502427
24,215,10.980662685018633,8.760386009250567
25,215,2.667601498506355,9.893392086753257
26,215,5.71744068812975,10.107287023303448
27,215,5.751781034928097,6.495980248755332
28,215,4.826501799680447,0.9677190254339023
29,215,0,9.132941612651408
30,215,0,5.469044426839825
31,215,2.088584778994747,8.102471204740976
32,215,9.39775384669982,7.1518379876374665
33,215,7.800015527045418,2.9797311045365786
34,215,8.12122879897387,9.088729839203701
35,215,0,0
36,215,2.1529187364426075,4.412594003186224
37,215,7.102975279750137,7.120600056956061
38,215,9.88722043116318,6.04910330893103
39,215,0.22264113496118682,1.1940902126621131
0,220,9.759286849903118,3.9592699386693937
1,220,5.38005690383465,5.000509024375454
2,220,10.725266003956241,5.2564127943430075
3,220,9.157070619356253,10.723599747081277
4,220,7.4330034762744255,12
5,220,1.29706010374193,11.326201373462782
6,220,6.877820801096757,1.7264432071908007
7,220,11.876471869622826,4.269238603849147
8,220,0.2249279452380364,8.67908237669583
9,220,6.549487564103245,12
10,220,11.0644054235862,0.6290318702175052
11,220,9.301424134315097,8.805982911683486
12,220,11.351045916689982,0
13,220,6.3269594698222225,6.382631231648884
14,220,2.2055855666423203,9.978910495002934
15,220,12,9.262726403340569
16,220,11.009415528110553,5.960937903261067
17,220,2.0998292315990734,8.123810178546268
18,220,10.026945014703278,12
19,220,4.435657154263723,2.480878439525309
20,220,8.891780717887448,10.509652669351286
21,220,12,5.178070812868946
22,220,7.146392956021525,6.238174290138743
23,220,8.243906411573892,9.45730348221468
24,220,10.98234983700147,8.759257009203168
25,220,2.5859105763765498,9.890784196269207
26,220,5.641644891900658,10.01643770392628
27,220,5.711362603465793,6.391632978011705
28,220,4.829026360544852,1.021404696379238
29,220,0,9.143218953227624
30,220,0,5.509080890659938
31,220,2.1055994181509314,8.117838941035563
32,220,9.464069522076588,7.239671238903479
33,220,7.935889480071683,2.9322159063305073
34,220,8.387661595053743,8.96828908050424
35,220,0,0
36,220,2.127522003469446,4.40679834752627
37,220,7.0752898606551735,6.992510864352154
38,220,9.886445818638151,5.95031747270121
39,220,0.24838067535824473,1.2164436773127332
0,225,9.712149056205122,4.008719806048675
1,225,5.4224818844332985,5.102620467455835
2,225,10.864480224616754,5.159811298077336
3,225,9.236912693480807,10.677883360998536
4,225,7.414009758652085,12
5,225,1.2876911834723108,11.340476050334555
6,225,6.875934785706871,1.720281447301322
7,225,11.834126207209618,4.24446856102939
8,225,0.11931183591195625,8.639117803478223
9,225,6.790238229310042,12
10,225,11.066189680322962,0.6173730051028743
11,225,9.49110504985064,8.715109498379668
12,225,11.421599810682526,0
13,225,6.26424234181627,6.4994728064982645
14,225,2.229453279948279,10.024399845346606
15,225,12,9.16226751747172
16,225,11.022902656530194,5.973254108084915
17,225,2.063592866903487,8.084481280319261
18,225,10.086186232995791,12
19,225,4.375930915994827,2.414903959031146
20,225,8.77573673739586,10.434958253865906
21,225,12,5.0959463834671155
22,225,7.142595338673774,6.240365853084416
23,225,8.166878739445083,9.55168925716128
24,225,10.971225740876056,8.766902981872981
25,225,2.4983373836849228,9.887407712617593
26,225,5.554088453426243,9.906280826044927
27,225,5.676506773225229,6.305348594741322
28,225,4.8310556449043265,1.0716959158294177
29,225,0,9.154151783939469
30,225,0,5.555726764307591
31,225,2.1157509207743854,8.126988205153669
32,225,9.52401327320936,7.32126478194068
33,225,8.078073422145119,2.8829154338654384
34,225,8.653685649793925,8.853436503075603
35,225,0,0
36,225,2.144893593576705,4.410682971870241
37,225,7.040499065686621,6.8301904366260455
38,225,9.886618594386078,5.845614250472561
39,225,0.2785753014083244,1.2436170115898302
0,230,9.657038881005779,4.064060097507228
1,230,5.466522991401976,5.206728922563261
2,230,10.9878940244341,5.075262026083254
3,230,9.321750458282652,10.627348299781374
4,230,7.401506541621363,12
5,230,1.2798112114960232,11.351700703348241
6,230,6.868181716312364,1.6968332980838017
7,230,11.804409579291734,4.226515345103981
8,230,0.02796048182451072,8.60572295594255
9,230,7.0501977707669266,12
10,230,11.068417652740207,0.5999470474758456
11,230,9.695776128680082,8.613515436185782
12,230,11.50473991114236,0
13,230,6.208918458867815,6.609109596363399
14,230,2.2492546060846177,10.06139802225055
15,230,12,9.063261378532252
16,230,11.04234926044169,5.9907835771333495
17,230,2.0322032826932928,8.050249988379987
18,230,10.14687654056903,12
19,230,4.315315733422151,2.3478188728475273
20,230,8.651999563162919,10.356493548350725
21,230,12,5.010561556312703
22,230,7.152153653223706,6.234725293039795
23,230,8.073146039613777,9.472916153585237
24,230,10.97340508452018,8.765449601108601
25,230,2.405882759274596,9.886974958109862
26,230,5.454520242668211,9.782770293130955
27,230,5.642626947348682,6.221936706211375
28,230,4.833589447175763,1.1134549707264143
29,230,0,9.16732694567743
30,230,0,5.599964130430954
31,230,2.1277532178762386,8.138359383377669
32,230,9.585590748955504,7.401143527010596
33,230,8.22706667769346,2.8341272684160095
34,230,8.931941326525505,8.742130984563381
35,230,0,0
36,230,2.1726093235910153,4.417204876875605
37,230,7.004806538882557,6.654252596670144
38,230,9.88746608665047,5.739800174816862
39,230,0.3080595922733417,1.269705468855988
0,235,9.604120063132603,4.119018781643296
1,235,5.515154692672822,5.322860001877814
2,235,11.113471410330657,4.9839097932210965
3,235,9.404763658898315,10.580031159133027
4,235,7.385318176180972,12
5,235,1.2700185572009863,11.366186614627615
6,235,6.85481927360095,1.6558906071327388
7,235,11.779296965559839,4.211638894907176
8,235,0,8.581099450173504
9,235,7.302459136301148,12
10,235,11.072441215091205,0.5710428275973748
11,235,9.89534595093499,8.509605177913597
12,235,11.584539171110274,0
13,235,6.154731109629004,6.720625548430781
14,235,2.2741198182787086,10.10694459306445
15,235,12,8.971205469434473
16,235,11.063040440719695,6.009611186707873
17,235,1.9906096511500002,8.005989004918606
18,235,10.03488776431348,12
19,235,4.26115380584891,2.286793401773939
20,235,8.528698288210313,10.27640819112519
21,235,12,4.929829532897763
22,235,7.157501613965156,6.231450391529425
23,235,7.984347741101084,9.400820217651932
24,235,10.969149766338134,8.768353368052939
25,235,2.297789796620388,9.886670889286691
26,235,5.3530821094475565,9.656441646183774
27,235,5.605117731452245,6.132094982317128
28,235,4.838417207286904,1.1656902801851896
29,235,0,9.182084500126834
30,235,0,5.640500208994255
31,235,2.14994245363661,8.16005173542805
32,235,9.653807446067354,7.492122684756686
33,235,8.387354812044475,2.7828774731091634
34,235,9.194847774655615,8.631830109353313
35,235,0,0
36,235,2.2182249499132394,4.42872791439164
37,235,6.971753506187554,6.4860165952048705
38,235,9.888457832523988,5.6526315088034815
39,235,0.338766305814616,1.296725083881201
0,240,9.53563164914417,4.192601665280574
1,240,5.559060962177521,5.424997130490755
2,240,11.1867455156976,5.088609223937133
3,240,9.489260375905882,10.52895429682299
4,240,7.369429521377663,12
5,240,1.2586923728362691,11.382449328177264
6,240,6.837355164168489,1.6025876193081325
7,240,11.760870240964604,4.20017248684119
8,240,0,8.554048185152261
9,240,7.556982353929283,12
10,240,11.072141572418984,0.5730216901161016
11,240,10.1016708826714,8.40097143066672
12,240,11.663556884806832,0
13,240,6.106518380336133,6.817791490720557
14,240,2.2866378763915525,10.130003858964448
15,240,12,8.87385196510211
16,240,11.071233997269855,6.017051910660689
17,240,1.9556922731827775,7.969189225168767
18,240,9.916970145239212,12
19,240,4.21516758332984,2.234615254826711
20,240,8.408808337373932,10.197668068359814
21,240,12,4.859262705155199
22,240,7.1531129464425485,6.234021920777418
23,240,7.898004935438305,9.33492694636725
24,240,10.95106848868431,8.780101318239572
25,240,2.1924127859850513,9.885558063447434
26,240,5.260896272364176,9.544065987432399
27,240,5.559561814659912,6.019244035002057
28,240,4.844237041313073,1.2280279119664954
29,240,0,9.193780687832623
30,240,0,5.687386079305484
31,240,2.176983861942395,8.186938985862096
32,240,9.712080818611021,7.570383746770565
33,240,8.53985948037849,2.7354029438179883
34,240,9.44068462398774,8.526484884456973
35,240,0,0
36,240,2.2248063880325786,4.430367156170731
37,240,6.940478862277788,6.330205474902419
38,240,9.890210174153259,5.583254514057348
39,240,0.37081019990349595,1.3265040496609932
0,245,9.484026393997084,4.247121119389306
1,245,5.600374709879394,5.531616329559249
2,245,11.251982477186358,5.180190927182656
3,245,9.579863887955568,10.47454272789766
4,245,7.3528932278877335,12
5,245,1.2519635896983767,11.3920706616746
6,245,6.8231107455987905,1.554899871579829
7,245,11.752947054289379,4.195233255416274
8,245,0,8.52739770029498
9,245,7.800547214448494,12
10,245,11.076132191541086,0.5487113858608905
11,245,10.301277702397334,8.287744639982892
12,245,11.749431663899255,0
13,245,6.05719090629907,6.918246392049257
14,245,2.2886350939188778,10.13379445623811
15,245,12,8.787099568599475
16,245,11.07996452678239,6.025345400218921
17,245,1.910106750732937,7.921217318503488
18,245,9.805816172781562,12
19,245,4.191388943006823,2.207705182874907
20,245,8.295137614689965,10.124879112133252
21,245,12,4.781799173222541
22,245,7.129137052232453,6.2480623269979
23,245,7.809131535034403,9.266681594101843
24,245,10.944311062405871,8.78417214627725
25,245,2.0891763535760344,9.881678708079432
26,245,5.1632170891292075,9.423018533550144
27,245,5.517654544103472,5.914011875922095
28,245,4.853508588155532,1.2820590797508837
29,245,0,9.208623221782261
30,245,0,5.715814490951064
31,245,2.2008506687502183,8.210233327222316
32,245,9.76897321794807,7.644305311301591
33,245,8.690537396344874,2.684028351688555
34,245,9.675063966682925,8.417839878111165
35,245,0,0
36,245,2.226551362343601,4.430759065774126
37,245,6.909419138962839,6.184273440224235
38,245,9.893331026112529,5.499365878425452
39,245,0.4061098612771956,1.2879875968454269
0,250,9.432643541851695,4.299220401495692
1,250,5.648078141073791,5.6571041578501635
2,250,11.313413896255419,5.263549683733508
3,250,9.678242495302644,10.418888623376125
4,250,7.335032984233229,12
5,250,1.2454928388298978,11.401160987854247
6,250,6.810638449891985,1.5128156461350226
7,250,11.74766725557405,4.192012585624892
8,250,0,8.49966568013747
9,250,8.045789679255385,12
10,250,11.079285696149363,0.5257743455679087
11,250,10.510131757657444,8.163301756701424
12,250,11.834789310601213,0
13,250,6.003433387250816,7.019904170715828
14,250,2.292526528235273,10.141362164172977
15,250,12,8.69035665057644
16,250,11.097378550657501,6.042257832296269
17,250,1.8689801609991106,7.877392455723274
18,250,9.724305870823768,12
19,250,4.172802293179624,2.186732667482882
20,250,8.169650977131573,10.044551527242128
21,250,12,4.693042767662653
22,250,7.104714303108266,6.263202068499455
23,250,7.726949377871715,9.206416431621156
24,250,10.936323660887856,8.789121507973274
25,250,1.9857678783570518,9.875034352265237
26,250,5.063819374040752,9.304101111517268
27,250,5.475216226433743,5.815747579372635
28,250,4.866164910732957,1.352827518153019
29,250,0,9.2260662995866
30,250,0,5.727149959150275
31,250,2.2288537927250722,8.23724830590341
32,250,9.820272113416666,7.711072566200539
33,250,8.835746254155971,2.6341331491517983
34,250,9.914058055333895,8.312503148566142
35,250,0,0
36,250,2.226023568354211,4.433117615928581
37,250,6.882650275491772,6.055027123944574
38,250,9.896085650525924,5.413188375256205
39,250,0.44920667665795505,1.2429408359233098
0,255,9.394373781223154,4.3393472314764585
1,255,5.694337121095851,5.777130533262853
2,255,11.378277922697038,5.348365217720172
3,255,9.780055612357321,10.364818657132394
4,255,7.317695810740416,12
5,255,1.2382538588913303,11.411221210515102
6,255,6.800553179727402,1.478804104280072
7,255,11.737884739940714,4.186308238435405
8,255,0,8.471453332106146
9,255,8.297522548272921,12
10,255,11.081717875955334,0.5058064884123292
11,255,10.693980751183023,8.054940408279041
12,255,11.92425757798936,0
13,255,5.962556106061979,7.097732774637222
14,255,2.296025012683204,10.148436471756519
15,255,12,8.609231557187119
16,255,11.117117244877697,6.06177021689367
17,255,1.8280236204676832,7.8337873733765315
18,255,9.642187980830837,12
19,255,4.154359913410333,2.1660309207439816
20,255,8.036926538963412,9.958724134700832
21,255,12,4.594508907617311
22,255,7.070873014119912,6.28561582667877
23,255,7.667700061313163,9.16177664680694
24,255,10.931693798870265,8.792011441170091
25,255,1.8946652337489285,9.870075049433812
26,255,4.9670185292276425,9.187823168395331
27,255,5.429813850038699,5.712639417036899
28,255,4.888367934515077,1.4539945740576574
29,255,0,9.245467188047382
30,255,0.0016947793532625555,5.725225728716712
31,255,2.2677819430455863,8.276179924638802
32,255,9.869613463965496,7.773185313151281
33,255,8.964986835866185,2.5917660219977696
34,255,10.14777639762042,8.20874921134494
35,255,0,0
36,255,2.2283155711577938,4.423704082246463
37,255,6.853080450780743,5.91287815947721
38,255,9.897091146077525,5.322605999221148
39,255,0.4124638823871205,1.2095113005715792
0,260,9.351416813546583,4.382956102935249
1,260,5.738356657315507,5.892892946891174
2,260,11.444116953145587,5.439819186001783
3,260,9.883670591864444,10.30993872753766
4,260,7.299173683778872,12
5,260,1.23504176329935,11.415473518822319
6,260,6.795333158181156,1.4603877798973555
7,260,11.710602040124881,4.169970217458588
8,260,0,8.445178835568763
9,260,8.564763237315239,12
10,260,11.08324658859296,0.49233606203380803
11,260,10.882461370389947,7.944326934332158
12,260,12,0
13,260,5.9240721732012425,7.166410863601494
14,260,2.2973281371705903,10.151181812754476
15,260,12,8.539581886818981
16,260,11.143209799516672,6.088172532418745
17,260,1.7993289260069631,7.803883417385987
18,260,9.561892529192312,12
19,260,4.124045726790169,2.132766229293828
20,260,7.895911943885851,9.866690852966432
21,260,12,4.496502654553421
22,260,7.036824718045975,6.3079208083556075
23,260,7.598529250414056,9.109411448266892
24,260,10.94454423887779,8.783502882086939
25,260,1.8115353054554546,9.865125324356285
26,260,4.8694866571801,9.074546945666034
27,260,5.387529025444538,5.613260748072916
28,260,4.911684494692244,1.556573321801133
29,260,0,9.179474913086874
30,260,0.015990364489039045,5.708239898086692
31,260,2.3144447354254125,8.325843125449204
32,260,9.908104232845432,7.8211728616601
33,260,9.086690124886825,2.5512193460106567
34,260,10.383303693982777,8.102436570160219
35,260,0,0
36,260,2.228240363925217,4.423994938358817
37,260,6.821170633130513,5.756668755871241
38,260,9.899368571868282,5.231514076000822
39,260,0.3995497948942063,1.1971493546595846
0,265,9.293971727267603,4.443530802048388
1,265,5.787339037570894,6.010383322145294
2,265,11.505066819689166,5.521904254254937
3,265,10.000047347103543,10.248278477569565
4,265,7.2788316190430224,12
5,265,1.2351087111695678,11.415382314009982
6,265,6.786888629144554,1.43003666154893
7,265,11.667440291948298,4.145972670053908
8,265,0,8.417053706799873
9,265,8.827711545162556,12
10,265,11.084425747997543,0.48023437121242335
11,265,11.066447231467883,7.837878961764778
12,265,12,0
13,265,5.884048232512148,7.235928100562116
14,265,2.2949033447336484,10.1455783739489
15,265,12,8.47349133917993
16,265,11.173645126438924,6.119594231945339
17,265,1.7928745747148767,7.797221649222507
18,265,9.475746645837392,12
19,265,4.095326004049137,2.1023532331567023
20,265,7.755193658767658,9.782012662337278
21,265,12,4.4004925401873765
22,265,6.992772032966289,6.336801449787566
23,265,7.520558611373267,9.05013914196552
24,265,10.962262571211717,8.77187760066727
25,265,1.7353355214978754,9.862079088922231
26,265,4.787637534510795,8.978984213658494
27,265,5.344759795388416,5.514971938537382
28,265,4.934422616933769,1.6616104502580085
29,265,0,9.108700464748189
30,265,0.01969767129443511,5.703586646789442
31,265,2.3674751110525984,8.379190986279802
32,265,9.951696657764755,7.874815957452642
33,265,9.223242573007333,2.503256972986054
34,265,10.610180788846893,7.993806945822314
35,265,0,0
36,265,2.2217669791037213,4.452454904051543
37,265,6.795912217246537,5.613973627254456
38,265,9.902804324649377,5.1312469834777055
39,265,0.3701253928040617,1.1689175761342228
0,270,9.2303489902985,4.51126140883771
1,270,5.830613699843481,6.116588391569073
2,270,11.565817476183849,5.599716026316242
3,270,10.120849575264314,10.183352109888615
4,270,7.25799217589028,12
5,270,1.242925769896307,11.404827108386652
6,270,6.773952762203494,1.3827760530212354
7,270,11.627829308777256,4.122961000168432
8,270,0,8.39474244142186
9,270,9.100817736185347,12
10,270,11.084410378765151,0.480406229098286
11,270,11.242698849871042,7.735520522565841
12,270,12,0
13,270,5.842372494530277,7.304660745986108
14,270,2.2856372086156926,10.123847286332053
15,270,12,8.40202404113735
16,270,11.214859462185082,6.079379346084306
17,270,1.7902241490665338,7.794565548408545
18,270,9.39248495027616,12
19,270,4.057267680763671,2.0625999352052706
20,270,7.6201288063543275,9.70087417107992
21,270,12,4.309240943576701
22,270,6.947081650557254,6.367468248379311
23,270,7.44465138213,8.989008275996332
24,270,10.97407143847331,8.763985533734466
25,270,1.6348209775884677,9.857228896537466
26,270,4.69348726959123,8.874891618846632
27,270,5.301190063305715,5.410834212875091
28,270,4.9523255048354144,1.7475589963180755
29,270,0,9.02563198284993
30,270,0.03244643066490051,5.687519242877844
31,270,2.4161335556763013,8.430150817012521
32,270,9.991470909924612,7.9223572642713505
33,270,9.356148341144323,2.4557768353106506
34,270,10.863658275357333,7.872324242153465
35,270,0,0
36,270,2.2147359705014162,4.4857462920891935
37,270,6.773488143060926,5.4902669662369865
38,270,9.906157260195414,5.042234910308059
39,270,0.33645304005818666,1.1367409309251277
0,275,9.174254340488236,4.572027237512401
1,275,5.868337792078112,6.210740384511067
2,275,11.62379345686106,5.673365004241744
3,275,10.250325783361951,10.120159950524652
4,275,7.2404110217032365,12
5,275,1.2493020537440762,11.395947285498908
6,275,6.759193309717976,1.334227636287122
7,275,11.60387098201617,4.109191251387778
8,275,0,8.37010042657041
9,275,9.372036610740249,12
10,275,11.086436702269436,0.4617629850676811
11,275,11.397666429817868,7.642263417512935
12,275,12,0
13,275,5.7939455694529975,7.392155993137675
14,275,2.2806767311931697,10.11378712187154
15,275,12,8.328541091864496
16,275,11.262661394118888,6.031607636112671
17,275,1.7941844068325985,7.798316852724479
18,275,9.323702541048748,12
19,275,4.028187946000142,2.031053708900523
20,275,7.494351744182071,9.622987223550318
21,275,12,4.21466728855283
22,275,6.892531033789022,6.404438195091386
23,275,7.3847554999768805,8.935518336947682
24,275,11.009325191721459,8.742589463623693
25,275,1.5362908119870409,9.850054979086112
26,275,4.609483188973223,8.777747273629831
27,275,5.263655350458445,5.326921019884814
28,275,4.967203079701655,1.8256723012426483
29,275,0,8.95894851839013
30,275,0.045221914115750085,5.672174335007195
31,275,2.457607263387812,8.472979362662787
32,275,10.023856300918268,7.961294305749264
33,275,9.476240548136458,2.4155060521486194
34,275,11.12903930113395,7.74101101569428
35,275,0,0
36,275,2.2112259710085063,4.502041881752194
37,275,6.753559465208184,5.364109561462466
38,275,9.907983794202883,4.957210563407009
39,275,0.3026191201641545,1.1062911295461617
0,280,9.107119741746658,4.643852833234918
1,280,5.907480804560007,6.304254255077476
2,280,11.677119179955218,5.741027864157905
3,280,10.381182889419108,10.055869658308483
4,280,7.216618152291446,12
5,280,1.2472385440089149,11.39855604320648
6,280,6.742990697770831,1.2846496795526479
7,280,11.592520332274775,4.102498404276101
8,280,0,8.340598410534156
9,280,9.655015724113374,12
10,280,11.088456462595314,0.4388439679344422
11,280,11.558732313163345,7.544938824482154
12,280,12,0
13,280,5.732431649339197,7.494162586304466
14,280,2.2730101439855708,10.099284631659986
15,280,12,8.257379306910622
16,280,11.305066905798855,5.988818312520596
17,280,1.779282586272049,7.784179792727285
18,280,9.25469337407815,12
19,280,4.013760495909198,2.0160147698802295
20,280,7.37731184811335,9.553963287871037
21,280,12,4.120075811203757
22,280,6.863693237893553,6.425419526018697
23,280,7.4352855972138325,8.881453012240346
24,280,11.02945773250913,8.730786397532489
25,280,1.4205749004642358,9.840370373594642
26,280,4.539470567653089,8.696059070825322
27,280,5.226426538572547,5.246269456233888
28,280,4.980062044095654,1.9004938769959567
29,280,0,8.890709324573821
30,280,0.056707975253811084,5.659072425097506
31,280,2.5018785139727227,8.518209194178064
32,280,10.05198208555466,7.99468924182613
33,280,9.592447088794966,2.37663536015686
34,280,11.395555741576393,7.607922217298993
35,280,0,0
36,280,2.206732946603843,4.521452857740235
37,280,6.73525564348335,5.235129601004569
38,280,9.907559046921529,4.868010669366515
39,280,0.2495337457158081,1.0551553820501023
0,285,9.035684062573988,4.576823330281267
1,285,5.943718180713505,6.39828524454063
2,285,11.733419550919951,5.808478299725042
3,285,10.51340777417366,9.9955700146523
4,285,7.188576665697538,12
5,285,1.2428195151004375,11.404202438675673
6,285,6.728788722182696,1.236869234616654
7,285,11.567953564338495,4.088129338061547
8,285,0,8.312599150898409
9,285,9.93010483033091,12
10,285,11.088335832917048,0.4400593078436126
11,285,11.730493267752436,7.443955395419348
12,285,12,0
13,285,5.669421195792395,7.595831723586372
14,285,2.267457976296688,10.088191972615492
15,285,12,8.184927908788467
16,285,11.34487369319328,5.949532536197638
17,285,1.7736005129968493,7.778804331781992
18,285,9.203522612655858,12
19,285,3.9975053895603185,1.9988734783612703
20,285,7.253088891003683,9.480006047341236
21,285,12,4.020979109945391
22,285,6.840420136493344,6.443532915429291
23,285,7.480972213221146,8.832863308755199
24,285,11.028607398771989,8.731303912022796
25,285,1.3110279948398582,9.832577847009393
26,285,4.475243179299602,8.615657633337266
27,285,5.180491297360737,5.148745673911443
28,285,4.9949554879974905,1.9923427390730244
29,285,0,8.80603220461026
30,285,0.06821548070024827,5.64668549684785
31,285,2.555787532410068,8.569653323355714
32,285,10.083664506852887,8.03003442415259
33,285,9.701696294221199,2.338131283666834
34,285,11.631980219662246,7.4839906262095415
35,285,0,0.12168063533576992
36,285,2.1944313997576086,4.56637706126154
37,285,6.720179657395855,5.128899881788269
38,285,9.908053253946756,4.781564192761966
39,285,0.19219941596409737,0.9986351262782498
0,290,8.968383961709556,4.513977942230705
1,290,5.989538436357054,6.520340286377016
2,290,11.790913700464316,5.877871968427065
3,290,10.662312717152387,9.92397033969025
4,290,7.155273166864979,12
5,290,1.2375701817987204,11.411111411998865
6,290,6.715366968700978,1.187694679276914
7,290,11.564618271255963,4.086140376390432
8,290,0,8.282976488820314
9,290,10.201712332051864,12
10,290,11.087942070623736,0.44422361550031864
11,290,11.898090841735451,7.345201065704309
12,290,12,0
13,290,5.5991748308355245,7.703577372644305
14,290,2.269693669842932,10.092725059895349
15,290,12,8.0956785149874
16,290,11.379041458138817,5.916043114832335
17,290,1.7642132662366659,7.769778896738287
18,290,9.147698731837252,12
19,290,3.984363522969011,1.9843027252495655
20,290,7.123988714777948,9.405491998744974
21,290,12,3.911033981727726
22,290,6.8333845569901674,6.449145231610056
23,290,7.551508220876586,8.754919731297115
24,290,11.037998151977344,8.725768083119279
25,290,1.1962073613080484,9.824959172528606
26,290,4.405022469736701,8.533414976208329
27,290,5.139572644901397,5.058990137667377
28,290,5.011248496024641,2.0962668333509216
29,290,0,8.722598824027264
30,290,0.06606463408412297,5.648933532354578
31,290,2.620286985910118,8.631625524473101
32,290,10.111797123507491,8.061877305244238
33,290,9.818184009998294,2.29739599947462
34,290,11.83845869888815,7.372976271150589
35,290,0,0.23682098184600384
36,290,2.1825188075992394,4.616225263624769
37,290,6.704920847809488,5.024281296867203
38,290,9.909190338351483,4.690605431700239
39,290,0.12684072176312006,0.9366302300235133
0,295,8.90652154948712,4.45801102578257
1,295,6.038352115160945,6.6558168349125975
2,295,11.850801942508893,5.949091188434018
3,295,10.794796552259072,9.859926316672823
4,295,7.122040688371175,12
5,295,1.2291095480349288,11.42274122343656
6,295,6.694727575552404,1.1196411797593828
7,295,11.548644101854617,4.076008339680752
8,295,0,8.257528821860006
9,295,10.461498602067142,12
10,295,11.08742163251833,0.4495179263122766
11,295,12,7.233069584380669
12,295,12,0
13,295,5.530642442914795,7.8111563590143644
14,295,2.2757327848472846,10.105629211198659
15,295,12,8.009492905116195
16,295,11.419122578876948,5.875842148506179
17,295,1.7620442704022943,7.7675433742327415
18,295,9.073907996341514,12
19,295,3.9680427873936166,1.9654788032803305
20,295,6.994445735942407,9.333822470182566
21,295,12,3.805353477260046
22,295,6.808497091699873,6.4689667924082705
23,295,7.627284151641389,8.672838138031107
24,295,11.050488885215724,8.718901404817197
25,295,1.0848531735017768,9.820150049840258
26,295,4.336004665322976,8.451798550460277
27,295,5.093009726551245,4.960186026895064
28,295,5.02997640871015,2.2207837139995505
29,295,0,8.660485321068554
30,295,0.06136716085140337,5.653489774676726
31,295,2.6857908190229027,8.696120979319241
32,295,10.135510241937222,8.089682830987096
33,295,9.928475530673913,2.2581030514566103
34,295,12,7.264978411306384
35,295,0,0.3389744524634739
36,295,2.167396044713599,4.680261129635241
37,295,6.69166859338569,4.926613228811538
38,295,9.908678435284843,4.590081319255231
39,295,0.06810343934487766,0.8800083157561336
