id,time,x,y
0,0,7.95149092385174,10.97076107424887
1,0,11.958478174708256,11.951561550147144
2,0,11.936534966978176,3.0063721924459754
3,0,11.952630341976597,11.96231497174927
4,0,6.041039129205808,10.977677041190685
5,0,11.023764168467828,11.952638631908735
6,0,4.964742672713187,10.980951557649458
7,0,4.05828227485586,5.959399413429535
8,0,11.97457828113911,12
9,0,11.020238904142559,0.04971792723561807
10,0,12,9.993882156596245
11,0,5.975445478733217,11.948143258881037
12,0,9.044248275453409,5.984955489657301
13,0,0,7.991432408340273
14,0,6.0336029758394085,8.063298776324029
15,0,5.00537423839515,4.965632549909098
16,0,4.954727808352321,10.964055004737393
17,0,9.02232478232755,1.05104425018717
18,0,4.915675463703675,11.006091288197249
19,0,0.02921116774936377,10.97083215791222
20,0,4.941768046518862,10.970034989933165
21,0,7.037829864880094,4.980007575065161
22,0,10.026898885888315,7.937190339400037
23,0,8.014057917018423,9.93744882677297
24,0,9.99905767338304,6.043846860668642
25,0,4.994261313894714,7.073364952808148
26,0,1.9754243590974587,7.052042270386578
27,0,3.025949206681983,4.047596730708451
28,0,10.976697630730555,6.966272504878772
29,0,6.9473361107039,11.033537429965268
30,0,10.970371281559025,6.978722705287747
31,0,0.025013794923932017,1.0527530717122273
32,0,7.038749863065498,6.985402731835071
33,0,3.0038023146224737,2.0276751725784723
34,0,3.0015833276187154,8.035512482912445
35,0,5.97101306487616,12
36,0,1.019288163368927,8.038230979152173
37,0,12,0.0715371095355298
38,0,4.05500589143556,0
39,0,0,6.965314995481998
0,5,7.915550145304098,10.949020254867722
1,5,11.908003410072304,11.892079485498083
2,5,11.859539865886711,3.014025649962217
3,5,11.904389803410629,11.923740033935452
4,5,6.074350430118934,10.959854279816815
5,5,11.051790044389426,11.89690409416126
6,5,4.908719271451988,10.947636753052137
7,5,4.111163378086475,5.9212263530565785
8,5,11.954031198957171,12
9,5,11.035639159865099,0.08950442388304042
10,5,12,9.988718129346715
11,5,5.959805920817715,11.914206620876556
12,5,9.075829815707872,5.973841167173156
13,5,0,7.985278005615679
14,5,6.066837100790321,8.126428402649282
15,5,5.011790105489361,4.917921247321829
16,5,4.900775964586525,10.92233986312752
17,5,9.06089829131823,1.1316184246712344
18,5,4.8328372649630085,11.013996388765758
19,5,0.057026066741834594,10.943380991218502
20,5,4.8875265327308375,10.941008857781709
21,5,7.081856179422376,4.957488304024814
22,5,10.052833542860238,7.878212374965589
23,5,8.02701411590701,9.879695103624744
24,5,9.998804925991077,6.067939373828805
25,5,4.989023017807288,7.141968456961856
26,5,1.95620944217961,7.090382315777376
27,5,3.051190199262668,4.095454446476724
28,5,10.946280604334106,6.921876696905752
29,5,6.878390443860706,11.079710325467863
30,5,10.952193284955678,6.965500682577767
31,5,0.042429278893595865,1.0906870551079593
32,5,7.0739266488726225,6.971928392036433
33,5,3.0076760389070762,2.0564263417399977
34,5,3.004070137133001,8.081543834364997
35,5,5.958943172121434,12
36,5,1.0369652509745078,8.072137778818085
37,5,12,0.1421974628595723
38,5,4.133963251396752,0
39,5,0,6.930737698086641
0,10,7.882200617721589,10.92836705550201
1,10,11.846900802596764,11.822122712829454
2,10,11.78683525305123,3.0213559978899265
3,10,11.857784577630982,11.88512379142487
4,10,6.0838151272814995,10.95467131584579
5,10,11.08980609655902,11.818527145497438
6,10,4.85042594206872,10.913701304210722
7,10,4.148040388661159,5.893903897049143
8,10,11.942308136600769,12
9,10,11.050339262462776,0.1252232578604291
10,10,12,9.983814489901276
11,10,5.943559587540576,11.881264921661192
12,10,9.080950016302117,5.9719226304795106
13,10,0,7.984012629314274
14,10,6.098809675850394,8.18924279375942
15,10,5.018795982097466,4.863211963831155
16,10,4.834939139964869,10.869593991153183
17,10,9.095946330823697,1.208362395452504
18,10,4.75525593507636,11.019675292991934
19,10,0.09519238492870574,10.908485981729374
20,10,4.833499488860245,10.911138920656862
21,10,7.143081973802125,4.926386966842698
22,10,10.070057570768856,7.839274342086064
23,10,8.046110434810142,9.798726737711418
24,10,9.998805228925104,6.069630865225334
25,10,4.983802135976068,7.198680581958667
26,10,1.937667405630909,7.129515179451124
27,10,3.081619145835956,4.152484058326703
28,10,10.91697111420804,6.878908784129952
29,10,6.813125142183679,11.122065962319086
30,10,10.91941044425673,6.942235792733606
31,10,0.06107480163825082,1.1312953289509655
32,10,7.102513603664106,6.9610524680730865
33,10,3.0111323683638873,2.0853324488213945
34,10,3.005627848222481,8.114555721454172
35,10,5.949324832033166,12
36,10,1.0406943659529286,8.079315760346557
37,10,12,0.20856392091527415
38,10,4.188535256762042,0
39,10,0,6.895231217298281
0,15,7.824769334665018,10.891566574721821
1,15,11.77646283292764,11.740005229384282
2,15,11.712895486373965,3.028870298339128
3,15,11.811683030250958,11.84502252161556
4,15,6.10676657200687,10.941396013079165
5,15,11.127941294573446,11.73713242012522
6,15,4.8120359380045,10.89043871614012
7,15,4.192187161403691,5.859815118625132
8,15,11.94017391836418,12
9,15,11.063173430807508,0.1580854705923114
10,15,12,9.97852979585999
11,15,5.9340878839917925,11.861249574411021
12,15,9.07857866029018,5.972724778227733
13,15,0,7.979839389177015
14,15,6.1384825116525805,8.261143440500199
15,15,5.025755780734628,4.811289254254254
16,15,4.764308250179672,10.812078628145455
17,15,9.127936863848973,1.2756194155924412
18,15,4.661962654327848,11.028540715491078
19,15,0.12169572241672508,10.884027667969566
20,15,4.788289536525305,10.88693174746156
21,15,7.215658284886321,4.888878212372548
22,15,10.086444528335239,7.803205284315281
23,15,8.066463298014204,9.719418005494411
24,15,10.000518652083594,6.069614330243573
25,15,4.976672875115758,7.257089276559517
26,15,1.9126521447510654,7.185379266511571
27,15,3.1501150469410897,4.116732322829581
28,15,10.875264421225085,6.820994663085804
29,15,6.749022128017423,11.161968639479005
30,15,10.897213637529482,6.92741557093529
31,15,0.07856370819643642,1.1689988139843281
32,15,7.142336562465429,6.945089771745707
33,15,3.0114771866779733,2.0881675036946428
34,15,3.0089155165227144,8.172385354289709
35,15,5.932228900675441,12
36,15,1.0383100468352038,8.074777695805938
37,15,12,0.263558726328652
38,15,4.232880160416669,0
39,15,0,6.854286027155414
0,20,7.787158690469026,10.954214502762055
1,20,11.704106320921962,11.65923391106985
2,20,11.637072433531555,3.0341657682057632
3,20,11.770015843842422,11.808129113321954
4,20,6.128427742169442,10.928805964007989
5,20,11.168364658409857,11.655325761448895
6,20,4.737610775936023,10.84498026480237
7,20,4.2286278650902345,5.8323986804074535
8,20,11.940714049576497,11.999524199454768
9,20,11.073862129784006,0.18678051268933807
10,20,12,9.974637693348095
11,20,5.930213027092754,11.853240399442619
12,20,9.081580180040387,5.971734407327683
13,20,0,7.978865183009896
14,20,6.185136660482809,8.348041417349549
15,20,5.030338326033121,4.771820752463356
16,20,4.681265042373803,10.748319475893425
17,20,9.164268606295925,1.3501500642822237
18,20,4.560388353970861,11.03902770861046
19,20,0.11597980150730947,10.889137053069792
20,20,4.733288963764582,10.85809845400856
21,20,7.27391802385957,4.857390262169585
22,20,10.096536909415514,7.781782686696017
23,20,8.088563945264198,9.63776962229169
24,20,10.017601669426414,6.069112702843946
25,20,4.969580263827876,7.307654878735526
26,20,1.8845522876712093,7.248756708175813
27,20,3.213182446333496,4.082573667889738
28,20,10.826225867643103,6.7532667712611
29,20,6.674496592952204,11.207908783677583
30,20,10.862277074711807,6.904084960870601
31,20,0.09255941855604988,1.2002745245815767
32,20,7.185263856835592,6.926987474576738
33,20,3.0103720790362676,2.077414108677592
34,20,3.0128299399058593,8.232200256633472
35,20,5.922503702595377,12
36,20,1.0319698602742475,8.062256604527644
37,20,12,0.32242578484889817
38,20,4.274820407024098,0
39,20,0,6.794280606532351
0,25,7.75451519868262,11.006906592677169
1,25,11.638762908601185,11.586979627942963
2,25,11.56766160806129,3.041015487810622
3,25,11.73560208962473,11.778446666881004
4,25,6.1534323395832535,10.91391194837026
5,25,11.199517937292624,11.592250874450286
6,25,4.654929787879242,10.795095064648804
7,25,4.2495344267296105,5.816345089031142
8,25,11.930397303008183,12
9,25,11.079411958459087,0.20127892808676337
10,25,12,9.9724450279457
11,25,5.925391665893976,11.843618294160938
12,25,9.061144134872666,5.978523141606674
13,25,0,7.974656799541004
14,25,6.2116260620260855,8.400370412442221
15,25,5.0339370821148215,4.74041901423929
16,25,4.583221503344519,10.673630549973504
17,25,9.202775296352934,1.4367678477865917
18,25,4.449515775023215,11.050468345515242
19,25,0.1093410773135444,10.895144039560547
20,25,4.670894033655097,10.825867154761609
21,25,7.303863464740218,4.841148212608168
22,25,10.112994699434543,7.746894609400116
23,25,8.116823717836796,9.537894875108586
24,25,10.047344578999287,6.068578019338446
25,25,4.961084593062194,7.366786511062362
26,25,1.862391248161807,7.303840017648932
27,25,3.2738745515645395,4.050685562440677
28,25,10.78063595576168,6.690808972250056
29,25,6.615858418869872,11.241514243911295
30,25,10.822496509867783,6.878295249835504
31,25,0.10938779431072562,1.2381323381368663
32,25,7.227418205896971,6.910688434491954
33,25,3.0092678226539133,2.068300665697255
34,25,3.019117036509125,8.29780848158928
35,25,5.933804379131238,11.998210376731477
36,25,1.028090480358947,8.054846151603542
37,25,12,0.38453076692570026
38,25,4.301492956855385,0
39,25,0,6.736810955496946
0,30,7.711183409603417,11.076707105828154
1,30,11.560402848157414,11.496683034668914
2,30,11.464216065037702,3.0513708632737875
3,30,11.687254772826758,11.735950763958785
4,30,6.181950991957576,10.897889436594363
5,30,11.231039911207992,11.52688624062175
6,30,4.561274720597158,10.739090326993049
7,30,4.292657086026485,5.782746990327513
8,30,11.912657155168672,12
9,30,11.09241060116313,0.23741914967954852
10,30,12,9.971259388705647
11,30,5.91946290421572,11.831404473325478
12,30,9.06030180283062,5.9788180336850605
13,30,0,7.967703738926624
14,30,6.238271338895584,8.45464101110205
15,30,5.036369755303272,4.718465366992768
16,30,4.484377200588128,10.598971544226277
17,30,9.238093469298876,1.51549169596955
18,30,4.323513866297636,11.064277324128081
19,30,0.10137439527945472,10.901872963917242
20,30,4.608688980860237,10.793494593484665
21,30,7.322027747550248,4.831002884522679
22,30,10.131488455967045,7.704072808073931
23,30,8.158481110054895,9.394655480131775
24,30,10.084690098798246,6.068137636083189
25,30,4.950501407366438,7.436247827520616
26,30,1.8360570745236726,7.368419689272043
27,30,3.3297520272727574,4.021901454536049
28,30,10.735282950247429,6.62688709005371
29,30,6.559442395380772,11.274536680399992
30,30,10.773055224293246,6.845731008755118
31,30,0.12272857230690462,1.2675364688780522
32,30,7.260926969701872,6.898413392016147
33,30,3.0066842367623474,2.0467016323349947
34,30,3.025898019104436,8.363667454463814
35,30,5.936066368720189,11.997858675566748
36,30,1.035221510642568,8.068582676177538
37,30,12,0.46457896527044695
38,30,4.333619785887666,0
39,30,0,6.6798990002313205
0,35,7.675278289764948,11.134084924300149
1,35,11.474324974271582,11.3961536820846
2,35,11.357611291499776,3.0597955685321905
3,35,11.621969877336658,11.681283397023313
4,35,6.2014231683939265,10.88745589714548
5,35,11.264157997080229,11.465284031966325
6,35,4.452404560763591,10.673529685584725
7,35,4.319004944134995,5.761888706350518
8,35,11.90192438324904,12
9,35,11.09031668719793,0.23158839192657663
10,35,11.992852247595044,9.971887943858702
11,35,5.915432274728631,11.823448824109217
12,35,9.060017824694333,5.978917283124837
13,35,0,7.956316922230336
14,35,6.276857164628815,8.53241652491568
15,35,5.0402830861172445,4.685205754086969
16,35,4.37841146794145,10.520231413313187
17,35,9.269643332654496,1.5916159113972794
18,35,4.201692616103563,11.079243226187787
19,35,0.07540335576996496,10.923461724076805
20,35,4.567860996516788,10.771245996216404
21,35,7.32856007679572,4.827326769581036
22,35,10.150057246106183,7.661050123439638
23,35,8.19884310141633,9.250888818323975
24,35,10.119406838119703,6.068044841906283
25,35,4.9404169137210285,7.50424164645208
26,35,1.8150384959590284,7.42539737020057
27,35,3.3844705232757653,3.995155468953065
28,35,10.694887150200268,6.569831599010581
29,35,6.528529888167476,11.293830817537001
30,35,10.735524585677942,6.819789522961068
31,35,0.1343846933816289,1.2921788216247638
32,35,7.317606051988944,6.878204342273918
33,35,3.0027899694706317,2.0135105611786694
34,35,3.0294565132300972,8.400797410204934
35,35,5.947095573917823,11.996155154340485
36,35,1.0395250658994306,8.077805407643497
37,35,12,0.5382932401419016
38,35,4.36694697039194,0
39,35,0,6.619314139562142
0,40,7.633605962149082,11.203441889797421
1,40,11.396551863956647,11.299912968506257
2,40,11.258647462950622,3.0647252391934092
3,40,11.552468896153977,11.619765354385093
4,40,6.2439901588489395,10.862017109804611
5,40,11.297221810559948,11.405549097815193
6,40,4.363547686213363,10.621574736479635
7,40,4.352041146443234,5.735349487094828
8,40,11.899134318926116,12
9,40,11.086424659239032,0.22007991219479542
10,40,11.954114756594779,9.974876841465573
11,40,5.91471170433542,11.82202886753235
12,40,9.058730741708903,5.979387049996408
13,40,0,7.947180560830978
14,40,6.314601438342152,8.607795982859633
15,40,5.043401149465079,4.662983928722792
16,40,4.237976172003099,10.415916396967608
17,40,9.293892109579614,1.652888828698267
18,40,4.072538244675973,11.09777348281134
19,40,0.05840012248189548,10.93721720784641
20,40,4.50957175650014,10.73810307574522
21,40,7.335203852661975,4.823770789395893
22,40,10.174568390523568,7.604410210401799
23,40,8.240970999739174,9.106122444649428
24,40,10.171682141356797,6.069593978508908
25,40,4.931336067433817,7.5628029267842445
26,40,1.7948341374137289,7.48468082323954
27,40,3.4264159429597,3.974354699759012
28,40,10.658700047354483,6.519336266301257
29,40,6.474657520112737,11.328489828405385
30,40,10.689388856070511,6.788838694280313
31,40,0.14580071633288272,1.316689462411507
32,40,7.3781944674327855,6.857506695461476
33,40,2.995643771701513,1.9603248329477134
34,40,3.0327470311340194,8.438538513945211
35,40,5.980785190975985,11.991146083776115
36,40,1.050449319675107,8.100772706090817
37,40,12,0.5975287639685649
38,40,4.390796889724125,0
39,40,0,6.560414934316006
0,45,7.595415282924011,11.272376425260221
1,45,11.329897390688984,11.212645086512044
2,45,11.181628804884987,3.069270492215226
3,45,11.488082310504423,11.56533819461085
4,45,6.284059349903144,10.837408918333336
5,45,11.33791503319456,11.33839405018066
6,45,4.274116345634668,10.56963562357322
7,45,4.392563066348992,5.702848639878207
8,45,11.90419406207354,11.995004426311045
9,45,11.085916455394093,0.21861603847978756
10,45,11.913957992661047,9.978713166996867
11,45,5.921013258523568,11.835276937595935
12,45,9.01510867755416,5.993794222175391
13,45,0.01436651482963455,7.951133095966607
14,45,6.3438836993343255,8.66625124990525
15,45,5.04845585855764,4.630967072079842
16,45,4.099279923357566,10.31626744462423
17,45,9.32073135159422,1.7194040211894825
18,45,3.94160209553477,11.11938885294865
19,45,0.04904457643563762,10.944938859261763
20,45,4.468468671092403,10.713780782963465
21,45,7.343318657614606,4.819355078690084
22,45,10.202944260095505,7.539032247932129
23,45,8.284955263750819,8.956580468434453
24,45,10.225154594246678,6.071078915867957
25,45,4.9248608589344665,7.603379781245657
26,45,1.771191399348394,7.552519103608243
27,45,3.488308243220274,3.9450131860320505
28,45,10.615318645887335,6.462865334902959
29,45,6.426147207083797,11.359196893881228
30,45,10.631543664285463,6.752619577686882
31,45,0.16196441582165477,1.350407536304151
32,45,7.456129357084769,6.831183952963377
33,45,2.989622038162628,1.9185259279368307
34,45,3.0358246840397185,8.46920511686121
35,45,6.040141767138316,11.981808906504424
36,45,1.0576922689628458,8.115363107798201
37,45,12,0.658842670826646
38,45,4.404709408997684,0
39,45,0,6.4843755394619045
0,50,7.545088279561014,11.362467809489733
1,50,11.255687979839859,11.122066080688557
2,50,11.102734978794475,3.0736812278808974
3,50,11.421750953035984,11.513017213269627
4,50,6.323844818172383,10.811976586832117
5,50,11.37924220444361,11.276018168242878
6,50,4.19996555850034,10.52523543307618
7,50,4.427784595536818,5.676312842767467
8,50,11.901748791149359,11.997226082135795
9,50,11.083614351172848,0.2121356874132363
10,50,11.887415850040975,9.981317361415513
11,50,5.933567034942658,11.861599497368452
12,50,8.979471703529851,6.004977868722831
13,50,0.03648129154215594,7.957113809090512
14,50,6.3826038238503475,8.744039753194302
15,50,5.050607011576646,4.618491193180276
16,50,3.972358471352132,10.224422604978649
17,50,9.353239119681033,1.8021053233190616
18,50,3.809871862910655,11.142317260013618
19,50,0.029223713650861318,10.961585123367767
20,50,4.43443477995388,10.69414435366614
21,50,7.3596785984837885,4.810704201415152
22,50,10.225674627518881,7.487823131866056
23,50,8.32631136163916,8.81562745028186
24,50,10.289158321362832,6.074360338081252
25,50,4.890176544542794,7.597771466584668
26,50,1.7420777410326291,7.6400351759992295
27,50,3.5556234554735564,3.9152038783284753
28,50,10.565159084276871,6.395737403983855
29,50,6.369003740233349,11.396821307249391
30,50,10.556347353888695,6.704854412504786
31,50,0.18070395236237394,1.3906238332638483
32,50,7.528060973352073,6.806444231981284
33,50,2.9844441091965055,1.8819584819236055
34,50,3.0391401485934746,8.501004004782452
35,50,6.086117581758033,11.97511402813409
36,50,1.0703074509324768,8.14136488194589
37,50,12,0.7142899571731203
38,50,4.431011664074014,0
39,50,0,6.396415512807692
0,55,7.498654829518179,11.450962995660843
1,55,11.189423453009047,11.042550783551096
2,55,11.02342540583175,3.0809880673233745
3,55,11.349203468071055,11.455044488367326
4,55,6.339493864429701,10.802284787867706
5,55,11.423566014939043,11.210134010497562
6,55,4.1455080280711165,10.491904591754967
7,55,4.471079470231433,5.642575227365793
8,55,11.885980348955844,12
9,55,11.080454651361062,0.2043065842251816
10,55,11.858574868573031,9.983486818513367
11,55,5.946556651642986,11.888621315045643
12,55,8.950846297698003,6.01380607115549
13,55,0.0525196770315914,7.961712331948734
14,55,6.421681541976094,8.825549388790773
15,55,5.055589938661644,4.595085205108991
16,55,3.840192174617062,10.127183847018653
17,55,9.384887861044623,1.8861699605683868
18,55,3.6706634809700978,11.167312015328672
19,55,0.012395125835305134,10.975873404873363
20,55,4.394057076502875,10.67149998866616
21,55,7.380435515267999,4.799621763254412
22,55,10.25389220208801,7.417738374422171
23,55,8.370628665681377,8.669559269909644
24,55,10.339217370769324,6.077922548948403
25,55,4.86870562717948,7.594081407182568
26,55,1.7099236819918893,7.745198905992794
27,55,3.6243150585463417,3.8837215436144157
28,55,10.520522589411964,6.331031246223803
29,55,6.305843827799836,11.438691806359651
30,55,10.485895730528474,6.658150996831377
31,55,0.20305230069569916,1.444141943973621
32,55,7.602457199433136,6.780186307587066
33,55,2.9802518644531344,1.840835098736482
34,55,3.043534564931975,8.541129003747155
35,55,6.115553515814414,11.971558168867519
36,55,1.0847083022564972,8.169210261194454
37,55,12,0.7702408274587091
38,55,4.440295334607822,0
39,55,0,6.308990571492137
0,60,7.448989561025246,11.544619870359103
1,60,11.129744684050372,10.97170547659348
2,60,10.95040800116006,3.0873207022933338
3,60,11.28014291390893,11.396321417723827
4,60,6.3554105495911095,10.792618908897124
5,60,11.468371625155896,11.144619493036918
6,60,4.107113201875405,10.46752182805345
7,60,4.524466064992875,5.602174748814927
8,60,11.869311584649402,11.981442599132468
9,60,11.074109152310978,0.18718903767695538
10,60,11.848288824610172,9.984155854262248
11,60,5.9481306080133605,11.891726270739893
12,60,8.919265817689885,6.0243767050305586
13,60,0.04408552756029264,7.9594797697738215
14,60,6.457509201241867,8.907876235523208
15,60,5.062624831876776,4.5640689417554325
16,60,3.7179344127152367,10.03369064027284
17,60,9.41569866976693,1.9694083242065008
18,60,3.5490257345779517,11.188954681288175
19,60,0.009934104242880097,10.978003658896197
20,60,4.344633292426776,10.64358903659779
21,60,7.373561639307477,4.80315154254232
22,60,10.282331553360725,7.347132442119198
23,60,8.41187005162263,8.520186722434078
24,60,10.396485453084797,6.082395283228121
25,60,4.836160678359843,7.589097281411876
26,60,1.68306226259258,7.83531529180237
27,60,3.6954641359300924,3.85183520531616
28,60,10.468839733843952,6.257424657834691
29,60,6.2366571262851815,11.484853938885976
30,60,10.41756818275565,6.6133812912147425
31,60,0.21799353299852622,1.4815047630782274
32,60,7.667000363631454,6.757519283995517
33,60,2.977044268650886,1.8106057370145996
34,60,3.0481983791722063,8.576868479354925
35,60,6.150345250189379,11.96717719617774
36,60,1.1030094878987464,8.203387057143356
37,60,12,0.8272088086593323
38,60,4.441805494121017,0
39,60,0,6.227448828941305
0,65,7.398422319629021,11.634726106341159
1,65,11.075436044372504,10.904815501135449
2,65,10.872399091753955,3.093402396564418
3,65,11.19167292742617,11.321038644996069
4,65,6.350852238126866,10.79537130636821
5,65,11.507055454230372,11.089110312017516
6,65,4.06761192108997,10.4420907710484
7,65,4.590843885149805,5.551561203697688
8,65,11.845865120427653,11.955463646081036
9,65,11.068486804041004,0.1731124452943457
10,65,11.847786124431671,9.984182857851444
11,65,5.940337888388736,11.874167073416853
12,65,8.895964763259734,6.031843700606413
13,65,0.018447707433311304,7.952504148496564
14,65,6.492536102435026,8.986768031409559
15,65,5.068427446407882,4.535418441952066
16,65,3.568658986226599,9.922147598607799
17,65,9.44777085898353,2.052586628757241
18,65,3.4247760107966343,11.211466274436
19,65,0,10.989072865247977
20,65,4.28865134456738,10.611356569109656
21,65,7.344346025288203,4.818263860315373
22,65,10.316284204128637,7.269464469118717
23,65,8.45411859521845,8.361936459337446
24,65,10.483806816530526,6.0897529397813965
25,65,4.808552450433934,7.584576433733969
26,65,1.6527508842041687,7.926984469461674
27,65,3.791895251869857,3.812572875186992
28,65,10.423459151479248,6.193858662549589
29,65,6.175720636076943,11.528158635530072
30,65,10.354452035130402,6.571947486401344
31,65,0.23710547402880633,1.5257504648712856
32,65,7.756796941143747,6.72187460155108
33,65,2.9763940861805134,1.8045507158660097
34,65,3.053031984352477,8.620780532011956
35,65,6.206187739403851,11.959745401396775
36,65,1.1197588662785332,8.233680077834908
37,65,12,0.8756457352114301
38,65,4.439322784638519,0.0019102130192839531
39,65,0,6.141106770460008
0,70,7.340866960411929,11.73192085603527
1,70,11.007983791068746,10.82089842585802
2,70,10.823094095482157,3.0950976046091947
3,70,11.104218270751414,11.250353766924643
4,70,6.352827988630434,10.79416553942721
5,70,11.538323477666573,11.044506797969763
6,70,4.062634725317147,10.438777387625853
7,70,4.654852753160254,5.506393217256835
8,70,11.82087610686777,11.927268917926545
9,70,11.06591395792465,0.16668897303401845
10,70,11.858709689626922,9.983707532418459
11,70,5.943907259453858,11.88198826219779
12,70,8.860330170851805,6.042520011134174
13,70,0,7.94430874178691
14,70,6.523721695512381,9.056643934320725
15,70,5.074339852731906,4.507405119509566
16,70,3.4350741860627623,9.826400037589982
17,70,9.47398232013917,2.123774100228215
18,70,3.2878286582522445,11.236043233542325
19,70,0.00990315332563128,10.981167394405588
20,70,4.217313704412245,10.571957690511812
21,70,7.34463141630177,4.818109413609277
22,70,10.349327114801582,7.193775353256657
23,70,8.491724041832969,8.205243699007308
24,70,10.552947878207519,6.0925032000293085
25,70,4.771322590271305,7.577254991284729
26,70,1.6183986396176544,8.032905048325908
27,70,3.8973988518340206,3.770117981703864
28,70,10.370602312795345,6.120562827343345
29,70,6.113536472064939,11.57147987897023
30,70,10.270874583718706,6.516076476331489
31,70,0.26264075033910556,1.5926981632353758
32,70,7.840467566228452,6.689822610504356
33,70,2.9775995901314536,1.8152469078993085
34,70,3.0551695779576766,8.640404509233708
35,70,6.252002219428372,11.953534153123336
36,70,1.1289541004585373,8.249600863561792
37,70,12,0.9184558189805989
38,70,4.411717201400249,0.023416691190396126
39,70,0,6.058723924588019
0,75,7.289710827310525,11.820762385815705
1,75,10.945385475279236,10.742357167646723
2,75,10.760246436220006,3.09672885501566
3,75,10.999076016495094,11.170351084142553
4,75,6.388239969104727,10.773396497153845
5,75,11.56474380973655,11.005445161615132
6,75,4.064972059306191,10.440318883408436
7,75,4.728361002125701,5.458243510313082
8,75,11.798899782236527,11.902312175266058
9,75,11.071567604400004,0.18072772471950213
10,75,11.884142606820186,9.982136387706715
11,75,5.944115377082676,11.882489647275756
12,75,8.815252462557496,6.056627874814734
13,75,0,7.9384918615000695
14,75,6.552685471492314,9.123596538467563
15,75,5.083196348264505,4.4629111624351285
16,75,3.298664068304057,9.727628060027516
17,75,9.49927608952852,2.193869688563541
18,75,3.1462759709579196,11.263599622411418
19,75,0.03375120911085799,10.96227300668601
20,75,4.139193590417782,10.531061250120496
21,75,7.334054370506766,4.823308580449612
22,75,10.385032405522388,7.117178199718695
23,75,8.529835232434314,8.0498413921709
24,75,10.611632384780458,6.093872856624978
25,75,4.740909780959195,7.570606037523441
26,75,1.5864085867127269,8.133631040546126
27,75,4.004692304082457,3.7275305977774376
28,75,10.313311049972091,6.04192068489508
29,75,6.050732078604116,11.612685137942997
30,75,10.198286748860054,6.465323900271968
31,75,0.2820714921385652,1.6431750973578918
32,75,7.9085434866670274,6.66241468680285
33,75,2.979040211683632,1.8287838870379594
34,75,3.057636450350894,8.666755198432908
35,75,6.302895372739355,11.947465149416775
36,75,1.1463104821273224,8.282556103534102
37,75,12,0.9609941932794568
38,75,4.382843575737851,0.04630570339602072
39,75,0,5.970394417362855
0,80,7.235398911147045,11.91965444449334
1,80,10.897442595977457,10.681036580078315
2,80,10.703795678426133,3.0972675667913183
3,80,10.891502526393381,11.092826624526882
4,80,6.437715309477311,10.745296018404957
5,80,11.58175717697167,10.981475190114619
6,80,4.057797343871485,10.43527880569691
7,80,4.81708822337152,5.396280029784632
8,80,11.784869455136072,11.885504629870544
9,80,11.073625924085176,0.18574491678145386
10,80,11.907259594718072,9.980068357309179
11,80,5.941169765487446,11.875377521673167
12,80,8.79010039916522,6.063961101435124
13,80,0,7.927353835581027
14,80,6.5974560546015875,9.223120495408319
15,80,5.098133024811106,4.3919616026573305
16,80,3.15317458758173,9.624146370545732
17,80,9.525901138845258,2.268548258333077
18,80,3.0056658235946356,11.28998427357765
19,80,0.06411380627013719,10.937931576538842
20,80,4.061638341945956,10.490128455349119
21,80,7.3045989484928,4.837279214856198
22,80,10.417348578116211,7.047469290746931
23,80,8.567097842663339,7.891497922549346
24,80,10.663899240826515,6.095419116598575
25,80,4.720478822047129,7.56658990368265
26,80,1.5533360015570465,8.242838444846587
27,80,4.103083726681328,3.6905323517873083
28,80,10.250879812782166,5.958364830151023
29,80,5.986048093932498,11.655264348463758
30,80,10.123120588476384,6.414564010018231
31,80,0.30784555107099215,1.7111590813446185
32,80,7.968297759669353,6.638390105071158
33,80,2.979406825354703,1.832671956776988
34,80,3.060481784027326,8.705513823598208
35,80,6.3686698300306945,11.941446059834632
36,80,1.1606533990331902,8.307998790920578
37,80,12,1.0061159390505716
38,80,4.372558220965967,0.05468122948065973
39,80,0,5.8825235187485285
0,85,7.1810405911296735,12
1,85,10.8576944336171,10.629468292023082
2,85,10.62754035746615,3.097542831180135
3,85,10.763065670763856,10.996246351245514
4,85,6.484318445943266,10.71889368850071
5,85,11.592350616720887,10.965940909458967
6,85,4.04064899673452,10.42305917096928
7,85,4.922035377761095,5.33044967482364
8,85,11.78268191034368,11.882890318271386
9,85,11.084864968008198,0.21129259205231177
10,85,11.912800833984724,9.979605619068124
11,85,5.931169476018066,11.851014625808316
12,85,8.7679908511398,6.069931879759674
13,85,0,7.913587741829817
14,85,6.638498394727313,9.324251931711741
15,85,5.107218182440172,4.3524015602729795
16,85,3.0085131683671587,9.516192417359179
17,85,9.549999746715436,2.3369867048720887
18,85,2.872552381929718,11.318425114148372
19,85,0.08168570037762156,10.924300805604666
20,85,3.9878093532771506,10.450929353482191
21,85,7.274656561447964,4.851551969536226
22,85,10.451241987330167,6.977431737337731
23,85,8.613510558251514,7.692541664968568
24,85,10.720397299481501,6.0964503825643925
25,85,4.682927162115888,7.55900498910232
26,85,1.5307825876109897,8.321857084180834
27,85,4.170139211564418,3.6653462620417994
28,85,10.184864255792133,5.86860958206693
29,85,5.937318608430006,11.688012614613035
30,85,10.038117380695823,6.356419985393924
31,85,0.3315152203102674,1.771084983647608
32,85,8.027860123013653,6.613532890283626
33,85,2.9777906268334484,1.8174389204153967
34,85,3.062606037728585,8.73840299166357
35,85,6.433601772465363,11.933699418019287
36,85,1.1748533274486417,8.332069081358505
37,85,12,1.0375316271725734
38,85,4.359638110201033,0.06526075612115964
39,85,0,5.789337537396386
0,90,7.127902841061874,12
1,90,10.813050666452808,10.572084663355128
2,90,10.545827949488874,3.0971950338668095
3,90,10.631348269789736,10.890075020944009
4,90,6.551555087945669,10.68139748610984
5,90,11.600331627622802,10.954514381260863
6,90,4.02001029404521,10.407358496168643
7,90,5.033579438200518,5.26057832078336
8,90,11.776280900483686,11.875568326145178
9,90,11.09544947372787,0.2356335916935544
10,90,11.927099741624577,9.978730835415389
11,90,5.918935212343958,11.818763036128464
12,90,8.742156361321012,6.076194963089934
13,90,0,7.896070317794219
14,90,6.684008863517289,9.431451872655172
15,90,5.117546056277605,4.30956126336699
16,90,2.862951453774977,9.402950787233472
17,90,9.573726122170324,2.405075478420431
18,90,2.7324667333226094,11.346495027438339
19,90,0.10908963277732345,10.901805332784933
20,90,3.8957981181427654,10.40609980750245
21,90,7.242829478231175,4.865892961081261
22,90,10.484696843741206,6.907536418815803
23,90,8.66049329497361,7.512545022990564
24,90,10.794651181169124,6.097625659383536
25,90,4.627288145395974,7.546150427388762
26,90,1.4985702451040277,8.432961854567745
27,90,4.2381731893591965,3.638269153469534
28,90,10.117013994600395,5.778208313584701
29,90,5.875378026303191,11.731481058646105
30,90,9.93422631269642,6.283964298931483
31,90,0.3517258278451327,1.8237286939004351
32,90,8.085684316573394,6.589330797979631
33,90,2.9779012946038743,1.8183329468500784
34,90,3.0658935361214,8.782047112761546
35,90,6.510748175133353,11.924435126671451
36,90,1.1842684136512829,8.347435855642141
37,90,12,1.0948031599300974
38,90,4.353146485299601,0.07104381993159209
39,90,0,5.692110510201067
0,95,7.07950069344827,12
1,95,10.769270270613832,10.515787583602107
2,95,10.467642854691864,3.098457531466409
3,95,10.501195623681856,10.784290473608792
4,95,6.632620860528885,10.63306265732163
5,95,11.579107824957392,10.984682826504784
6,95,4.001545129016244,10.392295845428453
7,95,5.142894061816525,5.190889128487699
8,95,11.776202687660728,11.875477696531782
9,95,11.107830079979879,0.26393217643634187
10,95,11.927340819061621,9.97871227866434
11,95,5.917260711288464,11.814231323193026
12,95,8.71629707194068,6.081872057613279
13,95,0,7.882373313999386
14,95,6.724108889667362,9.523289940437198
15,95,5.125727374401735,4.2768167755547255
16,95,2.729682469081905,9.299174617541572
17,95,9.606173378292732,2.5019589669925426
18,95,2.5694778820848954,11.38185065106964
19,95,0.1357096136654116,10.880198192721998
20,95,3.825459753869976,10.371781463410514
21,95,7.2186801648215795,4.876301826862251
22,95,10.52678488049633,6.811340484773916
23,95,8.712344970452053,7.316337425948617
24,95,10.848811679034817,6.099283432280068
25,95,4.580814879328893,7.534923784757546
26,95,1.4701547488376734,8.53268554099619
27,95,4.312032991491537,3.6089240344864986
28,95,10.044403438982737,5.684742648639719
29,95,5.814435445736863,11.773883394629326
30,95,9.820491717610654,6.202565037617526
31,95,0.36327692422467517,1.8546757103452574
32,95,8.141135117624327,6.566305417519954
33,95,2.9797796742604463,1.8336735253602325
34,95,3.0681795292345853,8.840686146689231
35,95,6.588878907152801,11.916744246324761
36,95,1.1897959454823732,8.355785401059208
37,95,12,1.1601732786196493
38,95,4.332760398372172,0.08979087135203463
39,95,0,5.6152408337858235
0,100,7.1583608337059665,12
1,100,10.728958733260978,10.467332609976
2,100,10.3997238828193,3.100715432410033
3,100,10.377747864599689,10.68601797432883
4,100,6.707182426174995,10.588565646793962
5,100,11.542590919753552,11.034177302079016
6,100,3.9876527592077786,10.38153820158236
7,100,5.239184118035623,5.1286349093505965
8,100,11.785457201160426,11.886215483647975
9,100,11.126890514167876,0.30569702560568535
10,100,11.9245467581025,9.97898913208434
11,100,5.91360507774691,11.804215088472333
12,100,8.696741954434236,6.085667447569788
13,100,0,7.867462234438692
14,100,6.77197431891849,9.623318783606406
15,100,5.1368507871024605,4.237574969394865
16,100,2.5773844860750525,9.1777498591497
17,100,9.627889430247212,2.5656710044500093
18,100,2.419020651695141,11.414802074025014
19,100,0.16710091502615423,10.8525240773618
20,100,3.768605371551456,10.343681725524593
21,100,7.195446979561813,4.886324802006508
22,100,10.572067150928252,6.714611234886994
23,100,8.760611146499215,7.130079567980408
24,100,10.894883779707643,6.101210872245953
25,100,4.531247972232577,7.522472582813822
26,100,1.4371828068175392,8.656535630827713
27,100,4.281061707626447,3.530120035120615
28,100,9.963899407134548,5.583560372986798
29,100,5.780214860951939,11.798426122117116
30,100,9.708802724684347,6.1211714400181805
31,100,0.37992338028919426,1.8977331760831313
32,100,8.213393434470676,6.538837137675169
33,100,2.980008137209722,1.8357486547125799
34,100,3.0691736992485166,8.892137805737217
35,100,6.641621065248729,11.911555320796502
36,100,1.18738668260239,8.352203340056107
37,100,12,1.2120719365742185
38,100,4.301876601230199,0.11768621148288166
39,100,0,5.545242529650252
0,105,7.225287415747405,12
1,105,10.69633738101014,10.42758304359318
2,105,10.31217361015346,3.106041200820232
3,105,10.248261359190273,10.582238808746121
4,105,6.78360188688935,10.543566548518147
5,105,11.505345507745066,11.08529072802081
6,105,3.9733094476258493,10.37052270641293
7,105,5.345451700489455,5.059645867871033
8,105,11.804317522724059,11.908264857869769
9,105,11.146305416305534,0.34713448848832873
10,105,11.927382644146935,9.978697361365516
11,105,5.90857059348324,11.790922412797617
12,105,8.656245335899019,6.094180295432938
13,105,0,7.846634390698194
14,105,6.824538301278485,9.73155168887644
15,105,5.15243081141409,4.18344294461362
16,105,2.4169276875076307,9.046558300656166
17,105,9.6559228629987,2.6463455891740204
18,105,2.296890529326182,11.44120887377064
19,105,0.18180003676605577,10.838512727975239
20,105,3.7155049447384783,10.319891389709937
21,105,7.166980362540937,4.89860901666196
22,105,10.614881172627406,6.623252048173759
23,105,8.580955723530854,7.08288244147182
24,105,10.967609117590124,6.102679554222092
25,105,4.476425695977175,7.5076664993658175
26,105,1.4048337283838161,8.7693622444919
27,105,4.247610959832724,3.447010253132954
28,105,9.88375030421002,5.481605697945816
29,105,5.747721438564832,11.821186821300909
30,105,9.596410966014268,6.04185707595478
31,105,0.3998416017807705,1.9464098870004827
32,105,8.28653436020934,6.509100781042653
33,105,2.9808215458333693,1.843863138638043
34,105,3.069220530318181,8.92986278973454
35,105,6.680891182642382,11.908956818317137
36,105,1.2032335224493773,8.375678612980483
37,105,12,1.2598605189554248
38,105,4.33479563552509,0.15185386856126007
39,105,0,5.47278414215768
0,110,7.3035229261852495,12
1,110,10.660408415710059,10.385851359188553
2,110,10.242172432827804,3.110980434839662
3,110,10.1225749941625,10.482227673683033
4,110,6.860248358230069,10.497356101945
5,110,11.469584532425765,11.131226498717071
6,110,3.95016558277327,10.352666628720216
7,110,5.448826171749596,4.993631222813598
8,110,11.812332055011623,11.917192041808987
9,110,11.165338024837256,0.387315548608336
10,110,11.9265151896884,9.978796480930232
11,110,5.90591241725218,11.784061182423724
12,110,8.635223230058866,6.099096451252652
13,110,0,7.823945956454726
14,110,6.873506162449992,9.836868597409653
15,110,5.163552469326462,4.14322759547412
16,110,2.2609718589884094,8.917610679979733
17,110,9.687390883962305,2.7387801116217103
18,110,2.162257324082091,11.472907120984756
19,110,0.1739175914148649,10.845972548900006
20,110,3.655022226474807,10.294827043912607
21,110,7.145954174577119,4.907760466646119
22,110,10.652358393069633,6.534164451650618
23,110,8.396797384663506,7.040216791156275
24,110,11.05712071207748,6.106476266756105
25,110,4.425529969559188,7.4933749756229675
26,110,1.375847401448192,8.87458364534434
27,110,4.205638237630044,3.343613560903551
28,110,9.806403938501875,5.381004332844859
29,110,5.703303969203774,11.850909239261822
30,110,9.479613894752358,5.958561759175379
31,110,0.41572201330753056,1.9830856232662095
32,110,8.37968451492758,6.468420702261897
33,110,2.9809034104674543,1.844749125292156
34,110,3.0682297207765297,8.969629247596927
35,110,6.706456297514326,11.907322472458407
36,110,1.2189157372648662,8.398127189388347
37,110,12,1.3336526480706759
38,110,4.363655959094483,0.1808239351043772
39,110,0,5.394459556692142
0,115,7.3883671744981125,12
1,115,10.61429816260218,10.335509726354147
2,115,10.185064416065757,3.1146203872137628
3,115,10.005858930692536,10.391542841683021
4,115,6.958073265852826,10.43724401123347
5,115,11.433818696825687,11.175394419132573
6,115,3.932805529002521,10.338882753675
7,115,5.560540657741711,4.924236445913409
8,115,11.820573376800803,11.926517393885971
9,115,11.183051364473002,0.4227288151030985
10,115,11.90544857837076,9.98085078103665
11,115,5.901143840002376,11.77237997569999
12,115,8.618996226409527,6.103723038445133
13,115,0,7.798280080909688
14,115,6.925963969164877,9.952724247972949
15,115,5.178905568407469,4.093288599837504
16,115,2.077668852309159,8.786484495528235
17,115,9.720018563495477,2.8335887123043317
18,115,2.023086933282566,11.504491814166503
19,115,0.1634273436489786,10.856218906759034
20,115,3.59336199680156,10.268923220885275
21,115,7.11470704059034,4.921229270157854
22,115,10.688959008938022,6.452711379476369
23,115,8.199070939801363,6.987668061605863
24,115,11.140237186099837,6.1093248966998965
25,115,4.366152848793293,7.476666859513658
26,115,1.3419098645304077,8.988267579011072
27,115,4.1590222145662645,3.2389113522948643
28,115,9.724254541559544,5.274463724273156
29,115,5.677828457176255,11.868379166642121
30,115,9.363532781818927,5.879235323581464
31,115,0.42394160664100944,2.001278437060029
32,115,8.471841545123825,6.427334214168054
33,115,2.981962774264679,1.853226879980257
34,115,3.0673358802189803,9.00261702903136
35,115,6.7404086340498335,11.905112680208767
36,115,1.2350915083503815,8.420362179543616
37,115,12,1.405339065735032
38,115,4.376660647135262,0.1931264190666809
39,115,0,5.3262996996570555
0,120,7.481117121010889,12
1,120,10.560834298027645,10.277496679539365
2,120,10.133160995378818,3.118185834896416
3,120,9.885550254308082,10.298383497569304
4,120,7.068727638677561,10.371523401307435
5,120,11.39001322114872,11.23211384668663
6,120,3.932659257491312,10.338765646130721
7,120,5.684248429220194,4.847595013577892
8,120,11.829335946254691,11.936039071895694
9,120,11.200117398238504,0.45531877084288896
10,120,11.88451554229721,9.983257507454745
11,120,5.900405643070052,11.770558126409373
12,120,8.595493176004593,6.110071207350786
13,120,0,7.77297303370952
14,120,6.979247548993965,10.07530476609296
15,120,5.197100939874271,4.033646614928257
16,120,1.90559433859771,8.663909117509903
17,120,9.755121333355412,2.9337680255390826
18,120,1.8800930041963069,11.534712499257202
19,120,0.1394436144111427,10.879700474465544
20,120,3.5361508773035824,10.245773269781964
21,120,7.098107434843906,4.928437812856156
22,120,10.721993494908059,6.379921519770375
23,120,7.997308686616146,6.9367793022031945
24,120,11.232589679233293,6.109930197485081
25,120,4.31753016776154,7.462260747237541
26,120,1.3063892786375257,9.108873272687896
27,120,4.121899208955655,3.1540866870731907
28,120,9.644785156357832,5.169861695450665
29,120,5.665782855423845,11.876760836871837
30,120,9.254034077840533,5.803588365844761
31,120,0.42660143278448204,2.0000283304846196
32,120,8.571736122512961,6.3837231593454815
33,120,2.9828233449025015,1.8610253973003812
34,120,3.064877187330522,9.049466779428684
35,120,6.765040701629545,11.904119536873745
36,120,1.2554423806827506,8.44885756549657
37,120,12,1.4673855336036519
38,120,4.379716583278879,0.19606174236571514
39,120,0,5.252880733778972
0,125,7.568601089267917,12
1,125,10.506152572585012,10.218375904553882
2,125,10.080900764093222,3.122136330513926
3,125,9.763682290442352,10.206872181095884
4,125,7.162874443827035,10.314314163385747
5,125,11.341779889409048,11.29381397784479
6,125,3.939165841614708,10.34403877592469
7,125,5.7822105390937715,4.786902257197043
8,125,11.830831015059026,11.93768802211859
9,125,11.210002823611257,0.4749203413177721
10,125,11.872801711313885,9.984840154807692
11,125,5.891521828006504,11.748060709182658
12,125,8.57700091808381,6.11539958973921
13,125,0,7.748941365876578
14,125,7.024853915154412,10.183939193443642
15,125,5.208151446225657,3.9984745100387102
16,125,1.73765886472203,8.553353270486117
17,125,9.787151693902613,3.027918524241385
18,125,1.7250444583999625,11.56614487093044
19,125,0.12064622110456866,10.897546457936354
20,125,3.4969130092759895,10.230305191417518
21,125,7.0953638196169875,4.929626877872621
22,125,10.758293950534538,6.304437956222775
23,125,7.8123199432283945,6.888990661689343
24,125,11.314543979555141,6.110516357134932
25,125,4.278286602130276,7.45028842030346
26,125,1.2648818220325413,9.252634183157431
27,125,4.086761520418427,3.074663117711621
28,125,9.567829330171053,5.071914267970365
29,125,5.663526725126322,11.878313501160342
30,125,9.135180608929021,5.719822384853722
31,125,0.4237551050174851,2.0012999298842447
32,125,8.662095068405089,6.340073162791647
33,125,2.9837406223607053,1.8712040971688877
34,125,3.0607097271065857,9.11850658739407
35,125,6.784576703965846,11.90333470773104
36,125,1.278115961487222,8.48147861177574
37,125,12,1.5434164674928388
38,125,4.377111772934186,0.19367373271049543
39,125,0,5.170011661948769
0,130,7.655299712755347,12
1,130,10.450566006277873,10.160520064785532
2,130,10.023890855955747,3.1284113300533507
3,130,9.644309988103457,10.121683637483587
4,130,7.243741441285628,10.266255315001194
5,130,11.296787353264353,11.349250364476573
6,130,3.9455842956329046,10.34946494355293
7,130,5.896377789518466,4.7169440382727075
8,130,11.83370340582758,11.940735186228206
9,130,11.234401398472377,0.5236370702494074
10,130,11.880171881445914,9.98389773110205
11,130,5.875172768119552,11.707815774552484
12,130,8.52798357337708,6.128763477326751
13,130,0,7.72517522089217
14,130,7.066555596032191,10.279841553678736
15,130,5.218285278418854,3.966007971913239
16,130,1.5660107548669049,8.441410716170529
17,130,9.821160412228139,3.132605481498027
18,130,1.5801599417723138,11.593177958825203
19,130,0.09567642435201956,10.920184679930221
20,130,3.4576878418827146,10.214491458780088
21,130,7.112451878386335,4.921684131535319
22,130,10.791699328137838,6.2347128445411295
23,130,7.629403984452216,6.837921979880123
24,130,11.398644840071563,6.1110579346110985
25,130,4.241832360480971,7.439233765278469
26,130,1.2177623750607522,9.408243288980092
27,130,4.1584571344726475,3.043819111578504
28,130,9.491401761222857,4.968174217130667
29,130,5.688684395185886,11.861066420311444
30,130,9.005182187409229,5.634362376477999
31,130,0.4299953933350539,1.9984572204004885
32,130,8.771817764687903,6.2892192364745005
33,130,2.987771813045965,1.9069184709258764
34,130,3.0563747327893664,9.201716078253446
35,130,6.81624981677982,11.901909054563449
36,130,1.3018857149613126,8.514667271047005
37,130,12,1.6201623218883285
38,130,4.3860038354008735,0.2024129742793467
39,130,0,5.089977870447179
0,135,7.7549581990249825,12
1,135,10.407618523242167,10.113539797681975
2,135,9.97539343781431,3.1338166140530954
3,135,9.532210865651084,10.041073952865037
4,135,7.326801786246537,10.215796679394211
5,135,11.257720320178338,11.396744496063489
6,135,3.94215325958562,10.346580359429794
7,135,6.019682029963783,4.640803493984825
8,135,11.850410026763578,11.958272382894497
9,135,11.258192646437719,0.570699823600819
10,135,11.882901402465693,9.983606527691412
11,135,5.86208384208626,11.674087281146935
12,135,8.496072598003426,6.136972439967736
13,135,0,7.696981875891398
14,135,7.114519699547886,10.38066615523601
15,135,5.224615699798924,3.945342985633243
16,135,1.387294914765776,8.323339511273486
17,135,9.858993262844066,3.2556603661349817
18,135,1.4119019562567339,11.624616607600299
19,135,0.08251677479101337,10.931644526061257
20,135,3.4113675943415025,10.196069680164358
21,135,7.101104597703487,4.8983925180145755
22,135,10.814590289252124,6.183783795496745
23,135,7.457989158371628,6.791211024506719
24,135,11.48896485669192,6.112041353919072
25,135,4.1872402343633945,7.423905397711707
26,135,1.1700560844768741,9.555180774396728
27,135,4.218438815472064,3.018510203522698
28,135,9.411993857304829,4.867454341024343
29,135,5.708384696619357,11.848180345031
30,135,8.880749588425124,5.557431622987581
31,135,0.43992507035545214,1.994201764605672
32,135,8.884922562533845,6.235207421859058
33,135,2.9902434937652806,1.9322389008209062
34,135,3.049591247982976,9.302861603574264
35,135,6.861384677229062,11.89922656933141
36,135,1.3202653044725536,8.539697679849393
37,135,12,1.6921985213258572
38,135,4.405209571825904,0.22141706907593137
39,135,0,5.02273410973647
0,140,7.841231005081035,12
1,140,10.368366308035359,10.07133747988815
2,140,9.939970179964812,3.1370244396276403
3,140,9.412628197279547,9.957639502527925
4,140,7.4037345447906695,10.172925116267466
5,140,11.211699605738334,11.449197872628334
6,140,3.949574092553524,10.352952182862698
7,140,6.127954906370117,4.5723376840935455
8,140,11.884333269960383,11.995166723319144
9,140,11.277062817461353,0.6066251978179188
10,140,11.873751955157331,9.984754282382585
11,140,5.848554535780097,11.636251003846791
12,140,8.473955368385546,6.142827529231419
13,140,0,7.667914393420728
14,140,7.163399887497948,10.482243725677705
15,140,5.23440050564685,3.9131591568893955
16,140,1.2097116169613091,8.199042385670872
17,140,9.90848798915229,3.4124987628151904
18,140,1.2504910486858705,11.65484175605517
19,140,0.07622298509221552,10.937043667844014
20,140,3.369871177202317,10.180022402128555
21,140,7.084608105854876,4.8663167428011125
22,140,10.840100941485836,6.127029562253092
23,140,7.280364611472622,6.743118912646201
24,140,11.584764591437516,6.110611691113584
25,140,4.142108732028117,7.411672936850605
26,140,1.119743082568695,9.715075374059996
27,140,4.290855355859725,2.989016798732967
28,140,9.3263647592434,4.760904452613062
29,140,5.736339982937395,11.829985360042352
30,140,8.758455620430599,5.481487878535797
31,140,0.43993969941721145,1.9941954588480388
32,140,8.988214352040233,6.187289304888877
33,140,2.991865354180633,1.9514995898917844
34,140,3.0439449645298864,9.454976711520462
35,140,6.918653529239072,11.894854364607601
36,140,1.346550220598261,8.574961659941145
37,140,12,1.7466731932854738
38,140,4.417988656348157,0.23401446578364954
39,140,0,4.969959887162949
0,145,7.926832043440551,12
1,145,10.339053979214608,10.040528887984527
2,145,9.931195684694192,3.137677098116792
3,145,9.28344802836558,9.866358772636822
4,145,7.356916506931869,10.093955947849523
5,145,11.165153488333177,11.50302098250767
6,145,3.9509677111222086,10.354148551888015
7,145,6.219102334161537,4.518593449712017
8,145,11.918084833240435,12
9,145,11.30287263616081,0.6533469360135485
10,145,11.879122779284911,9.983987511751373
11,145,5.832664492911928,11.594087328891437
12,145,8.46584093175403,6.115289210451684
13,145,0,7.634390260761434
14,145,7.212277437339793,10.583546552485522
15,145,5.242102588329707,3.886934098509926
16,145,1.0439297240594831,8.082785640507986
17,145,9.955440562011736,3.5562478470188417
18,145,1.0798358084653685,11.684847150074315
19,145,0.06096842121763947,10.949856631861039
20,145,3.3395782965678755,10.168374404256406
21,145,7.066775290024873,4.830876255559368
22,145,10.863795257753061,6.074177949167673
23,145,7.089972311043247,6.687559000761669
24,145,11.65119296190621,6.109128623316017
25,145,4.108386406128816,7.402922921446435
26,145,1.0694659104827058,9.872929895904026
27,145,4.366248851743574,2.957666767776344
28,145,9.247274494611911,4.655889337567806
29,145,5.734352951554804,11.831290600943708
30,145,8.622749717322373,5.395522307356138
31,145,0.4490165125253132,1.9904475385791875
32,145,9.085531006346947,6.142836954382744
33,145,2.994476987979118,1.979393526051053
34,145,3.0391087651596527,9.627011998497242
35,145,6.968045691505941,11.892014729869139
36,145,1.360940764225648,8.593267661693112
37,145,12,1.8070545806961875
38,145,4.410906905541427,0.2269755976279929
39,145,0,4.927563926206967
0,150,8.012706889092874,12
1,150,10.315629784680524,10.016562407050142
2,150,9.950686564316628,3.1361374867048712
3,150,9.141657159804867,9.765486691516458
4,150,7.2871140098202885,9.977745178153794
5,150,11.123241743873685,11.552834747610424
6,150,3.9590266667449465,10.360842360873194
7,150,6.291459602831708,4.475493257825362
8,150,11.949208513515007,12
9,150,11.330498232293635,0.7028226152273532
10,150,11.87612801410254,9.98446897972291
11,150,5.8113825308169735,11.537163033506337
12,150,8.456406039320655,6.080700609342504
13,150,0,7.596653791999218
14,150,7.272333512173938,10.702569286859907
15,150,5.248241020406729,3.8626333973713267
16,150,0.8927669598405347,7.976479219520749
17,150,10.000828140525428,3.6892285779920457
18,150,0.8960830448180064,11.717224424325261
19,150,0.0552630351152609,10.954849565300426
20,150,3.3041659461107895,10.155579688196337
21,150,7.041033866162493,4.781656148574473
22,150,10.893038291463034,6.0071502225361
23,150,6.903733714623781,6.631542061274469
24,150,11.682250505142274,6.108767145314593
25,150,4.067814427943255,7.394098396353849
26,150,1.018691462420947,10.03151492945767
27,150,4.439660785118068,2.9276196646169708
28,150,9.16041109561198,4.541523581977606
29,150,5.748250483773772,11.822479775424123
30,150,8.488877962486445,5.306984627708479
31,150,0.49203244845606264,1.972508336942897
32,150,9.167946990515476,6.102582871694855
33,150,2.9960870756791955,2.0000598592117185
34,150,3.0407904207229364,9.793411277597599
35,150,7.026090085024845,11.887922309222292
36,150,1.3719420042588224,8.606785464526672
37,150,12,1.8629422894040404
38,150,4.4166013328202816,0.232578802292893
39,150,0,4.894727732828874
0,155,8.095048100937158,12
1,155,10.305750119710877,10.006295117700443
2,155,9.983153404291537,3.133470299261305
3,155,8.993024427676868,9.665144403321744
4,155,7.195474941420833,9.82451291846629
5,155,11.08951187602373,11.593917577095528
6,155,3.952465763192293,10.355242440328922
7,155,6.3630864787912635,4.43286397752313
8,155,11.979401935434177,12
9,155,11.370666956981147,0.7731144119597185
10,155,11.86377270951641,9.986225521756328
11,155,5.793127515615644,11.484285143416507
12,155,8.468242588673021,6.07719452052321
13,155,0,7.554244532772109
14,155,7.337599166729785,10.831053469212607
15,155,5.254239390936897,3.836249930269348
16,155,0.7279221575183163,7.854927830492533
17,155,10.044253867395959,3.8173091750396635
18,155,0.7218087922386356,11.74612253872006
19,155,0.05575930617552075,10.954431511768705
20,155,3.247891720045606,10.133289098321441
21,155,7.01105673022608,4.720803435627256
22,155,10.915450460718668,5.957034906747421
23,155,6.727193417696048,6.577760512130478
24,155,11.715184452935503,6.10882042378076
25,155,4.021284103628789,7.38434397333039
26,155,0.9704172416507095,10.178552490246252
27,155,4.52986768197256,2.888494421064626
28,155,9.08066076329039,4.438455065537143
29,155,5.753288385965576,11.819526720756127
30,155,8.34024139769399,5.205992577546596
31,155,0.5243950548273135,1.959253093583658
32,155,9.250748656153888,6.0625847735814595
33,155,2.9978135777979262,2.0248587231887973
34,155,3.042259316629113,9.936621585886138
35,155,7.0704425991734094,11.88563758906168
36,155,1.3846386203544137,8.622072075574065
37,155,12,1.9460765954083354
38,155,4.426351226286111,0.2423031918396859
39,155,0,4.861580085950169
0,160,8.179267436160364,12
1,160,10.290525369750984,9.990411086094044
2,160,10.042325155792877,3.1295225737468693
3,160,8.819386765640088,9.553922267362065
4,160,7.109222843925623,9.68500062772907
5,160,11.127943650947756,11.62557475228006
6,160,3.9325791671006174,10.338034376305362
7,160,6.435013725804737,4.389638939904492
8,160,11.997484784660655,12
9,160,11.407990152362384,0.8403410185010926
10,160,11.84439340721676,9.9884370647594
11,160,5.7763723608091775,11.437570817198925
12,160,8.478870830463379,6.07387556923969
13,160,0,7.5128177947766925
14,160,7.399870049337638,10.95335404693105
15,160,5.262225870593272,3.796150151375553
16,160,0.5610125048190988,7.732609703685073
17,160,10.08757194051978,3.9548384473877163
18,160,0.5661022272197308,11.770749299980295
19,160,0.03967357821915557,10.968036719995766
20,160,3.194762480113148,10.112252290470161
21,160,6.972671630885014,4.642295743114098
22,160,10.93461933831012,5.910727839906504
23,160,6.547265498983285,6.524422850250989
24,160,11.75296101833941,6.1077173257163535
25,160,3.9615805465743827,7.37289474576586
26,160,0.9259828782133093,10.301469830367637
27,160,4.608761424660951,2.8537518899782794
28,160,8.995646267726004,4.325711497923681
29,160,5.7788297246823594,11.80328186174353
30,160,8.188841548894818,5.100235324573389
31,160,0.5567598646656866,1.9458796652188208
32,160,9.337514590211763,6.020890714634138
33,160,2.999716713889904,2.0560059335469374
34,160,3.046951776267158,10.080122883803469
35,160,7.14675534535893,11.882644671179701
36,160,1.403263721497086,8.643816074167958
37,160,12,2.0128712062211287
38,160,4.4318790695855315,0.24785148674200758
39,160,0,4.830077702323005
0,165,8.252125870098128,12
1,165,10.29707952188769,9.99729015581205
2,165,10.123805421211712,3.123681939146394
3,165,8.657939719520332,9.449156832473847
4,165,7.0296963117630655,9.551769728225773
5,165,11.159352793469017,11.65104551238855
6,165,3.917157536231405,10.324641691715822
7,165,6.51406238325747,4.3440028215446755
8,165,12,12
9,165,11.443543527826575,0.9082788350687612
10,165,11.826709174669759,9.990478391311509
11,165,5.757233232725583,11.387729842847408
12,165,8.491863150984559,6.069918653229708
13,165,0,7.47314325700155
14,165,7.470280671176826,11.093643954643328
15,165,5.267305041068545,3.7646804246509236
16,165,0.3982621452816813,7.614024884399864
17,165,10.133709007044992,4.100335492958765
18,165,0.41583521313687455,11.795028278085312
19,165,0.03807273161498604,10.969338092046582
20,165,3.1441116353636267,10.09182899822548
21,165,6.9329245246327975,4.5568598407382135
22,165,10.95235209274953,5.870977403332651
23,165,6.350349442454295,6.471387047868629
24,165,11.771436129356934,6.1070004603246
25,165,3.893287085273256,7.360130595311598
26,165,0.8714220494287719,10.452473077742177
27,165,4.702920738099102,2.815722657054762
28,165,8.908345752101889,4.206106697216914
29,165,5.814059806159529,11.780020727563176
30,165,8.012430623768163,4.9757017370535825
31,165,0.5928929951601035,1.930672448949834
32,165,9.423820572889026,5.977606015702581
33,165,3.0007842049757976,2.079980395945872
34,165,3.052210117154858,10.229223641582525
35,165,7.214653067320272,11.87878756180193
36,165,1.4223643619400919,8.665580747026038
37,165,12,2.052957952518938
38,165,4.440861465823217,0.25697929457557084
39,165,0,4.793854574331895
0,170,8.32854427837772,12
1,170,10.299832177403234,10.000143032991087
2,170,10.197280642077429,3.118618657910791
3,170,8.507212395220074,9.353904920576104
4,170,6.94827263627032,9.413709049510336
5,170,11.192805531858637,11.678164315516288
6,170,3.874782833449561,10.287860171845365
7,170,6.583273103123598,4.306756910425332
8,170,12,12
9,170,11.483299015325912,0.9824203871698209
10,170,11.803110631086284,9.993157176634163
11,170,5.73976050659669,11.339937355755733
12,170,8.50131038509613,6.067266501135835
13,170,0,7.441067226194131
14,170,7.534824481448187,11.22340392171089
15,170,5.270787704925812,3.742109997014009
16,170,0.23392013214263377,7.489385109763002
17,170,10.188565552080977,4.264035076511918
18,170,0.2639818689955562,11.81766796466679
19,170,0.052030783254698565,10.958524599262539
20,170,3.112127653181957,10.079148611027925
21,170,6.898702306206323,4.488086744116303
22,170,10.961439200477097,5.849965125394139
23,170,6.158868895970841,6.41555390060713
24,170,11.765144405616319,6.107192613718856
25,170,3.8234790297321015,7.34866841488781
26,170,0.820250631690008,10.608027785803566
27,170,4.792797700357404,2.7806792009762447
28,170,8.819545271428638,4.093529868463307
29,170,5.850437949693878,11.755292758898543
30,170,7.814779382410837,4.842741554309933
31,170,0.6369363298373689,1.9122785646171816
32,170,9.510315579463205,5.9347808686598755
33,170,3.001242086085444,2.089175957209073
34,170,3.0599058859473365,10.382250420330182
35,170,7.287262099032881,11.874818411090898
36,170,1.4209089497524343,8.66385065818707
37,170,12,2.082572373178269
38,170,4.4471528585346185,0.2633756602380985
39,170,0,4.756990738931282
0,175,8.409976220574588,12
1,175,10.304559713842764,10.004794080822228
2,175,10.267365310220866,3.1157086525203783
3,175,8.366848804785592,9.261099795467263
4,175,7.09988077756946,9.326957704663801
5,175,11.217692723014576,11.698130835571623
6,175,3.850722430788996,10.266628144671722
7,175,6.657891923974517,4.2677392565039725
8,175,12,12
9,175,11.519848074815211,1.0550320828418407
10,175,11.781994433560747,9.995100619921054
11,175,5.719131758255063,11.287905846881687
12,175,8.509635599794551,6.065070616122088
13,175,0,7.409334424532511
14,175,7.598053083613206,11.346699172529934
15,175,5.2761233032829065,3.7088562885727376
16,175,0.07081823817992877,7.368665386106083
17,175,10.242330337528136,4.416318082261246
18,175,0.10820343503871213,11.843276642749416
19,175,0.06348173925299375,10.949293895206578
20,175,3.0867581427652633,10.069154667381476
21,175,6.8552626388958915,4.410148681607462
22,175,10.962216705537209,5.848421054010505
23,175,5.994002252510208,6.364006641550301
24,175,11.780585388981049,6.106513878245656
25,175,3.7637882627546677,7.341023361521111
26,175,0.76719951551579,10.765567072362513
27,175,4.903508855037009,2.737057378579245
28,175,8.72716223260795,3.966506555346864
29,175,5.878760779590944,11.733705112045357
30,175,7.594945491051145,4.695560763849308
31,175,0.679976652315642,1.8940259106444617
32,175,9.58096051823759,5.8993096277888695
33,175,3.0006547231685152,2.0763717301688063
34,175,3.06992384636151,10.536190809971787
35,175,7.357594714902336,11.87048510030715
36,175,1.4025428177584172,8.640971549336161
37,175,12,2.0958751029592944
38,175,4.453110079957349,0.26903778921298765
39,175,0,4.711875601636583
0,180,8.496124960093379,12
1,180,10.297629984687118,9.998173432630896
2,180,10.327859357357012,3.110908513568488
3,180,8.219931494687748,9.156767452227195
4,180,7.2437886565882215,9.244990287028964
5,180,11.262661161402283,11.732173352973856
6,180,3.844984586209177,10.261623426742867
7,180,6.737131865309044,4.223129776729334
8,180,12,12
9,180,11.566827352315405,1.1508337915067257
10,180,11.751087191618934,9.997378867522052
11,180,5.698905825176007,11.236593759150432
12,180,8.512963634619284,6.064220411949953
13,180,0,7.3779623809505495
14,180,7.667131493306601,11.487574999619945
15,180,5.286219616393924,3.656478474034442
16,180,0,7.2482610154394225
17,180,10.298022667402698,4.566708193931931
18,180,0,11.869908448676417
19,180,0.07277775599580848,10.941858969377542
20,180,3.08490099455685,10.068497762794214
21,180,6.809078857203048,4.326603383427381
22,180,10.956690754164452,5.858310372050545
23,180,5.818561764043058,6.308715315396548
24,180,11.789902573442982,6.106228434467749
25,180,3.691029485955537,7.333173939671845
26,180,0.7171143632477159,10.913069412475283
27,180,5.011601801660164,2.695983007741023
28,180,8.644477543392371,3.8437156111694626
29,180,5.888944506521587,11.725880113882564
30,180,7.386152119126143,4.563653139672518
31,180,0.7227832433169392,1.8761720923413605
32,180,9.627473982381058,5.875096674642584
33,180,3.00070827939696,2.0784384621601664
34,180,3.083758271346823,10.695828749408507
35,180,7.437520672302253,11.86532958520141
36,180,1.3781939629560598,8.609410572975243
37,180,11.996085062714055,2.086492589680984
38,180,4.449984608870326,0.266165429780776
39,180,0,4.667860605505218
0,185,8.58328578534577,12
1,185,10.287952758787844,9.989118222854069
2,185,10.397727074224306,3.1066331261547244
3,185,8.081572983084083,9.062626204411215
4,185,7.388327010308681,9.156272235798378
5,185,11.28304289972309,11.74609531950914
6,185,3.826105193821685,10.244542049740273
7,185,6.811252254540357,4.181325432069066
8,185,12,12
9,185,11.615190096681445,1.2637545818479343
10,185,11.715320995212384,10.000989213035165
11,185,5.679839333187826,11.189105180314371
12,185,8.519460651436017,6.06253607325344
13,185,0,7.347057629759084
14,185,7.733240961372339,11.618501290644685
15,185,5.302354028484205,3.5817225030099653
16,185,0,7.135277630054718
17,185,10.355775236085144,4.715542324329836
18,185,0,11.898798092413687
19,185,0.08515968131429608,10.932210595648757
20,185,3.0882622037841783,10.06968674328898
21,185,6.767650878405296,4.250009627449798
22,185,10.94339422758394,5.884268677395619
23,185,5.657238651039077,6.261549392095118
24,185,11.817732995760572,6.104930962141036
25,185,3.6161976274589467,7.327102480288892
26,185,0.665845053006682,11.06289748740308
27,185,5.119648226552956,2.657450918877876
28,185,8.564627880903684,3.721143609957581
29,185,5.897691336121422,11.719037555808542
30,185,7.1704260142240654,4.42175361323108
31,185,0.7473621758118036,1.8660445145666007
32,185,9.669361890273558,5.851934429768599
33,185,2.9994437882957423,2.0558588049428788
34,185,3.0976512761392203,10.853938406354096
35,185,7.520956362501878,11.859806557466058
36,185,1.3620557518320378,8.588346975285711
37,185,11.987840700768986,2.065073271660904
38,185,4.45154416928236,0.26750947460356156
39,185,0,4.626107911371388
0,190,8.669638543031201,12
1,190,10.26597792956644,9.968210679913199
2,190,10.451999294344224,3.1032812478920135
3,190,7.933374409492608,8.962543085126901
4,190,7.526940760496786,9.078782087446896
5,190,11.287320013014696,11.74913538582235
6,190,3.8177631257081153,10.236939556082493
7,190,6.89658129232357,4.136681311486219
8,190,12,12
9,190,11.667458549730943,1.3884968383482772
10,190,11.67836584131545,10.004053176876008
11,190,5.658850347727991,11.13616556510846
12,190,8.506594935739079,6.0657343215565565
13,190,0,7.31573865795244
14,190,7.797912991274277,11.74393880794469
15,190,5.319374111951359,3.509137222188042
16,190,0,7.029144036226574
17,190,10.403878320027113,4.852785038216832
18,190,0,11.926298827109791
19,190,0.10400848963049246,10.919080402210286
20,190,3.094186535664299,10.071898875978558
21,190,6.729336249213226,4.180782857896757
22,190,10.932742382868163,5.905549251178983
23,190,5.506034325090327,6.217726568172827
24,190,11.810209589908732,6.105438122230527
25,190,3.555827420953502,7.3221413464793
26,190,0.6158505365081653,11.20669856206789
27,190,5.217346343397615,2.625765837454708
28,190,8.488670745337796,3.595083263163659
29,190,5.901801077925801,11.715704191492243
30,190,6.944930122049518,4.279006915467453
31,190,0.7713923085661802,1.8567394577760177
32,190,9.709775189889008,5.829660596368535
33,190,2.997197947285937,2.018946226814744
34,190,3.1105205216312193,11.009694022959131
35,190,7.618287766035682,11.85648786840614
36,190,1.3558258457743477,8.580328595468496
37,190,11.972880556440126,2.0274486587105565
38,190,4.4521676973971545,0.26803746525998984
39,190,0,4.588131508978227
0,195,8.752568147013024,12
1,195,10.251389020536608,9.954288130347388
2,195,10.495708942624358,3.100579182486303
3,195,7.802640669579505,8.866484560246992
4,195,7.67420949888927,8.998108981355376
5,195,11.292841163062375,11.75308084151169
6,195,3.7990962244311453,10.220598452607415
7,195,6.963543338890423,4.1024477712039085
8,195,12,12
9,195,11.713688088288787,1.5080802210493314
10,195,11.641629663120357,10.006748697836237
11,195,5.633384421603756,11.075411509826974
12,195,8.477940405730829,6.072092896495453
13,195,0,7.290351311808956
14,195,7.854849004026293,11.854192031283253
15,195,5.335302453197657,3.435862590643027
16,195,0,6.940923143264049
17,195,10.455193001177824,4.998980094037781
18,195,0,11.960616136049348
19,195,0.1255063163876721,10.904131896572576
20,195,3.0935825015380045,10.071691986859147
21,195,6.686754346043729,4.101813466830797
22,195,10.914076197411601,5.94322974820893
23,195,5.366914418650642,6.178021778124808
24,195,11.794041679652448,6.106489453264544
25,195,3.472134062499278,7.315333431222432
26,195,0.5579339461027776,11.360236631992972
27,195,5.342918191151577,2.584872391386242
28,195,8.406045212736673,3.454236093224489
29,195,5.928943025136415,11.694184793256726
30,195,6.713806374779217,4.1296135605102
31,195,0.7725291626832604,1.8563060768111026
32,195,9.760613191194881,5.800459993826805
33,195,2.9917055693485266,1.96120643797476
34,195,3.1225351638725094,11.159256562187837
35,195,7.69345748191003,11.853356205795423
36,195,1.3530973260704209,8.576677094893942
37,195,11.961473398689508,2.000355990226465
38,195,4.442334002844506,0.2597079895475484
39,195,0,4.547453817677882
0,200,8.836655503110975,12
1,200,10.233192778651857,9.93700114769609
2,200,10.53998069027192,3.0967053380676344
3,200,7.695733144263157,8.78440060745506
4,200,7.822693145100737,8.919378083828212
5,200,11.319213006451399,11.77208394341927
6,200,3.786561003513256,10.209541622044483
7,200,7.045084197387787,4.058574628320111
8,200,12,12
9,200,11.758456774809682,1.6114682934901203
10,200,11.616714640356713,10.008830293918487
11,200,5.60749071428524,11.011404447036172
12,200,8.455234992579719,6.0778205367308775
13,200,0,7.265734870313151
14,200,7.913656888295354,11.973914076253987
15,200,5.350442188308827,3.364658061492212
16,200,0,6.860803423432067
17,200,10.333949884684788,5.040129451904457
18,200,0,11.99880562797638
19,200,0.16209626411779574,10.877877692335813
20,200,3.090875938178852,10.070721632457738
21,200,6.629203632239392,3.9961282296182885
22,200,10.95547981079513,5.965265356704616
23,200,5.228758976612207,6.140639433055824
24,200,11.778369790622367,6.106791856273098
25,200,3.3777986917623664,7.308371889571917
26,200,0.4979089024715831,11.531706699664447
27,200,5.447882095054559,2.5481187060113553
28,200,8.331076313668904,3.3274156795756973
29,200,5.947318322291835,11.678961233982575
30,200,6.499370753510074,3.9903887732913597
31,200,0.7692310773740725,1.8575800022643683
32,200,9.813091014506046,5.769280233464457
33,200,2.9853717433958136,1.8941158171788686
34,200,3.134349034945609,11.297613173104814
35,200,7.746898843297224,11.850872547587848
36,200,1.3402538990963178,8.559077227469906
37,200,11.949188790924264,1.9698211120226778
38,200,4.41445941882161,0.2358433768071401
39,200,0,4.4959065887965455
0,205,8.923028787114594,12
1,205,10.209939638515563,9.91420833752176
2,205,10.597837061210008,3.091230034451316
3,205,7.582121196144061,8.697885047797913
4,205,7.9816574670328055,8.834338632392527
5,205,11.342455545449983,11.789362861396954
6,205,3.7661049976765817,10.192033530107953
7,205,7.147752058624437,4.004741948842086
8,205,12,12
9,205,11.802729177595731,1.7108538773512516
10,205,11.577392229364044,10.011180488847167
11,205,5.580127865898905,10.944350893647663
12,205,8.434737208360076,6.082972264850942
13,205,0,7.23732835395378
14,205,7.973335151663773,12
15,205,5.363757945214805,3.299500439885687
16,205,0,6.790230323828285
17,205,10.24463389478061,5.070319273200905
18,205,0,12
19,205,0.19942995413118647,10.851490202147646
20,205,3.0965875180873272,10.072614968986281
21,205,6.5638013705799,3.873361834623541
22,205,10.990159270088776,5.983039032973714
23,205,5.116403386731316,6.110495957164404
24,205,11.765596272032077,6.106904235319788
25,205,3.285250659482281,7.30301733969662
26,205,0.43990239812191245,11.701485415625624
27,205,5.567141654309665,2.506736964784968
28,205,8.25978836821083,3.2072670496325406
29,205,5.956115465532111,11.671363343131974
30,205,6.277058892473988,3.855390151158418
31,205,0.763101600705079,1.8599219587020346
32,205,9.86381666239445,5.739739069269845
33,205,2.979747088741924,1.836585128554071
34,205,3.1439336573465035,11.418916810344214
35,205,7.800219457803176,11.849625410566073
36,205,1.3269252616390639,8.541679740707707
37,205,11.92879204339185,1.9209077854432415
38,205,4.377208690936533,0.20439334021925518
39,205,0,4.432311503632341
0,210,9.005418649953334,12
1,210,10.198340521830998,9.902585780621083
2,210,10.674669774928338,3.08521645213438
3,210,7.480502048036916,8.622192304561661
4,210,8.143820328805605,8.747820892558304
5,210,11.382053869951784,11.817957572289991
6,210,3.740073724206511,10.170630097411523
7,210,7.236135810467876,3.9566387790208433
8,210,12,12
9,210,11.844338242283367,1.801485268369817
10,210,11.514841896155113,10.015314163120367
11,210,5.555254378839413,10.883345188972548
12,210,8.410569097591528,6.088309692807155
13,210,0,7.210454261336659
14,210,8.037215552380538,12
15,210,5.374625444103425,3.249614604819298
16,210,0,6.724799261678834
17,210,10.164145862336007,5.099839208634742
18,210,0,12
19,210,0.20678595433657873,10.846281143989602
20,210,3.0968037102268235,10.072685192511429
21,210,6.491717198175226,3.7441675686441216
22,210,11.015138013064842,5.994955526138006
23,210,4.990858617466019,6.07594742218384
24,210,11.728180240045498,6.107322591915018
25,210,3.209388063480054,7.297205709072071
26,210,0.38019902005520284,11.87552420324746
27,210,5.680421463608712,2.4668716668397423
28,210,8.193009611415631,3.096683221084661
29,210,5.985272750420618,11.647501863581624
30,210,6.411371189803204,3.6173767641652983
31,210,0.7678688898327289,1.858173646909374
32,210,9.925171524514534,5.705969846989716
33,210,2.973856063634825,1.7894943449372467
34,210,3.150796865672791,11.553851868223457
35,210,7.856552885332462,11.847880692231202
36,210,1.3061108404413948,8.515061907812186
37,210,11.907891552687728,1.8657792145056515
38,210,4.337482266038029,0.17051396567810637
39,210,0,4.37172680054889
0,215,9.078065044502223,12
1,215,10.207192585558456,9.912390241554768
2,215,10.764886222693255,3.0790962445077636
3,215,7.389369107488827,8.555745953824538
4,215,8.29843535781365,8.669795631608032
5,215,11.420821572214592,11.846170440936776
6,215,3.7214503969939825,10.15544080171443
7,215,7.328424345457044,3.90365827005402
8,215,12,12
9,215,11.888483277124912,1.8960369285995686
10,215,11.451814355150372,10.019821162776273
11,215,5.529093005244441,10.820064432083349
12,215,8.379747798657863,6.094682114453492
13,215,0,7.187654799508123
14,215,8.097840264642194,12
15,215,5.384638786976872,3.197697625749667
16,215,0,6.6647768251837425
17,215,10.088214570923483,5.1282521236637395
18,215,0,12
19,215,0.21096300108699234,10.84335004689031
20,215,3.0850678889933314,10.068858834487987
21,215,6.4237891008519155,3.621727943692233
22,215,11.024843654529278,5.999738282243093
23,215,4.85370645805468,6.041162811071224
24,215,11.673600752540075,6.107245645887996
25,215,3.131103859844338,7.290660437857768
26,215,0.319551209010857,12
27,215,5.823661042035601,2.416684739606551
28,215,8.119639350549425,2.9745632347241853
29,215,6.035488654456527,11.607112611432333
30,215,6.5468665628345155,3.3753343564181812
31,215,0.732848845948555,1.8712002588714924
32,215,9.994221954243395,5.664873218723082
33,215,2.967105353031102,1.7385398596163129
34,215,3.158057156088392,11.695262290677066
35,215,7.930999392377439,11.844919060033254
36,215,1.2891844457642134,8.493919296123506
37,215,11.8851007262505,1.8122974210839566
38,215,4.283530589414814,0.12125169633093416
39,215,0,4.310244098216152
0,220,9.123914280281362,12
1,220,10.21674414148808,9.923125674892981
2,220,10.86856332313959,3.0719836504448472
3,220,7.315273516395156,8.501475857304062
4,220,8.475467016237381,8.582137313843125
5,220,11.464677192073236,11.878434181200044
6,220,3.709809160786119,10.14574552111269
7,220,7.438479952009924,3.8402650336794024
8,220,12,12
9,220,11.97046242357455,1.858037380001608
10,220,11.377635390253468,10.025861982578776
11,220,5.505700191892447,10.762626548248871
12,220,8.351251404497933,6.100866061631427
13,220,0,7.171291308081662
14,220,8.149365519915875,12
15,220,5.391563955171509,3.161519022291336
16,220,0,6.609475371384846
17,220,9.999158275436274,5.160875400785272
18,220,0,12
19,220,0.21731527222747904,10.838809059180667
20,220,3.0623056553528407,10.061083920700044
21,220,6.366194707184751,3.5181752632424814
22,220,11.030179988583763,6.00224763682065
23,220,4.74353263329909,6.0161146211273975
24,220,11.610362898689477,6.1085105562356805
25,220,3.0744319092098644,7.284986568756138
26,220,0.25627141046499596,12
27,220,5.990980371933311,2.3599636342928494
28,220,8.03705927357296,2.8362048047057336
29,220,6.064004562857802,11.583984408955805
30,220,6.702930704601625,3.122006089521203
31,220,0.7022733509883717,1.8829359602251832
32,220,10.069628937141434,5.619850051484498
33,220,2.958710332367209,1.6736206517363654
34,220,3.162755031034945,11.817597478234717
35,220,8.000602173311803,11.840112591272677
36,220,1.2726458637022307,8.474728717009759
37,220,11.861694143381403,1.7598381173716275
38,220,4.245584205850253,0.08648947675092766
39,220,0,4.241915701752498
0,225,9.159877504197826,12
1,225,10.20634268718663,9.911427175976844
2,225,10.985384004194627,3.063183494377685
3,225,7.252251649984376,8.452463696132524
4,225,8.63639621226542,8.500028938384725
5,225,11.501330956372778,11.906025496813303
6,225,3.7139244774719864,10.14931439642753
7,225,7.537569498685681,3.781093751988566
8,225,12,12
9,225,12,1.8214610094202044
10,225,11.316389359149696,10.0288805942442
11,225,5.474372488683389,10.68767677023016
12,225,8.30642520859703,6.1117014200324995
13,225,0,7.155497550159774
14,225,8.203287476735909,12
15,225,5.398795785169053,3.119152332668676
16,225,0,6.549060698119961
17,225,9.900305988302646,5.198094973940423
18,225,0,12
19,225,0.22991540225802537,10.83018648464477
20,225,3.015331245380882,10.043716963802632
21,225,6.300917243786227,3.40230664644255
22,225,11.040714216038308,6.006959892881814
23,225,4.646759316413418,5.9925600466510485
24,225,11.532833225411613,6.110685938723182
25,225,3.038184984968316,7.2815694577896535
26,225,0.18706320935869236,12
27,225,6.179636733291644,2.2947449172606698
28,225,7.949021542034208,2.692879831543547
29,225,6.083509348915347,11.568055100004267
30,225,6.845418211693585,2.891440841559935
31,225,0.6846918324156178,1.8898199436829983
32,225,10.140749708933058,5.578108119878197
33,225,2.9454526947410984,1.5929107708792842
34,225,3.169785543607254,11.925505389183476
35,225,8.08902234478566,11.83655661802484
36,225,1.2610517070350136,8.460938110709364
37,225,11.837905543554575,1.7089982518361206
38,225,4.213645235876518,0.05805896527397897
39,225,0,4.181414703402196
0,230,9.185989141380713,12
1,230,10.189429207835092,9.89162899022406
2,230,11.13540600385648,3.055974224125179
3,230,7.191721738989032,8.404747213355272
4,230,8.77004480223127,8.425972780393288
5,230,11.540099856656775,11.934228673537147
6,230,3.6986956719577497,10.136181091190263
7,230,7.65175368621058,3.7112807577069744
8,230,12,12
9,230,12,1.7858908475738846
10,230,11.249029454767399,10.031478736414774
11,230,5.442664184005827,10.613320903847143
12,230,8.275695089213732,6.118452240868469
13,230,0,7.140205209437749
14,230,8.254257014173675,12
15,230,5.40352223226666,3.0889550386876095
16,230,0,6.471231530535583
17,230,9.782252791091436,5.248087469344963
18,230,0,12
19,230,0.22556760950567373,10.833312911816643
20,230,2.9793702589155457,10.030744097870041
21,230,6.230856835610347,3.2715041668982483
22,230,11.050818532479504,6.01130777036058
23,230,4.539890780628695,5.968802968372213
24,230,11.485080061746247,6.1132624042241295
25,230,2.999326562406541,7.277580404737601
26,230,0.11570784345753679,12
27,230,6.368856270321553,2.2278330877140955
28,230,7.87305849859871,2.5640636435721578
29,230,6.10920545708329,11.546606585448078
30,230,6.986223802378965,2.665507857191438
31,230,0.6826981258514293,1.890581943681904
32,230,10.211358377117579,5.536733662132706
33,230,3.0419704529507534,1.577656312941391
34,230,3.179855699640001,12
35,230,8.157590350085565,11.833034862171669
36,230,1.2621120774198349,8.462215752121317
37,230,11.82341260718491,1.6777522640289346
38,230,4.187539687679535,0.03399082740886655
39,230,0,4.114521837917418
0,235,9.228880884903484,12
1,235,10.15489132354011,9.851598242878516
2,235,11.297982679983075,3.0470124903318725
3,235,7.138177095966744,8.361580222211785
4,235,8.905485904239528,8.355731541338976
5,235,11.583240925692886,11.965631915425627
6,235,3.6793277890596787,10.120414586893956
7,235,7.759696729766637,3.647341932914165
8,235,12,12
9,235,12,1.7352387593413559
10,235,11.16387766937029,10.033448980617596
11,235,5.412561255766588,10.53790719425289
12,235,8.239356256164488,6.125917758971439
13,235,0,7.128746033393456
14,235,8.294320947172478,12
15,235,5.409335171012005,3.053517367307934
16,235,0,6.386404113990884
17,235,9.632148486574513,5.312552390387143
18,235,0,12
19,235,0.2113413162045951,10.843402787114625
20,235,2.93381388596716,10.012330582912055
21,235,6.17400195293791,3.1640568067866273
22,235,11.06354474494122,6.016702258417979
23,235,4.4464067991457075,5.947568442045742
24,235,11.465248597465017,6.114049703656939
25,235,2.963778105460844,7.274433891281517
26,235,0.046510341024375304,12
27,235,6.5628074056072805,2.1596986259428763
28,235,7.792005755684114,2.433575766299204
29,235,6.134495621400011,11.525297402069347
30,235,7.1346061197451975,2.4286092334425304
31,235,0.6623532867290756,1.8982781642322997
32,235,10.296911890975665,5.484388366336596
33,235,3.117814272055058,1.56369007937777
34,235,3.186120272658033,12
35,235,8.217423787208624,11.831043859100046
36,235,1.2707083915017816,8.472656122183198
37,235,11.796052014780452,1.620489378020838
38,235,4.179990012600163,0.027392103670268397
39,235,0,4.0526312621895
0,240,9.26491590692628,12
1,240,10.124646893576024,9.81723155163151
2,240,11.437241736457413,3.040017717804282
3,240,7.098906955774145,8.330542322814445
4,240,9.042839312677085,8.27679234638307
5,240,11.629116987515845,11.99917796814251
6,240,3.6617055615605576,10.10625283432794
7,240,7.870403608586043,3.57831480477921
8,240,12,12
9,240,12,1.69035048143026
10,240,11.08335699883153,10.035920359828227
11,240,5.388707470439687,10.469451763991566
12,240,8.212547750545196,6.132097819324596
13,240,0,7.1170919712133465
14,240,8.32758346214645,12
15,240,5.419581637203863,3.000668753639962
16,240,0,6.29911986879677
17,240,9.485744130330323,5.375473392741465
18,240,0,12
19,240,0.19199827785800538,10.857379031454183
20,240,2.89908043379961,9.998393942319876
21,240,6.1322833399737,3.0867179502899154
22,240,11.056821741821052,6.014021479419886
23,240,4.375495480081988,5.93170139134754
24,240,11.46852021752663,6.113897177497451
25,240,2.930655650570283,7.271998410776438
26,240,0,12
27,240,6.7706374622741965,2.0907366645366454
28,240,7.692687316612515,2.2783741114575142
29,240,6.174957026760672,11.490256820960981
30,240,7.2857001229647045,2.2036436726822495
31,240,0.6271424639670877,1.9107494437362822
32,240,10.404043775824162,5.420323116689571
33,240,3.208266847118277,1.5448654132342878
34,240,3.1987086217812117,12
35,240,8.27878892718639,11.830540112551377
36,240,1.2857129549226811,8.490694676506322
37,240,11.765350366427148,1.5543653995407263
38,240,4.172831904836685,0.0213901597375578
39,240,0,3.980193061816353
0,245,9.306342818856619,12
1,245,10.101796044549602,9.791486631086809
2,245,11.566287326564316,3.033302012582222
3,245,7.048365023293156,8.29314075776268
4,245,9.17561472832761,8.20131631666243
5,245,11.684501754514544,12
6,245,3.647439652697279,10.094437986711272
7,245,7.989381832573801,3.5063038254459444
8,245,12,12
9,245,12,1.651069584519117
10,245,10.99458808348403,10.039234886792638
11,245,5.360152782316912,10.392417145722828
12,245,8.202687762457142,6.134241521673966
13,245,0,7.1062803367789895
14,245,8.359526282319337,12
15,245,5.429713627167822,2.9455061521781407
16,245,0,6.210330817069581
17,245,9.336425066422112,5.4368376124904465
18,245,0,12
19,245,0.16665841313756175,10.875202643251582
20,245,2.8957956151070388,9.997104736657912
21,245,6.091220732088986,3.013338176257365
22,245,11.045195897390403,6.009457297197172
23,245,4.315754346735891,5.916941815443945
24,245,11.489838559237523,6.113233753827762
25,245,2.8954655641794003,7.26918450563665
26,245,0,12
27,245,6.977963578882706,2.030890839740444
28,245,7.58994940944223,2.125733491679065
29,245,6.2105645274216235,11.460320992116024
30,245,7.456237266152585,1.9573529058014103
31,245,0.5628519715533591,1.933945582802012
32,245,10.512705726601128,5.360923915356537
33,245,3.2727308211504917,1.5296819102881338
34,245,3.212838872630659,12
35,245,8.299960617959517,11.830182133348567
36,245,1.300604642508689,8.508105842669638
37,245,11.728794169158242,1.4748661389678834
38,245,4.177563989046742,0.025346354691747692
39,245,0,3.912807989636661
0,250,9.36291008266023,12
1,250,10.074295868647026,9.762295230668398
2,250,11.697734862487986,3.02609815959101
3,250,7.010006225925076,8.264658093958422
4,250,9.305380134301648,8.131192074333855
5,250,11.731568139679297,12
6,250,3.641405906939015,10.089373191886015
7,250,8.121077826410362,3.426249992701497
8,250,12,12
9,250,12,1.5966090459276328
10,250,10.925398604440073,10.043273481512736
11,250,5.332629143584876,10.317554012145923
12,250,8.221251207597794,6.130050082561612
13,250,0,7.088149975094039
14,250,8.385588038482252,12
15,250,5.440382534488504,2.890363309559913
16,250,0,6.122114788271983
17,250,9.19765746710281,5.490490468256872
18,250,0,12
19,250,0.15758058701475516,10.881759968879113
20,250,2.8856927657401004,9.993396195497098
21,250,6.064586257600894,2.968735080955531
22,250,11.0535686998741,5.98825140443591
23,250,4.236729825887763,5.898299846204282
24,250,11.514231281323745,6.112020056618316
25,250,2.869970276196582,7.2671625807357545
26,250,0,12
27,250,7.1824671863579095,1.9624302939391098
28,250,7.488996550787874,1.9743744375148662
29,250,6.253760627398143,11.422920746010062
30,250,7.623231235517291,1.7066852698684054
31,250,0.5260524937268602,1.9458604024674249
32,250,10.624789118122598,5.297854060258143
33,250,3.328204247481696,1.5152914526077226
34,250,3.2238336900013436,12
35,250,8.313158179205574,11.830091107831665
36,250,1.3137936301013051,8.523762044520742
37,250,11.684982229120916,1.3723219929804569
38,250,4.184800734031547,0.03142790538708009
39,250,0,3.847502803797999
0,255,9.423258105120563,12
1,255,10.042486804666245,9.730310375998839
2,255,11.84016780442765,3.015703156857881
3,255,6.989885718743635,8.250026626058235
4,255,9.440785952057661,8.054115033471904
5,255,11.78029748447115,12
6,255,3.627490332054683,10.07778791461277
7,255,8.273207326875118,3.34348194969657
8,255,12,12
9,255,12,1.5476889154043616
10,255,10.836498634410157,10.050232377003665
11,255,5.301170435050188,10.232672007347368
12,255,8.23718275260116,6.126442677171675
13,255,0,7.069225848248966
14,255,8.40549802587924,12
15,255,5.448318197055386,2.851730822710287
16,255,0,6.026008816118255
17,255,9.062082253011416,5.5403494349358775
18,255,0,12
19,255,0.1381868774739191,10.896435267650915
20,255,2.8912729555940864,9.995451067864426
21,255,6.035866238833134,2.9210840091140384
22,255,11.056271882746985,5.981697034340192
23,255,4.155805424328549,5.880707576890846
24,255,11.505903729484181,6.112869569800378
25,255,2.8658330022574483,7.2668400431807285
26,255,0,12
27,255,7.416095288082841,1.8867667667542232
28,255,7.383472080301585,1.825795942848037
29,255,6.291477901904377,11.392809888336863
30,255,7.801456999934598,1.4408283072813899
31,255,0.4782487800545802,1.9602907961311087
32,255,10.751760789702383,5.228347484615842
33,255,3.372165996503588,1.5048642693310914
34,255,3.2333693224789677,12
35,255,8.331167913847294,11.82995851513186
36,255,1.3122956189480015,8.521945337636685
37,255,11.636821085202627,1.2625777647173693
38,255,4.194840414374888,0.04001794910598953
39,255,0,3.7863342271741476
0,260,9.488204313121024,12
1,260,10.00337110892689,9.69179803646587
2,260,11.99060562857589,3.0069984926505087
3,260,6.969910742428695,8.235458342490537
4,260,9.574451172547798,7.983538319759519
5,260,11.835654118583703,12
6,260,3.6172614554826863,10.069531755149828
7,260,8.412429956922939,3.2690648956208412
8,260,12,12
9,260,12,1.5068792306989318
10,260,10.748634422289172,10.05763498112081
11,260,5.27663244043273,10.162227430281098
12,260,8.26010817289213,6.121627803697335
13,260,0,7.045823071986485
14,260,8.419851064530821,12
15,260,5.453609029675677,2.8267493728190187
16,260,0,5.933858878773398
17,260,8.94382002631948,5.583191152420965
18,260,0,12
19,260,0.10579250485874303,10.921065910596585
20,260,2.8589172440813146,9.983287055241949
21,260,6.001202677453782,2.8638016848558796
22,260,11.059706029028636,5.973431064008764
23,260,4.081353125888046,5.863214667643272
24,260,11.495074203614958,6.1140864127743715
25,260,2.8479888385177525,7.265281908593982
26,260,0,12
27,260,7.645252408883801,1.8090810502389572
28,260,7.279270093195966,1.6823712794133372
29,260,6.336531859766983,11.356249749381423
30,260,7.981955860936463,1.1772296989588251
31,260,0.4286808542450593,1.9758325010556161
32,260,10.873874045028511,5.159267624381627
33,260,3.423066408311464,1.4914630417399075
34,260,3.2436384255654804,12
35,260,8.332489040201295,11.829941640085147
36,260,1.3103601071464106,8.51948084477098
37,260,11.59066257942437,1.1596862686324259
38,260,4.203359662913895,0.04729914718237717
39,260,0,3.7317963760778348
0,265,9.554820360024488,12
1,265,9.99159648721463,9.680414762292912
2,265,12,3.0028231842924287
3,265,6.944222879271002,8.216651696634925
4,265,9.71040811443152,7.915685338071261
5,265,11.880163147228757,12
6,265,3.6314963078174554,10.080892527358003
7,265,8.561604384228806,3.1927518397946626
8,265,12,12
9,265,12,1.462708121634555
10,265,10.663544803365912,10.06490438521492
11,265,5.254153645873013,10.098735806518157
12,265,8.29646877818925,6.114085677118789
13,265,0,7.023575223290069
14,265,8.437690532305147,12
15,265,5.461795867244882,2.7842013119717346
16,265,0,5.840390553264933
17,265,8.794408450837793,5.637698934513312
18,265,0,12
19,265,0.06180907660731799,10.954935656668157
20,265,2.8386758460684427,9.97637909270254
21,265,5.964987143848126,2.801425079830155
22,265,11.068746121620062,5.951453682555002
23,265,3.989010885853804,5.842427598784086
24,265,11.479364193468168,6.11576361445136
25,265,2.8291433088270677,7.264616309575383
26,265,0,12
27,265,7.88123232738141,1.7358719012068113
28,265,7.16979308294388,1.5306631811689508
29,265,6.3809628478412685,11.318739565590015
30,265,8.164028694040187,0.9108901306559147
31,265,0.3833697379534618,1.9878840236142192
32,265,11.006499959121614,5.084959270169586
33,265,3.4740759464983952,1.4784422448967087
34,265,3.2539852672010814,12
35,265,8.347737850986812,11.829935385945877
36,265,1.3091073007652334,8.517873570775965
37,265,11.541316470849681,1.046195193834887
38,265,4.236634895186918,0.07475861833582705
39,265,0,3.683167855114883
0,270,9.609323108625333,12
1,270,9.964715318273628,9.65269659431287
2,270,12,2.9952144180492564
3,270,6.916588509731443,8.195418592887675
4,270,9.855667217079676,7.837317706201025
5,270,11.926238602836568,12
6,270,3.6471485826566346,10.062595806483454
7,270,8.705760491392763,3.122622683753017
8,270,12,12
9,270,12,1.4143939752634844
10,270,10.558688752405331,10.077900011386314
11,270,5.234400440601618,10.042707852635422
12,270,8.33251155559861,6.107473677781157
13,270,0,7.006433247671326
14,270,8.458884845596119,12
15,270,5.46961495951683,2.7427156585128385
16,270,0,5.765030308993411
17,270,8.660461384691462,5.681674449095762
18,270,0,11.758696614026388
19,270,0.019925895340384213,10.986738667262445
20,270,2.813927820257518,9.96759156807633
21,270,5.934077177251391,2.7441841147774992
22,270,11.07507246304082,5.93494243496239
23,270,3.915447715128962,5.8245429537394875
24,270,11.450226682324404,6.119501073793116
25,270,2.8071663801228404,7.263736769229319
26,270,0,12
27,270,8.109350241246943,1.664583544478862
28,270,7.069414790068924,1.3914526722921114
29,270,6.429044350643191,11.27606650672279
30,270,8.342036591559996,0.6412624453214553
31,270,0.3183162127065964,2.005268220205792
32,270,11.133628261468528,5.013464773991949
33,270,3.5277328396731438,1.4634491379197123
34,270,3.394802161185262,11.99268862111217
35,270,8.365116940712358,11.829933330658372
36,270,1.310169824132819,8.519270687154979
37,270,11.493772802832583,0.9308328602395498
38,270,4.2787110066778595,0.11028503695568742
39,270,0,3.62905446236883
0,275,9.665033714877776,12
1,275,9.933728477667835,9.620018607354584
2,275,12,2.986834227278094
3,275,6.900916413357254,8.18383058679656
4,275,10.003102190319508,7.759588014462612
5,275,11.965039956185125,12
6,275,3.6799290727237968,10.024776447702411
7,275,8.836005612486964,3.0575854562107856
8,275,12,12
9,275,12,1.3567675547664992
10,275,10.460034222146593,10.090050926510925
11,275,5.220334475918842,10.001544548224315
12,275,8.377555198788588,6.099247307341733
13,275,0,6.992592306457626
14,275,8.482310005767403,12
15,275,5.480377884949661,2.691821432934082
16,275,0,5.677468117962808
17,275,8.529487232479527,5.723931832502595
18,275,0,11.524927820466335
19,275,0,11.032302690227183
20,275,2.760488796532405,9.948956663648445
21,275,5.899378764457109,2.6787014691610675
22,275,11.083105085318001,5.913047323753354
23,275,3.8568170989259123,5.8072774356215575
24,275,11.404345339654421,6.1258218930864885
25,275,2.7954103153363796,7.263442850413659
26,275,0,12
27,275,8.344170689908823,1.587291070878145
28,275,6.96273274674734,1.250572705586619
29,275,6.482617743304214,11.227657749016792
30,275,8.504666155733542,0.3881425052524798
31,275,0.2575024740080886,2.0230649662025177
32,275,11.276264021615376,4.935001498103954
33,275,3.569643022164813,1.4530503241538377
34,275,3.5451809760606188,11.982868913037446
35,275,8.382825293205018,11.830025110521666
36,275,1.3163113282921286,8.52725477174023
37,275,11.442969095365855,0.8060974740542212
38,275,4.329333732661716,0.1516812799997319
39,275,0,3.5700683330977574
0,280,9.72257503263116,12
1,280,9.906734160041996,9.590442039660706
2,280,12,2.9729777536133426
3,280,6.888724896574034,8.175107462120604
4,280,10.169627370407275,7.673815816844993
5,280,11.981595130995213,12
6,280,3.728994504167894,9.97028450019156
7,280,8.993151469214423,2.9775052453243394
8,280,12,12
9,280,12,1.3011163332149942
10,280,10.37292963772466,10.101930492908405
11,280,5.205835639698181,9.959506782498776
12,280,8.423318919778028,6.091333964463581
13,280,0,6.979292703057337
14,280,8.506360598883463,12
15,280,5.491203544699712,2.6438737767502185
16,280,0,5.591581526169202
17,280,8.385644160293726,5.7709900969189585
18,280,0,11.302699928826502
19,280,0,11.073232094081611
20,280,2.706739594423092,9.92939528090213
21,280,5.869392523726861,2.621931989475918
22,280,11.09268761787762,5.887476517577964
23,280,3.808345880391882,5.793317021290851
24,280,11.36116504398433,6.131794468532155
25,280,2.772713621133479,7.262247032893939
26,280,0,12
27,280,8.56850159486269,1.5118204207886188
28,280,6.852052027950114,1.0981525637152247
29,280,6.5296742371409575,11.184443710702185
30,280,8.668623105210445,0.13027661722431028
31,280,0.17027164295512562,2.0492367267424267
32,280,11.42771182400004,4.8492978211347335
33,280,3.607567276605921,1.4433996246994212
34,280,3.7023056009050066,11.970777766160953
35,280,8.415254703709824,11.82947329607034
36,280,1.3157008006113018,8.526452354431358
37,280,11.39699215471457,0.6712796376907078
38,280,4.401521832030296,0.21152581707746682
39,280,0,3.5187317057848975
0,285,9.776193107561621,12
1,285,9.885394285373897,9.565411283644133
2,285,12,2.959082299786614
3,285,6.8610004015131585,8.154370563353952
4,285,10.332825650124855,7.59067481885772
5,285,11.960889740398523,11.984720496418582
6,285,3.7775739016577723,9.91617359394192
7,285,9.161954388096518,2.8927419863123642
8,285,12,12
9,285,12,1.2459999709164566
10,285,10.256175750817162,10.116506541440476
11,285,5.193581386073258,9.923261223141962
12,285,8.457518445236568,6.085865771024285
13,285,0,6.967169071969938
14,285,8.530514566092505,12
15,285,5.499814557758208,2.607487788398816
16,285,0,5.506906566933376
17,285,8.227454548338486,5.825214549006316
18,285,0,11.1038721916651
19,285,0,11.12088296894137
20,285,2.6640103263922543,9.914233824457725
21,285,5.845383862793887,2.5760711911715526
22,285,11.1095485528559,5.840741622559922
23,285,3.7619735924299076,5.780257584873295
24,285,11.321570054603141,6.1368190381087135
25,285,2.744940308427128,7.260250239705949
26,285,0,12
27,285,8.799401740351044,1.4350899750544146
28,285,6.734451237201196,0.9428897495741935
29,285,6.578948519167029,11.140755496860395
30,285,8.838558848178884,0
31,285,0.08061543141828102,2.0764119352769734
32,285,11.595321359056607,4.756755990001699
33,285,3.635499992918259,1.437420065252109
34,285,3.8445937856376076,11.958683332135227
35,285,8.430229040838016,11.829091740011929
36,285,1.3166870864679265,8.525727262271545
37,285,11.355433653734355,0.5473443526548947
38,285,4.447623053955448,0.24842940507696326
39,285,0,3.4667220265634784
0,290,9.851978387373652,12
1,290,9.867714192665003,9.543983843385826
2,290,12,2.9449032362207586
3,290,6.848857279110356,8.145028721037157
4,290,10.474166385786187,7.523454361132041
5,290,11.941737889109675,11.970243388310537
6,290,3.832841338431239,9.849637680221925
7,290,9.327224304541534,2.805848693533268
8,290,12,12
9,290,12,1.1990440529211503
10,290,10.10850999354232,10.136395694166872
11,290,5.179385150410784,9.879031448167481
12,290,8.459968789642607,6.085499552861423
13,290,0,6.955061762414596
14,290,8.551294159372413,12
15,290,5.5066558314537,2.578722542052499
16,290,0,5.4085231162729
17,290,8.073811362923895,5.872863081301059
18,290,0,10.898629377788383
19,290,0,11.187516435810078
20,290,2.61949212860392,9.89768334670475
21,290,5.82268803578828,2.5324323586778505
22,290,11.122799773036972,5.802619288255903
23,290,3.714254374054352,5.766009794860867
24,290,11.28915134539974,6.141005016504142
25,290,2.725800976891565,7.258361005505139
26,290,0,12
27,290,9.034527661410635,1.3602332597533642
28,290,6.6113598594510865,0.7757145780030978
29,290,6.619220836586517,11.103777793890915
30,290,9.002728220251235,0
31,290,0.007220582196763373,2.0991083321596915
32,290,11.76303013285658,4.662313281845364
33,290,3.660139652823081,1.4319180452660145
34,290,4.0111627443478275,11.941150097564696
35,290,8.454453146078329,11.829115172374024
36,290,1.3063862431261422,8.512120797706526
37,290,11.316893141491299,0.44781190440871566
38,290,4.490614392989634,0.2832483984343246
39,290,0,3.419157889018769
0,295,9.930170515962658,12
1,295,9.858501524897774,9.532486201066947
2,295,12,2.92989104182843
3,295,6.832680544231345,8.132483530187836
4,295,10.63330355067611,7.448780281765744
5,295,11.923262931775325,11.956533495088015
6,295,3.8755269742013776,9.795145758264477
7,295,9.509516439759523,2.714675987142803
8,295,12,12
9,295,12,1.162893644120424
10,295,9.955128372526973,10.158802253206144
11,295,5.161682224328034,9.825155993345161
12,295,8.44967703600972,6.087019570473031
13,295,0,6.942387622727622
14,295,8.58562712703779,12
15,295,5.514408965235014,2.5413901819084703
16,295,0,5.315416949499336
17,295,7.935692489770774,5.912658012828871
18,295,0,10.707420112743199
19,295,0,11.26229933560127
20,295,2.5595388902049234,9.876198561721552
21,295,5.804300865388195,2.4933881795653754
22,295,11.129677646911384,5.7832260314214965
23,295,3.678608892128304,5.756286903212264
24,295,11.279787409746833,6.142283063856736
25,295,2.700128781659908,7.25585532808017
26,295,0,12
27,295,9.255215538577895,1.2865753502675572
28,295,6.495389446199003,0.6123757019665386
29,295,6.66785888072012,11.061098392218627
30,295,9.165800894109623,0
31,295,0,2.126024770740349
32,295,11.927846197315148,4.560976020917197
33,295,3.677527010432769,1.428106896766394
34,295,4.210300631544396,11.923209780506962
35,295,8.471662647333599,11.829140832204802
36,295,1.290330411834234,8.490349138769535
37,295,11.285545106009149,0.353412026922209
38,295,4.551640583689321,0.3311279226252144
39,295,0,3.377264737430216
