id,time,x,y
0,0,0.9429012121663695,7.00772795635885
1,0,9.958169557093408,3.0295068086858996
2,0,4.965819420977131,1.0513501420015505
3,0,8.027994269253982,0
4,0,5.945037286907287,0.03297456051777757
5,0,4.961865458404405,10.031213689984641
6,0,5.945305446959833,9.023756658042661
7,0,8.011492395749027,3.052951566245642
8,0,11.048738521647275,11.026898307943334
9,0,11.951223294013253,12
10,0,7.026561621202635,3.982136985327806
11,0,11.03249907626309,6.024847024049515
12,0,6.976407176209678,4.055074793243426
13,0,11.98518335599411,2.961303898906699
14,0,5.960361190174624,4.000736334335246
15,0,9.036747987419192,9.963382111638493
16,0,12,6.9593112915337
17,0,5.988634290355847,9.066678584099137
18,0,5.023799626309137,0.03838778252557906
19,0,6.997064642388411,5.960339889221114
20,0,5.042297973308329,7.03360298680377
21,0,12,4.987001718676738
22,0,12,10.938179255064094
23,0,3.036724969769414,7.939263946320917
24,0,0.9639708251441957,10.933414366666987
25,0,10.046355395843424,6.939825568073976
26,0,4.968290449876832,9.988275228337406
27,0,8.940083744874672,6.978558741545713
28,0,2.032753522827219,9.058838742433322
29,0,3.0285589346115427,9.052294393003582
30,0,5.965646067436957,10.04102317583661
31,0,10.998895095258964,2.039085829548052
32,0,10.999152841610869,0.03979131463236326
33,0,0.9694979473524724,0
34,0,8.004866496770477,4.027261010787446
35,0,1.0598671014767418,7.029455509406454
36,0,3.005843293451756,8.036377817353584
37,0,6.9926562070230975,0
38,0,6.0142618652771995,10.962703966765345
39,0,3.045222430645614,4.005253518569828
0,5,0.8789202237788847,7.015176513425995
1,5,9.921238859529227,3.056175962444136
2,5,4.936102060426242,1.096567852096212
3,5,8.059201768949226,0
4,5,5.908064861451383,0.05499190075933333
5,5,4.92450818251298,10.062807159170102
6,5,5.896200650371445,9.046020665886983
7,5,8.024702070054103,3.114416255251353
8,5,11.097846072654434,11.053230767561208
9,5,11.91091054467193,12
10,5,7.065463418249214,3.954917577017053
11,5,11.083800848084229,6.067407012960993
12,5,6.965606225432509,4.078562989460222
13,5,11.968133626909983,2.912385264528885
14,5,5.917175871829728,4.0010395145028586
15,5,9.058369226667514,9.942332217428223
16,5,12,6.914417811512837
17,5,5.980162835527292,9.117822701358206
18,5,5.03681947781422,0.05958449276143638
19,5,6.9932202441461495,5.908858161514624
20,5,5.088950311487049,7.072138024476912
21,5,11.999396183793166,4.987907243106165
22,5,12,10.899376776657796
23,5,2.970931838510796,7.899216209405121
24,5,0.93844366822277,10.882213267677487
25,5,10.083381831775817,6.892754641863137
26,5,4.9127030093246296,9.96887923676039
27,5,8.869724209719148,6.95146011357831
28,5,2.062591451149645,9.11306636076285
29,5,3.0448475373758765,9.082035197121849
30,5,5.955374647269152,10.053092293377302
31,5,10.995104530418976,2.094939160590978
32,5,10.997762029328651,0.07823517994849762
33,5,0.928616687839891,0
34,5,8.007780807118278,4.0452617048026
35,5,1.1305638670911908,7.064819806791417
36,5,3.0123439281949795,8.073740515518613
37,5,6.987220299518106,0
38,5,6.029193783878502,10.922790090950242
39,5,3.073997046554168,4.008560766581603
0,10,0.8511947274408637,7.018263007414769
1,10,9.884761796914281,3.0819686611078483
2,10,4.9207175696176915,1.1200119363540888
3,10,8.091753992670768,0
4,10,5.868264005334296,0.07961468278801824
5,10,4.904219472606382,10.0803232115424
6,10,5.835453442915862,9.072832035922893
7,10,8.032706068522298,3.153669976908457
8,10,11.144063349323767,11.07880823777285
9,10,11.880794648529445,12
10,10,7.0859771780280445,3.9407556490036293
11,10,11.145216046233545,6.1189230822333815
12,10,6.952799488975426,4.107034382970861
13,10,11.945339601427001,2.8527644654563034
14,10,5.880574008989267,4.001067481084734
15,10,9.075294640002829,9.927099913916198
16,10,12,6.880453506373219
17,10,5.96960359485205,9.180891225959478
18,10,5.042927954188315,0.06891767622958127
19,10,6.989342931088982,5.864181380339953
20,10,5.144318825756608,7.116825665729107
21,10,11.979974968039192,5.017744377925746
22,10,12,10.848679842738735
23,10,2.9028718306209376,7.858321053631286
24,10,0.9038202652010713,10.814192381576998
25,10,10.10873431762965,6.8596707025823
26,10,4.855290410150008,9.948393166605717
27,10,8.819037962534628,6.931866849532766
28,10,2.096085294184065,9.175463710013853
29,10,3.068891040379649,9.125622373790511
30,10,5.9480177790527184,10.061504140960137
31,10,10.992373427707221,2.1367751969084114
32,10,10.996691609576326,0.11206432847598928
33,10,0.8983365293640161,0
34,10,8.010298435338997,4.0616191563874064
35,10,1.187651419577329,7.0929075823995
36,10,3.0209212035294755,8.119390337361464
37,10,6.978517254173315,0
38,10,6.039432300561635,10.89631109230111
39,10,3.0955327543342106,4.010404953909601
0,15,0.8321466029803299,7.019910289678097
1,15,9.8372266280149,3.1161173416624535
2,15,4.908121485484299,1.138028692142292
3,15,8.109240045897716,0
4,15,5.8502747610304136,0.0909669854810112
5,15,4.884590715144862,10.097226962443255
6,15,5.774526098815761,9.100953018098691
7,15,8.040376546229133,3.188587962211309
8,15,11.1772958697002,11.098034353543643
9,15,11.87537885479818,12
10,15,7.0989416353136345,3.931740743939306
11,15,11.199006526510576,6.16664375272862
12,15,6.940620221199606,4.134182007718024
13,15,11.915986286292075,2.7763330176656273
14,15,5.826016163754033,4.001133208638622
15,15,9.096942704498039,9.90912204079165
16,15,12,6.855672151138302
17,15,5.960152830501632,9.239991727229844
18,15,5.055533996721169,0.08654409035551225
19,15,6.988151205683775,5.852153368831378
20,15,5.21117516524678,7.170720929344964
21,15,11.970598291060753,5.031528485010693
22,15,12,10.78843771786419
23,15,2.8495318376625525,7.824334177834571
24,15,0.852771282665681,10.840832746511895
25,15,10.13644504508235,6.8212047599418355
26,15,4.808920620126151,9.93249412816542
27,15,8.779813195465914,6.917777250398015
28,15,2.1388747128410586,9.254736928841037
29,15,3.095000495755872,9.174279298456735
30,15,5.941624547069373,10.06838654940959
31,15,10.987949751916325,2.186538352842271
32,15,10.996019077650054,0.14065638628467705
33,15,0.8777432935903502,0
34,15,8.011146264571252,4.067601432756048
35,15,1.247454838434448,7.12203855063066
36,15,3.0348445449988612,8.189758887668829
37,15,6.964275497684843,0
38,15,6.051104700619147,10.865123752596878
39,15,3.1024249151870142,4.0110548563206265
0,20,0.7919747632240778,7.02364601030299
1,20,9.798624702883677,3.144228879458753
2,20,4.905623208415779,1.141743397711845
3,20,8.122914223356855,0
4,20,5.825742907528755,0.10615625064401915
5,20,4.855567953829016,10.120940052076772
6,20,5.712019213298724,9.129285942953365
7,20,7.990346607171131,3.1988266833952
8,20,11.207845371291906,11.11638408962058
9,20,11.890531786532282,11.991997909882546
10,20,7.099342349041844,3.9314693938163607
11,20,11.24676211173958,6.211099951892816
12,20,6.927573068618088,4.164452623093279
13,20,11.885495152570792,2.7055034016978765
14,20,5.80027640179106,4.002617630220528
15,20,9.109386320494067,9.898469064659169
16,20,12,6.830272836916518
17,20,5.950010872985285,9.305012755057316
18,20,5.072067557707445,0.10872237141138916
19,20,6.986669558983268,5.838193702574479
20,20,5.267967719866674,7.2143173545302695
21,20,11.958630573636938,5.048423618621262
22,20,12,10.710691636733166
23,20,2.7937545071597794,7.7909962968159014
24,20,0.8179597367049499,10.85962818095074
25,20,10.155803964308014,6.792916023210244
26,20,4.776284522999527,9.92216552511118
27,20,8.716404367639186,6.894170707766956
28,20,2.1778021467191127,9.329817619531735
29,20,3.1298039718654302,9.239244192020589
30,20,5.9381848904445365,10.072271891452571
31,20,10.982333887448783,2.25381690630281
32,20,10.995961357388978,0.14580960490153444
33,20,0.8503339902878256,0
34,20,8.010371601087659,4.061712592451848
35,20,1.2940448785714538,7.144014661663398
36,20,3.047339019193205,8.260244119691345
37,20,6.947176197965668,0
38,20,6.058795625913939,10.845519196393246
39,20,3.1179547220099537,4.012460086287483
0,25,0.7319985263220532,7.030964758221977
1,25,9.76050776233793,3.1713294049691614
2,25,4.896431232179933,1.1557145947782854
3,25,8.141480477489534,0
4,25,5.779323879135763,0.1352943852370756
5,25,4.822269672052633,10.147583077801547
6,25,5.654879842382,9.156123593943713
7,25,7.9258731647541145,3.2105128941620804
8,25,11.243229584803736,11.137492981940172
9,25,11.90767405189311,11.983073511388408
10,25,7.110057008024471,3.9238181530103797
11,25,11.310489875665077,6.2700885648932925
12,25,6.90547584367589,4.216162215286112
13,25,11.851683273748892,2.6318768842432445
14,25,5.788824090494464,4.00321388181554
15,25,9.129876196161067,9.88090597361793
16,25,12,6.806046064461221
17,25,5.941381016845737,9.353243427894782
18,25,5.089366413205259,0.1322961357535871
19,25,6.985721385817789,5.824281213368272
20,25,5.302775075944007,7.2422352860191115
21,25,11.954575651417777,5.05398795583987
22,25,12,10.639929824244343
23,25,2.7392380513020336,7.7594095847997995
24,25,0.7808497505862195,10.881585444117741
25,25,10.180853959533547,6.755384287017138
26,25,4.730056615277664,9.907702248937813
27,25,8.628715229627778,6.8596044526348185
28,25,2.2195582019643956,9.414533385278876
29,25,3.1611336576805003,9.298126818371664
30,25,5.952045887628175,10.056306073073232
31,25,10.974729749045611,2.346760058768269
32,25,10.995962948746998,0.1457513196358703
33,25,0.8283074100402205,0
34,25,8.010898968505279,4.065662118323715
35,25,1.32864617885907,7.158690807701892
36,25,3.0585092970915264,8.32202643033961
37,25,6.931393466839846,0
38,25,6.062630587256255,10.835903237294344
39,25,3.1571816525747454,4.01576424837794
0,30,0.6473377518297384,7.041228729089015
1,30,9.71256639450309,3.2070247742595837
2,30,4.895198234178323,1.1575419239098537
3,30,8.159893111287163,0
4,30,5.73384082967518,0.16300923982349438
5,30,4.7957480400786086,10.168727210264446
6,30,5.579536701407397,9.186560753176405
7,30,7.864610917502941,3.2215044991073154
8,30,11.273385898203863,11.154754460617548
9,30,11.926080793699484,11.973205776699077
10,30,7.122681320033655,3.9152422138986887
11,30,11.376713455144257,6.3329610433741035
12,30,6.891289873643329,4.249103186129316
13,30,11.809013470889443,2.5343904881226114
14,30,5.769187743049258,4.004560223061577
15,30,9.141906914697612,9.870226880215423
16,30,12,6.788642359068091
17,30,5.934021284463973,9.394773937284633
18,30,5.109629475764889,0.16193783570698908
19,30,6.98493141691702,5.814026587525093
20,30,5.352717200033808,7.28424368394074
21,30,11.93546428143455,5.079798388737223
22,30,12,10.576255638982955
23,30,2.6669748005455047,7.715964509099643
24,30,0.7334722297295672,10.909655496770062
25,30,10.218649607487064,6.6979349403515
26,30,4.68014409314296,9.892876982313508
27,30,8.518250673909591,6.813661702315715
28,30,2.2637156502389835,9.504884680616575
29,30,3.2020624660111796,9.376018699989414
30,30,5.976198618456003,10.027513726929653
31,30,10.96615843583602,2.4532879117333932
32,30,10.995911170115729,0.14910946258632213
33,30,0.8092083892784792,0
34,30,8.01526925112587,4.09000367769609
35,30,1.3586788964733032,7.171185596461178
36,30,3.0686478828297403,8.379019998991811
37,30,6.915737857782462,0
38,30,6.056857185008315,10.851122984781261
39,30,3.1913325720725467,4.018200980504529
0,35,0.6413707177827703,6.988094704080668
1,35,9.677625874506397,3.2325548675528113
2,35,4.880995809952986,1.178545497389517
3,35,8.179111955748198,0
4,35,5.6866617545607925,0.19260151412199195
5,35,4.757941178922904,10.199431984255147
6,35,5.499337188811758,9.217890136538172
7,35,7.796153070492536,3.234994103751414
8,35,11.29252253384349,11.165923156103924
9,35,11.945294662984718,11.963537059950854
10,35,7.138665474686708,3.9037572907911953
11,35,11.43627480947617,6.387329903820553
12,35,6.862815564081775,4.315174764682524
13,35,11.777302538569648,2.4605721969850296
14,35,5.756897901674181,4.0054036323132705
15,35,9.14611874515144,9.86657740290793
16,35,12,6.781003021002924
17,35,5.919999920749124,9.461077500242194
18,35,5.1413080627374255,0.20751151211403968
19,35,6.983164452513937,5.787641170660993
20,35,5.397047388904685,7.32115052027364
21,35,11.91276662670993,5.11105204923056
22,35,12,10.499827278277227
23,35,2.6072813030680213,7.683168167992325
24,35,0.6775937986611943,10.943106834826368
25,35,10.254896511042512,6.647128573291748
26,35,4.641736793492929,9.881330501045014
27,35,8.420572984909999,6.771108187105687
28,35,2.3100834467227664,9.60035336012631
29,35,3.2553866933993003,9.474662787932383
30,35,6.003748780223057,9.994587355900569
31,35,10.957037584359115,2.557180210863953
32,35,10.996000621323795,0.13740525013921065
33,35,0.8009680590611564,0
34,35,8.01968906890456,4.112195229477386
35,35,1.384480904828645,7.181265485096045
36,35,3.0833393022148687,8.454621367072992
37,35,6.903326526990222,0
38,35,6.047434662184453,10.877441756805027
39,35,3.265084376602973,4.0227607062423845
0,40,0.6397140219073092,6.971278277056117
1,40,9.663071619924425,3.2437117724482265
2,40,4.867278670905111,1.1993781965377457
3,40,8.191716812968329,0
4,40,5.64838976644935,0.2169275973548897
5,40,4.727896707370874,10.222308841378084
6,40,5.431641304440395,9.245938504953891
7,40,7.732213867844732,3.2488859994109784
8,40,11.309614217443478,11.176084749795539
9,40,11.974513624485146,11.947983252449133
10,40,7.1583803248156,3.890084539929685
11,40,11.505099539128889,6.444663897888099
12,40,6.833638797292817,4.385838425063656
13,40,11.74502539462298,2.383029458014637
14,40,5.75309651878578,4.005644491791938
15,40,9.138184141256797,9.8735977942672
16,40,12,6.777097985749369
17,40,5.905885676717009,9.53699296742126
18,40,5.177494761350749,0.2591020258194163
19,40,6.983654764179173,5.793694972616225
20,40,5.453338136762864,7.366972087023398
21,40,11.870129106303265,5.169817048950417
22,40,12,10.414399834058754
23,40,2.54822048321732,7.64938474469384
24,40,0.6035151887194946,10.988994137798876
25,40,10.297610408246348,6.587644978179875
26,40,4.58804297033052,9.863666910429428
27,40,8.310224681301538,6.725154664970302
28,40,2.3477338194894055,9.674912561098118
29,40,3.3054727141656404,9.570792111072421
30,40,6.0311719457113915,9.962253740035523
31,40,10.948965946166322,2.6707932267484464
32,40,11.02172842625912,0.1375704060996855
33,40,0.797750791269578,0
34,40,8.02543580145422,4.143633973293625
35,40,1.41934100103132,7.196004401440944
36,40,3.102266297918168,8.55289312886384
37,40,6.891705381539555,0
38,40,6.0401279677056765,10.89611448112284
39,40,3.3147236145348877,4.0259026424368205
0,45,0.638084897618524,6.948447496578431
1,45,9.643955900952319,3.2582752918813442
2,45,4.84944634704623,1.2253888725291786
3,45,8.206586482649657,0
4,45,5.614264502343391,0.23761182522167415
5,45,4.707105326807529,10.237201922297203
6,45,5.3618055435271055,9.274874780284991
7,45,7.676136817184141,3.2594730552955355
8,45,11.325868809142806,11.185333199006811
9,45,12,11.91930020196561
10,45,7.158527426230796,3.8899798456187136
11,45,11.564169079489728,6.493743016441905
12,45,6.804548873428967,4.4678297999098175
13,45,11.712771218417883,2.307292754364875
14,45,5.741784156123379,4.006196037122417
15,45,9.125004808163444,9.885560680164245
16,45,12,6.771571370657043
17,45,5.8927706657722725,9.607125925176248
18,45,5.21389761900598,0.31028878133734505
19,45,6.984920274042148,5.809415101246601
20,45,5.519172777523356,7.422380535425213
21,45,11.839949514640047,5.209080680171192
22,45,12,10.331833049716282
23,45,2.502215653818544,7.62306858604195
24,45,0.5311919725481296,11.033033024352095
25,45,10.333613956294109,6.540294353975264
26,45,4.523437614334936,9.843689923305854
27,45,8.181016768901086,6.670260859336105
28,45,2.3988381329075295,9.77495328883386
29,45,3.3537204551233337,9.666400475956312
30,45,6.069601136585279,9.91765352304732
31,45,10.938147939150577,2.793676676547211
32,45,11.060027354805058,0.1382008853198818
33,45,0.8030230976172278,0.0028094152270584055
34,45,8.030603602481474,4.171956463639219
35,45,1.4527292563262988,7.211188051232289
36,45,3.118649807972835,8.646134634075102
37,45,6.878961738349433,0
38,45,6.036624313678421,10.90559060793977
39,45,3.365131149682454,4.028940758539928
0,50,0.637275763809248,6.933871742687711
1,50,9.640462350729802,3.2607422696821002
2,50,4.829275167455931,1.2545367544624446
3,50,8.214372608499412,0
4,50,5.566323427080712,0.2658426580829706
5,50,4.6794726834862175,10.256233063378286
6,50,5.2661235919915566,9.313381561810148
7,50,7.624076607949938,3.2695080021435614
8,50,11.351319937765952,11.200001385306752
9,50,12,11.899471810674436
10,50,7.152540681667413,3.894304764748693
11,50,11.635195038004136,6.5523691858936015
12,50,6.779684993936275,4.545873605831422
13,50,11.666851519276443,2.195744675693341
14,50,5.727900371914321,4.006940944621351
15,50,9.127672819505687,9.883210500713014
16,50,12,6.763443876047474
17,50,5.879766227170405,9.676324810264836
18,50,5.236554321696909,0.34300488853246264
19,50,6.986386175361103,5.8333755827902145
20,50,5.589735503044859,7.481133695092393
21,50,11.802410768545212,5.258822213383737
22,50,12,10.237798233566805
23,50,2.46395021348139,7.601771870077397
24,50,0.4683133488448393,11.069788138671196
25,50,10.3764022768766,6.483841522453645
26,50,4.4609321586108726,9.82278955148268
27,50,8.055094348183838,6.6151869842424125
28,50,2.436939838533275,9.846089221224224
29,50,3.4108623142329355,9.777082649906102
30,50,6.104737831511325,9.874536748903516
31,50,10.925115996029376,2.910634184556509
32,50,11.093144729572549,0.13809681306380156
33,50,0.7995388502098284,0.001041953426403937
34,50,8.036170582339585,4.200643377828521
35,50,1.4874908951896275,7.227268540484727
36,50,3.1338702666175036,8.746214758281427
37,50,6.863490064888673,0
38,50,6.037051226826624,10.904539069006354
39,50,3.4125593280602247,4.030503435632971
0,55,0.6385800328981265,6.953243232497982
1,55,9.623949589332696,3.27129997393559
2,55,4.808148781036034,1.2860075881051896
3,55,8.229885149410705,0
4,55,5.507627035473448,0.29953662395228525
5,55,4.646784866311458,10.278429724771074
6,55,5.169039841586257,9.354705638980477
7,55,7.561576766034149,3.281177660852326
8,55,11.370417138298462,11.210809520911335
9,55,12,11.875717161914666
10,55,7.137323767670387,3.9054613733270775
11,55,11.700268538042852,6.607581646087184
12,55,6.762815812783058,4.598902811719849
13,55,11.630049561651953,2.0980082857147533
14,55,5.715491009320657,4.007555579398415
15,55,9.141813272421386,9.870535774429579
16,55,12,6.7551532134987475
17,55,5.867664750154533,9.734942212100277
18,55,5.267736645881332,0.3862245987482277
19,55,6.987970671251202,5.853156765466023
20,55,5.639729598605109,7.522662780707321
21,55,11.765975453948677,5.308536767752751
22,55,12,10.135328899341204
23,55,2.4274650079082245,7.5818562544635
24,55,0.3982828114412809,11.111926577794465
25,55,10.451977131855163,6.38803518895057
26,55,4.408173610693296,9.804412390572203
27,55,7.911269001297471,6.553977316579921
28,55,2.47673089998369,9.923552724789108
29,55,3.4638383867518328,9.877015419429366
30,55,6.125948961409364,9.849309650530406
31,55,10.91129479443185,3.0318701033250877
32,55,11.118079833667407,0.1371275682500793
33,55,0.7947899977746263,0
34,55,8.036981361146847,4.204645644709958
35,55,1.5250517371638392,7.24373509057852
36,55,3.15142595468508,8.859698409860446
37,55,6.850456480077988,0
38,55,6.0344731149188675,10.910751393906084
39,55,3.451907767859585,4.032575357470231
0,60,0.6400450440828279,6.9717252819433675
1,60,9.613335914869458,3.2780185211557535
2,60,4.786639374985603,1.3158815345277555
3,60,8.251743791806872,0
4,60,5.415754371093773,0.35307977922898903
5,60,4.631144634974802,10.28917637501547
6,60,5.100345752151027,9.385862020127435
7,60,7.484181580950616,3.297951323721316
8,60,11.384387050621148,11.21900464924696
9,60,12,11.85290154420955
10,60,7.118546294250805,3.919210839427843
11,60,11.76405710627686,6.660790006705691
12,60,6.7499254975549725,4.642755562461186
13,60,11.595319600007583,2.011157960978821
14,60,5.719529864968935,4.007329621916154
15,60,9.15607538674851,9.8574086728732
16,60,12,6.750585253444557
17,60,5.855305143746188,9.790234541423748
18,60,5.299960749264117,0.43163842763077115
19,60,6.989429438268312,5.870422549875171
20,60,5.677650040105014,7.553850145879542
21,60,11.730153977471252,5.358145190728454
22,60,12,10.008266443684988
23,60,2.3932158707917526,7.562000838565824
24,60,0.3331559063150181,11.151473915579698
25,60,10.526690684059693,6.294142893113519
26,60,4.35493448214545,9.7855275802579
27,60,7.760372321509899,6.486433811721117
28,60,2.5178270602323582,10.00138423242965
29,60,3.519498232816848,9.98306394988261
30,60,6.166289474470067,9.802542067334704
31,60,10.90112862233103,3.1404714885456584
32,60,11.146833735313518,0.13621908976548455
33,60,0.8013133876766525,0.003351972634102919
34,60,8.037550233025158,4.207605896447568
35,60,1.5543345011813872,7.256725335021908
36,60,3.168045798596186,8.98737854268731
37,60,6.841194600337526,0
38,60,6.034858900577953,10.909838939879267
39,60,3.4715260123918164,4.033242389622407
0,65,0.6415550117180153,6.999691607942159
1,65,9.581461024892832,3.298222353193822
2,65,4.756366421826044,1.3586692593847047
3,65,8.282690364964854,0
4,65,5.307555947419987,0.41750358988885805
5,65,4.625709741610688,10.292670670960787
6,65,5.02781744968193,9.417240842072022
7,65,7.38702386191406,3.316643026390033
8,65,11.395406115153502,11.225741830971494
9,65,12,11.831984923585475
10,65,7.109764181096761,3.925836564343777
11,65,11.83979365947227,6.725445703609441
12,65,6.7456024694082375,4.660229884360955
13,65,11.567549012867806,1.9366646297579801
14,65,5.691419270531832,4.00828796643828
15,65,9.171317677853795,9.843323346952069
16,65,11.999267569097361,6.751134974586546
17,65,5.845726313827448,9.83355664621833
18,65,5.331662545120257,0.4753181787414547
19,65,6.990035277699825,5.879065452148878
20,65,5.729871980754748,7.596281878543696
21,65,11.694694457421084,5.410439124848411
22,65,12,9.893942711259658
23,65,2.335153573552254,7.529393041967459
24,65,0.2824880076115261,11.184075498565836
25,65,10.612258272504612,6.189109759782757
26,65,4.304934820220013,9.76649284998011
27,65,7.605835675329866,6.417554174929576
28,65,2.5562420431976873,10.077400822848382
29,65,3.5787976365264114,10.09919167926572
30,65,6.201045210969134,9.760201824603518
31,65,10.889971053988106,3.271547199503932
32,65,11.17926843806729,0.13565079949172065
33,65,0.8302552931559595,0.01749225751580176
34,65,8.036729436619202,4.20255517652026
35,65,1.5587380362617171,7.258567589123749
36,65,3.1804785857671587,9.101600532410176
37,65,6.827219435542317,0
38,65,6.033331438855476,10.913200209261435
39,65,3.507617912368586,4.034080196820338
0,70,0.6436051245098988,7.026991736708684
1,70,9.546552744734731,3.320374557554095
2,70,4.715726193511594,1.4159270489638762
3,70,8.30198490691241,0
4,70,5.203473872482339,0.47989515874886596
5,70,4.601020882231567,10.309018691863155
6,70,4.982810686957597,9.437305908734908
7,70,7.300840671747067,3.3340056488674468
8,70,11.39520501123505,11.225612461692949
9,70,12,11.802234699615607
10,70,7.113700008158304,3.9229743883328454
11,70,11.918480979278849,6.796451717585282
12,70,6.744618901256621,4.664230055732067
13,70,11.535215276508826,1.8504278598153823
14,70,5.656310954391373,4.0098029391177175
15,70,9.18726022233348,9.827952573840381
16,70,11.999252994371727,6.751145140232592
17,70,5.834775976421972,9.881370158283094
18,70,5.364486328821475,0.5192293788022124
19,70,6.993158355287391,5.924036399934222
20,70,5.785951018733421,7.64257979081171
21,70,11.656909955486643,5.467973803742533
22,70,12,9.789074085930377
23,70,2.29467229870039,7.5064400151232675
24,70,0.23306391212614067,11.214117230347997
25,70,10.701300640777893,6.078390241505464
26,70,4.25641017220326,9.74840254916321
27,70,7.461939313488553,6.350939340929254
28,70,2.5935483937810386,10.150976244235956
29,70,3.6282991134627345,10.206575292426702
30,70,6.236336233419294,9.716320294113183
31,70,10.87965880150314,3.411902862349378
32,70,11.203171481763377,0.1350444995093062
33,70,0.8555414114435316,0.030112067621258346
34,70,8.035458159727758,4.1953033865293925
35,70,1.5819898014759477,7.267927296694865
36,70,3.19040164365705,9.202123049733489
37,70,6.810144450759886,0
38,70,6.025575105503466,10.930321942214293
39,70,3.5546479785256895,4.033577869392691
0,75,0.6443443277984723,7.040791171270215
1,75,9.496318980511763,3.349516170765135
2,75,4.672978492349918,1.4778205296735687
3,75,8.327118026103818,0
4,75,5.072895422682632,0.5579089549534957
5,75,4.5662489264645085,10.331656514135885
6,75,4.953230061210045,9.451085770769113
7,75,7.21085487767151,3.351150779580531
8,75,11.374055815324352,11.212541754120663
9,75,12,11.767727562701216
10,75,7.105601551524366,3.928950647734655
11,75,12,6.888367198647442
12,75,6.74056664168045,4.679104646451769
13,75,11.497721338680654,1.7510585503841227
14,75,5.645690317616894,4.009917773918483
15,75,9.215060106084552,9.801612106556567
16,75,12,6.745169406590562
17,75,5.8221092963764,9.937385181049079
18,75,5.405075281503908,0.5728298606912907
19,75,6.997523237115312,5.9737358645424665
20,75,5.828444097276343,7.677661582612689
21,75,11.61418339668832,5.532798894206494
22,75,12,9.702671891974703
23,75,2.240657181156651,7.474566215196059
24,75,0.18108870367515348,11.245195506602293
25,75,10.789414300139239,5.97306733800808
26,75,4.198617879320977,9.726504732389888
27,75,7.335448193166819,6.289006006580893
28,75,2.6304690309037926,10.220255366189205
29,75,3.6776188496964806,10.315402911745158
30,75,6.266718883009792,9.679167774674289
31,75,10.869677752841199,3.5639107490412054
32,75,11.228642049740621,0.13473446536402606
33,75,0.8831753096781257,0.04359715629177896
34,75,8.038887388916693,4.218103270040627
35,75,1.6080907376247362,7.278710593175021
36,75,3.1970220811832943,9.297354367325653
37,75,6.79872001756868,0
38,75,6.020011320561175,10.943651762135943
39,75,3.599658342100745,4.032277389056474
0,80,0.6472842133851997,7.0742016390347375
1,80,9.43598694855591,3.385169994281152
2,80,4.612621597164052,1.560967660590495
3,80,8.352540604184668,0
4,80,4.931552428236188,0.6410322918821243
5,80,4.546969650913536,10.344434397905239
6,80,4.934196599709894,9.459550884491597
7,80,7.0946781635126355,3.374820915832852
8,80,11.35811344758369,11.202872091162458
9,80,12,11.74652243147996
10,80,7.093875141087092,3.9371396322091576
11,80,12,6.977058769658853
12,80,6.7391515631084165,4.684329558537854
13,80,11.457705229017874,1.647466958646896
14,80,5.634613652335329,4.009704227751642
15,80,9.262939733185195,9.757789142259515
16,80,11.996149446670326,6.747845749307132
17,80,5.8104659977814785,9.991313442196509
18,80,5.442390545428142,0.6200664858343248
19,80,7.002039179548781,6.023088950166673
20,80,5.871609150389677,7.713479147144821
21,80,11.561437846914554,5.610959327991125
22,80,12,9.601696218144129
23,80,2.181676580311334,7.440121818778253
24,80,0.13935279130223246,11.2687863143818
25,80,10.879331581457729,5.869336841635027
26,80,4.122709741142896,9.699125213360166
27,80,7.2206601097172705,6.234242157404118
28,80,2.6665663336132868,10.288279300583996
29,80,3.7223587717749216,10.41030233471914
30,80,6.297283522644024,9.640540102294159
31,80,10.86345848004792,3.721891939319105
32,80,11.240897763256985,0.13474083940555615
33,80,0.9141684507231178,0.05870691284322999
34,80,8.043162372635479,4.2512900657764074
35,80,1.6396459386607378,7.2922594800551375
36,80,3.2035299849692116,9.389159389091962
37,80,6.785910492740052,0
38,80,6.007530570106002,10.97351571869523
39,80,3.6646791676923,4.0300942662798604
0,85,0.648907713411174,7.098274955239654
1,85,9.387581887444874,3.4146248136836537
2,85,4.551991167938715,1.6478020165175413
3,85,8.380004743499692,0
4,85,4.782240771201586,0.7311303718080366
5,85,4.522432609078928,10.361134026785805
6,85,4.9115332179947435,9.468852357654082
7,85,6.966152453615478,3.4017174172966693
8,85,11.328733543366061,11.185438624838921
9,85,12,11.7232326777556
10,85,7.095920396473248,3.9356468430333464
11,85,12,7.055914529650833
12,85,6.735210483640833,4.69936853132611
13,85,11.425046814503974,1.5485371615763988
14,85,5.62545540333771,4.009687123407291
15,85,9.317634662762096,9.708608023207292
16,85,11.981449374487793,6.757523788052897
17,85,5.798839722829454,10.042404612245663
18,85,5.472361161778308,0.6591952007772535
19,85,7.005250439598033,6.064193523496577
20,85,5.901415152296845,7.738143086915307
21,85,11.501141634651358,5.702461374543794
22,85,12,9.498920395680031
23,85,2.135660121511876,7.411591048462369
24,85,0.0832905626188156,11.302071494962162
25,85,10.972497250124356,5.76334845927673
26,85,4.075552076019704,9.680822417793884
27,85,7.114859609919906,6.182118916519698
28,85,2.7119923484773274,10.374192089730771
29,85,3.7730827988875526,10.518208514812798
30,85,6.331607356479484,9.597930032784383
31,85,10.860201592974343,3.8629406028539037
32,85,11.2498042854721,0.1346483938978072
33,85,0.9436072000052278,0.0739174640833455
34,85,8.049385319199235,4.306392873770132
35,85,1.6649804141191724,7.303161790201072
36,85,3.211566914241704,9.489152102906619
37,85,6.773113313869835,0
38,85,5.987629261025293,11.021680081099063
39,85,3.738616800042035,4.0280161631667655
0,90,0.6526309611080668,7.145256176485971
1,90,9.343233519732468,3.4418117938265076
2,90,4.489279175289511,1.7316732350598176
3,90,8.409214952005614,0
4,90,4.6315607575403615,0.8260830368438333
5,90,4.502536303815058,10.373823663673498
6,90,4.892470737065478,9.476799029887175
7,90,6.850717160176562,3.4235297650513994
8,90,11.300921798658912,11.168744469411203
9,90,12,11.705063770192295
10,90,7.119346334401549,3.9182496694961406
11,90,12,7.117495912991097
12,90,6.73130616623256,4.714475402934093
13,90,11.39936873000138,1.4649178887542456
14,90,5.612091334301075,4.009696119283312
15,90,9.375077488327081,9.656739253120792
16,90,11.965388295981528,6.768148666174427
17,90,5.78559670278392,10.103997178311715
18,90,5.495413216518248,0.6915216111231048
19,90,7.009260448615348,6.116598990906757
20,90,5.931490593879051,7.763429710821073
21,90,11.43624732492326,5.798938482937369
22,90,12,9.374502791977509
23,90,2.0982562403841034,7.388867796807261
24,90,0.034385958953815826,11.330772012696661
25,90,11.054712110252026,5.656644047336034
26,90,4.014652229148598,9.655201286525207
27,90,7.00537440024112,6.1292332607543765
28,90,2.758368853796407,10.454153144144588
29,90,3.82740519142502,10.63378888392857
30,90,6.364977083183984,9.55640576501506
31,90,10.858814039127413,3.9858262250802428
32,90,11.246632880928695,0.13474743454300814
33,90,0.9870613150016291,0.09666595062621791
34,90,8.057116083018,4.382986701389591
35,90,1.6938945448621006,7.315616279854691
36,90,3.2198467923737812,9.606198882794594
37,90,6.765671023662253,0
38,90,5.972943464884919,11.061868796043022
39,90,3.8232790131984045,4.026066220827724
0,95,0.6977962460034066,7.141436310339007
1,95,9.275194263962426,3.484335301594252
2,95,4.42675362314918,1.8118589657988737
3,95,8.436770942655407,0
4,95,4.488211677234999,0.916813958057065
5,95,4.485617575168872,10.38406630764956
6,95,4.8722618898873415,9.486273890901975
7,95,6.715373104284238,3.4549006217727114
8,95,11.25240220084624,11.141293345125185
9,95,12,11.692673026646183
10,95,7.134713825048677,3.9060279727996345
11,95,12,7.187083064244077
12,95,6.723813974765422,4.742648744140641
13,95,11.380365934090511,1.402793370563849
14,95,5.595202709087012,4.009919484997562
15,95,9.445983446295251,9.590556404451918
16,95,11.956666903264846,6.774263303371842
17,95,5.776785560481988,10.146426692565832
18,95,5.509105991942449,0.7114506579765415
19,95,7.013148216567928,6.168816114414314
20,95,5.975379669126033,7.800525903811907
21,95,11.385673565502499,5.8735057821136385
22,95,12,9.255773440128378
23,95,2.0681950180422866,7.370113189108865
24,95,0,11.354261208077094
25,95,11.134321053786257,5.552058835912371
26,95,3.963889322525141,9.634023461009281
27,95,6.893033178502729,6.07289599063533
28,95,2.797163911145023,10.522742069107128
29,95,3.8817417836032506,10.752288388639048
30,95,6.393061540480572,9.52360956223103
31,95,10.854847434309844,4.096946928059569
32,95,11.23095241454246,0.13539117921442334
33,95,1.0276371031129563,0.11845912890025125
34,95,8.066179828108758,4.4758107577825506
35,95,1.7191829468027273,7.3264798832298785
36,95,3.2295531645164197,9.72777893538856
37,95,6.75375501792886,0
38,95,5.9629647673871045,11.090183330804834
39,95,3.8950570655383143,4.0251184324167255
0,100,0.7534755186449685,7.137051024233013
1,100,9.193031146491144,3.5334682588112107
2,100,4.357830285277457,1.9039866525936135
3,100,8.464325381566185,0
4,100,4.354230033763011,0.9997834271638701
5,100,4.473885830395083,10.391529102294191
6,100,4.867089041957937,9.488505437286932
7,100,6.563265907943819,3.490055595575344
8,100,11.20269339639065,11.11294556088841
9,100,12,11.671175947441414
10,100,7.139275318399843,3.9024634675858696
11,100,12,7.275476115321554
12,100,6.751765676210482,4.749440750650096
13,100,11.36704135637581,1.3529123076159986
14,100,5.576538230514742,4.010344179129307
15,100,9.524429080260354,9.520557431983946
16,100,11.928389623443305,6.793712635590055
17,100,5.769106077827197,10.180826104894415
18,100,5.522248781027884,0.7301372004692744
19,100,7.0175699557796385,6.233529306916558
20,100,6.0261036821874585,7.845167457456892
21,100,11.337607737486904,5.947923083444525
22,100,12,9.141313994487236
23,100,2.0322935315234596,7.347322924441915
24,100,0,11.384459627566864
25,100,11.206851078375967,5.45391757056955
26,100,3.9251418556360544,9.61830414622875
27,100,6.801850281895895,6.028110083642609
28,100,2.8394358275053944,10.600930488816037
29,100,3.939479847458856,10.880843747444624
30,100,6.426050744304356,9.485308371746951
31,100,10.851421305428033,4.213861864110724
32,100,11.210374850353203,0.1361184919610485
33,100,1.0922971794120966,0.15444164845239522
34,100,8.079825136650685,4.596915189311447
35,100,1.733218617301067,7.332583637704133
36,100,3.2368074593429155,9.851328142650088
37,100,6.745138261255075,0
38,100,5.958694633718702,11.101938683280816
39,100,3.962870273053521,4.021193935608016
0,105,0.7928925818905095,7.134034132589015
1,105,9.102578751791496,3.5839933736560585
2,105,4.277089997722925,2.0199598435079342
3,105,8.490388902693994,0
4,105,4.231450759446022,1.0760363195227893
5,105,4.453041628407008,10.404506825467836
6,105,4.866937343741723,9.488569898228961
7,105,6.3910654143689865,3.5287162121642965
8,105,11.159636047901827,11.087340129912175
9,105,12,11.66248051008506
10,105,7.15276887837543,3.8926458619940116
11,105,12,7.365116491384336
12,105,6.785630237818124,4.758611798736819
13,105,11.346181929224787,1.28356538513442
14,105,5.546236212402407,4.011354931560947
15,105,9.611777992738679,9.444642073837652
16,105,11.90946966816296,6.806219682063428
17,105,5.760451574446202,10.218902806329622
18,105,5.5434806527768705,0.7598333114613514
19,105,7.020353686988471,6.299742851600326
20,105,5.98289911833377,7.89407220307348
21,105,11.298304636520456,6.009280410528071
22,105,12,9.029530475858584
23,105,1.9668630920490535,7.307550357059009
24,105,0,11.422197286557145
25,105,11.284242844759168,5.350713430410094
26,105,3.884071049303156,9.600824251402564
27,105,6.705996696098977,5.980416841411226
28,105,2.8829265814987806,10.679004287185876
29,105,3.993388390899123,10.99566481014829
30,105,6.459514991048276,9.44736662151886
31,105,10.852684841926157,4.343091169477976
32,105,11.184501117744855,0.13760618253265555
33,105,1.1526465447012917,0.1876764423769601
34,105,8.099156571139016,4.728578755401272
35,105,1.7374489195293015,7.334304399834647
36,105,3.2417843702224296,9.97897331704351
37,105,6.734384027215946,0
38,105,5.948950510803773,11.127066431882987
39,105,4.037846913873086,4.019478482407644
0,110,0.8432042954113231,7.1305297556144485
1,110,8.999892882223437,3.6424037342134454
2,110,4.2044742780579885,2.1249638484136506
3,110,8.512294893199838,0
4,110,4.106694263985082,1.153270467357781
5,110,4.428387504224084,10.419695081555577
6,110,4.86480123904101,9.489455789978773
7,110,6.1904800864746825,3.5733736279493855
8,110,11.100707111005695,11.05112575025152
9,110,12,11.649551415654315
10,110,7.1699994279325505,3.879877590023892
11,110,12,7.460289752887049
12,110,6.820665812392915,4.767344419768086
13,110,11.326633986346234,1.2251855987072682
14,110,5.521391384612933,4.012302337975196
15,110,9.6842458388688,9.526690426711667
16,110,11.898158587016978,6.814197261638753
17,110,5.752832416022964,10.2534000989389
18,110,5.5621980899947445,0.7853687815111574
19,110,7.02254543216132,6.353965306355719
20,110,5.941698369045227,7.9432107956508915
21,110,11.244438576254037,6.093143971341492
22,110,12,8.913595414064437
23,110,1.9059053044093972,7.267916049333676
24,110,0,11.460785461344146
25,110,11.360827259032101,5.245970014311717
26,110,3.8609180838780492,9.59054673478978
27,110,6.607196491058272,5.931936620374847
28,110,2.9183727243837727,10.742464969874419
29,110,4.054755745671828,11.119209843950456
30,110,6.489979378102025,9.412335724372559
31,110,10.857395683366109,4.466242969016188
32,110,11.163570811873804,0.13848494804034397
33,110,1.197034002985007,0.2121839602130253
34,110,8.121865866295686,4.892044036748686
35,110,1.7449310285226256,7.33758142827229
36,110,3.246506271365805,10.090727248871056
37,110,6.725351971230412,0
38,110,5.937003129741431,11.15939434449092
39,110,4.113179395190219,4.016560639343582
0,115,0.9061018791000639,7.1256500184294085
1,115,8.893872510067917,3.7046778726562217
2,115,4.131813624875748,2.230843614743631
3,115,8.5367927525867,0
4,115,3.969583714466147,1.2367630474999098
5,115,4.401490175829776,10.43592530690891
6,115,4.874382148737982,9.48544238688222
7,115,5.993171904398807,3.6164966073301255
8,115,11.057828478048366,11.024849313658159
9,115,12,11.633499443087134
10,115,7.1825260029109215,3.870545302339832
11,115,12,7.5444797576621685
12,115,6.856382798520056,4.776504368158808
13,115,11.310971003032526,1.1736596802838368
14,115,5.5342863172931835,4.012288986649623
15,115,9.736270288449163,9.583387886480319
16,115,11.88690200992269,6.822194093347133
17,115,5.743704800467963,10.29062808547643
18,115,5.593950808107884,0.8253418429409969
19,115,7.025406614021489,6.42022870145211
20,115,5.895981033933678,7.994546100201267
21,115,11.198877190290965,6.162382248317906
22,115,12,8.820378158575618
23,115,1.8683451322429054,7.2451389387585685
24,115,0,11.498745790888945
25,115,11.434015886600132,5.144549116466242
26,115,3.826434980540184,9.574843438637092
27,115,6.510851339574898,5.880230199057293
28,115,2.9497208220695406,10.801703237959595
29,115,4.1172419343169615,11.248941323588065
30,115,6.514751463565656,9.381599934020922
31,115,10.85953884380983,4.595635618924298
32,115,11.14034058488835,0.14004898623974799
33,115,1.219270132489926,0.22501137760443835
34,115,8.145367463356896,5.0595616597140305
35,115,1.744415677801515,7.337359667278937
36,115,3.252960765311356,10.189289546949276
37,115,6.715584740115594,0
38,115,5.930421434550406,11.176708959082243
39,115,4.180771443141942,4.014951291565675
0,120,0.9619401407962913,7.119786693272579
1,120,8.808635503537426,3.7529094723979246
2,120,4.073293350440811,2.3162581775465276
3,120,8.561860832960658,0
4,120,3.8216105359398242,1.3305973735512127
5,120,4.37024975520071,10.454923487090936
6,120,4.89608141291257,9.476376280909113
7,120,5.7969442569630285,3.6589784803105028
8,120,11.018837162500345,11.001325891171799
9,120,12,11.608678102002601
10,120,7.207336889086658,3.8523379138937557
11,120,12,7.629013926939757
12,120,6.916406789270944,4.794151313506881
13,120,11.301846831165896,1.140092580852747
14,120,5.537490836839853,4.012357799669872
15,120,9.785585358186903,9.63306307501407
16,120,11.88738140634923,6.821850789530699
17,120,5.733407616542843,10.329049873126236
18,120,5.628920220146225,0.8687645144003728
19,120,7.02891334673959,6.507606442103028
20,120,5.844572899044756,8.050815363647226
21,120,11.156244755794464,6.226578145074056
22,120,12,8.729217294539279
23,120,1.817661506741123,7.218078159742428
24,120,0,11.439052585683239
25,120,11.506367427270478,5.045206773140585
26,120,3.789154319429555,9.558311389008983
27,120,6.399739651824477,5.823212581839351
28,120,2.975590635011113,10.849869829813995
29,120,4.182063412665883,11.380579592830923
30,120,6.541558154336069,9.349074911819221
31,120,10.859690681455588,4.730885543503555
32,120,11.105362140063109,0.14173503881265373
33,120,1.2430857075227009,0.23970877761910522
34,120,8.16138009884403,5.223759994455708
35,120,1.7363495522593457,7.333954813492438
36,120,3.258058087036955,10.26582355568235
37,120,6.703907033670491,0
38,120,5.920398610112772,11.200860639851765
39,120,4.266297788771606,4.014680231147101
0,125,1.021483789916364,7.11295408242187
1,125,8.716728180755043,3.804008126811156
2,125,4.025307063433374,2.381150001117379
3,125,8.578982003961501,0
4,125,3.6654616281861654,1.425320643259187
5,125,4.340161378646503,10.473370255802303
6,125,4.898279071210263,9.475476788587907
7,125,5.60233548591117,3.6981591703819725
8,125,10.985378257071618,10.980433554753558
9,125,12,11.590784185420992
10,125,7.228235661792089,3.837400435460912
11,125,12,7.704847798296288
12,125,7.0026209188448725,4.8180418558009155
13,125,11.290865282345488,1.0990235423337513
14,125,5.5394397371128,4.012370901441018
15,125,9.845398995275268,9.693009838241565
16,125,11.893094767937445,6.817708958330365
17,125,5.7231255138769015,10.369602622271591
18,125,5.66340916642013,0.9111321395623442
19,125,7.031822750912195,6.610054036837823
20,125,5.791311240028329,8.11166947248257
21,125,11.109326810411392,6.300284701627834
22,125,12,8.630281048516677
23,125,1.7718426736246249,7.193331298823069
24,125,0,11.359528824570546
25,125,11.576865147353756,4.943404233631229
26,125,3.7478778798178767,9.5393612875423
27,125,6.246875981844741,5.742312913293657
28,125,3.0017309461395896,10.896263347258941
29,125,4.241371924965371,11.503491880222432
30,125,6.577106157401913,9.30641245683433
31,125,10.860609921700679,4.887746507594013
32,125,11.077068327716773,0.14365735319103073
33,125,1.2605130100964443,0.2509412633393421
34,125,8.17548492781731,5.391085130978843
35,125,1.7171746124513911,7.325795133734314
36,125,3.262572148280658,10.337896802298744
37,125,6.69307563458148,0
38,125,5.91046855352308,11.22517177369868
39,125,4.348908398119296,4.013687476144361
0,130,1.0856915533805565,7.104512535622095
1,130,8.635687050767514,3.8511661604525225
2,130,3.975179507200722,2.4504881854487346
3,130,8.600397895041686,0
4,130,3.4991495565177777,1.5275595459076146
5,130,4.313307258791343,10.48969554041108
6,130,4.904111374790432,9.473110843366408
7,130,5.3782754653420515,3.7438981018324258
8,130,10.979001180676706,10.976290829926796
9,130,12,11.570585844336025
10,130,7.259690364613909,3.8168280063293016
11,130,12,7.788940329995279
12,130,7.096162631416781,4.844014777397926
13,130,11.275228663774925,1.035675384438944
14,130,5.538803048162789,4.0123483640672575
15,130,9.891836317039338,9.738778919736749
16,130,11.898250219524556,6.813939629873338
17,130,5.709586265662559,10.423811762256156
18,130,5.68762692304429,0.9406985925354736
19,130,7.036250683236368,6.723699031896361
20,130,5.736860464828024,8.176373278532914
21,130,11.063825474733221,6.372268487871842
22,130,12,8.531129569061415
23,130,1.7253493809082172,7.16941520993448
24,130,0,11.28529279815865
25,130,11.643590578558786,4.847625994207928
26,130,3.7059240816699117,9.518778103604458
27,130,6.080520142362002,5.653222410398294
28,130,3.027652817079795,10.940584740331547
29,130,4.3030211214443685,11.638005441988419
30,130,6.619177785871202,9.257256662486606
31,130,10.86231510845103,5.043514825141772
32,130,11.058053783213955,0.14452478442151256
33,130,1.2720388978823876,0.2579284010935891
34,130,8.189172810654581,5.541312771520867
35,130,1.6893304600100125,7.312747208505364
36,130,3.2645907717294116,10.405839555628752
37,130,6.681319641252736,0
38,130,5.907092327102319,11.233854718456584
39,130,4.409057570890465,4.013326571398598
0,135,1.1381864952795653,7.096569361274062
1,135,8.542475138950637,3.902273924016364
2,135,3.9326499188080333,2.5064488256057995
3,135,8.617071799151029,0
4,135,3.319709943366025,1.6390319721775148
5,135,4.299199800298425,10.498244986153713
6,135,4.9032718994368025,9.473420953066734
7,135,5.149774840548253,3.785936098411896
8,135,10.94808364718205,10.955799287717332
9,135,12,11.55333244926536
10,135,7.278316852712379,3.8053732927576513
11,135,12,7.862402161350608
12,135,7.181647971160809,4.866940336770102
13,135,11.256111695173919,0.9619207303942798
14,135,5.51692805928739,4.011033505001785
15,135,9.954935763529098,9.80314562977127
16,135,11.909631402044402,6.805312453851777
17,135,5.699358415789739,10.459375955650167
18,135,5.7134986065516316,0.9744223185642507
19,135,7.039101902795614,6.8680596043837046
20,135,5.709993355991894,8.208608782039024
21,135,11.011434738721517,6.451728738505137
22,135,12,8.441560755534212
23,135,1.7052999740613592,7.158669367692643
24,135,0,11.199273621213516
25,135,11.707914882287891,4.756625225534153
26,135,3.6543203443778047,9.494781475412516
27,135,5.911880054250931,5.565721102434308
28,135,3.0627974805155667,11.00358145612378
29,135,4.372657422940989,11.78981947864538
30,135,6.679541940540376,9.187533517793375
31,135,10.864681502952452,5.224677537922614
32,135,11.048375135124783,0.14519131611148978
33,135,1.2646230552516753,0.25344269557480126
34,135,8.199134266267764,5.6836364813310585
35,135,1.6788828625000851,7.307747535451586
36,135,3.269870242417848,10.495588789590824
37,135,6.669911879545806,0
38,135,5.907936525467661,11.23169868607429
39,135,4.4608030071845555,4.012087596271702
0,140,1.2113400938185925,7.0827723657041375
1,140,8.45513004193859,3.9530798108218113
2,140,3.873632191486226,2.46129436824028
3,140,8.63260416747484,0
4,140,3.1343566497261977,1.7517958047258233
5,140,4.295430120076395,10.500506923602373
6,140,4.911301497800444,9.47022656389302
7,140,4.934251544350797,3.8216469500118833
8,140,10.913379766844121,10.93144462262938
9,140,12,11.523647836789467
10,140,7.291137331472022,3.797212858745593
11,140,12,7.940924070817939
12,140,7.254441074142896,4.884809646913121
13,140,11.231728113444946,0.8692870115503455
14,140,5.518060228886276,4.011100518974896
15,140,10.024446249717828,9.875175252919222
16,140,11.908628150644253,6.806033795409492
17,140,5.684480210200468,10.512443345726128
18,140,5.725214684027635,0.9899736040803302
19,140,7.043818878548844,7.024022268413616
20,140,5.684270961571082,8.238708638322853
21,140,10.962833403615702,6.5278117894521674
22,140,12,8.358428782639422
23,140,1.6713917097096793,7.141848768794799
24,140,0,11.09794199694156
25,140,11.763604908477564,4.676869733939084
26,140,3.6075676427495207,9.47397022594409
27,140,5.740106029435705,5.479641524867224
28,140,3.107056485861839,11.083457272886537
29,140,4.449118667292976,11.954901239083538
30,140,6.734671369531398,9.126376847289878
31,140,10.866945622864055,5.421933885180723
32,140,11.029529386559846,0.14643195743355208
33,140,1.2617215838684708,0.25161256431756823
34,140,8.212070004688552,5.821107097857258
35,140,1.6624883767071201,7.300047661587952
36,140,3.273625262204486,10.558590578542622
37,140,6.663862103347378,0
38,140,5.915577436439579,11.211716566144423
39,140,4.5042300854987385,4.011558073454648
0,145,1.2468519263796294,7.074612127696232
1,145,8.359811192612808,4.008158341324197
2,145,3.8267200244588992,2.426585540049475
3,145,8.653186373353686,0
4,145,2.9441678549428603,1.8654677637799961
5,145,4.297708288337928,10.499157017517929
6,145,4.9065621496927765,9.47218732422851
7,145,4.704027422622064,3.854925769943292
8,145,10.875794645913633,10.905851130332376
9,145,12,11.49817519165335
10,145,7.3016695831089,3.7905888082908477
11,145,12,8.006075560823769
12,145,7.321185874453301,4.901311102371129
13,145,11.2034346842706,0.7609941452800677
14,145,5.486233067070135,4.009519823653926
15,145,10.084760574138748,9.940510662522147
16,145,11.906739121100212,6.8073885771352876
17,145,5.673283869715422,10.560634838670074
18,145,5.727558818093578,0.9930225325183186
19,145,7.05050121147873,7.169666901255324
20,145,5.65893571202385,8.270285352055375
21,145,10.914553151583506,6.605526305163005
22,145,12,8.255826764143734
23,145,1.6428132658804224,7.127467351714485
24,145,0,11.00648636082436
25,145,11.814704142795366,4.6009786867793405
26,145,3.5658377283545333,9.455700870278267
27,145,5.573803609188144,5.390956080715516
28,145,3.1535813835107485,11.164136669145035
29,145,4.533870430564311,12
30,145,6.801879328945015,9.047930280226225
31,145,10.868645820641337,5.6229616929536785
32,145,11.012889276047206,0.14763920045333773
33,145,1.2517761415795297,0.24492927716383783
34,145,8.224056791114842,5.974141061044032
35,145,1.6233827433833456,7.281425699600727
36,145,3.278502330890252,10.621186326698304
37,145,6.658935086050191,0
38,145,5.9214167803374185,11.197780919879008
39,145,4.545843501951597,4.011334847562514
0,150,1.2727074992180087,7.069232967113405
1,150,8.2526902328334,4.068354709387816
2,150,3.7913305918815365,2.4006294680097686
3,150,8.67120269110669,0
4,150,2.7436201589890996,1.9798369195102798
5,150,4.300251920416663,10.497727457286594
6,150,4.895711546158949,9.476248923571797
7,150,4.477341500803392,3.8823694837797813
8,150,10.833885496634599,10.879041433979193
9,150,12,11.463893277315995
10,150,7.313483279914404,3.7830344560714244
11,150,12,8.082187715559936
12,150,7.390152220845065,4.918472548196833
13,150,11.167689985440127,0.6315586792826569
14,150,5.4245041755008305,4.006746472357984
15,150,10.163278223202141,10.023782329063561
16,150,11.88478398641959,6.823153741365579
17,150,5.66066976302172,10.611423934593713
18,150,5.733852923110709,1.001601085752404
19,150,7.057488965240076,7.304725246427496
20,150,5.630710713677866,8.305869142815293
21,150,10.853819216839089,6.697462970424348
22,150,12,8.174797239869598
23,150,1.6185655805379535,7.115308659027156
24,150,0,10.910926681801506
25,150,11.88491203738683,4.500144584281602
26,150,3.5435586899905234,9.446594438621808
27,150,5.415708245187115,5.308407514822672
28,150,3.196237507703757,11.237326623848626
29,150,4.627493449936325,12
30,150,6.8735329172362585,8.966521901176124
31,150,10.869784149202232,5.834116794062184
32,150,11.010835549271892,0.14782279756245256
33,150,1.239457681807322,0.23649034651576403
34,150,8.233044532974073,6.125077967340482
35,150,1.5976192620726586,7.269153603936312
36,150,3.2845190536294653,10.688120776942824
37,150,6.652759022821081,0
38,150,5.9265022809616985,11.186040469717767
39,150,4.589654118088186,4.010789276722043
0,155,1.3120880120791987,7.061780969864585
1,155,8.152701355199527,4.120894581736713
2,155,3.7500282606139788,2.37051183757168
3,155,8.699015817259845,0
4,155,2.5632929718461224,2.084576214095517
5,155,4.310493632344861,10.491855516782445
6,155,4.8820582380710835,9.481598923283956
7,155,4.255032596931404,3.9169069557829057
8,155,10.77628262606709,10.843803833131034
9,155,12,11.438427412221547
10,155,7.324100516301733,3.7761658787113674
11,155,12,8.159583061251315
12,155,7.46853824278311,4.938213350562881
13,155,11.138844608783064,0.5332269379930461
14,155,5.372937184966082,4.00478424298767
15,155,10.234294153977768,10.098724975836323
16,155,11.866291008017933,6.836261122268225
17,155,5.650170779950345,10.660195397478713
18,155,5.746724072329143,1.019025995187895
19,155,7.0634485464082815,7.435715832063034
20,155,5.601545453208054,8.342971606734892
21,155,10.78840356522075,6.793641584342953
22,155,12,8.10620443685448
23,155,1.601165322482337,7.106765424657921
24,155,0,10.822864596327776
25,155,11.958541464649652,4.387676945288293
26,155,3.5225282623930783,9.43808068894168
27,155,5.243839954707541,5.222389274480466
28,155,3.2497521942448224,11.328955775496015
29,155,4.712086922632888,12
30,155,6.941418442008893,8.888550739360216
31,155,10.875579466362176,6.059179068638719
32,155,10.991061478241363,0.1496096427510784
33,155,1.2387054043278491,0.23596882314595363
34,155,8.242751104145652,6.278120404066652
35,155,1.5799995313072415,7.260723749041927
36,155,3.290298232189857,10.763580365443582
37,155,6.645108023273245,0
38,155,5.928754746652045,11.180743730300843
39,155,4.6429991286763315,4.010110898353659
0,160,1.3428720990596876,7.056363350043382
1,160,8.054516971718346,4.169679698048664
2,160,3.713424451064989,2.343312490878158
3,160,8.734546690742418,0
4,160,2.368767091502571,2.188724922763607
5,160,4.3127712316471705,10.490546228826702
6,160,4.877769406340198,9.483265476275745
7,160,4.019238286398071,3.951813381324606
8,160,10.715857516645109,10.807076853196369
9,160,12,11.403737340440882
10,160,7.34230825177872,3.7647757071690133
11,160,12,8.237004987442013
12,160,7.569614502588982,4.962272226710371
13,160,11.115345266153703,0.4526836794822753
14,160,5.313778761633301,4.003619578970433
15,160,10.306290790691724,10.17454499676896
16,160,11.837883448651066,6.856215673112917
17,160,5.6395923022174825,10.706237047539672
18,160,5.7502863826777615,1.0240622552589451
19,160,7.069073507952948,7.573628451578418
20,160,5.57517653448415,8.376133193808807
21,160,10.714882388638898,6.902750063738431
22,160,12,8.02293872580605
23,160,1.5805424636724574,7.096310903256319
24,160,0,10.71272624476977
25,160,12,4.260726372642907
26,160,3.51684816616192,9.435998003215152
27,160,5.069456837490615,5.134391891401959
28,160,3.297991599946412,11.417126489628147
29,160,4.79047609640739,12
30,160,7.000250855456962,8.8220755010933
31,160,10.87893709855957,6.276311297226018
32,160,10.970696929227604,0.15167109968770875
33,160,1.2443341491493547,0.2398108079369114
34,160,8.24668979869449,6.413840627267969
35,160,1.5456118764779405,7.245073056230245
36,160,3.2952939624707955,10.850443485119401
37,160,6.638286383688375,0
38,160,5.9312223185303,11.174993551005233
39,160,4.700822255434481,4.010648656050385
0,165,1.3573249014231599,7.053680809798719
1,165,7.940143132808036,4.224292343689666
2,165,3.675100639817769,2.31657868693827
3,165,8.773944771860577,0
4,165,2.178440016283759,2.2881023798669213
5,165,4.332376818769186,10.479731118128571
6,165,4.8806850133878505,9.48214577222201
7,165,3.7826981728216214,3.9908552774434125
8,165,10.6595722823593,10.773329106639416
9,165,12,11.373652093609275
10,165,7.344679549786527,3.763431356980622
11,165,12,8.31114952928537
12,165,7.679337056214267,4.987269000351758
13,165,11.094676571968044,0.3779517298292284
14,165,5.243951318590301,4.003054210185052
15,165,10.357036599994593,10.228567610396224
16,165,11.831475117633126,6.861017400173833
17,165,5.627867794526658,10.759675945494845
18,165,5.767401363668924,1.0493277797564455
19,165,7.076400599401091,7.721876152776532
20,165,5.55893903275866,8.396570945041331
21,165,10.64016028013277,7.014006979907811
22,165,12,7.9520115259348785
23,165,1.551997154193963,7.082235707988962
24,165,0,10.604790506461057
25,165,12,4.139967422080887
26,165,3.503925963688565,9.43095682318736
27,165,4.898169267852812,5.0501392203656525
28,165,3.3418058151407473,11.495895219242056
29,165,4.8713100189401,12
30,165,7.052773075388475,8.764362227504561
31,165,10.884826676409602,6.4924664059705295
32,165,10.93367740897298,0.1564789964841938
33,165,1.2574252925141487,0.2484862511896888
34,165,8.249143468939854,6.554986260394198
35,165,1.495476522391022,7.222272871507349
36,165,3.2985397298699235,10.935816458740105
37,165,6.635422825443954,0
38,165,5.9242689277647145,11.191137309566448
39,165,4.75038887164829,4.011501128186059
0,170,1.387837002048565,7.047999433792276
1,170,7.838877555158668,4.274321457418807
2,170,3.640541871932483,2.291166712362165
3,170,8.818326458560389,0
4,170,1.9952533121055909,2.388097644782926
5,170,4.353436086273644,10.467801985898213
6,170,4.889079184719439,9.479112460765448
7,170,3.5530560441991677,4.031361410151093
8,170,10.594877603632284,10.734762474230259
9,170,12,11.345279930991316
10,170,7.346120440920448,3.762593623399099
11,170,12,8.369518423233231
12,170,7.778914398393471,5.010708948729711
13,170,11.074216359885533,0.29926130178547994
14,170,5.188910492427787,4.004228166215554
15,170,10.417342993986294,10.295289293439945
16,170,11.82502504296076,6.86576088252385
17,170,5.618416596463448,10.803610796634825
18,170,5.788950641203403,1.0815703512800825
19,170,7.085462929016274,7.876825971424064
20,170,5.53900926031179,8.422586085259361
21,170,10.565176559559898,7.131825287571285
22,170,12,7.882963747971768
23,170,1.5310825888581696,7.071803627040427
24,170,0,10.50266637075069
25,170,12,4.021989226149027
26,170,3.477987403870382,9.42089198870574
27,170,4.728215095003888,4.962599569032361
28,170,3.394161721885502,11.593220284575725
29,170,4.949575240573668,12
30,170,7.107309284250396,8.702917786906193
31,170,10.889862601333872,6.705738274640485
32,170,10.907298711859704,0.16013126483467377
33,170,1.2759353645549054,0.26002863411114796
34,170,8.253841091115316,6.720018779847979
35,170,1.5270759078624094,7.15624686820556
36,170,3.30237093169149,11.029813738314465
37,170,6.630667657910527,0
38,170,5.911032582306777,11.221699936974936
39,170,4.80120321615851,4.011495503315249
0,175,1.3910425294223174,7.047372317261176
1,175,7.723351809094905,4.332694268553817
2,175,3.6019180451688158,2.262776710466434
3,175,8.854928094828155,0
4,175,1.8273028257063018,2.472712659455744
5,175,4.369344521441713,10.458815201026631
6,175,4.891438183471582,9.485748162534437
7,175,3.3345156761194694,4.075218039617243
8,175,10.521484962698256,10.69143516998088
9,175,12,11.317412007168306
10,175,7.339725575204645,3.7663476639747793
11,175,12,8.434575852999371
12,175,7.87684659711202,5.034163515258301
13,175,11.06055716253052,0.24050084419419612
14,175,5.146613497902414,4.006165257273162
15,175,10.461658322989345,10.344233232568051
16,175,11.824048568410973,6.8665270117369195
17,175,5.605364688828909,10.859921491301263
18,175,5.809283114504017,1.1131646847226007
19,175,7.09266292178015,8.044647932406033
20,175,5.511318697378083,8.457841214827274
21,175,10.492225023180414,7.247770189562445
22,175,12,7.807332761620146
23,175,1.5019249400896684,7.056805583272534
24,175,0,10.4182673010095
25,175,12,3.911085705826008
26,175,3.467558754575188,9.41710776605891
27,175,4.5592369407411315,4.870841232629074
28,175,3.443590380726254,11.681618662119567
29,175,5.025082147063758,12
30,175,7.154416888715561,8.64820183326191
31,175,10.896458088002875,6.904075495857333
32,175,10.879685069137743,0.16396349262453275
33,175,1.3114693185671351,0.2813095306959464
34,175,8.260768848365753,6.877504605921346
35,175,1.5589744797856417,7.088528397494902
36,175,3.305205424742706,11.107096291770095
37,175,6.625869328747181,0
38,175,5.902298425206829,11.241932501664042
39,175,4.841853894098901,4.011537232420518
0,180,1.3914041376892872,7.047294043851842
1,180,7.601611905020111,4.398027088134774
2,180,3.5479243345420177,2.224785923605452
3,180,8.898751470576594,0
4,180,1.6477722134102013,2.5647652531898926
5,180,4.3983675467870675,10.442821675977436
6,180,4.893485230064191,9.491890182978223
7,180,3.130498996124412,4.112017410839485
8,180,10.451172430173083,10.648112620578448
9,180,12,11.290276335579728
10,180,7.324736390608709,3.7746463273555295
11,180,12,8.490854861342303
12,180,7.972519862370346,5.059373663376598
13,180,11.049315998416015,0.19742924424200875
14,180,5.107261403910597,4.00879381963441
15,180,10.504590539261434,10.394023838826605
16,180,11.820776635146336,6.86897375295804
17,180,5.593432692281535,10.910575196904785
18,180,5.831569274747954,1.146950578068088
19,180,7.101341792051441,8.19322650757395
20,180,5.488509310916669,8.48691837235599
21,180,10.416449126353905,7.3655841083637705
22,180,12,7.708579216654915
23,180,1.4721125948390197,7.041987505983298
24,180,0,10.316837257009036
25,180,12,3.9905288194369897
26,180,3.4604714600729864,9.414561653944686
27,180,4.3755107142306615,4.773894046230219
28,180,3.498598203424931,11.77657427927492
29,180,5.1052597118468634,12
30,180,7.198901092506442,8.59654730647906
31,180,10.905077963306967,7.081030386228769
32,180,10.836765156381711,0.16989990595299206
33,180,1.3537225026382318,0.3079772516067868
34,180,8.26833824944463,7.05277351470886
35,180,1.598155278749656,7.0129085529953255
36,180,3.3084919355666487,11.17351187304576
37,180,6.618940010413216,0
38,180,5.896637735274785,11.254686558754146
39,180,4.887017973407793,4.011602186003109
0,185,1.3874594261380937,7.048158154740242
1,185,7.488926123408331,4.459860542613545
2,185,3.498983372066738,2.191815680450135
3,185,8.940473266211308,0
4,185,1.458009590528317,2.66215243856212
5,185,4.436125693817564,10.422537713445864
6,185,4.8950684437605885,9.496499865390398
7,185,2.930198873955627,4.14785838036495
8,185,10.399560628011297,10.617739275879007
9,185,12,11.269454975072339
10,185,7.305245040662908,3.785754246450562
11,185,12,8.530660022826098
12,185,8.062664414033701,5.0853914459193845
13,185,11.036410974431247,0.1514763669202592
14,185,5.049146599697348,4.014745546132616
15,185,10.55537868672015,10.455062220981302
16,185,11.823760780896041,6.866702246395017
17,185,5.5823906426206245,10.963038602011544
18,185,5.852797857180997,1.1809670064487108
19,185,7.108211962293925,8.342896525845891
20,185,5.462342510153103,8.520521136649593
21,185,10.334714454037782,7.492571649190258
22,185,12,7.6106181209893915
23,185,1.4513370051220624,7.0323467291913175
24,185,0,10.221932079013397
25,185,12,4.072300913539913
26,185,3.460024968332787,9.414390936928955
27,185,4.171499626706565,4.673005604708207
28,185,3.55289766515283,11.870797317262124
29,185,5.189089519180914,12
30,185,7.241056820701749,8.549321720069724
31,185,10.908104519837616,7.24985785152795
32,185,10.800891935260669,0.17498003344683585
33,185,1.3857034737874439,0.3275791259315098
34,185,8.275896271977931,7.230694909973088
35,185,1.6392038151509112,6.93310209854567
36,185,3.310701346517871,11.236857953185455
37,185,6.611948759183662,0
38,185,5.89120988786844,11.266806676725638
39,185,4.937061573679643,4.011327857363293
0,190,1.3672196106590029,7.052566925372792
1,190,7.376526090554059,4.524746282848193
2,190,3.4685118467538927,2.171425219674987
3,190,8.989523365353078,0
4,190,1.251300035778098,2.768351439322594
5,190,4.474242495699937,10.402392426391255
6,190,4.892495326354969,9.488869593947
7,190,2.719494452206317,4.186139447074173
8,190,10.350673071868625,10.587606416094202
9,190,12,11.250832587478861
10,190,7.310677477162319,3.7828156736671845
11,190,12,8.576201769007737
12,190,8.15261334398362,5.1109230411423825
13,190,11.025126880982576,0.10777342764776834
14,190,4.9721435357114885,4.023841789806323
15,190,10.582598051831177,10.486785428119697
16,190,11.857697799662997,6.840868482623796
17,190,5.570802787177207,11.022112496717089
18,190,5.8688896410042775,1.2042944503625812
19,190,7.119165695058159,8.518824828945078
20,190,5.443987262472291,8.543676694632387
21,190,10.257248704637446,7.6151555170162055
22,190,12,7.5144807945677545
23,190,1.4314470477046057,7.02340736334533
24,190,0,10.138428260390825
25,190,12,4.159912006333722
26,190,3.4619843555383434,9.415221489908852
27,190,3.9855457127335945,4.581304180419644
28,190,3.6086269499746924,11.960864356047972
29,190,5.27019587392519,12
30,190,7.29152894441984,8.49432623425036
31,190,10.912707425205868,7.39335268516451
32,190,10.782873715917557,0.1775642692447479
33,190,1.4175251462524854,0.34741053530744725
34,190,8.28028557862032,7.416979093074641
35,190,1.6730211091673388,6.865105368236591
36,190,3.3123207364526754,11.292658987051375
37,190,6.611250760246424,0
38,190,5.886060130934102,11.280097481021919
39,190,4.9785370676358545,4.0110459421740545
0,195,1.3661081497856775,7.052800137762529
1,195,7.280473113395557,4.582457324157795
2,195,3.4502921974237553,2.1588095256343585
3,195,9.041082537109503,0
4,195,1.0395873093591332,2.8807407226781114
5,195,4.515054517812017,10.380872073276157
6,195,4.8883577972501255,9.476134061883577
7,195,2.509190140739854,4.222447810670274
8,195,10.304395836000648,10.559003428038661
9,195,12,11.233618430912394
10,195,7.313716896647992,3.781108064917729
11,195,12,8.618692536526824
12,195,8.256916536169165,5.1382577242813685
13,195,11.01195392857834,0.053544517733543774
14,195,4.879686318392124,4.0358837965246614
15,195,10.601109755707249,10.508751131168847
16,195,11.8797342219448,6.824637438031841
17,195,5.557435864187181,11.092234787633116
18,195,5.879849352666027,1.2196462164776947
19,195,7.129557295204209,8.677986936456799
20,195,5.4197238268346215,8.573385705836667
21,195,10.176926656882918,7.737432065155133
22,195,12,7.419831250381258
23,195,1.401896304516222,7.010646834090596
24,195,0,10.039300807186642
25,195,12,4.24350674498955
26,195,3.4748323124206193,9.420324488287951
27,195,3.796002154637529,4.493066076980378
28,195,3.669603028171293,12
29,195,5.343616890205251,12
30,195,7.345961825611649,8.435025475223492
31,195,10.91360382829916,7.525072882771019
32,195,10.792613700983482,0.17624899523196433
33,195,1.4495518794816897,0.3664324805907285
34,195,8.291654043583886,7.603343816247911
35,195,1.7129457817438247,6.784821994141411
36,195,3.314760443688798,11.352115880677973
37,195,6.607047925065295,0
38,195,5.881819688912804,11.290471403720897
39,195,5.034047434206778,4.0116119245065445
0,200,1.3532640135067195,7.055086562947806
1,200,7.177330541799748,4.645484989249003
2,200,3.4155600211618293,2.134045444844389
3,200,9.08916089553795,0
4,200,0.8425100731706003,2.9851554132545624
5,200,4.571551567782898,10.351773837821534
6,200,4.886252025138647,9.469730369803017
7,200,2.3017629149258583,4.261377918557291
8,200,10.263799020301295,10.533218065527533
9,200,12,11.22575141731599
10,200,7.326187708670483,3.7743992397499473
11,200,12,8.671188532287408
12,200,8.376861170703798,5.172223711134474
13,200,11.003071898563581,0.01826948058384801
14,200,4.767510337517807,4.048434078003636
15,200,10.613757924969415,10.523396011233535
16,200,11.902005918864448,6.807841960340424
17,200,5.544660166268345,11.157881635174274
18,200,5.884681666140984,1.226241574691505
19,200,7.134770001141379,8.84589434909993
20,200,5.395906839122797,8.601997931597552
21,200,10.085748499648558,7.870614289226461
22,200,12,7.323463734374088
23,200,1.3889558807313842,7.004758326258763
24,200,0,9.954686225169239
25,200,12,4.321492145909136
26,200,3.4571434902719616,9.413654113706103
27,200,3.589790275435259,4.387531128028593
28,200,3.7299058811376113,12
29,200,5.423186658065637,12
30,200,7.4046209800799785,8.367409286795937
31,200,10.917794128502011,7.671655383362695
32,200,10.782447113329065,0.17804528523328714
33,200,1.500665096523697,0.3967880517929451
34,200,8.303683547189756,7.802863708105795
35,200,1.745662656957441,6.71286717922857
36,200,3.3169210608334043,11.425721881499525
37,200,6.605656780903239,0
38,200,5.88595533579253,11.279906638976453
39,200,5.073993021980241,4.011111702084241
0,205,1.3412674270456602,7.0572636403717475
1,205,7.057655042608542,4.71640774486499
2,205,3.3963884869813876,2.1205880445909697
3,205,9.13191397582913,0
4,205,0.6516139685163407,3.074753240782348
5,205,4.628506374405254,10.322881309116513
6,205,4.881688297389473,9.455768375435273
7,205,2.1074830210315216,4.292597289972658
8,205,10.22735586408919,10.511391072212492
9,205,12,11.208684866966665
10,205,7.33528362624895,3.7696974394311007
11,205,12,8.72459063134341
12,205,8.488227398700696,5.206966011951162
13,205,10.995014855934471,0
14,205,4.652320185695684,4.060671586685968
15,205,10.621145595507278,10.532606681401273
16,205,11.938561168178893,6.7803229476728095
17,205,5.530889944589621,11.234491098811413
18,205,5.88427413693512,1.2256936587682137
19,205,7.137144746909393,9.017313681102557
20,205,5.371720720086834,8.63139154364379
21,205,9.993832527798839,7.9951180387186005
22,205,12,7.396415255080522
23,205,1.3792139527837415,7.000570049785348
24,205,0,9.870162797673117
25,205,12,4.409010437813322
26,205,3.4507880371871864,9.411269140889743
27,205,3.3775537908524402,4.280529532262494
28,205,3.788720059794774,12
29,205,5.501356841508701,12
30,205,7.459399957316881,8.302697530652413
31,205,10.92081992481767,7.8395918487199046
32,205,10.77086558562776,0.17993456467165275
33,205,1.553601603379368,0.42767471142218383
34,205,8.31837336853815,8.017656118684357
35,205,1.7782421132390853,6.64491033048449
36,205,3.3206159849573016,11.503438420544525
37,205,6.6015596289465615,0
38,205,5.884292965314539,11.284201600239713
39,205,5.122772156174427,4.010350579541569
0,210,1.3304156532924236,7.059010886720992
1,210,6.936535972725659,4.78616878772239
2,210,3.3625477471158782,2.097758863075475
3,210,9.173052479059823,0
4,210,0.4704544870400744,3.1585723916003534
5,210,4.6706730140039445,10.300222956636588
6,210,4.869382933647314,9.41960006964397
7,210,1.9069054085013908,4.324875636194241
8,210,10.208371521551305,10.500077823319165
9,210,12,11.191658371268584
10,210,7.335737498768101,3.769467593888886
11,210,12,8.775429614893003
12,210,8.59854415068102,5.241403978730426
13,210,10.980408770318597,0
14,210,4.52020232493786,4.071231609913989
15,210,10.629499328984302,10.543276829016703
16,210,11.984683668628142,6.746303339114922
17,210,5.521826356080882,11.286446155785821
18,210,5.889235125522086,1.2324586705565914
19,210,7.137902526339503,9.1761907762808
20,210,5.33333303630769,8.679063673994005
21,210,9.915991619954292,8.101750266093811
22,210,12,7.307588116980068
23,210,1.3619438715287457,6.993024184767606
24,210,0,9.786690384506054
25,210,12,4.497856415300586
26,210,3.4685086020732467,9.417793116832131
27,210,3.1699749490307414,4.1829431521299405
28,210,3.855210425902814,12
29,210,5.585095422272321,12
30,210,7.508921482730268,8.243125567558012
31,210,10.926972747017782,7.992838956780834
32,210,10.746979196717529,0.1836785457809901
33,210,1.6171966284762955,0.4622440632085667
34,210,8.33558711898907,8.216273710006805
35,210,1.8190074735767108,6.56625601571177
36,210,3.3239161810622484,11.588325690376184
37,210,6.60101573044569,0
38,210,5.898081832854217,11.248558546291685
39,210,5.186322052213981,4.009032697833371
0,215,1.324328987937885,7.05998358562952
1,215,6.821797834560108,4.85878350875126
2,215,3.364138067596943,2.098857261820178
3,215,9.214954203368837,0
4,215,0.28204700994904913,3.245472881942537
5,215,4.702082764768046,10.283655419381208
6,215,4.855001069985304,9.380723278661263
7,215,1.716975809534487,4.349389608648592
8,215,10.178259268079938,10.481969574828048
9,215,12,11.172333420389917
10,215,7.341595803146936,3.766203052864616
11,215,12,8.83181801530047
12,215,8.708045363575584,5.27976947108628
13,215,10.967859010181163,0
14,215,4.377411838742421,4.0848068363472185
15,215,10.640619749206216,10.558027994665688
16,215,12,6.709299554418549
17,215,5.513116676914113,11.352221120160774
18,215,5.893352003666571,1.2381544572929193
19,215,7.137041544581793,9.3158533985688
20,215,5.2886340500220586,8.737110641800209
21,215,9.833851719276339,8.213259400792055
22,215,12,7.376977375400769
23,215,1.3516652358072985,6.988700006994227
24,215,0,9.703733108572914
25,215,12,4.594459064057611
26,215,3.489795117560097,9.425611216526088
27,215,2.9768857669616637,4.089526839405677
28,215,3.921856770367543,12
29,215,5.672344406719464,12
30,215,7.566261360802027,8.173628373310457
31,215,10.930885696522317,8.114501616928012
32,215,10.714560496514386,0.1886213463157395
33,215,1.6729407888213244,0.4930201209924685
34,215,8.354631020696923,8.405115356227562
35,215,1.8646695882107494,6.476368731280139
36,215,3.2381344326790775,11.593279676894188
37,215,6.602013529651572,0.006771883499609085
38,215,5.922070699668778,11.184714987567947
39,215,5.237866070802446,4.008933702629948
0,220,1.3311600639072305,7.058736278165628
1,220,6.694971612864806,4.9358012619980824
2,220,3.363742370270559,2.0985803484643997
3,220,9.25266499987354,0
4,220,0.09513866777355129,3.337069300574545
5,220,4.740548542414913,10.263031309530895
6,220,4.843355059057223,9.348719141527921
7,220,1.541284172537918,4.374236189960887
8,220,10.162714926667755,10.472662977614291
9,220,12,11.150920679055039
10,220,7.3266958782018685,3.7742913700544345
11,220,12,8.878827779707018
12,220,8.810016246399227,5.314500075880854
13,220,10.957568363689292,0
14,220,4.26041500512121,4.09522633490232
15,220,10.655779397530534,10.577104177260942
16,220,12,6.670934358281793
17,220,5.503725906771617,11.434474872302957
18,220,5.899521065167771,1.2464120361374258
19,220,7.130734043789098,9.461177682429854
20,220,5.248240682613749,8.787458665287662
21,220,9.76212987639667,8.308599405390762
22,220,12,7.448943460936233
23,220,1.3563304834517598,6.990733714535458
24,220,0,9.630657251363978
25,220,12,4.686096411091317
26,220,3.5174829565363854,9.435372201882148
27,220,2.781340352536528,3.992743590046835
28,220,3.992115082436487,12
29,220,5.7718168914392045,12
30,220,7.634442161489735,8.095321415782559
31,220,10.936947993042644,8.218616276656762
32,220,10.682251497291212,0.1928429875172908
33,220,1.7334525375023935,0.5266780887604838
34,220,8.374936416125632,8.60758361690999
35,220,1.9131667901201432,6.3784304181480875
36,220,3.1476205449873644,11.599458640968146
37,220,6.580875871374533,0.009889904247770082
38,220,5.9396439693225584,11.1350404093059
39,220,5.303015859805818,4.0071075486583245
0,225,1.3214304135396604,7.060406718901855
1,225,6.5660794683748405,5.016944335710988
2,225,3.3656335171139906,2.099919140169333
3,225,9.29129086120071,0
4,225,0,3.4148941371023835
5,225,4.7730589284614044,10.244866362086363
6,225,4.82760337075817,9.306248131387088
7,225,1.3590340873046767,4.398717008018941
8,225,10.14767340406432,10.464184320909137
9,225,12,11.120099650546502
10,225,7.309959875244091,3.7827909695226585
11,225,12,8.93249008791881
12,225,8.909066190477011,5.348321586371688
13,225,10.94595448841534,0
14,225,4.137598928837183,4.105971879083689
15,225,10.664287198441274,10.58729654291316
16,225,12,6.641197930575339
17,225,5.491338460523263,11.529996737668464
18,225,5.9138280694005765,1.264702493942392
19,225,7.129036271165685,9.61408746934387
20,225,5.201630762321159,8.845541949337687
21,225,9.69396269588719,8.396089483514086
22,225,12,7.525867258348447
23,225,1.3578053356842699,6.99141372057334
24,225,0,9.574234168254689
25,225,12,4.785576238242507
26,225,3.5430542122248787,9.44425739004834
27,225,2.5718162197250223,3.886032652161972
28,225,4.06132721075972,12
29,225,5.873508886095804,12
30,225,7.55761783572755,8.031166254550914
31,225,10.943690175195108,8.331042221935965
32,225,10.671780807004202,0.19395647165789992
33,225,1.777676106402695,0.5495668336595817
34,225,8.389610100491343,8.787702406903591
35,225,1.9613978562842125,6.277883526566526
36,225,3.0506848550983747,11.604643545463718
37,225,6.552089218212801,0.01381044618575831
38,225,5.955613188718963,11.094822218480116
39,225,5.396659184567423,4.004193555633005
0,230,1.3184745776387803,7.060954157669345
1,230,6.460424381041844,5.088677000694949
2,230,3.365702154984955,2.0999685185036374
3,230,9.334723296591413,0
4,230,0,3.4894295750533835
5,230,4.812664414185953,10.222904027456465
6,230,4.810675497861126,9.256784084855555
7,230,1.1822722047960017,4.421449031961619
8,230,10.13386643114663,10.45648384563283
9,230,12,11.080428931804011
10,230,7.272824979068836,3.8007388589567914
11,230,12,8.976876623187383
12,230,9.005406276113108,5.378903477257522
13,230,10.933983562325146,0
14,230,4.018790886116354,4.115177380081755
15,230,10.672574123178109,10.598200315279845
16,230,12,6.6045951742743885
17,230,5.47888369677606,11.633465962001761
18,230,5.940928702237321,1.29993992529955
19,230,7.124941458047459,9.775156610127217
20,230,5.147839609976105,8.913212791528473
21,230,9.626376664670405,8.482423756253194
22,230,12,7.605717077037625
23,230,1.3349989882528361,6.981073162003804
24,230,0,9.538064458812457
25,230,12,4.886919967304303
26,230,3.5698039957136345,9.454083988407586
27,230,2.35000522076258,3.784224964570835
28,230,4.128060283156756,12
29,230,5.978888204194605,12
30,230,7.489057366880054,7.974851320407429
31,230,10.949328869210794,8.450543028754465
32,230,10.677542215006977,0.19339297039796152
33,230,1.8149796965747682,0.5684276592356956
34,230,8.404398652589189,8.960528648218618
35,230,2.005219527233928,6.18262283992934
36,230,2.945239122339789,11.615528866041306
37,230,6.508946081901723,0.019362610084440915
38,230,5.971594289913376,11.056367861236692
39,230,5.487140637152029,4.0037189880682975
0,235,1.3281213628072952,7.0591127348017055
1,235,6.343880296477355,5.16983593669111
2,235,3.3518677533379555,2.090351961514458
3,235,9.378535608553213,0
4,235,0,3.566334307296464
5,235,4.864434159952895,10.193677543013552
6,235,4.795529735088153,9.212680396550342
7,235,0.9832309388077342,4.447158815284103
8,235,10.128338815529524,10.45339789814859
9,235,12,11.033365274041001
10,235,7.241803836175253,3.8156458809832374
11,235,12,9.01893476683659
12,235,9.08863880164311,5.405418429421712
13,235,10.921501690294571,0
14,235,3.8902231350306713,4.123730036295573
15,235,10.677909990838163,10.605406762054068
16,235,12,6.5680022889251015
17,235,5.467968124063175,11.726396404702692
18,235,5.960561994728752,1.3256587516173102
19,235,7.125807199610258,9.938928612292
20,235,5.112664266381316,8.955127555898768
21,235,9.558779688823183,8.566418855382805
22,235,12,7.693152311942844
23,235,1.3005854063158135,6.964112473582604
24,235,0,9.501034380661407
25,235,12,4.978422729522579
26,235,3.6096336968734626,9.469593577296742
27,235,2.1281792509030812,3.672614548722757
28,235,4.19465777420622,12
29,235,6.0856172902514505,12
30,235,7.412766050759746,7.913290157196841
31,235,10.955144447298778,8.58102010713411
32,235,10.68799105023211,0.19219416737818623
33,235,1.8505821656807329,0.5863843830069821
34,235,8.416411273851208,9.131532584641148
35,235,2.0489725709930235,6.081996988002096
36,235,2.8534191806900884,11.623390134135478
37,235,6.474496931830997,0.02264021200890784
38,235,5.988810636723617,11.013092322692604
39,235,5.585709624272571,4.003446871174537
0,240,1.339199697667661,7.056858148242376
1,240,6.241202477422316,5.239045910703951
2,240,3.3355627701116086,2.0794802182249437
3,240,9.427542636784542,0
4,240,0,3.643719681226664
5,240,4.891617360416612,10.179196527270628
6,240,4.7759822612337794,9.15459518808771
7,240,0.7821376997981444,4.472442100795082
8,240,10.108784591715692,10.441985853490838
9,240,12,10.990082770352226
10,240,7.206601983309678,3.832973533288486
11,240,12,9.069679037632081
12,240,9.169511163119813,5.433832607377846
13,240,10.903003359099074,0
14,240,3.755548673644725,4.135195052005253
15,240,10.682106803201854,10.610921029704853
16,240,12,6.536879695037164
17,240,5.4598780470884725,11.801513019667569
18,240,5.978069777834293,1.3484298786057571
19,240,7.12856757743371,10.111339655336138
20,240,5.089195374317067,8.982830476080242
21,240,9.490833487408215,8.648372301271475
22,240,12,7.5785060466951775
23,240,1.2669903806525409,6.94792007030651
24,240,0,9.456106058441128
25,240,12,5.0744417735894425
26,240,3.6615299511670347,9.488083802659762
27,240,1.902974057755664,3.5653519478581477
28,240,4.2648620503606125,12
29,240,6.203059077702563,12
30,240,7.3551886425896065,7.8685250401788585
31,240,10.962744589025661,8.70245532907709
32,240,10.716174308703112,0.18924965979845662
33,240,1.874012568962351,0.5983570760242904
34,240,8.430453571633675,9.30864693143565
35,240,2.0953934602782596,5.974534825985863
36,240,2.7693711203246925,11.629614700055344
37,240,6.4276906187316944,0.027369823745987697
38,240,6.011388678754798,10.956970296676994
39,240,5.687758682925031,4.003305384967983
0,245,1.33932844969013,7.05760321821355
1,245,6.133425690656858,5.309449575686344
2,245,3.3063999807483455,2.060225582909232
3,245,9.476342542284169,0
4,245,0,3.72321899457591
5,245,4.9056323679932845,10.17188363974004
6,245,4.760952764826409,9.102527485850292
7,245,0.574743051378364,4.499192459521026
8,245,10.099486180412493,10.4364390996497
9,245,12,10.954029357611542
10,245,7.152988190605955,3.8593567512324976
11,245,12,9.118930412502074
12,245,9.274541071502824,5.471515710454816
13,245,10.885225090195673,0
14,245,3.6079206721377397,4.1487857858127555
15,245,10.685650021957827,10.615670577841831
16,245,12,6.497721992203285
17,245,5.448870071839574,11.882478039833357
18,245,5.987158594933207,1.3596996699741164
19,245,7.1319707792922875,10.281908839739339
20,245,5.07071052989199,9.004666825671947
21,245,9.413897621176202,8.740930182897934
22,245,12,7.472366149569007
23,245,1.231968890266773,6.93069222289852
24,245,0,9.418969093931173
25,245,12,5.172558815328445
26,245,3.7081248016505426,9.502117529556928
27,245,1.6635236464686785,3.4508137568724764
28,245,4.3504082316403725,12
29,245,6.3384631347086815,12
30,245,7.293925583517169,7.821441174505789
31,245,10.968299551472658,8.82584904519177
32,245,10.768674705494927,0.1835138806385281
33,245,1.8603727288082414,0.6248232365715924
34,245,8.439157258388365,9.48497103429969
35,245,2.1382020650147147,5.875970006637804
36,245,2.6630518221132804,11.638037442316232
37,245,6.380774020884142,0.03310354654986731
38,245,6.036191308352519,10.89702652364356
39,245,5.780733802630506,4.002796251753209
0,250,1.3430045878570414,7.076810236488526
1,250,6.04098613917965,5.371467315320083
2,250,3.2767144141333833,2.039329974936124
3,250,9.522115149524192,0
4,250,0.07617496654670768,3.8945922383404734
5,250,4.934825650897916,10.157205233278283
6,250,4.74410892331609,9.040446820757685
7,250,0.35531694449542106,4.531752641931939
8,250,10.089525915227425,10.430708444938988
9,250,12,10.917564832215389
10,250,7.110855950004022,3.8791551083519944
11,250,12,9.170004863258695
12,250,9.382308149530468,5.509353656303849
13,250,10.8659311227134,0
14,250,3.4574389614334144,4.162933158149251
15,250,10.693261148762597,10.625356166248647
16,250,12,6.4669119424063135
17,250,5.440354866553653,11.955386199613306
18,250,5.993823562561595,1.3680937175760886
19,250,7.129050526907981,10.455930488159794
20,250,5.045673631431716,9.03393088604084
21,250,9.319252827220078,8.852384266612356
22,250,12,7.366570722325415
23,250,1.2020324854519961,6.916745721497917
24,250,0,9.38058429360456
25,250,12,5.275887470352913
26,250,3.764740752228089,9.519100297195628
27,250,1.415461586994208,3.331344112774526
28,250,4.424673113929901,12
29,250,6.4628293308278195,12
30,250,7.239983214492543,7.780055917775049
31,250,10.97813799494544,8.961702619830426
32,250,10.813352061655854,0.17797687474346174
33,250,1.8525200028127349,0.6397717103654615
34,250,8.45192170668646,9.654257116782881
35,250,2.1835611967586703,5.767098776414015
36,250,2.5459575525383378,11.648046191440006
37,250,6.373802640388399,0
38,250,6.06505891931371,10.826930570048582
39,250,5.884912991991697,4.005204470397154
0,255,1.348354674895064,7.101815386984762
1,255,5.94587274962991,5.433953634480414
2,255,3.2687137199342655,2.0340866819292587
3,255,9.57836834869542,0
4,255,0.1511250420445392,4.07019343503371
5,255,4.9837621490364565,10.134704960956883
6,255,4.726676332509469,8.979123902848485
7,255,0.13642478439994937,4.559713846292639
8,255,10.093830928414398,10.433034479820973
9,255,12,10.876144635597592
10,255,7.081262904083564,3.8925512537682185
11,255,12,9.223351343178496
12,255,9.47598789996609,5.542450650489545
13,255,10.848425148663594,0
14,255,3.3011952450171336,4.178185229954782
15,255,10.694873816698857,10.627419343084885
16,255,12,6.426617179849771
17,255,5.430482832254003,12
18,255,6.000312989198946,1.3763041273665242
19,255,7.126595600586667,10.652668796817458
20,255,5.0079808327072515,9.074394652477158
21,255,9.229145559238018,8.957619881809224
22,255,12,7.2595377390509155
23,255,1.1711194088750367,6.902698083879337
24,255,0,9.351117732973245
25,255,12,5.39129713147231
26,255,3.776807594686864,9.52265493049909
27,255,1.159010385064728,3.1964793417655932
28,255,4.4989464576422735,12
29,255,6.589727464519553,12
30,255,7.172348624742283,7.727646033263176
31,255,10.987203494248028,9.079983784373287
32,255,10.888452223712655,0.16913306216636906
33,255,1.837518930139685,0.6652144017310759
34,255,8.468936109475994,9.832994506261892
35,255,2.2221109161070935,5.6755801165970166
36,255,2.422248772674266,11.660063171838134
37,255,6.364730474762051,0
38,255,6.103442534280306,10.731456005465397
39,255,6.00441709331439,4.007732758018624
0,260,1.3525182497205694,7.121313058109327
1,260,5.844013904642508,5.501013302435968
2,260,3.255267278700927,2.025476104571827
3,260,9.631420395342266,0
4,260,0.22691902339285952,4.240263967022449
5,260,5.036261875108807,10.110664565647603
6,260,4.711459539963209,8.918325193296383
7,260,0,4.579090920034806
8,260,10.101568360032855,10.43719854260881
9,260,12,10.828141402934076
10,260,7.049670258533561,3.906531920601931
11,260,12,9.271588204269804
12,260,9.55860973333396,5.572279766326846
13,260,10.83408677660888,0
14,260,3.15247645297106,4.190167928310291
15,260,10.70448034677488,10.639617537954644
16,260,12,6.374766351896199
17,260,5.421667082621646,12
18,260,6.000567423669411,1.3766297436854003
19,260,7.124639604596832,10.845823629535811
20,260,4.97953532970038,9.10530555470024
21,260,9.144363970793309,9.056205837777243
22,260,12,7.127723207884238
23,260,1.1456795268365778,6.890664712170457
24,260,0,9.320740149378253
25,260,12,5.506007205028596
26,260,3.783323304707769,9.524326866521921
27,260,0.9190205749046539,3.0628089443200794
28,260,4.579663889142695,12
29,260,6.707775979537314,12
30,260,7.088469353982957,7.6607342355413985
31,260,11.093672453417598,9.06725493840488
32,260,10.943173548556715,0.16322607194168387
33,260,1.8192203921695256,0.6954308885230757
34,260,8.482100132130496,10.035678866855823
35,260,2.2703319816558847,5.569695275938772
36,260,2.3031387731117277,11.670877955514959
37,260,6.35562591316057,0
38,260,6.147082967284149,10.625062642201046
39,260,6.098660345387865,4.010769235867778
0,265,1.3587437801363187,7.146354755669108
1,265,5.729761780754621,5.567200432591805
2,265,3.2589682811644662,2.027816336820835
3,265,9.687137657780083,0
4,265,0.3088812916517157,4.414039946613397
5,265,5.099365110701866,10.081165833710946
6,265,4.697002088229002,8.857568471050621
7,265,0,4.599568837355426
8,265,10.104990591365508,10.439107993317469
9,265,12,10.773242593822875
10,265,7.012330470469568,3.922596016232831
11,265,12,9.322904516522788
12,265,9.646046669157831,5.604849183610567
13,265,10.82173133077462,0
14,265,3.0006006926914295,4.199176444815146
15,265,10.713260379296871,10.651482908505288
16,265,12,6.319556880634317
17,265,5.41157410657145,12
18,265,5.99008423757383,1.3630603430768629
19,265,7.126154225802119,11.047828670656717
20,265,5.015129673310455,9.13790806951227
21,265,9.060649437302725,9.150028033852061
22,265,12,6.976284029250616
23,265,1.0886732913582684,6.862246232474358
24,265,0,9.287494217442628
25,265,12,5.615491904709086
26,265,3.7842183087335037,9.52085953192493
27,265,0.6784188265152061,2.9349001535215327
28,265,4.65780577874128,12
29,265,6.823835549279139,12
30,265,7.008842856370499,7.598384652571865
31,265,11.214733055002617,9.050066941669513
32,265,10.989196325706722,0.1571894444738826
33,265,1.797092317014388,0.7314260787860022
34,265,8.49766103490744,10.235081035343455
35,265,2.3080693514512496,5.485442213769259
36,265,2.2026276950418002,11.679868594769122
37,265,6.348098619014717,0
38,265,6.184725132800467,10.529439924685464
39,265,6.209123517833759,4.0170420634052615
0,270,1.3671670151292956,7.179296919024998
1,270,5.58773388555292,5.645606881331845
2,270,3.2585209453132307,2.027527014263731
3,270,9.737223930901093,0
4,270,0.3905039486558543,4.5829496997716905
5,270,5.177725488026167,10.045338773097145
6,270,4.68193412991562,8.79915872386172
7,270,0,4.618507719319012
8,270,10.116510969383036,10.445799169232417
9,270,12,10.720545321043211
10,270,6.974918856918417,3.9387317667912773
11,270,12,9.374873693148977
12,270,9.709992792806196,5.6278973509937735
13,270,10.813598503970873,0
14,270,2.857866778655495,4.211795661299183
15,270,10.736136365079144,10.68115543377141
16,270,12,6.26148038543904
17,270,5.40488481980341,12
18,270,5.979771683859515,1.349930841295145
19,270,7.1260962577853775,11.238749943877394
20,270,5.043511139547066,9.164637259152961
21,270,8.975387452634752,9.248582963203912
22,270,12,6.817024315624598
23,270,1.0310566657422966,6.833346067642348
24,270,0,9.244169924156047
25,270,12,5.726642345477654
26,270,3.7801686008926905,9.536584895021075
27,270,0.4472148292709378,2.8179514289609737
28,270,4.737165870367623,12
29,270,6.934666833095161,12
30,270,6.948001204035432,7.548575427706924
31,270,11.344946800777947,9.032725154614408
32,270,11.007510418683099,0.15423908728364027
33,270,1.7776514609132306,0.761328018664617
34,270,8.509330407602327,10.417520354048323
35,270,2.334303117957068,5.426834272562749
36,270,2.099975049320585,11.6883320564031
37,270,6.337662912009413,0
38,270,6.224111049661576,10.43196214580103
39,270,6.319004853000044,4.022423683490865
0,275,1.377622245799407,7.2188935274893
1,275,5.449095352047079,5.72237533859496
2,275,3.2684715833491715,2.0338034454088767
3,275,9.774096390891177,0
4,275,0.4722126974120402,4.738665291734868
5,275,5.2575589624926815,10.012670815164059
6,275,4.664116183577756,8.734729132022855
7,275,0,4.639731071333616
8,275,10.12015409368269,10.447891155577983
9,275,12,10.680809243330998
10,275,6.934246000976967,3.9571846315633294
11,275,12,9.415732069741807
12,275,9.760277673182316,5.646425670242003
13,275,10.806619736330113,0
14,275,2.717110050333075,4.222951498825423
15,275,10.757261117639603,10.709030292696298
16,275,12,6.201727955495993
17,275,5.39926647560347,12
18,275,5.960368499793425,1.3243440891213403
19,275,7.120844036732293,11.444810337018009
20,275,5.048064127175495,9.168770981305851
21,275,8.89653360018962,9.339963167806316
22,275,12,6.6602555548522036
23,275,0.970727866111477,6.802370796280819
24,275,0,9.203427218051514
25,275,12,5.816488981170429
26,275,3.7730986935986657,9.566761700993597
27,275,0.22257617885768524,2.704054611636125
28,275,4.822116147877922,12
29,275,7.0535278691781045,12
30,275,6.885487599042695,7.497010093978324
31,275,11.488502746660814,9.01314999016528
32,275,11.033001304509778,0.15005857972875922
33,275,1.7504620627311496,0.8042379092682989
34,275,8.523269459999298,10.621037962945376
35,275,2.3703972815049967,5.3477801083941126
36,275,2.0024036124954074,11.697003278670584
37,275,6.325679019998907,0
38,275,6.266082727697543,10.32782526906553
39,275,6.437314544995982,4.025133906535535
0,280,1.3875332276981884,7.2563733147284415
1,280,5.315410034853518,5.7998607068772605
2,280,3.286589663288297,2.0456785581569874
3,280,9.815025530039762,0
4,280,0.56163294494877,4.904040313375761
5,280,5.32398238290785,9.98422154778038
6,280,4.6410902278567505,8.6429621786607
7,280,0,4.659654057906537
8,280,10.12808795297398,10.45259261776618
9,280,12,10.634100179441864
10,280,6.88912671120581,3.979105639686881
11,280,12,9.448040712437699
12,280,9.803547218732197,5.661816394115618
13,280,10.80180189641599,0
14,280,2.5872908539403996,4.236881671500262
15,280,10.771770840274273,10.727451197315615
16,280,12,6.13949627029389
17,280,5.392441338056852,12
18,280,5.945580145716892,1.3046185697455448
19,280,7.116629628314486,11.669543360416078
20,280,5.0527376692282475,9.173044385317327
21,280,8.810338410207248,9.434186143663382
22,280,12,6.500172822336045
23,280,0.9046385902228841,6.770765274417474
24,280,0,9.16057374180937
25,280,12,5.898224532133524
26,280,3.764006821515786,9.607731345768162
27,280,0.01607446932654813,2.5910267635803104
28,280,4.902185646141412,12
29,280,7.18180627978084,12
30,280,6.8277431105890765,7.451522919922082
31,280,11.625671265995937,8.99787036578151
32,280,11.072945187871989,0.14399645707250158
33,280,1.7151614213066266,0.8560185998141402
34,280,8.537380723939178,10.83666747446643
35,280,2.4625052035998034,5.390400640834124
36,280,1.907498854896871,11.702503393466355
37,280,6.3143447258816074,0
38,280,6.317474128339315,10.19155332690207
39,280,6.558914397899472,4.027228998017972
0,285,1.3964418694908731,7.289443762287313
1,285,5.1902973085858255,5.876396285982618
2,285,3.30357082984211,2.0559388931337943
3,285,9.854984578264498,0
4,285,0.6515602500925114,5.067738468013416
5,285,5.420530077166505,9.942184570226006
6,285,4.613299882354435,8.543237805834751
7,285,0,4.676806071994451
8,285,10.15047896837036,10.46604673736062
9,285,12,10.577255576267746
10,285,6.846771510245542,3.99906362502707
11,285,12,9.484842452840024
12,285,9.84188772685904,5.674706561353502
13,285,10.798275748819027,0
14,285,2.458749485317777,4.253626788779285
15,285,10.78671657933052,10.745727490974222
16,285,12,6.071003091104176
17,285,5.3890705931062275,12
18,285,5.927230388363065,1.2813102556785423
19,285,7.110583719859229,11.90297616610161
20,285,5.046291928069766,9.167444314317386
21,285,8.714472864336713,9.532339701026643
22,285,12,6.352958551729371
23,285,0.8341788933896581,6.7375222799722
24,285,0,9.123037117412085
25,285,12,5.989969052332894
26,285,3.749776096803663,9.667659069277086
27,285,0,2.484650705039882
28,285,4.978333151805761,12
29,285,7.303932288707301,12
30,285,6.780653815409219,7.41361631822233
31,285,11.781190806823174,8.979674058373897
32,285,11.108250609982775,0.1390098454795854
33,285,1.6754902346411056,0.9160890918722026
34,285,8.553831540243502,11.043777862714865
35,285,2.5707640633865236,5.438168669075953
36,285,1.7909134187059212,11.711080688090783
37,285,6.3054588463047265,0
38,285,6.362157087403729,10.06784649380744
39,285,6.672123646054633,4.034829522616118
0,290,1.4078616727908437,7.333502257674264
1,290,5.071027719715741,5.947608771005953
2,290,3.3366687247843045,2.076438026916233
3,290,9.895516595343498,0
4,290,0.7482230068657095,5.236199676957148
5,290,5.507606243093957,9.90345191892245
6,290,4.59107824561159,8.463286225353652
7,290,0,4.688766044668732
8,290,10.175656431714058,10.480375034088619
9,290,12,10.529990489422218
10,290,6.814709548525438,4.013854454520915
11,290,12,9.528053528802374
12,290,9.881834793895287,5.687893020243477
13,290,10.792028926571623,0
14,290,2.315912922990685,4.269198909402254
15,290,10.804721734650476,10.766726834326324
16,290,12,5.997758390461774
17,290,5.38691546663302,12
18,290,5.913717852440306,1.2641105816760099
19,290,7.102782889844647,12
20,290,5.038379996881935,9.160690041933982
21,290,8.609963767303885,9.636759426887611
22,290,12,6.211641723168371
23,290,0.7401636657160471,6.693335400496772
24,290,0,9.085649710052174
25,290,12,6.080482209989771
26,290,3.738336900237679,9.718694945234807
27,290,0,2.374805299842333
28,290,5.047687376819938,12
29,290,7.418129130878569,12
30,290,6.72606154429049,7.369362905044691
31,290,11.92561059312063,8.963184565042699
32,290,11.152922122465126,0.132649018488985
33,290,1.638595454143509,0.9701036207183366
34,290,8.575070419988746,11.233272663151439
35,290,2.675033533560673,5.483470864119843
36,290,1.7077281848522012,11.714659971638895
37,290,6.297149786927115,0
38,290,6.408267133880227,9.951196083292757
39,290,6.792941110703965,4.045140676410141
0,295,1.4224664325291165,7.389063177208891
1,295,4.959297849612463,6.016830910750276
2,295,3.3707202578279,2.0976647591503337
3,295,9.937583549826067,0
4,295,0.5635789626730402,5.337813192664068
5,295,5.614828935995044,9.859754541746844
6,295,4.567796884286695,8.374794994598139
7,295,0,4.700222836079411
8,295,10.202920906904833,10.496443895431842
9,295,12,10.47441845765139
10,295,6.785776050261373,4.0270604082590005
11,295,12,9.58322893313923
12,295,9.900568413414488,5.694609964960767
13,295,10.78954958426599,0
14,295,2.1620325709854056,4.284993289078572
15,295,10.818156848974866,10.783054943570072
16,295,12,5.924093863329499
17,295,5.387697256664835,11.992640615203225
18,295,5.902132260547573,1.2502783898203595
19,295,7.0968223328750515,12
20,295,5.02478819862613,9.148481970155718
21,295,8.513647069244982,9.735110261808076
22,295,12,6.07871459711763
23,295,0.6563849907011967,6.65325131851829
24,295,0,9.051304227859609
25,295,12,6.174333959549883
26,295,3.7250404959243584,9.781913031994831
27,295,0,2.275941888612424
28,295,5.113021375654154,12
29,295,7.538540904353451,12
30,295,6.660136394450146,7.3137366288340235
31,295,12,8.947011547458851
32,295,11.203743314976695,0.12606972236013522
33,295,1.5856084510182273,1.0467515732129906
34,295,8.601893581916503,11.431616411056615
35,295,2.795839032575778,5.536137813400095
36,295,1.6244696391227522,11.719698924917113
37,295,6.286523615352784,0
38,295,6.454701465326244,9.830802245430641
39,295,6.889421969786412,4.0538556704233
