id,time,x,y
0,0,0.9552501547102894,2.965951987459456
1,0,1.0483959477448885,6.978654925349827
2,0,6.964670245757576,6.9479838526623645
3,0,8.03006620168388,3.0817373783684596
4,0,10.950352573333856,10.02561525732533
5,0,7.958107977895529,11.959449788048993
6,0,5.041340805198937,8.97726902854334
7,0,9.954767601417913,2.995384840348521
8,0,4.94047473433201,0.007028290905667613
9,0,4.026932340154349,2.0560811786485607
10,0,1.0279791211071747,5.053756871634287
11,0,6.947275434638953,6.97778046274573
12,0,12,1.9736269649570992
13,0,4.029476839642063,1.9423943261122036
14,0,5.9819864798026945,3.9516586833684784
15,0,0.037693406344127864,4.984813020446518
16,0,6.992004153361991,4.030911786101167
17,0,4.032161298536329,5.038545701303288
18,0,5.9665343352004605,6.05512872410016
19,0,7.982445304279569,1.951368855749591
20,0,12,10.040877174489431
21,0,8.030609949584209,8.003410383311392
22,0,6.064114742565376,4.03629336497087
23,0,7.98093845671839,11.929079225502566
24,0,12,7.950166960243051
25,0,11.976819811272433,5.983066211470655
26,0,12,0
27,0,7.967934673445441,8.04249365083238
28,0,0.042200991093394584,8.95255319984295
29,0,6.047861679403967,7.004107704432593
30,0,0,7.962508583319568
31,0,0,8.020819971210491
32,0,4.928527732221045,4.993982382148451
33,0,11.006209638454102,5.985109903011494
34,0,5.970193654001032,1.9779244940624474
35,0,11.953611580871623,11.998141953113748
36,0,7.052487743316435,8.044842195094853
37,0,6.940700335202782,7.060566020091907
38,0,8.009128495197835,4.0330106224092725
39,0,0,10.953718427108205
0,5,0.923298330088798,2.941214203534699
1,5,1.089069730868272,6.959946017055871
2,5,6.928389044186057,6.895504402933374
3,5,8.057594942910287,3.1657794467498652
4,5,10.906120451104456,10.0491240243798
5,5,7.89861766072654,11.903095305649119
6,5,5.078964976563805,8.955542040628668
7,5,9.941670472723533,2.993858425300013
8,5,4.879266080683985,0.015237618157073224
9,5,4.058740753405796,2.1268832471215586
10,5,1.0568562999500775,5.107107544692176
11,5,6.902022029632938,6.9602032049258895
12,5,12,1.9693368075637026
13,5,4.057393660971996,1.888127174802133
14,5,5.963023634436295,3.9003100804374546
15,5,0.08105298849207929,4.966769745984977
16,5,6.984945763506041,4.05729200375802
17,5,4.070458369153983,5.0860037722693985
18,5,5.9209401340643915,6.128678692626985
19,5,7.957017657768484,1.8738115482383142
20,5,12,10.08875227508978
21,5,8.07441743070994,8.008310515757204
22,5,6.108985681027211,4.0622238795031524
23,5,7.900605498396455,11.948843431891678
24,5,12,7.909919757901051
25,5,11.942227650195251,5.956635125395926
26,5,12,0
27,5,7.933107699999036,8.087383520801966
28,5,0.08635653369619734,8.901780261554704
29,5,6.08897757586493,7.007880195258314
30,5,0,7.895273999094322
31,5,0,8.047224038133242
32,5,4.864328798247325,4.98676348387889
33,5,11.01381600006607,5.966989125376795
34,5,5.958759628725568,1.9694362109579657
35,5,11.907151367686545,11.99505140924191
36,5,7.09359964983893,8.080028135581786
37,5,6.872226919551283,7.130476808888992
38,5,8.014672936398204,4.053407536489185
39,5,0,10.916194141759854
0,10,0.8729811267116789,2.9035247929353103
1,10,1.133379912472798,6.938415700388768
2,10,6.893584600826002,6.842685076532479
3,10,8.083035419772502,3.251080137213918
4,10,10.835267976143708,10.08668640244989
5,10,7.836465199896387,11.846484123417188
6,10,5.05896348348939,8.92024777483918
7,10,9.93977038295586,2.993621781405427
8,10,4.818367830354679,0.024067444583755617
9,10,4.085408018277679,2.1871674298263444
10,10,1.0913890811452533,5.173885722087054
11,10,6.859753892449847,6.944256751875864
12,10,11.998714270424568,1.971389060270889
13,10,4.0794307439873325,1.8458289466693525
14,10,5.940131278128062,3.8381524080755374
15,10,0.11776632240587159,4.950819682976939
16,10,6.976854144761757,4.088366549593789
17,10,4.120190458443224,5.146363569051567
18,10,5.8529750857983025,6.087596849591873
19,10,7.934731717085997,1.8071052906369818
20,10,12,10.132934209620812
21,10,8.103830998575413,8.011130262959039
22,10,6.174924997660929,4.100412065041017
23,10,7.814477644140434,11.972660705370584
24,10,12,7.871108047495928
25,10,11.916577365656968,5.9379217367566515
26,10,12,0
27,10,7.885093984963218,8.14907993821765
28,10,0.11548001388323324,8.86896034385619
29,10,6.120187334893425,7.010282982586322
30,10,0,7.829873349346553
31,10,0,8.06741146379523
32,10,4.78703642509839,4.980942782383296
33,10,11.019578251913474,5.954246003209772
34,10,5.953151005552017,1.9651883062488023
35,10,11.837394913227474,11.989194377243667
36,10,7.1139129900466465,8.097400430294561
37,10,6.813791067216864,7.190735377670831
38,10,8.020594949693134,4.079111309287187
39,10,0,10.886898199475365
0,15,0.8109676124087664,2.8579684624556423
1,15,1.1727531672141358,6.921295516759167
2,15,6.859334685977799,6.7925419005941485
3,15,8.104777265777336,3.3214667682054078
4,15,10.796449339713664,10.106731909583987
5,15,7.775729137669156,11.792412030063831
6,15,5.045080287023736,8.894445853842365
7,15,9.943308128448821,2.9940748451519505
8,15,4.758944151359396,0.03186839290949098
9,15,4.113479354135846,2.2536320710469764
10,15,1.123648946959719,5.236055709127311
11,15,6.818480850848017,6.929143891605512
12,15,11.996650546172798,1.9747151143558075
13,15,4.106835129829754,1.7968068275148288
14,15,5.921226834296795,3.786035088534916
15,15,0.15629330991471535,4.934195595394882
16,15,6.967423835936323,4.124649169857395
17,15,4.173316670179888,5.21562473490909
18,15,5.784563505762408,6.046257342984408
19,15,7.910707518269855,1.7360573283576195
20,15,12,10.172778486239778
21,15,8.135678509199757,8.014781895261816
22,15,6.235789159104025,4.135426103094107
23,15,7.722439958985477,11.999243076075876
24,15,12,7.838890361828139
25,15,11.892772278616695,5.919915982033383
26,15,12,0
27,15,7.836036357374285,8.211458841335826
28,15,0.16096207539295376,8.817672142395706
29,15,6.164235130600558,7.012562677540894
30,15,0,7.749291365726164
31,15,0,8.086949760898944
32,15,4.68969350176077,4.972636476510076
33,15,11.016309202492668,5.961737300730144
34,15,5.952478015418337,1.9646694339422788
35,15,11.745600943189817,11.97956384021738
36,15,7.117830056860463,8.100766850297257
37,15,6.753747371885625,7.251184387805302
38,15,8.023893604036775,4.093201814123976
39,15,0,10.838843152117775
0,20,0.7614156936610693,2.818757748585081
1,20,1.2277455558535013,6.897224258205404
2,20,6.803852277084446,6.707424526100084
3,20,8.12611949115777,3.3857265234500686
4,20,10.741086475796699,10.135158506008263
5,20,7.701808537513274,11.725576667369426
6,20,5.033523272712977,8.872356050175263
7,20,9.929990834192852,2.9924426105195976
8,20,4.687789441834114,0.040453918067298714
9,20,4.1460003472961855,2.333034709118319
10,20,1.1542696394966983,5.293400370888163
11,20,6.7575491901138065,6.905275656741452
12,20,11.99055477268761,1.9850746075497128
13,20,4.137777427766581,1.7403189918970756
14,20,5.905624971982702,3.7437960876530836
15,20,0.19252122334646438,4.920005821770973
16,20,6.95862659706182,4.1574412117879325
17,20,4.2251179053770915,5.282394200814353
18,20,5.716660813082801,6.004671859619994
19,20,7.838283284584786,1.7596552551213855
20,20,12,10.202957413928475
21,20,8.151844177623527,8.016464469401804
22,20,6.290323102766751,4.166482567575458
23,20,7.63589797753769,12
24,20,12,7.816808893600762
25,20,11.87685231689119,5.908645256536649
26,20,12,0
27,20,7.78724247770167,8.271612104078226
28,20,0.20667426220577778,8.767261308233223
29,20,6.21751298003965,7.015261887176015
30,20,0,7.673667277849762
31,20,0,8.103505052743525
32,20,4.571334884737729,4.964796403826717
33,20,11.009650717728501,5.976017015174667
34,20,5.954605002322421,1.966374496513853
35,20,11.65090355595457,11.97314613246561
36,20,7.1151620752673415,8.098462970860266
37,20,6.699889453170847,7.306456174284189
38,20,8.024541677831051,4.096016767626603
39,20,0,10.787062389830751
0,25,0.7271507890471044,2.792226831943461
1,25,1.2802141805442033,6.873997360342089
2,25,6.755749913567265,6.630391650172735
3,25,8.14889891784273,3.4503443835549437
4,25,10.674428138457959,10.169017659379522
5,25,7.617658526428758,11.648173346121872
6,25,5.035625093463304,8.87644486364495
7,25,9.928871364809027,2.9923124169711857
8,25,4.611096425925381,0.049224400355170825
9,25,4.175600437854605,2.404340600349126
10,25,1.1826173458030016,5.345484678142543
11,25,6.6961012989532644,6.883064817655228
12,25,11.968045005846736,2.0228437401276715
13,25,4.169746286163847,1.6860337539722394
14,25,5.882730175517393,3.6862009555460786
15,25,0.24052580484560002,4.90132588269636
16,25,6.945464329674263,4.203871380427282
17,25,4.272559361144758,5.343439560887525
18,25,5.654348738204821,5.962468253293027
19,25,7.757666904351524,1.7871142786649852
20,25,12,10.234325559274982
21,25,8.157408216422379,8.01703770063239
22,25,6.343988027534031,4.198371254015208
23,25,7.510070168560332,12
24,25,12,7.794147308834675
25,25,11.869700462103799,5.903110893332632
26,25,12,0
27,25,7.731103268242227,8.341439055604116
28,25,0.26255989957818837,8.705059979211036
29,25,6.277118109923518,7.017492399182733
30,25,0,7.581657676952686
31,25,0,8.119642283347018
32,25,4.448784753178398,4.956779252348539
33,25,11.015566343013138,5.963180647947475
34,25,5.948963815306846,1.96184466636205
35,25,11.559401942462575,11.965047391191526
36,25,7.106101377304715,8.090957334474588
37,25,6.641947097038015,7.366505051817854
38,25,8.025190709620135,4.098693748917411
39,25,0,10.747724939127115
0,30,0.7071171462674304,2.7771199218992404
1,30,1.3214828112500645,6.856167490093419
2,30,6.707536777631498,6.560496903505274
3,30,8.169908118763226,3.5190307538792203
4,30,10.619428556834004,10.197341487056491
5,30,7.528422199907175,11.569662879977354
6,30,5.044792998235367,8.894203009943805
7,30,9.914580723102663,2.9905578399549726
8,30,4.541286126892284,0.05662862847018013
9,30,4.213026762325514,2.4917727623749077
10,30,1.1983743926127444,5.3736591187130625
11,30,6.641051416746316,6.862509645593521
12,30,11.938242367290066,2.071761596161177
13,30,4.202262269130439,1.6319860846370755
14,30,5.866878530780393,3.647726913487719
15,30,0.2877541437210914,4.882803927021019
16,30,6.932312055176936,4.254617871551044
17,30,4.329139247721975,5.417474843320989
18,30,5.581470383507163,5.910713442538422
19,30,7.701848102512885,1.8049643355192875
20,30,12,10.263109111931108
21,30,8.182196707066874,8.019161085656084
22,30,6.411644362582884,4.238923900271198
23,30,7.387380165002885,12
24,30,12,7.782897133932799
25,30,11.835743097868445,5.878426286398985
26,30,12,0
27,30,7.678033456756902,8.403357768172198
28,30,0.3135668415768744,8.647050131819391
29,30,6.344011974749371,7.019219530231159
30,30,0,7.504015653223066
31,30,0,8.130649811376115
32,30,4.309457438876063,4.946098700962662
33,30,11.013230262803901,5.968116609593862
34,30,5.946197959152111,1.959613056467536
35,30,11.46335001097285,11.95556980977197
36,30,7.074694760238613,8.06501466439747
37,30,6.570633246474363,7.43973024230489
38,30,8.023395205366155,4.092018915966458
39,30,0,10.69452170494835
0,35,0.6971669464154753,2.7699825287406723
1,35,1.3655472952328684,6.835110749361296
2,35,6.662713152473997,6.501213622465365
3,35,8.191983700924984,3.593504377892475
4,35,10.576743171460514,10.219425310032983
5,35,7.430964211441525,11.477988547133055
6,35,5.047782377390851,8.900443204974035
7,35,9.890236226767568,2.987380974182275
8,35,4.531400084016099,0
9,35,4.24797059918461,2.5746557143524664
10,35,1.2121474429571433,5.39810738777486
11,35,6.574625538002998,6.837160318726356
12,35,11.91443741124059,2.1094602713438464
13,35,4.233119277695385,1.5820002863213756
14,35,5.867565889264825,3.6493776048007844
15,35,0.29014581477391566,4.881850337852493
16,35,6.91759705774226,4.30576495781119
17,35,4.38631462939002,5.492821714702347
18,35,5.495210796835822,5.8467125302457745
19,35,7.619588826434224,1.8316374767953847
20,35,12,10.285313292814337
21,35,8.220463332182018,8.02393558906654
22,35,6.502956084912004,4.2931596643179875
23,35,7.285488051430622,12
24,35,12,7.75102775899581
25,35,11.81092066466877,5.860622083987263
26,35,12,0
27,35,7.610649542518121,8.485219700268978
28,35,0.3665674278090507,8.586792693145824
29,35,6.394168149694716,7.021198060759987
30,35,0,7.419114206891391
31,35,0,8.136276204991828
32,35,4.171531218416,4.935381441662689
33,35,11.0178385273769,5.957731634796246
34,35,5.930458458963372,1.9471706517353877
35,35,11.365906451955201,11.945196092734625
36,35,7.054247288599382,8.048482337952903
37,35,6.498495417218432,7.516072481233527
38,35,8.019143020070251,4.076021486816638
39,35,0,10.636404354940515
0,40,0.6936250323326942,2.767378742936155
1,40,1.4026744777354787,6.816837205531663
2,40,6.627794708724381,6.454823812718676
3,40,8.207829236879459,3.6449981562696228
4,40,10.537731072840156,10.239567849386479
5,40,7.344880005993052,11.39565641040399
6,40,5.043914055059617,8.892105423155142
7,40,9.859646415812467,2.982645576123848
8,40,4.517539062179199,0
9,40,4.277622667501295,2.6495830431185303
10,40,1.2270192086437048,5.4238501015887115
11,40,6.502748356121952,6.810098338215796
12,40,11.917498985497835,2.1048368106737794
13,40,4.259668739034964,1.5368212673244972
14,40,5.866874146091822,3.647733084133849
15,40,0.31403395998313677,4.8732876051008684
16,40,6.9025789812855916,4.359859514180327
17,40,4.44979602867517,5.575697517942627
18,40,5.409468165380923,5.787495974665252
19,40,7.5298594928332605,1.8597462599916477
20,40,12,10.306166609528743
21,40,8.241617635734311,8.026928214238842
22,40,6.6004225452341965,4.352663695891994
23,40,7.1819994463059516,12
24,40,12,7.70478393791037
25,40,11.785913460104366,5.842265654056112
26,40,12,0
27,40,7.54123561090262,8.56990695159198
28,40,0.42244915209054995,8.519731861619011
29,40,6.435525292595255,7.023961569560947
30,40,0,7.323753171687561
31,40,0,8.14401040360691
32,40,4.046370408989518,4.923359221943196
33,40,11.01886463951346,5.955449789770412
34,40,5.9132255331905155,1.9328695303088719
35,40,11.246059825271365,11.931588416044587
36,40,7.02333250578157,8.022848179150094
37,40,6.42236175983223,7.596035576981958
38,40,8.030021512825622,4.073306813230503
39,40,0,10.582214346610467
0,45,0.6955766393715471,2.7688446162591163
1,45,1.4492209969372631,6.795562418734201
2,45,6.583153007267199,6.399296439076182
3,45,8.224472547404678,3.69499029308834
4,45,10.486247074597228,10.265908077409872
5,45,7.258420128375407,11.318919580892093
6,45,5.035702698171846,8.875415356372715
7,45,9.826546070855668,2.9777039624609927
8,45,4.503503358784472,0
9,45,4.306778240355152,2.723054167518556
10,45,1.248971663003998,5.461788210855437
11,45,6.427031602399625,6.781949577277014
12,45,11.908656971449076,2.117990590273517
13,45,4.293255867380493,1.4841280599020814
14,45,5.867034860103047,3.648093152387466
15,45,0.3398412676224064,4.8643752213258225
16,45,6.885296364708298,4.419423312808868
17,45,4.509208932540579,5.653052131563574
18,45,5.322914842045587,5.7290015222375
19,45,7.442555209392715,1.8866603618449689
20,45,12,10.32303538676246
21,45,8.27513749461346,8.032059498040457
22,45,6.70859178749242,4.417674286609405
23,45,7.078633650303779,12
24,45,12,7.661419070897177
25,45,11.753867061073564,5.819965657953706
26,45,12,0
27,45,7.454509104129653,8.68102803985144
28,45,0.4789686774898035,8.45273180215593
29,45,6.487457900843389,7.0282822930178614
30,45,0,7.2314753890109715
31,45,0,8.14942657260516
32,45,3.9317737290610757,4.912275468113861
33,45,11.015708578627605,5.962679344509797
34,45,5.895825800168956,1.9181985085728572
35,45,11.15243658084896,11.919843882902013
36,45,6.982163868822623,7.989446667407685
37,45,6.339705084804709,7.680401928581059
38,45,8.065011510161009,4.064819524979091
39,45,0,10.512270838736177
0,50,0.6887734515916204,2.763423104899098
1,50,1.4896273509886284,6.778196924582084
2,50,6.536733411407539,6.341874583302697
3,50,8.24540978511033,3.7606987502854246
4,50,10.438935360123232,10.28895476515636
5,50,7.163081131230219,11.230225923087524
6,50,5.019956153313985,8.842918716051289
7,50,9.787565604188995,2.972110755718575
8,50,4.489583261967445,0
9,50,4.330409351656084,2.778492844062779
10,50,1.2688343142651695,5.495542681632866
11,50,6.371041755985016,6.759974465725588
12,50,11.876500902359817,2.1677799388489634
13,50,4.331527482167175,1.4232179616872103
14,50,5.8725135123913965,3.660430307042213
15,50,0.35816596798592376,4.858116615258145
16,50,6.877067315515089,4.447402891441682
17,50,4.57125398460646,5.738518251019107
18,50,5.228637658994392,5.667347867796811
19,50,7.343449643522528,1.9159961024606302
20,50,12,10.344877306007282
21,50,8.30200033539775,8.036963979394637
22,50,6.823852033218789,4.485427536754345
23,50,6.979165697510556,12
24,50,12,7.616644650343387
25,50,11.728159734020887,5.80218330355222
26,50,12,0
27,50,7.36348081163684,8.801496985640444
28,50,0.5488721157382356,8.37119224667072
29,50,6.5256595973683655,7.032021339007275
30,50,0,7.1727419263961
31,50,0,8.157737891450278
32,50,3.818473755663922,4.905368622612987
33,50,11.017729257146774,5.958431298777907
34,50,5.8799573019852325,1.9049770738438327
35,50,11.08585403305805,11.913330518083768
36,50,6.95246693961115,7.965162000993109
37,50,6.244481828579504,7.775301978499452
38,50,8.1264797481926,4.048627288861709
39,50,0,10.427868971345623
0,55,0.678354837731656,2.75560404458333
1,55,1.5278555743994482,6.76200289196344
2,55,6.486062553572523,6.3848878025098665
3,55,8.266241354587798,3.837462272244044
4,55,10.400847010626059,10.307743474160871
5,55,7.070635166276776,11.143427421423494
6,55,5.012687763360368,8.826217255612834
7,55,9.725473080043772,2.9629166211447835
8,55,4.475466070400742,0
9,55,4.352597509788103,2.833662828702169
10,55,1.2953133026942354,5.542791030687036
11,55,6.313041485722829,6.737556506229659
12,55,11.850073820413812,2.208647784360181
13,55,4.367631960276621,1.366707733634484
14,55,5.878639113604882,3.674512842133002
15,55,0.34425648711152823,4.862797301011131
16,55,6.865607397907629,4.483606251482611
17,55,4.631342556381141,5.817586611937264
18,55,5.140011330254559,5.609312918192483
19,55,7.239120247787345,1.9477377363296233
20,55,12,10.37158172013778
21,55,8.324844487607981,8.041495040472027
22,55,6.929845773564892,4.548943832676814
23,55,6.886355528831226,12
24,55,12,7.563021646344241
25,55,11.713045358878013,5.791386553504389
26,55,12,0
27,55,7.261562820616425,8.939903810332275
28,55,0.6177755503668912,8.289736085454303
29,55,6.540311897219263,7.033683568321857
30,55,0,7.127141450257568
31,55,0,8.166896336231133
32,55,3.715056588478893,4.894607032770569
33,55,11.027387790791654,5.938377828236035
34,55,5.872177346006387,1.8983245064492134
35,55,11.040299218019822,11.90903038875433
36,55,6.946923276438137,7.960165775341338
37,55,6.141631783829115,7.873793642005239
38,55,8.20565010495102,4.030119046044373
39,55,0,10.334929966492105
0,60,0.6680856129920804,2.74770231328264
1,60,1.5534415196648068,6.751113341490224
2,60,6.441509250421558,6.424207087037724
3,60,8.290539528392978,3.9377073406105207
4,60,10.351627948116818,10.330903939292119
5,60,6.9736173478785055,11.055815491790344
6,60,5.003689727182423,8.805983370757534
7,60,9.671712173202664,2.955194642741728
8,60,4.458629672241624,0
9,60,4.372562224234576,2.8871053027164804
10,60,1.3272859458896824,5.598284382646491
11,60,6.228703760944101,6.703553045816715
12,60,11.83030582399325,2.240960860491713
13,60,4.408023107552775,1.3028621662609903
14,60,5.897918674089859,3.7183287588294522
15,60,0.3163956961592014,4.872100023285211
16,60,6.8566488359237265,4.511255289263921
17,60,4.6862925704628795,5.889097505518181
18,60,5.043958630341487,5.544217867518139
19,60,7.154826916396257,1.974068842144577
20,60,12,10.384885994421992
21,60,8.35410501898409,8.047985461355264
22,60,7.049479199789103,4.620796314338951
23,60,6.7854986967116995,12
24,60,12,7.484418977189345
25,60,11.693222353631194,5.776806153439377
26,60,12,0
27,60,7.147396801614254,9.089382737662914
28,60,0.6794738406986515,8.217182804229903
29,60,6.565565526525519,7.036258524091214
30,60,0,7.080938157156677
31,60,0,8.175546138060646
32,60,3.619109776299964,4.882571339073243
33,60,11.031938545719097,5.929261770234767
34,60,5.8676544181534345,1.89462217712125
35,60,10.987147467907592,11.904329058703999
36,60,6.949994983656698,7.962766616302786
37,60,6.026884965725768,7.983745184222474
38,60,8.271096555039133,4.013617285626873
39,60,0,10.240684839784931
0,65,0.6897999934497212,2.7632489701878895
1,65,1.5792094874370732,6.739964148872473
2,65,6.399965767270544,6.461207297154507
3,65,8.313888002589811,4.040646887523493
4,65,10.303574540367348,10.355313783243538
5,65,6.8781173114133916,10.97067853838945
6,65,4.979747986811998,8.756561066066512
7,65,9.615593201562303,2.9473118859593477
8,65,4.442224460506797,0
9,65,4.389503702713627,2.93202537737996
10,65,1.3549035845672832,5.645065877948067
11,65,6.140483819658734,6.668698982238322
12,65,11.818548754256206,2.260338403335481
13,65,4.454585559691285,1.2286703922187066
14,65,5.91326416826011,3.754083170763851
15,65,0.29660897986227674,4.879011113676178
16,65,6.854127873440189,4.519223955116462
17,65,4.724227478123603,5.936212873163664
18,65,4.9486833754277155,5.4772425138000544
19,65,7.064151889110979,2.0029981775608237
20,65,12,10.401606208536762
21,65,8.379367939310141,8.053156755692024
22,65,7.189704069989032,4.700790494663525
23,65,6.677887384345365,12
24,65,12,7.436070179708692
25,65,11.67298481774565,5.761884090268128
26,65,12,0
27,65,7.027586104841524,9.248121733266718
28,65,0.744805568578876,8.140070275330736
29,65,6.612072042215198,7.03997290838829
30,65,0,7.035186074020208
31,65,0,8.181807795198477
32,65,3.4980451441086085,4.87082572064095
33,65,11.039006569208814,5.91521773803672
34,65,5.865300257381267,1.892749513473104
35,65,10.90433583118847,11.895991579075933
36,65,6.966936323701625,7.9765916149695
37,65,5.915543455853046,8.093414871832643
38,65,8.343643161573272,3.994979054850834
39,65,0,10.165729615461517
0,70,0.7109537275004506,2.7782154512135837
1,70,1.5951581081176094,6.73264272022493
2,70,6.367093032824271,6.4893082287690556
3,70,8.345684993392442,4.161329849954485
4,70,10.258220058795569,10.378799615020084
5,70,6.763957133736008,10.868833253148104
6,70,4.950531315832742,8.698487073759464
7,70,9.579956619658311,2.9431603750439006
8,70,4.427872136323135,0
9,70,4.411245004461953,2.989854436052459
10,70,1.3753078004240362,5.677716307558491
11,70,6.056080862933152,6.636005605347802
12,70,11.80030304056589,2.2887454245980168
13,70,4.503829076698658,1.15476538293222
14,70,5.94072154220617,3.816888571223256
15,70,0.252674495957941,4.894517403023552
16,70,6.850561494671714,4.531549570623926
17,70,4.7664261613652075,5.988224419167975
18,70,4.830112246681454,5.394689456550618
19,70,7.04358855807538,1.939477919428882
20,70,12,10.416594001175131
21,70,8.389495393715102,8.0555011330756
22,70,7.333045255499841,4.78442603854442
23,70,6.564677658120829,12
24,70,12,7.377204145705175
25,70,11.643406326428485,5.7410975699608295
26,70,12,0
27,70,6.906587874559385,9.412843168084487
28,70,0.8232710666399113,8.046034027565172
29,70,6.651757142564306,7.04315963767387
30,70,0,6.996330036535204
31,70,0,8.187355886020471
32,70,3.3962115731412714,4.862599803325379
33,70,11.040953355285076,5.9112896773270664
34,70,5.8571741182030355,1.8864232482883145
35,70,10.81872356176797,11.887837276100731
36,70,6.988206417958843,7.993253525781782
37,70,5.808719520735277,8.199948837263493
38,70,8.414817835726778,3.9776024980403535
39,70,0,10.059447529281993
0,75,0.740691117283743,2.7988617565296585
1,75,1.632609715537563,6.714960089992169
2,75,6.338651347630252,6.513547915120301
3,75,8.377022961304887,4.273687250765545
4,75,10.21345568963742,10.401484633622976
5,75,6.646506051558669,10.761568642148989
6,75,4.9133928660795325,8.619861597304341
7,75,9.55150409601828,2.9401137685210035
8,75,4.413564744310021,0
9,75,4.431462864560189,3.047785554472321
10,75,1.3926268501749302,5.705677347024035
11,75,5.960592641654001,6.601045022268366
12,75,11.764204214316925,2.3405317303095834
13,75,4.542611960476093,1.0923586047605003
14,75,5.976127626616567,3.8932126215192677
15,75,0.1798204326851923,4.920972212677681
16,75,6.844683283067845,4.550095147428005
17,75,4.8022999915559845,6.034273106512851
18,75,4.703001693014451,5.302218637898308
19,75,7.0199677223048615,1.8698980955146745
20,75,12,10.42857531531685
21,75,8.396141032043273,8.057000351065675
22,75,7.465688671557644,4.862276774269051
23,75,6.423526793588078,12
24,75,12,7.317732806113292
25,75,11.628926823025852,5.7305870608711045
26,75,12,0
27,75,6.78087474756244,9.579016570961842
28,75,0.9046477690378418,7.947499082800069
29,75,6.691645343482719,7.046598522839065
30,75,0,6.9555984124617485
31,75,0,8.19197146419688
32,75,3.2895176748225694,4.852794639121078
33,75,11.043552216308711,5.905985692592729
34,75,5.8550171072296875,1.8847856503025922
35,75,10.743317526804317,11.87906964899718
36,75,6.998941764608194,8.001909348383023
37,75,5.726726407206261,8.280124768947667
38,75,8.498826372999458,3.95638201734568
39,75,0,9.93779958200145
0,80,0.745630856770033,2.802344520002069
1,80,1.6708205458807615,6.697084299721085
2,80,6.292479020346808,6.555215435950039
3,80,8.402821554687327,4.367739947676373
4,80,10.167995491588487,10.425455590826756
5,80,6.534880121074242,10.877141132641263
6,80,4.884037351947551,8.561025963589284
7,80,9.51177447378706,2.936511997257465
8,80,4.396785253807243,0
9,80,4.44225185168206,3.0826255053989122
10,80,1.4128879077772147,5.737970325424425
11,80,5.846968454144317,6.560634879024894
12,80,11.729794041169134,2.389456265009152
13,80,4.587807437711809,1.016478931334655
14,80,6.073387038478439,3.847424447873143
15,80,0.13115868038269154,4.937391113676097
16,80,6.836797912071508,4.572408606920967
17,80,4.746929544065048,6.077541695652329
18,80,4.586834261256362,5.218774389303311
19,80,6.999407774859409,1.8068914795688276
20,80,12,10.437479265057897
21,80,8.400419876874127,8.058098140237236
22,80,7.598097640521243,4.937200641971492
23,80,6.309436098408138,12
24,80,12,7.2431650612190674
25,80,11.588160821257802,5.700646211118336
26,80,12,0
27,80,6.659704575593495,9.738298516437737
28,80,0.9957517642455307,7.826120634291294
29,80,6.735505965846141,7.0501866671618645
30,80,0,6.906133446566055
31,80,0,8.195406293301197
32,80,3.1808473931563377,4.840923538816874
33,80,11.036480924416521,5.919065111136537
34,80,5.860037184053803,1.8888247755261947
35,80,10.670430424609808,11.871271651714544
36,80,7.015200603016445,8.015636950729037
37,80,5.649026343281173,8.357246440387925
38,80,8.584100132813079,3.933478403937303
39,80,0,9.825131989586712
0,85,0.7464193777830836,2.802882931167965
1,85,1.7090786017628592,6.680138853659173
2,85,6.244214375132772,6.598559289756325
3,85,8.423280195068552,4.447938153204849
4,85,10.122667040951276,10.450349017153782
5,85,6.430680836568094,10.985680428378593
6,85,4.849564396643662,8.494847874129622
7,85,9.485217541695906,2.9346066101123913
8,85,4.377591566175594,0
9,85,4.451667410123732,3.1144242868606633
10,85,1.4333628974853332,5.769474139075932
11,85,5.731393587103664,6.520502156727255
12,85,11.703536284385713,2.427307306774193
13,85,4.621575168133163,0.9592543299440436
14,85,6.024379894365535,3.748676282931848
15,85,0.08695259389147711,4.953468493533566
16,85,6.825389119704605,4.603053746146688
17,85,4.692678624232148,6.118800251457922
18,85,4.491083821509204,5.150468601798712
19,85,6.9812812574549685,1.7495458370928256
20,85,12,10.442199913706647
21,85,8.421255894881613,8.063340561057279
22,85,7.730995968247309,5.011538076649801
23,85,6.208569093792063,12
24,85,12,7.162428121630248
25,85,11.539301943211676,5.6641570187848895
26,85,12,0
27,85,6.5329188889426835,9.899068557308535
28,85,1.0749505501020333,7.710543631687478
29,85,6.770160927991047,7.052209158066493
30,85,0,6.8431689856544065
31,85,0,8.196064839282252
32,85,3.0732533843349352,4.8317363264341795
33,85,11.03889212649178,5.914659803133044
34,85,5.878135941910968,1.9036642391949745
35,85,10.620613029831052,11.865711768210481
36,85,7.04151285194452,8.037620221719498
37,85,5.552911563549897,8.454626942554752
38,85,8.697640459425038,3.903052439943836
39,85,0,9.718547678409434
0,90,0.7492873659537101,2.8048101479222223
1,90,1.7553987172827226,6.659705892919795
2,90,6.197523262945307,6.644678075345688
3,90,8.450071679964658,4.55375568987674
4,90,10.057573812913555,10.483487481725836
5,90,6.336618715498269,11.085873318309442
6,90,4.817184228988747,8.432789785427046
7,90,9.448357331049804,2.9308441785764563
8,90,4.356140484761852,0
9,90,4.462109654985107,3.149671165539025
10,90,1.4798234852957588,5.837053917057134
11,90,5.590370156648744,6.472286520134317
12,90,11.667801203512873,2.4798784328006254
13,90,4.656456641712949,0.9024628808981847
14,90,5.976805650546868,3.653857627950296
15,90,0.0376135835734289,4.969962213096296
16,90,6.814227024605228,4.633306158130406
17,90,4.6558214515754885,6.148336869327738
18,90,4.4058963891798175,5.089593358642139
19,90,6.965644213442938,1.7036884136023158
20,90,12,10.468624144701904
21,90,8.439786338656816,8.068447608745043
22,90,7.796574975600284,4.890510073782968
23,90,6.105864500070902,12
24,90,12,7.076469148105689
25,90,11.477646892671915,5.619375394863551
26,90,12,0
27,90,6.417528609282169,10.046847289927245
28,90,1.1609667927107479,7.590296725952139
29,90,6.79849333631809,7.053628184126439
30,90,0,6.7825411671845615
31,90,0.012928851101343385,8.193839843277736
32,90,2.9477158326252058,4.819567306955669
33,90,11.037846652768255,5.916497897782763
34,90,5.88500940960833,1.9091113525543257
35,90,10.568412417824943,11.860565319032691
36,90,7.069912358334812,8.062148569081842
37,90,5.4556231793081045,8.54813818087054
38,90,8.8004074766663,3.8753909240207864
39,90,0,9.624119667442997
0,95,0.7681181041122399,2.8176773836281117
1,95,1.7959429909497229,6.641953711146994
2,95,6.157236079993104,6.683900899171473
3,95,8.479162990210813,4.667502241153283
4,95,10.023566147647704,10.501478334623473
5,95,6.248950391344184,11.178805275775762
6,95,4.78919047662065,8.38082307424972
7,95,9.445349340165443,2.967029301939544
8,95,4.338573870694038,0
9,95,4.4745780974649945,3.192642342771537
10,95,1.5258222992478234,5.903100156261178
11,95,5.454294835465738,6.4266285834358845
12,95,11.627020939048888,2.540379335854273
13,95,4.699902101794004,0.8307852074351171
14,95,5.926208075361693,3.5534712310250924
15,95,0,4.9903538691829326
16,95,6.802622520813427,4.665615423390663
17,95,4.618024733485496,6.177887126943708
18,95,4.323091966835008,5.028717490647902
19,95,6.959212132884678,1.6845200330956631
20,95,12,10.482252555480873
21,95,8.468207987008096,8.076618037439443
22,95,7.861578733396066,4.7671862723188125
23,95,5.996844684569923,12
24,95,12,6.991183600063328
25,95,11.443470124231578,5.5946533874807525
26,95,12,0
27,95,6.306880672366228,10.190772276414473
28,95,1.2426454163845886,7.471258816764343
29,95,6.813565595875564,7.054521418163445
30,95,0,6.727302274837174
31,95,0.03476372014465582,8.190323535104746
32,95,2.820762011650382,4.811811931018501
33,95,11.051217128314866,5.893831142788399
34,95,5.877897537625381,1.903628648372112
35,95,10.531655283087442,11.857105858518329
36,95,7.115479723315477,8.101074464303533
37,95,5.358910037921771,8.639742524767327
38,95,8.887392220113187,3.851926112096028
39,95,0,9.528643992382625
0,100,0.8100655503635614,2.845676946611063
1,100,1.8478701887680309,6.620604949774222
2,100,6.1160225987299395,6.724379979747836
3,100,8.510967960957007,4.792460021423487
4,100,9.984102285510572,10.520017620774688
5,100,6.156075200962297,11.279392760369149
6,100,4.755731804117155,8.317418434172481
7,100,9.441428734063138,3.0141081426962613
8,100,4.322276284604608,0
9,100,4.490472813289246,3.2451223906173485
10,100,1.5753014765019484,5.971058690303124
11,100,5.313372851098774,6.3781031686134995
12,100,11.576780597430433,2.6140442303787523
13,100,4.73498443431604,0.7739648164461368
14,100,5.869266700833438,3.4484124987554603
15,100,0,5.012245955052633
16,100,6.796426907674336,4.681977931182893
17,100,4.567480338619916,6.218616793865276
18,100,4.228199908618707,4.959390372173484
19,100,6.960361672918806,1.6881032846167008
20,100,12,10.495051603278604
21,100,8.507499532264628,8.08822923267177
22,100,7.93192112776283,4.636672896305157
23,100,5.856251862523942,12
24,100,12,6.910216247824228
25,100,11.426328453060911,5.581042233691263
26,100,12,0
27,100,6.184604299209152,10.352811617924749
28,100,1.310638919423527,7.373019491694635
29,100,6.813993872271246,7.054549408174162
30,100,0,6.667920940773929
31,100,0.056201932998990414,8.187996963642124
32,100,2.691962591918178,4.805347124707905
33,100,11.056354252298796,5.884973212415309
34,100,5.867534661520701,1.895452582453877
35,100,10.490836917979149,11.852981979573848
36,100,7.182568162834239,8.155930124696749
37,100,5.256697816279959,8.732195221671434
38,100,8.970520879981114,3.832131328469114
39,100,0,9.444872742729054
0,105,0.8442503174316646,2.870321783776299
1,105,1.8900694252808545,6.602803945224287
2,105,6.071685756788547,6.7676071900948145
3,105,8.539466095897911,4.916356017452725
4,105,9.938870204878869,10.541448163588639
5,105,6.056774393461128,11.389958474261599
6,105,4.7210608035163855,8.249807401449633
7,105,9.435489765226274,3.07666572132666
8,105,4.305348720021072,0
9,105,4.505258196273664,3.2946866276650018
10,105,1.6219806118210194,6.035827193004097
11,105,5.169041458166848,6.322481538271466
12,105,11.537872848400797,2.6735384612967446
13,105,4.775664264709496,0.7075865495396112
14,105,5.8172402541743935,3.3524349632475507
15,105,0,5.027143192548927
16,105,6.793918701398269,4.689019955153782
17,105,4.517450649750874,6.258518373797685
18,105,4.128026998485618,4.885596968800247
19,105,6.961304620242155,1.6908024045386432
20,105,12,10.510535128490096
21,105,8.540726518999724,8.098741355338417
22,105,8.012775908685363,4.4953571001010895
23,105,5.704111882710682,12
24,105,12,6.826470112232096
25,105,11.408933594405838,5.567199669294906
26,105,12,0
27,105,6.061383760126872,10.517833963422824
28,105,1.3826288930030532,7.267496115640143
29,105,6.801413868340739,7.053592938608207
30,105,0,6.5990913741944395
31,105,0.057340642732582256,8.18788517650883
32,105,2.5516984928121276,4.796787867628451
33,105,11.05042506710051,5.8951689751769205
34,105,5.848325307411563,1.8800338442974238
35,105,10.456640806754644,11.850583970297667
36,105,7.251644201958821,8.213046191314849
37,105,5.158488877488208,8.8285117429322
38,105,9.050355387359522,3.816347390164952
39,105,0,9.358519011314572
0,110,0.8774814346636768,2.8946180224937414
1,110,1.9473042375690044,6.578277104192305
2,110,6.022299786803917,6.81719597745398
3,110,8.573196887135131,5.0595658207132965
4,110,9.867271867774166,10.574446898153164
5,110,5.940953617638923,11.522856297936858
6,110,4.681149656027373,8.174346322870072
7,110,9.42666997570636,3.148796542306507
8,110,4.291829186963309,0
9,110,4.513276228052928,3.3220983160113096
10,110,1.666510368060593,6.097424071585029
11,110,5.054073298431292,6.277706046620745
12,110,11.499716878902632,2.73276014490882
13,110,4.810542154222659,0.6452927633581773
14,110,5.764517537186303,3.254826095250702
15,110,0,5.045923918241926
16,110,6.792261158658526,4.6937123372405445
17,110,4.462469622101824,6.303140036588646
18,110,4.0391118199307945,4.820234584002737
19,110,6.9632044171482255,1.6962616887192126
20,110,12,10.517207119291754
21,110,8.549450522351101,8.101384779812914
22,110,8.09915376224515,4.344066789046565
23,110,5.550378238008045,12
24,110,12,6.738061029151593
25,110,11.396296938496498,5.557792516088161
26,110,12,0
27,110,5.946615377949646,10.674382493378872
28,110,1.4439769709944306,7.175316977027452
29,110,6.8035326444815984,7.053781977484133
30,110,0,6.511475146124524
31,110,0.0586118069147023,8.187761031716988
32,110,2.4241366761288257,4.790220693325473
33,110,11.03679566709612,5.918700768048446
34,110,5.848644475926935,1.880293066943965
35,110,10.425888790574142,11.849019350892604
36,110,7.327850863400436,8.276796813283397
37,110,5.056360283440789,8.935038396755642
38,110,9.128329932662679,3.800697217778457
39,110,0,9.251298244309776
0,115,0.8919328728181736,2.9052421110483584
1,115,1.9161385432245233,6.507467465475856
2,115,5.9719590092995976,6.867841950300516
3,115,8.606919781749696,5.201065604415876
4,115,9.804588585599356,10.60559170136427
5,115,5.8292507554208095,11.661018763637642
6,115,4.637705150311913,8.087719046673042
7,115,9.417216877345219,3.2242870913493933
8,115,4.273648274816272,0
9,115,4.520968232991402,3.3491929471251307
10,115,1.7132888113402125,6.166187867548789
11,115,4.91433132628415,6.224414785607194
12,115,11.450123733279446,2.806782879303049
13,115,4.848173764361686,0.5753050262619899
14,115,5.721059789958509,3.1748906156593217
15,115,0,5.0641228530208915
16,115,6.781719842127205,4.724412352733965
17,115,4.416875552294913,6.343482387393022
18,115,3.959914949483934,4.760401937094617
19,115,6.967076386361453,1.7082626540177315
20,115,11.992044479376528,10.507005510621754
21,115,8.567387950188492,8.106439071356009
22,115,8.18120184192054,4.210461889385675
23,115,5.389862807896486,12
24,115,12,6.655772538005894
25,115,11.377556975730466,5.543914193456547
26,115,12,0
27,115,5.8427463707645755,10.820264710886198
28,115,1.5142838128119007,7.076566464050901
29,115,6.791156723329079,7.052723004131305
30,115,0,6.431990828902528
31,115,0.043089046693334646,8.189996259492982
32,115,2.318466916575569,4.78720922543731
33,115,11.011537024339956,5.962502604381209
34,115,5.858428521460437,1.8883205771778941
35,115,10.398760813792038,11.84779140298561
36,115,7.406762822855577,8.340485318349273
37,115,4.957930184238481,9.039966229720013
38,115,9.224170981128557,3.7804181347296653
39,115,0,9.157840808904036
0,120,0.9246113876318178,2.9295241939026737
1,120,1.885829278325984,6.439837246014075
2,120,5.930869364531262,6.910236054407466
3,120,8.640511380576951,5.339232292314735
4,120,9.76724478903766,10.623585476402688
5,120,5.7129479111979675,11.804536588586938
6,120,4.587410499416813,7.985753019375775
7,120,9.406719944060958,3.309817751215278
8,120,4.255899615875239,0
9,120,4.529712866448883,3.3786769529336067
10,120,1.7631468790666605,6.239814495512113
11,120,4.76430338467561,6.171794342668396
12,120,11.39849654903919,2.8787463934009394
13,120,4.883420841454869,0.5079554918536439
14,120,5.676638768163292,3.086838686338989
15,120,0,5.080599994869471
16,120,6.773538227323868,4.748498267392369
17,120,4.390560943046172,6.367840167215864
18,120,3.894543087151182,4.711051136561679
19,120,6.97437212296536,1.7284614561649672
20,120,11.979404370779356,10.490794036295508
21,120,8.57334220402306,8.108078069405256
22,120,8.263341991198844,4.0771994933424045
23,120,5.233702744747951,12
24,120,12,6.5767108781350965
25,120,11.345564256644,5.519711683647486
26,120,12,0
27,120,5.721499280410571,10.979188636699547
28,120,1.5616529099719507,7.0115834238031685
29,120,6.782713983500037,7.051979327873945
30,120,0,6.365855785405937
31,120,0.025507080398643727,8.192242067363843
32,120,2.2134099747350664,4.785009551639116
33,120,10.99578955764378,5.987883380936795
34,120,5.871804282667885,1.8994354077463973
35,120,10.35680570765264,11.845674524157007
36,120,7.499995652680793,8.418250706670129
37,120,4.847680621867238,8.93423884647131
38,120,9.329763151313948,3.75789712973667
39,120,0,9.075174569248043
0,125,0.9652229125562487,2.960147895095625
1,125,1.8562999667294522,6.376665600771869
2,125,5.885596111811927,6.9569591595194
3,125,8.677114531750814,5.4813743638405015
4,125,9.735490075849764,10.63838891270353
5,125,5.589289692880562,11.950934658863238
6,125,4.527687264316699,7.86374716081686
7,125,9.395128310464838,3.3883070238404067
8,125,4.2379849158892,0
9,125,4.534651088707508,3.396086693059818
10,125,1.8215603005580536,6.3261241401250246
11,125,4.620765880422212,6.1235286542562815
12,125,11.335337328902437,2.967189357986007
13,125,4.919813095588418,0.4408334123862113
14,125,5.629260050648854,2.9931960424723085
15,125,0,5.091319874124562
16,125,6.768961330252627,4.76121026800506
17,125,4.3931794101743495,6.3654155075363885
18,125,3.8437374013486694,4.672606161301966
19,125,6.97499098563781,1.7301126983866
20,125,11.95478452753244,10.458788505781495
21,125,8.572309876881459,8.1077822122956
22,125,8.339284077180187,3.95841671149327
23,125,5.078527115681305,12
24,125,12,6.49230642790936
25,125,11.334153891999952,5.511034495111713
26,125,12,0
27,125,5.602939702036585,11.138806521420733
28,125,1.5983178022883964,6.960973192868118
29,125,6.774342592477271,7.05131036668841
30,125,0,6.297081093393412
31,125,0,8.19709651519954
32,125,2.1047716003062353,4.782105202930166
33,125,10.976614045871907,6.020881286295604
34,125,5.8838158921110075,1.9100744723499383
35,125,10.304705618481433,11.841820688351142
36,125,7.585868131215336,8.493067352621418
37,125,4.744914162455112,8.836906163617057
38,125,9.430222097297861,3.734276480488132
39,125,0,8.971836339315622
0,130,1.011515192346995,2.994876132213572
1,130,1.8331311898533125,6.325313884538157
2,130,5.8431254485339394,7.000221777189804
3,130,8.718729254816923,5.629037911582913
4,130,9.710813229649585,10.649871674435262
5,130,5.461756973435116,12
6,130,4.462840503906208,7.738128391415021
7,130,9.38649606144551,3.446953345603628
8,130,4.217586130606827,0
9,130,4.540001249422651,3.413809958345009
10,130,1.875198045051337,6.399643153018394
11,130,4.477894730052369,6.068165920988622
12,130,11.25834763332808,3.0696816446084165
13,130,4.953982010235786,0.38106561200447964
14,130,5.584611167731864,2.9024997446020997
15,130,0,5.100716146254509
16,130,6.76490190459089,4.773153341750875
17,130,4.395822137981699,6.363104837807463
18,130,3.7956728657938483,4.63497554293415
19,130,6.975904152669652,1.7325456097484504
20,130,11.931124093624652,10.428599031863872
21,130,8.595017487185386,8.114652750794214
22,130,8.425015510516657,3.8241558524575723
23,130,4.909115187162743,12
24,130,12,6.423455904951401
25,130,11.323652723032215,5.502677150782998
26,130,12,0
27,130,5.493534558422509,11.294619399446127
28,130,1.6242540685996345,6.924597657913181
29,130,6.732854603297167,7.0474260380333185
30,130,0,6.249812047816504
31,130,0,8.201687795030702
32,130,2.005449344052722,4.779785384472741
33,130,10.956912374086674,6.056873131891152
34,130,5.902850414264475,1.9265209922139177
35,130,10.308925248566204,11.793525869129947
36,130,7.6707592966126334,8.564512906095272
37,130,4.640715994122339,8.737276614452574
38,130,9.530860679119161,3.7107327104323393
39,130,0,8.871169195190493
0,135,1.085873031440126,3.049148184507497
1,135,1.8061688446639264,6.263931888586031
2,135,5.7968783925821565,7.050681856924433
3,135,8.76223696082713,5.783915860310961
4,135,9.677285449430626,10.664766891973068
5,135,5.32129974264506,12
6,135,4.399901370401578,7.615718636021917
7,135,9.37868565053025,3.492609674287757
8,135,4.196299441389032,0
9,135,4.53852954635264,3.409172877260423
10,135,1.9430993951638669,6.491513812304033
11,135,4.317683732181823,6.008288183186611
12,135,11.18876597616362,3.158453922851832
13,135,4.97858334645575,0.3398200366986582
14,135,5.536459934713503,2.8004734733620182
15,135,0,5.101357004125591
16,135,6.761022050995349,4.785196171970331
17,135,4.398102282006566,6.365726444269868
18,135,3.7558907908154713,4.603662691326684
19,135,6.977093205643605,1.7356367432296573
20,135,11.904899883519295,10.394950422144081
21,135,8.613950392972955,8.11993403191364
22,135,8.501792706187693,3.696537889666815
23,135,4.736529903406553,12
24,135,12,6.349386210531314
25,135,11.328511036983652,5.506512526733267
26,135,12,0
27,135,5.398285805574216,11.437312478943271
28,135,1.6426220999492096,6.898293376255776
29,135,6.701047990254605,7.044793901544819
30,135,0,6.211784181601469
31,135,0,8.205526702564532
32,135,1.8944787453462397,4.778365975993756
33,135,10.94032427808422,6.087933674535861
34,135,5.932044656512398,1.9513984558150828
35,135,10.311221323056634,11.751906929423575
36,135,7.750601087165359,8.63184493433591
37,135,4.538679204023803,8.63623424279429
38,135,9.636740842029845,3.6856353989872375
39,135,0,8.764397445110292
0,140,1.1652332924416537,3.1098814927186527
1,140,1.781494750627664,6.2089593170963635
2,140,5.743263706950677,7.109067647406857
3,140,8.80814372464717,5.949531731553834
4,140,9.633425689191832,10.683665820473257
5,140,5.185995209094922,12
6,140,4.332165895014363,7.480519348386979
7,140,9.368807768386239,3.546218181379519
8,140,4.175786203697538,0
9,140,4.529056372863909,3.3813607296937227
10,140,2.0143071534271138,6.583116739527185
11,140,4.178946868627231,5.958707670874343
12,140,11.122008103301802,3.2451840761948185
13,140,5.014871129906784,0.27998634881428286
14,140,5.493050818519584,2.702609546210236
15,140,0,5.104707501449184
16,140,6.757726998667496,4.795507097834904
17,140,4.395390427334098,6.362527106966203
18,140,3.7163685330893577,4.574557389908842
19,140,6.982711519836064,1.7488235908100138
20,140,11.888233016061674,10.373480842800893
21,140,8.646626997854517,8.128465700732537
22,140,8.577262305060515,3.575118609496846
23,140,4.561933641759309,12
24,140,12,6.283198872547345
25,140,11.324283521576307,5.50305712860335
26,140,12,0
27,140,5.314623962323313,11.567126945816687
28,140,1.6698879084128617,6.860568681014765
29,140,6.676139804391285,7.0428250191069885
30,140,0,6.174795370283866
31,140,0,8.207393116012007
32,140,1.770226373194975,4.776069442949655
33,140,10.914340192113011,6.135959184713897
34,140,5.959272562928909,1.9740825201278862
35,140,10.314381178107046,11.694002927843862
36,140,7.850220079660911,8.718181124025422
37,140,4.438564096654915,8.539584243364414
38,140,9.728300071325272,3.664387674079345
39,140,0,8.655991631305783
0,145,1.2328594842371847,3.159419151678331
1,145,1.7600806044824358,6.158303129545013
2,145,5.6957995696177806,7.158875938837635
3,145,8.849783728803022,6.105501069920142
4,145,9.597587954889761,10.698030852406786
5,145,5.059247337064752,12
6,145,4.271208596330656,7.3575463091399715
7,145,9.353383774969531,3.623007395742113
8,145,4.152094031127025,0
9,145,4.51965952225697,3.3543213672716723
10,145,2.094096521926235,6.687267916719996
11,145,4.028305333434663,5.905713354438472
12,145,11.049334018970093,3.344664047260215
13,145,5.048975569110558,0.2282049766991589
14,145,5.443258541017132,2.5839510051633607
15,145,0,5.1056868854530775
16,145,6.75362534367727,4.807692093681081
17,145,4.397573422692162,6.365079719853321
18,145,3.6783818286350987,4.547434509555986
19,145,6.992260446046419,1.7710283967946714
20,145,11.865282912472834,10.342679341525576
21,145,8.664688141994551,8.133509391120986
22,145,8.644631488688518,3.4579101640012735
23,145,4.353728223135777,12
24,145,12,6.2281995638355845
25,145,11.32870245629257,5.506658598534323
26,145,12,0
27,145,5.210822943662158,11.716720330913967
28,145,1.6920520433101627,6.82670919068235
29,145,6.640038905538677,7.0407066406455225
30,145,0,6.125678370006935
31,145,0,8.209836773843785
32,145,1.6561356262965943,4.774818140225167
33,145,10.89703291508379,6.168050437521419
34,145,6.016228802204699,2.022574427896489
35,145,10.318443041994433,11.631521814653077
36,145,7.945958061318873,8.79702763869597
37,145,4.3440369025943015,8.448430023492032
38,145,9.828827126621444,3.642283567995999
39,145,0,8.550695482992865
0,150,1.3010666865291403,3.2093683989129476
1,150,1.738798616008865,6.105595859507024
2,150,5.657956185002007,7.19937061496084
3,150,8.88994260509682,6.256066931497054
4,150,9.56512964798032,10.711488091023975
5,150,4.911556461216427,12
6,150,4.209995717366017,7.237315380411764
7,150,9.344662611522308,3.6676260158727576
8,150,4.127323488491282,0
9,150,4.511034195581986,3.3311202986079733
10,150,2.1648434995487333,6.777512799440817
11,150,3.900678931813333,5.861858345257991
12,150,10.978007286778169,3.442692991668802
13,150,5.08350208069284,0.1733813791415065
14,150,5.390206787871204,2.4529864290380763
15,150,0.004128816605233929,5.104030708968821
16,150,6.751459881875641,4.814147100202009
17,150,4.411605933686102,6.382376417539583
18,150,3.6585532395568863,4.532966406327362
19,150,6.999218100292973,1.7867038128210777
20,150,11.830423529126822,10.298232746712952
21,150,8.69885377817405,8.143602154066564
22,150,8.711779323292857,3.3245639336363753
23,150,4.151984439362245,12
24,150,12,6.175402156521259
25,150,11.341541197012486,5.5161362580749485
26,150,12,0
27,150,5.120145994273994,11.844455344661464
28,150,1.6996942296782398,6.815200398704491
29,150,6.604199821424116,7.038626768708687
30,150,0,6.077397811497319
31,150,0,8.210987494746249
32,150,1.5500797871015766,4.7759794369790605
33,150,10.881204598186956,6.1977976609527206
34,150,6.061799004052965,2.0629747103280898
35,150,10.321725139807045,11.570836133540773
36,150,8.041504029636588,8.869433150394581
37,150,4.253473181151131,8.361880740163896
38,150,9.904077148876956,3.6256250627684774
39,150,0,8.456333590050278
0,155,1.3610288107354367,3.252083298180136
1,155,1.7167433431856962,6.0500437321144585
2,155,5.613115048848707,7.248879672571781
3,155,8.92932580277925,6.401928111975382
4,155,9.539420245631947,10.721873135773535
5,155,4.760352524662214,12
6,155,4.1487539914071005,7.117359568271651
7,155,9.341481168246627,3.6851662130016587
8,155,4.1040073664014844,0
9,155,4.503816056726193,3.3116416634298336
10,155,2.2380072998218457,6.869948675703649
11,155,3.7509676408470853,5.812413079724514
12,155,10.905215374361743,3.5405646023901753
13,155,5.11907649593516,0.11932906127037571
14,155,5.338377006986282,2.318563328005876
15,155,0.01888273706417535,5.098108897856225
16,155,6.740867621444337,4.845534150477311
17,155,4.43186892520354,6.407585474931719
18,155,3.631005324875643,4.513770103196658
19,155,6.997710701233715,1.7834301188423214
20,155,11.779768044517697,10.233105029656748
21,155,8.706668983977863,8.145759692671872
22,155,8.769862519539629,3.2097784049205993
23,155,3.952808406981172,12
24,155,12,6.108092275476521
25,155,11.333892492648145,5.510501067463889
26,155,12,0
27,155,5.02574148907157,11.975524690215623
28,155,1.7012729585947195,6.812787544784956
29,155,6.594481234761352,7.038218093928878
30,155,0,6.02786041649341
31,155,0,8.211677471370356
32,155,1.4210951605572122,4.773611223321212
33,155,10.870025606307346,6.219934256301192
34,155,6.1134265069817015,2.10966810036875
35,155,10.325510408217292,11.502757905318608
36,155,8.12928690224777,8.933922717792436
37,155,4.173915435252744,8.286723596039048
38,155,9.981038442239404,3.607790845833575
39,155,0,8.390872915147465
0,160,1.4079695652687798,3.287338304048043
1,160,1.7004413935588965,6.010724244675241
2,160,5.5708942226094145,7.297582858470776
3,160,8.967655604440745,6.561222111549219
4,160,9.51566358660796,10.731247504246259
5,160,4.614358909995588,12
6,160,4.088249347525462,6.996532621558639
7,160,9.338302182891647,3.701743273153846
8,160,4.073261700037574,0
9,160,4.502422211926714,3.307852091818586
10,160,2.3060048352928915,6.960802136336225
11,160,3.5981209235761917,5.763205705245321
12,160,10.823401321674554,3.6459957250119435
13,160,5.148434564195038,0.07686171676159019
14,160,5.288237248992,2.188420059668494
15,160,0.02138846408685836,5.097133843851798
16,160,6.725840448482844,4.889694913445879
17,160,4.448725152328324,6.427406418526351
18,160,3.6054484826812168,4.495883259640766
19,160,7.006737782935199,1.8028295327692339
20,160,11.732374656933578,10.173107817223363
21,160,8.715006844714146,8.148160797408982
22,160,8.823827235054628,3.0960297939345818
23,160,3.74890147288069,12
24,160,12,6.050518186101467
25,160,11.31157129670751,5.493354119727809
26,160,12,0
27,160,5.153820243336838,12
28,160,1.7129393877198535,6.795795537013103
29,160,6.608259690094935,7.03903972663154
30,160,0,5.978208231144632
31,160,0,8.213725092385944
32,160,1.2956444566966339,4.77176035804398
33,160,10.85232448848037,6.256062325418732
34,160,6.157716124436236,2.1514766082049186
35,160,10.328932799441366,11.443209773992725
36,160,8.2044362109524,8.99046223217989
37,160,4.1018062544735,8.22070337919321
38,160,10.061731195822345,3.5919532420018325
39,160,0,8.338298372915318
0,165,1.4429019042542972,3.314562512532118
1,165,1.6855958156204085,5.971972161942148
2,165,5.508559042094841,7.369391969472998
3,165,9.001680511351859,6.717965201082977
4,165,9.489108867956833,10.742123645244561
5,165,4.45012653860718,12
6,165,4.027041123596777,6.877242396483271
7,165,9.339792684726865,3.6934692587221307
8,165,4.0399874287954916,0
9,165,4.502279214230569,3.307490352910848
10,165,2.3720078996676794,7.05081587280126
11,165,3.4386617018685124,5.712206078842284
12,165,10.73236585376322,3.7656665557550384
13,165,5.185192797371958,0.023156357424635322
14,165,5.241562816488376,2.0675646450137597
15,165,0.038192894832893426,5.090509928964753
16,165,6.711167374231111,4.931391030128557
17,165,4.456568896760869,6.4208267341802925
18,165,3.5796614889076457,4.478946324335418
19,165,7.017596827622857,1.8250115242903326
20,165,11.694976440118866,10.123428916421002
21,165,8.738427785399903,8.154821618763535
22,165,8.872332068469069,2.991805076356552
23,165,3.540996484751731,12
24,165,12,5.99437922938098
25,165,11.273746787760455,5.464741559803067
26,165,12,0
27,165,5.274565464785708,12
28,165,1.7348235386755266,6.764940581784766
29,165,6.626172525760962,7.0397585533995235
30,165,0,5.918215249083867
31,165,0.013962722056213753,8.212600637726878
32,165,1.158317214089713,4.76590845994443
33,165,10.829594466517516,6.302769688308565
34,165,6.204622626188287,2.193440554002516
35,165,10.331649379592038,11.39205776857864
36,165,8.274496795512636,9.04020197880736
37,165,4.038350968281897,8.162621288396108
38,165,10.13734486876966,3.5776136665291105
39,165,0,8.269352175828164
0,170,1.4822242373909353,3.3454542352631935
1,170,1.6660621412309582,5.920254778343952
2,170,5.4405716306800915,7.450425231709742
3,170,9.03668068928321,6.870112625331161
4,170,9.480679755956436,10.74602116574755
5,170,4.279287831120765,12
6,170,3.9590961133974307,6.73621904969888
7,170,9.34102434763617,3.68660108517881
8,170,4.011246415951831,0
9,170,4.4962836717483805,3.2938360738565895
10,170,2.436846129268119,7.141055124408194
11,170,3.26244834482929,5.6589735178618925
12,170,10.64469092931955,3.874219043597833
13,170,5.2141669420414685,0
14,170,5.198046543993753,1.950345672423554
15,170,0.058202082818278544,5.083137092764781
16,170,6.697156384695727,4.96829383805123
17,170,4.453268625991828,6.423754910674641
18,170,3.5631934946037114,4.468109207597881
19,170,7.016892214632613,1.8235976309233255
20,170,11.668215180445063,10.088447155905293
21,170,8.774935633968198,8.166136779476009
22,170,8.924013526646915,2.880672444596836
23,170,3.3384515671270636,12
24,170,12,5.942795290032874
25,170,11.240320710685438,5.440388071487089
26,170,12,0
27,170,5.404688222410431,12
28,170,1.7565334714216723,6.735483928580592
29,170,6.630872200769856,7.039968529845793
30,170,0,5.8520205880239935
31,170,0.014155238562338855,8.212586763887401
32,170,1.0434255977942595,4.7636628749679515
33,170,10.809294803758958,6.343801730964186
34,170,6.2528133905108705,2.235730413398773
35,170,10.335540565461203,11.333666906133365
36,170,8.343914772925736,9.089072156572549
37,170,3.9677418580669768,8.095794902547807
38,170,10.183202456059695,3.5701830446559226
39,170,0,8.194971716544197
0,175,1.526925593213155,3.382688182413129
1,175,1.64353454276004,5.865290913298025
2,175,5.374066794627866,7.529739321102939
3,175,9.069242398227107,7.015505098943858
4,175,9.464995172614202,10.753443969083834
5,175,4.11537358357827,12
6,175,3.892307001080352,6.589016152314611
7,175,9.346338275591494,3.659222719443158
8,175,3.9780391341925587,0
9,175,4.492132878619091,3.2842555049798894
10,175,2.4942877187169397,7.21769437292859
11,175,3.094077242345564,5.606151935408849
12,175,10.568382022391972,3.9676666826988933
13,175,5.237407638752662,0
14,175,5.158636607849681,1.8407895075035123
15,175,0.057623552161363195,5.083343503634191
16,175,6.6742405710192445,5.030205347007794
17,175,4.462708795084616,6.41543052314923
18,175,3.557327511050521,4.4644818031286295
19,175,7.013576529782307,1.8170095485068447
20,175,11.646176945354352,10.05961650540503
21,175,8.809400079904124,8.176134956860203
22,175,8.981797303715034,2.751852369564635
23,175,3.1437224435406543,12
24,175,12,5.881975624839476
25,175,11.21222989023998,5.419496621649244
26,175,12,0
27,175,5.5272537513717035,12
28,175,1.7718093965025574,6.714318293185814
29,175,6.628832727958455,7.039843711092277
30,175,0,5.789185014669675
31,175,0.021534655620191485,8.211926230179364
32,175,0.9109259215514941,4.762938270279491
33,175,10.785158546311369,6.393853927009548
34,175,6.3025948698431655,2.2770025706586017
35,175,10.338934605820581,11.288618275776269
36,175,8.418389956167951,9.1415801379692
37,175,3.903167154112058,8.03450850163448
38,175,10.235959803964239,3.5621606838351427
39,175,0,8.128667753233698
0,180,1.5536779116535002,3.4043120194418073
1,180,1.6229674030919106,5.815155365398985
2,180,5.307394869869555,7.608337889930557
3,180,9.096910449966314,7.1438984500440155
4,180,9.430915567607471,10.771940797887838
5,180,3.9450567196264537,12
6,180,3.83703321845369,6.481602572592701
7,180,9.355022069310898,3.6236557814666464
8,180,3.943624558843642,0
9,180,4.486218185083288,3.270192480908356
10,180,2.539360709678635,7.278196582191144
11,180,2.928050297503291,5.553918373820925
12,180,10.488233464777988,4.066321166424992
13,180,5.264462986007108,0
14,180,5.123795721779529,1.7487862140830528
15,180,0.04099912618222284,5.08918877619346
16,180,6.646503015596781,5.111905305231452
17,180,4.457198256153511,6.4203143052064675
18,180,3.539941132993828,4.4534826450275
19,180,7.015623026682654,1.8210692945942324
20,180,11.630495778877032,10.038763756999566
21,180,8.828215695384479,8.181334801387434
22,180,9.039991338192689,2.623925534458072
23,180,2.9396922174203164,12
24,180,12,5.843637552183699
25,180,11.173087798017077,5.389961733539935
26,180,12,0
27,180,5.668866741449979,12
28,180,1.7932673652935822,6.685153380791079
29,180,6.639917531213329,7.041108508769752
30,180,0,5.729093337375071
31,180,0.04505811010396191,8.209896337201917
32,180,0.7730314609606491,4.761416219895146
33,180,10.762249942930438,6.439719193568265
34,180,6.375739849297478,2.3373253266702525
35,180,10.345165006735082,11.225983396641206
36,180,8.477688137404726,9.182961706817322
37,180,3.8475528395173346,7.981688059133297
38,180,10.296489690696012,3.553675731627652
39,180,0,8.060133353309203
0,185,1.5975004096603247,3.440998195816049
1,185,1.5957593144329927,5.752519512028656
2,185,5.24676678304368,7.679558287356344
3,185,9.125734107574175,7.281306888374006
4,185,9.396148534726212,10.791646726070232
5,185,3.7736520435134895,12
6,185,3.779126491726532,6.368451698507291
7,185,9.366744792053801,3.5754778321239744
8,185,3.912336980161795,0
9,185,4.482843577705777,3.262117089009459
10,185,2.5849356222910984,7.336422296091968
11,185,2.7548500997320446,5.501081380548541
12,185,10.416909742800994,4.153029137206012
13,185,5.280063011653085,0
14,185,5.092317590274799,1.669701862030156
15,185,0.03498603262918436,5.091327889900426
16,185,6.613792403252197,5.206855526322475
17,185,4.4495106809238445,6.42707845041001
18,185,3.537706568308546,4.4520145221138705
19,185,7.016025264471597,1.8219437158784544
20,185,11.622000629929422,10.026838282182116
21,185,8.849119158670428,8.187772746476883
22,185,9.085149424793695,2.51436137700029
23,185,2.7445229153546764,12
24,185,12,5.7844840390300325
25,185,11.132600169979135,5.359266071117903
26,185,12,0
27,185,5.795553407146201,12
28,185,1.8146915651003133,6.657298737262015
29,185,6.6193131718349605,7.038775910250129
30,185,0,5.673878090247027
31,185,0.0806666751187219,8.206599694180282
32,185,0.6713597716503558,4.758944478336999
33,185,10.74523282921262,6.474575217721632
34,185,6.457798186846217,2.396900146008771
35,185,10.350887335638834,11.160726141528423
36,185,8.54754521179083,9.229868991152614
37,185,3.798468299750424,7.93536801700944
38,185,10.369350757084613,3.5455948157031765
39,185,0,8.006892741916413
0,190,1.654142989483639,3.4850230087246774
1,190,1.5605255334757584,5.6692739470345455
2,190,5.189764966334001,7.753869398156661
3,190,9.155693963051055,7.427994390665514
4,190,9.421546307995055,10.836016922704626
5,190,3.6008340952196463,12
6,190,3.7259200043707494,6.261220660929221
7,190,9.37739789935964,3.53116238204331
8,190,3.884991013594347,0
9,190,4.478395170925092,3.251741112787807
10,190,2.6086436801315123,7.367685846085751
11,190,2.580631696735102,5.451842844812268
12,190,10.337349468311432,4.254829905032571
13,190,5.3073461489626546,0
14,190,5.057034814280726,1.5738371134302496
15,190,0.042778111708161065,5.0885746852443114
16,190,6.586656596730778,5.286415524808423
17,190,4.450721323550542,6.4260462150504845
18,190,3.5257164675999593,4.444397305023398
19,190,7.013544879337806,1.8164550238158779
20,190,11.611620746015019,10.013047498181894
21,190,8.87824841589957,8.196307059145486
22,190,9.13373279824907,2.39175245575596
23,190,2.556727193240811,12
24,190,12,5.725359153839394
25,190,11.101627339829875,5.33620249382992
26,190,12,0
27,190,5.926619427652002,12
28,190,1.830534829513098,6.636782117213088
29,190,6.597693192607852,7.0363998748900825
30,190,0,5.616282889380653
31,190,0.10745677747306531,8.204612689173894
32,190,0.5829705416230854,4.757255808304098
33,190,10.72791948427892,6.510847892053632
34,190,6.55348080693434,2.4645108456547784
35,190,10.357683840856055,11.078022235561178
36,190,8.603918947383239,9.26838975729406
37,190,3.7444041687522502,7.881753019845149
38,190,10.430620125664783,3.5411469651684744
39,190,0,7.955033142122736
0,195,1.7084092504857322,3.5273928469698195
1,195,1.526253698772027,5.592066843235179
2,195,5.142571011270294,7.81928213237572
3,195,9.190279676718623,7.571614377488698
4,195,9.449677502369273,10.88392139873725
5,195,3.43119457149615,12
6,195,3.6726708118965585,6.15562958171689
7,195,9.389795516287865,3.479160338263095
8,195,3.853281472855558,0
9,195,4.475741215461521,3.2453507689737817
10,195,2.618982845952607,7.3812550298215855
11,195,2.3976903468722055,5.402429035330202
12,195,10.261284167243923,4.348729578717251
13,195,5.340576103042337,0
14,195,5.022401216040513,1.485178910343135
15,195,0.03531059062613177,5.0912480699759985
16,195,6.522177033904407,5.263204747383276
17,195,4.4539297121299,6.42327266428612
18,195,3.4943720725665073,4.42419564225511
19,195,7.012152732836141,1.8135387646844683
20,195,11.609132148875638,10.009480119740095
21,195,8.910636619336008,8.20485482753551
22,195,9.18187147050728,2.2726736272686208
23,195,2.3709665119590837,12
24,195,12,5.661421977756078
25,195,11.06892345852835,5.313405793426377
26,195,12,0
27,195,6.075808484163232,12
28,195,1.8568439389368878,6.603619290573639
29,195,6.573928720173799,7.03340676669343
30,195,0,5.575996305505051
31,195,0.14626245168246377,8.201120987060811
32,195,0.4934328809430044,4.756808659641524
33,195,10.703877835547996,6.558470094343922
34,195,6.65361640118073,2.535720115689897
35,195,10.365301794987108,10.982161744166543
36,195,8.643069930571924,9.295020445034773
37,195,3.7050719823680818,7.843450192201323
38,195,10.495854109737175,3.5352378698315
39,195,0,7.885964821514317
0,200,1.7570575642396615,3.564474487704737
1,200,1.4998805497658487,5.533291464415565
2,200,5.097231594445691,7.88410042152798
3,200,9.222495133982731,7.7051566423086655
4,200,9.462924388200207,10.908536211918168
5,200,3.2688516314746554,12
6,200,3.619049519715702,6.0516353627381205
7,200,9.397422276650206,3.4465144062002415
8,200,3.819808062775749,0
9,200,4.476247365753071,3.246582043877971
10,200,2.623734857848688,7.387508451199064
11,200,2.2301760960957804,5.353574160918186
12,200,10.194986041784247,4.432636722232289
13,200,5.391261953816121,0
14,200,4.981539818444325,1.3832546926234923
15,200,0.02722459506269897,5.0942503020867775
16,200,6.547479350553944,5.19170250649243
17,200,4.457686010317129,6.420105624696037
18,200,3.424176890432092,4.3802463315297056
19,200,7.022690934207844,1.8351262933871633
20,200,11.604858286231691,10.00326784027646
21,200,8.935791708390637,8.211732063546407
22,200,9.218856199632116,2.1723798993830963
23,200,2.2038462984062273,12
24,200,12,5.610646200329197
25,200,11.052583212155419,5.301534444684217
26,200,12,0
27,200,6.232754489783432,12
28,200,1.8875910501518618,6.5662218079631725
29,200,6.574838066037236,7.0335216317912534
30,200,0,5.541676397359779
31,200,0.16449647436671241,8.199625096655431
32,200,0.3985853584454373,4.755985884568232
33,200,10.681715864415747,6.606806518003496
34,200,6.761620488402728,2.6162606160003854
35,200,10.372860126992594,10.907543286742158
36,200,8.702553829508261,9.335815468135845
37,200,3.6668846292146373,7.8072007986533265
38,200,10.563218666249357,3.529603426889072
39,200,0,7.814897602999488
0,205,1.8056947091516364,3.601687543821263
1,205,1.4706501060452906,5.469772018329898
2,205,5.053978862657774,7.944457741245306
3,205,9.25346371364332,7.827842686216221
4,205,9.463671353961551,10.909965201552758
5,205,3.1084662769736062,12
6,205,3.562608746038651,5.947572781058408
7,205,9.403317493327565,3.4226389517234317
8,205,3.7823871899709776,0
9,205,4.476295456872266,3.246693317112708
10,205,2.6229416797344607,7.3864840329737556
11,205,2.054885099389478,5.303715843328525
12,205,10.122039681354604,4.523543652188289
13,205,5.441471629154894,0
14,205,4.945047016874916,1.2827025861823715
15,205,0.031342976618338916,5.092751758133851
16,205,6.57044736117411,5.119954023255292
17,205,4.456800843612431,6.420841316610159
18,205,3.3609225947531622,4.338491614383391
19,205,7.0269767733169894,1.8436694058246534
20,205,11.604832598097559,10.003231650172209
21,205,8.94288926408149,8.213717554579606
22,205,9.255113694185107,2.074546880079728
23,205,2.0585434043630038,12
24,205,12,5.558730653919627
25,205,11.026122934479723,5.282812208354727
26,205,12,0
27,205,6.403050121391281,12
28,205,1.915697001864558,6.5329783235879075
29,205,6.566372306466662,7.032586662457824
30,205,0,5.509729152324809
31,205,0.19935059726090493,8.196348471860922
32,205,0.2891218892178813,4.75431359597399
33,205,10.65671551203474,6.6610641083744175
34,205,6.871345687967154,2.7025239662690552
35,205,10.376550621691667,10.860679633308914
36,205,8.729902933445654,9.35480915406544
37,205,3.6246229835427393,7.767493801548101
38,205,10.625696660318006,3.5263227636088104
39,205,0,7.735619132031322
0,210,1.8545839220348133,3.6391520211248705
1,210,1.445655278253462,5.4132948405352845
2,210,5.02329490968075,7.987797306704845
3,210,9.281125409326265,7.936451897027076
4,210,9.463039016743929,10.908768919240222
5,210,2.9449585849091537,12
6,210,3.5046079028916166,5.842448670989257
7,210,9.410491678063886,3.3925010075604773
8,210,3.739784289709918,0
9,210,4.469615814901542,3.2321776132947133
10,210,2.624158654108247,7.388062634764605
11,210,1.8770229559409977,5.257305923819904
12,210,10.053964530267685,4.608679689538346
13,210,5.492475389861283,0
14,210,4.908636818794045,1.1891001109112032
15,210,0.030094062168427336,5.093205874989297
16,210,6.596488666893707,5.0374226855615305
17,210,4.472158053941266,6.408668845999444
18,210,3.3157183727934125,4.310222555415672
19,210,7.021976845131249,1.8331300279943599
20,210,11.600545533786967,9.99698750256684
21,210,8.960839332732638,8.21814980824528
22,210,9.293537196649684,1.9749896934351756
23,210,1.9202358339597936,12
24,210,12,5.531055392773795
25,210,11.005607187065223,5.269549716826361
26,210,12,0
27,210,6.57469118778938,12
28,210,1.950660146483537,6.491744918269045
29,210,6.538593135171008,7.029672247935423
30,210,0,5.477335403600592
31,210,0.2397636875901993,8.192138664185615
32,210,0.18166271179587584,4.752214456989501
33,210,10.629108947367122,6.729206211915502
34,210,6.987193134002306,2.7930130324408484
35,210,10.384245616818314,10.796626607383592
36,210,8.739511366284162,9.361632690320482
37,210,3.593351200853629,7.73784355100074
38,210,10.71630734515429,3.5226357602700515
39,210,0,7.65053267681445
0,215,1.841046921407374,3.657550720500527
1,215,1.4278886933381627,5.369791347781583
2,215,4.985328172068161,8.0401016378742
3,215,9.30457548697453,8.027271994468379
4,215,9.458101736049157,10.89888023000021
5,215,2.7870244596077445,12
6,215,3.4332024962030196,5.714415907423257
7,215,9.422264801245847,3.341242916457882
8,215,3.691324224107505,0
9,215,4.459949880555027,3.211867456103358
10,215,2.6223893346558755,7.385758536023986
11,215,1.7048582626372504,5.215543052791766
12,215,9.994507060000622,4.682286341000297
13,215,5.54112970150022,0
14,215,4.872158510356113,1.097353135049236
15,215,0.005377753584675984,5.101421641039015
16,215,6.6231726249853855,4.953144238023732
17,215,4.494808380707013,6.389855262813229
18,215,3.266554263059779,4.278993867209555
19,215,7.008689674352046,1.8047186631042793
20,215,11.605293229168835,10.003908115346436
21,215,8.988329401785213,8.224850368726369
22,215,9.33854412170258,1.8566192595927582
23,215,1.793431039801462,12
24,215,12,5.485729052736771
25,215,10.98361858341373,5.255908250678793
26,215,12,0
27,215,6.746075985237401,12
28,215,1.9958917501152829,6.438830409256927
29,215,6.51487219061617,7.0269533560479065
30,215,0,5.461222263736223
31,215,0.2782933418132718,8.18791364867663
32,215,0.0810108489117242,4.750780008367757
33,215,10.6005209012008,6.7993735149231895
34,215,7.098116394538333,2.8780100904030617
35,215,10.391903620939555,10.726676148009622
36,215,8.754266068002078,9.372559949357916
37,215,3.573659243755303,7.71977660049027
38,215,10.806339888812042,3.5180488601512145
39,215,0,7.5823927939378555
0,220,1.8123515581302905,3.6984203249350953
1,220,1.4014282743649729,5.299030187220197
2,220,4.967006393158899,8.064879400218198
3,220,9.333040287705765,8.133832970825203
4,220,9.4506620318447,10.884866300686992
5,220,2.618824509200471,12
6,220,3.354961432323215,5.580533446562736
7,220,9.433231580564016,3.2866375434119224
8,220,3.6341955404756265,0
9,220,4.456977136500738,3.2058544693254603
10,220,2.631442697166704,7.398442421350857
11,220,1.5517101793891486,5.179171474633772
12,220,9.929625089624007,4.761269270804286
13,220,5.595756304532334,0
14,220,4.846118577850959,1.0322051053373948
15,220,0,5.076735005327958
16,220,6.651790096546448,4.858783671397879
17,220,4.5205370565140335,6.3685668738451096
18,220,3.213147546743979,4.246834814251041
19,220,6.99314474585632,1.7733662272209196
20,220,11.610721668801165,10.01212302561823
21,220,9.005934822799226,8.229576906548838
22,220,9.389556963722892,1.7296686837553976
23,220,1.669575945649006,12
24,220,12,5.421676086357606
25,220,10.957972961867576,5.239463087673418
26,220,11.997856462993196,0.005585811541577521
27,220,6.917880965355224,12
28,220,2.038892908826766,6.3892894707609615
29,220,6.49701493324309,7.025184681746494
30,220,0,5.432370952890436
31,220,0.3061952661162852,8.184747955993675
32,220,0,4.747298202745398
33,220,10.579454374627195,6.8529362059084775
34,220,7.223205713076854,2.9699567810790897
35,220,10.39723356807466,10.636449046802825
36,220,8.763742648877576,9.379640504977038
37,220,3.5494588641948375,7.697940633460108
38,220,10.923511112727237,3.511992768736439
39,220,0,7.5207270205009635
0,225,1.79134501552826,3.7293782982776227
1,225,1.378849389147952,5.240636915417036
2,225,4.960790240401468,8.073736707770776
3,225,9.361496497806352,8.238821951507425
4,225,9.437463595266525,10.860502403783396
5,225,2.4571517548705946,12
6,225,3.273843773795339,5.449591255288878
7,225,9.484542681428785,3.297667201283883
8,225,3.5819349020556768,0
9,225,4.460749149252163,3.2133642574224113
10,225,2.650750992708396,7.426994015455406
11,225,1.434614472023354,5.148241214719433
12,225,9.870996042536452,4.828047436287776
13,225,5.656552410555747,0
14,225,4.817864823344772,0.9586530686132397
15,225,0.005902574014364063,5.092552566320307
16,225,6.672852948455688,4.792899532192603
17,225,4.5514628088896965,6.341288745615396
18,225,3.143512397877788,4.204074721206569
19,225,6.96353161456493,1.7197516856008723
20,225,11.620209687476253,10.026902011337764
21,225,9.033216580334258,8.236871277507804
22,225,9.442613945206597,1.5863932574391773
23,225,1.5290037076385248,12
24,225,12,5.363339955924781
25,225,10.93500936312107,5.224182719898561
26,225,12,0
27,225,7.098898327009355,12
28,225,2.0891136415709273,6.330310564253206
29,225,6.481957563507299,7.023767733901787
30,225,0,5.397649645350847
31,225,0.3470177492183122,8.179400277685597
32,225,0,4.747828988371919
33,225,10.51244225223412,6.824365302438606
34,225,7.36645562665254,3.0773278589460795
35,225,10.40353143709787,10.521786895500682
36,225,8.777196587998217,9.38931701736705
37,225,3.520504778001829,7.671672576490016
38,225,11.080039154505295,3.5005727190970615
39,225,0,7.470364094233931
0,230,1.777477421173211,3.7496432930355366
1,230,1.3641776939721701,5.201008928773749
2,230,4.968458246741612,8.062807104701726
3,230,9.398097653808795,8.362891389574717
4,230,9.419769048754128,10.8253899522484
5,230,2.320645854604611,12
6,230,3.184734879642764,5.303226656000624
7,230,9.54489118945334,3.311627305619076
8,230,3.5185296027872126,0
9,230,4.45975674843979,3.2112720787364144
10,230,2.6803297198740412,7.473367419869963
11,230,1.311070775472964,5.113163276742123
12,230,9.810068499608985,4.897008345255
13,230,5.709022335433063,0
14,230,4.791975780101927,0.8914326120452217
15,230,0.0040554710770147485,5.0874106847317435
16,230,6.690284266201314,4.737993402923776
17,230,4.596875472820462,6.302663454217427
18,230,3.0657177582025144,4.160356824544044
19,230,6.932741813059629,1.663827700439116
20,230,11.6269122721824,10.037580335172834
21,230,9.067781284214789,8.247273070091524
22,230,9.49445615356863,1.443269969105248
23,230,1.4082183401650823,12
24,230,12,5.309984137327804
25,230,10.920667020462826,5.214591794490039
26,230,12,0
27,230,7.291330043115399,12
28,230,2.1403156090973887,6.263862387587546
29,230,6.477683329174059,7.023372373460757
30,230,0,5.351237603010587
31,230,0.36952503295510075,8.176048804615593
32,230,0,4.749141525352257
33,230,10.441377387621156,6.7945331851605175
34,230,7.519476906022645,3.1877083239364707
35,230,10.41171995352839,10.410490982321695
36,230,8.793824649893237,9.401472702944709
37,230,3.4864762325826733,7.642078949407891
38,230,11.230719670761113,3.4861490901857835
39,230,0,7.410280919317453
0,235,1.7548359044608766,3.783973734012439
1,235,1.3371793264765242,5.134053250019977
2,235,4.968202386347201,8.063162534282947
3,235,9.418159884650247,8.434284812799806
4,235,9.404124999598867,10.795165389797152
5,235,2.183400416724755,12
6,235,3.1067109418816106,5.165092684637627
7,235,9.58932894514923,3.3224761187686678
8,235,3.463752537215204,0
9,235,4.449235978681513,3.1888536093715634
10,235,2.7070674670956314,7.516037353475457
11,235,1.180819451533809,5.077421338029094
12,235,9.752779717521683,4.960919853022307
13,235,5.765204895414473,0
14,235,4.763147030586436,0.814319820552744
15,235,0,5.073816516847014
16,235,6.70991807437649,4.674609864835307
17,235,4.656141106417236,6.252907066511586
18,235,2.993829111260288,4.120755010466063
19,235,6.892649285963613,1.5948462950424525
20,235,11.630266263842586,10.042963559281425
21,235,9.10853979970278,8.259307628424683
22,235,9.548117522478835,1.2998912422719928
23,235,1.2883555286196333,12
24,235,12,5.253406959693319
25,235,10.901088944738918,5.201504201177227
26,235,12,0
27,235,7.47415058547641,12
28,235,2.2001044220981214,6.1866914538447455
29,235,6.457109693162149,7.022003646950512
30,235,0,5.2894629772068695
31,235,0.3782692513494509,8.174655844960482
32,235,0,4.751209565368715
33,235,10.376570379498197,6.765947784100233
34,235,7.664773975530166,3.288951311306546
35,235,10.421320008016783,10.284090325843609
36,235,8.82416562441847,9.423300031222848
37,235,3.46232422108216,7.61924136612054
38,235,11.361194689446593,3.47503547284897
39,235,0,7.3302168702767885
0,240,1.7355939616928528,3.812928572096085
1,240,1.300616427194081,5.050094021040089
2,240,4.948259124883596,8.09203044477012
3,240,9.439280866491076,8.508390180833445
4,240,9.385929752993285,10.762996217443751
5,240,2.0228109440002577,12
6,240,3.0307340614522564,5.019866437229256
7,240,9.621221603731478,3.3309171341510853
8,240,3.4088230587898827,0
9,240,4.427151633551207,3.13981742641097
10,240,2.7348463382036683,7.5609597025305355
11,240,1.044634803050423,5.0415195480072965
12,240,9.697083858864842,5.022615330483496
13,240,5.824950227087604,0
14,240,4.738622349295135,0.7511082025543148
15,240,0.003953301834652502,5.085785725662071
16,240,6.73382846152637,4.598671183586145
17,240,4.7137250558066555,6.20446957340183
18,240,2.9648059001208256,4.175425860741739
19,240,6.834579084206904,1.496424378967079
20,240,11.63258569651176,10.046661315620288
21,240,9.152711269145552,8.273187233524094
22,240,9.600060147828232,1.1670198379447922
23,240,1.1542228641407164,12
24,240,12,5.18740385364749
25,240,10.876737243648886,5.184539786166687
26,240,12,0
27,240,7.6711463902858315,12
28,240,2.2488809503039646,6.121726546655271
29,240,6.43442077787065,7.0189932256941905
30,240,0,5.209929613630275
31,240,0.39858403547037125,8.170916398078983
32,240,0,4.753495101543485
33,240,10.32646964234221,6.742349827516032
34,240,7.81559242179246,3.390131148682894
35,240,10.431911588313888,10.145117603712302
36,240,8.848006314677635,9.440908523105598
37,240,3.416398661966385,7.577315382859534
38,240,11.495318749015015,3.4631362822969685
39,240,0,7.25491715381728
0,245,1.7021291386851216,3.8590715780208336
1,245,1.2692894207183028,4.975663057286285
2,245,4.932280105151024,8.11482634326437
3,245,9.471088355648218,8.612118325347902
4,245,9.36944079039966,10.733585932366667
5,245,1.840278166735225,12
6,245,2.9510305556922938,4.87088729382403
7,245,9.637556246650778,3.3357603696872546
8,245,3.3528210227515483,0
9,245,4.402327741051993,3.0872055227802364
10,245,2.763029470473058,7.602605267572517
11,245,0.9264742797123152,5.0119251680838275
12,245,9.644238968451868,5.0821520769609405
13,245,5.888560013610331,0
14,245,4.710405007753759,0.677712054611058
15,245,0.01343146322304262,5.115603169403576
16,245,6.755529546120847,4.526237858130065
17,245,4.774011818110896,6.15468678345493
18,245,2.943724135659034,4.215886758690837
19,245,6.764102542011366,1.3709194063227026
20,245,11.636015140619952,10.051943713237705
21,245,9.185420254767399,8.283092063228041
22,245,9.650564255770943,1.042906552539128
23,245,1.0172014798313171,12
24,245,12,5.135610296448692
25,245,10.841154773223534,5.159602997014411
26,245,12,0
27,245,7.874001302890222,12
28,245,2.304024639464604,6.0482089395197125
29,245,6.413547584434829,7.015906413937915
30,245,0,5.141945326826502
31,245,0.4239245069624257,8.166938957432613
32,245,0,4.75665165598703
33,245,10.287717432312892,6.724120262378071
34,245,7.95065755665158,3.4899500332257305
35,245,10.441839389152573,10.005930271214343
36,245,8.877880516169585,9.46408555872539
37,245,3.3719684416106435,7.5352558638958715
38,245,11.6302725357778,3.454462148861105
39,245,0,7.175847882494612
0,250,1.657554492643735,3.9195736649388184
1,250,1.234030825072157,4.892869167922187
2,250,4.918926513273794,8.135452939165166
3,250,9.50129915245122,8.714086970360515
4,250,9.350110366349242,10.69839059141457
5,250,1.6604593184544887,12
6,250,2.8645831114382214,4.72059996852056
7,250,9.654658568479485,3.3411990410144043
8,250,3.2909217429161237,0
9,250,4.380304057198072,3.0400307295502027
10,250,2.7845980263948475,7.632979243268086
11,250,0.7983382748468882,4.9829268784831156
12,250,9.590227055354518,5.141017460507861
13,250,5.9602590933077675,0
14,250,4.6902817920269175,0.6208310752783073
15,250,0.022604723991098887,5.144916601419997
16,250,6.781712590855123,4.432094798519911
17,250,4.835303116560342,6.102028054387123
18,250,2.91899258345703,4.263847604070735
19,250,6.682360932193142,1.2275856970016563
20,250,11.626526505464367,10.037595913672838
21,250,9.218747774631,8.292388298409435
22,250,9.7054462123277,0.8954886328228171
23,250,0.8744735614149026,12
24,250,12,5.089341115303298
25,250,10.819080245716318,5.144629525765382
26,250,12,0
27,250,8.07902579313139,12
28,250,2.3507902300480965,5.984933166822137
29,250,6.4018106335966385,7.0144764592489715
30,250,0,5.066825867026202
31,250,0.4646087237077542,8.160504541679307
32,250,0,4.758193788161246
33,250,10.26301951877655,6.7128374327718925
34,250,8.083206139130818,3.5896105073291236
35,250,10.449632191374878,9.8806320713893
36,250,8.895928517329969,9.478209654182361
37,250,3.3309799405510723,7.497509980791848
38,250,11.756434741238374,3.447870675465144
39,250,0,7.119095187155001
0,255,1.6158771951178046,3.977481514824912
1,255,1.1965851100205767,4.813492761193099
2,255,4.907873416907616,8.152244636927579
3,255,9.545923224061111,8.854730943888145
4,255,9.333213374487263,10.665637023585425
5,255,1.47896573891992,12
6,255,2.7870417123410873,4.5897277254320805
7,255,9.690705817155129,3.3531491858534954
8,255,3.2319765219310614,0
9,255,4.339009095031925,2.958418297557992
10,255,2.794952766871447,7.648504966678898
11,255,0.6697626357156722,4.954103087004803
12,255,9.527514630537839,5.208522578258757
13,255,6.035236136150311,0
14,255,4.641776072573971,0.6393152588657919
15,255,0.03424448764424109,5.181208212455491
16,255,6.809477395064777,4.331604982613659
17,255,4.870670748342479,6.071316266666872
18,255,2.880473746534824,4.337650701476722
19,255,6.600391575152897,1.0787712077110907
20,255,11.59526257603903,9.99083100337216
21,255,9.2676148799962,8.304145415773021
22,255,9.760931308128981,0.7425733675000832
23,255,0.7304769588350957,12
24,255,12,5.050179246138951
25,255,10.801839432058257,5.133366418618119
26,255,12,0
27,255,8.273335666703575,12
28,255,2.4002252318959743,5.915590144465525
29,255,6.39643023346166,7.013832635818131
30,255,0,5.000522942224108
31,255,0.48864525090734257,8.15635485308985
32,255,0,4.7574730133111585
33,255,10.244472270549204,6.704474670546953
34,255,8.208098815800748,3.6880267525001162
35,255,10.458375538056845,9.766315085974902
36,255,8.915637063819766,9.493395338295622
37,255,3.278713480610755,7.44923080629759
38,255,11.882293733915667,3.444278270158151
39,255,0,7.063730166704615
0,260,1.5708420614984533,4.037121700956864
1,260,1.1506715201808366,4.714178055051917
2,260,4.891233678385105,8.176863230209246
3,260,9.598442535038778,9.015659970707032
4,260,9.309899395255202,10.620181575246388
5,260,1.294471026392847,12
6,260,2.706562072775934,4.451703456271614
7,260,9.745083612392644,3.369703273884105
8,260,3.1686417040266175,0
9,260,4.3025559202727806,2.8852434710010697
10,260,2.796266838682159,7.650470791937678
11,260,0.563662778495797,4.930049469765515
12,260,9.447223268795993,5.292303565848737
13,260,6.108489037529278,0
14,260,4.5782866969480995,0.6641406777072394
15,260,0.04801218139407886,5.222788868757119
16,260,6.843641736291907,4.208085573376622
17,260,4.91078768792105,6.037871559578778
18,260,2.8370394423541914,4.421682261178341
19,260,6.528787984853076,0.9440618563674841
20,260,11.565513777060458,9.94715829467142
21,260,9.29881300398936,8.31213444731887
22,260,9.816375145334366,0.5992625717195992
23,260,0.5841661798256996,12
24,260,12,5.020247419948664
25,260,10.782517538811394,5.120873862859494
26,260,12,0
27,260,8.487335669425383,12
28,260,2.4443013801418507,5.849460095290494
29,260,6.410659581245632,7.015236561436935
30,260,0,4.934959139012923
31,260,0.5015430538649371,8.153516265676897
32,260,0,4.75236827962557
33,260,10.24175328413681,6.703225679227052
34,260,8.32063030910508,3.7784864106773624
35,260,10.467210095527907,9.648410179015611
36,260,8.915793332012978,9.493520470732049
37,260,3.2357355811014354,7.409783068999545
38,260,12,3.442477325265243
39,260,0,6.998901566684169
0,265,1.5111695512792949,4.116805469755226
1,265,1.1163462802424078,4.637290417011517
2,265,4.881781451016356,8.191175257590077
3,265,9.65124338056134,9.176674553878817
4,265,9.280730565522127,10.56785383935431
5,265,1.1077367189361296,12
6,265,2.6279043418100394,4.311015908017805
7,265,9.807539404024672,3.385670211073093
8,265,3.1001760243591514,0
9,265,4.262397862805665,2.805956135324783
10,265,2.8004529774363953,7.656758660044592
11,265,0.4516667850737535,4.902702295063189
12,265,9.364309523100305,5.380326142124875
13,265,6.166938257034094,0
14,265,4.517512619028768,0.6876539306105712
15,265,0.06351287659364421,5.267766863770882
16,265,6.875512461507003,4.090689535643709
17,265,4.959621126237499,5.998611324779841
18,265,2.793509398848173,4.504922845848901
19,265,6.451649178384113,0.7917485227909802
20,265,11.52950621728822,9.893604815065757
21,265,9.354321840404376,8.326246400012385
22,265,9.86917526679201,0.45944788904743944
23,265,0.4488069352698312,12
24,265,12,4.999988252523893
25,265,10.77338670043802,5.115219247166336
26,265,11.998786255253643,0.0027950321568353323
27,265,8.702593855996376,12
28,265,2.4822480220263228,5.795613595355314
29,265,6.432592355223057,7.01707139502853
30,265,0,4.895091541158942
31,265,0.49173026927560787,8.15599903085299
32,265,0,4.74890368374948
33,265,10.235060681175405,6.700295696135156
34,265,8.449654941016956,3.878558611318355
35,265,10.47368391356036,9.569386944072436
36,265,8.912808585169511,9.491067971180179
37,265,3.1765507462124245,7.3557542255727055
38,265,12,3.437690926113922
39,265,0,6.931771307738025
0,270,1.4541051229824178,4.191738032435993
1,270,1.0879609353386457,4.570226143397631
2,270,4.868432674094569,8.210274069082113
3,270,9.696958640300672,9.327558869284816
4,270,9.250147418682163,10.513657720027625
5,270,0.9190741823084145,12
6,270,2.558958908629855,4.193361443698463
7,270,9.882070509197222,3.402998768957171
8,270,3.0279802206561066,0
9,270,4.209224339430691,2.709041441210568
10,270,2.7962744007939526,7.650336402386071
11,270,0.32518425862582506,4.871741230478299
12,270,9.278478250635482,5.46448469701938
13,270,6.214489724694383,0
14,270,4.489811808310259,0.6993161334455038
15,270,0.08468566908452592,5.325723104512638
16,270,6.907504206114719,3.980851536791186
17,270,5.02408030450588,5.947711499056606
18,270,2.753991570804193,4.5785845218011
19,270,6.374922212335931,0.6264976631198965
20,270,11.487025905330006,9.833661601602394
21,270,9.404508175428596,8.339672651459162
22,270,9.9223623267574,0.31278314371055066
23,270,0.32437210148214823,12
24,270,12,4.9883542785312835
25,270,10.765395890699038,5.110051608471856
26,270,11.99039294653747,0.022451827553511838
27,270,8.949556607997552,12
28,270,2.5212248834694435,5.740526688281131
29,270,6.448772364057343,7.018723036052944
30,270,0,4.852125491114681
31,270,0.5050808958123325,8.152712423175833
32,270,0,4.747589151673545
33,270,10.240487208983645,6.702773533564955
34,270,8.585624583136138,3.9800011231970687
35,270,10.480522293201421,9.484632131275422
36,270,8.89374822210537,9.474647279619255
37,270,3.1158273653855253,7.301221736129017
38,270,12,3.4320525409416742
39,270,0,6.870276275471975
0,275,1.3872532330201433,4.280649567781184
1,275,1.063877624346829,4.514792929071144
2,275,4.856056718769547,8.228746509328632
3,275,9.7391028828184,9.475364882152757
4,275,9.234133841819693,10.48712328641147
5,275,0.7083267010766474,12
6,275,2.4890380247289405,4.0746950135490705
7,275,9.953147156147361,3.420559245357803
8,275,2.944432369007859,0
9,275,4.160754732516905,2.621210424831075
10,275,2.794246690384104,7.64722674287294
11,275,0.214684048110861,4.848852481290394
12,275,9.18119745366746,5.559460797192986
13,275,6.266588215914845,0
14,275,4.46767495083613,0.7088498370743875
15,275,0.10369148919833131,5.3744558029573986
16,275,6.942543132408975,3.853292778207401
17,275,5.0845806796879405,5.8990092906428595
18,275,2.706875652770891,4.669203000602857
19,275,6.294444267579432,0.45224694904108437
20,275,11.451477381800828,9.782753142020155
21,275,9.457937034000643,8.35228972399744
22,275,9.969831978642807,0.17450014816173678
23,275,0.18069997666297263,12
24,275,11.994128393725047,4.99759320566766
25,275,10.762953102321758,5.108560217162922
26,275,11.987931415006226,0.028222688596714986
27,275,9.177575121466893,12
28,275,2.560160929453498,5.6853598043551195
29,275,6.4662850070289455,7.019992096124575
30,275,0,4.809289245663797
31,275,0.5250087986664226,8.147783138730409
32,275,0,4.7470424791407035
33,275,10.252173491059573,6.708263573746192
34,275,8.75068407232481,4.097853832491458
35,275,10.48643022234798,9.394145221999963
36,275,8.88532036151006,9.467327186198371
37,275,3.0494166870225135,7.2440551133414885
38,275,12,3.423627749930588
39,275,0,6.82561394291897
0,280,1.3186079133830646,4.3720852580896
1,280,1.0373228814734947,4.45666097598198
2,280,4.845635705338193,8.245087938435319
3,280,9.786877672136614,9.639799991933502
4,280,9.221201454791336,10.466613766262473
5,280,0.4921140811692173,12
6,280,2.414149174420995,3.948798805335076
7,280,10.026711011888974,3.4398048382544104
8,280,2.8655817090438522,0
9,280,4.112553216108521,2.531525990959575
10,280,2.7934674194279467,7.6460132361506155
11,280,0.09112318174502267,4.823468853762467
12,280,9.07232210629209,5.6636686610521
13,280,6.150748085234109,0
14,280,4.446823544328678,0.7167860833431124
15,280,0.11240334831720217,5.39724586061997
16,280,6.973142764573663,3.746071244075246
17,280,5.158995137467685,5.842743463610274
18,280,2.65613960743954,4.760803557916619
19,280,6.218136960864765,0.289736225520386
20,280,11.388713331961775,9.697111386027247
21,280,9.518111334604491,8.367444555764013
22,280,10.01564744080191,0.04247111697046682
23,280,0.030147009210568815,12
24,280,11.995649554718575,4.995229137705761
25,280,10.760999547649405,5.107343382427201
26,280,11.98853414007413,0.026618254897024546
27,280,9.403900226497495,12
28,280,2.599075661872473,5.628823020631338
29,280,6.471185353448242,7.020186377897951
30,280,0,4.7681808942914845
31,280,0.5699849710543867,8.136164212799839
32,280,0,4.747005829102947
33,280,10.263305061242487,6.7135910109930235
34,280,8.914005011228902,4.210792109489845
35,280,10.49272912338024,9.312175969309493
36,280,8.889989583455842,9.471541867619328
37,280,2.986273114122659,7.193441431729863
38,280,12,3.4169154555380605
39,280,0,6.770607788803245
0,285,1.2605193804222807,4.451851589401056
1,285,0.991042937623611,4.35662317453497
2,285,4.83979206940703,8.253826746895594
3,285,9.838159461683894,9.817338109274026
4,285,9.206708199854125,10.442671223791649
5,285,0.28392112951194304,12
6,285,2.337251779687667,3.826999006216011
7,285,10.106506873535158,3.457627840215328
8,285,2.784792888144615,0
9,285,4.06583642401068,2.4486638379114645
10,285,2.793359208961201,7.645846624411982
11,285,0,4.794947755688508
12,285,8.957820273959287,5.774458622309589
13,285,6.022050647436914,0
14,285,4.431883273409381,0.7226435025017994
15,285,0.12723914307504747,5.438050746789305
16,285,6.996918684146076,3.6577499290469437
17,285,5.237469446994657,5.78743508136207
18,285,2.6050433535096835,4.851400523919571
19,285,6.155792648755028,0.14865133455252139
20,285,11.310985426221084,9.588787916938172
21,285,9.603371861536258,8.390787992546885
22,285,10.057755438536148,0
23,285,0,12
24,285,11.994572041852853,4.996866895416137
25,285,10.758608654792923,5.105847873817864
26,285,11.98638190910308,0.031920235450031115
27,285,9.63023877613356,12
28,285,2.6300705679811585,5.584905495572327
29,285,6.4631914079542705,7.019795131164512
30,285,0,4.716433250223363
31,285,0.5995209316358028,8.128125265526053
32,285,0,4.746980022382118
33,285,10.275163595938308,6.7189976738204065
34,285,9.076356427587264,4.320481142466415
35,285,10.498699944418247,9.22686058328971
36,285,8.895787760423653,9.476752059901807
37,285,2.9272900700412223,7.146029258080551
38,285,12,3.4130213936578633
39,285,0,6.743992750702828
0,290,1.2143918474112019,4.515912003017138
1,290,0.939172944658984,4.238382553005425
2,290,4.838467492901231,8.255858970592175
3,290,9.88434988978317,9.994208362957224
4,290,9.182520457946145,10.403450856235379
5,290,0.07491918871638562,12
6,290,2.2657940218656667,3.70933319119393
7,290,10.19061275241208,3.476730297303634
8,290,2.7022797241072625,0
9,290,4.010021863446112,2.3514280744273868
10,290,2.8048256255321653,7.6642441051667864
11,290,0.03426144430027231,4.635443196892822
12,290,8.840821852707952,5.890252175394776
13,290,5.8771826421680435,0
14,290,4.439322568027609,0.7195215874596835
15,290,0.1342006286379861,5.457075999025983
16,290,7.022968756153192,3.5637886392333398
17,290,5.334779941879605,5.711941216052089
18,290,2.551294745554776,4.944351117828955
19,290,6.091767652640915,0.0042613832591204825
20,290,11.263112197536016,9.521767409586097
21,290,9.686970963012769,8.414017689432407
22,290,10.10468749865722,0
23,290,0,12
24,290,11.993590339491094,4.998358135368609
25,290,10.746888210096268,5.098844986721292
26,290,11.986782110140155,0.03092742740632276
27,290,9.869128821785889,12
28,290,2.662590482973425,5.540034843285342
29,290,6.471795750110659,7.020305885901865
30,290,0,4.668893533109775
31,290,0.6131522317111048,8.124832694753536
32,290,0,4.74731268607546
33,290,10.325380069905687,6.741681135732433
34,290,9.256765102746641,4.44421168804695
35,290,10.504095971295738,9.136598873886777
36,290,8.904204462540253,9.484282218942823
37,290,2.859374264547237,7.089564004996827
38,290,12,3.4074047719957457
39,290,0,6.73005077828778
0,295,1.1711161874316072,4.580844210753722
1,295,0.8701633462669819,4.088914583915281
2,295,4.830158407941163,8.268175495626458
3,295,9.931693644681289,10.17347590730251
4,295,9.1632876334963,10.37022168574222
5,295,0,12
6,295,2.1970990902030105,3.5948328564886345
7,295,10.270230465795553,3.4931832747316762
8,295,2.621631817385947,0
9,295,3.927315202534387,2.3995229792540873
10,295,2.8164678273111434,7.682150325149086
11,295,0.07276517111054875,4.46540005177048
12,295,8.72768552190125,6.000680936036973
13,295,5.73072106525345,0
14,295,4.45033803784269,0.714621306662772
15,295,0.13192846823161317,5.451109550699836
16,295,7.05195734943731,3.4647789311509043
17,295,5.444651772765792,5.623354446345412
18,295,2.4986155819931124,5.0333212662606845
19,295,6.026315857677764,0
20,295,11.220973606585844,9.462057161814414
21,295,9.772631899874431,8.438532706648774
22,295,10.15357610330954,0
23,295,0,12
24,295,11.97969268694113,5.019268956004131
25,295,10.732624881798774,5.090268154587109
26,295,11.985078284691888,0.034880653665746005
27,295,10.133362262988394,12
28,295,2.6991171994366088,5.4908476384448655
29,295,6.469065758474394,7.0201387326823355
30,295,0,4.637447549779104
31,295,0.6337661311459704,8.120074619112359
32,295,0,4.746182841338582
33,295,10.395849451591324,6.7735388915965755
34,295,9.13875466021393,4.620045464652733
35,295,10.512111120908981,9.057661681714018
36,295,8.915229925556586,9.494082596750822
37,295,2.774757840773237,7.020346963844824
38,295,12,3.3999173959211886
39,295,0,6.722669190054797
