id,time,x,y
0,0,9.963139693935235,10.967242920885013
1,0,7.053083814290056,6.982669584377357
2,0,12,6.990147428322512
3,0,6.978472950728785,5.948780202914735
4,0,5.014880274028031,6.056484563652225
5,0,11.06543446901886,3.037771761633268
6,0,11.989495186964298,6.041696133653878
7,0,0,2.048680799101738
8,0,2.0216764731053254,4.963598455210787
9,0,11.00387523557961,4.9580239077942485
10,0,8.009056128510025,3.045315347118975
11,0,0,10.037982497255175
12,0,3.96743128786577,0.949289286328288
13,0,6.949879283052181,8.01484730050148
14,0,10.051191469254325,11.976260621819314
15,0,1.9878134537455359,0
16,0,0.9806448226638107,6.047161704534737
17,0,0.9671387347899016,2.966830715926643
18,0,0.04048277237514408,3.9764436406064423
19,0,4.020699868549196,1.9473092419948204
20,0,12,10.936810533409957
21,0,4.952195074736121,8.029190376434618
22,0,7.989595254523079,10.050168684698384
23,0,7.973415208343164,2.024847387454453
24,0,11.04209092355997,2.018033624637515
25,0,0.9822920945288366,10.939303702270772
26,0,11.016805813693654,4.946442561590482
27,0,1.0154308304123774,0.04632301212752352
28,0,12,9.059546814620306
29,0,1.0566076956198367,1.0063339686974913
30,0,1.99998793660252,1.0354009697247584
31,0,3.9934869823173074,2.9695524951373025
32,0,5.032443977800973,10.965211617714347
33,0,8.987832080433005,3.0393403104365135
34,0,1.9846083618927435,0
35,0,7.026152588546464,0.9558052580099659
36,0,8.98382936206935,10.045521054785974
37,0,9.022212787491645,0
38,0,6.957727805912699,4.974455574928894
39,0,9.991657262791602,6.0330337944843055
0,5,9.911024348158012,10.91895761025285
1,5,7.10021495175538,6.965916331471416
2,5,12,6.981463498671506
3,5,6.962347236408243,5.911279524886602
4,5,5.02735364060605,6.109643557480213
5,5,11.157481912600758,3.086229862408558
6,5,11.978603451755578,6.0876587903757855
7,5,0,2.089718867562542
8,5,2.0544875392526456,4.910233690298216
9,5,11.006170823747176,4.927567662527334
10,5,8.018068769969677,3.089930724851739
11,5,0,10.091320153054127
12,5,4.0200107835350485,0.913957998732132
13,5,6.917479824631974,8.024421336691894
14,5,10.118299750666369,11.94727249760817
15,5,1.9799101751019939,0
16,5,0.9610076331083232,6.096505014104394
17,5,0.9341639361850016,2.9326269483214293
18,5,0.08379418479176975,3.9500744499499687
19,5,4.041257503477781,1.8918329351035381
20,5,11.998977382126556,10.869488543411826
21,5,4.90348349140602,8.060615442795482
22,5,7.97970569339278,10.103657590714533
23,5,7.940806946810194,2.0555454405999254
24,5,11.08037662846147,2.036108599036538
25,5,0.9616821092194391,10.866109223669834
26,5,11.04055038202631,4.8772887200536355
27,5,1.0229691740047977,0.06758962279728653
28,5,12,9.095899436949919
29,5,1.1123101242561826,1.0144664421435479
30,5,2.000245749168811,1.0497729930413369
31,5,3.987768897131078,2.941004379281938
32,5,5.056884787851021,10.938943016451793
33,5,8.969866865315135,3.0977996821395464
34,5,1.972164863848661,0
35,5,7.051498264556815,0.9106302787107498
36,5,8.965518344365348,10.09973071912846
37,5,9.044048719985835,0
38,5,6.91636301985414,4.949155908275928
39,5,9.983154669840305,6.068126996851463
0,10,9.871670922610988,10.881858519139278
1,10,7.164023516752753,6.943686223932474
2,10,12,6.972494472498728
3,10,6.936703703443611,5.845182102936464
4,10,5.037786478815144,6.15605398564337
5,10,11.248229323274144,3.13301825921857
6,10,11.963231376287686,6.1569607847441405
7,10,0,2.146864781197548
8,10,2.0852987612569547,4.859567786208336
9,10,11.007550504863575,4.913461582321762
10,10,8.02582156714526,3.13129308982365
11,10,0,10.154613776518637
12,10,4.071717634693124,0.8798325782993217
13,10,6.890524596460075,8.032998710411603
14,10,10.182976294569526,11.918261990322753
15,10,1.9755130222882706,0
16,10,0.9337759582484855,6.166871311722802
17,10,0.9011112152257481,2.89981785123824
18,10,0.10712755452551312,3.935643800771698
19,10,4.0570597117670335,1.8517978131915536
20,10,11.997902968406454,10.815543621242774
21,10,4.847234517480104,8.098045437017346
22,10,7.973624230718044,10.135704472696684
23,10,7.913694920129254,2.0823652488166884
24,10,11.140732481036089,2.064653811330775
25,10,0.9405909731130787,10.796218641686677
26,10,11.062272132294357,4.8020330971065315
27,10,1.0289614416357837,0.08530200612086741
28,10,12,9.123860346100797
29,10,1.1731881444640067,1.0231311376786596
30,10,2.0004689326283183,1.0711592648835493
31,10,3.9822339914239837,2.907745527836524
32,10,5.08324232853051,10.909723635829273
33,10,8.954613860632627,3.1478189963896863
34,10,1.960859684027236,0
35,10,7.077342816848534,0.8656432903253662
36,10,8.94083961897177,10.17132598650846
37,10,9.061104783048277,0
38,10,6.892683490750412,4.934513280229945
39,10,9.968028204458756,6.12767605650164
0,15,9.819368686036388,10.831911566240231
1,15,7.226972004411106,6.919609366698167
2,15,12,6.960432754762212
3,15,6.908544931242503,5.771212920096639
4,15,5.051314538712411,6.2272165942980795
5,15,11.32717619283575,3.1741442494436574
6,15,11.942837174591023,6.244461371331811
7,15,0,2.20355451497427
8,15,2.1074436762340425,4.823837527424068
9,15,11.006480078967316,4.923467293283086
10,15,7.953676724034116,3.143783829376278
11,15,0,10.225631717167987
12,15,4.135686388442399,0.8435742883047034
13,15,6.858373376302636,8.043128061584971
14,15,10.274571756609907,11.87800153457401
15,15,1.9564791875361354,0
16,15,0.9007910147762215,6.249040857459658
17,15,0.8831552794555211,2.8816621678007444
18,15,0.14338316528980027,3.912837254756362
19,15,4.072603191489852,1.8150401276132406
20,15,11.997577257190189,10.765108006415584
21,15,4.792208033685118,8.133565926076553
22,15,7.970047958544164,10.15462369760859
23,15,7.894711585523879,2.100821428685022
24,15,11.197615714993471,2.090470377496949
25,15,0.8715904797364445,10.818147557382767
26,15,11.08120631259659,4.736138898079102
27,15,1.0458447661486454,0.1299923390692467
28,15,12,9.143882934808856
29,15,1.2360480980406379,1.0317534279081697
30,15,2.0010738519265496,1.0836617966391031
31,15,3.9741418417572847,2.860374442305321
32,15,5.114507058482889,10.875295114148162
33,15,8.940563029796746,3.1975969717441144
34,15,1.950420175222317,0
35,15,7.101312643511899,0.8257295935467215
36,15,8.909972838175111,10.255052875842075
37,15,9.084320429144748,0
38,15,6.918426953664516,4.89419477583804
39,15,9.946710176012562,6.2018702502287075
0,20,9.77769524464052,10.78993877451428
1,20,7.285910449534163,6.897786025352847
2,20,12,6.952219646280011
3,20,6.879862113322322,5.6965372552158176
4,20,5.069582778372007,6.309761880752518
5,20,11.409522005406812,3.21641633577205
6,20,11.920732422913,6.330159447276713
7,20,0,2.2688220971816877
8,20,2.1331591776425944,4.78096092393219
9,20,11.004542318158663,4.9391022776757465
10,20,7.8571005470615765,3.1612446157274188
11,20,0,10.2955546825524
12,20,4.204846055192993,0.8045463122355012
13,20,6.83374167110832,8.050809525623725
14,20,10.351265874451228,11.842773573302715
15,20,1.942969470109682,0
16,20,0.8653907347514033,6.338981808961447
17,20,0.8748829150784336,2.8735768932195227
18,20,0.1740053884825583,3.893736644264733
19,20,4.082836537454115,1.7912060892915358
20,20,11.998002946149299,10.705447132270242
21,20,4.735188406522456,8.16949218792327
22,20,7.9706310003005525,10.151326001799463
23,20,7.893157900364854,2.1022869717733945
24,20,11.24968308276489,2.1147959363322366
25,20,0.7705853426493026,10.848834914565208
26,20,11.094325312270064,4.685997094541829
27,20,1.0694292105907386,0.19514597006909612
28,20,12,9.167383759278184
29,20,1.300739563936473,1.0423004232022592
30,20,2.0012545131993504,1.0892324672856073
31,20,3.9648853963099033,2.804222834580139
32,20,5.159135319573441,10.82681681558685
33,20,8.930144016484142,3.2341620868384893
34,20,1.9476652587910641,0
35,20,7.121443250515014,0.7919126456288245
36,20,8.882205998637072,10.331267308087142
37,20,9.107831985656277,0
38,20,6.959405315072933,4.829669758693295
39,20,9.923101486548735,6.281462900049244
0,25,9.70668346071,10.720511039021764
1,25,7.347121557019744,6.87750855359354
2,25,12,6.943105812359792
3,25,6.853526898678838,5.629147853049535
4,25,5.085896667538211,6.382272499036506
5,25,11.48047960889336,3.2516722519902377
6,25,11.899423659194195,6.416174178034867
7,25,0,2.328286543528711
8,25,2.1522209035137165,4.749195192176149
9,25,11.002358500606013,4.955799305037767
10,25,7.754269368148829,3.176431348566665
11,25,0,10.348677308875828
12,25,4.270905577748006,0.766223777097744
13,25,6.8083862276607165,8.059946995681631
14,25,10.419033638655003,11.809709252295058
15,25,1.9160429682171807,0
16,25,0.8243118845438905,6.433485238367229
17,25,0.8618367840764299,2.861295205207357
18,25,0.21824358111188755,3.8654332714625568
19,25,4.098479735418146,1.7548576271607033
20,25,11.999875710934074,10.611509727198554
21,25,4.684713359805004,8.201137022950176
22,25,7.972788840292486,10.139171524908374
23,25,7.898777846578905,2.096741227913767
24,25,11.318644776481635,2.147057983614493
25,25,0.682421380223633,10.875235047738608
26,25,11.106853430184664,4.640880694779365
27,25,1.094434477011903,0.2595950120565383
28,25,12,9.17924582070176
29,25,1.3584011806886198,1.0527182834114102
30,25,2.001209829858263,1.0883625316204237
31,25,3.954331560089892,2.739481717944056
32,25,5.210222213918223,10.771324743485815
33,25,8.917613834139559,3.280917126409408
34,25,1.9404732531626545,0
35,25,7.135646846632177,0.7692339049591378
36,25,8.851047912383185,10.424359783492726
37,25,9.125427676093524,0
38,25,7.000481610708169,4.7669841383308125
39,25,9.906011524946443,6.3522549720282955
0,30,9.645053407612888,10.66322365055651
1,30,7.408290775510835,6.859024154510243
2,30,12,6.934280434570069
3,30,6.829170773847942,5.568331400446121
4,30,5.105308664633677,6.459342093523765
5,30,11.542750699177072,3.2802972816382594
6,30,11.874052595805223,6.513426050991837
7,30,0,2.394920332886029
8,30,2.120853904910674,4.731169687692126
9,30,11.000047371128186,4.971166657371106
10,30,7.657959919439951,3.1899679194348938
11,30,0,10.405800477375102
12,30,4.345239289687695,0.7227466548055883
13,30,6.7744024334116055,8.07120873076522
14,30,10.494586911729474,11.76926082987
15,30,1.892269670897843,0
16,30,0.7766828353713805,6.550353432143059
17,30,0.8425809897393453,2.8417655007076794
18,30,0.25018445402958217,3.843927489167761
19,30,4.12289744798219,1.6989246080255473
20,30,12,10.512957396016681
21,30,4.636864588905284,8.232805540872157
22,30,7.972861914576706,10.138783018654287
23,30,7.883935900409361,2.1116713594489083
24,30,11.37297960102554,2.1719620648204208
25,30,0.6090599912346029,10.894107504894343
26,30,11.121098913252252,4.585919860779639
27,30,1.1125233371620156,0.3059541950203887
28,30,12,9.18469616265415
29,30,1.4520405604458042,1.0690742144281102
30,30,1.9990569647094096,1.0663749502430506
31,30,3.9424788053077737,2.6684595325502345
32,30,5.28549100262199,10.691202678872012
33,30,8.906422426186944,3.319576662093414
34,30,1.9349449054839143,0
35,30,7.158287670384432,0.7348123941434076
36,30,8.816439327054105,10.520567032187332
37,30,9.14413230952389,0
38,30,7.0475320910515435,4.6971353442513175
39,30,9.889259418945315,6.4242994878739275
0,35,9.59292734309078,10.615112359086664
1,35,7.434347517033776,6.851247394858944
2,35,12,6.925441930894773
3,35,6.88114027016486,5.546451681016585
4,35,5.126364891975617,6.542985882427908
5,35,11.59938582719926,3.3062083708013943
6,35,11.84800383171437,6.613200354763354
7,35,0,2.442366963368435
8,35,2.0873608616070443,4.711238055889083
9,35,10.99618002403007,4.996615280082048
10,35,7.5708002898590525,3.2019929758948584
11,35,0,10.449334809216804
12,35,4.39862437975614,0.6910454600959333
13,35,6.753312171032251,8.077890911124168
14,35,10.570651367671287,11.73013537530639
15,35,1.8646436134573658,0
16,35,0.7341776463111043,6.65638964662773
17,35,0.8063807595041335,2.8040195661822525
18,35,0.2979561514486942,3.811145900469831
19,35,4.144460978944213,1.6496649190491322
20,35,12,10.448517126285486
21,35,4.609187800930045,8.251047822471739
22,35,7.97386709879766,10.134252683904249
23,35,7.861561448935261,2.134926693028179
24,35,11.422274134184748,2.1944921465689706
25,35,0.5518550579047288,10.907992767659811
26,35,11.132179655495916,4.540633223330733
27,35,1.1281489003660299,0.3479442913613947
28,35,12,9.188410677029333
29,35,1.5191070447100894,1.0802875055107568
30,35,1.995068507652989,1.0246540982026848
31,35,3.932247857939594,2.6085892798580277
32,35,5.3718163400664345,10.597201888876997
33,35,8.907034493266943,3.3172771896122524
34,35,1.9336610156438476,0
35,35,7.1949961683684105,0.6763039416254939
36,35,8.788599092658908,10.606198981083018
37,35,9.169888975486115,0
38,35,7.096327032035766,4.626947007363619
39,35,9.873302543927442,6.503725144612231
0,40,9.541497166802566,10.564697623530702
1,40,7.457142142496462,6.844055274232533
2,40,12,6.9181279805875056
3,40,6.918216180956757,5.530904669671464
4,40,5.1495245336515785,6.641728696797092
5,40,11.63847464550946,3.323631928614029
6,40,11.81906792328413,6.7183027681082095
7,40,0,2.491845339131688
8,40,2.0331290290848094,4.677909123148144
9,40,10.994036338757981,5.01085225095092
10,40,7.459331996288938,3.216696759691541
11,40,0,10.512906473596995
12,40,4.447123890645831,0.6613820384878561
13,40,6.71673135748598,8.088334092041267
14,40,10.659636474863667,11.681957122042748
15,40,1.8291834301592842,0
16,40,0.6877615394895326,6.7758061415932485
17,40,0.7723574706847063,2.7680625531361827
18,40,0.34504057566819857,3.7762987532428953
19,40,4.16820414158239,1.5962490653022068
20,40,12,10.41557125995193
21,40,4.564361058854585,8.280699581202445
22,40,7.969589693093198,10.153826485322766
23,40,7.831980167465458,2.166921354282626
24,40,11.47333866997798,2.2172866937421682
25,40,0.4726995677516007,10.929344489018062
26,40,11.139049319916607,4.511570564590401
27,40,1.1499921583429182,0.40686576291991516
28,40,12,9.193806145158979
29,40,1.5633854231244368,1.0895105680819583
30,40,1.991851069902898,0.9970210435536236
31,40,3.9294204608452032,2.5926495819855297
32,40,5.454898044539085,10.507673599107415
33,40,8.90614417568509,3.3207376205847874
34,40,1.9325143571178458,0
35,40,7.236032796296761,0.6106873522414304
36,40,8.762141874423108,10.68907645793202
37,40,9.194562725341314,0
38,40,7.154561491917119,4.546182059983832
39,40,9.858185810250067,6.584301874051289
0,45,9.500806183049312,10.527323479021591
1,45,7.480647741808721,6.836723237959327
2,45,12,6.911485846244572
3,45,6.943022436589792,5.520098953118823
4,45,5.1706824583148645,6.7378818650425725
5,45,11.678410530528755,3.342869798587012
6,45,11.791042915569461,6.8207027174997785
7,45,0,2.5607573167015274
8,45,1.9813196330199196,4.648124996778695
9,45,10.995253593985025,5.003775213155004
10,45,7.33407323721335,3.2307731167478457
11,45,0,10.567557884548789
12,45,4.496228597849319,0.6322286049344931
13,45,6.6681824877342875,8.101696406533298
14,45,10.75611789813851,11.629497846085938
15,45,1.791569678306553,0
16,45,0.6412410289961872,6.891448406701416
17,45,0.7350489198888934,2.7266210940015263
18,45,0.3874787216714221,3.7455858302837064
19,45,4.188429481513547,1.5513593308127864
20,45,12,10.363289872269547
21,45,4.5127506531726445,8.314191174422508
22,45,7.96469559144837,10.178969642747917
23,45,7.800389416388225,2.2018979278541364
24,45,11.521790365033375,2.240067709437238
25,45,0.40055940096307785,10.949671428502775
26,45,11.143820744232157,4.490401717638244
27,45,1.1647175673255425,0.44641086588874135
28,45,12,9.200363348521602
29,45,1.6073298390744708,1.0980686187087276
30,45,1.9883580176794728,0.9703873313534217
31,45,3.9273465045896265,2.5811087172753933
32,45,5.543035447295231,10.589673787990844
33,45,8.890021024144824,3.3164627793141586
34,45,1.9321855252092726,0
35,45,7.26999168436591,0.5578354792788666
36,45,8.735475069189537,10.769222594490179
37,45,9.22555562444355,0
38,45,7.223684417661987,4.450009910561712
39,45,9.844481688722858,6.6615769837606
0,50,9.465827173894617,10.496636458843774
1,50,7.52032376197188,6.82481372690223
2,50,12,6.903666322633073
3,50,6.966807023803717,5.509161065470492
4,50,5.190608681409102,6.824025473929334
5,50,11.718977394442861,3.360508112444012
6,50,11.768453064532542,6.901595894526582
7,50,0,2.6298645738208326
8,50,1.9151792325592671,4.609909148102625
9,50,10.997803214333294,4.990060513034596
10,50,7.229131188057475,3.2431922904910118
11,50,0,10.62552884882569
12,50,4.539027629860557,0.6069871206672672
13,50,6.60433452967304,8.118079307985882
14,50,10.855753071023466,11.570574376335136
15,50,1.7571132412721417,0
16,50,0.5902605794636119,7.014711186777736
17,50,0.682424424905779,2.665971489332783
18,50,0.44203332974040477,3.705915339979971
19,50,4.210210442982586,1.5034986635409224
20,50,12,10.33138528629031
21,50,4.444625692363648,8.361308930809493
22,50,7.956312613812749,10.222484630536428
23,50,7.770370653339898,2.2351334874599615
24,50,11.578375752234775,2.265902801997052
25,50,0.353609601129027,10.96302828733756
26,50,11.151335525345168,4.455844451657826
27,50,1.181174643329171,0.48861523176011035
28,50,12,9.214335544101038
29,50,1.6157728937252904,1.0541608594050744
30,50,1.9828113572143518,0.9265469074385543
31,50,3.9263355212518793,2.574797769363729
32,50,5.629883261258199,10.673780195877455
33,50,8.849795417579383,3.305235977960559
34,50,1.929211958939537,0
35,50,7.310550153098834,0.4922453989161123
36,50,8.705239971434038,10.861768360483383
37,50,9.253561060659635,0
38,50,7.287019507993873,4.363141596354388
39,50,9.831118626402505,6.747251288685959
0,55,9.41819856763674,10.453997001147208
1,55,7.567456984796052,6.810112557423864
2,55,12,6.89912199555651
3,55,6.997114127725491,5.496595962663669
4,55,5.214824385547939,6.919614282116765
5,55,11.74070150041938,3.3697130271843814
6,55,11.75532843258275,6.9483103152828445
7,55,0,2.690528046681215
8,55,1.8552597304100251,4.576197906685323
9,55,11.002964607012895,4.960237509555213
10,55,7.120632483151023,3.256676988776511
11,55,0,10.699836704371062
12,55,4.563531077040631,0.5925038557574863
13,55,6.531848787963003,8.134179859623751
14,55,10.939404041823236,11.520841702035812
15,55,1.7324824630391396,0
16,55,0.5347784330202359,7.156903401034283
17,55,0.63917807505238,2.614056344373445
18,55,0.4756742308051094,3.6818338670575583
19,55,4.2390761690646315,1.4431537700122095
20,55,12,10.303047228588614
21,55,4.393114321632537,8.398715473276319
22,55,7.948371229631041,10.267741853123804
23,55,7.739299408488042,2.2680797021742314
24,55,11.60661768313085,2.277463160991528
25,55,0.30607911059620263,10.976062860403669
26,55,11.15653694248205,4.428940846207074
27,55,1.204397832462024,0.5504549314723641
28,55,12,9.2304491271909
29,55,1.6202196732093794,1.0282932097910624
30,55,1.9773688279614663,0.8832767031253531
31,55,3.929837679915034,2.5956655480825104
32,55,5.710386970714847,10.752137650934172
33,55,8.809041997648748,3.2944719942667007
34,55,1.9265142284925623,0
35,55,7.357579654434224,0.4182733347617664
36,55,8.675657475552493,10.951548276166125
37,55,9.281509565114481,0
38,55,7.362947185608322,4.259802882882174
39,55,9.820828487273145,6.808219252677681
0,60,9.37138770702775,10.409566442167831
1,60,7.626256582262847,6.7905121921027645
2,60,12,6.8937765467939185
3,60,7.0220785569142175,5.486243089898001
4,60,5.2492082909424695,7.049152337520515
5,60,11.751650001531782,3.3741693593307147
6,60,11.74131946284038,6.9975431821152
7,60,0,2.7417882597329606
8,60,1.7970532927324903,4.543892590215426
9,60,11.010274292260924,4.91781119482737
10,60,6.990801503919362,3.274315774760442
11,60,0,10.768270443096574
12,60,4.592468578249532,0.5768685795766806
13,60,6.4720116477948455,8.147323728430504
14,60,11.019529069826959,11.472117925071235
15,60,1.6974457201486595,0
16,60,0.4815606362063951,7.296792214894468
17,60,0.5867263768074812,2.5507310817600706
18,60,0.49688596873643465,3.666897467298651
19,60,4.2716797824021935,1.378869770196149
20,60,12,10.291366059399943
21,60,4.344693773413348,8.434187599229555
22,60,7.9453365020156355,10.288271826093554
23,60,7.70416447071793,2.3059185889702913
24,60,11.626790744045636,2.28542813293844
25,60,0.2644093546262401,10.98688950059428
26,60,11.162531215487565,4.400452102950032
27,60,1.2375013674129214,0.6331795372141769
28,60,12,9.248993652951517
29,60,1.6224657897912627,1.014072399296954
30,60,1.9697065012381025,0.8305628575157974
31,60,3.934500852396291,2.6218679775627134
32,60,5.805849923368294,10.847107196490382
33,60,8.771169103392102,3.2837434203238636
34,60,1.9235492782494696,0
35,60,7.4150666616851755,0.330462805365688
36,60,8.646510924116454,11.046679610004766
37,60,9.307063783109058,0
38,60,7.442223716556528,4.148555071846131
39,60,9.810279531100209,6.871388966598531
0,65,9.320654346846657,10.360200757300534
1,65,7.705743978494467,6.764102053950216
2,65,12,6.889265481186405
3,65,7.04332381151378,5.477376916921
4,65,5.282822521268593,7.181603988108282
5,65,11.77919074548432,3.385098332009109
6,65,11.72785129092931,7.045180601129687
7,65,0,2.7992747560251705
8,65,1.7380830928442084,4.510740802595431
9,65,11.019127279217487,4.865233199064996
10,65,6.886077295402405,3.287559046342152
11,65,0,10.835269443452606
12,65,4.613688035007661,0.5654831264051173
13,65,6.409611123206808,8.160443144574513
14,65,11.088373296355961,11.428561187183279
15,65,1.6672698417140797,0
16,65,0.42837973646355515,7.435278519909535
17,65,0.5370616871439596,2.49029256907895
18,65,0.5475908454767349,3.6284660794344727
19,65,4.305642937808453,1.3077767987630182
20,65,12,10.277329078544462
21,65,4.291600976264143,8.472141737853457
22,65,7.943302762983053,10.305865193004566
23,65,7.686490902435474,2.324362333427462
24,65,11.63872429065976,2.2901645462442173
25,65,0.2083193241396617,11.000665341158053
26,65,11.170532861069685,4.353233129522274
27,65,1.269503423770517,0.7106517907065093
28,65,12,9.274858746311889
29,65,1.6247020131055583,0.9997415307318828
30,65,1.962405872218286,0.7780976812774829
31,65,3.936544639804955,2.634639708894889
32,65,5.896797913209196,10.938972354707213
33,65,8.736862447916582,3.2740047280217013
34,65,1.9186249916069849,0
35,65,7.464667798802958,0.2582927265705998
36,65,8.62031060760727,11.13900503524623
37,65,9.327335370715852,0
38,65,7.317085926930999,4.06013199384391
39,65,9.803689201786598,6.908370597639215
0,70,9.278116069827751,10.318754908383523
1,70,7.78377324013198,6.740303063744948
2,70,12,6.8817808223505095
3,70,7.071737858394073,5.465586775218786
4,70,5.316785132749537,7.324404882829457
5,70,11.804713224520318,3.395410493550788
6,70,11.703118522080931,7.1234070419719275
7,70,0,2.86219340117264
8,70,1.691850127265463,4.486387136795953
9,70,11.029207391154815,4.804885123426174
10,70,6.774897168627284,3.3010198480733965
11,70,0,10.918701040228344
12,70,4.628377563003353,0.5573232297554767
13,70,6.3545087603021955,8.172272390569079
14,70,11.168269463437857,11.378690419856145
15,70,1.6300297770834955,0
16,70,0.37919453049807367,7.564903679087753
17,70,0.48614260101730417,2.429436919314775
18,70,0.6000288623031161,3.5900734518098774
19,70,4.329988126494442,1.2576487125250808
20,70,12,10.246833026173999
21,70,4.232998661575216,8.512212687937298
22,70,7.941227403230096,10.3283469679245
23,70,7.678304601208087,2.3330157817402406
24,70,11.650845705611282,2.2952899488791476
25,70,0.14997503216424146,11.014081666595397
26,70,11.176553850155411,4.315206632626939
27,70,1.303758962538754,0.7955802617436305
28,70,12,9.296822280376741
29,70,1.62932146281705,0.9709825418284357
30,70,1.9510541736944953,0.6968527002310119
31,70,3.9379824054647674,2.6440470355607806
32,70,5.98625957491975,11.032536761044199
33,70,8.706290180269821,3.2649308157178387
34,70,1.9154885048953867,0
35,70,7.517295950934887,0.1834749751576387
36,70,8.592360105749174,11.236931192287138
37,70,9.377674605582994,0.02183160736163918
38,70,7.190222281376982,3.9712136797910174
39,70,9.793103107803775,6.961176381628004
0,75,9.231989461916452,10.275729634265224
1,75,7.860452152580467,6.717514624020326
2,75,12,6.872715433559305
3,75,7.096814146098953,5.454736646359369
4,75,5.347623768321038,7.453053199958649
5,75,11.83683905813439,3.4087841556848577
6,75,11.672562403753723,7.222962153797433
7,75,0,2.920172531081169
8,75,1.6385449436563462,4.4573792319715855
9,75,11.041327123168676,4.734650315215058
10,75,6.672633020300341,3.3131043465507504
11,75,0,10.999562608211512
12,75,4.657036578006671,0.5422340474622551
13,75,6.323938418900344,8.180769226904475
14,75,11.26138868663971,11.320947147296241
15,75,1.5922784758342658,0
16,75,0.3247661296442279,7.705983623161743
17,75,0.43074089285412087,2.362157847825708
18,75,0.654475149140835,3.550160554991306
19,75,4.34707644820617,1.2216082639785202
20,75,12,10.236315717804718
21,75,4.154080922376075,8.563304261549245
22,75,7.937509949692588,10.375143672232317
23,75,7.665916344898785,2.3464543741279726
24,75,11.64988959521111,2.294879912771969
25,75,0.08175735890788044,11.027518092220351
26,75,11.18584960388262,4.256751949054172
27,75,1.3383144766493111,0.880378782846477
28,75,12,9.319035270478373
29,75,1.6350802108256457,0.9373000675240843
30,75,1.9407463804349845,0.6196617067582268
31,75,3.9411943152415607,2.6647217412428987
32,75,6.0780003835705845,11.127423061835861
33,75,8.672197086644239,3.254733572401154
34,75,1.9125397836179192,0
35,75,7.561837941772545,0.11815649956756523
36,75,8.565653948167437,11.341811906626798
37,75,9.43137918714755,0.044901104172508775
38,75,7.071410024786859,3.886987695242934
39,75,9.786065525381403,7.000490494230388
0,80,9.18777863477518,10.236690803158481
1,80,7.931894413831166,6.695578902826306
2,80,12,6.867853886773454
3,80,7.1368137678354,5.438501253864842
4,80,5.378522757634375,7.58663359672137
5,80,11.852849600682134,3.415051079879219
6,80,11.648228912546424,7.301836674408539
7,80,0,2.9662393619786243
8,80,1.5716895108105575,4.4215050009033225
9,80,11.054386917740638,4.657765120911206
10,80,6.600296854387821,3.3243177063666653
11,80,0,11.082690657646575
12,80,4.674331504661683,0.531828884206888
13,80,6.282838775598391,8.19219335127076
14,80,11.333578590810145,11.272100413609941
15,80,1.5546228250460394,0
16,80,0.27185878884158804,7.84774211390859
17,80,0.39168000451199914,2.313309788764238
18,80,0.6899620658752726,3.524712793709026
19,80,4.366693987159295,1.179337188608249
20,80,11.999990533460755,10.236441776573756
21,80,4.061653819022086,8.623435110119695
22,80,7.9322575810410045,10.433100908160498
23,80,7.661540766528705,2.3511541872669643
24,80,11.640332457098971,2.2905892210109005
25,80,0.004470108662925298,11.041890145346493
26,80,11.19408712156407,4.215644384457815
27,80,1.3738251375438326,0.9721326839217347
28,80,12,9.324318804865023
29,80,1.6403685384469704,0.9077463194569424
30,80,1.9295636695017575,0.5411109986393078
31,80,3.9432941804017716,2.6816259440893875
32,80,6.151231387961167,11.19833926747107
33,80,8.628346629821554,3.2418717331692575
34,80,1.910777199944229,0
35,80,7.602190362300949,0.06244456900493126
36,80,8.539027773653055,11.451568582703032
37,80,9.485544163397526,0.06859375329851311
38,80,6.941223790097439,3.798037673693843
39,80,9.778740723696167,7.046562454569379
0,85,9.141688695616288,10.197320556734146
1,85,8.013723563024099,6.6701736723863725
2,85,12,6.862735335334651
3,85,7.185207722338263,5.417546448704693
4,85,5.510637493455277,7.555420388083953
5,85,11.858561562674709,3.417284984863948
6,85,11.622480750583714,7.380035035606621
7,85,0,2.9984659247077152
8,85,1.52866796968303,4.397779349995453
9,85,11.07056038074388,4.569533178640045
10,85,6.525354228156652,3.335901311945397
11,85,0,11.14974769309645
12,85,4.671647388608754,0.5334637541149297
13,85,6.270709902589895,8.19540606413241
14,85,11.387043514865145,11.236919886743209
15,85,1.5153800309600505,0
16,85,0.22477589731698605,7.971889993700052
17,85,0.3506928791400704,2.2621080843857797
18,85,0.7193868268559604,3.5024489521139084
19,85,4.391363586659425,1.1274639987911668
20,85,11.999055170645269,10.248143447373735
21,85,3.960358942516335,8.688849047926116
22,85,7.926756973375078,10.508160690922276
23,85,7.6404798058531895,2.3733697146323145
24,85,11.622419955186706,2.2822612093704806
25,85,0,11.05714095711514
26,85,11.207952319384448,4.154405480691526
27,85,1.4146381147009837,1.0735949903036426
28,85,11.999339027567807,9.322516580445374
29,85,1.6453556646571579,0.8816060230565964
30,85,1.9182452996248434,0.4568360724643547
31,85,3.9468703024302467,2.717288049110969
32,85,6.217835597196915,11.26134125766926
33,85,8.589301952139726,3.2311492364530454
34,85,1.9090941701933304,0
35,85,7.639604882868931,0.010697955908648735
36,85,8.505041566760404,11.578795624556134
37,85,9.532816677442275,0.0888589684345675
38,85,6.810783106900799,3.698882723378128
39,85,9.77036392276334,7.091571568803501
0,90,9.08904915333242,10.1530174738419
1,90,8.094408157244475,6.64657601226313
2,90,12,6.858972433370129
3,90,7.235310989121503,5.3956622012385225
4,90,5.620278386088303,7.530564893021044
5,90,11.849299338934964,3.4135835593317077
6,90,11.60493809390829,7.438979949601189
7,90,0,3.0242673264675695
8,90,1.4939922488943338,4.379207015624137
9,90,11.086376701230378,4.467435085469922
10,90,6.444086147771806,3.3492027765627883
11,90,0,11.213357935066517
12,90,4.674953879845994,0.5314822195688347
13,90,6.264180039185938,8.197156622426585
14,90,11.451032897510412,11.193415314355354
15,90,1.482018549312688,0
16,90,0.17398056903386255,8.103503660974273
17,90,0.3127248294349071,2.213293714911419
18,90,0.7511583707544706,3.4797025740429066
19,90,4.4144412914164075,1.0777977474932738
20,90,11.99846207983675,10.256828950861507
21,90,3.8628308650268957,8.750366862201245
22,90,7.92085638791587,10.573858414158714
23,90,7.615164732705104,2.399506957397031
24,90,11.597035787073288,2.2706667171438086
25,90,0,11.075137264200812
26,90,11.223425765235824,4.086719086531428
27,90,1.4629633581181605,1.1959199534846747
28,90,12,9.351733257682818
29,90,1.6457340995275702,0.8795488601767831
30,90,1.905923034251344,0.37609240648409953
31,90,3.9508602390679264,2.7510938155369833
32,90,6.282244881367387,11.324841934293536
33,90,8.523139639594147,3.2111005164915096
34,90,1.9084431374677848,0
35,90,7.677025717913935,0
36,90,8.464920255028714,11.720527779819403
37,90,9.59140212938295,0.11292610016075191
38,90,6.698066752601279,3.6147403996427316
39,90,9.762588515265426,7.129063923806552
0,95,9.039879475584046,10.112328419345573
1,95,8.175652240833362,6.624482912325664
2,95,12,6.853873296297665
3,95,7.2626390696679195,5.384085833785095
4,95,5.734000253443311,7.5038157058343
5,95,11.857684527019607,3.416861314427618
6,95,11.588940306004549,7.494107307910413
7,95,0,3.0594197951662534
8,95,1.4880187981225106,4.375819607988763
9,95,11.103418442040427,4.360719884733547
10,95,6.363834172992615,3.360226114458996
11,95,0,11.270535905813308
12,95,4.670625173771134,0.5340982493029536
13,95,6.265296242922009,8.19688723190828
14,95,11.516413457352625,11.147820184613002
15,95,1.4445165121069128,0
16,95,0.12325524227188744,8.229850080847603
17,95,0.2683757728230128,2.156943181160925
18,95,0.7876216146302959,3.453186195855576
19,95,4.445845650229896,1.012166054091413
20,95,11.997930934394997,10.274189346298856
21,95,3.811429650648837,8.673916460776542
22,95,7.913482778604981,10.639726453720739
23,95,7.595585698511862,2.420360837702731
24,95,11.576274039331103,2.2610094183573364
25,95,0,11.088159649466064
26,95,11.234986132398792,4.029817512133645
27,95,1.5137462273238,1.3255569710471167
28,95,12,9.385971057640061
29,95,1.6426799939630619,0.893194283233443
30,95,1.897362571143725,0.3094385636841842
31,95,3.95250841444886,2.7665749284521506
32,95,6.348601700680036,11.388441627712586
33,95,8.455554504972822,3.189792958132664
34,95,1.9080992670998098,0
35,95,7.717767130807481,0
36,95,8.428640769227147,11.85320083974826
37,95,9.656182517376998,0.1402637869963391
38,95,6.591800421260917,3.538256075592399
39,95,9.757589511267183,7.155046122866534
0,100,8.980282790240873,10.064173993075334
1,100,8.200847114532776,6.715334100749372
2,100,12,6.8494235153586125
3,100,7.292813080117891,5.372245443512197
4,100,5.838572343369788,7.4787183752706134
5,100,11.858768503365123,3.4172808113999738
6,100,11.57257082910787,7.54792809447911
7,100,0,3.100055362462976
8,100,1.4644546245040384,4.362161744066971
9,100,11.118746283650541,4.258560718194353
10,100,6.278974423711524,3.373037193953525
11,100,0,11.328742344014165
12,100,4.683092510076713,0.5264451835393191
13,100,6.281384223335816,8.193097322131953
14,100,11.579113884669065,11.104785204853494
15,100,1.4100791505112145,0
16,100,0.06230566925167162,8.370710784195982
17,100,0.22003231089343503,2.095646230158808
18,100,0.8270185010723722,3.4240871029504687
19,100,4.497146607138091,0.9055710098733858
20,100,11.997862987815532,10.279784949404549
21,100,3.7581399195319256,8.591446632530463
22,100,7.904595319116731,10.714880197329256
23,100,7.574550629589505,2.4428868774101673
24,100,11.563004339496574,2.254897515757105
25,100,0,11.104468554597444
26,100,11.24965458615659,3.9657790498429932
27,100,1.5675337207520037,1.461102470149022
28,100,12,9.418629649040543
29,100,1.638485601548421,0.9098528849415773
30,100,1.8885989932663134,0.24380572467766343
31,100,3.9569859408778316,2.8118543272208685
32,100,6.413728144062457,11.45341981136076
33,100,8.377554964174157,3.1649923855575257
34,100,1.908163609257574,0.0007726904099550785
35,100,7.75398484458408,0
36,100,8.391217543379609,11.991220595364538
37,100,9.739205409451177,0.17551886936121833
38,100,6.480582965948817,3.45694895674794
39,100,9.754613220630139,7.1720893942379975
0,105,8.911708700490099,10.010760883242007
1,105,8.231461121708945,6.812542434478377
2,105,11.991756542294821,6.8514863490970725
3,105,7.334410441538834,5.355416517977811
4,105,5.919352421886084,7.458488170655426
5,105,11.84109437974454,3.410485356762996
6,105,11.552959555962477,7.614865415042769
7,105,0,3.119210842174807
8,105,1.4447084315692655,4.3506144541717715
9,105,11.130326445002197,4.161135651533998
10,105,6.214069282790695,3.384427138910598
11,105,0,11.381498246031422
12,105,4.704320302030229,0.5135825743042853
13,105,6.282992670401798,8.19270812853011
14,105,11.63914220309214,11.063651907113064
15,105,1.3777442255345975,0
16,105,0,8.507645414993116
17,105,0.18606639338038497,2.0529604706848
18,105,0.8628679363564771,3.397687944242264
19,105,4.554174896288938,0.7883517496813515
20,105,11.997999909875396,10.269181402833949
21,105,3.695302736199457,8.498450021291642
22,105,7.899257460007105,10.76695030766582
23,105,7.561179027489895,2.4568457841426183
24,105,11.555446675069325,2.251414244017132
25,105,0,11.122222466201194
26,105,11.261131956431905,3.917099266323929
27,105,1.6271990671414898,1.5971311232534708
28,105,12,9.456199716412693
29,105,1.6333687466361149,0.9299813566119721
30,105,1.8779510500568517,0.16987403523138989
31,105,3.961769571743121,2.870105152579664
32,105,6.492642484400492,11.528064295370198
33,105,8.303833718346516,3.141276699240317
34,105,1.9083367458450458,0.0031983596726486998
35,105,7.798077704788479,0
36,105,8.355764984439427,12
37,105,9.826331233120863,0.2127164423395926
38,105,6.365966535455,3.372772551054659
39,105,9.752652629284468,7.185676082454377
0,110,8.837153867147236,9.954415730123985
1,110,8.261884679263835,6.906439054827225
2,110,11.984306443494585,6.8534675791464705
3,110,7.377114123026667,5.339265540565118
4,110,5.986538670440927,7.442025891828802
5,110,11.843736167313462,3.4114124262206658
6,110,11.535010630830879,7.677975066822346
7,110,0,3.150197988363174
8,110,1.448156478180549,4.352652312161904
9,110,11.143150503700186,4.068411462288649
10,110,6.134548127893136,3.3985614242474007
11,110,0,11.434186599310907
12,110,4.7116295406179995,0.5094302900344079
13,110,6.300844744341365,8.189062008065982
14,110,11.699549667182849,11.021694386229502
15,110,1.3457918221619378,0
16,110,0,8.64667429597002
17,110,0.15958508040400052,2.0200547407546043
18,110,0.9078027985192915,3.362270109577
19,110,4.6754723948423225,0.8473016774577887
20,110,11.997991965186632,10.27067164201224
21,110,3.6349383605490524,8.407688619857955
22,110,7.893017253327468,10.83373859758337
23,110,7.5433709021025,2.4761495962277564
24,110,11.554466428559078,2.2509648284291135
25,110,0,11.140813701777116
26,110,11.272524081350607,3.870966524130694
27,110,1.6868955950290894,1.7323101357848725
28,110,12,9.470723131635593
29,110,1.6267747487806339,0.9567581377910859
30,110,1.8668439487878083,0.09225697263176542
31,110,3.9676343855014387,2.944821409313858
32,110,6.57680952184499,11.611265157390132
33,110,8.208681803112196,3.1068703922616208
34,110,1.908126333487697,0
35,110,7.835150167456144,0
36,110,8.326982627181602,12
37,110,9.908742008532707,0.2483120017244221
38,110,6.251200553526008,3.288773548953093
39,110,9.750085030856953,7.204633689603797
0,115,8.760638190775076,9.900499257449507
1,115,8.295335352186028,7.012350004322559
2,115,11.99715870346543,6.849856529572321
3,115,7.418963065372527,5.32245660274781
4,115,6.07003954908223,7.422273808015079
5,115,11.830820811646594,3.4064715547121835
6,115,11.518446493293448,7.737504278125315
7,115,0,3.167368250046769
8,115,1.4651462093667416,4.363527242182037
9,115,11.15502526057816,3.9707248331590095
10,115,6.048132167093947,3.4116912624322038
11,115,0,11.490944822238209
12,115,4.70100124960979,0.5155334389922707
13,115,6.317011165106342,8.185476018621353
14,115,11.762035210185283,10.980030434438344
15,115,1.3102511624511453,0
16,115,0,8.796757446545092
17,115,0.12674854560569793,1.9773562722276374
18,115,0.9466354216061514,3.3336750334784804
19,115,4.799877499074254,0.911292698689477
20,115,11.99791967639632,10.263123975509002
21,115,3.5759637383592815,8.320916621767829
22,115,7.887860220778223,10.885402606564185
23,115,7.517145067459936,2.5040911392691667
24,115,11.559987749638355,2.2534550094508656
25,115,0,11.163233315575223
26,115,11.285084790343289,3.8200786394623014
27,115,1.749243076712066,1.8776959441749104
28,115,12,9.511333204591626
29,115,1.6228372487280958,0.9725673870892964
30,115,1.857949816565759,0.02127485873820964
31,115,3.9731237372828354,3.0237149664334817
32,115,6.65350264260699,11.686019266603312
33,115,8.181104274610236,3.1859827792552604
34,115,1.9092929966345138,0.028463072421404337
35,115,7.860584732604039,0
36,115,8.299133615112707,12
37,115,9.991353650766005,0.2833870178331585
38,115,6.134483188982989,3.2027322473212956
39,115,9.748951068858767,7.21260327811689
0,120,8.688306735626862,9.848369050445047
1,120,8.328735528517445,7.125108102616733
2,120,12,6.846043598850467
3,120,7.456706513663705,5.305863058307814
4,120,6.166236752986857,7.4011282290333575
5,120,11.822686992275127,3.403182756847042
6,120,11.501134791206193,7.8093781393674835
7,120,0,3.1734928649103784
8,120,1.4784530223610746,4.371676177002273
9,120,11.167701037530932,3.891442031127888
10,120,5.976039512705281,3.4219484664432804
11,120,0,11.553039205560594
12,120,4.703622473532111,0.5139871152406121
13,120,6.342278921078281,8.179816479581142
14,120,11.821795207867273,10.938051548170346
15,120,1.2727286432163911,0
16,120,0,8.955774879569393
17,120,0.0970506828007362,1.9387140407139867
18,120,0.9809144192176383,3.309630124247849
19,120,4.938000118360215,0.980816184495121
20,120,11.997913453460546,10.264412931919276
21,120,3.5118507896311075,8.229866928244379
22,120,7.883341021316152,10.930182305207866
23,120,7.481858291501824,2.5436587411037723
24,120,11.58560936393681,2.2651815383659364
25,120,0,11.184134844060534
26,120,11.295700395727419,3.775185037359361
27,120,1.8146458627818323,2.0368897360147145
28,120,12,9.571864073609344
29,120,1.6179413200524166,0.9916395344589555
30,120,1.8503114298990888,0
31,120,3.9782047750667715,3.1110695320803057
32,120,6.725588248529409,11.756060674209595
33,120,8.157273933043076,3.259936907661009
34,120,1.9100167831715849,0.05370992948518722
35,120,7.884071892391596,0
36,120,8.266999230950452,12
37,120,10.078979447577833,0.3199112170116229
38,120,6.034337332912755,3.129655839506287
39,120,9.75007716856592,7.203507940645264
0,125,8.62004730315644,9.802794086122205
1,125,8.353099409271774,7.211623282821194
2,125,12,6.845628514921393
3,125,7.479314956082222,5.296056398435849
4,125,6.274372259587427,7.379487714723263
5,125,11.80640651481633,3.3967089486165243
6,125,11.488322208749784,7.870961121860229
7,125,0.002400180875584384,3.170628806389772
8,125,1.5002911981003082,4.384139966494303
9,125,11.181029235717283,3.8066818045282362
10,125,5.908280341438942,3.4323660025927776
11,125,0,11.610745089014399
12,125,4.726122774062302,0.5005200126512633
13,125,6.374721390802684,8.171930510835844
14,125,11.86222030778689,10.910061670463337
15,125,1.224471144656007,0
16,125,0,9.121914976679532
17,125,0.05418271394488907,1.8835696055828144
18,125,1.0164991753627803,3.2838526570083424
19,125,5.06018921673286,1.0415629972937492
20,125,11.99792724130836,10.258003291301193
21,125,3.429574778777677,8.112393163852303
22,125,7.88028911807387,10.9670943025521
23,125,7.4522394961012814,2.577064202869886
24,125,11.619050665684034,2.2799395282297215
25,125,0,11.195870122021313
26,125,11.302570783287276,3.740427346393002
27,125,1.8720222777000666,2.1710724963800887
28,125,12,9.62142997800472
29,125,1.6109132173334493,1.0187941315789664
30,125,1.8434747891642276,0
31,125,3.980744193018679,3.175762750176966
32,125,6.8123480654146125,11.839429545281932
33,125,8.134458518199938,3.3324753261479905
34,125,1.910374593711288,0.0642165295529215
35,125,7.921164798774782,0
36,125,8.232798755797246,12
37,125,10.155873684133583,0.3543215100533484
38,125,5.937953558098445,3.05795614176501
39,125,9.753361945037298,7.172216649535267
0,130,8.551606518041565,9.758262906347527
1,130,8.376096364267436,7.300935756548865
2,130,12,6.845530438699094
3,130,7.4941187876890485,5.289335233812874
4,130,6.393758567237298,7.356266873461671
5,130,11.809491027021314,3.39778552111448
6,130,11.480749325766414,7.917816003005167
7,130,0,3.1810151770313104
8,130,1.522071687215959,4.39631367350127
9,130,11.192767338150823,3.7197139007292215
10,130,5.84418902042349,3.4432330957851436
11,130,0,11.670120319920803
12,130,4.746549460718769,0.48908727902733445
13,130,6.423210282144635,8.159457136082267
14,130,11.902768619040403,10.880702569172042
15,130,1.1918222216736,0
16,130,0,9.277528802879385
17,130,0.018402313987803287,1.833200375804293
18,130,1.0420985700560526,3.265485581736145
19,130,5.196512182801725,1.111024948637976
20,130,11.997959462972393,10.247269374651685
21,130,3.3426911890007824,7.989511634131226
22,130,7.877301142089576,11.011679201431537
23,130,7.416906882729857,2.6186176387927675
24,130,11.668976758727977,2.300873829337631
25,130,0,11.213834960984304
26,130,11.310056951053385,3.70435609700665
27,130,1.9316008644198142,2.3140272049737782
28,130,12,9.660577141477159
29,130,1.5983937133985733,1.0649120080504526
30,130,1.8383612299696392,0
31,130,3.9833886742569837,3.2372730094897535
32,130,6.890378174174562,11.91011801565045
33,130,8.108209455158114,3.4073476488129395
34,130,1.9116250526130594,0.09089511769218875
35,130,7.948551308005062,0
36,130,8.199042211008958,12
37,130,10.239854136507185,0.38867675977119653
38,130,5.830888725864731,2.9796547696510682
39,130,9.757904345837346,7.134204783321926
0,135,8.497505717471793,9.72266087529387
1,135,8.400238609386468,7.393312989675307
2,135,11.988068749373566,6.848856747937173
3,135,7.509309918086113,5.281923244234162
4,135,6.522078963359062,7.329724903509999
5,135,11.802498777106385,3.3952719178638846
6,135,11.477683029460445,7.936870436472656
7,135,0,3.211715502470542
8,135,1.5123060479244967,4.41303768762809
9,135,11.202913488233174,3.6483805057661995
10,135,5.758471520557481,3.455832181860686
11,135,0,11.715571840222655
12,135,4.754449647468541,0.4846680994297565
13,135,6.461145559968046,8.149051289540765
14,135,11.956436646727763,10.841386706169626
15,135,1.152574153761,0
16,135,0,9.4247387350619
17,135,0,1.7901132613151294
18,135,1.0657561052173787,3.2487881330004726
19,135,5.3248084269087865,1.1758319640391142
20,135,11.997899246848533,10.252193309496667
21,135,3.269499889201292,7.879366099807827
22,135,7.8732875414001695,11.08315917982927
23,135,7.379248504051688,2.6607376987636826
24,135,11.744029355913067,2.334708788469885
25,135,0,11.232263412796332
26,135,11.313860877134967,3.6848515389517593
27,135,1.980401539641292,2.4294210888480245
28,135,12,9.708138780182619
29,135,1.5817130364177172,1.1217146187845888
30,135,1.8346289783430547,0
31,135,3.9850578538318513,3.295846731607217
32,135,6.9712179051542025,11.983895583195988
33,135,8.083064587968448,3.4780370418756745
34,135,1.9123073539565094,0.09905384542602054
35,135,7.967887050249881,0
36,135,8.172828321718098,12
37,135,10.337167673539554,0.42992829267900157
38,135,5.7078079771522745,2.888836510366961
39,135,9.760480928389738,7.107982141565716
0,140,8.428431498767104,9.675925847898284
1,140,8.418220177063843,7.467785330574781
2,140,11.976409328782774,6.852012419106862
3,140,7.5371462680639985,5.267988830926164
4,140,6.664089334179057,7.29858761655052
5,140,11.793684992817036,3.3921853446894406
6,140,11.478408292210188,7.93231179601223
7,140,0,3.2394358936005077
8,140,1.4947586882565993,4.443175294070747
9,140,11.216448694714495,3.568367255762238
10,140,5.659959498119285,3.4673927184402804
11,140,0,11.779722176174424
12,140,4.762553534654768,0.48009458580485365
13,140,6.522014540508061,8.132089509946606
14,140,12,10.797686901311158
15,140,1.1219654242690458,0
16,140,0,9.60355130088336
17,140,0,1.746796202735753
18,140,1.0841277219504395,3.236522644925613
19,140,5.437957787345771,1.2311428864417229
20,140,11.997972579895462,10.266457998153216
21,140,3.1969887701475095,7.772031652611206
22,140,7.869346760339927,11.147045611445602
23,140,7.3406212094791865,2.70357657934671
24,140,11.817937795321003,2.36850806223884
25,140,0,11.25122252039046
26,140,11.319026739121652,3.654200013922958
27,140,2.0323921715422295,2.558896368310436
28,140,12,9.748479684316079
29,140,1.5602737378757967,1.19309148701291
30,140,1.8300123254266205,0
31,140,3.986981148882269,3.3403672988241575
32,140,7.066318838559142,12
33,140,8.067419193966929,3.527155561454965
34,140,1.9126079114124008,0.10277583310932822
35,140,7.980278375023072,0
36,140,8.146228202951605,12
37,140,10.416976758515705,0.4657312611765921
38,140,5.5988338326978555,2.8061666305951487
39,140,9.767961934106607,7.046262823699539
0,145,8.35882419087663,9.631177822121467
1,145,8.4303667591159,7.511803608462314
2,145,11.949761500119356,6.858890238534734
3,145,7.570353336134284,5.252031627363226
4,145,6.830009073477608,7.262943841951864
5,145,11.792548821419905,3.391777431033079
6,145,11.478393888280193,7.9323955173333465
7,145,0,3.2790344008834076
8,145,1.4763501575348892,4.475148245394025
9,145,11.233033326087718,3.4673233788274604
10,145,5.587112241538346,3.474920601886746
11,145,0,11.84426742518671
12,145,4.777356351008821,0.47130078136815634
13,145,6.578327642653589,8.115434538630225
14,145,12,10.745491922790519
15,145,1.0925394103184711,0
16,145,0,9.781476461100663
17,145,0,1.7104223137616241
18,145,1.0893459147363826,3.2327754901596975
19,145,5.548388880920287,1.2893137995321566
20,145,11.997142850552525,10.304105562420801
21,145,3.113021393155295,7.650381126290679
22,145,7.862331631838945,11.245718740193272
23,145,7.301340954792789,2.747174080939885
24,145,11.894066234190865,2.4056447187423315
25,145,0,11.265799420299825
26,145,11.3271142284105,3.601781487223159
27,145,2.084408306513182,2.6903016642776962
28,145,12,9.791190623729378
29,145,1.5439988699826133,1.2507014066014444
30,145,1.8245758359829023,0
31,145,3.9884745922290725,3.377126425429245
32,145,7.155887543487253,12
33,145,8.053083523474482,3.5723769114501516
34,145,1.9107230287451682,0.081299395951947
35,145,8.01192299758865,0
36,145,8.120224272520963,12
37,145,10.505256453212146,0.5044263750753168
38,145,5.478656968078267,2.711608072045671
39,145,9.775114530856461,6.9797034233482025
0,150,8.292263836050518,9.589416404903613
1,150,8.43906433772505,7.546460512906339
2,150,11.90896032219941,6.870844349023477
3,150,7.602231837067735,5.2371486642713245
4,150,6.975268632566688,7.2363480401881555
5,150,11.797134080732999,3.3932134983442133
6,150,11.478893620670943,7.929988353644617
7,150,0,3.3228137872721613
8,150,1.4541445816125167,4.515066287284866
9,150,11.245298777105027,3.380156914168584
10,150,5.517466887072325,3.481665048701676
11,150,0,11.91583612507405
12,150,4.798010517450441,0.45870976740275826
13,150,6.662505295538321,8.089911654532838
14,150,12,10.696066414764015
15,150,1.0624516820437482,0
16,150,0,9.957518185214624
17,150,0,1.688583903312462
18,150,1.0898104613552708,3.232448956742704
19,150,5.671929538585361,1.3498697127487351
20,150,11.996525225057056,10.349424922184445
21,150,3.016965417398763,7.513149829416076
22,150,7.855509855802165,11.32573724925038
23,150,7.247219849135572,2.8048349614151946
24,150,11.969498236353434,2.442257370961427
25,150,0,11.280656262474645
26,150,11.335043393519179,3.5429635248740947
27,150,2.1353876342458418,2.819003491060505
28,150,12,9.839487725456737
29,150,1.531115897500861,1.295372505662941
30,150,1.8184794978252024,0
31,150,3.9887199759192042,3.4030515764109506
32,150,7.255933645943011,12
33,150,8.041298878859955,3.6132724292918996
34,150,1.9073810394683104,0.04532067569882757
35,150,8.044771180602723,0
36,150,8.097248814039432,12
37,150,10.584901399297076,0.5410511406778727
38,150,5.375870949435801,2.630616798416466
39,150,9.78356605000649,6.899279710474484
0,155,8.257899671521908,9.56829367934839
1,155,8.449259432005253,7.583856628134401
2,155,11.885710394614257,6.877669017807111
3,155,7.601367117694842,5.237552466691818
4,155,7.114644243085417,7.211221026465754
5,155,11.815587272092925,3.3990744051176742
6,155,11.47708912960426,7.939198370907851
7,155,0,3.364365554658241
8,155,1.4334337219526603,4.553529184081208
9,155,11.261608787988369,3.2792608867313926
10,155,5.476048913621246,3.484980696274689
11,155,0,11.987953706080841
12,155,4.809686857684158,0.4516261470504723
13,155,6.744592715628143,8.0658858770639
14,155,12,10.634899888638548
15,155,1.022453950497552,0
16,155,0,10.144360499778967
17,155,0,1.644438764451611
18,155,1.0863043484978283,3.2349290800681536
19,155,5.806491883950346,1.4125173490596254
20,155,11.994426390482618,10.393503122177687
21,155,2.9178252439156482,7.38116090301382
22,155,7.849135503448473,11.44422716243074
23,155,7.189990628525031,2.8619703351063146
24,155,12,2.4808663366422583
25,155,0,11.29517459637113
26,155,11.34380228489316,3.4845858351571515
27,155,2.178459760255008,2.9339336753034546
28,155,12,9.891622282569967
29,155,1.516394182343893,1.3459079313386901
30,155,1.8115894602971157,0
31,155,3.9887180797047805,3.4054424125194225
32,155,7.365766280866982,12
33,155,8.03798566130948,3.623760876347399
34,155,1.9067429243726948,0.038006791228235096
35,155,8.083682327897746,0
36,155,8.07223674976479,12
37,155,10.674072008551114,0.5804679979665817
38,155,5.276320899171615,2.5517333726229356
39,155,9.793006001559633,6.814295901242268
0,160,8.247353401410026,9.58449308212047
1,160,8.457275067693864,7.613058125700375
2,160,11.852649378991337,6.887966580943471
3,160,7.575435707840073,5.249195652164931
4,160,7.266108770267389,7.1848816056690765
5,160,11.843431251413659,3.4076908911769364
6,160,11.475051452441843,7.94872497305768
7,160,0,3.4144687970824923
8,160,1.401380500974976,4.614538991626349
9,160,11.281113549907406,3.157587902094222
10,160,5.4296450847154984,3.488690293344315
11,160,0,12
12,160,4.8246402289583346,0.44308405892762814
13,160,6.823034340274712,8.042673803427444
14,160,12,10.584922139975271
15,160,0.9795799198530568,0
16,160,0,10.349705283596803
17,160,0,1.6233860079916218
18,160,1.0661140917839829,3.249093477559461
19,160,5.936741775548552,1.4715493567819697
20,160,11.992429125215597,10.441786963149793
21,160,2.8105263505075673,7.239378475370446
22,160,7.843706618407712,11.54572750298927
23,160,7.126398951356565,2.9270432562435538
24,160,12,2.5278002529700108
25,160,0,11.308486539950938
26,160,11.351058985900433,3.4360575194017735
27,160,2.2216752365933723,3.053445322641791
28,160,12,9.934553039380333
29,160,1.4929460149921756,1.4210430850351388
30,160,1.8050507489418715,0
31,160,3.988668605919329,3.401476369319679
32,160,7.483690972323036,12
33,160,8.032423483310566,3.641484104218015
34,160,1.9058429563351118,0.028885347073379693
35,160,8.115705866086532,0
36,160,8.051801534254997,12
37,160,10.764018798353305,0.6216742740476817
38,160,5.1884320198608656,2.4745607453690823
39,160,9.802866098568442,6.718497418658522
0,165,8.227342816358734,9.615846029497028
1,165,8.464136587830367,7.64073187700066
2,165,11.794811280694864,6.905478118596572
3,165,7.542086282067703,5.264405303904104
4,165,7.384323638062943,7.163056062405544
5,165,11.877732239598368,3.418155068125002
6,165,11.474471248957563,7.951827017861313
7,165,0,3.440932813587645
8,165,1.3645263859564405,4.683983422559826
9,165,11.306281416943666,3.0147137690482264
10,165,5.383202495313623,3.4920683691815126
11,165,0,12
12,165,4.841728895278362,0.43310222865101233
13,165,6.886546133673724,8.023571254968887
14,165,12,10.527669820854058
15,165,1.067588064654628,0
16,165,0,10.561698345536835
17,165,0,1.5992553602760746
18,165,1.0487569201004734,3.261081704410545
19,165,6.037646538232261,1.5168871154374892
20,165,11.990972492101442,10.471789905508807
21,165,2.698833971521373,7.093815620139177
22,165,7.840580507426801,11.657702109322273
23,165,7.063778646765075,2.994024754059761
24,165,12,2.574202681613555
25,165,0,11.31595077343275
26,165,11.355387332755349,3.4085321543944227
27,165,2.260260302843877,3.165080403367029
28,165,12,9.976968495451956
29,165,1.4745898744669874,1.484895835301645
30,165,1.7988254625194682,0
31,165,3.9886695541981756,3.40247146011499
32,165,7.594356802158883,12
33,165,8.02835004379139,3.6552916817896492
34,165,1.904703430522631,0.015691045204004238
35,165,8.155429366767219,0
36,165,8.027303815439161,12
37,165,10.834264565435134,0.6539898592013893
38,165,5.09554386826876,2.3896366025760347
39,165,9.810613491602984,6.632269624825627
0,170,8.197509152295302,9.661123298265327
1,170,8.468782956960341,7.657496233512445
2,170,11.742252706693204,6.921351936120092
3,170,7.482033356272061,5.291212967754884
4,170,7.495957687951565,7.1436729205584175
5,170,11.912057293529559,3.428721319063841
6,170,11.471317567085551,7.9700892799454195
7,170,0,3.4682941886609018
8,170,1.3276219996286744,4.759405134367178
9,170,11.335413308341721,2.860215575126855
10,170,5.347577151764838,3.4957412899297364
11,170,0,12
12,170,4.861940402830416,0.4212197025897547
13,170,6.933154202774589,8.009773286291216
14,170,12,10.48027141517888
15,170,1.1575403690847248,0
16,170,0,10.773462771462546
17,170,0,1.5684998673362025
18,170,1.014223577508946,3.2855411446348284
19,170,6.156691248389793,1.5726841707901227
20,170,11.989257109398885,10.501347526651395
21,170,2.578492600493395,6.943279595666604
22,170,7.833865422812739,11.770479973200775
23,170,7.007794956489466,3.056000333223612
24,170,12,2.6117932805694033
25,170,0.00641365181356366,11.313751773219945
26,170,11.359485653140709,3.377458702271596
27,170,2.295950632404872,3.2743812792236646
28,170,12,10.012220803153836
29,170,1.4593107827148555,1.5435225066650649
30,170,1.7946804849932638,0
31,170,3.9879543688594685,3.4230329350469706
32,170,7.682870246662026,12
33,170,8.02055121548756,3.682638306700857
34,170,1.9054000384277945,0.025169261145799895
35,170,8.194837540028933,0
36,170,8.004970933358763,12
37,170,10.914094054278394,0.6911504503234475
38,170,5.0039433878500965,2.3053911485070424
39,170,9.816857970410105,6.571069865861245
0,175,8.166927441731504,9.705338440391618
1,175,8.46855101941728,7.656735883087022
2,175,11.692046186112828,6.936505445463149
3,175,7.408610974750697,5.323543743560505
4,175,7.615826549188772,7.120828679789801
5,175,11.935338607636012,3.43618774688263
6,175,11.467719436103158,7.9926663820560115
7,175,0,3.4944954699288253
8,175,1.2893925341300485,4.8390433036464655
9,175,11.36108196847039,2.7132564160860477
10,175,5.332768346597091,3.497429806818555
11,175,0,12
12,175,4.883902655708651,0.4072935249651488
13,175,6.989414165690549,7.992509899895897
14,175,12,10.458145674812197
15,175,1.234403319043258,0
16,175,0,11.000275824872725
17,175,0,1.5593451017469409
18,175,0.9766877141598574,3.3113132818157434
19,175,6.281336772310233,1.6320417911605547
20,175,11.988257791249612,10.52298845844111
21,175,2.4606580576531196,6.798583774487519
22,175,7.823019958225283,11.88680001425384
23,175,6.94947291245435,3.1210777446704707
24,175,12,2.6504565956573995
25,175,0,11.316423131724292
26,175,11.363324020005384,3.3489162450445487
27,175,2.329801086541137,3.3804145508493537
28,175,12,10.043752825280606
29,175,1.4455971017122826,1.5959164363947784
30,175,1.79072729770378,0
31,175,3.9877867948883208,3.4265054844197946
32,175,7.760060059890623,12
33,175,8.018044856682998,3.6920995036731097
34,175,1.905257460314212,0.021706279322204234
35,175,8.233752671908729,0
36,175,7.97859736230551,12
37,175,10.99698996275831,0.7260630816003868
38,175,4.909288201875494,2.216842177642179
39,175,9.824732675689136,6.484168815583574
0,180,8.126515622361712,9.766071310519784
1,180,8.4711273054762,7.664834047190463
2,180,11.65632785809072,6.946210652507868
3,180,7.333485914699837,5.356813609973797
4,180,7.7279730413627385,7.096501849792178
5,180,11.967958161912202,3.445507588197056
6,180,11.462303685063322,8.030170145383062
7,180,0,3.5167168515021547
8,180,1.2467427655791454,4.9231331502750475
9,180,11.381486950687188,2.5948058409682355
10,180,5.313811845888215,3.4993414379591297
11,180,0,12
12,180,4.8978414107649115,0.39790552593068773
13,180,7.036050160750356,7.977615913773511
14,180,12,10.438718105915676
15,180,1.3268197175156273,0
16,180,0,11.22130229426158
17,180,0,1.5465600845890337
18,180,0.9607592634879781,3.3225013075152723
19,180,6.399858552864652,1.6898631073461838
20,180,11.987275482163652,10.539146974396097
21,180,2.3522149265465746,6.659140873521341
22,180,7.81235978926956,12
23,180,6.8858706223935515,3.1909865992047886
24,180,12,2.6750103916996393
25,180,0.004838877879145804,11.314657408382045
26,180,11.369000302771779,3.309493974678117
27,180,2.3535647543402543,3.4520728598707477
28,180,12,10.056919753034371
29,180,1.4303771440381319,1.6573312432892326
30,180,1.78919357959544,0
31,180,3.9866671934551903,3.44770102586307
32,180,7.82227142480153,12
33,180,8.011504191919368,3.716390291114558
34,180,1.9066446331055442,0.06180952615210984
35,180,8.271820352334997,0
36,180,7.951813356526123,12
37,180,11.074350225759977,0.7595206465765445
38,180,4.825538256754496,2.139465119880267
39,180,9.833292868269726,6.390005146413613
0,185,8.07985785970923,9.836197267497127
1,185,8.47347706824571,7.672663469525523
2,185,11.605952326844138,6.961120603132903
3,185,7.253262313807949,5.39166283779629
4,185,7.855240901327758,7.068368814875605
5,185,11.98080073096784,3.449267013725904
6,185,11.456116856515354,8.069105092011341
7,185,0,3.52017377796883
8,185,1.2072205602487136,5.005462756468535
9,185,11.40259192158722,2.478892866016052
10,185,5.295777452291479,3.500626244197224
11,185,0,12
12,185,4.908906646252445,0.3901659734647806
13,185,7.072779902859265,7.964918955061129
14,185,12,10.424348956282211
15,185,1.4156113897981646,0
16,185,0,11.456346412704496
17,185,0,1.527463043368489
18,185,0.9390801024032756,3.337632480219429
19,185,6.493550075233308,1.7352695770253725
20,185,11.985991371513844,10.563788288718671
21,185,2.2590160169370552,6.53984176070312
22,185,7.800503782959741,12
23,185,6.805885771575721,3.2785091566560034
24,185,12,2.696518618754273
25,185,0.011368510196089691,11.31209670901701
26,185,11.373212256599281,3.2786948158027633
27,185,2.381987702136178,3.5377735076915453
28,185,12,10.076761701036293
29,185,1.4153150572134723,1.7124867931987873
30,185,1.7871308453800023,0
31,185,3.984866664332409,3.473749291206384
32,185,7.897629233315256,12
33,185,8.004677252091172,3.7411381961868777
34,185,1.9092920271012186,0.10131733424044907
35,185,8.296919932996534,0
36,185,7.921832440359045,12
37,185,11.154077845149699,0.7915457182307266
38,185,4.734438322072824,2.060142571506784
39,185,9.838989483758194,6.306849094926149
0,190,8.02499436660426,9.916725313440562
1,190,8.480644681720937,7.695680947801238
2,190,11.562161334747193,6.9741378912513
3,190,7.157584085281301,5.433409171918637
4,190,7.988049738911665,7.044365721884426
5,190,11.981047021908815,3.4493408426439216
6,190,11.44960920367071,8.112339796443683
7,190,0,3.531202535282517
8,190,1.1627121993560736,5.092842607115684
9,190,11.423807966956497,2.359695186236339
10,190,5.287331778792715,3.5011815698810294
11,190,0,12
12,190,4.912277112507477,0.3878683829304139
13,190,7.112992297472848,7.950217548023029
14,190,12,10.408762775761284
15,190,1.4919189167138662,0
16,190,0,11.690551709109606
17,190,0,1.50699691144079
18,190,0.8989409098823591,3.36668633209487
19,190,6.582557811300236,1.7784958240223987
20,190,11.98595144495392,10.586646420524389
21,190,2.1611925143884823,6.415507801977521
22,190,7.786160060476231,12
23,190,6.7222526635288755,3.2009589330112878
24,190,12,2.7097279782270447
25,190,0.008309232149743636,11.313269364510163
26,190,11.38238823816949,3.2161282043012664
27,190,2.4025164398066012,3.59375260243714
28,190,12,10.116190492779333
29,190,1.4033737902848094,1.7556482023813236
30,190,1.7851110955142504,0
31,190,3.983012252203868,3.4990130613479273
32,190,7.9765117251292015,12
33,190,7.992217645467597,3.7858913131589196
34,190,1.9117434042626629,0.15239779029586642
35,190,8.309642790598955,0
36,190,7.892317308768784,12
37,190,11.236083369297782,0.8237803583988433
38,190,4.638082740795105,1.9758210563542238
39,190,9.845200592335816,6.230891137998646
0,195,7.965848008802808,10.009995238973184
1,195,8.490417543703307,7.728605748746628
2,195,11.504880190640682,6.9921993706018775
3,195,7.067951562892891,5.474844587041302
4,195,8.112997726357895,7.019231265133826
5,195,11.986191663886428,3.450869875191963
6,195,11.444251684441568,8.15157169627794
7,195,0,3.5478915798314414
8,195,1.12235441631992,5.170567378828072
9,195,11.44510441678627,2.2432155963889286
10,195,5.275498544919285,3.501995452779012
11,195,0,12
12,195,4.912135782371658,0.3879612815391357
13,195,7.121153500792154,7.947159338850266
14,195,11.997815362697407,10.410440353016504
15,195,1.5674981328980842,0
16,195,0,11.922218253637375
17,195,0,1.4916960553151646
18,195,0.8594856612568869,3.3938327789160185
19,195,6.6895421210584205,1.8313448363246534
20,195,11.986355254778802,10.61162116847882
21,195,2.0626083381472,6.290327226191549
22,195,7.777077065545412,12
23,195,6.640001129958893,3.1178676108531835
24,195,12,2.7300409925069435
25,195,0.012339184302094089,11.311678161430102
26,195,11.392783654885275,3.1516784916527047
27,195,2.4150785893775772,3.62966939743019
28,195,12,10.177286957707919
29,195,1.3951501451322301,1.781742109624384
30,195,1.7839842897348386,0
31,195,3.981453579474767,3.530200006652497
32,195,8.058713394751386,12
33,195,7.971442505652404,3.8632500905113925
34,195,1.9138542589310512,0.18481727143538765
35,195,8.322267748071503,0
36,195,7.862356184161509,12
37,195,11.331408719766637,0.8609379293073801
38,195,4.555445425799451,1.9061333614139238
39,195,9.854138998926032,6.135705108030205
0,200,7.9026733930095885,10.103760300410526
1,200,8.499394309474019,7.761431407870122
2,200,11.45068105542683,7.008882724972124
3,200,6.980742445408518,5.518379821781366
4,200,8.242706139498257,6.990788602608343
5,200,12,3.4581254161566424
6,200,11.440851806753031,8.179272997788695
7,200,0,3.568562896455857
8,200,1.0759970827798555,5.262170153337587
9,200,11.463979309464849,2.1330021887849
10,200,5.280590942106633,3.5017123426306176
11,200,0,12
12,200,4.911018075095173,0.3886700557947112
13,200,7.128867360283325,7.9442409988431
14,200,11.992197319983765,10.414722642004813
15,200,1.6338638929982103,0
16,200,0,12
17,200,0,1.4799062612913039
18,200,0.8158406417342442,3.4243905958133984
19,200,6.783213684149358,1.882974760908726
20,200,11.986468167700949,10.623111389381771
21,200,1.9518821172094851,6.154872898231823
22,200,7.7647214159085705,12
23,200,6.577388869552598,3.0547655941366694
24,200,12,2.753044064057312
25,200,0.0197512046217206,11.308548414682543
26,200,11.400329137538439,3.112998165612597
27,200,2.430023920688614,3.676310095760433
28,200,12,10.239198249759644
29,200,1.378115355930136,1.8347237443208353
30,200,1.7831755757651966,0
31,200,3.9790205218036276,3.5699115819026828
32,200,8.146918587864821,12
33,200,7.96155452491831,3.905124945536612
34,200,1.9151186507171696,0.20474129728759252
35,200,8.331954443748735,0
36,200,7.836412495149544,12
37,200,11.400537161492085,0.8878365981092431
38,200,4.465443852409745,1.8313051333555348
39,200,9.862496806298909,6.04543988698452
0,205,7.829159585745924,10.213249060463452
1,205,8.508073324091818,7.791327207158722
2,205,11.40598402501951,7.022101549201437
3,205,6.884111776622157,5.569297101255284
4,205,8.366634012818158,6.961974068314038
5,205,12,3.465937983077476
6,205,11.43735879452028,8.208957898820758
7,205,0,3.5957600731671153
8,205,1.0376145276773119,5.339597279008719
9,205,11.490298541799847,1.9940498403466653
10,205,5.282056018344401,3.5016175753079755
11,205,0,12
12,205,4.9040422225234925,0.3934166856898792
13,205,7.1455592595565705,7.938459115806629
14,205,11.997280469466778,10.410643075342879
15,205,1.71028891065617,0
16,205,0,12
17,205,0,1.4783815979536492
18,205,0.7657211227626499,3.458703515184613
19,205,6.900451762351993,1.9490977231706326
20,205,11.986526270843049,10.628178583136883
21,205,1.8240818383086115,5.994161339156534
22,205,7.7531641726826415,12
23,205,6.527809011321214,3.0047860527698194
24,205,12,2.783276076732666
25,205,0.02969891595627789,11.304355056431342
26,205,11.40381438082801,3.0981828910780043
27,205,2.4398685115037564,3.7089327163197128
28,205,12,10.301716364310307
29,205,1.366666981571732,1.8697683588644047
30,205,1.7836086045820512,0.004045943021010567
31,205,3.9766710540286434,3.6223190343853964
32,205,8.239057490960445,12
33,205,7.9555928842217565,3.931879634810284
34,205,1.9168745339586157,0.22413179085514617
35,205,8.340724781993798,0
36,205,7.813088115959076,12
37,205,11.457697163236046,0.90922683723683
38,205,4.3644046970574255,1.747177666259574
39,205,9.867869148806468,5.96587980499944
0,210,7.748401774782891,10.335288147956641
1,210,8.516207643636646,7.820777600830732
2,210,11.365038341273477,7.0342169135502255
3,210,6.766673980365321,5.629120093521237
4,210,8.482497668047356,6.93437356390526
5,210,12,3.4743940147624612
6,210,11.433064699220534,8.248577459447233
7,210,0,3.6248400524304434
8,210,1.001595445381721,5.409915079235468
9,210,11.50947835179496,1.8866685022332408
10,210,5.273513880847856,3.5022546827699377
11,210,0,12
12,210,4.892649157945577,0.40103178494235847
13,210,7.173648140695368,7.928593277885757
14,210,12,10.397481319539365
15,210,1.781363876667648,0
16,210,0,12
17,210,0.005617845019930173,1.48802807390134
18,210,0.7390482813314716,3.4774411850940936
19,210,7.010528246816721,2.0093768690497784
20,210,11.986696988677307,10.633607424101823
21,210,1.6742606364227577,5.808510849489068
22,210,7.741503542383652,12
23,210,6.484473428813272,2.959216438822103
24,210,12,2.807789660648667
25,210,0.03818468617667783,11.300705453154915
26,210,11.41190967666374,3.0625194180167625
27,210,2.4540092629102026,3.75137651770659
28,210,12,10.378326528387934
29,210,1.3547152408042697,1.91123334742936
30,210,1.7827161783843977,0
31,210,3.9752314635703723,3.678790043820957
32,210,8.33299443505358,12
33,210,7.946797625770865,3.9693370035936
34,210,1.9189237818108857,0.24512550132858943
35,210,8.347810768699135,0
36,210,7.792186957231269,12
37,210,11.50626704884776,0.9272931422024293
38,210,4.260007788521114,1.6644250953530746
39,210,9.872883460156304,5.8870284788490315
0,215,7.6819403852121,10.435346636953222
1,215,8.525741410892627,7.856063505996424
2,215,11.316605421016606,7.049539512828505
3,215,6.658573895467041,5.682490101540482
4,215,8.603227609576132,6.9039027181886645
5,215,12,3.4819253653171316
6,215,11.425280517309023,8.301918992994178
7,215,0,3.651293612068672
8,215,0.9666545797748543,5.488553962948617
9,215,11.530559632430709,1.7863982358910528
10,215,5.263615357447731,3.503160156304786
11,215,0,12
12,215,4.883589749610148,0.407028821754242
13,215,7.177383380044532,7.927294469231755
14,215,12,10.377026902785492
15,215,1.8487601853298519,0
16,215,0,12
17,215,0.019195083484683333,1.5114488289595003
18,215,0.7087094758422776,3.4989712469135448
19,215,7.116839935636079,2.0663575477252194
20,215,11.986135994538738,10.615877737778463
21,215,1.5233628383154243,5.622936030017745
22,215,7.730524011323676,12
23,215,6.4403903053810465,2.912816904478104
24,215,12,2.831898667406771
25,215,0.0356210696643602,11.301770768932618
26,215,11.417120908414361,3.0391091265424497
27,215,2.46905998884785,3.7952883496539886
28,215,12,10.452459855034833
29,215,1.3363665141133252,1.9735182696285525
30,215,1.7811416320319604,0
31,215,3.974361194516918,3.702441080788211
32,215,8.428766397026902,12
33,215,7.940076248485088,4.001022265569547
34,215,1.9172837913915282,0.2306694296147716
35,215,8.371266006884705,0
36,215,7.771468280847099,12
37,215,11.541631593969178,0.93986340975708
38,215,4.151024230877737,1.5797751632094046
39,215,9.88030004718719,5.80729887786978
0,220,7.618880698972655,10.53132460858297
1,220,8.533202116526045,7.883838168522869
2,220,11.252518363734962,7.069916398856088
3,220,6.52677460793912,5.743029854699373
4,220,8.71789369979952,6.875835881652722
5,220,12,3.489024456378181
6,220,11.42200475751373,8.324096329368992
7,220,0.0019318815925660684,3.6487880573377374
8,220,0.9300756327366999,5.571225341622095
9,220,11.54930551904416,1.6942059304929193
10,220,5.284104822341173,3.501488957010491
11,220,0,12
12,220,4.875381054971162,0.412424848589249
13,220,7.217530941664601,7.913212641092754
14,220,11.997197199040718,10.37926482835623
15,220,1.9258591903210713,0
16,220,0,12
17,220,0.021184325306145182,1.514928724582658
18,220,0.6526469895584153,3.538897290991292
19,220,7.230176702155705,2.12850991003615
20,220,11.985934024628646,10.577271436711898
21,220,1.390672577746609,5.461702541811997
22,220,7.715739269783879,12
23,220,6.404959311754881,2.8760072353078283
24,220,12,2.8564238057875015
25,220,0.02524841816964355,11.305872399691216
26,220,11.420332233306786,3.0234265792405037
27,220,2.484873475224657,3.842223793920565
28,220,12,10.533941235735297
29,220,1.31826280719517,2.03395149231177
30,220,1.780286223249032,0
31,220,3.9738770853776555,3.7095521782127077
32,220,8.52259684838721,12
33,220,7.928639737841131,4.061156432792108
34,220,1.9143027648742101,0.20730816634144197
35,220,8.400094837582012,0
36,220,7.751619737296681,12
37,220,11.564505072863792,0.9483777217896947
38,220,4.048460832447873,1.494481493642175
39,220,9.886238558976054,5.735775435726416
0,225,7.54867588702951,10.634590057985072
1,225,8.541636762609663,7.915096956573303
2,225,11.175629192883116,7.095099709729649
3,225,6.401943448846375,5.797680691685242
4,225,8.858480997758036,6.838645820846682
5,225,12,3.4949938731858925
6,225,11.417964155874351,8.365496068688167
7,225,0.01709302283942398,3.629522624300756
8,225,0.8944361269599943,5.649784219822049
9,225,11.567708775952884,1.6038988134240721
10,225,5.285589278309552,3.5013911239649675
11,225,0,12
12,225,4.859346385816272,0.4233091737562787
13,225,7.260724123779396,7.899415772943451
14,225,11.981117937387609,10.391544375035695
15,225,2.013652405297722,0
16,225,0,12
17,225,0.005285568162828238,1.4868341945795316
18,225,0.5980275104511279,3.5773248904328323
19,225,7.345777012163163,2.1910334778905574
20,225,11.986456763985199,10.55351812791085
21,225,1.2523201319612642,5.296768274451542
22,225,7.7050070211966375,12
23,225,6.364210776042019,2.8331909834901805
24,225,12,2.8796861304437753
25,225,0.012413401421303445,11.311043530323941
26,225,11.425642582210262,2.9992116481475057
27,225,2.5046985116029674,3.8981106051728815
28,225,12,10.61426342058722
29,225,1.3050605780161963,2.0823688251013226
30,225,1.779105774514072,0
31,225,3.9730963811640003,3.7215530230306832
32,225,8.608701422126492,12
33,225,7.916987484262528,4.1268271410287785
34,225,1.911454212260883,0.1889112127168724
35,225,8.430072608685501,0
36,225,7.731377341411533,12
37,225,11.579213784663773,0.9541396549461856
38,225,3.9415830224193438,1.4039280903938272
39,225,9.890402158519954,5.67395868848419
0,230,7.4847447325002445,10.726709663376317
1,230,8.54973555756133,7.946435252111837
2,230,11.09745035208762,7.121124139651366
3,230,6.263774676213725,5.857404077833791
4,230,9.003320498064534,6.800555959160965
5,230,12,3.505606937186999
6,230,11.38230533802971,8.362149547037776
7,230,0.025667645936824263,3.618357231510313
8,230,0.8631625461914663,5.72132794069642
9,230,11.58904869170097,1.4927279771502762
10,230,5.277681013864297,3.50202795965364
11,230,0,12
12,230,4.838566369053264,0.4372241943250038
13,230,7.311270798573542,7.883404560748878
14,230,11.957880943511697,10.408269660219156
15,230,2.110363140068654,0
16,230,0,12
17,230,0,1.4288080239998497
18,230,0.5430620229222554,3.616278155537175
19,230,7.446781454082335,2.244778123449626
20,230,11.98686846529655,10.542663368608371
21,230,1.117908599420685,5.137553027692047
22,230,7.694287316794716,12
23,230,6.333305462478004,2.798989305525918
24,230,12,2.8962382568085676
25,230,0.0023415028434933486,11.315099301374914
26,230,11.432809541591212,2.9664423085161244
27,230,2.524748432476582,3.9569388716249576
28,230,12,10.725424472515538
29,230,1.2870937553729462,2.146306252717622
30,230,1.7777629499019052,0
31,230,3.9740624201150045,3.705042235972999
32,230,8.704501388559988,12
33,230,7.906062102954219,4.189085206402534
34,230,1.9091669874942434,0.1727485607476657
35,230,8.457311168234629,0
36,230,7.714250621757591,12
37,230,11.616246748317954,0.9680536354895265
38,230,3.830540919167512,1.3073694437280072
39,230,9.895985565403564,5.601352527862617
0,235,7.570249183339117,10.782371613193979
1,235,8.557881455982272,7.977224765333559
2,235,11.022065587359853,7.145650030780397
3,235,6.154730871815458,5.9050714063356375
4,235,9.143877843385123,6.76034534021294
5,235,12,3.515855113559441
6,235,11.342127151486707,8.358075739848156
7,235,0.026843628963017816,3.6168787301867846
8,235,0.8251467471967597,5.807516593239269
9,235,11.609169046898618,1.3837999644534824
10,235,5.272760688289829,3.502613727317853
11,235,0,12
12,235,4.81341254018281,0.4544981844104662
13,235,7.340697525909752,7.873834575031912
14,235,11.90652190959978,10.446381894572244
15,235,2.19385914693407,0
16,235,0,12
17,235,0,1.37071896072668
18,235,0.48287013096971326,3.656770675090817
19,235,7.546357790190401,2.298981569634284
20,235,11.98703951082954,10.521517390921218
21,235,0.9859425652829643,4.992563720377389
22,235,7.684020450588257,12
23,235,6.289633563034459,2.7502148438280924
24,235,12,2.9093765215203753
25,235,0,11.325077343528637
26,235,11.438429188950522,2.935201707525142
27,235,2.5445489343943573,4.009480740355919
28,235,12,10.843975422300561
29,235,1.265676125848918,2.2174113684829386
30,235,1.7774507312916084,0
31,235,3.9748319808664316,3.6902901301251565
32,235,8.80471629281057,12
33,235,7.890371835390783,4.271336131352318
34,235,1.9076635874255155,0.15968489371476774
35,235,8.488637567389592,0
36,235,7.881796069961186,12
37,235,11.665091777881385,0.9866333738661885
38,235,3.705092469866525,1.1993386830366637
39,235,9.901000922417655,5.525489498028964
0,240,7.665731396848268,10.846226561422197
1,240,8.565163478924099,8.001675402779084
2,240,10.960257518466658,7.166449200932406
3,240,6.03992719028535,5.952901867154141
4,240,9.284271118698703,6.719260626699049
5,240,12,3.5299066480949266
6,240,11.303138226014589,8.354787956911483
7,240,0.02902544773263357,3.6143027254057847
8,240,0.793003363189213,5.881861435204976
9,240,11.633094348385399,1.2534957813964893
10,240,5.27157456207235,3.50276413709539
11,240,0,12
12,240,4.796358509466813,0.4657343615652269
13,240,7.356290910390926,7.8685732472497625
14,240,11.864840696843437,10.477947230243444
15,240,2.298831223834333,0
16,240,0,12
17,240,0,1.3135190778016599
18,240,0.42506927169388004,3.6938720123798134
19,240,7.636853145546302,2.3490281166053015
20,240,11.987893919154896,10.486391724007577
21,240,0.8547202669173118,4.8431672230295835
22,240,7.673389943361374,12
23,240,6.235664859004719,2.6903049272425896
24,240,12,2.9238028666321108
25,240,0,11.33576571496683
26,240,11.445588043000177,2.890570216043639
27,240,2.563562988954326,4.060725742756064
28,240,12,10.962273233369976
29,240,1.2488002492661794,2.274098232061163
30,240,1.7765649922826432,0
31,240,3.975565465547557,3.6776673123263564
32,240,8.904602545009187,12
33,240,7.876901398283586,4.347478931264586
34,240,1.9071489609601062,0.15628928925599397
35,240,8.526946427179954,0
36,240,8.062987841429337,12
37,240,11.702595542890695,1.0011592228339639
38,240,3.5764932836660774,1.0912358110602327
39,240,9.909706199738684,5.437625515787375
0,245,7.7723345345842905,10.920986394979588
1,245,8.56967219273908,8.01786767027265
2,245,10.871073543467393,7.197632181182527
3,245,5.919446521911371,6.002372376284549
4,245,9.407535496423701,6.68068940800051
5,245,12,3.5396986628846396
6,245,11.250060896214709,8.349561853218697
7,245,0.031029052327447723,3.6119521017095604
8,245,0.7708067208604151,5.932768710173675
9,245,11.648511506863752,1.1575666878696886
10,245,5.245864812576596,3.505674498933222
11,245,0,12
12,245,4.777800748123184,0.47801332562125776
13,245,7.374686659153324,7.8622922360392185
14,245,11.822601641896897,10.509429046162364
15,245,2.40558707619818,0
16,245,0,12
17,245,0,1.2551706993555118
18,245,0.3580447696068325,3.739921626524978
19,245,7.721009862733019,2.394776269372986
20,245,11.989664905662481,10.444732355176589
21,245,0.727496263985663,4.690495547945641
22,245,7.663384049978729,12
23,245,6.188206703711773,2.6380679632148976
24,245,12,2.9333850645674713
25,245,0,11.350000174579
26,245,11.455046561063913,2.826332521064782
27,245,2.5743757398035627,4.092346064344281
28,245,12,11.081017656554668
29,245,1.2286456361149078,2.3444820661750563
30,245,1.776248425614139,0
31,245,3.9593658320932894,3.677047790924228
32,245,9.002721065657807,12
33,245,7.864924084808256,4.418400403939935
34,245,1.905610747747376,0.14602501311173716
35,245,8.561028628506321,0
36,245,8.23469249642409,12
37,245,11.731831100183614,1.0128768738684413
38,245,3.4391554701563765,0.9756345681158698
39,245,9.91570919171358,5.359077358335791
0,250,7.875172912454628,10.990990235504043
1,250,8.573005058128818,8.029512902588134
2,250,10.767416065576446,7.238938071255179
3,250,5.785413577941205,6.052580500327734
4,250,9.498925912790597,6.650956960644284
5,250,11.987388103595263,3.5859700704345503
6,250,11.182853804948412,8.341667502368738
7,250,0.02848759855688417,3.6149433899586523
8,250,0.7518231611176638,5.97671526461804
9,250,11.669721296906197,1.0404825917522744
10,250,5.203433738061066,3.5091324687697605
11,250,0,12
12,250,4.758195871453375,0.49074263710210403
13,250,7.3785673614375415,7.860913964698793
14,250,11.775545179493124,10.545242446848768
15,250,2.5165426490532656,0
16,250,0,12
17,250,0,1.1975079916092717
18,250,0.279863599471887,3.792004524109785
19,250,7.808723594912908,2.438446817509914
20,250,11.990084553881369,10.42364013698768
21,250,0.5974658892222939,4.5301153549485775
22,250,7.657034165145668,12
23,250,6.1438786528774205,2.5876565958206226
24,250,12,2.950598426164513
25,250,0,11.365909142842519
26,250,11.465873922720963,2.759538191870319
27,250,2.5799293448677156,4.1081334567637136
28,250,12,11.20466840923572
29,250,1.2038773674729255,2.4214836541035174
30,250,1.775596284611328,0
31,250,3.933315687258605,3.67642789527467
32,250,9.10056096689235,12
33,250,7.850675885958648,4.4901156279032115
34,250,1.9051394309019996,0.14325104541789643
35,250,8.58169391919609,0
36,250,8.407866940076175,12
37,250,11.784896488148137,1.0342113899042813
38,250,3.276762249325372,0.8415974433201805
39,250,9.922642277211402,5.249509574492772
0,255,7.981310309374343,11.062720786592934
1,255,8.57659289019781,8.041961982842789
2,255,10.656953383952981,7.282748734755719
3,255,5.636459129758005,6.107958143553501
4,255,9.574960529728415,6.62603258025459
5,255,11.97044566425348,3.647928309497522
6,255,11.120747859701645,8.333720549798777
7,255,0.03868744553240447,3.603651584965595
8,255,0.7261947923025709,6.036050806222739
9,255,11.699221279176971,0.8857402361915142
10,255,5.173283909713148,3.5108297835170443
11,255,0,12
12,255,4.766324447097294,0.4857866422960588
13,255,7.361432827621253,7.867226423895956
14,255,11.717990658913296,10.59084165090073
15,255,2.6139961330258163,0
16,255,0,11.910457080152781
17,255,0,1.1510139171124631
18,255,0.18363259625844286,3.8579190818603895
19,255,7.8953576878615905,2.4801857559086002
20,255,11.990233301744725,10.410087403280677
21,255,0.46760423091902015,4.367469235954863
22,255,7.648913432746453,12
23,255,6.103287229420304,2.5400906233732266
24,255,12,2.965854415766905
25,255,0,11.373034870397035
26,255,11.479752495839922,2.675774923683376
27,255,2.5853316788233256,4.124093218342244
28,255,12,11.339936391471696
29,255,1.1726721902094335,2.5221638991535436
30,255,1.7757864173408036,0.0028868846745755887
31,255,3.907533029758446,3.67584391156525
32,255,9.190430540786405,12
33,255,7.8385624644113285,4.563605652999601
34,255,1.902323337951405,0.12273547613779656
35,255,8.602113264922105,0
36,255,8.605282948086021,12
37,255,11.83824855024193,1.0555245310060508
38,255,3.1345554633034256,0.7165286289271201
39,255,9.932348237673006,5.133144344880335
0,260,8.106203562026906,11.142588679385732
1,260,8.579598464435398,8.053259883543234
2,260,10.56669902951441,7.317829618964256
3,260,5.490689869121252,6.165912817602441
4,260,9.659632972611782,6.598827177173204
5,260,11.949490117441817,3.7295046229562168
6,260,11.042450323501809,8.324011012154271
7,260,0.046468699639807744,3.5953485476420943
8,260,0.6988013483658125,6.101259284120915
9,260,11.724823424706878,0.7456421448644986
10,260,5.141232796962107,3.5116791753781857
11,260,0,12
12,260,4.779614488960388,0.477550168108503
13,260,7.341238776064028,7.8745416854056085
14,260,11.66949639860643,10.629621709898418
15,260,2.721307539048859,0
16,260,0,11.821098662669005
17,260,0,1.1138935905762424
18,260,0.09340568141994873,3.9219889273254163
19,260,7.988519975916152,2.5254820902825608
20,260,11.990841990886809,10.377524789589001
21,260,0.3437070247676192,4.21391487429805
22,260,7.641223881312295,12
23,260,6.067603003124757,2.498547130259376
24,260,12,2.9781393153079474
25,260,0.011103998650314497,11.368798618365098
26,260,11.495110034731152,2.5901195704525493
27,260,2.592632454196532,4.146950879055856
28,260,12,11.458202252165082
29,260,1.1378904650253128,2.6320038737598335
30,260,1.7765763027360666,0.01165651377007944
31,260,3.858463379315202,3.672939633067333
32,260,9.284169197841285,12
33,260,7.8230346082711435,4.650023576155213
34,260,1.8957495213990925,0.0792370206576119
35,260,8.624374631251273,0
36,260,8.805675516159726,12
37,260,11.872057749476928,1.0687989142533538
38,260,2.9908791575279317,0.5889911096377345
39,260,9.943891156333926,5.018182125709139
0,265,8.245701649148648,11.231777666491116
1,265,8.587163172265267,8.082731445022253
2,265,10.467683387228695,7.358156108502698
3,265,5.335790358301213,6.228937779263136
4,265,9.737664705029548,6.575479797207842
5,265,11.930907721840443,3.7987185779409955
6,265,10.937847089947745,8.314064700996058
7,265,0.04874718602325481,3.5928802431332256
8,265,0.6780231024759015,6.1501273767578395
9,265,11.749900150717279,0.6190923693109232
10,265,5.112934539499216,3.511527274170588
11,265,0,12
12,265,4.787194447150292,0.47315171173337306
13,265,7.337369247030774,7.875983006506976
14,265,11.603860110881897,10.68131355992912
15,265,2.8116235527045927,0
16,265,0,11.745721825735384
17,265,0,1.0616435074013346
18,265,0.003743695075153722,3.9868974297792565
19,265,8.078316539262195,2.5698790254133543
20,265,11.992013856250017,10.33565188737384
21,265,0.22123890091569437,4.055180843094735
22,265,7.634596403982912,12
23,265,6.028535393861408,2.452574337543966
24,265,12,2.993393124837954
25,265,0.02803925401774399,11.362568637781097
26,265,11.505856680929382,2.524487645782269
27,265,2.59953287762226,4.168372451158983
28,265,12,11.579371027535617
29,265,1.102569722249806,2.7378525348460077
30,265,1.7781678792451454,0.03572606582237273
31,265,3.810382673291074,3.669327200516621
32,265,9.35871195674308,12
33,265,7.806940747782358,4.748635348383033
34,265,1.894085301517011,0.06944312001886607
35,265,8.645971939607882,0
36,265,9.009148775337453,12
37,265,11.87410426191724,1.0695831534181188
38,265,2.8444737315577213,0.4524387780564647
39,265,9.955731242781253,4.888065886430819
0,270,8.393232104056578,11.328790210973587
1,270,8.597107600609819,8.125902038275067
2,270,10.377108961031086,7.395617543458881
3,270,5.185372636541877,6.289814528042231
4,270,9.806282031657384,6.5548340930892
5,270,11.916791204104998,3.8579083847701816
6,270,10.83976419721994,8.302849579503391
7,270,0.04971264498082262,3.5918604050708858
8,270,0.6648104716234149,6.183598368342162
9,270,11.77195042755375,0.4876640112879461
10,270,5.092109845083617,3.5109513677145614
11,270,0,12
12,270,4.786461531594328,0.4735565984359123
13,270,7.3442367230669685,7.873285668617773
14,270,11.52213981834197,10.743500783341677
15,270,2.8889601823299507,0
16,270,0,11.669158144529348
17,270,0,1.0041586930782898
18,270,0,4.060269220319418
19,270,8.180266107800461,2.6210215785080972
20,270,11.991978404533157,10.325818458268074
21,270,0.0964104806164312,3.900572778110762
22,270,7.627820450866702,12
23,270,5.964787609784611,2.372562963792183
24,270,12,3.0075998955432826
25,270,0.05143862132858261,11.35387954229884
26,270,11.514659622700835,2.4726926865266385
27,270,2.606187410082514,4.189024953237076
28,270,12,11.696222690132547
29,270,1.0550261335929283,2.859889245374573
30,270,1.7803420280135152,0.060844753374342975
31,270,3.7580637045814584,3.6665206085908175
32,270,9.405599950581395,12
33,270,7.791416434094551,4.850711626109535
34,270,1.8948759782908813,0.07415061657959401
35,270,8.667132709729458,0
36,270,9.204567699451486,12
37,270,11.87437955268655,1.0696863264204182
38,270,2.7060573449942034,0.32851989851144286
39,270,9.965208513602645,4.759725773342144
0,275,8.529743770474793,11.41979273780494
1,275,8.611755684576767,8.192972241364778
2,275,10.28706633018174,7.429117967293882
3,275,5.028983332094109,6.351995890867583
4,275,9.885066519629401,6.532684437035934
5,275,11.896771157393108,3.9390828640369815
6,275,10.727498338098837,8.287047107543911
7,275,0.047294188971739246,3.5943804023454238
8,275,0.6566286767212317,6.203843640683287
9,275,11.790404995494066,0.36664127688129494
10,275,5.065640398661064,3.509970635862594
11,275,0,12
12,275,4.793666865349496,0.4694359685131638
13,275,7.3519643598559465,7.870529556542499
14,275,11.445599952330326,10.802264322852245
15,275,2.969125793666585,0
16,275,0,11.60527992910904
17,275,0,0.9569064795339597
18,275,0,4.129885671100293
19,275,8.279848733867217,2.6711210568161254
20,275,11.992274903385669,10.31132829173254
21,275,0,3.7354175810793517
22,275,7.61908660732122,12
23,275,5.898871690097859,2.2917258956877187
24,275,12,3.01525086441276
25,275,0.06625789780451,11.347820170428648
26,275,11.523970992507534,2.415477785996741
27,275,2.6102136045998083,4.200786390964837
28,275,12,11.825690817074443
29,275,1.0066738095649195,2.9852108311687173
30,275,1.7818718018525623,0.07670826525670897
31,275,3.714486922426115,3.664866378613858
32,275,9.436846636350115,12
33,275,7.777904722036261,4.938192219611022
34,275,1.8940347009423766,0.06993926762072454
35,275,8.690542629314642,0
36,275,9.40582393499973,12
37,275,11.853500292528196,1.0617015870137843
38,275,2.5820962459994954,0.22142088487813044
39,275,9.974872582629775,4.624468763842195
0,280,8.688021394058984,11.517404440965628
1,280,8.62560651447009,8.255727392643816
2,280,10.202657202587735,7.458872697832868
3,280,4.862670986865275,6.417431170788666
4,280,9.954454928710263,6.508630130629466
5,280,11.873701174193595,4.026648777122486
6,280,10.606472932476185,8.270987181117805
7,280,0.06209765361971855,3.5786203882951755
8,280,0.646159239391628,6.230348691325496
9,280,11.80674226583534,0.2582676424428275
10,280,5.043309989157538,3.5084218572781163
11,280,0,12
12,280,4.80265283626282,0.46447167070645234
13,280,7.377490674255527,7.860797428008973
14,280,11.389994871133817,10.84530745017571
15,280,3.054765755249291,0
16,280,0,11.548777373168056
17,280,0,0.9261857260801329
18,280,0,4.184850626382753
19,280,8.349429992478981,2.7095102061606013
20,280,11.992333533195456,10.308315956454766
21,280,0,3.556662716257545
22,280,7.609216832632135,12
23,280,5.829961020831147,2.206464508317744
24,280,12,3.0209894901523953
25,280,0.09617379110189107,11.335991657401378
26,280,11.536708541609825,2.341469176315585
27,280,2.6085002473729055,4.195513625363775
28,280,12,11.968388909574324
29,280,0.9621165792708462,3.103690201231478
30,280,1.7836006824417592,0.08968224149467513
31,280,3.667070915291742,3.663361002527632
32,280,9.468285431729706,12
33,280,7.765071992220358,5.033153528537969
34,280,1.8928336663393406,0.06345650057253555
35,280,8.700591943408561,0
36,280,9.626733192014198,12
37,280,11.838095808569914,1.0554595663384987
38,280,2.453084574600511,0.11428752526282882
39,280,9.98613583657662,4.49880657183514
0,285,8.848670471059592,11.616634766656844
1,285,8.641135227853635,8.323774921830429
2,285,10.11474896622377,7.4890873787560075
3,285,4.681350068064094,6.489394269814221
4,285,10.005459022698439,6.4929086276806105
5,285,11.852544723851665,4.110931097798029
6,285,10.490143992463763,8.254735681799813
7,285,0.08384473438989626,3.554654229616461
8,285,0.6291947962374921,6.272562576049924
9,285,11.826074577710555,0.12855392177190553
10,285,5.001914526468025,3.50485691612547
11,285,0,12
12,285,4.81372990032804,0.4581406021475883
13,285,7.376521882471544,7.861168289503954
14,285,11.328890887287297,10.890267600974056
15,285,3.1415718935008523,0
16,285,0,11.493477647479363
17,285,0,0.906131688778079
18,285,0,4.238774088861577
19,285,8.401190626852804,2.738214728695115
20,285,11.99241186245806,10.303850793215442
21,285,0,3.378142317119152
22,285,7.5967027632897235,12
23,285,5.765053831784096,2.1273747809531267
24,285,12,3.0336180255295044
25,285,0.1315298248992765,11.320936220452882
26,285,11.547043585467376,2.2806092012744648
27,285,2.603712250638345,4.179556398477857
28,285,12,12
29,285,0.9173229990469023,3.229767399886194
30,285,1.7801772749371685,0.06619320915336141
31,285,3.6291332393544273,3.661668548285882
32,285,9.51609652910013,12
33,285,7.756496400505945,5.119760376050933
34,285,1.8926913032328545,0.06280809216333436
35,285,8.702458581642531,0
36,285,9.852089654486067,12
37,285,11.829970061945913,1.0520164398284537
38,285,2.3187453780036194,0.006320039627105298
39,285,9.862589023775243,4.486731975022245
0,290,9.013265699094777,11.720938157874485
1,290,8.658952756923473,8.399406232286706
2,290,10.031603557890271,7.519259558469389
3,290,4.490556126083768,6.5708876563130065
4,290,10.069804512999328,6.4730763882228075
5,290,11.82624908739764,4.209812442313501
6,290,10.357094251068107,8.235614265243484
7,290,0.10273571161664113,3.5337236605437545
8,290,0.6126058210479517,6.310123902621817
9,290,11.838416222621687,0.0008817052770851708
10,290,4.9444891593831874,3.4989113188894407
11,290,0,12
12,290,4.80156073758432,0.4650212009687184
13,290,7.360229119930765,7.867521599568755
14,290,11.246244533937878,10.952678179877074
15,290,3.2193107114507167,0
16,290,0,11.437987686830944
17,290,0,0.8940641132435727
18,290,0,4.305026619923754
19,290,8.435017210409995,2.7575490005428924
20,290,11.992403246011184,10.30599710553822
21,290,0,3.1880810344551858
22,290,7.587372264253352,12
23,290,5.709357343099667,2.0566168366290194
24,290,12,3.0431293957358547
25,290,0.16795886898011586,11.305090775218162
26,290,11.555575668459275,2.225877769915737
27,290,2.6006634527970944,4.169245316567628
28,290,12,12
29,290,0.8731781576761283,3.3544964133285715
30,290,1.7767001481799232,0.040235840114407895
31,290,3.5828989299014444,3.6588951214490444
32,290,9.577710821062945,12
33,290,7.747886436929747,5.206491741008751
34,290,1.8921022727200563,0.05993993442352348
35,290,8.708452441450708,0
36,290,10.093685026346819,12
37,290,11.80966011206188,1.0440041363859538
38,290,2.1943113821895524,0
39,290,9.73669234751261,4.476770458445056
0,295,9.195111898822718,11.833342252252162
1,295,8.681180795701655,8.495566803750291
2,295,9.938068862579737,7.5527482211819175
3,295,4.298439578220101,6.65352195674515
4,295,10.128033415375581,6.454351885519934
5,295,11.795297686557719,4.320805949980751
6,295,10.20763280328682,8.21506700293492
7,295,0.11907073649808309,3.515401745605618
8,295,0.599316315438906,6.341694344506869
9,295,11.850848316064704,0
10,295,4.882839604288168,3.4913645627124956
11,295,0,12
12,295,4.792578583894538,0.46994211645163086
13,295,7.332769707206973,7.8778083980174545
14,295,11.15474912421284,11.022627089928
15,295,3.2943804814427673,0
16,295,0,11.388610685132063
17,295,0,0.8681986644080045
18,295,0,4.382323595769313
19,295,8.465985882370587,2.77509178521266
20,295,11.992550577979332,10.325311796223398
21,295,0,2.9814602854764605
22,295,7.578733495091038,12
23,295,5.666743880778164,2.002016144523538
24,295,12,3.056282924620988
25,295,0.18420147336092504,11.297797361438281
26,295,11.569839001716394,2.1535953984689966
27,295,2.5907532644944378,4.13455791944037
28,295,12,12
29,295,0.8324637140759712,3.4694728505114965
30,295,1.7739582028028331,0.018128192723179316
31,295,3.5205878953524863,3.6546723543592665
32,295,9.627753336653948,12
33,295,7.739659435455963,5.298339957646932
34,295,1.8921517355534765,0.06016926648816876
35,295,8.704903306066914,0.0041828294982923135
36,295,10.351976080573627,12
37,295,11.78042227275547,1.0313278684260099
38,295,2.076478383086643,0
39,295,9.603637339202006,4.4703350196039455
