id,time,x,y
0,0,1.9494795868396715,7.0451469737755055
1,0,4.040439160073676,4.99303101758592
2,0,10.958025509339912,10.967206674786818
3,0,0,8.067421895700107
4,0,6.946904391752183,1.9693884053576953
5,0,2.047094714244701,11.058090738578315
6,0,1.0261479492613452,6.946894452834876
7,0,10.05386720415228,0
8,0,8.936207922557665,0.027332281321116324
9,0,1.9689943764441646,1.9568751339695019
10,0,4.040000193439052,12
11,0,5.978806019376241,10.009416757775174
12,0,3.9800120665462115,1.054258890156589
13,0,3.0121157132960015,2.0419133148967563
14,0,0,7.006268672996034
15,0,6.9308737474780875,8.988633650354428
16,0,1.933291708055736,4.9888818367609975
17,0,8.949825836706797,0
18,0,5.983330929278403,9.973069850645743
19,0,4.94518469539685,5.033539455424657
20,0,1.0762478628379861,11.988123007252392
21,0,9.990573809665525,0.9407464214446564
22,0,11.053131288564137,5.0197510085870185
23,0,0.020758762354024036,1.9414016414831574
24,0,2.032641122048112,3.978180356478407
25,0,6.973483121862808,3.951982204551042
26,0,0,0.9664271357346763
27,0,1.9633591269774073,7.963773344545464
28,0,9.045796596239436,9.017470227937352
29,0,11.027832420756566,11.98002017111395
30,0,5.037794185396154,5.058344588186483
31,0,7.029085467556345,3.980252966228207
32,0,9.940493316256058,7.00601696241866
33,0,4.024315478293795,0.05983604239081418
34,0,3.9575498618270406,1.0405581174243657
35,0,10.974730407904916,10.018297701968558
36,0,4.03337795686924,3.9978968323754565
37,0,9.039493511254122,9.002172645215708
38,0,5.0489300232160215,1.9569866427270184
39,0,2.0055766151376044,9.938652920528018
0,5,1.901331711479831,7.087156197370761
1,5,4.06843680392154,4.98846123827846
2,5,10.914707041698618,10.934240047094928
3,5,0,8.14089506836271
4,5,6.878702120258083,1.9267551274468793
5,5,2.1032339326419156,11.125160834158875
6,5,1.046012000558044,6.906333363014686
7,5,10.10787329836754,0
8,5,8.877782989171077,0.05133582615390457
9,5,1.9358083932271206,1.907397640913391
10,5,4.099485485919143,12
11,5,5.966585842636165,10.014493352374496
12,5,3.965817415543705,1.0939299989936584
13,5,3.024475687085685,2.081656672250667
14,5,0,7.011242599328697
15,5,6.940349300387348,8.925843840319097
16,5,1.8604511173642209,4.976187488809051
17,5,8.914378633324247,0
18,5,5.977547540398442,9.963535483945396
19,5,4.907694045850404,4.972131837451842
20,5,1.1370919488928082,11.978807715685281
21,5,9.982821920001681,0.8869364119121924
22,5,11.103453434629921,5.037905008580805
23,5,0.03474689846257118,1.899891193471097
24,5,2.070629592421074,3.9520863165523132
25,5,6.9436207921709965,3.895460451897638
26,5,0,0.9540883834972151
27,5,1.907267916420683,7.91034606239372
28,5,9.080077366379317,9.029276313625191
29,5,11.046708051918776,11.966525417031274
30,5,5.071112988827321,5.108256228781031
31,5,7.0528041995601,3.9643944526153705
32,5,9.892608862002108,7.012630176293291
33,5,4.040214064122692,0.09789234952800996
34,5,3.923621940333349,1.0720660454245179
35,5,10.96766001507668,10.02358945064339
36,5,4.054586697597727,3.9964714564920576
37,5,9.05906861190197,9.002939209973556
38,5,5.084350194297839,1.925806338941205
39,5,2.011169182978068,9.868577511568828
0,10,1.8452531277231692,7.138457996049238
1,10,4.081859247920482,4.986306628983526
2,10,10.878379208510522,10.906178273102295
3,10,0,8.210586809152067
4,10,6.810314910653307,1.880828167173559
5,10,2.1585476447097647,11.19232563137069
6,10,1.0654886798633332,6.867489429774347
7,10,10.159527733991974,0
8,10,8.845671564817746,0.06529439032695826
9,10,1.8855772405560287,1.8286624101415327
10,10,4.156024311895539,12
11,10,5.971678470495043,10.012336078323413
12,10,3.957670101835446,1.1161764628096205
13,10,3.0409583283388635,2.133277957292951
14,10,0,7.015482571003563
15,10,6.945246434142417,8.893040382200285
16,10,1.8079024979361393,4.968078544112128
17,10,8.877236604232648,0
18,10,5.9799315022645105,9.967400152997543
19,10,4.881488654391929,4.927627290099992
20,10,1.1831205356519876,11.971418262100626
21,10,9.971896966866456,0.8134255430940966
22,10,11.133953206209167,5.04945804054036
23,10,0.048738225200601046,1.8561689857002843
24,10,2.117411866048021,3.920389658454107
25,10,6.912904045984362,3.835675648825501
26,10,0,0.9369339131743292
27,10,1.855292202989711,7.857523506750557
28,10,9.103524754903319,9.037929401633797
29,10,11.067999062816952,11.951233442165723
30,10,5.095630778532546,5.145122351677535
31,10,7.092352107616133,3.940152650964496
32,10,9.837142289793855,7.021782149466814
33,10,4.0508917223269,0.12257116531070303
34,10,3.8743839524389525,1.1165057837873904
35,10,10.968500583118487,10.022972979866903
36,10,4.080041410391126,3.9944075971814903
37,10,9.060276083106677,9.002998998123925
38,10,5.119615366045361,1.8947588677289482
39,10,2.0169737377332764,9.792881209005113
0,15,1.7878250916642737,7.193163978311601
1,15,4.090444698760696,4.985129293062809
2,15,10.841467704779081,10.876490261095276
3,15,0,8.278706015909272
4,15,6.749973163974622,1.839044456406005
5,15,2.2284895930039386,11.276496873519173
6,15,1.0900324388986984,6.820528687159264
7,15,10.20305751885027,0
8,15,8.823092187451472,0.07480590015673258
9,15,1.841029740030307,1.7591351007143983
10,15,4.2195724492757565,12
11,15,5.963156066705166,10.016146285220643
12,15,3.9486914113840257,1.1412835642034775
13,15,3.0594585924589026,2.195580456270081
14,15,0,7.018306537901958
15,15,6.948710910231928,8.869083375886314
16,15,1.754695672221269,4.958915341520496
17,15,8.856417584994993,0
18,15,5.986692329304112,9.978901984229745
19,15,4.858374072172874,4.888746379089702
20,15,1.2380116432791326,11.962949026071852
21,15,9.962521800507965,0.7420578339422986
22,15,11.173733763765936,5.063915380319216
23,15,0.058808198241499195,1.8206171417410892
24,15,2.175796880258847,3.8793412253719533
25,15,6.875038519949662,3.760547581348012
26,15,0,0.9186916374900128
27,15,1.80216002364969,7.803983717214255
28,15,9.121932247882837,9.0446805965866
29,15,11.10341025204153,11.927426484333338
30,15,5.120935398850692,5.182513943947086
31,15,7.138073062840271,3.9122858232116045
32,15,9.766106778881717,7.032807925046324
33,15,4.050894496141848,0.12257817493614892
34,15,3.821067893267407,1.1641954062602238
35,15,10.968799628431716,10.0227601927655
36,15,4.099239835167552,3.9933928361178803
37,15,9.052363364418554,9.002652512581113
38,15,5.164811409332313,1.8574618412915513
39,15,2.0245440355507784,9.712758411491238
0,20,1.72845579368076,7.248919073492339
1,20,4.131399107240923,4.980460150137193
2,20,10.800853263133424,10.842986106977422
3,20,0,8.361425277181644
4,20,6.695917279624995,1.802014696580258
5,20,2.3042257174108376,11.363894721050464
6,20,1.102510062624382,6.794580216997393
7,20,10.2555353613527,0
8,20,8.79326018611899,0.0868219135000974
9,20,1.7900594191523196,1.682749858403284
10,20,4.33460628077142,11.919846598508244
11,20,5.937155374976414,10.027697563033431
12,20,3.9429811106682826,1.1562391619112415
13,20,3.0810057105536317,2.2683210439899906
14,20,0,7.022899043355101
15,20,6.948461612582833,8.871391841178959
16,20,1.6804305391232683,4.948114665701277
17,20,8.8396568592815,0
18,20,5.994420277851493,9.991756040733296
19,20,4.838539913406404,4.853157198319163
20,20,1.3042543002036981,11.952060198606357
21,20,9.953554739065726,0.6534365327513962
22,20,11.162970312452854,5.0959245308176
23,20,0.068965647854296,1.7820477452626844
24,20,2.2211654210684877,3.8464988295660345
25,20,6.838309526242613,3.684825789325638
26,20,0,0.9071049892989094
27,20,1.7499013751294565,7.7501247949494765
28,20,9.129780984636977,9.047666660552826
29,20,11.140471309885903,11.90149190898681
30,20,5.15383687240485,5.229394157045409
31,20,7.18374943012676,3.8847426908213416
32,20,9.685571452440676,7.043286639594805
33,20,4.044943202275046,0.10793914255057827
34,20,3.78144355844636,1.2014771203864747
35,20,10.969457316300595,10.022316675210988
36,20,4.132337043306064,3.9927319672214634
37,20,9.0371423626551,9.001865987689932
38,20,5.231239723081732,1.8031734501051833
39,20,2.0315406626725165,9.632762797033536
0,25,1.6813025537842028,7.291797516211265
1,25,4.167962288395442,4.976597378082699
2,25,10.757471097889576,10.807819611833532
3,25,0,8.433077777996266
4,25,6.628652988947712,1.7569477092411543
5,25,2.375497714246156,11.449466241055775
6,25,1.118435476474364,6.760550279235706
7,25,10.301592615114439,0
8,25,8.767120841296526,0.09684847846402624
9,25,1.7479863143500312,1.6205622300911895
10,25,4.455105705856618,11.832200823198962
11,25,5.915602282420334,10.037514299690423
12,25,3.9315415726110774,1.1843202447284822
13,25,3.099429033519854,2.3396327259291536
14,25,0,7.028238252313423
15,25,6.947218174299653,8.883275492532244
16,25,1.611128206049276,4.938786259977022
17,25,8.828901082754856,0
18,25,6.00995343442995,10.017776673032829
19,25,4.821417701677623,4.824123932107341
20,25,1.3815686911624798,11.939778426111161
21,25,9.946512350732412,0.5781473723145412
22,25,11.152736827015785,5.131429452538934
23,25,0.07617821111104577,1.7540213467760426
24,25,2.256893136323822,3.81969489715679
25,25,6.796561304447273,3.5986318114802183
26,25,0,0.8907842141326117
27,25,1.69269376814525,7.692225085169689
28,25,9.155642070910027,9.057549223441097
29,25,11.200665836001445,11.861382119703944
30,25,5.193234083389401,5.284327854483597
31,25,7.24793825967231,3.8452930172238284
32,25,9.58596603956491,7.056371901902657
33,25,4.034297609522469,0.08307788141981
34,25,3.7256330235413144,1.2522263385126162
35,25,10.952378391537058,10.033457517401022
36,25,4.154614375076519,3.9932762944703835
37,25,9.033711603640286,9.001668085096886
38,25,5.297340334295686,1.7480486771138777
39,25,2.0383868192207473,9.549931381297698
0,30,1.625785519159007,7.344934863791765
1,30,4.2264470812902095,4.971694587842661
2,30,10.714373131573103,10.77211620368331
3,30,0,8.488260410874595
4,30,6.559009428678855,1.712273137718443
5,30,2.4476254394182813,11.537455366582897
6,30,1.1392192875534708,6.719290871554811
7,30,10.350427753115394,0
8,30,8.745469957932627,0.1051182151951607
9,30,1.702809604368526,1.5517299098419297
10,30,4.595216545304551,11.73743764080281
11,30,5.891084570069026,10.048729186251382
12,30,3.9242356219442422,1.203126296920887
13,30,3.1145695378333023,2.3951360879026833
14,30,0,7.029841613627061
15,30,6.946280247477315,8.892209053119352
16,30,1.5336465105243269,4.927787969246285
17,30,8.825167521906799,0
18,30,6.02225828700183,10.037665892341952
19,30,4.793956817591924,4.778353378222319
20,30,1.439047914327862,11.93253864583754
21,30,9.940317680650875,0.5176792080470678
22,30,11.14619348397342,5.152944260017478
23,30,0.08385366847327055,1.7235551884143805
24,30,2.2964692459736575,3.7877968726705826
25,30,6.762311953145987,3.5285182921354834
26,30,0,0.8803960867299221
27,30,1.6365825988528953,7.636225501536702
28,30,9.172012640882665,9.063980937060737
29,30,11.243219333292434,11.83303334657874
30,30,5.211699919854565,5.30960743417176
31,30,7.293874883514095,3.817489933520008
32,30,9.484598555647299,7.070684231264322
33,30,4.0112458072685335,0.028343505590496573
34,30,3.6440695869713218,1.3214903454932139
35,30,10.921772667737041,10.05332043052261
36,30,4.177783030397516,3.993613059841201
37,30,9.026990128225057,9.001264119390305
38,30,5.3700723084882585,1.6895403429372682
39,30,2.0460531413977003,9.470575841231485
0,35,1.5763279567846349,7.3938639114693405
1,35,4.29255251030475,4.965321355794825
2,35,10.668089619383036,10.734611767897473
3,35,0,8.54903543469296
4,35,6.483970419144595,1.6636691335514329
5,35,2.520210459335518,11.62392538700925
6,35,1.1556133595972333,6.685702024043832
7,35,10.409255185775976,0
8,35,8.734089799740634,0.10942222776591273
9,35,1.6524889626673316,1.4759231507991242
10,35,4.715881680109442,11.648709221469558
11,35,5.869787108449197,10.058288572960432
12,35,3.935073157412386,1.2073111794703173
13,35,3.128049710781206,2.44440184789248
14,35,0,7.0316416190374325
15,35,6.947501103794697,8.879304064455072
16,35,1.4626285912029624,4.916748704348624
17,35,8.823880649203714,0
18,35,6.035350574570722,10.058885865491312
19,35,4.772094234975622,4.743494410206154
20,35,1.5152601450235417,11.923568262901458
21,35,9.936074034435634,0.45763495602428916
22,35,11.14004278786392,5.173939470354727
23,35,0.08539767224312869,1.71796535976694
24,35,2.3209863397941177,3.768161174235752
25,35,6.727942094807121,3.4565267102561794
26,35,0,0.8720484493686232
27,35,1.5789330753722945,7.581300514356828
28,35,9.186251919685958,9.069338825559885
29,35,11.291089799303043,11.801041334074014
30,35,5.230987274587432,5.33668981781935
31,35,7.329752356447657,3.7969547639766
32,35,9.381230257642022,7.080609974273508
33,35,3.9917973060430754,0
34,35,3.5403498569739384,1.4059585547896518
35,35,10.888979405421539,10.073245578155465
36,35,4.215217087271518,3.9947886531667183
37,35,9.022085972119152,9.00089489138436
38,35,5.423513104688906,1.646556456811106
39,35,2.0538196184390727,9.403620097125152
0,40,1.525950709951185,7.442911259817229
1,40,4.354836256944564,4.957447349095355
2,40,10.607081448072819,10.686075370115589
3,40,0,8.61405493482002
4,40,6.4065800408360305,1.6150552987946067
5,40,2.6048993697359313,11.732116409352546
6,40,1.1645247619110155,6.666588884546836
7,40,10.469961440265385,0
8,40,8.741991055559398,0.10650753174957048
9,40,1.599262802096263,1.3972879245832017
10,40,4.842532541697811,11.559475620221942
11,40,5.8462809073512885,10.068531073789378
12,40,3.9527497678714796,1.2144638428185477
13,40,3.136148093915069,2.472255203053524
14,40,0,7.0337172613048065
15,40,6.950129643572452,8.85685374927363
16,40,1.4045545122605667,4.908707080280263
17,40,8.81236948739332,0
18,40,6.0385335909186715,10.064223817318165
19,40,4.754058582093415,4.713993462280678
20,40,1.5957710153788351,11.915930456037142
21,40,9.929606012192593,0.3888508202436269
22,40,11.136500709907244,5.185479628477976
23,40,0.08273093303477386,1.7278734002234692
24,40,2.3316054120617564,3.7600066915974337
25,40,6.690928264004747,3.372863583395198
26,40,0,0.8656240971129823
27,40,1.5150020488068394,7.519664208076173
28,40,9.21478681852688,9.081433999075012
29,40,11.335273230840217,11.77015205037282
30,40,5.249605726426812,5.364463859273074
31,40,7.360317064394915,3.7795935447653553
32,40,9.285677008341423,7.091908453315095
33,40,3.9646020616956066,0
34,40,3.4477826477447655,1.4786145802245898
35,40,10.857015175182834,10.0923513967702
36,40,4.2277019904739666,3.995364243450062
37,40,9.027868676354721,9.00138343353502
38,40,5.482920936915637,1.6006579339419713
39,40,2.06009389187425,9.335013963214038
0,45,1.4904741395124432,7.476728607968263
1,45,4.414221395429745,4.949713625424161
2,45,10.540422228303663,10.631416669348054
3,45,0,8.687959768372957
4,45,6.328702339028526,1.5680030176465085
5,45,2.6862599285993745,11.839495710887931
6,45,1.1664470836534233,6.662463365049604
7,45,10.528748767592527,0
8,45,8.745852666440419,0.10495184181831084
9,45,1.542372611966567,1.3114995995763605
10,45,4.985999844867482,11.461058304405935
11,45,5.816588421397117,10.081543001105954
12,45,3.9428790030494465,1.23952601437376
13,45,3.1461408167345746,2.5113939903062046
14,45,0,7.03617037396764
15,45,6.950758741156051,8.850929117742877
16,45,1.412380317535257,4.845054282666681
17,45,8.796015037683674,0
18,45,6.032357392387917,10.054231866018359
19,45,4.7235488189307215,4.732894768573336
20,45,1.6880133755406743,11.908045049295705
21,45,9.924089917298557,0.3132892751099105
22,45,11.127998904876035,5.209403182507808
23,45,0.07981668129619014,1.7387155633426434
24,45,2.3428505128847594,3.751093627806227
25,45,6.646245277420237,3.2682124922091256
26,45,0,0.846650907346775
27,45,1.4429038211919205,7.453383372490246
28,45,9.236326898308068,9.09029634043329
29,45,11.378883292893084,11.739923853522582
30,45,5.269741809519323,5.393714414288678
31,45,7.394847585801129,3.758323488598923
32,45,9.160862017079912,7.1067528494025
33,45,3.9430614371767554,0
34,45,3.362237768957791,1.5517123598650464
35,45,10.811170199893633,10.1205588223236
36,45,4.224835256290626,3.995247009338093
37,45,9.039131261557854,9.002331886081569
38,45,5.550752656085229,1.5487310614585743
39,45,2.0658434204869853,9.269098236375244
0,50,1.4366080698095853,7.5310288254337
1,50,4.496040151798838,4.940082252713548
2,50,10.465452829582805,10.570049682886788
3,50,0,8.739915364619964
4,50,6.249721963864431,1.5220467951930698
5,50,2.764429359287415,11.94034590196202
6,50,1.1678684451740193,6.659461248820161
7,50,10.571633722780614,0
8,50,8.752497901010763,0.10229211407058679
9,50,1.489211783631524,1.229743635227205
10,50,5.1287288480911934,11.361961560070636
11,50,5.7925154533692185,10.092548214321978
12,50,3.92811332527573,1.2744016452175513
13,50,3.1604241598234495,2.5666799959996522
14,50,0,7.038913615098302
15,50,6.950062397620678,8.857768658554722
16,50,1.4203406308121556,4.787274261769146
17,50,8.763475921229794,0
18,50,6.023175030365201,10.038755024739881
19,50,4.705242681495379,4.744826966408634
20,50,1.770717409694191,11.902250517691517
21,50,9.920743326868699,0.2564749385964616
22,50,11.12084659166788,5.229157948642343
23,50,0.07981756278473492,1.738712319986326
24,50,2.354724578633372,3.74200390437556
25,50,6.602980345387296,3.157646142204382
26,50,0,0.831537396452074
27,50,1.3859960338195174,7.399138529260151
28,50,9.277606831946898,9.106451431441206
29,50,11.422657334353035,11.709047701532786
30,50,5.299916577695059,5.437641466484844
31,50,7.426983878343046,3.7380888545210853
32,50,9.045890402916758,7.118597897083687
33,50,3.9290682642806605,0
34,50,3.278556980429838,1.6225240833735346
35,50,10.771123236211082,10.144769683234342
36,50,4.2310380133492,3.9955499457224715
37,50,9.052637880729085,9.003360381980759
38,50,5.620574012943907,1.4987593382927649
39,50,2.0743682168137965,9.187662561145054
0,55,1.3719698261202862,7.601099029526106
1,55,4.5619617306833655,4.932825364276326
2,55,10.419245468904386,10.531401272874467
3,55,0,8.814519487977645
4,55,6.174652530234119,1.4800782847542244
5,55,2.8427687779825335,12
6,55,1.1753295158908632,6.644922624186755
7,55,10.609043102564286,0
8,55,8.764293049675775,0.09742744292742132
9,55,1.4260681521244523,1.130585737559975
10,55,5.2776350613481755,11.258633589146742
11,55,5.793342363061101,10.092185434317145
12,55,3.9224181092698043,1.2874616202515325
13,55,3.1703324616230804,2.5999502498781846
14,55,0,7.046408841500433
15,55,6.948584471224623,8.875705162458578
16,55,1.4244592431215808,4.757395027798553
17,55,8.744660028635918,0
18,55,6.011057157902661,10.01923884604641
19,55,4.684396482331993,4.758639248110213
20,55,1.8702755977478336,11.896210986606155
21,55,9.919598778384525,0.1917683342016906
22,55,11.115240333221658,5.244054231630494
23,55,0.07964199804008593,1.7393294539754272
24,55,2.3504782744968824,3.745230482263733
25,55,6.564644556083605,3.062492931540982
26,55,0,0.8117705719273007
27,55,1.3134707515629875,7.332625447262773
28,55,9.302101785460893,9.116276948202382
29,55,11.465074174901837,11.680147968160265
30,55,5.320226563039953,5.465502272921694
31,55,7.471072325403773,3.7071186570969115
32,55,8.924164196524671,7.131757499062395
33,55,3.9286046763289946,0
34,55,3.2009036634128543,1.6861857077351343
35,55,10.742190518006199,10.162229760692037
36,55,4.240478120225905,3.995953346716729
37,55,9.059825896023016,9.004009995937972
38,55,5.696735940823353,1.4432494994186658
39,55,2.0840875146294255,9.102562611893761
0,60,1.3076209496317641,7.672551709688855
1,60,4.593252065151257,4.929528228779343
2,60,10.35348752013309,10.47754306064133
3,60,0,8.902123474155088
4,60,6.0843444817633525,1.433089704054523
5,60,2.9344543367910836,12
6,60,1.1762239163660662,6.6431487508720375
7,60,10.668819502406938,0
8,60,8.780182082155463,0.09176083782912245
9,60,1.3676962745030679,1.0394692029081933
10,60,5.434968971533815,11.153813705997031
11,60,5.78643003968006,10.095122264045603
12,60,3.911426461107407,1.3154493581033773
13,60,3.189419997475364,2.6626524505946088
14,60,0,7.057630711161144
15,60,6.9465146427367745,8.900982487033186
16,60,1.4285338509282566,4.725955903841368
17,60,8.740350127320472,0
18,60,5.9880251017671045,9.982021916524904
19,60,4.666357231187905,4.77095712752822
20,60,1.873021253349496,11.997170541876185
21,60,9.919259042490479,0.13397477995465362
22,60,11.115435383989364,5.243561835745881
23,60,0.08200099553845534,1.7319583601081754
24,60,2.3473472223810616,3.7476881356588683
25,60,6.524297218143257,2.9591258491358543
26,60,0,0.8071149148009026
27,60,1.238080344601603,7.262418480866835
28,60,9.313358975288443,9.120909093316829
29,60,11.495076764627786,11.659681003185192
30,60,5.330157851549264,5.479016372525172
31,60,7.516143660993769,3.672923396522256
32,60,8.785061669643452,7.147284463197044
33,60,3.926019572498627,0
34,60,3.141920642793165,1.6147316906660873
35,60,10.715218532218191,10.177778623461407
36,60,4.231568419029718,3.9956158890223232
37,60,9.06751812676467,9.004528890674727
38,60,5.76550771663388,1.3923226780103266
39,60,2.092955938647985,9.024316423377368
0,65,1.2554671871756733,7.730270481883774
1,65,4.6272841815432475,4.926548509233618
2,65,10.297355547486175,10.432269024825674
3,65,0,9.009708105231402
4,65,5.9942870916594995,1.3882610637295476
5,65,3.035639851296973,12
6,65,1.1799907516567838,6.635829087459261
7,65,10.669523620054257,0.04047190905216161
8,65,8.808658902927313,0.08190966125327603
9,65,1.3095159133992569,0.9499286553078072
10,65,5.596536796423744,11.049100388689249
11,65,5.768479710181778,10.102462623422728
12,65,3.903820511280538,1.3354983507319726
13,65,3.2046918245755283,2.7114199588823347
14,65,0,7.068787336896665
15,65,6.945201974891462,8.915295726966963
16,65,1.436120295761447,4.66968340449278
17,65,8.741774888413524,0.00045408536528315275
18,65,5.968374149070312,9.950651746049566
19,65,4.6656433202135785,4.7714222550092025
20,65,1.8762683497644954,12
21,65,9.921046835375634,0.06066034941224287
22,65,11.110829589860163,5.254953280866169
23,65,0.07881120298004658,1.7429734119844353
24,65,2.33876483121463,3.7371944204366274
25,65,6.48492616093124,2.8629391625782348
26,65,0,0.7914291790094766
27,65,1.1532532757332128,7.185646449372308
28,65,9.312350197875494,9.1205207042368
29,65,11.514316212974903,11.647377105508964
30,65,5.340587489700889,5.49291536875458
31,65,7.562487600089938,3.6377216989481704
32,65,8.635977762602908,7.167705332061059
33,65,3.924011979486139,0
34,65,3.083051327629102,1.5431549845935997
35,65,10.696668738391033,10.188310373746996
36,65,4.246717269271015,3.9964624850877235
37,65,9.06953752587572,9.004709965656637
38,65,5.818039986830107,1.352824420342429
39,65,2.1005877839549325,8.961639999800028
0,70,1.215039791169365,7.774543623507456
1,70,4.658054581770078,4.924768516521111
2,70,10.255738104183479,10.399723783030662
3,70,0,9.12013097656077
4,70,5.8978269897876565,1.3355666149782583
5,70,3.136241329481312,12
6,70,1.1923510387421918,6.613207696530012
7,70,10.67042431750737,0.09023038870923603
8,70,8.817710897483169,0.07901439607938653
9,70,1.2593431787962024,0.8701395146454458
10,70,5.763353925919129,10.93568680146923
11,70,5.73525271609541,10.116092217239455
12,70,3.910620262936946,1.3186148079417386
13,70,3.219325360199465,2.7562732773039937
14,70,0,7.079665511581962
15,70,6.942412298819894,8.946567506413796
16,70,1.446150309224364,4.596494927996472
17,70,8.721294083891065,0
18,70,5.937494951936822,9.904539284318284
19,70,4.676163524697267,4.764418732727401
20,70,1.8803167549543527,12
21,70,9.922872319335026,0
22,70,11.110860263601976,5.2548806934590555
23,70,0.07594681360048323,1.7537039901940212
24,70,2.3275752981263635,3.723141584627863
25,70,6.443899962898873,2.766636946145101
26,70,0,0.780768337126305
27,70,1.0747909034939094,7.112162739386059
28,70,9.322116779192278,9.124102799633414
29,70,11.518360262092555,11.64467307181319
30,70,5.354442835515961,5.511892356829451
31,70,7.624565026161222,3.59261046013053
32,70,8.480501588596516,7.183531019145437
33,70,3.9141400251988574,0
34,70,3.02754256199945,1.4780027345331899
35,70,10.67753624636735,10.198423445288427
36,70,4.279303816780634,3.998509134375228
37,70,9.064968843711089,9.004251746805387
38,70,5.86266297384751,1.318820868519299
39,70,2.1066242258946555,8.898943715290825
0,75,1.179340568486368,7.8141421176694665
1,75,4.682456509475765,4.923544768742091
2,75,10.211041113104997,10.457356944227433
3,75,0,9.230812458957061
4,75,5.794020091658479,1.2773712842504583
5,75,3.2400635536260047,12
6,75,1.2064051997486076,6.588603036689931
7,75,10.672556168825643,0.16973000443600184
8,75,8.84171215751836,0.07150771031147264
9,75,1.2244006810509591,0.8111156327648725
10,75,5.943451851339841,10.81673981522487
11,75,5.681829925759575,10.14160361789489
12,75,3.933085313840139,1.3278008639290186
13,75,3.2305987704013845,2.7960792134230266
14,75,0,7.087048917527703
15,75,6.940516755679013,8.967802925871524
16,75,1.4547955515635165,4.538127931635935
17,75,8.720348139366951,0
18,75,5.912320018538398,9.867527144782335
19,75,4.704381743098946,4.746071429418117
20,75,1.882830896510884,12
21,75,9.923162770863614,0
22,75,11.118904377964661,5.235157236702127
23,75,0.0693412598399111,1.7777955538756591
24,75,2.316119902623294,3.7087574959121183
25,75,6.410084137863023,2.6818795878639867
26,75,0.004805276963831259,0.7850865340122625
27,75,1.0025294587396447,7.047597344359942
28,75,9.308509299599846,9.11909856540827
29,75,11.520589276803465,11.643251463313845
30,75,5.373751006032939,5.538781439991562
31,75,7.668059909941396,3.560177948748605
32,75,8.361417314616853,7.192307672678874
33,75,3.907564289022246,0
34,75,2.9851805184687707,1.425132913644771
35,75,10.64297772433419,10.216411960604331
36,75,4.2952054782665945,3.999399299948018
37,75,9.056452521545706,9.003421068374015
38,75,5.927161769390782,1.2692902589417603
39,75,2.11293824733989,8.823080452800292
0,80,1.1385398094391186,7.859080880521788
1,80,4.739287370746752,4.921177811005566
2,80,10.159505479525151,10.522664378022048
3,80,0,9.32377860445508
4,80,5.706630609919332,1.228460358644291
5,80,3.3333656240835623,12
6,80,1.2200369540459557,6.565566067033208
7,80,10.675757513171375,0.2677300648869229
8,80,8.87847881542469,0.060176988309208326
9,80,1.1815539768353347,0.7405694480810052
10,80,6.128334663356163,10.694309778807485
11,80,5.620565954772975,10.171711703914136
12,80,3.9309307586232998,1.3331721863532475
13,80,3.24105768737276,2.8307785734073914
14,80,0,7.096893724862387
15,80,6.938991415053952,8.988273272950083
16,80,1.4648896352022107,4.464089024598969
17,80,8.70407197277129,0
18,80,5.886041374414723,9.829574515578344
19,80,4.750874878743843,4.717468109123324
20,80,1.8849840565316667,12
21,80,9.923481341195926,0
22,80,11.12103427497276,5.230114887249697
23,80,0.05714931904717644,1.8236067885630702
24,80,2.3023137001889036,3.6918602221185286
25,80,6.377921428359082,2.5978632653904596
26,80,0,0.7783002212748327
27,80,0.9437066756151442,6.993641877761365
28,80,9.286230657179487,9.10986671259684
29,80,11.513824346657337,11.647594240035852
30,80,5.3947896750327,5.5684148461489436
31,80,7.6999426369029775,3.5364177137135875
32,80,8.263160856822696,7.20279557199453
33,80,3.897841652843338,0
34,80,2.947469265606391,1.3783982963273262
35,80,10.60080286594817,10.23778426857914
36,80,4.311517204847484,4.000586298672949
37,80,9.072940046030514,9.005520416176086
38,80,5.9834821690836,1.2264303100349592
39,80,2.115942499560634,8.773219293828591
0,85,1.1067764782545084,7.893524896972036
1,85,4.776927067202769,4.9201725952366315
2,85,10.092383844971952,10.605766430059703
3,85,0,9.41159056110385
4,85,5.624741344926519,1.181427221446354
5,85,3.4208874996433516,12
6,85,1.241169872764452,6.530626866216769
7,85,10.676674385936321,0.35578909581315216
8,85,8.904495830081684,0.05233156278087096
9,85,1.1452292441623502,0.683039551873187
10,85,6.3067332034423185,10.581809163003822
11,85,5.5500171150927615,10.205568567179316
12,85,3.9291617948053186,1.3374946756876072
13,85,3.248440009877452,2.8579744906408293
14,85,0,7.1034562496541485
15,85,6.938189659262359,9.003100474631735
16,85,1.4779340436309387,4.356100318626448
17,85,8.681604478544758,0
18,85,5.863082537053154,9.796253799513051
19,85,4.7911740188785865,4.693084334748656
20,85,1.8870413523726501,12
21,85,9.92254903241179,0
22,85,11.087801035087624,5.215333287544834
23,85,0.042709343910295065,1.8774006928567875
24,85,2.2696479913256633,3.6510982775339893
25,85,6.34679964942271,2.5139999698004947
26,85,0,0.7571059007278441
27,85,0.8838053868865567,6.938236248019093
28,85,9.230359955059194,9.08622024151325
29,85,11.506684629184134,11.65216779899731
30,85,5.418543443482657,5.601415155393877
31,85,7.724378655010824,3.517522885282471
32,85,8.180543051791435,7.209144599940402
33,85,3.8864010107123117,0
34,85,2.9158398038888516,1.3379841241391948
35,85,10.547119237818745,10.266071619810425
36,85,4.333999424233578,4.001901236608101
37,85,9.087711485038676,9.00701050497387
38,85,6.023006151656788,1.1964150790718873
39,85,2.119609854269629,8.717226791453175
0,90,1.0680115965525323,7.935375919465746
1,90,4.791659234982609,4.919671385936677
2,90,10.01705433825628,10.699931179893342
3,90,0,9.51395849906943
4,90,5.543561454190246,1.1317817190819344
5,90,3.511734440157775,12
6,90,1.258636936754468,6.502683591916101
7,90,10.677047310751014,0.4461411683149381
8,90,8.932772020339009,0.043378587908801475
9,90,1.0994070087801504,0.608193537113179
10,90,6.4682089188139855,10.484290990606022
11,90,5.500518274960004,10.2269509105164
12,90,3.9289456936539184,1.3380428892165692
13,90,3.257570262385664,2.894380303928664
14,90,0,7.112516537989972
15,90,6.937073299075811,9.023629801798295
16,90,1.496363492400127,4.229441177814411
17,90,8.657599052330925,0
18,90,5.846905655627727,9.773493020315172
19,90,4.803470902560658,4.685486622460432
20,90,1.888358743256922,12
21,90,9.922854556986936,0
22,90,11.056365177272035,5.200969455859718
23,90,0.027016763386118962,1.9361697900388404
24,90,2.2502511013540603,3.62693648981566
25,90,6.31851906236419,2.443735667517819
26,90,0,0.7235349089962018
27,90,0.8265315207409433,6.886802004730078
28,90,9.162995460227126,9.055445591001748
29,90,11.478737634258259,11.668659965034795
30,90,5.436946894083195,5.627257300730081
31,90,7.743760925506734,3.502851789081327
32,90,8.104770461167034,7.214935960209123
33,90,3.873620904707759,0
34,90,2.8913077652548815,1.3069394035559372
35,90,10.50771361862593,10.287081553876547
36,90,4.37076233925255,4.003699282294739
37,90,9.116703414089535,9.009755453013609
38,90,6.076532721421614,1.1524250938208827
39,90,2.1233067418917377,8.664880312624584
0,95,1.0264376328367146,7.977918102522896
1,95,4.7912365110029995,4.954833891597927
2,95,9.94985669813785,10.783337754587963
3,95,0,9.623436246643926
4,95,5.460894553251209,1.07800869239402
5,95,3.6115972268077186,12
6,95,1.2650729956925182,6.492456136201594
7,95,10.67416950191599,0.5447082104112274
8,95,8.978355783599925,0.026854062694487743
9,95,1.0587624049976696,0.540549337521065
10,95,6.638845750851457,10.380228151615057
11,95,5.4356061921267,10.256224677265735
12,95,3.928025413163455,1.3404247060914
13,95,3.267354066528885,2.933364583083169
14,95,0,7.122949929608501
15,95,6.9365246562129705,9.034860521499532
16,95,1.5083169193833779,4.1374519219022545
17,95,8.629966290445553,0
18,95,5.820635065737787,9.73742178327591
19,95,4.840601262707345,4.661656240232237
20,95,1.888728832338736,12
21,95,9.924231024646646,0
22,95,11.028472245928333,5.187962284218597
23,95,0.008489047112647086,2.009316674325736
24,95,2.241401054191172,3.6158487363887417
25,95,6.288980690512182,2.3737435882680593
26,95,0,0.686901922147108
27,95,0.7770056834935147,6.842787670375691
28,95,9.111477328944027,9.031065826741468
29,95,11.451439422448832,11.684913823630135
30,95,5.460012586036403,5.6579738691611094
31,95,7.757774778371114,3.4923800933233067
32,95,8.022551825230442,7.222141240474097
33,95,3.863028012155047,0
34,95,2.8694365071842616,1.2784233982659117
35,95,10.469714134383882,10.306021814618411
36,95,4.416687079722567,4.0058322102451775
37,95,9.159141538332712,9.012593342253838
38,95,6.1374456621907685,1.1010819163202408
39,95,2.1604506708828457,8.666960085909466
0,100,0.9810829945441568,8.02577851925826
1,100,4.790701557653655,4.994282400975446
2,100,9.889485453729776,10.85267992157458
3,100,0,9.730707570758911
4,100,5.369175115896371,1.014113416449679
5,100,3.700307523963417,12
6,100,1.2771603276785908,6.47415042750405
7,100,10.672286222949952,0.6573638043188397
8,100,8.998415988247226,0.02032786811243594
9,100,1.023545580815612,0.48165259281623296
10,100,6.8111258147490945,10.275105552795532
11,100,5.373895307558993,10.283266093682412
12,100,3.9253356264751695,1.3471830691476836
13,100,3.273512693663811,2.9558792367583777
14,100,0,7.133953942432147
15,100,6.936018559965829,9.043911299652956
16,100,1.5244663723317833,4.036149807984643
17,100,8.608126121959438,0
18,100,5.791576868193708,9.697183979976415
19,100,4.891164740316245,4.627330942555379
20,100,1.8886069532775442,12
21,100,9.924918192377863,0
22,100,11.010283604854095,5.179258771676526
23,100,0,2.0687330889980116
24,100,2.2428392496811447,3.6175623169126996
25,100,6.26625471859108,2.3192047021519686
26,100,0,0.6657107149775282
27,100,0.736614232846687,6.804516137727664
28,100,9.036107268366894,8.996886105599378
29,100,11.426594973777483,11.699833249776553
30,100,5.475509792725455,5.677876996446246
31,100,7.788904243405484,3.469385343598877
32,100,7.9537523408979265,7.226892060808541
33,100,3.8464747175707648,0
34,100,2.8576507788165095,1.2631771260036162
35,100,10.418869498934166,10.331511656910665
36,100,4.465214099903836,4.008617542528737
37,100,9.211778212584736,9.015859943088394
38,100,6.186647070518045,1.0604963575561739
39,100,2.206303987525788,8.66894131158424
0,105,0.9538039660818581,8.054066456875995
1,105,4.791414704597325,5.036645472952454
2,105,9.83077060461021,10.915364207323236
3,105,0,9.844123435558272
4,105,5.2787108937244565,0.9502795993619236
5,105,3.7926911262823593,12
6,105,1.2861433554380994,6.460387638569181
7,105,10.67099641318061,0.7833395683614744
8,105,9.028975688330084,0.010814015471284395
9,105,0.9837872426196129,0.41584732107503364
10,105,6.991331620254807,10.16384714419279
11,105,5.348242289973236,10.29460854703284
12,105,3.915609231414313,1.3722441889191899
13,105,3.2784243803781443,2.9718730797172888
14,105,0,7.146148567527154
15,105,6.934504162913952,9.062916358111508
16,105,1.5396276490349028,3.9419858804360497
17,105,8.603638555950527,0
18,105,5.769387593885142,9.66631773119839
19,105,4.931839604275765,4.600254782672441
20,105,1.8884658740237068,12
21,105,9.925921700343608,0
22,105,10.996860268648309,5.172624726735606
23,105,0,2.145878251338554
24,105,2.2417932580641926,3.616286331454447
25,105,6.245632248185746,2.266828415990382
26,105,0,0.6368047632279942
27,105,0.7027238056541716,6.772121132486964
28,105,8.951507101226413,8.959569138049096
29,105,11.392700194498731,11.720402291204863
30,105,5.492493868459874,5.699340031742916
31,105,7.819186146325629,3.4471674216519244
32,105,7.880102211729725,7.232708167426296
33,105,3.8264640897137725,0
34,105,2.8366968829255814,1.235194841147531
35,105,10.366414169748232,10.358778071851559
36,105,4.505750330927793,4.011165474173729
37,105,9.27602346814718,9.02122615170744
38,105,6.230931108525091,1.0237946652695602
39,105,2.2358647465377546,8.669553570366011
0,110,0.9427525582710881,8.064856163405052
1,110,4.791189647440061,5.064693138958038
2,110,9.777459231366736,10.970301207931834
3,110,0,9.949828577202913
4,110,5.181651572338688,0.879012464328578
5,110,3.887335562065258,12
6,110,1.3005087314090142,6.438424438313667
7,110,10.671273059762536,0.92229663636673
8,110,9.063972190956259,0
9,110,0.9389803516672863,0.33718816898373066
10,110,7.1716789010338475,10.057634640282593
11,110,5.3477304720580205,10.294836884169973
12,110,3.9065154995163973,1.3943393546281888
13,110,3.2805736852958294,2.97906918432466
14,110,0,7.157656354948592
15,110,6.933400421974148,9.074710490630078
16,110,1.5533620067358926,3.8690570854179533
17,110,8.583505590784963,0
18,110,5.76022160669684,9.654129748631494
19,110,4.978872000615315,4.571407786259909
20,110,1.888369069445158,12
21,110,9.927722472142714,0
22,110,10.993981246823168,5.17121291619276
23,110,0,2.2010351303465616
24,110,2.2391465463721287,3.6131544392132393
25,110,6.222244638521041,2.2118583960562535
26,110,0,0.6208776047725368
27,110,0.6592991057319001,6.731566175603383
28,110,8.857469136892828,8.918038518114324
29,110,11.352147820422907,11.744307747968435
30,110,5.5250162931291245,5.738770822984783
31,110,7.846217526869245,3.4276446003893395
32,110,7.805260943008805,7.23853589267289
33,110,3.8105592810237945,0
34,110,2.7916335943530677,1.2686737949853708
35,110,10.29915751475479,10.392802809264884
36,110,4.527196713331237,4.01255309799581
37,110,9.324183532593015,9.024309574766903
38,110,6.27414249121781,0.9885815222290654
39,110,2.2723110657036667,8.67078899975782
0,115,0.9399753110308979,8.067604295599411
1,115,4.791275486063215,5.077771497140949
2,115,9.727717881244164,11.02103067793331
3,115,0,10.04537384570196
4,115,5.069593092556771,0.7981257068889132
5,115,3.973215699617597,12
6,115,1.3100975231576972,6.423945814901442
7,115,10.67158790182706,1.0750079075100578
8,115,9.092681675954509,0
9,115,0.8946399410244107,0.2638914443627245
10,115,7.3574559666071115,9.949906108802677
11,115,5.333937222397297,10.300902830979526
12,115,3.898208198795921,1.4126934188207332
13,115,3.2887036126583413,3.0066683395378972
14,115,0,7.168117085017487
15,115,6.93052321361188,9.096432404288324
16,115,1.5679812526423398,3.7881484482557957
17,115,8.556275853083937,0
18,115,5.749562571173491,9.640246472000323
19,115,5.031707168112949,4.539640252946921
20,115,1.888471887445008,12
21,115,9.93120305963529,0
22,115,10.966872290238205,5.157905822337661
23,115,0,2.243568179922669
24,115,2.2326995265324214,3.6185410852683537
25,115,6.186964569930859,2.1311011795356167
26,115,0,0.615270428864297
27,115,0.6289699732916555,6.704348016725337
28,115,8.782832291110305,8.883578662286109
29,115,11.302913480765715,11.772326411848761
30,115,5.564050993642024,5.784810988982422
31,115,7.864926567719312,3.4148847272651843
32,115,7.710329100062099,7.244271288166059
33,115,3.7927629081159973,0
34,115,2.754215479244666,1.2955841783281348
35,115,10.226131430722356,10.430290385281847
36,115,4.557560959595921,4.014441114249935
37,115,9.374789397694643,9.026873438423886
38,115,6.325271578013122,0.9501740070986614
39,115,2.3155064397248095,8.67128392601049
0,120,0.9373628993659818,8.070202182763675
1,120,4.791614218964855,5.091718337357359
2,120,9.689392948868244,11.060074639010935
3,120,0,10.126285952369898
4,120,4.964600104749786,0.7204251807724046
5,120,4.060493603150632,12
6,120,1.32386444912859,6.404216991552356
7,120,10.674237771271468,1.2447559431366313
8,120,9.106089283571329,0
9,120,0.8536486697734427,0.19881667074312348
10,120,7.540597573531433,9.842391888103686
11,120,5.316441484668435,10.308564014063137
12,120,3.8961531336986837,1.4173899739577955
13,120,3.296769079440488,3.034324214879521
14,120,0,7.179960364901966
15,120,6.927352654176945,9.121038211729537
16,120,1.5809132467321474,3.716883820814202
17,120,8.53473981946071,0
18,120,5.73169112611917,9.616249533824579
19,120,5.0824959707329365,4.508254595835086
20,120,1.8890974133771048,12
21,120,9.931839411404034,0
22,120,10.950278819425131,5.148846018180777
23,120,0,2.2844489818704052
24,120,2.2319732196615685,3.6191477942594474
25,120,6.155710010855898,2.060242285100976
26,120,0,0.5987309865458629
27,120,0.6054126556407928,6.682764608485221
28,120,8.722445406580107,8.857222179507499
29,120,11.246964024038807,11.805788149477927
30,120,5.604493739410501,5.8331369914217746
31,120,7.888533201453501,3.3997148404732567
32,120,7.619961196468016,7.249622616620187
33,120,3.7723373207879516,0
34,120,2.717355745075966,1.3208958487910996
35,120,10.146094493386007,10.469792083709953
36,120,4.581971895444535,4.015423394920355
37,120,9.413729021750168,9.02926628037361
38,120,6.369075180703647,0.9195897387131624
39,120,2.3662041445382953,8.67238898241947
0,125,0.9407336137829726,8.066676162761182
1,125,4.791995567670603,5.103825262621755
2,125,9.645643671126763,11.102294363612648
3,125,0,10.188125429170201
4,125,4.842657650166031,0.6319603519120565
5,125,4.156631244431704,12
6,125,1.341711157201652,6.377895286858586
7,125,10.67130076249025,1.4158569752722927
8,125,9.116640945244425,0
9,125,0.8132457343767887,0.13689195188324704
10,125,7.73608573001229,9.735590913150935
11,125,5.314895961912798,10.30924743379399
12,125,3.8956907280580686,1.4184668650283672
13,125,3.3085529741843795,3.076359963333584
14,125,0,7.19136671726188
15,125,6.924240791213516,9.153161863582373
16,125,1.5920211098311279,3.658624606943436
17,125,8.520115577356638,0
18,125,5.714591465345121,9.59297740290219
19,125,5.1275767041295435,4.481281470870846
20,125,1.8900581133492083,12
21,125,9.934740685973935,0
22,125,10.921754343656287,5.132556866787547
23,125,0.058511775006511856,2.295844321960692
24,125,2.2304662618295286,3.620372121041759
25,125,6.124215315614828,1.989824507501491
26,125,0,0.574471368574633
27,125,0.5828246897337829,6.662751993308119
28,125,8.668661476542164,8.832827417482239
29,125,11.188548297730739,11.839992371463035
30,125,5.641063151536996,5.873275851818537
31,125,7.898069022593213,3.3937877924956292
32,125,7.550238625285838,7.25291347245186
33,125,3.7449205406036956,0
34,125,2.6946032459748954,1.3369222993274255
35,125,10.06129642267745,10.514954104666158
36,125,4.6064474189596485,4.0161394797387375
37,125,9.437190742541768,9.031596940114618
38,125,6.392349527439515,0.9532495817402463
39,125,2.431217740477971,8.675587245615933
0,130,0.9438506621115913,8.063421568567927
1,130,4.79197235258392,5.111955437546894
2,130,9.59287190649248,11.153869544358013
3,130,0,10.264431428667832
4,130,4.727117801862578,0.5462824304134686
5,130,4.245088048657736,12
6,130,1.3592360529591274,6.352493801094265
7,130,10.668261253980713,1.6005146699354766
8,130,9.130304439979055,0
9,130,0.7641304696799402,0.170595544290798
10,130,7.916698515030455,9.64584939473278
11,130,5.322103263921047,10.325728260454678
12,130,3.8983374325986153,1.412220423475571
13,130,3.3232796571453984,3.1258334206305642
14,130,0,7.200521656198702
15,130,6.919931788001537,9.224125985492238
16,130,1.609982400808062,3.5759093832497486
17,130,8.514721189630885,0
18,130,5.70675341708619,9.582201872464125
19,130,5.191376494755699,4.44251793962708
20,130,1.8913733039281015,12
21,130,9.935407836454385,0
22,130,10.900021224771521,5.120756216609883
23,130,0.11766912426358783,2.305835184152409
24,130,2.234866302492521,3.6167494874811426
25,130,6.091147716981879,1.918985988779521
26,130,0,0.5547657634922921
27,130,0.578984401009774,6.659332834726483
28,130,8.613272646761645,8.808642369866005
29,130,11.119299616264495,11.882544522893857
30,130,5.688057583894594,5.927233538157961
31,130,7.896548733309896,3.3947594467739193
32,130,7.548384872490886,7.184565046591142
33,130,3.71021781558382,0
34,130,2.6891729488776166,1.340735509342628
35,130,9.959265135721745,10.567346179063
36,130,4.657025827553062,4.016999655617555
37,130,9.44300590230092,9.032301964485812
38,130,6.416332811561652,0.9873781182316357
39,130,2.4940141694365088,8.676505788173161
0,135,0.942685255900611,8.064699129861735
1,135,4.801802155774405,5.1121118634110445
2,135,9.542197677671046,11.199342715330582
3,135,0,10.328813850344751
4,135,4.611803231655576,0.45462834203027414
5,135,4.340166415033954,12
6,135,1.3888167796767263,6.311696722954711
7,135,10.663323244583959,1.7671446478897828
8,135,9.165196929639347,0
9,135,0.7195659887061341,0.20040306972478408
10,135,8.092202070569996,9.563442756766788
11,135,5.328965027977004,10.341669539531168
12,135,3.899474172173552,1.409608418680428
13,135,3.3391440402605967,3.177320726512486
14,135,0,7.210755982051983
15,135,6.9186081956014815,9.282777206792408
16,135,1.6296046536258189,3.4920417313960166
17,135,8.492388373070884,0
18,135,5.699614610843825,9.573199172941253
19,135,5.22978852014239,4.419564109944145
20,135,1.893254389390215,12
21,135,9.935908154539062,0
22,135,10.866291302482155,5.102814051941828
23,135,0.18320737803691245,2.3174993306799108
24,135,2.2457171882697495,3.6073747235633715
25,135,6.063381702714266,1.8597089509598927
26,135,0,0.5385863670814227
27,135,0.56210465279304,6.6439147510001755
28,135,8.56216451545736,8.786919074775865
29,135,11.05644757007443,11.919080359619318
30,135,5.737315541249914,5.980706044228409
31,135,7.887094031102107,3.400557094706597
32,135,7.545966303731161,7.121781809276671
33,135,3.6840538877747804,0
34,135,2.6733049225535797,1.3519305801890134
35,135,10.002625158841372,10.652202650041428
36,135,4.684910275861735,4.01735546680466
37,135,9.476945161719454,9.03672633301296
38,135,6.436741967204113,1.0152417086210543
39,135,2.5728911456390926,8.679393181392742
0,140,0.9421030556499886,8.065357728721635
1,140,4.813828726519188,5.112278883667177
2,140,9.489651086372652,11.24572335982677
3,140,0,10.406015765908824
4,140,4.498413206949783,0.36255276374701684
5,140,4.434726672133491,12
6,140,1.4209085255650622,6.268204833710233
7,140,10.656851484802248,1.9415975578525002
8,140,9.215945820504924,0
9,140,0.6802919502866803,0.22702905974550314
10,140,8.25417778100534,9.487625488108268
11,140,5.339634670354901,10.366185764054293
12,140,3.9029694205184193,1.4007806453370593
13,140,3.356652471374956,3.2347481980978756
14,140,0,7.218005514615196
15,140,6.914885021059003,9.351281202214413
16,140,1.650555894988476,3.4062674084280786
17,140,8.459859691431847,0
18,140,5.688571575609708,9.559266130641973
19,140,5.274703442056294,4.39213072668632
20,140,1.892223972560795,12
21,140,9.935694567305077,0
22,140,10.817524486259082,5.076921187112551
23,140,0.21494331756011076,2.3231365580522274
24,140,2.2688769008243312,3.5865345506075466
25,140,6.037933535072662,1.8044775804449718
26,140,0,0.522495708913604
27,140,0.5442706803677848,6.62819605063664
28,140,8.496239953908507,8.758535826468584
29,140,10.986373467062771,11.96185088997062
30,140,5.781976820570019,6.030182186972552
31,140,7.881050523911477,3.4041847340069973
32,140,7.5452235255889075,7.0545983175420615
33,140,3.662651407175257,0
34,140,2.666563431608074,1.3565765836006818
35,140,10.044477840160496,10.73259540729762
36,140,4.72117927234997,4.018100345296434
37,140,9.513259873057692,9.042626307893405
38,140,6.45347351118295,1.0376143913610512
39,140,2.6381993722751824,8.682596830301524
0,145,0.938021634011893,8.070137920483383
1,145,4.8306769816168655,5.112060212898694
2,145,9.430836710311075,11.300216418804926
3,145,0,10.464687155104603
4,145,4.387466851089458,0.268779874001292
5,145,4.515783088470091,12
6,145,1.4578304796840804,6.216306785656979
7,145,10.649722841070593,2.0981681207240412
8,145,9.274058491234443,0
9,145,0.6575635557164626,0.2420503431983715
10,145,8.42355603165851,9.408794341117225
11,145,5.359095120519047,10.408959664116376
12,145,3.8982730360791815,1.4125824953297081
13,145,3.3754935446952805,3.294452677554492
14,145,0,7.149972717000156
15,145,6.9119530622905305,9.398582921144135
16,145,1.6771142714665301,3.304648698328943
17,145,8.401473915042708,0
18,145,5.681807404384461,9.550754002625508
19,145,5.330698644159885,4.355675522829623
20,145,1.891719353717633,12
21,145,9.932781496596109,0
22,145,10.788061607039776,5.060771891558481
23,145,0.2454251911843603,2.327273751332695
24,145,2.288929205117774,3.568245895277262
25,145,6.007062160422883,1.737189569378608
26,145,0,0.4926450334319404
27,145,0.5205170693366657,6.607497850644038
28,145,8.429121683213369,8.7289872207171
29,145,10.914631278963906,12
30,145,5.821051647553364,6.073370695873821
31,145,7.874607402079783,3.4083270730099646
32,145,7.5461530104226195,6.983765878059301
33,145,3.6347659296451327,0
34,145,2.6703518544054536,1.353854687497574
35,145,10.085310912877382,10.811321802750866
36,145,4.777345337058989,4.018506117854332
37,145,9.553920493491514,9.048836864833074
38,145,6.475741799190795,1.0687822346546938
39,145,2.6995826443197752,8.684334785967474
0,150,0.9354055965774845,8.073071829335627
1,150,4.8354295137350585,5.112068437783364
2,150,9.376194731955202,11.351267210221847
3,150,0,10.555888510699646
4,150,4.268477021786929,0.16330424869217763
5,150,4.592393546743241,12
6,150,1.5097583779464985,6.1487814172753525
7,150,10.644381290867472,2.2316268117928186
8,150,9.333473023088242,0
9,150,0.6405064088266664,0.25360833022921375
10,150,8.583251563627137,9.332256412706242
11,150,5.374140730810196,10.44113694250271
12,150,3.889090575061297,1.4348476925604123
13,150,3.395890853378099,3.3580443527666
14,150,0,7.063365675572395
15,150,6.910252868203608,9.426156912570741
16,150,1.702651288282325,3.21107883609585
17,150,8.342538542304387,0
18,150,5.674365707881316,9.541719960734026
19,150,5.417681221430306,4.300760449949429
20,150,1.8918258300415254,12
21,150,9.932563306380079,0
22,150,10.76561035805222,5.048137349699715
23,150,0.25781486500831413,2.329121576220849
24,150,2.308792091211268,3.5498103945782464
25,150,5.977245424682168,1.6744505754581
26,150,0,0.46723962467437635
27,150,0.4902175743059698,6.5811995155240135
28,150,8.36563894026904,8.701199903526177
29,150,10.855407546449124,12
30,150,5.867480396143451,6.125563246369757
31,150,7.873604656541535,3.408987410730809
32,150,7.547342446524758,6.929488175154294
33,150,3.609985136522507,0
34,150,2.6672397771037764,1.3560092253006493
35,150,10.133122147697687,10.907013333343839
36,150,4.83691015343235,4.0178786497232055
37,150,9.560046102838092,9.006730942813608
38,150,6.499873942403939,1.101259193270328
39,150,2.7800444093693146,8.685360632467741
0,155,0.936875528268419,8.07149870711196
1,155,4.850883324769424,5.111704709184649
2,155,9.326594144504467,11.396036757259685
3,155,0,10.646540338949144
4,155,4.152242286741149,0.06233662472617442
5,155,4.670617439733424,12
6,155,1.573951035193919,6.070641410900552
7,155,10.640197043136405,2.3661648569841893
8,155,9.404022851434133,0
9,155,0.6237703164935093,0.265391114665537
10,155,8.744130288932194,9.253310782005927
11,155,5.388922564562815,10.473213909200128
12,155,3.8749712034947867,1.4668182555924971
13,155,3.4158009217995953,3.417114452593828
14,155,0,6.98907091150128
15,155,6.908644632937465,9.46203712349921
16,155,1.7292574597044847,3.1237784189537168
17,155,8.28640738716919,0
18,155,5.6538393603730155,9.515752205965192
19,155,5.503638419191559,4.246679338035597
20,155,1.8926607904440453,12
21,155,9.930844532729248,0
22,155,10.72364733552207,5.0247056097437115
23,155,0.2515901084374113,2.328276397404587
24,155,2.330592680157786,3.5280665853342073
25,155,5.943481722287677,1.6030533145484214
26,155,0,0.4556371365841953
27,155,0.4517540482037034,6.547077477550842
28,155,8.2844333317863,8.664025343378626
29,155,10.79354805773705,12
30,155,5.909636429655079,6.171773531135175
31,155,7.866147321515536,3.4138116140721566
32,155,7.549254713692861,6.871312147281939
33,155,3.5825735787555404,0
34,155,2.6539635556526493,1.3651046938638045
35,155,10.18828084027883,11.01187356977323
36,155,4.895138940794092,4.016947932483414
37,155,9.5612524460941,8.996825963199774
38,155,6.518650702408391,1.1269803420066151
39,155,2.858527735746288,8.685285108908994
0,160,0.9263999944698262,8.083839357613266
1,160,4.888749733119149,5.111648874035033
2,160,9.261895634466622,11.453575979151486
3,160,0,10.708480515795085
4,160,4.0387308496312775,0
5,160,4.754553055182953,12
6,160,1.6379249413633965,5.990551011786724
7,160,10.637126372537825,2.5170521083346045
8,160,9.4705330448541,0
9,160,0.60226421379679,0.27964616458814023
10,160,8.912275485376728,9.174460146491931
11,160,5.398061631867295,10.492382029999957
12,160,3.872916944548809,1.4713760429702198
13,160,3.4418443682476316,3.4968956950042966
14,160,0,6.916233904684853
15,160,6.9085557211547375,9.46533178172104
16,160,1.7473183996509967,3.064606635285113
17,160,8.22443364138466,0
18,160,5.63540180937693,9.493693921668827
19,160,5.58996606190494,4.193102416326224
20,160,1.8944311537873293,12
21,160,9.927229844487378,0
22,160,10.680789349318948,5.001107715686606
23,160,0.25356134131109065,2.328572958416857
24,160,2.3539420477014303,3.5052030839527744
25,160,5.90833469892907,1.528960547321386
26,160,0,0.44442537087410544
27,160,0.40012275251722224,6.503152765805463
28,160,8.224351956638252,8.636196292388362
29,160,10.753396144449864,12
30,160,5.95959713707258,6.2270628502964716
31,160,7.863132072388383,3.415810555605894
32,160,7.552871936390319,6.796000452344452
33,160,3.5613020286664208,0
34,160,2.644824344803426,1.3710775154740786
35,160,10.241122718221758,11.119249755932767
36,160,4.955678501139387,4.016730475142967
37,160,9.580451768953402,8.99880292747586
38,160,6.525068011452317,1.135303377074531
39,160,2.9387223506627387,8.684546454158099
0,165,0.9173290472432037,8.094171350464595
1,165,4.913902630341323,5.111046160898905
2,165,9.177987542722162,11.529073981467993
3,165,0,10.77901100967651
4,165,3.936674488818642,0
5,165,4.824879697755164,12
6,165,1.7095169892682809,5.89720908072474
7,165,10.633384490430094,2.6645938650544227
8,165,9.52845573279856,0
9,165,0.5814260150385183,0.2934775702123979
10,165,9.071961730251157,9.099307306420222
11,165,5.40267467484772,10.501675007040934
12,165,3.872320142613877,1.4727452332598108
13,165,3.47162899324672,3.5955451173340713
14,165,0,6.827234605739678
15,165,6.909327208282118,9.444606693835768
16,165,1.771987408753618,2.982564184772967
17,165,8.16762351912484,0
18,165,5.623564682114902,9.479285720761006
19,165,5.672058890248562,4.143679967132542
20,165,1.8951497414837903,12
21,165,9.922007520624353,0
22,165,10.64485647457286,4.982454930886952
23,165,0.2444091867453826,2.327387908061517
24,165,2.383958782839637,3.4731116854728827
25,165,5.874039572823646,1.4627477744161492
26,165,0,0.4362783451032635
27,165,0.3561270894573676,6.466359014636296
28,165,8.161151248977296,8.605742867687871
29,165,10.698574993090531,12
30,165,6.018203903056346,6.288601361559934
31,165,7.8399315020189135,3.4311294770544056
32,165,7.555832517243028,6.7180753923525325
33,165,3.536269696004922,0
34,165,2.6365017298672573,1.3764249228926724
35,165,10.298270803448993,11.238551731967513
36,165,5.021033540801513,4.014830488696521
37,165,9.602328008651243,9.00082236902068
38,165,6.527704411931312,1.138659000552556
39,165,3.0461741753219163,8.686179059632346
0,170,0.9092935686984374,8.103755397368554
1,170,4.929698938036195,5.110908347511182
2,170,9.102621801220776,11.597560902991086
3,170,0,10.832039000901062
4,170,3.8372072618571704,0
5,170,4.896635580188791,12
6,170,1.782130744136031,5.80316960257233
7,170,10.624584403472312,2.826587941521964
8,170,9.584564437863113,0
9,170,0.5821294227526138,0.29301666190487025
10,170,9.23164244387179,9.02881953135571
11,170,5.4021329979678585,10.500487558867073
12,170,3.8751659034678245,1.4665691598777932
13,170,3.5018151317544732,3.6990635408525274
14,170,0,6.713634021094837
15,170,6.912239639925188,9.410901469690828
16,170,1.7906105518835782,2.918365533232648
17,170,8.116221236536578,0
18,170,5.622309837934868,9.477814451789293
19,170,5.773236005005363,4.082245841271048
20,170,1.8983429270987442,12
21,170,9.918241623604247,0
22,170,10.623123629873877,4.971292264688091
23,170,0.21582760432254217,2.3240343192403468
24,170,2.3952569037773714,3.461084763877089
25,170,5.909910604718255,1.4436038569999274
26,170,0,0.4126046169284887
27,170,0.3205440856052784,6.4378311722768045
28,170,8.086352242973547,8.568946109379546
29,170,10.655189734335211,12
30,170,6.068638543278357,6.343127830855272
31,170,7.795793571892265,3.459152302485672
32,170,7.557121331654093,6.655713310599274
33,170,3.503803373918605,0
34,170,2.6344216042123705,1.3777673984617
35,170,10.359491188170093,11.37004842724101
36,170,5.0693320080598205,4.014057684743332
37,170,9.611634841444863,9.001846142323393
38,170,6.541194872844118,1.156899142992156
39,170,3.1676458821671525,8.687326622341686
0,175,0.9028182982403052,8.11132317961402
1,175,4.9331960993061035,5.110901330602757
2,175,9.029767154661295,11.662822459409776
3,175,0,10.875339122233509
4,175,3.747978515097266,0
5,175,4.969116516930448,12
6,175,1.8683230274210372,5.689675487652893
7,175,10.614712998717202,3.0011186850795077
8,175,9.619465239492108,0
9,175,0.5817200460082471,0.2932689113664141
10,175,9.384766368687838,8.960101421754372
11,175,5.410184599220758,10.519444663781595
12,175,3.860896931418039,1.4971081637728012
13,175,3.5316655287063323,3.795147902776303
14,175,0,6.577998403292895
15,175,6.914307770006026,9.385256909715347
16,175,1.811710066574719,2.8455173349129557
17,175,8.039992867384113,0
18,175,5.6208231531299235,9.476165585894611
19,175,5.873936875547132,4.020722570904135
20,175,1.9007815786214142,12
21,175,9.915734293290935,0
22,175,10.607581813153585,4.9634206872405935
23,175,0.21360379507093213,2.3238226449551527
24,175,2.3847254689298896,3.47237161445878
25,175,5.960718986385238,1.4180691706732145
26,175,0,0.3910650483266243
27,175,0.28243463098340127,6.406339298800846
28,175,8.013192484601268,8.53156867974817
29,175,10.610784480881222,12
30,175,6.116735734997432,6.396160757654876
31,175,7.7615567079050365,3.482178364086842
32,175,7.560682262375396,6.58287602561315
33,175,3.4711280758308676,0
34,175,2.622397118240232,1.3855862894401094
35,175,10.433979035531841,11.530828639129835
36,175,5.116452236146043,4.014572255053598
37,175,9.600757113366752,9.000567707491966
38,175,6.550162124218519,1.1687133732587671
39,175,3.2827301248703344,8.689983478309417
0,180,0.9075242252342468,8.105626799389396
1,180,4.925712587720917,5.110784967596742
2,180,8.961596134217043,11.72295687597726
3,180,0,10.916221513417309
4,180,3.66472600271372,0
5,180,5.031577260354105,12
6,180,1.9575928807331067,5.567050583815619
7,180,10.606896633697023,3.1605099492300144
8,180,9.651504316341372,0
9,180,0.588240891966049,0.2890440579728315
10,180,9.555954367468571,8.884519979320425
11,180,5.422042782990758,10.547587305290131
12,180,3.845640850627338,1.5311677076199735
13,180,3.5566054834894643,3.8743460475334985
14,180,0,6.42079853372291
15,180,6.914001382445823,9.385241028215393
16,180,1.8235277175236895,2.8087524791936547
17,180,7.954336877072981,0
18,180,5.610258064183482,9.464665807521031
19,180,5.972530335986723,3.9585853605339802
20,180,1.9079029111614938,12
21,180,9.911919465181343,0
22,180,10.572549338801833,4.945089408885224
23,180,0.20837042323300914,2.3233100034997594
24,180,2.3737169044894153,3.4844802218143114
25,180,6.005389810790964,1.3955833533947237
26,180,0,0.3852287211818522
27,180,0.23850249246887759,6.372561250918144
28,180,7.93490512649525,8.491925989110017
29,180,10.572749811350633,12
30,180,6.167436443962953,6.453272139336374
31,180,7.7516571346294345,3.4885350917739593
32,180,7.566329295315239,6.512637483794133
33,180,3.4380439884144476,0
34,180,2.6104647043341545,1.3936122828173394
35,180,10.517986969966769,11.700761890318592
36,180,5.188431245708874,4.015705087894061
37,180,9.592524736380488,8.999698011122831
38,180,6.571013323818821,1.1971609267607253
39,180,3.4269755251489142,8.690967994006947
0,185,0.9083746448522019,8.104618771808187
1,185,4.92430069335513,5.11073168222348
2,185,8.907000009561292,11.771529765475922
3,185,0,10.916545478785254
4,185,3.5606617656196398,0
5,185,5.090945772636298,12
6,185,2.042010685589341,5.455388332544903
7,185,10.597597313727658,3.3383512873566974
8,185,9.69223306657488,0
9,185,0.6005995001085497,0.28106591527966085
10,185,9.743458418188089,8.803179197547056
11,185,5.428554766449693,10.562453191731757
12,185,3.8314265331826958,1.5634205024737813
13,185,3.576868563565285,3.9455141398478037
14,185,0,6.260658445690451
15,185,6.934877064980694,9.38667688957153
16,185,1.8358999364447546,2.7727046388866614
17,185,7.873212656322119,0
18,185,5.5932970815349865,9.44546620868679
19,185,6.073909181635846,3.8934623628839593
20,185,1.9155340606308835,12
21,185,9.908513024749986,0
22,185,10.530460962778031,4.92259042640568
23,185,0.20047455743427453,2.3225310816386804
24,185,2.3488884872311973,3.5113605001986206
25,185,6.049509200188004,1.372322634417839
26,185,0,0.36888952586220025
27,185,0.19259184882637537,6.338341549205368
28,185,7.854330279326921,8.451483044468667
29,185,10.52835833569003,12
30,185,6.226245194737956,6.522978761573658
31,185,7.745004373604012,3.493007511012587
32,185,7.569751767098739,6.4644734557299355
33,185,3.4052994926994935,0
34,185,2.5847597202335426,1.411705728594477
35,185,10.613460634963442,11.881477980320327
36,185,5.259400670769306,4.01840326922579
37,185,9.601691611594578,9.000779746344598
38,185,6.585408225521135,1.216945519847375
39,185,3.572275084565474,8.69522678522406
0,190,0.9021289153353341,8.111668819702988
1,190,4.926938255666187,5.110842827890019
2,190,8.84347114277284,11.824565052421613
3,190,0.0023512403441725577,10.904376063885614
4,190,3.463873317768447,0
5,190,5.136571405044846,12
6,190,2.1304621893065434,5.343088690395468
7,190,10.587806977003215,3.5191104691215758
8,190,9.757629569982097,0
9,190,0.5940484307270119,0.2851985365028165
10,190,9.922501994834613,8.720671170214217
11,190,5.431390528376842,10.56863404116313
12,190,3.814426990270313,1.5997970552873253
13,190,3.59012635237691,3.998125615303337
14,190,0,6.107656345304251
15,190,6.947795775292271,9.387365836860601
16,190,1.8412716741809532,2.756155613958888
17,190,7.779442589057137,0
18,190,5.582477336380675,9.433102122357967
19,190,6.174013420993855,3.82818351191672
20,190,1.925667767610663,12
21,190,9.90761394047038,0
22,190,10.484201979327802,4.898163385648948
23,190,0.1818828726085006,2.320827873654762
24,190,2.3306056412753877,3.530837299618432
25,190,6.07459087376716,1.3590584729263702
26,190,0,0.35820856304667953
27,190,0.16017218523836718,6.314242123783905
28,190,7.791651867791713,8.420557380333758
29,190,10.486243172378321,12
30,190,6.28523948420504,6.596699870248295
31,190,7.732396283158673,3.5012334517792056
32,190,7.570812431920406,6.450538248962876
33,190,3.3729157316179585,0
34,190,2.5660324096765867,1.4246577138583119
35,190,10.720825054678684,12
36,190,5.321347006821747,4.018536765599996
37,190,9.605703676120296,9.001244855354257
38,190,6.6003187336054,1.2368498724557198
39,190,3.7237179482441265,8.699735654621914
0,195,0.9074692905350361,8.105811578581887
1,195,4.9250278151843085,5.110828985781442
2,195,8.794161066212013,11.866242943126112
3,195,0.005158898002163651,10.891334699904055
4,195,3.3640561194321035,0
5,195,5.203769538660208,12
6,195,2.222794069079331,5.219514768640103
7,195,10.573018055540532,3.7244554263320993
8,195,9.804231387212281,0
9,195,0.590935820845473,0.2872884404394586
10,195,10.088682159011944,8.646453476008759
11,195,5.42997330079679,10.565451628677707
12,195,3.797629012535574,1.6379488634703971
13,195,3.6026194431584178,4.046858952634383
14,195,0,5.976019690289686
15,195,6.9760373730170535,9.388173267972862
16,195,1.842232355755769,2.753336572866505
17,195,7.701591986606377,0
18,195,5.560849388003178,9.407582957860235
19,195,6.259446838048269,3.770881324176617
20,195,1.9396611237275905,12
21,195,9.906105343985331,0
22,195,10.445420516581228,4.877601668805187
23,195,0.1381186760441271,2.3172383824919267
24,195,2.3201825155003055,3.541326304107217
25,195,6.094714267243956,1.3478189564087244
26,195,0,0.3510394758257558
27,195,0.102638440348535,6.270196323153044
28,195,7.728383499052184,8.387802816421553
29,195,10.457883972988945,12
30,195,6.3423527389918455,6.671839454602341
31,195,7.706505390880193,3.5179072100336586
32,195,7.5690298033074725,6.470583084032947
33,195,3.3462495800495424,0
34,195,2.5528221976632186,1.433754167168275
35,195,10.824148740795941,12
36,195,5.3701355427314015,4.019859202206524
37,195,9.60532030793329,9.004608460684237
38,195,6.602706953197613,1.2400914753076118
39,195,3.840607307706613,8.704947376865587
0,200,0.9236150850714903,8.0880883568216
1,200,4.924666343503862,5.110831838721665
2,200,8.748533789991239,11.902527379509106
3,200,0.011686568795529779,10.859404758991635
4,200,3.2686675470207214,0
5,200,5.264676818006601,12
6,200,2.324565146575379,5.086260254970505
7,200,10.560209309573738,3.923984122629184
8,200,9.842020565783658,0
9,200,0.6036275487186962,0.2787096567471776
10,200,10.223033749840866,8.58550454309682
11,200,5.432222068236098,10.570335860047207
12,200,3.7843322727188675,1.6678156909680846
13,200,3.6072848252793452,4.065788584058829
14,200,0,5.822375989960626
15,200,7.014658499738006,9.390064017031309
16,200,1.8446137007072128,2.746512380664332
17,200,7.612779190072584,0
18,200,5.545236073486268,9.389455889318624
19,200,6.336445381646378,3.721600311964285
20,200,1.95316564007296,12
21,200,9.905191074804218,0
22,200,10.418725217404091,4.863548818465624
23,200,0.06916889516191171,2.3118354616425676
24,200,2.3103020218125527,3.551239619573668
25,200,6.112446548956855,1.3373471985863112
26,200,0.004701692620861748,0.35577551690609927
27,200,0.06280008467433552,6.238081912527076
28,200,7.667920959084426,8.356213601624269
29,200,10.439701235091038,12
30,200,6.408401864725993,6.760329012809804
31,200,7.692327339579135,3.5272968934456213
32,200,7.566075865818565,6.501986795836758
33,200,3.30726524017367,0
34,200,2.536897823353732,1.44439621716859
35,200,10.934340779191803,12
36,200,5.39465206074244,4.0200516240860535
37,200,9.602581909073159,9.02420246504132
38,200,6.610425775260413,1.2502425544961278
39,200,3.9491406373603875,8.707564547007225
0,205,0.9416281487948137,8.0684459990968
1,205,4.936492865180578,5.1109639859125995
2,205,8.710011859725615,11.932037721124757
3,205,0.019551659868545283,10.82292118066172
4,205,3.171608188512074,0
5,205,5.324539945891377,12
6,205,2.4171728513897235,4.962557696554461
7,205,10.54973966877222,4.107319523211365
8,205,9.85659640152548,0
9,205,0.6246096530747876,0.26464552609377934
10,205,10.356873189269606,8.523050663037266
11,205,5.430848924646186,10.567322681750397
12,205,3.7632799839696176,1.7158640363488051
13,205,3.6086076821218853,4.071401409213662
14,205,0,5.651624515045539
15,205,7.037290127069918,9.39163780910611
16,205,1.8469360069520122,2.739915081586342
17,205,7.526915666534529,0
18,205,5.524437702233703,9.364474224900082
19,205,6.434664363468871,3.6614728361630418
20,205,1.9637016018046265,12
21,205,9.90506646225764,0
22,205,10.400230744908425,4.8543013039584695
23,205,0.01897719282127145,2.309049556806927
24,205,2.284556548095166,3.5756412343431387
25,205,6.130011362941583,1.3267486151818604
26,205,0,0.35110515737204323
27,205,0.031069780184206218,6.212293229828248
28,205,7.609304757672561,8.325311385314249
29,205,10.402887318822245,12
30,205,6.483672902612328,6.860508776418152
31,205,7.648380830677418,3.5564454016576112
32,205,7.564875180073384,6.513619006649511
33,205,3.2635380847704223,0
34,205,2.548792447604894,1.436440716084088
35,205,11.04188601169855,12
36,205,5.411982943649229,4.020221054645157
37,205,9.60110481480107,9.03381944804725
38,205,6.602196145697748,1.2390686774137398
39,205,4.05689070430904,8.710799299740794
0,210,0.9774520764131425,8.027426950596492
1,210,4.967317281439545,5.110849131508016
2,210,8.672617044669078,11.96118411744733
3,210,0.02879877432349879,10.784597112179304
4,210,3.0821595612293002,0
5,210,5.391697666573261,12
6,210,2.510456898909505,4.8437169599605765
7,210,10.539158936835785,4.292085718570559
8,210,9.875969231285605,0
9,210,0.6408818639658621,0.25357399254062274
10,210,10.490545269739739,8.464812913580225
11,210,5.433134952803453,10.572259085707605
12,210,3.73951031238132,1.7692822508773167
13,210,3.6034700632073378,4.049066441280342
14,210,0,5.485240026664372
15,210,7.057786787917987,9.393250207244861
16,210,1.8547129017779735,2.7175154693612367
17,210,7.445901447766084,0
18,210,5.50937116049846,9.34655658909523
19,210,6.520191383048553,3.6091307950476823
20,210,1.9731364881792737,12
21,210,9.908908724389711,0
22,210,10.378812253081342,4.843540870979054
23,210,0,2.306154606157481
24,210,2.269321000757505,3.5897819817498156
25,210,6.133978151558199,1.324285394208364
26,210,0,0.34490910565517735
27,210,0.005186188146468592,6.189996917220168
28,210,7.539043216259254,8.29065311019646
29,210,10.353828428208342,12
30,210,6.561636356772647,6.958786200793251
31,210,7.60972649790011,3.5820218254856884
32,210,7.562576443214747,6.535201965859444
33,210,3.2223513312560645,0
34,210,2.543442983961806,1.43990263606003
35,210,11.153368522625701,12
36,210,5.428874733822573,4.020258505739061
37,210,9.598337531820382,9.054203214715464
38,210,6.593996277247024,1.2280245593573793
39,210,4.174110890326187,8.714756921573029
0,215,1.0075063347843463,7.9914993128547716
1,215,4.987312598970267,5.110498483402561
2,215,8.654740579695039,11.975731143920166
3,215,0.04084737115497333,10.734753623644014
4,215,2.989013262842972,0
5,215,5.461241523090231,12
6,215,2.6025935069104147,4.726471184501484
7,215,10.524290314663489,4.479809124624153
8,215,9.876088038775073,0
9,215,0.6672680281545118,0.2353221508450261
10,215,10.621571067580055,8.40505966805248
11,215,5.43903850564082,10.584657571941099
12,215,3.7106059123711206,1.8436596967834182
13,215,3.5967402546024827,4.017327230445864
14,215,0,5.29911972886398
15,215,7.064088790141075,9.393616444658955
16,215,1.8623507669527457,2.6932614606793535
17,215,7.356037499283525,0
18,215,5.4824255905507435,9.314963808671099
19,215,6.618071280757832,3.548604796362822
20,215,1.98615763115557,12
21,215,9.91425917844708,0
22,215,10.358003136113451,4.833456831762455
23,215,0,2.3052617961042867
24,215,2.2715604817170085,3.587654841113263
25,215,6.135017968397441,1.323595002564797
26,215,0,0.32142263511025176
27,215,0,6.169898164467932
28,215,7.485855818104927,8.265384962922731
29,215,10.300684957522863,12
30,215,6.661834178725121,7.081615325061839
31,215,7.563238457103227,3.6129258183057074
32,215,7.559841566980877,6.560430685480439
33,215,3.1847837069477847,0
34,215,2.5418093782760334,1.4409388337928037
35,215,11.261080674244214,12
36,215,5.445318899257668,4.020355236141856
37,215,9.59679743521338,9.067295858715926
38,215,6.592121969646171,1.2255151203602006
39,215,4.302288288724928,8.719372685192788
0,220,1.0329781315848197,7.961131207334271
1,220,4.982973172614759,5.110473459613858
2,220,8.643281938724735,11.98506541759099
3,220,0.050672704184734935,10.696086740862619
4,220,2.892274019979669,0
5,220,5.545786418493404,12
6,220,2.698408971085505,4.602229004641504
7,220,10.509141593483525,4.660877581077064
8,220,9.87591820284277,9.675576955144164e-06
9,220,0.6859752794110229,0.22268523411674607
10,220,10.74889071750353,8.345808667671983
11,220,5.444148131400939,10.594809765885806
12,220,3.683052864776828,1.9137466876427602
13,220,3.5852197676807998,3.9644954652446005
14,220,0,5.09796202953484
15,220,7.064705414222931,9.380261792192293
16,220,1.8715723224841623,2.662068833170036
17,220,7.281093994060747,0
18,220,5.462931460303549,9.291945342018272
19,220,6.721719642226143,3.485342298178867
20,220,1.9951005106156496,12
21,220,9.91625308958697,0
22,220,10.350855367582879,4.829914772959738
23,220,0,2.3051583653556533
24,220,2.2664254854788317,3.592686364455762
25,220,6.137368434561229,1.321918541618324
26,220,0,0.2904810255879441
27,220,0,6.157420753273322
28,220,7.434887465201025,8.240712464778053
29,220,10.252814904162681,12
30,220,6.764414597299829,7.201528811746708
31,220,7.528010224023289,3.6360555539958783
32,220,7.55725134665034,6.583697009237566
33,220,3.150511999135468,0
34,220,2.548980378280895,1.436503746138441
35,220,11.372575871303855,12
36,220,5.464954150836226,4.0206573983948495
37,220,9.597297812739937,9.06319659775806
38,220,6.60188406983223,1.2382267639592246
39,220,4.42041215311077,8.722006183725682
0,225,1.0514754628663758,7.938866012568502
1,225,4.966354096907557,5.1103275127879
2,225,8.630860537365662,11.995088089855516
3,225,0.059528521752084236,10.662959031744004
4,225,2.7935510262103436,0
5,225,5.634793589443381,12
6,225,2.7922207303476307,4.483454140440074
7,225,10.494402109856802,4.833985924943095
8,225,9.870570962558288,0.00027384242724398796
9,225,0.7172165729397636,0.20153302533410278
10,225,10.874654151757504,8.28698840988628
11,225,5.445689699538971,10.597783662166687
12,225,3.6444365763660254,2.010062811354105
13,225,3.570003924584705,3.8924031077458645
14,225,0,4.911099386886761
15,225,7.067036649881667,9.336609711369798
16,225,1.8854296782983182,2.6130792035892365
17,225,7.203608680349917,0
18,225,5.443568315622216,9.268998896480678
19,225,6.8338606546956875,3.413308183689319
20,225,2.001142973483997,12
21,225,9.917096255141782,0
22,225,10.34246119575368,4.825838931118459
23,225,0,2.3048012827976434
24,225,2.250075806797587,3.6082445827594767
25,225,6.13363200351257,1.3244893910544067
26,225,0,0.2551373544180588
27,225,0,6.1435756625907905
28,225,7.397808165492424,8.223843950721845
29,225,10.214977196896987,12
30,225,6.855576872963524,7.30905703403162
31,225,7.48376309537025,3.6656548450334783
32,225,7.554915517163519,6.601909461619018
33,225,3.1188340647886474,0
34,225,2.5600614919387743,1.4293551390680326
35,225,11.48835289067284,12
36,225,5.48107474583249,4.020574604400872
37,225,9.597108107831259,9.064816141486883
38,225,6.625084613551134,1.2677679275693512
39,225,4.53213170130751,8.7252223630199
0,230,1.0774634590402932,7.90791294104581
1,230,4.948406244113593,5.1096390759537895
2,230,8.59828104223018,12
3,230,0.06787746908011862,10.630095729450199
4,230,2.702776666009921,0
5,230,5.72097229883349,12
6,230,2.879056176211092,4.369192229260356
7,230,10.4753982420838,5.037302818401772
8,230,9.863177924099158,0.0006700049455942521
9,230,0.7455333316429588,0.1828626522194822
10,230,10.988353141651478,8.232381208799175
11,230,5.442651341264833,10.592509704928823
12,230,3.6060966743416762,2.105530097537127
13,230,3.5514636583986494,3.8082879048207015
14,230,0.0003378839025045278,4.728206956865951
15,230,7.0696119486062,9.294187156418019
16,230,1.904136953635004,2.5571018138538104
17,230,7.144056965910966,0
18,230,5.42785313501981,9.249355920498477
19,230,6.947505554626044,3.340340867713141
20,230,2.0051117759850787,12
21,230,9.915791902390893,0
22,230,10.331621676160115,4.820401601560595
23,230,0.012388712009081046,2.304932619375465
24,230,2.224193934048435,3.6321250792517437
25,230,6.110570515253838,1.3402903940118474
26,230,0,0.22214876194611272
27,230,0,6.132068915491782
28,230,7.329024314769837,8.193042976425442
29,230,10.187921728146062,12
30,230,6.949339852468725,7.423972644782187
31,230,7.450114831674597,3.687176457054296
32,230,7.553284550942739,6.615289188462472
33,230,3.0790051613179807,0
34,230,2.557251673674237,1.431259522254266
35,230,11.605688345684854,12
36,230,5.482497393423757,4.020603268429145
37,230,9.598170440514496,9.051200525268555
38,230,6.64948637067397,1.2981233718433478
39,230,4.637782269692482,8.72842832929571
0,235,1.0953326026132002,7.887110639424597
1,235,4.925913043811665,5.108753342380619
2,235,8.573888474546768,12
3,235,0.07428576456753594,10.604988903127705
4,235,2.6177094545557296,0
5,235,5.803320508919939,12
6,235,2.95133424284213,4.273862383342115
7,235,10.454363310656895,5.234191043337819
8,235,9.850083563516787,0.0011613196587001002
9,235,0.7758509185472005,0.16318602689949113
10,235,11.113587291478241,8.178221809894621
11,235,5.438154668043649,10.584242271806454
12,235,3.568686532021225,2.2000279160814475
13,235,3.5354017170425367,3.7280271447088715
14,235,0,4.533944886326769
15,235,7.071634139139259,9.252649360449672
16,235,1.9218888205112241,2.5018687050001485
17,235,7.071358428229961,0
18,235,5.418831097107068,9.237564012102819
19,235,7.036358231386652,3.2798229027200754
20,235,2.0087886147060896,12
21,235,9.917373186849696,0
22,235,10.325226154263001,4.817138638575986
23,235,0.012545326550610065,2.316360839376893
24,235,2.206429186096562,3.6483087915865635
25,235,6.080095873856286,1.359951279166244
26,235,0,0.19159032803198683
27,235,0,6.10370264037751
28,235,7.260760220783363,8.162300976881149
29,235,10.159853625089822,12
30,235,7.054434704787933,7.5444780429831475
31,235,7.440924702940492,3.672493195730546
32,235,7.551915825363386,6.631686951860318
33,235,3.041794087842312,0
34,235,2.5571348245639203,1.4313391533004007
35,235,11.7125475685509,12
36,235,5.493481518930597,4.0206458765800495
37,235,9.599706000230823,9.035915125777198
38,235,6.672480572819386,1.3283850186028894
39,235,4.751940452204517,8.731885157828348
0,240,1.1076232186513537,7.872712235051488
1,240,4.899226094534969,5.108000341133184
2,240,8.56339867985065,12
3,240,0.07962793109374337,10.581742952187593
4,240,2.5438552304506477,0
5,240,5.8833277930364805,12
6,240,3.0166288438545776,4.189030651676695
7,240,10.433424259197496,5.432974294975143
8,240,9.839929706699445,0.0019300534282351966
9,240,0.803746433186426,0.14351771530378704
10,240,11.248566324902313,8.123259333547125
11,240,5.432732530903614,10.574158333098431
12,240,3.5331754212682167,2.292098966515901
13,240,3.5178602847518743,3.6442472824913685
14,240,0,4.34037372496141
15,240,7.07351017733716,9.200401009502604
16,240,1.9390370440425733,2.4436865663613285
17,240,7.010874030993821,0
18,240,5.418157222311368,9.236743603266435
19,240,7.13462707066206,3.2111429560814986
20,240,2.0096394660641783,12
21,240,9.920949580527127,0
22,240,10.321890331140144,4.8153852675464455
23,240,0.012471523704865787,2.328861460819774
24,240,2.1910798665889097,3.662421022434407
25,240,6.0643440449744626,1.3702064264712395
26,240,0,0.16593771819263325
27,240,0,6.080065169327227
28,240,7.195413868402096,8.133436888804008
29,240,10.139620586692493,12
30,240,7.154545763992859,7.658050993151669
31,240,7.444712599218977,3.6785363443940504
32,240,7.550512306660401,6.644849017250572
33,240,3.0030323877326524,0
34,240,2.5596165638963866,1.4295029618014947
35,240,11.819506861709586,12
36,240,5.514221669689268,4.020264091294819
37,240,9.599936599856518,9.033897597251883
38,240,6.685589326598301,1.345620619443948
39,240,4.869639103985883,8.734057057679546
0,245,1.114397197024122,7.8646368943981
1,245,4.849427186535368,5.107592124609961
2,245,8.538190930800281,12
3,245,0.08318946818776396,10.566053708650657
4,245,2.455046505140228,0
5,245,5.9616599268685375,12
6,245,3.0873083286303165,4.0992919938440435
7,245,10.41271818749058,5.661031666852189
8,245,9.861930928698053,0.00024423259593720306
9,245,0.8184614525698484,0.1325705030610382
10,245,11.386926883014464,8.071377061247109
11,245,5.427216994103349,10.563935727288536
12,245,3.497015747097656,2.3822408366180396
13,245,3.5028103028815,3.5664046904752404
14,245,0,4.135756219272328
15,245,7.075484208381891,9.150542329263411
16,245,1.9535783484500404,2.3920643269497974
17,245,6.951766696567673,0
18,245,5.410959093115134,9.228076399331256
19,245,7.2247796951220495,3.1487455713477948
20,245,2.009243718807787,11.996397451304595
21,245,9.923889529403336,0
22,245,10.328625066694634,4.8192619163336206
23,245,0.012338926042187802,2.338747755506982
24,245,2.176627650963028,3.6757458798914957
25,245,6.051764636923597,1.3783849645240935
26,245,0,0.1308933332563577
27,245,0,6.0627135886008015
28,245,7.1237618694719025,8.099375278001396
29,245,10.117429256730398,12
30,245,7.261176058525925,7.780807304145616
31,245,7.446524141306905,3.681583548557589
32,245,7.54857146575865,6.660060747083125
33,245,2.9646449716092493,0
34,245,2.5770697326848366,1.4168278286696516
35,245,11.932462215187824,12
36,245,5.537801156394603,4.019683848248459
37,245,9.599070036831325,9.04235537874765
38,245,6.691485389753742,1.3537358063548475
39,245,4.988994412943928,8.741227487155
0,250,1.1090629827676444,7.871343995296875
1,250,4.827189282073947,5.107496381624943
2,250,8.497063975467002,12
3,250,0.08827209017000007,10.54181135191189
4,250,2.397021601397452,0.08417578534178327
5,250,6.029691065052615,12
6,250,3.157750709137665,4.010831562195775
7,250,10.390593918977347,5.882330145666335
8,250,9.884096600612818,0
9,250,0.8437406308978389,0.11358125692261345
10,250,11.517700987924437,8.023226636058997
11,250,5.41760386899013,10.546290979104372
12,250,3.4527136731610746,2.4894836264394273
13,250,3.483144312077815,3.478051077928827
14,250,0,3.9308684428007656
15,250,7.076046154614654,9.12564459426832
16,250,1.968981584226495,2.3397438127680954
17,250,6.911396166196329,0
18,250,5.399899834776283,9.214489214049717
19,250,7.304902825470513,3.0945245673312187
20,250,2.0094267420531122,11.998056945527276
21,250,9.92720985498814,0
22,250,10.3337676226483,4.822094721433466
23,250,0.01208278580735431,2.3551321097413007
24,250,2.174147059943876,3.678070325549766
25,250,6.042599098368348,1.3842924833028358
26,250,0,0.08626430760617662
27,250,0,6.045308216615458
28,250,7.04150174381847,8.063548781541284
29,250,10.080263648885715,12
30,250,7.375759177004294,7.91556327423654
31,250,7.437089712358064,3.6658929945560415
32,250,7.543914765821956,6.70133936745651
33,250,2.932458876256935,0
34,250,2.609944091753017,1.3936885727404154
35,250,12,11.88176571363642
36,250,5.574221852910183,4.019111086834314
37,250,9.598454780631043,9.048220919982596
38,250,6.691636125283961,1.353946105097854
39,250,5.103435055446802,8.746654079210604
0,255,1.1015993803303004,7.881020104935451
1,255,4.806121178121153,5.1076717057105885
2,255,8.453304436263998,12
3,255,0.09251359672785348,10.520493101073882
4,255,2.3458763207230735,0.15931970486682076
5,255,6.098000774422411,12
6,255,3.233272771609788,3.9174356323512094
7,255,10.368482939158977,6.119457091465681
8,255,9.889933175193814,0
9,255,0.8524887602205342,0.10706284888944768
10,255,11.652550519706674,7.974892024970744
11,255,5.401258028200752,10.512555348820884
12,255,3.40475265269118,2.5945881750381865
13,255,3.463572071320657,3.3897203585119313
14,255,0,3.6957150467460993
15,255,7.077102332000877,9.09450002242135
16,255,1.987768540705414,2.2741792107496126
17,255,6.855024240372552,0
18,255,5.395210513300077,9.208613963932669
19,255,7.395165420285271,3.033319056858764
20,255,2.010391271737393,12
21,255,9.930297261153981,0
22,255,10.329027853012862,4.819359488863256
23,255,0.01071866687949766,2.388169460946596
24,255,2.18556116984092,3.667325248879804
25,255,6.04268470602619,1.3842353445478284
26,255,0,0.04796384001960934
27,255,0,6.023891656591853
28,255,6.9864265598024335,8.040582893054777
29,255,10.033820286102346,12
30,255,7.497281193259254,8.0623626195284
31,255,7.433090877094606,3.6587312289733167
32,255,7.535642518749666,6.760303029118173
33,255,2.9030031664706284,0
34,255,2.635857742314381,1.3754812323317436
35,255,12,11.764618880593792
36,255,5.619692620116991,4.018223839800187
37,255,9.598241650740931,9.050038452797361
38,255,6.685895069346001,1.345809271847052
39,255,5.207583239189837,8.749180389020866
0,260,1.0919259525642453,7.894038077268914
1,260,4.781836006012698,5.10775607354127
2,260,8.410087756419431,12
3,260,0.09767771614705381,10.497819608334323
4,260,2.2968354698385185,0.22820693087464478
5,260,6.172030444282201,12
6,260,3.3202037369388657,3.812401529343627
7,260,10.34772472086969,6.35999913711533
8,260,9.909874015835273,0
9,260,0.8626277800137918,0.09916229128464552
10,260,11.796483262082804,7.920046894648615
11,260,5.380159558301198,10.468886013824319
12,260,3.3607669105138664,2.6860907514751826
13,260,3.43956470896824,3.28883257361748
14,260,0,3.4671585953529562
15,260,7.077724872398607,9.081603683493153
16,260,2.0017863793332875,2.2227502296309916
17,260,6.806387715475402,0
18,260,5.400887953155987,9.215714602033932
19,260,7.48002027501191,2.974103628542216
20,260,2.009143150013259,11.986827571672654
21,260,9.934243763054951,0
22,260,10.33358987655359,4.821993360209478
23,260,0.00964902682828268,2.40388316644133
24,260,2.201861275959164,3.651862377929142
25,260,6.042785889011096,1.3841669552909548
26,260,0,0.0010399121966157415
27,260,0,6.009382764817652
28,260,6.94500362733196,8.023224590121142
29,260,10.00059367248568,12
30,260,7.632277736560678,8.216350174309103
31,260,7.414835157496597,3.6258500754070435
32,260,7.5273872318083574,6.829645682968247
33,260,2.8819040322049694,0
34,260,2.6444095931564875,1.3691989188237623
35,260,12,11.643836238712534
36,260,5.697972122006543,4.016388927156485
37,260,9.596416652534126,9.071292597326277
38,260,6.6829109192538,1.3417042654891616
39,260,5.321330222571202,8.752729085737936
0,265,1.0631985254456242,7.930762395549503
1,265,4.745920226102253,5.108028707204652
2,265,8.351727605953034,12
3,265,0.10283855122814797,10.475946344776975
4,265,2.2493660101799953,0.2945499001858247
5,265,6.256515897735593,12
6,265,3.400692330892876,3.7118040494029927
7,265,10.328279662399803,6.5883162035485725
8,265,9.920672133829079,0
9,265,0.8677042833629213,0.0951982971793809
10,265,11.939409847580682,7.864061974937524
11,265,5.350854543594158,10.407967063824646
12,265,3.323023992539377,2.762274032459997
13,265,3.4131973716783106,3.179928159769001
14,265,0,3.252983082907411
15,265,7.079102860791388,9.063242524275791
16,265,2.015114150964968,2.1754730264852915
17,265,6.746827791999098,0
18,265,5.394193253973929,9.207090709710828
19,265,7.563036798960625,2.9182862896076545
20,265,2.007975173449813,11.974047207406961
21,265,9.940844422559755,0
22,265,10.328859156559139,4.819392970774155
23,265,0.013182906358244526,2.404061715698574
24,265,2.210421544711356,3.6438850371582046
25,265,6.0392572020298445,1.386573468437276
26,265,0,0
27,265,0.004789428406779168,6.014124352711535
28,265,6.9026671451729396,8.006615050003369
29,265,9.960830695345404,12
30,265,7.763683555203042,8.365976454204485
31,265,7.398556289374323,3.5958938457348473
32,265,7.520971009782575,6.881084026262604
33,265,2.8689311683062626,0
34,265,2.666296451412759,1.3531324427653497
35,265,12,11.513726093400686
36,265,5.796524097641129,4.013983742798667
37,265,9.594729416444581,9.092056452026789
38,265,6.681892977200735,1.340322623156101
39,265,5.425332627575233,8.75362113900131
0,270,1.0307660977991258,7.905537901413314
1,270,4.743263321529959,5.107944696508473
2,270,8.29492797974502,12
3,270,0.10281164625370054,10.47604410099983
4,270,2.201662544547627,0.3669463481287818
5,270,6.349703789445501,12
6,270,3.483015044033098,3.6096277255878793
7,270,10.312575733994532,6.834647078552544
8,270,9.907514135085151,0.000991931838403353
9,270,0.8882723734455312,0.07934372890917508
10,270,12,7.804134066961679
11,270,5.312602922255514,10.329294725385255
12,270,3.291525568477124,2.825712618498326
13,270,3.3919496685421904,3.077791473940985
14,270,0,3.0244861535606886
15,270,7.078768391911948,9.06800672438206
16,270,2.0245682494227464,2.1434705299758035
17,270,6.70562754859476,0
18,270,5.390555035411951,9.202595463527116
19,270,7.636630811135987,2.8700052064388655
20,270,2.006424556260035,11.954050743124427
21,270,9.953286219535544,0
22,270,10.343178630658848,4.826819349400257
23,270,0.02102543616687253,2.404480993020702
24,270,2.248052925097717,3.608546340887112
25,270,6.027614093807043,1.3945745557404725
26,270,0,0
27,270,0.021195629524589196,6.030594459134262
28,270,6.859062751429148,7.9895824861724
29,270,9.923299124355113,12
30,270,7.898484599681381,8.528050229259295
31,270,7.383569349011957,3.569590605156891
32,270,7.514219301916007,6.950225455275328
33,270,2.85222906311962,0
34,270,2.6912631417873403,1.3347302116441448
35,270,12,11.383192275529835
36,270,5.906221576068598,4.0139240459213825
37,270,9.593917009570925,9.101646796295757
38,270,6.6761781353778975,1.3327396198213215
39,270,5.535073683142395,8.754047300442505
0,275,1.0024663912788863,7.882518604780905
1,275,4.7398526976386215,5.107785143496845
2,275,8.233951659779239,12
3,275,0.09345654956767958,10.511733619579196
4,275,2.1565780034611155,0.432948976047946
5,275,6.456345626795132,12
6,275,3.546908470445504,3.531350981178453
7,275,10.297642820646884,7.087510955544312
8,275,9.875053925950706,0.0040908337142944295
9,275,0.8962444145977628,0.0725312680769271
10,275,12,7.746109655769843
11,275,5.272674094938065,10.248296463666376
12,275,3.260706930500903,2.8901867172659546
13,275,3.371345479572437,2.9676655989978737
14,275,0,2.818547487515742
15,275,7.08075198307828,9.040294898802902
16,275,2.030786658922099,2.1210204670949224
17,275,6.665367714839173,0
18,275,5.3805711320141425,9.19061619709085
19,275,7.715852414960566,2.819135968496223
20,275,2.0072024733070934,11.96282345758969
21,275,9.966447710285111,0
22,275,10.363958964779602,4.837719793204767
23,275,0.03281623982374427,2.405328235405055
24,275,2.256676632375122,3.6001236361348132
25,275,6.018751539652031,1.4003213546085664
26,275,0,0
27,275,0.043225079336764526,6.051665074031025
28,275,6.8544356382790514,8.001730991624344
29,275,9.888748385007267,12
30,275,7.7330486094958815,8.655854022819893
31,275,7.367459844242151,3.5431171608153207
32,275,7.506046782627984,7.015222451582602
33,275,2.8332007153907424,0
34,275,2.7104128625489907,1.3210711332746128
35,275,12,11.250926207883895
36,275,6.032369440988861,4.015393363126926
37,275,9.597069902187489,9.067511496129521
38,275,6.665632225448864,1.3193011797603396
39,275,5.6542719990073875,8.754803644032705
0,280,0.9765702832457672,7.86137142544218
1,280,4.750268903717728,5.108429517978321
2,280,8.176612243884579,12
3,280,0.08374884436177406,10.549266546143445
4,280,2.1133682866291545,0.4962199865892686
5,280,6.559967038947281,12
6,280,3.6004258954170076,3.4672858923166814
7,280,10.28571399332989,7.338171455487697
8,280,9.838407902195216,0.007831787047360317
9,280,0.9029838478727349,0.06696171733059147
10,280,12,7.685347150404975
11,280,5.227017711526064,10.150645629529627
12,280,3.2257958784318896,2.955946931179725
13,280,3.3508204211988697,2.8347138119551256
14,280,0,2.603752257822926
15,280,7.082919811594238,9.010929848341366
16,280,2.0352521941612607,2.105164097861947
17,280,6.647358789399079,0
18,280,5.374168636529821,9.182187462779389
19,280,7.799502855787777,2.766919686666339
20,280,2.0081782541869417,11.973514823781501
21,280,9.976567778780886,0
22,280,10.374111430352086,4.843087040106605
23,280,0.04701988110228998,2.4060207870296977
24,280,2.2544240513157643,3.6022955823991833
25,280,6.015586114970911,1.4023268827528965
26,280,0,0
27,280,0.048603294627311756,6.056579098017832
28,280,6.845931847776231,8.02529006906678
29,280,9.863095780814977,12
30,280,7.563554243752982,8.778186334565966
31,280,7.350024512613253,3.513673525417034
32,280,7.500456747208103,7.054449076827446
33,280,2.812994361900033,0
34,280,2.738154984829177,1.3013692027514336
35,280,12,11.111107867739863
36,280,6.186763656278588,4.01594541246183
37,280,9.599028498529087,9.039843646381485
38,280,6.644121700636902,1.293618303964292
39,280,5.798724357626541,8.75794348627182
0,285,0.9526177880644999,7.842269672138434
1,285,4.759045177830468,5.108873874652962
2,285,8.121243145588801,12
3,285,0.07098869281942265,10.597112275413455
4,285,2.077760202786635,0.5478232723276054
5,285,6.670068559804686,12
6,285,3.65570285570996,3.399484298674872
7,285,10.276529037206492,7.575405577643798
8,285,9.804191945698511,0.010341571595896765
9,285,0.9160872595020465,0.05631904124044987
10,285,12,7.624125721400252
11,285,5.183992438639817,10.05106696965744
12,285,3.1955791204082757,3.011462162463569
13,285,3.33086504776408,2.7056371738157696
14,285,0,2.3945230200143737
15,285,7.085370944325767,8.970055002140292
16,285,2.039868976790722,2.087207374380455
17,285,6.620818023340304,0
18,285,5.367556410658458,9.173523131736385
19,285,7.886056241033294,2.712215157368538
20,285,2.008583771921729,11.979185783302544
21,285,9.98413687035108,0
22,285,10.385998473784035,4.849315533146346
23,285,0.08228180569135923,2.408670471900279
24,285,2.239941782646806,3.616113605400045
25,285,6.031800813426836,1.3923651393218703
26,285,0,0
27,285,0.062240077591526034,6.069389057270284
28,285,6.8348735262149996,8.057439367067952
29,285,9.85121696657554,12
30,285,7.421216118009177,8.885780088728703
31,285,7.330067899502987,3.4799702850133305
32,285,7.497232897635769,7.0816634801925735
33,285,2.793129465876491,0
34,285,2.7564493136276713,1.288863860957285
35,285,12,10.97529689857646
36,285,6.325980573795868,4.01660644455728
37,285,9.6004074268635,9.00978254665446
38,285,6.618728301935947,1.2635577621978482
39,285,5.935821045517635,8.758532633265379
0,290,0.9262210635830894,7.819656826479006
1,290,4.776567867099641,5.1095349268513575
2,290,8.071482263489216,12
3,290,0.05650612434242084,10.652515095460325
4,290,2.0404287969349935,0.6017151339277236
5,290,6.775842379779467,12
6,290,3.7009230368236024,3.3415935697604633
7,290,10.273743496026688,7.820004613607996
8,290,9.76877003892862,0.01266905364974874
9,290,0.9257975711566475,0.04837738439943731
10,290,12,7.563246217338007
11,290,5.142226036937463,9.949263485058319
12,290,3.1743540075990633,3.0507764847803363
13,290,3.309083238779497,2.5512920438814977
14,290,0,2.1908658349520103
15,290,7.0879744610068,8.926798823932927
16,290,2.0425589579494954,2.076834068632113
17,290,6.582221345847154,0
18,290,5.361317486960317,9.164777046524414
19,290,7.960737784956524,2.6676745662022414
20,290,2.0090203359497103,11.985102653632385
21,290,9.98935460702328,0
22,290,10.397440360838306,4.855356525778703
23,290,0.08849321882370653,2.4090154422197543
24,290,2.2149780938378707,3.640106145383934
25,290,6.0569311166152655,1.377796562995842
26,290,0,0
27,290,0.06788891039381129,6.074815462460875
28,290,6.82035574780184,8.095885406433842
29,290,9.834800413189464,12
30,290,7.296897101171221,8.982712598503966
31,290,7.301599862049278,3.435434873575899
32,290,7.493197042277935,7.11358845871252
33,290,2.773303597772583,0
34,290,2.755502563665833,1.2895268666331077
35,290,12,10.851592648406315
36,290,6.4832372028390495,4.015393779222102
37,290,9.601014654222451,8.995784077313317
38,290,6.597794984060657,1.2379326338050174
39,290,6.065286503696897,8.758107855227689
0,295,0.9055166088925176,7.802407742697995
1,295,4.760478190394391,5.108671150823248
2,295,8.02551998901857,12
3,295,0.03858947468071547,10.71627010954472
4,295,2.006891758130003,0.646120792204104
5,295,6.878658925480003,12
6,295,3.7483999239732664,3.2834725176370365
7,295,10.266397860966965,8.073629078907372
8,295,9.729277012247517,0.014867863289333169
9,295,0.9346757820442292,0.041184255099992004
10,295,12,7.4971115304095575
11,295,5.09988496506079,9.84708835973298
12,295,3.1465713271250997,3.1005375296873714
13,295,3.2901734732114707,2.4075228866129974
14,295,0,1.9897642685469217
15,295,7.088713036820496,8.90941946100865
16,295,2.046506341784506,2.061458067270697
17,295,6.547718587118183,0
18,295,5.3568647642737135,9.158372982458232
19,295,8.042267450676498,2.6198574242728268
20,295,2.0083198072020703,11.978384560750074
21,295,9.999532420338063,0
22,295,10.385776836639307,4.848996448195431
23,295,0.08550091475923682,2.408883473437733
24,295,2.187212156451184,3.6662304276307505
25,295,6.10084532278148,1.3516046084317133
26,295,0,0
27,295,0.08311644800889054,6.0893983885945735
28,295,6.805550656554777,8.134667933406067
29,295,9.827194705578671,12
30,295,7.18317869200437,9.07628917769
31,295,7.2791712844764405,3.40083134909291
32,295,7.485996111347123,7.156919173481843
33,295,2.7597482471611916,0
34,295,2.7414433546811128,1.2997528512588608
35,295,12,10.71782572631865
36,295,6.637054744269849,4.0096094753796745
37,295,9.601805622119581,8.983058705862975
38,295,6.572763605682396,1.2084833041291103
39,295,6.179473280313809,8.754702342881396
