id,time,x,y
0,0,4.96558515438118,6.954106015117506
1,0,1.9848912481185221,9.03701668447698
2,0,5.041843310317029,0.9484247297768084
3,0,5.059299607960072,7.003057950339358
4,0,8.994353959849116,7.05200263456986
5,0,4.934022910483122,6.996052274954342
6,0,8.977945613985131,0.9618636530148197
7,0,9.004012579138346,9.052482503468408
8,0,0,4.018967245066196
9,0,0,3.008459636178875
10,0,1.982695461150028,2.038168489287092
11,0,10.049029710582214,0
12,0,10.960602873228346,6.972938514505584
13,0,5.927163351749859,10.011518522132395
14,0,3.9698041575301186,9.075797993706377
15,0,10.977362406269712,1.9693255334978124
16,0,7.952807895239968,1.9845904502697878
17,0,4.005103501055389,7.059305820556327
18,0,4.030446556308585,9.974983709208345
19,0,7.013837886261672,4.067928527284661
20,0,9.931547797635448,6.032326727481555
21,0,9.003376876408609,1.9229336881904189
22,0,6.054090204995189,4.982557418728388
23,0,6.946213688889672,0.9943499353789241
24,0,0.05503283282047468,3.9931696295412795
25,0,1.9577501650156368,2.001920100142116
26,0,11.949824984281877,8.990353689487474
27,0,3.051895995739907,12
28,0,6.05458834589512,8.055634811945003
29,0,9.962461130923561,3.025528324784955
30,0,0,6.9953280403902784
31,0,5.9442630225789665,0.020477939049322293
32,0,9.98350209066862,4.044693729803054
33,0,11.999517702418125,8.953685445618765
34,0,3.031733914188037,3.947643960740844
35,0,9.048451691185905,2.004384892216594
36,0,10.999302227610107,6.930603985569947
37,0,2.9593235057439706,8.956750076473266
38,0,3.048232106649991,0.06095682932098622
39,0,7.9538266326987515,7.0117622215868955
0,5,4.952508019244532,6.936798817272792
1,5,1.9645301354423685,9.085268712866126
2,5,5.07362690512125,0.9099971787446769
3,5,5.110899751710716,7.005994267315653
4,5,8.987417004571196,7.108470824335344
5,5,4.867804904686924,6.991754156840545
6,5,8.964603574123657,0.9372935771664082
7,5,9.007370273431825,9.088777585529447
8,5,0,4.03415155569297
9,5,0,3.01541874242333
10,5,1.9709633357844922,2.06668263836625
11,5,10.096765161151932,0
12,5,10.919982518546973,6.946629234894998
13,5,5.843790570120696,10.024805904377693
14,5,3.9383285790807787,9.151756502170121
15,5,10.960990977940378,1.9470092264869079
16,5,7.930768185718297,1.978276327579124
17,5,4.011556929663303,7.135521616812137
18,5,4.065607069056074,9.94410899279987
19,5,7.023933732710695,4.131856362334169
20,5,9.851276546623975,6.071157111214088
21,5,9.004846647210945,1.847834500774726
22,5,6.112611089018679,4.963667767036509
23,5,6.884621531969304,0.9874895927420667
24,5,0.11361957186790494,3.9866819194777077
25,5,1.8986946471768873,2.004341401509061
26,5,11.906343485846934,8.982054869541788
27,5,3.0858195737589145,12
28,5,6.086602829358705,8.090201982636623
29,5,9.936929699649097,3.042870294728454
30,5,0,6.992142033030673
31,5,5.88399480337419,0.04167365508527921
32,5,9.972829953507352,4.076138824184476
33,5,11.998178436494955,8.899775346509099
34,5,3.0482021762665235,3.920412828771294
35,5,9.108525871021195,2.008433403771881
36,5,10.99757108142316,6.856399617154681
37,5,2.926599243256629,8.92191415055301
38,5,3.098272593341256,0.12432266231771658
39,5,7.914727258500953,7.021120098135305
0,10,4.954445132829585,6.939411965766782
1,10,1.9405278832792796,9.147934722066392
2,10,5.1038040502157225,0.8738765790816069
3,10,5.165379365407044,7.010412512036093
4,10,8.976037182661003,7.200189244203256
5,10,4.802217221714596,6.987465525555286
6,10,8.956970597126046,0.9230796183619623
7,10,9.010051345646845,9.129770945798722
8,10,0,4.0391994403669065
9,10,0,3.0236732699299043
10,10,1.956710757470793,2.0990951048166147
11,10,10.152721390289573,0
12,10,10.877039370294069,6.918640821674066
13,10,5.734749989862127,10.042639008396941
14,10,3.9147579841979074,9.209321044723145
15,10,10.933737321319166,1.9110073613089018
16,10,7.900945470506575,1.9698448799725734
17,10,4.018265878804263,7.218204396885646
18,10,4.113441261085255,9.902698311134245
19,10,7.035469202137365,4.203307154023382
20,10,9.755628896649489,6.120044073822692
21,10,9.00499874103567,1.769480488955713
22,10,6.168177732859505,4.946815632028953
23,10,6.829366580958901,0.9804102786893223
24,10,0.17318920761660367,3.9812282932574954
25,10,1.8270688713405985,2.0081156111954286
26,10,11.832901979278173,8.969840694935318
27,10,3.1006022878947532,12
28,10,6.120101785525613,8.127214458059186
29,10,9.896405311587527,3.0688587537581573
30,10,0,6.985805561699683
31,10,5.82757754880071,0.06207127552096418
32,10,9.965016607443891,4.100610493703964
33,10,11.996204920243553,8.852396029252747
34,10,3.0624595424707106,3.896868348798753
35,10,9.156632622482384,2.0110119904662396
36,10,10.99496367910216,6.788337584638928
37,10,2.905714849534735,8.901091224108555
38,10,3.132044971615348,0.1670329242552056
39,10,7.855754197529201,7.033734271793365
0,15,4.951820211868711,6.935658238580146
1,15,1.9225487545367625,9.194487247292573
2,15,5.129836391546941,0.8421445899356856
3,15,5.226299844493202,7.016037365214441
4,15,8.966694927835633,7.281344416625321
5,15,4.7029272603232375,6.980269910120153
6,15,8.950175529785978,0.9096435260266729
7,15,9.013251111555524,9.177962505129456
8,15,0,4.0483397170605775
9,15,0,3.0280620241766982
10,15,1.9366641370704718,2.1486750206208916
11,15,10.169024600872639,0
12,15,10.852383594222609,6.902110665081711
13,15,5.6320589174500775,10.056436560633685
14,15,3.8999134709515855,9.24543105078581
15,15,10.909765512930424,1.8799740196549668
16,15,7.859765432258297,1.9582224950728302
17,15,4.0296016458233765,7.317464820889189
18,15,4.155297720123865,9.866061572942574
19,15,7.043811289678915,4.2605708522534345
20,15,9.666685842366514,6.16812337468177
21,15,9.005094214381757,1.7081317678012928
22,15,6.235443387038128,4.927745632431094
23,15,6.762548273850782,0.9718455843318622
24,15,0.2420599830547442,3.974937452789443
25,15,1.7922835203273138,2.009557911330461
26,15,11.756609702602978,8.956701674960122
27,15,3.112221730405652,12
28,15,6.175172716221797,8.187343647648113
29,15,9.853714107979247,3.0953891588020737
30,15,0,6.979430493032891
31,15,5.754355194532773,0.08912834139740264
32,15,9.961666747790137,4.1122909123443705
33,15,11.993650120365514,8.809677923928637
34,15,3.0754016445439842,3.875389472275605
35,15,9.227196949175541,2.0169794192754025
36,15,10.992307586478773,6.71628540496956
37,15,2.888591511750318,8.88330659741447
38,15,3.167937860770004,0.21240548974699583
39,15,7.779558355557391,7.049721808852069
0,20,4.953771970639222,6.938469051998179
1,20,1.9044619018977118,9.24145206440705
2,20,5.153896238952513,0.811693685856766
3,20,5.29020827424726,7.023901657698241
4,20,8.955685656383826,7.3920931661926765
5,20,4.594889516734714,6.972061562330742
6,20,8.944901921364057,0.8987142097542575
7,20,9.01664885477916,9.224748974676254
8,20,0,4.063633880006781
9,20,0,3.029964074826066
10,20,1.9241666847080527,2.1835071002884736
11,20,10.190872037420753,0
12,20,10.819095495431165,6.878433384073329
13,20,5.525100433751976,10.069645543339924
14,20,3.8876548406544673,9.27317310080029
15,20,10.868960102215077,1.8276117093600128
16,20,7.8191879348227324,1.94700826354746
17,20,4.045993679486234,7.432837891637513
18,20,4.205622157157186,9.822859797239298
19,20,7.0510434155255926,4.307806626392439
20,20,9.566980757525794,6.220061121462339
21,20,9.00478438398903,1.669254026506937
22,20,6.282844613896461,4.915495675176871
23,20,6.681664554715231,0.9633671107902253
24,20,0.3023787379944697,3.9678150627723787
25,20,1.7643826403030891,2.01092163111679
26,20,11.683780706735572,8.9438864489117
27,20,3.1206186582256707,12
28,20,6.237153048983528,8.254416115008274
29,20,9.820355992577207,3.114560619178459
30,20,0,6.972849555407134
31,20,5.652635965623782,0.12830099191846972
32,20,9.959350844496932,4.1197013431794645
33,20,11.990939642902047,8.774376856775705
34,20,3.086202299945683,3.856542246298193
35,20,9.270800052917176,2.021014954742039
36,20,10.992174722335243,6.620328286481099
37,20,2.866441704054916,8.860778531002312
38,20,3.2125905696055397,0.27213975420941394
39,20,7.700663032740658,7.069347190968024
0,25,4.9660893558989105,6.957133283319105
1,25,1.8925200472624029,9.273535072876845
2,25,5.162903005688528,0.799623639853968
3,25,5.369259994261802,7.034418842728067
4,25,8.945454491593878,7.50012844529637
5,25,4.455277277373923,6.962990765068826
6,25,8.943355203244922,0.8954030292758862
7,25,9.020042330571828,9.269034674687507
8,25,0,4.076113355330185
9,25,0,3.0336685347116887
10,25,1.9132558687959373,2.2113422770857176
11,25,10.193262296512986,0
12,25,10.76649811856018,6.843457996047754
13,25,5.39941156762322,10.088892361657892
14,25,3.8743496103495714,9.303890526005622
15,25,10.824781571381221,1.7691473423852457
16,25,7.772047907238651,1.9334850206962972
17,25,4.06448387209472,7.551638627752627
18,25,4.245650762086054,9.789686974401969
19,25,7.06124867347139,4.367199468697068
20,25,9.466449583494077,6.27074771101352
21,25,9.003721065146285,1.6140324979487315
22,25,6.338840354863676,4.900558005620263
23,25,6.605181387204844,0.9565079977329422
24,25,0.3414668207864762,3.9627718656809803
25,25,1.730309087014345,2.0127454604404025
26,25,11.608631482719412,8.931003345878057
27,25,3.1294510299608436,12
28,25,6.314903970242506,8.340139103594495
29,25,9.791142585539959,3.1320268281052055
30,25,0,6.963116546711344
31,25,5.534587602238009,0.17240337622518537
32,25,9.952511728781133,4.139058665876129
33,25,11.98725715685649,8.725490751841491
34,25,3.0931312495560075,3.844294178776705
35,25,9.305637839617233,2.024045139950829
36,25,10.993353232836425,6.508504836841773
37,25,2.8378260875477452,8.831764082111668
38,25,3.257812494565321,0.3311706253043024
39,25,7.647221004428205,7.081916628385347
0,30,4.9714925590898735,6.964747727450244
1,30,1.8866485336344962,9.288408921147177
2,30,5.174148578206618,0.7839422719626272
3,30,5.477835548797475,7.047030924341266
4,30,8.9346812397784,7.604567948655324
5,30,4.310816652197341,6.953189816887894
6,30,8.94764218781612,0.9045750564687876
7,30,9.025669862769709,9.3363795413711
8,30,0,4.090297920379858
9,30,0,3.0366224056216105
10,30,1.908454568167292,2.223620219611962
11,30,10.187535487251537,0.002335092343409528
12,30,10.722816113455323,6.8130154211476315
13,30,5.26341055792296,10.109390484416087
14,30,3.8545321038612688,9.351349260555
15,30,10.78608310276761,1.7182990697620255
16,30,7.735577920567159,1.9226363767230241
17,30,4.082731581125854,7.673610411627345
18,30,4.291235873184666,9.75204242587706
19,30,7.073070791653462,4.4276573312864285
20,30,9.366079868404647,6.321648773387422
21,30,9.00231260624268,1.574785842120196
22,30,6.4145174585092475,4.881382005392475
23,30,6.542077148311113,0.9507570094715635
24,30,0.38015140980482626,3.9576180734121613
25,30,1.6876938363820173,2.013560806496195
26,30,11.56112348176514,8.92314460685922
27,30,3.143950135320172,12
28,30,6.3854128935201615,8.413689371936437
29,30,9.763169932803722,3.149638402219434
30,30,0,6.951728400924052
31,30,5.401773187935623,0.22020068214499977
32,30,9.943878044017604,4.162554471242993
33,30,11.986099362196356,8.710447580835014
34,30,3.105549316445279,3.821676977637912
35,30,9.323463341598629,2.025338085362067
36,30,10.994427255451773,6.400658609510869
37,30,2.8001048515888374,8.793708859299555
38,30,3.3074566179639766,0.3968138296362783
39,30,7.586097530538341,7.094024072850054
0,35,4.989932916805329,6.98922616217729
1,35,1.8822287657710477,9.29972042426716
2,35,5.183336791080815,0.771822994985341
3,35,5.582170089495095,7.058672532710495
4,35,8.924116532661786,7.717530539865692
5,35,4.143412053465401,6.942020160403064
6,35,8.9515264717049,0.9140010926130585
7,35,9.0299751576785,9.404821680245822
8,35,0,4.104098640562906
9,35,0,3.044147991840923
10,35,1.8973943941136469,2.2515797239615942
11,35,10.191966000658747,0.00035868078117416366
12,35,10.687448098164431,6.787849401014745
13,35,5.122265443539476,10.12841059611339
14,35,3.8385260581282616,9.388387832824659
15,35,10.739079313926398,1.6551810568311893
16,35,7.707559520277635,1.9147221470487934
17,35,4.104984679397756,7.823610591445671
18,35,4.34031137077342,9.711678042600242
19,35,7.084722966951766,4.496425298435117
20,35,9.275642107213628,6.367107021664211
21,35,9.00089512525415,1.5513879153384238
22,35,6.489051630811452,4.866505089470921
23,35,6.482856787475113,0.944499740438739
24,35,0.43227273233350866,3.9506019475085115
25,35,1.628527788340753,2.0145613554341577
26,35,11.520566335043759,8.916835001296956
27,35,3.155789099972193,12
28,35,6.450721082550612,8.479862070086462
29,35,9.72750147798612,3.171725437606545
30,35,0,6.939985642263369
31,35,5.279524873851057,0.2652582696148169
32,35,9.939658338294532,4.173280764691083
33,35,11.984100712898451,8.682873848307139
34,35,3.1242023471060465,3.7866943652327842
35,35,9.334198569536795,2.026119875527385
36,35,10.995524055634787,6.311287980155213
37,35,2.7576677423603204,8.751588933700518
38,35,3.362816120225956,0.4690657372079128
39,35,7.549652698016584,7.101527331895952
0,40,5.0016594369170475,7.00397199077972
1,40,1.878708052011133,9.309409916973188
2,40,5.1863878422490695,0.767802082887709
3,40,5.590105055358842,6.981813249433901
4,40,8.914523110894562,7.835749596001975
5,40,3.975112363716926,6.932504886417409
6,40,8.959172686706617,0.9335187794818796
7,40,9.034563867252487,9.474489668917448
8,40,0,4.12213173475279
9,40,0,3.0496486470132997
10,40,1.8938480751095077,2.2598640763363234
11,40,10.199372915750498,0
12,40,10.64365369796697,6.755073683249415
13,40,4.996848049399709,10.144845981472356
14,40,3.8225082890572573,9.42553278097487
15,40,10.691507809754675,1.5879582202624722
16,40,7.71307402017248,1.9164543838484
17,40,4.120056067603321,7.932144869336725
18,40,4.3964799223500926,9.665336595050881
19,40,7.100323983523865,4.580079271771855
20,40,9.174522852206785,6.410772807509162
21,40,9.000024308139897,1.5353292364058055
22,40,6.542177996078452,4.85524869527413
23,40,6.423871363875639,0.9384631869530924
24,40,0.5064887572497989,3.941280306117222
25,40,1.5837133577071663,2.0131516361494635
26,40,11.482674488386541,8.910856547226906
27,40,3.1798745803721538,12
28,40,6.514074322836752,8.542419632779394
29,40,9.684723945968802,3.1982058768588946
30,40,0,6.9320084073545285
31,40,5.141705179721047,0.3168027253477924
32,40,9.939214974719315,4.174430621706668
33,40,11.979701371245843,8.634506812000375
34,40,3.1433860379395497,3.7496923391346453
35,40,9.341639281593157,2.0267181716658142
36,40,10.997407333686533,6.20632341949028
37,40,2.7181761762766747,8.711973011167501
38,40,3.4278282089042262,0.5526592303841562
39,40,7.5231413592839,7.107160054107761
0,45,5.014175264121973,7.018981632227678
1,45,1.8711746528578188,9.328479556557374
2,45,5.192255309357558,0.7597141841488696
3,45,5.597967426826885,6.891267341944384
4,45,8.904925032154921,7.952607467993917
5,45,3.807431206587196,6.9233595904806995
6,45,8.959345132323161,0.933970012366071
7,45,9.039133125756658,9.544527965129177
8,45,0,4.134037404148233
9,45,0,3.0562825718142173
10,45,1.889369325533746,2.270422795419803
11,45,10.212891148230067,0
12,45,10.581523962072936,6.70682604545396
13,45,4.858283778177274,10.160361395896896
14,45,3.8018441990392997,9.471514370957108
15,45,10.638225487577884,1.5105472127962905
16,45,7.736716648349378,1.9239359732918186
17,45,4.135200832311591,8.045059779845529
18,45,4.430717965879866,9.636234484629224
19,45,7.116272429902811,4.666380066863863
20,45,9.084192509523364,6.44921929755997
21,45,9.000664196627277,1.5539047196658162
22,45,6.571933341427356,4.848401752469537
23,45,6.3626784653848425,0.9334689018333219
24,45,0.5863350264467682,3.9299368331097186
25,45,1.5340959832039789,2.012691705846227
26,45,11.430833379645286,8.902757901959617
27,45,3.208162666609993,12
28,45,6.586093453472206,8.609323649132856
29,45,9.64371406881532,3.2231494025936214
30,45,0,6.922240645388615
31,45,4.996534301211639,0.37155433847098623
32,45,9.940073863566159,4.172077359597623
33,45,11.973041257088038,8.578816018266116
34,45,3.1670582021364364,3.7037688988628323
35,45,9.358433830683563,2.0281621428030836
36,45,10.997765845099297,6.110321239658723
37,45,2.6720364005073933,8.659608401932996
38,45,3.501352119713248,0.6487876823373938
39,45,7.4984451350890104,7.112658307680706
0,50,5.020364412716795,7.026626783189309
1,50,1.8685164610994667,9.335016458110879
2,50,5.212923674487955,0.7303032081034107
3,50,5.603532572291574,6.823083824596622
4,50,8.895350249727047,8.06040061622258
5,50,3.6229877675759288,6.915295197100254
6,50,8.95819384153765,0.9306675645162611
7,50,9.044563657226048,9.606110763930827
8,50,0,4.148188779025344
9,50,0,3.0603437554010475
10,50,1.8939243414986295,2.2597757251886987
11,50,10.221417604724495,0
12,50,10.520534683977996,6.6615575374639535
13,50,4.707978388856812,10.178089832023867
14,50,3.785400740250194,9.50685842749442
15,50,10.593279773056404,1.4439786346348493
16,50,7.746022738893133,1.9268159641025007
17,50,4.1478750802850985,8.130238010048942
18,50,4.46326129225972,9.608834484998873
19,50,7.130110206479123,4.752083860759768
20,50,8.984479088889827,6.488013675396205
21,50,9.001111966883746,1.5848922963670176
22,50,6.6035154370427795,4.841374580636724
23,50,6.261724825242633,0.9287725227152139
24,50,0.6831953799136584,3.915646980031531
25,50,1.4563535273594186,2.010861310061014
26,50,11.381074769950967,8.89345217292584
27,50,3.2302684387337264,12
28,50,6.662102523424985,8.680020629276042
29,50,9.617465591033119,3.2388462402630984
30,50,0,6.917782458841628
31,50,4.843992996474358,0.431202580753997
32,50,9.942351757003564,4.165879928920476
33,50,11.967067738553183,8.523780739704844
34,50,3.1897156654342376,3.6613874916705593
35,50,9.360002054981317,2.0283381115217662
36,50,10.998016014838097,6.031873482681234
37,50,2.6108625863765265,8.590833004911357
38,50,3.5729795586650464,0.7433233003459049
39,50,7.475679440042089,7.117971960227351
0,55,5.0301033772246555,7.039009600174362
1,55,1.8656053592497708,9.342578207564772
2,55,5.221756027918056,0.7173240064804818
3,55,5.6085230241192745,6.7605688526852035
4,55,8.883174340196652,8.171971662438828
5,55,3.447573215915696,6.908301975265618
6,55,8.963530702925379,0.9473181649825978
7,55,9.052536682484623,9.680901439825712
8,55,0,4.163098592895187
9,55,0,3.0636180368781756
10,55,1.900013847565131,2.2441985117021095
11,55,10.254776923257069,0
12,55,10.449386812422349,6.6076909843240585
13,55,4.546799170526018,10.1918412517985
14,55,3.773900213171275,9.532440767898214
15,55,10.544840374009501,1.3729218694263796
16,55,7.76630284888751,1.9330205054805354
17,55,4.160466669466808,8.222196546802866
18,55,4.507429557307099,9.571829163462294
19,55,7.145112913874222,4.835761510500616
20,55,8.865187397078987,6.5360684041731885
21,55,9.000960972723687,1.6293180076565166
22,55,6.650009770805271,4.830601239397788
23,55,6.132741327017364,0.9205594223877561
24,55,0.7796366220123396,3.900214611712874
25,55,1.3703214120218459,2.0103178589518045
26,55,11.316408451137637,8.880394115000406
27,55,3.2392521557210947,12
28,55,6.748670113270076,8.76202165773841
29,55,9.611416144659561,3.2424781664949824
30,55,0,6.915805904702677
31,55,4.674422797166234,0.49572565955519565
32,55,9.947671190736598,4.1513131574741875
33,55,11.959499531320361,8.450900254009596
34,55,3.2072622752026043,3.627431488846527
35,55,9.341274799521514,2.0264723816607746
36,55,11.000780590678438,5.942719193363757
37,55,2.556343002520131,8.530874001283953
38,55,3.647138673311573,0.8356433959978519
39,55,7.44643025747071,7.125243283929981
0,60,5.045816110561622,7.058073001647306
1,60,1.8604734966931733,9.355241565931859
2,60,5.235580024444782,0.698056980065733
3,60,5.611898323599891,6.723308944451259
4,60,8.869006896775055,8.30271627491598
5,60,3.247821182180075,6.898810731695162
6,60,8.96701102615068,0.9574102666163092
7,60,9.060186729816353,9.751827777026634
8,60,0,4.178088251039064
9,60,0,3.0072611421184843
10,60,1.9000704901339718,2.2440567115296237
11,60,10.284989795424343,0
12,60,10.3769039534402,6.551368080613673
13,60,4.4085302919311635,10.201322995565263
14,60,3.7567727567369777,9.568752968121666
15,60,10.480433200720565,1.2828046763810923
16,60,7.788604338943122,1.939251351585469
17,60,4.170981590145353,8.313778841892391
18,60,4.556687083743488,9.529547110252777
19,60,7.16563203760196,4.930921274874974
20,60,8.725147101978958,6.593796650929808
21,60,9.001332004539119,1.6822974424133328
22,60,6.692859398439301,4.82054938359467
23,60,5.99015660564556,0.911060184935092
24,60,0.8805909993748318,3.8852630166803763
25,60,1.287950611864546,2.0080291515789583
26,60,11.251571118100976,8.868112656607117
27,60,3.2502541913249168,12
28,60,6.8284973903717905,8.834397595438265
29,60,9.607362317308189,3.244935755465306
30,60,0,6.913493473889109
31,60,4.505588647727451,0.5600037297633149
32,60,9.953511837240507,4.136131219735659
33,60,11.950704254699428,8.36801096380388
34,60,3.2196202072691906,3.6048531345211625
35,60,9.319692944992255,2.0241068089378293
36,60,11.003825459353038,5.87161885335243
37,60,2.5036156647807437,8.470306660627845
38,60,3.730842710045658,0.9381196613550193
39,60,7.419072664753529,7.131955342280115
0,65,5.0572688563596175,7.072355724414432
1,65,1.8534525574587448,9.371748643870472
2,65,5.239270380185868,0.6930460457913837
3,65,5.612507190600273,6.7166672169773785
4,65,8.855257490983623,8.42108391446569
5,65,3.038931426694146,6.889596733849638
6,65,8.974330871302282,0.9776942467092112
7,65,9.06599179830277,9.809263559298518
8,65,0,4.195181355289419
9,65,0,2.9465265776308573
10,65,1.891882104301495,2.265529207274508
11,65,10.315969769131547,0
12,65,10.289770589914943,6.482679312984431
13,65,4.279806239711037,10.206759318488515
14,65,3.7414740053665643,9.599982760431836
15,65,10.416968546631326,1.1957959797964792
16,65,7.814543871545055,1.945669794807718
17,65,4.178837545557343,8.413613795605965
18,65,4.572376445803253,9.51664274862596
19,65,7.188485833451092,5.0477857867334714
20,65,8.576619676240359,6.654817639386196
21,65,9.002898954082239,1.748034461562529
22,65,6.7565354677984635,4.807297671868934
23,65,5.861913588263475,0.9059595784435127
24,65,0.9907092279222589,3.867073377978594
25,65,1.197595023387222,2.0053579577616114
26,65,11.194902935797733,8.856458224394014
27,65,3.2447745966091666,11.997270910427288
28,65,6.917845496783662,8.91610946588521
29,65,9.605380552822009,3.2461782490419444
30,65,0,6.907551037378255
31,65,4.347590334309915,0.620239999082722
32,65,9.956925751935652,4.127026420765895
33,65,11.942475411981956,8.282197599356769
34,65,3.233562682789177,3.5797830558143273
35,65,9.294289325225558,2.021564252014067
36,65,11.008713452176918,5.788491251939275
37,65,2.455617488185597,8.41669881013153
38,65,3.818535541874873,1.0403641950841256
39,65,7.3840649547419535,7.14052543346217
0,70,5.060874994187482,7.0767556767728115
1,70,1.8468559982674482,9.386108839745873
2,70,5.2456822913296355,0.6843754774567183
3,70,5.612687300544871,6.714606332054214
4,70,8.846416912591309,8.52753050835439
5,70,2.8132768282568024,6.882517983751413
6,70,8.980197571166809,0.9948286842304908
7,70,9.07259600939361,9.868375076939744
8,70,0,4.215360980133679
9,70,0,2.8926542530790997
10,70,1.8870593816054186,2.278027896556847
11,70,10.339747806631532,0
12,70,10.357278716358104,6.395759651909086
13,70,4.149668332315541,10.21271553349403
14,70,3.728523073234699,9.625463131010319
15,70,10.353523781072676,1.1124137349135654
16,70,7.820774227496526,1.9473448236631525
17,70,4.185857436327701,8.496740915423196
18,70,4.584650306248004,9.506868675972271
19,70,7.212812474618175,5.167755901979053
20,70,8.41346079675966,6.722637554771748
21,70,9.004311905760247,1.8313404006325318
22,70,6.814757986901176,4.795962178217964
23,70,5.729547650464667,0.8989597822419925
24,70,1.1164581479618056,3.843378059500351
25,70,1.1269224658342725,2.0013308355338384
26,70,11.115896293491952,8.837353483510851
27,70,3.23596946177291,11.992925304162721
28,70,7.017483871361362,9.004085065042558
29,70,9.605013730317165,3.246403718844083
30,70,0,6.897899756300573
31,70,4.2051713900575045,0.6703841272901783
32,70,9.955281632327452,4.1312640698091085
33,70,11.935180469963983,8.209753932679204
34,70,3.261518959379317,3.532210886161044
35,70,9.289207723808081,2.021036196161591
36,70,11.014722572792563,5.689807017915194
37,70,2.395428174683884,8.353169498552623
38,70,3.894435041423678,1.1283463405288374
39,70,7.3568486390374765,7.146796123234866
0,75,5.0570279025600815,7.0719726208539
1,75,1.8486084240301903,9.382359650354985
2,75,5.271130891122778,0.6516219690714411
3,75,5.613202477566578,6.708296865357333
4,75,8.834396005077444,8.649865192037147
5,75,2.600465040262737,6.882793926835409
6,75,8.989433071755869,1.019480595549292
7,75,9.080920293205198,9.94503126865571
8,75,0,4.249735287075522
9,75,0,2.851928601110925
10,75,1.8775547446158634,2.302678132279014
11,75,10.381899804412095,0
12,75,10.422746532143098,6.310465093785429
13,75,4.053302876086152,10.215016793896897
14,75,3.724047862622244,9.634226166740131
15,75,10.272109831409413,1.0097187405824073
16,75,7.837826419058438,1.952121613287819
17,75,4.190178913243137,8.571037083922757
18,75,4.592950448492261,9.500460964734751
19,75,7.236181110511021,5.279132915399078
20,75,8.252610817739317,6.791343917458109
21,75,9.003186166514958,1.8983440815444355
22,75,6.866770927815047,4.787204790579322
23,75,5.61346852502514,0.8927017731524112
24,75,1.2316615825139472,3.822014455423993
25,75,1.0476919929130903,1.9969635229204485
26,75,11.021870545309437,8.81316890177525
27,75,3.2403542715339064,11.995064456667077
28,75,7.105109020731286,9.083954882818546
29,75,9.599799660216513,3.249750032876723
30,75,0,6.888639702111219
31,75,4.081612486020081,0.7130664831106497
32,75,9.94638186321989,4.153419389011365
33,75,11.9307114975925,8.160471378157805
34,75,3.2854862768068043,3.490461163931071
35,75,9.283819850501255,2.020537740308966
36,75,11.02375406639477,5.605821257561869
37,75,2.332842112955587,8.285053058761232
38,75,3.996631173548746,1.2405185269199936
39,75,7.34623998885347,7.149137323967298
0,80,5.068800310383917,7.0866815008781705
1,80,1.8514334185094625,9.376183457551182
2,80,5.286910282428417,0.632373904949491
3,80,5.611831361139508,6.7253643426928855
4,80,8.820424500378172,8.788131560436717
5,80,2.4005003787782493,6.880568156897825
6,80,9.001573435384762,1.052638440848235
7,80,9.088870906862795,10.012956549567004
8,80,0,4.291428929270147
9,80,0,2.824938150711005
10,80,1.8770642175654046,2.3038639711493714
11,80,10.434054768179339,0
12,80,10.488996385265349,6.221981254406482
13,80,3.925586606613496,10.216994897241316
14,80,3.721079568314258,9.640054937754085
15,80,10.193456112566794,0.9174434334326848
16,80,7.858628950950942,1.9581320697801707
17,80,4.192857987174323,8.63556245760101
18,80,4.615089095689262,9.482328007923979
19,80,7.257395813372636,5.38143793762936
20,80,8.092723061185854,6.859448209682345
21,80,9.001785122512421,1.956939613441094
22,80,6.9209535773708275,4.778536317250916
23,80,5.499825478544092,0.8824998988477676
24,80,1.3742199859838027,3.796833066838747
25,80,0.970891334122088,1.993263183965504
26,80,10.930401923261044,8.78857987594282
27,80,3.2505207422205675,12
28,80,7.1896336274137305,9.160079005225537
29,80,9.60615228073011,3.245832218443711
30,80,0,6.8804239571095485
31,80,3.960302356630668,0.7595423723539813
32,80,9.931515149943147,4.191810293353673
33,80,11.92716206238999,8.125627845395284
34,80,3.298819362959318,3.4658172136032652
35,80,9.276070970497171,2.0199257490389564
36,80,11.02950285036737,5.521895982186823
37,80,2.278817357893466,8.224513371734535
38,80,4.108724555019862,1.360923504116833
39,80,7.337032091757201,7.15135824120376
0,85,5.074017939732041,7.093197195932436
1,85,1.8481385841563966,9.383784648603264
2,85,5.307718555066874,0.6071872557632964
3,85,5.609031758658977,6.7701177665302765
4,85,8.80422130767868,8.921189694702175
5,85,2.2249467567934436,6.881404039288739
6,85,9.01761397615374,1.0947948017902633
7,85,9.096685916366416,10.080621774898535
8,85,0,4.341665977574162
9,85,0,2.8129906479499427
10,85,1.8841012945066595,2.2876132575180246
11,85,10.481725486073687,0
12,85,10.54472465253022,6.1518551749466415
13,85,3.793337901826807,10.21795293255305
14,85,3.7212721023209077,9.639681228600399
15,85,10.100144263108492,0.8014424538835918
16,85,7.870709040554438,1.9618216010896097
17,85,4.195043442967357,8.682992768392193
18,85,4.640653366003991,9.46082302622628
19,85,7.27634971345365,5.482570247126924
20,85,7.9555891240592285,6.912793872239505
21,85,9.000818264606899,1.9887582252316338
22,85,6.964604265907654,4.772717186627251
23,85,5.393508076900095,0.8723192261642603
24,85,1.5274427642702944,3.768657801838592
25,85,0.8893482820837338,1.9898830624129764
26,85,10.859140000985295,8.768214985139709
27,85,3.268727649019472,12
28,85,7.2906435117544275,9.24761330542494
29,85,9.603420043161393,3.247483098549082
30,85,0,6.869754466622043
31,85,3.8346450980793367,0.8056953185138165
32,85,9.9182888028509,4.224774240621949
33,85,11.924549609154017,8.092233552053338
34,85,3.3090093749759903,3.4480052742583225
35,85,9.282530478213166,2.020471625873224
36,85,11.033865910841348,5.448753014154993
37,85,2.2356972083431086,8.177753120253707
38,85,4.215856002009001,1.4770618716434754
39,85,7.344278780824255,7.1497159915358255
0,90,5.07817951946069,7.098321684420974
1,90,1.8452064122433203,9.390488060774713
2,90,5.332511647088395,0.5778888635201345
3,90,5.605421777057156,6.8165243744505455
4,90,8.791466224005905,9.027613424949516
5,90,2.030669569608347,6.886819812580466
6,90,9.046017902645918,1.166887736299416
7,90,9.103548251163188,10.135281743787392
8,90,0,4.383021189876228
9,90,0,2.806783799360578
10,90,1.8901152820139828,2.272884223909539
11,90,10.535381206379213,0
12,90,10.607328617758773,6.070457531363321
13,90,3.6350160802943456,10.2175149285914
14,90,3.722522450763447,9.637178014158726
15,90,9.998303874330794,0.6826867485294111
16,90,7.850401854748989,1.955997125107793
17,90,4.1966612366104705,8.742198140631123
18,90,4.688451771884494,9.421691949654493
19,90,7.29514791463822,5.59931827025638
20,90,7.808086726100217,6.97075318849462
21,90,8.999571621162596,2.0259617830920638
22,90,6.998376033321409,4.768204947495285
23,90,5.270430034839041,0.8612561991297407
24,90,1.6702723202413536,3.7461005119395865
25,90,0.8191966399756301,1.9875459638801212
26,90,10.793572243599336,8.74794249181852
27,90,3.28608867154809,12
28,90,7.421867029118257,9.368447613213782
29,90,9.601614955360493,3.248606117533374
30,90,0,6.856889138212101
31,90,3.7246884431591916,0.8463550704457301
32,90,9.908972555799663,4.2489638196127615
33,90,11.921971079307118,8.063344533085484
34,90,3.3240324607854976,3.4214544822328983
35,90,9.304689621866077,2.0228702153110074
36,90,11.038981978069943,5.376437958934805
37,90,2.1838572053382737,8.119243905644215
38,90,4.3243648188139066,1.5963484977489557
39,90,7.366783776736721,7.144094973681197
0,95,5.097480099898291,7.122664772583381
1,95,1.8491384530811488,9.38127656799854
2,95,5.36068536500467,0.543692255946402
3,95,5.603761991685878,6.841333230085871
4,95,8.776638218564381,9.135630673245217
5,95,1.842593679944318,6.891417847099037
6,95,9.081636523045807,1.250045629802253
7,95,9.110178497551548,10.19564083769529
8,95,0,4.415292725539451
9,95,0.0019560004572940696,2.825091341840919
10,95,1.8958214264967166,2.2593607296648943
11,95,10.602823426269264,0
12,95,10.673252155964796,5.989516168468181
13,95,3.4629765090961433,10.215845550647337
14,95,3.722725419913352,9.636744049918876
15,95,9.88735915687625,0.5493213154314018
16,95,7.842685270721252,1.953861179680758
17,95,4.198959535118666,8.794138329677676
18,95,4.740922061535758,9.378406983463902
19,95,7.314757045987976,5.722536867285187
20,95,7.664822380780957,7.027287379529377
21,95,8.99838135579479,2.069722976432617
22,95,7.020937592648484,4.765154928619324
23,95,5.156236432550942,0.8498115888384574
24,95,1.8291496914106897,3.724833700843554
25,95,0.753118778068741,1.9855931867299828
26,95,10.725223476840783,8.727509701174103
27,95,3.296730750732751,12
28,95,7.566911652486777,9.506557596647784
29,95,9.598737285721883,3.250401466220967
30,95,0,6.84704569265996
31,95,3.62770830731903,0.8819707131951853
32,95,9.903314381574258,4.263713067775679
33,95,11.919343859336244,8.03709609198992
34,95,3.35066103936439,3.3729564875141147
35,95,9.321675636983743,2.024436252558133
36,95,11.044092311094067,5.303349690194692
37,95,2.1248820553094783,8.053961540106448
38,95,4.433949106026481,1.7187108016191395
39,95,7.3855416508563465,7.139779774055448
0,100,5.109890446362406,7.1393288065837375
1,100,1.853340558871134,9.37133778433185
2,100,5.384037240723708,0.5144598068991275
3,100,5.6022697871104326,6.864673744306915
4,100,8.762774884094819,9.224324181757126
5,100,1.6646429539067802,6.89591706688584
6,100,9.122260447467596,1.342876190329987
7,100,9.113598097373073,10.234683720670366
8,100,0,4.4420905323851025
9,100,0.002561432766839758,2.8335956872228163
10,100,1.8957051682474393,2.259643794538018
11,100,10.668708857931462,0
12,100,10.745490445251583,5.899631174585811
13,100,3.284099964090318,10.215662739401672
14,100,3.732661843587009,9.615523318367591
15,100,9.781912885596059,0.42262411431150465
16,100,7.845333586051648,1.954617956408889
17,100,4.200227408964975,8.841828996389506
18,100,4.792284669207952,9.334952695653035
19,100,7.333853411171331,5.839422157288229
20,100,7.5495316258335565,7.069430481439437
21,100,8.997221963146025,2.1288334611974276
22,100,7.038273814607862,4.762497062128063
23,100,5.042186504658992,0.838042073824235
24,100,1.972397978095756,3.7053533718495593
25,100,0.6840137405002847,1.9825621141207637
26,100,10.675429485240858,8.711433288474455
27,100,3.304879798389687,12
28,100,7.706779629996844,9.641384025573712
29,100,9.594498229435386,3.252872263435216
30,100,0,6.836271936020979
31,100,3.567507324451324,0.9051114367416735
32,100,9.890909313838323,4.294555636411696
33,100,11.914698899570231,7.986908378499098
34,100,3.37156149145982,3.3339286382632243
35,100,9.331665713230606,2.02537890493931
36,100,11.049543644015731,5.221183980638418
37,100,2.057472409765396,7.9846549440738475
38,100,4.532770400847245,1.8289964499723435
39,100,7.373775991250145,7.142090346619866
0,105,5.132070951374487,7.168799541412254
1,105,1.8533411472443524,9.371336422822084
2,105,5.416730937987469,0.4747205738443308
3,105,5.599798774185735,6.9055432580457605
4,105,8.748571864183635,9.324633174711456
5,105,1.5010299143021575,6.899617715797344
6,105,9.165551920425907,1.436277307626436
7,105,9.118410336666543,10.298973150136433
8,105,0,4.465916988099266
9,105,0.0027780130200434393,2.8361922277771674
10,105,1.8939017322566436,2.263838030634867
11,105,10.637478721458201,0
12,105,10.813388286161514,5.812514737377279
13,105,3.1221231530139466,10.219393762812938
14,105,3.7373375128277977,9.60508460475419
15,105,9.689316073621363,0.31749633625325685
16,105,7.849369317649919,1.955707388457686
17,105,4.201920009457888,8.884484019554595
18,105,4.869418675921536,9.27176602115094
19,105,7.355533279284547,5.968154786722226
20,105,7.420877082001611,7.120737113062192
21,105,8.996525912752823,2.196752454669959
22,105,7.053500769294754,4.760010668586306
23,105,4.949490095049175,0.827773240809006
24,105,2.0918241289148125,3.6857107355732017
25,105,0.6103510194755846,1.9784999921546398
26,105,10.607030601028608,8.688681754272821
27,105,3.310994902810455,12
28,105,7.835256213100286,9.76823960471462
29,105,9.58838026942008,3.256404654010089
30,105,0,6.826407485104499
31,105,3.492992194113992,0.9345065989958108
32,105,9.879095310598851,4.325161666601239
33,105,11.909796432537698,7.940583882701393
34,105,3.398305845811136,3.285504107036066
35,105,9.330063532388525,2.0252101996129346
36,105,11.055336364216636,5.137120196392633
37,105,1.9883666291286568,7.914695617568633
38,105,4.640916943005104,1.955993795434056
39,105,7.374766126972211,7.141892957609163
0,110,5.138918432634742,7.178064543449579
1,110,1.8474329480191385,9.384712204479323
2,110,5.450509811991781,0.4321039175185221
3,110,5.596342195683692,6.945284440955931
4,110,8.736651660645752,9.413701036110725
5,110,1.3368844833630882,6.900057822379648
6,110,9.216249856124143,1.535561362995346
7,110,9.122492261173079,10.353793301014836
8,110,0,4.494232476344887
9,110,0,2.8377041790045205
10,110,1.9019310294258926,2.245819730973827
11,110,10.6118173467501,0
12,110,10.875578612032122,5.732520671297354
13,110,2.959967085666825,10.219549891117426
14,110,3.7491448982028572,9.5788341830522
15,110,9.589495900946298,0.2056405457198428
16,110,7.855327472134749,1.9571955819373872
17,110,4.203576451413626,8.925205293448524
18,110,4.943023035316843,9.213426004633762
19,110,7.377673630941442,6.102110155885075
20,110,7.285245261460895,7.176133182186133
21,110,8.995135694751077,2.258084797887666
22,110,7.061431851214437,4.758810435261278
23,110,4.829408013932972,0.816953672964843
24,110,2.189639955049388,3.666072141482505
25,110,0.5307122942869114,1.9752068402655552
26,110,10.526247186177201,8.66286058527605
27,110,3.336420921945409,12
28,110,7.957716212601135,9.893986372594952
29,110,9.582205053716898,3.2599078212199957
30,110,0,6.812654437538634
31,110,3.439581661869072,0.9559607403385094
32,110,9.865466825767083,4.360172709851046
33,110,11.90561130387678,7.907525460230539
34,110,3.4172024705665773,3.252259236333279
35,110,9.349273912691256,2.0266484341257285
36,110,11.058892670365257,5.0657751397490145
37,110,1.9314257701066173,7.857193979503787
38,110,4.755770233407968,2.08162071769293
39,110,7.379778170932699,7.140929718447598
0,115,5.144238910162688,7.1855671918568875
1,115,1.8468841958145779,9.386069250785148
2,115,5.490880130422274,0.38007092037002876
3,115,5.593006512852666,6.977276076524556
4,115,8.724647377921587,9.509022956465778
5,115,1.1768453514253268,6.899952370341968
6,115,9.267845953205036,1.6402614047931945
7,115,9.12610238211747,10.404119446934882
8,115,0,4.5299554969884515
9,115,0,2.838530333064148
10,115,1.9130118543316392,2.221552475152084
11,115,10.586482839815394,0
12,115,10.93167417178048,5.660659649102839
13,115,2.7910161024578817,10.219879793937038
14,115,3.7602061070837545,9.552912267759972
15,115,9.469113628846946,0.07926939313081563
16,115,7.870485870466598,1.9604075460773622
17,115,4.204627706956306,8.955483050789027
18,115,5.012811091371459,9.155858089290899
19,115,7.4008907540994855,6.233343950381508
20,115,7.1550319519295735,7.225239140751885
21,115,8.99518454981863,2.3217663447800057
22,115,7.078220822015429,4.75619002796693
23,115,4.67613598559792,0.8042076565402576
24,115,2.3006957865624047,3.6423050012792206
25,115,0.45237782882443484,1.973507845036566
26,115,10.44194613085057,8.635055768173165
27,115,3.366730185533507,12
28,115,8.078738433023393,10.017760826836374
29,115,9.576808096994283,3.2629255937584056
30,115,0,6.7989610879187055
31,115,3.383508111447754,0.9781400961029677
32,115,9.847713833145823,4.406284343158363
33,115,11.897253179261991,7.847909896419478
34,115,3.437360456477052,3.2189154092882792
35,115,9.3834594779481,2.029555018091713
36,115,11.06265083007975,5.000284449560591
37,115,1.8725533246982313,7.799879066751028
38,115,4.872112313024603,2.21175184573822
39,115,7.395675416132236,7.137825390028129
0,120,5.158153901196935,7.204783038641374
1,120,1.854450376777431,9.367571415865813
2,120,5.542322510095409,0.3116362181497804
3,120,5.5892187015019275,7.012657592131645
4,120,8.707623298993983,9.629850171210327
5,120,1.009750635839648,6.900398955142588
6,120,9.3071549410277,1.7260503187374288
7,120,9.130703526746114,10.457634051671707
8,120,0,4.563268831180069
9,120,0,2.8389809452931516
10,120,1.9198059777947178,2.206871181665479
11,120,10.561972272726708,0
12,120,10.991586438258025,5.583405938799534
13,120,2.6170186100863795,10.218327498213409
14,120,3.763930069818594,9.543628675484749
15,120,9.349128265558717,0
16,120,7.875876510306772,1.9615353897822438
17,120,4.205336552336153,8.9995735422792
18,120,5.077724370358398,9.102419599979985
19,120,7.424554598047002,6.352823454313041
20,120,7.0206759254207265,7.275315161562098
21,120,8.995060537502175,2.3451576550054027
22,120,7.0905269385598695,4.754595596848351
23,120,4.528578895426258,0.7908322945162033
24,120,2.4260981017695737,3.6171418467296963
25,120,0.36229414939777466,1.971085096340335
26,120,10.35455256589382,8.60462999514964
27,120,3.3921055179699677,12
28,120,8.20723181455832,10.154106763490297
29,120,9.596482504930098,3.2523553416324513
30,120,0,6.786990275400856
31,120,3.3291257988937564,1.0006334472104037
32,120,9.833033358552893,4.44526662425345
33,120,11.889358750523865,7.795109464594478
34,120,3.444181301398909,3.2072921123200806
35,120,9.42207727625915,2.033964623656752
36,120,11.067898817939417,4.927837842842054
37,120,1.8085991746913481,7.740932539639258
38,120,4.984338048892025,2.3427458971867727
39,120,7.402946510010282,7.136454219353306
0,125,5.1696153893964505,7.2206310072193345
1,125,1.8677874702435127,9.334346076829402
2,125,5.585562892886117,0.25750188929039514
3,125,5.5878273373237155,7.026201877207039
4,125,8.688441518357502,9.766746805868959
5,125,0.8522798973833581,6.903169666603101
6,125,9.34859640912665,1.821178865276851
7,125,9.134736792167361,10.50770800520362
8,125,0,4.596116689029755
9,125,0,2.839814307291841
10,125,1.9291178266933986,2.187239143824943
11,125,10.532478932124736,0
12,125,11.053589004145222,5.505837127324089
13,125,2.44403464769552,10.215669538549975
14,125,3.7706718957356298,9.52731226310464
15,125,9.222240772756425,0
16,125,7.867994275927609,1.959915870696756
17,125,4.2059919347058266,9.050859578675128
18,125,5.152775325079166,9.040927312726694
19,125,7.449178257231227,6.482752403318432
20,125,6.888078661864066,7.325934406493209
21,125,8.994699067327458,2.3783590885737387
22,125,7.101576954332897,4.753238634579992
23,125,4.349472714026847,0.7701049975524465
24,125,2.5295054422783787,3.5968236676062286
25,125,0.24798428778928516,1.969758174820814
26,125,10.284846375624532,8.579572461617127
27,125,3.40823272801146,12
28,125,8.343249632163856,10.291336582559042
29,125,9.592110312275663,3.254880855132866
30,125,0,6.77514475169233
31,125,3.248686294726927,1.0372744183961973
32,125,9.83128029966756,4.449895648376338
33,125,11.884006527322557,7.7499162149522824
34,125,3.4427339289706684,3.2097224241517437
35,125,9.460489484490225,2.038921032708187
36,125,11.073113061136707,4.866774281940733
37,125,1.766236027272509,7.69796305523887
38,125,5.081453788487715,2.4634199699678874
39,125,7.4159096182083575,7.134053858108755
0,130,5.17216075636082,7.224205759996357
1,130,1.8823128214197602,9.29547183083049
2,130,5.623795387528278,0.20861384990187387
3,130,5.586474976029735,7.04224360950512
4,130,8.669330504836507,9.902901179752684
5,130,0.6939983709012475,6.904734768744539
6,130,9.39534641218102,1.9315550847025975
7,130,9.13863050661713,10.562485004939262
8,130,0,4.639478152878426
9,130,0.005953466560404783,2.8395100216863356
10,130,1.9480481931405538,2.147236858626526
11,130,10.502452327652543,0
12,130,11.107073019109151,5.441697103204901
13,130,2.260501700533082,10.212037422880037
14,130,3.78250409315631,9.500952917927927
15,130,9.090148629734934,0
16,130,7.867312397064474,1.9597794019800814
17,130,4.206460703768236,9.08566903004487
18,130,5.229388315268488,8.980329429630823
19,130,7.470737135029055,6.611730145104205
20,130,6.770658092100342,7.373497409668502
21,130,8.9943288055742,2.4003007099452542
22,130,7.106124233732468,4.75273749875456
23,130,4.185960236318324,0.7471518188371935
24,130,2.654449147267823,3.5739317927924534
25,130,0.1280486149874354,1.9656580247320212
26,130,10.205618169013595,8.549247195217744
27,130,3.3965211913895277,11.994476297701382
28,130,8.482372282748035,10.442941050515065
29,130,9.591536255354299,3.255218545431333
30,130,0,6.763258579291146
31,130,3.1691637400297306,1.074588930564002
32,130,9.827408352209531,4.4604112423418805
33,130,11.875970449676354,7.693630490399104
34,130,3.4192008226583543,3.246506684100178
35,130,9.517118205996171,2.0453408350729556
36,130,11.079186730955092,4.805279747411898
37,130,1.7281157789101036,7.659252317409957
38,130,5.182823294978879,2.584993867974621
39,130,7.449228099265656,7.1282755199633545
0,135,5.183508426683906,7.239839175045465
1,135,1.8953786059782778,9.25976343636224
2,135,5.654197391638004,0.1713252420506387
3,135,5.586553905194349,7.041388868134097
4,135,8.653995419988606,10.027144847515014
5,135,0.5277482441752375,6.906114871289409
6,135,9.440336941577822,2.038329453551424
7,135,9.143438608806063,10.618242110818336
8,135,0,4.691879440169494
9,135,0,2.839980460250454
10,135,1.9773419158056749,2.0849645578110247
11,135,10.475813643270381,0
12,135,11.163839903894525,5.373280162803901
13,135,2.0643459044744654,10.20821748861294
14,135,3.794229467131649,9.47426671107801
15,135,8.962991556584004,0
16,135,7.880888407195881,1.962082096305727
17,135,4.206268273024262,9.126849835886706
18,135,5.300555583333908,8.92343305717281
19,135,7.493472279712035,6.7374450391077465
20,135,6.673026073954295,7.412049103058771
21,135,8.99372813290196,2.4229365024208414
22,135,7.104202238186732,4.752911719537255
23,135,4.004349628667826,0.7201114522917722
24,135,2.8014229734933553,3.5460326900235235
25,135,0.012260098412849793,1.958738247477331
26,135,10.126909299525417,8.518831471899745
27,135,3.3782590180624754,11.98622437056692
28,135,8.616325374243537,10.58443665972329
29,135,9.598507210644545,3.2509810287657013
30,135,0,6.750419198104474
31,135,3.0785800170232656,1.1162321932077077
32,135,9.816549436272721,4.489939939235278
33,135,11.868696637662264,7.637968047308057
34,135,3.3807938749337674,3.305842023301845
35,135,9.570742489208676,2.051226537411266
36,135,11.085778366414468,4.735309416698737
37,135,1.6751174189918232,7.605609093664381
38,135,5.278059588376418,2.697518848949439
39,135,7.47287405498225,7.1243707916078645
0,140,5.190829357256553,7.249769307343982
1,140,1.9123187990251942,9.214955826860672
2,140,5.679222986919707,0.14016303128271043
3,140,5.584817306699064,7.060806077022524
4,140,8.638022744679578,10.147947171059457
5,140,0.36986520244149057,6.901548322737727
6,140,9.490401104096627,2.1572255452694695
7,140,9.149267825232169,10.68024398077625
8,140,0,4.736494029147852
9,140,0,2.8400125781809504
10,140,2.0021295440415514,2.030772010070207
11,140,10.455941242199291,0
12,140,11.228544581497815,5.296559613871572
13,140,1.869383131309717,10.209365028626314
14,140,3.807318515236284,9.446072670487718
15,140,8.838029048034063,0
16,140,7.916164612744937,1.968002931534818
17,140,4.205507466734117,9.181554412661677
18,140,5.358974386489135,8.873484305604636
19,140,7.521216953109465,6.89523188180407
20,140,6.590509095000494,7.445180723146268
21,140,8.993264291728034,2.452381019640994
22,140,7.090982106982957,4.753798373693559
23,140,3.8038193788074044,0.6890500431233499
24,140,2.9276499324805534,3.5240595937065304
25,140,0,1.9536346535181623
26,140,10.043241439391613,8.489455155344638
27,140,3.3459958357944877,11.971012137177336
28,140,8.744110624845073,10.721797497800795
29,140,9.59491824591189,3.2530522787293767
30,140,0,6.742342057185718
31,140,3.003296392750775,1.1484159241024345
32,140,9.796937261296618,4.541374343150546
33,140,11.861706228467819,7.587175576951358
34,140,3.3401008323473356,3.3663946275316983
35,140,9.62504478780874,2.058770875236375
36,140,11.09444394729899,4.6561689217801705
37,140,1.6243907198399097,7.554732624173572
38,140,5.3685164964394465,2.8063351429377863
39,140,7.501011260313744,7.120487735140467
0,145,5.191633672989053,7.250798758840129
1,145,1.9265831642946707,9.17470305342227
2,145,5.698340720319331,0.11559159875995259
3,145,5.583764621895598,7.073036235652715
4,145,8.623896150963706,10.261970824932224
5,145,0.2246707541554062,6.892733683877907
6,145,9.543393872843842,2.276144236917128
7,145,9.15551965643021,10.723928392075695
8,145,0,4.793190725124908
9,145,0.012645546471492252,2.8399057819290205
10,145,2.0339090466619205,1.9593128999360319
11,145,10.43708428685481,0
12,145,11.280218266236425,5.23025223711116
13,145,1.6870781075794936,10.212354026052871
14,145,3.8248414489663514,9.409534333622405
15,145,8.72414835182372,0
16,145,7.952161316245255,1.9744919489279864
17,145,4.20567669924367,9.242314151855808
18,145,5.414395638886206,8.827525080930975
19,145,7.555315392237777,7.084806723981688
20,145,6.508496939847036,7.476679507586824
21,145,8.993057593219145,2.4675404564170704
22,145,7.083903794754409,4.7542131585019
23,145,3.5920632699308355,0.6547821977284461
24,145,3.0665631059644514,3.5018347957639366
25,145,0,1.948446516210706
26,145,9.961967119104125,8.458856432024108
27,145,3.317524698354863,11.95780759634695
28,145,8.87856495476502,10.860838468458809
29,145,9.594805574242296,3.2531187206809387
30,145,0,6.730949469091099
31,145,2.95024949407265,1.1720511341240634
32,145,9.78155611258218,4.580555780026158
33,145,11.856564873117659,7.541966407073131
34,145,3.3047616791710976,3.4195663879467624
35,145,9.665782829068668,2.0641325293200556
36,145,11.101265519096222,4.585625638917497
37,145,1.585327371411718,7.516984503008729
38,145,5.451387764694803,2.9073284743475583
39,145,7.5427173690240545,7.112737010814374
0,150,5.1731129891554755,7.22631964568023
1,150,1.9421587813801684,9.128077584607636
2,150,5.730843467915223,0.07427227458008363
3,150,5.585168115095534,7.052641785927978
4,150,8.609108231233362,10.379830846670993
5,150,0.06813243193737009,6.889308925425591
6,150,9.593349782916889,2.388632406422119
7,150,9.164333631817437,10.78730857989535
8,150,0,4.846838654128794
9,150,0.03918598775669265,2.8396723582738717
10,150,1.9471261057007407,1.9195612654098175
11,150,10.42240097737015,0
12,150,11.328602945954962,5.169389711069364
13,150,1.5212728197307546,10.21744172014355
14,150,3.8427082361490865,9.3734464700877
15,150,8.607324114957953,0
16,150,7.993368642358682,1.980535003397318
17,150,4.2034800913477595,9.314010343432127
18,150,5.485679378083272,8.766735777247435
19,150,7.585504629375046,7.25257095886529
20,150,6.423820184068713,7.512007162719491
21,150,8.991583125224548,2.492872578409205
22,150,7.056280249608154,4.756155788780719
23,150,3.625889223209453,0.4370909811585797
24,150,3.216177472414185,3.4749490861060153
25,150,0,1.9431701659382674
26,150,9.909634426343576,8.442132839561452
27,150,3.279622400207752,11.941502736555968
28,150,9.023014203187376,11.007477227323621
29,150,9.590743450803489,3.246459700280989
30,150,0,6.718867011052157
31,150,2.916909290280024,1.1875242093090996
32,150,9.771132697500816,4.60647886550323
33,150,11.8529771137838,7.513550999557441
34,150,3.2758510302338673,3.463321203850822
35,150,9.694954172695295,2.0682442123213285
36,150,11.107809576935825,4.516627667855318
37,150,1.5385168097109403,7.470320190617065
38,150,5.533576321589931,3.005818069776975
39,150,7.572201144710839,7.106975191934577
0,155,5.152505939915219,7.198576054724005
1,155,1.9585860455237365,9.080780948627766
2,155,5.755739646560418,0.04142314995558671
3,155,5.585869143631293,7.043608299226216
4,155,8.59476477967316,10.497680669615011
5,155,0,6.8820777667621105
6,155,9.640475295939671,2.4891643622876902
7,155,9.173426810197473,10.83755788340768
8,155,0,4.890191618502332
9,155,0.08067993742125984,2.839327128856287
10,155,1.8583155696100375,1.8816432930488187
11,155,10.406686490995872,0
12,155,11.387761327765059,5.091849537306968
13,155,1.374562236119707,10.22337936560361
14,155,3.857250649572908,9.34163432829199
15,155,8.499203818660597,0
16,155,8.006651493627846,1.9831943686555251
17,155,4.20075646492591,9.395577502530061
18,155,5.5619713717110715,8.695917101970709
19,155,7.614892887436823,7.4124909858366
20,155,6.353437418015301,7.541723109130794
21,155,8.991325534169844,2.4998889843529346
22,155,7.020692307384149,4.757683968502416
23,155,3.6552926451544687,0.24098424936890644
24,155,3.3617696397539634,3.4458355798026625
25,155,0,1.937701895141591
26,155,9.84672974302538,8.421026001477491
27,155,3.227468002314829,11.918081224503718
28,155,9.170187936874592,11.161763141319177
29,155,9.598699252621874,3.2583006094683435
30,155,0,6.709851436875759
31,155,2.8826311388449732,1.2034649900610686
32,155,9.758327305806494,4.641294609452525
33,155,11.849259488292608,7.481987940905381
34,155,3.2448594004998306,3.5114668787931564
35,155,9.730079230576791,2.0726537011666486
36,155,11.116417269454832,4.447034231012768
37,155,1.499307914154639,7.4296235530323145
38,155,5.6149807302102905,3.1041233274011097
39,155,7.562665471496665,7.1084284671767675
0,160,5.129455029335356,7.167753221457139
1,160,1.9749246201759312,9.029363361661414
2,160,5.76532678305516,0.029051589956474003
3,160,5.585477384034121,7.049358652070089
4,160,8.579348975084715,10.633743046724204
5,160,0,6.87506095046284
6,160,9.69821663786995,2.6127802515023255
7,160,9.179526073164832,10.875028918775843
8,160,0,4.9400142331357655
9,160,0.11971483048754884,2.8390032081238052
10,160,1.7505461912764417,1.834959925374825
11,160,10.38895436213934,0
12,160,11.440931978631639,5.018727328848613
13,160,1.1976373969541303,10.233968475659633
14,160,3.867487835750279,9.31922342863851
15,160,8.399345177471712,0
16,160,8.034448409771274,1.9886177173200772
17,160,4.198635108953433,9.461751131214305
18,160,5.639700782051447,8.627796769431258
19,160,7.64041978837939,7.570239429894593
20,160,6.296060521766586,7.565346039012698
21,160,8.990959031425133,2.512011585609875
22,160,6.983203951039109,4.759980564492231
23,160,3.684900784625038,0.032912324478836824
24,160,3.3903829923991937,3.588025636942593
25,160,0,1.9314970705279897
26,160,9.77857267059856,8.39605585935325
27,160,3.1928364432202465,11.903216986181684
28,160,9.302044911302918,11.307809405915892
29,160,9.595273213147609,3.253134504052547
30,160,0,6.698532403064768
31,160,2.8408890374467517,1.2233090096922823
32,160,9.754054423824323,4.65246363674401
33,160,11.844661645274346,7.447605612663074
34,160,3.224469545417063,3.5425539600530125
35,160,9.765205016216038,2.077171595189127
36,160,11.124655104717789,4.382106043336785
37,160,1.4656509647688671,7.394708389480507
38,160,5.705639332294102,3.2129851319416347
39,160,7.54066758080904,7.111268265088066
0,165,5.09501165710565,7.122371261446419
1,165,1.9942880546962214,8.971420289310755
2,165,5.793384604409203,0
3,165,5.585113260841805,7.054683378469958
4,165,8.565106734785383,10.753772000526938
5,165,0,6.867902439475964
6,165,9.750361121425694,2.724604998857445
7,165,9.183943580153677,10.901797689862226
8,165,0,4.996277037297471
9,165,0.17151244271695745,2.8372524927382727
10,165,1.6520159191846242,1.7908739153578237
11,165,10.37002889728992,0
12,165,11.495477684662237,4.943810911100361
13,165,0.9993115041971994,10.243381594626463
14,165,3.8723632310024434,9.308189014856687
15,165,8.298685595610216,0
16,165,8.068156338366133,1.9943992041239562
17,165,4.198148284613422,9.509174264957972
18,165,5.717812821213712,8.557709616392929
19,165,7.664168092687395,7.709986129309128
20,165,6.234989207320304,7.5918064714667315
21,165,8.990375437346664,2.522465186918287
22,165,6.949793793651242,4.7626374624881125
23,165,3.7187554343906735,0
24,165,3.42483005719415,3.749523317278034
25,165,0,1.9261644581781425
26,165,9.701256461574173,8.366558824466269
27,165,3.160487199472036,11.889227696573744
28,165,9.427559568899888,11.192046432530626
29,165,9.593380078525607,3.250317571064259
30,165,0,6.6905436098144415
31,165,2.814365907838607,1.2363496476459883
32,165,9.756407553814709,4.646612884549718
33,165,11.84155226520004,7.419282294711999
34,165,3.2010257192690097,3.580041629618778
35,165,9.798011438106174,2.080814097317858
36,165,11.131124208146371,4.3351862614173875
37,165,1.435891290202307,7.3643847433310405
38,165,5.8034985520017806,3.32858516712451
39,165,7.5270580422527775,7.112912207758264
0,170,5.065907681917749,7.085703306597595
1,170,2.009765663322215,8.919876333660799
2,170,5.809686405877855,0
3,170,5.584902657482756,7.0586861545491555
4,170,8.556066665020584,10.837287390738622
5,170,0,6.859736261824235
6,170,9.797615982504686,2.8232723004088127
7,170,9.186824505221544,10.918789700062161
8,170,0,5.045950724817887
9,170,0.17420389361735217,2.8885000270699974
10,170,1.5506340591317622,1.745747833968187
11,170,10.347121892446989,0
12,170,11.547825466534643,4.874653557325889
13,170,0.7897316241679632,10.251129630737294
14,170,3.8865630478940223,9.273679881947894
15,170,8.191217954605927,0
16,170,8.106163472648111,2.0002766582986644
17,170,4.198529168628901,9.560602971043513
18,170,5.794216080025879,8.491877264723914
19,170,7.6885178792233075,7.865164181165485
20,170,6.166994099524597,7.623756994972621
21,170,8.990157150478861,2.5259491650234813
22,170,6.934783743898942,4.764286160966499
23,170,3.7487640678489345,0
24,170,3.4641935708097824,3.924093801501728
25,170,0,1.919370111710376
26,170,9.629920452922502,8.33870051843523
27,170,3.1245952219884856,11.875436575833811
28,170,9.551670038008133,11.073240050670314
29,170,9.599987623302598,3.2603084027430382
30,170,0,6.675494801693869
31,170,2.7999923531942077,1.2433203636611305
32,170,9.75490583776753,4.650142085488207
33,170,11.839185888698026,7.394419650507171
34,170,3.197406816189513,3.585762299295361
35,170,9.848121810833034,2.087895154226532
36,170,11.137581964984152,4.294493337749254
37,170,1.413608241644235,7.342967873862855
38,170,5.899149837279257,3.4425105456232856
39,170,7.531596358257165,7.112234435801717
0,175,5.037521592288602,7.049966129945208
1,175,2.0257754445725467,8.871679338481865
2,175,5.8211104532296325,0
3,175,5.584522338141463,7.068417406563444
4,175,8.54587613165177,10.930366843345553
5,175,0,6.849560595879227
6,175,9.839826511665239,2.9030395828342987
7,175,9.187789773627857,10.92335378989322
8,175,0,5.096025358084491
9,175,0.17743939849240783,2.9382219595798627
10,175,1.44631420554115,1.6989975851852677
11,175,10.327430986587714,0
12,175,11.596938981380541,4.8088951908078
13,175,0.5858593644238541,10.253127902588522
14,175,3.904040692959609,9.231369440454202
15,175,8.063364507246856,0
16,175,8.14758436440162,2.0056354891806647
17,175,4.198317885455307,9.637876480610013
18,175,5.886263324566067,8.413542042063051
19,175,7.711426281756247,8.009911036429493
20,175,6.086893607905704,7.660116186140372
21,175,8.98918553142275,2.5543037439084637
22,175,6.89162265919819,4.76987857651296
23,175,3.7746629979478343,0
24,175,3.508694177868994,4.108091070655252
25,175,0,1.9120587453262405
26,175,9.563711415093053,8.314055869224136
27,175,3.0700813882387625,11.856206452052245
28,175,9.682009881314205,10.948909099649459
29,175,9.608535958832704,3.273040295506172
30,175,0,6.662902754277775
31,175,2.8025976467941036,1.2420356374365864
32,175,9.760124236532173,4.637539672862064
33,175,11.835406931522055,7.354090340436307
34,175,3.19062242921136,3.597028366541688
35,175,9.874883089138283,2.09163176156194
36,175,11.149146619779776,4.22580137922995
37,175,1.3945774019532837,7.324950749652413
38,175,5.990273141955728,3.544111156798373
39,175,7.521766229577454,7.113794196771343
0,180,5.021514551025124,7.030545789941594
1,180,2.0424664588195816,8.822974575971084
2,180,5.823918382588727,0
3,180,5.584118014818819,7.08511048228745
4,180,8.534838521483083,11.026772706766296
5,180,0,6.8367797058924165
6,180,9.897035479248208,3.012557236673361
7,180,9.186746278754688,10.91853334948993
8,180,0,5.138657997314316
9,180,0.1797745605436951,2.9826295782548518
10,180,1.3194710829600031,1.6407451637074548
11,180,10.314911860801613,0
12,180,11.64740550676858,4.744574126056282
13,180,0.3776454415746323,10.247993143107012
14,180,3.925052914210204,9.185176129019084
15,180,7.951400485111296,0
16,180,8.195018863563662,2.0112889646706047
17,180,4.200837883765137,9.736989146743365
18,180,5.9722628508068105,8.340284123926493
19,180,7.7289644651520035,8.125547433624064
20,180,5.98530796820664,7.705442426330826
21,180,8.987359694775622,2.5810770961651386
22,180,6.858439027268538,4.7740943016752055
23,180,3.800120266144733,0
24,180,3.554290373725935,4.289430801244748
25,180,0,1.9053810043089034
26,180,9.487954139409569,8.287523022137005
27,180,3.03638014916669,11.843216412481253
28,180,9.825762894752224,10.814091482900913
29,180,9.600534563956163,3.260848092301028
30,180,0,6.648323198752648
31,180,2.8156174778655094,1.235567051020002
32,180,9.761754851250764,4.633309493212113
33,180,11.830591122515587,7.300431892603682
34,180,3.192613237465408,3.593651585764349
35,180,9.88169465764704,2.046717303230481
36,180,11.16391637573493,4.1382812512219775
37,180,1.3758657921310933,7.30594140785511
38,180,6.0859282059245166,3.6520174200038027
39,180,7.516666376986624,7.11456582860025
0,185,5.006163829039002,7.013377802753182
1,185,2.0628545010092214,8.766898373094872
2,185,5.824462227513511,0
3,185,5.583763937668482,7.112577383965089
4,185,8.519622942116198,11.142223697817464
5,185,0,6.822137333630553
6,185,9.957672329097507,3.1315840524526264
7,185,9.184184566808097,10.90744366169083
8,185,0,5.196175440493392
9,185,0.18532953473679364,3.0584711096931154
10,185,1.183766340164258,1.5795724129206679
11,185,10.295010818317763,0
12,185,11.696057862267988,4.681282572708313
13,185,0.15892213326313248,10.244975548175411
14,185,3.9522462370878517,9.12426727714817
15,185,7.8384576085031314,0
16,185,8.234361854822255,2.017169667268017
17,185,4.205145856026672,9.822764109083117
18,185,6.051571178659057,8.27198100965978
19,185,7.749352996342298,8.253000966125606
20,185,5.866030240072086,7.756762425932022
21,185,8.986005889113022,2.5995110042045604
22,185,6.830559069309575,4.778145646057864
23,185,3.8297108607399375,0
24,185,3.604982591973218,4.48985315037627
25,185,0,1.898870556050243
26,185,9.40858451165769,8.256091693093095
27,185,3.0023650462352696,11.83066578219337
28,185,9.960136930894784,10.69155812193936
29,185,9.581835476141608,3.2335271896205535
30,185,0,6.6383419610213
31,185,2.830908749727404,1.2284552856049484
32,185,9.75837247162616,4.641865709144463
33,185,11.82660573206697,7.255349841249374
34,185,3.199350096341745,3.5828648527537346
35,185,9.884739429515319,2.027112965301772
36,185,11.179491878393966,4.032603822967449
37,185,1.365257195002882,7.295117942462656
38,185,6.178116337780393,3.761843218892289
39,185,7.505289368932388,7.116096487288818
0,190,4.998074080380561,7.004254729648704
1,190,2.085049420913127,8.7041073621478
2,190,5.820418213841446,0.005725894968656334
3,190,5.583217670951159,7.14812327987031
4,190,8.509007265575953,11.24429181848839
5,190,0,6.811112556934153
6,190,10.022466756495009,3.262053983533585
7,190,9.181468215410526,10.895970463623762
8,190,0,5.252245738261086
9,190,0.1882325158686961,3.1268459639977957
10,190,1.0490139869378596,1.5162898687023123
11,190,10.272799075403487,0
12,190,11.74465727613117,4.6159520644380985
13,190,0,10.24326203324389
14,190,3.987006718822648,9.04442114819215
15,190,7.730903178271176,0
16,190,8.264822612844556,2.021553262847088
17,190,4.209299254297133,9.918509040693085
18,190,6.142417366910493,8.191443363367082
19,190,7.770902080632708,8.379579328659982
20,190,5.750571167158673,7.808909231142051
21,190,8.983988187692065,2.628456625968326
22,190,6.834510354744865,4.805948950431352
23,190,3.8614899462931955,0
24,190,3.655850284534398,4.7084129444293685
25,190,0,1.8913396183217424
26,190,9.320622597732305,8.214300831963781
27,190,2.950455593426105,11.81152773125985
28,190,10.068698238204329,10.589414540889157
29,190,9.557977239279442,3.196655593743209
30,190,0,6.626659040509458
31,190,2.8589149042615003,1.2162189348400603
32,190,9.762183645576322,4.631654492377712
33,190,11.820938079033647,7.197721202512868
34,190,3.207025823013448,3.5711670114632623
35,190,9.888562459185282,2.0029558225626087
36,190,11.193245809409087,3.942773329817683
37,190,1.3575709799181537,7.287164074028703
38,190,6.27427059289744,3.8730810515734535
39,190,7.482438375954622,7.1191542169091875
0,195,4.992581082263213,6.997728173719465
1,195,2.104481435485546,8.64332143865738
2,195,5.817611754672927,0.009756234000344918
3,195,5.583615080561125,7.207309489982383
4,195,8.497575857401927,11.358097015954145
5,195,0,6.799906802817831
6,195,10.097408399499185,3.405666810349719
7,195,9.178881179619314,10.882309549815925
8,195,0,5.30749225883397
9,195,0.18949218474946405,3.1967556290807257
10,195,0.8897285962180941,1.445374548147337
11,195,10.250280285934284,0
12,195,11.795532122627892,4.550445225382408
13,195,0,10.244280269839466
14,195,4.024105321615115,8.962737212130323
15,195,7.632774030289327,0
16,195,8.316396595558665,2.0291762489432528
17,195,4.215100206511803,10.016273517097138
18,195,6.234808340841547,8.110213970948834
19,195,7.788984518384757,8.495314483617596
20,195,5.64746506033391,7.85819309917645
21,195,8.980603319421192,2.679456646435213
22,195,6.83576420460495,4.815074971008987
23,195,3.8891207803003707,0
24,195,3.7085161796202093,4.922057853331429
25,195,0,1.8800456238300873
26,195,9.243324782610708,8.1737440453916
27,195,2.8919206325736826,11.791595817307464
28,195,10.18235130497204,10.482285645733828
29,195,9.54087569234122,3.1695109884194888
30,195,0,6.618727347409051
31,195,2.87503274394739,1.209549543358507
32,195,9.761739094228213,4.632936870658812
33,195,11.81680497746378,7.1580092872071805
34,195,3.2032377251887354,3.5767100315920786
35,195,9.889218110336563,1.9989494940429469
36,195,11.205445447424982,3.860926286316008
37,195,1.3748937233535001,7.271326053680617
38,195,6.373653410182401,3.989315584627076
39,195,7.446646401994311,7.122816356593924
0,200,4.986702819738202,6.990917496906699
1,200,2.126333175827751,8.570780407548405
2,200,5.811996290450684,0.017327681921385858
3,200,5.583166534251762,7.246372645289915
4,200,8.486818880860579,11.464314830144367
5,200,0,6.79184127352499
6,200,10.170749546227984,3.543223173952866
7,200,9.179672313561195,10.886413565798206
8,200,0,5.368421009444115
9,200,0.19151349697709447,3.2791252855638353
10,200,0.7080203803633597,1.353135174964732
11,200,10.235318770318813,0
12,200,11.839106979915712,4.494205143645939
13,200,0,10.244162198607025
14,200,4.069946148341381,8.864486892446996
15,200,7.540777789019623,0
16,200,8.372942476354183,2.0377653969585374
17,200,4.2207411242934425,10.129698776259847
18,200,6.333417190197492,8.019871343227674
19,200,7.806852704635314,8.62151709237192
20,200,5.558530955316323,7.900619790639349
21,200,8.976609778125496,2.745323654498965
22,200,6.83305103343829,4.7978093841464355
23,200,3.9131264806265347,0
24,200,3.7608172514173934,5.114684554042279
25,200,0,1.8690518449359177
26,200,9.176931154181965,8.13903924828214
27,200,2.8434836386826023,11.774809627215905
28,200,10.288938477313815,10.380915854805826
29,200,9.536984352324419,3.1630976468330085
30,200,0,6.611445426499785
31,200,2.8766998954443164,1.2088918570367027
32,200,9.760704700553324,4.636074824327154
33,200,11.811354488661262,7.105711825488819
34,200,3.20667694221875,3.5715240593962814
35,200,9.892657237402176,1.9802917517331482
36,200,11.22022215658386,3.763499953786402
37,200,1.385679775872042,7.261516599080129
38,200,6.473300525769533,4.102300144677546
39,200,7.422807340686012,7.124473930881081
0,205,4.974699332865569,6.976682943842091
1,205,2.1445693397355825,8.499719911856642
2,205,5.804146898207794,0.028003191515964837
3,205,5.583029639010129,7.267930114396503
4,205,8.476531052986441,11.58759515811977
5,205,0,6.786569494651861
6,205,10.254097069326836,3.701175649798258
7,205,9.176311394268705,10.867922395812698
8,205,0,5.425168983710696
9,205,0.1922630818310195,3.3604588147462175
10,205,0.5167272227529286,1.25464396249536
11,205,10.221992069978478,0
12,205,11.872109847759408,4.449248357130819
13,205,0,10.247945477419606
14,205,4.110773022043073,8.779938891800777
15,205,7.438003147198072,0
16,205,8.418361180976026,2.045020633675855
17,205,4.22762301124068,10.245676513432297
18,205,6.431635435628117,7.9321524147050715
19,205,7.820426236012787,8.752044376841603
20,205,5.457123477844221,7.949518776661559
21,205,8.973695621271126,2.810623731436159
22,205,6.82933359333111,4.771687437061198
23,205,3.9344345297459737,0
24,205,3.8177354808713293,5.3282409035319755
25,205,0,1.8548809670965045
26,205,9.131108689356417,8.116380583719415
27,205,2.795309213912063,11.758114295563649
28,205,10.380482144305194,10.292666039999183
29,205,9.52933255904202,3.150095948112752
30,205,0,6.6010900887837725
31,205,2.867570430336401,1.2121334374152912
32,205,9.765806635697237,4.621094931707854
33,205,11.808513777826628,7.079079953129245
34,205,3.2076432776391925,3.5700106974733608
35,205,9.895866300835879,1.9635435169018327
36,205,11.234426786615764,3.663972953682483
37,205,1.3931428237854566,7.254694080285011
38,205,6.578862798124138,4.223837211241162
39,205,7.404502606202898,7.126006158724723
0,210,4.966280512460341,6.96622340637131
1,210,2.16510387321029,8.420732526241295
2,210,5.799946689299213,0.03358033952806484
3,210,5.582660621687286,7.310321053121218
4,210,8.468412649821841,11.703850972849358
5,210,0,6.781614461931355
6,210,10.340180251054,3.866153532177218
7,210,9.17378754911503,10.85334720599611
8,210,0,5.485882291036934
9,210,0.1934026611302102,3.4138047327530603
10,210,0.33355312119208935,1.1646433571127717
11,210,10.209303442779493,0
12,210,11.908630532585887,4.4010440425053305
13,210,0,10.248752739294765
14,210,4.152002504208576,8.694394270244606
15,210,7.348531058173623,0
16,210,8.465264708066613,2.0537272700610805
17,210,4.232382648146816,10.361362649506354
18,210,6.527301327655093,7.846512297191526
19,210,7.83648008577755,8.909463380276575
20,210,5.354204177844282,7.997591846425768
21,210,8.96916629839861,2.8727083265415723
22,210,6.828023041882364,4.762259329477818
23,210,3.954371429578684,0
24,210,3.8790345217370157,5.5580793162264985
25,210,0,1.844937493751044
26,210,9.073096482574638,8.086384030789317
27,210,2.742753928005582,11.738082337804984
28,210,10.4832805512099,10.19662101561033
29,210,9.526446580760705,3.145072114458485
30,210,0,6.589869335186886
31,210,2.878857501272336,1.2081763523169693
32,210,9.770460335591627,4.606345301164903
33,210,11.804593747365441,7.048849409309016
34,210,3.2139954150897205,3.560213640799661
35,210,9.900961764011441,1.9344375107293985
36,210,11.247159473214687,3.558917312491675
37,210,1.3939265148597675,7.253983169356394
38,210,6.673610582510853,4.329757988305563
39,210,7.401655901388913,7.126183946799547
0,215,4.964598234245673,6.964184954373202
1,215,2.180730726966341,8.353922630693823
2,215,5.788682673445919,0.04888019780171282
3,215,5.580226065680031,7.376155575049244
4,215,8.462220895046183,11.813914682928825
5,215,0,6.926277414412525
6,215,10.430476171381118,4.038908223100909
7,215,9.171317858177897,10.83930504257927
8,215,0,5.551250483374496
9,215,0.19785706392955685,3.4953064445603585
10,215,0.173813384151479,1.088997002031214
11,215,10.195354803968566,0
12,215,11.943270620088974,4.357444797181139
13,215,0,10.25030498144375
14,215,4.1972828876513475,8.601605551524376
15,215,7.2537873706834635,0
16,215,8.498749765385261,2.0592081264363524
17,215,4.2348494273412545,10.480162161596738
18,215,6.6109263394310664,7.7727494484636965
19,215,7.850793410692107,9.07281835586821
20,215,5.266089054375748,8.040085784589781
21,215,8.964448089031219,2.9361247577754765
22,215,6.8283531787007,4.764491305539938
23,215,3.9777611612615753,0
24,215,3.9409765619374,5.794564372234369
25,215,0,1.8363995340133723
26,215,9.009177615305868,8.053359068938851
27,215,2.680566590724321,11.71314777546323
28,215,10.578035342660877,10.103373602348471
29,215,9.538174537204128,3.16457915168543
30,215,0,6.577200024731784
31,215,2.8715740055617496,1.2105414632994496
32,215,9.767896500889865,4.614779051358621
33,215,11.79872785861902,7.009099606166444
34,215,3.207616978446599,3.5700382437176854
35,215,9.906461349183926,1.9036702647259018
36,215,11.257006263675846,3.4498632263892395
37,215,1.400171961637827,7.2482838841154456
38,215,6.752151254270639,4.418980781649542
39,215,7.393239313173308,7.1265570898767985
0,220,4.970094453030719,6.97092481445498
1,220,2.1972326207627235,8.286948438804696
2,220,5.788755287689456,0.04877812221440269
3,220,5.577462384832578,7.441668580106912
4,220,8.454241810335294,11.9259406125867
5,220,0,7.054563428861489
6,220,10.509555725508232,4.188822475705008
7,220,9.169208806278291,10.827183710409345
8,220,0,5.607375846450145
9,220,0.19968746129272774,3.544118038574394
10,220,0.011144531941406743,1.011128530845422
11,220,10.176321738980132,0
12,220,11.992694062222334,4.29955404767075
13,220,0,10.25161039177161
14,220,4.247055403142972,8.499173899971028
15,220,7.168676784145772,0
16,220,8.5381839798485,2.066018616755117
17,220,4.235665454524245,10.594713894425267
18,220,6.700691118553274,7.699445412405532
19,220,7.862526927161135,9.239842676152088
20,220,5.182820076478912,8.080103294878972
21,220,8.961665667989125,2.971546419086808
22,220,6.827724268635736,4.759475375449025
23,220,3.994339639568053,0
24,220,3.991539471622595,6.005279056345322
25,220,0,1.8270554587951817
26,220,8.956812135121066,8.027490225846293
27,220,2.6216895183076754,11.690089400412425
28,220,10.475210962349696,10.002044526613766
29,220,9.54709057137808,3.179834886138677
30,220,0,6.571022310723782
31,220,2.8661636456578834,1.212389658623227
32,220,9.766561636435092,4.618782676776608
33,220,11.790250098766437,6.952549164503802
34,220,3.1928226396786252,3.5922520872075543
35,220,9.91236887108123,1.8681183037535614
36,220,11.269403327375256,3.3355980184547653
37,220,1.4259889688553118,7.2237326912562425
38,220,6.819804227843783,4.504419508962156
39,220,7.388020144603896,7.126868829869811
0,225,4.986882063183074,6.9924253847683815
1,225,2.2125266335926677,8.226803294138024
2,225,5.777609688606817,0.06616230680803666
3,225,5.575106103631052,7.498447226647807
4,225,8.445690230468182,12
5,225,0,7.210784504521521
6,225,10.581226412987716,4.3389926623111155
7,225,9.167330876947124,10.817458860532742
8,225,0,5.661573428931849
9,225,0.20143325954884161,3.5939780977812426
10,225,0,0.948898881216295
11,225,10.15457213752597,0
12,225,12,4.2348381542324685
13,225,0,10.251571582302121
14,225,4.2938520178897654,8.401051530597897
15,225,7.067949805778392,0
16,225,8.582018921232157,2.0740961537311575
17,225,4.235401014055234,10.70636830218811
18,225,6.795296997253135,7.623197945845544
19,225,7.871467824874828,9.406866569527653
20,225,5.086676805203705,8.12479142819213
21,225,8.955495970749256,3.037950449316507
22,225,6.827556377221731,4.7580271529590235
23,225,4.009934130100441,0
24,225,4.040780911849526,6.206028672312909
25,225,0,1.8220940188747565
26,225,8.89094505204175,7.99531191738548
27,225,2.571729195609665,11.668574996150156
28,225,10.37401123609609,9.900378108441387
29,225,9.555822817703724,3.1943993210465673
30,225,0,6.570544243603081
31,225,2.8392523439209914,1.2216059552131417
32,225,9.772783381135776,4.599008237476036
33,225,11.781438514376235,6.899339554977248
34,225,3.1743592231178157,3.6192198485888043
35,225,9.91764572789227,1.8371191008477132
36,225,11.284354561967946,3.1921684022111037
37,225,1.4611266219760557,7.191495481351125
38,225,6.898824384219603,4.598914802434026
39,225,7.412183674938101,7.125925514339083
0,230,5.020256102013041,7.036775314380282
1,230,2.2283593230369894,8.163500847608551
2,230,5.767504604505567,0.08238998417701698
3,230,5.573133230484035,7.55044957265163
4,230,8.436085372431481,12
5,230,0,7.376304678879451
6,230,10.668800351783498,4.514938423367834
7,230,9.163818753401598,10.799197181548374
8,230,0,5.704666886768691
9,230,0.2030415569925925,3.639460904988324
10,230,0,0.8956072971758495
11,230,10.131709387975812,0
12,230,12,4.16743580517276
13,230,0,10.25675828686911
14,230,4.340612377415153,8.301877843038453
15,230,6.967349441982625,0
16,230,8.628649029730019,2.0837939762242508
17,230,4.238152542219689,10.826459674323718
18,230,6.888217478288671,7.546738384649791
19,230,7.877187717524478,9.570759479842947
20,230,4.977499591129594,8.172913355088479
21,230,8.95075998806458,3.08415467467329
22,230,6.826697406098951,4.75126781756923
23,230,4.02363964763808,0
24,230,4.087390850429637,6.416784298585976
25,230,0,1.8166393526057387
26,230,8.819937202860746,7.958528006414107
27,230,2.526563008387585,11.649605465484163
28,230,10.279252244135158,9.803811833978775
29,230,9.583367250388367,3.239635921850129
30,230,0,6.566310948453687
31,230,2.823205831068185,1.2273086168529403
32,230,9.776397535489155,4.5879448977682635
33,230,11.770099328850707,6.829083913943498
34,230,3.1653822077471925,3.6329878451050854
35,230,9.924993915989118,1.7866303825351115
36,230,11.293328632693312,3.0734608561385217
37,230,1.4973639572000113,7.159747637703715
38,230,6.985348976650116,4.700515053966314
39,230,7.442764095818468,7.1247516990593045
0,235,5.0490007057647155,7.076293657214344
1,235,2.242578835683744,8.101210557344283
2,235,5.760607522378024,0.09495562583345676
3,235,5.570108555940471,7.618311450370464
4,235,8.429174193864148,12
5,235,0.001681559135211019,7.5100501440082335
6,235,10.742935980882361,4.66880703153411
7,235,9.158149313635834,10.762804862495239
8,235,0,5.758764148187334
9,235,0.203788507322849,3.6815141571788477
10,235,0,0.8423553701491532
11,235,10.1008615713231,0
12,235,12,4.10371810223516
13,235,0,10.260742827641705
14,235,4.375048522851096,8.22120068706561
15,235,6.871696148198218,0
16,235,8.652176337474275,2.0879511968907827
17,235,4.239837939512301,10.946433942040658
18,235,6.978664068731286,7.469150319121758
19,235,7.878811779565134,9.75200337080449
20,235,4.899590924029343,8.207936895286382
21,235,8.943972694324977,3.1470258418788104
22,235,6.826450124057723,4.74964743088125
23,235,4.036268375389,0
24,235,4.130500031891562,6.601957794733853
25,235,0,1.8116239755296795
26,235,8.74712484677341,7.920836201168286
27,235,2.4990134021872725,11.63855378064243
28,235,10.194091948168897,9.716929216441573
29,235,9.612178126293848,3.2869140592739265
30,235,0,6.56173916718781
31,235,2.7922879769669113,1.2392525794726255
32,235,9.782480790209664,4.569141818250006
33,235,11.761666840574469,6.765230562513093
34,235,3.1571923409094893,3.6456093638527403
35,235,9.932401715386588,1.7291941771855672
36,235,11.30575623689641,2.933131451102316
37,235,1.5216458776458994,7.138153478082187
38,235,7.0714879905651955,4.80728845321995
39,235,7.466464782925604,7.12391315651186
0,240,5.069767932847049,7.104567623638471
1,240,2.2571273435222188,8.042188782844395
2,240,5.762254504210615,0.09201523215275915
3,240,5.565439303625394,7.677580840520279
4,240,8.42204366420782,12
5,240,0.0046551769951708385,7.636271789921116
6,240,10.824574766631601,4.835239552758549
7,240,9.149480497127117,10.703640572381302
8,240,0,5.814795388062223
9,240,0.20443292574743216,3.7078059698809587
10,240,0,0.7832541977687361
11,240,10.081427779777508,0
12,240,12,4.040455951202952
13,240,0,10.2708629438297
14,240,4.40480368841756,8.15114008749742
15,240,6.773034625915897,0
16,240,8.681523724212456,2.0936022169014836
17,240,4.246444139586484,11.063807244295528
18,240,7.068428976513645,7.392322447741241
19,240,7.876057238364509,9.925154326909233
20,240,4.806333167712754,8.249098732830577
21,240,8.936172678201576,3.2152915693088966
22,240,6.826741719696575,4.751462121349085
23,240,4.042978855125334,0
24,240,4.1691291828968,6.769371822911957
25,240,0,1.8078457268341899
26,240,8.6812596429335,7.888324444968622
27,240,2.4603332950101735,11.622049132499809
28,240,10.100464072934479,9.622827182438991
29,240,9.648625952802272,3.3449951345263456
30,240,0,6.558107798386388
31,240,2.7659334782867675,1.2497990038077467
32,240,9.790795855072256,4.5436157235576635
33,240,11.753296101510646,6.6976436824759755
34,240,3.166797271665616,3.631529697893937
35,240,9.939098861458326,1.6696963986524083
36,240,11.316835363242067,2.804045368981211
37,240,1.5516460795839324,7.110547929119667
38,240,7.1773138506668595,4.937066926883873
39,240,7.496693960619685,7.123131274333342
0,245,5.08973312797218,7.133656584517092
1,245,2.2711352767658393,7.966796993692093
2,245,5.766648870867466,0.08505881062995096
3,245,5.561738780528098,7.7143207574605634
4,245,8.41313611432104,12
5,245,0.012398937805120707,7.7463547831801245
6,245,10.918842916227403,5.019256920874236
7,245,9.138869138445882,10.633227311141532
8,245,0,5.867455438695106
9,245,0.20569894214055245,3.7288064890237678
10,245,0,0.7305248612241397
11,245,10.069975277733684,0
12,245,12,3.964217637113398
13,245,0,10.28227489259508
14,245,4.433677629659262,8.083940095346025
15,245,6.6911556034992286,0
16,245,8.707830231544968,2.0985001388031015
17,245,4.2513132756531915,11.160883097728277
18,245,7.168739776600236,7.305468680715072
19,245,7.872560530198385,10.123439703167643
20,245,4.6919834339026885,8.297186227582491
21,245,8.926589629130143,3.283330918509561
22,245,6.828298065225415,4.761643917895281
23,245,4.052055670542559,0
24,245,4.206676432851845,6.936779542161373
25,245,0,1.8063596848648964
26,245,8.636710177137987,7.867014469059798
27,245,2.4274589675101184,11.607645299219701
28,245,9.987281988672203,9.508525032906888
29,245,9.683265539164756,3.398986784332577
30,245,0,6.555670385243042
31,245,2.714349750989197,1.2705284938910413
32,245,9.805975225663312,4.49832166783942
33,245,11.748455450478948,6.6526490789079125
34,245,3.1745180356037745,3.619347290909089
35,245,9.945181589635329,1.6111181156959322
36,245,11.32931841455371,2.6671615792376793
37,245,1.584579397855032,7.0812383706950515
38,245,7.279563507614627,5.065442171287928
39,245,7.534402128676202,7.122101904236768
0,250,5.109885433983072,7.164201153621746
1,250,2.2911409245846377,7.86607077510961
2,250,5.773765168370816,0.07338061392538757
3,250,5.557279513761215,7.759369381931942
4,250,8.407680650430546,12
5,250,0.023415573357346536,7.869165059112092
6,250,11.019668958198652,5.211426052974005
7,250,9.12306200202716,10.53953836170148
8,250,0,5.917370887268438
9,250,0.20781384742043602,3.7629204725155545
10,250,0,0.6914621950882112
11,250,10.063381614098724,0
12,250,12,3.907303476568464
13,250,0,10.29316719707199
14,250,4.382401909474588,8.061777211204284
15,250,6.607759971456644,0
16,250,8.73509232385831,2.103274233320704
17,250,4.255000172274113,11.26643844311565
18,250,7.2621140114351475,7.2268404411058444
19,250,7.861981880961365,10.32362082463613
20,250,4.575875747237003,8.346488330871509
21,250,8.916573281043743,3.366809805820042
22,250,6.834913529683025,4.7971670189372855
23,250,4.060325227350703,0
24,250,4.243129767691999,7.110395129583529
25,250,0,1.8042010899485508
26,250,8.587213095638264,7.842980171766042
27,250,2.3675312927800696,11.580855832943
28,250,9.867439356312197,9.393518970409179
29,250,9.713602516970846,3.445594000106998
30,250,0,6.549818428608704
31,250,2.639370772373982,1.3012000418140663
32,250,9.827320966123482,4.439063973954459
33,250,11.744405289067767,6.610747745716029
34,250,3.1711119051365793,3.6246925863633352
35,250,9.951950317325567,1.5444856771379003
36,250,11.33866609777916,2.533093985110998
37,250,1.5944672307958339,7.07277297585746
38,250,7.380947079536955,5.1918601585294235
39,250,7.5665092341111455,7.122082703960545
0,255,5.115930399721081,7.173068496225245
1,255,2.3110489888126717,7.765374403645747
2,255,5.7777869548712415,0.06693073239863653
3,255,5.552883485489671,7.7975250019389275
4,255,8.403490096895755,12
5,255,0.03920566452442405,8.001683800677112
6,255,11.124352810207037,5.411284908387386
7,255,9.110912939501526,10.460968032094604
8,255,0,5.9847797944228995
9,255,0.21076439526493268,3.8104952411414077
10,255,0,0.6487548631521947
11,255,10.043641053724114,0
12,255,12,3.858140672349125
13,255,0,10.30409223675407
14,255,4.338075619824442,8.042904397394455
15,255,6.525377205111318,0
16,255,8.759422767512428,2.1077938483892042
17,255,4.258007499867013,11.3616555947987
18,255,7.37993378674551,7.1250363411718824
19,255,7.848071227963452,10.554446411163427
20,255,4.4574185405616396,8.392893780135555
21,255,8.908689443813167,3.4416867174770998
22,255,6.839203193183383,4.819663431131347
23,255,4.070336568075082,0
24,255,4.278645904577286,7.276664365648271
25,255,0,1.8031302736621917
26,255,8.531975465231124,7.8161250210626925
27,255,2.310818664808839,11.555711670773183
28,255,9.769190406037788,9.293698700329196
29,255,9.732507417685378,3.4771931668131537
30,255,0,6.575123338689989
31,255,2.565627889359935,1.33106696620042
32,255,9.846848894214112,4.3818638875854345
33,255,11.743022110521192,6.5937213634787994
34,255,3.167574344912835,3.630225681043683
35,255,9.961116333379127,1.4784184013145825
36,255,11.344605336692847,2.422706723145867
37,255,1.6055362840616176,7.063326339502045
38,255,7.480681858205234,5.321117284030623
39,255,7.621038999289232,7.123059878134334
0,260,5.129237926366774,7.192963755901168
1,260,2.329795660315831,7.672805752250142
2,260,5.782179112197247,0.059955109105819304
3,260,5.551458863021215,7.807066687393147
4,260,8.40279742948958,12
5,260,0.05152070335663533,8.152238573723253
6,260,11.227563431245434,5.620742505760271
7,260,9.092424186892018,10.363614214042945
8,260,0,6.04301902482815
9,260,0.21373909808613709,3.875186475755404
10,260,0,0.59784205104054
11,260,10.023734738180792,0
12,260,12,3.805457375009095
13,260,0,10.308951026722571
14,260,4.298693298380925,8.027201313054723
15,260,6.449133517949787,0
16,260,8.777468929101891,2.111498660144031
17,260,4.259249169087648,11.450277202637272
18,260,7.495947292279376,7.024758323568646
19,260,7.827505355516395,10.797110174869506
20,260,4.334444942641588,8.4392806585119
21,260,8.902597303626418,3.5142777640018177
22,260,6.843243915903369,4.841532086829045
23,260,4.077874195071524,0
24,260,4.316821406922233,7.440912604763902
25,260,0,1.8029077444515784
26,260,8.499366922054062,7.799896574009066
27,260,2.255684390835921,11.530726340337168
28,260,9.672158060494265,9.188670452199455
29,260,9.757330013807977,3.5176197197025925
30,260,0,6.593003778035177
31,260,2.490612365090092,1.3626570958567223
32,260,9.873873752033132,4.3057537311269165
33,260,11.740694735927761,6.569311597714669
34,260,3.1620004343200674,3.639157385803417
35,260,9.970599452446576,1.4151117360921681
36,260,11.35040286445381,2.331658760422532
37,260,1.6018608860886911,7.06637127470824
38,260,7.579929442835417,5.441404028091476
39,260,7.678985630797984,7.124651066643843
0,265,5.158914419779589,7.234634907075014
1,265,2.3440444720700992,7.595062699326546
2,265,5.790727727698562,0.046129370839585966
3,265,5.550637201568202,7.81270037106623
4,265,8.404518525722727,12
5,265,0.061041214629955876,8.315555168785497
6,265,11.344933327613571,5.849104865291253
7,265,9.070899458167005,10.261917379919193
8,265,0,6.103518522970269
9,265,0.2193126411965628,3.938387937242157
10,265,0,0.5345624347852657
11,265,9.997796722048289,0
12,265,12,3.7350713237766944
13,265,0,10.312961758698831
14,265,4.2404885815554465,8.004085809131713
15,265,6.374873281342105,0
16,265,8.790251450815417,2.1142693965562023
17,265,4.260853879454053,11.523748770469108
18,265,7.61175528443354,6.925900769761518
19,265,7.8142728707831335,11.027050566017852
20,265,4.19459722749403,8.500086238585318
21,265,8.896888484909715,3.582872130043447
22,265,6.844168001958387,4.846266858311129
23,265,4.084410095163525,0
24,265,4.351247390401853,7.6010486218119535
25,265,0,1.8026641584222365
26,265,8.452409612033629,7.7769338258992375
27,265,2.195178540223305,11.503780455248592
28,265,9.579250719550627,9.085816391432548
29,265,9.782729949031953,3.5588486205318155
30,265,0,6.614172204189697
31,265,2.4258413753210446,1.389877527789798
32,265,9.900182000693377,4.228272028227377
33,265,11.73551983218751,6.529342333544033
34,265,3.1453212992424335,3.6656077402537863
35,265,9.978959907554854,1.3625825677955234
36,265,11.354865359520849,2.235175450011199
37,265,1.6068061654248473,7.062237611082382
38,265,7.6930617164832995,5.565550476799206
39,265,7.746889257812194,7.126971183505387
0,270,5.1903835309549855,7.279716308233056
1,270,2.362603168904489,7.503494778579647
2,270,5.801153836819559,0.029165300355321756
3,270,5.552039531213386,7.8039760279158195
4,270,8.40934485242704,12
5,270,0.07251079984426018,8.478561143045008
6,270,11.462901041957581,6.0755359612447
7,270,9.047204082124829,10.139608993892637
8,270,0,6.164912768060012
9,270,0.22380762694237558,3.98810963481508
10,270,0,0.4801663385517401
11,270,9.976026126832437,0
12,270,12,3.6534504786197792
13,270,0,10.32028591681913
14,270,4.203184432919111,7.989512762831484
15,270,6.290548029190272,0
16,270,8.80615269856765,2.1174277219033417
17,270,4.261512795307359,11.584040338545458
18,270,7.730689498384206,6.824468141678135
19,270,7.799696166791115,11.264403091222977
20,270,4.058693422013369,8.560348786504353
21,270,8.894050128840963,3.6241115053914945
22,270,6.8455487171281435,4.85327931134484
23,270,4.090898920933745,0
24,270,4.380454052729533,7.742474190424789
25,270,0,1.8015786897533976
26,270,8.388121882859629,7.744421332451802
27,270,2.1465662847996536,11.481999561985656
28,270,9.479071268647631,8.975778500977361
29,270,9.823623190343822,3.6269230226361975
30,270,0,6.634034441224507
31,270,2.3585499482263836,1.4184574398690377
32,270,9.923005285669165,4.158152416240847
33,270,11.728734431117243,6.484987907147855
34,270,3.1267612557984275,3.696885653200188
35,270,9.984269522038568,1.3291306667568594
36,270,11.358267552189643,2.1321240533601835
37,270,1.5885394558528607,7.077710080223065
38,270,7.798218226335178,5.6840417864430774
39,270,7.828350534865682,7.130212725128624
0,275,5.212757274193386,7.311220047861313
1,275,2.3814261038558566,7.421047974168406
2,275,5.804793863975368,0.023592730309528527
3,275,5.5558316134113985,7.784846198370329
4,275,8.413163013054485,12
5,275,0.08276313284657473,8.634269279811168
6,275,11.581594893685905,6.286910323052552
7,275,9.024138235688834,10.010189412115535
8,275,0,6.21306059625447
9,275,0.22880606455051677,4.031113196602198
10,275,0,0.4357370751401134
11,275,9.959443280518707,0
12,275,12,3.584695169033825
13,275,0,10.320620112694888
14,275,4.160689018188962,7.971444153420029
15,275,6.2203837019675285,0
16,275,8.816683073550347,2.1194512449935647
17,275,4.263414021433697,11.654130813061693
18,275,7.816282054600427,6.7502178444598195
19,275,7.782762718776007,11.4931833773509
20,275,3.9318554587476866,8.615276991121306
21,275,8.893197553399698,3.6389162100390333
22,275,6.848039528625037,4.8654453465594045
23,275,4.096666184835709,0
24,275,4.409068155564435,7.896411112126279
25,275,0,1.7998495438932551
26,275,8.328452826387338,7.713947868303166
27,275,2.1052473057185086,11.462836510462905
28,275,9.387162598008132,8.874169316501382
29,275,9.865665866738698,3.695686283835366
30,275,0,6.644864487380558
31,275,2.282917941065425,1.4486756941237664
32,275,9.939004881366376,4.102847208766479
33,275,11.726996646491488,6.472850337774227
34,275,3.105881046000909,3.732746033249508
35,275,10.038116134959928,1.337896886417508
36,275,11.363608014452875,2.0077093540615647
37,275,1.5733303846934716,7.090241265821549
38,275,7.907799854260406,5.802069942104169
39,275,7.903971503043802,7.132210952798954
0,280,5.232337338722936,7.339591922035801
1,280,2.397037633594549,7.343430325406788
2,280,5.8127726558742365,0.011427260605671572
3,280,5.559453034336962,7.764388943862737
4,280,8.417400109405987,12
5,280,0.09137277053673913,8.785050775129243
6,280,11.690111335765739,6.490031146437431
7,280,9.004640906404122,9.879950882788085
8,280,0,6.240693358209033
9,280,0.23534555806744847,4.088253902070694
10,280,0,0.39010537759323793
11,280,9.93817422159861,0
12,280,12,3.5125008172040113
13,280,0,10.310785039898166
14,280,4.118815887821833,7.953799144487606
15,280,6.1699491253256085,0
16,280,8.83551995527039,2.1229264061795767
17,280,4.266415468661419,11.712037285958642
18,280,7.900960125887193,6.674268382446575
19,280,7.76738735372137,11.70321883767543
20,280,3.8157344425854305,8.668633576997737
21,280,8.892159878254276,3.6536133519808787
22,280,6.8494620241276944,4.872430613130664
23,280,4.106579080413069,0
24,280,4.439228985420029,8.046398575062057
25,280,0,1.7980654957205109
26,280,8.254587688787968,7.673822911201443
27,280,2.0618071301607976,11.442605889353116
28,280,9.305330670029106,8.782267124633227
29,280,9.914756781607434,3.778151904415939
30,280,0,6.655512928164994
31,280,2.1963331793700247,1.4837533982001214
32,280,9.954455556507943,4.044337921630996
33,280,11.723384146253462,6.448062337443926
34,280,3.083702021552128,3.772235140723515
35,280,10.099014851013468,1.3486291818270164
36,280,11.372933898733352,1.8720097348181817
37,280,1.568664004993253,7.094017358782186
38,280,8.023398292310924,5.928778622607971
39,280,7.961847477325866,7.133230080152318
0,285,5.256952582042202,7.374353160833101
1,285,2.4097603567870367,7.279401866778646
2,285,5.820128917648828,0.00015371065959795052
3,285,5.566756491116402,7.722729672202783
4,285,8.424408717026667,12
5,285,0.09837903191570233,8.91917048309044
6,285,11.811409232003102,6.7057697704089
7,285,8.987448686615586,9.745194110944883
8,285,0,6.274452849147498
9,285,0.24187280689742763,4.143794988603179
10,285,0,0.33751803125438534
11,285,9.915796173516645,0
12,285,12,3.4330871228876876
13,285,0,10.2983066765985
14,285,4.094772366781158,7.944390898387829
15,285,6.125280720373124,0
16,285,8.84752755412958,2.1253048038801583
17,285,4.268887888744851,11.759543355879142
18,285,7.981474122633765,6.60674177228482
19,285,7.7533080419577525,11.916781406157396
20,285,3.7020742508812488,8.72410621721178
21,285,8.88921695716201,3.6831157025744745
22,285,6.851538501261611,4.882613408623479
23,285,4.11012118130044,0
24,285,4.462638451736966,8.181653352886903
25,285,0,1.7964234598624746
26,285,8.191847150672862,7.641614856670588
27,285,2.018603841866187,11.423962571245251
28,285,9.227183283990618,8.692055296250015
29,285,9.96924244936532,3.8717788972004588
30,285,0,6.6652225747070375
31,285,2.110048021471584,1.5181720106973784
32,285,9.97213694552428,3.9794988911519593
33,285,11.71990855285164,6.424965908548656
34,285,3.0589765159438715,3.816064328402557
35,285,10.162394817984067,1.3585226516922466
36,285,11.386167816561075,1.7056878114843586
37,285,1.5570049383776183,7.103605714091927
38,285,8.139964196890483,6.052012994527973
39,285,8.014193657420881,7.1340316612967465
0,290,5.2738787315988755,7.398828455602958
1,290,2.4222800752339997,7.205544846431983
2,290,5.803266502803524,0
3,290,5.578651462431282,7.6490887410334265
4,290,8.43148661461774,12
5,290,0.10603601003121528,9.058355163856673
6,290,11.918700812910451,6.904019193067046
7,290,8.968832886051995,9.624517800823877
8,290,0,6.309203593681791
9,290,0.24772846306620655,4.198162948888069
10,290,0,0.28535767570817133
11,290,9.885296805519184,0
12,290,12,3.380714390980378
13,290,0,10.280677995489683
14,290,4.060816261143638,7.932601456904283
15,290,6.07723568528042,0
16,290,8.847769175172218,2.1253554629474687
17,290,4.2701962153887,11.791066583187884
18,290,8.055675175086641,6.542857254114753
19,290,7.732432252350543,12
20,290,3.5949838133984287,8.775241372305187
21,290,8.886644113220619,3.703281642458254
22,290,6.856308166163244,4.908866491730833
23,290,4.113355816321389,0
24,290,4.490128572958499,8.33923781351447
25,290,0,1.7954985798934129
26,290,8.125560261710529,7.604949203054749
27,290,1.968055375558457,11.402319981629729
28,290,9.144676749978794,8.596040522024296
29,290,10.03233954017834,3.9769662082034696
30,290,0,6.703879670093637
31,290,2.0193074421479933,1.5540750433718902
32,290,9.983712886256043,3.927436646285273
33,290,11.71683395226286,6.405436200747347
34,290,3.0245277235143844,3.879561922938998
35,290,10.201821397318668,1.364964711440378
36,290,11.398559610581822,1.561886459072025
37,290,1.558003931520044,7.102809828377979
38,290,8.257762880808531,6.181082889800546
39,290,8.067038768794813,7.13436605095471
0,295,5.300104070978597,7.437941948153013
1,295,2.4367873511345994,7.120006916335883
2,295,5.78540746177208,0
3,295,5.590891918224021,7.565894477991869
4,295,8.440312976614747,12
5,295,0.11466238500485829,9.223182611753192
6,295,12,7.112577359625438
7,295,8.948562149933364,9.51551572533091
8,295,0,6.350641835139121
9,295,0.2541131311897364,4.2501946007669735
10,295,0,0.23553766751972638
11,295,9.854833473231485,0
12,295,12,3.3146183888571574
13,295,0,10.272927984276077
14,295,4.028931816623432,7.921053657932261
15,295,6.02786590982952,0
16,295,8.84956509520943,2.1257516495347555
17,295,4.271800562584123,11.823405040612403
18,295,8.138513381625087,6.470649026802571
19,295,7.7144945453889955,12
20,295,3.4940490391750214,8.823838286553435
21,295,8.88247636361701,3.7350625032240976
22,295,6.8606176968843595,4.933273211278469
23,295,4.116952196561087,0
24,295,4.513472468172764,8.48797322617837
25,295,0,1.7936357530236462
26,295,8.058372320916554,7.570557872036462
27,295,1.9277994041287867,11.384186100176079
28,295,9.07227974821183,8.510586202121528
29,295,10.099853700359095,4.08904243858001
30,295,0,6.7542571684505965
31,295,1.9210566935919904,1.5906923155765764
32,295,9.999550291890396,3.8519053428550425
33,295,11.711703285695608,6.370098797700942
34,295,2.9808069751227624,3.958074121474085
35,295,10.22353366660085,1.3681379545208079
36,295,11.411423395695191,1.4267570182499731
37,295,1.5497233831418655,7.109129066643165
38,295,8.362987343617588,6.296964642577792
39,295,8.121842177139984,7.135766293841262
