0,0,3.97105118921666,3.0509705190165435,0.0,0.0,0.0,0.0,0.0,0.0
1,0,6.00170666707031,6.054207783272218,0.0,0.0,1.0,1.0,1.0,1.0
2,0,0.0552740359014432,11.009061288898303,0.0,0.0,0.0,0.0,0.0,0.0
3,0,0.97326358525941,5.96972441941593,1.0,1.0,0.0,0.0,1.0,1.0
4,0,0.9535581722570454,7.969563484144872,0.0,0.0,0.0,1.0,0.0,1.0
5,0,0.0111256625333559,7.946134209320951,0.0,0.0,0.0,0.0,0.0,1.0
6,0,7.936167237810855,7.033262260187562,1.0,0.0,1.0,0.0,0.0,0.0
7,0,9.044651262858952,1.921929998046648,1.0,1.0,0.0,0.0,1.0,1.0
8,0,9.0268932629296,6.9651306469892695,0.0,1.0,1.0,1.0,1.0,0.0
9,0,4.056948494993121,0.0,0.0,1.0,1.0,0.0,0.0,1.0
10,0,9.984400797362202,8.945848755972575,0.0,0.0,1.0,1.0,0.0,1.0
11,0,9.988123243658206,5.060889998774691,0.0,1.0,1.0,0.0,1.0,1.0
12,0,1.970026858469952,2.0021791279476178,0.0,0.0,0.0,1.0,1.0,0.0
13,0,8.060022776469895,3.015627430052114,1.0,1.0,0.0,0.0,0.0,0.0
14,0,2.986610788446053,8.069837414047024,0.0,0.0,1.0,0.0,0.0,0.0
15,0,0.0076708676173022,8.933070747313327,0.0,0.0,1.0,0.0,1.0,0.0
16,0,3.989469283565732,9.058146624067588,1.0,1.0,0.0,1.0,0.0,1.0
17,0,8.957536456885286,1.011788708705412,1.0,0.0,0.0,0.0,1.0,0.0
18,0,2.044128616158155,11.95479500652879,1.0,1.0,0.0,0.0,1.0,0.0
19,0,0.98940942567371,1.0705262375747295,0.0,0.0,0.0,0.0,1.0,0.0
20,0,0.960081595584428,2.000889265476689,0.0,0.0,1.0,0.0,1.0,1.0
21,0,8.004269204105636,2.0478005705512494,1.0,0.0,1.0,0.0,0.0,1.0
22,0,2.9748066385775287,11.04837629701944,1.0,0.0,1.0,1.0,0.0,0.0
23,0,7.994551196116127,0.0,0.0,1.0,0.0,0.0,1.0,1.0
24,0,8.06647302096036,0.0,0.0,1.0,0.0,0.0,1.0,1.0
25,0,12.0,7.947311814128606,1.0,1.0,1.0,0.0,0.0,0.0
26,0,7.994948772792294,0.0650865125830378,1.0,1.0,0.0,0.0,0.0,0.0
27,0,7.947039003614162,9.007946865483364,1.0,1.0,0.0,0.0,0.0,0.0
28,0,12.0,5.940083998704785,0.0,0.0,1.0,0.0,1.0,1.0
29,0,5.969437629353159,7.004731616960035,0.0,1.0,0.0,1.0,0.0,1.0
30,0,9.935819033450697,2.939680323197706,0.0,1.0,0.0,0.0,0.0,0.0
31,0,1.0647893349842192,11.016194324506952,1.0,0.0,0.0,1.0,0.0,0.0
32,0,1.9846101665998723,0.0,1.0,0.0,1.0,1.0,0.0,1.0
33,0,7.951132916167588,4.994994730360682,0.0,0.0,0.0,1.0,0.0,0.0
34,0,5.003831358520711,2.952256525629245,0.0,0.0,0.0,1.0,1.0,1.0
35,0,11.997491881375163,7.930748420558101,0.0,1.0,1.0,1.0,0.0,0.0
36,0,9.061673652058568,2.020533545653715,1.0,0.0,0.0,1.0,1.0,0.0
37,0,5.961181866466075,0.9607301307067202,1.0,0.0,1.0,0.0,1.0,1.0
38,0,0.0032992874773371,9.050546207430628,1.0,0.0,1.0,0.0,0.0,1.0
39,0,0.0244736254780614,11.044777948591236,0.0,0.0,0.0,0.0,1.0,0.0
0,5,3.9407575152582472,3.104880319526268,0.0,0.0,0.0,0.0,0.0,0.0
1,5,6.003095855017898,6.099453065274486,0.0,0.0,1.0,1.0,1.0,1.0
2,5,0.125986738622399,11.018560727456334,0.0,0.0,0.0,0.0,0.0,0.0
3,5,0.9534938844458885,5.94670099649077,1.0,1.0,0.0,0.0,1.0,1.0
4,5,0.8953168525134959,7.928665886345101,0.0,0.0,0.0,1.0,0.0,1.0
5,5,0.0231583041066479,7.882515017413526,0.0,0.0,0.0,0.0,0.0,1.0
6,5,7.878171680562153,7.062653072923546,1.0,0.0,1.0,0.0,0.0,0.0
7,5,9.09674613796567,1.8304935882256808,1.0,1.0,0.0,0.0,1.0,1.0
8,5,9.044123014623354,6.941886291700102,0.0,1.0,1.0,1.0,1.0,0.0
9,5,4.115269641607579,0.0,0.0,1.0,1.0,0.0,0.0,1.0
10,5,9.965177480106316,8.883472851737425,0.0,0.0,1.0,1.0,0.0,1.0
11,5,9.976821554054352,5.128260491470232,0.0,1.0,1.0,0.0,1.0,1.0
12,5,1.9435929742814704,2.0038266729412264,0.0,0.0,0.0,1.0,1.0,0.0
13,5,8.139221573831835,3.036936277744744,1.0,1.0,0.0,0.0,0.0,0.0
14,5,3.0588929477254845,8.083275136476685,0.0,0.0,1.0,0.0,0.0,0.0
15,5,0.0153535595296784,8.881851868681235,0.0,0.0,1.0,0.0,1.0,0.0
16,5,3.97494622476658,9.137033621992504,1.0,1.0,0.0,1.0,0.0,1.0
17,5,8.919961836568323,1.0207503648508376,1.0,0.0,0.0,0.0,1.0,0.0
18,5,2.0753188197750463,11.924104316882357,1.0,1.0,0.0,0.0,1.0,0.0
19,5,0.9785718955427164,1.1440026393871647,0.0,0.0,0.0,0.0,1.0,0.0
20,5,0.9272448488122308,2.002066672678753,0.0,0.0,1.0,0.0,1.0,1.0
21,5,8.009400574980104,2.127899122884742,1.0,0.0,1.0,0.0,0.0,1.0
22,5,2.956358456909148,11.084359925370856,1.0,0.0,1.0,1.0,0.0,0.0
23,5,7.987181252262004,0.0,0.0,1.0,0.0,0.0,1.0,1.0
24,5,8.111909058864564,0.0,0.0,1.0,0.0,0.0,1.0,1.0
25,5,12.0,7.910223665496125,1.0,1.0,1.0,0.0,0.0,0.0
26,5,7.990581258301131,0.1176117894544498,1.0,1.0,0.0,0.0,0.0,0.0
27,5,7.871675963461223,9.020368928014944,1.0,1.0,0.0,0.0,0.0,0.0
28,5,12.0,5.88365419035693,0.0,0.0,1.0,0.0,1.0,1.0
29,5,5.936513106501092,7.008619273107102,0.0,1.0,0.0,1.0,0.0,1.0
30,5,9.884515056571471,2.8910371998780717,0.0,1.0,0.0,0.0,0.0,0.0
31,5,1.1243824158331015,11.029685833308914,1.0,0.0,0.0,1.0,0.0,0.0
32,5,1.9729652452154267,0.0,1.0,0.0,1.0,1.0,0.0,1.0
33,5,7.891865743043577,4.989242437684589,0.0,0.0,0.0,1.0,0.0,0.0
34,5,5.011424357716578,2.880523257749215,0.0,0.0,0.0,1.0,1.0,1.0
35,5,11.9951506494496,7.855187086602695,0.0,1.0,1.0,1.0,0.0,0.0
36,5,9.122072213716114,2.040504166311932,1.0,0.0,0.0,1.0,1.0,0.0
37,5,5.92165008177802,0.9194146010561138,1.0,0.0,1.0,0.0,1.0,1.0
38,5,0.0070986202356688,9.09648583437881,1.0,0.0,1.0,0.0,0.0,1.0
39,5,0.0473183448222738,11.086202192044642,0.0,0.0,0.0,0.0,1.0,0.0
0,10,3.913663113329704,3.1582119897942027,0.0,0.0,0.0,0.0,0.0,0.0
1,10,6.004881774278372,6.154017797095093,0.0,0.0,1.0,1.0,1.0,1.0
2,10,0.1906481779463528,11.026833817896788,0.0,0.0,0.0,0.0,0.0,0.0
3,10,0.933101605547785,5.921632408565814,1.0,1.0,0.0,0.0,1.0,1.0
4,10,0.8302761381408438,7.882644064625944,0.0,0.0,0.0,1.0,0.0,1.0
5,10,0.0323959773897021,7.839010367040632,0.0,0.0,0.0,0.0,0.0,1.0
6,10,7.813745761988445,7.096294842448652,1.0,0.0,1.0,0.0,0.0,0.0
7,10,9.139776339534247,1.7531653740497983,1.0,1.0,0.0,0.0,1.0,1.0
8,10,9.078718152525813,6.894186495451521,0.0,1.0,1.0,1.0,1.0,0.0
9,10,4.158487895262227,0.0,0.0,1.0,1.0,0.0,0.0,1.0
10,10,9.951201074455971,8.838809814028087,0.0,0.0,1.0,1.0,0.0,1.0
11,10,9.968022935753616,5.185953546062204,0.0,1.0,1.0,0.0,1.0,1.0
12,10,1.922361335461918,2.0048742674894906,0.0,0.0,0.0,1.0,1.0,0.0
13,10,8.220871764376936,3.0579658270980343,1.0,1.0,0.0,0.0,0.0,0.0
14,10,3.117906851356504,8.093156230582556,0.0,0.0,1.0,0.0,0.0,0.0
15,10,0.0245671832956662,8.824225038013168,0.0,0.0,1.0,0.0,1.0,0.0
16,10,3.9624775743573775,9.214693376241822,1.0,1.0,0.0,1.0,0.0,1.0
17,10,8.929924859196388,1.0566675131795558,1.0,0.0,0.0,0.0,1.0,0.0
18,10,2.082125150361351,11.917016337783217,1.0,1.0,0.0,0.0,1.0,0.0
19,10,0.9709342289188584,1.196932409728122,0.0,0.0,0.0,0.0,1.0,0.0
20,10,0.893333868678393,2.003312560955864,0.0,0.0,1.0,0.0,1.0,1.0
21,10,8.015009316944017,2.224614689168793,1.0,0.0,1.0,0.0,0.0,1.0
22,10,2.942489961312061,11.111809434986451,1.0,0.0,1.0,1.0,0.0,0.0
23,10,7.980247872110794,0.0,0.0,1.0,0.0,0.0,1.0,1.0
24,10,8.157204789454184,0.0,0.0,1.0,0.0,0.0,1.0,1.0
25,10,12.0,7.883343114144422,1.0,1.0,1.0,0.0,0.0,0.0
26,10,7.984704948932066,0.1802475637527913,1.0,1.0,0.0,0.0,0.0,0.0
27,10,7.792054625769595,9.03416033813564,1.0,1.0,0.0,0.0,0.0,0.0
28,10,12.0,5.809119189973205,0.0,0.0,1.0,0.0,1.0,1.0
29,10,5.921500121285478,7.010308028701319,0.0,1.0,0.0,1.0,0.0,1.0
30,10,9.812109286123537,2.826124947989545,0.0,1.0,0.0,0.0,0.0,0.0
31,10,1.183530492281342,11.042638478255776,1.0,0.0,0.0,1.0,0.0,0.0
32,10,1.964873659074251,0.0,1.0,0.0,1.0,1.0,0.0,1.0
33,10,7.835168668958,4.982836935045808,0.0,0.0,0.0,1.0,0.0,0.0
34,10,5.017950400403416,2.8275172924825736,0.0,0.0,0.0,1.0,1.0,1.0
35,10,11.994607061096042,7.78261119066899,0.0,1.0,1.0,1.0,0.0,0.0
36,10,9.195298765746855,2.065202156367148,1.0,0.0,0.0,1.0,1.0,0.0
37,10,5.873843977583023,0.8734841411106923,1.0,0.0,1.0,0.0,1.0,1.0
38,10,0.0134225242202829,9.161732546129231,1.0,0.0,1.0,0.0,0.0,1.0
39,10,0.077957588485056,11.143466827561976,0.0,0.0,0.0,0.0,1.0,0.0
0,15,3.8862176669680046,3.2109678557034806,0.0,0.0,0.0,0.0,0.0,0.0
1,15,6.00667087451655,6.21108081562492,0.0,0.0,1.0,1.0,1.0,1.0
2,15,0.2650252274412782,11.035016628995567,0.0,0.0,0.0,0.0,0.0,0.0
3,15,0.9199178779642044,5.904205008918258,1.0,1.0,0.0,0.0,1.0,1.0
4,15,0.7758679826780203,7.843531737620582,0.0,0.0,0.0,1.0,0.0,1.0
5,15,0.0417914666318945,7.794009218462902,0.0,0.0,0.0,0.0,0.0,1.0
6,15,7.751127312639258,7.129416868283576,1.0,0.0,1.0,0.0,0.0,0.0
7,15,9.18415044791758,1.6759674770100634,1.0,1.0,0.0,0.0,1.0,1.0
8,15,9.116244433404304,6.844119076452443,0.0,1.0,1.0,1.0,1.0,0.0
9,15,4.212451692883422,0.0,0.0,1.0,1.0,0.0,0.0,1.0
10,15,9.93563812421271,8.790261352834236,0.0,0.0,1.0,1.0,0.0,1.0
11,15,9.959177234078972,5.236096621817342,0.0,1.0,1.0,0.0,1.0,1.0
12,15,1.887247106274,2.0062297588382263,0.0,0.0,0.0,1.0,1.0,0.0
13,15,8.308662404854623,3.080159310439193,1.0,1.0,0.0,0.0,0.0,0.0
14,15,3.1949039375188204,8.104924439550247,0.0,0.0,1.0,0.0,0.0,0.0
15,15,0.0334697204918937,8.778645548121006,0.0,0.0,1.0,0.0,1.0,0.0
16,15,3.95030503131386,9.292333497674203,1.0,1.0,0.0,1.0,0.0,1.0
17,15,8.942554482022894,1.1018066178381918,1.0,0.0,0.0,0.0,1.0,0.0
18,15,2.0935388884018544,11.905144581966862,1.0,1.0,0.0,0.0,1.0,0.0
19,15,0.9631253616567068,1.2537674498316596,0.0,0.0,0.0,0.0,1.0,0.0
20,15,0.8560721015389183,2.005835288121563,0.0,0.0,1.0,0.0,1.0,1.0
21,15,8.020957150883476,2.325735718396422,1.0,0.0,1.0,0.0,0.0,1.0
22,15,2.923244414453831,11.147940150486884,1.0,0.0,1.0,1.0,0.0,0.0
23,15,7.975850549201477,0.0,0.0,1.0,0.0,0.0,1.0,1.0
24,15,8.18833373220636,0.0,0.0,1.0,0.0,0.0,1.0,1.0
25,15,12.0,7.850042689784412,1.0,1.0,1.0,0.0,0.0,0.0
26,15,7.981079661903499,0.2275336826160578,1.0,1.0,0.0,0.0,0.0,0.0
27,15,7.716158519306505,9.046922589898454,1.0,1.0,0.0,0.0,0.0,0.0
28,15,12.0,5.730753425554939,0.0,0.0,1.0,0.0,1.0,1.0
29,15,5.898838292641114,7.012482763962365,0.0,1.0,0.0,1.0,0.0,1.0
30,15,9.73309405999966,2.7571464649588133,0.0,1.0,0.0,0.0,0.0,0.0
31,15,1.2213765411094712,11.050805555727326,1.0,0.0,0.0,1.0,0.0,0.0
32,15,1.9552164867079245,0.0,1.0,0.0,1.0,1.0,0.0,1.0
33,15,7.786658035858303,4.977470552108647,0.0,0.0,0.0,1.0,0.0,0.0
34,15,5.02631632513033,2.7539725831206034,0.0,0.0,0.0,1.0,1.0,1.0
35,15,11.99184608422384,7.700980426652586,0.0,1.0,1.0,1.0,0.0,0.0
36,15,9.25843392432754,2.0850919644745134,1.0,0.0,0.0,1.0,1.0,0.0
37,15,5.842429715695381,0.8430553119570008,1.0,0.0,1.0,0.0,1.0,1.0
38,15,0.0194088190100816,9.212564398282684,1.0,0.0,1.0,0.0,0.0,1.0
39,15,0.1015698877985431,11.189819370001452,0.0,0.0,0.0,0.0,1.0,0.0
0,20,3.857329501856013,3.265952410181044,0.0,0.0,0.0,0.0,0.0,0.0
1,20,6.008009066343201,6.271958881904729,0.0,0.0,1.0,1.0,1.0,1.0
2,20,0.3094559969494914,11.03965921398727,0.0,0.0,0.0,0.0,0.0,0.0
3,20,0.90345069456569,5.881436544322615,1.0,1.0,0.0,0.0,1.0,1.0
4,20,0.7246364475866669,7.807391489837707,0.0,0.0,0.0,1.0,0.0,1.0
5,20,0.048644801062317,7.755627633185704,0.0,0.0,0.0,0.0,0.0,1.0
6,20,7.683396054653533,7.164826650616338,1.0,0.0,1.0,0.0,0.0,0.0
7,20,9.234790350391094,1.5899640582431027,1.0,1.0,0.0,0.0,1.0,1.0
8,20,9.159338873000086,6.7884554184908925,0.0,1.0,1.0,1.0,1.0,0.0
9,20,4.267200153718032,0.0,0.0,1.0,1.0,0.0,0.0,1.0
10,20,9.923462967890798,8.754933660359224,0.0,0.0,1.0,1.0,0.0,1.0
11,20,9.95179930274821,5.281240817354057,0.0,1.0,1.0,0.0,1.0,1.0
12,20,1.838346743094201,2.006848756320668,0.0,0.0,0.0,1.0,1.0,0.0
13,20,8.38113339864704,3.09776498344452,1.0,1.0,0.0,0.0,0.0,0.0
14,20,3.273688470098837,8.119641785842234,0.0,0.0,1.0,0.0,0.0,0.0
15,20,0.0422363841082918,8.731456672905075,0.0,0.0,1.0,0.0,1.0,0.0
16,20,3.939906560762061,9.377515401245724,1.0,1.0,0.0,1.0,0.0,1.0
17,20,8.960836774882647,1.1683856636837735,1.0,0.0,0.0,0.0,1.0,0.0
18,20,2.0886045007872225,11.910297053172842,1.0,1.0,0.0,0.0,1.0,0.0
19,20,0.9562339477625064,1.314147194461141,0.0,0.0,0.0,0.0,1.0,0.0
20,20,0.8112524600784483,2.0082143426402426,0.0,0.0,1.0,0.0,1.0,1.0
21,20,8.027292102526186,2.4110751941080064,1.0,0.0,1.0,0.0,0.0,1.0
22,20,2.908633144578836,11.17273234638363,1.0,0.0,1.0,1.0,0.0,0.0
23,20,7.9730903897256065,0.0,0.0,1.0,0.0,0.0,1.0,1.0
24,20,8.205296330411544,0.0,0.0,1.0,0.0,0.0,1.0,1.0
25,20,12.0,7.801751731925038,1.0,1.0,1.0,0.0,0.0,0.0
26,20,7.974490376853604,0.2860972885049326,1.0,1.0,0.0,0.0,0.0,0.0
27,20,7.637591840736457,9.05990552073239,1.0,1.0,0.0,0.0,0.0,0.0
28,20,12.0,5.638470029845756,0.0,0.0,1.0,0.0,1.0,1.0
29,20,5.874749741448442,7.014635797406868,0.0,1.0,0.0,1.0,0.0,1.0
30,20,9.648582197979804,2.6782066274941814,0.0,1.0,0.0,0.0,0.0,0.0
31,20,1.2584357312496006,11.058529612881069,1.0,0.0,0.0,1.0,0.0,0.0
32,20,1.9401371376033532,0.0,1.0,0.0,1.0,1.0,0.0,1.0
33,20,7.75189108665941,4.973036596862608,0.0,0.0,0.0,1.0,0.0,0.0
34,20,5.03005001685207,2.724315421636521,0.0,0.0,0.0,1.0,1.0,1.0
35,20,11.985874120513468,7.600164710838138,0.0,1.0,1.0,1.0,0.0,0.0
36,20,9.32614338765181,2.1061080589345145,1.0,0.0,0.0,1.0,1.0,0.0
37,20,5.800413987142345,0.8024368664179689,1.0,0.0,1.0,0.0,1.0,1.0
38,20,0.0245876594711843,9.26120135722392,1.0,0.0,1.0,0.0,0.0,1.0
39,20,0.1219214711427698,11.23353166664976,0.0,0.0,0.0,0.0,1.0,0.0
0,25,3.9330800795016794,3.3023752219108817,0.0,0.0,0.0,0.0,0.0,0.0
1,25,6.008697225114592,6.346756406457327,0.0,0.0,1.0,1.0,1.0,1.0
2,25,0.3501085116092218,11.043912422561869,0.0,0.0,0.0,0.0,0.0,0.0
3,25,0.8785059721671348,5.8469114192311125,1.0,1.0,0.0,0.0,1.0,1.0
4,25,0.6616100173627593,7.762102040387871,0.0,0.0,0.0,1.0,0.0,1.0
5,25,0.0552547513646573,7.718974062012425,0.0,0.0,0.0,0.0,0.0,1.0
6,25,7.608146609857776,7.204027479811876,1.0,0.0,1.0,0.0,0.0,0.0
7,25,9.274518768753586,1.522997076722446,1.0,1.0,0.0,0.0,1.0,1.0
8,25,9.190842144349634,6.747910323964691,0.0,1.0,1.0,1.0,1.0,0.0
9,25,4.327576230284273,0.0,0.0,1.0,1.0,0.0,0.0,1.0
10,25,9.905790288617856,8.703673704431438,0.0,0.0,1.0,1.0,0.0,1.0
11,25,9.948929153867784,5.298799367315199,0.0,1.0,1.0,0.0,1.0,1.0
12,25,1.7853629264513462,2.008945226265143,0.0,0.0,0.0,1.0,1.0,0.0
13,25,8.47132251953031,3.118965177758923,1.0,1.0,0.0,0.0,0.0,0.0
14,25,3.3421819901114787,8.13384020065515,0.0,0.0,1.0,0.0,0.0,0.0
15,25,0.0527522177733505,8.676010594119143,0.0,0.0,1.0,0.0,1.0,0.0
16,25,3.92767516427751,9.494811788253465,1.0,1.0,0.0,1.0,0.0,1.0
17,25,8.982339348029322,1.2452036809006446,1.0,0.0,0.0,0.0,1.0,0.0
18,25,2.090893561489967,11.907936407241245,1.0,1.0,0.0,0.0,1.0,0.0
19,25,0.949262204341375,1.3717494549411606,0.0,0.0,0.0,0.0,1.0,0.0
20,25,0.7863422012959209,2.009726383921502,0.0,0.0,1.0,0.0,1.0,1.0
21,25,8.034998670195096,2.496457285203755,1.0,0.0,1.0,0.0,0.0,1.0
22,25,2.895060134706698,11.196318333972544,1.0,0.0,1.0,1.0,0.0,0.0
23,25,7.970855793387206,0.0,0.0,1.0,0.0,0.0,1.0,1.0
24,25,8.21769586892806,0.0,0.0,1.0,0.0,0.0,1.0,1.0
25,25,12.0,7.751858971751286,1.0,1.0,1.0,0.0,0.0,0.0
26,25,7.97217937710356,0.3082095474363703,1.0,1.0,0.0,0.0,0.0,0.0
27,25,7.569453313377633,9.070006100314734,1.0,1.0,0.0,0.0,0.0,0.0
28,25,12.0,5.549802609485927,0.0,0.0,1.0,0.0,1.0,1.0
29,25,5.879590940836634,7.068491570954568,0.0,1.0,0.0,1.0,0.0,1.0
30,25,9.564599294163552,2.5987328675652623,0.0,1.0,0.0,0.0,0.0,0.0
31,25,1.3203255770837756,11.069629775994796,1.0,0.0,0.0,1.0,0.0,0.0
32,25,1.9287612337763247,0.0,1.0,0.0,1.0,1.0,0.0,1.0
33,25,7.720748763693377,4.968036206682205,0.0,0.0,0.0,1.0,0.0,0.0
34,25,5.036151508132136,2.6784891008555456,0.0,0.0,0.0,1.0,1.0,1.0
35,25,11.979395435386028,7.507366354829108,0.0,1.0,1.0,1.0,0.0,0.0
36,25,9.40277659229873,2.130035324253677,1.0,0.0,0.0,1.0,1.0,0.0
37,25,5.764127605957411,0.767655116407693,1.0,0.0,1.0,0.0,1.0,1.0
38,25,0.0283604236653992,9.302719681813944,1.0,0.0,1.0,0.0,0.0,1.0
39,25,0.1430077426224321,11.278485902271877,0.0,0.0,0.0,0.0,1.0,0.0
0,30,4.0015136566706,3.3357882418848863,0.0,0.0,0.0,0.0,0.0,0.0
1,30,6.008911179668829,6.425890646223414,0.0,0.0,1.0,1.0,1.0,1.0
2,30,0.3967261465955264,11.048562886079772,0.0,0.0,0.0,0.0,0.0,0.0
3,30,0.8315372473420922,5.879613039241522,1.0,1.0,0.0,0.0,1.0,1.0
4,30,0.5871878852989695,7.708129671091535,0.0,0.0,0.0,1.0,0.0,1.0
5,30,0.0589224139548647,7.70020974642329,0.0,0.0,0.0,0.0,0.0,1.0
6,30,7.532061250617698,7.243744612513886,1.0,0.0,1.0,0.0,0.0,0.0
7,30,9.323407659560804,1.438338114292939,1.0,1.0,0.0,0.0,1.0,1.0
8,30,9.226989995207392,6.699494141822665,0.0,1.0,1.0,1.0,1.0,0.0
9,30,4.384683807610299,0.0,0.0,1.0,1.0,0.0,0.0,1.0
10,30,9.894068100119489,8.668366488075621,0.0,0.0,1.0,1.0,0.0,1.0
11,30,9.94655902601361,5.316304841117406,0.0,1.0,1.0,0.0,1.0,1.0
12,30,1.7430539218441317,2.010280335142103,0.0,0.0,0.0,1.0,1.0,0.0
13,30,8.543307350255569,3.1383189955532984,1.0,1.0,0.0,0.0,0.0,0.0
14,30,3.4144761539799253,8.148127856399386,0.0,0.0,1.0,0.0,0.0,0.0
15,30,0.0619019587266394,8.625890098358807,0.0,0.0,1.0,0.0,1.0,0.0
16,30,3.911456696316016,9.625827757797712,1.0,1.0,0.0,1.0,0.0,1.0
17,30,9.010701790062678,1.3377901974208115,1.0,0.0,0.0,0.0,1.0,0.0
18,30,2.0829276252127324,11.915835763559429,1.0,1.0,0.0,0.0,1.0,0.0
19,30,0.942725781784162,1.439193367484466,0.0,0.0,0.0,0.0,1.0,0.0
20,30,0.7817748745274034,2.0100031368235047,0.0,0.0,1.0,0.0,1.0,1.0
21,30,8.041725247263505,2.5623517487676697,1.0,0.0,1.0,0.0,0.0,1.0
22,30,2.9297644570484827,11.216178703409772,1.0,0.0,1.0,1.0,0.0,0.0
23,30,7.971377970512376,0.0,0.0,1.0,0.0,0.0,1.0,1.0
24,30,8.238197018822062,0.0,0.0,1.0,0.0,0.0,1.0,1.0
25,30,12.0,7.696517872388829,1.0,1.0,1.0,0.0,0.0,0.0
26,30,7.968835051328425,0.3421834453549033,1.0,1.0,0.0,0.0,0.0,0.0
27,30,7.513688745142052,9.07892305219195,1.0,1.0,0.0,0.0,0.0,0.0
28,30,12.0,5.461288270977249,0.0,0.0,1.0,0.0,1.0,1.0
29,30,5.884870575211757,7.13057155826872,0.0,1.0,0.0,1.0,0.0,1.0
30,30,9.4923558765178,2.531529166686952,0.0,1.0,0.0,0.0,0.0,0.0
31,30,1.3801165762197114,11.080170892027857,1.0,0.0,0.0,1.0,0.0,0.0
32,30,1.9189915521247007,0.0,1.0,0.0,1.0,1.0,0.0,1.0
33,30,7.687053849307991,4.963522715931851,0.0,0.0,0.0,1.0,0.0,0.0
34,30,5.046184738973115,2.6116259996904057,0.0,0.0,0.0,1.0,1.0,1.0
35,30,11.974104371131173,7.388505368319572,0.0,1.0,1.0,1.0,0.0,0.0
36,30,9.476590314341308,2.1520964811939884,1.0,0.0,0.0,1.0,1.0,0.0
37,30,5.726153249037243,0.7291658003141083,1.0,0.0,1.0,0.0,1.0,1.0
38,30,0.0321719495967019,9.347956370507443,1.0,0.0,1.0,0.0,0.0,1.0
39,30,0.1656743308447905,11.326775421759027,0.0,0.0,0.0,0.0,1.0,0.0
0,35,4.087497335414425,3.3755474768772906,0.0,0.0,0.0,0.0,0.0,0.0
1,35,6.01011119166389,6.505042306800707,0.0,0.0,1.0,1.0,1.0,1.0
2,35,0.4061251043259405,11.049593690841457,0.0,0.0,0.0,0.0,0.0,0.0
3,35,0.7833367401495523,5.914151619564379,1.0,1.0,0.0,0.0,1.0,1.0
4,35,0.5132777950739539,7.656155172353574,0.0,0.0,0.0,1.0,0.0,1.0
5,35,0.0660435585686864,7.662344397756526,0.0,0.0,0.0,0.0,0.0,1.0
6,35,7.481897244398388,7.269368210340046,1.0,0.0,1.0,0.0,0.0,0.0
7,35,9.373681352538844,1.34986430420902,1.0,1.0,0.0,0.0,1.0,1.0
8,35,9.265557120243017,6.649293873669539,0.0,1.0,1.0,1.0,1.0,0.0
9,35,4.441981425345611,0.0,0.0,1.0,1.0,0.0,0.0,1.0
10,35,9.884371866670644,8.639148473511167,0.0,0.0,1.0,1.0,0.0,1.0
11,35,9.94315409971432,5.3406634512793465,0.0,1.0,1.0,0.0,1.0,1.0
12,35,1.7001919821786502,2.0109174017540674,0.0,0.0,0.0,1.0,1.0,0.0
13,35,8.60086870410928,3.153359664064464,1.0,1.0,0.0,0.0,0.0,0.0
14,35,3.4681099188547364,8.160494611486161,0.0,0.0,1.0,0.0,0.0,0.0
15,35,0.0720767035386517,8.569124945151263,0.0,0.0,1.0,0.0,1.0,0.0
16,35,3.890288918733104,9.778829359323588,1.0,1.0,0.0,1.0,0.0,1.0
17,35,9.034927251831292,1.4194030829870918,1.0,0.0,0.0,0.0,1.0,0.0
18,35,2.0651916672631985,11.933984871086889,1.0,1.0,0.0,0.0,1.0,0.0
19,35,0.9344181888392832,1.50952185053133,0.0,0.0,0.0,0.0,1.0,0.0
20,35,0.7951217958560737,2.0090226162159417,0.0,0.0,1.0,0.0,1.0,1.0
21,35,8.04639216676801,2.617608114282023,1.0,0.0,1.0,0.0,0.0,1.0
22,35,2.984362083264136,11.246979265042436,1.0,0.0,1.0,1.0,0.0,0.0
23,35,7.970618138101871,0.0,0.0,1.0,0.0,0.0,1.0,1.0
24,35,8.245145326445408,0.0,0.0,1.0,0.0,0.0,1.0,1.0
25,35,12.0,7.649049143586229,1.0,1.0,1.0,0.0,0.0,0.0
26,35,7.967077856858764,0.3593788551257771,1.0,1.0,0.0,0.0,0.0,0.0
27,35,7.454569208466046,9.088320207102276,1.0,1.0,0.0,0.0,0.0,0.0
28,35,12.0,5.383374431575127,0.0,0.0,1.0,0.0,1.0,1.0
29,35,5.889963327721292,7.188990904111304,0.0,1.0,0.0,1.0,0.0,1.0
30,35,9.41726180694106,2.4609181992769376,0.0,1.0,0.0,0.0,0.0,0.0
31,35,1.422778044847273,11.08673547618917,1.0,0.0,0.0,1.0,0.0,0.0
32,35,1.9091390086992903,0.0,1.0,0.0,1.0,1.0,0.0,1.0
33,35,7.625763556637056,4.953943299429983,0.0,0.0,0.0,1.0,0.0,0.0
34,35,5.058476749175902,2.5438165509965893,0.0,0.0,0.0,1.0,1.0,1.0
35,35,11.968406786151558,7.2855389754027,0.0,1.0,1.0,1.0,0.0,0.0
36,35,9.560950606075597,2.178353156101076,1.0,0.0,0.0,1.0,1.0,0.0
37,35,5.694246164917817,0.6959513290540345,1.0,0.0,1.0,0.0,1.0,1.0
38,35,0.0345828339765805,9.375247096822644,1.0,0.0,1.0,0.0,0.0,1.0
39,35,0.1803731775468297,11.35824557589816,0.0,0.0,0.0,0.0,1.0,0.0
0,40,4.189358292458659,3.4189054139014545,0.0,0.0,0.0,0.0,0.0,0.0
1,40,6.009072462389635,6.603176878298538,0.0,0.0,1.0,1.0,1.0,1.0
2,40,0.4070717670241681,11.049701072061607,0.0,0.0,0.0,0.0,0.0,0.0
3,40,0.7409669959832205,5.944184818166116,1.0,1.0,0.0,0.0,1.0,1.0
4,40,0.441258332748958,7.604049745026917,0.0,0.0,0.0,1.0,0.0,1.0
5,40,0.0732645410980093,7.62536850827206,0.0,0.0,0.0,0.0,0.0,1.0
6,40,7.439224017628445,7.289367280675889,1.0,0.0,1.0,0.0,0.0,0.0
7,40,9.427181957136746,1.258756574645294,1.0,1.0,0.0,0.0,1.0,1.0
8,40,9.310873419129347,6.588833005773591,0.0,1.0,1.0,1.0,1.0,0.0
9,40,4.510012302866107,0.0,0.0,1.0,1.0,0.0,0.0,1.0
10,40,9.876986351142175,8.617446292146555,0.0,0.0,1.0,1.0,0.0,1.0
11,40,9.940783185081449,5.358553926439764,0.0,1.0,1.0,0.0,1.0,1.0
12,40,1.6729489781209963,2.011152674933823,0.0,0.0,0.0,1.0,1.0,0.0
13,40,8.691637156825676,3.177536202285918,1.0,1.0,0.0,0.0,0.0,0.0
14,40,3.512634208535885,8.170391179584358,0.0,0.0,1.0,0.0,0.0,0.0
15,40,0.0838948222799361,8.512840178931844,0.0,0.0,1.0,0.0,1.0,0.0
16,40,3.865814660375788,9.94066272256572,1.0,1.0,0.0,1.0,0.0,1.0
17,40,9.0578649610439,1.4993196309184624,1.0,0.0,0.0,0.0,1.0,0.0
18,40,2.027963679804739,11.973400386698172,1.0,1.0,0.0,0.0,1.0,0.0
19,40,0.9289531949169616,1.567348075388687,0.0,0.0,0.0,0.0,1.0,0.0
20,40,0.8023928333863519,2.008593180627961,0.0,0.0,1.0,0.0,1.0,1.0
21,40,8.05310745308309,2.6985336365571064,1.0,0.0,1.0,0.0,0.0,1.0
22,40,3.022741395934241,11.270151376332988,1.0,0.0,1.0,1.0,0.0,0.0
23,40,7.972169683256014,0.0,0.0,1.0,0.0,0.0,1.0,1.0
24,40,8.244717204283775,0.0002315908844436,0.0,1.0,0.0,0.0,1.0,1.0
25,40,12.0,7.612731313045725,1.0,1.0,1.0,0.0,0.0,0.0
26,40,7.965929544911928,0.3721826630315332,1.0,1.0,0.0,0.0,0.0,0.0
27,40,7.375987480467925,9.097543749663638,1.0,1.0,0.0,0.0,0.0,0.0
28,40,12.0,5.30391983168424,0.0,0.0,1.0,0.0,1.0,1.0
29,40,5.895232785485512,7.250317348647177,0.0,1.0,0.0,1.0,0.0,1.0
30,40,9.3498861387304,2.397760194309934,0.0,1.0,0.0,0.0,0.0,0.0
31,40,1.4423470155926903,11.089995653591483,1.0,0.0,0.0,1.0,0.0,0.0
32,40,1.894069457489006,0.0,1.0,0.0,1.0,1.0,0.0,1.0
33,40,7.55022863905063,4.941401706091972,0.0,0.0,0.0,1.0,0.0,0.0
34,40,5.0672255659029535,2.4951397971300064,0.0,0.0,0.0,1.0,1.0,1.0
35,40,11.96415749916098,7.199888887063487,0.0,1.0,1.0,1.0,0.0,0.0
36,40,9.66040351855083,2.211181611865405,1.0,0.0,0.0,1.0,1.0,0.0
37,40,5.653822901173677,0.6563116022886708,1.0,0.0,1.0,0.0,1.0,1.0
38,40,0.0362883371869705,9.40962069474384,1.0,0.0,1.0,0.0,0.0,1.0
39,40,0.1961381705179327,11.389168651898506,0.0,0.0,0.0,0.0,1.0,0.0
0,45,4.286144238853676,3.4618528587771107,0.0,0.0,0.0,0.0,0.0,0.0
1,45,6.006869167396147,6.678870853928942,0.0,0.0,1.0,1.0,1.0,1.0
2,45,0.4365505066369708,11.053225347557367,0.0,0.0,0.0,0.0,0.0,0.0
3,45,0.7003104705295922,5.971425215937765,1.0,1.0,0.0,0.0,1.0,1.0
4,45,0.3797714523953293,7.558562075904118,0.0,0.0,0.0,1.0,0.0,1.0
5,45,0.0788787444010817,7.593045998954842,0.0,0.0,0.0,0.0,0.0,1.0
6,45,7.423397275358484,7.255065265360447,1.0,0.0,1.0,0.0,0.0,0.0
7,45,9.478580444915671,1.1689508032228784,1.0,1.0,0.0,0.0,1.0,1.0
8,45,9.351161956418148,6.534693967511163,0.0,1.0,1.0,1.0,1.0,0.0
9,45,4.585452010123098,0.0,0.0,1.0,1.0,0.0,0.0,1.0
10,45,9.868132947779351,8.59234984562167,0.0,0.0,1.0,1.0,0.0,1.0
11,45,9.93476169875903,5.395103802733169,0.0,1.0,1.0,0.0,1.0,1.0
12,45,1.6616023697235476,2.0112964106390483,0.0,0.0,0.0,1.0,1.0,0.0
13,45,8.785662505662662,3.2012619452192004,1.0,1.0,0.0,0.0,0.0,0.0
14,45,3.5645971437554893,8.18184250203244,0.0,0.0,1.0,0.0,0.0,0.0
15,45,0.0934157988831755,8.45761487767451,0.0,0.0,1.0,0.0,1.0,0.0
16,45,3.845383059358789,10.086156825712523,1.0,1.0,0.0,1.0,0.0,1.0
17,45,9.077142112874728,1.5739066697088866,1.0,0.0,0.0,0.0,1.0,0.0
18,45,1.9808836059335988,12.0,1.0,1.0,0.0,0.0,1.0,0.0
19,45,0.92312476873662,1.6352363186676002,0.0,0.0,0.0,0.0,1.0,0.0
20,45,0.8120074348522505,2.007856631002488,0.0,0.0,1.0,0.0,1.0,1.0
21,45,8.059592501750718,2.796800522015987,1.0,0.0,1.0,0.0,0.0,1.0
22,45,3.063544556060988,11.296003632467343,1.0,0.0,1.0,1.0,0.0,0.0
23,45,7.972695441992159,0.0,0.0,1.0,0.0,0.0,1.0,1.0
24,45,8.244089967987447,0.0005800726573665,0.0,1.0,0.0,0.0,1.0,1.0
25,45,12.0,7.581014799451715,1.0,1.0,1.0,0.0,0.0,0.0
26,45,7.964524300574892,0.3857544230132742,1.0,1.0,0.0,0.0,0.0,0.0
27,45,7.277947253513828,9.11003041440344,1.0,1.0,0.0,0.0,0.0,0.0
28,45,12.0,5.208833239802709,0.0,0.0,1.0,0.0,1.0,1.0
29,45,5.900766090175929,7.316168344779939,0.0,1.0,0.0,1.0,0.0,1.0
30,45,9.284696647139729,2.333692615327696,0.0,1.0,0.0,0.0,0.0,0.0
31,45,1.4774403156769316,11.09757404552319,1.0,0.0,0.0,1.0,0.0,0.0
32,45,1.874327347246564,0.0,1.0,0.0,1.0,1.0,0.0,1.0
33,45,7.478472882706222,4.929416480038505,0.0,0.0,0.0,1.0,0.0,0.0
34,45,5.078158343658604,2.428192211278163,0.0,0.0,0.0,1.0,1.0,1.0
35,45,11.96044735034854,7.128612968382284,0.0,1.0,1.0,1.0,0.0,0.0
36,45,9.764248486384473,2.2428794014562152,1.0,0.0,0.0,1.0,1.0,0.0
37,45,5.606856277650179,0.6090422647107849,1.0,0.0,1.0,0.0,1.0,1.0
38,45,0.0378765892462993,9.449842422287889,1.0,0.0,1.0,0.0,0.0,1.0
39,45,0.2142258715031375,11.426064180200528,0.0,0.0,0.0,0.0,1.0,0.0
0,50,4.382977484315473,3.504080784027395,0.0,0.0,0.0,0.0,0.0,0.0
1,50,6.006632468038001,6.755871711074319,0.0,0.0,1.0,1.0,1.0,1.0
2,50,0.4791272371435381,11.057708154768504,0.0,0.0,0.0,0.0,0.0,0.0
3,50,0.6699404190303838,5.992229159913104,1.0,1.0,0.0,0.0,1.0,1.0
4,50,0.3197598400357484,7.51541802613457,0.0,0.0,0.0,1.0,0.0,1.0
5,50,0.0861733720583398,7.557473432232215,0.0,0.0,0.0,0.0,0.0,1.0
6,50,7.419184106911748,7.245924173742909,1.0,0.0,1.0,0.0,0.0,0.0
7,50,9.519787337649609,1.0952065836223566,1.0,1.0,0.0,0.0,1.0,1.0
8,50,9.393096287786854,6.478560494907552,0.0,1.0,1.0,1.0,1.0,0.0
9,50,4.675260496013606,0.0,0.0,1.0,1.0,0.0,0.0,1.0
10,50,9.85794666899522,8.5618443050824,0.0,0.0,1.0,1.0,0.0,1.0
11,50,9.926630945898044,5.439580418540086,0.0,1.0,1.0,0.0,1.0,1.0
12,50,1.6417869411740509,2.011750535969959,0.0,0.0,0.0,1.0,1.0,0.0
13,50,8.883541400472486,3.2256477116531945,1.0,1.0,0.0,0.0,0.0,0.0
14,50,3.599182952200209,8.188795007833118,0.0,0.0,1.0,0.0,0.0,0.0
15,50,0.1030195381589332,8.401959850926508,0.0,0.0,1.0,0.0,1.0,0.0
16,50,3.829290563013508,10.193651118738948,1.0,1.0,0.0,1.0,0.0,1.0
17,50,9.09218155211235,1.6365631762179211,1.0,0.0,0.0,0.0,1.0,0.0
18,50,1.9142423450774144,12.0,1.0,1.0,0.0,0.0,1.0,0.0
19,50,0.9167257578462664,1.701035281905937,0.0,0.0,0.0,0.0,1.0,0.0
20,50,0.8349105172692037,2.0056598643703256,0.0,0.0,1.0,0.0,1.0,1.0
21,50,8.067613074955455,2.894406581495746,1.0,0.0,1.0,0.0,0.0,1.0
22,50,3.0967106690268142,11.317793236310113,1.0,0.0,1.0,1.0,0.0,0.0
23,50,7.971065864938254,0.0,0.0,1.0,0.0,0.0,1.0,1.0
24,50,8.230126573951727,0.0084292884346718,0.0,1.0,0.0,0.0,1.0,1.0
25,50,12.0,7.565551118779737,1.0,1.0,1.0,0.0,0.0,0.0
26,50,7.964836156633392,0.3820009183253512,1.0,1.0,0.0,0.0,0.0,0.0
27,50,7.201070335952501,9.120609939926512,1.0,1.0,0.0,0.0,0.0,0.0
28,50,12.0,5.124556341259851,0.0,0.0,1.0,0.0,1.0,1.0
29,50,5.906310809659354,7.389445766853676,0.0,1.0,0.0,1.0,0.0,1.0
30,50,9.21370205784406,2.267530340268745,0.0,1.0,0.0,0.0,0.0,0.0
31,50,1.5233752844920727,11.107563992355836,1.0,0.0,0.0,1.0,0.0,0.0
32,50,1.8611850964161365,0.0,1.0,0.0,1.0,1.0,0.0,1.0
33,50,7.394557636401916,4.915659913281004,0.0,0.0,0.0,1.0,0.0,0.0
34,50,5.086183318505047,2.3712918301700667,0.0,0.0,0.0,1.0,1.0,1.0
35,50,11.958476533973062,7.073408443061853,0.0,1.0,1.0,1.0,0.0,0.0
36,50,9.87881983029718,2.276575653618356,1.0,0.0,0.0,1.0,1.0,0.0
37,50,5.571827075560747,0.5733207813417035,1.0,0.0,1.0,0.0,1.0,1.0
38,50,0.0381081870296285,9.456602090481862,1.0,0.0,1.0,0.0,0.0,1.0
39,50,0.238944196489401,11.476252411756768,0.0,0.0,0.0,0.0,1.0,0.0
0,55,4.498344149818623,3.556273969530956,0.0,0.0,0.0,0.0,0.0,0.0
1,55,6.007687973870686,6.81558916426153,0.0,0.0,1.0,1.0,1.0,1.0
2,55,0.5396645222325224,11.064651983760944,0.0,0.0,0.0,0.0,0.0,0.0
3,55,0.6484738200634335,6.007112059471189,1.0,1.0,0.0,0.0,1.0,1.0
4,55,0.262052864003942,7.474348811677954,0.0,0.0,0.0,1.0,0.0,1.0
5,55,0.0880295723390338,7.5484742309994575,0.0,0.0,0.0,0.0,0.0,1.0
6,55,7.409898402217785,7.226334112520829,1.0,0.0,1.0,0.0,0.0,0.0
7,55,9.550785203014543,1.0397752898727894,1.0,1.0,0.0,0.0,1.0,1.0
8,55,9.444312320534769,6.41326297030742,0.0,1.0,1.0,1.0,1.0,0.0
9,55,4.763318175687089,0.0,0.0,1.0,1.0,0.0,0.0,1.0
10,55,9.848257440702266,8.532549427587478,0.0,0.0,1.0,1.0,0.0,1.0
11,55,9.915542237576238,5.493394053920536,0.0,1.0,1.0,0.0,1.0,1.0
12,55,1.6037424769717064,2.0133372787227937,0.0,0.0,0.0,1.0,1.0,0.0
13,55,8.975453668702189,3.250228635574075,1.0,1.0,0.0,0.0,0.0,0.0
14,55,3.635806204124752,8.196047413859848,0.0,0.0,1.0,0.0,0.0,0.0
15,55,0.1129586683394334,8.339376130663744,0.0,0.0,1.0,0.0,1.0,0.0
16,55,3.8133561012527353,10.30130982588292,1.0,1.0,0.0,1.0,0.0,1.0
17,55,9.10601269207874,1.7002354055393591,1.0,0.0,0.0,0.0,1.0,0.0
18,55,1.851086549642128,11.938723903522492,1.0,1.0,0.0,0.0,1.0,0.0
19,55,0.9107899896567588,1.7614918725811093,0.0,0.0,0.0,0.0,1.0,0.0
20,55,0.8455574524721394,2.0049640425872566,0.0,0.0,1.0,0.0,1.0,1.0
21,55,8.075820711620683,2.985945971990444,1.0,0.0,1.0,0.0,0.0,1.0
22,55,3.135937049096369,11.345722345164104,1.0,0.0,1.0,1.0,0.0,0.0
23,55,7.971401469260432,0.0,0.0,1.0,0.0,0.0,1.0,1.0
24,55,8.210392449640132,0.0192280041455344,0.0,1.0,0.0,0.0,1.0,1.0
25,55,12.0,7.55674295657278,1.0,1.0,1.0,0.0,0.0,0.0
26,55,7.965728853983492,0.3672531085381176,1.0,1.0,0.0,0.0,0.0,0.0
27,55,7.112762344810502,9.132622783013318,1.0,1.0,0.0,0.0,0.0,0.0
28,55,12.0,5.015248408773706,0.0,0.0,1.0,0.0,1.0,1.0
29,55,5.911361880700857,7.451436746570351,0.0,1.0,0.0,1.0,0.0,1.0
30,55,9.135448992077547,2.195260479932198,0.0,1.0,0.0,0.0,0.0,0.0
31,55,1.5823874158915852,11.120973612343908,1.0,0.0,0.0,1.0,0.0,0.0
32,55,1.8479621247475544,0.0,1.0,0.0,1.0,1.0,0.0,1.0
33,55,7.3089815343122275,4.899372288142707,0.0,0.0,0.0,1.0,0.0,0.0
34,55,5.094200991589774,2.3124115407804458,0.0,0.0,0.0,1.0,1.0,1.0
35,55,11.95753969933225,7.02485257653314,0.0,1.0,1.0,1.0,0.0,0.0
36,55,9.994298122261965,2.310895125877625,1.0,0.0,0.0,1.0,1.0,0.0
37,55,5.530855367851009,0.5325780211977802,1.0,0.0,1.0,0.0,1.0,1.0
38,55,0.038575776281209,9.46662446478772,1.0,0.0,1.0,0.0,0.0,1.0
39,55,0.2430239558131341,11.48484956854752,0.0,0.0,0.0,0.0,1.0,0.0
0,60,4.627278593983209,3.6138198307851854,0.0,0.0,0.0,0.0,0.0,0.0
1,60,6.010370394863799,6.875316848886616,0.0,0.0,1.0,1.0,1.0,1.0
2,60,0.5917901125917717,11.071256074600257,0.0,0.0,0.0,0.0,0.0,0.0
3,60,0.6242342997614414,6.023870681088796,1.0,1.0,0.0,0.0,1.0,1.0
4,60,0.2002916187655238,7.429829116417534,0.0,0.0,0.0,1.0,0.0,1.0
5,60,0.0908987381216879,7.533909153640329,0.0,0.0,0.0,0.0,0.0,1.0
6,60,7.395632860622275,7.19598141528956,1.0,0.0,1.0,0.0,0.0,0.0
7,60,9.58596854435853,0.979048181230448,1.0,1.0,0.0,0.0,1.0,1.0
8,60,9.50655775233788,6.333704886248493,0.0,1.0,1.0,1.0,1.0,0.0
9,60,4.851321201165478,0.0,0.0,1.0,1.0,0.0,0.0,1.0
10,60,9.837193441897766,8.496705028186886,0.0,0.0,1.0,1.0,0.0,1.0
11,60,9.902226965256206,5.556773610462882,0.0,1.0,1.0,0.0,1.0,1.0
12,60,1.565257989868553,2.014497653254376,0.0,0.0,0.0,1.0,1.0,0.0
13,60,9.058714660898612,3.272528263746599,1.0,1.0,0.0,0.0,0.0,0.0
14,60,3.6557489943030346,8.20026786744779,0.0,0.0,1.0,0.0,0.0,0.0
15,60,0.1231154338049972,8.280129841301877,0.0,0.0,1.0,0.0,1.0,0.0
16,60,3.802705507031784,10.403726433651316,1.0,1.0,0.0,1.0,0.0,1.0
17,60,9.11588575341155,1.747290948425117,1.0,0.0,0.0,0.0,1.0,0.0
18,60,1.8113126765754863,11.89730194956928,1.0,1.0,0.0,0.0,1.0,0.0
19,60,0.9071285251864504,1.807104693458685,0.0,0.0,0.0,0.0,1.0,0.0
20,60,0.8844191774943284,2.0036718466497243,0.0,0.0,1.0,0.0,1.0,1.0
21,60,8.08895399391386,3.088516870334916,1.0,0.0,1.0,0.0,0.0,1.0
22,60,3.198712895634473,11.391523674362691,1.0,0.0,1.0,1.0,0.0,0.0
23,60,7.967070412587465,0.0,0.0,1.0,0.0,0.0,1.0,1.0
24,60,8.181568616275115,0.0352962566658723,0.0,1.0,0.0,0.0,1.0,1.0
25,60,11.98431413904436,7.54944309988008,1.0,1.0,1.0,0.0,0.0,0.0
26,60,7.968171964215167,0.3317163256846835,1.0,1.0,0.0,0.0,0.0,0.0
27,60,7.02992334192187,9.143639585339516,1.0,1.0,0.0,0.0,0.0,0.0
28,60,12.0,4.877737563387832,0.0,0.0,1.0,0.0,1.0,1.0
29,60,5.917399260271253,7.5366893301775075,0.0,1.0,0.0,1.0,0.0,1.0
30,60,9.08055274080372,2.254724027670928,0.0,1.0,0.0,0.0,0.0,0.0
31,60,1.6383943220559736,11.13314513403358,1.0,0.0,0.0,1.0,0.0,0.0
32,60,1.8337025031782157,0.0,1.0,0.0,1.0,1.0,0.0,1.0
33,60,7.2398836085549405,4.885018952803404,0.0,0.0,0.0,1.0,0.0,0.0
34,60,5.100960500429877,2.255014824680534,0.0,0.0,0.0,1.0,1.0,1.0
35,60,11.95511138360598,6.947275588272737,0.0,1.0,1.0,1.0,0.0,0.0
36,60,10.104262590183229,2.34619722778827,1.0,0.0,0.0,1.0,1.0,0.0
37,60,5.5034373377713655,0.5052667248726587,1.0,0.0,1.0,0.0,1.0,1.0
38,60,0.0382974759191166,9.459314629924114,1.0,0.0,1.0,0.0,0.0,1.0
39,60,0.2406903062339215,11.480210967876252,0.0,0.0,0.0,0.0,1.0,0.0
0,65,4.752929548063898,3.671311187436858,0.0,0.0,0.0,0.0,0.0,0.0
1,65,6.0140358208207045,6.932237651402045,0.0,0.0,1.0,1.0,1.0,1.0
2,65,0.6216650290456377,11.074889526627818,0.0,0.0,0.0,0.0,0.0,0.0
3,65,0.6084824981825059,6.034573582382097,1.0,1.0,0.0,0.0,1.0,1.0
4,65,0.1399250007668114,7.385863322455288,0.0,0.0,0.0,1.0,0.0,1.0
5,65,0.0941967735324972,7.517601023840122,0.0,0.0,0.0,0.0,0.0,1.0
6,65,7.38620765231111,7.177611046433738,1.0,0.0,1.0,0.0,0.0,0.0
7,65,9.617891079851882,0.9220998976310498,1.0,1.0,0.0,0.0,1.0,1.0
8,65,9.574608908181892,6.246553240630447,0.0,1.0,1.0,1.0,1.0,0.0
9,65,4.930899115111193,0.0,0.0,1.0,1.0,0.0,0.0,1.0
10,65,9.820035229905915,8.440726947171722,0.0,0.0,1.0,1.0,0.0,1.0
11,65,9.893485370786708,5.596351597939413,0.0,1.0,1.0,0.0,1.0,1.0
12,65,1.517565181805948,2.015161423263827,0.0,0.0,0.0,1.0,1.0,0.0
13,65,9.141149679365071,3.2964101905142096,1.0,1.0,0.0,0.0,0.0,0.0
14,65,3.682099289908164,8.20574603262295,0.0,0.0,1.0,0.0,0.0,0.0
15,65,0.0662566099202802,8.268810238874392,0.0,0.0,1.0,0.0,1.0,0.0
16,65,3.9190407245095753,10.413890564469217,1.0,1.0,0.0,1.0,0.0,1.0
17,65,9.123376249401389,1.78683939626704,1.0,0.0,0.0,0.0,1.0,0.0
18,65,1.7621581273365363,11.84484600356632,1.0,1.0,0.0,0.0,1.0,0.0
19,65,0.9043126062792264,1.842975872718592,0.0,0.0,0.0,0.0,1.0,0.0
20,65,0.9325485144574356,2.0026727016966666,0.0,0.0,1.0,0.0,1.0,1.0
21,65,8.104132030341084,3.203912831724667,1.0,0.0,1.0,0.0,0.0,1.0
22,65,3.2624836101400456,11.436350677362972,1.0,0.0,1.0,1.0,0.0,0.0
23,65,7.961615286446759,0.0,0.0,1.0,0.0,0.0,1.0,1.0
24,65,8.150918657821562,0.0509852146735409,0.0,1.0,0.0,0.0,1.0,1.0
25,65,11.977369087560715,7.546049617537117,1.0,1.0,1.0,0.0,0.0,0.0
26,65,7.938670792217118,0.3294188231335452,1.0,1.0,0.0,0.0,0.0,0.0
27,65,6.92910270977402,9.154568784306845,1.0,1.0,0.0,0.0,0.0,0.0
28,65,12.0,4.745922540711357,0.0,0.0,1.0,0.0,1.0,1.0
29,65,5.920725843176792,7.619677077052509,0.0,1.0,0.0,1.0,0.0,1.0
30,65,9.030110570631376,2.307985270974307,0.0,1.0,0.0,0.0,0.0,0.0
31,65,1.6903599931505682,11.144978572596958,1.0,0.0,0.0,1.0,0.0,0.0
32,65,1.8224750833307028,0.0,1.0,0.0,1.0,1.0,0.0,1.0
33,65,7.180013450760344,4.87063765073786,0.0,0.0,0.0,1.0,0.0,0.0
34,65,5.109896222168985,2.1841347854828745,0.0,0.0,0.0,1.0,1.0,1.0
35,65,11.953862636914918,6.874168110110679,0.0,1.0,1.0,1.0,0.0,0.0
36,65,10.237721259753002,2.3855018184445576,1.0,0.0,0.0,1.0,1.0,0.0
37,65,5.46891502717376,0.471303303571537,1.0,0.0,1.0,0.0,1.0,1.0
38,65,0.0385746854042401,9.472849025325589,1.0,0.0,1.0,0.0,0.0,1.0
39,65,0.2323860352009684,11.46294897913102,0.0,0.0,0.0,0.0,1.0,0.0
0,70,4.863855668907398,3.724807752026581,0.0,0.0,0.0,0.0,0.0,0.0
1,70,6.020977492840951,7.009001531734788,0.0,0.0,1.0,1.0,1.0,1.0
2,70,0.6439611270042102,11.076968504784608,0.0,0.0,0.0,0.0,0.0,0.0
3,70,0.6078007912150267,6.035011144866595,1.0,1.0,0.0,0.0,1.0,1.0
4,70,0.0915508362748636,7.35207548386673,0.0,0.0,0.0,1.0,0.0,1.0
5,70,0.0953626889757656,7.511414196940547,0.0,0.0,0.0,0.0,0.0,1.0
6,70,7.373059608838001,7.15253608355855,1.0,0.0,1.0,0.0,0.0,0.0
7,70,9.645496828396674,0.8757522902696095,1.0,1.0,0.0,0.0,1.0,1.0
8,70,9.632042267622603,6.173920168965579,0.0,1.0,1.0,1.0,1.0,0.0
9,70,5.014176632174566,0.0,0.0,1.0,1.0,0.0,0.0,1.0
10,70,9.806437369025838,8.386924844118525,0.0,0.0,1.0,1.0,0.0,1.0
11,70,9.887657015970609,5.625686853188321,0.0,1.0,1.0,0.0,1.0,1.0
12,70,1.4583101500148306,2.0150510376919137,0.0,0.0,0.0,1.0,1.0,0.0
13,70,9.229041105490166,3.3203806350925342,1.0,1.0,0.0,0.0,0.0,0.0
14,70,3.72389437975528,8.214653373814956,0.0,0.0,1.0,0.0,0.0,0.0
15,70,0.017442008528786,8.258899643557436,0.0,0.0,1.0,0.0,1.0,0.0
16,70,4.051315806558549,10.426258514652554,1.0,1.0,0.0,1.0,0.0,1.0
17,70,9.134156800403842,1.839598699541471,1.0,0.0,0.0,0.0,1.0,0.0
18,70,1.73478648091036,11.816516429103654,1.0,1.0,0.0,0.0,1.0,0.0
19,70,0.8999656915637073,1.899327849008444,0.0,0.0,0.0,0.0,1.0,0.0
20,70,0.9661189335127842,2.0024954836673565,0.0,0.0,1.0,0.0,1.0,1.0
21,70,8.123598502922166,3.3227443779730645,1.0,0.0,1.0,0.0,0.0,1.0
22,70,3.3257009878728123,11.47919432426113,1.0,0.0,1.0,1.0,0.0,0.0
23,70,7.955171884134533,0.0,0.0,1.0,0.0,0.0,1.0,1.0
24,70,8.121446662448253,0.0672160166964672,0.0,1.0,0.0,0.0,1.0,1.0
25,70,11.9726472373137,7.543738682520239,1.0,1.0,1.0,0.0,0.0,0.0
26,70,7.902815130244735,0.3256117693367302,1.0,1.0,0.0,0.0,0.0,0.0
27,70,6.806225035117882,9.166416628974222,1.0,1.0,0.0,0.0,0.0,0.0
28,70,12.0,4.626466742266955,0.0,0.0,1.0,0.0,1.0,1.0
29,70,5.923391831776586,7.716112216693704,0.0,1.0,0.0,1.0,0.0,1.0
30,70,8.984743175431708,2.357188791195212,0.0,1.0,0.0,0.0,0.0,0.0
31,70,1.7434427106710009,11.156391988635932,1.0,0.0,0.0,1.0,0.0,0.0
32,70,1.8244798710826784,0.0051415472573249,1.0,0.0,1.0,1.0,0.0,1.0
33,70,7.104914625705426,4.850725363215916,0.0,0.0,0.0,1.0,0.0,0.0
34,70,5.118064348820065,2.118649465071463,0.0,0.0,0.0,1.0,1.0,1.0
35,70,11.953471425394907,6.791613958681716,0.0,1.0,1.0,1.0,0.0,0.0
36,70,10.35713858490202,2.4197260738292754,1.0,0.0,0.0,1.0,1.0,0.0
37,70,5.453447637111695,0.4567844990477618,1.0,0.0,1.0,0.0,1.0,1.0
38,70,0.0388554095143673,9.4834635280038,1.0,0.0,1.0,0.0,0.0,1.0
39,70,0.228464256807906,11.455128971772767,0.0,0.0,0.0,0.0,1.0,0.0
0,75,4.963958803323104,3.771848673593383,0.0,0.0,0.0,0.0,0.0,0.0
1,75,6.027512753064911,7.093541486354354,0.0,0.0,1.0,1.0,1.0,1.0
2,75,0.6671564849274259,11.079170239794443,0.0,0.0,0.0,0.0,0.0,0.0
3,75,0.6116990221133616,6.0323316490841785,1.0,1.0,0.0,0.0,1.0,1.0
4,75,0.0425493499145085,7.319337446580734,0.0,0.0,0.0,1.0,0.0,1.0
5,75,0.094809343385042,7.51435950299634,0.0,0.0,0.0,0.0,0.0,1.0
6,75,7.364986944129972,7.136803770961709,1.0,0.0,1.0,0.0,0.0,0.0
7,75,9.681868920631524,0.8157582930318309,1.0,1.0,0.0,0.0,1.0,1.0
8,75,9.699376711192407,6.089436557214247,0.0,1.0,1.0,1.0,1.0,0.0
9,75,5.093476267596049,0.0,0.0,1.0,1.0,0.0,0.0,1.0
10,75,9.793169543825748,8.332869961789145,0.0,0.0,1.0,1.0,0.0,1.0
11,75,9.883871139670411,5.641628215111695,0.0,1.0,1.0,0.0,1.0,1.0
12,75,1.398580465455391,2.014829117091228,0.0,0.0,0.0,1.0,1.0,0.0
13,75,9.2517639995147,3.238261197626885,1.0,1.0,0.0,0.0,0.0,0.0
14,75,3.747103617965529,8.220091385824702,0.0,0.0,1.0,0.0,0.0,0.0
15,75,0.0,8.249875584186434,0.0,0.0,1.0,0.0,1.0,0.0
16,75,4.197264020895844,10.444989257129317,1.0,1.0,0.0,1.0,0.0,1.0
17,75,9.146443196243236,1.896650865537188,1.0,0.0,0.0,0.0,1.0,0.0
18,75,1.7170364020070878,11.799015490547234,1.0,1.0,0.0,0.0,1.0,0.0
19,75,0.8984716452700178,1.941553840673634,0.0,0.0,0.0,0.0,1.0,0.0
20,75,0.9923870337867156,2.003776855289717,0.0,0.0,1.0,0.0,1.0,1.0
21,75,8.146597084196596,3.451303353237799,1.0,0.0,1.0,0.0,0.0,1.0
22,75,3.39159323392428,11.523189232539442,1.0,0.0,1.0,1.0,0.0,0.0
23,75,7.949422221237027,0.0,0.0,1.0,0.0,0.0,1.0,1.0
24,75,8.099614674224066,0.079270375647348,0.0,1.0,0.0,0.0,1.0,1.0
25,75,11.981580947462897,7.548128827501439,1.0,1.0,1.0,0.0,0.0,0.0
26,75,7.878606399875048,0.3224745056536794,1.0,1.0,0.0,0.0,0.0,0.0
27,75,6.685609461604599,9.178486521249615,1.0,1.0,0.0,0.0,0.0,0.0
28,75,12.0,4.527087667849321,0.0,0.0,1.0,0.0,1.0,1.0
29,75,5.926019543766828,7.842328343251146,0.0,1.0,0.0,1.0,0.0,1.0
30,75,8.93643459082878,2.4121601294527992,0.0,1.0,0.0,0.0,0.0,0.0
31,75,1.778659142105717,11.16365739908851,1.0,0.0,0.0,1.0,0.0,0.0
32,75,1.8224970693897795,0.0,1.0,0.0,1.0,1.0,0.0,1.0
33,75,7.0540900638920805,4.836538480085425,0.0,0.0,0.0,1.0,0.0,0.0
34,75,5.124361173953598,2.055296249498443,0.0,0.0,0.0,1.0,1.0,1.0
35,75,11.95401529933621,6.732878447613874,0.0,1.0,1.0,1.0,0.0,0.0
36,75,10.48616717376301,2.452854585789409,1.0,0.0,0.0,1.0,1.0,0.0
37,75,5.441309575299698,0.4450041411332102,1.0,0.0,1.0,0.0,1.0,1.0
38,75,0.0390974258381419,9.488259384657136,1.0,0.0,1.0,0.0,0.0,1.0
39,75,0.2233622687792678,11.444564036821752,0.0,0.0,0.0,0.0,1.0,0.0
0,80,5.062800806612144,3.81950906457453,0.0,0.0,0.0,0.0,0.0,0.0
1,80,6.03403572527439,7.173800733839395,0.0,0.0,1.0,1.0,1.0,1.0
2,80,0.6800128246186968,11.080715961699976,0.0,0.0,0.0,0.0,0.0,0.0
3,80,0.6346056535627753,6.016443384833916,1.0,1.0,0.0,0.0,1.0,1.0
4,80,0.0,7.28771051465888,0.0,0.0,0.0,1.0,0.0,1.0
5,80,0.0936795009509761,7.519798659939473,0.0,0.0,0.0,0.0,0.0,1.0
6,80,7.366160449146244,7.139159294289013,1.0,0.0,1.0,0.0,0.0,0.0
7,80,9.72688148954416,0.7443652371265631,1.0,1.0,0.0,0.0,1.0,1.0
8,80,9.759623227248166,6.012044064252336,0.0,1.0,1.0,1.0,1.0,0.0
9,80,5.175855635581345,0.0,0.0,1.0,1.0,0.0,0.0,1.0
10,80,9.778077629017844,8.273437108270656,0.0,0.0,1.0,1.0,0.0,1.0
11,80,9.882828712401034,5.645774528465477,0.0,1.0,1.0,0.0,1.0,1.0
12,80,1.350268452146336,2.0134976508791205,0.0,0.0,0.0,1.0,1.0,0.0
13,80,9.272794957188667,3.1512669210829127,1.0,1.0,0.0,0.0,0.0,0.0
14,80,3.774606796781618,8.22674744612226,0.0,0.0,1.0,0.0,0.0,0.0
15,80,0.0182808672460871,8.177203961165244,0.0,0.0,1.0,0.0,1.0,0.0
16,80,4.34172934386461,10.46148767186382,1.0,1.0,0.0,1.0,0.0,1.0
17,80,9.157188436485749,1.9450079003481675,1.0,0.0,0.0,0.0,1.0,0.0
18,80,1.7012873106539754,11.783748874254412,1.0,1.0,0.0,0.0,1.0,0.0
19,80,0.8968248811690033,1.9925415556378363,0.0,0.0,0.0,0.0,1.0,0.0
20,80,1.0156918574330516,2.0060750701685715,0.0,0.0,1.0,0.0,1.0,1.0
21,80,8.173120813731236,3.578870310128844,1.0,0.0,1.0,0.0,0.0,1.0
22,80,3.472705388891154,11.57880125331404,1.0,0.0,1.0,1.0,0.0,0.0
23,80,7.945964323670316,0.0,0.0,1.0,0.0,0.0,1.0,1.0
24,80,8.063072932654714,0.0987088498039699,0.0,1.0,0.0,0.0,1.0,1.0
25,80,11.994679863141563,7.554256744441657,1.0,1.0,1.0,0.0,0.0,0.0
26,80,7.884044660721485,0.2856216382104707,1.0,1.0,0.0,0.0,0.0,0.0
27,80,6.577920097124624,9.189845203651108,1.0,1.0,0.0,0.0,0.0,0.0
28,80,12.0,4.427829945062533,0.0,0.0,1.0,0.0,1.0,1.0
29,80,5.929378595868478,7.971784828652772,0.0,1.0,0.0,1.0,0.0,1.0
30,80,8.889512358395844,2.4636378588819774,0.0,1.0,0.0,0.0,0.0,0.0
31,80,1.8147492851577964,11.171835090278556,1.0,0.0,0.0,1.0,0.0,0.0
32,80,1.824361987025394,0.0054359957224243,1.0,0.0,1.0,1.0,0.0,1.0
33,80,7.022708887368543,4.828098018870576,0.0,0.0,0.0,1.0,0.0,0.0
34,80,5.129792820227037,2.004532602557387,0.0,0.0,0.0,1.0,1.0,1.0
35,80,11.955043071954508,6.667698006455547,0.0,1.0,1.0,1.0,0.0,0.0
36,80,10.628437363195198,2.48773071534206,1.0,0.0,0.0,1.0,1.0,0.0
37,80,5.428942606687161,0.4327924096632099,1.0,0.0,1.0,0.0,1.0,1.0
38,80,0.0397653619437474,9.500988544067436,1.0,0.0,1.0,0.0,0.0,1.0
39,80,0.2304732714024948,11.458541564574354,0.0,0.0,0.0,0.0,1.0,0.0
0,85,5.165816226979135,3.868655544831825,0.0,0.0,0.0,0.0,0.0,0.0
1,85,6.042829016399455,7.260127485674067,0.0,0.0,1.0,1.0,1.0,1.0
2,85,0.6871721162486576,11.081548404065584,0.0,0.0,0.0,0.0,0.0,0.0
3,85,0.6649707635596822,5.995295667133051,1.0,1.0,0.0,0.0,1.0,1.0
4,85,0.0,7.255527754399607,0.0,0.0,0.0,1.0,0.0,1.0
5,85,0.0897411695052704,7.539782685388609,0.0,0.0,0.0,0.0,0.0,1.0
6,85,7.36631043673595,7.139478915650206,1.0,0.0,1.0,0.0,0.0,0.0
7,85,9.766289010928354,0.6814785265073956,1.0,1.0,0.0,0.0,1.0,1.0
8,85,9.835634049780351,5.915428495238471,0.0,1.0,1.0,1.0,1.0,0.0
9,85,5.265312623110738,0.0,0.0,1.0,1.0,0.0,0.0,1.0
10,85,9.762903662214116,8.215466674749624,0.0,0.0,1.0,1.0,0.0,1.0
11,85,9.881617422246736,5.650923697548286,0.0,1.0,1.0,0.0,1.0,1.0
12,85,1.2874312551586504,2.01196707069717,0.0,0.0,0.0,1.0,1.0,0.0
13,85,9.29718747626426,3.050189512818042,1.0,1.0,0.0,0.0,0.0,0.0
14,85,3.79182590783988,8.230580893633402,0.0,0.0,1.0,0.0,0.0,0.0
15,85,0.0418600033667284,8.082129999447204,0.0,0.0,1.0,0.0,1.0,0.0
16,85,4.495664279971699,10.47418317490949,1.0,1.0,0.0,1.0,0.0,1.0
17,85,9.168044280131626,1.996080958792061,1.0,0.0,0.0,0.0,1.0,0.0
18,85,1.684879938422044,11.767593855146831,1.0,1.0,0.0,0.0,1.0,0.0
19,85,0.896224668894583,2.0416490689913704,0.0,0.0,0.0,0.0,1.0,0.0
20,85,1.061534586637868,2.011469715755349,0.0,0.0,1.0,0.0,1.0,1.0
21,85,8.200903780700738,3.704420331883125,1.0,0.0,1.0,0.0,0.0,1.0
22,85,3.560542560543295,11.638507191162896,1.0,0.0,1.0,1.0,0.0,0.0
23,85,7.945309773573806,0.0,0.0,1.0,0.0,0.0,1.0,1.0
24,85,7.999175786952466,0.1310994825529903,0.0,1.0,0.0,0.0,1.0,1.0
25,85,11.986451086952048,7.550302224122635,1.0,1.0,1.0,0.0,0.0,0.0
26,85,7.885679562853719,0.2743830771499619,1.0,1.0,0.0,0.0,0.0,0.0
27,85,6.463256598799916,9.20078738496487,1.0,1.0,0.0,0.0,0.0,0.0
28,85,12.0,4.320737042584825,0.0,0.0,1.0,0.0,1.0,1.0
29,85,5.935149302079027,8.089693131432243,0.0,1.0,0.0,1.0,0.0,1.0
30,85,8.85152348776214,2.502866778758825,0.0,1.0,0.0,0.0,0.0,0.0
31,85,1.8291139307616209,11.175162664805985,1.0,0.0,0.0,1.0,0.0,0.0
32,85,1.8264966979730304,0.0120401981871449,1.0,0.0,1.0,1.0,0.0,1.0
33,85,6.995149016876868,4.820339118038279,0.0,0.0,0.0,1.0,0.0,0.0
34,85,5.133346876627015,1.9688570197391664,0.0,0.0,0.0,1.0,1.0,1.0
35,85,11.955155761292731,6.602258581972451,0.0,1.0,1.0,1.0,0.0,0.0
36,85,10.764037812233486,2.520137724604228,1.0,0.0,0.0,1.0,1.0,0.0
37,85,5.418278639206823,0.4221652102845407,1.0,0.0,1.0,0.0,1.0,1.0
38,85,0.0404243711918631,9.515526629549685,1.0,0.0,1.0,0.0,0.0,1.0
39,85,0.2303748168614858,11.458349063103624,0.0,0.0,0.0,0.0,1.0,0.0
0,90,5.283736054862872,3.922987375419285,0.0,0.0,0.0,0.0,0.0,0.0
1,90,6.052384949894321,7.349520636381751,0.0,0.0,1.0,1.0,1.0,1.0
2,90,0.7033226821650527,11.083301336481632,0.0,0.0,0.0,0.0,0.0,0.0
3,90,0.6930890597785171,5.97528594732417,1.0,1.0,0.0,0.0,1.0,1.0
4,90,0.0,7.203639722733883,0.0,0.0,0.0,1.0,0.0,1.0
5,90,0.0854484703521316,7.564697687259134,0.0,0.0,0.0,0.0,0.0,1.0
6,90,7.366267446213798,7.139395680833601,1.0,0.0,1.0,0.0,0.0,0.0
7,90,9.800282657281665,0.6238718074659566,1.0,1.0,0.0,0.0,1.0,1.0
8,90,9.897379675159844,5.835485580237697,0.0,1.0,1.0,1.0,1.0,0.0
9,90,5.366437693518474,0.0,0.0,1.0,1.0,0.0,0.0,1.0
10,90,9.74270495473595,8.139866093462564,0.0,0.0,1.0,1.0,0.0,1.0
11,90,9.887267869054815,5.626444185911851,0.0,1.0,1.0,0.0,1.0,1.0
12,90,1.2549573003778416,2.010537328532782,0.0,0.0,0.0,1.0,1.0,0.0
13,90,9.323600846885128,2.942570288320225,1.0,1.0,0.0,0.0,0.0,0.0
14,90,3.8099789317401775,8.234480677483152,0.0,0.0,1.0,0.0,0.0,0.0
15,90,0.0608786102493286,8.008587117793008,0.0,0.0,1.0,0.0,1.0,0.0
16,90,4.649447515265081,10.486565681033134,1.0,1.0,0.0,1.0,0.0,1.0
17,90,9.17974904727473,2.0454894438242057,1.0,0.0,0.0,0.0,1.0,0.0
18,90,1.6655623263541448,11.74807715287849,1.0,1.0,0.0,0.0,1.0,0.0
19,90,0.8961203703661409,2.101820315363179,0.0,0.0,0.0,0.0,1.0,0.0
20,90,1.12176625749118,2.018788813566339,0.0,0.0,1.0,0.0,1.0,1.0
21,90,8.229112916211216,3.832565030291931,1.0,0.0,1.0,0.0,0.0,1.0
22,90,3.643301638926869,11.694171515547362,1.0,0.0,1.0,1.0,0.0,0.0
23,90,7.94297235708995,0.0,0.0,1.0,0.0,0.0,1.0,1.0
24,90,7.925189474188943,0.1673448510916364,0.0,1.0,0.0,0.0,1.0,1.0
25,90,11.979810060666363,7.547308119112361,1.0,1.0,1.0,0.0,0.0,0.0
26,90,7.88820133773189,0.2535073972826434,1.0,1.0,0.0,0.0,0.0,0.0
27,90,6.327308758574465,9.216234420479823,1.0,1.0,0.0,0.0,0.0,0.0
28,90,12.0,4.225977320551788,0.0,0.0,1.0,0.0,1.0,1.0
29,90,5.940666196679739,8.194955233662188,0.0,1.0,0.0,1.0,0.0,1.0
30,90,8.805684227775316,2.5477073951243314,0.0,1.0,0.0,0.0,0.0,0.0
31,90,1.8437998179161292,11.17891489564503,1.0,0.0,0.0,1.0,0.0,0.0
32,90,1.8356770231468371,0.0389932580904097,1.0,0.0,1.0,1.0,0.0,1.0
33,90,6.982268465421942,4.816724797041672,0.0,0.0,0.0,1.0,0.0,0.0
34,90,5.135622742314583,1.9484839482699088,0.0,0.0,0.0,1.0,1.0,1.0
35,90,11.95485296033342,6.562679855763383,0.0,1.0,1.0,1.0,0.0,0.0
36,90,10.892908105576012,2.552198623005672,1.0,0.0,0.0,1.0,1.0,0.0
37,90,5.410773308751564,0.4147697798531721,1.0,0.0,1.0,0.0,1.0,1.0
38,90,0.0416967040734212,9.541322526410456,1.0,0.0,1.0,0.0,0.0,1.0
39,90,0.2309460440393238,11.459605727472294,0.0,0.0,0.0,0.0,1.0,0.0
0,95,5.389010707646964,3.973022375097848,0.0,0.0,0.0,0.0,0.0,0.0
1,95,6.060906188553774,7.433218903480633,0.0,0.0,1.0,1.0,1.0,1.0
2,95,0.6972776703014533,11.082763835726697,0.0,0.0,0.0,0.0,0.0,0.0
3,95,0.7292538049274173,5.950654914895778,1.0,1.0,0.0,0.0,1.0,1.0
4,95,0.0,7.142766178916006,0.0,0.0,0.0,1.0,0.0,1.0
5,95,0.0808736954474947,7.594026249919047,0.0,0.0,0.0,0.0,0.0,1.0
6,95,7.3743098144382095,7.156923200798199,1.0,0.0,1.0,0.0,0.0,0.0
7,95,9.832957868010409,0.5697321159593476,1.0,1.0,0.0,0.0,1.0,1.0
8,95,9.94282141409932,5.775445441589311,0.0,1.0,1.0,1.0,1.0,0.0
9,95,5.458126314996699,0.0,0.0,1.0,1.0,0.0,0.0,1.0
10,95,9.715700327676744,8.040090681882116,0.0,0.0,1.0,1.0,0.0,1.0
11,95,9.89466553440405,5.595364195719965,0.0,1.0,1.0,0.0,1.0,1.0
12,95,1.205156717766277,2.0090980225572648,0.0,0.0,0.0,1.0,1.0,0.0
13,95,9.35569022217622,2.823239897539444,1.0,1.0,0.0,0.0,0.0,0.0
14,95,3.833046908882821,8.239687029542575,0.0,0.0,1.0,0.0,0.0,0.0
15,95,0.0842339879564767,7.919994173773101,0.0,0.0,1.0,0.0,1.0,0.0
16,95,4.813061299462876,10.497140321854047,1.0,1.0,0.0,1.0,0.0,1.0
17,95,9.187365248450917,2.077831175521263,1.0,0.0,0.0,0.0,1.0,0.0
18,95,1.6385547509497538,11.721347197126557,1.0,1.0,0.0,0.0,1.0,0.0
19,95,0.8963202891507088,2.1411641747141896,0.0,0.0,0.0,0.0,1.0,0.0
20,95,1.1778051774126002,2.0262740059648574,0.0,0.0,1.0,0.0,1.0,1.0
21,95,8.256132362791346,3.9687656019695536,1.0,0.0,1.0,0.0,0.0,1.0
22,95,3.7196266513096607,11.74810970017402,1.0,0.0,1.0,1.0,0.0,0.0
23,95,7.941480528291956,0.0,0.0,1.0,0.0,0.0,1.0,1.0
24,95,7.882672108657415,0.1894529266931245,0.0,1.0,0.0,0.0,1.0,1.0
25,95,11.941155895473544,7.53144028930252,1.0,1.0,1.0,0.0,0.0,0.0
26,95,7.89413251158377,0.2060082427162391,1.0,1.0,0.0,0.0,0.0,0.0
27,95,6.202292342359646,9.232108182229055,1.0,1.0,0.0,0.0,0.0,0.0
28,95,12.0,4.132052399945805,0.0,0.0,1.0,0.0,1.0,1.0
29,95,5.947175424349775,8.303929290541253,0.0,1.0,0.0,1.0,0.0,1.0
30,95,8.763724901553571,2.5876914937655964,0.0,1.0,0.0,0.0,0.0,0.0
31,95,1.863085450565888,11.184009783185326,1.0,0.0,0.0,1.0,0.0,0.0
32,95,1.847186044574048,0.073626550489223,1.0,0.0,1.0,1.0,0.0,1.0
33,95,6.979668087383472,4.816010927307442,0.0,0.0,0.0,1.0,0.0,0.0
34,95,5.139142615203789,1.918848414394945,0.0,0.0,0.0,1.0,1.0,1.0
35,95,11.95502794561653,6.540337466073543,0.0,1.0,1.0,1.0,0.0,0.0
36,95,11.015254470439052,2.5807072614818183,1.0,0.0,0.0,1.0,1.0,0.0
37,95,5.399328559392133,0.4035523947828292,1.0,0.0,1.0,0.0,1.0,1.0
38,95,0.0422836106276179,9.564177260579228,1.0,0.0,1.0,0.0,0.0,1.0
39,95,0.2300968078124408,11.457577716765371,0.0,0.0,0.0,0.0,1.0,0.0
0,100,5.4980679690678524,4.024099240996857,0.0,0.0,0.0,0.0,0.0,0.0
1,100,6.068448600733655,7.502131088121215,0.0,0.0,1.0,1.0,1.0,1.0
2,100,0.6767421214390594,11.080743498661628,0.0,0.0,0.0,0.0,0.0,0.0
3,100,0.7743030307009154,5.919091313946828,1.0,1.0,0.0,0.0,1.0,1.0
4,100,0.0,7.0778232435766615,0.0,0.0,0.0,1.0,0.0,1.0
5,100,0.0746220500722242,7.636491930140358,0.0,0.0,0.0,0.0,0.0,1.0
6,100,7.380794054620138,7.170656958284459,1.0,0.0,1.0,0.0,0.0,0.0
7,100,9.868974118417473,0.5070448307582645,1.0,1.0,0.0,0.0,1.0,1.0
8,100,9.977116452701836,5.730662351991493,0.0,1.0,1.0,1.0,1.0,0.0
9,100,5.523246352863172,0.0,0.0,1.0,1.0,0.0,0.0,1.0
10,100,9.68891805379485,7.923435992238422,0.0,0.0,1.0,1.0,0.0,1.0
11,100,9.902996526733926,5.556598766471805,0.0,1.0,1.0,0.0,1.0,1.0
12,100,1.148466294117358,2.0090361248758057,0.0,0.0,0.0,1.0,1.0,0.0
13,100,9.39590390512496,2.673577174470429,1.0,1.0,0.0,0.0,0.0,0.0
14,100,3.850438637284345,8.243560854963919,0.0,0.0,1.0,0.0,0.0,0.0
15,100,0.1062160267199718,7.832070001734042,0.0,0.0,1.0,0.0,1.0,0.0
16,100,4.988856993102611,10.50756794322676,1.0,1.0,0.0,1.0,0.0,1.0
17,100,9.194647044334191,2.1054040293721665,1.0,0.0,0.0,0.0,1.0,0.0
18,100,1.595218831058156,11.678579552016012,1.0,1.0,0.0,0.0,1.0,0.0
19,100,0.8965767081545861,2.1511931662365,0.0,0.0,0.0,0.0,1.0,0.0
20,100,1.2283319341679937,2.0330104621413514,0.0,0.0,1.0,0.0,1.0,1.0
21,100,8.278281941217683,4.096237108254252,1.0,0.0,1.0,0.0,0.0,1.0
22,100,3.7867103026211897,11.795476012734923,1.0,0.0,1.0,1.0,0.0,0.0
23,100,7.938992707647015,0.0,0.0,1.0,0.0,0.0,1.0,1.0
24,100,7.83642533495711,0.2148157718068343,0.0,1.0,0.0,0.0,1.0,1.0
25,100,11.914249096222354,7.52045742755934,1.0,1.0,1.0,0.0,0.0,0.0
26,100,7.899739888248004,0.1507571583418138,1.0,1.0,0.0,0.0,0.0,0.0
27,100,6.066662363347946,9.249692782287529,1.0,1.0,0.0,0.0,0.0,0.0
28,100,12.0,4.04959109051821,0.0,0.0,1.0,0.0,1.0,1.0
29,100,5.953151767645097,8.408519635802346,0.0,1.0,0.0,1.0,0.0,1.0
30,100,8.714504226290003,2.6324659325965527,0.0,1.0,0.0,0.0,0.0,0.0
31,100,1.8959225666155035,11.192245852605923,1.0,0.0,0.0,1.0,0.0,0.0
32,100,1.8586199896344024,0.1046962393696151,1.0,0.0,1.0,1.0,0.0,1.0
33,100,6.95350581221376,4.809372181282186,0.0,0.0,0.0,1.0,0.0,0.0
34,100,5.144543413492586,1.878404150599012,0.0,0.0,0.0,1.0,1.0,1.0
35,100,11.954753383568017,6.529026825113224,0.0,1.0,1.0,1.0,0.0,0.0
36,100,11.12900691838652,2.612009678512328,1.0,0.0,0.0,1.0,1.0,0.0
37,100,5.365391580371358,0.3711340177458743,1.0,0.0,1.0,0.0,1.0,1.0
38,100,0.0425092342507231,9.571573396446963,1.0,0.0,1.0,0.0,0.0,1.0
39,100,0.2229635314846784,11.439347137202642,0.0,0.0,0.0,0.0,1.0,0.0
0,105,5.445358583892525,4.146855643232461,0.0,0.0,0.0,0.0,0.0,0.0
1,105,6.075041639828602,7.554887338211692,0.0,0.0,1.0,1.0,1.0,1.0
2,105,0.6614830299203783,11.07945922426078,0.0,0.0,0.0,0.0,0.0,0.0
3,105,0.8238408091498615,5.886367468672999,1.0,1.0,0.0,0.0,1.0,1.0
4,105,0.0,7.020576479545936,0.0,0.0,0.0,1.0,0.0,1.0
5,105,0.0665548631456258,7.6906487604155025,0.0,0.0,0.0,0.0,0.0,1.0
6,105,7.393314177352384,7.199947921841567,1.0,0.0,1.0,0.0,0.0,0.0
7,105,9.893389100785267,0.4610630789921741,1.0,1.0,0.0,0.0,1.0,1.0
8,105,10.017949221687198,5.679683640081975,0.0,1.0,1.0,1.0,1.0,0.0
9,105,5.632217477399982,0.0,0.0,1.0,1.0,0.0,0.0,1.0
10,105,9.65709825329135,7.789750984833498,0.0,0.0,1.0,1.0,0.0,1.0
11,105,9.909797851140942,5.518597332100975,0.0,1.0,1.0,0.0,1.0,1.0
12,105,1.0900034607259292,2.009679074750225,0.0,0.0,0.0,1.0,1.0,0.0
13,105,9.43663225588,2.5101094969035627,1.0,1.0,0.0,0.0,0.0,0.0
14,105,3.882021289413513,8.250398932486602,0.0,0.0,1.0,0.0,0.0,0.0
15,105,0.1275653156818692,7.752547991005543,0.0,0.0,1.0,0.0,1.0,0.0
16,105,5.193897939235351,10.5192464741938,1.0,1.0,0.0,1.0,0.0,1.0
17,105,9.205256227124874,2.1493665932943142,1.0,0.0,0.0,0.0,1.0,0.0
18,105,1.5670559672415825,11.650023343087357,1.0,1.0,0.0,0.0,1.0,0.0
19,105,0.8971852143486014,2.170616153386724,0.0,0.0,0.0,0.0,1.0,0.0
20,105,1.2463827750063177,2.035639095011881,0.0,0.0,1.0,0.0,1.0,1.0
21,105,8.297913459164212,4.224554656912096,1.0,0.0,1.0,0.0,0.0,1.0
22,105,3.838268657631133,11.832888103818403,1.0,0.0,1.0,1.0,0.0,0.0
23,105,7.938596127627833,0.0,0.0,1.0,0.0,0.0,1.0,1.0
24,105,7.790303981501807,0.2375812345495327,0.0,1.0,0.0,0.0,1.0,1.0
25,105,11.880453369101453,7.5072704834621105,1.0,1.0,1.0,0.0,0.0,0.0
26,105,7.904529298963934,0.0965005447312801,1.0,1.0,0.0,0.0,0.0,0.0
27,105,5.928361417219803,9.2684247889908,1.0,1.0,0.0,0.0,0.0,0.0
28,105,12.0,3.965695191195005,0.0,0.0,1.0,0.0,1.0,1.0
29,105,5.960081384762891,8.51928636127236,0.0,1.0,0.0,1.0,0.0,1.0
30,105,8.671830621398515,2.671593632588119,0.0,1.0,0.0,0.0,0.0,0.0
31,105,1.9232092324821624,11.199785266207174,1.0,0.0,0.0,1.0,0.0,0.0
32,105,1.867884154729736,0.1298586916876092,1.0,0.0,1.0,1.0,0.0,1.0
33,105,6.92568097367608,4.801367817940169,0.0,0.0,0.0,1.0,0.0,0.0
34,105,5.147481480759136,1.850868340383503,0.0,0.0,0.0,1.0,1.0,1.0
35,105,11.953977171613271,6.488875677726326,0.0,1.0,1.0,1.0,0.0,0.0
36,105,11.25218247263037,2.6475107851698034,1.0,0.0,0.0,1.0,1.0,0.0
37,105,5.328107845175599,0.3338328040844644,1.0,0.0,1.0,0.0,1.0,1.0
38,105,0.0425962532492634,9.590362999324183,1.0,0.0,1.0,0.0,0.0,1.0
39,105,0.2111786116918887,11.409501451413634,0.0,0.0,0.0,0.0,1.0,0.0
0,110,5.391112157877699,4.2725038875594405,0.0,0.0,0.0,0.0,0.0,0.0
1,110,6.082323045434049,7.615409232397463,0.0,0.0,1.0,1.0,1.0,1.0
2,110,0.6396765343394905,11.077744507422851,0.0,0.0,0.0,0.0,0.0,0.0
3,110,0.8789991180490502,5.849922435084577,1.0,1.0,0.0,0.0,1.0,1.0
4,110,0.0,6.969037617865926,0.0,0.0,0.0,1.0,0.0,1.0
5,110,0.1356178499650664,7.702948868315428,0.0,0.0,0.0,0.0,0.0,1.0
6,110,7.407351023744641,7.230618177025452,1.0,0.0,1.0,0.0,0.0,0.0
7,110,9.919024137133954,0.4138992766730958,1.0,1.0,0.0,0.0,1.0,1.0
8,110,10.054869558874648,5.632041613888173,0.0,1.0,1.0,1.0,1.0,0.0
9,110,5.739798491176711,0.0,0.0,1.0,1.0,0.0,0.0,1.0
10,110,9.623889142149704,7.653988910398349,0.0,0.0,1.0,1.0,0.0,1.0
11,110,9.913659866118596,5.493627812742633,0.0,1.0,1.0,0.0,1.0,1.0
12,110,1.0528282181148485,2.009767560364788,0.0,0.0,0.0,1.0,1.0,0.0
13,110,9.47315529380934,2.368595491658421,1.0,1.0,0.0,0.0,0.0,0.0
14,110,3.909105654211239,8.255553903045296,0.0,0.0,1.0,0.0,0.0,0.0
15,110,0.1518972038243144,7.672861978862504,0.0,0.0,1.0,0.0,1.0,0.0
16,110,5.396842734440774,10.532211277642384,1.0,1.0,0.0,1.0,0.0,1.0
17,110,9.22065381899754,2.21677099023612,1.0,0.0,0.0,0.0,1.0,0.0
18,110,1.5161939955576318,11.599961482278797,1.0,1.0,0.0,0.0,1.0,0.0
19,110,0.8974141116999375,2.176325945762811,0.0,0.0,0.0,0.0,1.0,0.0
20,110,1.2450565325596068,2.035419966613467,0.0,0.0,1.0,0.0,1.0,1.0
21,110,8.320321422586293,4.35932815467914,1.0,0.0,1.0,0.0,0.0,1.0
22,110,3.8913381390138615,11.869457210141594,1.0,0.0,1.0,1.0,0.0,0.0
23,110,7.938493911357458,0.0,0.0,1.0,0.0,0.0,1.0,1.0
24,110,7.737418651682822,0.2625284832306588,0.0,1.0,0.0,0.0,1.0,1.0
25,110,11.833301235772597,7.48917674953334,1.0,1.0,1.0,0.0,0.0,0.0
26,110,7.907551461579284,0.0519991546387738,1.0,1.0,0.0,0.0,0.0,0.0
27,110,5.790366871590014,9.288154999893406,1.0,1.0,0.0,0.0,0.0,0.0
28,110,12.0,3.897789480880277,0.0,0.0,1.0,0.0,1.0,1.0
29,110,5.971640000273813,8.63133113290551,0.0,1.0,0.0,1.0,0.0,1.0
30,110,8.637336472883556,2.7024455454338554,0.0,1.0,0.0,0.0,0.0,0.0
31,110,1.9700739507551603,11.212993780572038,1.0,0.0,0.0,1.0,0.0,0.0
32,110,1.872093516873868,0.1435798160647461,1.0,0.0,1.0,1.0,0.0,1.0
33,110,6.903475599945061,4.7955493615488205,0.0,0.0,0.0,1.0,0.0,0.0
34,110,5.147666229455488,1.8486890708058936,0.0,0.0,0.0,1.0,1.0,1.0
35,110,11.952902270191254,6.435443971084816,0.0,1.0,1.0,1.0,0.0,0.0
36,110,11.366302257993624,2.679646216507951,1.0,0.0,0.0,1.0,1.0,0.0
37,110,5.27377079656084,0.2814383460827812,1.0,0.0,1.0,0.0,1.0,1.0
38,110,0.0426135364157011,9.598650846749283,1.0,0.0,1.0,0.0,0.0,1.0
39,110,0.1914584124764137,11.359146818521277,0.0,0.0,0.0,0.0,1.0,0.0
0,115,5.337489725416997,4.40190751776736,0.0,0.0,0.0,0.0,0.0,0.0
1,115,6.08867913921223,7.697212098736332,0.0,0.0,1.0,1.0,1.0,1.0
2,115,0.6013475355931341,11.073642363106613,0.0,0.0,0.0,0.0,0.0,0.0
3,115,0.9197384290247772,5.821998180019761,1.0,1.0,0.0,0.0,1.0,1.0
4,115,0.0,6.925339141816872,0.0,0.0,0.0,1.0,0.0,1.0
5,115,0.2035645674001437,7.7160027088354655,0.0,0.0,0.0,0.0,0.0,1.0
6,115,7.37927736688492,7.244416534064725,1.0,0.0,1.0,0.0,0.0,0.0
7,115,9.946588699386464,0.3624302065025066,1.0,1.0,0.0,0.0,1.0,1.0
8,115,10.075644324143092,5.603702003072858,0.0,1.0,1.0,1.0,1.0,0.0
9,115,5.855328917449367,0.0,0.0,1.0,1.0,0.0,0.0,1.0
10,115,9.595950387450904,7.532449162942599,0.0,0.0,1.0,1.0,0.0,1.0
11,115,9.91826428390822,5.465084273436324,0.0,1.0,1.0,0.0,1.0,1.0
12,115,1.0173795136256014,2.010087041274045,0.0,0.0,0.0,1.0,1.0,0.0
13,115,9.50681681445666,2.232015016981337,1.0,1.0,0.0,0.0,0.0,0.0
14,115,3.915190267678618,8.257035674804735,0.0,0.0,1.0,0.0,0.0,0.0
15,115,0.1739699294645741,7.590164861655483,0.0,0.0,1.0,0.0,1.0,0.0
16,115,5.603698657352741,10.543232824176757,1.0,1.0,0.0,1.0,0.0,1.0
17,115,9.23631258473748,2.287887384536961,1.0,0.0,0.0,0.0,1.0,0.0
18,115,1.436656472097822,11.526339598329102,1.0,1.0,0.0,0.0,1.0,0.0
19,115,0.8972343204813162,2.173147875512472,0.0,0.0,0.0,0.0,1.0,0.0
20,115,1.2499268463138165,2.036304431499089,0.0,0.0,1.0,0.0,1.0,1.0
21,115,8.33754332936878,4.502403405709256,1.0,0.0,1.0,0.0,0.0,1.0
22,115,3.9410698611700345,11.90437053872267,1.0,0.0,1.0,1.0,0.0,0.0
23,115,7.9379361240372734,0.0,0.0,1.0,0.0,0.0,1.0,1.0
24,115,7.665789970788676,0.2965896199112988,0.0,1.0,0.0,0.0,1.0,1.0
25,115,11.797599106397683,7.475531661928055,1.0,1.0,1.0,0.0,0.0,0.0
26,115,7.910643379630061,0.0046136494671205,1.0,1.0,0.0,0.0,0.0,0.0
27,115,5.637812448907944,9.30917062606684,1.0,1.0,0.0,0.0,0.0,0.0
28,115,12.0,3.821516564234304,0.0,0.0,1.0,0.0,1.0,1.0
29,115,5.9819246994708895,8.76220304257566,0.0,1.0,0.0,1.0,0.0,1.0
30,115,8.60357207718617,2.7318556018624625,0.0,1.0,0.0,0.0,0.0,0.0
31,115,2.041639422944556,11.23107194295237,1.0,0.0,0.0,1.0,0.0,0.0
32,115,1.875074011769549,0.1531802064272145,1.0,0.0,1.0,1.0,0.0,1.0
33,115,6.904136622030795,4.795732699370372,0.0,0.0,0.0,1.0,0.0,0.0
34,115,5.147496931296656,1.850889090494828,0.0,0.0,0.0,1.0,1.0,1.0
35,115,11.952237754914243,6.411249398982741,0.0,1.0,1.0,1.0,0.0,0.0
36,115,11.4774422488552,2.7072857440001474,1.0,0.0,0.0,1.0,1.0,0.0
37,115,5.21850005235896,0.230254290093837,1.0,0.0,1.0,0.0,1.0,1.0
38,115,0.0427455556432956,9.648449569584926,1.0,0.0,1.0,0.0,0.0,1.0
39,115,0.1638033865439869,11.287243176099675,0.0,0.0,0.0,0.0,1.0,0.0
0,120,5.282669336237529,4.529725264755187,0.0,0.0,0.0,0.0,0.0,0.0
1,120,6.0993457145216965,7.789079028443934,0.0,0.0,1.0,1.0,1.0,1.0
2,120,0.5580197894168862,11.06831839854298,0.0,0.0,0.0,0.0,0.0,0.0
3,120,0.9425549551124714,5.806634529175237,1.0,1.0,0.0,0.0,1.0,1.0
4,120,0.0,6.882276163607768,0.0,0.0,0.0,1.0,0.0,1.0
5,120,0.242065524975105,7.723370147194888,0.0,0.0,0.0,0.0,0.0,1.0
6,120,7.343197609061312,7.261587516099338,1.0,0.0,1.0,0.0,0.0,0.0
7,120,9.97305955965214,0.3143995174340255,1.0,1.0,0.0,0.0,1.0,1.0
8,120,10.096747485640048,5.574424687706842,0.0,1.0,1.0,1.0,1.0,0.0
9,120,5.964546672995048,0.0,0.0,1.0,1.0,0.0,0.0,1.0
10,120,9.566823239138524,7.412180580253512,0.0,0.0,1.0,1.0,0.0,1.0
11,120,9.924566394498566,5.4270467413556895,0.0,1.0,1.0,0.0,1.0,1.0
12,120,0.9916683917845376,2.01064764991874,0.0,0.0,0.0,1.0,1.0,0.0
13,120,9.537277715181563,2.092794115867812,1.0,1.0,0.0,0.0,0.0,0.0
14,120,3.918026647650714,8.25769361287509,0.0,0.0,1.0,0.0,0.0,0.0
15,120,0.1936698275321623,7.515016716492612,0.0,0.0,1.0,0.0,1.0,0.0
16,120,5.801319064748867,10.55617846068971,1.0,1.0,0.0,1.0,0.0,1.0
17,120,9.24838387331545,2.3413365590325648,1.0,0.0,0.0,0.0,1.0,0.0
18,120,1.3521482408705523,11.446903618489406,1.0,1.0,0.0,0.0,1.0,0.0
19,120,0.8950678928675587,2.136880454942314,0.0,0.0,0.0,0.0,1.0,0.0
20,120,1.25689028655041,2.0376340439150167,0.0,0.0,1.0,0.0,1.0,1.0
21,120,8.352841006451767,4.636780807959093,1.0,0.0,1.0,0.0,0.0,1.0
22,120,3.984022068279316,11.934938055222242,1.0,0.0,1.0,1.0,0.0,0.0
23,120,7.933925374073046,0.0,0.0,1.0,0.0,0.0,1.0,1.0
24,120,7.592612833429865,0.3314353809671319,0.0,1.0,0.0,0.0,1.0,1.0
25,120,11.762533749258711,7.463015850020759,1.0,1.0,1.0,0.0,0.0,0.0
26,120,7.913172560145527,0.0,1.0,1.0,0.0,0.0,0.0,0.0
27,120,5.507900784840593,9.326397446595443,1.0,1.0,0.0,0.0,0.0,0.0
28,120,12.0,3.7404770264233536,0.0,0.0,1.0,0.0,1.0,1.0
29,120,5.985862600827873,8.910438294580288,0.0,1.0,0.0,1.0,0.0,1.0
30,120,8.563812273348992,2.765055987360719,0.0,1.0,0.0,0.0,0.0,0.0
31,120,2.129539081832205,11.252588908894566,1.0,0.0,0.0,1.0,0.0,0.0
32,120,1.874236984730462,0.1508463828218836,1.0,0.0,1.0,1.0,0.0,1.0
33,120,6.913643295030923,4.798448984152119,0.0,0.0,0.0,1.0,0.0,0.0
34,120,5.147570796597127,1.8495296384092104,0.0,0.0,0.0,1.0,1.0,1.0
35,120,11.951917174465684,6.3876715874183,0.0,1.0,1.0,1.0,0.0,0.0
36,120,11.601263958591453,2.7389467736974886,1.0,0.0,0.0,1.0,1.0,0.0
37,120,5.1617510480392745,0.1751287850729882,1.0,0.0,1.0,0.0,1.0,1.0
38,120,0.0430387168704868,9.686771274277536,1.0,0.0,1.0,0.0,0.0,1.0
39,120,0.1375914745105322,11.221353074323313,0.0,0.0,0.0,0.0,1.0,0.0
0,125,5.23763747993844,4.638974834077737,0.0,0.0,0.0,0.0,0.0,0.0
1,125,6.108910924896978,7.870543169692557,0.0,0.0,1.0,1.0,1.0,1.0
2,125,0.5107751131085065,11.063721336246664,0.0,0.0,0.0,0.0,0.0,0.0
3,125,0.9689794685798302,5.789038505876304,1.0,1.0,0.0,0.0,1.0,1.0
4,125,0.0,6.94541212511863,0.0,0.0,0.0,1.0,0.0,1.0
5,125,0.276113686229893,7.730580308374575,0.0,0.0,0.0,0.0,0.0,1.0
6,125,7.30405431956997,7.278976722125121,1.0,0.0,1.0,0.0,0.0,0.0
7,125,9.997717927528504,0.2691067098798739,1.0,1.0,0.0,0.0,1.0,1.0
8,125,10.12494865533645,5.535601398967876,0.0,1.0,1.0,1.0,1.0,0.0
9,125,6.066748214242944,0.0,0.0,1.0,1.0,0.0,0.0,1.0
10,125,9.53623042736573,7.284066121990499,0.0,0.0,1.0,1.0,0.0,1.0
11,125,9.935020712471571,5.354723811604422,0.0,1.0,1.0,0.0,1.0,1.0
12,125,0.9511597611492224,2.0124703825512325,0.0,0.0,0.0,1.0,1.0,0.0
13,125,9.56676962620451,1.9550794126198017,1.0,1.0,0.0,0.0,0.0,0.0
14,125,3.943249810813151,8.263571367330048,0.0,0.0,1.0,0.0,0.0,0.0
15,125,0.2157562226969133,7.435053223396289,0.0,0.0,1.0,0.0,1.0,0.0
16,125,5.983123445043749,10.566975173932857,1.0,1.0,0.0,1.0,0.0,1.0
17,125,9.265497763740935,2.4141780289020067,1.0,0.0,0.0,0.0,1.0,0.0
18,125,1.2553888120729704,11.36083172388176,1.0,1.0,0.0,0.0,1.0,0.0
19,125,0.8926807837449814,2.105335136972823,0.0,0.0,0.0,0.0,1.0,0.0
20,125,1.264263923702742,2.039106933448654,0.0,0.0,1.0,0.0,1.0,1.0
21,125,8.366338612600945,4.751810552799465,1.0,0.0,1.0,0.0,0.0,1.0
22,125,4.028809671031915,11.96671446693574,1.0,0.0,1.0,1.0,0.0,0.0
23,125,7.929887910331239,0.0,0.0,1.0,0.0,0.0,1.0,1.0
24,125,7.516128959263272,0.3668707326513906,0.0,1.0,0.0,0.0,1.0,1.0
25,125,11.70715916877775,7.442895271711018,1.0,1.0,1.0,0.0,0.0,0.0
26,125,7.913874638642457,0.0,1.0,1.0,0.0,0.0,0.0,0.0
27,125,5.369108705396425,9.346296611560431,1.0,1.0,0.0,0.0,0.0,0.0
28,125,12.0,3.6391619665781385,0.0,0.0,1.0,0.0,1.0,1.0
29,125,5.991205595053568,9.06133701209329,0.0,1.0,0.0,1.0,0.0,1.0
30,125,8.529065004566371,2.796277302217651,0.0,1.0,0.0,0.0,0.0,0.0
31,125,2.2195418234103057,11.27220636650878,1.0,0.0,0.0,1.0,0.0,0.0
32,125,1.870596350392239,0.140048346081927,1.0,0.0,1.0,1.0,0.0,1.0
33,125,6.927543841541061,4.802361890314833,0.0,0.0,0.0,1.0,0.0,0.0
34,125,5.146469585904463,1.8688957932360992,0.0,0.0,0.0,1.0,1.0,1.0
35,125,11.951595886585638,6.35448078677558,0.0,1.0,1.0,1.0,0.0,0.0
36,125,11.712345856802498,2.76723023397298,1.0,0.0,0.0,1.0,1.0,0.0
37,125,5.111845712075566,0.1267436921638784,1.0,0.0,1.0,0.0,1.0,1.0
38,125,0.043840939779602,9.738503611997638,1.0,0.0,1.0,0.0,0.0,1.0
39,125,0.113208717345966,11.159857368228122,0.0,0.0,0.0,0.0,1.0,0.0
0,130,5.189106185007071,4.747613951060964,0.0,0.0,0.0,0.0,0.0,0.0
1,130,6.116748725630914,7.980014496375183,0.0,0.0,1.0,1.0,1.0,1.0
2,130,0.4444884977103578,11.058225441617427,0.0,0.0,0.0,0.0,0.0,0.0
3,130,1.0028673396091334,5.766514382807703,1.0,1.0,0.0,0.0,1.0,1.0
4,130,0.0,7.004599295347394,0.0,0.0,0.0,1.0,0.0,1.0
5,130,0.3091281354343109,7.736981235847028,0.0,0.0,0.0,0.0,0.0,1.0
6,130,7.269830857521869,7.294059366616432,1.0,0.0,1.0,0.0,0.0,0.0
7,130,10.015223061219665,0.2399071791828547,1.0,1.0,0.0,0.0,1.0,1.0
8,130,10.144436994183923,5.50890913773454,0.0,1.0,1.0,1.0,1.0,0.0
9,130,6.180920579518754,0.0,0.0,1.0,1.0,0.0,0.0,1.0
10,130,9.504266910134158,7.1612892614291015,0.0,0.0,1.0,1.0,0.0,1.0
11,130,9.949080476904545,5.276107292517035,0.0,1.0,1.0,0.0,1.0,1.0
12,130,0.9309163899047798,2.013538985459435,0.0,0.0,0.0,1.0,1.0,0.0
13,130,9.59387822336522,1.8275189203135187,1.0,1.0,0.0,0.0,0.0,0.0
14,130,3.9518825830543705,8.265505203671317,0.0,0.0,1.0,0.0,0.0,0.0
15,130,0.2357494127119058,7.357357849181463,0.0,0.0,1.0,0.0,1.0,0.0
16,130,6.176408001722299,10.57535706636985,1.0,1.0,0.0,1.0,0.0,1.0
17,130,9.283209500080732,2.496958073922836,1.0,0.0,0.0,0.0,1.0,0.0
18,130,1.147734903418784,11.26505071800224,1.0,1.0,0.0,0.0,1.0,0.0
19,130,0.8910704132710616,2.074641651631361,0.0,0.0,0.0,0.0,1.0,0.0
20,130,1.2646016462488143,2.039177340015734,0.0,0.0,1.0,0.0,1.0,1.0
21,130,8.381257432668365,4.869859900319181,1.0,0.0,1.0,0.0,0.0,1.0
22,130,4.082645617720601,12.0,1.0,0.0,1.0,1.0,0.0,0.0
23,130,7.926647618339507,0.0,0.0,1.0,0.0,0.0,1.0,1.0
24,130,7.431691651957515,0.4037211144823713,0.0,1.0,0.0,0.0,1.0,1.0
25,130,11.654304809387522,7.424603042834597,1.0,1.0,1.0,0.0,0.0,0.0
26,130,7.915473676119676,0.0,1.0,1.0,0.0,0.0,0.0,0.0
27,130,5.209294911440159,9.373793418769418,1.0,1.0,0.0,0.0,0.0,0.0
28,130,12.0,3.5509746468791885,0.0,0.0,1.0,0.0,1.0,1.0
29,130,5.993346909249126,9.190418672898216,0.0,1.0,0.0,1.0,0.0,1.0
30,130,8.517923341886979,2.8061055896807034,0.0,1.0,0.0,0.0,0.0,0.0
31,130,2.311173618830005,11.293013079457197,1.0,0.0,0.0,1.0,0.0,0.0
32,130,1.8680201296538972,0.1323781300251195,1.0,0.0,1.0,1.0,0.0,1.0
33,130,6.952527870219024,4.808919062392761,0.0,0.0,0.0,1.0,0.0,0.0
34,130,5.14597557719785,1.882949098962556,0.0,0.0,0.0,1.0,1.0,1.0
35,130,11.9529591352139,6.306225131742241,0.0,1.0,1.0,1.0,0.0,0.0
36,130,11.830210423896288,2.7964192448819696,1.0,0.0,0.0,1.0,1.0,0.0
37,130,5.142972223940141,0.0945488958308659,1.0,0.0,1.0,0.0,1.0,1.0
38,130,0.0447409049212876,9.774318243178737,1.0,0.0,1.0,0.0,0.0,1.0
39,130,0.0960688677189269,11.117352295507535,0.0,0.0,0.0,0.0,1.0,0.0
0,135,5.148988026767912,4.839531150524007,0.0,0.0,0.0,0.0,0.0,0.0
1,135,6.12293616943289,8.086775360049758,0.0,0.0,1.0,1.0,1.0,1.0
2,135,0.3630454412303719,11.049729230372858,0.0,0.0,0.0,0.0,0.0,0.0
3,135,0.999655963519863,5.768711344901632,1.0,1.0,0.0,0.0,1.0,1.0
4,135,0.0,7.062744069001685,0.0,0.0,0.0,1.0,0.0,1.0
5,135,0.3310409212614302,7.741157121090192,0.0,0.0,0.0,0.0,0.0,1.0
6,135,7.252929589189175,7.301501253872733,1.0,0.0,1.0,0.0,0.0,0.0
7,135,10.032855236299826,0.2109744605146456,1.0,1.0,0.0,0.0,1.0,1.0
8,135,10.16826322758805,5.474750593230442,0.0,1.0,1.0,1.0,1.0,0.0
9,135,6.306304116419339,0.0,0.0,1.0,1.0,0.0,0.0,1.0
10,135,9.481525929237918,7.065057202955915,0.0,0.0,1.0,1.0,0.0,1.0
11,135,9.965388856408795,5.190129291040392,0.0,1.0,1.0,0.0,1.0,1.0
12,135,0.8910930528745674,2.0151257602481976,0.0,0.0,0.0,1.0,1.0,0.0
13,135,9.618099935796522,1.7185701070466084,1.0,1.0,0.0,0.0,0.0,0.0
14,135,3.947816515948894,8.264649725389031,0.0,0.0,1.0,0.0,0.0,0.0
15,135,0.2496183237380736,7.302244923684993,0.0,0.0,1.0,0.0,1.0,0.0
16,135,6.352481855389511,10.58024282644914,1.0,1.0,0.0,1.0,0.0,1.0
17,135,9.30404168173798,2.5907714354507148,1.0,0.0,0.0,0.0,1.0,0.0
18,135,1.0515027628492566,11.181744543222107,1.0,1.0,0.0,0.0,1.0,0.0
19,135,0.8902068327372737,2.061573074189954,0.0,0.0,0.0,0.0,1.0,0.0
20,135,1.2355536673525431,2.0334663450481623,0.0,0.0,1.0,0.0,1.0,1.0
21,135,8.39621045656881,4.999068256631421,1.0,0.0,1.0,0.0,0.0,1.0
22,135,4.124612117775817,12.0,1.0,0.0,1.0,1.0,0.0,0.0
23,135,7.922494807779073,0.0,0.0,1.0,0.0,0.0,1.0,1.0
24,135,7.359037462664738,0.4353752498291621,0.0,1.0,0.0,0.0,1.0,1.0
25,135,11.605436049127562,7.408145986349436,1.0,1.0,1.0,0.0,0.0,0.0
26,135,7.915947021173061,0.0,1.0,1.0,0.0,0.0,0.0,0.0
27,135,5.045615393773553,9.399360341975994,1.0,1.0,0.0,0.0,0.0,0.0
28,135,12.0,3.4573188948648017,0.0,0.0,1.0,0.0,1.0,1.0
29,135,5.995084652255933,9.287845600445152,0.0,1.0,0.0,1.0,0.0,1.0
30,135,8.492073876968814,2.827417742256736,0.0,1.0,0.0,0.0,0.0,0.0
31,135,2.4034215343717547,11.312638661189,1.0,0.0,0.0,1.0,0.0,0.0
32,135,1.8622499502903875,0.1142064773248087,1.0,0.0,1.0,1.0,0.0,1.0
33,135,6.9656022251898735,4.81260842724859,0.0,0.0,0.0,1.0,0.0,0.0
34,135,5.145784863513608,1.8889292396171335,0.0,0.0,0.0,1.0,1.0,1.0
35,135,11.953891980647125,6.255714963740627,0.0,1.0,1.0,1.0,0.0,0.0
36,135,11.974620378446597,2.8300080089465967,1.0,0.0,0.0,1.0,1.0,0.0
37,135,5.163801590855534,0.0737039941187897,1.0,0.0,1.0,0.0,1.0,1.0
38,135,0.0456422239279188,9.814235032371911,1.0,0.0,1.0,0.0,0.0,1.0
39,135,0.0757544390235985,11.071988859044389,0.0,0.0,0.0,0.0,1.0,0.0
0,140,5.1036215013556285,4.9352647429236285,0.0,0.0,0.0,0.0,0.0,0.0
1,140,6.127567129667834,8.177010258428238,0.0,0.0,1.0,1.0,1.0,1.0
2,140,0.2729929371147012,11.040660514151948,0.0,0.0,0.0,0.0,0.0,0.0
3,140,0.98714654047881,5.777576123845603,1.0,1.0,0.0,0.0,1.0,1.0
4,140,0.0,7.128291323026417,0.0,0.0,0.0,1.0,0.0,1.0
5,140,0.3278725994572347,7.758536957094889,0.0,0.0,0.0,0.0,0.0,1.0
6,140,7.220073229439275,7.316361993030453,1.0,0.0,1.0,0.0,0.0,0.0
7,140,10.055301727351832,0.1729364332656291,1.0,1.0,0.0,0.0,1.0,1.0
8,140,10.196979333664096,5.433153867974133,0.0,1.0,1.0,1.0,1.0,0.0
9,140,6.406864273783394,0.0,0.0,1.0,1.0,0.0,0.0,1.0
10,140,9.451525505885584,6.93667141984039,0.0,0.0,1.0,1.0,0.0,1.0
11,140,9.98526118285946,5.098393410447154,0.0,1.0,1.0,0.0,1.0,1.0
12,140,0.865340363672304,2.0170968370488502,0.0,0.0,0.0,1.0,1.0,0.0
13,140,9.64807531917093,1.6007066290564842,1.0,1.0,0.0,0.0,0.0,0.0
14,140,3.946869776813992,8.26443702171091,0.0,0.0,1.0,0.0,0.0,0.0
15,140,0.2694775994345517,7.2179250063971105,0.0,0.0,1.0,0.0,1.0,0.0
16,140,6.509233874537004,10.586820787941036,1.0,1.0,0.0,1.0,0.0,1.0
17,140,9.32287070601723,2.685075609240327,1.0,0.0,0.0,0.0,1.0,0.0
18,140,0.94562381727219,11.08844728635234,1.0,1.0,0.0,0.0,1.0,0.0
19,140,0.8911928638188995,2.0739478509710465,0.0,0.0,0.0,0.0,1.0,0.0
20,140,1.2047299109118508,2.0281715145684616,0.0,0.0,1.0,0.0,1.0,1.0
21,140,8.413111571932038,5.134080250719963,1.0,0.0,1.0,0.0,0.0,1.0
22,140,4.15651787215924,12.0,1.0,0.0,1.0,1.0,0.0,0.0
23,140,7.918802994818864,0.0,0.0,1.0,0.0,0.0,1.0,1.0
24,140,7.279773102045206,0.4711570471756733,0.0,1.0,0.0,0.0,1.0,1.0
25,140,11.556640493836124,7.391494152602338,1.0,1.0,1.0,0.0,0.0,0.0
26,140,7.916252413085369,0.0,1.0,1.0,0.0,0.0,0.0,0.0
27,140,4.860399420890999,9.428247848536916,1.0,1.0,0.0,0.0,0.0,0.0
28,140,12.0,3.3643156429423,0.0,0.0,1.0,0.0,1.0,1.0
29,140,6.101686366715476,9.284697920350997,0.0,1.0,0.0,1.0,0.0,1.0
30,140,8.463200301204523,2.8502860307065387,0.0,1.0,0.0,0.0,0.0,0.0
31,140,2.479258820075133,11.329091486248132,1.0,0.0,0.0,1.0,0.0,0.0
32,140,1.8577567640945,0.1000513129851414,1.0,0.0,1.0,1.0,0.0,1.0
33,140,6.974371938006969,4.815211280660868,0.0,0.0,0.0,1.0,0.0,0.0
34,140,5.146390488407045,1.8795407144312504,0.0,0.0,0.0,1.0,1.0,1.0
35,140,11.953728564406262,6.2246212980087,0.0,1.0,1.0,1.0,0.0,0.0
36,140,12.0,2.8643891431598227,1.0,0.0,0.0,1.0,1.0,0.0
37,140,5.1917732795220255,0.0449169848275984,1.0,0.0,1.0,0.0,1.0,1.0
38,140,2.112945060878113e-05,9.813756901399694,1.0,0.0,1.0,0.0,0.0,1.0
39,140,0.0537403848018359,11.021436493717507,0.0,0.0,0.0,0.0,1.0,0.0
0,145,5.055203079539449,5.030126577000845,0.0,0.0,0.0,0.0,0.0,0.0
1,145,6.132866681591667,8.254765676066025,0.0,0.0,1.0,1.0,1.0,1.0
2,145,0.1788848393000244,11.029206826211784,0.0,0.0,0.0,0.0,0.0,0.0
3,145,0.9887211462608092,5.776447700489141,1.0,1.0,0.0,0.0,1.0,1.0
4,145,0.0,7.186785185880709,0.0,0.0,0.0,1.0,0.0,1.0
5,145,0.32659159478435,7.76613373886844,0.0,0.0,0.0,0.0,0.0,1.0
6,145,7.198242768193311,7.325858283285849,1.0,0.0,1.0,0.0,0.0,0.0
7,145,10.065387030570522,0.1554516283136008,1.0,1.0,0.0,0.0,1.0,1.0
8,145,10.222318105954969,5.397890167220413,0.0,1.0,1.0,1.0,1.0,0.0
9,145,6.496777258644265,0.0,0.0,1.0,1.0,0.0,0.0,1.0
10,145,9.42476091787238,6.812266862765893,0.0,0.0,1.0,1.0,0.0,1.0
11,145,10.006639065949368,5.01064678125029,0.0,1.0,1.0,0.0,1.0,1.0
12,145,0.8446337692465942,2.018645443997913,0.0,0.0,0.0,1.0,1.0,0.0
13,145,9.681038718863814,1.4692870325668008,1.0,1.0,0.0,0.0,0.0,0.0
14,145,3.961495314787791,8.267460547094801,0.0,0.0,1.0,0.0,0.0,0.0
15,145,0.2842967068927463,7.151415372912023,0.0,0.0,1.0,0.0,1.0,0.0
16,145,6.666940443072699,10.59445651193398,1.0,1.0,0.0,1.0,0.0,1.0
17,145,9.34587269596131,2.8097841864426063,1.0,0.0,0.0,0.0,1.0,0.0
18,145,0.8251855490432758,10.991454356620636,1.0,1.0,0.0,0.0,1.0,0.0
19,145,0.8897748750002086,2.0561450577013183,0.0,0.0,0.0,0.0,1.0,0.0
20,145,1.1548160130394494,2.020291352441708,0.0,0.0,1.0,0.0,1.0,1.0
21,145,8.43099005350065,5.27667995079545,1.0,0.0,1.0,0.0,0.0,1.0
22,145,4.182012225089811,12.0,1.0,0.0,1.0,1.0,0.0,0.0
23,145,7.917116527446407,0.0,0.0,1.0,0.0,0.0,1.0,1.0
24,145,7.200078552079601,0.5089646335057758,0.0,1.0,0.0,0.0,1.0,1.0
25,145,11.492635459602736,7.370005424459049,1.0,1.0,1.0,0.0,0.0,0.0
26,145,7.916602290518754,0.0,1.0,1.0,0.0,0.0,0.0,0.0
27,145,4.648346397734551,9.461042495422864,1.0,1.0,0.0,0.0,0.0,0.0
28,145,12.0,3.2683187501975204,0.0,0.0,1.0,0.0,1.0,1.0
29,145,6.21058850542937,9.280327594868943,0.0,1.0,0.0,1.0,0.0,1.0
30,145,8.436132831833206,2.871596851715856,0.0,1.0,0.0,0.0,0.0,0.0
31,145,2.5473775848072653,11.34441104442623,1.0,0.0,0.0,1.0,0.0,0.0
32,145,1.8493716236158533,0.0748672509694688,1.0,0.0,1.0,1.0,0.0,1.0
33,145,7.013008731626387,4.827433525698472,0.0,0.0,0.0,1.0,0.0,0.0
34,145,5.147927820626273,1.8522509748151763,0.0,0.0,0.0,1.0,1.0,1.0
35,145,11.95353178089006,6.215300449891919,0.0,1.0,1.0,1.0,0.0,0.0
36,145,12.0,2.899453062750301,1.0,0.0,0.0,1.0,1.0,0.0
37,145,5.220716876000992,0.0155165975440191,1.0,0.0,1.0,0.0,1.0,1.0
38,145,0.0,9.813256513823424,1.0,0.0,1.0,0.0,0.0,1.0
39,145,0.0392694433822534,10.988626942557586,0.0,0.0,0.0,0.0,1.0,0.0
0,150,5.008339609643597,5.11768965444764,0.0,0.0,0.0,0.0,0.0,0.0
1,150,6.140105699933493,8.354077738654775,0.0,0.0,1.0,1.0,1.0,1.0
2,150,0.0837363495654922,11.017506831565935,0.0,0.0,0.0,0.0,0.0,0.0
3,150,0.9921343627563716,5.7740498596966905,1.0,1.0,0.0,0.0,1.0,1.0
4,150,0.0,7.24897805740102,0.0,0.0,0.0,1.0,0.0,1.0
5,150,0.3286140722040857,7.754688345636846,0.0,0.0,0.0,0.0,0.0,1.0
6,150,7.177030431160072,7.335455265740125,1.0,0.0,1.0,0.0,0.0,0.0
7,150,10.085834036965265,0.1211964141816342,1.0,1.0,0.0,0.0,1.0,1.0
8,150,10.254439917516256,5.357169522985593,0.0,1.0,1.0,1.0,1.0,0.0
9,150,6.5672416585736855,0.0,0.0,1.0,1.0,0.0,0.0,1.0
10,150,9.4014732117682,6.688460574207511,0.0,0.0,1.0,1.0,0.0,1.0
11,150,10.029569747372303,4.918315795397031,0.0,1.0,1.0,0.0,1.0,1.0
12,150,0.8252019964742418,2.0200623606635384,0.0,0.0,0.0,1.0,1.0,0.0
13,150,9.709883796437651,1.3464405579812286,1.0,1.0,0.0,0.0,0.0,0.0
14,150,3.975739801450789,8.270825030105044,0.0,0.0,1.0,0.0,0.0,0.0
15,150,0.2945965328774582,7.098654803752445,0.0,0.0,1.0,0.0,1.0,0.0
16,150,6.836065179723815,10.600968212461511,1.0,1.0,0.0,1.0,0.0,1.0
17,150,9.36625942481112,2.941723603396888,1.0,0.0,0.0,0.0,1.0,0.0
18,150,0.6973253810101718,10.883175611098242,1.0,1.0,0.0,0.0,1.0,0.0
19,150,0.8872476080514997,2.028221770822469,0.0,0.0,0.0,0.0,1.0,0.0
20,150,1.091234776582097,2.0103302495617377,0.0,0.0,1.0,0.0,1.0,1.0
21,150,8.449580764897487,5.438836703157359,1.0,0.0,1.0,0.0,0.0,1.0
22,150,4.211449751629361,12.0,1.0,0.0,1.0,1.0,0.0,0.0
23,150,7.9127853003228115,0.0,0.0,1.0,0.0,0.0,1.0,1.0
24,150,7.129275404237316,0.5450505845901937,0.0,1.0,0.0,0.0,1.0,1.0
25,150,11.444259254428108,7.353644836926086,1.0,1.0,1.0,0.0,0.0,0.0
26,150,7.916657800399653,0.0,1.0,1.0,0.0,0.0,0.0,0.0
27,150,4.431031376674769,9.49928360186684,1.0,1.0,0.0,0.0,0.0,0.0
28,150,12.0,3.166761478068958,0.0,0.0,1.0,0.0,1.0,1.0
29,150,6.318626153087387,9.27662938266166,0.0,1.0,0.0,1.0,0.0,1.0
30,150,8.418139862687134,2.886102561088194,0.0,1.0,0.0,0.0,0.0,0.0
31,150,2.6187516770171317,11.359618767202022,1.0,0.0,0.0,1.0,0.0,0.0
32,150,1.844129928477785,0.0610179668054969,1.0,0.0,1.0,1.0,0.0,1.0
33,150,7.043459320197222,4.836407435066507,0.0,0.0,0.0,1.0,0.0,0.0
34,150,5.150154056632002,1.808042812699174,0.0,0.0,0.0,1.0,1.0,1.0
35,150,11.952399429499131,6.178855487745445,0.0,1.0,1.0,1.0,0.0,0.0
36,150,12.0,2.9278043359216688,1.0,0.0,0.0,1.0,1.0,0.0
37,150,5.258233986099363,0.0,1.0,0.0,1.0,0.0,1.0,1.0
38,150,0.0,9.813361513228772,1.0,0.0,1.0,0.0,0.0,1.0
39,150,0.0118004259588936,10.925541009286954,0.0,0.0,0.0,0.0,1.0,0.0
0,155,4.967128524594537,5.188312818843235,0.0,0.0,0.0,0.0,0.0,0.0
1,155,6.227062516503454,8.347997469365056,0.0,0.0,1.0,1.0,1.0,1.0
2,155,0.0032507632434411,11.009412758978042,0.0,0.0,0.0,0.0,0.0,0.0
3,155,0.9800692189323688,5.7826691581031815,1.0,1.0,0.0,0.0,1.0,1.0
4,155,0.0,7.312300951673286,0.0,0.0,0.0,1.0,0.0,1.0
5,155,0.3284450076490518,7.75554309283824,0.0,0.0,0.0,0.0,0.0,1.0
6,155,7.160537137640317,7.342279593532741,1.0,0.0,1.0,0.0,0.0,0.0
7,155,10.107966537473477,0.0860414691978029,1.0,1.0,0.0,0.0,1.0,1.0
8,155,10.300001602299606,5.296186102838216,0.0,1.0,1.0,1.0,1.0,0.0
9,155,6.655392119825012,0.0,0.0,1.0,1.0,0.0,0.0,1.0
10,155,9.375991359798704,6.560281591463896,0.0,0.0,1.0,1.0,0.0,1.0
11,155,10.04946373454917,4.840515313323677,0.0,1.0,1.0,0.0,1.0,1.0
12,155,0.7957871024582075,2.022394440308553,0.0,0.0,0.0,1.0,1.0,0.0
13,155,9.734867914147545,1.2320381750940548,1.0,1.0,0.0,0.0,0.0,0.0
14,155,3.97099390957422,8.269642154886649,0.0,0.0,1.0,0.0,0.0,0.0
15,155,0.304742196262178,7.041337058709572,0.0,0.0,1.0,0.0,1.0,0.0
16,155,7.024557634297013,10.608322018152233,1.0,1.0,0.0,1.0,0.0,1.0
17,155,9.38218201082569,3.056237615341898,1.0,0.0,0.0,0.0,1.0,0.0
18,155,0.5590631230170207,10.774676668855966,1.0,1.0,0.0,0.0,1.0,0.0
19,155,0.8849113587539544,2.006349951585777,0.0,0.0,0.0,0.0,1.0,0.0
20,155,1.026247364281536,2.0020509290102675,0.0,0.0,1.0,0.0,1.0,1.0
21,155,8.469541149563593,5.586456566995635,1.0,0.0,1.0,0.0,0.0,1.0
22,155,4.244318118159244,12.0,1.0,0.0,1.0,1.0,0.0,0.0
23,155,7.9098208471672,0.0,0.0,1.0,0.0,0.0,1.0,1.0
24,155,7.056859078269205,0.5839179586343343,0.0,1.0,0.0,0.0,1.0,1.0
25,155,11.393508152375444,7.33712180614771,1.0,1.0,1.0,0.0,0.0,0.0
26,155,7.916307619927586,0.0,1.0,1.0,0.0,0.0,0.0,0.0
27,155,4.202960256389149,9.540158685724789,1.0,1.0,0.0,0.0,0.0,0.0
28,155,12.0,3.0554103394256327,0.0,0.0,1.0,0.0,1.0,1.0
29,155,6.416705839523414,9.271864455540806,0.0,1.0,0.0,1.0,0.0,1.0
30,155,8.398979162479042,2.901609091551252,0.0,1.0,0.0,0.0,0.0,0.0
31,155,2.707182696332984,11.37758799432418,1.0,0.0,0.0,1.0,0.0,0.0
32,155,1.8405978958305107,0.0515257766172491,1.0,0.0,1.0,1.0,0.0,1.0
33,155,7.079486574473091,4.845940764562018,0.0,0.0,0.0,1.0,0.0,0.0
34,155,5.151650609851254,1.7790978834656963,0.0,0.0,0.0,1.0,1.0,1.0
35,155,11.951793451014035,6.117061352390602,0.0,1.0,1.0,1.0,0.0,0.0
36,155,12.0,2.9549621264883803,1.0,0.0,0.0,1.0,1.0,0.0
37,155,5.304130956151512,0.0,1.0,0.0,1.0,0.0,1.0,1.0
38,155,0.0,9.813196570417777,1.0,0.0,1.0,0.0,0.0,1.0
39,155,0.0,10.883493687270107,0.0,0.0,0.0,0.0,1.0,0.0
0,160,4.925124544185076,5.254750572316885,0.0,0.0,0.0,0.0,0.0,0.0
1,160,6.325142841298745,8.339326018709894,0.0,0.0,1.0,1.0,1.0,1.0
2,160,0.009064714871165,10.920375174470896,0.0,0.0,0.0,0.0,0.0,0.0
3,160,0.9511160339894936,5.804910020371824,1.0,1.0,0.0,0.0,1.0,1.0
4,160,0.0,7.38098400926335,0.0,0.0,0.0,1.0,0.0,1.0
5,160,0.3256346878149029,7.772215264256371,0.0,0.0,0.0,0.0,0.0,1.0
6,160,7.160760330385115,7.342195526872603,1.0,0.0,1.0,0.0,0.0,0.0
7,160,10.130981236342722,0.0497285682068331,1.0,1.0,0.0,0.0,1.0,1.0
8,160,10.336729490840836,5.245517572328016,0.0,1.0,1.0,1.0,1.0,0.0
9,160,6.732547714907425,0.0,0.0,1.0,1.0,0.0,0.0,1.0
10,160,9.351006051571751,6.432604173610117,0.0,0.0,1.0,1.0,0.0,1.0
11,160,10.073755476533018,4.7537850054029365,0.0,1.0,1.0,0.0,1.0,1.0
12,160,0.7683329752601515,2.0249339960651547,0.0,0.0,0.0,1.0,1.0,0.0
13,160,9.763051460457724,1.1143704966342254,1.0,1.0,0.0,0.0,0.0,0.0
14,160,3.986939805370974,8.273486647557792,0.0,0.0,1.0,0.0,0.0,0.0
15,160,0.3149651784354128,6.982255993278814,0.0,0.0,1.0,0.0,1.0,0.0
16,160,7.191910753646537,10.6150136696192,1.0,1.0,0.0,1.0,0.0,1.0
17,160,9.400588750204408,3.168478584190636,1.0,0.0,0.0,0.0,1.0,0.0
18,160,0.4177209423697099,10.660586450116368,1.0,1.0,0.0,0.0,1.0,0.0
19,160,0.8838868785478948,1.99481356756841,0.0,0.0,0.0,0.0,1.0,0.0
20,160,0.963487335349926,1.9931846234242008,0.0,0.0,1.0,0.0,1.0,1.0
21,160,8.492037794454788,5.733678019131673,1.0,0.0,1.0,0.0,0.0,1.0
22,160,4.272322936239585,12.0,1.0,0.0,1.0,1.0,0.0,0.0
23,160,7.906129072778065,0.0,0.0,1.0,0.0,0.0,1.0,1.0
24,160,6.979449353116068,0.623164626336267,0.0,1.0,0.0,0.0,1.0,1.0
25,160,11.346991692971804,7.321766740700812,1.0,1.0,1.0,0.0,0.0,0.0
26,160,7.915218206244036,0.0,1.0,1.0,0.0,0.0,0.0,0.0
27,160,3.992794463836991,9.574531122135122,1.0,1.0,0.0,0.0,0.0,0.0
28,160,12.0,2.923256301514935,0.0,0.0,1.0,0.0,1.0,1.0
29,160,6.520565823491244,9.266641384528205,0.0,1.0,0.0,1.0,0.0,1.0
30,160,8.385290541739867,2.912688701525536,0.0,1.0,0.0,0.0,0.0,0.0
31,160,2.804885832592361,11.39619823270937,1.0,0.0,0.0,1.0,0.0,0.0
32,160,1.8411781258943232,0.053149814917089,1.0,0.0,1.0,1.0,0.0,1.0
33,160,7.111712190321276,4.854979217135512,0.0,0.0,0.0,1.0,0.0,0.0
34,160,5.15319889318369,1.7510874851583291,0.0,0.0,0.0,1.0,1.0,1.0
35,160,11.9517775867712,6.070949248175268,0.0,1.0,1.0,1.0,0.0,0.0
36,160,12.0,2.9843051985547477,1.0,0.0,0.0,1.0,1.0,0.0
37,160,5.351701467054975,0.0,1.0,0.0,1.0,0.0,1.0,1.0
38,160,0.0,9.812671044418792,1.0,0.0,1.0,0.0,0.0,1.0
39,160,0.0,10.82227818029824,0.0,0.0,0.0,0.0,1.0,0.0
0,165,4.886203490678336,5.319847734970124,0.0,0.0,0.0,0.0,0.0,0.0
1,165,6.440303569444477,8.328651058175295,0.0,0.0,1.0,1.0,1.0,1.0
2,165,0.0140455436217737,10.84569390411099,0.0,0.0,0.0,0.0,0.0,0.0
3,165,0.9137710680535897,5.833556540282201,1.0,1.0,0.0,0.0,1.0,1.0
4,165,0.0,7.438526551379172,0.0,0.0,0.0,1.0,0.0,1.0
5,165,0.3250161418237109,7.775773887965058,0.0,0.0,0.0,0.0,0.0,1.0
6,165,7.168772781829286,7.339396640856082,1.0,0.0,1.0,0.0,0.0,0.0
7,165,10.151338847763313,0.0191637734727053,1.0,1.0,0.0,0.0,1.0,1.0
8,165,10.368122183800992,5.201988630273775,0.0,1.0,1.0,1.0,1.0,0.0
9,165,6.804524925219433,0.0,0.0,1.0,1.0,0.0,0.0,1.0
10,165,9.32229433010018,6.289827050279236,0.0,0.0,1.0,1.0,0.0,1.0
11,165,10.098778383191291,4.65773185076716,0.0,1.0,1.0,0.0,1.0,1.0
12,165,0.7410802989531883,2.027118518311036,0.0,0.0,0.0,1.0,1.0,0.0
13,165,9.791145057575363,0.9901341268759756,1.0,1.0,0.0,0.0,0.0,0.0
14,165,4.002619739660672,8.277655591014291,0.0,0.0,1.0,0.0,0.0,0.0
15,165,0.3253627692813532,6.93113379816588,0.0,0.0,1.0,0.0,1.0,0.0
16,165,7.380866214845819,10.62816578983095,1.0,1.0,0.0,1.0,0.0,1.0
17,165,9.414805189281957,3.2467948216190368,1.0,0.0,0.0,0.0,1.0,0.0
18,165,0.277817694638273,10.54027768467741,1.0,1.0,0.0,0.0,1.0,0.0
19,165,0.884144780589217,1.997813303449345,0.0,0.0,0.0,0.0,1.0,0.0
20,165,0.91015940239809,1.9870488804400293,0.0,0.0,1.0,0.0,1.0,1.0
21,165,8.514786667012586,5.896865567289897,1.0,0.0,1.0,0.0,0.0,1.0
22,165,4.299731397883352,12.0,1.0,0.0,1.0,1.0,0.0,0.0
23,165,7.9036504450126195,0.0,0.0,1.0,0.0,0.0,1.0,1.0
24,165,6.914100762157438,0.657076608468117,0.0,1.0,0.0,0.0,1.0,1.0
25,165,11.305675433291036,7.308663056474883,1.0,1.0,1.0,0.0,0.0,0.0
26,165,7.913301833051532,0.0,1.0,1.0,0.0,0.0,0.0,0.0
27,165,3.7773039605863463,9.609623377859284,1.0,1.0,0.0,0.0,0.0,0.0
28,165,12.0,2.814401795473819,0.0,0.0,1.0,0.0,1.0,1.0
29,165,6.645493572926512,9.25901208437002,0.0,1.0,0.0,1.0,0.0,1.0
30,165,8.359102264262406,2.934363047434873,0.0,1.0,0.0,0.0,0.0,0.0
31,165,2.9101769692167743,11.41354530518175,1.0,0.0,0.0,1.0,0.0,0.0
32,165,1.8387708650655976,0.0471471952969198,1.0,0.0,1.0,1.0,0.0,1.0
33,165,7.159605355436101,4.868177780766883,0.0,0.0,0.0,1.0,0.0,0.0
34,165,5.153573694062248,1.7395526604855576,0.0,0.0,0.0,1.0,1.0,1.0
35,165,11.952625126212954,6.026680293522024,0.0,1.0,1.0,1.0,0.0,0.0
36,165,12.0,3.013006353249057,1.0,0.0,0.0,1.0,1.0,0.0
37,165,5.405114102263191,0.0,1.0,0.0,1.0,0.0,1.0,1.0
38,165,0.0,9.812956678347676,1.0,0.0,1.0,0.0,0.0,1.0
39,165,0.0,10.797704466784324,0.0,0.0,0.0,0.0,1.0,0.0
0,170,4.854899533406925,5.37211759163213,0.0,0.0,0.0,0.0,0.0,0.0
1,170,6.559591670470556,8.315840766355263,0.0,0.0,1.0,1.0,1.0,1.0
2,170,0.0198321277048121,10.758258826580876,0.0,0.0,0.0,0.0,0.0,0.0
3,170,0.8792890157387928,5.860487284450161,1.0,1.0,0.0,0.0,1.0,1.0
4,170,0.0,7.505184520166054,0.0,0.0,0.0,1.0,0.0,1.0
5,170,0.326326818139893,7.767509813737177,0.0,0.0,0.0,0.0,0.0,1.0
6,170,7.19245379660651,7.330566405280252,1.0,0.0,1.0,0.0,0.0,0.0
7,170,10.172709923408126,0.0,1.0,1.0,0.0,0.0,1.0,1.0
8,170,10.387165774543009,5.1752550157514525,0.0,1.0,1.0,1.0,1.0,0.0
9,170,6.8821876021216815,0.0,0.0,1.0,1.0,0.0,0.0,1.0
10,170,9.291821966749684,6.147466308793567,0.0,0.0,1.0,1.0,0.0,1.0
11,170,10.132471512384909,4.5338639276728525,0.0,1.0,1.0,0.0,1.0,1.0
12,170,0.714195525845561,2.029260332390656,0.0,0.0,0.0,1.0,1.0,0.0
13,170,9.815925352541289,0.8748253402058828,1.0,1.0,0.0,0.0,0.0,0.0
14,170,3.9977881020855297,8.276337230767618,0.0,0.0,1.0,0.0,0.0,0.0
15,170,0.3391013045041486,6.870165863376255,0.0,0.0,1.0,0.0,1.0,0.0
16,170,7.571075237509431,10.64165551391951,1.0,1.0,0.0,1.0,0.0,1.0
17,170,9.426945323985176,3.319170836158468,1.0,0.0,0.0,0.0,1.0,0.0
18,170,0.1355665173339927,10.415498419386886,1.0,1.0,0.0,0.0,1.0,0.0
19,170,0.8833479299389138,1.9889308474247176,0.0,0.0,0.0,0.0,1.0,0.0
20,170,0.859794495348298,1.98018984960164,0.0,0.0,1.0,0.0,1.0,1.0
21,170,8.536313848631305,6.054609260872806,1.0,0.0,1.0,0.0,0.0,1.0
22,170,4.324483761146338,12.0,1.0,0.0,1.0,1.0,0.0,0.0
23,170,7.900805489378144,0.0,0.0,1.0,0.0,0.0,1.0,1.0
24,170,6.86177521416122,0.6856225926252081,0.0,1.0,0.0,0.0,1.0,1.0
25,170,11.265978117626908,7.296712443024173,1.0,1.0,1.0,0.0,0.0,0.0
26,170,7.912589267572109,0.0,1.0,1.0,0.0,0.0,0.0,0.0
27,170,3.5477000962643634,9.63911380726259,1.0,1.0,0.0,0.0,0.0,0.0
28,170,12.0,2.7111599496943675,0.0,0.0,1.0,0.0,1.0,1.0
29,170,6.740919657613475,9.249977976181526,0.0,1.0,0.0,1.0,0.0,1.0
30,170,8.332166656117122,2.9557106118503254,0.0,1.0,0.0,0.0,0.0,0.0
31,170,2.995668137981549,11.42902919482872,1.0,0.0,0.0,1.0,0.0,0.0
32,170,1.8371165368978533,0.0428549247635098,1.0,0.0,1.0,1.0,0.0,1.0
33,170,7.186326690866694,4.875468606615264,0.0,0.0,0.0,1.0,0.0,0.0
34,170,5.153490207891571,1.7411671053685578,0.0,0.0,0.0,1.0,1.0,1.0
35,170,11.95332587727259,5.997115882954387,0.0,1.0,1.0,1.0,0.0,0.0
36,170,12.0,3.039530818643556,1.0,0.0,0.0,1.0,1.0,0.0
37,170,5.44182328354906,0.0,1.0,0.0,1.0,0.0,1.0,1.0
38,170,0.0,9.813048114770544,1.0,0.0,1.0,0.0,0.0,1.0
39,170,0.0,10.75314493258564,0.0,0.0,0.0,0.0,1.0,0.0
0,175,4.825737837807372,5.420687562129362,0.0,0.0,0.0,0.0,0.0,0.0
1,175,6.677647427070542,8.30433465657439,0.0,0.0,1.0,1.0,1.0,1.0
2,175,0.0224507312327738,10.695127728148204,0.0,0.0,0.0,0.0,0.0,0.0
3,175,0.8525473217765623,5.880972750611233,1.0,1.0,0.0,0.0,1.0,1.0
4,175,0.0,7.570309638186437,0.0,0.0,0.0,1.0,0.0,1.0
5,175,0.3254210177016862,7.773743205724128,0.0,0.0,0.0,0.0,0.0,1.0
6,175,7.196588082174986,7.329067232544661,1.0,0.0,1.0,0.0,0.0,0.0
7,175,10.202424398490477,0.0,1.0,1.0,0.0,0.0,1.0,1.0
8,175,10.407148475708318,5.147267285807945,0.0,1.0,1.0,1.0,1.0,0.0
9,175,6.969023610603925,0.0,0.0,1.0,1.0,0.0,0.0,1.0
10,175,9.262905272583335,6.017538250727461,0.0,0.0,1.0,1.0,0.0,1.0
11,175,10.167558667009368,4.400779622513008,0.0,1.0,1.0,0.0,1.0,1.0
12,175,0.7116955432653943,1.992682677301903,0.0,0.0,0.0,1.0,1.0,0.0
13,175,9.836414398376728,0.7670687071855898,1.0,1.0,0.0,0.0,0.0,0.0
14,175,3.976964125633534,8.27100438460978,0.0,0.0,1.0,0.0,0.0,0.0
15,175,0.3544981898710332,6.803423524641477,0.0,0.0,1.0,0.0,1.0,0.0
16,175,7.782004043565498,10.65424829962726,1.0,1.0,0.0,1.0,0.0,1.0
17,175,9.43373491360018,3.360447374313235,1.0,0.0,0.0,0.0,1.0,0.0
18,175,0.0,10.298792435384025,1.0,1.0,0.0,0.0,1.0,0.0
19,175,0.8797779625831362,1.9509002040672887,0.0,0.0,0.0,0.0,1.0,0.0
20,175,0.8282841124855017,1.975636826066056,0.0,0.0,1.0,0.0,1.0,1.0
21,175,8.558527186137248,6.211923960380269,1.0,0.0,1.0,0.0,0.0,1.0
22,175,4.355770635396519,12.0,1.0,0.0,1.0,1.0,0.0,0.0
23,175,7.897936658735206,0.0,0.0,1.0,0.0,0.0,1.0,1.0
24,175,6.806645239760159,0.7177644182339097,0.0,1.0,0.0,0.0,1.0,1.0
25,175,11.216683542547472,7.282162700606491,1.0,1.0,1.0,0.0,0.0,0.0
26,175,7.911387961934515,0.0,1.0,1.0,0.0,0.0,0.0,0.0
27,175,3.301087062639469,9.6749630685958,1.0,1.0,0.0,0.0,0.0,0.0
28,175,12.0,2.601546270408287,0.0,0.0,1.0,0.0,1.0,1.0
29,175,6.847167539572451,9.241459650577193,0.0,1.0,0.0,1.0,0.0,1.0
30,175,8.293442894396376,2.986505875436254,0.0,1.0,0.0,0.0,0.0,0.0
31,175,3.1149845581785165,11.45000301555126,1.0,0.0,0.0,1.0,0.0,0.0
32,175,1.8385851198537844,0.0466672643790788,1.0,0.0,1.0,1.0,0.0,1.0
33,175,7.226968460407779,4.886183204485444,0.0,0.0,0.0,1.0,0.0,0.0
34,175,5.154093576327068,1.729599621159155,0.0,0.0,0.0,1.0,1.0,1.0
35,175,11.953279454905212,5.971773747867252,0.0,1.0,1.0,1.0,0.0,0.0
36,175,12.0,3.064338390012055,1.0,0.0,0.0,1.0,1.0,0.0
37,175,5.481362713071723,0.0,1.0,0.0,1.0,0.0,1.0,1.0
38,175,0.0,9.81316352858004,1.0,0.0,1.0,0.0,0.0,1.0
39,175,0.0,10.71634439096176,0.0,0.0,0.0,0.0,1.0,0.0
0,180,4.796782472057354,5.467180590907822,0.0,0.0,0.0,0.0,0.0,0.0
1,180,6.78281081575093,8.294334030930107,0.0,0.0,1.0,1.0,1.0,1.0
2,180,0.0263134491191566,10.631879879659223,0.0,0.0,0.0,0.0,0.0,0.0
3,180,0.8011828653230314,5.92006028118644,1.0,1.0,0.0,0.0,1.0,1.0
4,180,0.0,7.646760348297425,0.0,0.0,0.0,1.0,0.0,1.0
5,180,0.3260010397954793,7.769678584945201,0.0,0.0,0.0,0.0,0.0,1.0
6,180,7.197589512143502,7.32868556397162,1.0,0.0,1.0,0.0,0.0,0.0
7,180,10.213059325210253,0.0,1.0,1.0,0.0,0.0,1.0,1.0
8,180,10.442898160567896,5.098789224738606,0.0,1.0,1.0,1.0,1.0,0.0
9,180,7.049512399835548,0.0,0.0,1.0,1.0,0.0,0.0,1.0
10,180,9.242959899199306,5.904041983039442,0.0,0.0,1.0,1.0,0.0,1.0
11,180,10.198739693486411,4.263965014561587,0.0,1.0,1.0,0.0,1.0,1.0
12,180,0.7074458108391419,1.9429437267638192,0.0,0.0,0.0,1.0,1.0,0.0
13,180,9.85402496817358,0.6558051829758711,1.0,1.0,0.0,0.0,0.0,0.0
14,180,3.957766370469437,8.266298496778859,0.0,0.0,1.0,0.0,0.0,0.0
15,180,0.4354521676452976,6.822673560522439,0.0,0.0,1.0,0.0,1.0,0.0
16,180,7.966657370199603,10.669369473175117,1.0,1.0,0.0,1.0,0.0,1.0
17,180,9.442955061430853,3.404136721645659,1.0,0.0,0.0,0.0,1.0,0.0
18,180,0.0,10.185770966159325,1.0,1.0,0.0,0.0,1.0,0.0
19,180,0.8760561172709224,1.9115921539921223,0.0,0.0,0.0,0.0,1.0,0.0
20,180,0.7834294936162128,1.96819068482145,0.0,0.0,1.0,0.0,1.0,1.0
21,180,8.588516968147534,6.369755678693774,1.0,0.0,1.0,0.0,0.0,1.0
22,180,4.3936500448940645,12.0,1.0,0.0,1.0,1.0,0.0,0.0
23,180,7.896133045741897,0.0,0.0,1.0,0.0,0.0,1.0,1.0
24,180,6.75422121050514,0.7480988155942822,0.0,1.0,0.0,0.0,1.0,1.0
25,180,11.169941742048762,7.268093675162172,1.0,1.0,1.0,0.0,0.0,0.0
26,180,7.908152381214647,0.0,1.0,1.0,0.0,0.0,0.0,0.0
27,180,3.045528266796502,9.711306117396774,1.0,1.0,0.0,0.0,0.0,0.0
28,180,12.0,2.495562645000174,0.0,0.0,1.0,0.0,1.0,1.0
29,180,6.965239024975649,9.229874095124076,0.0,1.0,0.0,1.0,0.0,1.0
30,180,8.24768818502666,3.024220430373849,0.0,1.0,0.0,0.0,0.0,0.0
31,180,3.2367694055442517,11.46962798626456,1.0,0.0,0.0,1.0,0.0,0.0
32,180,1.8424328469000688,0.0562375871346237,1.0,0.0,1.0,1.0,0.0,1.0
33,180,7.258765104059273,4.894633368248877,0.0,0.0,0.0,1.0,0.0,0.0
34,180,5.154764315925776,1.7144654253750051,0.0,0.0,0.0,1.0,1.0,1.0
35,180,11.953438216775346,5.95160459674774,0.0,1.0,1.0,1.0,0.0,0.0
36,180,11.973346000370103,3.204510342111423,1.0,0.0,0.0,1.0,1.0,0.0
37,180,5.519306896424828,0.0,1.0,0.0,1.0,0.0,1.0,1.0
38,180,0.0,9.812780185124405,1.0,0.0,1.0,0.0,0.0,1.0
39,180,0.0,10.689992213901515,0.0,0.0,0.0,0.0,1.0,0.0
0,185,4.759187312376493,5.525155151749096,0.0,0.0,0.0,0.0,0.0,0.0
1,185,6.879644596083901,8.283992186467458,0.0,0.0,1.0,1.0,1.0,1.0
2,185,0.0310665144244731,10.571944535945946,0.0,0.0,0.0,0.0,0.0,0.0
3,185,0.7447765306162646,5.962391734283258,1.0,1.0,0.0,0.0,1.0,1.0
4,185,0.0,7.709579976409972,0.0,0.0,0.0,1.0,0.0,1.0
5,185,0.3280872413341655,7.7560508140416,0.0,0.0,0.0,0.0,0.0,1.0
6,185,7.1795910785010815,7.335016527482917,1.0,0.0,1.0,0.0,0.0,0.0
7,185,10.214128887825929,0.0,1.0,1.0,0.0,0.0,1.0,1.0
8,185,10.478626513727695,5.053490234411703,0.0,1.0,1.0,1.0,1.0,0.0
9,185,7.12965882827958,0.0,0.0,1.0,1.0,0.0,0.0,1.0
10,185,9.220510492038494,5.7848049028783,0.0,0.0,1.0,1.0,0.0,1.0
11,185,10.230563457169737,4.126409732823075,0.0,1.0,1.0,0.0,1.0,1.0
12,185,0.7027150987940416,1.8831299279997995,0.0,0.0,0.0,1.0,1.0,0.0
13,185,9.87414616437238,0.5285386685045632,1.0,1.0,0.0,0.0,0.0,0.0
14,185,3.931102071900253,8.259850285900011,0.0,0.0,1.0,0.0,0.0,0.0
15,185,0.5206265629984235,6.84485680102687,0.0,0.0,1.0,0.0,1.0,0.0
16,185,8.126434531321964,10.682484185870443,1.0,1.0,0.0,1.0,0.0,1.0
17,185,9.474251492997151,3.3977322608641285,1.0,0.0,0.0,0.0,1.0,0.0
18,185,0.0,10.070143516669464,1.0,1.0,0.0,0.0,1.0,0.0
19,185,0.8273237638108919,1.9165610380278464,0.0,0.0,0.0,0.0,1.0,0.0
20,185,0.7636749238724555,1.9646526271852265,0.0,0.0,1.0,0.0,1.0,1.0
21,185,8.614372883608091,6.525849256954067,1.0,0.0,1.0,0.0,0.0,1.0
22,185,4.4337159594562925,12.0,1.0,0.0,1.0,1.0,0.0,0.0
23,185,7.895151890700141,0.0,0.0,1.0,0.0,0.0,1.0,1.0
24,185,6.690294788623334,0.782325360115304,0.0,1.0,0.0,0.0,1.0,1.0
25,185,11.133674053500364,7.257546703659527,1.0,1.0,1.0,0.0,0.0,0.0
26,185,7.903958935066124,0.0,1.0,1.0,0.0,0.0,0.0,0.0
27,185,2.7957094683841968,9.749834402793438,1.0,1.0,0.0,0.0,0.0,0.0
28,185,12.0,2.38820900593624,0.0,0.0,1.0,0.0,1.0,1.0
29,185,7.086462614743911,9.214841205633745,0.0,1.0,0.0,1.0,0.0,1.0
30,185,8.197573035778316,3.0658755665971182,0.0,1.0,0.0,0.0,0.0,0.0
31,185,3.384686855118695,11.493671160056524,1.0,0.0,0.0,1.0,0.0,0.0
32,185,1.851786819330823,0.0784776667013803,1.0,0.0,1.0,1.0,0.0,1.0
33,185,7.284287781543935,4.901825779709075,0.0,0.0,0.0,1.0,0.0,0.0
34,185,5.155710537621893,1.6958242028251764,0.0,0.0,0.0,1.0,1.0,1.0
35,185,11.953324185884636,5.924668228128981,0.0,1.0,1.0,1.0,0.0,0.0
36,185,11.944515000459454,3.3656452881868866,1.0,0.0,0.0,1.0,1.0,0.0
37,185,5.544939714068055,0.0263775377348518,1.0,0.0,1.0,0.0,1.0,1.0
38,185,0.0,9.81262301856415,1.0,0.0,1.0,0.0,0.0,1.0
39,185,0.0,10.6894503792385,0.0,0.0,0.0,0.0,1.0,0.0
0,190,4.71588781673719,5.588199237575388,0.0,0.0,0.0,0.0,0.0,0.0
1,190,6.985432403897397,8.273664603415378,0.0,0.0,1.0,1.0,1.0,1.0
2,190,0.0359811977509102,10.509234378232136,0.0,0.0,0.0,0.0,0.0,0.0
3,190,0.6934841742477458,6.003830601329993,1.0,1.0,0.0,0.0,1.0,1.0
4,190,0.0,7.773741850839847,0.0,0.0,0.0,1.0,0.0,1.0
5,190,0.3273693967838496,7.76087812356923,0.0,0.0,0.0,0.0,0.0,1.0
6,190,7.170310566075643,7.338374230361748,1.0,0.0,1.0,0.0,0.0,0.0
7,190,10.212302630487816,0.0,1.0,1.0,0.0,0.0,1.0,1.0
8,190,10.512800425287834,5.011337489738967,0.0,1.0,1.0,1.0,1.0,0.0
9,190,7.206574426664408,0.0,0.0,1.0,1.0,0.0,0.0,1.0
10,190,9.202369190809575,5.6932540246623455,0.0,0.0,1.0,1.0,0.0,1.0
11,190,10.260658965026938,4.003622688577933,0.0,1.0,1.0,0.0,1.0,1.0
12,190,0.698635445450365,1.8238531326895016,0.0,0.0,0.0,1.0,1.0,0.0
13,190,9.890643581719136,0.4154742611720975,1.0,1.0,0.0,0.0,0.0,0.0
14,190,3.8766617914382575,8.246868118681771,0.0,0.0,1.0,0.0,0.0,0.0
15,190,0.6077990242131909,6.865120345649373,0.0,0.0,1.0,0.0,1.0,0.0
16,190,8.288647673079987,10.693706847788633,1.0,1.0,0.0,1.0,0.0,1.0
17,190,9.52623858983829,3.3866514548615925,1.0,0.0,0.0,0.0,1.0,0.0
18,190,0.0,9.953246634753755,1.0,1.0,0.0,0.0,1.0,0.0
19,190,0.7660332220665184,1.9230843046739468,0.0,0.0,0.0,0.0,1.0,0.0
20,190,0.7552947583715927,1.9632205411339527,0.0,0.0,1.0,0.0,1.0,1.0
21,190,8.635493322360501,6.680652287800584,1.0,0.0,1.0,0.0,0.0,1.0
22,190,4.498681145742319,12.0,1.0,0.0,1.0,1.0,0.0,0.0
23,190,7.894165329795774,0.0,0.0,1.0,0.0,0.0,1.0,1.0
24,190,6.62591252939754,0.8191515422680336,0.0,1.0,0.0,0.0,1.0,1.0
25,190,11.102072949174817,7.248243668889853,1.0,1.0,1.0,0.0,0.0,0.0
26,190,7.900150736388585,0.0,1.0,1.0,0.0,0.0,0.0,0.0
27,190,2.557282455315821,9.791054454540973,1.0,1.0,0.0,0.0,0.0,0.0
28,190,12.0,2.295199290313471,0.0,0.0,1.0,0.0,1.0,1.0
29,190,7.223607261031627,9.19493381320216,0.0,1.0,0.0,1.0,0.0,1.0
30,190,8.1572238504192,3.096722872886139,0.0,1.0,0.0,0.0,0.0,0.0
31,190,3.5354671597182707,11.51895959202443,1.0,0.0,0.0,1.0,0.0,0.0
32,190,1.8521273917160848,0.0793254348356446,1.0,0.0,1.0,1.0,0.0,1.0
33,190,7.332096469503839,4.914363550830813,0.0,0.0,0.0,1.0,0.0,0.0
34,190,5.156338599208602,1.6869428246557947,0.0,0.0,0.0,1.0,1.0,1.0
35,190,11.951355930656678,5.8627527971005176,0.0,1.0,1.0,1.0,0.0,0.0
36,190,11.917434680232851,3.517466750716914,1.0,0.0,0.0,1.0,1.0,0.0
37,190,5.574235258595278,0.0572425382042493,1.0,0.0,1.0,0.0,1.0,1.0
38,190,0.0,9.812780677783737,1.0,0.0,1.0,0.0,0.0,1.0
39,190,0.0,10.681734677200756,0.0,0.0,0.0,0.0,1.0,0.0
0,195,4.669310695032492,5.651101075646697,0.0,0.0,0.0,0.0,0.0,0.0
1,195,7.0822689729209065,8.265438330561205,0.0,0.0,1.0,1.0,1.0,1.0
2,195,0.0386478279809945,10.44167675037188,0.0,0.0,0.0,0.0,0.0,0.0
3,195,0.6431414430360025,6.040852532711108,1.0,1.0,0.0,0.0,1.0,1.0
4,195,0.0,7.832386885092847,0.0,0.0,0.0,1.0,0.0,1.0
5,195,0.3424690039711442,7.7632352006024385,0.0,0.0,0.0,0.0,0.0,1.0
6,195,7.164315528078549,7.340636004241129,1.0,0.0,1.0,0.0,0.0,0.0
7,195,10.227909112415109,0.0102101956006684,1.0,1.0,0.0,0.0,1.0,1.0
8,195,10.553206259772258,4.959063286100613,0.0,1.0,1.0,1.0,1.0,0.0
9,195,7.263505811431183,0.0,0.0,1.0,1.0,0.0,0.0,1.0
10,195,9.18485977443706,5.602313666575753,0.0,0.0,1.0,1.0,0.0,1.0
11,195,10.287170333164758,3.893929824181373,0.0,1.0,1.0,0.0,1.0,1.0
12,195,0.6948150482944947,1.7516076733623185,0.0,0.0,0.0,1.0,1.0,0.0
13,195,9.904836776993756,0.3218038909920926,1.0,1.0,0.0,0.0,0.0,0.0
14,195,3.832588029821608,8.2368109646536,0.0,0.0,1.0,0.0,0.0,0.0
15,195,0.6987756438322897,6.888683170975557,0.0,0.0,1.0,0.0,1.0,0.0
16,195,8.4524383998168,10.708782395562457,1.0,1.0,0.0,1.0,0.0,1.0
17,195,9.57887254494083,3.37384494377481,1.0,0.0,0.0,0.0,1.0,0.0
18,195,0.0,9.826137565289647,1.0,1.0,0.0,0.0,1.0,0.0
19,195,0.7218157210425948,1.927281521414457,0.0,0.0,0.0,0.0,1.0,0.0
20,195,0.7255320769024146,1.9587543002749517,0.0,0.0,1.0,0.0,1.0,1.0
21,195,8.655490117388695,6.84239717048889,1.0,0.0,1.0,0.0,0.0,1.0
22,195,4.556731788694285,12.0,1.0,0.0,1.0,1.0,0.0,0.0
23,195,7.892815948935693,0.0,0.0,1.0,0.0,0.0,1.0,1.0
24,195,6.55490340634774,0.8575184494040207,0.0,1.0,0.0,0.0,1.0,1.0
25,195,11.081370857331857,7.242526564440419,1.0,1.0,1.0,0.0,0.0,0.0
26,195,7.896564548146927,0.0,1.0,1.0,0.0,0.0,0.0,0.0
27,195,2.303939457614069,9.833629763386458,1.0,1.0,0.0,0.0,0.0,0.0
28,195,12.0,2.2024024093839425,0.0,0.0,1.0,0.0,1.0,1.0
29,195,7.354162949479359,9.174911971378016,0.0,1.0,0.0,1.0,0.0,1.0
30,195,8.12001007415828,3.1239201106025263,0.0,1.0,0.0,0.0,0.0,0.0
31,195,3.68945367948828,11.542078092506376,1.0,0.0,0.0,1.0,0.0,0.0
32,195,1.848667573812824,0.0704970107559399,1.0,0.0,1.0,1.0,0.0,1.0
33,195,7.374600749647311,4.926969361793012,0.0,0.0,0.0,1.0,0.0,0.0
34,195,5.15535402559441,1.702197313922814,0.0,0.0,0.0,1.0,1.0,1.0
35,195,11.950805870517254,5.762042602094854,0.0,1.0,1.0,1.0,0.0,0.0
36,195,11.896423447104798,3.667709431604643,1.0,0.0,0.0,1.0,1.0,0.0
37,195,5.5943548330083415,0.0789397276210556,1.0,0.0,1.0,0.0,1.0,1.0
38,195,0.0,9.812282499926226,1.0,0.0,1.0,0.0,0.0,1.0
39,195,0.0,10.652891709390214,0.0,0.0,0.0,0.0,1.0,0.0
0,200,4.632388009380592,5.699805438234422,0.0,0.0,0.0,0.0,0.0,0.0
1,200,7.166515820512797,8.258980716088535,0.0,0.0,1.0,1.0,1.0,1.0
2,200,0.0391427478013462,10.393272609436467,0.0,0.0,0.0,0.0,0.0,0.0
3,200,0.5885937572796277,6.080166822280669,1.0,1.0,0.0,0.0,1.0,1.0
4,200,0.0,7.891069813187711,0.0,0.0,0.0,1.0,0.0,1.0
5,200,0.3644330732586009,7.766409268268563,0.0,0.0,0.0,0.0,0.0,1.0
6,200,7.16764639732593,7.339561968064925,1.0,0.0,1.0,0.0,0.0,0.0
7,200,10.240782100407134,0.0191270891126671,1.0,1.0,0.0,0.0,1.0,1.0
8,200,10.590809387151545,4.913897235431736,0.0,1.0,1.0,1.0,1.0,0.0
9,200,7.311404542874552,0.0,0.0,1.0,1.0,0.0,0.0,1.0
10,200,9.165397557361704,5.517251495540818,0.0,0.0,1.0,1.0,0.0,1.0
11,200,10.311277209482132,3.785502194302919,0.0,1.0,1.0,0.0,1.0,1.0
12,200,0.6903173411136146,1.6851172292493033,0.0,0.0,0.0,1.0,1.0,0.0
13,200,9.916142846618134,0.2454929341873773,1.0,1.0,0.0,0.0,0.0,0.0
14,200,3.7912870029112646,8.228639418157801,0.0,0.0,1.0,0.0,0.0,0.0
15,200,0.790311755222838,6.911418539318199,0.0,0.0,1.0,0.0,1.0,0.0
16,200,8.603237575661549,10.724722847686238,1.0,1.0,0.0,1.0,0.0,1.0
17,200,9.639838536925522,3.35796522444879,1.0,0.0,0.0,0.0,1.0,0.0
18,200,0.0,9.704968833696755,1.0,1.0,0.0,0.0,1.0,0.0
19,200,0.6742576243923205,1.9320542675567551,0.0,0.0,0.0,0.0,1.0,0.0
20,200,0.7105615997886564,1.9559698889744677,0.0,0.0,1.0,0.0,1.0,1.0
21,200,8.672762577025667,7.010610950864432,1.0,0.0,1.0,0.0,0.0,1.0
22,200,4.635493916360146,12.0,1.0,0.0,1.0,1.0,0.0,0.0
23,200,7.891883322489196,0.0,0.0,1.0,0.0,0.0,1.0,1.0
24,200,6.486359310063848,0.898367446233963,0.0,1.0,0.0,0.0,1.0,1.0
25,200,11.060511592412317,7.236750992883221,1.0,1.0,1.0,0.0,0.0,0.0
26,200,7.892573118802325,0.0,1.0,1.0,0.0,0.0,0.0,0.0
27,200,2.055951590906968,9.87692453506864,1.0,1.0,0.0,0.0,0.0,0.0
28,200,12.0,2.104226455891154,0.0,0.0,1.0,0.0,1.0,1.0
29,200,7.458374037325248,9.159478367958044,0.0,1.0,0.0,1.0,0.0,1.0
30,200,8.097440759980506,3.139530019293161,0.0,1.0,0.0,0.0,0.0,0.0
31,200,3.836273641485927,11.562438725860082,1.0,0.0,0.0,1.0,0.0,0.0
32,200,1.848848465089112,0.0709829763006734,1.0,0.0,1.0,1.0,0.0,1.0
33,200,7.424658805786114,4.941904555852524,0.0,0.0,0.0,1.0,0.0,0.0
34,200,5.155585646491385,1.698561281310676,0.0,0.0,0.0,1.0,1.0,1.0
35,200,11.951301389573478,5.681668463077753,0.0,1.0,1.0,1.0,0.0,0.0
36,200,11.871888174499448,3.8278255517684414,1.0,0.0,0.0,1.0,1.0,0.0
37,200,5.615683429106479,0.1004453846465156,1.0,0.0,1.0,0.0,1.0,1.0
38,200,0.0,9.811514052776928,1.0,0.0,1.0,0.0,0.0,1.0
39,200,0.0,10.666646132711632,0.0,0.0,0.0,0.0,1.0,0.0
0,205,4.6075617526767285,5.732793633914323,0.0,0.0,0.0,0.0,0.0,0.0
1,205,7.241539166940963,8.253857605184235,0.0,0.0,1.0,1.0,1.0,1.0
2,205,0.0408889440132569,10.33702433965131,0.0,0.0,0.0,0.0,0.0,0.0
3,205,0.5346465693195982,6.118781755227015,1.0,1.0,0.0,0.0,1.0,1.0
4,205,0.0,7.93768361145213,0.0,0.0,0.0,1.0,0.0,1.0
5,205,0.382898128468692,7.768245848968335,0.0,0.0,0.0,0.0,0.0,1.0
6,205,7.150981144821035,7.34466409875873,1.0,0.0,1.0,0.0,0.0,0.0
7,205,10.248405118579988,0.0249032900107528,1.0,1.0,0.0,0.0,1.0,1.0
8,205,10.622160714531876,4.876228610680224,0.0,1.0,1.0,1.0,1.0,0.0
9,205,7.357141064295821,0.0,0.0,1.0,1.0,0.0,0.0,1.0
10,205,9.143663331024271,5.435094023298555,0.0,0.0,1.0,1.0,0.0,1.0
11,205,10.342118309648686,3.655435124713745,0.0,1.0,1.0,0.0,1.0,1.0
12,205,0.6858452020312777,1.6108878570405998,0.0,0.0,0.0,1.0,1.0,0.0
13,205,9.933858822406332,0.1277347958148611,1.0,1.0,0.0,0.0,0.0,0.0
14,205,3.739235024551488,8.219411812161809,0.0,0.0,1.0,0.0,0.0,0.0
15,205,0.8818403597363439,6.936653356161955,0.0,0.0,1.0,0.0,1.0,0.0
16,205,8.760039263057568,10.734169061139406,1.0,1.0,0.0,1.0,0.0,1.0
17,205,9.71256183486045,3.339863834222042,1.0,0.0,0.0,0.0,1.0,0.0
18,205,0.0,9.586057045003033,1.0,1.0,0.0,0.0,1.0,0.0
19,205,0.6083383425285513,1.9386038398589396,0.0,0.0,0.0,0.0,1.0,0.0
20,205,0.6647650400677454,1.948288386188227,0.0,0.0,1.0,0.0,1.0,1.0
21,205,8.691311830331141,7.185815952489714,1.0,0.0,1.0,0.0,0.0,1.0
22,205,4.715902350236149,12.0,1.0,0.0,1.0,1.0,0.0,0.0
23,205,7.890474465319012,0.0,0.0,1.0,0.0,0.0,1.0,1.0
24,205,6.394749442708347,0.9524899058225004,0.0,1.0,0.0,0.0,1.0,1.0
25,205,11.02992803740176,7.228501966478264,1.0,1.0,1.0,0.0,0.0,0.0
26,205,7.888286820192876,0.0,1.0,1.0,0.0,0.0,0.0,0.0
27,205,1.8106012037871932,9.921381006679688,1.0,1.0,0.0,0.0,0.0,0.0
28,205,12.0,1.970160448591673,0.0,0.0,1.0,0.0,1.0,1.0
29,205,7.546535751264547,9.14817457348754,0.0,1.0,0.0,1.0,0.0,1.0
30,205,8.075276650035779,3.1549563087394,0.0,1.0,0.0,0.0,0.0,0.0
31,205,3.986916430587121,11.582151102306977,1.0,0.0,0.0,1.0,0.0,0.0
32,205,1.845822646071263,0.0634916367972122,1.0,0.0,1.0,1.0,0.0,1.0
33,205,7.489380769722245,4.960827423273294,0.0,0.0,0.0,1.0,0.0,0.0
34,205,5.155479283797477,1.7003731226308652,0.0,0.0,0.0,1.0,1.0,1.0
35,205,11.952761614291406,5.594522977357094,0.0,1.0,1.0,1.0,0.0,0.0
36,205,11.85239310967806,3.97895539268676,1.0,0.0,0.0,1.0,1.0,0.0
37,205,5.625654459217976,0.1105642334639929,1.0,0.0,1.0,0.0,1.0,1.0
38,205,0.0,9.811080369191576,1.0,0.0,1.0,0.0,0.0,1.0
39,205,0.0,10.680146034690187,0.0,0.0,0.0,0.0,1.0,0.0
0,210,4.588161971464962,5.760327762817557,0.0,0.0,0.0,0.0,0.0,0.0
1,210,7.325268334842526,8.249208507071035,0.0,0.0,1.0,1.0,1.0,1.0
2,210,0.042869997755171,10.286726940581746,0.0,0.0,0.0,0.0,0.0,0.0
3,210,0.474916845253697,6.160086257811499,1.0,1.0,0.0,0.0,1.0,1.0
4,210,0.0,7.977768694206699,0.0,0.0,0.0,1.0,0.0,1.0
5,210,0.3860247139358742,7.76852385056876,0.0,0.0,0.0,0.0,0.0,1.0
6,210,7.126695812586636,7.352246662203874,1.0,0.0,1.0,0.0,0.0,0.0
7,210,10.25822478024496,0.0327000436260811,1.0,1.0,0.0,0.0,1.0,1.0
8,210,10.65049391097756,4.842468246792986,0.0,1.0,1.0,1.0,1.0,0.0
9,210,7.404643263635882,0.0,0.0,1.0,1.0,0.0,0.0,1.0
10,210,9.11992834492592,5.342757893814712,0.0,0.0,1.0,1.0,0.0,1.0
11,210,10.37141039599162,3.5355892724108986,0.0,1.0,1.0,0.0,1.0,1.0
12,210,0.6789737707254152,1.520222358595802,0.0,0.0,0.0,1.0,1.0,0.0
13,210,9.956102375929389,0.0,1.0,1.0,0.0,0.0,0.0,0.0
14,210,3.6455599120568345,8.204349593721009,0.0,0.0,1.0,0.0,0.0,0.0
15,210,0.964930986215674,6.9595894905806,0.0,0.0,1.0,0.0,1.0,0.0
16,210,8.929030706586804,10.743427445361586,1.0,1.0,0.0,1.0,0.0,1.0
17,210,9.766355333638298,3.327087208980876,1.0,0.0,0.0,0.0,1.0,0.0
18,210,0.0,9.468581807016252,1.0,1.0,0.0,0.0,1.0,0.0
19,210,0.5481811195020421,1.9451083207946116,0.0,0.0,0.0,0.0,1.0,0.0
20,210,0.628776962899771,1.9413266713146613,0.0,0.0,1.0,0.0,1.0,1.0
21,210,8.706300091765407,7.34753574065343,1.0,0.0,1.0,0.0,0.0,1.0
22,210,4.799259359287397,12.0,1.0,0.0,1.0,1.0,0.0,0.0
23,210,7.889678073258794,0.0,0.0,1.0,0.0,0.0,1.0,1.0
24,210,6.31639053879423,0.997913238219947,0.0,1.0,0.0,0.0,1.0,1.0
25,210,10.98392475603635,7.214658586091938,1.0,1.0,1.0,0.0,0.0,0.0
26,210,7.884374726656593,0.0,1.0,1.0,0.0,0.0,0.0,0.0
27,210,1.572659311448001,9.959744069058024,1.0,1.0,0.0,0.0,0.0,0.0
28,210,12.0,1.837602368097776,0.0,0.0,1.0,0.0,1.0,1.0
29,210,7.63495255675479,9.138147398823197,0.0,1.0,0.0,1.0,0.0,1.0
30,210,8.032709824898145,3.1844073326076376,0.0,1.0,0.0,0.0,0.0,0.0
31,210,4.146082377515183,11.605078250257892,1.0,0.0,0.0,1.0,0.0,0.0
32,210,1.8467040253453333,0.0657512266465991,1.0,0.0,1.0,1.0,0.0,1.0
33,210,7.545130967477792,4.977286858950282,0.0,0.0,0.0,1.0,0.0,0.0
34,210,5.155835135245305,1.6972457327013246,0.0,0.0,0.0,1.0,1.0,1.0
35,210,11.95657925224783,5.5189308462656985,0.0,1.0,1.0,1.0,0.0,0.0
36,210,11.832270224975494,4.146005789299464,1.0,0.0,0.0,1.0,1.0,0.0
37,210,5.644423605493309,0.1294261568320738,1.0,0.0,1.0,0.0,1.0,1.0
38,210,0.0,9.811162120084184,1.0,0.0,1.0,0.0,0.0,1.0
39,210,0.0,10.692198035185957,0.0,0.0,0.0,0.0,1.0,0.0
0,215,4.570759397366971,5.785789644100515,0.0,0.0,0.0,0.0,0.0,0.0
1,215,7.3914982933233615,8.246534712734572,0.0,0.0,1.0,1.0,1.0,1.0
2,215,0.0454152933002944,10.229416695521614,0.0,0.0,0.0,0.0,0.0,0.0
3,215,0.4198149167111124,6.198315353645592,1.0,1.0,0.0,0.0,1.0,1.0
4,215,0.0,8.036410880656941,0.0,0.0,0.0,1.0,0.0,1.0
5,215,0.3900246010750661,7.768853518311635,0.0,0.0,0.0,0.0,0.0,1.0
6,215,7.1230069661226665,7.353389820669685,1.0,0.0,1.0,0.0,0.0,0.0
7,215,10.284083142956616,0.0536282421425338,1.0,1.0,0.0,0.0,1.0,1.0
8,215,10.671721211612365,4.816807047227747,0.0,1.0,1.0,1.0,1.0,0.0
9,215,7.442352557785213,0.0,0.0,1.0,1.0,0.0,0.0,1.0
10,215,9.10118682224443,5.270908561014461,0.0,0.0,1.0,1.0,0.0,1.0
11,215,10.40352509050669,3.405329403168599,0.0,1.0,1.0,0.0,1.0,1.0
12,215,0.6702624477361611,1.420172052519431,0.0,0.0,0.0,1.0,1.0,0.0
13,215,9.980588626977918,0.0,1.0,1.0,0.0,0.0,0.0,0.0
14,215,3.5356539732140204,8.187338622794108,0.0,0.0,1.0,0.0,0.0,0.0
15,215,1.0484856074399025,6.9816414938873095,0.0,0.0,1.0,0.0,1.0,0.0
16,215,9.114698905104262,10.750649545305508,1.0,1.0,0.0,1.0,0.0,1.0
17,215,9.79899362963175,3.3199338362575914,1.0,0.0,0.0,0.0,1.0,0.0
18,215,0.0,9.341660576436558,1.0,1.0,0.0,0.0,1.0,0.0
19,215,0.4802575794811185,1.9525790391581352,0.0,0.0,0.0,0.0,1.0,0.0
20,215,0.5831500213225504,1.9317870289834664,0.0,0.0,1.0,0.0,1.0,1.0
21,215,8.722110608416976,7.509568778198923,1.0,0.0,1.0,0.0,0.0,1.0
22,215,4.871425044492439,12.0,1.0,0.0,1.0,1.0,0.0,0.0
23,215,7.889306078739417,0.0,0.0,1.0,0.0,0.0,1.0,1.0
24,215,6.242000745406127,1.042230078522417,0.0,1.0,0.0,0.0,1.0,1.0
25,215,10.955494862002672,7.206073470923539,1.0,1.0,1.0,0.0,0.0,0.0
26,215,7.88233133762528,0.0,1.0,1.0,0.0,0.0,0.0,0.0
27,215,1.3447922939430503,10.005004274387632,1.0,1.0,0.0,0.0,0.0,0.0
28,215,12.0,1.713426831333425,0.0,0.0,1.0,0.0,1.0,1.0
29,215,7.701140990935537,9.13115402028191,0.0,1.0,0.0,1.0,0.0,1.0
30,215,7.986759604242172,3.216408711906368,0.0,1.0,0.0,0.0,0.0,0.0
31,215,4.327324183826289,11.63152991047636,1.0,0.0,0.0,1.0,0.0,0.0
32,215,1.8455370389446133,0.0626268093895747,1.0,0.0,1.0,1.0,0.0,1.0
33,215,7.598283440226517,4.994130341524259,0.0,0.0,0.0,1.0,0.0,0.0
34,215,5.15428274962546,1.709687034937007,0.0,0.0,0.0,1.0,1.0,1.0
35,215,11.958987045392687,5.451480739049714,0.0,1.0,1.0,1.0,0.0,0.0
36,215,11.807655914583163,4.3361993408197375,1.0,0.0,0.0,1.0,1.0,0.0
37,215,5.667380804056123,0.152446015008406,1.0,0.0,1.0,0.0,1.0,1.0
38,215,0.0,9.808216818731768,1.0,0.0,1.0,0.0,0.0,1.0
39,215,0.0,10.7047491834731,0.0,0.0,0.0,0.0,1.0,0.0
0,220,4.558153500967433,5.803799322293315,0.0,0.0,0.0,0.0,0.0,0.0
1,220,7.451076487218464,8.244332496480169,0.0,0.0,1.0,1.0,1.0,1.0
2,220,0.047321016480817,10.190271672241492,0.0,0.0,0.0,0.0,0.0,0.0
3,220,0.3716695318072531,6.232732705752248,1.0,1.0,0.0,0.0,1.0,1.0
4,220,0.0,8.09251237797184,0.0,0.0,0.0,1.0,0.0,1.0
5,220,0.4040191566862118,7.770191965206092,0.0,0.0,0.0,0.0,0.0,1.0
6,220,7.119914749899836,7.354289522321226,1.0,0.0,1.0,0.0,0.0,0.0
7,220,10.34436891475736,0.1016606229069295,1.0,1.0,0.0,0.0,1.0,1.0
8,220,10.712133887249207,4.766399626148467,0.0,1.0,1.0,1.0,1.0,0.0
9,220,7.462700213287418,0.0,0.0,1.0,1.0,0.0,0.0,1.0
10,220,9.08236129263154,5.185869100941917,0.0,0.0,1.0,1.0,0.0,1.0
11,220,10.437957426511035,3.2545580100322766,0.0,1.0,1.0,0.0,1.0,1.0
12,220,0.6644099381857339,1.325708668257899,0.0,0.0,0.0,1.0,1.0,0.0
13,220,9.99952123785589,0.0,1.0,1.0,0.0,0.0,0.0,0.0
14,220,3.4297905182683763,8.172906382533297,0.0,0.0,1.0,0.0,0.0,0.0
15,220,1.0978589216682553,6.99641225595325,0.0,0.0,1.0,0.0,1.0,0.0
16,220,9.278995658866522,10.75390558297454,1.0,1.0,0.0,1.0,0.0,1.0
17,220,9.85568035420406,3.3066411977149786,1.0,0.0,0.0,0.0,1.0,0.0
18,220,0.0,9.21320325946052,1.0,1.0,0.0,0.0,1.0,0.0
19,220,0.4274426818885903,1.9596145056955252,0.0,0.0,0.0,0.0,1.0,0.0
20,220,0.5252076768035601,1.9186483613895504,0.0,0.0,1.0,0.0,1.0,1.0
21,220,8.731761541951721,7.664557711212085,1.0,0.0,1.0,0.0,0.0,1.0
22,220,4.936368110620398,12.0,1.0,0.0,1.0,1.0,0.0,0.0
23,220,7.888684930173391,0.0,0.0,1.0,0.0,0.0,1.0,1.0
24,220,6.167328075589623,1.0835308445926093,0.0,1.0,0.0,0.0,1.0,1.0
25,220,10.91878651914593,7.195064069465148,1.0,1.0,1.0,0.0,0.0,0.0
26,220,7.880325435412129,0.0,1.0,1.0,0.0,0.0,0.0,0.0
27,220,1.108380697009176,10.047299776124431,1.0,1.0,0.0,0.0,0.0,0.0
28,220,12.0,1.6269373829019254,0.0,0.0,1.0,0.0,1.0,1.0
29,220,7.751898154936437,9.127745308371068,0.0,1.0,0.0,1.0,0.0,1.0
30,220,7.943197850800932,3.246080421413926,0.0,1.0,0.0,0.0,0.0,0.0
31,220,4.48351588449089,11.655324641833284,1.0,0.0,0.0,1.0,0.0,0.0
32,220,1.8510035601376615,0.0769345997471959,1.0,0.0,1.0,1.0,0.0,1.0
33,220,7.650520094032543,5.011944369277296,0.0,0.0,0.0,1.0,0.0,0.0
34,220,5.155051004496643,1.7013576469090728,0.0,0.0,0.0,1.0,1.0,1.0
35,220,11.963044577393584,5.368259353515527,0.0,1.0,1.0,1.0,0.0,0.0
36,220,11.786972647279976,4.518315595233965,1.0,0.0,0.0,1.0,1.0,0.0
37,220,5.639233304287697,0.1813773947843392,1.0,0.0,1.0,0.0,1.0,1.0
38,220,0.0,9.804527404621968,1.0,0.0,1.0,0.0,0.0,1.0
39,220,0.0,10.722936504137865,0.0,0.0,0.0,0.0,1.0,0.0
0,225,4.54229426492004,5.827395797448501,0.0,0.0,0.0,0.0,0.0,0.0
1,225,7.529532381184844,8.23935337461977,0.0,0.0,1.0,1.0,1.0,1.0
2,225,0.0505021742745708,10.136504145651871,0.0,0.0,0.0,0.0,0.0,0.0
3,225,0.3357718563621338,6.257672611181485,1.0,1.0,0.0,0.0,1.0,1.0
4,225,0.0,8.157824114972843,0.0,0.0,0.0,1.0,0.0,1.0
5,225,0.4215731367534667,7.77168469334448,0.0,0.0,0.0,0.0,0.0,1.0
6,225,7.140938108006583,7.3479005944512545,1.0,0.0,1.0,0.0,0.0,0.0
7,225,10.42376850062784,0.1636997078604127,1.0,1.0,0.0,0.0,1.0,1.0
8,225,10.76965918832898,4.697425075661176,0.0,1.0,1.0,1.0,1.0,0.0
9,225,7.488384275210262,0.0,0.0,1.0,1.0,0.0,0.0,1.0
10,225,9.063256373490017,5.095681210203406,0.0,0.0,1.0,1.0,0.0,1.0
11,225,10.477264125011414,3.0919934721224758,0.0,1.0,1.0,0.0,1.0,1.0
12,225,0.6592958845779947,1.2402350953649586,0.0,0.0,0.0,1.0,1.0,0.0
13,225,10.015718537686451,0.0,1.0,1.0,0.0,0.0,0.0,0.0
14,225,3.3459063179467887,8.160547408884835,0.0,0.0,1.0,0.0,0.0,0.0
15,225,1.148976102355191,7.010045638491375,0.0,0.0,1.0,0.0,1.0,0.0
16,225,9.463472294957445,10.762244489548562,1.0,1.0,0.0,1.0,0.0,1.0
17,225,9.911624088101812,3.2925713218954837,1.0,0.0,0.0,0.0,1.0,0.0
18,225,0.0,9.078181668025197,1.0,1.0,0.0,0.0,1.0,0.0
19,225,0.3547148722652525,1.9666563916236093,0.0,0.0,0.0,0.0,1.0,0.0
20,225,0.447268529481375,1.9027138014987124,0.0,0.0,1.0,0.0,1.0,1.0
21,225,8.742432403811929,7.819565576716797,1.0,0.0,1.0,0.0,0.0,1.0
22,225,4.987307312000219,12.0,1.0,0.0,1.0,1.0,0.0,0.0
23,225,7.88860421334895,0.0,0.0,1.0,0.0,0.0,1.0,1.0
24,225,6.071282416381875,1.1381562905844764,0.0,1.0,0.0,0.0,1.0,1.0
25,225,10.897252486129888,7.187725650631126,1.0,1.0,1.0,0.0,0.0,0.0
26,225,7.8790373848676,0.0,1.0,1.0,0.0,0.0,0.0,0.0
27,225,0.8676903940873705,10.085539686408096,1.0,1.0,0.0,0.0,0.0,0.0
28,225,12.0,1.5711223748082312,0.0,0.0,1.0,0.0,1.0,1.0
29,225,7.801964302065109,9.122680566938843,0.0,1.0,0.0,1.0,0.0,1.0
30,225,7.925502953879524,3.258387436074573,0.0,1.0,0.0,0.0,0.0,0.0
31,225,4.657877514340396,11.685212436907465,1.0,0.0,0.0,1.0,0.0,0.0
32,225,1.8521820737884973,0.0799081839420392,1.0,0.0,1.0,1.0,0.0,1.0
33,225,7.690362195442639,5.02552053341852,0.0,0.0,0.0,1.0,0.0,0.0
34,225,5.155915851266417,1.693495854879978,0.0,0.0,0.0,1.0,1.0,1.0
35,225,11.969606328831352,5.29389343300779,0.0,1.0,1.0,1.0,0.0,0.0
36,225,11.764418066384458,4.713950487420147,1.0,0.0,0.0,1.0,1.0,0.0
37,225,5.621645853498156,0.2005014666833633,1.0,0.0,1.0,0.0,1.0,1.0
38,225,0.0,9.800043181242302,1.0,0.0,1.0,0.0,0.0,1.0
39,225,0.0,10.735299896500518,0.0,0.0,0.0,0.0,1.0,0.0
0,230,4.5604314805115695,5.839994968659148,0.0,0.0,0.0,0.0,0.0,0.0
1,230,7.59601849187184,8.233426652640128,0.0,0.0,1.0,1.0,1.0,1.0
2,230,0.0549432868515156,10.055614141462693,0.0,0.0,0.0,0.0,0.0,0.0
3,230,0.3134045192746488,6.273592061783216,1.0,1.0,0.0,0.0,1.0,1.0
4,230,0.0,8.241265523570389,0.0,0.0,0.0,1.0,0.0,1.0
5,230,0.4304535767494248,7.772290525144461,0.0,0.0,0.0,0.0,0.0,1.0
6,230,7.158290444172648,7.342543501538479,1.0,0.0,1.0,0.0,0.0,0.0
7,230,10.485270298771065,0.2107279566346064,1.0,1.0,0.0,0.0,1.0,1.0
8,230,10.820777455559416,4.633494077844026,0.0,1.0,1.0,1.0,1.0,0.0
9,230,7.520462134457884,0.0,0.0,1.0,1.0,0.0,0.0,1.0
10,230,9.044405651151068,5.010721167056119,0.0,0.0,1.0,1.0,0.0,1.0
11,230,10.520924804709052,2.9333601387548485,0.0,1.0,1.0,0.0,1.0,1.0
12,230,0.6547757860796778,1.1595522911819125,0.0,0.0,0.0,1.0,1.0,0.0
13,230,10.03281470078852,0.0,1.0,1.0,0.0,0.0,0.0,0.0
14,230,3.2508642634828178,8.146263383070483,0.0,0.0,1.0,0.0,0.0,0.0
15,230,1.1740722679170978,7.016542173265147,0.0,0.0,1.0,0.0,1.0,0.0
16,230,9.64926334224805,10.775511787238395,1.0,1.0,0.0,1.0,0.0,1.0
17,230,9.976679009653258,3.2761187541349504,1.0,0.0,0.0,0.0,1.0,0.0
18,230,0.0,8.946633990653197,1.0,1.0,0.0,0.0,1.0,0.0
19,230,0.270753152254701,1.976699580211964,0.0,0.0,0.0,0.0,1.0,0.0
20,230,0.3858239390808496,1.8891529859658949,0.0,0.0,1.0,0.0,1.0,1.0
21,230,8.752676284102959,7.978897959258662,1.0,0.0,1.0,0.0,0.0,1.0
22,230,5.036229415318561,12.0,1.0,0.0,1.0,1.0,0.0,0.0
23,230,7.8886074408394204,0.0005567374789776,0.0,1.0,0.0,0.0,1.0,1.0
24,230,6.010506134735965,1.171005567784975,0.0,1.0,0.0,0.0,1.0,1.0
25,230,10.886354561005302,7.184559190023855,1.0,1.0,1.0,0.0,0.0,0.0
26,230,7.877166770801873,0.0,1.0,1.0,0.0,0.0,0.0,0.0
27,230,0.6434286077379793,10.119120721399469,1.0,1.0,0.0,0.0,0.0,0.0
28,230,12.0,1.5310222391897017,0.0,0.0,1.0,0.0,1.0,1.0
29,230,7.854318332681181,9.117123778939046,0.0,1.0,0.0,1.0,0.0,1.0
30,230,7.914486127393024,3.2661715030756917,0.0,1.0,0.0,0.0,0.0,0.0
31,230,4.818132796618948,11.713484451461577,1.0,0.0,0.0,1.0,0.0,0.0
32,230,1.8525825810206509,0.0809363201097531,1.0,0.0,1.0,1.0,0.0,1.0
33,230,7.734079222028861,5.041454302734591,0.0,0.0,0.0,1.0,0.0,0.0
34,230,5.159495020046339,1.666039513782674,0.0,0.0,0.0,1.0,1.0,1.0
35,230,11.976025834088311,5.237178925586734,0.0,1.0,1.0,1.0,0.0,0.0
36,230,11.742029286972778,4.908693182602616,1.0,0.0,0.0,1.0,1.0,0.0
37,230,5.595661322027604,0.2283281208790403,1.0,0.0,1.0,0.0,1.0,1.0
38,230,0.0,9.795402640644951,1.0,0.0,1.0,0.0,0.0,1.0
39,230,0.0,10.750232538922877,0.0,0.0,0.0,0.0,1.0,0.0
0,235,4.579896315607784,5.854117653046523,0.0,0.0,0.0,0.0,0.0,0.0
1,235,7.667070752971187,8.22490966106831,0.0,0.0,1.0,1.0,1.0,1.0
2,235,0.0593068621794113,9.976563143204904,0.0,0.0,0.0,0.0,0.0,0.0
3,235,0.2759939494930715,6.301622918723514,1.0,1.0,0.0,0.0,1.0,1.0
4,235,0.0,8.336381337770163,0.0,0.0,0.0,1.0,0.0,1.0
5,235,0.4653457301033193,7.774873613827379,0.0,0.0,0.0,0.0,0.0,1.0
6,235,7.2162473001093,7.322677731505124,1.0,0.0,1.0,0.0,0.0,0.0
7,235,10.545590298488328,0.2537934114628905,1.0,1.0,0.0,0.0,1.0,1.0
8,235,10.888583202221216,4.545682843873991,0.0,1.0,1.0,1.0,1.0,0.0
9,235,7.559225005133551,0.0,0.0,1.0,1.0,0.0,0.0,1.0
10,235,9.025434649318866,4.929416434752525,0.0,0.0,1.0,1.0,0.0,1.0
11,235,10.56289934363934,2.7729987695044875,0.0,1.0,1.0,0.0,1.0,1.0
12,235,0.650905168594348,1.057010235006463,0.0,0.0,0.0,1.0,1.0,0.0
13,235,10.047259421573902,0.0,1.0,1.0,0.0,0.0,0.0,0.0
14,235,3.1525730844057653,8.133738763480792,0.0,0.0,1.0,0.0,0.0,0.0
15,235,1.215854245206284,7.027723455859446,0.0,0.0,1.0,0.0,1.0,0.0
16,235,9.828923825793538,10.790728142661898,1.0,1.0,0.0,1.0,0.0,1.0
17,235,10.057413785529487,3.2572242151392965,1.0,0.0,0.0,0.0,1.0,0.0
18,235,0.0,8.822479204635874,1.0,1.0,0.0,0.0,1.0,0.0
19,235,0.256099648823238,1.8887573216858964,0.0,0.0,0.0,0.0,1.0,0.0
20,235,0.3248420002592701,1.8762628334841656,0.0,0.0,1.0,0.0,1.0,1.0
21,235,8.767711597360224,8.128643786917092,1.0,0.0,1.0,0.0,0.0,1.0
22,235,5.075931005423773,12.0,1.0,0.0,1.0,1.0,0.0,0.0
23,235,7.888580653979349,0.0047925755025277,0.0,1.0,0.0,0.0,1.0,1.0
24,235,5.946067230146666,1.205930281154422,0.0,1.0,0.0,0.0,1.0,1.0
25,235,10.874614393562858,7.181199605932125,1.0,1.0,1.0,0.0,0.0,0.0
26,235,7.8738787035024815,0.0,1.0,1.0,0.0,0.0,0.0,0.0
27,235,0.4129402011263933,10.146853753334469,1.0,1.0,0.0,0.0,0.0,0.0
28,235,12.0,1.488298789189454,0.0,0.0,1.0,0.0,1.0,1.0
29,235,7.881278117378535,9.11435356330961,0.0,1.0,0.0,1.0,0.0,1.0
30,235,7.908616616401561,3.2702126290704605,0.0,1.0,0.0,0.0,0.0,0.0
31,235,4.989177759049588,11.74671964110584,1.0,0.0,0.0,1.0,0.0,0.0
32,235,1.8436454822510089,0.0611536904477232,1.0,0.0,1.0,1.0,0.0,1.0
33,235,7.7772403518398034,5.057019537298428,0.0,0.0,0.0,1.0,0.0,0.0
34,235,5.166744924661712,1.6182391916780878,0.0,0.0,0.0,1.0,1.0,1.0
35,235,11.981452444648747,5.174137039447546,0.0,1.0,1.0,1.0,0.0,0.0
36,235,11.716989841075732,5.095132151158749,1.0,0.0,0.0,1.0,1.0,0.0
37,235,5.574722902310343,0.250741358941897,1.0,0.0,1.0,0.0,1.0,1.0
38,235,0.0,9.7897442961725,1.0,0.0,1.0,0.0,0.0,1.0
39,235,0.0,10.764478807959994,0.0,0.0,0.0,0.0,1.0,0.0
0,240,4.613732856864679,5.877878266118202,0.0,0.0,0.0,0.0,0.0,0.0
1,240,7.739019049573571,8.215874544864327,0.0,0.0,1.0,1.0,1.0,1.0
2,240,0.0623741015430388,9.90230657893513,0.0,0.0,0.0,0.0,0.0,0.0
3,240,0.2454558877564513,6.323455362389279,1.0,1.0,0.0,0.0,1.0,1.0
4,240,0.0,8.422419488941529,0.0,0.0,0.0,1.0,0.0,1.0
5,240,0.511196165363321,7.777511556492303,0.0,0.0,0.0,0.0,0.0,1.0
6,240,7.275493021632003,7.30242388518474,1.0,0.0,1.0,0.0,0.0,0.0
7,240,10.59837138619378,0.2897582320410934,1.0,1.0,0.0,0.0,1.0,1.0
8,240,10.977711605778913,4.434045845506366,0.0,1.0,1.0,1.0,1.0,0.0
9,240,7.598534952311404,0.0,0.0,1.0,1.0,0.0,0.0,1.0
10,240,9.004373465971526,4.830796211084703,0.0,0.0,1.0,1.0,0.0,1.0
11,240,10.607083966159252,2.589029540840506,0.0,1.0,1.0,0.0,1.0,1.0
12,240,0.6471122125224293,0.9649898509195808,0.0,0.0,0.0,1.0,1.0,0.0
13,240,10.064455584184298,0.0,1.0,1.0,0.0,0.0,0.0,0.0
14,240,3.0199166687498127,8.119224035471838,0.0,0.0,1.0,0.0,0.0,0.0
15,240,1.26596865209092,7.040725373505629,0.0,0.0,1.0,0.0,1.0,0.0
16,240,10.02665532101054,10.803404574712244,1.0,1.0,0.0,1.0,0.0,1.0
17,240,10.117362215120847,3.24161727138368,1.0,0.0,0.0,0.0,1.0,0.0
18,240,0.0,8.706420223916515,1.0,1.0,0.0,0.0,1.0,0.0
19,240,0.2437980858268943,1.815782728309504,0.0,0.0,0.0,0.0,1.0,0.0
20,240,0.2681301191383927,1.8624699616150184,0.0,0.0,1.0,0.0,1.0,1.0
21,240,8.784361149888493,8.282424328885579,1.0,0.0,1.0,0.0,0.0,1.0
22,240,5.112120358213166,12.0,1.0,0.0,1.0,1.0,0.0,0.0
23,240,7.888889787079568,0.0,0.0,1.0,0.0,0.0,1.0,1.0
24,240,5.866846750472574,1.248557729554043,0.0,1.0,0.0,0.0,1.0,1.0
25,240,10.864759646567492,7.178372685464512,1.0,1.0,1.0,0.0,0.0,0.0
26,240,7.87095381841063,0.0,1.0,1.0,0.0,0.0,0.0,0.0
27,240,0.1637758962298911,10.177610679755915,1.0,1.0,0.0,0.0,0.0,0.0
28,240,12.0,1.433585290709245,0.0,0.0,1.0,0.0,1.0,1.0
29,240,7.888456316567349,9.113740339063648,0.0,1.0,0.0,1.0,0.0,1.0
30,240,7.906716004023376,3.2715464231454665,0.0,1.0,0.0,0.0,0.0,0.0
31,240,5.151110584828855,11.781650271862476,1.0,0.0,0.0,1.0,0.0,0.0
32,240,1.8314686435045708,0.033793851667655,1.0,0.0,1.0,1.0,0.0,1.0
33,240,7.8369819052981695,5.079250802026025,0.0,0.0,0.0,1.0,0.0,0.0
34,240,5.172946099759825,1.5826650593069531,0.0,0.0,0.0,1.0,1.0,1.0
35,240,11.985384047164066,5.121845659511011,0.0,1.0,1.0,1.0,0.0,0.0
36,240,11.6884118361136,5.295755831395118,1.0,0.0,0.0,1.0,1.0,0.0
37,240,5.557615937424583,0.2700113380875856,1.0,0.0,1.0,0.0,1.0,1.0
38,240,0.0,9.78443112337816,1.0,0.0,1.0,0.0,0.0,1.0
39,240,0.0,10.771627421970706,0.0,0.0,0.0,0.0,1.0,0.0
0,245,4.646017126304023,5.900114579665195,0.0,0.0,0.0,0.0,0.0,0.0
1,245,7.818219451317045,8.206344764471172,0.0,0.0,1.0,1.0,1.0,1.0
2,245,0.0668878558796741,9.835155880234272,0.0,0.0,0.0,0.0,0.0,0.0
3,245,0.2249995487160008,6.337908801059992,1.0,1.0,0.0,0.0,1.0,1.0
4,245,0.0,8.534136788051056,0.0,0.0,0.0,1.0,0.0,1.0
5,245,0.5592584995509372,7.780191181552453,0.0,0.0,0.0,0.0,0.0,1.0
6,245,7.337597112241142,7.281184112695034,1.0,0.0,1.0,0.0,0.0,0.0
7,245,10.643802038594709,0.3194368895829869,1.0,1.0,0.0,0.0,1.0,1.0
8,245,11.058233026214774,4.328900795154623,0.0,1.0,1.0,1.0,1.0,0.0
9,245,7.654987699568105,0.0,0.0,1.0,1.0,0.0,0.0,1.0
10,245,8.976593730786018,4.720007690349917,0.0,0.0,1.0,1.0,0.0,1.0
11,245,10.6518465722859,2.391618645406176,0.0,1.0,1.0,0.0,1.0,1.0
12,245,0.6446242648736294,0.8951308757625631,0.0,0.0,0.0,1.0,1.0,0.0
13,245,10.081010864421048,0.0,1.0,1.0,0.0,0.0,0.0,0.0
14,245,2.900746907118423,8.105831341546192,0.0,0.0,1.0,0.0,0.0,0.0
15,245,1.319336685008234,7.055052714252803,0.0,0.0,1.0,0.0,1.0,0.0
16,245,10.241873195742032,10.818940179625022,1.0,1.0,0.0,1.0,0.0,1.0
17,245,10.153773898705804,3.231928867626874,1.0,0.0,0.0,0.0,1.0,0.0
18,245,0.0,8.588514551067554,1.0,1.0,0.0,0.0,1.0,0.0
19,245,0.2344772203045116,1.7567229511665714,0.0,0.0,0.0,0.0,1.0,0.0
20,245,0.1967769654941899,1.8463368162644964,0.0,0.0,1.0,0.0,1.0,1.0
21,245,8.800473561155764,8.431073167387659,1.0,0.0,1.0,0.0,0.0,1.0
22,245,5.163586427991072,12.0,1.0,0.0,1.0,1.0,0.0,0.0
23,245,7.88887582226208,0.0007195110448259,0.0,1.0,0.0,0.0,1.0,1.0
24,245,5.79142016696513,1.2881975956823468,0.0,1.0,0.0,0.0,1.0,1.0
25,245,10.869498592062936,7.16241346059851,1.0,1.0,1.0,0.0,0.0,0.0
26,245,7.867865402085676,0.0,1.0,1.0,0.0,0.0,0.0,0.0
27,245,0.0,10.210082609551485,1.0,1.0,0.0,0.0,0.0,0.0
28,245,12.0,1.393937301450067,0.0,0.0,1.0,0.0,1.0,1.0
29,245,7.881570602782803,9.114254366855944,0.0,1.0,0.0,1.0,0.0,1.0
30,245,7.913376617006731,3.2667160487575244,0.0,1.0,0.0,0.0,0.0,0.0
31,245,5.304442321691866,11.813904830884704,1.0,0.0,0.0,1.0,0.0,0.0
32,245,1.816174788603082,0.0,1.0,0.0,1.0,1.0,0.0,1.0
33,245,7.884719412827687,5.097702454384955,0.0,0.0,0.0,1.0,0.0,0.0
34,245,5.183542896373807,1.5209973014377227,0.0,0.0,0.0,1.0,1.0,1.0
35,245,11.990540881346602,5.045297124790105,0.0,1.0,1.0,1.0,0.0,0.0
36,245,11.66235498820666,5.491265220047873,1.0,0.0,0.0,1.0,1.0,0.0
37,245,5.538853381066617,0.2911684283855479,1.0,0.0,1.0,0.0,1.0,1.0
38,245,0.0,9.780203654171938,1.0,0.0,1.0,0.0,0.0,1.0
39,245,0.0,10.788128565731023,0.0,0.0,0.0,0.0,1.0,0.0
0,250,4.665303117445918,5.91345646476729,0.0,0.0,0.0,0.0,0.0,0.0
1,250,7.908803828359089,8.193489012164518,0.0,0.0,1.0,1.0,1.0,1.0
2,250,0.0706233101254657,9.771257350904907,0.0,0.0,0.0,0.0,0.0,0.0
3,250,0.2097856985366744,6.349125635575634,1.0,1.0,0.0,0.0,1.0,1.0
4,250,0.0,8.65399685385402,0.0,0.0,0.0,1.0,0.0,1.0
5,250,0.6055710262491758,7.783221915225717,0.0,0.0,0.0,0.0,0.0,1.0
6,250,7.400605980435348,7.258744658849931,1.0,0.0,1.0,0.0,0.0,0.0
7,250,10.692905281277511,0.3520805600378097,1.0,1.0,0.0,0.0,1.0,1.0
8,250,11.154327108681484,4.19789148063533,0.0,1.0,1.0,1.0,1.0,0.0
9,250,7.698590579086741,0.0,0.0,1.0,1.0,0.0,0.0,1.0
10,250,8.952074731266668,4.621382578056531,0.0,0.0,1.0,1.0,0.0,1.0
11,250,10.690685214884754,2.197046629536239,0.0,1.0,1.0,0.0,1.0,1.0
12,250,0.6418055798488188,0.8287742909358766,0.0,0.0,0.0,1.0,1.0,0.0
13,250,10.096888205017317,0.0,1.0,1.0,0.0,0.0,0.0,0.0
14,250,2.8130823535155978,8.097363945042835,0.0,0.0,1.0,0.0,0.0,0.0
15,250,1.3604204158336413,7.065412378876019,0.0,0.0,1.0,0.0,1.0,0.0
16,250,10.446166041395006,10.837607922708168,1.0,1.0,0.0,1.0,0.0,1.0
17,250,10.16227679906805,3.2293225582739087,1.0,0.0,0.0,0.0,1.0,0.0
18,250,0.0,8.47509477030608,1.0,1.0,0.0,0.0,1.0,0.0
19,250,0.2250725139904136,1.70241107780348,0.0,0.0,0.0,0.0,1.0,0.0
20,250,0.1125558999779288,1.823867052354961,0.0,0.0,1.0,0.0,1.0,1.0
21,250,8.815322319007606,8.574921459941569,1.0,0.0,1.0,0.0,0.0,1.0
22,250,5.215154396984302,12.0,1.0,0.0,1.0,1.0,0.0,0.0
23,250,7.889062076270381,0.0,0.0,1.0,0.0,0.0,1.0,1.0
24,250,5.70129656303193,1.337277364381373,0.0,1.0,0.0,0.0,1.0,1.0
25,250,10.87308096069352,7.150297263597071,1.0,1.0,1.0,0.0,0.0,0.0
26,250,7.863208734835329,0.0,1.0,1.0,0.0,0.0,0.0,0.0
27,250,0.0,10.247487713261828,1.0,1.0,0.0,0.0,0.0,0.0
28,250,12.0,1.3645332979939104,0.0,0.0,1.0,0.0,1.0,1.0
29,250,7.884965956877069,9.113969985058253,0.0,1.0,0.0,1.0,0.0,1.0
30,250,7.923361154616679,3.2593613255253104,0.0,1.0,0.0,0.0,0.0,0.0
31,250,5.440364595552844,11.839761962218285,1.0,0.0,0.0,1.0,0.0,0.0
32,250,1.7977475744128344,0.0,1.0,0.0,1.0,1.0,0.0,1.0
33,250,7.934527887387811,5.116551186326862,0.0,0.0,0.0,1.0,0.0,0.0
34,250,5.192349505111637,1.4726361012131652,0.0,0.0,0.0,1.0,1.0,1.0
35,250,11.992601450795291,4.993139641203529,0.0,1.0,1.0,1.0,0.0,0.0
36,250,11.632019890193444,5.675517577256041,1.0,0.0,0.0,1.0,1.0,0.0
37,250,5.511146197222969,0.3215718190374111,1.0,0.0,1.0,0.0,1.0,1.0
38,250,0.0,9.773813497655322,1.0,0.0,1.0,0.0,0.0,1.0
39,250,0.0,10.802450651687948,0.0,0.0,0.0,0.0,1.0,0.0
0,255,4.682751565741213,5.9250109641417215,0.0,0.0,0.0,0.0,0.0,0.0
1,255,7.991022228966357,8.180604125535991,0.0,0.0,1.0,1.0,1.0,1.0
2,255,0.0732933142534204,9.709336392620822,0.0,0.0,0.0,0.0,0.0,0.0
3,255,0.2055281093889133,6.352189652783021,1.0,1.0,0.0,0.0,1.0,1.0
4,255,0.0,8.761434615857517,0.0,0.0,0.0,1.0,0.0,1.0
5,255,0.6209213764466956,7.784359526652387,0.0,0.0,0.0,0.0,0.0,1.0
6,255,7.450287064625683,7.241519140050972,1.0,0.0,1.0,0.0,0.0,0.0
7,255,10.751002001687946,0.389547655358021,1.0,1.0,0.0,0.0,1.0,1.0
8,255,11.2476629073487,4.072078576287006,0.0,1.0,1.0,1.0,1.0,0.0
9,255,7.750782170492104,0.0,0.0,1.0,1.0,0.0,0.0,1.0
10,255,8.92564150795905,4.5050562709708375,0.0,0.0,1.0,1.0,0.0,1.0
11,255,10.730877005374191,1.997865326572319,0.0,1.0,1.0,0.0,1.0,1.0
12,255,0.6385455319962021,0.7555953969943313,0.0,0.0,0.0,1.0,1.0,0.0
13,255,10.112178174611923,0.0,1.0,1.0,0.0,0.0,0.0,0.0
14,255,2.7287481338074744,8.087877235964458,0.0,0.0,1.0,0.0,0.0,0.0
15,255,1.39934711311143,7.074993663476147,0.0,0.0,1.0,0.0,1.0,0.0
16,255,10.678655118935094,10.8563805617591,1.0,1.0,0.0,1.0,0.0,1.0
17,255,10.150998390254568,3.232629962249941,1.0,0.0,0.0,0.0,1.0,0.0
18,255,0.0,8.359190607163427,1.0,1.0,0.0,0.0,1.0,0.0
19,255,0.2165659025278339,1.651192704309628,0.0,0.0,0.0,0.0,1.0,0.0
20,255,0.0299924672612611,1.8028082011693665,0.0,0.0,1.0,0.0,1.0,1.0
21,255,8.83007182101985,8.714419773571585,1.0,0.0,1.0,0.0,0.0,1.0
22,255,5.273529624617737,12.0,1.0,0.0,1.0,1.0,0.0,0.0
23,255,7.888918062695434,0.0032247959474115,0.0,1.0,0.0,0.0,1.0,1.0
24,255,5.611800251319085,1.3887353358121235,0.0,1.0,0.0,0.0,1.0,1.0
25,255,10.877965379453151,7.1346611355155485,1.0,1.0,1.0,0.0,0.0,0.0
26,255,7.858032648131672,0.0,1.0,1.0,0.0,0.0,0.0,0.0
27,255,0.0,10.275255853525255,1.0,1.0,0.0,0.0,0.0,0.0
28,255,12.0,1.3407714953499856,0.0,0.0,1.0,0.0,1.0,1.0
29,255,7.869652207508019,9.11466071048287,0.0,1.0,0.0,1.0,0.0,1.0
30,255,7.916971216858009,3.263794934406097,0.0,1.0,0.0,0.0,0.0,0.0
31,255,5.590483652790823,11.8674504633061,1.0,0.0,0.0,1.0,0.0,0.0
32,255,1.7764443931905105,0.0,1.0,0.0,1.0,1.0,0.0,1.0
33,255,7.993137901182016,5.137752863609675,0.0,0.0,0.0,1.0,0.0,0.0
34,255,5.204961272169688,1.4123397185857818,0.0,0.0,0.0,1.0,1.0,1.0
35,255,11.993958850918368,4.942116342364716,0.0,1.0,1.0,1.0,0.0,0.0
36,255,11.60189263907753,5.857733415459629,1.0,0.0,0.0,1.0,1.0,0.0
37,255,5.506765272405199,0.3262916930684381,1.0,0.0,1.0,0.0,1.0,1.0
38,255,0.0,9.76679026963201,1.0,0.0,1.0,0.0,0.0,1.0
39,255,0.0,10.80352791180713,0.0,0.0,0.0,0.0,1.0,0.0
0,260,4.702209079022771,5.9377213995475,0.0,0.0,0.0,0.0,0.0,0.0
1,260,8.064146042304912,8.170093580553864,0.0,0.0,1.0,1.0,1.0,1.0
2,260,0.0753571914280448,9.646865728930909,0.0,0.0,0.0,0.0,0.0,0.0
3,260,0.1813208137686254,6.369527076256443,1.0,1.0,0.0,0.0,1.0,1.0
4,260,0.0,8.874289914267585,0.0,0.0,0.0,1.0,0.0,1.0
5,260,0.6361044108320328,7.784961612461474,0.0,0.0,0.0,0.0,0.0,1.0
6,260,7.538772539268653,7.211996854872487,1.0,0.0,1.0,0.0,0.0,0.0
7,260,10.819694746363169,0.4291443957475154,1.0,1.0,0.0,0.0,1.0,1.0
8,260,11.344602680846874,3.948931665810216,0.0,1.0,1.0,1.0,1.0,0.0
9,260,7.807590467785695,0.0,0.0,1.0,1.0,0.0,0.0,1.0
10,260,8.894760285537712,4.370964006000778,0.0,0.0,1.0,1.0,0.0,1.0
11,260,10.769007464189134,1.7829853043231458,0.0,1.0,1.0,0.0,1.0,1.0
12,260,0.6363196460018627,0.6988742504321328,0.0,0.0,0.0,1.0,1.0,0.0
13,260,10.126953223236994,0.0,1.0,1.0,0.0,0.0,0.0,0.0
14,260,2.661903184939336,8.080978905942246,0.0,0.0,1.0,0.0,0.0,0.0
15,260,1.427563582743721,7.081287275951421,0.0,0.0,1.0,0.0,1.0,0.0
16,260,10.902992050691884,10.876280127352551,1.0,1.0,0.0,1.0,0.0,1.0
17,260,10.15504737430722,3.2314131468567147,1.0,0.0,0.0,0.0,1.0,0.0
18,260,0.0,8.241710198796628,1.0,1.0,0.0,0.0,1.0,0.0
19,260,0.208057968731566,1.6067908501996984,0.0,0.0,0.0,0.0,1.0,0.0
20,260,0.0,1.7773528969717938,0.0,0.0,1.0,0.0,1.0,1.0
21,260,8.842618351281171,8.84121852695087,1.0,0.0,1.0,0.0,0.0,1.0
22,260,5.34206570498989,12.0,1.0,0.0,1.0,1.0,0.0,0.0
23,260,7.888122379574418,0.0225988079822966,0.0,1.0,0.0,0.0,1.0,1.0
24,260,5.523093553515037,1.4427692605516549,0.0,1.0,0.0,0.0,1.0,1.0
25,260,10.882402390426948,7.120690748687663,1.0,1.0,1.0,0.0,0.0,0.0
26,260,7.851696764640116,0.0,1.0,1.0,0.0,0.0,0.0,0.0
27,260,0.0,10.298554325490112,1.0,1.0,0.0,0.0,0.0,0.0
28,260,12.0,1.3116945343993798,0.0,0.0,1.0,0.0,1.0,1.0
29,260,7.859135523843394,9.115384898298425,0.0,1.0,0.0,1.0,0.0,1.0
30,260,7.905737676239847,3.2714745938509977,0.0,1.0,0.0,0.0,0.0,0.0
31,260,5.7350602092918495,11.892239915250313,1.0,0.0,0.0,1.0,0.0,0.0
32,260,1.7446755026935847,0.0,1.0,0.0,1.0,1.0,0.0,1.0
33,260,8.04999920576737,5.158593893366131,0.0,0.0,0.0,1.0,0.0,0.0
34,260,5.216796140764672,1.3494629375246987,0.0,0.0,0.0,1.0,1.0,1.0
35,260,11.995065535476622,4.883403632127637,0.0,1.0,1.0,1.0,0.0,0.0
36,260,11.568662279422597,6.0532915199981465,1.0,0.0,0.0,1.0,1.0,0.0
37,260,5.510157496199672,0.3225883274437566,1.0,0.0,1.0,0.0,1.0,1.0
38,260,0.0,9.761397844210256,1.0,0.0,1.0,0.0,0.0,1.0
39,260,0.0,10.80408860318042,0.0,0.0,0.0,0.0,1.0,0.0
0,265,4.706611592826802,5.940616377642425,0.0,0.0,0.0,0.0,0.0,0.0
1,265,8.163606915832952,8.154838420113206,0.0,0.0,1.0,1.0,1.0,1.0
2,265,0.0779007739762691,9.58920278648772,0.0,0.0,0.0,0.0,0.0,0.0
3,265,0.1326737240089927,6.40337342596208,1.0,1.0,0.0,0.0,1.0,1.0
4,265,0.0,8.990642745089838,0.0,0.0,0.0,1.0,0.0,1.0
5,265,0.6685527828894768,7.786595729269402,0.0,0.0,0.0,0.0,0.0,1.0
6,265,7.63701168918836,7.178357576726535,1.0,0.0,1.0,0.0,0.0,0.0
7,265,10.86530694585976,0.4548477218502534,1.0,1.0,0.0,0.0,1.0,1.0
8,265,11.43925493577155,3.824629019657428,0.0,1.0,1.0,1.0,1.0,0.0
9,265,7.853200187764509,0.0,0.0,1.0,1.0,0.0,0.0,1.0
10,265,8.86678604946208,4.255294247035852,0.0,0.0,1.0,1.0,0.0,1.0
11,265,10.80350348472783,1.5745459455705315,0.0,1.0,1.0,0.0,1.0,1.0
12,265,0.6336387706384927,0.6346098959869352,0.0,0.0,0.0,1.0,1.0,0.0
13,265,10.1407950833297,0.0,1.0,1.0,0.0,0.0,0.0,0.0
14,265,2.654058159385547,8.148282120584044,0.0,0.0,1.0,0.0,0.0,0.0
15,265,1.4579459368628425,7.088981410650551,0.0,0.0,1.0,0.0,1.0,0.0
16,265,11.11820000626435,10.894988268558842,1.0,1.0,0.0,1.0,0.0,1.0
17,265,10.151245317261854,3.23261682915074,1.0,0.0,0.0,0.0,1.0,0.0
18,265,0.0,8.123833008317652,1.0,1.0,0.0,0.0,1.0,0.0
19,265,0.2033955242517814,1.582263945799423,0.0,0.0,0.0,0.0,1.0,0.0
20,265,0.0,1.7542494492526275,0.0,0.0,1.0,0.0,1.0,1.0
21,265,8.856364141735378,8.983421678718873,1.0,0.0,1.0,0.0,0.0,1.0
22,265,5.408686419248409,12.0,1.0,0.0,1.0,1.0,0.0,0.0
23,265,7.88778516274474,0.0351119654765483,0.0,1.0,0.0,0.0,1.0,1.0
24,265,5.42963313092126,1.4992820927308323,0.0,1.0,0.0,0.0,1.0,1.0
25,265,10.880838585489784,7.12573683879346,1.0,1.0,1.0,0.0,0.0,0.0
26,265,7.846620038992402,0.0,1.0,1.0,0.0,0.0,0.0,0.0
27,265,0.0,10.313136620209388,1.0,1.0,0.0,0.0,0.0,0.0
28,265,12.0,1.2856784002658015,0.0,0.0,1.0,0.0,1.0,1.0
29,265,7.853287370492254,9.1158469093099,0.0,1.0,0.0,1.0,0.0,1.0
30,265,7.87614824439034,3.291853740007016,0.0,1.0,0.0,0.0,0.0,0.0
31,265,5.8865526761047615,11.92282537274401,1.0,0.0,0.0,1.0,0.0,0.0
32,265,1.7141722411630065,0.0,1.0,0.0,1.0,1.0,0.0,1.0
33,265,8.112854560373485,5.181587361380962,0.0,0.0,0.0,1.0,0.0,0.0
34,265,5.228102146333022,1.2771906069128425,0.0,0.0,0.0,1.0,1.0,1.0
35,265,11.995295803121524,4.868484611379252,0.0,1.0,1.0,1.0,0.0,0.0
36,265,11.539278019989435,6.250486188082722,1.0,0.0,0.0,1.0,1.0,0.0
37,265,5.5004594636343125,0.3335922022355114,1.0,0.0,1.0,0.0,1.0,1.0
38,265,0.0,9.756858514045971,1.0,0.0,1.0,0.0,0.0,1.0
39,265,0.0,10.808285211287416,0.0,0.0,0.0,0.0,1.0,0.0
0,270,4.698523038643117,5.935184224086845,0.0,0.0,0.0,0.0,0.0,0.0
1,270,8.247776638291592,8.141058369588603,0.0,0.0,1.0,1.0,1.0,1.0
2,270,0.0846534533594427,9.506530199675458,0.0,0.0,0.0,0.0,0.0,0.0
3,270,0.0846654677741661,6.436981364008532,1.0,1.0,0.0,0.0,1.0,1.0
4,270,0.0,9.12274954471746,0.0,0.0,0.0,1.0,0.0,1.0
5,270,0.7067319895352178,7.788167404622924,0.0,0.0,0.0,0.0,0.0,1.0
6,270,7.725324172211599,7.147535591175447,1.0,0.0,1.0,0.0,0.0,0.0
7,270,10.921089426897598,0.4861287835824619,1.0,1.0,0.0,0.0,1.0,1.0
8,270,11.540409946494313,3.6992252511003816,0.0,1.0,1.0,1.0,1.0,0.0
9,270,7.88452500601386,0.0,0.0,1.0,1.0,0.0,0.0,1.0
10,270,8.836644605193571,4.139596101236791,0.0,0.0,1.0,1.0,0.0,1.0
11,270,10.838657679179253,1.347097779792323,0.0,1.0,1.0,0.0,1.0,1.0
12,270,0.6317041474305098,0.5830031909414174,0.0,0.0,0.0,1.0,1.0,0.0
13,270,10.156321671544214,0.0,1.0,1.0,0.0,0.0,0.0,0.0
14,270,2.6462581068765494,8.22121758519846,0.0,0.0,1.0,0.0,0.0,0.0
15,270,1.4785900117968584,7.0938338774752285,0.0,0.0,1.0,0.0,1.0,0.0
16,270,11.317099735556582,10.909425084308191,1.0,1.0,0.0,1.0,0.0,1.0
17,270,10.152543262971776,3.2321839883413364,1.0,0.0,0.0,0.0,1.0,0.0
18,270,0.0,8.00203313148181,1.0,1.0,0.0,0.0,1.0,0.0
19,270,0.204179713117491,1.5862258671596443,0.0,0.0,0.0,0.0,1.0,0.0
20,270,0.0,1.7292006095565615,0.0,0.0,1.0,0.0,1.0,1.0
21,270,8.866534949852522,9.156219650291876,1.0,0.0,1.0,0.0,0.0,1.0
22,270,5.47585744573899,12.0,1.0,0.0,1.0,1.0,0.0,0.0
23,270,7.886796109109598,0.0646361319056225,0.0,1.0,0.0,0.0,1.0,1.0
24,270,5.343245241782985,1.552080555695978,0.0,1.0,0.0,0.0,1.0,1.0
25,270,10.885085060002371,7.112805490463942,1.0,1.0,1.0,0.0,0.0,0.0
26,270,7.842024765412847,0.0,1.0,1.0,0.0,0.0,0.0,0.0
27,270,0.0,10.332308757154562,1.0,1.0,0.0,0.0,0.0,0.0
28,270,12.0,1.2544450403289695,0.0,0.0,1.0,0.0,1.0,1.0
29,270,7.8510657520354705,9.116040614734992,0.0,1.0,0.0,1.0,0.0,1.0
30,270,7.837419757497147,3.319085903481181,0.0,1.0,0.0,0.0,0.0,0.0
31,270,6.036479955593209,11.9525122812573,1.0,0.0,0.0,1.0,0.0,0.0
32,270,1.6923585795011449,0.0,1.0,0.0,1.0,1.0,0.0,1.0
33,270,8.201357680140246,5.212364910861587,0.0,0.0,0.0,1.0,0.0,0.0
34,270,5.237023542606552,1.2266433145937845,0.0,0.0,0.0,1.0,1.0,1.0
35,270,11.995708054580929,4.849229669803577,0.0,1.0,1.0,1.0,0.0,0.0
36,270,11.506009843147508,6.4630152719290495,1.0,0.0,0.0,1.0,1.0,0.0
37,270,5.491978063661761,0.3424820321904755,1.0,0.0,1.0,0.0,1.0,1.0
38,270,0.0,9.7518622622273,1.0,0.0,1.0,0.0,0.0,1.0
39,270,0.0,10.815901784828522,0.0,0.0,0.0,0.0,1.0,0.0
0,275,4.69975259237933,5.93600652253668,0.0,0.0,0.0,0.0,0.0,0.0
1,275,8.327742752694572,8.127714511564927,0.0,0.0,1.0,1.0,1.0,1.0
2,275,0.0930497388126173,9.414681616351618,0.0,0.0,0.0,0.0,0.0,0.0
3,275,0.0234439940744775,6.477173240314826,1.0,1.0,0.0,0.0,1.0,1.0
4,275,0.0,9.253924099767822,0.0,0.0,0.0,1.0,0.0,1.0
5,275,0.7424142889190616,7.78968225580528,0.0,0.0,0.0,0.0,0.0,1.0
6,275,7.798427605312012,7.121251647032516,1.0,0.0,1.0,0.0,0.0,0.0
7,275,10.970282304544742,0.5137250427421037,1.0,1.0,0.0,0.0,1.0,1.0
8,275,11.651064676397777,3.5600836212536504,0.0,1.0,1.0,1.0,1.0,0.0
9,275,7.90448401671342,0.0,0.0,1.0,1.0,0.0,0.0,1.0
10,275,8.80437460379301,4.005484367114036,0.0,0.0,1.0,1.0,0.0,1.0
11,275,10.877582557061954,1.1230442679346069,0.0,1.0,1.0,0.0,1.0,1.0
12,275,0.629536961484431,0.5208486995134312,0.0,0.0,0.0,1.0,1.0,0.0
13,275,10.179402074597515,0.0,1.0,1.0,0.0,0.0,0.0,0.0
14,275,2.636756946811245,8.297027326053726,0.0,0.0,1.0,0.0,0.0,0.0
15,275,1.4922182120148977,7.096787313234268,0.0,0.0,1.0,0.0,1.0,0.0
16,275,11.535487557684922,10.922195851651932,1.0,1.0,0.0,1.0,0.0,1.0
17,275,10.140340710249248,3.2357205187811133,1.0,0.0,0.0,0.0,1.0,0.0
18,275,0.0,7.886959459629858,1.0,1.0,0.0,0.0,1.0,0.0
19,275,0.2043306801737448,1.5869651209947226,0.0,0.0,0.0,0.0,1.0,0.0
20,275,0.0,1.703586393839194,0.0,0.0,1.0,0.0,1.0,1.0
21,275,8.878795943700224,9.330447297938717,1.0,0.0,1.0,0.0,0.0,1.0
22,275,5.536810090332603,12.0,1.0,0.0,1.0,1.0,0.0,0.0
23,275,7.886654406193739,0.0746420695188889,0.0,1.0,0.0,0.0,1.0,1.0
24,275,5.2533873025167335,1.6030022387518683,0.0,1.0,0.0,0.0,1.0,1.0
25,275,10.892843451816065,7.091132552975707,1.0,1.0,1.0,0.0,0.0,0.0
26,275,7.8376420669813935,0.0,1.0,1.0,0.0,0.0,0.0,0.0
27,275,0.0,10.3558410956127,1.0,1.0,0.0,0.0,0.0,0.0
28,275,12.0,1.2267856493278897,0.0,0.0,1.0,0.0,1.0,1.0
29,275,7.852282265683655,9.115919167268896,0.0,1.0,0.0,1.0,0.0,1.0
30,275,7.774492379212066,3.3631405740325486,0.0,1.0,0.0,0.0,0.0,0.0
31,275,6.192452283203698,11.982706636943446,1.0,0.0,0.0,1.0,0.0,0.0
32,275,1.6685093051046176,0.0,1.0,0.0,1.0,1.0,0.0,1.0
33,275,8.311429374439722,5.2484200639153205,0.0,0.0,0.0,1.0,0.0,0.0
34,275,5.251392711073825,1.1469827298611652,0.0,0.0,0.0,1.0,1.0,1.0
35,275,11.99595130837016,4.842344037003849,0.0,1.0,1.0,1.0,0.0,0.0
36,275,11.461767812623345,6.687325692198688,1.0,0.0,0.0,1.0,1.0,0.0
37,275,5.469842871344776,0.3667126916421452,1.0,0.0,1.0,0.0,1.0,1.0
38,275,0.0,9.746730683926527,1.0,0.0,1.0,0.0,0.0,1.0
39,275,0.0,10.81708761808465,0.0,0.0,0.0,0.0,1.0,0.0
0,280,4.6755127957755365,5.920252248317283,0.0,0.0,0.0,0.0,0.0,0.0
1,280,8.390121879378485,8.118222869523217,0.0,0.0,1.0,1.0,1.0,1.0
2,280,0.101433282384589,9.328696448803626,0.0,0.0,0.0,0.0,0.0,0.0
3,280,0.0,6.525604450009196,1.0,1.0,0.0,0.0,1.0,1.0
4,280,0.0,9.378657158213448,0.0,0.0,0.0,1.0,0.0,1.0
5,280,0.7732319162620906,7.790595215595569,0.0,0.0,0.0,0.0,0.0,1.0
6,280,7.884306887031115,7.0879242690348665,1.0,0.0,1.0,0.0,0.0,0.0
7,280,11.027875615933375,0.5476082930110273,1.0,1.0,0.0,0.0,1.0,1.0
8,280,11.771567798242632,3.4079724128151025,0.0,1.0,1.0,1.0,1.0,0.0
9,280,7.915007209629858,0.0,0.0,1.0,1.0,0.0,0.0,1.0
10,280,8.771440808916585,3.875004592573418,0.0,0.0,1.0,1.0,0.0,1.0
11,280,10.91844542446502,0.910124254152897,0.0,1.0,1.0,0.0,1.0,1.0
12,280,0.6278036888458768,0.4413747245570789,0.0,0.0,0.0,1.0,1.0,0.0
13,280,10.205255862893509,0.0,1.0,1.0,0.0,0.0,0.0,0.0
14,280,2.6291750461759835,8.386320715057524,0.0,0.0,1.0,0.0,0.0,0.0
15,280,1.5048334579263585,7.099606217231652,0.0,0.0,1.0,0.0,1.0,0.0
16,280,11.743731825826222,10.92962291169144,1.0,1.0,0.0,1.0,0.0,1.0
17,280,10.133432903676496,3.2375566417442894,1.0,0.0,0.0,0.0,1.0,0.0
18,280,0.0,7.779924670653727,1.0,1.0,0.0,0.0,1.0,0.0
19,280,0.2043412055678163,1.5870168367412818,0.0,0.0,0.0,0.0,1.0,0.0
20,280,0.0,1.6755559033296514,0.0,0.0,1.0,0.0,1.0,1.0
21,280,8.887766397792705,9.52070929130985,1.0,0.0,1.0,0.0,0.0,1.0
22,280,5.590125041264838,12.0,1.0,0.0,1.0,1.0,0.0,0.0
23,280,7.886608147282263,0.0809439750509502,0.0,1.0,0.0,0.0,1.0,1.0
24,280,5.171359117915665,1.646896104536692,0.0,1.0,0.0,0.0,1.0,1.0
25,280,10.899604482869345,7.073148590297362,1.0,1.0,1.0,0.0,0.0,0.0
26,280,7.834232093912402,0.0,1.0,1.0,0.0,0.0,0.0,0.0
27,280,0.0,10.388285082647982,1.0,1.0,0.0,0.0,0.0,0.0
28,280,12.0,1.1882156422982644,0.0,0.0,1.0,0.0,1.0,1.0
29,280,7.850567570306152,9.116148436347348,0.0,1.0,0.0,1.0,0.0,1.0
30,280,7.707788691532106,3.408748700444517,0.0,1.0,0.0,0.0,0.0,0.0
31,280,6.343010394151272,12.0,1.0,0.0,0.0,1.0,0.0,0.0
32,280,1.646534962573251,0.0,1.0,0.0,1.0,1.0,0.0,1.0
33,280,8.425969672456086,5.2852171864749184,0.0,0.0,0.0,1.0,0.0,0.0
34,280,5.269041920354852,1.0536800742769654,0.0,0.0,0.0,1.0,1.0,1.0
35,280,11.99417419080249,4.874457595221487,0.0,1.0,1.0,1.0,0.0,0.0
36,280,11.416954563071792,6.928516847623439,1.0,0.0,0.0,1.0,1.0,0.0
37,280,5.435357417289142,0.4028959916227401,1.0,0.0,1.0,0.0,1.0,1.0
38,280,0.0055590970381301,9.669864294099378,1.0,0.0,1.0,0.0,0.0,1.0
39,280,0.0,10.821159944990994,0.0,0.0,0.0,0.0,1.0,0.0
0,285,4.648654507580813,5.903650513029667,0.0,0.0,0.0,0.0,0.0,0.0
1,285,8.45672376258102,8.108051721168685,0.0,0.0,1.0,1.0,1.0,1.0
2,285,0.1081865237731752,9.2542478143768,0.0,0.0,0.0,0.0,0.0,0.0
3,285,0.0,6.567023137570379,1.0,1.0,0.0,0.0,1.0,1.0
4,285,0.0,9.50011817366752,0.0,0.0,0.0,1.0,0.0,1.0
5,285,0.7586735118288864,7.790230273801811,0.0,0.0,0.0,0.0,0.0,1.0
6,285,7.967404734640476,7.057075233748182,1.0,0.0,1.0,0.0,0.0,0.0
7,285,11.088222051897642,0.5852379718350266,1.0,1.0,0.0,0.0,1.0,1.0
8,285,11.897040746312642,3.258323671717714,0.0,1.0,1.0,1.0,1.0,0.0
9,285,7.91521525384001,0.0,0.0,1.0,1.0,0.0,0.0,1.0
10,285,8.73827947997285,3.7278254649537,0.0,0.0,1.0,1.0,0.0,1.0
11,285,10.958486176958347,0.7162786360343683,0.0,1.0,1.0,0.0,1.0,1.0
12,285,0.6264205920840462,0.3460380569931239,0.0,0.0,0.0,1.0,1.0,0.0
13,285,10.236072106345866,0.0,1.0,1.0,0.0,0.0,0.0,0.0
14,285,2.619491892580082,8.499945361235634,0.0,0.0,1.0,0.0,0.0,0.0
15,285,1.5240653637391353,7.103697152362551,0.0,0.0,1.0,0.0,1.0,0.0
16,285,11.96998878127584,10.940954694440672,1.0,1.0,0.0,1.0,0.0,1.0
17,285,10.109629820781894,3.2436958626713985,1.0,0.0,0.0,0.0,1.0,0.0
18,285,0.0,7.6724113108370915,1.0,1.0,0.0,0.0,1.0,0.0
19,285,0.205223784123337,1.591257946403573,0.0,0.0,0.0,0.0,1.0,0.0
20,285,0.0,1.6515987306685993,0.0,0.0,1.0,0.0,1.0,1.0
21,285,8.892935375693614,9.694613533468132,1.0,0.0,1.0,0.0,0.0,1.0
22,285,5.640896031353837,12.0,1.0,0.0,1.0,1.0,0.0,0.0
23,285,7.886736193172509,0.0935230882112253,0.0,1.0,0.0,0.0,1.0,1.0
24,285,5.080824536825007,1.6942703705353128,0.0,1.0,0.0,0.0,1.0,1.0
25,285,10.903231973092517,7.0638018813366505,1.0,1.0,1.0,0.0,0.0,0.0
26,285,7.831991582791109,0.0,1.0,1.0,0.0,0.0,0.0,0.0
27,285,0.0,10.432124060140396,1.0,1.0,0.0,0.0,0.0,0.0
28,285,12.0,1.1595893713856569,0.0,0.0,1.0,0.0,1.0,1.0
29,285,7.867263578306836,9.114394862384549,0.0,1.0,0.0,1.0,0.0,1.0
30,285,7.647814247791064,3.448281894346523,0.0,1.0,0.0,0.0,0.0,0.0
31,285,6.494327319983213,12.0,1.0,0.0,0.0,1.0,0.0,0.0
32,285,1.6355613108507303,0.0,1.0,0.0,1.0,1.0,0.0,1.0
33,285,8.51342821437214,5.312226847080185,0.0,0.0,0.0,1.0,0.0,0.0
34,285,5.285572793404918,0.9610306846984664,0.0,0.0,0.0,1.0,1.0,1.0
35,285,11.992225812158187,4.917286583694389,0.0,1.0,1.0,1.0,0.0,0.0
36,285,11.652424855012375,6.964379973553379,1.0,0.0,0.0,1.0,1.0,0.0
37,285,5.395719951915084,0.4413272480115401,1.0,0.0,1.0,0.0,1.0,1.0
38,285,0.0084835004149784,9.588917432051437,1.0,0.0,1.0,0.0,0.0,1.0
39,285,0.0,10.832526339074771,0.0,0.0,0.0,0.0,1.0,0.0
0,290,4.614534247291949,5.881896317699339,0.0,0.0,0.0,0.0,0.0,0.0
1,290,8.545878418877138,8.092907750432124,0.0,0.0,1.0,1.0,1.0,1.0
2,290,0.1149058274406435,9.167164952680924,0.0,0.0,0.0,0.0,0.0,0.0
3,290,0.0,6.6046132810046645,1.0,1.0,0.0,0.0,1.0,1.0
4,290,0.0,9.616894337982842,0.0,0.0,0.0,1.0,0.0,1.0
5,290,0.7554153627547301,7.790197017744155,0.0,0.0,0.0,0.0,0.0,1.0
6,290,8.055532708030228,7.025293242301173,1.0,0.0,1.0,0.0,0.0,0.0
7,290,11.14660957495433,0.6224527834922312,1.0,1.0,0.0,0.0,1.0,1.0
8,290,12.0,3.1286850989743424,0.0,1.0,1.0,1.0,1.0,0.0
9,290,7.897139486271974,0.0157905447814472,0.0,1.0,1.0,0.0,0.0,1.0
10,290,8.705884256894285,3.572875272412307,0.0,0.0,1.0,1.0,0.0,1.0
11,290,10.999075069179533,0.5341408484270758,0.0,1.0,1.0,0.0,1.0,1.0
12,290,0.6251297865107236,0.2731686684499466,0.0,0.0,0.0,1.0,1.0,0.0
13,290,10.267585964892294,0.0,1.0,1.0,0.0,0.0,0.0,0.0
14,290,2.607542822279896,8.6167371352996,0.0,0.0,1.0,0.0,0.0,0.0
15,290,1.5287062302886427,7.104658105291108,0.0,0.0,1.0,0.0,1.0,0.0
16,290,12.0,10.950548232573846,1.0,1.0,0.0,1.0,0.0,1.0
17,290,10.094305460782431,3.2472917128859806,1.0,0.0,0.0,0.0,1.0,0.0
18,290,0.101026660242109,7.541727336580885,1.0,1.0,0.0,0.0,1.0,0.0
19,290,0.2031952339644349,1.5805628622508492,0.0,0.0,0.0,0.0,1.0,0.0
20,290,0.0,1.6307216217982776,0.0,0.0,1.0,0.0,1.0,1.0
21,290,8.900345519552122,9.849526428078594,1.0,0.0,1.0,0.0,0.0,1.0
22,290,5.696584283322579,12.0,1.0,0.0,1.0,1.0,0.0,0.0
23,290,7.886766451509927,0.0976029785274607,0.0,1.0,0.0,0.0,1.0,1.0
24,290,4.997354734845521,1.740621723565154,0.0,1.0,0.0,0.0,1.0,1.0
25,290,10.912999177183522,7.040289246483462,1.0,1.0,1.0,0.0,0.0,0.0
26,290,7.830894326371897,0.0,1.0,1.0,0.0,0.0,0.0,0.0
27,290,0.0,10.47437468315939,1.0,1.0,0.0,0.0,0.0,0.0
28,290,12.0,1.1440556945920648,0.0,0.0,1.0,0.0,1.0,1.0
29,290,7.865675350960361,9.114539352813749,0.0,1.0,0.0,1.0,0.0,1.0
30,290,7.587503363462456,3.4890026830601064,0.0,1.0,0.0,0.0,0.0,0.0
31,290,6.613703738653457,12.0,1.0,0.0,0.0,1.0,0.0,0.0
32,290,1.6332606576706603,0.0,1.0,0.0,1.0,1.0,0.0,1.0
33,290,8.577943575663198,5.3339588486649046,0.0,0.0,0.0,1.0,0.0,0.0
34,290,5.304727586247974,0.8441463378174114,0.0,0.0,0.0,1.0,1.0,1.0
35,290,11.991611069254752,4.939985968217052,0.0,1.0,1.0,1.0,0.0,0.0
36,290,11.86874360796193,6.993958259357114,1.0,0.0,0.0,1.0,1.0,0.0
37,290,5.342693676538638,0.4936038515571743,1.0,0.0,1.0,0.0,1.0,1.0
38,290,0.0117473120493538,9.509617486247413,1.0,0.0,1.0,0.0,0.0,1.0
39,290,0.0,10.841468161271148,0.0,0.0,0.0,0.0,1.0,0.0
0,295,4.588270768311034,5.864835509021453,0.0,0.0,0.0,0.0,0.0,0.0
1,295,8.625294598440004,8.079576422168733,0.0,0.0,1.0,1.0,1.0,1.0
2,295,0.1219367145823752,9.084223154756572,0.0,0.0,0.0,0.0,0.0,0.0
3,295,0.0,6.6427209431961085,1.0,1.0,0.0,0.0,1.0,1.0
4,295,0.1087371889237619,9.717310568035195,0.0,0.0,0.0,1.0,0.0,1.0
5,295,0.765589446458287,7.790349567445453,0.0,0.0,0.0,0.0,0.0,1.0
6,295,8.150254187750377,6.991203903511543,1.0,0.0,1.0,0.0,0.0,0.0
7,295,11.211714302677242,0.6640133046090748,1.0,1.0,0.0,0.0,1.0,1.0
8,295,12.0,3.0065574485128064,0.0,1.0,1.0,1.0,1.0,0.0
9,295,7.863658767180431,0.0459371887221305,0.0,1.0,1.0,0.0,0.0,1.0
10,295,8.671710653735992,3.4259571838328027,0.0,0.0,1.0,1.0,0.0,1.0
11,295,11.03947814424766,0.3520119362019915,0.0,1.0,1.0,0.0,1.0,1.0
12,295,0.6243470473269196,0.2125876556344001,0.0,0.0,0.0,1.0,1.0,0.0
13,295,10.294868691373845,0.0,1.0,1.0,0.0,0.0,0.0,0.0
14,295,2.5910589461476388,8.747228310928524,0.0,0.0,1.0,0.0,0.0,0.0
15,295,1.547992785568998,7.109227091301361,0.0,0.0,1.0,0.0,1.0,0.0
16,295,12.0,10.960091946944992,1.0,1.0,0.0,1.0,0.0,1.0
17,295,10.054708768176742,3.257677393693848,1.0,0.0,0.0,0.0,1.0,0.0
18,295,0.2007122779049884,7.419479029333748,1.0,1.0,0.0,0.0,1.0,0.0
19,295,0.2006549351297487,1.567844508670319,0.0,0.0,0.0,0.0,1.0,0.0
20,295,0.0,1.6077577735941793,0.0,0.0,1.0,0.0,1.0,1.0
21,295,8.74155623326683,9.854296104187425,1.0,0.0,1.0,0.0,0.0,1.0
22,295,5.762878021777959,12.0,1.0,0.0,1.0,1.0,0.0,0.0
23,295,7.886907641116497,0.1117322493807612,0.0,1.0,0.0,0.0,1.0,1.0
24,295,4.910003254836729,1.7885526068811717,0.0,1.0,0.0,0.0,1.0,1.0
25,295,10.920061854326654,7.022995422213532,1.0,1.0,1.0,0.0,0.0,0.0
26,295,7.829145490805844,0.0,1.0,1.0,0.0,0.0,0.0,0.0
27,295,0.0,10.515506375161747,1.0,1.0,0.0,0.0,0.0,0.0
28,295,12.0,1.103802072254505,0.0,0.0,1.0,0.0,1.0,1.0
29,295,7.863470304794618,9.114733838449824,0.0,1.0,0.0,1.0,0.0,1.0
30,295,7.531779490979728,3.530976973201753,0.0,1.0,0.0,0.0,0.0,0.0
31,295,6.7450355037110725,12.0,1.0,0.0,0.0,1.0,0.0,0.0
32,295,1.6292233354231456,0.0,1.0,0.0,1.0,1.0,0.0,1.0
33,295,8.645017886891733,5.35656977947099,0.0,0.0,0.0,1.0,0.0,0.0
34,295,5.320538474499408,0.7399676052702069,0.0,0.0,0.0,1.0,1.0,1.0
35,295,11.991232322816082,4.954433799291041,0.0,1.0,1.0,1.0,0.0,0.0
36,295,12.0,7.0327060879179815,1.0,0.0,0.0,1.0,1.0,0.0
37,295,5.301906930058851,0.5344158589173743,1.0,0.0,1.0,0.0,1.0,1.0
38,295,0.0158016910464488,9.421051703249924,1.0,0.0,1.0,0.0,0.0,1.0
39,295,0.0,10.852263650517273,0.0,0.0,0.0,0.0,1.0,0.0
