0,0,2.9806131846965096,8.032006384111993,1.0,0.0,0.0,0.0,0.0,1.0
1,0,1.936826757258546,11.033723734220702,1.0,0.0,0.0,0.0,0.0,0.0
2,0,8.999484225582703,1.9668945017419497,0.0,1.0,1.0,0.0,0.0,1.0
3,0,6.929047757118163,1.0038610763471634,0.0,1.0,0.0,0.0,0.0,1.0
4,0,8.938849365547734,6.968464788365636,0.0,0.0,1.0,0.0,1.0,1.0
5,0,6.019261638139541,9.959706802579683,0.0,0.0,0.0,1.0,1.0,1.0
6,0,7.992284112004566,8.037375033213513,0.0,1.0,0.0,0.0,0.0,1.0
7,0,4.967684243341009,11.960009653150507,0.0,0.0,0.0,0.0,1.0,1.0
8,0,4.93688044088904,6.978219078492386,1.0,0.0,0.0,0.0,1.0,0.0
9,0,0.9278259747037448,6.977488969832184,0.0,1.0,0.0,0.0,0.0,0.0
10,0,9.03382102760438,6.04287518352186,1.0,0.0,1.0,0.0,1.0,0.0
11,0,0.0317051184089087,10.959000329494373,0.0,1.0,1.0,1.0,0.0,0.0
12,0,8.95215656950143,3.9536598361557114,0.0,1.0,0.0,0.0,0.0,1.0
13,0,0.0,10.047861438892232,1.0,0.0,0.0,1.0,0.0,0.0
14,0,8.965938917833373,9.99590969308914,0.0,1.0,0.0,1.0,0.0,0.0
15,0,3.99436334155456,2.0322116643269013,1.0,0.0,0.0,0.0,0.0,1.0
16,0,5.947890728053215,3.947909621206964,1.0,0.0,0.0,0.0,0.0,1.0
17,0,0.988545261162008,2.9361000224695384,0.0,0.0,1.0,1.0,0.0,1.0
18,0,5.954216398819094,5.002745056992471,0.0,1.0,1.0,0.0,0.0,0.0
19,0,1.9473088462400023,6.05532085483743,0.0,1.0,1.0,1.0,0.0,0.0
20,0,12.0,2.007538153215485,0.0,1.0,1.0,1.0,1.0,0.0
21,0,9.995821013955618,3.922671743601697,0.0,0.0,0.0,0.0,0.0,1.0
22,0,6.958065458583375,2.994366549474508,1.0,0.0,0.0,1.0,0.0,1.0
23,0,0.96955674497621,2.057939710148152,1.0,0.0,0.0,0.0,0.0,1.0
24,0,1.9849533932807124,5.938969233852201,1.0,1.0,0.0,0.0,0.0,0.0
25,0,9.986388220046278,3.948021322475031,0.0,0.0,1.0,0.0,1.0,0.0
26,0,9.025139855036826,7.032042675347849,0.0,0.0,0.0,1.0,0.0,1.0
27,0,12.0,7.94949601848111,0.0,0.0,1.0,0.0,1.0,1.0
28,0,5.952026604629426,12.0,0.0,0.0,0.0,1.0,0.0,0.0
29,0,1.996397110926172,11.04998358229366,1.0,0.0,0.0,0.0,0.0,0.0
0,5,2.958770028679232,8.068745837674987,1.0,0.0,0.0,0.0,0.0,1.0
1,5,1.868869842074052,11.071387103309334,1.0,0.0,0.0,0.0,0.0,0.0
2,5,8.999436961330922,1.94722068855534,0.0,1.0,1.0,0.0,0.0,1.0
3,5,6.863649305830207,1.007900155014688,0.0,1.0,0.0,0.0,0.0,1.0
4,5,8.877531154893514,6.936946754353673,0.0,0.0,1.0,0.0,1.0,1.0
5,5,6.04103809006542,9.912239465009929,0.0,0.0,0.0,1.0,1.0,1.0
6,5,7.975798307085159,8.123194127709873,0.0,1.0,0.0,0.0,0.0,1.0
7,5,4.9478379685222365,11.93567755469154,0.0,0.0,0.0,0.0,1.0,1.0
8,5,4.85428230002179,6.950031546278778,1.0,0.0,0.0,0.0,1.0,0.0
9,5,0.8443373710434512,6.951215297823654,0.0,1.0,0.0,0.0,0.0,0.0
10,5,8.98304241868984,6.08438236150325,1.0,0.0,1.0,0.0,1.0,0.0
11,5,0.0722219031237426,10.903492910279144,0.0,1.0,1.0,1.0,0.0,0.0
12,5,8.886230965794583,3.890037716805475,0.0,1.0,0.0,0.0,0.0,1.0
13,5,0.0,10.100865268401654,1.0,0.0,0.0,1.0,0.0,0.0
14,5,8.942007670356631,9.992925788730805,0.0,1.0,0.0,1.0,0.0,0.0
15,5,3.9942789150065465,2.0327125780580344,1.0,0.0,0.0,0.0,0.0,1.0
16,5,5.880972668569704,3.882723659683689,1.0,0.0,0.0,0.0,0.0,1.0
17,5,0.9795458010159508,2.885389421311671,0.0,0.0,1.0,1.0,0.0,1.0
18,5,5.92176376398189,5.005683408250158,0.0,1.0,1.0,0.0,0.0,0.0
19,5,1.908998698681727,6.096687686371434,0.0,1.0,1.0,1.0,0.0,0.0
20,5,12.0,2.01908481964256,0.0,1.0,1.0,1.0,1.0,0.0
21,5,9.991880969532833,3.844537258027556,0.0,0.0,0.0,0.0,0.0,1.0
22,5,6.871508142387599,2.985040120093472,1.0,0.0,0.0,1.0,0.0,1.0
23,5,0.9386987719366032,2.112558168103804,1.0,0.0,0.0,0.0,0.0,1.0
24,5,1.9648198210229144,5.8582296795904005,1.0,1.0,0.0,0.0,0.0,0.0
25,5,9.971536801800218,3.894419741180728,0.0,0.0,1.0,0.0,1.0,0.0
26,5,9.05925139188157,7.077427156246557,0.0,0.0,0.0,1.0,0.0,1.0
27,5,12.0,7.899835713912448,0.0,0.0,1.0,0.0,1.0,1.0
28,5,5.90911753893043,12.0,0.0,0.0,0.0,1.0,0.0,0.0
29,5,1.991409752610584,11.124200999990958,1.0,0.0,0.0,0.0,0.0,0.0
0,10,2.931477685018162,8.11387240401501,1.0,0.0,0.0,0.0,0.0,1.0
1,10,1.7929852005939853,11.113919943821758,1.0,0.0,0.0,0.0,0.0,0.0
2,10,8.998559424087736,1.9232808805965975,0.0,1.0,1.0,0.0,0.0,1.0
3,10,6.812190455491986,1.011519490833578,0.0,1.0,0.0,0.0,0.0,1.0
4,10,8.830851571181826,6.911996021252183,0.0,0.0,1.0,0.0,1.0,1.0
5,10,6.05598395504261,9.87953964670823,0.0,0.0,0.0,1.0,1.0,1.0
6,10,7.9619138845111985,8.19795713381167,0.0,1.0,0.0,0.0,0.0,1.0
7,10,4.9338799168693575,11.917875936286508,0.0,0.0,0.0,0.0,1.0,1.0
8,10,4.771808206127337,6.922413313283499,1.0,0.0,0.0,0.0,1.0,0.0
9,10,0.7698806818413556,6.926974845155937,0.0,1.0,0.0,0.0,0.0,0.0
10,10,8.943659878178044,6.116790527994087,1.0,0.0,1.0,0.0,1.0,0.0
11,10,0.0948815983761428,10.870801685422403,0.0,1.0,1.0,1.0,0.0,0.0
12,10,8.83212398215379,3.836663798234259,0.0,1.0,0.0,0.0,0.0,1.0
13,10,0.0,10.161735394494604,1.0,0.0,0.0,1.0,0.0,0.0
14,10,8.949286398438307,9.993708653895911,0.0,1.0,0.0,1.0,0.0,0.0
15,10,3.9961791106933218,2.021002281996993,1.0,0.0,0.0,0.0,0.0,1.0
16,10,5.811843685915033,3.81287399429981,1.0,0.0,0.0,0.0,0.0,1.0
17,10,0.9755829795625154,2.8608544591245173,0.0,0.0,1.0,1.0,0.0,1.0
18,10,5.896752024787581,5.008244196017313,0.0,1.0,1.0,0.0,0.0,0.0
19,10,1.8746186783751249,6.133203766442779,0.0,1.0,1.0,1.0,0.0,0.0
20,10,12.0,2.0266595295196,0.0,1.0,1.0,1.0,1.0,0.0
21,10,9.988878177891968,3.75427073533567,0.0,0.0,0.0,0.0,0.0,1.0
22,10,6.782602903763558,2.974500699207206,1.0,0.0,0.0,1.0,0.0,1.0
23,10,0.9105930847812234,2.1633761131547145,1.0,0.0,0.0,0.0,0.0,1.0
24,10,1.9414073725495264,5.765459395192442,1.0,1.0,0.0,0.0,0.0,0.0
25,10,9.951918376712024,3.8214753394504455,0.0,0.0,1.0,0.0,1.0,0.0
26,10,9.091676003950155,7.123872162288877,0.0,0.0,0.0,1.0,0.0,1.0
27,10,12.0,7.8505148420402575,0.0,0.0,1.0,0.0,1.0,1.0
28,10,5.839924665988942,12.0,0.0,0.0,0.0,1.0,0.0,0.0
29,10,1.984396199931738,11.21052438192077,1.0,0.0,0.0,0.0,0.0,0.0
0,15,2.9004043848516328,8.165282918065104,1.0,0.0,0.0,0.0,0.0,1.0
1,15,1.718237599210683,11.156830345636829,1.0,0.0,0.0,0.0,0.0,0.0
2,15,8.997819099690284,1.908888435491423,0.0,1.0,1.0,0.0,0.0,1.0
3,15,6.762516001747872,1.014742367643604,0.0,1.0,0.0,0.0,0.0,1.0
4,15,8.790341237793552,6.889786036365735,0.0,0.0,1.0,0.0,1.0,1.0
5,15,6.081251708921156,9.82664752868087,0.0,0.0,0.0,1.0,1.0,1.0
6,15,7.946363036109385,8.272558504512954,0.0,1.0,0.0,0.0,0.0,1.0
7,15,4.92016153087908,11.900339362071511,0.0,0.0,0.0,0.0,1.0,1.0
8,15,4.706675147603506,6.901267369812211,1.0,0.0,0.0,0.0,1.0,0.0
9,15,0.6932136091461589,6.902685562885383,0.0,1.0,0.0,0.0,0.0,0.0
10,15,8.899365987884698,6.153010618420176,1.0,0.0,1.0,0.0,1.0,0.0
11,15,0.1126434958891093,10.845920444309902,0.0,1.0,1.0,1.0,0.0,0.0
12,15,8.770436221445227,3.7757325190976334,0.0,1.0,0.0,0.0,0.0,1.0
13,15,0.0,10.232270828643408,1.0,0.0,0.0,1.0,0.0,0.0
14,15,8.955412745198874,9.994446806399086,0.0,1.0,0.0,1.0,0.0,0.0
15,15,4.00110753664426,1.9917794728236524,1.0,0.0,0.0,0.0,0.0,1.0
16,15,5.765698906964581,3.7648167726298154,1.0,0.0,0.0,0.0,0.0,1.0
17,15,0.9694436583258406,2.821054785378659,0.0,0.0,1.0,1.0,0.0,1.0
18,15,5.863361466310465,5.01186959567625,0.0,1.0,1.0,0.0,0.0,0.0
19,15,1.830966412962812,6.177554520671249,0.0,1.0,1.0,1.0,0.0,0.0
20,15,12.0,2.032410551087187,0.0,1.0,1.0,1.0,1.0,0.0
21,15,9.9854530205236,3.643752830126554,0.0,0.0,0.0,0.0,0.0,1.0
22,15,6.6922773961304864,2.962354985732692,1.0,0.0,0.0,1.0,0.0,1.0
23,15,0.8789382139581587,2.222936136784947,1.0,0.0,0.0,0.0,0.0,1.0
24,15,1.9224722923331417,5.684212042898185,1.0,1.0,0.0,0.0,0.0,0.0
25,15,9.935213793699356,3.7533080064505433,0.0,0.0,1.0,0.0,1.0,0.0
26,15,9.13174111226667,7.1742412924964505,0.0,0.0,0.0,1.0,0.0,1.0
27,15,12.0,7.818517762556485,0.0,0.0,1.0,0.0,1.0,1.0
28,15,5.783762411563178,12.0,0.0,0.0,0.0,1.0,0.0,0.0
29,15,1.975651264680944,11.306076060741963,1.0,0.0,0.0,0.0,0.0,0.0
0,20,2.8797294297708755,8.201696898659911,1.0,0.0,0.0,0.0,0.0,1.0
1,20,1.643110379396809,11.199175422542158,1.0,0.0,0.0,0.0,0.0,0.0
2,20,8.997023434624332,1.8968443159828872,0.0,1.0,1.0,0.0,0.0,1.0
3,20,6.723785112124162,1.0162490094752028,0.0,1.0,0.0,0.0,0.0,1.0
4,20,8.756641237889525,6.871812397513287,0.0,0.0,1.0,0.0,1.0,1.0
5,20,6.113854881220033,9.760802693680697,0.0,0.0,0.0,1.0,1.0,1.0
6,20,7.931629336175314,8.347406739302977,0.0,1.0,0.0,0.0,0.0,1.0
7,20,4.924253628942158,11.905616300503493,0.0,0.0,0.0,0.0,1.0,1.0
8,20,4.619288607542698,6.874087030626996,1.0,0.0,0.0,0.0,1.0,0.0
9,20,0.6211133772043381,6.879471573050528,0.0,1.0,0.0,0.0,0.0,0.0
10,20,8.882538800720136,6.16681503857425,1.0,0.0,1.0,0.0,1.0,0.0
11,20,0.1354670665688106,10.815934160708473,0.0,1.0,1.0,1.0,0.0,0.0
12,20,8.709878618458898,3.711956359247671,0.0,1.0,0.0,0.0,0.0,1.0
13,20,0.0,10.303892851994338,1.0,0.0,0.0,1.0,0.0,0.0
14,20,8.95779958279052,9.99478059066329,0.0,1.0,0.0,1.0,0.0,0.0
15,20,4.008213896369047,1.9524477228042556,1.0,0.0,0.0,0.0,0.0,1.0
16,20,5.73766759191674,3.7350816338823662,1.0,0.0,0.0,0.0,0.0,1.0
17,20,0.9655888051708024,2.7971982953449643,0.0,0.0,1.0,1.0,0.0,1.0
18,20,5.833945368067635,5.0139621178218405,0.0,1.0,1.0,0.0,0.0,0.0
19,20,1.7830058560781452,6.225306985240114,0.0,1.0,1.0,1.0,0.0,0.0
20,20,12.0,2.036534158793034,0.0,1.0,1.0,1.0,1.0,0.0
21,20,9.979075168769182,3.531556240992354,0.0,0.0,0.0,0.0,0.0,1.0
22,20,6.6007740164509325,2.947610840509163,1.0,0.0,0.0,1.0,0.0,1.0
23,20,0.8543354039675369,2.271462224514857,1.0,0.0,0.0,0.0,0.0,1.0
24,20,1.8997378649098615,5.59720412672588,1.0,1.0,0.0,0.0,0.0,0.0
25,20,9.917699191681276,3.681740922281629,0.0,0.0,1.0,0.0,1.0,0.0
26,20,9.178383780825968,7.229524089065599,0.0,0.0,0.0,1.0,0.0,1.0
27,20,12.0,7.799420536157845,0.0,0.0,1.0,0.0,1.0,1.0
28,20,5.724686863167937,12.0,0.0,0.0,0.0,1.0,0.0,0.0
29,20,1.9663855284348868,11.409875857857356,1.0,0.0,0.0,0.0,0.0,0.0
0,25,2.837887159637034,8.277735586704027,1.0,0.0,0.0,0.0,0.0,1.0
1,25,1.569899599888082,11.240684255818756,1.0,0.0,0.0,0.0,0.0,0.0
2,25,8.993671415751425,1.8528590342587945,0.0,1.0,1.0,0.0,0.0,1.0
3,25,6.689696523144105,1.0182396968078036,0.0,1.0,0.0,0.0,0.0,1.0
4,25,8.72207142719661,6.851980221496579,0.0,0.0,1.0,0.0,1.0,1.0
5,25,6.146374234846077,9.698149612612449,0.0,0.0,0.0,1.0,1.0,1.0
6,25,7.916757316095679,8.420803662909124,0.0,1.0,0.0,0.0,0.0,1.0
7,25,4.924875308407138,11.90643426402367,0.0,0.0,0.0,0.0,1.0,1.0
8,25,4.541454508254137,6.847926480466507,1.0,0.0,0.0,0.0,1.0,0.0
9,25,0.5686785689241943,6.863711574307468,0.0,1.0,0.0,0.0,0.0,0.0
10,25,8.859846734764982,6.185557599945124,1.0,0.0,1.0,0.0,1.0,0.0
11,25,0.1427791575109684,10.806463307100822,0.0,1.0,1.0,1.0,0.0,0.0
12,25,8.652631830617802,3.645874606355479,0.0,1.0,0.0,0.0,0.0,1.0
13,25,0.0,10.373392273480349,1.0,0.0,0.0,1.0,0.0,0.0
14,25,8.964962735177728,9.995772379501156,0.0,1.0,0.0,1.0,0.0,0.0
15,25,4.015587379881511,1.9126823716283925,1.0,0.0,0.0,0.0,0.0,1.0
16,25,5.722475672483404,3.718869451477613,1.0,0.0,0.0,0.0,0.0,1.0
17,25,0.956646468194316,2.7449782814264942,0.0,0.0,1.0,1.0,0.0,1.0
18,25,5.83574928464489,5.013772362793956,0.0,1.0,1.0,0.0,0.0,0.0
19,25,1.7292757841403548,6.279575953976813,0.0,1.0,1.0,1.0,0.0,0.0
20,25,12.0,2.041393519440097,0.0,1.0,1.0,1.0,1.0,0.0
21,25,9.971587980023946,3.40395379847195,0.0,0.0,0.0,0.0,0.0,1.0
22,25,6.490709167134366,2.9267529544098845,1.0,0.0,0.0,1.0,0.0,1.0
23,25,0.8293818625510778,2.3239601368130582,1.0,0.0,0.0,0.0,0.0,1.0
24,25,1.883285069567985,5.535190107320213,1.0,1.0,0.0,0.0,0.0,0.0
25,25,9.896314969686763,3.597241947141339,0.0,0.0,1.0,0.0,1.0,0.0
26,25,9.213108688180949,7.269726731244165,0.0,0.0,0.0,1.0,0.0,1.0
27,25,12.0,7.779860955258031,0.0,0.0,1.0,0.0,1.0,1.0
28,25,5.649651671558993,12.0,0.0,0.0,0.0,1.0,0.0,0.0
29,25,1.960472028362448,11.508459625499968,1.0,0.0,0.0,0.0,0.0,0.0
0,30,2.799214216530559,8.349737522306537,1.0,0.0,0.0,0.0,0.0,1.0
1,30,1.490270464226536,11.289289138368034,1.0,0.0,0.0,0.0,0.0,0.0
2,30,8.990281321879575,1.802803568611188,0.0,1.0,1.0,0.0,0.0,1.0
3,30,6.6400387438902655,1.021427917011603,0.0,1.0,0.0,0.0,0.0,1.0
4,30,8.675606410398888,6.828081680252327,0.0,0.0,1.0,0.0,1.0,1.0
5,30,6.18143123737364,9.629673819471485,0.0,0.0,0.0,1.0,1.0,1.0
6,30,7.904556629998524,8.483356056087668,0.0,1.0,0.0,0.0,0.0,1.0
7,30,4.9061984673158925,11.88229164088306,0.0,0.0,0.0,0.0,1.0,1.0
8,30,4.458944945354971,6.821551566179144,1.0,0.0,0.0,0.0,1.0,0.0
9,30,0.5162075894575137,6.848838244206931,0.0,1.0,0.0,0.0,0.0,0.0
10,30,8.826788120745592,6.21439647208796,1.0,0.0,1.0,0.0,1.0,0.0
11,30,0.1494769044452619,10.79787459816519,0.0,1.0,1.0,1.0,0.0,0.0
12,30,8.592689434450973,3.575095314911445,0.0,1.0,0.0,0.0,0.0,1.0
13,30,0.0,10.441266920250362,1.0,0.0,0.0,1.0,0.0,0.0
14,30,8.974926470191928,9.99715977981022,0.0,1.0,0.0,1.0,0.0,0.0
15,30,4.022412674408445,1.863200655314276,1.0,0.0,0.0,0.0,0.0,1.0
16,30,5.706132472262475,3.7024230574424113,1.0,0.0,0.0,0.0,0.0,1.0
17,30,0.9485968645758392,2.701047301887084,0.0,0.0,1.0,1.0,0.0,1.0
18,30,5.847622541844495,5.012492221160663,0.0,1.0,1.0,0.0,0.0,0.0
19,30,1.672050026733827,6.334811728699077,0.0,1.0,1.0,1.0,0.0,0.0
20,30,12.0,2.045606890489739,0.0,1.0,1.0,1.0,1.0,0.0
21,30,9.965845584068129,3.269598327405585,0.0,0.0,0.0,0.0,0.0,1.0
22,30,6.382587848233321,2.903239001303662,1.0,0.0,0.0,1.0,0.0,1.0
23,30,0.8034565951015054,2.380041459088047,1.0,0.0,0.0,0.0,0.0,1.0
24,30,1.869464670178781,5.475325009656543,1.0,1.0,0.0,0.0,0.0,0.0
25,30,9.875719378615663,3.516837837299704,0.0,0.0,1.0,0.0,1.0,0.0
26,30,9.25068984448376,7.312084868652821,0.0,0.0,0.0,1.0,0.0,1.0
27,30,12.0,7.746811728459485,0.0,0.0,1.0,0.0,1.0,1.0
28,30,5.586985708937236,12.0,0.0,0.0,0.0,1.0,0.0,0.0
29,30,1.957033264803525,11.606918248064035,1.0,0.0,0.0,0.0,0.0,0.0
0,35,2.7630091649607555,8.410721143531024,1.0,0.0,0.0,0.0,0.0,1.0
1,35,1.4100912151653415,11.337792770252005,1.0,0.0,0.0,0.0,0.0,0.0
2,35,8.988841667970325,1.759546522524884,0.0,1.0,1.0,0.0,0.0,1.0
3,35,6.599805778411749,1.024340438825641,0.0,1.0,0.0,0.0,0.0,1.0
4,35,8.653060919277728,6.816507765203606,0.0,0.0,1.0,0.0,1.0,1.0
5,35,6.212840258509759,9.56200735619689,0.0,0.0,0.0,1.0,1.0,1.0
6,35,7.891880845230739,8.545701239056914,0.0,1.0,0.0,0.0,0.0,1.0
7,35,4.879262527019554,11.849066360849712,0.0,0.0,0.0,0.0,1.0,1.0
8,35,4.375171502078373,6.793426354086703,1.0,0.0,0.0,0.0,1.0,0.0
9,35,0.4461924422326093,6.8267378402592165,0.0,1.0,0.0,0.0,0.0,0.0
10,35,8.78156075323175,6.253581813099256,1.0,0.0,1.0,0.0,1.0,0.0
11,35,0.1645516558843426,10.778325595700334,0.0,1.0,1.0,1.0,0.0,0.0
12,35,8.517123477880801,3.483018361580513,0.0,1.0,0.0,0.0,0.0,1.0
13,35,0.0,10.505861911686614,1.0,0.0,0.0,1.0,0.0,0.0
14,35,8.980253658470643,9.997912944463652,0.0,1.0,0.0,1.0,0.0,0.0
15,35,4.028714866469491,1.8092469526750348,1.0,0.0,0.0,0.0,0.0,1.0
16,35,5.701264768584222,3.697597817509214,1.0,0.0,0.0,0.0,0.0,1.0
17,35,0.9402825397926052,2.648390621016289,0.0,0.0,1.0,1.0,0.0,1.0
18,35,5.87341876126563,5.00931204177761,0.0,1.0,1.0,0.0,0.0,0.0
19,35,1.625130008007324,6.378533122595753,0.0,1.0,1.0,1.0,0.0,0.0
20,35,12.0,2.047191630283756,0.0,1.0,1.0,1.0,1.0,0.0
21,35,9.958674471121572,3.1286839882026354,0.0,0.0,0.0,0.0,0.0,1.0
22,35,6.278356826571429,2.8824099371662864,1.0,0.0,0.0,1.0,0.0,1.0
23,35,0.7778485072058602,2.432882566130008,1.0,0.0,0.0,0.0,0.0,1.0
24,35,1.856024068946436,5.4242027768921135,1.0,1.0,0.0,0.0,0.0,0.0
25,35,9.856461150400191,3.4396107581348434,0.0,0.0,1.0,0.0,1.0,0.0
26,35,9.287984229001228,7.352378377737716,0.0,0.0,0.0,1.0,0.0,1.0
27,35,12.0,7.71919205780444,0.0,0.0,1.0,0.0,1.0,1.0
28,35,5.529487496383426,12.0,0.0,0.0,0.0,1.0,0.0,0.0
29,35,1.9536423376843417,11.691403064436248,1.0,0.0,0.0,0.0,0.0,0.0
0,40,2.71807444952316,8.482403731798662,1.0,0.0,0.0,0.0,0.0,1.0
1,40,1.3344122193765566,11.386231417228492,1.0,0.0,0.0,0.0,0.0,0.0
2,40,8.987833659146347,1.730721717438066,0.0,1.0,1.0,0.0,0.0,1.0
3,40,6.583062323555716,1.0257293463090127,0.0,1.0,0.0,0.0,0.0,1.0
4,40,8.635366374099721,6.807794474264275,0.0,0.0,1.0,0.0,1.0,1.0
5,40,6.24287541150968,9.497004110477498,0.0,0.0,0.0,1.0,1.0,1.0
6,40,7.877643124469584,8.60825484613909,0.0,1.0,0.0,0.0,0.0,1.0
7,40,4.843249222338527,11.80597516798215,0.0,0.0,0.0,0.0,1.0,1.0
8,40,4.3032216606994025,6.768276529612198,1.0,0.0,0.0,0.0,1.0,0.0
9,40,0.3840147461591647,6.805410540404284,0.0,1.0,0.0,0.0,0.0,0.0
10,40,8.735598427759502,6.2946669202755805,1.0,0.0,1.0,0.0,1.0,0.0
11,40,0.1782929797106782,10.761124239181344,0.0,1.0,1.0,1.0,0.0,0.0
12,40,8.435537614557708,3.3856249117194137,0.0,1.0,0.0,0.0,0.0,1.0
13,40,0.0,10.587524028447737,1.0,0.0,0.0,1.0,0.0,0.0
14,40,9.007198520417804,10.001561674390109,0.0,1.0,0.0,1.0,0.0,0.0
15,40,4.037995702498037,1.741563216396627,1.0,0.0,0.0,0.0,0.0,1.0
16,40,5.710965893558844,3.687848557476405,1.0,0.0,0.0,0.0,0.0,1.0
17,40,0.9325936141917918,2.597378159538148,0.0,0.0,1.0,1.0,0.0,1.0
18,40,5.912007755243241,5.00463570728096,0.0,1.0,1.0,0.0,0.0,0.0
19,40,1.5706630665886354,6.430461493573759,0.0,1.0,1.0,1.0,0.0,0.0
20,40,12.0,2.048355401777329,0.0,1.0,1.0,1.0,1.0,0.0
21,40,9.948917466023731,2.98717870090229,0.0,0.0,0.0,0.0,0.0,1.0
22,40,6.185417902232923,2.8636552469822223,1.0,0.0,0.0,1.0,0.0,1.0
23,40,0.7529330843821551,2.486196386775219,1.0,0.0,0.0,0.0,0.0,1.0
24,40,1.8431734561756168,5.371104544688014,1.0,1.0,0.0,0.0,0.0,0.0
25,40,9.838134490643553,3.3660290884702797,0.0,0.0,1.0,0.0,1.0,0.0
26,40,9.31875235685902,7.385490990521219,0.0,0.0,0.0,1.0,0.0,1.0
27,40,11.99195401503279,7.717719403324736,0.0,0.0,1.0,0.0,1.0,1.0
28,40,5.484962396611051,12.0,0.0,0.0,0.0,1.0,0.0,0.0
29,40,1.950471525919269,11.798803569620068,1.0,0.0,0.0,0.0,0.0,0.0
0,45,2.681966222018637,8.543778166480644,1.0,0.0,0.0,0.0,0.0,1.0
1,45,1.265819971894007,11.430963785360907,1.0,0.0,0.0,0.0,0.0,0.0
2,45,8.986997343938086,1.7106397299548093,0.0,1.0,1.0,0.0,0.0,1.0
3,45,6.552950045450287,1.0278225590165495,0.0,1.0,0.0,0.0,0.0,1.0
4,45,8.619963734856908,6.80043333987098,0.0,0.0,1.0,0.0,1.0,1.0
5,45,6.268538300192983,9.440168336212157,0.0,0.0,0.0,1.0,1.0,1.0
6,45,7.860808953693692,8.678937911818887,0.0,1.0,0.0,0.0,0.0,1.0
7,45,4.79632983435172,11.751413273596617,0.0,0.0,0.0,0.0,1.0,1.0
8,45,4.233041441423388,6.745336566190918,1.0,0.0,0.0,0.0,1.0,0.0
9,45,0.3379780752048774,6.788243215875252,0.0,1.0,0.0,0.0,0.0,0.0
10,45,8.681811400657702,6.343909566050866,1.0,0.0,1.0,0.0,1.0,0.0
11,45,0.1905859487327971,10.745375302399172,0.0,1.0,1.0,1.0,0.0,0.0
12,45,8.355437307539912,3.2893737677184687,0.0,1.0,0.0,0.0,0.0,1.0
13,45,0.0,10.652848420752555,1.0,0.0,0.0,1.0,0.0,0.0
14,45,8.996162142791528,10.000219410762044,0.0,1.0,0.0,1.0,0.0,0.0
15,45,4.047905798048982,1.6727028584871475,1.0,0.0,0.0,0.0,0.0,1.0
16,45,5.72681009379497,3.672469663723816,1.0,0.0,0.0,0.0,0.0,1.0
17,45,0.9272493042806834,2.562848143860961,0.0,0.0,1.0,1.0,0.0,1.0
18,45,5.950722607577313,5.001380594017004,0.0,1.0,1.0,0.0,0.0,0.0
19,45,1.5423351710071085,6.455951585206598,0.0,1.0,1.0,1.0,0.0,0.0
20,45,12.0,2.052744574762958,0.0,1.0,1.0,1.0,1.0,0.0
21,45,9.936355713174354,2.8394300945046926,0.0,0.0,0.0,0.0,0.0,1.0
22,45,6.104885088001719,2.847407948241313,1.0,0.0,0.0,1.0,0.0,1.0
23,45,0.7267478612149849,2.541970795219618,1.0,0.0,0.0,0.0,0.0,1.0
24,45,1.832209361261747,5.326882187702256,1.0,1.0,0.0,0.0,0.0,0.0
25,45,9.824830053104936,3.3146866675125555,0.0,0.0,1.0,0.0,1.0,0.0
26,45,9.352537526307453,7.422749957299112,0.0,0.0,0.0,1.0,0.0,1.0
27,45,11.98725870825008,7.716923877376734,0.0,0.0,1.0,0.0,1.0,1.0
28,45,5.455351645628758,12.0,0.0,0.0,0.0,1.0,0.0,0.0
29,45,1.950264236480693,11.893259282340798,1.0,0.0,0.0,0.0,0.0,0.0
0,50,2.6587040088151364,8.586489558086583,1.0,0.0,0.0,0.0,0.0,1.0
1,50,1.2051004879046665,11.471669800940612,1.0,0.0,0.0,0.0,0.0,0.0
2,50,8.985412411032984,1.6822107932882917,0.0,1.0,1.0,0.0,0.0,1.0
3,50,6.518313502077701,1.0294727043106815,0.0,1.0,0.0,0.0,0.0,1.0
4,50,8.618565840465342,6.799793559867054,0.0,0.0,1.0,0.0,1.0,1.0
5,50,6.296159811259045,9.374745431485122,0.0,0.0,0.0,1.0,1.0,1.0
6,50,7.84793957093434,8.73718585603854,0.0,1.0,0.0,0.0,0.0,1.0
7,50,4.748981266343269,11.698110611295824,0.0,0.0,0.0,0.0,1.0,1.0
8,50,4.186019861921526,6.728514349910902,1.0,0.0,0.0,0.0,1.0,0.0
9,50,0.3108032194214974,6.779206795753866,0.0,1.0,0.0,0.0,0.0,0.0
10,50,8.615660373846636,6.403430288119609,1.0,0.0,1.0,0.0,1.0,0.0
11,50,0.2118397590938251,10.71834635396541,0.0,1.0,1.0,1.0,0.0,0.0
12,50,8.263340647140424,3.1792616349706484,0.0,1.0,0.0,0.0,0.0,1.0
13,50,0.0,10.716680390292693,1.0,0.0,0.0,1.0,0.0,0.0
14,50,8.976972306743255,9.997651865640028,0.0,1.0,0.0,1.0,0.0,0.0
15,50,4.056820416587709,1.6138263901765226,1.0,0.0,0.0,0.0,0.0,1.0
16,50,5.743234813029426,3.655413571334375,1.0,0.0,0.0,0.0,0.0,1.0
17,50,0.919734386247468,2.5184648210327327,0.0,0.0,1.0,1.0,0.0,1.0
18,50,5.973813749104507,5.0001056329836056,0.0,1.0,1.0,0.0,0.0,0.0
19,50,1.5164842128495204,6.478695572546835,0.0,1.0,1.0,1.0,0.0,0.0
20,50,12.0,2.057241048577433,0.0,1.0,1.0,1.0,1.0,0.0
21,50,9.921062154058315,2.6866730790676336,0.0,0.0,0.0,0.0,0.0,1.0
22,50,6.016736441463732,2.8315326601288766,1.0,0.0,0.0,1.0,0.0,1.0
23,50,0.7063074050953291,2.586081930554197,1.0,0.0,0.0,0.0,0.0,1.0
24,50,1.8224724734065565,5.288049666536347,1.0,1.0,0.0,0.0,0.0,0.0
25,50,9.814127171617582,3.275154143418413,0.0,0.0,1.0,0.0,1.0,0.0
26,50,9.383651776145689,7.456613155636247,0.0,0.0,0.0,1.0,0.0,1.0
27,50,12.0,7.719832910387953,0.0,0.0,1.0,0.0,1.0,1.0
28,50,5.39988778418145,12.0,0.0,0.0,0.0,1.0,0.0,0.0
29,50,1.952469096054664,11.99124357132741,1.0,0.0,0.0,0.0,0.0,0.0
0,55,2.646035366082053,8.610127951528003,1.0,0.0,0.0,0.0,0.0,1.0
1,55,1.1301700623037891,11.524301372054998,1.0,0.0,0.0,0.0,0.0,0.0
2,55,8.98238307166895,1.6391404044466522,0.0,1.0,1.0,0.0,0.0,1.0
3,55,6.472974827843648,1.0313512804073457,0.0,1.0,0.0,0.0,0.0,1.0
4,55,8.630766556232285,6.80568606953208,0.0,0.0,1.0,0.0,1.0,1.0
5,55,6.331979359560171,9.292025167718108,0.0,0.0,0.0,1.0,1.0,1.0
6,55,7.838163083236498,8.7956135284901,0.0,1.0,0.0,0.0,0.0,1.0
7,55,4.713845964748395,11.659739136777418,0.0,0.0,0.0,0.0,1.0,1.0
8,55,4.139983955697753,6.711855447700327,1.0,0.0,0.0,0.0,1.0,0.0
9,55,0.28397644832356,6.771045041090404,0.0,1.0,0.0,0.0,0.0,0.0
10,55,8.5666989548242,6.446912269413625,1.0,0.0,1.0,0.0,1.0,0.0
11,55,0.2371966813028909,10.683876468008634,0.0,1.0,1.0,1.0,0.0,0.0
12,55,8.178527930833123,3.0693267774829813,0.0,1.0,0.0,0.0,0.0,1.0
13,55,0.0,10.77787604208365,1.0,0.0,0.0,1.0,0.0,0.0
14,55,8.928868475000218,9.99055570047659,0.0,1.0,0.0,1.0,0.0,0.0
15,55,4.065080070990462,1.559324135491304,1.0,0.0,0.0,0.0,0.0,1.0
16,55,5.741352537383948,3.653653433905793,1.0,0.0,0.0,0.0,0.0,1.0
17,55,0.912441696937329,2.472409255372982,0.0,0.0,1.0,1.0,0.0,1.0
18,55,5.996607171399274,4.998619805480556,0.0,1.0,1.0,0.0,0.0,0.0
19,55,1.4881473278470396,6.50336357515446,0.0,1.0,1.0,1.0,0.0,0.0
20,55,12.0,2.0615325331950296,0.0,1.0,1.0,1.0,1.0,0.0
21,55,9.905466536830012,2.511857570942966,0.0,0.0,0.0,0.0,0.0,1.0
22,55,5.913054370175179,2.8136716976447094,1.0,0.0,0.0,1.0,0.0,1.0
23,55,0.6900427775985154,2.6202397974114864,1.0,0.0,0.0,0.0,0.0,1.0
24,55,1.815370228343264,5.260492487990348,1.0,1.0,0.0,0.0,0.0,0.0
25,55,9.804463268449316,3.238961363420989,0.0,0.0,1.0,0.0,1.0,0.0
26,55,9.406830234745074,7.482162063346144,0.0,0.0,0.0,1.0,0.0,1.0
27,55,12.0,7.723921698718953,0.0,0.0,1.0,0.0,1.0,1.0
28,55,5.333198640112073,12.0,0.0,0.0,0.0,1.0,0.0,0.0
29,55,1.955694547838592,12.0,1.0,0.0,0.0,0.0,0.0,0.0
0,60,2.633664542661221,8.63385006889227,1.0,0.0,0.0,0.0,0.0,1.0
1,60,1.038607864433693,11.591746057155948,1.0,0.0,0.0,0.0,0.0,0.0
2,60,8.979143971638898,1.59215334446046,0.0,1.0,1.0,0.0,0.0,1.0
3,60,6.43606544255556,1.0333348585982445,0.0,1.0,0.0,0.0,0.0,1.0
4,60,8.631828798396612,6.806186605859337,0.0,0.0,1.0,0.0,1.0,1.0
5,60,6.363356099130993,9.221217407970087,0.0,0.0,0.0,1.0,1.0,1.0
6,60,7.893260788596225,8.805044748277039,0.0,1.0,0.0,0.0,0.0,1.0
7,60,4.664812692000755,11.60622337940666,0.0,0.0,0.0,0.0,1.0,1.0
8,60,4.101575085391081,6.697396461698521,1.0,0.0,0.0,0.0,1.0,0.0
9,60,0.2531083370632692,6.762303040428067,0.0,1.0,0.0,0.0,0.0,0.0
10,60,8.53903081021539,6.47106145041774,1.0,0.0,1.0,0.0,1.0,0.0
11,60,0.2654087539022361,10.64694118667272,0.0,1.0,1.0,1.0,0.0,0.0
12,60,8.090449866549877,2.951860029117276,0.0,1.0,0.0,0.0,0.0,1.0
13,60,0.0,10.817068930256063,1.0,0.0,0.0,1.0,0.0,0.0
14,60,8.872401809392624,9.981840945630656,0.0,1.0,0.0,1.0,0.0,0.0
15,60,4.076023277312283,1.4887973529566365,1.0,0.0,0.0,0.0,0.0,1.0
16,60,5.740380776935521,3.652779582132825,1.0,0.0,0.0,0.0,0.0,1.0
17,60,0.9025264157018932,2.409493743311058,0.0,0.0,1.0,1.0,0.0,1.0
18,60,6.034329092927102,4.996452339796422,0.0,1.0,1.0,0.0,0.0,0.0
19,60,1.452280163401123,6.536122252819012,0.0,1.0,1.0,1.0,0.0,0.0
20,60,12.0,2.068666313351383,0.0,1.0,1.0,1.0,1.0,0.0
21,60,9.881058015253352,2.308559974350489,0.0,0.0,0.0,0.0,0.0,1.0
22,60,5.803755402479725,2.793761273065421,1.0,0.0,0.0,1.0,0.0,1.0
23,60,0.673015649655936,2.653743285927845,1.0,0.0,0.0,0.0,0.0,1.0
24,60,1.808464353075231,5.233793419744548,1.0,1.0,0.0,0.0,0.0,0.0
25,60,9.794438764916304,3.203718848507539,0.0,0.0,1.0,0.0,1.0,0.0
26,60,9.425918656353272,7.502147367664635,0.0,0.0,0.0,1.0,0.0,1.0
27,60,12.0,7.732995371226331,0.0,0.0,1.0,0.0,1.0,1.0
28,60,5.237199398078237,12.0,0.0,0.0,0.0,1.0,0.0,0.0
29,60,1.9602870437280968,12.0,1.0,0.0,0.0,0.0,0.0,0.0
0,65,2.6321207428375843,8.636802653532852,1.0,0.0,0.0,0.0,0.0,1.0
1,65,0.9679736842826374,11.497222216277327,1.0,0.0,0.0,0.0,0.0,0.0
2,65,8.977759038458062,1.5494451619050225,0.0,1.0,1.0,0.0,0.0,1.0
3,65,6.401351438622089,1.034883525352407,0.0,1.0,0.0,0.0,0.0,1.0
4,65,8.638195961589593,6.809425445605158,0.0,0.0,1.0,0.0,1.0,1.0
5,65,6.40604032746496,9.122626163926864,0.0,0.0,0.0,1.0,1.0,1.0
6,65,7.92399893330921,8.810530897108727,0.0,1.0,0.0,0.0,0.0,1.0
7,65,4.603316005355602,11.540168528376476,0.0,0.0,0.0,0.0,1.0,1.0
8,65,4.094215091011009,6.694635991914603,1.0,0.0,0.0,0.0,1.0,0.0
9,65,0.2626559512628909,6.76499088411339,0.0,1.0,0.0,0.0,0.0,0.0
10,65,8.499376214893633,6.504046485705319,1.0,0.0,1.0,0.0,1.0,0.0
11,65,0.3181416544194057,10.577590345270288,0.0,1.0,1.0,1.0,0.0,0.0
12,65,8.004134014744466,2.8379107591581376,0.0,1.0,0.0,0.0,0.0,1.0
13,65,0.0,10.847514810460344,1.0,0.0,0.0,1.0,0.0,0.0
14,65,8.820219417563592,9.974741573152984,0.0,1.0,0.0,1.0,0.0,0.0
15,65,4.091007986650991,1.3999921280342829,1.0,0.0,0.0,0.0,0.0,1.0
16,65,5.737825257903023,3.6504263487301434,1.0,0.0,0.0,0.0,0.0,1.0
17,65,0.891616453453142,2.33935177421766,0.0,0.0,1.0,1.0,0.0,1.0
18,65,6.0702980508364055,4.9941502311078905,0.0,1.0,1.0,0.0,0.0,0.0
19,65,1.42505311496225,6.560715537938737,0.0,1.0,1.0,1.0,0.0,0.0
20,65,12.0,2.073745566179113,0.0,1.0,1.0,1.0,1.0,0.0
21,65,9.863810049748206,2.1127003667478115,0.0,0.0,0.0,0.0,0.0,1.0
22,65,5.699884819853303,2.773807064593945,1.0,0.0,0.0,1.0,0.0,1.0
23,65,0.6534334512790966,2.691770264913756,1.0,0.0,0.0,0.0,0.0,1.0
24,65,1.797786826475855,5.190694382370285,1.0,1.0,0.0,0.0,0.0,0.0
25,65,9.781105754274716,3.158595211016542,0.0,0.0,1.0,0.0,1.0,0.0
26,65,9.42584177071037,7.502067954573611,0.0,0.0,0.0,1.0,0.0,1.0
27,65,12.0,7.740950957270028,0.0,0.0,1.0,0.0,1.0,1.0
28,65,5.161106215528276,12.0,0.0,0.0,0.0,1.0,0.0,0.0
29,65,1.962185766709404,12.0,1.0,0.0,0.0,0.0,0.0,0.0
0,70,2.627362879117845,8.64562865929098,1.0,0.0,0.0,0.0,0.0,1.0
1,70,0.8953894711557044,11.401746690091043,1.0,0.0,0.0,0.0,0.0,0.0
2,70,8.976426309676024,1.5142736421095735,0.0,1.0,1.0,0.0,0.0,1.0
3,70,6.361111274241603,1.0367067162855703,0.0,1.0,0.0,0.0,0.0,1.0
4,70,8.637238262693947,6.808899978092635,0.0,0.0,1.0,0.0,1.0,1.0
5,70,6.442742032853642,9.04012704334609,0.0,0.0,0.0,1.0,1.0,1.0
6,70,7.9478784274303536,8.814679095060571,0.0,1.0,0.0,0.0,0.0,1.0
7,70,4.5419024209025,11.47097988684222,0.0,0.0,0.0,0.0,1.0,1.0
8,70,4.0870501678255735,6.692062763690496,1.0,0.0,0.0,0.0,1.0,0.0
9,70,0.2782357252026229,6.769461022228161,0.0,1.0,0.0,0.0,0.0,0.0
10,70,8.432974304441323,6.559257845103009,1.0,0.0,1.0,0.0,1.0,0.0
11,70,0.3790533948085292,10.50006801646067,0.0,1.0,1.0,1.0,0.0,0.0
12,70,7.919545631423461,2.722729463404133,0.0,1.0,0.0,0.0,0.0,1.0
13,70,0.0,10.888470580930848,1.0,0.0,0.0,1.0,0.0,0.0
14,70,8.764854775999522,9.966646088417813,0.0,1.0,0.0,1.0,0.0,0.0
15,70,4.102452070998216,1.316707506851137,1.0,0.0,0.0,0.0,0.0,1.0
16,70,5.74181915255882,3.654081266551914,1.0,0.0,0.0,0.0,0.0,1.0
17,70,0.8816672554966298,2.279392259396442,0.0,0.0,1.0,1.0,0.0,1.0
18,70,6.111814241275199,4.991394991714564,0.0,1.0,1.0,0.0,0.0,0.0
19,70,1.3982395071939713,6.58681498665182,0.0,1.0,1.0,1.0,0.0,0.0
20,70,12.0,2.080395936216066,0.0,1.0,1.0,1.0,1.0,0.0
21,70,9.841894704139852,1.892782745338162,0.0,0.0,0.0,0.0,0.0,1.0
22,70,5.623542279257414,2.7578685228261857,1.0,0.0,0.0,1.0,0.0,1.0
23,70,0.6404540308196481,2.7196235465006477,1.0,0.0,0.0,0.0,0.0,1.0
24,70,1.791816580837622,5.1659476888313085,1.0,1.0,0.0,0.0,0.0,0.0
25,70,9.768423461849164,3.1154185405797112,0.0,0.0,1.0,0.0,1.0,0.0
26,70,9.417998166243596,7.493787745967774,0.0,0.0,0.0,1.0,0.0,1.0
27,70,12.0,7.750827804381707,0.0,0.0,1.0,0.0,1.0,1.0
28,70,5.078984501038356,12.0,0.0,0.0,0.0,1.0,0.0,0.0
29,70,1.96528076146676,12.0,1.0,0.0,0.0,0.0,0.0,0.0
0,75,2.621109719983397,8.657127752973395,1.0,0.0,0.0,0.0,0.0,1.0
1,75,0.8100445204050134,11.290232590793174,1.0,0.0,0.0,0.0,0.0,0.0
2,75,8.975402043764786,1.492312857916607,0.0,1.0,1.0,0.0,0.0,1.0
3,75,6.335002534808764,1.037732190533329,0.0,1.0,0.0,0.0,0.0,1.0
4,75,8.638772102021502,6.809769539211073,0.0,0.0,1.0,0.0,1.0,1.0
5,75,6.480175063406254,8.948193285305306,0.0,0.0,0.0,1.0,1.0,1.0
6,75,7.95867922497529,8.816445499650131,0.0,1.0,0.0,0.0,0.0,1.0
7,75,4.470932558363475,11.394776609616466,0.0,0.0,0.0,0.0,1.0,1.0
8,75,4.072293958737276,6.687200458815282,1.0,0.0,0.0,0.0,1.0,0.0
9,75,0.2839397662671985,6.7709939302762105,0.0,1.0,0.0,0.0,0.0,0.0
10,75,8.349700771676519,6.63034045327256,1.0,0.0,1.0,0.0,1.0,0.0
11,75,0.4415305732828315,10.416594256660364,0.0,1.0,1.0,1.0,0.0,0.0
12,75,7.828235220709161,2.597408109048319,0.0,1.0,0.0,0.0,0.0,1.0
13,75,0.0,10.934773291554553,1.0,0.0,0.0,1.0,0.0,0.0
14,75,8.710423320820153,9.958316825671984,0.0,1.0,0.0,1.0,0.0,0.0
15,75,4.112603660748097,1.2516030331397945,1.0,0.0,0.0,0.0,0.0,1.0
16,75,5.759957934809444,3.67025352252216,1.0,0.0,0.0,0.0,0.0,1.0
17,75,0.8740981353418321,2.2380479857529028,0.0,0.0,1.0,1.0,0.0,1.0
18,75,6.160654752206578,4.987647072125007,0.0,1.0,1.0,0.0,0.0,0.0
19,75,1.3849230272628177,6.600232428534917,0.0,1.0,1.0,1.0,0.0,0.0
20,75,12.0,2.0869004673398868,0.0,1.0,1.0,1.0,1.0,0.0
21,75,9.819501600505005,1.694727377031417,0.0,0.0,0.0,0.0,0.0,1.0
22,75,5.537454881605959,2.73926012773624,1.0,0.0,0.0,1.0,0.0,1.0
23,75,0.6278270552516089,2.74603677171817,1.0,0.0,0.0,0.0,0.0,1.0
24,75,1.7894169995288356,5.156533311633361,1.0,1.0,0.0,0.0,0.0,0.0
25,75,9.801592617906843,3.105542937656194,0.0,0.0,1.0,0.0,1.0,0.0
26,75,9.420879543751036,7.496817786090406,0.0,0.0,0.0,1.0,0.0,1.0
27,75,12.0,7.761617475832192,0.0,0.0,1.0,0.0,1.0,1.0
28,75,4.96168071364241,12.0,0.0,0.0,0.0,1.0,0.0,0.0
29,75,1.9692167169927604,12.0,1.0,0.0,0.0,0.0,0.0,0.0
0,80,2.628515010188928,8.643576273315837,1.0,0.0,0.0,0.0,0.0,1.0
1,80,0.7179050523197731,11.164964130957962,1.0,0.0,0.0,0.0,0.0,0.0
2,80,8.97481936575278,1.4780783202450067,0.0,1.0,1.0,0.0,0.0,1.0
3,80,6.3121367752534265,1.0389083925840792,0.0,1.0,0.0,0.0,0.0,1.0
4,80,8.633975965162197,6.807149901959368,0.0,0.0,1.0,0.0,1.0,1.0
5,80,6.523941241672779,8.846718810943292,0.0,0.0,0.0,1.0,1.0,1.0
6,80,7.966298056522401,8.817743560086658,0.0,1.0,0.0,0.0,0.0,1.0
7,80,4.415978200766076,11.336653336910604,0.0,0.0,0.0,0.0,1.0,1.0
8,80,4.052317967985226,6.680525718668736,1.0,0.0,0.0,0.0,1.0,0.0
9,80,0.3136119340353591,6.778645967234917,0.0,1.0,0.0,0.0,0.0,0.0
10,80,8.27312981277893,6.69621742799759,1.0,0.0,1.0,0.0,1.0,0.0
11,80,0.4968373887373145,10.33836283885269,0.0,1.0,1.0,1.0,0.0,0.0
12,80,7.737503796508855,2.475071165820737,0.0,1.0,0.0,0.0,0.0,1.0
13,80,0.0,10.984026770988212,1.0,0.0,0.0,1.0,0.0,0.0
14,80,8.665882606461011,9.951856122703282,0.0,1.0,0.0,1.0,0.0,0.0
15,80,4.121639856886178,1.1828920322228185,1.0,0.0,0.0,0.0,0.0,1.0
16,80,5.781246375941157,3.6880313955447024,1.0,0.0,0.0,0.0,0.0,1.0
17,80,0.8682551903094573,2.199081644609371,0.0,0.0,1.0,1.0,0.0,1.0
18,80,6.203931358407149,4.984621871210546,0.0,1.0,1.0,0.0,0.0,0.0
19,80,1.3708575834208183,6.614871119609711,0.0,1.0,1.0,1.0,0.0,0.0
20,80,12.0,2.0910911409259643,0.0,1.0,1.0,1.0,1.0,0.0
21,80,9.794110141776144,1.5061675184298997,0.0,0.0,0.0,0.0,0.0,1.0
22,80,5.452897926095888,2.72203942648424,1.0,0.0,0.0,1.0,0.0,1.0
23,80,0.6062731195333272,2.792848433071407,1.0,0.0,0.0,0.0,0.0,1.0
24,80,1.7846055688904965,5.137082675721513,1.0,1.0,0.0,0.0,0.0,0.0
25,80,9.854701232050887,3.0901214890811715,0.0,0.0,1.0,0.0,1.0,0.0
26,80,9.430838711381533,7.507839827713242,0.0,0.0,0.0,1.0,0.0,1.0
27,80,12.0,7.773058262317151,0.0,0.0,1.0,0.0,1.0,1.0
28,80,4.844117605079632,12.0,0.0,0.0,0.0,1.0,0.0,0.0
29,80,1.97376687242003,12.0,1.0,0.0,0.0,0.0,0.0,0.0
0,85,2.63567296023093,8.630652471405993,1.0,0.0,0.0,0.0,0.0,1.0
1,85,0.6204082914365975,11.031987612340204,1.0,0.0,0.0,0.0,0.0,0.0
2,85,8.97350458741262,1.454947742151991,0.0,1.0,1.0,0.0,0.0,1.0
3,85,6.300336684184956,1.0397949027986626,0.0,1.0,0.0,0.0,0.0,1.0
4,85,8.633309182313953,6.806801916468788,0.0,0.0,1.0,0.0,1.0,1.0
5,85,6.570434939533488,8.741667559559271,0.0,0.0,0.0,1.0,1.0,1.0
6,85,7.969498754408758,8.81831682355953,0.0,1.0,0.0,0.0,0.0,1.0
7,85,4.343855942507562,11.261453896133732,0.0,0.0,0.0,0.0,1.0,1.0
8,85,4.043122614877193,6.677553546761997,1.0,0.0,0.0,0.0,1.0,0.0
9,85,0.3542218162497991,6.788627919856048,0.0,1.0,0.0,0.0,0.0,0.0
10,85,8.192002295365809,6.765019006131452,1.0,0.0,1.0,0.0,1.0,0.0
11,85,0.5442632509633799,10.272348868698812,0.0,1.0,1.0,1.0,0.0,0.0
12,85,7.65523347721015,2.363116769224244,0.0,1.0,0.0,0.0,0.0,1.0
13,85,0.0,11.029297765048566,1.0,0.0,0.0,1.0,0.0,0.0
14,85,8.63543591310727,9.947771430001032,0.0,1.0,0.0,1.0,0.0,0.0
15,85,4.128707945332449,1.1363999741769542,1.0,0.0,0.0,0.0,0.0,1.0
16,85,5.785250933242764,3.691337608724795,1.0,0.0,0.0,0.0,0.0,1.0
17,85,0.8617917159300419,2.1592181381053046,0.0,0.0,1.0,1.0,0.0,1.0
18,85,6.270512220733875,4.983557623578421,0.0,1.0,1.0,0.0,0.0,0.0
19,85,1.3581977537300554,6.628360988383286,0.0,1.0,1.0,1.0,0.0,0.0
20,85,12.0,2.094328239043296,0.0,1.0,1.0,1.0,1.0,0.0
21,85,9.76734940963514,1.3052476326170832,0.0,0.0,0.0,0.0,0.0,1.0
22,85,5.379803097070996,2.7088084300096957,1.0,0.0,0.0,1.0,0.0,1.0
23,85,0.5800346343273787,2.8471704788619108,1.0,0.0,0.0,0.0,0.0,1.0
24,85,1.7825037582059506,5.1286944874312965,1.0,1.0,0.0,0.0,0.0,0.0
25,85,9.92438744142454,3.071308601739245,0.0,0.0,1.0,0.0,1.0,0.0
26,85,9.432318919890935,7.509550783678307,0.0,0.0,0.0,1.0,0.0,1.0
27,85,12.0,7.783600888107021,0.0,0.0,1.0,0.0,1.0,1.0
28,85,4.7313198091176,12.0,0.0,0.0,0.0,1.0,0.0,0.0
29,85,1.9777772506593212,12.0,1.0,0.0,0.0,0.0,0.0,0.0
0,90,2.647058383641893,8.609536503583634,1.0,0.0,0.0,0.0,0.0,1.0
1,90,0.5344330472300585,10.915483040902105,1.0,0.0,0.0,0.0,0.0,0.0
2,90,8.971893736860824,1.424926331927368,0.0,1.0,1.0,0.0,0.0,1.0
3,90,6.282133147063639,1.0411522910198792,0.0,1.0,0.0,0.0,0.0,1.0
4,90,8.63247309822845,6.806381392380091,0.0,0.0,1.0,0.0,1.0,1.0
5,90,6.626524689631057,8.618936025185487,0.0,0.0,0.0,1.0,1.0,1.0
6,90,7.984001120428046,8.820555157591027,0.0,1.0,0.0,0.0,0.0,1.0
7,90,4.265834881744869,11.179056373388118,0.0,0.0,0.0,0.0,1.0,1.0
8,90,4.040436951150395,6.67674711471913,1.0,0.0,0.0,0.0,1.0,0.0
9,90,0.4138118794375801,6.801485060752529,0.0,1.0,0.0,0.0,0.0,0.0
10,90,8.113991218838178,6.8300386741966825,1.0,0.0,1.0,0.0,1.0,0.0
11,90,0.5829549040960043,10.216466651284655,0.0,1.0,1.0,1.0,0.0,0.0
12,90,7.573179754150294,2.2528502109273223,0.0,1.0,0.0,0.0,0.0,1.0
13,90,0.0,11.073262688024828,1.0,0.0,0.0,1.0,0.0,0.0
14,90,8.61262291688469,9.944348976281123,0.0,1.0,0.0,1.0,0.0,0.0
15,90,4.134127358438502,1.1019666553896974,1.0,0.0,0.0,0.0,0.0,1.0
16,90,5.806699938573583,3.708340156265799,1.0,0.0,0.0,0.0,0.0,1.0
17,90,0.8552324149862492,2.1198493805452148,0.0,0.0,1.0,1.0,0.0,1.0
18,90,6.319160384260225,4.982161983671742,0.0,1.0,1.0,0.0,0.0,0.0
19,90,1.352735132095859,6.6342075843980455,0.0,1.0,1.0,1.0,0.0,0.0
20,90,12.0,2.0959912557730838,0.0,1.0,1.0,1.0,1.0,0.0
21,90,9.740682509812704,1.0932699811279716,0.0,0.0,0.0,0.0,0.0,1.0
22,90,5.301478656646165,2.6970657336714337,1.0,0.0,0.0,1.0,0.0,1.0
23,90,0.5570527859775699,2.897114535090477,1.0,0.0,0.0,0.0,0.0,1.0
24,90,1.7808556146305534,5.121815509582079,1.0,1.0,0.0,0.0,0.0,0.0
25,90,9.985235929330669,3.053417213322811,0.0,0.0,1.0,0.0,1.0,0.0
26,90,9.43657541218391,7.514150373196243,0.0,0.0,0.0,1.0,0.0,1.0
27,90,12.0,7.798525116506827,0.0,0.0,1.0,0.0,1.0,1.0
28,90,4.622855152808114,12.0,0.0,0.0,0.0,1.0,0.0,0.0
29,90,1.9830532945113537,12.0,1.0,0.0,0.0,0.0,0.0,0.0
0,95,2.662956961322596,8.578648121134034,1.0,0.0,0.0,0.0,0.0,1.0
1,95,0.456284514956404,10.811444734302944,1.0,0.0,0.0,0.0,0.0,0.0
2,95,8.97100225088587,1.4027872928898182,0.0,1.0,1.0,0.0,0.0,1.0
3,95,6.267702036889306,1.0420481450501078,0.0,1.0,0.0,0.0,0.0,1.0
4,95,8.639511274493488,6.809797321836716,0.0,0.0,1.0,0.0,1.0,1.0
5,95,6.678822855665087,8.499469616991874,0.0,0.0,0.0,1.0,1.0,1.0
6,95,7.99714883983051,8.822412785721744,0.0,1.0,0.0,0.0,0.0,1.0
7,95,4.180217996996914,11.087197674918272,0.0,0.0,0.0,0.0,1.0,1.0
8,95,4.041886719119818,6.677194822191278,1.0,0.0,0.0,0.0,1.0,0.0
9,95,0.4811586900712585,6.81644671794047,0.0,1.0,0.0,0.0,0.0,0.0
10,95,8.034500650429413,6.893627226201789,1.0,0.0,1.0,0.0,1.0,0.0
11,95,0.6295894242918089,10.15167072135109,0.0,1.0,1.0,1.0,0.0,0.0
12,95,7.487358403016893,2.137189173831787,0.0,1.0,0.0,0.0,0.0,1.0
13,95,0.0,11.115334292376255,1.0,0.0,0.0,1.0,0.0,0.0
14,95,8.599121845174743,9.942842855607084,0.0,1.0,0.0,1.0,0.0,0.0
15,95,4.139666970022956,1.0674054674797049,1.0,0.0,0.0,0.0,0.0,1.0
16,95,5.8349239422112005,3.7291661587939786,1.0,0.0,0.0,0.0,0.0,1.0
17,95,0.8511548709546843,2.097858107038608,0.0,0.0,1.0,1.0,0.0,1.0
18,95,6.365378735625876,4.980448703337244,0.0,1.0,1.0,0.0,0.0,0.0
19,95,1.3616225994455662,6.624558411556772,0.0,1.0,1.0,1.0,0.0,0.0
20,95,12.0,2.096183168389716,0.0,1.0,1.0,1.0,1.0,0.0
21,95,9.711594377712943,0.873002246122073,0.0,0.0,0.0,0.0,0.0,1.0
22,95,5.219540080105828,2.6850218177489005,1.0,0.0,0.0,1.0,0.0,1.0
23,95,0.5355173594682215,2.9461591167842065,1.0,0.0,0.0,0.0,0.0,1.0
24,95,1.7866452342554024,5.143233799582499,1.0,1.0,0.0,0.0,0.0,0.0
25,95,10.056683505578434,3.031317843012564,0.0,0.0,1.0,0.0,1.0,0.0
26,95,9.427818381743313,7.505260346522675,0.0,0.0,0.0,1.0,0.0,1.0
27,95,12.0,7.812824584201795,0.0,0.0,1.0,0.0,1.0,1.0
28,95,4.509113417503387,12.0,0.0,0.0,0.0,1.0,0.0,0.0
29,95,1.9895521063357544,12.0,1.0,0.0,0.0,0.0,0.0,0.0
0,100,2.679145231455026,8.547158245122013,1.0,0.0,0.0,0.0,0.0,1.0
1,100,0.3867547318660544,10.721228474763898,1.0,0.0,0.0,0.0,0.0,0.0
2,100,8.971192297521442,1.407659637825323,0.0,1.0,1.0,0.0,0.0,1.0
3,100,6.232876264359661,1.0434301722180848,0.0,1.0,0.0,0.0,0.0,1.0
4,100,8.635418363704373,6.8078232624820165,0.0,0.0,1.0,0.0,1.0,1.0
5,100,6.728916350157139,8.38365580338104,0.0,0.0,0.0,1.0,1.0,1.0
6,100,8.012826586800461,8.824952919793194,0.0,1.0,0.0,0.0,0.0,1.0
7,100,4.096367561656308,10.99127854937236,0.0,0.0,0.0,0.0,1.0,1.0
8,100,4.022295841953857,6.6716337848958345,1.0,0.0,0.0,0.0,1.0,0.0
9,100,0.5503187073802148,6.830457988157452,0.0,1.0,0.0,0.0,0.0,0.0
10,100,7.956309182072266,6.953460316529456,1.0,0.0,1.0,0.0,1.0,0.0
11,100,0.6786251384793213,10.083680509385688,0.0,1.0,1.0,1.0,0.0,0.0
12,100,7.412310138028183,2.03722759519312,0.0,1.0,0.0,0.0,0.0,1.0
13,100,0.0,11.155381473213057,1.0,0.0,0.0,1.0,0.0,0.0
14,100,8.590237167468958,9.941646692350831,0.0,1.0,0.0,1.0,0.0,0.0
15,100,4.144409487112702,1.035797141168045,1.0,0.0,0.0,0.0,0.0,1.0
16,100,5.850087596788754,3.740569764567632,1.0,0.0,0.0,0.0,0.0,1.0
17,100,0.8489540081110919,2.084581318775196,0.0,0.0,1.0,1.0,0.0,1.0
18,100,6.433062888889222,4.979903313242896,0.0,1.0,1.0,0.0,0.0,0.0
19,100,1.381505637238265,6.603097738431438,0.0,1.0,1.0,1.0,0.0,0.0
20,100,12.0,2.095203504541077,0.0,1.0,1.0,1.0,1.0,0.0
21,100,9.682465335672005,0.6482688737390128,0.0,0.0,0.0,0.0,0.0,1.0
22,100,5.148081299708161,2.673043615707647,1.0,0.0,0.0,1.0,0.0,1.0
23,100,0.5199613625593097,2.982647671732065,1.0,0.0,0.0,0.0,0.0,1.0
24,100,1.7937706443386583,5.168622661973805,1.0,1.0,0.0,0.0,0.0,0.0
25,100,10.102555252245915,3.0177109736791192,0.0,0.0,1.0,0.0,1.0,0.0
26,100,9.42312167859988,7.500233313685943,0.0,0.0,0.0,1.0,0.0,1.0
27,100,12.0,7.828935356031088,0.0,0.0,1.0,0.0,1.0,1.0
28,100,4.36338866093282,12.0,0.0,0.0,0.0,1.0,0.0,0.0
29,100,1.997979989946444,12.0,1.0,0.0,0.0,0.0,0.0,0.0
0,105,2.694342180791193,8.513394881021023,1.0,0.0,0.0,0.0,0.0,1.0
1,105,0.3163921880937486,10.629856848959028,1.0,0.0,0.0,0.0,0.0,0.0
2,105,8.97148971953753,1.4189665440395935,0.0,1.0,1.0,0.0,0.0,1.0
3,105,6.19453757148478,1.0440266274207175,0.0,1.0,0.0,0.0,0.0,1.0
4,105,8.630216109952647,6.805386289295982,0.0,0.0,1.0,0.0,1.0,1.0
5,105,6.778068218352681,8.268629652141602,0.0,0.0,0.0,1.0,1.0,1.0
6,105,8.01764817320963,8.825890249850223,0.0,1.0,0.0,0.0,0.0,1.0
7,105,3.999982103610321,10.883917619084835,0.0,0.0,0.0,0.0,1.0,1.0
8,105,4.015118685809765,6.669557365455984,1.0,0.0,0.0,0.0,1.0,0.0
9,105,0.6255568687094837,6.845754724226827,0.0,1.0,0.0,0.0,0.0,0.0
10,105,7.887586951877592,7.009290381067931,1.0,0.0,1.0,0.0,1.0,0.0
11,105,0.7376248726394886,9.99896058842256,0.0,1.0,1.0,1.0,0.0,0.0
12,105,7.323023154989899,1.919590633278872,0.0,1.0,0.0,0.0,0.0,1.0
13,105,0.0,11.204471665444188,1.0,0.0,0.0,1.0,0.0,0.0
14,105,8.568354639674558,9.938382676783185,0.0,1.0,0.0,1.0,0.0,0.0
15,105,4.146456479672337,1.0209915704015602,1.0,0.0,0.0,0.0,0.0,1.0
16,105,5.876783335570711,3.7608811207872734,1.0,0.0,0.0,0.0,0.0,1.0
17,105,0.8492880035583722,2.0864219982340533,0.0,0.0,1.0,1.0,0.0,1.0
18,105,6.522073989489345,4.981733722508815,0.0,1.0,1.0,0.0,0.0,0.0
19,105,1.4125714068093589,6.569656753695436,0.0,1.0,1.0,1.0,0.0,0.0
20,105,12.0,2.0949675023138883,0.0,1.0,1.0,1.0,1.0,0.0
21,105,9.652206972697051,0.4292971172056316,0.0,0.0,0.0,0.0,0.0,1.0
22,105,5.050817295896104,2.656565607406642,1.0,0.0,0.0,1.0,0.0,1.0
23,105,0.4943605677537055,3.0408989443306997,1.0,0.0,0.0,0.0,0.0,1.0
24,105,1.8088068072090613,5.22136459788766,1.0,1.0,0.0,0.0,0.0,0.0
25,105,10.15268699687763,3.0046210596680747,0.0,0.0,1.0,0.0,1.0,0.0
26,105,9.409474495884089,7.484841340982423,0.0,0.0,0.0,1.0,0.0,1.0
27,105,12.0,7.846585648073027,0.0,0.0,1.0,0.0,1.0,1.0
28,105,4.343433384846922,11.852087717875795,0.0,0.0,0.0,1.0,0.0,0.0
29,105,2.0033787926289226,12.0,1.0,0.0,0.0,0.0,0.0,0.0
0,110,2.7080604996627398,8.482414013255715,1.0,0.0,0.0,0.0,0.0,1.0
1,110,0.2507250550609256,10.53955850849655,1.0,0.0,0.0,0.0,0.0,0.0
2,110,8.971735423734442,1.4355774662367309,0.0,1.0,1.0,0.0,0.0,1.0
3,110,6.155037362671681,1.0447861929770956,0.0,1.0,0.0,0.0,0.0,1.0
4,110,8.623462705603234,6.8023705288293215,0.0,0.0,1.0,0.0,1.0,1.0
5,110,6.816016919034214,8.176151217311217,0.0,0.0,0.0,1.0,1.0,1.0
6,110,8.042087632949974,8.829631018567566,0.0,1.0,0.0,0.0,0.0,1.0
7,110,3.902179217784801,10.773490369044849,0.0,0.0,0.0,0.0,1.0,1.0
8,110,4.020067993429093,6.670932677944374,1.0,0.0,0.0,0.0,1.0,0.0
9,110,0.6862666357678288,6.858641471293487,0.0,1.0,0.0,0.0,0.0,0.0
10,110,7.828895435716643,7.058636724352695,1.0,0.0,1.0,0.0,1.0,0.0
11,110,0.8010221595444411,9.90343136120934,0.0,1.0,1.0,1.0,0.0,0.0
12,110,7.235284076433495,1.8009059574881257,0.0,1.0,0.0,0.0,0.0,1.0
13,110,0.0,11.239727905578464,1.0,0.0,0.0,1.0,0.0,0.0
14,110,8.532929482421768,9.93248519003954,0.0,1.0,0.0,1.0,0.0,0.0
15,110,4.144189096431493,1.0354389941568325,1.0,0.0,0.0,0.0,0.0,1.0
16,110,5.900129689280267,3.778964952638996,1.0,0.0,0.0,0.0,0.0,1.0
17,110,0.8473961494597747,2.0760774347359443,0.0,0.0,1.0,1.0,0.0,1.0
18,110,6.624519227008477,4.984597072222924,0.0,1.0,1.0,0.0,0.0,0.0
19,110,1.4492289791098996,6.5296612536697,0.0,1.0,1.0,1.0,0.0,0.0
20,110,12.0,2.0943280432517195,0.0,1.0,1.0,1.0,1.0,0.0
21,110,9.619846874253504,0.2033877824612594,0.0,0.0,0.0,0.0,0.0,1.0
22,110,4.96280642367692,2.641341069827177,1.0,0.0,0.0,1.0,0.0,1.0
23,110,0.4759978683614225,3.0811606611357143,1.0,0.0,0.0,0.0,0.0,1.0
24,110,1.8208910831801732,5.263916951976633,1.0,1.0,0.0,0.0,0.0,0.0
25,110,10.161738921997182,3.039605004234426,0.0,0.0,1.0,0.0,1.0,0.0
26,110,9.400091893900967,7.474310164725839,0.0,0.0,0.0,1.0,0.0,1.0
27,110,12.0,7.862052831858237,0.0,0.0,1.0,0.0,1.0,1.0
28,110,4.325887588748181,11.719421393572436,0.0,0.0,0.0,1.0,0.0,0.0
29,110,2.004572912145832,12.0,1.0,0.0,0.0,0.0,0.0,0.0
0,115,2.7190232347221883,8.457335427756462,1.0,0.0,0.0,0.0,0.0,1.0
1,115,0.1837480123127494,10.447883311207388,1.0,0.0,0.0,0.0,0.0,0.0
2,115,8.971784101341207,1.4736357465881893,0.0,1.0,1.0,0.0,0.0,1.0
3,115,6.154248821392501,0.9984118703540632,0.0,1.0,0.0,0.0,0.0,1.0
4,115,8.63912044402753,6.80915816904498,0.0,0.0,1.0,0.0,1.0,1.0
5,115,6.845543083870232,8.103554777056614,0.0,0.0,0.0,1.0,1.0,1.0
6,115,8.062605798285958,8.831788837885664,0.0,1.0,0.0,0.0,0.0,1.0
7,115,3.8111442204070105,10.674801100090908,0.0,0.0,0.0,0.0,1.0,1.0
8,115,4.012997563344404,6.66888586003558,1.0,0.0,0.0,0.0,1.0,0.0
9,115,0.757153315958415,6.872925463769131,0.0,1.0,0.0,0.0,0.0,0.0
10,115,7.773847069912683,7.10370568343575,1.0,0.0,1.0,0.0,1.0,0.0
11,115,0.8450647217805721,9.83174845319027,0.0,1.0,1.0,1.0,0.0,0.0
12,115,7.1518480044256245,1.6884043444162025,0.0,1.0,0.0,0.0,0.0,1.0
13,115,0.0,11.265028139010612,1.0,0.0,0.0,1.0,0.0,0.0
14,115,8.501796763107555,9.92680222579812,0.0,1.0,0.0,1.0,0.0,0.0
15,115,4.140336608746194,1.0575573699758911,1.0,0.0,0.0,0.0,0.0,1.0
16,115,5.93530671856288,3.804116535835007,1.0,0.0,0.0,0.0,0.0,1.0
17,115,0.847565786320307,2.0768631849936456,0.0,0.0,1.0,1.0,0.0,1.0
18,115,6.750151175801551,4.9882952907027365,0.0,1.0,1.0,0.0,0.0,0.0
19,115,1.4799084154516644,6.492559596418523,0.0,1.0,1.0,1.0,0.0,0.0
20,115,12.0,2.0968123345220744,0.0,1.0,1.0,1.0,1.0,0.0
21,115,9.593291638652357,0.0,0.0,0.0,0.0,0.0,0.0,1.0
22,115,4.89270485835294,2.6286698933582566,1.0,0.0,0.0,1.0,0.0,1.0
23,115,0.4569996022344658,3.122619909663757,1.0,0.0,0.0,0.0,0.0,1.0
24,115,1.8395913135453936,5.332038389860215,1.0,1.0,0.0,0.0,0.0,0.0
25,115,10.16850386397984,3.062913828935791,0.0,0.0,1.0,0.0,1.0,0.0
26,115,9.39042327114368,7.463441273012403,0.0,0.0,0.0,1.0,0.0,1.0
27,115,12.0,7.878749369590106,0.0,0.0,1.0,0.0,1.0,1.0
28,115,4.307640778865758,11.576334351143332,0.0,0.0,0.0,1.0,0.0,0.0
29,115,2.004794932338385,12.0,1.0,0.0,0.0,0.0,0.0,0.0
0,120,2.7339790042897656,8.423340142018777,1.0,0.0,0.0,0.0,0.0,1.0
1,120,0.1169197359766527,10.364346903381485,1.0,0.0,0.0,0.0,0.0,0.0
2,120,8.97144530612687,1.5045619109480577,0.0,1.0,1.0,0.0,0.0,1.0
3,120,6.154314033644442,0.9333924541485472,0.0,1.0,0.0,0.0,0.0,1.0
4,120,8.646757942781928,6.812361532875563,0.0,0.0,1.0,0.0,1.0,1.0
5,120,6.877292074292127,8.022862843344477,0.0,0.0,0.0,1.0,1.0,1.0
6,120,8.090441895600616,8.834554136582154,0.0,1.0,0.0,0.0,0.0,1.0
7,120,3.7202648419127056,10.583343202893722,0.0,0.0,0.0,0.0,1.0,1.0
8,120,4.010640420274877,6.668268792195828,1.0,0.0,0.0,0.0,1.0,0.0
9,120,0.8292032344990035,6.888256207895736,0.0,1.0,0.0,0.0,0.0,0.0
10,120,7.710633134393915,7.151396794717076,1.0,0.0,1.0,0.0,1.0,0.0
11,120,0.8887004467312922,9.756531361381953,0.0,1.0,1.0,1.0,0.0,0.0
12,120,7.082615403708113,1.5905264417539569,0.0,1.0,0.0,0.0,0.0,1.0
13,120,0.0,11.30143838090639,1.0,0.0,0.0,1.0,0.0,0.0
14,120,8.47612200610608,9.922325009930288,0.0,1.0,0.0,1.0,0.0,0.0
15,120,4.13806923178179,1.0729930761656172,1.0,0.0,0.0,0.0,0.0,1.0
16,120,5.980394303549456,3.837175837029118,1.0,0.0,0.0,0.0,0.0,1.0
17,120,0.8496058833072256,2.0871245888546177,0.0,0.0,1.0,1.0,0.0,1.0
18,120,6.859313348955348,4.993890607177053,0.0,1.0,1.0,0.0,0.0,0.0
19,120,1.5135810603199873,6.452206728902024,0.0,1.0,1.0,1.0,0.0,0.0
20,120,12.0,2.098427220839037,0.0,1.0,1.0,1.0,1.0,0.0
21,120,9.56729876312292,0.0,0.0,0.0,0.0,0.0,0.0,1.0
22,120,4.803175038021444,2.6144505626805703,1.0,0.0,0.0,1.0,0.0,1.0
23,120,0.4384449151286259,3.1662688170040827,1.0,0.0,0.0,0.0,0.0,1.0
24,120,1.853658686633106,5.382466402253049,1.0,1.0,0.0,0.0,0.0,0.0
25,120,10.181837448204696,3.10440199584433,0.0,0.0,1.0,0.0,1.0,0.0
26,120,9.37152263951755,7.441723051131722,0.0,0.0,0.0,1.0,0.0,1.0
27,120,12.0,7.90195443699026,0.0,0.0,1.0,0.0,1.0,1.0
28,120,4.292093152744968,11.435569530375403,0.0,0.0,0.0,1.0,0.0,0.0
29,120,2.0074203318954043,12.0,1.0,0.0,0.0,0.0,0.0,0.0
0,125,2.7357482734224616,8.419083867187037,1.0,0.0,0.0,0.0,0.0,1.0
1,125,0.0480134320442431,10.27452406179507,1.0,0.0,0.0,0.0,0.0,0.0
2,125,8.970849300380424,1.5577660986537696,0.0,1.0,1.0,0.0,0.0,1.0
3,125,6.153763673624472,0.8715009775450357,0.0,1.0,0.0,0.0,0.0,1.0
4,125,8.676379257188856,6.8245526173363,0.0,0.0,1.0,0.0,1.0,1.0
5,125,6.913424923747238,7.933625997346264,0.0,0.0,0.0,1.0,1.0,1.0
6,125,8.13105653052225,8.838974518059178,0.0,1.0,0.0,0.0,0.0,1.0
7,125,3.6116800974235375,10.480552947372088,0.0,0.0,0.0,0.0,1.0,1.0
8,125,4.006975934572656,6.667314239333046,1.0,0.0,0.0,0.0,1.0,0.0
9,125,0.904482573530195,6.903027354169529,0.0,1.0,0.0,0.0,0.0,0.0
10,125,7.629440384058536,7.20997323609281,1.0,0.0,1.0,0.0,1.0,0.0
11,125,0.936031399079566,9.667228043911832,0.0,1.0,1.0,1.0,0.0,0.0
12,125,7.02603119655832,1.51099318744877,0.0,1.0,0.0,0.0,0.0,1.0
13,125,0.0,11.324439320737802,1.0,0.0,0.0,1.0,0.0,0.0
14,125,8.45864053300297,9.919040299628042,0.0,1.0,0.0,1.0,0.0,0.0
15,125,4.136572299276273,1.082901565245368,1.0,0.0,0.0,0.0,0.0,1.0
16,125,6.015131155227688,3.8658695899262097,1.0,0.0,0.0,0.0,0.0,1.0
17,125,0.8531562128622553,2.103177445145621,0.0,0.0,1.0,1.0,0.0,1.0
18,125,6.954259920475239,4.997159195729579,0.0,1.0,1.0,0.0,0.0,0.0
19,125,1.5603514556540523,6.394351466883093,0.0,1.0,1.0,1.0,0.0,0.0
20,125,12.0,2.0989729379908715,0.0,1.0,1.0,1.0,1.0,0.0
21,125,9.539734194041465,0.0,0.0,0.0,0.0,0.0,0.0,1.0
22,125,4.725388220207276,2.60108588381664,1.0,0.0,0.0,1.0,0.0,1.0
23,125,0.4175345931912135,3.2109159816401127,1.0,0.0,0.0,0.0,0.0,1.0
24,125,1.86615368094543,5.423878797239476,1.0,1.0,0.0,0.0,0.0,0.0
25,125,10.197621408198408,3.152306223312895,0.0,0.0,1.0,0.0,1.0,0.0
26,125,9.33747077549904,7.40411597954894,0.0,0.0,0.0,1.0,0.0,1.0
27,125,12.0,7.924099676892141,0.0,0.0,1.0,0.0,1.0,1.0
28,125,4.271468612228275,11.283162780561858,0.0,0.0,0.0,1.0,0.0,0.0
29,125,2.0105711160967528,12.0,1.0,0.0,0.0,0.0,0.0,0.0
0,130,2.7353831458341467,8.420027409940435,1.0,0.0,0.0,0.0,0.0,1.0
1,130,0.0,10.171259207791898,1.0,0.0,0.0,0.0,0.0,0.0
2,130,8.971486406293682,1.6208262213028186,0.0,1.0,1.0,0.0,0.0,1.0
3,130,6.1530994417402125,0.8234049208734402,0.0,1.0,0.0,0.0,0.0,1.0
4,130,8.696620059888572,6.832526800397988,0.0,0.0,1.0,0.0,1.0,1.0
5,130,6.945501862034525,7.853900758662176,0.0,0.0,0.0,1.0,1.0,1.0
6,130,8.176634718431684,8.843736295520051,0.0,1.0,0.0,0.0,0.0,1.0
7,130,3.504450857551189,10.381224195117388,0.0,0.0,0.0,0.0,1.0,1.0
8,130,4.0120523697660815,6.668690722338173,1.0,0.0,0.0,0.0,1.0,0.0
9,130,1.002181334096944,6.9193630304108575,0.0,1.0,0.0,0.0,0.0,0.0
10,130,7.532374190681172,7.281611007178333,1.0,0.0,1.0,0.0,1.0,0.0
11,130,0.9824454676146332,9.575387907893996,0.0,1.0,1.0,1.0,0.0,0.0
12,130,6.978631004845584,1.4417768434300078,0.0,1.0,0.0,0.0,0.0,1.0
13,130,0.0,11.352224603584917,1.0,0.0,0.0,1.0,0.0,0.0
14,130,8.432449426195642,9.913518846809916,0.0,1.0,0.0,1.0,0.0,0.0
15,130,4.1381396985584,1.073426350267516,1.0,0.0,0.0,0.0,0.0,1.0
16,130,6.053135471906831,3.8970026351744576,1.0,0.0,0.0,0.0,0.0,1.0
17,130,0.8541128254617527,2.107691771943329,0.0,0.0,1.0,1.0,0.0,1.0
18,130,7.077599456360735,5.002792877659906,0.0,1.0,1.0,0.0,0.0,0.0
19,130,1.6067984930871573,6.337686943043908,0.0,1.0,1.0,1.0,0.0,0.0
20,130,12.0,2.101933831725218,0.0,1.0,1.0,1.0,1.0,0.0
21,130,9.507876629025583,0.0,0.0,0.0,0.0,0.0,0.0,1.0
22,130,4.646224111956752,2.5887275907175056,1.0,0.0,0.0,1.0,0.0,1.0
23,130,0.3873089075623645,3.273373785211695,1.0,0.0,0.0,0.0,0.0,1.0
24,130,1.875117689041088,5.454627518413973,1.0,1.0,0.0,0.0,0.0,0.0
25,130,10.209453553768077,3.1898293624562277,0.0,0.0,1.0,0.0,1.0,0.0
26,130,9.311036986606988,7.375202572928849,0.0,0.0,0.0,1.0,0.0,1.0
27,130,12.0,7.952379767751143,0.0,0.0,1.0,0.0,1.0,1.0
28,130,4.248101757289321,11.113999964180104,0.0,0.0,0.0,1.0,0.0,0.0
29,130,2.011302880655977,12.0,1.0,0.0,0.0,0.0,0.0,0.0
0,135,2.728134924592628,8.437855630247363,1.0,0.0,0.0,0.0,0.0,1.0
1,135,0.0,10.079769341967562,1.0,0.0,0.0,0.0,0.0,0.0
2,135,8.971017899995363,1.687967056843405,0.0,1.0,1.0,0.0,0.0,1.0
3,135,6.150753373726859,0.774003076848009,0.0,1.0,0.0,0.0,0.0,1.0
4,135,8.725664559602892,6.8444929119430045,0.0,0.0,1.0,0.0,1.0,1.0
5,135,6.980245837027586,7.767913278934219,0.0,0.0,0.0,1.0,1.0,1.0
6,135,8.21319596209877,8.847495085869403,0.0,1.0,0.0,0.0,0.0,1.0
7,135,3.3878823495637427,10.27091587426636,0.0,0.0,0.0,0.0,1.0,1.0
8,135,3.989516967519462,6.662404480270821,1.0,0.0,0.0,0.0,1.0,0.0
9,135,1.10995555820187,6.937679654680927,0.0,1.0,0.0,0.0,0.0,0.0
10,135,7.425150091094473,7.361667660132023,1.0,0.0,1.0,0.0,1.0,0.0
11,135,1.0250407902416314,9.491914776939506,0.0,1.0,1.0,1.0,0.0,0.0
12,135,6.933569746849138,1.3746799338718845,0.0,1.0,0.0,0.0,0.0,1.0
13,135,0.0,11.36829778190152,1.0,0.0,0.0,1.0,0.0,0.0
14,135,8.424472035522866,9.911751685345408,0.0,1.0,0.0,1.0,0.0,0.0
15,135,4.1379384102412935,1.0746801946803477,1.0,0.0,0.0,0.0,0.0,1.0
16,135,6.079339445187622,3.918219569608103,1.0,0.0,0.0,0.0,0.0,1.0
17,135,0.8561562886246267,2.1164991251277385,0.0,0.0,1.0,1.0,0.0,1.0
18,135,7.236223969025961,5.008299952480519,0.0,1.0,1.0,0.0,0.0,0.0
19,135,1.6513592749088748,6.287089431186556,0.0,1.0,1.0,1.0,0.0,0.0
20,135,12.0,2.1046995940948863,0.0,1.0,1.0,1.0,1.0,0.0
21,135,9.466581909369507,0.0,0.0,0.0,0.0,0.0,0.0,1.0
22,135,4.590041111245752,2.580238610940829,1.0,0.0,0.0,1.0,0.0,1.0
23,135,0.3600322739287478,3.3339438362923786,1.0,0.0,0.0,0.0,0.0,1.0
24,135,1.8834911198904496,5.486629657503862,1.0,1.0,0.0,0.0,0.0,0.0
25,135,10.218289438597782,3.2166967833332687,0.0,0.0,1.0,0.0,1.0,0.0
26,135,9.303630332817663,7.366803646262183,0.0,0.0,0.0,1.0,0.0,1.0
27,135,12.0,7.984482083638377,0.0,0.0,1.0,0.0,1.0,1.0
28,135,4.233983492105081,10.940447077717073,0.0,0.0,0.0,1.0,0.0,0.0
29,135,2.0135301973970483,12.0,1.0,0.0,0.0,0.0,0.0,0.0
0,140,2.7307639376293977,8.431598673381123,1.0,0.0,0.0,0.0,0.0,1.0
1,140,0.0,9.984091235006114,1.0,0.0,0.0,0.0,0.0,0.0
2,140,8.97010047968054,1.7681678515992016,0.0,1.0,1.0,0.0,0.0,1.0
3,140,6.146557606859093,0.7108919408015728,0.0,1.0,0.0,0.0,0.0,1.0
4,140,8.748454476035045,6.854468813165878,0.0,0.0,1.0,0.0,1.0,1.0
5,140,7.016161880307741,7.680963670598814,0.0,0.0,0.0,1.0,1.0,1.0
6,140,8.25117640392337,8.851785757953476,0.0,1.0,0.0,0.0,0.0,1.0
7,140,3.272570940995913,10.156608478351265,0.0,0.0,0.0,0.0,1.0,1.0
8,140,3.979810429687245,6.6597238226238655,1.0,0.0,0.0,0.0,1.0,0.0
9,140,1.2057338948220142,6.955478323528331,0.0,1.0,0.0,0.0,0.0,0.0
10,140,7.3289633488756065,7.4309239993723954,1.0,0.0,1.0,0.0,1.0,0.0
11,140,1.06265814379043,9.413948594825229,0.0,1.0,1.0,1.0,0.0,0.0
12,140,6.892369430502835,1.3111461089704963,0.0,1.0,0.0,0.0,0.0,1.0
13,140,0.0,11.378328110997224,1.0,0.0,0.0,1.0,0.0,0.0
14,140,8.425578639399872,9.91203307516307,0.0,1.0,0.0,1.0,0.0,0.0
15,140,4.135950029642646,1.0882595996050684,1.0,0.0,0.0,0.0,0.0,1.0
16,140,6.089855231376559,3.927119027680772,1.0,0.0,0.0,0.0,0.0,1.0
17,140,0.8562322569514257,2.1167888134575983,0.0,0.0,1.0,1.0,0.0,1.0
18,140,7.408997482503071,5.009618681095708,0.0,1.0,1.0,0.0,0.0,0.0
19,140,1.6854625172195468,6.245708403756852,0.0,1.0,1.0,1.0,0.0,0.0
20,140,12.0,2.106258575852305,0.0,1.0,1.0,1.0,1.0,0.0
21,140,9.423901826848834,0.0,0.0,0.0,0.0,0.0,0.0,1.0
22,140,4.525055968055521,2.5720180483446007,1.0,0.0,0.0,1.0,0.0,1.0
23,140,0.3216002471687534,3.4128586170750497,1.0,0.0,0.0,0.0,0.0,1.0
24,140,1.885219842741863,5.493445500473554,1.0,1.0,0.0,0.0,0.0,0.0
25,140,10.220988752137384,3.2249581740181363,0.0,0.0,1.0,0.0,1.0,0.0
26,140,9.283966813512142,7.34411886128768,0.0,0.0,0.0,1.0,0.0,1.0
27,140,12.0,8.01254224691812,0.0,0.0,1.0,0.0,1.0,1.0
28,140,4.227370388627062,10.751934610613445,0.0,0.0,0.0,1.0,0.0,0.0
29,140,2.014968350811361,12.0,1.0,0.0,0.0,0.0,0.0,0.0
0,145,2.739067288863785,8.411579337259038,1.0,0.0,0.0,0.0,0.0,1.0
1,145,0.0,9.897525095615745,1.0,0.0,0.0,0.0,0.0,0.0
2,145,8.969923537938284,1.8352848225594776,0.0,1.0,1.0,0.0,0.0,1.0
3,145,6.142744552155796,0.6591042980807025,0.0,1.0,0.0,0.0,0.0,1.0
4,145,8.74366084640827,6.865445946809451,0.0,0.0,1.0,0.0,1.0,1.0
5,145,7.058940282129047,7.585108551654151,0.0,0.0,0.0,1.0,1.0,1.0
6,145,8.282875751284854,8.855534260306433,0.0,1.0,0.0,0.0,0.0,1.0
7,145,3.1544915138073706,10.039346130433712,0.0,0.0,0.0,0.0,1.0,1.0
8,145,3.987324816259581,6.6616953993359935,1.0,0.0,0.0,0.0,1.0,0.0
9,145,1.3017509829345304,6.9720996668366375,0.0,1.0,0.0,0.0,0.0,0.0
10,145,7.222061703258967,7.51267305496728,1.0,0.0,1.0,0.0,1.0,0.0
11,145,1.0977445775550994,9.342647903467435,0.0,1.0,1.0,1.0,0.0,0.0
12,145,6.857257661084897,1.255546684604092,0.0,1.0,0.0,0.0,0.0,1.0
13,145,0.0,11.38051906424012,1.0,0.0,0.0,1.0,0.0,0.0
14,145,8.401475233021646,9.90549401515912,0.0,1.0,0.0,1.0,0.0,0.0
15,145,4.136829258521488,1.0824439743784215,1.0,0.0,0.0,0.0,0.0,1.0
16,145,6.10653365296111,3.9401966372104895,1.0,0.0,0.0,0.0,0.0,1.0
17,145,0.8574518422261592,2.121161312838085,0.0,0.0,1.0,1.0,0.0,1.0
18,145,7.565980048872257,5.014332182278123,0.0,1.0,1.0,0.0,0.0,0.0
19,145,1.7202480760312575,6.20408358328821,0.0,1.0,1.0,1.0,0.0,0.0
20,145,12.0,2.107211716806852,0.0,1.0,1.0,1.0,1.0,0.0
21,145,9.381538290631342,0.0,0.0,0.0,0.0,0.0,0.0,1.0
22,145,4.476034450615325,2.565977858624284,1.0,0.0,0.0,1.0,0.0,1.0
23,145,0.2848809205357538,3.4805669173357794,1.0,0.0,0.0,0.0,0.0,1.0
24,145,1.886085226440711,5.49700312525702,1.0,1.0,0.0,0.0,0.0,0.0
25,145,10.229295689065038,3.250746661651964,0.0,0.0,1.0,0.0,1.0,0.0
26,145,9.2527699955739,7.307873268087884,0.0,0.0,0.0,1.0,0.0,1.0
27,145,12.0,8.037198045451266,0.0,0.0,1.0,0.0,1.0,1.0
28,145,4.216514999973782,10.5622666765036,0.0,0.0,0.0,1.0,0.0,0.0
29,145,2.0205565823542257,12.0,1.0,0.0,0.0,0.0,0.0,0.0
0,150,2.7524804130754945,8.380513778796123,1.0,0.0,0.0,0.0,0.0,1.0
1,150,0.0,9.82838937313725,1.0,0.0,0.0,0.0,0.0,0.0
2,150,8.971541077897623,1.8900258252036983,0.0,1.0,1.0,0.0,0.0,1.0
3,150,6.137548972668917,0.5926620067276882,0.0,1.0,0.0,0.0,0.0,1.0
4,150,8.745897479430711,6.860555743795224,0.0,0.0,1.0,0.0,1.0,1.0
5,150,7.106487517766284,7.471546814855739,0.0,0.0,0.0,1.0,1.0,1.0
6,150,8.287660807539018,8.856213382431458,0.0,1.0,0.0,0.0,0.0,1.0
7,150,3.035016025517281,9.927826870232174,0.0,0.0,0.0,0.0,1.0,1.0
8,150,3.978791620984882,6.65958607671245,1.0,0.0,0.0,0.0,1.0,0.0
9,150,1.3643293635056517,6.981993655511578,0.0,1.0,0.0,0.0,0.0,0.0
10,150,7.1178649746445375,7.58798695733357,1.0,0.0,1.0,0.0,1.0,0.0
11,150,1.1362891833772448,9.265359438840528,0.0,1.0,1.0,1.0,0.0,0.0
12,150,6.818048079270393,1.1950905571654271,0.0,1.0,0.0,0.0,0.0,1.0
13,150,0.0,11.380983378144366,1.0,0.0,0.0,1.0,0.0,0.0
14,150,8.382800524683747,9.900685871814362,0.0,1.0,0.0,1.0,0.0,0.0
15,150,4.1376657547225255,1.0768917341804027,1.0,0.0,0.0,0.0,0.0,1.0
16,150,6.104476764397739,3.938524479862256,1.0,0.0,0.0,0.0,0.0,1.0
17,150,0.8545307051819508,2.111246990350516,0.0,0.0,1.0,1.0,0.0,1.0
18,150,7.710484266461513,5.019066412650908,0.0,1.0,1.0,0.0,0.0,0.0
19,150,1.7611637880786395,6.157652197034385,0.0,1.0,1.0,1.0,0.0,0.0
20,150,12.0,2.107682897708268,0.0,1.0,1.0,1.0,1.0,0.0
21,150,9.337579145627725,0.0,0.0,0.0,0.0,0.0,0.0,1.0
22,150,4.426010449472946,2.5592374257066446,1.0,0.0,0.0,1.0,0.0,1.0
23,150,0.2586010180260677,3.530930484915862,1.0,0.0,0.0,0.0,0.0,1.0
24,150,1.8915402700554265,5.516995446123119,1.0,1.0,0.0,0.0,0.0,0.0
25,150,10.229778703907176,3.2523944870563324,0.0,0.0,1.0,0.0,1.0,0.0
26,150,9.240213601637745,7.292433490066911,0.0,0.0,0.0,1.0,0.0,1.0
27,150,12.0,7.8807793774218915,0.0,0.0,1.0,0.0,1.0,1.0
28,150,4.204259467241432,10.39993385859023,0.0,0.0,0.0,1.0,0.0,0.0
29,150,2.025065443505824,12.0,1.0,0.0,0.0,0.0,0.0,0.0
0,155,2.7618317812016686,8.359778678987631,1.0,0.0,0.0,0.0,0.0,1.0
1,155,0.0,9.754774643753333,1.0,0.0,0.0,0.0,0.0,0.0
2,155,8.973580258932648,1.9314693290776008,0.0,1.0,1.0,0.0,0.0,1.0
3,155,6.1358330466600055,0.5456947311166852,0.0,1.0,0.0,0.0,0.0,1.0
4,155,8.749219565216057,6.853572253792501,0.0,0.0,1.0,0.0,1.0,1.0
5,155,7.154848229859182,7.356495743298041,0.0,0.0,0.0,1.0,1.0,1.0
6,155,8.292605337033864,8.857046644417023,0.0,1.0,0.0,0.0,0.0,1.0
7,155,2.9150302928251097,9.815378837017976,0.0,0.0,0.0,0.0,1.0,1.0
8,155,3.966773059776063,6.656900620277468,1.0,0.0,0.0,0.0,1.0,0.0
9,155,1.4147691383981225,6.991244685298963,0.0,1.0,0.0,0.0,0.0,0.0
10,155,7.02217485644334,7.656245833290856,1.0,0.0,1.0,0.0,1.0,0.0
11,155,1.1784141501896293,9.180983157030685,0.0,1.0,1.0,1.0,0.0,0.0
12,155,6.768656094524676,1.115875809801174,0.0,1.0,0.0,0.0,0.0,1.0
13,155,0.005373069215759,11.376465692924944,1.0,0.0,0.0,1.0,0.0,0.0
14,155,8.370862491042285,9.89784333050857,0.0,1.0,0.0,1.0,0.0,0.0
15,155,4.140578336503509,1.0569327110417874,1.0,0.0,0.0,0.0,0.0,1.0
16,155,6.099360595023676,3.934210611910209,1.0,0.0,0.0,0.0,0.0,1.0
17,155,0.8569523674348499,2.118790233370184,0.0,0.0,1.0,1.0,0.0,1.0
18,155,7.863642592391235,5.022106629314109,0.0,1.0,1.0,0.0,0.0,0.0
19,155,1.7956836262713922,6.1162566768576765,0.0,1.0,1.0,1.0,0.0,0.0
20,155,12.0,2.1080922440230894,0.0,1.0,1.0,1.0,1.0,0.0
21,155,9.290521938654052,0.0,0.0,0.0,0.0,0.0,0.0,1.0
22,155,4.372706334553269,2.5520343202358986,1.0,0.0,0.0,1.0,0.0,1.0
23,155,0.2357553107349411,3.574881553434845,1.0,0.0,0.0,0.0,0.0,1.0
24,155,1.897566990873723,5.537376396756562,1.0,1.0,0.0,0.0,0.0,0.0
25,155,10.226253097441788,3.2415750978225524,0.0,0.0,1.0,0.0,1.0,0.0
26,155,9.235999186861868,7.287240358302058,0.0,0.0,0.0,1.0,0.0,1.0
27,155,12.0,7.740228695786772,0.0,0.0,1.0,0.0,1.0,1.0
28,155,4.188677094095423,10.232427409334456,0.0,0.0,0.0,1.0,0.0,0.0
29,155,2.0280078786951705,12.0,1.0,0.0,0.0,0.0,0.0,0.0
0,160,2.7626394802111496,8.35796884990691,1.0,0.0,0.0,0.0,0.0,1.0
1,160,0.0,9.672194008737646,1.0,0.0,0.0,0.0,0.0,0.0
2,160,8.976974851095246,1.974953523441008,0.0,1.0,1.0,0.0,0.0,1.0
3,160,6.133371797648875,0.4841665835038033,0.0,1.0,0.0,0.0,0.0,1.0
4,160,8.757265480371693,6.836912836903206,0.0,0.0,1.0,0.0,1.0,1.0
5,160,7.196405170617199,7.254486128214188,0.0,0.0,0.0,1.0,1.0,1.0
6,160,8.291341892028832,8.856830522523857,0.0,1.0,0.0,0.0,0.0,1.0
7,160,2.7829542504793,9.694253061576651,0.0,0.0,0.0,0.0,1.0,1.0
8,160,3.962602872018041,6.655872862277654,1.0,0.0,0.0,0.0,1.0,0.0
9,160,1.4781103421577022,7.003374729939309,0.0,1.0,0.0,0.0,0.0,0.0
10,160,6.938304794009525,7.718021146751971,1.0,0.0,1.0,0.0,1.0,0.0
11,160,1.2339660408207116,9.071568976066512,0.0,1.0,1.0,1.0,0.0,0.0
12,160,6.722500172449657,1.0425867808946625,0.0,1.0,0.0,0.0,0.0,1.0
13,160,0.0,11.390074653142436,1.0,0.0,0.0,1.0,0.0,0.0
14,160,8.367904440317812,9.897179643831809,0.0,1.0,0.0,1.0,0.0,0.0
15,160,4.144675056901447,1.0336515709255942,1.0,0.0,0.0,0.0,0.0,1.0
16,160,6.080352272056461,3.917811087725242,1.0,0.0,0.0,0.0,0.0,1.0
17,160,0.8581250706361545,2.122770670835412,0.0,0.0,1.0,1.0,0.0,1.0
18,160,8.000629900944107,5.021273970315344,0.0,1.0,1.0,0.0,0.0,0.0
19,160,1.8245266197893928,6.081625733716428,0.0,1.0,1.0,1.0,0.0,0.0
20,160,12.0,2.108117603106206,0.0,1.0,1.0,1.0,1.0,0.0
21,160,9.24066627672167,0.0,0.0,0.0,0.0,0.0,0.0,1.0
22,160,4.309213849081664,2.543350493964625,1.0,0.0,0.0,1.0,0.0,1.0
23,160,0.2130320996407497,3.620261347643203,1.0,0.0,0.0,0.0,0.0,1.0
24,160,1.9093851047933172,5.583310353522279,1.0,1.0,0.0,0.0,0.0,0.0
25,160,10.22771233337872,3.2459094272048006,0.0,0.0,1.0,0.0,1.0,0.0
26,160,9.23493435829564,7.285959917773926,0.0,0.0,0.0,1.0,0.0,1.0
27,160,12.0,7.583625824045183,0.0,0.0,1.0,0.0,1.0,1.0
28,160,4.176899565598844,10.06663650964748,0.0,0.0,0.0,1.0,0.0,0.0
29,160,2.0302663938984717,12.0,1.0,0.0,0.0,0.0,0.0,0.0
0,165,2.752724401661097,8.379097645420044,1.0,0.0,0.0,0.0,0.0,1.0
1,165,0.0,9.59015076726916,1.0,0.0,0.0,0.0,0.0,0.0
2,165,8.979099785557496,2.0030288025349923,0.0,1.0,1.0,0.0,0.0,1.0
3,165,6.13139224728978,0.4377335598024186,0.0,1.0,0.0,0.0,0.0,1.0
4,165,8.762612030016891,6.825560152801515,0.0,0.0,1.0,0.0,1.0,1.0
5,165,7.250744696235228,7.120751099128094,0.0,0.0,0.0,1.0,1.0,1.0
6,165,8.298959769801693,8.858063499722826,0.0,1.0,0.0,0.0,0.0,1.0
7,165,2.6260474021371354,9.547602524632456,0.0,0.0,0.0,0.0,1.0,1.0
8,165,3.9743273565044217,6.659340005913612,1.0,0.0,0.0,0.0,1.0,0.0
9,165,1.5558588842399497,7.017157498004358,0.0,1.0,0.0,0.0,0.0,0.0
10,165,6.8548996676076985,7.781188932792207,1.0,0.0,1.0,0.0,1.0,0.0
11,165,1.291321286392543,8.975008985152758,0.0,1.0,1.0,1.0,0.0,0.0
12,165,6.689233166484331,0.9856094200124472,0.0,1.0,0.0,0.0,0.0,1.0
13,165,0.0157913557684824,11.37730117942572,1.0,0.0,0.0,1.0,0.0,0.0
14,165,8.361819497664408,9.895976958602596,0.0,1.0,0.0,1.0,0.0,0.0
15,165,4.153549251233136,0.9832245081065154,1.0,0.0,0.0,0.0,0.0,1.0
16,165,6.061263256040476,3.9009988969753016,1.0,0.0,0.0,0.0,0.0,1.0
17,165,0.8603855277288988,2.1305965603586183,0.0,0.0,1.0,1.0,0.0,1.0
18,165,8.129570668948968,5.021347702254793,0.0,1.0,1.0,0.0,0.0,0.0
19,165,1.843873928482313,6.059480866089673,0.0,1.0,1.0,1.0,0.0,0.0
20,165,12.0,2.108399291209098,0.0,1.0,1.0,1.0,1.0,0.0
21,165,9.186132084613796,0.0,0.0,0.0,0.0,0.0,0.0,1.0
22,165,4.236060833019984,2.5367451392309888,1.0,0.0,0.0,1.0,0.0,1.0
23,165,0.1912181988643356,3.6629700141274415,1.0,0.0,0.0,0.0,0.0,1.0
24,165,1.9201119824453896,5.625471346321109,1.0,1.0,0.0,0.0,0.0,0.0
25,165,10.2291095506969,3.250127100805513,0.0,0.0,1.0,0.0,1.0,0.0
26,165,9.236570758240155,7.287953398709939,0.0,0.0,0.0,1.0,0.0,1.0
27,165,12.0,7.391537014929127,0.0,0.0,1.0,0.0,1.0,1.0
28,165,4.1646004092129605,9.902626283840425,0.0,0.0,0.0,1.0,0.0,0.0
29,165,2.0331224657408096,12.0,1.0,0.0,0.0,0.0,0.0,0.0
0,170,2.734004808847163,8.420142319657469,1.0,0.0,0.0,0.0,0.0,1.0
1,170,0.0890585159194571,9.524196697141376,1.0,0.0,0.0,0.0,0.0,0.0
2,170,8.981970257327594,2.043269265627492,0.0,1.0,1.0,0.0,0.0,1.0
3,170,6.129508159408899,0.3888240198671281,0.0,1.0,0.0,0.0,0.0,1.0
4,170,8.76574214450288,6.818277685753692,0.0,0.0,1.0,0.0,1.0,1.0
5,170,7.307465209455741,6.981267912359652,0.0,0.0,0.0,1.0,1.0,1.0
6,170,8.33352982590001,8.8641874432891,0.0,1.0,0.0,0.0,0.0,1.0
7,170,2.4842035390593176,9.413439221453148,0.0,0.0,0.0,0.0,1.0,1.0
8,170,3.9872364391583113,6.663071930489179,1.0,0.0,0.0,0.0,1.0,0.0
9,170,1.647456761158438,7.030834511876325,0.0,1.0,0.0,0.0,0.0,0.0
10,170,6.762081850267933,7.849910564823666,1.0,0.0,1.0,0.0,1.0,0.0
11,170,1.3442806704358217,8.88533761241736,0.0,1.0,1.0,1.0,0.0,0.0
12,170,6.65905203727846,0.9328579204139302,0.0,1.0,0.0,0.0,0.0,1.0
13,170,0.0302525464453706,11.365885464281176,1.0,0.0,0.0,1.0,0.0,0.0
14,170,8.36161975444118,9.895939317328232,0.0,1.0,0.0,1.0,0.0,0.0
15,170,4.163407378826823,0.9290239191882748,1.0,0.0,0.0,0.0,0.0,1.0
16,170,6.043305538846168,3.885499095644356,1.0,0.0,0.0,0.0,0.0,1.0
17,170,0.8654989703976912,2.1480483959540875,0.0,0.0,1.0,1.0,0.0,1.0
18,170,8.278531928689558,5.019075396051383,0.0,1.0,1.0,0.0,0.0,0.0
19,170,1.8641749996428325,6.0372854853801385,0.0,1.0,1.0,1.0,0.0,0.0
20,170,12.0,2.1085787462942545,0.0,1.0,1.0,1.0,1.0,0.0
21,170,9.126793046193267,0.0,0.0,0.0,0.0,0.0,0.0,1.0
22,170,4.171300859315172,2.5325934501135423,1.0,0.0,0.0,1.0,0.0,1.0
23,170,0.1767037467674547,3.69092230126455,1.0,0.0,0.0,0.0,0.0,1.0
24,170,1.9326770989105264,5.673552726066401,1.0,1.0,0.0,0.0,0.0,0.0
25,170,10.236684659490177,3.2752981607217784,0.0,0.0,1.0,0.0,1.0,0.0
26,170,9.232067296318071,7.282677457620486,0.0,0.0,0.0,1.0,0.0,1.0
27,170,12.0,7.209168558739937,0.0,0.0,1.0,0.0,1.0,1.0
28,170,4.154608422528362,9.73815764361682,0.0,0.0,0.0,1.0,0.0,0.0
29,170,2.044281085395618,12.0,1.0,0.0,0.0,0.0,0.0,0.0
0,175,2.7175918264642576,8.455945194773925,1.0,0.0,0.0,0.0,0.0,1.0
1,175,0.1763103532084719,9.461742429070394,1.0,0.0,0.0,0.0,0.0,0.0
2,175,8.983416851236209,2.067223031523936,0.0,1.0,1.0,0.0,0.0,1.0
3,175,6.1272094826399925,0.3448689396591547,0.0,1.0,0.0,0.0,0.0,1.0
4,175,8.771544200913599,6.80506085268152,0.0,0.0,1.0,0.0,1.0,1.0
5,175,7.36710869676984,6.839880100712172,0.0,0.0,0.0,1.0,1.0,1.0
6,175,8.335675509202689,8.864572316453527,0.0,1.0,0.0,0.0,0.0,1.0
7,175,2.3276704314412413,9.26989541806307,0.0,0.0,0.0,0.0,1.0,1.0
8,175,3.997691422026188,6.66595311429368,1.0,0.0,0.0,0.0,1.0,0.0
9,175,1.7169293948659148,7.038491843664064,0.0,1.0,0.0,0.0,0.0,0.0
10,175,6.673368061488259,7.9125237006475935,1.0,0.0,1.0,0.0,1.0,0.0
11,175,1.4103136981348738,8.772723780053472,0.0,1.0,1.0,1.0,0.0,0.0
12,175,6.616940766487449,0.8626841897416839,0.0,1.0,0.0,0.0,0.0,1.0
13,175,0.0460129753315601,11.353201819764198,1.0,0.0,0.0,1.0,0.0,0.0
14,175,8.365396057663572,9.896635274313349,0.0,1.0,0.0,1.0,0.0,0.0
15,175,4.177062303085812,0.8575894112265672,1.0,0.0,0.0,0.0,0.0,1.0
16,175,6.0295441584379255,3.8737005297333456,1.0,0.0,0.0,0.0,0.0,1.0
17,175,0.8697244024503683,2.1624670633148644,0.0,0.0,1.0,1.0,0.0,1.0
18,175,8.439975330988315,5.014095984801842,0.0,1.0,1.0,0.0,0.0,0.0
19,175,1.8967286835816115,6.004751732123927,0.0,1.0,1.0,1.0,0.0,0.0
20,175,12.0,2.108441936899512,0.0,1.0,1.0,1.0,1.0,0.0
21,175,9.07284271336598,0.0,0.0,0.0,0.0,0.0,0.0,1.0
22,175,4.102937451774944,2.528430339512527,1.0,0.0,0.0,1.0,0.0,1.0
23,175,0.1611104055766316,3.7237137118811954,1.0,0.0,0.0,0.0,0.0,1.0
24,175,1.947868781480228,5.726428978882446,1.0,1.0,0.0,0.0,0.0,0.0
25,175,10.248182256443531,3.307958098901575,0.0,0.0,1.0,0.0,1.0,0.0
26,175,9.22662370337078,7.2761993864559456,0.0,0.0,0.0,1.0,0.0,1.0
27,175,12.0,7.032231578773238,0.0,0.0,1.0,0.0,1.0,1.0
28,175,4.147020838970672,9.595842563602927,0.0,0.0,0.0,1.0,0.0,0.0
29,175,2.052579320861148,12.0,1.0,0.0,0.0,0.0,0.0,0.0
0,180,2.6964451185719325,8.500764940722103,1.0,0.0,0.0,0.0,0.0,1.0
1,180,0.271439850202084,9.395966843488514,1.0,0.0,0.0,0.0,0.0,0.0
2,180,8.98444075523701,2.0875186057689654,0.0,1.0,1.0,0.0,0.0,1.0
3,180,6.125037615997227,0.2949802135667356,0.0,1.0,0.0,0.0,0.0,1.0
4,180,8.780147649165086,6.78500027748746,0.0,0.0,1.0,0.0,1.0,1.0
5,180,7.42706735805637,6.710613745248578,0.0,0.0,0.0,1.0,1.0,1.0
6,180,8.343064331563394,8.866018281953362,0.0,1.0,0.0,0.0,0.0,1.0
7,180,2.177774479893419,9.13928473528163,0.0,0.0,0.0,0.0,1.0,1.0
8,180,3.9934419839102944,6.664809801780825,1.0,0.0,0.0,0.0,1.0,0.0
9,180,1.7889804373416935,7.045848269825918,0.0,1.0,0.0,0.0,0.0,0.0
10,180,6.572813194598074,7.982219049133328,1.0,0.0,1.0,0.0,1.0,0.0
11,180,1.4700813908821215,8.673423179674923,0.0,1.0,1.0,1.0,0.0,0.0
12,180,6.572371406583519,0.7894883754823594,0.0,1.0,0.0,0.0,0.0,1.0
13,180,0.0657476303108277,11.337592411872226,1.0,0.0,0.0,1.0,0.0,0.0
14,180,8.380626799924643,9.899370772837964,0.0,1.0,0.0,1.0,0.0,0.0
15,180,4.189227743915298,0.7943129059408306,1.0,0.0,0.0,0.0,0.0,1.0
16,180,6.029257021648041,3.873463698594828,1.0,0.0,0.0,0.0,0.0,1.0
17,180,0.8672203752294511,2.1544556926913905,0.0,0.0,1.0,1.0,0.0,1.0
18,180,8.594121771392766,5.009405627048767,0.0,1.0,1.0,0.0,0.0,0.0
19,180,1.929140804756644,5.971889731985234,0.0,1.0,1.0,1.0,0.0,0.0
20,180,12.0,2.1086126003842898,0.0,1.0,1.0,1.0,1.0,0.0
21,180,9.02302912728727,0.0,0.0,0.0,0.0,0.0,0.0,1.0
22,180,4.055962866538837,2.524496143133995,1.0,0.0,0.0,1.0,0.0,1.0
23,180,0.1470006202669954,3.755507999004032,1.0,0.0,0.0,0.0,0.0,1.0
24,180,1.9580460355070428,5.761237972277606,1.0,1.0,0.0,0.0,0.0,0.0
25,180,10.262145047390096,3.346674414161327,0.0,0.0,1.0,0.0,1.0,0.0
26,180,9.23002558326304,7.280269637117456,0.0,0.0,0.0,1.0,0.0,1.0
27,180,12.0,6.848563958044745,0.0,0.0,1.0,0.0,1.0,1.0
28,180,4.139968468588176,9.46037683431813,0.0,0.0,0.0,1.0,0.0,0.0
29,180,2.0585922411978226,12.0,1.0,0.0,0.0,0.0,0.0,0.0
0,185,2.6750256204679803,8.54690931808499,1.0,0.0,0.0,0.0,0.0,1.0
1,185,0.3634604221667808,9.334314477732285,1.0,0.0,0.0,0.0,0.0,0.0
2,185,8.985623879124375,2.105915906513524,0.0,1.0,1.0,0.0,0.0,1.0
3,185,6.123571542642239,0.241211785777986,0.0,1.0,0.0,0.0,0.0,1.0
4,185,8.787411323697047,6.768276173845745,0.0,0.0,1.0,0.0,1.0,1.0
5,185,7.486125723884516,6.578550762135444,0.0,0.0,0.0,1.0,1.0,1.0
6,185,8.314128680131912,8.859719544489778,0.0,1.0,0.0,0.0,0.0,1.0
7,185,2.0179737773177213,8.995981300387683,0.0,0.0,0.0,0.0,1.0,1.0
8,185,4.005084891720857,6.668515998779321,1.0,0.0,0.0,0.0,1.0,0.0
9,185,1.873982651401689,7.054467330233548,0.0,1.0,0.0,0.0,0.0,0.0
10,185,6.456993175253891,8.064211443127077,1.0,0.0,1.0,0.0,1.0,0.0
11,185,1.5314602643698585,8.570436934860194,0.0,1.0,1.0,1.0,0.0,0.0
12,185,6.528000736455023,0.7195666115831879,0.0,1.0,0.0,0.0,0.0,1.0
13,185,0.0824886542077464,11.324325281868177,1.0,0.0,0.0,1.0,0.0,0.0
14,185,8.418637229252278,9.904790551441424,0.0,1.0,0.0,1.0,0.0,0.0
15,185,4.201023616798516,0.7282959288962523,1.0,0.0,0.0,0.0,0.0,1.0
16,185,6.032043572438606,3.875742598009137,1.0,0.0,0.0,0.0,0.0,1.0
17,185,0.8701119398618633,2.162806170181537,0.0,0.0,1.0,1.0,0.0,1.0
18,185,8.738032429590815,5.002342298378262,0.0,1.0,1.0,0.0,0.0,0.0
19,185,1.964605297253558,5.934082174086908,0.0,1.0,1.0,1.0,0.0,0.0
20,185,12.0,2.1090812955081004,0.0,1.0,1.0,1.0,1.0,0.0
21,185,8.974488403165108,0.0,0.0,0.0,0.0,0.0,0.0,1.0
22,185,4.02254037564102,2.521680058404904,1.0,0.0,0.0,1.0,0.0,1.0
23,185,0.1212822735485561,3.816745100391503,1.0,0.0,0.0,0.0,0.0,1.0
24,185,1.9704967342333284,5.8055255879679,1.0,1.0,0.0,0.0,0.0,0.0
25,185,10.279039484640975,3.3913025771757246,0.0,0.0,1.0,0.0,1.0,0.0
26,185,9.224983913817116,7.27421677754878,0.0,0.0,0.0,1.0,0.0,1.0
27,185,12.0,6.68676469338385,0.0,0.0,1.0,0.0,1.0,1.0
28,185,4.134455443754981,9.328604493936636,0.0,0.0,0.0,1.0,0.0,0.0
29,185,2.064188576717337,12.0,1.0,0.0,0.0,0.0,0.0,0.0
0,190,2.661196994223748,8.57531327135767,1.0,0.0,0.0,0.0,0.0,1.0
1,190,0.4489624047567085,9.277106420542983,1.0,0.0,0.0,0.0,0.0,0.0
2,190,8.986808897130816,2.121256732462512,0.0,1.0,1.0,0.0,0.0,1.0
3,190,6.122036543290439,0.1725264161531519,0.0,1.0,0.0,0.0,0.0,1.0
4,190,8.79362244504176,6.753408439903603,0.0,0.0,1.0,0.0,1.0,1.0
5,190,7.534161051299173,6.462606597669999,0.0,0.0,0.0,1.0,1.0,1.0
6,190,8.289107686913008,8.854211680420455,0.0,1.0,0.0,0.0,0.0,1.0
7,190,1.8531140433909303,8.853795224379166,0.0,0.0,0.0,0.0,1.0,1.0
8,190,4.032789818324797,6.678255991514592,1.0,0.0,0.0,0.0,1.0,0.0
9,190,1.9639074960153,7.065637702983994,0.0,1.0,0.0,0.0,0.0,0.0
10,190,6.331005148991362,8.14784041857873,1.0,0.0,1.0,0.0,1.0,0.0
11,190,1.5989326566943332,8.460521963000343,0.0,1.0,1.0,1.0,0.0,0.0
12,190,6.479848898031349,0.6448668522562723,0.0,1.0,0.0,0.0,0.0,1.0
13,190,0.1037980632006165,11.307029711069092,1.0,0.0,0.0,1.0,0.0,0.0
14,190,8.455079209659008,9.909841733243196,0.0,1.0,0.0,1.0,0.0,0.0
15,190,4.21448695763233,0.652339653499131,1.0,0.0,0.0,0.0,0.0,1.0
16,190,6.043064791329001,3.88509451480606,1.0,0.0,0.0,0.0,0.0,1.0
17,190,0.8735005176921806,2.17385456522282,0.0,0.0,1.0,1.0,0.0,1.0
18,190,8.887772647487662,4.996127332106232,0.0,1.0,1.0,0.0,0.0,0.0
19,190,2.0089663599393486,5.886678679353051,0.0,1.0,1.0,1.0,0.0,0.0
20,190,12.0,2.1087826951745394,0.0,1.0,1.0,1.0,1.0,0.0
21,190,8.927558410278625,0.0,0.0,0.0,0.0,0.0,0.0,1.0
22,190,3.991048122811131,2.519569078317785,1.0,0.0,0.0,1.0,0.0,1.0
23,190,0.1003914970610425,3.86766640078501,1.0,0.0,0.0,0.0,0.0,1.0
24,190,1.9844037151820748,5.860513329259635,1.0,1.0,0.0,0.0,0.0,0.0
25,190,10.299179609245844,3.443107013296314,0.0,0.0,1.0,0.0,1.0,0.0
26,190,9.226580830715864,7.276115151229463,0.0,0.0,0.0,1.0,0.0,1.0
27,190,12.0,6.549156868927875,0.0,0.0,1.0,0.0,1.0,1.0
28,190,4.126456240012832,9.173008950594328,0.0,0.0,0.0,1.0,0.0,0.0
29,190,2.06784359332654,12.0,1.0,0.0,0.0,0.0,0.0,0.0
0,195,2.647184394830582,8.603988188987232,1.0,0.0,0.0,0.0,0.0,1.0
1,195,0.5230629552698229,9.22561748378434,1.0,0.0,0.0,0.0,0.0,0.0
2,195,8.987730188515757,2.133632498415861,0.0,1.0,1.0,0.0,0.0,1.0
3,195,6.120693311440068,0.1125809941845708,0.0,1.0,0.0,0.0,0.0,1.0
4,195,8.797881640776266,6.74352860687059,0.0,0.0,1.0,0.0,1.0,1.0
5,195,7.570395092971282,6.368457168833258,0.0,0.0,0.0,1.0,1.0,1.0
6,195,8.262865723429844,8.84832194125582,0.0,1.0,0.0,0.0,0.0,1.0
7,195,1.6858648299243904,8.713584500447606,0.0,0.0,0.0,0.0,1.0,1.0
8,195,4.058933407528498,6.68714398869514,1.0,0.0,0.0,0.0,1.0,0.0
9,195,2.065547538618027,7.079062907562865,0.0,1.0,0.0,0.0,0.0,0.0
10,195,6.199490397296094,8.231359084322419,1.0,0.0,1.0,0.0,1.0,0.0
11,195,1.6682559007233029,8.343477096547023,0.0,1.0,1.0,1.0,0.0,0.0
12,195,6.435746086911542,0.5785522329898649,0.0,1.0,0.0,0.0,0.0,1.0
13,195,0.1186895452035872,11.29476613945418,1.0,0.0,0.0,1.0,0.0,0.0
14,195,8.48509328713512,9.9136360538408,0.0,1.0,0.0,1.0,0.0,0.0
15,195,4.22303373788625,0.5871639165391169,1.0,0.0,0.0,0.0,0.0,1.0
16,195,6.056014140912282,3.895671429015224,1.0,0.0,0.0,0.0,0.0,1.0
17,195,0.8817997566707583,2.202023983796153,0.0,0.0,1.0,1.0,0.0,1.0
18,195,9.045829994526052,4.992761284104841,0.0,1.0,1.0,0.0,0.0,0.0
19,195,2.058579773615959,5.834902627530032,0.0,1.0,1.0,1.0,0.0,0.0
20,195,12.0,2.1087133055903444,0.0,1.0,1.0,1.0,1.0,0.0
21,195,8.879012615721487,0.0,0.0,0.0,0.0,0.0,0.0,1.0
22,195,3.957813635054868,2.5167161805009184,1.0,0.0,0.0,1.0,0.0,1.0
23,195,0.0771493055127893,3.9281405463764743,1.0,0.0,0.0,0.0,0.0,1.0
24,195,2.0008514487807982,5.924810855536434,1.0,1.0,0.0,0.0,0.0,0.0
25,195,10.317490148105897,3.4883624462657274,0.0,0.0,1.0,0.0,1.0,0.0
26,195,9.235920647513543,7.2881305534266145,0.0,0.0,0.0,1.0,0.0,1.0
27,195,12.0,6.443084684366025,0.0,0.0,1.0,0.0,1.0,1.0
28,195,4.118267825052534,9.015034789070564,0.0,0.0,0.0,1.0,0.0,0.0
29,195,2.0700591019564403,12.0,1.0,0.0,0.0,0.0,0.0,0.0
0,200,2.64659955743384,8.605264766114864,1.0,0.0,0.0,0.0,0.0,1.0
1,200,0.6219790530344343,9.15471321277469,1.0,0.0,0.0,0.0,0.0,0.0
2,200,8.988885796159966,2.1453723600028622,0.0,1.0,1.0,0.0,0.0,1.0
3,200,6.119581710792663,0.0459651089634411,0.0,1.0,0.0,0.0,0.0,1.0
4,200,8.80510772310406,6.7282302017489615,0.0,0.0,1.0,0.0,1.0,1.0
5,200,7.610591481235662,6.259327310876629,0.0,0.0,0.0,1.0,1.0,1.0
6,200,8.21659256580137,8.838070643004196,0.0,1.0,0.0,0.0,0.0,1.0
7,200,1.5220580914270343,8.575687321357336,0.0,0.0,0.0,0.0,1.0,1.0
8,200,4.093390565603138,6.700035308550057,1.0,0.0,0.0,0.0,1.0,0.0
9,200,2.167836547768395,7.0953482290440535,0.0,1.0,0.0,0.0,0.0,0.0
10,200,6.067920766088214,8.315550282471868,1.0,0.0,1.0,0.0,1.0,0.0
11,200,1.7305881000133885,8.239723122443886,0.0,1.0,1.0,1.0,0.0,0.0
12,200,6.39205736522203,0.5108340015214214,0.0,1.0,0.0,0.0,0.0,1.0
13,200,0.1451592466633378,11.27390959109906,1.0,0.0,0.0,1.0,0.0,0.0
14,200,8.519104235785536,9.917454565702162,0.0,1.0,0.0,1.0,0.0,0.0
15,200,4.235108711280697,0.4973608764552232,1.0,0.0,0.0,0.0,0.0,1.0
16,200,6.069514453488485,3.90697936704538,1.0,0.0,0.0,0.0,0.0,1.0
17,200,0.8923104960921827,2.2365326623470376,0.0,0.0,1.0,1.0,0.0,1.0
18,200,9.2223815342471,4.987637753870641,0.0,1.0,1.0,0.0,0.0,0.0
19,200,2.105472861141538,5.785567895017506,0.0,1.0,1.0,1.0,0.0,0.0
20,200,12.0,2.107886617606332,0.0,1.0,1.0,1.0,1.0,0.0
21,200,8.825418025129794,0.0,0.0,0.0,0.0,0.0,0.0,1.0
22,200,3.919184323092069,2.5130171729407267,1.0,0.0,0.0,1.0,0.0,1.0
23,200,0.0460971097283609,4.003416232481574,1.0,0.0,0.0,0.0,0.0,1.0
24,200,2.0136827699015702,5.975033850218217,1.0,1.0,0.0,0.0,0.0,0.0
25,200,10.328582971224918,3.517318989426093,0.0,0.0,1.0,0.0,1.0,0.0
26,200,9.24975500442151,7.305943718908313,0.0,0.0,0.0,1.0,0.0,1.0
27,200,12.0,6.342993228807645,0.0,0.0,1.0,0.0,1.0,1.0
28,200,4.111607565293168,8.853252304263489,0.0,0.0,0.0,1.0,0.0,0.0
29,200,2.068605084864945,12.0,1.0,0.0,0.0,0.0,0.0,0.0
0,205,2.6453482976684164,8.607860083059498,1.0,0.0,0.0,0.0,0.0,1.0
1,205,0.7098513603318231,9.09489722919894,1.0,0.0,0.0,0.0,0.0,0.0
2,205,8.990030898953057,2.1589672623823253,0.0,1.0,1.0,0.0,0.0,1.0
3,205,6.052780941043344,0.0452004018092234,0.0,1.0,0.0,0.0,0.0,1.0
4,205,8.819390315584664,6.699007105385398,0.0,0.0,1.0,0.0,1.0,1.0
5,205,7.653514969811521,6.136196543235275,0.0,0.0,0.0,1.0,1.0,1.0
6,205,8.162052945093137,8.824473380404754,0.0,1.0,0.0,0.0,0.0,1.0
7,205,1.3743740671603726,8.45138872711758,0.0,0.0,0.0,0.0,1.0,1.0
8,205,4.098661054160721,6.702009151004864,1.0,0.0,0.0,0.0,1.0,0.0
9,205,2.2609666230536662,7.110550800426573,0.0,1.0,0.0,0.0,0.0,0.0
10,205,5.9308933811420745,8.401650142343591,1.0,0.0,1.0,0.0,1.0,0.0
11,205,1.8031000411767184,8.120097144875864,0.0,1.0,1.0,1.0,0.0,0.0
12,205,6.360495960028556,0.4624129461409789,0.0,1.0,0.0,0.0,0.0,1.0
13,205,0.1699949404885246,11.25484855992467,1.0,0.0,0.0,1.0,0.0,0.0
14,205,8.567567220421886,9.92313866770854,0.0,1.0,0.0,1.0,0.0,0.0
15,205,4.245466921459591,0.4069337369356678,1.0,0.0,0.0,0.0,0.0,1.0
16,205,6.076420355575991,3.912712355802051,1.0,0.0,0.0,0.0,0.0,1.0
17,205,0.9032920450821854,2.2703362592867187,0.0,0.0,1.0,1.0,0.0,1.0
18,205,9.39244495498968,4.982598863856522,0.0,1.0,1.0,0.0,0.0,0.0
19,205,2.1653182706290126,5.721546607497451,0.0,1.0,1.0,1.0,0.0,0.0
20,205,12.0,2.107665480967466,0.0,1.0,1.0,1.0,1.0,0.0
21,205,8.779132523827906,0.0,0.0,0.0,0.0,0.0,0.0,1.0
22,205,3.902396066225725,2.5111247665392527,1.0,0.0,0.0,1.0,0.0,1.0
23,205,0.0133839412400696,4.08403654881678,1.0,0.0,0.0,0.0,0.0,1.0
24,205,2.026060502079818,6.0251927822481965,1.0,1.0,0.0,0.0,0.0,0.0
25,205,10.34427707531052,3.558242830623591,0.0,0.0,1.0,0.0,1.0,0.0
26,205,9.254597619149148,7.3120271445215215,0.0,0.0,0.0,1.0,0.0,1.0
27,205,12.0,6.253750134021239,0.0,0.0,1.0,0.0,1.0,1.0
28,205,4.1121855814492,8.683769771941847,0.0,0.0,0.0,1.0,0.0,0.0
29,205,2.065267290294761,12.0,1.0,0.0,0.0,0.0,0.0,0.0
0,210,2.64613324397476,8.606273610048168,1.0,0.0,0.0,0.0,0.0,1.0
1,210,0.7631832310614758,9.060257623098156,1.0,0.0,0.0,0.0,0.0,0.0
2,210,8.990568476903164,2.164859823002963,0.0,1.0,1.0,0.0,0.0,1.0
3,210,5.97976451583998,0.0427430911463866,0.0,1.0,0.0,0.0,0.0,1.0
4,210,8.827700538314788,6.681240984979383,0.0,0.0,1.0,0.0,1.0,1.0
5,210,7.690099153893902,6.028308492457565,0.0,0.0,0.0,1.0,1.0,1.0
6,210,8.145170941267777,8.819957212482716,0.0,1.0,0.0,0.0,0.0,1.0
7,210,1.2196833497874966,8.322158424515424,0.0,0.0,0.0,0.0,1.0,1.0
8,210,4.115931824360085,6.708586926380181,1.0,0.0,0.0,0.0,1.0,0.0
9,210,2.349194431214777,7.124162035650532,0.0,1.0,0.0,0.0,0.0,0.0
10,210,5.802162593754061,8.48107080044395,1.0,0.0,1.0,0.0,1.0,0.0
11,210,1.8743419081087809,7.999973204716085,0.0,1.0,1.0,1.0,0.0,0.0
12,210,6.30492372640374,0.3834325242163036,0.0,1.0,0.0,0.0,0.0,1.0
13,210,0.2077363556603735,11.22537781302479,1.0,0.0,0.0,1.0,0.0,0.0
14,210,8.599774845601615,9.92786436090026,0.0,1.0,0.0,1.0,0.0,0.0
15,210,4.257620329532172,0.3161864459315711,1.0,0.0,0.0,0.0,0.0,1.0
16,210,6.101246181800851,3.933228672695017,1.0,0.0,0.0,0.0,0.0,1.0
17,210,0.9148298382675504,2.306432503207515,0.0,0.0,1.0,1.0,0.0,1.0
18,210,9.562145394494925,4.978486673622927,0.0,1.0,1.0,0.0,0.0,0.0
19,210,2.2393717387898806,5.643201434285705,0.0,1.0,1.0,1.0,0.0,0.0
20,210,12.0,2.107935211575137,0.0,1.0,1.0,1.0,1.0,0.0
21,210,8.735849184912142,0.0,0.0,0.0,0.0,0.0,0.0,1.0
22,210,3.883642548869149,2.508789355293454,1.0,0.0,0.0,1.0,0.0,1.0
23,210,0.0,4.18156120868568,1.0,0.0,0.0,0.0,0.0,1.0
24,210,2.035858556577605,6.068004510006155,1.0,1.0,0.0,0.0,0.0,0.0
25,210,10.360546369420176,3.6052068418427607,0.0,0.0,1.0,0.0,1.0,0.0
26,210,9.263655447631873,7.323549525670444,0.0,0.0,0.0,1.0,0.0,1.0
27,210,12.0,6.1719642830119525,0.0,0.0,1.0,0.0,1.0,1.0
28,210,4.110564058185411,8.525570294960573,0.0,0.0,0.0,1.0,0.0,0.0
29,210,2.0628703488213107,12.0,1.0,0.0,0.0,0.0,0.0,0.0
0,215,2.65613714834336,8.586857882132863,1.0,0.0,0.0,0.0,0.0,1.0
1,215,0.8367844645146582,9.009064185025204,1.0,0.0,0.0,0.0,0.0,0.0
2,215,8.969369013443634,2.166420945306033,0.0,1.0,1.0,0.0,0.0,1.0
3,215,5.912236099497142,0.0383909666260226,0.0,1.0,0.0,0.0,0.0,1.0
4,215,8.834726331508563,6.666229696690244,0.0,0.0,1.0,0.0,1.0,1.0
5,215,7.725227995735752,5.9168652446625325,0.0,0.0,0.0,1.0,1.0,1.0
6,215,8.11890402512181,8.813432552651163,0.0,1.0,0.0,0.0,0.0,1.0
7,215,1.0566768505008677,8.186621392067325,0.0,0.0,0.0,0.0,1.0,1.0
8,215,4.127491184232359,6.71259655060109,1.0,0.0,0.0,0.0,1.0,0.0
9,215,2.4515192293957475,7.141121367908004,0.0,1.0,0.0,0.0,0.0,0.0
10,215,5.669088447796169,8.562961436369173,1.0,0.0,1.0,0.0,1.0,0.0
11,215,1.9471035916632644,7.870672725849706,0.0,1.0,1.0,1.0,0.0,0.0
12,215,6.252081838826094,0.3096879367566245,0.0,1.0,0.0,0.0,0.0,1.0
13,215,0.2385549131055068,11.20261130832557,1.0,0.0,0.0,1.0,0.0,0.0
14,215,8.64603067935117,9.934298850664,0.0,1.0,0.0,1.0,0.0,0.0
15,215,4.270854814153059,0.223487297495695,1.0,0.0,0.0,0.0,0.0,1.0
16,215,6.124500316961077,3.95243327142244,1.0,0.0,0.0,0.0,0.0,1.0
17,215,0.9336170000981934,2.35843000045913,0.0,0.0,1.0,1.0,0.0,1.0
18,215,9.7168550331043,4.976713940929878,0.0,1.0,1.0,0.0,0.0,0.0
19,215,2.317320308933111,5.562500242728694,0.0,1.0,1.0,1.0,0.0,0.0
20,215,12.0,2.1080649245203755,0.0,1.0,1.0,1.0,1.0,0.0
21,215,8.698411845488701,0.0,0.0,0.0,0.0,0.0,0.0,1.0
22,215,3.86377116350563,2.505716750032534,1.0,0.0,0.0,1.0,0.0,1.0
23,215,0.0,4.285816669648655,1.0,0.0,0.0,0.0,0.0,1.0
24,215,2.0419049266045617,6.095644262970594,1.0,1.0,0.0,0.0,0.0,0.0
25,215,10.363466747847433,3.612861704161213,0.0,0.0,1.0,0.0,1.0,0.0
26,215,9.279055805084068,7.34223501050561,0.0,0.0,0.0,1.0,0.0,1.0
27,215,12.0,6.09847519447453,0.0,0.0,1.0,0.0,1.0,1.0
28,215,4.107772734985775,8.34576223869468,0.0,0.0,0.0,1.0,0.0,0.0
29,215,2.062079926093546,12.0,1.0,0.0,0.0,0.0,0.0,0.0
0,220,2.656701528387383,8.585782570079585,1.0,0.0,0.0,0.0,0.0,1.0
1,220,0.9012647697155256,8.964659435691763,1.0,0.0,0.0,0.0,0.0,0.0
2,220,8.94404215277821,2.1676583679665904,0.0,1.0,1.0,0.0,0.0,1.0
3,220,5.825224315518087,0.0311113735201191,0.0,1.0,0.0,0.0,0.0,1.0
4,220,8.838540064601393,6.65862165268603,0.0,0.0,1.0,0.0,1.0,1.0
5,220,7.7583409251042115,5.805887270941537,0.0,0.0,0.0,1.0,1.0,1.0
6,220,8.090694831255487,8.806690119132016,0.0,1.0,0.0,0.0,0.0,1.0
7,220,0.8836422098514889,8.046120092444847,0.0,0.0,0.0,0.0,1.0,1.0
8,220,4.146252669274847,6.718533171069205,1.0,0.0,0.0,0.0,1.0,0.0
9,220,2.526921178732795,7.151427207336081,0.0,1.0,0.0,0.0,0.0,0.0
10,220,5.538953779018543,8.647247470840806,1.0,0.0,1.0,0.0,1.0,0.0
11,220,2.0257292611719087,7.727916404998376,0.0,1.0,1.0,1.0,0.0,0.0
12,220,6.186961908348302,0.2165994728733959,0.0,1.0,0.0,0.0,0.0,1.0
13,220,0.2684245480511098,11.181680284790245,1.0,0.0,0.0,1.0,0.0,0.0
14,220,8.716450562522894,9.945573382457397,0.0,1.0,0.0,1.0,0.0,0.0
15,220,4.281254180123126,0.1357399991166193,1.0,0.0,0.0,0.0,0.0,1.0
16,220,6.137691161720118,3.963590576491667,1.0,0.0,0.0,0.0,0.0,1.0
17,220,0.9413173852863334,2.3795698948389887,0.0,0.0,1.0,1.0,0.0,1.0
18,220,9.852130063592393,4.978026144314842,0.0,1.0,1.0,0.0,0.0,0.0
19,220,2.398014400674071,5.477316452343736,0.0,1.0,1.0,1.0,0.0,0.0
20,220,12.0,2.1088241144787925,0.0,1.0,1.0,1.0,1.0,0.0
21,220,8.65997336322296,0.0,0.0,0.0,0.0,0.0,0.0,1.0
22,220,3.8441996795358544,2.502386786252728,1.0,0.0,0.0,1.0,0.0,1.0
23,220,0.0,4.390311932970407,1.0,0.0,0.0,0.0,0.0,1.0
24,220,2.0485017230680174,6.126423520206689,1.0,1.0,0.0,0.0,0.0,0.0
25,220,10.357770001570062,3.596601622179742,0.0,0.0,1.0,0.0,1.0,0.0
26,220,9.306592878615032,7.375002735276951,0.0,0.0,0.0,1.0,0.0,1.0
27,220,12.0,6.029509370105704,0.0,0.0,1.0,0.0,1.0,1.0
28,220,4.104664039723685,8.178245785239273,0.0,0.0,0.0,1.0,0.0,0.0
29,220,2.061451264278749,12.0,1.0,0.0,0.0,0.0,0.0,0.0
0,225,2.660829372755594,8.578094045037503,1.0,0.0,0.0,0.0,0.0,1.0
1,225,0.9551931862308236,8.928551846560415,1.0,0.0,0.0,0.0,0.0,0.0
2,225,8.935281334880742,2.167931782311204,0.0,1.0,1.0,0.0,0.0,1.0
3,225,5.736392267768111,0.0229081860801722,0.0,1.0,0.0,0.0,0.0,1.0
4,225,8.840694720115957,6.654634419120668,0.0,0.0,1.0,0.0,1.0,1.0
5,225,7.788178620793507,5.704156260290891,0.0,0.0,0.0,1.0,1.0,1.0
6,225,8.047433024004858,8.796934915182927,0.0,1.0,0.0,0.0,0.0,1.0
7,225,0.7258941272794848,7.917199314736034,0.0,0.0,0.0,0.0,1.0,1.0
8,225,4.1795182721201005,6.729409098075001,1.0,0.0,0.0,0.0,1.0,0.0
9,225,2.5991797122253826,7.162130995403919,0.0,1.0,0.0,0.0,0.0,0.0
10,225,5.41241811619909,8.728614658143906,1.0,0.0,1.0,0.0,1.0,0.0
11,225,2.0928463533808586,7.590151572731194,0.0,1.0,1.0,1.0,0.0,0.0
12,225,6.116085737304891,0.11449413896582,0.0,1.0,0.0,0.0,0.0,1.0
13,225,0.3111830773157278,11.15197925536939,1.0,0.0,0.0,1.0,0.0,0.0
14,225,8.76987549553401,9.953738633885273,0.0,1.0,0.0,1.0,0.0,0.0
15,225,4.29030793020441,0.0752444748836496,1.0,0.0,0.0,0.0,0.0,1.0
16,225,6.159801327525857,3.9835082142684,1.0,0.0,0.0,0.0,0.0,1.0
17,225,0.9488166609417736,2.400782367416374,0.0,0.0,1.0,1.0,0.0,1.0
18,225,9.987484903553504,4.97901060151599,0.0,1.0,1.0,0.0,0.0,0.0
19,225,2.4744961966850205,5.395885306742521,0.0,1.0,1.0,1.0,0.0,0.0
20,225,12.0,2.108929238881152,0.0,1.0,1.0,1.0,1.0,0.0
21,225,8.62260703112944,0.0,0.0,0.0,0.0,0.0,0.0,1.0
22,225,3.803043629085829,2.4957978994450163,1.0,0.0,0.0,1.0,0.0,1.0
23,225,0.0,4.506659629899629,1.0,0.0,0.0,0.0,0.0,1.0
24,225,2.0534219999066248,6.150577276295571,1.0,1.0,0.0,0.0,0.0,0.0
25,225,10.359295536706982,3.600932758003628,0.0,0.0,1.0,0.0,1.0,0.0
26,225,9.327343058076682,7.401720248876673,0.0,0.0,0.0,1.0,0.0,1.0
27,225,12.0,5.948153413107459,0.0,0.0,1.0,0.0,1.0,1.0
28,225,4.1034822949939445,8.024207286414256,0.0,0.0,0.0,1.0,0.0,0.0
29,225,2.0578239552374544,12.0,1.0,0.0,0.0,0.0,0.0,0.0
0,230,2.6594349154374197,8.580755749876568,1.0,0.0,0.0,0.0,0.0,1.0
1,230,1.0180911203373095,8.886755771246772,1.0,0.0,0.0,0.0,0.0,0.0
2,230,8.937079652384845,2.167892645244576,0.0,1.0,1.0,0.0,0.0,1.0
3,230,5.654638693066941,0.0162464560398614,0.0,1.0,0.0,0.0,0.0,1.0
4,230,8.839170571827916,6.657281595618181,0.0,0.0,1.0,0.0,1.0,1.0
5,230,7.819168029469397,5.606816641493191,0.0,0.0,0.0,1.0,1.0,1.0
6,230,8.032877294738265,8.793946889619098,0.0,1.0,0.0,0.0,0.0,1.0
7,230,0.5628198049407478,7.7856716653265154,0.0,0.0,0.0,0.0,1.0,1.0
8,230,4.204681851049839,6.737679338001045,1.0,0.0,0.0,0.0,1.0,0.0
9,230,2.6685156075906598,7.173031029014546,0.0,1.0,0.0,0.0,0.0,0.0
10,230,5.282405752212565,8.807119155300192,1.0,0.0,1.0,0.0,1.0,0.0
11,230,2.153409762025322,7.462226905085934,0.0,1.0,1.0,1.0,0.0,0.0
12,230,6.05786418582303,0.0250623985528869,0.0,1.0,0.0,0.0,0.0,1.0
13,230,0.3667035952303756,11.113230128213798,1.0,0.0,0.0,1.0,0.0,0.0
14,230,8.80487904596659,9.957900524283392,0.0,1.0,0.0,1.0,0.0,0.0
15,230,4.3000618637019965,0.0196336282074228,1.0,0.0,0.0,0.0,0.0,1.0
16,230,6.175607719787432,3.9978349700979674,1.0,0.0,0.0,0.0,0.0,1.0
17,230,0.9550530091495686,2.418518692730669,0.0,0.0,1.0,1.0,0.0,1.0
18,230,10.11913000434021,4.978823114320448,0.0,1.0,1.0,0.0,0.0,0.0
19,230,2.5506844365950783,5.307586999821987,0.0,1.0,1.0,1.0,0.0,0.0
20,230,12.0,2.1095142213967395,0.0,1.0,1.0,1.0,1.0,0.0
21,230,8.587838836660625,0.0,0.0,0.0,0.0,0.0,0.0,1.0
22,230,3.758726104849068,2.4877757842605246,1.0,0.0,0.0,1.0,0.0,1.0
23,230,0.0,4.618608562624581,1.0,0.0,0.0,0.0,0.0,1.0
24,230,2.0597435105131354,6.181361513424823,1.0,1.0,0.0,0.0,0.0,0.0
25,230,10.357416978757458,3.5955415194987483,0.0,0.0,1.0,0.0,1.0,0.0
26,230,9.345206420349864,7.425242511719439,0.0,0.0,0.0,1.0,0.0,1.0
27,230,12.0,5.869636114834219,0.0,0.0,1.0,0.0,1.0,1.0
28,230,4.101668899814291,7.853244719974352,0.0,0.0,0.0,1.0,0.0,0.0
29,230,2.052701855918704,12.0,1.0,0.0,0.0,0.0,0.0,0.0
0,235,2.658122730309709,8.583401363111482,1.0,0.0,0.0,0.0,0.0,1.0
1,235,1.0807046030630492,8.841550898686393,1.0,0.0,0.0,0.0,0.0,0.0
2,235,8.911927147412225,2.1688221958638474,0.0,1.0,1.0,0.0,0.0,1.0
3,235,5.580656766267912,0.0102501204031902,0.0,1.0,0.0,0.0,0.0,1.0
4,235,8.83447961268959,6.665779143539145,0.0,0.0,1.0,0.0,1.0,1.0
5,235,7.851290936562295,5.501914647436244,0.0,0.0,0.0,1.0,1.0,1.0
6,235,8.01338863956232,8.790252782550821,0.0,1.0,0.0,0.0,0.0,1.0
7,235,0.3923674376649425,7.647523704001877,0.0,0.0,0.0,0.0,1.0,1.0
8,235,4.222670506792485,6.74405193402874,1.0,0.0,0.0,0.0,1.0,0.0
9,235,2.7339113514079063,7.183776091372252,0.0,1.0,0.0,0.0,0.0,0.0
10,235,5.151439143983732,8.883991442258392,1.0,0.0,1.0,0.0,1.0,0.0
11,235,2.2106303114460277,7.334832511319652,0.0,1.0,1.0,1.0,0.0,0.0
12,235,5.997149553609727,0.0,0.0,1.0,0.0,0.0,0.0,1.0
13,235,0.4322348696722774,11.06961862551447,1.0,0.0,0.0,1.0,0.0,0.0
14,235,8.855534955281366,9.963231556104676,0.0,1.0,0.0,1.0,0.0,0.0
15,235,4.305805175210234,0.0,1.0,0.0,0.0,0.0,0.0,1.0
16,235,6.191770637282328,4.012735337411931,1.0,0.0,0.0,0.0,0.0,1.0
17,235,0.9617285108629964,2.4368549135606767,0.0,0.0,1.0,1.0,0.0,1.0
18,235,10.248771053489875,4.980928095820072,0.0,1.0,1.0,0.0,0.0,0.0
19,235,2.6180899711562526,5.231835621925502,0.0,1.0,1.0,1.0,0.0,0.0
20,235,12.0,2.109776024065533,0.0,1.0,1.0,1.0,1.0,0.0
21,235,8.559883663023095,0.0,0.0,0.0,0.0,0.0,0.0,1.0
22,235,3.711517803645679,2.479156265739253,1.0,0.0,0.0,1.0,0.0,1.0
23,235,0.0,4.728581769224166,1.0,0.0,0.0,0.0,0.0,1.0
24,235,2.066220360546919,6.211563906353208,1.0,1.0,0.0,0.0,0.0,0.0
25,235,10.357172950686792,3.5948058957857763,0.0,0.0,1.0,0.0,1.0,0.0
26,235,9.361684568785044,7.446644375557284,0.0,0.0,0.0,1.0,0.0,1.0
27,235,12.0,5.801929100220122,0.0,0.0,1.0,0.0,1.0,1.0
28,235,4.099017704179397,7.702082925286737,0.0,0.0,0.0,1.0,0.0,0.0
29,235,2.0484325135209214,12.0,1.0,0.0,0.0,0.0,0.0,0.0
0,240,2.6597318392029696,8.580005926195646,1.0,0.0,0.0,0.0,0.0,1.0
1,240,1.141929243860411,8.797315765957718,1.0,0.0,0.0,0.0,0.0,0.0
2,240,8.888612056873027,2.1696773829657108,0.0,1.0,1.0,0.0,0.0,1.0
3,240,5.4825336199837045,0.0043630458280052,0.0,1.0,0.0,0.0,0.0,1.0
4,240,8.827288911933818,6.678694128242711,0.0,0.0,1.0,0.0,1.0,1.0
5,240,7.8840018994844,5.392946040832292,0.0,0.0,0.0,1.0,1.0,1.0
6,240,7.999387709184314,8.787501311400954,0.0,1.0,0.0,0.0,0.0,1.0
7,240,0.2047896697403361,7.489087016502977,0.0,0.0,0.0,0.0,1.0,1.0
8,240,4.284338795885952,6.764863611473703,1.0,0.0,0.0,0.0,1.0,0.0
9,240,2.8047233135370804,7.196738465544158,0.0,1.0,0.0,0.0,0.0,0.0
10,240,5.025154483858065,8.958643566128897,1.0,0.0,1.0,0.0,1.0,0.0
11,240,2.260334432006691,7.213252856879308,0.0,1.0,1.0,1.0,0.0,0.0
12,240,5.930446967892743,0.0,0.0,1.0,0.0,0.0,0.0,1.0
13,240,0.5105615998060395,11.016916273453774,1.0,0.0,0.0,1.0,0.0,0.0
14,240,8.922753257862752,9.970192173937596,0.0,1.0,0.0,1.0,0.0,0.0
15,240,4.310130989951512,0.0,1.0,0.0,0.0,0.0,0.0,1.0
16,240,6.205573378991498,4.025258147263461,1.0,0.0,0.0,0.0,0.0,1.0
17,240,0.968140411111948,2.45478955128415,0.0,0.0,1.0,1.0,0.0,1.0
18,240,10.40950191589747,4.981080407217219,0.0,1.0,1.0,0.0,0.0,0.0
19,240,2.6844233387729317,5.156859924092275,0.0,1.0,1.0,1.0,0.0,0.0
20,240,12.0,2.1103895913042083,0.0,1.0,1.0,1.0,1.0,0.0
21,240,8.531891078991197,0.0,0.0,0.0,0.0,0.0,0.0,1.0
22,240,3.684178386546433,2.473450572327697,1.0,0.0,0.0,1.0,0.0,1.0
23,240,0.0,4.83494776768185,1.0,0.0,0.0,0.0,0.0,1.0
24,240,2.076710088371908,6.25868957841402,1.0,1.0,0.0,0.0,0.0,0.0
25,240,10.352103399046705,3.579702963717743,0.0,0.0,1.0,0.0,1.0,0.0
26,240,9.366835171191292,7.45341542868788,0.0,0.0,0.0,1.0,0.0,1.0
27,240,12.0,5.731783574724441,0.0,0.0,1.0,0.0,1.0,1.0
28,240,4.096248877071913,7.548310621720264,0.0,0.0,0.0,1.0,0.0,0.0
29,240,2.0455678824894283,12.0,1.0,0.0,0.0,0.0,0.0,0.0
0,245,2.658667332852264,8.582147768372279,1.0,0.0,0.0,0.0,0.0,1.0
1,245,1.2026225448036598,8.748913088159144,1.0,0.0,0.0,0.0,0.0,0.0
2,245,8.883083200216106,2.1700225439861174,0.0,1.0,1.0,0.0,0.0,1.0
3,245,5.37852620972599,0.0,0.0,1.0,0.0,0.0,0.0,1.0
4,245,8.81915668399315,6.692968197112359,0.0,0.0,1.0,0.0,1.0,1.0
5,245,7.916640341357658,5.286602082912031,0.0,0.0,0.0,1.0,1.0,1.0
6,245,7.97773073671674,8.782544731429441,0.0,1.0,0.0,0.0,0.0,1.0
7,245,0.0298246137759079,7.33774888013082,0.0,0.0,0.0,0.0,1.0,1.0
8,245,4.318968694086399,6.776966884132306,1.0,0.0,0.0,0.0,1.0,0.0
9,245,2.8931919126788146,7.21191835286742,0.0,1.0,0.0,0.0,0.0,0.0
10,245,4.900655818666738,9.036256304058432,1.0,0.0,1.0,0.0,1.0,0.0
11,245,2.307102828401572,7.100069450495072,0.0,1.0,1.0,1.0,0.0,0.0
12,245,5.854725123301294,0.0,0.0,1.0,0.0,0.0,0.0,1.0
13,245,0.5812167318238847,10.970054711102652,1.0,0.0,0.0,1.0,0.0,0.0
14,245,8.96265457369116,9.974104350497573,0.0,1.0,0.0,1.0,0.0,0.0
15,245,4.315664628823945,0.0,1.0,0.0,0.0,0.0,0.0,1.0
16,245,6.232584462204184,4.049822385050243,1.0,0.0,0.0,0.0,0.0,1.0
17,245,0.972598149686593,2.467312254375872,0.0,0.0,1.0,1.0,0.0,1.0
18,245,10.569879850807965,4.979261785379823,0.0,1.0,1.0,0.0,0.0,0.0
19,245,2.75136890554228,5.081890667722552,0.0,1.0,1.0,1.0,0.0,0.0
20,245,12.0,2.1111883397617683,0.0,1.0,1.0,1.0,1.0,0.0
21,245,8.498331078602103,0.0,0.0,0.0,0.0,0.0,0.0,1.0
22,245,3.674447628312295,2.4716014479522506,1.0,0.0,0.0,1.0,0.0,1.0
23,245,0.0,4.919791495118659,1.0,0.0,0.0,0.0,0.0,1.0
24,245,2.0862285573942407,6.307292532163645,1.0,1.0,0.0,0.0,0.0,0.0
25,245,10.347275876908345,3.565759628982973,0.0,0.0,1.0,0.0,1.0,0.0
26,245,9.370485941981531,7.458399326459741,0.0,0.0,0.0,1.0,0.0,1.0
27,245,12.0,5.680139102895335,0.0,0.0,1.0,0.0,1.0,1.0
28,245,4.094032206106381,7.398583154547111,0.0,0.0,0.0,1.0,0.0,0.0
29,245,2.0424207570180566,12.0,1.0,0.0,0.0,0.0,0.0,0.0
0,250,2.65685535555402,8.585596034024631,1.0,0.0,0.0,0.0,0.0,1.0
1,250,1.2635698605704972,8.702270666566616,1.0,0.0,0.0,0.0,0.0,0.0
2,250,8.872047461778832,2.1707097130910413,0.0,1.0,1.0,0.0,0.0,1.0
3,250,5.270263399841288,0.0,0.0,1.0,0.0,0.0,0.0,1.0
4,250,8.806661455513282,6.713876608018249,0.0,0.0,1.0,0.0,1.0,1.0
5,250,7.9512263738867395,5.159407029802472,0.0,0.0,0.0,1.0,1.0,1.0
6,250,7.9457462050953875,8.775811050184004,0.0,1.0,0.0,0.0,0.0,1.0
7,250,0.0,7.184422614670005,0.0,0.0,0.0,0.0,1.0,1.0
8,250,4.368369873140832,6.794409950994889,1.0,0.0,0.0,0.0,1.0,0.0
9,250,2.99763248188661,7.228484331101791,0.0,1.0,0.0,0.0,0.0,0.0
10,250,4.764241630399241,9.121880472042683,1.0,0.0,1.0,0.0,1.0,0.0
11,250,2.361078845404096,6.979226402634019,0.0,1.0,1.0,1.0,0.0,0.0
12,250,5.77249760733541,0.0,0.0,1.0,0.0,0.0,0.0,1.0
13,250,0.6545267299236353,10.923281071935754,1.0,0.0,0.0,1.0,0.0,0.0
14,250,9.001846690902415,9.977302797432236,0.0,1.0,0.0,1.0,0.0,0.0
15,250,4.324091392994512,0.0,1.0,0.0,0.0,0.0,0.0,1.0
16,250,6.255582596684166,4.071596459650657,1.0,0.0,0.0,0.0,0.0,1.0
17,250,0.9804072452565852,2.48802092795146,0.0,0.0,1.0,1.0,0.0,1.0
18,250,10.72681412806553,4.973144713523106,0.0,1.0,1.0,0.0,0.0,0.0
19,250,2.808248279613385,5.0159268467106495,0.0,1.0,1.0,1.0,0.0,0.0
20,250,12.0,2.1114789100748648,0.0,1.0,1.0,1.0,1.0,0.0
21,250,8.466832161878694,0.0,0.0,0.0,0.0,0.0,0.0,1.0
22,250,3.67087583050799,2.470959346213852,1.0,0.0,0.0,1.0,0.0,1.0
23,250,0.0,5.010738027356643,1.0,0.0,0.0,0.0,0.0,1.0
24,250,2.0966090356104776,6.367861909163885,1.0,1.0,0.0,0.0,0.0,0.0
25,250,10.335770813577907,3.532885684916774,0.0,0.0,1.0,0.0,1.0,0.0
26,250,9.386678098815649,7.481441033272066,0.0,0.0,0.0,1.0,0.0,1.0
27,250,12.0,5.624472032814456,0.0,0.0,1.0,0.0,1.0,1.0
28,250,4.093730544046816,7.261243242260228,0.0,0.0,0.0,1.0,0.0,0.0
29,250,2.039640304479861,12.0,1.0,0.0,0.0,0.0,0.0,0.0
0,255,2.6458477410083123,8.606607153607968,1.0,0.0,0.0,0.0,0.0,1.0
1,255,1.3001091363870865,8.674226571641055,1.0,0.0,0.0,0.0,0.0,0.0
2,255,8.871384279745143,2.170752220234968,0.0,1.0,1.0,0.0,0.0,1.0
3,255,5.170185275670663,0.0,0.0,1.0,0.0,0.0,0.0,1.0
4,255,8.802622460591705,6.72037863144985,0.0,0.0,1.0,0.0,1.0,1.0
5,255,7.994302258670349,5.01014835904777,0.0,0.0,0.0,1.0,1.0,1.0
6,255,7.912780550713558,8.769343947813992,0.0,1.0,0.0,0.0,0.0,1.0
7,255,0.0,7.02396937827847,0.0,0.0,0.0,0.0,1.0,1.0
8,255,4.417694010110634,6.810769556064791,1.0,0.0,0.0,0.0,1.0,0.0
9,255,3.1070157527709474,7.245505867795851,0.0,1.0,0.0,0.0,0.0,0.0
10,255,4.621237145157645,9.212335828540487,1.0,0.0,1.0,0.0,1.0,0.0
11,255,2.419910024246414,6.855999277918694,0.0,1.0,1.0,1.0,0.0,0.0
12,255,5.695030439195148,0.0,0.0,1.0,0.0,0.0,0.0,1.0
13,255,0.7166662798230072,10.88419459029081,1.0,0.0,0.0,1.0,0.0,0.0
14,255,9.019835803466718,9.978462017727765,0.0,1.0,0.0,1.0,0.0,0.0
15,255,4.330187507939826,0.0,1.0,0.0,0.0,0.0,0.0,1.0
16,255,6.285396959362018,4.099523869858122,1.0,0.0,0.0,0.0,0.0,1.0
17,255,0.9906428634422118,2.514216993454077,0.0,0.0,1.0,1.0,0.0,1.0
18,255,10.881679285999994,4.971591657888946,0.0,1.0,1.0,0.0,0.0,0.0
19,255,2.8547904579669807,4.963713186978298,0.0,1.0,1.0,1.0,0.0,0.0
20,255,12.0,2.1128041182019395,0.0,1.0,1.0,1.0,1.0,0.0
21,255,8.43240644529066,0.0,0.0,0.0,0.0,0.0,0.0,1.0
22,255,3.6811296581580737,2.472698234966344,1.0,0.0,0.0,1.0,0.0,1.0
23,255,0.0,5.107796606517561,1.0,0.0,0.0,0.0,0.0,1.0
24,255,2.1069811925666104,6.42250099045961,1.0,1.0,0.0,0.0,0.0,0.0
25,255,10.308556795012208,3.4594529136075263,0.0,0.0,1.0,0.0,1.0,0.0
26,255,9.407147030060608,7.510442563792022,0.0,0.0,0.0,1.0,0.0,1.0
27,255,12.0,5.566243828226964,0.0,0.0,1.0,0.0,1.0,1.0
28,255,4.089053547290283,7.09730413480619,0.0,0.0,0.0,1.0,0.0,0.0
29,255,2.035738062273994,12.0,1.0,0.0,0.0,0.0,0.0,0.0
0,260,2.641848680709813,8.614195369397157,1.0,0.0,0.0,0.0,0.0,1.0
1,260,1.3445044559217914,8.638934886004318,1.0,0.0,0.0,0.0,0.0,0.0
2,260,8.891654389842861,2.169434145871508,0.0,1.0,1.0,0.0,0.0,1.0
3,260,5.063989953032824,0.0,0.0,1.0,0.0,0.0,0.0,1.0
4,260,8.792145809434222,6.737226104027405,0.0,0.0,1.0,0.0,1.0,1.0
5,260,8.037484932004764,4.862733804213563,0.0,0.0,0.0,1.0,1.0,1.0
6,260,7.868878284109456,8.763015723114542,0.0,1.0,0.0,0.0,0.0,1.0
7,260,0.0,6.871438697729219,0.0,0.0,0.0,0.0,1.0,1.0
8,260,4.462667520429186,6.825245073130437,1.0,0.0,0.0,0.0,1.0,0.0
9,260,3.230092781244233,7.272595865440802,0.0,1.0,0.0,0.0,0.0,0.0
10,260,4.488148659493923,9.296886632370695,1.0,0.0,1.0,0.0,1.0,0.0
11,260,2.4735222362579763,6.745030862568154,0.0,1.0,1.0,1.0,0.0,0.0
12,260,5.61197500628708,0.0,0.0,1.0,0.0,0.0,0.0,1.0
13,260,0.772468472828612,10.84827557979849,1.0,0.0,0.0,1.0,0.0,0.0
14,260,9.03179552568248,9.97939624080039,0.0,1.0,0.0,1.0,0.0,0.0
15,260,4.33769587860896,0.0,1.0,0.0,0.0,0.0,0.0,1.0
16,260,6.307547193568642,4.120382824848567,1.0,0.0,0.0,0.0,0.0,1.0
17,260,1.007174197433665,2.560144621274272,0.0,0.0,1.0,1.0,0.0,1.0
18,260,11.04147852123475,4.969384329536244,0.0,1.0,1.0,0.0,0.0,0.0
19,260,2.892449689830382,4.921537553821131,0.0,1.0,1.0,1.0,0.0,0.0
20,260,12.0,2.112634336335914,0.0,1.0,1.0,1.0,1.0,0.0
21,260,8.65391201967434,0.0,0.0,0.0,0.0,0.0,0.0,1.0
22,260,3.686529594212135,2.4737906118752777,1.0,0.0,0.0,1.0,0.0,1.0
23,260,0.0,5.2206554471661,1.0,0.0,0.0,0.0,0.0,1.0
24,260,2.118360196668225,6.484500994201596,1.0,1.0,0.0,0.0,0.0,0.0
25,260,10.281559850303648,3.382694465342078,0.0,0.0,1.0,0.0,1.0,0.0
26,260,9.422336863801004,7.531035556256902,0.0,0.0,0.0,1.0,0.0,1.0
27,260,12.0,5.497878577367527,0.0,0.0,1.0,0.0,1.0,1.0
28,260,4.0799426957051335,6.9225360846812825,0.0,0.0,0.0,1.0,0.0,0.0
29,260,2.0267035971800165,12.0,1.0,0.0,0.0,0.0,0.0,0.0
0,265,2.6375837067663843,8.622865596179748,1.0,0.0,0.0,0.0,0.0,1.0
1,265,1.3134383829767096,8.598863245660661,1.0,0.0,0.0,0.0,0.0,0.0
2,265,8.905202336235241,2.1686732340397827,0.0,1.0,1.0,0.0,0.0,1.0
3,265,4.97156246907074,0.0,0.0,1.0,0.0,0.0,0.0,1.0
4,265,8.78346083948356,6.751748918455267,0.0,0.0,1.0,0.0,1.0,1.0
5,265,8.076073726954615,4.72972344899603,0.0,0.0,0.0,1.0,1.0,1.0
6,265,7.8303986827944945,8.757201703809715,0.0,1.0,0.0,0.0,0.0,1.0
7,265,0.0,6.720953822429582,0.0,0.0,0.0,0.0,1.0,1.0
8,265,4.517723789016964,6.841239243119363,1.0,0.0,0.0,0.0,1.0,0.0
9,265,3.3414027084796745,7.296724149309145,0.0,1.0,0.0,0.0,0.0,0.0
10,265,4.374501489744839,9.373829269715454,1.0,0.0,1.0,0.0,1.0,0.0
11,265,2.5209845574325094,6.640506914563478,0.0,1.0,1.0,1.0,0.0,0.0
12,265,5.527599903684412,0.0,0.0,1.0,0.0,0.0,0.0,1.0
13,265,0.8112241640300965,10.823274961089693,1.0,0.0,0.0,1.0,0.0,0.0
14,265,9.0545302503298,9.981719344200457,0.0,1.0,0.0,1.0,0.0,0.0
15,265,4.350809266230399,0.0,1.0,0.0,0.0,0.0,0.0,1.0
16,265,6.318729161428957,4.130780434231333,1.0,0.0,0.0,0.0,0.0,1.0
17,265,1.0277515922721348,2.61732203643869,0.0,0.0,1.0,1.0,0.0,1.0
18,265,11.18364300511158,4.968058495605435,0.0,1.0,1.0,0.0,0.0,0.0
19,265,2.927537567249916,4.881867623517746,0.0,1.0,1.0,1.0,0.0,0.0
20,265,12.0,2.1124250182518005,0.0,1.0,1.0,1.0,1.0,0.0
21,265,8.87058819591289,0.0,0.0,0.0,0.0,0.0,0.0,1.0
22,265,3.696426639476274,2.4754566178049258,1.0,0.0,0.0,1.0,0.0,1.0
23,265,0.0,5.353682870245653,1.0,0.0,0.0,0.0,0.0,1.0
24,265,2.1291341041996903,6.550525766880019,1.0,1.0,0.0,0.0,0.0,0.0
25,265,10.250861578736918,3.299410652460721,0.0,0.0,1.0,0.0,1.0,0.0
26,265,9.441334351380052,7.557138696347872,0.0,0.0,0.0,1.0,0.0,1.0
27,265,12.0,5.426045689974109,0.0,0.0,1.0,0.0,1.0,1.0
28,265,4.063123751585937,6.725876499874179,0.0,0.0,0.0,1.0,0.0,0.0
29,265,2.0151221973812063,12.0,1.0,0.0,0.0,0.0,0.0,0.0
0,270,2.6359325450820705,8.626032575784262,1.0,0.0,0.0,0.0,0.0,1.0
1,270,1.2789614683961996,8.55684708758648,1.0,0.0,0.0,0.0,0.0,0.0
2,270,8.942523836571684,2.167291581538532,0.0,1.0,1.0,0.0,0.0,1.0
3,270,4.87833536957588,0.0,0.0,1.0,0.0,0.0,0.0,1.0
4,270,8.768013500846802,6.7779172401343,0.0,0.0,1.0,0.0,1.0,1.0
5,270,8.11446064095132,4.596683896634928,0.0,0.0,0.0,1.0,1.0,1.0
6,270,7.801277455858498,8.753732601018426,0.0,1.0,0.0,0.0,0.0,1.0
7,270,0.0,6.577929997341279,0.0,0.0,0.0,0.0,1.0,1.0
8,270,4.550174762232547,6.851034797741747,1.0,0.0,0.0,0.0,1.0,0.0
9,270,3.4720477164458625,7.323936885788031,0.0,1.0,0.0,0.0,0.0,0.0
10,270,4.266764682726155,9.44563560751114,1.0,0.0,1.0,0.0,1.0,0.0
11,270,2.5745016700675976,6.522394568486826,0.0,1.0,1.0,1.0,0.0,0.0
12,270,5.439294217819836,0.0,0.0,1.0,0.0,0.0,0.0,1.0
13,270,0.8504859950812669,10.797988911623143,1.0,0.0,0.0,1.0,0.0,0.0
14,270,9.068954655150492,9.983386038271158,0.0,1.0,0.0,1.0,0.0,0.0
15,270,4.359732656580314,0.0,1.0,0.0,0.0,0.0,0.0,1.0
16,270,6.320384744451337,4.132345468470642,1.0,0.0,0.0,0.0,0.0,1.0
17,270,1.0521371288778607,2.6845899696998363,0.0,0.0,1.0,1.0,0.0,1.0
18,270,11.304865377369724,4.969696917067181,0.0,1.0,1.0,0.0,0.0,0.0
19,270,2.9710394496664065,4.83123315564661,0.0,1.0,1.0,1.0,0.0,0.0
20,270,12.0,2.1125209010226302,0.0,1.0,1.0,1.0,1.0,0.0
21,270,9.08616083412673,0.0,0.0,0.0,0.0,0.0,0.0,1.0
22,270,3.717379657228332,2.4789945723238054,1.0,0.0,0.0,1.0,0.0,1.0
23,270,0.0,5.489713618015723,1.0,0.0,0.0,0.0,0.0,1.0
24,270,2.1407728500038306,6.612680313094682,1.0,1.0,0.0,0.0,0.0,0.0
25,270,10.213767283803016,3.1982788120060497,0.0,0.0,1.0,0.0,1.0,0.0
26,270,9.465140101875283,7.588776949078384,0.0,0.0,0.0,1.0,0.0,1.0
27,270,12.0,5.356831475930578,0.0,0.0,1.0,0.0,1.0,1.0
28,270,4.044716427371229,6.544890676745248,0.0,0.0,0.0,1.0,0.0,0.0
29,270,2.001485587803648,12.0,1.0,0.0,0.0,0.0,0.0,0.0
0,275,2.63207421901102,8.633934670535139,1.0,0.0,0.0,0.0,0.0,1.0
1,275,1.2348494822182434,8.508916606491828,1.0,0.0,0.0,0.0,0.0,0.0
2,275,8.99459277255143,2.165717366854932,0.0,1.0,1.0,0.0,0.0,1.0
3,275,4.802705313071855,0.0,0.0,1.0,0.0,0.0,0.0,1.0
4,275,8.747921320620728,6.813194463839369,0.0,0.0,1.0,0.0,1.0,1.0
5,275,8.145659298814003,4.482696144107415,0.0,0.0,0.0,1.0,1.0,1.0
6,275,7.750832075113563,8.74812941140303,0.0,1.0,0.0,0.0,0.0,1.0
7,275,0.0,6.442788180878806,0.0,0.0,0.0,0.0,1.0,1.0
8,275,4.558338617980312,6.853476445108952,1.0,0.0,0.0,0.0,1.0,0.0
9,275,3.5873203725421607,7.347901851776245,0.0,1.0,0.0,0.0,0.0,0.0
10,275,4.1505460444381965,9.524190907067313,1.0,0.0,1.0,0.0,1.0,0.0
11,275,2.628911167959004,6.393257819269698,0.0,1.0,1.0,1.0,0.0,0.0
12,275,5.330648701644858,0.0,0.0,1.0,0.0,0.0,0.0,1.0
13,275,0.9074291183119252,10.761216530570046,1.0,0.0,0.0,1.0,0.0,0.0
14,275,9.101062419853037,9.986181157311613,0.0,1.0,0.0,1.0,0.0,0.0
15,275,4.370023455566131,0.0,1.0,0.0,0.0,0.0,0.0,1.0
16,275,6.334645042990333,4.145945409350256,1.0,0.0,0.0,0.0,0.0,1.0
17,275,1.0711984062593218,2.737562526285572,0.0,0.0,1.0,1.0,0.0,1.0
18,275,11.411587612706796,4.970271317799903,0.0,1.0,1.0,0.0,0.0,0.0
19,275,3.018576951618525,4.775648458302431,0.0,1.0,1.0,1.0,0.0,0.0
20,275,12.0,2.111118728394857,0.0,1.0,1.0,1.0,1.0,0.0
21,275,9.304195394162695,0.0,0.0,0.0,0.0,0.0,0.0,1.0
22,275,3.74332842061435,2.483238991802008,1.0,0.0,0.0,1.0,0.0,1.0
23,275,0.0,5.622386487827258,1.0,0.0,0.0,0.0,0.0,1.0
24,275,2.1493974823372097,6.66576888133425,1.0,1.0,0.0,0.0,0.0,0.0
25,275,10.18747896525995,3.129299718109028,0.0,0.0,1.0,0.0,1.0,0.0
26,275,9.489943031638754,7.623052711112334,0.0,0.0,0.0,1.0,0.0,1.0
27,275,12.0,5.273499883897071,0.0,0.0,1.0,0.0,1.0,1.0
28,275,4.025507070025125,6.354454440136921,0.0,0.0,0.0,1.0,0.0,0.0
29,275,1.9838684114805336,12.0,1.0,0.0,0.0,0.0,0.0,0.0
0,280,2.633873563292992,8.630098808363533,1.0,0.0,0.0,0.0,0.0,1.0
1,280,1.1870888645323103,8.453019691514147,1.0,0.0,0.0,0.0,0.0,0.0
2,280,9.05299437263513,2.165154358513997,0.0,1.0,1.0,0.0,0.0,1.0
3,280,4.726410252593516,0.0,0.0,1.0,0.0,0.0,0.0,1.0
4,280,8.722137653311261,6.859569393356944,0.0,0.0,1.0,0.0,1.0,1.0
5,280,8.173348247830523,4.383332516424443,0.0,0.0,0.0,1.0,1.0,1.0
6,280,7.706289365784487,8.744535470577608,0.0,1.0,0.0,0.0,0.0,1.0
7,280,0.0,6.305503093281889,0.0,0.0,0.0,0.0,1.0,1.0
8,280,4.577006160209451,6.8592376984384185,1.0,0.0,0.0,0.0,1.0,0.0
9,280,3.7019927573069946,7.369849058263489,0.0,1.0,0.0,0.0,0.0,0.0
10,280,4.021233833447461,9.610878810900374,1.0,0.0,1.0,0.0,1.0,0.0
11,280,2.676193831587615,6.284254361494966,0.0,1.0,1.0,1.0,0.0,0.0
12,280,5.223804651508803,0.0,0.0,1.0,0.0,0.0,0.0,1.0
13,280,0.9742757361129688,10.719361180816094,1.0,0.0,0.0,1.0,0.0,0.0
14,280,9.146110119714946,9.989315109032525,0.0,1.0,0.0,1.0,0.0,0.0
15,280,4.378874245890168,0.0,1.0,0.0,0.0,0.0,0.0,1.0
16,280,6.351296513931136,4.160979766934446,1.0,0.0,0.0,0.0,0.0,1.0
17,280,1.085080471189103,2.7749563553694574,0.0,0.0,1.0,1.0,0.0,1.0
18,280,11.51143510181378,4.972588795690559,0.0,1.0,1.0,0.0,0.0,0.0
19,280,3.064002797953936,4.7224817966751385,0.0,1.0,1.0,1.0,0.0,0.0
20,280,12.0,2.109232512862792,0.0,1.0,1.0,1.0,1.0,0.0
21,280,9.552025846965282,0.0,0.0,0.0,0.0,0.0,0.0,1.0
22,280,3.7755288679780072,2.4898130492350394,1.0,0.0,0.0,1.0,0.0,1.0
23,280,0.0,5.759585642716214,1.0,0.0,0.0,0.0,0.0,1.0
24,280,2.156929608825391,6.703531115140513,1.0,1.0,0.0,0.0,0.0,0.0
25,280,10.161946747958307,3.055197323854269,0.0,0.0,1.0,0.0,1.0,0.0
26,280,9.515568486573477,7.657296563474316,0.0,0.0,0.0,1.0,0.0,1.0
27,280,12.0,5.200340826868076,0.0,0.0,1.0,0.0,1.0,1.0
28,280,4.008423723676911,6.147463195865399,0.0,0.0,0.0,1.0,0.0,0.0
29,280,1.9642173775875067,12.0,1.0,0.0,0.0,0.0,0.0,0.0
0,285,2.6238780095426613,8.650528655453536,1.0,0.0,0.0,0.0,0.0,1.0
1,285,1.1431118301617709,8.403580212035626,1.0,0.0,0.0,0.0,0.0,0.0
2,285,9.118111579539264,2.1645192483071667,0.0,1.0,1.0,0.0,0.0,1.0
3,285,4.654539989662747,0.0,0.0,1.0,0.0,0.0,0.0,1.0
4,285,8.694841376720317,6.911003518621523,0.0,0.0,1.0,0.0,1.0,1.0
5,285,8.199059414159409,4.278522132860051,0.0,0.0,0.0,1.0,1.0,1.0
6,285,7.682401144537589,8.742790753726611,0.0,1.0,0.0,0.0,0.0,1.0
7,285,0.0,6.160069483582044,0.0,0.0,0.0,0.0,1.0,1.0
8,285,4.610020383823559,6.870403064411251,1.0,0.0,0.0,0.0,1.0,0.0
9,285,3.8038747065512655,7.387848031502989,0.0,1.0,0.0,0.0,0.0,0.0
10,285,3.8956811776532767,9.702974702554862,1.0,0.0,1.0,0.0,1.0,0.0
11,285,2.718284874391752,6.177731490860043,0.0,1.0,1.0,1.0,0.0,0.0
12,285,5.1004832415150085,0.0,0.0,1.0,0.0,0.0,0.0,1.0
13,285,1.0476004012165436,10.673231717678934,1.0,0.0,0.0,1.0,0.0,0.0
14,285,9.19043155200471,9.99205340652209,0.0,1.0,0.0,1.0,0.0,0.0
15,285,4.392199218762247,0.0,1.0,0.0,0.0,0.0,0.0,1.0
16,285,6.382796545001669,4.1888191655599645,1.0,0.0,0.0,0.0,0.0,1.0
17,285,1.1031106756612643,2.82434676823183,0.0,0.0,1.0,1.0,0.0,1.0
18,285,11.613000929207756,4.975255778277381,0.0,1.0,1.0,0.0,0.0,0.0
19,285,3.112055190998586,4.6697420564831775,0.0,1.0,1.0,1.0,0.0,0.0
20,285,12.0,2.108172448339795,0.0,1.0,1.0,1.0,1.0,0.0
21,285,9.805540226370114,0.0,0.0,0.0,0.0,0.0,0.0,1.0
22,285,3.783561435064855,2.491519390425407,1.0,0.0,0.0,1.0,0.0,1.0
23,285,0.0,5.90279384281907,1.0,0.0,0.0,0.0,0.0,1.0
24,285,2.1621045247203705,6.73295061634237,1.0,1.0,0.0,0.0,0.0,0.0
25,285,10.134979140086005,2.9782682850031965,0.0,0.0,1.0,0.0,1.0,0.0
26,285,9.543041515467646,7.695409522146585,0.0,0.0,0.0,1.0,0.0,1.0
27,285,12.0,5.115552425622953,0.0,0.0,1.0,0.0,1.0,1.0
28,285,3.992775870443091,5.929362760784106,0.0,0.0,0.0,1.0,0.0,0.0
29,285,1.9487498885304837,12.0,1.0,0.0,0.0,0.0,0.0,0.0
0,290,2.6148108765150457,8.667827909389255,1.0,0.0,0.0,0.0,0.0,1.0
1,290,1.0961860695108443,8.352017275550807,1.0,0.0,0.0,0.0,0.0,0.0
2,290,9.165407938751542,2.165096917005981,0.0,1.0,1.0,0.0,0.0,1.0
3,290,4.592291882259546,0.0,0.0,1.0,0.0,0.0,0.0,1.0
4,290,8.675074405313337,6.949833044982416,0.0,0.0,1.0,0.0,1.0,1.0
5,290,8.222216963621927,4.17130893747196,0.0,0.0,0.0,1.0,1.0,1.0
6,290,7.653736553172735,8.74013864998306,0.0,1.0,0.0,0.0,0.0,1.0
7,290,0.0,6.015051565967769,0.0,0.0,0.0,0.0,1.0,1.0
8,290,4.659723582004617,6.887586818228892,1.0,0.0,0.0,0.0,1.0,0.0
9,290,3.935766878467636,7.411086563683505,0.0,1.0,0.0,0.0,0.0,0.0
10,290,3.7603807517485737,9.802914520240938,1.0,0.0,1.0,0.0,1.0,0.0
11,290,2.7526796930917725,6.087194418970236,0.0,1.0,1.0,1.0,0.0,0.0
12,290,4.965494741486348,0.0,0.0,1.0,0.0,0.0,0.0,1.0
13,290,1.1207637568313598,10.628388062452146,1.0,0.0,0.0,1.0,0.0,0.0
14,290,9.23069937159514,9.994129762581512,0.0,1.0,0.0,1.0,0.0,0.0
15,290,4.4033544198330175,0.0,1.0,0.0,0.0,0.0,0.0,1.0
16,290,6.415489552134015,4.216975187156843,1.0,0.0,0.0,0.0,0.0,1.0
17,290,1.117584455600727,2.8651411320136697,0.0,0.0,1.0,1.0,0.0,1.0
18,290,11.724953229323637,4.977827324673084,0.0,1.0,1.0,0.0,0.0,0.0
19,290,3.164689947546521,4.609927298661471,0.0,1.0,1.0,1.0,0.0,0.0
20,290,11.999764246280606,2.1081937661617243,0.0,1.0,1.0,1.0,1.0,0.0
21,290,10.0726827118891,0.0,0.0,0.0,0.0,0.0,0.0,1.0
22,290,3.8078346189760106,2.496508407019368,1.0,0.0,0.0,1.0,0.0,1.0
23,290,0.0,6.062864226704697,1.0,0.0,0.0,0.0,0.0,1.0
24,290,2.162592035312969,6.735573904593088,1.0,1.0,0.0,0.0,0.0,0.0
25,290,10.10090256699373,2.882094380201183,0.0,0.0,1.0,0.0,1.0,0.0
26,290,9.567098008858943,7.730529634658177,0.0,0.0,0.0,1.0,0.0,1.0
27,290,12.0,5.018481082383384,0.0,0.0,1.0,0.0,1.0,1.0
28,290,3.9802049356162055,5.7091357965759455,0.0,0.0,0.0,1.0,0.0,0.0
29,290,1.931772355402675,12.0,1.0,0.0,0.0,0.0,0.0,0.0
0,295,2.6013396753732785,8.695111710228204,1.0,0.0,0.0,0.0,0.0,1.0
1,295,1.0454377471326086,8.293652366429782,1.0,0.0,0.0,0.0,0.0,0.0
2,295,9.18653480556564,2.1655209595695943,0.0,1.0,1.0,0.0,0.0,1.0
3,295,4.528093711091828,0.0,0.0,1.0,0.0,0.0,0.0,1.0
4,295,8.649882149639165,7.004861000220571,0.0,0.0,1.0,0.0,1.0,1.0
5,295,8.24323282581494,4.072942920172469,0.0,0.0,0.0,1.0,1.0,1.0
6,295,7.630861040605147,8.737319491940427,0.0,1.0,0.0,0.0,0.0,1.0
7,295,0.0,5.854407028335952,0.0,0.0,0.0,0.0,1.0,1.0
8,295,4.714558225494216,6.906821753238163,1.0,0.0,0.0,0.0,1.0,0.0
9,295,4.071507963914953,7.43586117187054,0.0,1.0,0.0,0.0,0.0,0.0
10,295,3.615583029275951,9.9070468353905,1.0,0.0,1.0,0.0,1.0,0.0
11,295,2.780790917121954,6.00994608885021,0.0,1.0,1.0,1.0,0.0,0.0
12,295,4.83014923431802,0.0,0.0,1.0,0.0,0.0,0.0,1.0
13,295,1.1973123643123949,10.581816680895187,1.0,0.0,0.0,1.0,0.0,0.0
14,295,9.28317124271332,9.996751374706076,0.0,1.0,0.0,1.0,0.0,0.0
15,295,4.415569115260751,0.0,1.0,0.0,0.0,0.0,0.0,1.0
16,295,6.455174166261123,4.250827320314317,1.0,0.0,0.0,0.0,0.0,1.0
17,295,1.1369035421589426,2.92042867561829,0.0,0.0,1.0,1.0,0.0,1.0
18,295,11.82585772316854,4.979053483158824,0.0,1.0,1.0,0.0,0.0,0.0
19,295,3.221553791786825,4.543554250505525,0.0,1.0,1.0,1.0,0.0,0.0
20,295,12.0,2.107630262254493,0.0,1.0,1.0,1.0,1.0,0.0
21,295,10.36267382166473,0.0,0.0,0.0,0.0,0.0,0.0,1.0
22,295,3.855951408636483,2.507542415782643,1.0,0.0,0.0,1.0,0.0,1.0
23,295,0.0,6.239803780188769,1.0,0.0,0.0,0.0,0.0,1.0
24,295,2.164246005839953,6.743992866557596,1.0,1.0,0.0,0.0,0.0,0.0
25,295,10.072453212354922,2.802535130525339,0.0,0.0,1.0,0.0,1.0,0.0
26,295,9.589913152880728,7.76436772009207,0.0,0.0,0.0,1.0,0.0,1.0
27,295,12.0,4.909794533269241,0.0,0.0,1.0,0.0,1.0,1.0
28,295,3.96689868218136,5.503500055694793,0.0,0.0,0.0,1.0,0.0,0.0
29,295,1.916756339207864,12.0,1.0,0.0,0.0,0.0,0.0,0.0
