0,0,2.94547508502929,1.026984197892819,0.0,0.0,0.0,0.0,1.0,0.0
1,0,5.9904019275374,11.023150507629923,1.0,1.0,1.0,0.0,1.0,1.0
2,0,5.982613234328116,3.947042894741207,0.0,0.0,0.0,1.0,1.0,0.0
3,0,5.981667099263101,1.0343782565665272,1.0,0.0,1.0,1.0,0.0,0.0
4,0,3.944021402309393,1.967575892803172,0.0,1.0,0.0,1.0,1.0,1.0
5,0,6.946377892726124,1.997155533983069,0.0,1.0,0.0,0.0,0.0,0.0
6,0,4.00220393067457,11.03070630647012,0.0,0.0,1.0,0.0,0.0,1.0
7,0,7.080555185411838,11.985554278982208,0.0,1.0,0.0,0.0,0.0,1.0
8,0,11.059489641167064,6.006061544309937,1.0,1.0,0.0,1.0,0.0,0.0
9,0,9.05011253889074,7.029530563213285,1.0,1.0,0.0,0.0,1.0,1.0
10,0,8.030294786021114,1.9903661850884489,1.0,1.0,1.0,0.0,0.0,0.0
11,0,6.949782930572441,11.027171655414504,1.0,0.0,0.0,1.0,0.0,1.0
12,0,7.981117442044371,0.9377914821454116,1.0,0.0,0.0,0.0,0.0,0.0
13,0,0.0072220081646749,4.0410515045641695,0.0,0.0,1.0,0.0,0.0,1.0
14,0,3.9578137284171766,8.034045042428776,0.0,0.0,1.0,0.0,1.0,0.0
15,0,10.997514489628848,7.954206095051084,0.0,1.0,0.0,0.0,0.0,1.0
16,0,2.0423891753883687,4.997026640225378,1.0,1.0,0.0,0.0,0.0,0.0
17,0,0.0237278258508597,10.054736437235906,1.0,1.0,0.0,0.0,0.0,1.0
18,0,1.9172261931636216,6.998315883246897,1.0,0.0,0.0,1.0,0.0,1.0
19,0,6.053997792076796,4.990680705179469,0.0,0.0,0.0,0.0,1.0,1.0
20,0,0.0,8.97730574593474,0.0,0.0,1.0,0.0,1.0,0.0
21,0,0.0,6.946920140735879,0.0,0.0,1.0,0.0,0.0,0.0
22,0,5.995096359339714,4.054895624249563,1.0,0.0,0.0,0.0,0.0,1.0
23,0,5.037420874095983,10.951883129643155,0.0,0.0,0.0,1.0,0.0,1.0
24,0,5.049659404665729,10.964005875817191,0.0,1.0,0.0,1.0,0.0,0.0
25,0,1.0347445384952698,8.969767569208152,1.0,0.0,1.0,0.0,0.0,0.0
26,0,9.98680103485276,0.0596731545135047,1.0,1.0,0.0,0.0,1.0,0.0
27,0,11.95714973851481,2.0179924394068736,1.0,0.0,1.0,1.0,1.0,1.0
28,0,4.036386483853827,4.045292664803275,0.0,0.0,0.0,0.0,0.0,1.0
29,0,7.066698939017306,12.0,0.0,0.0,1.0,0.0,1.0,0.0
0,5,2.878468209547488,1.0588846596898898,0.0,0.0,0.0,0.0,1.0,0.0
1,5,5.972845770613142,11.064492244202102,1.0,1.0,1.0,0.0,1.0,1.0
2,5,5.9631657333240735,3.888056005950539,0.0,0.0,0.0,1.0,1.0,0.0
3,5,5.968316834707219,1.0595723409780302,1.0,0.0,1.0,1.0,0.0,0.0
4,5,3.909528596824388,1.9483264402351648,0.0,1.0,0.0,1.0,1.0,1.0
5,5,6.8788669748878775,1.993700192013271,0.0,1.0,0.0,0.0,0.0,0.0
6,5,4.003100228552047,11.044629530932864,0.0,0.0,1.0,0.0,0.0,1.0
7,5,7.165242842189548,11.969301576825565,0.0,1.0,0.0,0.0,0.0,1.0
8,5,11.105347869138456,6.011123911939478,1.0,1.0,0.0,1.0,0.0,0.0
9,5,9.088006178049008,7.0516142064957394,1.0,1.0,0.0,0.0,1.0,1.0
10,5,8.064720877385584,1.9791271706557252,1.0,1.0,1.0,0.0,0.0,0.0
11,5,6.89237354598546,11.05995251835128,1.0,0.0,0.0,1.0,0.0,1.0
12,5,7.954013423408352,0.8590103402489657,1.0,0.0,0.0,0.0,0.0,0.0
13,5,0.008876159615546,4.050477790599818,0.0,0.0,1.0,0.0,0.0,1.0
14,5,3.912575463698962,8.072368084619995,0.0,0.0,1.0,0.0,1.0,0.0
15,5,10.996419353693982,7.932417827357675,0.0,1.0,0.0,0.0,0.0,1.0
16,5,2.079225494659048,4.993901408858644,1.0,1.0,0.0,0.0,0.0,0.0
17,5,0.0398158921056931,10.092438490720204,1.0,1.0,0.0,0.0,0.0,1.0
18,5,1.8061722548629924,6.992693830642544,1.0,0.0,0.0,1.0,0.0,1.0
19,5,6.11458032434765,4.979055027985209,0.0,0.0,0.0,0.0,1.0,1.0
20,5,0.0,8.945905479327378,0.0,0.0,1.0,0.0,1.0,0.0
21,5,0.0,6.879155494231101,0.0,0.0,1.0,0.0,0.0,0.0
22,5,5.992818155062116,4.096335756061396,1.0,0.0,0.0,0.0,0.0,1.0
23,5,5.080075654076319,10.900915855384596,0.0,0.0,0.0,1.0,0.0,1.0
24,5,5.096731944523673,10.931359370003817,0.0,1.0,0.0,1.0,0.0,0.0
25,5,1.0751314642029783,8.933361688401808,1.0,0.0,1.0,0.0,0.0,0.0
26,5,9.974281128144344,0.1132151162799328,1.0,1.0,0.0,0.0,1.0,0.0
27,5,11.922861286099732,2.033311704143131,1.0,0.0,1.0,1.0,1.0,1.0
28,5,4.062235624024502,4.076469553322329,0.0,0.0,0.0,0.0,0.0,1.0
29,5,7.150524940184267,12.0,0.0,0.0,1.0,0.0,1.0,0.0
0,10,2.805913385475387,1.0921612778280407,0.0,0.0,0.0,0.0,1.0,0.0
1,10,5.959930479022618,11.09799372313595,1.0,1.0,1.0,0.0,1.0,1.0
2,10,5.941489689095309,3.8273966295437134,0.0,0.0,0.0,1.0,1.0,0.0
3,10,5.957389023758289,1.080692773179033,1.0,0.0,1.0,1.0,0.0,0.0
4,10,3.851580495672082,1.9144778877116693,0.0,1.0,0.0,1.0,1.0,1.0
5,10,6.809510811472041,1.9914285246062,0.0,1.0,0.0,0.0,0.0,0.0
6,10,4.002853807636046,11.0392481514337,0.0,0.0,1.0,0.0,0.0,1.0
7,10,7.241594935613337,11.95145110016835,0.0,1.0,0.0,0.0,0.0,1.0
8,10,11.158330607663173,6.017148415627791,1.0,1.0,0.0,1.0,0.0,0.0
9,10,9.136694149404544,7.078968469302555,1.0,1.0,0.0,0.0,1.0,1.0
10,10,8.080045588059509,1.9743841705456229,1.0,1.0,1.0,0.0,0.0,0.0
11,10,6.843994460827924,11.085724972112976,1.0,0.0,0.0,1.0,0.0,1.0
12,10,7.9231891098045555,0.7775734692359875,1.0,0.0,0.0,0.0,0.0,0.0
13,10,0.0100283013581258,4.056580850914465,0.0,0.0,1.0,0.0,0.0,1.0
14,10,3.8668920042688977,8.11228465015556,0.0,0.0,1.0,0.0,1.0,0.0
15,10,10.99555844872014,7.90818908988416,0.0,1.0,0.0,0.0,0.0,1.0
16,10,2.1090419264218814,4.991288799543683,1.0,1.0,0.0,0.0,0.0,0.0
17,10,0.0557383190917133,10.131326428267794,1.0,1.0,0.0,0.0,0.0,1.0
18,10,1.7157419745151865,6.989611036317919,1.0,0.0,0.0,1.0,0.0,1.0
19,10,6.166215542774385,4.970620590856913,0.0,0.0,0.0,0.0,1.0,1.0
20,10,0.0,8.915524792532258,0.0,0.0,1.0,0.0,1.0,0.0
21,10,0.0,6.791742844661676,0.0,0.0,1.0,0.0,0.0,0.0
22,10,5.989965759034318,4.138069698113087,1.0,0.0,0.0,0.0,0.0,1.0
23,10,5.119458606058855,10.85575783882678,0.0,0.0,0.0,1.0,0.0,1.0
24,10,5.136808383148751,10.90294856608,0.0,1.0,0.0,1.0,0.0,0.0
25,10,1.1116985305957738,8.900813644643668,1.0,0.0,1.0,0.0,0.0,0.0
26,10,9.960177557869718,0.1729227732527454,1.0,1.0,0.0,0.0,1.0,0.0
27,10,11.90963995693344,2.03931025489496,1.0,0.0,1.0,1.0,1.0,1.0
28,10,4.080596505485014,4.098987834658715,0.0,0.0,0.0,0.0,0.0,1.0
29,10,7.23365165742907,12.0,0.0,0.0,1.0,0.0,1.0,0.0
0,15,2.7367575263806665,1.123252199349289,0.0,0.0,0.0,0.0,1.0,0.0
1,15,5.943396488864118,11.140591162417662,1.0,1.0,1.0,0.0,1.0,1.0
2,15,5.927068133278984,3.786402613222012,0.0,0.0,0.0,1.0,1.0,0.0
3,15,5.945702401620187,1.1033754869736787,1.0,0.0,1.0,1.0,0.0,0.0
4,15,3.7883846947062154,1.8769755066920888,0.0,1.0,0.0,1.0,1.0,1.0
5,15,6.740583095250679,1.989986283098468,0.0,1.0,0.0,0.0,0.0,0.0
6,15,4.001647762549045,11.039295887534411,0.0,0.0,1.0,0.0,0.0,1.0
7,15,7.32292176254084,11.93344942949804,0.0,1.0,0.0,0.0,0.0,1.0
8,15,11.233074786862703,6.025865158054332,1.0,1.0,0.0,1.0,0.0,0.0
9,15,9.170548164921104,7.096894309723435,1.0,1.0,0.0,0.0,1.0,1.0
10,15,8.079655854120931,1.974495059934748,1.0,1.0,1.0,0.0,0.0,0.0
11,15,6.779915705092937,11.118399349600187,1.0,0.0,0.0,1.0,0.0,1.0
12,15,7.888736366367113,0.6851769795328229,1.0,0.0,0.0,0.0,0.0,0.0
13,15,0.014826761336313,4.0829436721866985,0.0,0.0,1.0,0.0,0.0,1.0
14,15,3.821173223605493,8.153948061202879,0.0,0.0,1.0,0.0,1.0,0.0
15,15,10.994441262472092,7.88078039611393,0.0,1.0,0.0,0.0,0.0,1.0
16,15,2.10464653527206,4.947693055397023,1.0,1.0,0.0,0.0,0.0,0.0
17,15,0.0755873519887973,10.182030486463011,1.0,1.0,0.0,0.0,0.0,1.0
18,15,1.628693331388252,6.988049591947397,1.0,0.0,0.0,1.0,0.0,1.0
19,15,6.215743574324064,4.963684040698612,0.0,0.0,0.0,0.0,1.0,1.0
20,15,0.0,8.89031612141453,0.0,0.0,1.0,0.0,1.0,0.0
21,15,0.0,6.72230211903823,0.0,0.0,1.0,0.0,0.0,0.0
22,15,5.98849167548154,4.167036838832318,1.0,0.0,0.0,0.0,0.0,1.0
23,15,5.154028027051453,10.818511603991558,0.0,0.0,0.0,1.0,0.0,1.0
24,15,5.178600571576995,10.872113020161862,0.0,1.0,0.0,1.0,0.0,0.0
25,15,1.1502470319948304,8.865713314297409,1.0,0.0,1.0,0.0,0.0,0.0
26,15,9.948105857565404,0.2153465203296213,1.0,1.0,0.0,0.0,1.0,0.0
27,15,11.887663285970758,2.049097788051752,1.0,0.0,1.0,1.0,1.0,1.0
28,15,4.102185160204194,4.1257299787824575,0.0,0.0,0.0,0.0,0.0,1.0
29,15,7.279789500246099,12.0,0.0,0.0,1.0,0.0,1.0,0.0
0,20,2.6610695740955905,1.1537643340288,0.0,0.0,0.0,0.0,1.0,0.0
1,20,5.925056251534644,11.18914881937837,1.0,1.0,1.0,0.0,1.0,1.0
2,20,5.908373145130272,3.734226057815603,0.0,0.0,0.0,1.0,1.0,0.0
3,20,5.932579897522773,1.1314771350209676,1.0,0.0,1.0,1.0,0.0,0.0
4,20,3.7228376578508886,1.840180993333872,0.0,1.0,0.0,1.0,1.0,1.0
5,20,6.672012355871653,1.9875305833795236,0.0,1.0,0.0,0.0,0.0,0.0
6,20,4.0023870670268105,11.039271985193777,0.0,0.0,1.0,0.0,0.0,1.0
7,20,7.38126166594029,11.922944347249166,0.0,1.0,0.0,0.0,0.0,1.0
8,20,11.293453107280737,6.033151140198431,1.0,1.0,0.0,1.0,0.0,0.0
9,20,9.19770362660415,7.11051235822979,1.0,1.0,0.0,0.0,1.0,1.0
10,20,8.080646413500224,1.9742334109787776,1.0,1.0,1.0,0.0,0.0,0.0
11,20,6.727540545305801,11.145617350728546,1.0,0.0,0.0,1.0,0.0,1.0
12,20,7.851132017445742,0.5769169162974785,1.0,0.0,0.0,0.0,0.0,0.0
13,20,0.0213386441295801,4.113838639743904,0.0,0.0,1.0,0.0,0.0,1.0
14,20,3.758976327850719,8.207768819319455,0.0,0.0,1.0,0.0,1.0,0.0
15,20,10.993947994066746,7.866201729837871,0.0,1.0,0.0,0.0,0.0,1.0
16,20,2.0975868214581124,4.875274505140539,1.0,1.0,0.0,0.0,0.0,0.0
17,20,0.0952664526119946,10.231627917859637,1.0,1.0,0.0,0.0,0.0,1.0
18,20,1.5685028972924089,6.986379777823982,1.0,0.0,0.0,1.0,0.0,1.0
19,20,6.244274575122137,4.9599273192835085,0.0,0.0,0.0,0.0,1.0,1.0
20,20,0.0,8.864869603321905,0.0,0.0,1.0,0.0,1.0,0.0
21,20,0.0,6.661031969275626,0.0,0.0,1.0,0.0,0.0,0.0
22,20,5.985762857568198,4.205053285116944,1.0,0.0,0.0,0.0,0.0,1.0
23,20,5.174101569934816,10.795275857747043,0.0,0.0,0.0,1.0,0.0,1.0
24,20,5.219314655148517,10.841226275856872,0.0,1.0,0.0,1.0,0.0,0.0
25,20,1.195597571130705,8.82434150390076,1.0,0.0,1.0,0.0,0.0,0.0
26,20,9.939609829810005,0.2458084732610987,1.0,1.0,0.0,0.0,1.0,0.0
27,20,11.878277326748323,2.053347159271796,1.0,0.0,1.0,1.0,1.0,1.0
28,20,4.119082812182362,4.148292515548607,0.0,0.0,0.0,0.0,0.0,1.0
29,20,7.338802646440751,12.0,0.0,0.0,1.0,0.0,1.0,0.0
0,25,2.60435891295323,1.1769348917845484,0.0,0.0,0.0,0.0,1.0,0.0
1,25,5.903873487340179,11.24254882710822,1.0,1.0,1.0,0.0,1.0,1.0
2,25,5.891161940052243,3.6852610359478666,0.0,0.0,0.0,1.0,1.0,0.0
3,25,5.925269067749721,1.1467909169701356,1.0,0.0,1.0,1.0,0.0,0.0
4,25,3.650957062263823,1.7943870063356868,0.0,1.0,0.0,1.0,1.0,1.0
5,25,6.594207717876739,1.9877562144071883,0.0,1.0,0.0,0.0,0.0,0.0
6,25,3.984962358240311,11.039621486374484,0.0,0.0,1.0,0.0,0.0,1.0
7,25,7.444892309705416,11.911452309232866,0.0,1.0,0.0,0.0,0.0,1.0
8,25,11.337010965912274,6.039983325236119,1.0,1.0,0.0,1.0,0.0,0.0
9,25,9.22608642957516,7.12584031524572,1.0,1.0,0.0,0.0,1.0,1.0
10,25,8.089926059680215,1.971383325549076,1.0,1.0,1.0,0.0,0.0,0.0
11,25,6.678123700365884,11.170468512145,1.0,0.0,0.0,1.0,0.0,1.0
12,25,7.811003226304922,0.4686255620808759,1.0,0.0,0.0,0.0,0.0,0.0
13,25,0.0279785953593527,4.143693248546812,0.0,0.0,1.0,0.0,0.0,1.0
14,25,3.719633387611226,8.240457517009409,0.0,0.0,1.0,0.0,1.0,0.0
15,25,10.994170208575666,7.875839699073711,0.0,1.0,0.0,0.0,0.0,1.0
16,25,2.0901515742734182,4.810941956270436,1.0,1.0,0.0,0.0,0.0,0.0
17,25,0.1173303472695565,10.284290987949884,1.0,1.0,0.0,0.0,0.0,1.0
18,25,1.5011084923924674,6.985520416106663,1.0,0.0,0.0,1.0,0.0,1.0
19,25,6.2561899895685125,4.958552678373433,0.0,0.0,0.0,0.0,1.0,1.0
20,25,0.0,8.83534876367643,0.0,0.0,1.0,0.0,1.0,0.0
21,25,0.0,6.614580996337757,0.0,0.0,1.0,0.0,0.0,0.0
22,25,5.984415759200558,4.226464689742881,1.0,0.0,0.0,0.0,0.0,1.0
23,25,5.1914896652883336,10.77518556383185,0.0,0.0,0.0,1.0,0.0,1.0
24,25,5.277445431414283,10.79889906319339,0.0,1.0,0.0,1.0,0.0,0.0
25,25,1.2342871280735184,8.788993137186203,1.0,0.0,1.0,0.0,0.0,0.0
26,25,9.936380783903928,0.2578529883337776,1.0,1.0,0.0,0.0,1.0,0.0
27,25,11.85247909039426,2.064664782727435,1.0,0.0,1.0,1.0,1.0,1.0
28,25,4.126173812902346,4.157926383190455,0.0,0.0,0.0,0.0,0.0,1.0
29,25,7.365463219745576,12.0,0.0,0.0,1.0,0.0,1.0,0.0
0,30,2.5264443157947,1.2084811358808842,0.0,0.0,0.0,0.0,1.0,0.0
1,30,5.8801590027280914,11.3040642782471,1.0,1.0,1.0,0.0,1.0,1.0
2,30,5.871913378905547,3.6319233040667434,0.0,0.0,0.0,1.0,1.0,0.0
3,30,5.915550425813923,1.1676413746141523,1.0,0.0,1.0,1.0,0.0,0.0
4,30,3.5590091105034176,1.7290339021225012,0.0,1.0,0.0,1.0,1.0,1.0
5,30,6.497824983641901,1.9899340555367795,0.0,1.0,0.0,0.0,0.0,0.0
6,30,3.968090875871948,11.04018618565328,0.0,0.0,1.0,0.0,0.0,1.0
7,30,7.51152385481939,11.89973970653589,0.0,1.0,0.0,0.0,0.0,1.0
8,30,11.363064736996677,6.043928242623766,1.0,1.0,0.0,1.0,0.0,0.0
9,30,9.245238873806,7.136481222900293,1.0,1.0,0.0,0.0,1.0,1.0
10,30,8.108463684609063,1.966152149914595,1.0,1.0,1.0,0.0,0.0,0.0
11,30,6.635684613589188,11.19174713656695,1.0,0.0,0.0,1.0,0.0,1.0
12,30,7.767325746274483,0.356177849138969,1.0,0.0,0.0,0.0,0.0,0.0
13,30,0.0358882696389122,4.176762096009709,0.0,0.0,1.0,0.0,0.0,1.0
14,30,3.690538231385493,8.26454915804828,0.0,0.0,1.0,0.0,1.0,0.0
15,30,10.994027663166882,7.865511529602365,0.0,1.0,0.0,0.0,0.0,1.0
16,30,2.084156725459628,4.751308301372105,1.0,1.0,0.0,0.0,0.0,0.0
17,30,0.138141893294874,10.34018365389604,1.0,1.0,0.0,0.0,0.0,1.0
18,30,1.4496121814676934,6.986363403184353,1.0,0.0,0.0,1.0,0.0,1.0
19,30,6.259903532831441,4.958079322964792,0.0,0.0,0.0,0.0,1.0,1.0
20,30,0.0,8.80745837665375,0.0,0.0,1.0,0.0,1.0,0.0
21,30,0.0,6.564152790691439,0.0,0.0,1.0,0.0,0.0,0.0
22,30,5.983831690257537,4.241271173873035,1.0,0.0,0.0,0.0,0.0,1.0
23,30,5.197156872785559,10.768662546474472,0.0,0.0,0.0,1.0,0.0,1.0
24,30,5.330602710405521,10.760191196283818,0.0,1.0,0.0,1.0,0.0,0.0
25,30,1.269970493206388,8.757727897994844,1.0,0.0,1.0,0.0,0.0,0.0
26,30,9.935076051055267,0.2629264141435554,1.0,1.0,0.0,0.0,1.0,0.0
27,30,11.832227151925755,2.073276119294329,1.0,0.0,1.0,1.0,1.0,1.0
28,30,4.141386309574133,4.1775124544273385,0.0,0.0,0.0,0.0,0.0,1.0
29,30,7.395126193872098,12.0,0.0,0.0,1.0,0.0,1.0,0.0
0,35,2.4711847947185803,1.2310455557861613,0.0,0.0,0.0,0.0,1.0,0.0
1,35,5.8485478547968,11.386465436728352,1.0,1.0,1.0,0.0,1.0,1.0
2,35,5.856980972083369,3.586151711768937,0.0,0.0,0.0,1.0,1.0,0.0
3,35,5.915691563232536,1.1673633838727022,1.0,0.0,1.0,1.0,0.0,0.0
4,35,3.458929482257766,1.6596071329451636,0.0,1.0,0.0,1.0,1.0,1.0
5,35,6.425173948613203,1.9907320348049995,0.0,1.0,0.0,0.0,0.0,0.0
6,35,3.9625749806684794,11.04036664848949,0.0,0.0,1.0,0.0,0.0,1.0
7,35,7.58317788345617,11.888515138631208,0.0,1.0,0.0,0.0,0.0,1.0
8,35,11.363381086381322,6.043974462399779,1.0,1.0,0.0,1.0,0.0,0.0
9,35,9.272286875015176,7.151391418185095,1.0,1.0,0.0,0.0,1.0,1.0
10,35,8.131873166936035,1.959802538886851,1.0,1.0,1.0,0.0,0.0,0.0
11,35,6.595777233112993,11.21243632435618,1.0,0.0,0.0,1.0,0.0,1.0
12,35,7.739506818181401,0.2810445864073467,1.0,0.0,0.0,0.0,0.0,0.0
13,35,0.043455066069833,4.210461547937338,0.0,0.0,1.0,0.0,0.0,1.0
14,35,3.66783141746578,8.283447040841505,0.0,0.0,1.0,0.0,1.0,0.0
15,35,10.994219997319108,7.815636950495724,0.0,1.0,0.0,0.0,0.0,1.0
16,35,2.0784401112166813,4.701078225848777,1.0,1.0,0.0,0.0,0.0,0.0
17,35,0.1617267138772229,10.402012849467429,1.0,1.0,0.0,0.0,0.0,1.0
18,35,1.3764079878893218,6.986350255253975,1.0,0.0,0.0,1.0,0.0,1.0
19,35,6.258631330118244,4.958196146548547,0.0,0.0,0.0,0.0,1.0,1.0
20,35,0.0,8.928099466056748,0.0,0.0,1.0,0.0,1.0,0.0
21,35,0.0,6.509200804030291,0.0,0.0,1.0,0.0,0.0,0.0
22,35,5.983426430235975,4.254956773079794,1.0,0.0,0.0,0.0,0.0,1.0
23,35,5.21393872698722,10.74927661763163,0.0,0.0,0.0,1.0,0.0,1.0
24,35,5.3753943983422845,10.727516986387126,0.0,1.0,0.0,1.0,0.0,0.0
25,35,1.2952990491123002,8.736352269911233,1.0,0.0,1.0,0.0,0.0,0.0
26,35,9.934328247225046,0.2655088371213404,1.0,1.0,0.0,0.0,1.0,0.0
27,35,11.8119875473783,2.081758897370759,1.0,0.0,1.0,1.0,1.0,1.0
28,35,4.151672403043976,4.191062543262819,0.0,0.0,0.0,0.0,0.0,1.0
29,35,7.438667080443191,12.0,0.0,0.0,1.0,0.0,1.0,0.0
0,40,2.41788143717056,1.2534133200819448,0.0,0.0,0.0,0.0,1.0,0.0
1,40,5.815613967389608,11.473408897109149,1.0,1.0,1.0,0.0,1.0,1.0
2,40,5.8435156772556125,3.5452651395829418,0.0,0.0,0.0,1.0,1.0,0.0
3,40,5.9174296421544526,1.1641166986857625,1.0,0.0,1.0,1.0,0.0,0.0
4,40,3.354006094180481,1.5882171001638024,0.0,1.0,0.0,1.0,1.0,1.0
5,40,6.3311715824108745,1.9926671334190784,0.0,1.0,0.0,0.0,0.0,0.0
6,40,3.9409829823720273,11.041106969069284,0.0,0.0,1.0,0.0,0.0,1.0
7,40,7.649788952947669,11.878596076303662,0.0,1.0,0.0,0.0,0.0,1.0
8,40,11.375559688906757,6.046107944804821,1.0,1.0,0.0,1.0,0.0,0.0
9,40,9.306543908220728,7.170191369724513,1.0,1.0,0.0,0.0,1.0,1.0
10,40,8.156086789277563,1.9536213442958288,1.0,1.0,1.0,0.0,0.0,0.0
11,40,6.559220522040071,11.231019622456376,1.0,0.0,0.0,1.0,0.0,1.0
12,40,7.710625674579539,0.2040321382889882,1.0,0.0,0.0,0.0,0.0,0.0
13,40,0.0558116993205436,4.257852253847837,0.0,0.0,1.0,0.0,0.0,1.0
14,40,3.635771905098003,8.31064176334041,0.0,0.0,1.0,0.0,1.0,0.0
15,40,10.9940151255394,7.747771683335783,0.0,1.0,0.0,0.0,0.0,1.0
16,40,2.073720187001713,4.660969405469734,1.0,1.0,0.0,0.0,0.0,0.0
17,40,0.1865583361424704,10.465667244520276,1.0,1.0,0.0,0.0,0.0,1.0
18,40,1.3395629803558275,6.98649762041071,1.0,0.0,0.0,1.0,0.0,1.0
19,40,6.258619803451597,4.95807484798992,0.0,0.0,0.0,0.0,1.0,1.0
20,40,0.0,9.085460209736672,0.0,0.0,1.0,0.0,1.0,0.0
21,40,0.0,6.4504822841038285,0.0,0.0,1.0,0.0,0.0,0.0
22,40,5.983271104743915,4.2665679507089465,1.0,0.0,0.0,0.0,0.0,1.0
23,40,5.221416796271637,10.740685864491416,0.0,0.0,0.0,1.0,0.0,1.0
24,40,5.412559188173978,10.699957742001908,0.0,1.0,0.0,1.0,0.0,0.0
25,40,1.3175706340189874,8.717211201836657,1.0,0.0,1.0,0.0,0.0,0.0
26,40,9.932877649449864,0.270555864421806,1.0,1.0,0.0,0.0,1.0,0.0
27,40,11.805082805722218,2.084504368375236,1.0,0.0,1.0,1.0,1.0,1.0
28,40,4.15615952413414,4.197149569024663,0.0,0.0,0.0,0.0,0.0,1.0
29,40,7.484158151205856,12.0,0.0,0.0,1.0,0.0,1.0,0.0
0,45,2.343570938302421,1.2847407099919264,0.0,0.0,0.0,0.0,1.0,0.0
1,45,5.775872253339252,11.57792953046702,1.0,1.0,1.0,0.0,1.0,1.0
2,45,5.835820933009896,3.523505231508327,0.0,0.0,0.0,1.0,1.0,0.0
3,45,5.922437698355338,1.1546515546827392,1.0,0.0,1.0,1.0,0.0,0.0
4,45,3.263826460465304,1.528179871820012,0.0,1.0,0.0,1.0,1.0,1.0
5,45,6.242711696976796,1.9947552347394737,0.0,1.0,0.0,0.0,0.0,0.0
6,45,3.9028516355223433,11.042602846175637,0.0,0.0,1.0,0.0,0.0,1.0
7,45,7.703284583731754,11.870343543569511,0.0,1.0,0.0,0.0,0.0,1.0
8,45,11.381326620181833,6.047079041521572,1.0,1.0,0.0,1.0,0.0,0.0
9,45,9.341213703267844,7.188918978506584,1.0,1.0,0.0,0.0,1.0,1.0
10,45,8.18508790768949,1.946159887523652,1.0,1.0,1.0,0.0,0.0,0.0
11,45,6.525219951969605,11.247624865854116,1.0,0.0,0.0,1.0,0.0,1.0
12,45,7.68295694090706,0.1233957267243653,1.0,0.0,0.0,0.0,0.0,0.0
13,45,0.0691974576515703,4.317061117856292,0.0,0.0,1.0,0.0,0.0,1.0
14,45,3.618024758787459,8.326193354310568,0.0,0.0,1.0,0.0,1.0,0.0
15,45,10.993632392540642,7.689564344785382,0.0,1.0,0.0,0.0,0.0,1.0
16,45,2.07038707904205,4.633656295284699,1.0,1.0,0.0,0.0,0.0,0.0
17,45,0.2103842455173325,10.526687935695536,1.0,1.0,0.0,0.0,0.0,1.0
18,45,1.2937869762448433,6.985414763188817,1.0,0.0,0.0,1.0,0.0,1.0
19,45,6.257889531649638,4.951748403259127,0.0,0.0,0.0,0.0,1.0,1.0
20,45,0.0,9.239557059343008,0.0,0.0,1.0,0.0,1.0,0.0
21,45,0.0,6.3929329697273625,0.0,0.0,1.0,0.0,0.0,0.0
22,45,5.983121036061267,4.272746605071346,1.0,0.0,0.0,0.0,0.0,1.0
23,45,5.230052928654431,10.730879909954249,0.0,0.0,0.0,1.0,0.0,1.0
24,45,5.45041898891907,10.671738974648475,0.0,1.0,0.0,1.0,0.0,0.0
25,45,1.338553958145848,8.699462519783616,1.0,0.0,1.0,0.0,0.0,0.0
26,45,9.93861789144753,0.2515242325208452,1.0,1.0,0.0,0.0,1.0,0.0
27,45,11.797782157767836,2.0873130103079856,1.0,0.0,1.0,1.0,1.0,1.0
28,45,4.140312574521826,4.2092303246858105,0.0,0.0,0.0,0.0,0.0,1.0
29,45,7.487938871341638,11.968288245283048,0.0,0.0,1.0,0.0,1.0,0.0
0,50,2.2728105084484125,1.314798073230101,0.0,0.0,0.0,0.0,1.0,0.0
1,50,5.741868896021215,11.670922869829187,1.0,1.0,1.0,0.0,1.0,1.0
2,50,5.8305013914330175,3.508242378458505,0.0,0.0,0.0,1.0,1.0,0.0
3,50,5.932152003275289,1.1346359230941965,1.0,0.0,1.0,1.0,0.0,0.0
4,50,3.1898561792079727,1.480607326998482,0.0,1.0,0.0,1.0,1.0,1.0
5,50,6.157273036245725,1.996755643895737,0.0,1.0,0.0,0.0,0.0,0.0
6,50,3.888209672166784,11.043416130652638,0.0,0.0,1.0,0.0,0.0,1.0
7,50,7.757209899181611,11.861735752013148,0.0,1.0,0.0,0.0,0.0,1.0
8,50,11.386830258903696,6.048027747552872,1.0,1.0,0.0,1.0,0.0,0.0
9,50,9.383637632320468,7.211250409616095,1.0,1.0,0.0,0.0,1.0,1.0
10,50,8.21500360630808,1.93801153753566,1.0,1.0,1.0,0.0,0.0,0.0
11,50,6.468448137341372,11.27627467410452,1.0,0.0,0.0,1.0,0.0,1.0
12,50,7.6587717939244415,0.0544840378585412,1.0,0.0,0.0,0.0,0.0,0.0
13,50,0.0819133257307601,4.380360330787758,0.0,0.0,1.0,0.0,0.0,1.0
14,50,3.5856701120154506,8.353439626224732,0.0,0.0,1.0,0.0,1.0,0.0
15,50,10.994075035999598,7.618024473914746,0.0,1.0,0.0,0.0,0.0,1.0
16,50,2.0653766324534684,4.591749372917773,1.0,1.0,0.0,0.0,0.0,0.0
17,50,0.233718660476741,10.587091501516246,1.0,1.0,0.0,0.0,0.0,1.0
18,50,1.273516660871373,6.985209495830869,1.0,0.0,0.0,1.0,0.0,1.0
19,50,6.256763702611879,4.942829998341168,0.0,0.0,0.0,0.0,1.0,1.0
20,50,0.0,9.38269721622436,0.0,0.0,1.0,0.0,1.0,0.0
21,50,0.0,6.333208362301685,0.0,0.0,1.0,0.0,0.0,0.0
22,50,5.983629367069791,4.25956376661968,1.0,0.0,0.0,0.0,0.0,1.0
23,50,5.256363597575559,10.70098652579296,0.0,0.0,0.0,1.0,0.0,1.0
24,50,5.481026012459751,10.649505353744976,0.0,1.0,0.0,1.0,0.0,0.0
25,50,1.3460688725599603,8.693157514015255,1.0,0.0,1.0,0.0,0.0,0.0
26,50,9.942670732403055,0.2395521719904565,1.0,1.0,0.0,0.0,1.0,0.0
27,50,11.778919544335366,2.094538073728322,1.0,0.0,1.0,1.0,1.0,1.0
28,50,4.131259712369059,4.216393240838245,0.0,0.0,0.0,0.0,0.0,1.0
29,50,7.49105829016301,11.94548321804043,0.0,0.0,1.0,0.0,1.0,0.0
0,55,2.218114571231748,1.3390872035920591,0.0,0.0,0.0,0.0,1.0,0.0
1,55,5.70373682894798,11.773891809757664,1.0,1.0,1.0,0.0,1.0,1.0
2,55,5.829416988443309,3.505059639650771,0.0,0.0,0.0,1.0,1.0,0.0
3,55,5.932620689056356,1.1336900337831937,1.0,0.0,1.0,1.0,0.0,0.0
4,55,3.1277647308379275,1.438724823384034,0.0,1.0,0.0,1.0,1.0,1.0
5,55,6.079605306303157,1.9991865349085909,0.0,1.0,0.0,0.0,0.0,0.0
6,55,3.874406631755412,11.043833073883366,0.0,0.0,1.0,0.0,0.0,1.0
7,55,7.82478249735941,11.852407659978866,0.0,1.0,0.0,0.0,0.0,1.0
8,55,11.407370536266658,6.050916109579148,1.0,1.0,0.0,1.0,0.0,0.0
9,55,9.44370824991339,7.244381586815035,1.0,1.0,0.0,0.0,1.0,1.0
10,55,8.240056317690101,1.931357846250115,1.0,1.0,1.0,0.0,0.0,0.0
11,55,6.422320856075528,11.298925830377147,1.0,0.0,0.0,1.0,0.0,1.0
12,55,7.6430033965679165,0.0060302411289578,1.0,0.0,0.0,0.0,0.0,0.0
13,55,0.098709101300529,4.458652341547095,0.0,0.0,1.0,0.0,0.0,1.0
14,55,3.561333981701001,8.374706529001735,0.0,0.0,1.0,0.0,1.0,0.0
15,55,10.996640714137431,7.531592753916153,0.0,1.0,0.0,0.0,0.0,1.0
16,55,2.0584078767341323,4.542316212134965,1.0,1.0,0.0,0.0,0.0,0.0
17,55,0.2622872724867969,10.66440995735599,1.0,1.0,0.0,0.0,0.0,1.0
18,55,1.2582285264965611,6.985149204237924,1.0,0.0,0.0,1.0,0.0,1.0
19,55,6.254451023446504,4.919625048988396,0.0,0.0,0.0,0.0,1.0,1.0
20,55,0.0,9.511799210623233,0.0,0.0,1.0,0.0,1.0,0.0
21,55,0.0,6.2646315960714,0.0,0.0,1.0,0.0,0.0,0.0
22,55,5.983612653291623,4.259877941950483,1.0,0.0,0.0,0.0,0.0,1.0
23,55,5.285749061641549,10.666684264071794,0.0,0.0,0.0,1.0,0.0,1.0
24,55,5.520053865335169,10.62020060122178,0.0,1.0,0.0,1.0,0.0,0.0
25,55,1.3407265378447328,8.6976285095134,1.0,0.0,1.0,0.0,0.0,0.0
26,55,9.947843449266756,0.2236768292782708,1.0,1.0,0.0,0.0,1.0,0.0
27,55,11.770046798595976,2.0979804445863053,1.0,0.0,1.0,1.0,1.0,1.0
28,55,4.140539294992638,4.209154309009271,0.0,0.0,0.0,0.0,0.0,1.0
29,55,7.464041311751653,11.941682472224493,0.0,0.0,1.0,0.0,1.0,0.0
0,60,2.190866395841937,1.3508163540393263,0.0,0.0,0.0,0.0,1.0,0.0
1,60,5.662468029830268,11.886426025728651,1.0,1.0,1.0,0.0,1.0,1.0
2,60,5.828096508073208,3.5015194792196622,0.0,0.0,0.0,1.0,1.0,0.0
3,60,5.925295495862461,1.1486903335883882,1.0,0.0,1.0,1.0,0.0,0.0
4,60,3.0763983466669567,1.40435804339475,0.0,1.0,0.0,1.0,1.0,1.0
5,60,6.005537824182416,2.0007008182335606,0.0,1.0,0.0,0.0,0.0,0.0
6,60,3.8549565855843606,11.044556843516006,0.0,0.0,1.0,0.0,0.0,1.0
7,60,7.882476931644859,11.8439771300126,0.0,1.0,0.0,0.0,0.0,1.0
8,60,11.42106499003594,6.052792870253214,1.0,1.0,0.0,1.0,0.0,0.0
9,60,9.487578265203627,7.269546011428278,1.0,1.0,0.0,0.0,1.0,1.0
10,60,8.262179170188126,1.9261978757779492,1.0,1.0,1.0,0.0,0.0,0.0
11,60,6.357333314754546,11.32972739767928,1.0,0.0,0.0,1.0,0.0,1.0
12,60,7.630883542399975,0.0,1.0,0.0,0.0,0.0,0.0,0.0
13,60,0.1170546780903382,4.5479313177613205,0.0,0.0,1.0,0.0,0.0,1.0
14,60,3.534034414146836,8.398241978136083,0.0,0.0,1.0,0.0,1.0,0.0
15,60,10.998734188220078,7.466416911503024,0.0,1.0,0.0,0.0,0.0,1.0
16,60,2.0535280898609543,4.505198592216733,1.0,1.0,0.0,0.0,0.0,0.0
17,60,0.2951376542409902,10.75590464962141,1.0,1.0,0.0,0.0,0.0,1.0
18,60,1.2540704653356194,6.985096440487485,1.0,0.0,0.0,1.0,0.0,1.0
19,60,6.25178316460376,4.89372484347541,0.0,0.0,0.0,0.0,1.0,1.0
20,60,0.0,9.662154533942836,0.0,0.0,1.0,0.0,1.0,0.0
21,60,0.0,6.197273427116863,0.0,0.0,1.0,0.0,0.0,0.0
22,60,5.983639440613505,4.259496722931921,1.0,0.0,0.0,0.0,0.0,1.0
23,60,5.316932488157945,10.629173438146443,0.0,0.0,0.0,1.0,0.0,1.0
24,60,5.569386352588897,10.58501884974667,0.0,1.0,0.0,1.0,0.0,0.0
25,60,1.3330326978047693,8.704075299698482,1.0,0.0,1.0,0.0,0.0,0.0
26,60,9.947525411930393,0.2246976559304889,1.0,1.0,0.0,0.0,1.0,0.0
27,60,11.760129166970804,2.102006889848987,1.0,0.0,1.0,1.0,1.0,1.0
28,60,4.160021948541716,4.1941967278521926,0.0,0.0,0.0,0.0,0.0,1.0
29,60,7.433367773963734,11.937620513782804,0.0,0.0,1.0,0.0,1.0,0.0
0,65,2.174112820019145,1.3578358676981277,0.0,0.0,0.0,0.0,1.0,0.0
1,65,5.6207044565373705,11.99160335388014,1.0,1.0,1.0,0.0,1.0,1.0
2,65,5.823076901929749,3.487607834778393,0.0,0.0,0.0,1.0,1.0,0.0
3,65,5.9261055501452296,1.1469366499613245,1.0,0.0,1.0,1.0,0.0,0.0
4,65,3.033283851485367,1.3755380258092649,0.0,1.0,0.0,1.0,1.0,1.0
5,65,5.915334381190144,2.002853039510061,0.0,1.0,0.0,0.0,0.0,0.0
6,65,3.8601799769215024,11.04437178389659,0.0,0.0,1.0,0.0,0.0,1.0
7,65,7.955956718888323,11.835184169543504,0.0,1.0,0.0,0.0,0.0,1.0
8,65,11.44659897596387,6.055299420292549,1.0,1.0,0.0,1.0,0.0,0.0
9,65,9.529533147144416,7.292477879125462,1.0,1.0,0.0,0.0,1.0,1.0
10,65,8.273232633597237,1.9235751229185207,1.0,1.0,1.0,0.0,0.0,0.0
11,65,6.313039364383704,11.351295809850352,1.0,0.0,0.0,1.0,0.0,1.0
12,65,7.616534561400178,0.0,1.0,0.0,0.0,0.0,0.0,0.0
13,65,0.1360811863057673,4.648882361168542,0.0,0.0,1.0,0.0,0.0,1.0
14,65,3.502665285123084,8.425686259040717,0.0,0.0,1.0,0.0,1.0,0.0
15,65,11.050572216200337,7.468123512499504,0.0,1.0,0.0,0.0,0.0,1.0
16,65,2.050284047551851,4.463638026007932,1.0,1.0,0.0,0.0,0.0,0.0
17,65,0.3252793604786202,10.83937185024621,1.0,1.0,0.0,0.0,0.0,1.0
18,65,1.2201606724871048,6.98413299934052,1.0,0.0,0.0,1.0,0.0,1.0
19,65,6.245075322698174,4.837514806077734,0.0,0.0,0.0,0.0,1.0,1.0
20,65,0.0,9.811859569689297,0.0,0.0,1.0,0.0,1.0,0.0
21,65,0.0,6.117956430883309,0.0,0.0,1.0,0.0,0.0,0.0
22,65,5.983647590480071,4.2594250405027205,1.0,0.0,0.0,0.0,0.0,1.0
23,65,5.344525315668502,10.597898104586356,0.0,0.0,0.0,1.0,0.0,1.0
24,65,5.606318746913453,10.637346522263355,0.0,1.0,0.0,1.0,0.0,0.0
25,65,1.319705617344386,8.715296016887903,1.0,0.0,1.0,0.0,0.0,0.0
26,65,9.942854799282596,0.2410347523958261,1.0,1.0,0.0,0.0,1.0,0.0
27,65,11.739308567573858,2.1104772815551045,1.0,0.0,1.0,1.0,1.0,1.0
28,65,4.197463897106125,4.164525403393092,0.0,0.0,0.0,0.0,0.0,1.0
29,65,7.403235564522569,11.934150966832847,0.0,0.0,1.0,0.0,1.0,0.0
0,70,2.1788827932367334,1.3556919757742778,0.0,0.0,0.0,0.0,1.0,0.0
1,70,5.573372444167956,12.0,1.0,1.0,1.0,0.0,1.0,1.0
2,70,5.81561443646202,3.4680385409011447,0.0,0.0,0.0,1.0,1.0,0.0
3,70,5.927344434980744,1.1443061831945918,1.0,0.0,1.0,1.0,0.0,0.0
4,70,2.991798478077579,1.3487922291423824,0.0,1.0,0.0,1.0,1.0,1.0
5,70,5.803370881970559,2.007718481898125,0.0,1.0,0.0,0.0,0.0,0.0
6,70,3.856838466146931,11.044487405306208,0.0,0.0,1.0,0.0,0.0,1.0
7,70,8.02473445385538,11.827017791578877,0.0,1.0,0.0,0.0,0.0,1.0
8,70,11.45251123065347,6.055870427917548,1.0,1.0,0.0,1.0,0.0,0.0
9,70,9.558141086743197,7.308066704875532,1.0,1.0,0.0,0.0,1.0,1.0
10,70,8.282336883671377,1.9214006491453344,1.0,1.0,1.0,0.0,0.0,0.0
11,70,6.341237670666586,11.40842933775166,1.0,0.0,0.0,1.0,0.0,1.0
12,70,7.601978914749343,0.0,1.0,0.0,0.0,0.0,0.0,0.0
13,70,0.154228669571486,4.747435028298538,0.0,0.0,1.0,0.0,0.0,1.0
14,70,3.4723083795158622,8.452551549512615,0.0,0.0,1.0,0.0,1.0,0.0
15,70,11.101792281145023,7.469939354057576,0.0,1.0,0.0,0.0,0.0,1.0
16,70,2.048179453127511,4.437924969621664,1.0,1.0,0.0,0.0,0.0,0.0
17,70,0.3530924988450453,10.920496523409026,1.0,1.0,0.0,0.0,0.0,1.0
18,70,1.183197974086963,6.984090224743712,1.0,0.0,0.0,1.0,0.0,1.0
19,70,6.239351762738697,4.780501469119479,0.0,0.0,0.0,0.0,1.0,1.0
20,70,0.0,9.964140955586892,0.0,0.0,1.0,0.0,1.0,0.0
21,70,0.0,6.046642230750519,0.0,0.0,1.0,0.0,0.0,0.0
22,70,5.984645976338063,4.248027541530354,1.0,0.0,0.0,0.0,0.0,1.0
23,70,5.3650283075728895,10.573792304517909,0.0,0.0,0.0,1.0,0.0,1.0
24,70,5.636842035660403,10.677882588453544,0.0,1.0,0.0,1.0,0.0,0.0
25,70,1.3106195192019845,8.72288626577461,1.0,0.0,1.0,0.0,0.0,0.0
26,70,9.934927879913506,0.2682997586308548,1.0,1.0,0.0,0.0,1.0,0.0
27,70,11.716609342906128,2.119728745077308,1.0,0.0,1.0,1.0,1.0,1.0
28,70,4.230775624321967,4.136735653175792,0.0,0.0,0.0,0.0,0.0,1.0
29,70,7.3603425794539055,11.928833959611286,0.0,0.0,1.0,0.0,1.0,0.0
0,75,2.191362788597606,1.350099803714524,0.0,0.0,0.0,0.0,1.0,0.0
1,75,5.528784516963934,12.0,1.0,1.0,1.0,0.0,1.0,1.0
2,75,5.811890043447385,3.45816337546954,0.0,0.0,0.0,1.0,1.0,0.0
3,75,5.932587434545387,1.1336851726707695,1.0,0.0,1.0,1.0,0.0,0.0
4,75,2.955968392029581,1.324662220570464,0.0,1.0,0.0,1.0,1.0,1.0
5,75,5.689174164523007,2.0134452504816536,0.0,1.0,0.0,0.0,0.0,0.0
6,75,3.835823150933989,11.04558552966354,0.0,0.0,1.0,0.0,0.0,1.0
7,75,8.099772739701013,11.81973247679436,0.0,1.0,0.0,0.0,0.0,1.0
8,75,11.439082669171864,6.054554824194689,1.0,1.0,0.0,1.0,0.0,0.0
9,75,9.601063467977882,7.332032547865066,1.0,1.0,0.0,0.0,1.0,1.0
10,75,8.312373349437241,1.9142774471513448,1.0,1.0,1.0,0.0,0.0,0.0
11,75,6.365365556126288,11.460408782044736,1.0,0.0,0.0,1.0,0.0,1.0
12,75,7.576667738518256,0.0,1.0,0.0,0.0,0.0,0.0,0.0
13,75,0.1686611688954117,4.835813038110094,0.0,0.0,1.0,0.0,0.0,1.0
14,75,3.424178613873529,8.496700494376718,0.0,0.0,1.0,0.0,1.0,0.0
15,75,11.163207209440309,7.472049664002072,0.0,1.0,0.0,0.0,0.0,1.0
16,75,2.0463828661860117,4.416680977598018,1.0,1.0,0.0,0.0,0.0,0.0
17,75,0.3859804171500168,11.009174814394315,1.0,1.0,0.0,0.0,0.0,1.0
18,75,1.1330677645253913,6.984574457482615,1.0,0.0,0.0,1.0,0.0,1.0
19,75,6.23195226787103,4.708504748840903,0.0,0.0,0.0,0.0,1.0,1.0
20,75,0.0,10.124250346369497,0.0,0.0,1.0,0.0,1.0,0.0
21,75,0.0,5.978559080642188,0.0,0.0,1.0,0.0,0.0,0.0
22,75,5.984308194373258,4.253450605544294,1.0,0.0,0.0,0.0,0.0,1.0
23,75,5.387078766710262,10.548055031088497,0.0,0.0,0.0,1.0,0.0,1.0
24,75,5.6537725626491095,10.699940830644923,0.0,1.0,0.0,1.0,0.0,0.0
25,75,1.2956283148368462,8.734363566083392,1.0,0.0,1.0,0.0,0.0,0.0
26,75,9.93611977858858,0.26425316877874,1.0,1.0,0.0,0.0,1.0,0.0
27,75,11.699781513806958,2.1258687138718653,1.0,0.0,1.0,1.0,1.0,1.0
28,75,4.262960193595836,4.108676016039702,0.0,0.0,0.0,0.0,0.0,1.0
29,75,7.274443938719345,11.918121602446169,0.0,0.0,1.0,0.0,1.0,0.0
0,80,2.204745717372994,1.3443226604716414,0.0,0.0,0.0,0.0,1.0,0.0
1,80,5.485566195608662,12.0,1.0,1.0,1.0,0.0,1.0,1.0
2,80,5.810136216799835,3.4534068190555405,0.0,0.0,0.0,1.0,1.0,0.0
3,80,5.945257067901063,1.1076106008245918,1.0,0.0,1.0,1.0,0.0,0.0
4,80,2.915000346132292,1.296786012399493,0.0,1.0,0.0,1.0,1.0,1.0
5,80,5.5722055724528525,2.022263503647971,0.0,1.0,0.0,0.0,0.0,0.0
6,80,3.810600376924236,11.046678106085404,0.0,0.0,1.0,0.0,0.0,1.0
7,80,8.178470945296038,11.812430221776424,0.0,1.0,0.0,0.0,0.0,1.0
8,80,11.42317691775884,6.053238723083077,1.0,1.0,0.0,1.0,0.0,0.0
9,80,9.655277408868734,7.360519909356443,1.0,1.0,0.0,0.0,1.0,1.0
10,80,8.352893635158912,1.9033509588113449,1.0,1.0,1.0,0.0,0.0,0.0
11,80,6.384715991230706,11.505193469052031,1.0,0.0,0.0,1.0,0.0,1.0
12,80,7.554660783819965,0.0,1.0,0.0,0.0,0.0,0.0,0.0
13,80,0.1841809890374066,4.928590744898787,0.0,0.0,1.0,0.0,0.0,1.0
14,80,3.364375939399036,8.551280229139907,0.0,0.0,1.0,0.0,1.0,0.0
15,80,11.216984410877489,7.472341314873621,0.0,1.0,0.0,0.0,0.0,1.0
16,80,2.044962503019541,4.391346481257242,1.0,1.0,0.0,0.0,0.0,0.0
17,80,0.4176626741560386,11.095056808419006,1.0,1.0,0.0,0.0,0.0,1.0
18,80,1.0698536465574118,6.984139331716048,1.0,0.0,0.0,1.0,0.0,1.0
19,80,6.223796306652335,4.641472346132964,0.0,0.0,0.0,0.0,1.0,1.0
20,80,0.0,10.270420241067548,0.0,0.0,1.0,0.0,1.0,0.0
21,80,0.0,5.899445469141298,0.0,0.0,1.0,0.0,0.0,0.0
22,80,5.98283261844658,4.2777801643844215,1.0,0.0,0.0,0.0,0.0,1.0
23,80,5.407036651172115,10.522850065361292,0.0,0.0,0.0,1.0,0.0,1.0
24,80,5.689637525566339,10.74771533924072,0.0,1.0,0.0,1.0,0.0,0.0
25,80,1.2704501356919744,8.753835100719936,1.0,0.0,1.0,0.0,0.0,0.0
26,80,9.94069532823621,0.247417863043215,1.0,1.0,0.0,0.0,1.0,0.0
27,80,11.691698376301844,2.1288885364111687,1.0,0.0,1.0,1.0,1.0,1.0
28,80,4.2833305730218445,4.090851449733139,0.0,0.0,0.0,0.0,0.0,1.0
29,80,7.219354620738856,11.912447316580078,0.0,0.0,1.0,0.0,1.0,0.0
0,85,2.207534654587211,1.3430417482030732,0.0,0.0,0.0,0.0,1.0,0.0
1,85,5.434522652412663,12.0,1.0,1.0,1.0,0.0,1.0,1.0
2,85,5.799895717834323,3.4255336186798444,0.0,0.0,0.0,1.0,1.0,0.0
3,85,5.936852985573556,1.1241682108187496,1.0,0.0,1.0,1.0,0.0,0.0
4,85,2.8792070899409863,1.2726123012104398,0.0,1.0,0.0,1.0,1.0,1.0
5,85,5.464552015658191,2.026364821322791,0.0,1.0,0.0,0.0,0.0,0.0
6,85,3.778119985412463,11.047875092821023,0.0,0.0,1.0,0.0,0.0,1.0
7,85,8.240821469173355,11.807356383454394,0.0,1.0,0.0,0.0,0.0,1.0
8,85,11.414840698340209,6.052300703553699,1.0,1.0,0.0,1.0,0.0,0.0
9,85,9.73295583630013,7.401152626818963,1.0,1.0,0.0,0.0,1.0,1.0
10,85,8.395867170650188,1.8918647498808716,1.0,1.0,1.0,0.0,0.0,0.0
11,85,6.406098142870197,11.556777132092208,1.0,0.0,0.0,1.0,0.0,1.0
12,85,7.524143028799571,0.0,1.0,0.0,0.0,0.0,0.0,0.0
13,85,0.2019769822992825,5.029738976641035,0.0,0.0,1.0,0.0,0.0,1.0
14,85,3.303184508229403,8.607361300649433,0.0,0.0,1.0,0.0,1.0,0.0
15,85,11.286950072137886,7.472933458255389,0.0,1.0,0.0,0.0,0.0,1.0
16,85,2.043823170164375,4.3702355086059566,1.0,1.0,0.0,0.0,0.0,0.0
17,85,0.4509914407409177,11.184242399217268,1.0,1.0,0.0,0.0,0.0,1.0
18,85,1.0100528088996314,6.985152232430407,1.0,0.0,0.0,1.0,0.0,1.0
19,85,6.215486588363197,4.564152320789186,0.0,0.0,0.0,0.0,1.0,1.0
20,85,0.0,10.440799113431032,0.0,0.0,1.0,0.0,1.0,0.0
21,85,0.0,5.81676094083029,0.0,0.0,1.0,0.0,0.0,0.0
22,85,5.982091153210407,4.287902808245719,1.0,0.0,0.0,0.0,0.0,1.0
23,85,5.422900277664873,10.50408607309508,0.0,0.0,0.0,1.0,0.0,1.0
24,85,5.728125428498203,10.801079248416167,0.0,1.0,0.0,1.0,0.0,0.0
25,85,1.2348562883236072,8.781231360226819,1.0,0.0,1.0,0.0,0.0,0.0
26,85,9.942004560776764,0.2426293329099328,1.0,1.0,0.0,0.0,1.0,0.0
27,85,11.6685525581682,2.137363248590309,1.0,0.0,1.0,1.0,1.0,1.0
28,85,4.308821738583817,4.068722913459605,0.0,0.0,0.0,0.0,0.0,1.0
29,85,7.160128678240204,11.905680916959652,0.0,0.0,1.0,0.0,1.0,0.0
0,90,2.2067490702729304,1.3433836057302508,0.0,0.0,0.0,0.0,1.0,0.0
1,90,5.374941704284984,12.0,1.0,1.0,1.0,0.0,1.0,1.0
2,90,5.783566355196366,3.381488073403151,0.0,0.0,0.0,1.0,1.0,0.0
3,90,5.9192496429152754,1.1576448734024678,1.0,0.0,1.0,1.0,0.0,0.0
4,90,2.841174242022928,1.2479107904894844,0.0,1.0,0.0,1.0,1.0,1.0
5,90,5.35080072859414,2.032756225101856,0.0,1.0,0.0,0.0,0.0,0.0
6,90,3.755689933602511,11.049017545830068,0.0,0.0,1.0,0.0,0.0,1.0
7,90,8.310099168675015,11.79818514441031,0.0,1.0,0.0,0.0,0.0,1.0
8,90,11.390948055675423,6.049434551251949,1.0,1.0,0.0,1.0,0.0,0.0
9,90,9.81473587505648,7.442148545627026,1.0,1.0,0.0,0.0,1.0,1.0
10,90,8.448269607396321,1.8785409499483288,1.0,1.0,1.0,0.0,0.0,0.0
11,90,6.426547511234023,11.60711044194177,1.0,0.0,0.0,1.0,0.0,1.0
12,90,7.488219248968757,0.0,1.0,0.0,0.0,0.0,0.0,0.0
13,90,0.2199564777196447,5.146383770606503,0.0,0.0,1.0,0.0,0.0,1.0
14,90,3.249856326220847,8.658012625828167,0.0,0.0,1.0,0.0,1.0,0.0
15,90,11.358934986193942,7.472256594387171,0.0,1.0,0.0,0.0,0.0,1.0
16,90,2.043108866644872,4.360226130662464,1.0,1.0,0.0,0.0,0.0,0.0
17,90,0.4743743482043803,11.251354745424145,1.0,1.0,0.0,0.0,0.0,1.0
18,90,0.9445485122562431,6.985259033078723,1.0,0.0,0.0,1.0,0.0,1.0
19,90,6.208300316048324,4.4885223297434,0.0,0.0,0.0,0.0,1.0,1.0
20,90,0.0,10.620182800408308,0.0,0.0,1.0,0.0,1.0,0.0
21,90,0.0,5.7270525292098,0.0,0.0,1.0,0.0,0.0,0.0
22,90,5.979761401479907,4.311437396544961,1.0,0.0,0.0,0.0,0.0,1.0
23,90,5.434928552652788,10.489569008670165,0.0,0.0,0.0,1.0,0.0,1.0
24,90,5.751835450362183,10.835182817856628,0.0,1.0,0.0,1.0,0.0,0.0
25,90,1.1974585071643582,8.810282441269504,1.0,0.0,1.0,0.0,0.0,0.0
26,90,9.936443943433392,0.2620695943429731,1.0,1.0,0.0,0.0,1.0,0.0
27,90,11.637597414642888,2.148907410818621,1.0,0.0,1.0,1.0,1.0,1.0
28,90,4.335791758423655,4.045452851053322,0.0,0.0,0.0,0.0,0.0,1.0
29,90,7.107863121315696,11.898909234947212,0.0,0.0,1.0,0.0,1.0,0.0
0,95,2.224159306432659,1.3352470676422696,0.0,0.0,0.0,0.0,1.0,0.0
1,95,5.33169943287722,12.0,1.0,1.0,1.0,0.0,1.0,1.0
2,95,5.764489642432417,3.327411218917105,0.0,0.0,0.0,1.0,1.0,0.0
3,95,5.904202484008042,1.1852345347276618,1.0,0.0,1.0,1.0,0.0,0.0
4,95,2.813710768632035,1.2300383548620577,0.0,1.0,0.0,1.0,1.0,1.0
5,95,5.224193985826775,2.040013729275313,0.0,1.0,0.0,0.0,0.0,0.0
6,95,3.739107740408084,11.0497737510326,0.0,0.0,1.0,0.0,0.0,1.0
7,95,8.374890961225555,11.79008753984715,0.0,1.0,0.0,0.0,0.0,1.0
8,95,11.33929599689003,6.042440085868838,1.0,1.0,0.0,1.0,0.0,0.0
9,95,9.912998849001749,7.490577223837739,1.0,1.0,0.0,0.0,1.0,1.0
10,95,8.494276436378907,1.8677955509036888,1.0,1.0,1.0,0.0,0.0,0.0
11,95,6.435084234907551,11.630071180068953,1.0,0.0,0.0,1.0,0.0,1.0
12,95,7.453494915949692,0.0,1.0,0.0,0.0,0.0,0.0,0.0
13,95,0.2405772739282865,5.267433403464437,0.0,0.0,1.0,0.0,0.0,1.0
14,95,3.2020225410468752,8.702681543222548,0.0,0.0,1.0,0.0,1.0,0.0
15,95,11.443346726288423,7.470019907142357,0.0,1.0,0.0,0.0,0.0,1.0
16,95,2.044120374896126,4.371515535259406,1.0,1.0,0.0,0.0,0.0,0.0
17,95,0.4911763885315808,11.300674759489834,1.0,1.0,0.0,0.0,0.0,1.0
18,95,0.8943839397660083,6.986334526015436,1.0,0.0,0.0,1.0,0.0,1.0
19,95,6.198983817419028,4.390021751692022,0.0,0.0,0.0,0.0,1.0,1.0
20,95,0.0,10.8247993329051,0.0,0.0,1.0,0.0,1.0,0.0
21,95,0.0,5.636413753178944,0.0,0.0,1.0,0.0,0.0,0.0
22,95,5.979001486569859,4.319899467935345,1.0,0.0,0.0,0.0,0.0,1.0
23,95,5.449537823426555,10.470059916240606,0.0,0.0,0.0,1.0,0.0,1.0
24,95,5.773141682600119,10.866486735449469,0.0,1.0,0.0,1.0,0.0,0.0
25,95,1.1485544925474278,8.84888880304772,1.0,0.0,1.0,0.0,0.0,0.0
26,95,9.93124311062801,0.2786634041115892,1.0,1.0,0.0,0.0,1.0,0.0
27,95,11.589852338508118,2.1648794520456507,1.0,0.0,1.0,1.0,1.0,1.0
28,95,4.365563892521859,4.019786510442015,0.0,0.0,0.0,0.0,0.0,1.0
29,95,7.045100750758671,11.888409428500212,0.0,0.0,1.0,0.0,1.0,0.0
0,100,2.24869253618279,1.323601218798547,0.0,0.0,0.0,0.0,1.0,0.0
1,100,5.288426310548005,12.0,1.0,1.0,1.0,0.0,1.0,1.0
2,100,5.747332331885519,3.2793656505662283,0.0,0.0,0.0,1.0,1.0,0.0
3,100,5.883383783428537,1.222434409384903,1.0,0.0,1.0,1.0,0.0,0.0
4,100,2.772071209683813,1.2038502729705844,0.0,1.0,0.0,1.0,1.0,1.0
5,100,5.089015201582455,2.0479761342115137,0.0,1.0,0.0,0.0,0.0,0.0
6,100,3.700395859854945,11.050981513084029,0.0,0.0,1.0,0.0,0.0,1.0
7,100,8.434599957984924,11.782335140151789,0.0,1.0,0.0,0.0,0.0,1.0
8,100,11.306429379376697,6.037481340650942,1.0,1.0,0.0,1.0,0.0,0.0
9,100,10.00810126971214,7.534011073436193,1.0,1.0,0.0,0.0,1.0,1.0
10,100,8.531600849039307,1.8595713351574217,1.0,1.0,1.0,0.0,0.0,0.0
11,100,6.437538195854967,11.636634713838433,1.0,0.0,0.0,1.0,0.0,1.0
12,100,7.418397322105772,0.0,1.0,0.0,0.0,0.0,0.0,0.0
13,100,0.2670856442694894,5.4139853354237,0.0,0.0,1.0,0.0,0.0,1.0
14,100,3.158092469853186,8.746973782743492,0.0,0.0,1.0,0.0,1.0,0.0
15,100,11.551042884355072,7.469027000966666,0.0,1.0,0.0,0.0,0.0,1.0
16,100,2.044311399444344,4.37347770832399,1.0,1.0,0.0,0.0,0.0,0.0
17,100,0.5070967813486875,11.34442872685382,1.0,1.0,0.0,0.0,0.0,1.0
18,100,0.854950206446118,6.987797420016896,1.0,0.0,0.0,1.0,0.0,1.0
19,100,6.187504309816875,4.279355210811689,0.0,0.0,0.0,0.0,1.0,1.0
20,100,0.0,11.035955626106457,0.0,0.0,1.0,0.0,1.0,0.0
21,100,0.0,5.548375966342212,0.0,0.0,1.0,0.0,0.0,0.0
22,100,5.979704987102975,4.3133607250801465,1.0,0.0,0.0,0.0,0.0,1.0
23,100,5.468235380686693,10.4452347034097,0.0,0.0,0.0,1.0,0.0,1.0
24,100,5.792260260843874,10.893057739043364,0.0,1.0,0.0,1.0,0.0,0.0
25,100,1.0852368776666073,8.898927161131525,1.0,0.0,1.0,0.0,0.0,0.0
26,100,9.932064363245876,0.2760591395560785,1.0,1.0,0.0,0.0,1.0,0.0
27,100,11.566355555073107,2.1729749686047595,1.0,0.0,1.0,1.0,1.0,1.0
28,100,4.37999585801567,4.007872994753524,0.0,0.0,0.0,0.0,0.0,1.0
29,100,6.98932877001585,11.878507893003556,0.0,0.0,1.0,0.0,1.0,0.0
0,105,2.271496004343076,1.3129668227067686,0.0,0.0,0.0,0.0,1.0,0.0
1,105,5.246247442086702,12.0,1.0,1.0,1.0,0.0,1.0,1.0
2,105,5.730810464408535,3.2341937925515643,0.0,0.0,0.0,1.0,1.0,0.0
3,105,5.86353695340826,1.2586552744582753,1.0,0.0,1.0,1.0,0.0,0.0
4,105,2.746262176266906,1.1869558574312409,0.0,1.0,0.0,1.0,1.0,1.0
5,105,4.957647364290269,2.0581603908000865,0.0,1.0,0.0,0.0,0.0,0.0
6,105,3.671292846990472,11.051913809508443,0.0,0.0,1.0,0.0,0.0,1.0
7,105,8.518676406058143,11.767551642957136,0.0,1.0,0.0,0.0,0.0,1.0
8,105,11.28755417637194,6.034892686443034,1.0,1.0,0.0,1.0,0.0,0.0
9,105,10.115823146160547,7.584403324910352,1.0,1.0,0.0,0.0,1.0,1.0
10,105,8.570554406805055,1.8501147257598705,1.0,1.0,1.0,0.0,0.0,0.0
11,105,6.448738794991222,11.66531219641482,1.0,0.0,0.0,1.0,0.0,1.0
12,105,7.389444933651606,0.0,1.0,0.0,0.0,0.0,0.0,0.0
13,105,0.2932421907094663,5.549779529668712,0.0,0.0,1.0,0.0,0.0,1.0
14,105,3.1093863171888407,8.793842557158127,0.0,0.0,1.0,0.0,1.0,0.0
15,105,11.67053929207284,7.470345073001846,0.0,1.0,0.0,0.0,0.0,1.0
16,105,2.0428077798785416,4.3520805106883484,1.0,1.0,0.0,0.0,0.0,0.0
17,105,0.5168592672316585,11.373742369975457,1.0,1.0,0.0,0.0,0.0,1.0
18,105,0.842840541823454,6.988232416490131,1.0,0.0,0.0,1.0,0.0,1.0
19,105,6.174523722583708,4.15400766648023,0.0,0.0,0.0,0.0,1.0,1.0
20,105,0.0,11.246022415426069,0.0,0.0,1.0,0.0,1.0,0.0
21,105,0.0,5.461328021315948,0.0,0.0,1.0,0.0,0.0,0.0
22,105,5.982132049022318,4.2922865428902135,1.0,0.0,0.0,0.0,0.0,1.0
23,105,5.4800203170210064,10.428975969906285,0.0,0.0,0.0,1.0,0.0,1.0
24,105,5.798894467937939,10.902798175078765,0.0,1.0,0.0,1.0,0.0,0.0
25,105,1.0192805481546547,8.951043123637639,1.0,0.0,1.0,0.0,0.0,0.0
26,105,9.933828451840514,0.2703959562587876,1.0,1.0,0.0,0.0,1.0,0.0
27,105,11.532247326815456,2.18387026324189,1.0,0.0,1.0,1.0,1.0,1.0
28,105,4.40033777215314,3.991628186420464,0.0,0.0,0.0,0.0,0.0,1.0
29,105,6.939102739997463,11.869908579446257,0.0,0.0,1.0,0.0,1.0,0.0
0,110,2.2877463926235406,1.305258390443886,0.0,0.0,0.0,0.0,1.0,0.0
1,110,5.204173023683748,12.0,1.0,1.0,1.0,0.0,1.0,1.0
2,110,5.71076120509091,3.179334402004049,0.0,0.0,0.0,1.0,1.0,0.0
3,110,5.8470964390806985,1.2896226820202483,1.0,0.0,1.0,1.0,0.0,0.0
4,110,2.74237599602708,1.1842572613717246,0.0,1.0,0.0,1.0,1.0,1.0
5,110,4.841203813130287,2.0702409953580383,0.0,1.0,0.0,0.0,0.0,0.0
6,110,3.657535071366364,11.052031727633684,0.0,0.0,1.0,0.0,0.0,1.0
7,110,8.62586822092342,11.745374712611518,0.0,1.0,0.0,0.0,0.0,1.0
8,110,11.300208665688526,6.036571108043892,1.0,1.0,0.0,1.0,0.0,0.0
9,110,10.226740995615446,7.635603336351131,1.0,1.0,0.0,0.0,1.0,1.0
10,110,8.62095914648315,1.83665383202608,1.0,1.0,1.0,0.0,0.0,0.0
11,110,6.459404790247108,11.690670129373911,1.0,0.0,0.0,1.0,0.0,1.0
12,110,7.363312136739728,0.0,1.0,0.0,0.0,0.0,0.0,0.0
13,110,0.318674293253012,5.674600921900501,0.0,0.0,1.0,0.0,0.0,1.0
14,110,3.052735304241566,8.846806594132609,0.0,0.0,1.0,0.0,1.0,0.0
15,110,11.802256891262026,7.469940002647919,0.0,1.0,0.0,0.0,0.0,1.0
16,110,2.041741419115838,4.334947412312263,1.0,1.0,0.0,0.0,0.0,0.0
17,110,0.5287447605466389,11.40921096678634,1.0,1.0,0.0,0.0,0.0,1.0
18,110,0.8212433009638652,6.98843599172471,1.0,0.0,0.0,1.0,0.0,1.0
19,110,6.164617717705181,4.058626363504811,0.0,0.0,0.0,0.0,1.0,1.0
20,110,0.0,11.432478701927472,0.0,0.0,1.0,0.0,1.0,0.0
21,110,0.0,5.359814602630343,0.0,0.0,1.0,0.0,0.0,0.0
22,110,5.983749819353451,4.277896104405262,1.0,0.0,0.0,0.0,0.0,1.0
23,110,5.486059839964907,10.42043766955835,0.0,0.0,0.0,1.0,0.0,1.0
24,110,5.811535061308853,10.92078055560343,0.0,1.0,0.0,1.0,0.0,0.0
25,110,0.9748635710521428,8.893088388771774,1.0,0.0,1.0,0.0,0.0,0.0
26,110,9.935530772472662,0.2645416065097273,1.0,1.0,0.0,0.0,1.0,0.0
27,110,11.489064473277091,2.196930467029635,1.0,0.0,1.0,1.0,1.0,1.0
28,110,4.3948032382423765,3.9961750718443656,0.0,0.0,0.0,0.0,0.0,1.0
29,110,6.879612752124095,11.859708080374586,0.0,0.0,1.0,0.0,1.0,0.0
0,115,2.276384429822056,1.2806147235465344,0.0,0.0,0.0,0.0,1.0,0.0
1,115,5.15514537843713,12.0,1.0,1.0,1.0,0.0,1.0,1.0
2,115,5.696455577801971,3.1369869859257924,0.0,0.0,0.0,1.0,1.0,0.0
3,115,5.820664212355098,1.3408856170090573,1.0,0.0,1.0,1.0,0.0,0.0
4,115,2.7481097737418088,1.18833287409328,0.0,1.0,0.0,1.0,1.0,1.0
5,115,4.745292904962487,2.079884287622924,0.0,1.0,0.0,0.0,0.0,0.0
6,115,3.644444779159913,11.05195244753342,0.0,0.0,1.0,0.0,0.0,1.0
7,115,8.736597475046516,11.720839933560136,0.0,1.0,0.0,0.0,0.0,1.0
8,115,11.320036191201414,6.039204058614527,1.0,1.0,0.0,1.0,0.0,0.0
9,115,10.351097005809368,7.689199586752612,1.0,1.0,0.0,0.0,1.0,1.0
10,115,8.661663928009041,1.827340354072612,1.0,1.0,1.0,0.0,0.0,0.0
11,115,6.4673633395305,11.709624684590088,1.0,0.0,0.0,1.0,0.0,1.0
12,115,7.342392633487802,0.0,1.0,0.0,0.0,0.0,0.0,0.0
13,115,0.3400303491619763,5.782636111200971,0.0,0.0,1.0,0.0,0.0,1.0
14,115,3.0025226948253443,8.89473656557444,0.0,0.0,1.0,0.0,1.0,0.0
15,115,11.920504812604689,7.470311728008018,0.0,1.0,0.0,0.0,0.0,1.0
16,115,2.0410485903919597,4.323950629145815,1.0,1.0,0.0,0.0,0.0,0.0
17,115,0.5451975388739373,11.463316348398797,1.0,1.0,0.0,0.0,0.0,1.0
18,115,0.7888285120006843,6.988263940251746,1.0,0.0,0.0,1.0,0.0,1.0
19,115,6.152999428812056,3.9642777658613744,0.0,0.0,0.0,0.0,1.0,1.0
20,115,0.0,11.620491375797462,0.0,0.0,1.0,0.0,1.0,0.0
21,115,0.0,5.266464156234461,0.0,0.0,1.0,0.0,0.0,0.0
22,115,5.984948618341665,4.266878165989004,1.0,0.0,0.0,0.0,0.0,1.0
23,115,5.480899091726901,10.42754028798976,0.0,0.0,0.0,1.0,0.0,1.0
24,115,5.826146632050395,10.93983001798175,0.0,1.0,0.0,1.0,0.0,0.0
25,115,0.9394578723574988,8.845388507876697,1.0,0.0,1.0,0.0,0.0,0.0
26,115,9.936357337261397,0.2616810477696749,1.0,1.0,0.0,0.0,1.0,0.0
27,115,11.451093631691984,2.2089762779740107,1.0,0.0,1.0,1.0,1.0,1.0
28,115,4.366779999247369,4.017994119557731,0.0,0.0,0.0,0.0,0.0,1.0
29,115,6.823468082217968,11.850679560081408,0.0,0.0,1.0,0.0,1.0,0.0
0,120,2.266714021443947,1.2586235583486256,0.0,0.0,0.0,0.0,1.0,0.0
1,120,5.110714311725215,12.0,1.0,1.0,1.0,0.0,1.0,1.0
2,120,5.686790262759722,3.106732541027226,0.0,0.0,0.0,1.0,1.0,0.0
3,120,5.802366586973624,1.3766665604701094,1.0,0.0,1.0,1.0,0.0,0.0
4,120,2.741112716122774,1.1983600626957658,0.0,1.0,0.0,1.0,1.0,1.0
5,120,4.633488512014202,2.0919209479186454,0.0,1.0,0.0,0.0,0.0,0.0
6,120,3.63900155136458,11.051740405088422,0.0,0.0,1.0,0.0,0.0,1.0
7,120,8.843732863011756,11.69534542314276,0.0,1.0,0.0,0.0,0.0,1.0
8,120,11.328995341301612,6.040316152265454,1.0,1.0,0.0,1.0,0.0,0.0
9,120,10.473636502568706,7.7491874808098204,1.0,1.0,0.0,0.0,1.0,1.0
10,120,8.708847506927038,1.8172141871401215,1.0,1.0,1.0,0.0,0.0,0.0
11,120,6.476061864374348,11.731100323380158,1.0,0.0,0.0,1.0,0.0,1.0
12,120,7.324642856457059,0.0,1.0,0.0,0.0,0.0,0.0,0.0
13,120,0.363926188292381,5.91408353639565,0.0,0.0,1.0,0.0,0.0,1.0
14,120,2.9355894836058525,8.957589081819773,0.0,0.0,1.0,0.0,1.0,0.0
15,120,12.0,7.474748288279577,0.0,1.0,0.0,0.0,0.0,1.0
16,120,2.0405233175233994,4.3176409474754776,1.0,1.0,0.0,0.0,0.0,0.0
17,120,0.5578330045486289,11.505051813103783,1.0,1.0,0.0,0.0,0.0,1.0
18,120,0.7809540329560014,6.988247443620958,1.0,0.0,0.0,1.0,0.0,1.0
19,120,6.142428133651144,3.865507688677048,0.0,0.0,0.0,0.0,1.0,1.0
20,120,0.0,11.805079946696743,0.0,0.0,1.0,0.0,1.0,0.0
21,120,0.0,5.192927829682854,0.0,0.0,1.0,0.0,0.0,0.0
22,120,5.982878994905097,4.2850561347327005,1.0,0.0,0.0,0.0,0.0,1.0
23,120,5.471938894966666,10.439320327612297,0.0,0.0,0.0,1.0,0.0,1.0
24,120,5.8496814537945685,10.969869182132546,0.0,1.0,0.0,1.0,0.0,0.0
25,120,0.901379136945332,8.796497097846384,1.0,0.0,1.0,0.0,0.0,0.0
26,120,9.941027166169736,0.2420870891721602,1.0,1.0,0.0,0.0,1.0,0.0
27,120,11.419579297762825,2.2182686384307937,1.0,0.0,1.0,1.0,1.0,1.0
28,120,4.343210175439805,4.037432914844038,0.0,0.0,0.0,0.0,0.0,1.0
29,120,6.785720953006732,11.844689894367194,0.0,0.0,1.0,0.0,1.0,0.0
0,125,2.260975687248129,1.244614809988217,0.0,0.0,0.0,0.0,1.0,0.0
1,125,5.063886604249548,12.0,1.0,1.0,1.0,0.0,1.0,1.0
2,125,5.674517122459716,3.0667752215389763,0.0,0.0,0.0,1.0,1.0,0.0
3,125,5.796486916423416,1.3882100518936078,1.0,0.0,1.0,1.0,0.0,0.0
4,125,2.7365035704601306,1.2047574980427114,0.0,1.0,0.0,1.0,1.0,1.0
5,125,4.52010428368096,2.1054059540312284,0.0,1.0,0.0,0.0,0.0,0.0
6,125,3.648968568085656,11.052422403741105,0.0,0.0,1.0,0.0,0.0,1.0
7,125,8.942136116747266,11.670548477073991,0.0,1.0,0.0,0.0,0.0,1.0
8,125,11.343197729438394,6.041992530732945,1.0,1.0,0.0,1.0,0.0,0.0
9,125,10.587273522378425,7.807083737328709,1.0,1.0,0.0,0.0,1.0,1.0
10,125,8.75885797410771,1.8065188039558255,1.0,1.0,1.0,0.0,0.0,0.0
11,125,6.4848319739914775,11.75048058950776,1.0,0.0,0.0,1.0,0.0,1.0
12,125,7.311413199496796,0.0,1.0,0.0,0.0,0.0,0.0,0.0
13,125,0.3840463929593559,6.029842007344968,0.0,0.0,1.0,0.0,0.0,1.0
14,125,2.8789321312696337,9.01255792995139,0.0,0.0,1.0,0.0,1.0,0.0
15,125,12.0,7.478970431980101,0.0,1.0,0.0,0.0,0.0,1.0
16,125,2.0401724837558954,4.314251229781457,1.0,1.0,0.0,0.0,0.0,0.0
17,125,0.5643060187301251,11.525195594272793,1.0,1.0,0.0,0.0,0.0,1.0
18,125,0.7670049149832074,6.987953287097359,1.0,0.0,0.0,1.0,0.0,1.0
19,125,6.134990478912334,3.766646053205691,0.0,0.0,0.0,0.0,1.0,1.0
20,125,0.0,11.981144267485115,0.0,0.0,1.0,0.0,1.0,0.0
21,125,0.0,5.105039622645037,0.0,0.0,1.0,0.0,0.0,0.0
22,125,5.978434230690564,4.315257134272059,1.0,0.0,0.0,0.0,0.0,1.0
23,125,5.4483641807066565,10.4702065298044,0.0,0.0,0.0,1.0,0.0,1.0
24,125,5.8774120228864986,11.005882301949413,0.0,1.0,0.0,1.0,0.0,0.0
25,125,0.8683930715447155,8.753836605924173,1.0,0.0,1.0,0.0,0.0,0.0
26,125,9.946907602129633,0.2178823744317941,1.0,1.0,0.0,0.0,1.0,0.0
27,125,11.379918026089452,2.2304542743809708,1.0,0.0,1.0,1.0,1.0,1.0
28,125,4.3000381326939,4.071724804873845,0.0,0.0,0.0,0.0,0.0,1.0
29,125,6.734454034053687,11.837058084678244,0.0,0.0,1.0,0.0,1.0,0.0
0,130,2.251443820866025,1.2218535460996989,0.0,0.0,0.0,0.0,1.0,0.0
1,130,5.024393436418532,12.0,1.0,1.0,1.0,0.0,1.0,1.0
2,130,5.665305577566206,3.034743313263512,0.0,0.0,0.0,1.0,1.0,0.0
3,130,5.79240732052057,1.3963660166506993,1.0,0.0,1.0,1.0,0.0,0.0
4,130,2.746137592246979,1.2119188036715345,0.0,1.0,0.0,1.0,1.0,1.0
5,130,4.410645029486575,2.118731328155493,0.0,1.0,0.0,0.0,0.0,0.0
6,130,3.6515674605669775,11.052556736713038,0.0,0.0,1.0,0.0,0.0,1.0
7,130,9.02152321931628,11.650667131784646,0.0,1.0,0.0,0.0,0.0,1.0
8,130,11.35443293145993,6.043224412837288,1.0,1.0,0.0,1.0,0.0,0.0
9,130,10.707506191125043,7.870383108734071,1.0,1.0,0.0,0.0,1.0,1.0
10,130,8.799349483629722,1.797345923287451,1.0,1.0,1.0,0.0,0.0,0.0
11,130,6.503487161611136,11.791683092688038,1.0,0.0,0.0,1.0,0.0,1.0
12,130,7.30011153633825,0.0,1.0,0.0,0.0,0.0,0.0,0.0
13,130,0.4077487478531242,6.149234881402126,0.0,0.0,1.0,0.0,0.0,1.0
14,130,2.812340791252032,9.079417792651537,0.0,0.0,1.0,0.0,1.0,0.0
15,130,12.0,7.483536108588116,0.0,1.0,0.0,0.0,0.0,1.0
16,130,2.039592563176411,4.308168279426875,1.0,1.0,0.0,0.0,0.0,0.0
17,130,0.5755207306407073,11.558764654716589,1.0,1.0,0.0,0.0,0.0,1.0
18,130,0.7742964826498331,6.988151563908067,1.0,0.0,0.0,1.0,0.0,1.0
19,130,6.1261091243300765,3.663332707544479,0.0,0.0,0.0,0.0,1.0,1.0
20,130,0.0,12.0,0.0,0.0,1.0,0.0,1.0,0.0
21,130,0.0,5.02382953794452,0.0,0.0,1.0,0.0,0.0,0.0
22,130,5.971133731134689,4.360886841908641,1.0,0.0,0.0,0.0,0.0,1.0
23,130,5.416277896891818,10.51616722151546,0.0,0.0,0.0,1.0,0.0,1.0
24,130,5.904840498172031,11.042321840141817,0.0,1.0,0.0,1.0,0.0,0.0
25,130,0.8348935045979213,8.712477870963456,1.0,0.0,1.0,0.0,0.0,0.0
26,130,9.948542979833784,0.2122223424994623,1.0,1.0,0.0,0.0,1.0,0.0
27,130,11.3570968895726,2.236763917896399,1.0,0.0,1.0,1.0,1.0,1.0
28,130,4.261469759907763,4.103508418114759,0.0,0.0,0.0,0.0,0.0,1.0
29,130,6.68653395132228,11.82901935737604,0.0,0.0,1.0,0.0,1.0,0.0
0,135,2.242431577526926,1.200391958872497,0.0,0.0,0.0,0.0,1.0,0.0
1,135,4.985995368436304,12.0,1.0,1.0,1.0,0.0,1.0,1.0
2,135,5.655984160139147,3.0011324037592506,0.0,0.0,0.0,1.0,1.0,0.0
3,135,5.7811905803288735,1.4195251462985443,1.0,0.0,1.0,1.0,0.0,0.0
4,135,2.7520472866774486,1.2160082197790725,0.0,1.0,0.0,1.0,1.0,1.0
5,135,4.301757268396135,2.1319829614206647,0.0,1.0,0.0,0.0,0.0,0.0
6,135,3.625175281644208,11.050755315104226,0.0,0.0,1.0,0.0,0.0,1.0
7,135,9.118627116309082,11.623722146235774,0.0,1.0,0.0,0.0,0.0,1.0
8,135,11.365702841390092,6.044444001017225,1.0,1.0,0.0,1.0,0.0,0.0
9,135,10.83470672777299,7.937735034842584,1.0,1.0,0.0,0.0,1.0,1.0
10,135,8.837191995053965,1.789566399305078,1.0,1.0,1.0,0.0,0.0,0.0
11,135,6.52307361787198,11.83621562112268,1.0,0.0,0.0,1.0,0.0,1.0
12,135,7.291138457183794,0.0,1.0,0.0,0.0,0.0,0.0,0.0
13,135,0.4319997635153285,6.2693713901991215,0.0,0.0,1.0,0.0,0.0,1.0
14,135,2.7413082707007663,9.149580600072309,0.0,0.0,1.0,0.0,1.0,0.0
15,135,12.0,7.487453955135612,0.0,1.0,0.0,0.0,0.0,1.0
16,135,2.039570990765048,4.307885735454794,1.0,1.0,0.0,0.0,0.0,0.0
17,135,0.5903380236458458,11.598397055397546,1.0,1.0,0.0,0.0,0.0,1.0
18,135,0.773060702720975,6.988162272550659,1.0,0.0,0.0,1.0,0.0,1.0
19,135,6.1159354305569895,3.55930324710752,0.0,0.0,0.0,0.0,1.0,1.0
20,135,0.0,12.0,0.0,0.0,1.0,0.0,1.0,0.0
21,135,0.0,4.937988267868543,0.0,0.0,1.0,0.0,0.0,0.0
22,135,5.962016866701132,4.409810839399422,1.0,0.0,0.0,0.0,0.0,1.0
23,135,5.379879123175665,10.567001706128382,0.0,0.0,0.0,1.0,0.0,1.0
24,135,5.933684335232819,11.080068157446972,0.0,1.0,0.0,1.0,0.0,0.0
25,135,0.7882219384579675,8.655877449763716,1.0,0.0,1.0,0.0,0.0,0.0
26,135,9.94570758873274,0.2218729820476999,1.0,1.0,0.0,0.0,1.0,0.0
27,135,11.321560545260004,2.2463296026830832,1.0,0.0,1.0,1.0,1.0,1.0
28,135,4.22026189436568,4.135703367350691,0.0,0.0,0.0,0.0,0.0,1.0
29,135,6.63496261181573,11.81975623334515,0.0,0.0,1.0,0.0,1.0,0.0
0,140,2.2341856197448924,1.1816811516581822,0.0,0.0,0.0,0.0,1.0,0.0
1,140,4.951269732573809,12.0,1.0,1.0,1.0,0.0,1.0,1.0
2,140,5.644347856269619,2.960355047169938,0.0,0.0,0.0,1.0,1.0,0.0
3,140,5.777455978968811,1.4268441224433366,1.0,0.0,1.0,1.0,0.0,0.0
4,140,2.762761612842794,1.2236316762297383,0.0,1.0,0.0,1.0,1.0,1.0
5,140,4.200428682335653,2.142937025890076,0.0,1.0,0.0,0.0,0.0,0.0
6,140,3.6239044718095497,11.050660567015385,0.0,0.0,1.0,0.0,0.0,1.0
7,140,9.192341029405815,11.60294153412903,0.0,1.0,0.0,0.0,0.0,1.0
8,140,11.3830524274228,6.045514650666958,1.0,1.0,0.0,1.0,0.0,0.0
9,140,10.976116744974323,8.013411477799648,1.0,1.0,0.0,0.0,1.0,1.0
10,140,8.871413551584745,1.781870195241281,1.0,1.0,1.0,0.0,0.0,0.0
11,140,6.54212857519232,11.877680259018216,1.0,0.0,0.0,1.0,0.0,1.0
12,140,7.28351494588629,0.0,1.0,0.0,0.0,0.0,0.0,0.0
13,140,0.4612594532035507,6.41142758334434,0.0,0.0,1.0,0.0,0.0,1.0
14,140,2.650563352732424,9.237589228543236,0.0,0.0,1.0,0.0,1.0,0.0
15,140,12.0,7.494596479729523,0.0,1.0,0.0,0.0,0.0,1.0
16,140,2.0393740036738706,4.304913211467827,1.0,1.0,0.0,0.0,0.0,0.0
17,140,0.5999486715791528,11.622509917349092,1.0,1.0,0.0,0.0,0.0,1.0
18,140,0.7802225944301657,6.988137751094119,1.0,0.0,0.0,1.0,0.0,1.0
19,140,6.10618331399563,3.4620307780563264,0.0,0.0,0.0,0.0,1.0,1.0
20,140,0.0,12.0,0.0,0.0,1.0,0.0,1.0,0.0
21,140,0.0,4.868856717767264,0.0,0.0,1.0,0.0,0.0,0.0
22,140,5.952648860369085,4.459785540473742,1.0,0.0,0.0,0.0,0.0,1.0
23,140,5.339698645030273,10.6232647645463,0.0,0.0,0.0,1.0,0.0,1.0
24,140,5.965848491595376,11.120740579326103,0.0,1.0,0.0,1.0,0.0,0.0
25,140,0.747433827777537,8.605603026491512,1.0,0.0,1.0,0.0,0.0,0.0
26,140,9.93845909567455,0.2466795424863254,1.0,1.0,0.0,0.0,1.0,0.0
27,140,11.281468231814438,2.257777900410332,1.0,0.0,1.0,1.0,1.0,1.0
28,140,4.184355612820898,4.163442609198218,0.0,0.0,0.0,0.0,0.0,1.0
29,140,6.576196675212898,11.810001990884905,0.0,0.0,1.0,0.0,1.0,0.0
0,145,2.231401623567531,1.1756943670798636,0.0,0.0,0.0,0.0,1.0,0.0
1,145,4.910764515785724,12.0,1.0,1.0,1.0,0.0,1.0,1.0
2,145,5.626801362782134,2.89920534682886,0.0,0.0,0.0,1.0,1.0,0.0
3,145,5.771035613563818,1.4398404942050418,1.0,0.0,1.0,1.0,0.0,0.0
4,145,2.771950983644405,1.229825360815868,0.0,1.0,0.0,1.0,1.0,1.0
5,145,4.210831063859575,2.223902178060004,0.0,1.0,0.0,0.0,0.0,0.0
6,145,3.607859439903693,11.049493987110788,0.0,0.0,1.0,0.0,0.0,1.0
7,145,9.25516019454979,11.586698643607464,0.0,1.0,0.0,0.0,0.0,1.0
8,145,11.39358218239287,6.046132221859055,1.0,1.0,0.0,1.0,0.0,0.0
9,145,11.107507541689037,8.087007644599172,1.0,1.0,0.0,0.0,1.0,1.0
10,145,8.92463232686558,1.7701489638959969,1.0,1.0,1.0,0.0,0.0,0.0
11,145,6.556891672526294,11.911940293976,1.0,0.0,0.0,1.0,0.0,1.0
12,145,7.282334627241285,0.0,1.0,0.0,0.0,0.0,0.0,0.0
13,145,0.4882455508178773,6.536891170583324,0.0,0.0,1.0,0.0,0.0,1.0
14,145,2.540974881405213,9.338234057082794,0.0,0.0,1.0,0.0,1.0,0.0
15,145,12.0,7.506851559653235,0.0,1.0,0.0,0.0,0.0,1.0
16,145,2.039240800900154,4.300509267241834,1.0,1.0,0.0,0.0,0.0,0.0
17,145,0.6092138136347279,11.647361365443947,1.0,1.0,0.0,0.0,0.0,1.0
18,145,0.7899798420149213,6.987865369074556,1.0,0.0,0.0,1.0,0.0,1.0
19,145,6.095812701681894,3.362629399403454,0.0,0.0,0.0,0.0,1.0,1.0
20,145,0.0,12.0,0.0,0.0,1.0,0.0,1.0,0.0
21,145,0.0,4.8029624404024736,0.0,0.0,1.0,0.0,0.0,0.0
22,145,5.940433220440644,4.518218278935568,1.0,0.0,0.0,0.0,0.0,1.0
23,145,5.298552287579041,10.682079155693598,0.0,0.0,0.0,1.0,0.0,1.0
24,145,5.990426156447128,11.149666911884376,0.0,1.0,0.0,1.0,0.0,0.0
25,145,0.7085605264159343,8.556178125283486,1.0,0.0,1.0,0.0,0.0,0.0
26,145,9.930824822704144,0.2723738873811701,1.0,1.0,0.0,0.0,1.0,0.0
27,145,11.23908870153635,2.268607576170356,1.0,0.0,1.0,1.0,1.0,1.0
28,145,4.1360606136369125,4.199413212024885,0.0,0.0,0.0,0.0,0.0,1.0
29,145,6.513330553311922,11.799061755618274,0.0,0.0,1.0,0.0,1.0,0.0
0,150,2.226154130661973,1.1636101074096432,0.0,0.0,0.0,0.0,1.0,0.0
1,150,4.869965387157273,12.0,1.0,1.0,1.0,0.0,1.0,1.0
2,150,5.613995861956389,2.8525627216637592,0.0,0.0,0.0,1.0,1.0,0.0
3,150,5.761010406046859,1.4600407875660024,1.0,0.0,1.0,1.0,0.0,0.0
4,150,2.779566784355004,1.2352310848429595,0.0,1.0,0.0,1.0,1.0,1.0
5,150,4.225954139769318,2.3285432188014137,0.0,1.0,0.0,0.0,0.0,0.0
6,150,3.580929581911774,11.04750865527929,0.0,0.0,1.0,0.0,0.0,1.0
7,150,9.30426632289262,11.573953478846269,0.0,1.0,0.0,0.0,0.0,1.0
8,150,11.38663679983761,6.045537297451107,1.0,1.0,0.0,1.0,0.0,0.0
9,150,11.235809048446978,8.16032964035385,1.0,1.0,0.0,0.0,1.0,1.0
10,150,8.961558392203143,1.7622109627091065,1.0,1.0,1.0,0.0,0.0,0.0
11,150,6.5777558210752325,11.961013218050796,1.0,0.0,0.0,1.0,0.0,1.0
12,150,7.281302047949242,0.0,1.0,0.0,0.0,0.0,0.0,0.0
13,150,0.5204286947062993,6.663907111250085,0.0,0.0,1.0,0.0,0.0,1.0
14,150,2.440044843670929,9.429828409485395,0.0,0.0,1.0,0.0,1.0,0.0
15,150,12.0,7.521573728781647,0.0,1.0,0.0,0.0,0.0,1.0
16,150,2.039595048049988,4.306217287247034,1.0,1.0,0.0,0.0,0.0,0.0
17,150,0.6184867284133679,11.67292302749964,1.0,1.0,0.0,0.0,0.0,1.0
18,150,0.8205261480357111,6.987094393114274,1.0,0.0,0.0,1.0,0.0,1.0
19,150,6.084268799289229,3.259848216176496,0.0,0.0,0.0,0.0,1.0,1.0
20,150,0.0,12.0,0.0,0.0,1.0,0.0,1.0,0.0
21,150,0.0,4.726296018072533,0.0,0.0,1.0,0.0,0.0,0.0
22,150,5.922170356455863,4.59121199194761,1.0,0.0,0.0,0.0,0.0,1.0
23,150,5.251368459293411,10.750156253936114,0.0,0.0,0.0,1.0,0.0,1.0
24,150,6.011153506770911,11.173331801776945,0.0,1.0,0.0,1.0,0.0,0.0
25,150,0.6904300924359461,8.531074157733547,1.0,0.0,1.0,0.0,0.0,0.0
26,150,9.925152710042006,0.2928704211126598,1.0,1.0,0.0,0.0,1.0,0.0
27,150,11.206396298761751,2.277588584529701,1.0,0.0,1.0,1.0,1.0,1.0
28,150,4.098011168853703,4.227206582578105,0.0,0.0,0.0,0.0,0.0,1.0
29,150,6.433478389210738,11.785592474691835,0.0,0.0,1.0,0.0,1.0,0.0
0,155,2.223553146526941,1.1579845961713535,0.0,0.0,0.0,0.0,1.0,0.0
1,155,4.83633740004375,12.0,1.0,1.0,1.0,0.0,1.0,1.0
2,155,5.603840143641107,2.8150127990781475,0.0,0.0,0.0,1.0,1.0,0.0
3,155,5.750869570848195,1.4795938293364808,1.0,0.0,1.0,1.0,0.0,0.0
4,155,2.7952926855885862,1.2463661342378491,0.0,1.0,0.0,1.0,1.0,1.0
5,155,4.240512123679189,2.4267510277943143,0.0,1.0,0.0,0.0,0.0,0.0
6,155,3.5663419290490537,11.04642170875977,0.0,0.0,1.0,0.0,0.0,1.0
7,155,9.352506520072636,11.563122129963112,0.0,1.0,0.0,0.0,0.0,1.0
8,155,11.372500658033058,6.044711233954679,1.0,1.0,0.0,1.0,0.0,0.0
9,155,11.368010619372676,8.236203942733676,1.0,1.0,0.0,0.0,1.0,1.0
10,155,9.013074601462971,1.7505226809024033,1.0,1.0,1.0,0.0,0.0,0.0
11,155,6.592557052318193,11.99469257019625,1.0,0.0,0.0,1.0,0.0,1.0
12,155,7.28813011246671,0.0141175330160443,1.0,0.0,0.0,0.0,0.0,0.0
13,155,0.5562698808050789,6.791388930208982,0.0,0.0,1.0,0.0,0.0,1.0
14,155,2.329705447466484,9.529511152078523,0.0,0.0,1.0,0.0,1.0,0.0
15,155,12.0,7.533991808674128,0.0,1.0,0.0,0.0,0.0,1.0
16,155,2.039623750181711,4.306709258707966,1.0,1.0,0.0,0.0,0.0,0.0
17,155,0.6363778133531793,11.720239319102484,1.0,1.0,0.0,0.0,0.0,1.0
18,155,0.8481021660918165,6.986832610172852,1.0,0.0,0.0,1.0,0.0,1.0
19,155,6.0723098342943365,3.1597461062121948,0.0,0.0,0.0,0.0,1.0,1.0
20,155,0.0,12.0,0.0,0.0,1.0,0.0,1.0,0.0
21,155,0.0,4.637618532593059,0.0,0.0,1.0,0.0,0.0,0.0
22,155,5.898186759652166,4.677446596863226,1.0,0.0,0.0,0.0,0.0,1.0
23,155,5.200655778194225,10.822775255496053,0.0,0.0,0.0,1.0,0.0,1.0
24,155,6.042023493044908,11.207594886866756,0.0,1.0,0.0,1.0,0.0,0.0
25,155,0.6585436690319144,8.484719219468834,1.0,0.0,1.0,0.0,0.0,0.0
26,155,9.917777683419844,0.3167852669756205,1.0,1.0,0.0,0.0,1.0,0.0
27,155,11.168486952292756,2.287986383554994,1.0,0.0,1.0,1.0,1.0,1.0
28,155,4.053482049972932,4.258286800925667,0.0,0.0,0.0,0.0,0.0,1.0
29,155,6.351145061931216,11.76965871741851,0.0,0.0,1.0,0.0,1.0,0.0
0,160,2.2256783316337128,1.1626464030296106,0.0,0.0,0.0,0.0,1.0,0.0
1,160,4.799396004193206,12.0,1.0,1.0,1.0,0.0,1.0,1.0
2,160,5.59653332261253,2.7899189272989444,0.0,0.0,0.0,1.0,1.0,0.0
3,160,5.7383682035113335,1.5036927081891325,1.0,0.0,1.0,1.0,0.0,0.0
4,160,2.7906258982356524,1.2429371772070006,0.0,1.0,0.0,1.0,1.0,1.0
5,160,4.253420898692233,2.5052524350950374,0.0,1.0,0.0,0.0,0.0,0.0
6,160,3.560361337077566,11.045962078856652,0.0,0.0,1.0,0.0,0.0,1.0
7,160,9.392331874284354,11.553354792322644,0.0,1.0,0.0,0.0,0.0,1.0
8,160,11.362343292096536,6.044190474462406,1.0,1.0,0.0,1.0,0.0,0.0
9,160,11.482059469540207,8.30253311914232,1.0,1.0,0.0,0.0,1.0,1.0
10,160,9.07448575249918,1.73679728806106,1.0,1.0,1.0,0.0,0.0,0.0
11,160,6.604284230175929,12.0,1.0,0.0,0.0,1.0,0.0,1.0
12,160,7.300382740131127,0.0394485733304653,1.0,0.0,0.0,0.0,0.0,0.0
13,160,0.592588448580332,6.912921282593924,0.0,0.0,1.0,0.0,0.0,1.0
14,160,2.232636618038098,9.618057058644066,0.0,0.0,1.0,0.0,1.0,0.0
15,160,12.0,7.545566538515838,0.0,1.0,0.0,0.0,0.0,1.0
16,160,2.0391521616648185,4.299901738374791,1.0,1.0,0.0,0.0,0.0,0.0
17,160,0.6532247638280428,11.76325181771674,1.0,1.0,0.0,0.0,0.0,1.0
18,160,0.8733040136092936,6.985925434251656,1.0,0.0,0.0,1.0,0.0,1.0
19,160,6.061523519012173,3.067798883652696,0.0,0.0,0.0,0.0,1.0,1.0
20,160,0.0,12.0,0.0,0.0,1.0,0.0,1.0,0.0
21,160,0.0,4.5650851510974295,0.0,0.0,1.0,0.0,0.0,0.0
22,160,5.872312207879188,4.772303359131788,1.0,0.0,0.0,0.0,0.0,1.0
23,160,5.1532318260091134,10.888867889023722,0.0,0.0,0.0,1.0,0.0,1.0
24,160,6.074071978836914,11.2450285392734,0.0,1.0,0.0,1.0,0.0,0.0
25,160,0.6276856184701225,8.440443348328527,1.0,0.0,1.0,0.0,0.0,0.0
26,160,9.911518887499312,0.3370734785156998,1.0,1.0,0.0,0.0,1.0,0.0
27,160,11.124824832215303,2.299996807772513,1.0,0.0,1.0,1.0,1.0,1.0
28,160,3.9994147595347433,4.295991113902431,0.0,0.0,0.0,0.0,0.0,1.0
29,160,6.2569154370279545,11.753057327437356,0.0,0.0,1.0,0.0,1.0,0.0
0,165,2.224696025322148,1.1605528158361478,0.0,0.0,0.0,0.0,1.0,0.0
1,165,4.772038675853214,12.0,1.0,1.0,1.0,0.0,1.0,1.0
2,165,5.589279691936762,2.7675108356706524,0.0,0.0,0.0,1.0,1.0,0.0
3,165,5.734167219142113,1.512539937372288,1.0,0.0,1.0,1.0,0.0,0.0
4,165,2.7705503897781814,1.2286527383521522,0.0,1.0,0.0,1.0,1.0,1.0
5,165,4.267232382470903,2.5860066487873263,0.0,1.0,0.0,0.0,0.0,0.0
6,165,3.566320317941431,11.046525526676376,0.0,0.0,1.0,0.0,0.0,1.0
7,165,9.430061192292529,11.543093233112884,0.0,1.0,0.0,0.0,0.0,1.0
8,165,11.367302868666917,6.044562040012322,1.0,1.0,0.0,1.0,0.0,0.0
9,165,11.611518584159777,8.380264906018867,1.0,1.0,0.0,0.0,1.0,1.0
10,165,9.133259288362984,1.722887409651306,1.0,1.0,1.0,0.0,0.0,0.0
11,165,6.611017039261801,12.0,1.0,0.0,0.0,1.0,0.0,1.0
12,165,7.316411216538774,0.0756953228428533,1.0,0.0,0.0,0.0,0.0,0.0
13,165,0.6378272168362766,7.048134761365871,0.0,0.0,1.0,0.0,0.0,1.0
14,165,2.134610724190538,9.70868296902642,0.0,0.0,1.0,0.0,1.0,0.0
15,165,12.0,7.553705324966307,0.0,1.0,0.0,0.0,0.0,1.0
16,165,2.0386468810309752,4.28123680705502,1.0,1.0,0.0,0.0,0.0,0.0
17,165,0.6733263086967829,11.814249385860776,1.0,1.0,0.0,0.0,0.0,1.0
18,165,0.9038148902827128,6.985228459934666,1.0,0.0,0.0,1.0,0.0,1.0
19,165,6.053376969446923,2.9748369300014663,0.0,0.0,0.0,0.0,1.0,1.0
20,165,0.0,12.0,0.0,0.0,1.0,0.0,1.0,0.0
21,165,0.0,4.495341466822378,0.0,0.0,1.0,0.0,0.0,0.0
22,165,5.846820419625045,4.872977528731275,1.0,0.0,0.0,0.0,0.0,1.0
23,165,5.110088117921602,10.947194815087183,0.0,0.0,0.0,1.0,0.0,1.0
24,165,6.103428384487392,11.2781777734101,0.0,1.0,0.0,1.0,0.0,0.0
25,165,0.608418059274034,8.41343448323425,1.0,0.0,1.0,0.0,0.0,0.0
26,165,9.903642317752457,0.3624778367778041,1.0,1.0,0.0,0.0,1.0,0.0
27,165,11.06761309741398,2.3154097280584853,1.0,0.0,1.0,1.0,1.0,1.0
28,165,3.9282571435783127,4.341045097527156,0.0,0.0,0.0,0.0,0.0,1.0
29,165,6.1667797711313534,11.736850197033826,0.0,0.0,1.0,0.0,1.0,0.0
0,170,2.2249571618272586,1.1610673636668696,0.0,0.0,0.0,0.0,1.0,0.0
1,170,4.751507368437608,12.0,1.0,1.0,1.0,0.0,1.0,1.0
2,170,5.5821455353052505,2.7450853305181533,0.0,0.0,0.0,1.0,1.0,0.0
3,170,5.727721355456981,1.5261510160817902,1.0,0.0,1.0,1.0,0.0,0.0
4,170,2.7745935122241128,1.231539572926435,0.0,1.0,0.0,1.0,1.0,1.0
5,170,4.279768376527637,2.6625662916969506,0.0,1.0,0.0,0.0,0.0,0.0
6,170,3.556412585346662,11.045795998143214,0.0,0.0,1.0,0.0,0.0,1.0
7,170,9.465308392918027,11.532861792764944,0.0,1.0,0.0,0.0,0.0,1.0
8,170,11.3638505431465,6.044293170356581,1.0,1.0,0.0,1.0,0.0,0.0
9,170,11.725820706219544,8.448798966997037,1.0,1.0,0.0,0.0,1.0,1.0
10,170,9.202229264369764,1.705458442228724,1.0,1.0,1.0,0.0,0.0,0.0
11,170,6.6108411380583,11.999591842626137,1.0,0.0,0.0,1.0,0.0,1.0
12,170,7.333349987734334,0.1169540090155679,1.0,0.0,0.0,0.0,0.0,0.0
13,170,0.6811914718357246,7.172082757970508,0.0,0.0,1.0,0.0,0.0,1.0
14,170,2.0475730630543847,9.788719451643322,0.0,0.0,1.0,0.0,1.0,0.0
15,170,12.0,7.562248273226606,0.0,1.0,0.0,0.0,0.0,1.0
16,170,2.0385700832999567,4.2789914908645015,1.0,1.0,0.0,0.0,0.0,0.0
17,170,0.6872230356411214,11.849237190618382,1.0,1.0,0.0,0.0,0.0,1.0
18,170,0.9358867954631122,6.984176965010411,1.0,0.0,0.0,1.0,0.0,1.0
19,170,6.045283155335264,2.8812934296977497,0.0,0.0,0.0,0.0,1.0,1.0
20,170,0.0,12.0,0.0,0.0,1.0,0.0,1.0,0.0
21,170,0.0,4.44026552480819,0.0,0.0,1.0,0.0,0.0,0.0
22,170,5.817503901282018,4.990650082211621,1.0,0.0,0.0,0.0,0.0,1.0
23,170,5.068896185903733,11.006265451137676,0.0,0.0,0.0,1.0,0.0,1.0
24,170,6.123617930947392,11.301369551760615,0.0,1.0,0.0,1.0,0.0,0.0
25,170,0.6051856484253655,8.408866330628692,1.0,0.0,1.0,0.0,0.0,0.0
26,170,9.894042700042531,0.3929989354598472,1.0,1.0,0.0,0.0,1.0,0.0
27,170,11.010069009504852,2.3306634630815832,1.0,0.0,1.0,1.0,1.0,1.0
28,170,3.851859157377411,4.390442686481515,0.0,0.0,0.0,0.0,0.0,1.0
29,170,6.089384255903896,11.72419149175783,0.0,0.0,1.0,0.0,1.0,0.0
0,175,2.2256394943796027,1.162443188472586,0.0,0.0,0.0,0.0,1.0,0.0
1,175,4.735631190812461,12.0,1.0,1.0,1.0,0.0,1.0,1.0
2,175,5.574718120901642,2.723036613351775,0.0,0.0,0.0,1.0,1.0,0.0
3,175,5.721012655062538,1.540277461449069,1.0,0.0,1.0,1.0,0.0,0.0
4,175,2.7838639594547283,1.238389124604904,0.0,1.0,0.0,1.0,1.0,1.0
5,175,4.291663179341617,2.729761031069579,0.0,1.0,0.0,0.0,0.0,0.0
6,175,3.5467536054948727,11.045196269752724,0.0,0.0,1.0,0.0,0.0,1.0
7,175,9.479905897865434,11.528916421867509,0.0,1.0,0.0,0.0,0.0,1.0
8,175,11.347680812143109,6.042838169259678,1.0,1.0,0.0,1.0,0.0,0.0
9,175,11.833929278313455,8.515325764015063,1.0,1.0,0.0,0.0,1.0,1.0
10,175,9.286798798755918,1.685657511444817,1.0,1.0,1.0,0.0,0.0,0.0
11,175,6.602658736412467,11.98065951607133,1.0,0.0,0.0,1.0,0.0,1.0
12,175,7.355602365417671,0.1735094666923823,1.0,0.0,0.0,0.0,0.0,0.0
13,175,0.7239106448061393,7.298234598850833,0.0,0.0,1.0,0.0,0.0,1.0
14,175,1.960860660860604,9.867863637455065,0.0,0.0,1.0,0.0,1.0,0.0
15,175,12.0,7.570627820935794,0.0,1.0,0.0,0.0,0.0,1.0
16,175,2.03830252949809,4.267602665480011,1.0,1.0,0.0,0.0,0.0,0.0
17,175,0.7015041534199231,11.884337124850346,1.0,1.0,0.0,0.0,0.0,1.0
18,175,0.967956264652898,6.983017793692394,1.0,0.0,0.0,1.0,0.0,1.0
19,175,6.034063999039053,2.764756121202204,0.0,0.0,0.0,0.0,1.0,1.0
20,175,0.0,12.0,0.0,0.0,1.0,0.0,1.0,0.0
21,175,0.0,4.392513903267034,0.0,0.0,1.0,0.0,0.0,0.0
22,175,5.786072857891437,5.116410615571154,1.0,0.0,0.0,0.0,0.0,1.0
23,175,5.024629410455429,11.069604877109894,0.0,0.0,0.0,1.0,0.0,1.0
24,175,6.146088769543575,11.327459624523089,0.0,1.0,0.0,1.0,0.0,0.0
25,175,0.6038147863192636,8.40705362671945,1.0,0.0,1.0,0.0,0.0,0.0
26,175,9.887989469716318,0.4115635355930393,1.0,1.0,0.0,0.0,1.0,0.0
27,175,10.970305799774222,2.342033712931473,1.0,0.0,1.0,1.0,1.0,1.0
28,175,3.768435235104354,4.446567681235925,0.0,0.0,0.0,0.0,0.0,1.0
29,175,6.032114075595961,11.715316109853854,0.0,0.0,1.0,0.0,1.0,0.0
0,180,2.225745297859047,1.1626428770307833,0.0,0.0,0.0,0.0,1.0,0.0
1,180,4.7213205554938,12.0,1.0,1.0,1.0,0.0,1.0,1.0
2,180,5.566655465963152,2.699584523158401,0.0,0.0,0.0,1.0,1.0,0.0
3,180,5.721215420185834,1.539827804470782,1.0,0.0,1.0,1.0,0.0,0.0
4,180,2.768944650037348,1.227635736716289,0.0,1.0,0.0,1.0,1.0,1.0
5,180,4.30121046351792,2.789961919636558,0.0,1.0,0.0,0.0,0.0,0.0
6,180,3.539434100167106,11.04486925271398,0.0,0.0,1.0,0.0,0.0,1.0
7,180,9.498469360604894,11.523669031056508,0.0,1.0,0.0,0.0,0.0,1.0
8,180,11.349152320000105,6.042988805273985,1.0,1.0,0.0,1.0,0.0,0.0
9,180,11.960037097641369,8.597512366120888,1.0,1.0,0.0,0.0,1.0,1.0
10,180,9.337195826884836,1.6726385796895362,1.0,1.0,1.0,0.0,0.0,0.0
11,180,6.58815237223516,11.946369425667257,1.0,0.0,0.0,1.0,0.0,1.0
12,180,7.3769609181418705,0.2293688078270727,1.0,0.0,0.0,0.0,0.0,0.0
13,180,0.7747160771895601,7.448263313443904,0.0,0.0,1.0,0.0,0.0,1.0
14,180,1.8778689489866311,9.944101381877491,0.0,0.0,1.0,0.0,1.0,0.0
15,180,12.0,7.576568240473749,0.0,1.0,0.0,0.0,0.0,1.0
16,180,2.037416325064791,4.243669755539182,1.0,1.0,0.0,0.0,0.0,0.0
17,180,0.7153857607428964,11.918737556086077,1.0,1.0,0.0,0.0,0.0,1.0
18,180,1.0116864490385689,6.983107667100037,1.0,0.0,0.0,1.0,0.0,1.0
19,180,6.020868533565047,2.661876212098971,0.0,0.0,0.0,0.0,1.0,1.0
20,180,0.0,12.0,0.0,0.0,1.0,0.0,1.0,0.0
21,180,0.0,4.349981103181584,0.0,0.0,1.0,0.0,0.0,0.0
22,180,5.754448316768638,5.24055876908677,1.0,0.0,0.0,0.0,0.0,1.0
23,180,4.985543447509473,11.126049165517223,0.0,0.0,0.0,1.0,0.0,1.0
24,180,6.16707162711806,11.352304716719829,0.0,1.0,0.0,1.0,0.0,0.0
25,180,0.6168608564704716,8.424101432756956,1.0,0.0,1.0,0.0,0.0,0.0
26,180,9.88740653837994,0.4134288315363797,1.0,1.0,0.0,0.0,1.0,0.0
27,180,10.913119165773471,2.358974858895099,1.0,0.0,1.0,1.0,1.0,1.0
28,180,3.6846731384099263,4.504325919359769,0.0,0.0,0.0,0.0,0.0,1.0
29,180,5.9825175979693785,11.70594745597946,0.0,0.0,1.0,0.0,1.0,0.0
0,185,2.2236783813252146,1.1588803770941274,0.0,0.0,0.0,0.0,1.0,0.0
1,185,4.710233836357355,12.0,1.0,1.0,1.0,0.0,1.0,1.0
2,185,5.561899535115542,2.685862590713316,0.0,0.0,0.0,1.0,1.0,0.0
3,185,5.720170801424898,1.542135444082842,1.0,0.0,1.0,1.0,0.0,0.0
4,185,2.768820101723226,1.2275437436796897,0.0,1.0,0.0,1.0,1.0,1.0
5,185,4.310157712736924,2.842432238179148,0.0,1.0,0.0,0.0,0.0,0.0
6,185,3.5461157812907333,11.044948998973004,0.0,0.0,1.0,0.0,0.0,1.0
7,185,9.513739922410409,11.519154114030858,0.0,1.0,0.0,0.0,0.0,1.0
8,185,11.344999064746489,6.042616636946824,1.0,1.0,0.0,1.0,0.0,0.0
9,185,12.0,8.675302806327759,1.0,1.0,0.0,0.0,1.0,1.0
10,185,9.369166564718382,1.6653119417294888,1.0,1.0,1.0,0.0,0.0,0.0
11,185,6.572863802764388,11.90929495680428,1.0,0.0,0.0,1.0,0.0,1.0
12,185,7.395033039674914,0.2795444213963702,1.0,0.0,0.0,0.0,0.0,0.0
13,185,0.8200163892501809,7.585245292997838,0.0,0.0,1.0,0.0,0.0,1.0
14,185,1.7991027458626478,10.019918591509535,0.0,0.0,1.0,0.0,1.0,0.0
15,185,12.0,7.580659869543713,0.0,1.0,0.0,0.0,0.0,1.0
16,185,2.037265728772801,4.233942452701094,1.0,1.0,0.0,0.0,0.0,0.0
17,185,0.7310067428025507,11.957683922028451,1.0,1.0,0.0,0.0,0.0,1.0
18,185,1.071121917336123,6.9831443699568405,1.0,0.0,0.0,1.0,0.0,1.0
19,185,6.007765818895458,2.563421216212899,0.0,0.0,0.0,0.0,1.0,1.0
20,185,0.0,12.0,0.0,0.0,1.0,0.0,1.0,0.0
21,185,0.0,4.3110657994521,0.0,0.0,1.0,0.0,0.0,0.0
22,185,5.721378018013472,5.384032063424104,1.0,0.0,0.0,0.0,0.0,1.0
23,185,4.948856476752205,11.182349375888872,0.0,0.0,0.0,1.0,0.0,1.0
24,185,6.180899494295187,11.368519415413669,0.0,1.0,0.0,1.0,0.0,0.0
25,185,0.6225329983889906,8.431273071723847,1.0,0.0,1.0,0.0,0.0,0.0
26,185,9.88798861799752,0.411440648443656,1.0,1.0,0.0,0.0,1.0,0.0
27,185,10.89202033979753,2.3651165618147045,1.0,0.0,1.0,1.0,1.0,1.0
28,185,3.602453368627042,4.566004966829459,0.0,0.0,0.0,0.0,0.0,1.0
29,185,5.923066628197811,11.69349214362982,0.0,0.0,1.0,0.0,1.0,0.0
0,190,2.216613338248889,1.145873057976847,0.0,0.0,0.0,0.0,1.0,0.0
1,190,4.703292873608259,12.0,1.0,1.0,1.0,0.0,1.0,1.0
2,190,5.563778644404028,2.69134873635641,0.0,0.0,0.0,1.0,1.0,0.0
3,190,5.723398632709466,1.535573105488869,1.0,0.0,1.0,1.0,0.0,0.0
4,190,2.7429384901337546,1.2083094854771748,0.0,1.0,0.0,1.0,1.0,1.0
5,190,4.318265776147673,2.8969335184682894,0.0,1.0,0.0,0.0,0.0,0.0
6,190,3.541937090298509,11.04488906644382,0.0,0.0,1.0,0.0,0.0,1.0
7,190,9.512401810231784,11.519526972501714,0.0,1.0,0.0,0.0,0.0,1.0
8,190,11.332728489195292,6.041577099971335,1.0,1.0,0.0,1.0,0.0,0.0
9,190,12.0,8.759371157186527,1.0,1.0,0.0,0.0,1.0,1.0
10,190,9.411056693653157,1.656422643469851,1.0,1.0,1.0,0.0,0.0,0.0
11,190,6.568408689225856,11.897929033749804,1.0,0.0,0.0,1.0,0.0,1.0
12,190,7.41727912234802,0.3372537015924618,1.0,0.0,0.0,0.0,0.0,0.0
13,190,0.8657601075764878,7.72459745129821,0.0,0.0,1.0,0.0,0.0,1.0
14,190,1.7415223297464013,10.073980965219054,0.0,0.0,1.0,0.0,1.0,0.0
15,190,12.0,7.5849946322950546,0.0,1.0,0.0,0.0,0.0,1.0
16,190,2.0372664192176604,4.234106727042749,1.0,1.0,0.0,0.0,0.0,0.0
17,190,0.7445588993765022,11.993015180851792,1.0,1.0,0.0,0.0,0.0,1.0
18,190,1.1417626742116027,6.982840564504525,1.0,0.0,0.0,1.0,0.0,1.0
19,190,5.993887698415481,2.462560356779637,0.0,0.0,0.0,0.0,1.0,1.0
20,190,0.0,12.0,0.0,0.0,1.0,0.0,1.0,0.0
21,190,0.0,4.27649234455071,0.0,0.0,1.0,0.0,0.0,0.0
22,190,5.684822266778445,5.535480467985161,1.0,0.0,0.0,0.0,0.0,1.0
23,190,4.918593422548568,11.229908459283468,0.0,0.0,0.0,1.0,0.0,1.0
24,190,6.2101023225865495,11.404058407490938,0.0,1.0,0.0,1.0,0.0,0.0
25,190,0.6241272812710804,8.433213291523018,1.0,0.0,1.0,0.0,0.0,0.0
26,190,9.889378103178863,0.4063042770885185,1.0,1.0,0.0,0.0,1.0,0.0
27,190,10.876113966420696,2.3694934958371747,1.0,0.0,1.0,1.0,1.0,1.0
28,190,3.5230564060869045,4.625615765776594,0.0,0.0,0.0,0.0,0.0,1.0
29,190,5.859535633578458,11.681592958666911,0.0,0.0,1.0,0.0,1.0,0.0
0,195,2.217525204812004,1.1475097444968878,0.0,0.0,0.0,0.0,1.0,0.0
1,195,4.699267022547062,12.0,1.0,1.0,1.0,0.0,1.0,1.0
2,195,5.561359265012383,2.6843620278774494,0.0,0.0,0.0,1.0,1.0,0.0
3,195,5.720774293514573,1.540865271896913,1.0,0.0,1.0,1.0,0.0,0.0
4,195,2.738257214983413,1.2048381388434608,0.0,1.0,0.0,1.0,1.0,1.0
5,195,4.33019129353113,2.9687445050002537,0.0,1.0,0.0,0.0,0.0,0.0
6,195,3.5269504781156185,11.044441911164268,0.0,0.0,1.0,0.0,0.0,1.0
7,195,9.50404065231013,11.521709323041453,0.0,1.0,0.0,0.0,0.0,1.0
8,195,11.338599975397049,6.042233892017668,1.0,1.0,0.0,1.0,0.0,0.0
9,195,12.0,8.835119275514764,1.0,1.0,0.0,0.0,1.0,1.0
10,195,9.453322238411689,1.6478321832366871,1.0,1.0,1.0,0.0,0.0,0.0
11,195,6.562862200799358,11.88365494321084,1.0,0.0,0.0,1.0,0.0,1.0
12,195,7.449853292080632,0.422282646630194,1.0,0.0,0.0,0.0,0.0,0.0
13,195,0.9070085161864996,7.856726460710225,0.0,0.0,1.0,0.0,0.0,1.0
14,195,1.6930065086619093,10.122036971972417,0.0,0.0,1.0,0.0,1.0,0.0
15,195,12.0,7.588337721138925,0.0,1.0,0.0,0.0,0.0,1.0
16,195,2.0373292638712392,4.238369946631581,1.0,1.0,0.0,0.0,0.0,0.0
17,195,0.7575300034002398,12.0,1.0,1.0,0.0,0.0,0.0,1.0
18,195,1.2167462953281798,6.983037936306979,1.0,0.0,0.0,1.0,0.0,1.0
19,195,5.979441765783898,2.36996334027855,0.0,0.0,0.0,0.0,1.0,1.0
20,195,0.0,12.0,0.0,0.0,1.0,0.0,1.0,0.0
21,195,0.0,4.231978746764246,0.0,0.0,1.0,0.0,0.0,0.0
22,195,5.644180913428508,5.698759531504472,1.0,0.0,0.0,0.0,0.0,1.0
23,195,4.88812594378973,11.27435276733842,0.0,0.0,0.0,1.0,0.0,1.0
24,195,6.231239219547151,11.4298414138445,0.0,1.0,0.0,1.0,0.0,0.0
25,195,0.6183550182898075,8.425708464614399,1.0,0.0,1.0,0.0,0.0,0.0
26,195,9.89153959428492,0.3983081817747583,1.0,1.0,0.0,0.0,1.0,0.0
27,195,10.857350619740023,2.374476445175201,1.0,0.0,1.0,1.0,1.0,1.0
28,195,3.449449930453047,4.676542996367307,0.0,0.0,0.0,0.0,0.0,1.0
29,195,5.768535551669821,11.666768596680123,0.0,0.0,1.0,0.0,1.0,0.0
0,200,2.2189635049579337,1.1500556282729144,0.0,0.0,0.0,0.0,1.0,0.0
1,200,4.703030020395371,11.992247904165676,1.0,1.0,1.0,0.0,1.0,1.0
2,200,5.560072206939023,2.680514858784795,0.0,0.0,0.0,1.0,1.0,0.0
3,200,5.708519995909668,1.565658466089228,1.0,0.0,1.0,1.0,0.0,0.0
4,200,2.7481726143240675,1.2118159092528025,0.0,1.0,0.0,1.0,1.0,1.0
5,200,4.339855541992369,3.027683879777573,0.0,1.0,0.0,0.0,0.0,0.0
6,200,3.5227167660538106,11.04433407611432,0.0,0.0,1.0,0.0,0.0,1.0
7,200,9.511196912020411,11.519746665667228,0.0,1.0,0.0,0.0,0.0,1.0
8,200,11.351280868439783,6.043988922737483,1.0,1.0,0.0,1.0,0.0,0.0
9,200,12.0,8.914375287145473,1.0,1.0,0.0,0.0,1.0,1.0
10,200,9.512249543555065,1.63621830141569,1.0,1.0,1.0,0.0,0.0,0.0
11,200,6.5624049957454105,11.882438241916187,1.0,0.0,0.0,1.0,0.0,1.0
12,200,7.47317337761717,0.4843483790244622,1.0,0.0,0.0,0.0,0.0,0.0
13,200,0.9456764342300952,7.984348523647724,0.0,0.0,1.0,0.0,0.0,1.0
14,200,1.6520057553131096,10.16373832718891,0.0,0.0,1.0,0.0,1.0,0.0
15,200,12.0,7.592079509586751,0.0,1.0,0.0,0.0,0.0,1.0
16,200,2.0375080494907816,4.245515438604328,1.0,1.0,0.0,0.0,0.0,0.0
17,200,0.7660054377298299,12.0,1.0,1.0,0.0,0.0,0.0,1.0
18,200,1.2862793001139678,6.983473932971539,1.0,0.0,0.0,1.0,0.0,1.0
19,200,5.963826777471409,2.2675721239677022,0.0,0.0,0.0,0.0,1.0,1.0
20,200,0.0,12.0,0.0,0.0,1.0,0.0,1.0,0.0
21,200,0.0,4.208986577187029,0.0,0.0,1.0,0.0,0.0,0.0
22,200,5.602272475260477,5.86072654079914,1.0,0.0,0.0,0.0,0.0,1.0
23,200,4.854476454507339,11.321071580158884,0.0,0.0,0.0,1.0,0.0,1.0
24,200,6.250230460314971,11.452111935383238,0.0,1.0,0.0,1.0,0.0,0.0
25,200,0.6040159880610798,8.40786728772328,1.0,0.0,1.0,0.0,0.0,0.0
26,200,9.896438788702412,0.3803352856659743,1.0,1.0,0.0,0.0,1.0,0.0
27,200,10.855684095074388,2.3749298413274604,1.0,0.0,1.0,1.0,1.0,1.0
28,200,3.37087121168121,4.731124085932733,0.0,0.0,0.0,0.0,0.0,1.0
29,200,5.756242689926846,11.741465428039303,0.0,0.0,1.0,0.0,1.0,0.0
0,205,2.2103442197545364,1.1335760078861294,0.0,0.0,0.0,0.0,1.0,0.0
1,205,4.711042318553029,11.976877508474235,1.0,1.0,1.0,0.0,1.0,1.0
2,205,5.5562156192699,2.6696533478199136,0.0,0.0,0.0,1.0,1.0,0.0
3,205,5.698975215096044,1.5861610061968174,1.0,0.0,1.0,1.0,0.0,0.0
4,205,2.7615331531837524,1.2214170176456058,0.0,1.0,0.0,1.0,1.0,1.0
5,205,4.355380494121373,3.1085651557631104,0.0,1.0,0.0,0.0,0.0,0.0
6,205,3.519971690510632,11.0443344633974,0.0,0.0,1.0,0.0,0.0,1.0
7,205,9.520821847875466,11.517128488722726,0.0,1.0,0.0,0.0,0.0,1.0
8,205,11.359640744576952,6.045377497898202,1.0,1.0,0.0,1.0,0.0,0.0
9,205,12.0,8.981483643290277,1.0,1.0,0.0,0.0,1.0,1.0
10,205,9.570539893836736,1.6243439514848668,1.0,1.0,1.0,0.0,0.0,0.0
11,205,6.564914559563782,11.889048220834765,1.0,0.0,0.0,1.0,0.0,1.0
12,205,7.500004314292076,0.5488998433041248,1.0,0.0,0.0,0.0,0.0,0.0
13,205,0.9845450321292584,8.109865549767932,0.0,0.0,1.0,0.0,0.0,1.0
14,205,1.593277112079844,10.107713955988626,0.0,0.0,1.0,0.0,1.0,0.0
15,205,12.0,7.593568813870752,0.0,1.0,0.0,0.0,0.0,1.0
16,205,2.0378658466050767,4.251698867732935,1.0,1.0,0.0,0.0,0.0,0.0
17,205,0.7716185238411962,12.0,1.0,1.0,0.0,0.0,0.0,1.0
18,205,1.3605888878325372,6.985100730209659,1.0,0.0,0.0,1.0,0.0,1.0
19,205,5.948480615972379,2.174621831503226,0.0,0.0,0.0,0.0,1.0,1.0
20,205,0.0,12.0,0.0,0.0,1.0,0.0,1.0,0.0
21,205,0.0,4.168529793154641,0.0,0.0,1.0,0.0,0.0,0.0
22,205,5.564333730697952,6.012656283167444,1.0,0.0,0.0,0.0,0.0,1.0
23,205,4.811878563888872,11.379667103239788,0.0,0.0,0.0,1.0,0.0,1.0
24,205,6.2741574547345,11.48064484862966,0.0,1.0,0.0,1.0,0.0,0.0
25,205,0.5995865816567745,8.402628201665918,1.0,0.0,1.0,0.0,0.0,0.0
26,205,9.898454962143528,0.372475186993403,1.0,1.0,0.0,0.0,1.0,0.0
27,205,10.857934746776166,2.3742413400990205,1.0,0.0,1.0,1.0,1.0,1.0
28,205,3.2945113080833344,4.783617434031171,0.0,0.0,0.0,0.0,0.0,1.0
29,205,5.741501399599374,11.82379963517368,0.0,0.0,1.0,0.0,1.0,0.0
0,210,2.1999265138701536,1.1136048075043623,0.0,0.0,0.0,0.0,1.0,0.0
1,210,4.7264930240177065,11.984989542087543,1.0,1.0,1.0,0.0,1.0,1.0
2,210,5.545704148823867,2.6408423868893234,0.0,0.0,0.0,1.0,1.0,0.0
3,210,5.6968099027767085,1.5908781918923651,1.0,0.0,1.0,1.0,0.0,0.0
4,210,2.753351685638272,1.2156489777516242,0.0,1.0,0.0,1.0,1.0,1.0
5,210,4.374220344367928,3.1914762121729674,0.0,1.0,0.0,0.0,0.0,0.0
6,210,3.514959842850817,11.04422101183791,0.0,0.0,1.0,0.0,0.0,1.0
7,210,9.539581035583192,11.512131307913943,0.0,1.0,0.0,0.0,0.0,1.0
8,210,11.361116260752208,6.045653909865872,1.0,1.0,0.0,1.0,0.0,0.0
9,210,12.0,9.058979784276818,1.0,1.0,0.0,0.0,1.0,1.0
10,210,9.62543844174456,1.613797965235795,1.0,1.0,1.0,0.0,0.0,0.0
11,210,6.565474284041649,11.890565744069145,1.0,0.0,0.0,1.0,0.0,1.0
12,210,7.52655816857208,0.6088794376836786,1.0,0.0,0.0,0.0,0.0,0.0
13,210,1.0328866086628326,8.255003553761101,0.0,0.0,1.0,0.0,0.0,1.0
14,210,1.5258819611136434,10.042702274353667,0.0,0.0,1.0,0.0,1.0,0.0
15,210,12.0,7.59384661881355,0.0,1.0,0.0,0.0,0.0,1.0
16,210,2.037812127576875,4.250961485940845,1.0,1.0,0.0,0.0,0.0,0.0
17,210,0.7723748006189904,12.0,1.0,1.0,0.0,0.0,0.0,1.0
18,210,1.4208722738180362,6.987598647876698,1.0,0.0,0.0,1.0,0.0,1.0
19,210,5.932838231493346,2.0786424720791112,0.0,0.0,0.0,0.0,1.0,1.0
20,210,0.0,12.0,0.0,0.0,1.0,0.0,1.0,0.0
21,210,0.0,4.130875102796374,0.0,0.0,1.0,0.0,0.0,0.0
22,210,5.523039604277464,6.167977553384903,1.0,0.0,0.0,0.0,0.0,1.0
23,210,4.773627730006358,11.433982488855513,0.0,0.0,0.0,1.0,0.0,1.0
24,210,6.304808651103816,11.519753168117756,0.0,1.0,0.0,1.0,0.0,0.0
25,210,0.6034117139282107,8.407247234985615,1.0,0.0,1.0,0.0,0.0,0.0
26,210,9.901994105068338,0.3591169879198643,1.0,1.0,0.0,0.0,1.0,0.0
27,210,10.867835172608164,2.371315379349637,1.0,0.0,1.0,1.0,1.0,1.0
28,210,3.2270066617703863,4.825821486080985,0.0,0.0,0.0,0.0,0.0,1.0
29,210,5.72501508780964,11.900417699582556,0.0,0.0,1.0,0.0,1.0,0.0
0,215,2.1856360647031354,1.0867990309128737,0.0,0.0,0.0,0.0,1.0,0.0
1,215,4.737653123529324,11.990822565321688,1.0,1.0,1.0,0.0,1.0,1.0
2,215,5.5291834793012775,2.5939585162694296,0.0,0.0,0.0,1.0,1.0,0.0
3,215,5.695281457988529,1.5944767660519397,1.0,0.0,1.0,1.0,0.0,0.0
4,215,2.7303440529857133,1.1997964970355883,0.0,1.0,0.0,1.0,1.0,1.0
5,215,4.389868320401212,3.2796212005458,0.0,1.0,0.0,0.0,0.0,0.0
6,215,3.4985108878057374,11.043733756183933,0.0,0.0,1.0,0.0,0.0,1.0
7,215,9.565747574023169,11.505272660654343,0.0,1.0,0.0,0.0,0.0,1.0
8,215,11.372750779077167,6.047930679701453,1.0,1.0,0.0,1.0,0.0,0.0
9,215,12.0,9.134382712947197,1.0,1.0,0.0,0.0,1.0,1.0
10,215,9.683459193637118,1.6027803110630117,1.0,1.0,1.0,0.0,0.0,0.0
11,215,6.569583898313889,11.90162668552213,1.0,0.0,0.0,1.0,0.0,1.0
12,215,7.5553012304624385,0.6743052962141184,1.0,0.0,0.0,0.0,0.0,0.0
13,215,1.0836520287406897,8.393872321124578,0.0,0.0,1.0,0.0,0.0,1.0
14,215,1.4477805644201494,9.967578404845742,0.0,0.0,1.0,0.0,1.0,0.0
15,215,12.0,7.595651216483892,0.0,1.0,0.0,0.0,0.0,1.0
16,215,2.038080313181247,4.254668923536614,1.0,1.0,0.0,0.0,0.0,0.0
17,215,0.760950298821298,11.971704425700466,1.0,1.0,0.0,0.0,0.0,1.0
18,215,1.4799884743456455,6.991013206395746,1.0,0.0,0.0,1.0,0.0,1.0
19,215,5.91221102351335,1.9832836604532311,0.0,0.0,0.0,0.0,1.0,1.0
20,215,0.0,12.0,0.0,0.0,1.0,0.0,1.0,0.0
21,215,0.0,4.096152089343933,0.0,0.0,1.0,0.0,0.0,0.0
22,215,5.487997870219276,6.329286431269315,1.0,0.0,0.0,0.0,0.0,1.0
23,215,4.726515746538228,11.496600838683996,0.0,0.0,0.0,1.0,0.0,1.0
24,215,6.328189843527275,11.550224320849065,0.0,1.0,0.0,1.0,0.0,0.0
25,215,0.614744094150634,8.421960032927025,1.0,0.0,1.0,0.0,0.0,0.0
26,215,9.9040992654488,0.3512792693512532,1.0,1.0,0.0,0.0,1.0,0.0
27,215,10.911419545808805,2.3575854139244443,1.0,0.0,1.0,1.0,1.0,1.0
28,215,3.151984340743656,4.872156294073518,0.0,0.0,0.0,0.0,0.0,1.0
29,215,5.712351439654597,11.9587589370432,0.0,0.0,1.0,0.0,1.0,0.0
0,220,2.1727672833563187,1.0633454727586895,0.0,0.0,0.0,0.0,1.0,0.0
1,220,4.736258983461451,11.990109053730354,1.0,1.0,1.0,0.0,1.0,1.0
2,220,5.516684618501137,2.5610262917194704,0.0,0.0,0.0,1.0,1.0,0.0
3,220,5.68720698561743,1.6122169351265985,1.0,0.0,1.0,1.0,0.0,0.0
4,220,2.709264859075156,1.1859610871198707,0.0,1.0,0.0,1.0,1.0,1.0
5,220,4.411463528037848,3.3885051559281507,0.0,1.0,0.0,0.0,0.0,0.0
6,220,3.472310651535932,11.043168065646944,0.0,0.0,1.0,0.0,0.0,1.0
7,220,9.610147192951318,11.49480200542315,0.0,1.0,0.0,0.0,0.0,1.0
8,220,11.395327687961483,6.052051261734622,1.0,1.0,0.0,1.0,0.0,0.0
9,220,12.0,9.207848925754323,1.0,1.0,0.0,0.0,1.0,1.0
10,220,9.742660184866796,1.591458941548999,1.0,1.0,1.0,0.0,0.0,0.0
11,220,6.577535732129477,11.924633063849626,1.0,0.0,0.0,1.0,0.0,1.0
12,220,7.589135896682837,0.7519190130091886,1.0,0.0,0.0,0.0,0.0,0.0
13,220,1.142741138207264,8.544248554938791,0.0,0.0,1.0,0.0,0.0,1.0
14,220,1.3636594345399455,9.884502448202332,0.0,0.0,1.0,0.0,1.0,0.0
15,220,12.0,7.598589937044273,0.0,1.0,0.0,0.0,0.0,1.0
16,220,2.0380321270702515,4.253347596694201,1.0,1.0,0.0,0.0,0.0,0.0
17,220,0.7538981276529447,11.954149833587826,1.0,1.0,0.0,0.0,0.0,1.0
18,220,1.5454218191622258,6.99701640602027,1.0,0.0,0.0,1.0,0.0,1.0
19,220,5.894088959083361,1.8907194532489895,0.0,0.0,0.0,0.0,1.0,1.0
20,220,0.0,12.0,0.0,0.0,1.0,0.0,1.0,0.0
21,220,0.0,4.06909023289763,0.0,0.0,1.0,0.0,0.0,0.0
22,220,5.454488069833728,6.50492565639923,1.0,0.0,0.0,0.0,0.0,1.0
23,220,4.674825047092249,11.565498179240558,0.0,0.0,0.0,1.0,0.0,1.0
24,220,6.345505840187665,11.572388935347218,0.0,1.0,0.0,1.0,0.0,0.0
25,220,0.6311867527523314,8.443893376308916,1.0,0.0,1.0,0.0,0.0,0.0
26,220,9.909574044301618,0.3325439492214156,1.0,1.0,0.0,0.0,1.0,0.0
27,220,10.94904164564317,2.344913278773455,1.0,0.0,1.0,1.0,1.0,1.0
28,220,3.0565381718291467,4.929239197878386,0.0,0.0,0.0,0.0,0.0,1.0
29,220,5.700159263580448,12.0,0.0,0.0,1.0,0.0,1.0,0.0
0,225,2.152947279747853,1.0257287318435686,0.0,0.0,0.0,0.0,1.0,0.0
1,225,4.721317050633483,11.982749594379207,1.0,1.0,1.0,0.0,1.0,1.0
2,225,5.511028228854426,2.5458786582733235,0.0,0.0,0.0,1.0,1.0,0.0
3,225,5.676373734825318,1.6365456701215966,1.0,0.0,1.0,1.0,0.0,0.0
4,225,2.6891536873366158,1.1733005788216304,0.0,1.0,0.0,1.0,1.0,1.0
5,225,4.431822884288397,3.485246972539409,0.0,1.0,0.0,0.0,0.0,0.0
6,225,3.433427672450831,11.04185803217547,0.0,0.0,1.0,0.0,0.0,1.0
7,225,9.650183085340968,11.484283077142027,0.0,1.0,0.0,0.0,0.0,1.0
8,225,11.395944272890231,6.052174800785972,1.0,1.0,0.0,1.0,0.0,0.0
9,225,11.923027199578083,9.33625234607489,1.0,1.0,0.0,0.0,1.0,1.0
10,225,9.797028943319424,1.580978680669176,1.0,1.0,1.0,0.0,0.0,0.0
11,225,6.586480909108744,11.949047280005624,1.0,0.0,0.0,1.0,0.0,1.0
12,225,7.629538404819794,0.8435659632713628,1.0,0.0,0.0,0.0,0.0,0.0
13,225,1.2099182003040374,8.719808741787162,0.0,0.0,1.0,0.0,0.0,1.0
14,225,1.2774309619323228,9.799232912103466,0.0,0.0,1.0,0.0,1.0,0.0
15,225,12.0,7.600392316107555,0.0,1.0,0.0,0.0,0.0,1.0
16,225,2.0383290533606258,4.259882068943398,1.0,1.0,0.0,0.0,0.0,0.0
17,225,0.7526362882270157,11.951067667363484,1.0,1.0,0.0,0.0,0.0,1.0
18,225,1.603710497386208,7.002386119983582,1.0,0.0,0.0,1.0,0.0,1.0
19,225,5.879464398106716,1.8094685485525857,0.0,0.0,0.0,0.0,1.0,1.0
20,225,0.0,12.0,0.0,0.0,1.0,0.0,1.0,0.0
21,225,0.0,4.04195198673719,0.0,0.0,1.0,0.0,0.0,0.0
22,225,5.419002175842958,6.703502711212551,1.0,0.0,0.0,0.0,0.0,1.0
23,225,4.62434452736808,11.630693980757586,0.0,0.0,0.0,1.0,0.0,1.0
24,225,6.354542801635978,11.58416655110389,0.0,1.0,0.0,1.0,0.0,0.0
25,225,0.6441813953507294,8.461228757638462,1.0,0.0,1.0,0.0,0.0,0.0
26,225,9.916658348569175,0.3086897826394166,1.0,1.0,0.0,0.0,1.0,0.0
27,225,10.994193825117332,2.329685214458004,1.0,0.0,1.0,1.0,1.0,1.0
28,225,2.9593630350689337,4.9872853554670815,0.0,0.0,0.0,0.0,0.0,1.0
29,225,5.689677856920072,12.0,0.0,0.0,1.0,0.0,1.0,0.0
0,230,2.126319720952456,0.977414570829882,0.0,0.0,0.0,0.0,1.0,0.0
1,230,4.711881890384302,11.977702504454465,1.0,1.0,1.0,0.0,1.0,1.0
2,230,5.502401790610954,2.520768117885249,0.0,0.0,0.0,1.0,1.0,0.0
3,230,5.665708212228474,1.6582796062577383,1.0,0.0,1.0,1.0,0.0,0.0
4,230,2.684636938443894,1.1705824666238278,0.0,1.0,0.0,1.0,1.0,1.0
5,230,4.44626390613843,3.554231532953129,0.0,1.0,0.0,0.0,0.0,0.0
6,230,3.3708363855404992,11.04082302138459,0.0,0.0,1.0,0.0,0.0,1.0
7,230,9.68705885074358,11.47552875999728,0.0,1.0,0.0,0.0,0.0,1.0
8,230,11.40136462238025,6.053376856922967,1.0,1.0,0.0,1.0,0.0,0.0
9,230,11.85424937995624,9.449382029978384,1.0,1.0,0.0,0.0,1.0,1.0
10,230,9.848057795041548,1.5707759725171584,1.0,1.0,1.0,0.0,0.0,0.0
11,230,6.600108438242181,11.989425094645672,1.0,0.0,0.0,1.0,0.0,1.0
12,230,7.669517157323211,0.931666984366469,1.0,0.0,0.0,0.0,0.0,0.0
13,230,1.2710849111941094,8.897789258979047,0.0,0.0,1.0,0.0,0.0,1.0
14,230,1.1923344408176644,9.712099515576314,0.0,0.0,1.0,0.0,1.0,0.0
15,230,12.0,7.601258474133099,0.0,1.0,0.0,0.0,0.0,1.0
16,230,2.039296228774715,4.278307289468773,1.0,1.0,0.0,0.0,0.0,0.0
17,230,0.745813960353402,11.93417875715884,1.0,1.0,0.0,0.0,0.0,1.0
18,230,1.6645242348603304,7.006933808664496,1.0,0.0,0.0,1.0,0.0,1.0
19,230,5.865061623344051,1.7244811203531607,0.0,0.0,0.0,0.0,1.0,1.0
20,230,0.0,12.0,0.0,0.0,1.0,0.0,1.0,0.0
21,230,0.0,4.004296718070044,0.0,0.0,1.0,0.0,0.0,0.0
22,230,5.375310323375076,6.916934764091218,1.0,0.0,0.0,0.0,0.0,1.0
23,230,4.567245286520545,11.703418645633162,0.0,0.0,0.0,1.0,0.0,1.0
24,230,6.340783566112808,11.566614755333752,0.0,1.0,0.0,1.0,0.0,0.0
25,230,0.6689886949204263,8.492407161550366,1.0,0.0,1.0,0.0,0.0,0.0
26,230,9.935710478618883,0.2461942442262187,1.0,1.0,0.0,0.0,1.0,0.0
27,230,11.027549886679246,2.318047544826361,1.0,0.0,1.0,1.0,1.0,1.0
28,230,2.880282278514571,5.035571403918793,0.0,0.0,0.0,0.0,0.0,1.0
29,230,5.678674236426159,12.0,0.0,0.0,1.0,0.0,1.0,0.0
0,235,2.1051487186908746,0.938184968818502,0.0,0.0,0.0,0.0,1.0,0.0
1,235,4.704770379614221,11.973581449755091,1.0,1.0,1.0,0.0,1.0,1.0
2,235,5.490737839718681,2.4886924456055195,0.0,0.0,0.0,1.0,1.0,0.0
3,235,5.648985536674199,1.6899503860380043,1.0,0.0,1.0,1.0,0.0,0.0
4,235,2.6759032544364127,1.165069078895255,0.0,1.0,0.0,1.0,1.0,1.0
5,235,4.4594232340058415,3.619795606470522,0.0,1.0,0.0,0.0,0.0,0.0
6,235,3.315269371006515,11.040600481634876,0.0,0.0,1.0,0.0,0.0,1.0
7,235,9.692061051980987,11.474290235974784,0.0,1.0,0.0,0.0,0.0,1.0
8,235,11.40978241298585,6.055074045948272,1.0,1.0,0.0,1.0,0.0,0.0
9,235,11.775030904368242,9.5746818917547,1.0,1.0,0.0,0.0,1.0,1.0
10,235,9.892505977169426,1.561618059280306,1.0,1.0,1.0,0.0,0.0,0.0
11,235,6.616877794010879,12.0,1.0,0.0,0.0,1.0,0.0,1.0
12,235,7.705949331484875,1.0130496693438835,1.0,0.0,0.0,0.0,0.0,0.0
13,235,1.3299182726104863,9.07867091555518,0.0,0.0,1.0,0.0,0.0,1.0
14,235,1.0990461099198736,9.618883251331424,0.0,0.0,1.0,0.0,1.0,0.0
15,235,12.0,7.60210999324001,0.0,1.0,0.0,0.0,0.0,1.0
16,235,2.040039739399618,4.300603327225646,1.0,1.0,0.0,0.0,0.0,0.0
17,235,0.7429285442065453,11.927270997417656,1.0,1.0,0.0,0.0,0.0,1.0
18,235,1.7212562112405403,7.011748197839245,1.0,0.0,0.0,1.0,0.0,1.0
19,235,5.850370704180142,1.6311846598206636,0.0,0.0,0.0,0.0,1.0,1.0
20,235,0.0,12.0,0.0,0.0,1.0,0.0,1.0,0.0
21,235,0.0,3.963792972261538,0.0,0.0,1.0,0.0,0.0,0.0
22,235,5.325863507902362,7.130213079161193,1.0,0.0,0.0,0.0,0.0,1.0
23,235,4.510237356303821,11.779890086611257,0.0,0.0,0.0,1.0,0.0,1.0
24,235,6.32666041158493,11.549650747666634,0.0,1.0,0.0,1.0,0.0,0.0
25,235,0.6788410328089751,8.504358938353537,1.0,0.0,1.0,0.0,0.0,0.0
26,235,9.959931845862672,0.165536058097336,1.0,1.0,0.0,0.0,1.0,0.0
27,235,11.056595470610308,2.3078643274476933,1.0,0.0,1.0,1.0,1.0,1.0
28,235,2.80899188776012,5.0816825298821415,0.0,0.0,0.0,0.0,0.0,1.0
29,235,5.666631278133007,12.0,0.0,0.0,1.0,0.0,1.0,0.0
0,240,2.07866264313558,0.8907862606540831,0.0,0.0,0.0,0.0,1.0,0.0
1,240,4.674427858496811,11.955033307718844,1.0,1.0,1.0,0.0,1.0,1.0
2,240,5.476662605229276,2.450086727085397,0.0,0.0,0.0,1.0,1.0,0.0
3,240,5.635900029804067,1.7179130865155583,1.0,0.0,1.0,1.0,0.0,0.0
4,240,2.652801440442857,1.1501486060355042,0.0,1.0,0.0,1.0,1.0,1.0
5,240,4.472915325717917,3.681380132595635,0.0,1.0,0.0,0.0,0.0,0.0
6,240,3.284441164326912,11.03989217676198,0.0,0.0,1.0,0.0,0.0,1.0
7,240,9.710855232266576,11.469851686186969,0.0,1.0,0.0,0.0,0.0,1.0
8,240,11.437816828894633,6.060518760282671,1.0,1.0,0.0,1.0,0.0,0.0
9,240,11.705025569559696,9.68687797328243,1.0,1.0,0.0,0.0,1.0,1.0
10,240,9.95572137639581,1.5484925265916496,1.0,1.0,1.0,0.0,0.0,0.0
11,240,6.632516561016576,12.0,1.0,0.0,0.0,1.0,0.0,1.0
12,240,7.748104176316107,1.1131519158627168,1.0,0.0,0.0,0.0,0.0,0.0
13,240,1.386378758878883,9.246095721559684,0.0,0.0,1.0,0.0,0.0,1.0
14,240,1.0070116771554585,9.528100468942908,0.0,0.0,1.0,0.0,1.0,0.0
15,240,12.0,7.601992884659926,0.0,1.0,0.0,0.0,0.0,1.0
16,240,2.040292466506889,4.313395483824695,1.0,1.0,0.0,0.0,0.0,0.0
17,240,0.7412434493944632,11.923338238016283,1.0,1.0,0.0,0.0,0.0,1.0
18,240,1.8052568745924908,7.017718886723991,1.0,0.0,0.0,1.0,0.0,1.0
19,240,5.837368809469417,1.559009864893982,0.0,0.0,0.0,0.0,1.0,1.0
20,240,0.0,12.0,0.0,0.0,1.0,0.0,1.0,0.0
21,240,0.0,3.9047633728215274,0.0,0.0,1.0,0.0,0.0,0.0
22,240,5.271950607759157,7.357778557796166,1.0,0.0,0.0,0.0,0.0,1.0
23,240,4.451030368532668,11.857847888213644,0.0,0.0,0.0,1.0,0.0,1.0
24,240,6.322830522225242,11.544994339026486,0.0,1.0,0.0,1.0,0.0,0.0
25,240,0.6905137095516856,8.517703965748835,1.0,0.0,1.0,0.0,0.0,0.0
26,240,9.979890537520854,0.1019721040674212,1.0,1.0,0.0,0.0,1.0,0.0
27,240,11.083282892560856,2.299300169857145,1.0,0.0,1.0,1.0,1.0,1.0
28,240,2.750133830528109,5.1203154084721945,0.0,0.0,0.0,0.0,0.0,1.0
29,240,5.654452777965655,12.0,0.0,0.0,1.0,0.0,1.0,0.0
0,245,2.049284997849908,0.8364906754698497,0.0,0.0,0.0,0.0,1.0,0.0
1,245,4.6455846555464335,11.936830101198272,1.0,1.0,1.0,0.0,1.0,1.0
2,245,5.463782458343919,2.414988266439916,0.0,0.0,0.0,1.0,1.0,0.0
3,245,5.627703747496536,1.7353372341288449,1.0,0.0,1.0,1.0,0.0,0.0
4,245,2.628601522628375,1.1343970822651332,0.0,1.0,0.0,1.0,1.0,1.0
5,245,4.485094032488501,3.7361145450769633,0.0,1.0,0.0,0.0,0.0,0.0
6,245,3.2526338655621005,11.03854272920415,0.0,0.0,1.0,0.0,0.0,1.0
7,245,9.711036434157778,11.469808254983889,0.0,1.0,0.0,0.0,0.0,1.0
8,245,11.47462859617003,6.067297826034077,1.0,1.0,0.0,1.0,0.0,0.0
9,245,11.63149579465866,9.804180015357916,1.0,1.0,0.0,0.0,1.0,1.0
10,245,10.0374920754627,1.5320470785035416,1.0,1.0,1.0,0.0,0.0,0.0
11,245,6.647536341245649,12.0,1.0,0.0,0.0,1.0,0.0,1.0
12,245,7.771428756495911,1.1766639430142172,1.0,0.0,0.0,0.0,0.0,0.0
13,245,1.4421113439001692,9.412971546584052,0.0,0.0,1.0,0.0,0.0,1.0
14,245,0.9104298585440826,9.434641497148451,0.0,0.0,1.0,0.0,1.0,0.0
15,245,12.0,7.601372692233,0.0,1.0,0.0,0.0,0.0,1.0
16,245,2.040317900281882,4.334446320966718,1.0,1.0,0.0,0.0,0.0,0.0
17,245,0.7391051064385982,11.917988127792215,1.0,1.0,0.0,0.0,0.0,1.0
18,245,1.881431797830027,7.023640818318312,1.0,0.0,0.0,1.0,0.0,1.0
19,245,5.821823416983245,1.4787492487521172,0.0,0.0,0.0,0.0,1.0,1.0
20,245,0.0,12.0,0.0,0.0,1.0,0.0,1.0,0.0
21,245,0.0,3.8318881650297394,0.0,0.0,1.0,0.0,0.0,0.0
22,245,5.218232861284405,7.590769279720345,1.0,0.0,0.0,0.0,0.0,1.0
23,245,4.379057362963067,11.952679922160964,0.0,0.0,0.0,1.0,0.0,1.0
24,245,6.332332210320327,11.556174455476407,0.0,1.0,0.0,1.0,0.0,0.0
25,245,0.7015227226137518,8.530254183831754,1.0,0.0,1.0,0.0,0.0,0.0
26,245,9.997695314620438,0.0488243589404258,1.0,1.0,0.0,0.0,1.0,0.0
27,245,11.126835976319866,2.2831427343264483,1.0,0.0,1.0,1.0,1.0,1.0
28,245,2.6835563672054894,5.1637344780086885,0.0,0.0,0.0,0.0,0.0,1.0
29,245,5.644146153042421,12.0,0.0,0.0,1.0,0.0,1.0,0.0
0,250,2.009258603748594,0.7628250834295892,0.0,0.0,0.0,0.0,1.0,0.0
1,250,4.61457484908627,11.916872225337606,1.0,1.0,1.0,0.0,1.0,1.0
2,250,5.444099344242492,2.361899990118689,0.0,0.0,0.0,1.0,1.0,0.0
3,250,5.6199588894063846,1.7521854404154,1.0,0.0,1.0,1.0,0.0,0.0
4,250,2.5872472803796778,1.1076409881487914,0.0,1.0,0.0,1.0,1.0,1.0
5,250,4.499436188336029,3.7910290881666686,0.0,1.0,0.0,0.0,0.0,0.0
6,250,3.246796266967192,11.038278110705315,0.0,0.0,1.0,0.0,0.0,1.0
7,250,9.700651280556974,11.472774648765322,0.0,1.0,0.0,0.0,0.0,1.0
8,250,11.530057819818866,6.07830934945486,1.0,1.0,0.0,1.0,0.0,0.0
9,250,11.548874275594356,9.93033157530752,1.0,1.0,0.0,0.0,1.0,1.0
10,250,10.114478422703444,1.5178732939153217,1.0,1.0,1.0,0.0,0.0,0.0
11,250,6.66277047732956,12.0,1.0,0.0,0.0,1.0,0.0,1.0
12,250,7.79507321048606,1.2391121828458789,1.0,0.0,0.0,0.0,0.0,0.0
13,250,1.500072933913331,9.569333542797583,0.0,0.0,1.0,0.0,0.0,1.0
14,250,0.8242030008250657,9.353615907314564,0.0,0.0,1.0,0.0,1.0,0.0
15,250,12.0,7.600214866694147,0.0,1.0,0.0,0.0,0.0,1.0
16,250,2.040710932590996,4.377869472257177,1.0,1.0,0.0,0.0,0.0,0.0
17,250,0.73840886167069,11.916275084649104,1.0,1.0,0.0,0.0,0.0,1.0
18,250,1.979887912476264,7.032819124306272,1.0,0.0,0.0,1.0,0.0,1.0
19,250,5.805241888670997,1.3880626198163406,0.0,0.0,0.0,0.0,1.0,1.0
20,250,0.0,12.0,0.0,0.0,1.0,0.0,1.0,0.0
21,250,0.0,3.763683601554383,0.0,0.0,1.0,0.0,0.0,0.0
22,250,5.159492925816581,7.825019732228609,1.0,0.0,0.0,0.0,0.0,1.0
23,250,4.312221027015246,12.0,0.0,0.0,0.0,1.0,0.0,1.0
24,250,6.33993213697845,11.56522231754618,0.0,1.0,0.0,1.0,0.0,0.0
25,250,0.7187447372028641,8.55100384954941,1.0,0.0,1.0,0.0,0.0,0.0
26,250,10.010156122039408,0.0132526592602433,1.0,1.0,0.0,0.0,1.0,0.0
27,250,11.170713000190815,2.267534366332109,1.0,0.0,1.0,1.0,1.0,1.0
28,250,2.6308814561247806,5.197286503359309,0.0,0.0,0.0,0.0,0.0,1.0
29,250,5.638007680310468,12.0,0.0,0.0,1.0,0.0,1.0,0.0
0,255,1.9717245087806157,0.6901849494978696,0.0,0.0,0.0,0.0,1.0,0.0
1,255,4.577411063691444,11.89348825562412,1.0,1.0,1.0,0.0,1.0,1.0
2,255,5.41747382016916,2.2891564307646166,0.0,0.0,0.0,1.0,1.0,0.0
3,255,5.614250728592185,1.764404120313918,1.0,0.0,1.0,1.0,0.0,0.0
4,255,2.5505709575184152,1.0841591273995006,0.0,1.0,0.0,1.0,1.0,1.0
5,255,4.517610480509108,3.8569494813470167,0.0,1.0,0.0,0.0,0.0,0.0
6,255,3.2613016882879915,11.03929825485001,0.0,0.0,1.0,0.0,0.0,1.0
7,255,9.681863047369898,11.478053987910908,0.0,1.0,0.0,0.0,0.0,1.0
8,255,11.589388079079708,6.09047021963949,1.0,1.0,0.0,1.0,0.0,0.0
9,255,11.459950603672734,10.065299615570009,1.0,1.0,0.0,0.0,1.0,1.0
10,255,10.195954160534788,1.5030065867633178,1.0,1.0,1.0,0.0,0.0,0.0
11,255,6.674927449344987,12.0,1.0,0.0,0.0,1.0,0.0,1.0
12,255,7.818878209408256,1.297364210728583,1.0,0.0,0.0,0.0,0.0,0.0
13,255,1.5516621006710791,9.71711821813255,0.0,0.0,1.0,0.0,0.0,1.0
14,255,0.7411076145511194,9.276128050180876,0.0,0.0,1.0,0.0,1.0,0.0
15,255,12.0,7.598663301775098,0.0,1.0,0.0,0.0,0.0,1.0
16,255,2.040723771537297,4.440658294143189,1.0,1.0,0.0,0.0,0.0,0.0
17,255,0.7332038570452234,11.903467776690132,1.0,1.0,0.0,0.0,0.0,1.0
18,255,2.0581835988275627,7.041991248556355,1.0,0.0,0.0,1.0,0.0,1.0
19,255,5.791106676744011,1.3155320267809565,0.0,0.0,0.0,0.0,1.0,1.0
20,255,0.0,12.0,0.0,0.0,1.0,0.0,1.0,0.0
21,255,0.0,3.7045825900942138,0.0,0.0,1.0,0.0,0.0,0.0
22,255,5.099079952114714,8.069225898619198,1.0,0.0,0.0,0.0,0.0,1.0
23,255,4.239885646810576,12.0,0.0,0.0,0.0,1.0,0.0,1.0
24,255,6.354279500907959,11.582955065570747,0.0,1.0,0.0,1.0,0.0,0.0
25,255,0.7334204444971782,8.568105501691194,1.0,0.0,1.0,0.0,0.0,0.0
26,255,10.02258070198156,0.0,1.0,1.0,0.0,0.0,1.0,0.0
27,255,11.2220731352316,2.248209118911632,1.0,0.0,1.0,1.0,1.0,1.0
28,255,2.5991655837525904,5.218479411956834,0.0,0.0,0.0,0.0,0.0,1.0
29,255,5.629551699517543,12.0,0.0,0.0,1.0,0.0,1.0,0.0
0,260,1.9340143641458671,0.6205527642693153,0.0,0.0,0.0,0.0,1.0,0.0
1,260,4.528278140588468,11.861220234421312,1.0,1.0,1.0,0.0,1.0,1.0
2,260,5.387850752743306,2.214378259776842,0.0,0.0,0.0,1.0,1.0,0.0
3,260,5.608585451009445,1.7763619525149792,1.0,0.0,1.0,1.0,0.0,0.0
4,260,2.4959929977431017,1.0504172269340202,0.0,1.0,0.0,1.0,1.0,1.0
5,260,4.5352951396117165,3.9201170023669434,0.0,1.0,0.0,0.0,0.0,0.0
6,260,3.271510742998867,11.040063253833036,0.0,0.0,1.0,0.0,0.0,1.0
7,260,9.67173413182781,11.48091268339317,0.0,1.0,0.0,0.0,0.0,1.0
8,260,11.668194714072197,6.108734553351614,1.0,1.0,0.0,1.0,0.0,0.0
9,260,11.359989089943792,10.219568475334215,1.0,1.0,0.0,0.0,1.0,1.0
10,260,10.286506189269522,1.4860837362307058,1.0,1.0,1.0,0.0,0.0,0.0
11,260,6.68787388195029,12.0,1.0,0.0,0.0,1.0,0.0,1.0
12,260,7.83930741897864,1.350053507105995,1.0,0.0,0.0,0.0,0.0,0.0
13,260,1.6036247774543455,9.860228667269242,0.0,0.0,1.0,0.0,0.0,1.0
14,260,0.6517966327091382,9.195096444811105,0.0,0.0,1.0,0.0,1.0,0.0
15,260,12.0,7.596416835909564,0.0,1.0,0.0,0.0,0.0,1.0
16,260,2.040800690300451,4.48780202481545,1.0,1.0,0.0,0.0,0.0,0.0
17,260,0.7340973293018231,11.905652414034629,1.0,1.0,0.0,0.0,0.0,1.0
18,260,2.142756173983779,7.050537329859937,1.0,0.0,0.0,1.0,0.0,1.0
19,260,5.778035641863877,1.25428481884268,0.0,0.0,0.0,0.0,1.0,1.0
20,260,0.0,12.0,0.0,0.0,1.0,0.0,1.0,0.0
21,260,0.0,3.645230643824219,0.0,0.0,1.0,0.0,0.0,0.0
22,260,5.05086440902177,8.290467911983104,1.0,0.0,0.0,0.0,0.0,1.0
23,260,4.163355302398252,12.0,0.0,0.0,0.0,1.0,0.0,1.0
24,260,6.353724299424437,11.582319720446351,0.0,1.0,0.0,1.0,0.0,0.0
25,260,0.7494503073615032,8.586771914242668,1.0,0.0,1.0,0.0,0.0,0.0
26,260,10.037460516179976,0.0,1.0,1.0,0.0,0.0,1.0,0.0
27,260,11.260638436764618,2.234390435683233,1.0,0.0,1.0,1.0,1.0,1.0
28,260,2.574826306884734,5.235433562124053,0.0,0.0,0.0,0.0,0.0,1.0
29,260,5.62210518579984,12.0,0.0,0.0,1.0,0.0,1.0,0.0
0,265,1.8916260855857232,0.5404419229239866,0.0,0.0,0.0,0.0,1.0,0.0
1,265,4.473386392888251,11.828145294421455,1.0,1.0,1.0,0.0,1.0,1.0
2,265,5.36506708387537,2.158426413167703,0.0,0.0,0.0,1.0,1.0,0.0
3,265,5.582973487122578,1.8286311897277896,1.0,0.0,1.0,1.0,0.0,0.0
4,265,2.4301414831032213,1.0119943058326957,0.0,1.0,0.0,1.0,1.0,1.0
5,265,4.554391936247868,3.995461057504206,0.0,1.0,0.0,0.0,0.0,0.0
6,265,3.2748610008774373,11.040257001803692,0.0,0.0,1.0,0.0,0.0,1.0
7,265,9.661497948161063,11.48385665016295,0.0,1.0,0.0,0.0,0.0,1.0
8,265,11.762286494641137,6.131752536238812,1.0,1.0,0.0,1.0,0.0,0.0
9,265,11.253230857005557,10.373312371816889,1.0,1.0,0.0,0.0,1.0,1.0
10,265,10.385963625493476,1.4708753189585442,1.0,1.0,1.0,0.0,0.0,0.0
11,265,6.704069572691593,12.0,1.0,0.0,0.0,1.0,0.0,1.0
12,265,7.858270663183235,1.3998402238021967,1.0,0.0,0.0,0.0,0.0,0.0
13,265,1.6508819882289274,10.006259604081016,0.0,0.0,1.0,0.0,0.0,1.0
14,265,0.556209250542446,9.106646900443558,0.0,0.0,1.0,0.0,1.0,0.0
15,265,12.0,7.593455692769556,0.0,1.0,0.0,0.0,0.0,1.0
16,265,2.039714114545777,4.543295366226623,1.0,1.0,0.0,0.0,0.0,0.0
17,265,0.7281819636608673,11.89239528442651,1.0,1.0,0.0,0.0,0.0,1.0
18,265,2.222657553850151,7.05914699742277,1.0,0.0,0.0,1.0,0.0,1.0
19,265,5.764720291164008,1.199767292658762,0.0,0.0,0.0,0.0,1.0,1.0
20,265,0.0,12.0,0.0,0.0,1.0,0.0,1.0,0.0
21,265,0.0,3.600861903827049,0.0,0.0,1.0,0.0,0.0,0.0
22,265,4.996069449159216,8.502878779026657,1.0,0.0,0.0,0.0,0.0,1.0
23,265,4.084978071792554,12.0,0.0,0.0,0.0,1.0,0.0,1.0
24,265,6.370128279872998,11.60266517026781,0.0,1.0,0.0,1.0,0.0,0.0
25,265,0.7764206814962438,8.620668239036114,1.0,0.0,1.0,0.0,0.0,0.0
26,265,10.060019495140034,0.0,1.0,1.0,0.0,0.0,1.0,0.0
27,265,11.306277161769309,2.2187730299679163,1.0,0.0,1.0,1.0,1.0,1.0
28,265,2.561203280993701,5.244907800830902,0.0,0.0,0.0,0.0,0.0,1.0
29,265,5.61669444056317,12.0,0.0,0.0,1.0,0.0,1.0,0.0
0,270,1.8505146662994092,0.4653822355104604,0.0,0.0,0.0,0.0,1.0,0.0
1,270,4.413754616843288,11.794463635175584,1.0,1.0,1.0,0.0,1.0,1.0
2,270,5.335132564549717,2.082699073414389,0.0,0.0,0.0,1.0,1.0,0.0
3,270,5.559980684009892,1.875860475677511,1.0,0.0,1.0,1.0,0.0,0.0
4,270,2.3938488016781645,1.071373406826697,0.0,1.0,0.0,1.0,1.0,1.0
5,270,4.582494939265603,4.095047365863076,0.0,1.0,0.0,0.0,0.0,0.0
6,270,3.2705188185377567,11.039971995091802,0.0,0.0,1.0,0.0,0.0,1.0
7,270,9.671906897070958,11.480540100609998,0.0,1.0,0.0,0.0,0.0,1.0
8,270,11.865514340791066,6.156125695521118,1.0,1.0,0.0,1.0,0.0,0.0
9,270,11.14211837749435,10.522391302872792,1.0,1.0,0.0,0.0,1.0,1.0
10,270,10.488207765640997,1.457271920090032,1.0,1.0,1.0,0.0,0.0,0.0
11,270,6.726091950168391,12.0,1.0,0.0,0.0,1.0,0.0,1.0
12,270,7.87375351911955,1.4450797743560022,1.0,0.0,0.0,0.0,0.0,0.0
13,270,1.6856393060305148,10.120330327550668,0.0,0.0,1.0,0.0,0.0,1.0
14,270,0.4543513802709352,9.009160877340438,0.0,0.0,1.0,0.0,1.0,0.0
15,270,12.0,7.588552709711724,0.0,1.0,0.0,0.0,0.0,1.0
16,270,2.0362006862439763,4.614479834744732,1.0,1.0,0.0,0.0,0.0,0.0
17,270,0.7228163205351319,11.880391847049609,1.0,1.0,0.0,0.0,0.0,1.0
18,270,2.3068551703341,7.069341008482177,1.0,0.0,0.0,1.0,0.0,1.0
19,270,5.751244682803183,1.1455049798529828,0.0,0.0,0.0,0.0,1.0,1.0
20,270,0.0,12.0,0.0,0.0,1.0,0.0,1.0,0.0
21,270,0.0,3.5577442546524165,0.0,0.0,1.0,0.0,0.0,0.0
22,270,4.942386688583444,8.714370265716273,1.0,0.0,0.0,0.0,0.0,1.0
23,270,4.004632302861236,12.0,0.0,0.0,0.0,1.0,0.0,1.0
24,270,6.401424801571057,11.64178609016202,0.0,1.0,0.0,1.0,0.0,0.0
25,270,0.8136210243488976,8.666793533782636,1.0,0.0,1.0,0.0,0.0,0.0
26,270,10.082554153369296,0.0,1.0,1.0,0.0,0.0,1.0,0.0
27,270,11.34620539273395,2.205906773612336,1.0,0.0,1.0,1.0,1.0,1.0
28,270,2.558147230737864,5.247121279581565,0.0,0.0,0.0,0.0,0.0,1.0
29,270,5.613857309337848,12.0,0.0,0.0,1.0,0.0,1.0,0.0
0,275,1.8092133779691035,0.3880704635879678,0.0,0.0,0.0,0.0,1.0,0.0
1,275,4.344112610583475,11.756476239591503,1.0,1.0,1.0,0.0,1.0,1.0
2,275,5.314332966222523,2.0299135807330297,0.0,0.0,0.0,1.0,1.0,0.0
3,275,5.534405883505029,1.9283553001070195,1.0,0.0,1.0,1.0,0.0,0.0
4,275,2.3426721941907567,1.1518254596555615,0.0,1.0,0.0,1.0,1.0,1.0
5,275,4.615537230446534,4.209597685261285,0.0,1.0,0.0,0.0,0.0,0.0
6,275,3.277088115963662,11.04049390911861,0.0,0.0,1.0,0.0,0.0,1.0
7,275,9.690866114105422,11.475361041466249,0.0,1.0,0.0,0.0,0.0,1.0
8,275,11.947783456830487,6.175719369022556,1.0,1.0,0.0,1.0,0.0,0.0
9,275,11.030113366536206,10.67266181780434,1.0,1.0,0.0,0.0,1.0,1.0
10,275,10.605652143181658,1.4424469907727524,1.0,1.0,1.0,0.0,0.0,0.0
11,275,6.749149388628785,12.0,1.0,0.0,0.0,1.0,0.0,1.0
12,275,7.884713494160685,1.4762483204279626,1.0,0.0,0.0,0.0,0.0,0.0
13,275,1.7224497019772644,10.233973350531498,0.0,0.0,1.0,0.0,0.0,1.0
14,275,0.368084078960614,8.925834457559919,0.0,0.0,1.0,0.0,1.0,0.0
15,275,12.0,7.584877907433454,0.0,1.0,0.0,0.0,0.0,1.0
16,275,2.0333050390692056,4.6838999206576375,1.0,1.0,0.0,0.0,0.0,0.0
17,275,0.7224772274730745,11.879579582847676,1.0,1.0,0.0,0.0,0.0,1.0
18,275,2.394267966894375,7.079320858215361,1.0,0.0,0.0,1.0,0.0,1.0
19,275,5.738421002018527,1.0790947608816184,0.0,0.0,0.0,0.0,1.0,1.0
20,275,0.0,12.0,0.0,0.0,1.0,0.0,1.0,0.0
21,275,0.0,3.5188994203388666,0.0,0.0,1.0,0.0,0.0,0.0
22,275,4.881626718528232,8.936161408117139,1.0,0.0,0.0,0.0,0.0,1.0
23,275,3.935443202807653,12.0,0.0,0.0,0.0,1.0,0.0,1.0
24,275,6.439967211014873,11.688986177982985,0.0,1.0,0.0,1.0,0.0,0.0
25,275,0.844409709680239,8.705295640272675,1.0,0.0,1.0,0.0,0.0,0.0
26,275,10.102144048957866,0.0,1.0,1.0,0.0,0.0,1.0,0.0
27,275,11.376669847350476,2.1963501210136167,1.0,0.0,1.0,1.0,1.0,1.0
28,275,2.559542356396745,5.246158172794256,0.0,0.0,0.0,0.0,0.0,1.0
29,275,5.608245588973481,12.0,0.0,0.0,1.0,0.0,1.0,0.0
0,280,1.762303340957651,0.300492658119574,0.0,0.0,0.0,0.0,1.0,0.0
1,280,4.279760911908356,11.722867409778395,1.0,1.0,1.0,0.0,1.0,1.0
2,280,5.296605417874766,1.986878665441264,0.0,0.0,0.0,1.0,1.0,0.0
3,280,5.509591683921899,1.983812148311182,1.0,0.0,1.0,1.0,0.0,0.0
4,280,2.3045819681993183,1.2159124833319173,0.0,1.0,0.0,1.0,1.0,1.0
5,280,4.64307305684318,4.309297579676351,0.0,1.0,0.0,0.0,0.0,0.0
6,280,3.2883252981947386,11.04115858690463,0.0,0.0,1.0,0.0,0.0,1.0
7,280,9.688109156102442,11.476168726854077,0.0,1.0,0.0,0.0,0.0,1.0
8,280,12.0,6.193971357910983,1.0,1.0,0.0,1.0,0.0,0.0
9,280,10.926213224016012,10.809425034351264,1.0,1.0,0.0,0.0,1.0,1.0
10,280,10.733869521214986,1.426773898780107,1.0,1.0,1.0,0.0,0.0,0.0
11,280,6.770867940040128,12.0,1.0,0.0,0.0,1.0,0.0,1.0
12,280,7.889334539195334,1.4889865686523085,1.0,0.0,0.0,0.0,0.0,0.0
13,280,1.7689398940851584,10.364490568886367,0.0,0.0,1.0,0.0,0.0,1.0
14,280,0.4560568854756941,8.833365652040813,0.0,0.0,1.0,0.0,1.0,0.0
15,280,12.0,7.581367681379043,0.0,1.0,0.0,0.0,0.0,1.0
16,280,2.031342810754205,4.732873717534419,1.0,1.0,0.0,0.0,0.0,0.0
17,280,0.7243861327811288,11.884192974532088,1.0,1.0,0.0,0.0,0.0,1.0
18,280,2.4729077724235653,7.088717291965643,1.0,0.0,0.0,1.0,0.0,1.0
19,280,5.727523827184053,1.0104764077114603,0.0,0.0,0.0,0.0,1.0,1.0
20,280,0.0,12.0,0.0,0.0,1.0,0.0,1.0,0.0
21,280,0.0,3.481953978013315,0.0,0.0,1.0,0.0,0.0,0.0
22,280,4.81746905550428,9.166991094904716,1.0,0.0,0.0,0.0,0.0,1.0
23,280,3.874531396486876,12.0,0.0,0.0,0.0,1.0,0.0,1.0
24,280,6.489933305505057,11.75145189642451,0.0,1.0,0.0,1.0,0.0,0.0
25,280,0.8779830620050254,8.746910424427881,1.0,0.0,1.0,0.0,0.0,0.0
26,280,10.120014367793006,0.0,1.0,1.0,0.0,0.0,1.0,0.0
27,280,11.409733825449946,2.185585663360216,1.0,0.0,1.0,1.0,1.0,1.0
28,280,2.566656652187776,5.241328020249601,0.0,0.0,0.0,0.0,0.0,1.0
29,280,5.602583307709904,12.0,0.0,0.0,1.0,0.0,1.0,0.0
0,285,1.7286091836190205,0.2342715872916077,0.0,0.0,0.0,0.0,1.0,0.0
1,285,4.230372697196457,11.697069261378374,1.0,1.0,1.0,0.0,1.0,1.0
2,285,5.2697502949742585,1.9202154771081348,0.0,0.0,0.0,1.0,1.0,0.0
3,285,5.485199877344921,2.0353994720676187,1.0,0.0,1.0,1.0,0.0,0.0
4,285,2.2638342916066234,1.286810905644376,0.0,1.0,0.0,1.0,1.0,1.0
5,285,4.6692035449176,4.409008728995542,0.0,1.0,0.0,0.0,0.0,0.0
6,285,3.299761470493745,11.041640182919489,0.0,0.0,1.0,0.0,0.0,1.0
7,285,9.68246694096962,11.477809794605523,0.0,1.0,0.0,0.0,0.0,1.0
8,285,12.0,6.216054595894754,1.0,1.0,0.0,1.0,0.0,0.0
9,285,10.822677552505176,10.947109777148349,1.0,1.0,0.0,0.0,1.0,1.0
10,285,10.839733437902144,1.4146450348809525,1.0,1.0,1.0,0.0,0.0,0.0
11,285,6.788140691089911,12.0,1.0,0.0,0.0,1.0,0.0,1.0
12,285,7.906419691075742,1.5337401428499495,1.0,0.0,0.0,0.0,0.0,0.0
13,285,1.811598762845596,10.484726470984496,0.0,0.0,1.0,0.0,0.0,1.0
14,285,0.5483062307283749,8.739653652980378,0.0,0.0,1.0,0.0,1.0,0.0
15,285,12.0,7.575571798300993,0.0,1.0,0.0,0.0,0.0,1.0
16,285,2.028770728216001,4.782433869315665,1.0,1.0,0.0,0.0,0.0,0.0
17,285,0.7191790811316432,11.87100850469044,1.0,1.0,0.0,0.0,0.0,1.0
18,285,2.545997153524304,7.094837556821048,1.0,0.0,0.0,1.0,0.0,1.0
19,285,5.711175685360495,0.9184401120677448,0.0,0.0,0.0,0.0,1.0,1.0
20,285,0.0,12.0,0.0,0.0,1.0,0.0,1.0,0.0
21,285,0.0,3.435637096195208,0.0,0.0,1.0,0.0,0.0,0.0
22,285,4.756941874157518,9.412492348772304,1.0,0.0,0.0,0.0,0.0,1.0
23,285,3.814652732660177,12.0,0.0,0.0,0.0,1.0,0.0,1.0
24,285,6.536606596944075,11.808905330448273,0.0,1.0,0.0,1.0,0.0,0.0
25,285,0.9188466530314732,8.798878805608542,1.0,0.0,1.0,0.0,0.0,0.0
26,285,10.134845409254476,0.0,1.0,1.0,0.0,0.0,1.0,0.0
27,285,11.453452878301412,2.17230381166478,1.0,0.0,1.0,1.0,1.0,1.0
28,285,2.574074929539264,5.236205083679997,0.0,0.0,0.0,0.0,0.0,1.0
29,285,5.593826958595035,12.0,0.0,0.0,1.0,0.0,1.0,0.0
0,290,1.689072425763218,0.160355365371779,0.0,0.0,0.0,0.0,1.0,0.0
1,290,4.190525678244374,11.67561023202803,1.0,1.0,1.0,0.0,1.0,1.0
2,290,5.235661874450412,1.844264840540894,0.0,0.0,0.0,1.0,1.0,0.0
3,290,5.462817082467066,2.0803652793373413,1.0,0.0,1.0,1.0,0.0,0.0
4,290,2.2227628284552927,1.3571900404962016,0.0,1.0,0.0,1.0,1.0,1.0
5,290,4.697105776827892,4.508484251464581,0.0,1.0,0.0,0.0,0.0,0.0
6,290,3.31761494026028,11.04278792384578,0.0,0.0,1.0,0.0,0.0,1.0
7,290,9.675259386171206,11.47986812409697,0.0,1.0,0.0,0.0,0.0,1.0
8,290,12.0,6.238140614369983,1.0,1.0,0.0,1.0,0.0,0.0
9,290,10.717743205912656,11.091903001023203,1.0,1.0,0.0,0.0,1.0,1.0
10,290,10.93284997706596,1.4013735060278885,1.0,1.0,1.0,0.0,0.0,0.0
11,290,6.806512376092562,12.0,1.0,0.0,0.0,1.0,0.0,1.0
12,290,7.916843260404196,1.5613175931250869,1.0,0.0,0.0,0.0,0.0,0.0
13,290,1.8566207138766857,10.615139880053505,0.0,0.0,1.0,0.0,0.0,1.0
14,290,0.6299819239975868,8.656657909343616,0.0,0.0,1.0,0.0,1.0,0.0
15,290,12.0,7.571157235045337,0.0,1.0,0.0,0.0,0.0,1.0
16,290,2.025178657311109,4.831214452066559,1.0,1.0,0.0,0.0,0.0,0.0
17,290,0.7260913238185323,11.888175293866611,1.0,1.0,0.0,0.0,0.0,1.0
18,290,2.5835502939626327,7.099924706602728,1.0,0.0,0.0,1.0,0.0,1.0
19,290,5.69679573890192,0.8424480006848586,0.0,0.0,0.0,0.0,1.0,1.0
20,290,0.0,12.0,0.0,0.0,1.0,0.0,1.0,0.0
21,290,0.0,3.3904528231314086,0.0,0.0,1.0,0.0,0.0,0.0
22,290,4.697949855597617,9.655301602544217,1.0,0.0,0.0,0.0,0.0,1.0
23,290,3.74879699194482,12.0,0.0,0.0,0.0,1.0,0.0,1.0
24,290,6.58751107371131,11.872185159467762,0.0,1.0,0.0,1.0,0.0,0.0
25,290,0.9616605511477389,8.852449001396817,1.0,0.0,1.0,0.0,0.0,0.0
26,290,10.145388231816565,0.0,1.0,1.0,0.0,0.0,1.0,0.0
27,290,11.521234689967686,2.150803102272448,1.0,0.0,1.0,1.0,1.0,1.0
28,290,2.585758948739355,5.228028859810339,0.0,0.0,0.0,0.0,0.0,1.0
29,290,5.590763326826177,12.0,0.0,0.0,1.0,0.0,1.0,0.0
0,295,1.6514899093220143,0.0940223007490174,0.0,0.0,0.0,0.0,1.0,0.0
1,295,4.205378131688199,11.647634334539909,1.0,1.0,1.0,0.0,1.0,1.0
2,295,5.194776653529404,1.7498569785873732,0.0,0.0,0.0,1.0,1.0,0.0
3,295,5.433337518555306,2.136662421093032,1.0,0.0,1.0,1.0,0.0,0.0
4,295,2.176786892251488,1.4368376023074052,0.0,1.0,0.0,1.0,1.0,1.0
5,295,4.723611156555139,4.601492613137642,0.0,1.0,0.0,0.0,0.0,0.0
6,295,3.33338412003676,11.0439709039464,0.0,0.0,1.0,0.0,0.0,1.0
7,295,9.634530421472688,11.491091521817731,0.0,1.0,0.0,0.0,0.0,1.0
8,295,12.0,6.263581816659831,1.0,1.0,0.0,1.0,0.0,0.0
9,295,10.61603742326505,11.228303408117789,1.0,1.0,0.0,0.0,1.0,1.0
10,295,10.996956308649269,1.391685122420096,1.0,1.0,1.0,0.0,0.0,0.0
11,295,6.826855291400922,12.0,1.0,0.0,0.0,1.0,0.0,1.0
12,295,7.929272695653919,1.5929583173072577,1.0,0.0,0.0,0.0,0.0,0.0
13,295,1.9094209098280928,10.769216484733263,0.0,0.0,1.0,0.0,0.0,1.0
14,295,0.7080334377175057,8.577598689429392,0.0,0.0,1.0,0.0,1.0,0.0
15,295,12.0,7.567153669030666,0.0,1.0,0.0,0.0,0.0,1.0
16,295,2.021106268896597,4.878179958873771,1.0,1.0,0.0,0.0,0.0,0.0
17,295,0.7374503937536518,11.916674650689473,1.0,1.0,0.0,0.0,0.0,1.0
18,295,2.6181788013479976,7.105217478373204,1.0,0.0,0.0,1.0,0.0,1.0
19,295,5.684524744694421,0.7732108578941972,0.0,0.0,0.0,0.0,1.0,1.0
20,295,0.0,12.0,0.0,0.0,1.0,0.0,1.0,0.0
21,295,0.0,3.34509217930485,0.0,0.0,1.0,0.0,0.0,0.0
22,295,4.640162684515862,9.906658910911744,1.0,0.0,0.0,0.0,0.0,1.0
23,295,3.664438227314324,12.0,0.0,0.0,0.0,1.0,0.0,1.0
24,295,6.641526693652197,11.938372193162664,0.0,1.0,0.0,1.0,0.0,0.0
25,295,1.0080344827218548,8.907364569604347,1.0,0.0,1.0,0.0,0.0,0.0
26,295,10.15958403164654,0.0,1.0,1.0,0.0,0.0,1.0,0.0
27,295,11.56573017290226,2.137117257612555,1.0,0.0,1.0,1.0,1.0,1.0
28,295,2.6018528665128318,5.216660945597862,0.0,0.0,0.0,0.0,0.0,1.0
29,295,5.585709639054498,12.0,0.0,0.0,1.0,0.0,1.0,0.0
