0,0,11.019645131186996,5.058083222396212,1.0,0.0,1.0,0.0,1.0,0.0
1,0,3.0635103895340947,12.0,1.0,0.0,0.0,1.0,0.0,0.0
2,0,0.0,3.953995110901844,1.0,0.0,1.0,0.0,0.0,0.0
3,0,10.029310014717067,4.019662561894784,1.0,1.0,0.0,0.0,0.0,0.0
4,0,2.054747056171105,2.0411101456977354,0.0,1.0,1.0,1.0,0.0,0.0
5,0,5.01990480431281,6.046279029958656,0.0,1.0,0.0,0.0,0.0,0.0
6,0,7.039733374959903,10.99634087238726,1.0,1.0,0.0,0.0,0.0,1.0
7,0,11.99497115183663,3.935029742974112,0.0,0.0,0.0,1.0,1.0,0.0
8,0,5.062353327587487,5.002918819032963,1.0,0.0,1.0,1.0,1.0,0.0
9,0,11.995316618645653,11.040368175821706,0.0,1.0,0.0,0.0,0.0,0.0
10,0,1.9527240729963644,1.9918613706149344,1.0,1.0,1.0,1.0,0.0,0.0
11,0,6.005153748372838,2.9348304637836087,1.0,1.0,0.0,0.0,0.0,1.0
12,0,7.953132771773896,3.968747015597108,0.0,1.0,0.0,0.0,0.0,0.0
13,0,11.96932915004647,4.00603071760511,1.0,0.0,0.0,1.0,0.0,0.0
14,0,0.9538796353435276,4.989467984294267,0.0,1.0,0.0,1.0,0.0,0.0
15,0,6.993626796672568,11.960578375803406,1.0,0.0,0.0,0.0,1.0,0.0
16,0,0.0,1.9408643783058808,0.0,0.0,1.0,1.0,1.0,0.0
17,0,4.05296761435761,2.997192905820375,0.0,1.0,0.0,0.0,0.0,0.0
18,0,0.0,10.922230084460711,1.0,0.0,1.0,0.0,0.0,0.0
19,0,9.976660367318043,2.060399853037902,1.0,0.0,0.0,0.0,1.0,0.0
20,0,4.970107623181991,11.939796501776325,1.0,1.0,0.0,0.0,1.0,1.0
21,0,7.946312085280232,8.024933990261221,0.0,1.0,1.0,0.0,1.0,0.0
22,0,5.018758222210392,9.02768448632725,0.0,1.0,0.0,1.0,1.0,1.0
23,0,5.969804064733833,4.044063246531531,0.0,0.0,1.0,1.0,0.0,0.0
24,0,11.942792367137024,10.001683479019372,0.0,1.0,0.0,1.0,0.0,0.0
25,0,0.9379234345659888,4.004577019339879,0.0,0.0,1.0,0.0,0.0,0.0
26,0,9.948858358956803,4.949968781805652,0.0,1.0,0.0,1.0,0.0,0.0
27,0,10.981461465166891,5.968749452380568,0.0,1.0,0.0,1.0,0.0,1.0
28,0,10.012266479506668,2.9344735971008813,0.0,0.0,1.0,1.0,0.0,0.0
29,0,3.961919311493709,6.985925567718836,1.0,0.0,0.0,0.0,0.0,0.0
0,5,11.041243103299989,5.117995525933096,1.0,0.0,1.0,0.0,1.0,0.0
1,5,3.115736054862065,12.0,1.0,0.0,0.0,1.0,0.0,0.0
2,5,0.0,3.917563441122356,1.0,0.0,1.0,0.0,0.0,0.0
3,5,10.053726449923392,4.0361718765076615,1.0,1.0,0.0,0.0,0.0,0.0
4,5,2.1027479124236974,2.076909473039544,0.0,1.0,1.0,1.0,0.0,0.0
5,5,5.034276352271622,6.078308032736604,0.0,1.0,0.0,0.0,0.0,0.0
6,5,7.086517687715359,10.992372933294934,1.0,1.0,0.0,0.0,0.0,1.0
7,5,11.984230804075011,3.842893609056013,0.0,0.0,0.0,1.0,1.0,0.0
8,5,5.12347192217609,5.006714477641019,1.0,0.0,1.0,1.0,1.0,0.0
9,5,11.993015436842075,11.06438322755474,0.0,1.0,0.0,0.0,0.0,0.0
10,5,1.8968746673903003,1.9825717327081056,1.0,1.0,1.0,1.0,0.0,0.0
11,5,6.009937542910372,2.8907233795036773,1.0,1.0,0.0,0.0,0.0,1.0
12,5,7.877467454284041,3.919725440894087,0.0,1.0,0.0,0.0,0.0,0.0
13,5,11.962273443002164,4.007394390128571,1.0,0.0,0.0,1.0,0.0,0.0
14,5,0.903088911099513,4.977441857643608,0.0,1.0,0.0,1.0,0.0,0.0
15,5,6.982089679272075,11.895708618154297,1.0,0.0,0.0,0.0,1.0,0.0
16,5,0.0,1.870722355105945,0.0,0.0,1.0,1.0,1.0,0.0
17,5,4.09986098070137,2.993314291029499,0.0,1.0,0.0,0.0,0.0,0.0
18,5,0.0,10.826911228483391,1.0,0.0,1.0,0.0,0.0,0.0
19,5,9.946976924944058,2.137468166758461,1.0,0.0,0.0,0.0,1.0,0.0
20,5,4.9393507305214674,11.880918819705863,1.0,1.0,0.0,0.0,1.0,1.0
21,5,7.898284092886803,8.046438425541165,0.0,1.0,1.0,0.0,1.0,0.0
22,5,5.037667962241851,9.055679001579918,0.0,1.0,0.0,1.0,1.0,1.0
23,5,5.94826091675456,4.073460865368357,0.0,0.0,1.0,1.0,0.0,0.0
24,5,11.858706684998948,10.001211795524238,0.0,1.0,0.0,1.0,0.0,0.0
25,5,0.8595882620071473,4.013154364485206,0.0,0.0,1.0,0.0,0.0,0.0
26,5,9.893945126729095,4.8927234895990805,0.0,1.0,0.0,1.0,0.0,0.0
27,5,10.968701374510676,5.945176651989481,0.0,1.0,0.0,1.0,0.0,1.0
28,5,10.02011341554843,2.89017675665022,0.0,0.0,1.0,1.0,0.0,0.0
29,5,3.942455179198772,6.978933699523749,1.0,0.0,0.0,0.0,0.0,0.0
0,10,11.062919477607698,5.180075944014702,1.0,0.0,1.0,0.0,1.0,0.0
1,10,3.151849035641703,12.0,1.0,0.0,0.0,1.0,0.0,0.0
2,10,0.0,3.870604447835124,1.0,0.0,1.0,0.0,0.0,0.0
3,10,10.08988176694587,4.059416241864246,1.0,1.0,0.0,0.0,0.0,0.0
4,10,2.1443372501765112,2.110130832159742,0.0,1.0,1.0,1.0,0.0,0.0
5,10,5.054758227228003,6.1255914010657655,0.0,1.0,0.0,0.0,0.0,0.0
6,10,7.11953918033934,10.989594013835877,1.0,1.0,0.0,0.0,0.0,1.0
7,10,11.97535009061008,3.755902503547461,0.0,0.0,0.0,1.0,1.0,0.0
8,10,5.194186865718871,5.013068193446247,1.0,0.0,1.0,1.0,1.0,0.0
9,10,11.988091229094,11.121397344792044,0.0,1.0,0.0,0.0,0.0,0.0
10,10,1.837878491784643,1.974530909992502,1.0,1.0,1.0,1.0,0.0,0.0
11,10,6.018989289414304,2.8256081178527084,1.0,1.0,0.0,0.0,0.0,1.0
12,10,7.80412799338743,3.8698793826639,0.0,1.0,0.0,0.0,0.0,0.0
13,10,11.98030702423948,4.004088004491094,1.0,0.0,0.0,1.0,0.0,0.0
14,10,0.8592961769847598,4.9677138965179415,0.0,1.0,0.0,1.0,0.0,0.0
15,10,6.9686831935607,11.828786097607946,1.0,0.0,0.0,0.0,1.0,0.0
16,10,0.0,1.8003282624196246,0.0,0.0,1.0,1.0,1.0,0.0
17,10,4.144627229356376,2.989284790861856,0.0,1.0,0.0,0.0,0.0,0.0
18,10,0.0,10.7289489396266,1.0,0.0,1.0,0.0,0.0,0.0
19,10,9.917799943426049,2.2136247641017355,1.0,0.0,0.0,0.0,1.0,0.0
20,10,4.913884089027079,11.829166226114085,1.0,1.0,0.0,0.0,1.0,1.0
21,10,7.864828460647423,8.061317073089045,0.0,1.0,1.0,0.0,1.0,0.0
22,10,5.040997635200462,9.060415300294432,0.0,1.0,0.0,1.0,1.0,1.0
23,10,5.921604031475467,4.109734843832418,0.0,0.0,1.0,1.0,0.0,0.0
24,10,11.773421514203728,10.001794279445509,0.0,1.0,0.0,1.0,0.0,0.0
25,10,0.7603607304004978,4.0270073982339545,0.0,0.0,1.0,0.0,0.0,0.0
26,10,9.827443503404282,4.823006169348076,0.0,1.0,0.0,1.0,0.0,0.0
27,10,10.965825055708104,5.94008592588136,0.0,1.0,0.0,1.0,0.0,1.0
28,10,10.026190413201984,2.858457992209041,0.0,0.0,1.0,1.0,0.0,0.0
29,10,3.9351593210318776,6.976345192594328,1.0,0.0,0.0,0.0,0.0,0.0
0,15,11.08248534241753,5.233799013050861,1.0,0.0,1.0,0.0,1.0,0.0
1,15,3.201221011454851,12.0,1.0,0.0,0.0,1.0,0.0,0.0
2,15,0.0,3.820985642512077,1.0,0.0,1.0,0.0,0.0,0.0
3,15,10.139466461414475,4.092362696251853,1.0,1.0,0.0,0.0,0.0,0.0
4,15,2.186553188589679,2.1447315653214885,0.0,1.0,1.0,1.0,0.0,0.0
5,15,5.05984236671631,6.137342005978981,0.0,1.0,0.0,0.0,0.0,0.0
6,15,7.123645802721506,11.039914021632296,1.0,1.0,0.0,0.0,0.0,1.0
7,15,11.96269794384431,3.643354301125886,0.0,0.0,0.0,1.0,1.0,0.0
8,15,5.233519619327652,5.016748559465716,1.0,0.0,1.0,1.0,1.0,0.0
9,15,11.982440113828176,11.198058125338534,0.0,1.0,0.0,0.0,0.0,0.0
10,15,1.8458619846404547,1.9199801720678609,1.0,1.0,1.0,1.0,0.0,0.0
11,15,6.026507630434836,2.7735427736333067,1.0,1.0,0.0,0.0,0.0,1.0
12,15,7.72733103287145,3.8181536021179134,0.0,1.0,0.0,0.0,0.0,0.0
13,15,12.0,3.9998521461463983,1.0,0.0,0.0,1.0,0.0,0.0
14,15,0.8234252389339267,4.958808969463132,0.0,1.0,0.0,1.0,0.0,0.0
15,15,6.950998505557865,11.749696995356611,1.0,0.0,0.0,0.0,1.0,0.0
16,15,0.0,1.7243127180759987,0.0,0.0,1.0,1.0,1.0,0.0
17,15,4.201056086228783,2.985242650092807,0.0,1.0,0.0,0.0,0.0,0.0
18,15,0.0,10.632615136408962,1.0,0.0,1.0,0.0,0.0,0.0
19,15,9.886396482406544,2.28969008843306,1.0,0.0,0.0,0.0,1.0,0.0
20,15,4.882291312877782,11.768791454445692,1.0,1.0,0.0,0.0,1.0,1.0
21,15,7.876173565831438,8.087525764794714,0.0,1.0,1.0,0.0,1.0,0.0
22,15,5.041918913215472,9.06176597151214,0.0,1.0,0.0,1.0,1.0,1.0
23,15,5.895940909782405,4.14294328807034,0.0,0.0,1.0,1.0,0.0,0.0
24,15,11.67491725764445,10.000994630549974,0.0,1.0,0.0,1.0,0.0,0.0
25,15,0.6710425596032173,4.041948479622725,0.0,0.0,1.0,0.0,0.0,0.0
26,15,9.759448132750869,4.750813290364804,0.0,1.0,0.0,1.0,0.0,0.0
27,15,10.955482877173012,5.921590911413601,0.0,1.0,0.0,1.0,0.0,1.0
28,15,10.027530724296836,2.850209564764969,0.0,0.0,1.0,1.0,0.0,0.0
29,15,3.9182795804738006,6.969632197626868,1.0,0.0,0.0,0.0,0.0,0.0
0,20,11.101663064585225,5.285955587209611,1.0,0.0,1.0,0.0,1.0,0.0
1,20,3.265959480891817,12.0,1.0,0.0,0.0,1.0,0.0,0.0
2,20,0.0,3.77859538992179,1.0,0.0,1.0,0.0,0.0,0.0
3,20,10.197545945236714,4.130669110385791,1.0,1.0,0.0,0.0,0.0,0.0
4,20,2.2266085062793177,2.1787679092662176,0.0,1.0,1.0,1.0,0.0,0.0
5,20,5.057778924392394,6.13236948894369,0.0,1.0,0.0,0.0,0.0,0.0
6,20,7.128170076471034,11.085922652171892,1.0,1.0,0.0,0.0,0.0,1.0
7,20,11.944719092963547,3.5218051056803543,0.0,0.0,0.0,1.0,1.0,0.0
8,20,5.268369065714976,5.019529197101624,1.0,0.0,1.0,1.0,1.0,0.0
9,20,11.976458474158608,11.272027104512247,0.0,1.0,0.0,0.0,0.0,0.0
10,20,1.8546514506866305,1.857628825569507,1.0,1.0,1.0,1.0,0.0,0.0
11,20,6.0355409512978015,2.711691104705656,1.0,1.0,0.0,0.0,0.0,1.0
12,20,7.641286145570099,3.75617346971402,0.0,1.0,0.0,0.0,0.0,0.0
13,20,12.0,3.993741694035286,1.0,0.0,0.0,1.0,0.0,0.0
14,20,0.7770214107987946,4.945441305577692,0.0,1.0,0.0,1.0,0.0,0.0
15,20,6.940537331947622,11.70153839519678,1.0,0.0,0.0,0.0,1.0,0.0
16,20,0.0,1.6422501802768552,0.0,0.0,1.0,1.0,1.0,0.0
17,20,4.242484316078655,2.983396041163575,0.0,1.0,0.0,0.0,0.0,0.0
18,20,0.0,10.546215611189764,1.0,0.0,1.0,0.0,0.0,0.0
19,20,9.85089472346526,2.37698417074917,1.0,0.0,0.0,0.0,1.0,0.0
20,20,4.857224695599927,11.7207582648248,1.0,1.0,0.0,0.0,1.0,1.0
21,20,7.889233208784161,8.115762583637254,0.0,1.0,1.0,0.0,1.0,0.0
22,20,5.043784735229572,9.064475785154432,0.0,1.0,0.0,1.0,1.0,1.0
23,20,5.87698690489804,4.169594297662554,0.0,0.0,1.0,1.0,0.0,0.0
24,20,11.607713081673143,10.001917141170836,0.0,1.0,0.0,1.0,0.0,0.0
25,20,0.560109217865566,4.060273370781988,0.0,0.0,1.0,0.0,0.0,0.0
26,20,9.687752581469375,4.675162405691896,0.0,1.0,0.0,1.0,0.0,0.0
27,20,10.944218136174666,5.901796673293164,0.0,1.0,0.0,1.0,0.0,1.0
28,20,10.032297626169758,2.82345996227534,0.0,0.0,1.0,1.0,0.0,0.0
29,20,3.912337638734944,6.967250617340532,1.0,0.0,0.0,0.0,0.0,0.0
0,25,11.124559137113865,5.354073261495814,1.0,0.0,1.0,0.0,1.0,0.0
1,25,3.331439119671529,12.0,1.0,0.0,0.0,1.0,0.0,0.0
2,25,0.0,3.720631117137641,1.0,0.0,1.0,0.0,0.0,0.0
3,25,10.255664869326017,4.167763814007183,1.0,1.0,0.0,0.0,0.0,0.0
4,25,2.2685585019707424,2.21408617793023,0.0,1.0,1.0,1.0,0.0,0.0
5,25,5.052156028140207,6.1194835977929,0.0,1.0,0.0,0.0,0.0,0.0
6,25,7.133655323018516,11.13894469525769,1.0,1.0,0.0,0.0,0.0,1.0
7,25,11.92774249371925,3.4141408102408173,0.0,0.0,0.0,1.0,1.0,0.0
8,25,5.312866579778342,5.023277660533081,1.0,0.0,1.0,1.0,1.0,0.0
9,25,11.968891215027336,11.35985322420624,0.0,1.0,0.0,0.0,0.0,0.0
10,25,1.8602145379504893,1.8176378915787512,1.0,1.0,1.0,1.0,0.0,0.0
11,25,6.046214460727417,2.6430861053222245,1.0,1.0,0.0,0.0,0.0,1.0
12,25,7.541543155363637,3.680759628514127,0.0,1.0,0.0,0.0,0.0,0.0
13,25,12.0,3.9922834598131463,1.0,0.0,0.0,1.0,0.0,0.0
14,25,0.7107830435094171,4.926128554642399,0.0,1.0,0.0,1.0,0.0,0.0
15,25,6.935451476476311,11.677879085198626,1.0,0.0,0.0,0.0,1.0,0.0
16,25,0.0,1.5498781599231852,0.0,0.0,1.0,1.0,1.0,0.0
17,25,4.294051930516901,2.981790515535889,0.0,1.0,0.0,0.0,0.0,0.0
18,25,0.0,10.45705213572216,1.0,0.0,1.0,0.0,0.0,0.0
19,25,9.815164729258507,2.461500812207193,1.0,0.0,0.0,0.0,1.0,0.0
20,25,4.830345442997432,11.671101223433778,1.0,1.0,0.0,0.0,1.0,1.0
21,25,7.90007737232244,8.139924059078954,0.0,1.0,1.0,0.0,1.0,0.0
22,25,5.045084437822879,9.066252271240645,0.0,1.0,0.0,1.0,1.0,1.0
23,25,5.843740650277609,4.214355362997599,0.0,0.0,1.0,1.0,0.0,0.0
24,25,11.558034789526582,10.002069978827738,0.0,1.0,0.0,1.0,0.0,0.0
25,25,0.4212510696361385,4.0820616530844855,0.0,0.0,1.0,0.0,0.0,0.0
26,25,9.611248727104885,4.5959262799048455,0.0,1.0,0.0,1.0,0.0,0.0
27,25,10.928114928107933,5.873229521748578,0.0,1.0,0.0,1.0,0.0,1.0
28,25,10.036164610413934,2.8019510629617046,0.0,0.0,1.0,1.0,0.0,0.0
29,25,3.905234977168064,6.964364735774266,1.0,0.0,0.0,0.0,0.0,0.0
0,30,11.16024557768326,5.461124870419342,1.0,0.0,1.0,0.0,1.0,0.0
1,30,3.414457270215268,12.0,1.0,0.0,0.0,1.0,0.0,0.0
2,30,0.0,3.685013161047245,1.0,0.0,1.0,0.0,0.0,0.0
3,30,10.347497000007651,4.22690503051297,1.0,1.0,0.0,0.0,0.0,0.0
4,30,2.332943871803689,2.265325229887577,0.0,1.0,1.0,1.0,0.0,0.0
5,30,5.0439883423729865,6.100299380557025,0.0,1.0,0.0,0.0,0.0,0.0
6,30,7.140025431873347,11.20535971253356,1.0,1.0,0.0,0.0,0.0,1.0
7,30,11.908235017515675,3.299373431181688,0.0,0.0,0.0,1.0,1.0,0.0
8,30,5.354543003674494,5.028149714962023,1.0,0.0,1.0,1.0,1.0,0.0
9,30,11.961498655761607,11.443409775949403,0.0,1.0,0.0,0.0,0.0,0.0
10,30,1.8653352772240044,1.7838178117873826,1.0,1.0,1.0,1.0,0.0,0.0
11,30,6.058542282856901,2.5556795241236263,1.0,1.0,0.0,0.0,0.0,1.0
12,30,7.468930829664594,3.6255474926510143,0.0,1.0,0.0,0.0,0.0,0.0
13,30,12.0,3.9914820223763448,1.0,0.0,0.0,1.0,0.0,0.0
14,30,0.6580189034552181,4.910507610009262,0.0,1.0,0.0,1.0,0.0,0.0
15,30,6.932293927152309,11.660877944867458,1.0,0.0,0.0,0.0,1.0,0.0
16,30,0.0,1.4371700971153638,0.0,0.0,1.0,1.0,1.0,0.0
17,30,4.378272307248667,2.9786509624965247,0.0,1.0,0.0,0.0,0.0,0.0
18,30,0.0,10.35642180200639,1.0,0.0,1.0,0.0,0.0,0.0
19,30,9.781329205296672,2.5418481006141564,1.0,0.0,0.0,0.0,1.0,0.0
20,30,4.812679635188564,11.637283344593987,1.0,1.0,0.0,0.0,1.0,1.0
21,30,7.913699679843113,8.170754106382475,0.0,1.0,1.0,0.0,1.0,0.0
22,30,5.045211249971297,9.066441185487038,0.0,1.0,0.0,1.0,1.0,1.0
23,30,5.819759459203329,4.247360551077669,0.0,0.0,1.0,1.0,0.0,0.0
24,30,11.51268629626969,10.00254477231956,0.0,1.0,0.0,1.0,0.0,0.0
25,30,0.2518181764479185,4.107383872755737,0.0,0.0,1.0,0.0,0.0,0.0
26,30,9.533463694859089,4.51517814526277,0.0,1.0,0.0,1.0,0.0,0.0
27,30,10.919899222052956,5.858604161855313,0.0,1.0,0.0,1.0,0.0,1.0
28,30,10.042211315960078,2.764040382154815,0.0,0.0,1.0,1.0,0.0,0.0
29,30,3.8968252379959942,6.960762000836467,1.0,0.0,0.0,0.0,0.0,0.0
0,35,11.189343961494638,5.555926498748826,1.0,0.0,1.0,0.0,1.0,0.0
1,35,3.5148690401501885,12.0,1.0,0.0,0.0,1.0,0.0,0.0
2,35,0.0,3.653215972498288,1.0,0.0,1.0,0.0,0.0,0.0
3,35,10.42848228539589,4.280708505772722,1.0,1.0,0.0,0.0,0.0,0.0
4,35,2.40656429006469,2.3226715617723985,0.0,1.0,1.0,1.0,0.0,0.0
5,35,5.043574862411587,6.099278014668573,0.0,1.0,0.0,0.0,0.0,0.0
6,35,7.148254033791922,11.274373468777256,1.0,1.0,0.0,0.0,0.0,1.0
7,35,11.88611479856956,3.169900244117553,0.0,0.0,0.0,1.0,1.0,0.0
8,35,5.3729897787672565,5.030245288391862,1.0,0.0,1.0,1.0,1.0,0.0
9,35,11.953562604349749,11.55395442945856,0.0,1.0,0.0,0.0,0.0,0.0
10,35,1.8707536593638765,1.7487589041167275,1.0,1.0,1.0,1.0,0.0,0.0
11,35,6.068807830716932,2.4747457297437614,1.0,1.0,0.0,0.0,0.0,1.0
12,35,7.384832219189286,3.56126814591373,0.0,1.0,0.0,0.0,0.0,0.0
13,35,11.997379161862677,3.992090132349289,1.0,0.0,0.0,1.0,0.0,0.0
14,35,0.606251212084589,4.895137580758496,0.0,1.0,0.0,1.0,0.0,0.0
15,35,6.922686059894124,11.613866687338067,1.0,0.0,0.0,0.0,1.0,0.0
16,35,0.0,1.3332976944208934,0.0,0.0,1.0,1.0,1.0,0.0
17,35,4.438811210560671,2.978081141901421,0.0,1.0,0.0,0.0,0.0,0.0
18,35,0.0,10.259552977724136,1.0,0.0,1.0,0.0,0.0,0.0
19,35,9.741417033080475,2.6355383632989406,1.0,0.0,0.0,0.0,1.0,0.0
20,35,4.7946149000310045,11.604343350548678,1.0,1.0,0.0,0.0,1.0,1.0
21,35,7.922730806896366,8.192357748693015,0.0,1.0,1.0,0.0,1.0,0.0
22,35,5.050671951864605,9.07484216470175,0.0,1.0,0.0,1.0,1.0,1.0
23,35,5.783754352806603,4.295954267318411,0.0,0.0,1.0,1.0,0.0,0.0
24,35,11.480056314840263,10.00205973026942,0.0,1.0,0.0,1.0,0.0,0.0
25,35,0.0937106585414603,4.13024118092092,0.0,0.0,1.0,0.0,0.0,0.0
26,35,9.453471184664306,4.43401928473169,0.0,1.0,0.0,1.0,0.0,0.0
27,35,10.921229344073096,5.8612058243119085,0.0,1.0,0.0,1.0,0.0,1.0
28,35,10.049497793728122,2.7201519127762865,0.0,0.0,1.0,1.0,0.0,0.0
29,35,3.874358626297303,6.951336974862327,1.0,0.0,0.0,0.0,0.0,0.0
0,40,11.217364526576192,5.642990936455994,1.0,0.0,1.0,0.0,1.0,0.0
1,40,3.599886295535926,12.0,1.0,0.0,0.0,1.0,0.0,0.0
2,40,0.0,3.6203729617287097,1.0,0.0,1.0,0.0,0.0,0.0
3,40,10.503432606048586,4.3320301949185245,1.0,1.0,0.0,0.0,0.0,0.0
4,40,2.4844142473902977,2.381953546884513,0.0,1.0,1.0,1.0,0.0,0.0
5,40,5.0415231832274765,6.09431405353995,0.0,1.0,0.0,0.0,0.0,0.0
6,40,7.157846846515475,11.340417801574876,1.0,1.0,0.0,0.0,0.0,1.0
7,40,11.857778246749056,3.0343687628911744,0.0,0.0,0.0,1.0,1.0,0.0
8,40,5.41352495761071,5.034592853937599,1.0,0.0,1.0,1.0,1.0,0.0
9,40,11.943759894591484,11.657287033436177,0.0,1.0,0.0,0.0,0.0,0.0
10,40,1.8768222568757025,1.7129969984295528,1.0,1.0,1.0,1.0,0.0,0.0
11,40,6.078743810583555,2.412386551346135,1.0,1.0,0.0,0.0,0.0,1.0
12,40,7.313563341227517,3.509908096422513,0.0,1.0,0.0,0.0,0.0,0.0
13,40,11.98396397703114,3.995769168395709,1.0,0.0,0.0,1.0,0.0,0.0
14,40,0.5793218983524564,4.886610335191092,0.0,1.0,0.0,1.0,0.0,0.0
15,40,6.911499501182683,11.556462916450418,1.0,0.0,0.0,0.0,1.0,0.0
16,40,0.0,1.2412466832678584,0.0,0.0,1.0,1.0,1.0,0.0
17,40,4.489329149716357,2.9786675750028437,0.0,1.0,0.0,0.0,0.0,0.0
18,40,0.0,10.175758666318766,1.0,0.0,1.0,0.0,0.0,0.0
19,40,9.701291170279738,2.722314332792984,1.0,0.0,0.0,0.0,1.0,0.0
20,40,4.775067553808366,11.567216906252396,1.0,1.0,0.0,0.0,1.0,1.0
21,40,7.936806568971804,8.228036944188258,0.0,1.0,1.0,0.0,1.0,0.0
22,40,5.049410986932778,9.072936875378328,0.0,1.0,0.0,1.0,1.0,1.0
23,40,5.772991505356411,4.310784890485416,0.0,0.0,1.0,1.0,0.0,0.0
24,40,11.451631197050247,10.00252711625036,0.0,1.0,0.0,1.0,0.0,0.0
25,40,0.0,4.151615027558328,0.0,0.0,1.0,0.0,0.0,0.0
26,40,9.368007771362851,4.349497111720867,0.0,1.0,0.0,1.0,0.0,0.0
27,40,10.91808128285258,5.85448194269695,0.0,1.0,0.0,1.0,0.0,1.0
28,40,10.05914053341042,2.663840445628,0.0,0.0,1.0,1.0,0.0,0.0
29,40,3.854508308673092,6.943446538892074,1.0,0.0,0.0,0.0,0.0,0.0
0,45,11.23985846148481,5.710598143337596,1.0,0.0,1.0,0.0,1.0,0.0
1,45,3.6763039065888368,12.0,1.0,0.0,0.0,1.0,0.0,0.0
2,45,0.0,3.5858436081365226,1.0,0.0,1.0,0.0,0.0,0.0
3,45,10.577008075539045,4.380305998259575,1.0,1.0,0.0,0.0,0.0,0.0
4,45,2.5600061295451737,2.440393544385832,0.0,1.0,1.0,1.0,0.0,0.0
5,45,5.050405582648214,6.115923799764702,0.0,1.0,0.0,0.0,0.0,0.0
6,45,7.165744267687964,11.393600438931136,1.0,1.0,0.0,0.0,0.0,1.0
7,45,11.826732074393918,2.896120205001211,0.0,0.0,0.0,1.0,1.0,0.0
8,45,5.455330137276535,5.038160004811296,1.0,0.0,1.0,1.0,1.0,0.0
9,45,11.93053655730628,11.777451903043264,0.0,1.0,0.0,0.0,0.0,0.0
10,45,1.8807138290347796,1.693058868504769,1.0,1.0,1.0,1.0,0.0,0.0
11,45,6.086645639181591,2.3706746716203706,1.0,1.0,0.0,0.0,0.0,1.0
12,45,7.230533174307994,3.4523121624364688,0.0,1.0,0.0,0.0,0.0,0.0
13,45,11.947819570044617,4.005154318795547,1.0,0.0,0.0,1.0,0.0,0.0
14,45,0.5861109155117193,4.863506736716968,0.0,1.0,0.0,1.0,0.0,0.0
15,45,6.900451441978175,11.50543330508423,1.0,0.0,0.0,0.0,1.0,0.0
16,45,0.0,1.151150366772101,0.0,0.0,1.0,1.0,1.0,0.0
17,45,4.551277804045677,2.978724842158376,0.0,1.0,0.0,0.0,0.0,0.0
18,45,0.0,10.086901468944893,1.0,0.0,1.0,0.0,0.0,0.0
19,45,9.668630360102432,2.7914064389374,1.0,0.0,0.0,0.0,1.0,0.0
20,45,4.762311567601277,11.54074307709311,1.0,1.0,0.0,0.0,1.0,1.0
21,45,7.950253323703901,8.259574017546607,0.0,1.0,1.0,0.0,1.0,0.0
22,45,5.044154766631324,9.064520092380366,0.0,1.0,0.0,1.0,1.0,1.0
23,45,5.766979727410336,4.318879710889426,0.0,0.0,1.0,1.0,0.0,0.0
24,45,11.413990380572027,10.003701440240338,0.0,1.0,0.0,1.0,0.0,0.0
25,45,0.0,4.170890487380647,0.0,0.0,1.0,0.0,0.0,0.0
26,45,9.289028228211524,4.2745867537747335,0.0,1.0,0.0,1.0,0.0,0.0
27,45,10.918817901704502,5.85599206741088,0.0,1.0,0.0,1.0,0.0,1.0
28,45,10.069159261074,2.6093547922847886,0.0,0.0,1.0,1.0,0.0,0.0
29,45,3.8470585291956354,6.9406429087569705,1.0,0.0,0.0,0.0,0.0,0.0
0,50,11.263857618481577,5.788878528282141,1.0,0.0,1.0,0.0,1.0,0.0
1,50,3.7493734570356767,12.0,1.0,0.0,0.0,1.0,0.0,0.0
2,50,0.0,3.541783814053055,1.0,0.0,1.0,0.0,0.0,0.0
3,50,10.657826629088936,4.438440542445113,1.0,1.0,0.0,0.0,0.0,0.0
4,50,2.61815177648363,2.37023988852752,0.0,1.0,1.0,1.0,0.0,0.0
5,50,5.055674916855304,6.128199235292595,0.0,1.0,0.0,0.0,0.0,0.0
6,50,7.173268146106256,11.449740425099176,1.0,1.0,0.0,0.0,0.0,1.0
7,50,11.703320529811611,2.9238024863652816,0.0,0.0,0.0,1.0,1.0,0.0
8,50,5.521874681191336,5.044346038134863,1.0,0.0,1.0,1.0,1.0,0.0
9,50,11.915677011694235,11.90733318367768,0.0,1.0,0.0,0.0,0.0,0.0
10,50,1.8865010205767363,1.6646863041266258,1.0,1.0,1.0,1.0,0.0,0.0
11,50,6.093948331636801,2.3318911281897075,1.0,1.0,0.0,0.0,0.0,1.0
12,50,7.142150230387386,3.3913148703151768,0.0,1.0,0.0,0.0,0.0,0.0
13,50,11.90286292599024,4.016958869419471,1.0,0.0,0.0,1.0,0.0,0.0
14,50,0.5911354984477916,4.845503251269324,0.0,1.0,0.0,1.0,0.0,0.0
15,50,6.887742271119739,11.44385262682774,1.0,0.0,0.0,0.0,1.0,0.0
16,50,0.0,1.0694553180190485,0.0,0.0,1.0,1.0,1.0,0.0
17,50,4.615386177647491,2.9804173247418904,0.0,1.0,0.0,0.0,0.0,0.0
18,50,0.0,10.017380561482552,1.0,0.0,1.0,0.0,0.0,0.0
19,50,9.638907282085242,2.8520741732553296,1.0,0.0,0.0,0.0,1.0,0.0
20,50,4.758926895534767,11.533575626071382,1.0,1.0,0.0,0.0,1.0,1.0
21,50,7.952907038132655,8.26581518492173,0.0,1.0,1.0,0.0,1.0,0.0
22,50,5.035118218173927,9.05030387738127,0.0,1.0,0.0,1.0,1.0,1.0
23,50,5.752353395107913,4.338158710622197,0.0,0.0,1.0,1.0,0.0,0.0
24,50,11.374622959115014,10.004596956043397,0.0,1.0,0.0,1.0,0.0,0.0
25,50,0.0,4.187747788442404,0.0,0.0,1.0,0.0,0.0,0.0
26,50,9.201698644279045,4.19541519282377,0.0,1.0,0.0,1.0,0.0,0.0
27,50,10.92890786455223,5.876564557858026,0.0,1.0,0.0,1.0,0.0,1.0
28,50,10.079681451873434,2.5553027258801926,0.0,0.0,1.0,1.0,0.0,0.0
29,50,3.859218319110898,6.945130456197563,1.0,0.0,0.0,0.0,0.0,0.0
0,55,11.287882765343271,5.876258483522184,1.0,0.0,1.0,0.0,1.0,0.0
1,55,3.820580332185533,12.0,1.0,0.0,0.0,1.0,0.0,0.0
2,55,0.0,3.499550051142996,1.0,0.0,1.0,0.0,0.0,0.0
3,55,10.757656763586867,4.509776129402626,1.0,1.0,0.0,0.0,0.0,0.0
4,55,2.6824097383072347,2.2950514930635477,0.0,1.0,1.0,1.0,0.0,0.0
5,55,5.066189072414515,6.153408939899031,0.0,1.0,0.0,0.0,0.0,0.0
6,55,7.180310669323816,11.503506083632864,1.0,1.0,0.0,0.0,0.0,1.0
7,55,11.588133769363452,2.9503949778920493,0.0,0.0,0.0,1.0,1.0,0.0
8,55,5.5775944185196975,5.049238916559851,1.0,0.0,1.0,1.0,1.0,0.0
9,55,11.898905261633104,12.0,0.0,1.0,0.0,0.0,0.0,0.0
10,55,1.891702986123596,1.639567021964631,1.0,1.0,1.0,1.0,0.0,0.0
11,55,6.099958293934342,2.298461944680734,1.0,1.0,0.0,0.0,0.0,1.0
12,55,7.059121438822277,3.333425611102709,0.0,1.0,0.0,0.0,0.0,0.0
13,55,11.883218854839477,3.948663582036628,1.0,0.0,0.0,1.0,0.0,0.0
14,55,0.5983397548284906,4.820977924077996,0.0,1.0,0.0,1.0,0.0,0.0
15,55,6.878168138854921,11.403455195229345,1.0,0.0,0.0,0.0,1.0,0.0
16,55,0.0,0.9783738125017626,0.0,0.0,1.0,1.0,1.0,0.0
17,55,4.699401224498059,2.981401779977732,0.0,1.0,0.0,0.0,0.0,0.0
18,55,0.0,9.965432955711448,1.0,0.0,1.0,0.0,0.0,0.0
19,55,9.605163833757246,2.923819540089589,1.0,0.0,0.0,0.0,1.0,0.0
20,55,4.753793086620873,11.521951477311603,1.0,1.0,0.0,0.0,1.0,1.0
21,55,7.940575160034647,8.238839156752698,0.0,1.0,1.0,0.0,1.0,0.0
22,55,5.03574443876568,9.051249766625473,0.0,1.0,0.0,1.0,1.0,1.0
23,55,5.744114215952142,4.349772779018108,0.0,0.0,1.0,1.0,0.0,0.0
24,55,11.357937217077422,10.004921741641423,0.0,1.0,0.0,1.0,0.0,0.0
25,55,0.0,4.205500613755042,0.0,0.0,1.0,0.0,0.0,0.0
26,55,9.118683576399231,4.118959440574941,0.0,1.0,0.0,1.0,0.0,0.0
27,55,10.940911003959188,5.901519768976889,0.0,1.0,0.0,1.0,0.0,1.0
28,55,10.09048301666919,2.4998439908682752,0.0,0.0,1.0,1.0,0.0,0.0
29,55,3.855005220222085,6.9435306618397385,1.0,0.0,0.0,0.0,0.0,0.0
0,60,11.309657434111196,5.960399015600274,1.0,0.0,1.0,0.0,1.0,0.0
1,60,3.870450160389455,12.0,1.0,0.0,0.0,1.0,0.0,0.0
2,60,0.0,3.460481365909387,1.0,0.0,1.0,0.0,0.0,0.0
3,60,10.8640250855341,4.585774728051372,1.0,1.0,0.0,0.0,0.0,0.0
4,60,2.5834175209851447,2.2158654011916,0.0,1.0,1.0,1.0,0.0,0.0
5,60,5.076525702050547,6.179394095105625,0.0,1.0,0.0,0.0,0.0,0.0
6,60,7.186888342737171,11.545511177759272,1.0,1.0,0.0,0.0,0.0,1.0
7,60,11.479285884605444,2.9746756127325877,0.0,0.0,0.0,1.0,1.0,0.0
8,60,5.647340805325882,5.053242537849103,1.0,0.0,1.0,1.0,1.0,0.0
9,60,11.883919979584125,12.0,0.0,1.0,0.0,0.0,0.0,0.0
10,60,1.8985912146774648,1.6073369911622988,1.0,1.0,1.0,1.0,0.0,0.0
11,60,6.106358004922391,2.259966658148823,1.0,1.0,0.0,0.0,0.0,1.0
12,60,6.970061908445258,3.2693205876398,0.0,1.0,0.0,0.0,0.0,0.0
13,60,11.860915365553208,3.8665010240489446,1.0,0.0,0.0,1.0,0.0,0.0
14,60,0.6110573931427096,4.776230585971901,0.0,1.0,0.0,1.0,0.0,0.0
15,60,6.8742551031630965,11.387023153048402,1.0,0.0,0.0,0.0,1.0,0.0
16,60,0.0,0.891047396617333,0.0,0.0,1.0,1.0,1.0,0.0
17,60,4.788041219086948,2.9825639630135057,0.0,1.0,0.0,0.0,0.0,0.0
18,60,0.0,9.936508787508949,1.0,0.0,1.0,0.0,0.0,0.0
19,60,9.561064675682877,3.020814891272751,1.0,0.0,0.0,0.0,1.0,0.0
20,60,4.752966806661685,11.520012179906049,1.0,1.0,0.0,0.0,1.0,1.0
21,60,7.922082385631256,8.197967168498897,0.0,1.0,1.0,0.0,1.0,0.0
22,60,5.033107268920502,9.04724584942433,0.0,1.0,0.0,1.0,1.0,1.0
23,60,5.747950581160395,4.344420234593338,0.0,0.0,1.0,1.0,0.0,0.0
24,60,11.32116938115265,10.00593610393738,0.0,1.0,0.0,1.0,0.0,0.0
25,60,0.0,4.221558518392426,0.0,0.0,1.0,0.0,0.0,0.0
26,60,9.039977805704138,4.045789140162469,0.0,1.0,0.0,1.0,0.0,0.0
27,60,10.953835965284396,5.930029967776014,0.0,1.0,0.0,1.0,0.0,1.0
28,60,10.099452348572765,2.455356798799609,0.0,0.0,1.0,1.0,0.0,0.0
29,60,3.8759726249711535,6.9512865462609446,1.0,0.0,0.0,0.0,0.0,0.0
0,65,11.32899422313402,6.030777764879899,1.0,0.0,1.0,0.0,1.0,0.0
1,65,3.920833894288907,12.0,1.0,0.0,0.0,1.0,0.0,0.0
2,65,0.0,3.4447834167619726,1.0,0.0,1.0,0.0,0.0,0.0
3,65,10.98967571671653,4.673423467572114,1.0,1.0,0.0,0.0,0.0,0.0
4,65,2.499420815170976,2.1443223065793395,0.0,1.0,1.0,1.0,0.0,0.0
5,65,5.080057492126076,6.189220913158051,0.0,1.0,0.0,0.0,0.0,0.0
6,65,7.1950875870690325,11.60079220200942,1.0,1.0,0.0,0.0,0.0,1.0
7,65,11.35284457465476,3.002419154063788,0.0,0.0,0.0,1.0,1.0,0.0
8,65,5.700297056798907,5.057548866289941,1.0,0.0,1.0,1.0,1.0,0.0
9,65,11.873080226414718,12.0,0.0,1.0,0.0,0.0,0.0,0.0
10,65,1.906526973038268,1.5722606368820338,1.0,1.0,1.0,1.0,0.0,0.0
11,65,6.112962861741966,2.2149285727536645,1.0,1.0,0.0,0.0,0.0,1.0
12,65,6.868913254473887,3.195653050392792,0.0,1.0,0.0,0.0,0.0,0.0
13,65,11.839626210221615,3.787083914453543,1.0,0.0,0.0,1.0,0.0,0.0
14,65,0.6216334059681451,4.739011261358345,0.0,1.0,0.0,1.0,0.0,0.0
15,65,6.869537311852907,11.365384205122636,1.0,0.0,0.0,0.0,1.0,0.0
16,65,0.0,0.7956726514318361,0.0,0.0,1.0,1.0,1.0,0.0
17,65,4.875544659802609,2.9840033596577946,0.0,1.0,0.0,0.0,0.0,0.0
18,65,0.0,9.915643975796783,1.0,0.0,1.0,0.0,0.0,0.0
19,65,9.521589181865624,3.1157958029998967,1.0,0.0,0.0,0.0,1.0,0.0
20,65,4.751947979554752,11.517625394382002,1.0,1.0,0.0,0.0,1.0,1.0
21,65,7.8946411008879345,8.141888642963332,0.0,1.0,1.0,0.0,1.0,0.0
22,65,5.02759694945948,9.038426183463368,0.0,1.0,0.0,1.0,1.0,1.0
23,65,5.748342380061247,4.343863811949475,0.0,0.0,1.0,1.0,0.0,0.0
24,65,11.289708901104085,10.007162994732752,0.0,1.0,0.0,1.0,0.0,0.0
25,65,0.0,4.242976494881145,0.0,0.0,1.0,0.0,0.0,0.0
26,65,8.972654009478827,3.9855137461325127,0.0,1.0,0.0,1.0,0.0,0.0
27,65,10.967766664747025,5.961762104182235,0.0,1.0,0.0,1.0,0.0,1.0
28,65,10.11033662360706,2.3994945194869803,0.0,0.0,1.0,1.0,0.0,0.0
29,65,3.876699825729773,6.9515376190695735,1.0,0.0,0.0,0.0,0.0,0.0
0,70,11.34785834679831,6.102813346502537,1.0,0.0,1.0,0.0,1.0,0.0
1,70,3.980976486001604,12.0,1.0,0.0,0.0,1.0,0.0,0.0
2,70,0.0,3.418216381707703,1.0,0.0,1.0,0.0,0.0,0.0
3,70,11.104309292680917,4.759706055347524,1.0,1.0,0.0,0.0,0.0,0.0
4,70,2.4174994110547257,2.0769509952943315,0.0,1.0,1.0,1.0,0.0,0.0
5,70,5.090213384307271,6.218114434230212,0.0,1.0,0.0,0.0,0.0,0.0
6,70,7.208810785266674,11.693997437164962,1.0,1.0,0.0,0.0,0.0,1.0
7,70,11.22639165958543,3.0260536027772886,0.0,0.0,0.0,1.0,1.0,0.0
8,70,5.760936251212883,5.061337673360068,1.0,0.0,1.0,1.0,1.0,0.0
9,70,11.863080097589751,12.0,0.0,1.0,0.0,0.0,0.0,0.0
10,70,1.914990868169028,1.5347725156559346,1.0,1.0,1.0,1.0,0.0,0.0
11,70,6.1178560602194265,2.1829753834600303,1.0,1.0,0.0,0.0,0.0,1.0
12,70,6.764286787405252,3.11923068036547,0.0,1.0,0.0,0.0,0.0,0.0
13,70,11.818810213239876,3.710337430443812,1.0,0.0,0.0,1.0,0.0,0.0
14,70,0.6282159963785702,4.713342664887709,0.0,1.0,0.0,1.0,0.0,0.0
15,70,6.867405828444905,11.355497646221387,1.0,0.0,0.0,0.0,1.0,0.0
16,70,0.0,0.708874612473505,0.0,0.0,1.0,1.0,1.0,0.0
17,70,4.951188842053854,2.9836978210306992,0.0,1.0,0.0,0.0,0.0,0.0
18,70,0.0,9.894588778326554,1.0,0.0,1.0,0.0,0.0,0.0
19,70,9.47016442019975,3.232543173884185,1.0,0.0,0.0,0.0,1.0,0.0
20,70,4.747144189051134,11.506515235695876,1.0,1.0,0.0,0.0,1.0,1.0
21,70,7.868147422599668,8.086633817369604,0.0,1.0,1.0,0.0,1.0,0.0
22,70,5.025276688501966,9.034667464277964,0.0,1.0,0.0,1.0,1.0,1.0
23,70,5.737812787431542,4.35920401547139,0.0,0.0,1.0,1.0,0.0,0.0
24,70,11.244268923427098,10.009150511071375,0.0,1.0,0.0,1.0,0.0,0.0
25,70,0.0,4.264441780818131,0.0,0.0,1.0,0.0,0.0,0.0
26,70,8.90453628662285,3.925824697290852,0.0,1.0,0.0,1.0,0.0,0.0
27,70,10.983275907923638,5.994711687454751,0.0,1.0,0.0,1.0,0.0,1.0
28,70,10.12253532442918,2.339603026446571,0.0,0.0,1.0,1.0,0.0,0.0
29,70,3.88038549064533,6.952649862860547,1.0,0.0,0.0,0.0,0.0,0.0
0,75,11.361153399748254,6.155153860931279,1.0,0.0,1.0,0.0,1.0,0.0
1,75,4.050745468665909,12.0,1.0,0.0,0.0,1.0,0.0,0.0
2,75,0.0,3.413832871506091,1.0,0.0,1.0,0.0,0.0,0.0
3,75,11.230334050502186,4.852494956497487,1.0,1.0,0.0,0.0,0.0,0.0
4,75,2.3252765365258177,2.0028695710720963,0.0,1.0,1.0,1.0,0.0,0.0
5,75,5.061762863477746,6.228263875478119,0.0,1.0,0.0,0.0,0.0,0.0
6,75,7.229396051987636,11.801267889185484,1.0,1.0,0.0,0.0,0.0,1.0
7,75,11.080104204126355,3.0545391692333355,0.0,0.0,0.0,1.0,1.0,0.0
8,75,5.819300178831532,5.066210308862228,1.0,0.0,1.0,1.0,1.0,0.0
9,75,11.851427177812583,12.0,0.0,1.0,0.0,0.0,0.0,0.0
10,75,1.9291839609715296,1.4748318590808174,1.0,1.0,1.0,1.0,0.0,0.0
11,75,6.126316426651295,2.133276252518257,1.0,1.0,0.0,0.0,0.0,1.0
12,75,6.837036622656224,3.0157377440748188,0.0,1.0,0.0,0.0,0.0,0.0
13,75,11.79575488911286,3.612053753673576,1.0,0.0,0.0,1.0,0.0,0.0
14,75,0.6331779693767122,4.694051057128013,0.0,1.0,0.0,1.0,0.0,0.0
15,75,6.867669855669853,11.356646988684435,1.0,0.0,0.0,0.0,1.0,0.0
16,75,0.0,0.6282499057360189,0.0,0.0,1.0,1.0,1.0,0.0
17,75,5.043347503637629,2.9809245060944005,0.0,1.0,0.0,0.0,0.0,0.0
18,75,0.0,9.84379436868296,1.0,0.0,1.0,0.0,0.0,0.0
19,75,9.42485627951581,3.342795592459207,1.0,0.0,0.0,0.0,1.0,0.0
20,75,4.737989283975486,11.486487296613436,1.0,1.0,0.0,0.0,1.0,1.0
21,75,7.836963408331515,8.018122605645766,0.0,1.0,1.0,0.0,1.0,0.0
22,75,5.021843302161596,9.028928692116684,0.0,1.0,0.0,1.0,1.0,1.0
23,75,5.710165317043567,4.402641714318973,0.0,0.0,1.0,1.0,0.0,0.0
24,75,11.189656904830782,10.01239762275424,0.0,1.0,0.0,1.0,0.0,0.0
25,75,0.0,4.283548794456887,0.0,0.0,1.0,0.0,0.0,0.0
26,75,8.826936857031779,3.854036393630325,0.0,1.0,0.0,1.0,0.0,0.0
27,75,11.010309943227211,6.050883110603067,0.0,1.0,0.0,1.0,0.0,1.0
28,75,10.138917635761336,2.2566950759301108,0.0,0.0,1.0,1.0,0.0,0.0
29,75,3.877478040967445,6.9517754974155,1.0,0.0,0.0,0.0,0.0,0.0
0,80,11.37565310633308,6.217336325224134,1.0,0.0,1.0,0.0,1.0,0.0
1,80,4.118637619638972,12.0,1.0,0.0,0.0,1.0,0.0,0.0
2,80,0.0,3.4117227547122475,1.0,0.0,1.0,0.0,0.0,0.0
3,80,11.361579105770952,4.952811176897476,1.0,1.0,0.0,0.0,0.0,0.0
4,80,2.2288904266674123,1.9233109690429504,0.0,1.0,1.0,1.0,0.0,0.0
5,80,5.024446062492863,6.240772036766809,0.0,1.0,0.0,0.0,0.0,0.0
6,80,7.250413089396028,11.914818051706607,1.0,1.0,0.0,0.0,0.0,1.0
7,80,10.925346856891368,3.0854566969610517,0.0,0.0,0.0,1.0,1.0,0.0
8,80,5.89137989542657,5.070810452641287,1.0,0.0,1.0,1.0,1.0,0.0
9,80,11.840184826886,12.0,0.0,1.0,0.0,0.0,0.0,0.0
10,80,1.9447708255517773,1.3997327377742512,1.0,1.0,1.0,1.0,0.0,0.0
11,80,6.131598267974648,2.1023616446814324,1.0,1.0,0.0,0.0,0.0,1.0
12,80,6.906319023486914,2.914170696324124,0.0,1.0,0.0,0.0,0.0,0.0
13,80,11.77621105593816,3.516874205465892,1.0,0.0,0.0,1.0,0.0,0.0
14,80,0.6399571065852393,4.666942838852111,0.0,1.0,0.0,1.0,0.0,0.0
15,80,6.867532769912332,11.356056711186524,1.0,0.0,0.0,0.0,1.0,0.0
16,80,0.0,0.5364020620288443,0.0,0.0,1.0,1.0,1.0,0.0
17,80,5.131062261908528,2.979078299952997,0.0,1.0,0.0,0.0,0.0,0.0
18,80,0.0,9.79415150428729,1.0,0.0,1.0,0.0,0.0,0.0
19,80,9.385989739932596,3.4363796332657994,1.0,0.0,0.0,0.0,1.0,0.0
20,80,4.7273650313407405,11.462699833201286,1.0,1.0,0.0,0.0,1.0,1.0
21,80,7.800525205982209,7.938572407176991,0.0,1.0,1.0,0.0,1.0,0.0
22,80,5.021041007620027,9.027590028054217,0.0,1.0,0.0,1.0,1.0,1.0
23,80,5.6804866632237285,4.447228434232502,0.0,0.0,1.0,1.0,0.0,0.0
24,80,11.134958728814116,10.014999789280488,0.0,1.0,0.0,1.0,0.0,0.0
25,80,0.0,4.299091403611263,0.0,0.0,1.0,0.0,0.0,0.0
26,80,8.752236398307867,3.783418999723288,0.0,1.0,0.0,1.0,0.0,0.0
27,80,11.03656023864677,6.10386548668789,0.0,1.0,0.0,1.0,0.0,1.0
28,80,10.158190444483608,2.159100194364888,0.0,0.0,1.0,1.0,0.0,0.0
29,80,3.8532738422231634,6.944857536555488,1.0,0.0,0.0,0.0,0.0,0.0
0,85,11.39423821144469,6.29246554435966,1.0,0.0,1.0,0.0,1.0,0.0
1,85,4.1776211360821245,12.0,1.0,0.0,0.0,1.0,0.0,0.0
2,85,0.0,3.4066057296952024,1.0,0.0,1.0,0.0,0.0,0.0
3,85,11.483550300222207,5.045785275114112,1.0,1.0,0.0,0.0,0.0,0.0
4,85,2.1277357362450706,1.8426428793633207,0.0,1.0,1.0,1.0,0.0,0.0
5,85,4.982474342708041,6.254369153728722,0.0,1.0,0.0,0.0,0.0,0.0
6,85,7.265601779829062,12.0,1.0,1.0,0.0,0.0,0.0,1.0
7,85,10.764247654240062,3.1142558733821324,0.0,0.0,0.0,1.0,1.0,0.0
8,85,5.937469451405578,5.074589468131694,1.0,0.0,1.0,1.0,1.0,0.0
9,85,11.82924943924395,12.0,0.0,1.0,0.0,0.0,0.0,0.0
10,85,1.9602020424770727,1.3254240684887602,1.0,1.0,1.0,1.0,0.0,0.0
11,85,6.138502928126108,2.063354387066567,1.0,1.0,0.0,0.0,0.0,1.0
12,85,6.977849571670099,2.804001613286416,0.0,1.0,0.0,0.0,0.0,0.0
13,85,11.759616635133703,3.4306510725731143,1.0,0.0,0.0,1.0,0.0,0.0
14,85,0.6438397068011142,4.650997739974486,0.0,1.0,0.0,1.0,0.0,0.0
15,85,6.868693586960531,11.361053197305385,1.0,0.0,0.0,0.0,1.0,0.0
16,85,0.0,0.4615309186211373,0.0,0.0,1.0,1.0,1.0,0.0
17,85,5.2195654971009535,2.976236515399967,0.0,1.0,0.0,0.0,0.0,0.0
18,85,0.0463266909496195,9.778716522328876,1.0,0.0,1.0,0.0,0.0,0.0
19,85,9.349432005841956,3.529376898388934,1.0,0.0,0.0,0.0,1.0,0.0
20,85,4.719549437238062,11.445884866902643,1.0,1.0,0.0,0.0,1.0,1.0
21,85,7.764838611297445,7.852829079439558,0.0,1.0,1.0,0.0,1.0,0.0
22,85,5.017105583927224,9.020752408888631,0.0,1.0,0.0,1.0,1.0,1.0
23,85,5.644675009180752,4.500620316929198,0.0,0.0,1.0,1.0,0.0,0.0
24,85,11.099686238877222,10.016331006971722,0.0,1.0,0.0,1.0,0.0,0.0
25,85,0.0,4.311205433321351,0.0,0.0,1.0,0.0,0.0,0.0
26,85,8.67248884214839,3.7101416412713215,0.0,1.0,0.0,1.0,0.0,0.0
27,85,11.06671045469422,6.164733891381024,0.0,1.0,0.0,1.0,0.0,1.0
28,85,10.180982358286856,2.0582474397270545,0.0,0.0,1.0,1.0,0.0,0.0
29,85,3.8628039277616,6.94738592606997,1.0,0.0,0.0,0.0,0.0,0.0
0,90,11.408431636071368,6.350172502249252,1.0,0.0,1.0,0.0,1.0,0.0
1,90,4.224942884344304,12.0,1.0,0.0,0.0,1.0,0.0,0.0
2,90,0.0,3.3882851715038065,1.0,0.0,1.0,0.0,0.0,0.0
3,90,11.607035512777218,5.142183947558505,1.0,1.0,0.0,0.0,0.0,0.0
4,90,2.029686841052391,1.760988649002934,0.0,1.0,1.0,1.0,0.0,0.0
5,90,4.928031027428722,6.274063696192555,0.0,1.0,0.0,0.0,0.0,0.0
6,90,7.282219539265054,12.0,1.0,1.0,0.0,0.0,0.0,1.0
7,90,10.597990112284338,3.144853887426361,0.0,0.0,0.0,1.0,1.0,0.0
8,90,5.967256486266596,5.077250793277108,1.0,0.0,1.0,1.0,1.0,0.0
9,90,11.817837512463218,12.0,0.0,1.0,0.0,0.0,0.0,0.0
10,90,1.9745617036256369,1.253663447425979,1.0,1.0,1.0,1.0,0.0,0.0
11,90,6.148756178282805,2.004131298481973,1.0,1.0,0.0,0.0,0.0,1.0
12,90,7.0460569139364,2.692298424428921,0.0,1.0,0.0,0.0,0.0,0.0
13,90,11.682346964275265,3.4425765957087795,1.0,0.0,0.0,1.0,0.0,0.0
14,90,0.6398461041874272,4.668163813170476,0.0,1.0,0.0,1.0,0.0,0.0
15,90,6.8713345670758725,11.37177940310466,1.0,0.0,0.0,0.0,1.0,0.0
16,90,0.0,0.3780437984009436,0.0,0.0,1.0,1.0,1.0,0.0
17,90,5.3252596434146255,2.9712721849381007,0.0,1.0,0.0,0.0,0.0,0.0
18,90,0.0986363896377685,9.76050273801842,1.0,0.0,1.0,0.0,0.0,0.0
19,90,9.30388802703659,3.6390453013247455,1.0,0.0,0.0,0.0,1.0,0.0
20,90,4.712892480456803,11.430911483451997,1.0,1.0,0.0,0.0,1.0,1.0
21,90,7.732469434746005,7.7705482640803,0.0,1.0,1.0,0.0,1.0,0.0
22,90,5.008606392559593,9.006287895113816,0.0,1.0,0.0,1.0,1.0,1.0
23,90,5.610469031672773,4.5517970682522,0.0,0.0,1.0,1.0,0.0,0.0
24,90,11.046303280842196,10.018418461786355,0.0,1.0,0.0,1.0,0.0,0.0
25,90,0.0,4.323231734525539,0.0,0.0,1.0,0.0,0.0,0.0
26,90,8.596575926703853,3.642873969521836,0.0,1.0,0.0,1.0,0.0,0.0
27,90,11.098705825987194,6.225030547179176,0.0,1.0,0.0,1.0,0.0,1.0
28,90,10.202756367410592,1.9462869633258053,0.0,0.0,1.0,1.0,0.0,0.0
29,90,3.8565056294480113,6.945761392607107,1.0,0.0,0.0,0.0,0.0,0.0
0,95,11.421771341083277,6.403469384938468,1.0,0.0,1.0,0.0,1.0,0.0
1,95,4.284242875655011,12.0,1.0,0.0,0.0,1.0,0.0,0.0
2,95,0.0,3.397663917411472,1.0,0.0,1.0,0.0,0.0,0.0
3,95,11.736082699476931,5.247205442052051,1.0,1.0,0.0,0.0,0.0,0.0
4,95,1.9367012664054584,1.685393009896534,0.0,1.0,1.0,1.0,0.0,0.0
5,95,4.878879415921261,6.291663479059198,0.0,1.0,0.0,0.0,0.0,0.0
6,95,7.30174214135746,12.0,1.0,1.0,0.0,0.0,0.0,1.0
7,95,10.408261062572311,3.1814768062002403,0.0,0.0,0.0,1.0,1.0,0.0
8,95,5.989070370691839,5.079415184508993,1.0,0.0,1.0,1.0,1.0,0.0
9,95,11.804678727407762,12.0,0.0,1.0,0.0,0.0,0.0,0.0
10,95,1.9871224565870504,1.183288082903387,1.0,1.0,1.0,1.0,0.0,0.0
11,95,6.156174457316856,1.9592242171544685,1.0,1.0,0.0,0.0,0.0,1.0
12,95,7.105983652730172,2.593171595335748,0.0,1.0,0.0,0.0,0.0,0.0
13,95,11.61723235879498,3.4518737239015853,1.0,0.0,0.0,1.0,0.0,0.0
14,95,0.6332264321067883,4.696508636305771,0.0,1.0,0.0,1.0,0.0,0.0
15,95,6.87578594602019,11.38805865475778,1.0,0.0,0.0,0.0,1.0,0.0
16,95,0.0,0.3251558699667286,0.0,0.0,1.0,1.0,1.0,0.0
17,95,5.433044363522309,2.966006360150228,0.0,1.0,0.0,0.0,0.0,0.0
18,95,0.1597913331360239,9.741609487206649,1.0,0.0,1.0,0.0,0.0,0.0
19,95,9.268034836977652,3.7274354617283634,1.0,0.0,0.0,0.0,1.0,0.0
20,95,4.694955306720798,11.391746235821484,1.0,1.0,0.0,0.0,1.0,1.0
21,95,7.695809511481254,7.677189274413037,0.0,1.0,1.0,0.0,1.0,0.0
22,95,4.996161375305428,8.985325934550072,0.0,1.0,0.0,1.0,1.0,1.0
23,95,5.575086420771579,4.607043043590148,0.0,0.0,1.0,1.0,0.0,0.0
24,95,10.987213432439798,10.02448271467468,0.0,1.0,0.0,1.0,0.0,0.0
25,95,0.0,4.333579800780563,0.0,0.0,1.0,0.0,0.0,0.0
26,95,8.529416107720696,3.581791969527107,0.0,1.0,0.0,1.0,0.0,0.0
27,95,11.127309990056188,6.279557984916841,0.0,1.0,0.0,1.0,0.0,1.0
28,95,10.221029598559287,1.857427035581385,0.0,0.0,1.0,1.0,0.0,0.0
29,95,3.839325766415371,6.941356186943716,1.0,0.0,0.0,0.0,0.0,0.0
0,100,11.437486141123108,6.467777824987948,1.0,0.0,1.0,0.0,1.0,0.0
1,100,4.376198050319148,12.0,1.0,0.0,0.0,1.0,0.0,0.0
2,100,0.0,3.4137304499674723,1.0,0.0,1.0,0.0,0.0,0.0
3,100,11.864875940720491,5.34964109083633,1.0,1.0,0.0,0.0,0.0,0.0
4,100,1.8508181068380132,1.615718201371753,0.0,1.0,1.0,1.0,0.0,0.0
5,100,4.88951421489548,6.324920609700134,0.0,1.0,0.0,0.0,0.0,0.0
6,100,7.319065005066804,12.0,1.0,1.0,0.0,0.0,0.0,1.0
7,100,10.220981015206403,3.2114017941270734,0.0,0.0,0.0,1.0,1.0,0.0
8,100,6.013947364042908,5.081953084422945,1.0,0.0,1.0,1.0,1.0,0.0
9,100,11.794908345741486,12.0,0.0,1.0,0.0,0.0,0.0,0.0
10,100,1.9961585809477445,1.1263168904370584,1.0,1.0,1.0,1.0,0.0,0.0
11,100,6.1655077250701655,1.8976408570726728,1.0,1.0,0.0,0.0,0.0,1.0
12,100,7.162306008931207,2.499239174482474,0.0,1.0,0.0,0.0,0.0,0.0
13,100,11.5595822882901,3.4599170635578043,1.0,0.0,0.0,1.0,0.0,0.0
14,100,0.631503004758749,4.70421056093166,0.0,1.0,0.0,1.0,0.0,0.0
15,100,6.882689036880766,11.414117730721664,1.0,0.0,0.0,0.0,1.0,0.0
16,100,0.0,0.2917531036407287,0.0,0.0,1.0,1.0,1.0,0.0
17,100,5.536050998047221,2.960148724872856,0.0,1.0,0.0,0.0,0.0,0.0
18,100,0.2271751097345515,9.721937700803425,1.0,0.0,1.0,0.0,0.0,0.0
19,100,9.241949578804611,3.787572803418287,1.0,0.0,0.0,0.0,1.0,0.0
20,100,4.6845488803998006,11.370089790499495,1.0,1.0,0.0,0.0,1.0,1.0
21,100,7.653747435092254,7.57598530688166,0.0,1.0,1.0,0.0,1.0,0.0
22,100,4.987586267422307,8.970315534143094,0.0,1.0,0.0,1.0,1.0,1.0
23,100,5.538876929540487,4.665151749706967,0.0,0.0,1.0,1.0,0.0,0.0
24,100,10.925962969778103,10.030456198010588,0.0,1.0,0.0,1.0,0.0,0.0
25,100,0.0121509574552946,4.451245442051032,0.0,0.0,1.0,0.0,0.0,0.0
26,100,8.454896787214592,3.5166088468917227,0.0,1.0,0.0,1.0,0.0,0.0
27,100,11.159933703306091,6.341279981812488,0.0,1.0,0.0,1.0,0.0,1.0
28,100,10.236359128134485,1.7900299053978797,0.0,0.0,1.0,1.0,0.0,0.0
29,100,3.8136984691744367,6.933875923990732,1.0,0.0,0.0,0.0,0.0,0.0
0,105,11.453337493883,6.539105014488898,1.0,0.0,1.0,0.0,1.0,0.0
1,105,4.468028179411792,12.0,1.0,0.0,0.0,1.0,0.0,0.0
2,105,0.0,3.434268110933592,1.0,0.0,1.0,0.0,0.0,0.0
3,105,11.982178014804214,5.445697469835823,1.0,1.0,0.0,0.0,0.0,0.0
4,105,1.7643423485813263,1.5458542295808222,0.0,1.0,1.0,1.0,0.0,0.0
5,105,4.896629296209613,6.346888607348482,0.0,1.0,0.0,0.0,0.0,0.0
6,105,7.338068466074575,12.0,1.0,1.0,0.0,0.0,0.0,1.0
7,105,10.024274163083565,3.245074723558855,0.0,0.0,0.0,1.0,1.0,0.0
8,105,6.051377774934661,5.086269187671561,1.0,0.0,1.0,1.0,1.0,0.0
9,105,11.786136468536435,12.0,0.0,1.0,0.0,0.0,0.0,0.0
10,105,2.0072027316055028,1.0588774092965352,1.0,1.0,1.0,1.0,0.0,0.0
11,105,6.172853540633038,1.8476058080393627,1.0,1.0,0.0,0.0,0.0,1.0
12,105,7.2225714328063955,2.39683128002806,0.0,1.0,0.0,0.0,0.0,0.0
13,105,11.507011896242055,3.465863491150509,1.0,0.0,0.0,1.0,0.0,0.0
14,105,0.6297756684895078,4.712029323674318,0.0,1.0,0.0,1.0,0.0,0.0
15,105,6.886135423396061,11.42645082429761,1.0,0.0,0.0,0.0,1.0,0.0
16,105,0.0,0.2658881589711421,0.0,0.0,1.0,1.0,1.0,0.0
17,105,5.631130609147047,2.960645817422204,0.0,1.0,0.0,0.0,0.0,0.0
18,105,0.2869065693850596,9.705426173351372,1.0,0.0,1.0,0.0,0.0,0.0
19,105,9.203115763955603,3.8736431922247183,1.0,0.0,0.0,0.0,1.0,0.0
20,105,4.670137079892963,11.340416977079412,1.0,1.0,0.0,0.0,1.0,1.0
21,105,7.623722446486848,7.497688169568367,0.0,1.0,1.0,0.0,1.0,0.0
22,105,4.971103024071655,8.941013590435631,0.0,1.0,0.0,1.0,1.0,1.0
23,105,5.5082457369361455,4.71557308569957,0.0,0.0,1.0,1.0,0.0,0.0
24,105,10.870912378472118,10.034483576331128,0.0,1.0,0.0,1.0,0.0,0.0
25,105,0.0239119435974554,4.585688400496855,0.0,0.0,1.0,0.0,0.0,0.0
26,105,8.382546383448066,3.453371017430361,0.0,1.0,0.0,1.0,0.0,0.0
27,105,11.1928234500884,6.403546600987672,0.0,1.0,0.0,1.0,0.0,1.0
28,105,10.250617284821647,1.7244857343874656,0.0,0.0,1.0,1.0,0.0,0.0
29,105,3.807786673688372,6.93212447807506,1.0,0.0,0.0,0.0,0.0,0.0
0,110,11.468536990542995,6.614249541593324,1.0,0.0,1.0,0.0,1.0,0.0
1,110,4.55384466601399,12.0,1.0,0.0,0.0,1.0,0.0,0.0
2,110,0.0,3.444947460887478,1.0,0.0,1.0,0.0,0.0,0.0
3,110,12.0,5.551348838863731,1.0,1.0,0.0,0.0,0.0,0.0
4,110,1.6617191968961622,1.4670752067452637,0.0,1.0,1.0,1.0,0.0,0.0
5,110,4.9044518202701575,6.368318576093233,0.0,1.0,0.0,0.0,0.0,0.0
6,110,7.361505516180551,12.0,1.0,1.0,0.0,0.0,0.0,1.0
7,110,9.841854671033856,3.2736349362919506,0.0,0.0,0.0,1.0,1.0,0.0
8,110,6.127691597243887,5.093864693353484,1.0,0.0,1.0,1.0,1.0,0.0
9,110,11.77647246549436,12.0,0.0,1.0,0.0,0.0,0.0,0.0
10,110,2.0172649429226035,0.9939834071521884,1.0,1.0,1.0,1.0,0.0,0.0
11,110,6.178711437060945,1.808277253827276,1.0,1.0,0.0,0.0,0.0,1.0
12,110,7.278486669252153,2.3020291582598205,0.0,1.0,0.0,0.0,0.0,0.0
13,110,11.453691455172882,3.4701425158537043,1.0,0.0,0.0,1.0,0.0,0.0
14,110,0.6273945377651551,4.723715597636021,0.0,1.0,0.0,1.0,0.0,0.0
15,110,6.886109900526196,11.426361479149117,1.0,0.0,0.0,0.0,1.0,0.0
16,110,0.0,0.2382998602483286,0.0,0.0,1.0,1.0,1.0,0.0
17,110,5.713516946832566,2.963504240969334,0.0,1.0,0.0,0.0,0.0,0.0
18,110,0.3365568245022314,9.692739985245463,1.0,0.0,1.0,0.0,0.0,0.0
19,110,9.175415144487726,3.9295308812436143,1.0,0.0,0.0,0.0,1.0,0.0
20,110,4.648284799561163,11.296528514664464,1.0,1.0,0.0,0.0,1.0,1.0
21,110,7.591366326712326,7.419217183440126,0.0,1.0,1.0,0.0,1.0,0.0
22,110,4.947985826792877,8.89816979690102,0.0,1.0,0.0,1.0,1.0,1.0
23,110,5.4797831491968925,4.766076997569225,0.0,0.0,1.0,1.0,0.0,0.0
24,110,10.796753640722176,10.039165132460926,0.0,1.0,0.0,1.0,0.0,0.0
25,110,0.0367068377246685,4.714901086715267,0.0,0.0,1.0,0.0,0.0,0.0
26,110,8.309701251690878,3.3900914930621995,0.0,1.0,0.0,1.0,0.0,0.0
27,110,11.225367676464934,6.466801606890012,0.0,1.0,0.0,1.0,0.0,1.0
28,110,10.262554042069022,1.6676031766191062,0.0,0.0,1.0,1.0,0.0,0.0
29,110,3.824463973709716,6.937158185083106,1.0,0.0,0.0,0.0,0.0,0.0
0,115,11.487525287152092,6.697399476585345,1.0,0.0,1.0,0.0,1.0,0.0
1,115,4.6439795424890224,12.0,1.0,0.0,0.0,1.0,0.0,0.0
2,115,0.0,3.4554021177399985,1.0,0.0,1.0,0.0,0.0,0.0
3,115,12.0,5.662023525909543,1.0,1.0,0.0,0.0,0.0,0.0
4,115,1.5554030070593965,1.389533869434017,0.0,1.0,1.0,1.0,0.0,0.0
5,115,4.914364855839328,6.397635040689559,0.0,1.0,0.0,0.0,0.0,0.0
6,115,7.382985276661712,12.0,1.0,1.0,0.0,0.0,0.0,1.0
7,115,9.64504930834383,3.2981681575108515,0.0,0.0,0.0,1.0,1.0,0.0
8,115,6.206999902256533,5.104163644254973,1.0,0.0,1.0,1.0,1.0,0.0
9,115,11.764693080805118,12.0,0.0,1.0,0.0,0.0,0.0,0.0
10,115,2.0273107920185582,0.9326922610645708,1.0,1.0,1.0,1.0,0.0,0.0
11,115,6.222154054764912,1.815866606881742,1.0,1.0,0.0,0.0,0.0,1.0
12,115,7.342848755040155,2.196383062523291,0.0,1.0,0.0,0.0,0.0,0.0
13,115,11.40068212384116,3.4739292375762623,1.0,0.0,0.0,1.0,0.0,0.0
14,115,0.6250496666774304,4.734021951428879,0.0,1.0,0.0,1.0,0.0,0.0
15,115,6.883898802458939,11.418982984063502,1.0,0.0,0.0,0.0,1.0,0.0
16,115,0.0,0.1918056539292967,0.0,0.0,1.0,1.0,1.0,0.0
17,115,5.796783770129687,2.968810239967574,0.0,1.0,0.0,0.0,0.0,0.0
18,115,0.4055283533720817,9.674268342151978,1.0,0.0,1.0,0.0,0.0,0.0
19,115,9.134880127934853,4.004202983546836,1.0,0.0,0.0,0.0,1.0,0.0
20,115,4.624156533636021,11.249552628540114,1.0,1.0,0.0,0.0,1.0,1.0
21,115,7.556569417908531,7.330554746950589,0.0,1.0,1.0,0.0,1.0,0.0
22,115,4.923061727645145,8.851611917218804,0.0,1.0,0.0,1.0,1.0,1.0
23,115,5.4517631621518206,4.816633890960084,0.0,0.0,1.0,1.0,0.0,0.0
24,115,10.710669164496574,10.045723159660255,0.0,1.0,0.0,1.0,0.0,0.0
25,115,0.0516352027359773,4.855548873227544,0.0,0.0,1.0,0.0,0.0,0.0
26,115,8.250880711655375,3.3398447325375438,0.0,1.0,0.0,1.0,0.0,0.0
27,115,11.261383905981916,6.537578668440787,0.0,1.0,0.0,1.0,0.0,1.0
28,115,10.273680563199616,1.6126240793817372,0.0,0.0,1.0,1.0,0.0,0.0
29,115,3.832761401930821,6.939624357627048,1.0,0.0,0.0,0.0,0.0,0.0
0,120,11.50763820884615,6.782848255624113,1.0,0.0,1.0,0.0,1.0,0.0
1,120,4.752060791883694,12.0,1.0,0.0,0.0,1.0,0.0,0.0
2,120,0.0,3.46015677866688,1.0,0.0,1.0,0.0,0.0,0.0
3,120,12.0,5.788482606779996,1.0,1.0,0.0,0.0,0.0,0.0
4,120,1.4383883254385923,1.3074351733536484,0.0,1.0,1.0,1.0,0.0,0.0
5,120,4.921514324093639,6.41839018376651,0.0,1.0,0.0,0.0,0.0,0.0
6,120,7.521397151330392,11.981490369142543,1.0,1.0,0.0,0.0,0.0,1.0
7,120,9.434523414442223,3.32892493185325,0.0,0.0,0.0,1.0,1.0,0.0
8,120,6.290545360131122,5.1180622028565,1.0,0.0,1.0,1.0,1.0,0.0
9,120,11.7523371930408,12.0,0.0,1.0,0.0,0.0,0.0,0.0
10,120,2.0378934703952343,0.8640080153467208,1.0,1.0,1.0,1.0,0.0,0.0
11,120,6.24572181407456,1.8198552474025185,1.0,1.0,0.0,0.0,0.0,1.0
12,120,7.399879046926201,2.095837284537774,0.0,1.0,0.0,0.0,0.0,0.0
13,120,11.341978189007031,3.479331304816127,1.0,0.0,0.0,1.0,0.0,0.0
14,120,0.6214340717555245,4.747879689887137,0.0,1.0,0.0,1.0,0.0,0.0
15,120,6.8762076488351385,11.39377891569498,1.0,0.0,0.0,0.0,1.0,0.0
16,120,0.0,0.1537120827404178,0.0,0.0,1.0,1.0,1.0,0.0
17,120,5.869135363386836,2.974276271761342,0.0,1.0,0.0,0.0,0.0,0.0
18,120,0.4624214617466177,9.657370223702827,1.0,0.0,1.0,0.0,0.0,0.0
19,120,9.092892939983765,4.080799435267453,1.0,0.0,0.0,0.0,1.0,0.0
20,120,4.5968729513348325,11.194765227472688,1.0,1.0,0.0,0.0,1.0,1.0
21,120,7.521360109508958,7.239985041803259,0.0,1.0,1.0,0.0,1.0,0.0
22,120,4.904861705718257,8.817733361448036,0.0,1.0,0.0,1.0,1.0,1.0
23,120,5.443537902057406,4.830949471365474,0.0,0.0,1.0,1.0,0.0,0.0
24,120,10.62600698549524,10.052144030346357,0.0,1.0,0.0,1.0,0.0,0.0
25,120,0.0683606360615795,4.982413026427549,0.0,0.0,1.0,0.0,0.0,0.0
26,120,8.192390412323105,3.290774236423931,0.0,1.0,0.0,1.0,0.0,0.0
27,120,11.29802237121056,6.606364169287871,0.0,1.0,0.0,1.0,0.0,1.0
28,120,10.286216478413872,1.5520376111583989,0.0,0.0,1.0,1.0,0.0,0.0
29,120,3.851892302515082,6.94559680800905,1.0,0.0,0.0,0.0,0.0,0.0
0,125,11.524782729079543,6.842315822914973,1.0,0.0,1.0,0.0,1.0,0.0
1,125,4.744378904417683,12.0,1.0,0.0,0.0,1.0,0.0,0.0
2,125,0.0041268422302659,3.458847290008312,1.0,0.0,1.0,0.0,0.0,0.0
3,125,12.0,5.92057994518744,1.0,1.0,0.0,0.0,0.0,0.0
4,125,1.3318111849893777,1.2303644004783785,0.0,1.0,1.0,1.0,0.0,0.0
5,125,4.925472091098555,6.429726308500497,0.0,1.0,0.0,0.0,0.0,0.0
6,125,7.6558385393538275,11.963023522526855,1.0,1.0,0.0,0.0,0.0,1.0
7,125,9.226607195380762,3.3534349110106616,0.0,0.0,0.0,1.0,1.0,0.0
8,125,6.391991555063623,5.134266355741835,1.0,0.0,1.0,1.0,1.0,0.0
9,125,11.73887101485936,12.0,0.0,1.0,0.0,0.0,0.0,0.0
10,125,2.0500851618789464,0.7800145974423888,1.0,1.0,1.0,1.0,0.0,0.0
11,125,6.278518307581649,1.8259712649334965,1.0,1.0,0.0,0.0,0.0,1.0
12,125,7.461752125606037,1.9942993544002348,0.0,1.0,0.0,0.0,0.0,0.0
13,125,11.268205575075465,3.486570486403913,1.0,0.0,0.0,1.0,0.0,0.0
14,125,0.6150699037414856,4.770407082066023,0.0,1.0,0.0,1.0,0.0,0.0
15,125,6.8660486613366,11.360891079423425,1.0,0.0,0.0,0.0,1.0,0.0
16,125,0.0,0.1219913718412684,0.0,0.0,1.0,1.0,1.0,0.0
17,125,5.934460901525848,2.9794208600259284,0.0,1.0,0.0,0.0,0.0,0.0
18,125,0.5161027082890792,9.64129093060605,1.0,0.0,1.0,0.0,0.0,0.0
19,125,9.054987399283512,4.150960271024743,1.0,0.0,0.0,0.0,1.0,0.0
20,125,4.570792479953054,11.136992768833544,1.0,1.0,0.0,0.0,1.0,1.0
21,125,7.490470103437945,7.153131144298505,0.0,1.0,1.0,0.0,1.0,0.0
22,125,4.880543484013009,8.76949590337379,0.0,1.0,0.0,1.0,1.0,1.0
23,125,5.439639278713073,4.837568211188728,0.0,0.0,1.0,1.0,0.0,0.0
24,125,10.558933982923156,10.05753032308618,0.0,1.0,0.0,1.0,0.0,0.0
25,125,0.0786748369979412,5.093337074914063,0.0,0.0,1.0,0.0,0.0,0.0
26,125,8.126370220417975,3.234937189474433,0.0,1.0,0.0,1.0,0.0,0.0
27,125,11.336172177211154,6.674489249560463,0.0,1.0,0.0,1.0,0.0,1.0
28,125,10.304133990560333,1.465020126559033,0.0,0.0,1.0,1.0,0.0,0.0
29,125,3.886194369957664,6.956191493465375,1.0,0.0,0.0,0.0,0.0,0.0
0,130,11.546357816220802,6.906661306090102,1.0,0.0,1.0,0.0,1.0,0.0
1,130,4.73774507119858,12.0,1.0,0.0,0.0,1.0,0.0,0.0
2,130,0.0197820186391725,3.453787032200923,1.0,0.0,1.0,0.0,0.0,0.0
3,130,12.0,6.056911599825189,1.0,1.0,0.0,0.0,0.0,0.0
4,130,1.2118030325896345,1.1430721110292867,0.0,1.0,1.0,1.0,0.0,0.0
5,130,4.931286112256773,6.4457935779843805,0.0,1.0,0.0,0.0,0.0,0.0
6,130,7.818021437072835,11.940185200741924,1.0,1.0,0.0,0.0,0.0,1.0
7,130,9.016200862988008,3.381593801960222,0.0,0.0,0.0,1.0,1.0,0.0
8,130,6.4810978380548745,5.148823608182633,1.0,0.0,1.0,1.0,1.0,0.0
9,130,11.726669434936388,12.0,0.0,1.0,0.0,0.0,0.0,0.0
10,130,2.060234094109642,0.705129685235749,1.0,1.0,1.0,1.0,0.0,0.0
11,130,6.287243261505439,1.8275562956958635,1.0,1.0,0.0,0.0,0.0,1.0
12,130,7.529367955599511,1.892905962480795,0.0,1.0,0.0,0.0,0.0,0.0
13,130,11.186892311628334,3.4964634250065925,1.0,0.0,0.0,1.0,0.0,0.0
14,130,0.610186579211327,4.788572074364249,0.0,1.0,0.0,1.0,0.0,0.0
15,130,6.856841227912912,11.327807414022702,1.0,0.0,0.0,0.0,1.0,0.0
16,130,0.0,0.1021753818743137,0.0,0.0,1.0,1.0,1.0,0.0
17,130,5.992153269457855,2.982428666776656,0.0,1.0,0.0,0.0,0.0,0.0
18,130,0.5619542600768525,9.627149925585718,1.0,0.0,1.0,0.0,0.0,0.0
19,130,9.016502994954818,4.222152377901909,1.0,0.0,0.0,0.0,1.0,0.0
20,130,4.5348079151455725,11.055814950999558,1.0,1.0,0.0,0.0,1.0,1.0
21,130,7.466327424324279,7.085498024926339,0.0,1.0,1.0,0.0,1.0,0.0
22,130,4.859172284534632,8.725798007066201,0.0,1.0,0.0,1.0,1.0,1.0
23,130,5.429723872126101,4.854702196684015,0.0,0.0,1.0,1.0,0.0,0.0
24,130,10.489284121918253,10.062994644836571,0.0,1.0,0.0,1.0,0.0,0.0
25,130,0.0916116211089752,5.218076831782472,0.0,0.0,1.0,0.0,0.0,0.0
26,130,8.048342867961052,3.1681760980186207,0.0,1.0,0.0,1.0,0.0,0.0
27,130,11.370128131730278,6.738507642513188,0.0,1.0,0.0,1.0,0.0,1.0
28,130,10.319519790100596,1.3914293956216215,0.0,0.0,1.0,1.0,0.0,0.0
29,130,3.913236045078628,6.964181107490399,1.0,0.0,0.0,0.0,0.0,0.0
0,135,11.56447117505538,6.962400576900345,1.0,0.0,1.0,0.0,1.0,0.0
1,135,4.732895245746752,12.0,1.0,0.0,0.0,1.0,0.0,0.0
2,135,0.0494997657257075,3.444497988702614,1.0,0.0,1.0,0.0,0.0,0.0
3,135,12.0,6.209644577091845,1.0,1.0,0.0,0.0,0.0,0.0
4,135,1.073904982409045,1.0466956336211983,0.0,1.0,1.0,1.0,0.0,0.0
5,135,4.930321314184247,6.443112201944984,0.0,1.0,0.0,0.0,0.0,0.0
6,135,7.954297763633237,11.919881270111302,1.0,1.0,0.0,0.0,0.0,1.0
7,135,8.804882412089444,3.407739819683492,0.0,0.0,0.0,1.0,1.0,0.0
8,135,6.578043880857076,5.163582334234795,1.0,0.0,1.0,1.0,1.0,0.0
9,135,11.71564099423616,12.0,0.0,1.0,0.0,0.0,0.0,0.0
10,135,2.0755331168179856,0.6134431782212245,1.0,1.0,1.0,1.0,0.0,0.0
11,135,6.314488620149425,1.8320078976391003,1.0,1.0,0.0,0.0,0.0,1.0
12,135,7.5860894226422815,1.8050149785722132,0.0,1.0,0.0,0.0,0.0,0.0
13,135,11.117947756769286,3.503285095187982,1.0,0.0,0.0,1.0,0.0,0.0
14,135,0.6064593210661922,4.803071998477899,0.0,1.0,0.0,1.0,0.0,0.0
15,135,6.85472666685684,11.319471599225936,1.0,0.0,0.0,0.0,1.0,0.0
16,135,0.0,0.0864239342676352,0.0,0.0,1.0,1.0,1.0,0.0
17,135,6.041689624101158,2.984937459763052,0.0,1.0,0.0,0.0,0.0,0.0
18,135,0.6170826963831042,9.611506365999766,1.0,0.0,1.0,0.0,0.0,0.0
19,135,8.980234224377696,4.289955162198684,1.0,0.0,0.0,0.0,1.0,0.0
20,135,4.49203942827951,10.956364582212544,1.0,1.0,0.0,0.0,1.0,1.0
21,135,7.43884190394313,7.00531078803683,0.0,1.0,1.0,0.0,1.0,0.0
22,135,4.837784746033675,8.680862328839432,0.0,1.0,0.0,1.0,1.0,1.0
23,135,5.430342234765818,4.853691135898719,0.0,0.0,1.0,1.0,0.0,0.0
24,135,10.41868817906433,10.06908630542775,0.0,1.0,0.0,1.0,0.0,0.0
25,135,0.1071532798182175,5.381337389987499,0.0,0.0,1.0,0.0,0.0,0.0
26,135,7.975794696404082,3.10746998035949,0.0,1.0,0.0,1.0,0.0,0.0
27,135,11.39373022199666,6.781542666767398,0.0,1.0,0.0,1.0,0.0,1.0
28,135,10.337355508008152,1.302339688133666,0.0,0.0,1.0,1.0,0.0,0.0
29,135,3.947566460978222,6.974492760914537,1.0,0.0,0.0,0.0,0.0,0.0
0,140,11.583140111482678,7.022187071406758,1.0,0.0,1.0,0.0,1.0,0.0
1,140,4.726261555218883,12.0,1.0,0.0,0.0,1.0,0.0,0.0
2,140,0.0848757372322569,3.4322083614448897,1.0,0.0,1.0,0.0,0.0,0.0
3,140,12.0,6.354386528235244,1.0,1.0,0.0,0.0,0.0,0.0
4,140,0.9325881388570249,0.9436553332113482,0.0,1.0,1.0,1.0,0.0,0.0
5,140,4.934179880030233,6.453794912409528,0.0,1.0,0.0,0.0,0.0,0.0
6,140,8.097943682298585,11.897651228780877,1.0,1.0,0.0,0.0,0.0,1.0
7,140,8.579172270989018,3.436275181505052,0.0,0.0,0.0,1.0,1.0,0.0
8,140,6.64663993183335,5.17422745272889,1.0,0.0,1.0,1.0,1.0,0.0
9,140,11.699770164904182,12.0,0.0,1.0,0.0,0.0,0.0,0.0
10,140,2.091665901767404,0.5252224181297405,1.0,1.0,1.0,1.0,0.0,0.0
11,140,6.359258433768498,1.8397534191285547,1.0,1.0,0.0,0.0,0.0,1.0
12,140,7.630703491957389,1.736945566599262,0.0,1.0,0.0,0.0,0.0,0.0
13,140,11.06347773319808,3.5086493438143176,1.0,0.0,0.0,1.0,0.0,0.0
14,140,0.6038638615093824,4.813455774974496,0.0,1.0,0.0,1.0,0.0,0.0
15,140,6.850921586192001,11.30326838677287,1.0,0.0,0.0,0.0,1.0,0.0
16,140,0.0,0.0675932504462374,0.0,0.0,1.0,1.0,1.0,0.0
17,140,6.090263787495647,2.9878922936445864,0.0,1.0,0.0,0.0,0.0,0.0
18,140,0.6751677202033473,9.593231806373945,1.0,0.0,1.0,0.0,0.0,0.0
19,140,8.95508657657363,4.338948368992077,1.0,0.0,0.0,0.0,1.0,0.0
20,140,4.440653408185003,10.830107463862458,1.0,1.0,0.0,0.0,1.0,1.0
21,140,7.414216288706129,6.932062908977921,0.0,1.0,1.0,0.0,1.0,0.0
22,140,4.819335688930109,8.642020268994118,0.0,1.0,0.0,1.0,1.0,1.0
23,140,5.423414051329213,4.864391132692748,0.0,0.0,1.0,1.0,0.0,0.0
24,140,10.35146579177131,10.075731336144065,0.0,1.0,0.0,1.0,0.0,0.0
25,140,0.1272218236863562,5.54088171558706,0.0,0.0,1.0,0.0,0.0,0.0
26,140,7.89617141466834,3.040481987039528,0.0,1.0,0.0,1.0,0.0,0.0
27,140,11.449875296354032,6.749795382733778,0.0,1.0,0.0,1.0,0.0,1.0
28,140,10.35313732805591,1.226235858861456,0.0,0.0,1.0,1.0,0.0,0.0
29,140,3.9978818642445058,6.989653505364381,1.0,0.0,0.0,0.0,0.0,0.0
0,145,11.605509921373196,7.09522070274982,1.0,0.0,1.0,0.0,1.0,0.0
1,145,4.7193322962993305,12.0,1.0,0.0,0.0,1.0,0.0,0.0
2,145,0.1169528600977743,3.4209442517817163,1.0,0.0,1.0,0.0,0.0,0.0
3,145,12.0,6.506044045114784,1.0,1.0,0.0,0.0,0.0,0.0
4,145,0.8016242384734977,0.8496646857756867,0.0,1.0,1.0,1.0,0.0,0.0
5,145,4.941778145978698,6.4746055680214125,0.0,1.0,0.0,0.0,0.0,0.0
6,145,8.262363011931956,11.871292111098803,1.0,1.0,0.0,0.0,0.0,1.0
7,145,8.369083708978788,3.454018280492485,0.0,0.0,0.0,1.0,1.0,0.0
8,145,6.70715210984008,5.183809157587464,1.0,0.0,1.0,1.0,1.0,0.0
9,145,11.683648529444802,12.0,0.0,1.0,0.0,0.0,0.0,0.0
10,145,2.1089782712956238,0.4348108581662526,1.0,1.0,1.0,1.0,0.0,0.0
11,145,6.418657292003556,1.8499426409941444,1.0,1.0,0.0,0.0,0.0,1.0
12,145,7.688294717743028,1.6477079987993632,0.0,1.0,0.0,0.0,0.0,0.0
13,145,11.02264865449249,3.5123910946982253,1.0,0.0,0.0,1.0,0.0,0.0
14,145,0.6001237047045882,4.82889131053981,0.0,1.0,0.0,1.0,0.0,0.0
15,145,6.844989114515981,11.280114345061122,1.0,0.0,0.0,0.0,1.0,0.0
16,145,0.0,0.0490887251415193,0.0,0.0,1.0,1.0,1.0,0.0
17,145,6.140893505090926,2.991605353827581,0.0,1.0,0.0,0.0,0.0,0.0
18,145,0.734587936506445,9.575619502796016,1.0,0.0,1.0,0.0,0.0,0.0
19,145,8.920256705051266,4.404222375890916,1.0,0.0,0.0,0.0,1.0,0.0
20,145,4.36956620342171,10.669906394593196,1.0,1.0,0.0,0.0,1.0,1.0
21,145,7.394682623229,6.874480502716029,0.0,1.0,1.0,0.0,1.0,0.0
22,145,4.8066265231096095,8.613043453691395,0.0,1.0,0.0,1.0,1.0,1.0
23,145,5.412480243901617,4.881464161377284,0.0,0.0,1.0,1.0,0.0,0.0
24,145,10.274117959588008,10.084304404491396,0.0,1.0,0.0,1.0,0.0,0.0
25,145,0.1437327675857135,5.668854627020217,0.0,0.0,1.0,0.0,0.0,0.0
26,145,7.818448068589968,2.9750577519723813,0.0,1.0,0.0,1.0,0.0,0.0
27,145,11.506353351435283,6.719521391775177,0.0,1.0,0.0,1.0,0.0,1.0
28,145,10.369159059935912,1.158839130407808,0.0,0.0,1.0,1.0,0.0,0.0
29,145,4.039393821802626,7.003855892644112,1.0,0.0,0.0,0.0,0.0,0.0
0,150,11.633716631073607,7.184882927897037,1.0,0.0,1.0,0.0,1.0,0.0
1,150,4.715411005308337,12.0,1.0,0.0,0.0,1.0,0.0,0.0
2,150,0.1469192645634106,3.4104026636989127,1.0,0.0,1.0,0.0,0.0,0.0
3,150,12.0,6.652355568716517,1.0,1.0,0.0,0.0,0.0,0.0
4,150,0.6464845421071999,0.7446537789217287,0.0,1.0,1.0,1.0,0.0,0.0
5,150,4.952187214274962,6.502032141186043,0.0,1.0,0.0,0.0,0.0,0.0
6,150,8.428146305628832,11.846517117104728,1.0,1.0,0.0,0.0,0.0,1.0
7,150,8.153133499871112,3.4748205231545453,0.0,0.0,0.0,1.0,1.0,0.0
8,150,6.7740963398207095,5.194337838842118,1.0,0.0,1.0,1.0,1.0,0.0
9,150,11.67036508029641,12.0,0.0,1.0,0.0,0.0,0.0,0.0
10,150,2.122378799800256,0.3590666033369664,1.0,1.0,1.0,1.0,0.0,0.0
11,150,6.484221990807399,1.863264276441959,1.0,1.0,0.0,0.0,0.0,1.0
12,150,7.7384373284894945,1.564006663576932,0.0,1.0,0.0,0.0,0.0,0.0
13,150,11.005597533330244,3.513686421155595,1.0,0.0,0.0,1.0,0.0,0.0
14,150,0.594432010212545,4.850952357068771,0.0,1.0,0.0,1.0,0.0,0.0
15,150,6.84294871747361,11.272033054467734,1.0,0.0,0.0,0.0,1.0,0.0
16,150,0.0,0.0163775673701761,0.0,0.0,1.0,1.0,1.0,0.0
17,150,6.176527699931374,2.994432807898845,0.0,1.0,0.0,0.0,0.0,0.0
18,150,0.8092217142982431,9.55389919526402,1.0,0.0,1.0,0.0,0.0,0.0
19,150,8.896652851802358,4.44714908862375,1.0,0.0,0.0,0.0,1.0,0.0
20,150,4.295755097114258,10.505214857770955,1.0,1.0,0.0,0.0,1.0,1.0
21,150,7.377618447290123,6.821992025517141,0.0,1.0,1.0,0.0,1.0,0.0
22,150,4.799784321341738,8.598987001900182,0.0,1.0,0.0,1.0,1.0,1.0
23,150,5.406244051388717,4.891556005220649,0.0,0.0,1.0,1.0,0.0,0.0
24,150,10.203572222091251,10.092559220591644,0.0,1.0,0.0,1.0,0.0,0.0
25,150,0.1618260233632674,5.7931167466412985,0.0,0.0,1.0,0.0,0.0,0.0
26,150,7.744100366534784,2.918136190124505,0.0,1.0,0.0,1.0,0.0,0.0
27,150,11.568174316071277,6.687305925978136,0.0,1.0,0.0,1.0,0.0,1.0
28,150,10.380764926838609,1.1102344392425951,0.0,0.0,1.0,1.0,0.0,0.0
29,150,4.063662980078244,7.012073298373304,1.0,0.0,0.0,0.0,0.0,0.0
0,155,11.67034103692528,7.305309982121615,1.0,0.0,1.0,0.0,1.0,0.0
1,155,4.711621429130618,12.0,1.0,0.0,0.0,1.0,0.0,0.0
2,155,0.1683037646573522,3.40336691065767,1.0,0.0,1.0,0.0,0.0,0.0
3,155,12.0,6.806085126304748,1.0,1.0,0.0,0.0,0.0,0.0
4,155,0.4742957412867986,0.629777428966469,0.0,1.0,1.0,1.0,0.0,0.0
5,155,4.966195009399827,6.540493457029579,0.0,1.0,0.0,0.0,0.0,0.0
6,155,8.5941319592412,11.824343396466077,1.0,1.0,0.0,0.0,0.0,1.0
7,155,7.922045958022324,3.502374127316053,0.0,0.0,0.0,1.0,1.0,0.0
8,155,6.83493015101591,5.203819792843107,1.0,0.0,1.0,1.0,1.0,0.0
9,155,11.661598926001592,12.0,0.0,1.0,0.0,0.0,0.0,0.0
10,155,2.1370838212505614,0.2777969265886572,1.0,1.0,1.0,1.0,0.0,0.0
11,155,6.562031451393128,1.8807467038759529,1.0,1.0,0.0,0.0,0.0,1.0
12,155,7.78657358748693,1.489636725565849,0.0,1.0,0.0,0.0,0.0,0.0
13,155,10.98462004619151,3.515390196060675,1.0,0.0,0.0,1.0,0.0,0.0
14,155,0.5888270626229408,4.87346477061836,0.0,1.0,0.0,1.0,0.0,0.0
15,155,6.840553459256322,11.26346157243282,1.0,0.0,0.0,0.0,1.0,0.0
16,155,0.0,0.0,0.0,0.0,1.0,1.0,1.0,0.0
17,155,6.21380691616873,2.998062014107173,0.0,1.0,0.0,0.0,0.0,0.0
18,155,0.8833079548921773,9.532897715974874,1.0,0.0,1.0,0.0,0.0,0.0
19,155,8.882762460015659,4.4728893930212,1.0,0.0,0.0,0.0,1.0,0.0
20,155,4.209133808159691,10.333599534424438,1.0,1.0,0.0,0.0,1.0,1.0
21,155,7.361982681030172,6.769652648697991,0.0,1.0,1.0,0.0,1.0,0.0
22,155,4.793483422143013,8.586377044433874,0.0,1.0,0.0,1.0,1.0,1.0
23,155,5.402828457298472,4.8973640316782765,0.0,0.0,1.0,1.0,0.0,0.0
24,155,10.108087597911004,10.1028124773506,0.0,1.0,0.0,1.0,0.0,0.0
25,155,0.1804206781287153,5.92629162158503,0.0,0.0,1.0,0.0,0.0,0.0
26,155,7.663555595579249,2.8590262732530864,0.0,1.0,0.0,1.0,0.0,0.0
27,155,11.635734438083068,6.6515054343456725,0.0,1.0,0.0,1.0,0.0,1.0
28,155,10.398302161929909,1.03433960154356,0.0,0.0,1.0,1.0,0.0,0.0
29,155,4.085265431359105,7.019786265259465,1.0,0.0,0.0,0.0,0.0,0.0
0,160,11.712349997010952,7.447519824559418,1.0,0.0,1.0,0.0,1.0,0.0
1,160,4.708819825882122,12.0,1.0,0.0,0.0,1.0,0.0,0.0
2,160,0.1664988057602538,3.40397527190841,1.0,0.0,1.0,0.0,0.0,0.0
3,160,12.0,6.953340824100699,1.0,1.0,0.0,0.0,0.0,0.0
4,160,0.3097329742612585,0.5148089758599819,0.0,1.0,1.0,1.0,0.0,0.0
5,160,4.970884296898551,6.553173607776656,0.0,1.0,0.0,0.0,0.0,0.0
6,160,8.755899651213973,11.801876170985608,1.0,1.0,0.0,0.0,0.0,1.0
7,160,7.682447311188679,3.534779212256632,0.0,0.0,0.0,1.0,1.0,0.0
8,160,6.901882550781781,5.213940487276067,1.0,0.0,1.0,1.0,1.0,0.0
9,160,11.65090453194359,12.0,0.0,1.0,0.0,0.0,0.0,0.0
10,160,2.157352007972744,0.1708662168395229,1.0,1.0,1.0,1.0,0.0,0.0
11,160,6.631221033628954,1.897797757289542,1.0,1.0,0.0,0.0,0.0,1.0
12,160,7.84277646702445,1.3992466305772906,0.0,1.0,0.0,0.0,0.0,0.0
13,160,10.979433467172852,3.515946477125204,1.0,0.0,0.0,1.0,0.0,0.0
14,160,0.5881454967849556,4.876181769863758,0.0,1.0,0.0,1.0,0.0,0.0
15,160,6.8327394081674,11.232268275402635,1.0,0.0,0.0,0.0,1.0,0.0
16,160,0.0,0.0,0.0,0.0,1.0,1.0,1.0,0.0
17,160,6.238924550611322,3.0005575705953897,0.0,1.0,0.0,0.0,0.0,0.0
18,160,0.9381925962653676,9.5175638458293,1.0,0.0,1.0,0.0,0.0,0.0
19,160,8.876229949162084,4.484488416340389,1.0,0.0,0.0,0.0,1.0,0.0
20,160,4.133263764421399,10.169928292091823,1.0,1.0,0.0,0.0,1.0,1.0
21,160,7.352589341851889,6.734879489389111,0.0,1.0,1.0,0.0,1.0,0.0
22,160,4.783653440837193,8.56841055344985,0.0,1.0,0.0,1.0,1.0,1.0
23,160,5.389344423408962,4.92020836890408,0.0,0.0,1.0,1.0,0.0,0.0
24,160,10.025777842602992,10.112662504202111,0.0,1.0,0.0,1.0,0.0,0.0
25,160,0.1983580359949838,6.044276454502898,0.0,0.0,1.0,0.0,0.0,0.0
26,160,7.5839029866284,2.799760846854672,0.0,1.0,0.0,1.0,0.0,0.0
27,160,11.69494133407584,6.619170004104899,0.0,1.0,0.0,1.0,0.0,1.0
28,160,10.413885644501066,0.964053735886589,0.0,0.0,1.0,1.0,0.0,0.0
29,160,4.121677725222803,7.03322309007864,1.0,0.0,0.0,0.0,0.0,0.0
0,165,11.748979007315562,7.587867250154948,1.0,0.0,1.0,0.0,1.0,0.0
1,165,4.7039999425419845,12.0,1.0,0.0,0.0,1.0,0.0,0.0
2,165,0.1903786461399702,3.395814014485527,1.0,0.0,1.0,0.0,0.0,0.0
3,165,12.0,7.089790776310012,1.0,1.0,0.0,0.0,0.0,0.0
4,165,0.117391268255458,0.3818820138815095,0.0,1.0,1.0,1.0,0.0,0.0
5,165,4.980551550520018,6.579666056429312,0.0,1.0,0.0,0.0,0.0,0.0
6,165,8.900574309098028,11.781800586403197,1.0,1.0,0.0,0.0,0.0,1.0
7,165,7.440072614243696,3.5653475394084904,0.0,0.0,0.0,1.0,1.0,0.0
8,165,6.980892631173563,5.224500150551601,1.0,0.0,1.0,1.0,1.0,0.0
9,165,11.64422383009252,12.0,0.0,1.0,0.0,0.0,0.0,0.0
10,165,2.1750430103902203,0.0781783287248798,1.0,1.0,1.0,1.0,0.0,0.0
11,165,6.71628345289221,1.9199728148250583,1.0,1.0,0.0,0.0,0.0,1.0
12,165,7.898724777735316,1.3085062432131969,0.0,1.0,0.0,0.0,0.0,0.0
13,165,10.95568337329031,3.5181440453984134,1.0,0.0,0.0,1.0,0.0,0.0
14,165,0.5920483461648315,4.862947478593774,0.0,1.0,0.0,1.0,0.0,0.0
15,165,6.825048430156621,11.198521878080118,1.0,0.0,0.0,0.0,1.0,0.0
16,165,0.0,0.0,0.0,0.0,1.0,1.0,1.0,0.0
17,165,6.281022761757666,3.005305485779869,0.0,1.0,0.0,0.0,0.0,0.0
18,165,0.9917840103547964,9.503232709924015,1.0,0.0,1.0,0.0,0.0,0.0
19,165,8.869831890915709,4.495409698950995,1.0,0.0,0.0,0.0,1.0,0.0
20,165,4.055050617060003,10.003563860232614,1.0,1.0,0.0,0.0,1.0,1.0
21,165,7.343214445274496,6.700927198867189,0.0,1.0,1.0,0.0,1.0,0.0
22,165,4.772549978384593,8.54643112357242,0.0,1.0,0.0,1.0,1.0,1.0
23,165,5.373643933222449,4.94608376860695,0.0,0.0,1.0,1.0,0.0,0.0
24,165,9.954152672728522,10.122410386700835,0.0,1.0,0.0,1.0,0.0,0.0
25,165,0.2192648436241058,6.1666587545240725,0.0,0.0,1.0,0.0,0.0,0.0
26,165,7.509744110090187,2.7405516687648546,0.0,1.0,0.0,1.0,0.0,0.0
27,165,11.76125512663955,6.58483819025389,0.0,1.0,0.0,1.0,0.0,1.0
28,165,10.428801514536511,0.8949095030006402,0.0,0.0,1.0,1.0,0.0,0.0
29,165,4.15566005156035,7.04656839077625,1.0,0.0,0.0,0.0,0.0,0.0
0,170,11.788685463157552,7.739154605529832,1.0,0.0,1.0,0.0,1.0,0.0
1,170,4.699925128694801,12.0,1.0,0.0,0.0,1.0,0.0,0.0
2,170,0.2025645262504901,3.391469500755345,1.0,0.0,1.0,0.0,0.0,0.0
3,170,12.0,7.2210491516099795,1.0,1.0,0.0,0.0,0.0,0.0
4,170,0.0,0.247753760551825,0.0,1.0,1.0,1.0,0.0,0.0
5,170,4.983301766308972,6.586355962551182,0.0,1.0,0.0,0.0,0.0,0.0
6,170,9.05731170476695,11.761656551752925,1.0,1.0,0.0,0.0,0.0,1.0
7,170,7.182888403088253,3.590245043883545,0.0,0.0,0.0,1.0,1.0,0.0
8,170,7.060951435077585,5.233983691496917,1.0,0.0,1.0,1.0,1.0,0.0
9,170,11.639445715958296,12.0,0.0,1.0,0.0,0.0,0.0,0.0
10,170,2.191382890222413,0.0,1.0,1.0,1.0,1.0,0.0,0.0
11,170,6.748857722803045,1.9289021316434367,1.0,1.0,0.0,0.0,0.0,1.0
12,170,7.961189693113424,1.2059806880405397,0.0,1.0,0.0,0.0,0.0,0.0
13,170,10.913416165331888,3.5221127863830133,1.0,0.0,0.0,1.0,0.0,0.0
14,170,0.5919543992587761,4.863268374309258,0.0,1.0,0.0,1.0,0.0,0.0
15,170,6.819770350105433,11.175200717313862,1.0,0.0,0.0,0.0,1.0,0.0
16,170,0.0,0.0,0.0,0.0,1.0,1.0,1.0,0.0
17,170,6.310979226621271,3.008205455280964,0.0,1.0,0.0,0.0,0.0,0.0
18,170,1.0500149156726972,9.489158080285335,1.0,0.0,1.0,0.0,0.0,0.0
19,170,8.863122839650531,4.506720232997638,1.0,0.0,0.0,0.0,1.0,0.0
20,170,3.979814334205536,9.848767680366617,1.0,1.0,0.0,0.0,1.0,1.0
21,170,7.335360159400583,6.674706035243807,0.0,1.0,1.0,0.0,1.0,0.0
22,170,4.767335222253967,8.536053571767065,0.0,1.0,0.0,1.0,1.0,1.0
23,170,5.352730051887798,4.977424702011855,0.0,0.0,1.0,1.0,0.0,0.0
24,170,9.911066776085129,10.12902213116626,0.0,1.0,0.0,1.0,0.0,0.0
25,170,0.2371621074216361,6.288044053338067,0.0,0.0,1.0,0.0,0.0,0.0
26,170,7.425866143929066,2.672005776159152,0.0,1.0,0.0,1.0,0.0,0.0
27,170,11.839527331302728,6.546657981459787,0.0,1.0,0.0,1.0,0.0,1.0
28,170,10.446225355317328,0.8112901739961514,0.0,0.0,1.0,1.0,0.0,0.0
29,170,4.203872080896241,7.064704758903732,1.0,0.0,0.0,0.0,0.0,0.0
0,175,11.834124444465289,7.900948923144778,1.0,0.0,1.0,0.0,1.0,0.0
1,175,4.692563420626022,12.0,1.0,0.0,0.0,1.0,0.0,0.0
2,175,0.2338665984215249,3.378982520627454,1.0,0.0,1.0,0.0,0.0,0.0
3,175,12.0,7.360694989443698,1.0,1.0,0.0,0.0,0.0,0.0
4,175,0.0,0.1117325913282438,0.0,1.0,1.0,1.0,0.0,0.0
5,175,4.994089913683167,6.613886618948164,0.0,1.0,0.0,0.0,0.0,0.0
6,175,9.239108146627997,11.741177072903335,1.0,1.0,0.0,0.0,0.0,1.0
7,175,6.914603965683572,3.6158557387829537,0.0,0.0,0.0,1.0,1.0,0.0
8,175,7.131175020662828,5.242824032599857,1.0,0.0,1.0,1.0,1.0,0.0
9,175,11.632667485470073,12.0,0.0,1.0,0.0,0.0,0.0,0.0
10,175,2.2112948751970367,0.0,1.0,1.0,1.0,1.0,0.0,0.0
11,175,6.800158586678062,1.9417743314776368,1.0,1.0,0.0,0.0,0.0,1.0
12,175,8.028581964962884,1.099265063511768,0.0,1.0,0.0,0.0,0.0,0.0
13,175,10.909961714440955,3.47349070222877,1.0,0.0,0.0,1.0,0.0,0.0
14,175,0.5947904108812225,4.853685734532593,0.0,1.0,0.0,1.0,0.0,0.0
15,175,6.812604680749771,11.143173934084492,1.0,0.0,0.0,0.0,1.0,0.0
16,175,0.0,0.0,0.0,0.0,1.0,1.0,1.0,0.0
17,175,6.350358332757359,3.012804086720514,0.0,1.0,0.0,0.0,0.0,0.0
18,175,1.0984935388191652,9.478316764286886,1.0,0.0,1.0,0.0,0.0,0.0
19,175,8.851825012329412,4.525603595448836,1.0,0.0,0.0,0.0,1.0,0.0
20,175,3.90855280312056,9.702258156700578,1.0,1.0,0.0,0.0,1.0,1.0
21,175,7.325239480525067,6.64311071862288,0.0,1.0,1.0,0.0,1.0,0.0
22,175,4.7591141472038645,8.51861422676375,0.0,1.0,0.0,1.0,1.0,1.0
23,175,5.331869400157939,5.008940544672937,0.0,0.0,1.0,1.0,0.0,0.0
24,175,9.864363620872847,10.135973150570234,0.0,1.0,0.0,1.0,0.0,0.0
25,175,0.2514447135990584,6.390668867419934,0.0,0.0,1.0,0.0,0.0,0.0
26,175,7.343800495732489,2.606327751222405,0.0,1.0,0.0,1.0,0.0,0.0
27,175,11.926183402041472,6.507036028767314,0.0,1.0,0.0,1.0,0.0,1.0
28,175,10.459551219827382,0.7414050994240401,0.0,0.0,1.0,1.0,0.0,0.0
29,175,4.264971980882043,7.0882103364238,1.0,0.0,0.0,0.0,0.0,0.0
0,180,11.883037116471838,8.066584802149395,1.0,0.0,1.0,0.0,1.0,0.0
1,180,4.687595451884952,12.0,1.0,0.0,0.0,1.0,0.0,0.0
2,180,0.2630418924265538,3.366948971896429,1.0,0.0,1.0,0.0,0.0,0.0
3,180,12.0,7.493357957025931,1.0,1.0,0.0,0.0,0.0,0.0
4,180,0.0,0.0,0.0,1.0,1.0,1.0,0.0,0.0
5,180,5.011055947760345,6.652945969870109,0.0,1.0,0.0,0.0,0.0,0.0
6,180,9.428162789699874,11.720194168478828,1.0,1.0,0.0,0.0,0.0,1.0
7,180,6.680606216600941,3.6394231583703354,0.0,0.0,0.0,1.0,1.0,0.0
8,180,7.220910493510199,5.251081267559828,1.0,0.0,1.0,1.0,1.0,0.0
9,180,11.626002405877683,12.0,0.0,1.0,0.0,0.0,0.0,0.0
10,180,2.227865777438093,0.0,1.0,1.0,1.0,1.0,0.0,0.0
11,180,6.835497867385592,1.949502690910735,1.0,1.0,0.0,0.0,0.0,1.0
12,180,8.093558185498182,0.9914744322615624,0.0,1.0,0.0,0.0,0.0,0.0
13,180,10.907884414571926,3.416339999191853,1.0,0.0,0.0,1.0,0.0,0.0
14,180,0.6018686944663347,4.831853967827879,0.0,1.0,0.0,1.0,0.0,0.0
15,180,6.805969859211661,11.112069361290558,1.0,0.0,0.0,0.0,1.0,0.0
16,180,0.0,0.0,0.0,0.0,1.0,1.0,1.0,0.0
17,180,6.399207720911736,3.018579642742261,0.0,1.0,0.0,0.0,0.0,0.0
18,180,1.1505262974949302,9.46739656196642,1.0,0.0,1.0,0.0,0.0,0.0
19,180,8.845858877893315,4.535562902639527,1.0,0.0,0.0,0.0,1.0,0.0
20,180,3.838528671639893,9.556565517281458,1.0,1.0,0.0,0.0,1.0,1.0
21,180,7.309754727418545,6.602584641752125,0.0,1.0,1.0,0.0,1.0,0.0
22,180,4.742262545165789,8.481246155056809,0.0,1.0,0.0,1.0,1.0,1.0
23,180,5.306625766970898,5.04626612024309,0.0,0.0,1.0,1.0,0.0,0.0
24,180,9.79382252884588,10.1452046762562,0.0,1.0,0.0,1.0,0.0,0.0
25,180,0.2615872430592271,6.472343026237527,0.0,0.0,1.0,0.0,0.0,0.0
26,180,7.250305531767384,2.5329006093226565,0.0,1.0,0.0,1.0,0.0,0.0
27,180,11.89205148756,6.430976926030317,0.0,1.0,0.0,1.0,0.0,1.0
28,180,10.477900728618447,0.643420458081518,0.0,0.0,1.0,1.0,0.0,0.0
29,180,4.298537006220401,7.101662605938181,1.0,0.0,0.0,0.0,0.0,0.0
0,185,11.940165683552165,8.25054939801433,1.0,0.0,1.0,0.0,1.0,0.0
1,185,4.682595885637688,12.0,1.0,0.0,0.0,1.0,0.0,0.0
2,185,0.289960025159791,3.3568115267251764,1.0,0.0,1.0,0.0,0.0,0.0
3,185,12.0,7.622210533859043,1.0,1.0,0.0,0.0,0.0,0.0
4,185,0.0,0.0,0.0,1.0,1.0,1.0,0.0,0.0
5,185,5.031404692496518,6.698710730085938,0.0,1.0,0.0,0.0,0.0,0.0
6,185,9.620567614152687,11.69267936052687,1.0,1.0,0.0,0.0,0.0,1.0
7,185,6.459816753484577,3.663775848436016,0.0,0.0,0.0,1.0,1.0,0.0
8,185,7.228913320163841,5.1592443169785485,1.0,0.0,1.0,1.0,1.0,0.0
9,185,11.621181506200244,12.0,0.0,1.0,0.0,0.0,0.0,0.0
10,185,2.2434481872190597,0.0,1.0,1.0,1.0,1.0,0.0,0.0
11,185,6.8463564284209975,1.9521575840929053,1.0,1.0,0.0,0.0,0.0,1.0
12,185,8.16198649405559,0.8792744490011217,0.0,1.0,0.0,0.0,0.0,0.0
13,185,10.905317576077731,3.354883796810657,1.0,0.0,0.0,1.0,0.0,0.0
14,185,0.6090325390215366,4.809793464441099,0.0,1.0,0.0,1.0,0.0,0.0
15,185,6.79858657259368,11.072011136491014,1.0,0.0,0.0,0.0,1.0,0.0
16,185,0.0,0.0,0.0,0.0,1.0,1.0,1.0,0.0
17,185,6.44343588879555,3.0233393472348995,0.0,1.0,0.0,0.0,0.0,0.0
18,185,1.1925328189532691,9.459121779324354,1.0,0.0,1.0,0.0,0.0,0.0
19,185,8.831027634080245,4.560064588041132,1.0,0.0,0.0,0.0,1.0,0.0
20,185,3.769404816868071,9.411603543889498,1.0,1.0,0.0,0.0,1.0,1.0
21,185,7.297792561108095,6.570861845053844,0.0,1.0,1.0,0.0,1.0,0.0
22,185,4.7205108553095325,8.431131022790217,0.0,1.0,0.0,1.0,1.0,1.0
23,185,5.276327135293382,5.089532211788252,0.0,0.0,1.0,1.0,0.0,0.0
24,185,9.73977038606462,10.152788818528553,0.0,1.0,0.0,1.0,0.0,0.0
25,185,0.2739019110494237,6.551917601612305,0.0,0.0,1.0,0.0,0.0,0.0
26,185,7.166627143271374,2.467880467166122,0.0,1.0,0.0,1.0,0.0,0.0
27,185,11.85929749827087,6.35564860659858,0.0,1.0,0.0,1.0,0.0,1.0
28,185,10.498972894688594,0.5471075309527711,0.0,0.0,1.0,1.0,0.0,0.0
29,185,4.340164779265347,7.116972432005745,1.0,0.0,0.0,0.0,0.0,0.0
0,190,12.0,8.466393832889795,1.0,0.0,1.0,0.0,1.0,0.0
1,190,4.680198822075367,12.0,1.0,0.0,0.0,1.0,0.0,0.0
2,190,0.3333048163380521,3.342816312931095,1.0,0.0,1.0,0.0,0.0,0.0
3,190,12.0,7.746477768000057,1.0,1.0,0.0,0.0,0.0,0.0
4,190,0.0,0.0,0.0,1.0,1.0,1.0,0.0,0.0
5,190,5.036776225969887,6.710183722449477,0.0,1.0,0.0,0.0,0.0,0.0
6,190,9.804841169295846,11.664459417085938,1.0,1.0,0.0,0.0,0.0,1.0
7,190,6.242971753110632,3.6866840432669497,0.0,0.0,0.0,1.0,1.0,0.0
8,190,7.237531719578678,5.036675113356947,1.0,0.0,1.0,1.0,1.0,0.0
9,190,11.615924383203383,12.0,0.0,1.0,0.0,0.0,0.0,0.0
10,190,2.2598007446339667,0.0,1.0,1.0,1.0,1.0,0.0,0.0
11,190,6.859360330447495,1.9554508383387,1.0,1.0,0.0,0.0,0.0,1.0
12,190,8.222995119292488,0.7844315183363401,0.0,1.0,0.0,0.0,0.0,0.0
13,190,10.903049145968634,3.285857792646026,1.0,0.0,0.0,1.0,0.0,0.0
14,190,0.6115938000904637,4.801742727078476,0.0,1.0,0.0,1.0,0.0,0.0
15,190,6.792771523944611,11.033833258254177,1.0,0.0,0.0,0.0,1.0,0.0
16,190,0.0,0.0,0.0,0.0,1.0,1.0,1.0,0.0
17,190,6.482560138432787,3.027041088829877,0.0,1.0,0.0,0.0,0.0,0.0
18,190,1.2390941910396374,9.450271057567896,1.0,0.0,1.0,0.0,0.0,0.0
19,190,8.812334801486935,4.593819999647608,1.0,0.0,0.0,0.0,1.0,0.0
20,190,3.701879856176064,9.2736104123076,1.0,1.0,0.0,0.0,1.0,1.0
21,190,7.285484076285686,6.53748739611799,0.0,1.0,1.0,0.0,1.0,0.0
22,190,4.6869001564612045,8.355418509534804,0.0,1.0,0.0,1.0,1.0,1.0
23,190,5.252479086812905,5.124885592944718,0.0,0.0,1.0,1.0,0.0,0.0
24,190,9.690489297523747,10.1593872829465,0.0,1.0,0.0,1.0,0.0,0.0
25,190,0.2862619559832093,6.622072397936517,0.0,0.0,1.0,0.0,0.0,0.0
26,190,7.0791767009495885,2.3983784326640456,0.0,1.0,0.0,1.0,0.0,0.0
27,190,11.820976203782996,6.264921795698998,0.0,1.0,0.0,1.0,0.0,1.0
28,190,10.52589249341974,0.4294190704919244,0.0,0.0,1.0,1.0,0.0,0.0
29,190,4.397045054540895,7.1368519326132125,1.0,0.0,0.0,0.0,0.0,0.0
0,195,12.0,8.677373522356637,1.0,0.0,1.0,0.0,1.0,0.0
1,195,4.679867100170216,12.0,1.0,0.0,0.0,1.0,0.0,0.0
2,195,0.3744949857272818,3.3296790442359705,1.0,0.0,1.0,0.0,0.0,0.0
3,195,12.0,7.872272594917625,1.0,1.0,0.0,0.0,0.0,0.0
4,195,0.0,0.0,0.0,1.0,1.0,1.0,0.0,0.0
5,195,5.046484061332219,6.731093046373831,0.0,1.0,0.0,0.0,0.0,0.0
6,195,9.979065975107153,11.63743580839838,1.0,1.0,0.0,0.0,0.0,1.0
7,195,6.010508223713049,3.70703362546361,0.0,0.0,0.0,1.0,1.0,0.0
8,195,7.245761225405904,4.920538466806828,1.0,0.0,1.0,1.0,1.0,0.0
9,195,11.6159745646415,11.999795077674785,0.0,1.0,0.0,0.0,0.0,0.0
10,195,2.278761471057869,0.0,1.0,1.0,1.0,1.0,0.0,0.0
11,195,6.87490323703672,1.959058972174545,1.0,1.0,0.0,0.0,0.0,1.0
12,195,8.289441898372948,0.6822246439700329,0.0,1.0,0.0,0.0,0.0,0.0
13,195,10.89912019555786,3.20896835603551,1.0,0.0,0.0,1.0,0.0,0.0
14,195,0.614128289630109,4.793227586874948,0.0,1.0,0.0,1.0,0.0,0.0
15,195,6.785563156599895,10.99475490371744,1.0,0.0,0.0,0.0,1.0,0.0
16,195,0.0,0.0,0.0,0.0,1.0,1.0,1.0,0.0
17,195,6.535492535035221,3.030345073115849,0.0,1.0,0.0,0.0,0.0,0.0
18,195,1.2451051363819778,9.48154728146608,1.0,0.0,1.0,0.0,0.0,0.0
19,195,8.794430682602002,4.626137298355102,1.0,0.0,0.0,0.0,1.0,0.0
20,195,3.6366749847579016,9.141942196073588,1.0,1.0,0.0,0.0,1.0,1.0
21,195,7.27655582337645,6.513722032814323,0.0,1.0,1.0,0.0,1.0,0.0
22,195,4.656369780686394,8.286104666623697,0.0,1.0,0.0,1.0,1.0,1.0
23,195,5.23584522503487,5.150012857515036,0.0,0.0,1.0,1.0,0.0,0.0
24,195,9.647899798629428,10.164400666900155,0.0,1.0,0.0,1.0,0.0,0.0
25,195,0.3005298338472927,6.704551255936302,0.0,0.0,1.0,0.0,0.0,0.0
26,195,7.161543744186935,2.297688295510631,0.0,1.0,0.0,1.0,0.0,0.0
27,195,11.785826546241552,6.182070452102349,0.0,1.0,0.0,1.0,0.0,1.0
28,195,10.552559115872182,0.2966564507892737,0.0,0.0,1.0,1.0,0.0,0.0
29,195,4.455086117527084,7.1573123806481815,1.0,0.0,0.0,0.0,0.0,0.0
0,200,12.0,8.900940619830761,1.0,0.0,1.0,0.0,1.0,0.0
1,200,4.678270743993902,12.0,1.0,0.0,0.0,1.0,0.0,0.0
2,200,0.4308228236552939,3.3110810127515475,1.0,0.0,1.0,0.0,0.0,0.0
3,200,12.0,7.992821750900971,1.0,1.0,0.0,0.0,0.0,0.0
4,200,0.0,0.0,0.0,1.0,1.0,1.0,0.0,0.0
5,200,5.05028114752341,6.738804224354625,0.0,1.0,0.0,0.0,0.0,0.0
6,200,10.155380722323482,11.60666194010978,1.0,1.0,0.0,0.0,0.0,1.0
7,200,5.768441704601667,3.731209211260477,0.0,0.0,0.0,1.0,1.0,0.0
8,200,7.251416063028304,4.805386121093052,1.0,0.0,1.0,1.0,1.0,0.0
9,200,11.614206997262004,12.0,0.0,1.0,0.0,0.0,0.0,0.0
10,200,2.303417584945552,0.0,1.0,1.0,1.0,1.0,0.0,0.0
11,200,6.889687790757163,1.9627588736322503,1.0,1.0,0.0,0.0,0.0,1.0
12,200,8.346107832415784,0.592864185466924,0.0,1.0,0.0,0.0,0.0,0.0
13,200,10.894332875284702,3.145145113505089,1.0,0.0,0.0,1.0,0.0,0.0
14,200,0.6207377044362551,4.770804837568215,0.0,1.0,0.0,1.0,0.0,0.0
15,200,6.779814903566363,10.963057015304823,1.0,0.0,0.0,0.0,1.0,0.0
16,200,0.0,0.0,0.0,0.0,1.0,1.0,1.0,0.0
17,200,6.568026204411654,3.0327411225424723,0.0,1.0,0.0,0.0,0.0,0.0
18,200,1.2496700386699038,9.50692586149159,1.0,0.0,1.0,0.0,0.0,0.0
19,200,8.782503220593401,4.648078843309758,1.0,0.0,0.0,0.0,1.0,0.0
20,200,3.573097235709764,9.013327255148551,1.0,1.0,0.0,0.0,1.0,1.0
21,200,7.272150444394165,6.50081056853026,0.0,1.0,1.0,0.0,1.0,0.0
22,200,4.632807193156005,8.233018014998324,0.0,1.0,0.0,1.0,1.0,1.0
23,200,5.224150543275418,5.167313156139558,0.0,0.0,1.0,1.0,0.0,0.0
24,200,9.595634748968994,10.170370051752348,0.0,1.0,0.0,1.0,0.0,0.0
25,200,0.3149434561454814,6.788364739008203,0.0,0.0,1.0,0.0,0.0,0.0
26,200,7.246911883569168,2.1873918324685184,0.0,1.0,0.0,1.0,0.0,0.0
27,200,11.7519164448119,6.104203642161173,0.0,1.0,0.0,1.0,0.0,1.0
28,200,10.580310770666706,0.1349143382499984,0.0,0.0,1.0,1.0,0.0,0.0
29,200,4.52048447891084,7.1787330537872345,1.0,0.0,0.0,0.0,0.0,0.0
0,205,12.0,9.119166734769127,1.0,0.0,1.0,0.0,1.0,0.0
1,205,4.674659695970375,12.0,1.0,0.0,0.0,1.0,0.0,0.0
2,205,0.5062370362742699,3.2832331916308557,1.0,0.0,1.0,0.0,0.0,0.0
3,205,12.0,8.102986338476612,1.0,1.0,0.0,0.0,0.0,0.0
4,205,0.0,0.0,0.0,1.0,1.0,1.0,0.0,0.0
5,205,5.069835675970863,6.780076284360943,0.0,1.0,0.0,0.0,0.0,0.0
6,205,10.324612140235338,11.57621640250271,1.0,1.0,0.0,0.0,0.0,1.0
7,205,5.528929395533992,3.754770133120623,0.0,0.0,0.0,1.0,1.0,0.0
8,205,7.261596540327162,4.679988156112799,1.0,0.0,1.0,1.0,1.0,0.0
9,205,11.614326237169175,11.999550009827376,0.0,1.0,0.0,0.0,0.0,0.0
10,205,2.324555797022854,0.0,1.0,1.0,1.0,1.0,0.0,0.0
11,205,6.912460022017552,1.9677728801924024,1.0,1.0,0.0,0.0,0.0,1.0
12,205,8.39510910003185,0.5126432394788075,0.0,1.0,0.0,0.0,0.0,0.0
13,205,10.884834320768476,3.0571220618234083,1.0,0.0,0.0,1.0,0.0,0.0
14,205,0.6197040173016284,4.774654885156724,0.0,1.0,0.0,1.0,0.0,0.0
15,205,6.77460211545425,10.93098325021588,1.0,0.0,0.0,0.0,1.0,0.0
16,205,0.0,0.0,0.0,0.0,1.0,1.0,1.0,0.0
17,205,6.591908643385088,3.0341260574557034,0.0,1.0,0.0,0.0,0.0,0.0
18,205,1.2518396603104094,9.51973712325793,1.0,0.0,1.0,0.0,0.0,0.0
19,205,8.771767976749537,4.667700650064195,1.0,0.0,0.0,0.0,1.0,0.0
20,205,3.509763183109884,8.890977633274856,1.0,1.0,0.0,0.0,1.0,1.0
21,205,7.267755420908672,6.487113117046054,0.0,1.0,1.0,0.0,1.0,0.0
22,205,4.605104066091645,8.173451021144183,0.0,1.0,0.0,1.0,1.0,1.0
23,205,5.243689938986565,5.1808703112553,0.0,0.0,1.0,1.0,0.0,0.0
24,205,9.54566876939665,10.176793485936257,0.0,1.0,0.0,1.0,0.0,0.0
25,205,0.3283131892545871,6.854987302455147,0.0,0.0,1.0,0.0,0.0,0.0
26,205,7.335130715208468,2.0666461288896176,0.0,1.0,0.0,1.0,0.0,0.0
27,205,11.716731002734242,6.0290801977448085,0.0,1.0,0.0,1.0,0.0,1.0
28,205,10.605595939972313,0.0,0.0,0.0,1.0,1.0,0.0,0.0
29,205,4.579230521320895,7.1968751340544745,1.0,0.0,0.0,0.0,0.0,0.0
0,210,12.0,9.345809156587173,1.0,0.0,1.0,0.0,1.0,0.0
1,210,4.67125308229011,12.0,1.0,0.0,0.0,1.0,0.0,0.0
2,210,0.5957273665593528,3.2510801734023134,1.0,0.0,1.0,0.0,0.0,0.0
3,210,12.0,8.213646876284841,1.0,1.0,0.0,0.0,0.0,0.0
4,210,0.0,0.0,0.0,1.0,1.0,1.0,0.0,0.0
5,210,5.090934219793203,6.830165686543506,0.0,1.0,0.0,0.0,0.0,0.0
6,210,10.504205796713771,11.543926283180626,1.0,1.0,0.0,0.0,0.0,1.0
7,210,5.299974279713539,3.777440079666309,0.0,0.0,0.0,1.0,1.0,0.0
8,210,7.269404803166875,4.579587354783237,1.0,0.0,1.0,1.0,1.0,0.0
9,210,11.61609543653555,11.99329154455348,0.0,1.0,0.0,0.0,0.0,0.0
10,210,2.349351830575083,0.0,1.0,1.0,1.0,1.0,0.0,0.0
11,210,6.922665326821829,1.9699507005788144,1.0,1.0,0.0,0.0,0.0,1.0
12,210,8.439138685416511,0.435198796921276,0.0,1.0,0.0,0.0,0.0,0.0
13,210,10.875069740006372,2.969310186547514,1.0,0.0,0.0,1.0,0.0,0.0
14,210,0.6223358261123356,4.764828530713413,0.0,1.0,0.0,1.0,0.0,0.0
15,210,6.767544409124751,10.891105858328924,1.0,0.0,0.0,0.0,1.0,0.0
16,210,0.0,0.0,0.0,0.0,1.0,1.0,1.0,0.0
17,210,6.621087710208637,3.035452207171131,0.0,1.0,0.0,0.0,0.0,0.0
18,210,1.2503247587133568,9.50976775775001,1.0,0.0,1.0,0.0,0.0,0.0
19,210,8.753002496586767,4.702084280182717,1.0,0.0,0.0,0.0,1.0,0.0
20,210,3.450253512675919,8.770768016747374,1.0,1.0,0.0,0.0,1.0,1.0
21,210,7.267123517397001,6.485191174769702,0.0,1.0,1.0,0.0,1.0,0.0
22,210,4.581635687789129,8.120387218210116,0.0,1.0,0.0,1.0,1.0,1.0
23,210,5.24191450862046,5.179634589066276,0.0,0.0,1.0,1.0,0.0,0.0
24,210,9.483901187731696,10.184402325939317,0.0,1.0,0.0,1.0,0.0,0.0
25,210,0.3410283915072213,6.915293668633848,0.0,0.0,1.0,0.0,0.0,0.0
26,210,7.434139387317504,1.9362306578570732,0.0,1.0,0.0,1.0,0.0,0.0
27,210,11.687601604915828,5.9684766916636,0.0,1.0,0.0,1.0,0.0,1.0
28,210,10.634974077325378,0.0,0.0,0.0,1.0,1.0,0.0,0.0
29,210,4.617852045066552,7.208205106728712,1.0,0.0,0.0,0.0,0.0,0.0
0,215,12.0,9.58621123309409,1.0,0.0,1.0,0.0,1.0,0.0
1,215,4.668686137552335,12.0,1.0,0.0,0.0,1.0,0.0,0.0
2,215,0.6855903780164024,3.2191426656140263,1.0,0.0,1.0,0.0,0.0,0.0
3,215,12.0,8.333161984850744,1.0,1.0,0.0,0.0,0.0,0.0
4,215,0.0,0.0,0.0,1.0,1.0,1.0,0.0,0.0
5,215,5.108807740517503,6.8758079409651245,0.0,1.0,0.0,0.0,0.0,0.0
6,215,10.68855834710957,11.512824782473867,1.0,1.0,0.0,0.0,0.0,1.0
7,215,5.094663021115293,3.801273501162187,0.0,0.0,0.0,1.0,1.0,0.0
8,215,7.2757860764499025,4.457327151966194,1.0,0.0,1.0,1.0,1.0,0.0
9,215,11.617950564286796,11.986524764421713,0.0,1.0,0.0,0.0,0.0,0.0
10,215,2.3708537288621128,0.0,1.0,1.0,1.0,1.0,0.0,0.0
11,215,6.966137312517058,1.9780274472773185,1.0,1.0,0.0,0.0,0.0,1.0
12,215,8.485021885688889,0.3594486582209556,0.0,1.0,0.0,0.0,0.0,0.0
13,215,10.865526504452797,2.880879524098183,1.0,0.0,0.0,1.0,0.0,0.0
14,215,0.6199007738599862,4.773039136038945,0.0,1.0,0.0,1.0,0.0,0.0
15,215,6.764003887281632,10.872797241341788,1.0,0.0,0.0,0.0,1.0,0.0
16,215,0.0,0.0,0.0,0.0,1.0,1.0,1.0,0.0
17,215,6.650935039783485,3.036155734693279,0.0,1.0,0.0,0.0,0.0,0.0
18,215,1.2469432224426649,9.4873865747327,1.0,0.0,1.0,0.0,0.0,0.0
19,215,8.747341327613277,4.712013619254,1.0,0.0,0.0,0.0,1.0,0.0
20,215,3.384936272503261,8.643335819701159,1.0,1.0,0.0,0.0,1.0,1.0
21,215,7.271208082443963,6.497504149843772,0.0,1.0,1.0,0.0,1.0,0.0
22,215,4.554316990318397,8.059634116023151,0.0,1.0,0.0,1.0,1.0,1.0
23,215,5.215272497031863,5.161615081374446,0.0,0.0,1.0,1.0,0.0,0.0
24,215,9.45497616465522,10.187654029975809,0.0,1.0,0.0,1.0,0.0,0.0
25,215,0.3574865788636305,6.995301993387762,0.0,0.0,1.0,0.0,0.0,0.0
26,215,7.539388991280895,1.800576944386198,0.0,1.0,0.0,1.0,0.0,0.0
27,215,11.6566758784278,5.90467003304993,0.0,1.0,0.0,1.0,0.0,1.0
28,215,10.665224828307412,0.0,0.0,0.0,1.0,1.0,0.0,0.0
29,215,4.661548749325544,7.221225798055197,1.0,0.0,0.0,0.0,0.0,0.0
0,220,12.0,9.836637387839252,1.0,0.0,1.0,0.0,1.0,0.0
1,220,4.666979773523649,12.0,1.0,0.0,0.0,1.0,0.0,0.0
2,220,0.7661963787182376,3.191888030580717,1.0,0.0,1.0,0.0,0.0,0.0
3,220,12.0,8.461487335713764,1.0,1.0,0.0,0.0,0.0,0.0
4,220,0.0,0.0,0.0,1.0,1.0,1.0,0.0,0.0
5,220,5.121115769240114,6.9063513669571215,0.0,1.0,0.0,0.0,0.0,0.0
6,220,10.859443325973212,11.483715862383448,1.0,1.0,0.0,0.0,0.0,1.0
7,220,4.873760673401332,3.8265525354712375,0.0,0.0,0.0,1.0,1.0,0.0
8,220,7.278130498266472,4.331157189778779,1.0,0.0,1.0,1.0,1.0,0.0
9,220,11.6194742697403,11.980524116384691,0.0,1.0,0.0,0.0,0.0,0.0
10,220,2.391614585943622,0.0,1.0,1.0,1.0,1.0,0.0,0.0
11,220,6.994773867239794,1.9834856095886344,1.0,1.0,0.0,0.0,0.0,1.0
12,220,8.537909100934106,0.2674681342907604,0.0,1.0,0.0,0.0,0.0,0.0
13,220,10.85847792838772,2.808119947496354,1.0,0.0,0.0,1.0,0.0,0.0
14,220,0.6176002310633453,4.7815876934330666,0.0,1.0,0.0,1.0,0.0,0.0
15,220,6.763953009815048,10.87254505056656,1.0,0.0,0.0,0.0,1.0,0.0
16,220,0.0,0.0,0.0,0.0,1.0,1.0,1.0,0.0
17,220,6.653984406210013,3.03624704029449,0.0,1.0,0.0,0.0,0.0,0.0
18,220,1.2408836687469529,9.451730525314616,1.0,0.0,1.0,0.0,0.0,0.0
19,220,8.749526745932693,4.708443467983158,1.0,0.0,0.0,0.0,1.0,0.0
20,220,3.315123720722733,8.519996819809723,1.0,1.0,0.0,0.0,1.0,1.0
21,220,7.279148302244344,6.520237100755541,0.0,1.0,1.0,0.0,1.0,0.0
22,220,4.524620671691222,7.992319776820099,0.0,1.0,0.0,1.0,1.0,1.0
23,220,5.209137696873521,5.157283224284888,0.0,0.0,1.0,1.0,0.0,0.0
24,220,9.420015564327644,10.192524780965853,0.0,1.0,0.0,1.0,0.0,0.0
25,220,0.3718436124872972,7.075436054610755,0.0,0.0,1.0,0.0,0.0,0.0
26,220,7.654194391719836,1.653841854004718,0.0,1.0,0.0,1.0,0.0,0.0
27,220,11.630914041744946,5.8501799143303375,0.0,1.0,0.0,1.0,0.0,1.0
28,220,10.692919886864424,0.0,0.0,0.0,1.0,1.0,0.0,0.0
29,220,4.687103988923791,7.228425177850754,1.0,0.0,0.0,0.0,0.0,0.0
0,225,12.0,10.0867729795193,1.0,0.0,1.0,0.0,1.0,0.0
1,225,4.66419592866048,12.0,1.0,0.0,0.0,1.0,0.0,0.0
2,225,0.8399515970900472,3.1649877954759607,1.0,0.0,1.0,0.0,0.0,0.0
3,225,12.0,8.565505903839695,1.0,1.0,0.0,0.0,0.0,0.0
4,225,0.0,0.0,0.0,1.0,1.0,1.0,0.0,0.0
5,225,5.130463656381704,6.931873576856075,0.0,1.0,0.0,0.0,0.0,0.0
6,225,11.029546264740564,11.451735434237412,1.0,1.0,0.0,0.0,0.0,1.0
7,225,4.665141878284606,3.846611069899754,0.0,0.0,0.0,1.0,1.0,0.0
8,225,7.279406148139872,4.216925801392518,1.0,0.0,1.0,1.0,1.0,0.0
9,225,11.624887825633202,11.958021522814692,0.0,1.0,0.0,0.0,0.0,0.0
10,225,2.4105720912468844,0.0,1.0,1.0,1.0,1.0,0.0,0.0
11,225,7.044465193784116,1.992737430560939,1.0,1.0,0.0,0.0,0.0,1.0
12,225,8.594146435649458,0.1735414177903741,0.0,1.0,0.0,0.0,0.0,0.0
13,225,10.848727106553753,2.716076315373107,1.0,0.0,0.0,1.0,0.0,0.0
14,225,0.6169183184289196,4.784106457044593,0.0,1.0,0.0,1.0,0.0,0.0
15,225,6.764719593080638,10.876872918121457,1.0,0.0,0.0,0.0,1.0,0.0
16,225,0.0,0.0,0.0,0.0,1.0,1.0,1.0,0.0
17,225,6.654629419720412,3.0362658490354697,0.0,1.0,0.0,0.0,0.0,0.0
18,225,1.234509742489145,9.413639906655368,1.0,0.0,1.0,0.0,0.0,0.0
19,225,8.735274028630702,4.730812734455633,1.0,0.0,0.0,0.0,1.0,0.0
20,225,3.2565989238242934,8.411556788601018,1.0,1.0,0.0,0.0,1.0,1.0
21,225,7.278000718019054,6.516374571682811,0.0,1.0,1.0,0.0,1.0,0.0
22,225,4.500000195331844,7.937241358566087,0.0,1.0,0.0,1.0,1.0,1.0
23,225,5.189928189301282,5.144043258221938,0.0,0.0,1.0,1.0,0.0,0.0
24,225,9.403306357121904,10.194734269473548,0.0,1.0,0.0,1.0,0.0,0.0
25,225,0.3868134980908869,7.152866393803883,0.0,0.0,1.0,0.0,0.0,0.0
26,225,7.778756238690088,1.4941751182609233,0.0,1.0,0.0,1.0,0.0,0.0
27,225,11.604725168645231,5.796033432712824,0.0,1.0,0.0,1.0,0.0,1.0
28,225,10.725186658710957,0.0,0.0,0.0,1.0,1.0,0.0,0.0
29,225,4.727020782183932,7.239345126329355,1.0,0.0,0.0,0.0,0.0,0.0
0,230,12.0,10.34312967903534,1.0,0.0,1.0,0.0,1.0,0.0
1,230,4.660496362188876,12.0,1.0,0.0,0.0,1.0,0.0,0.0
2,230,0.9105105073017444,3.1380230844518766,1.0,0.0,1.0,0.0,0.0,0.0
3,230,12.0,8.666704665781694,1.0,1.0,0.0,0.0,0.0,0.0
4,230,0.0,0.0,0.0,1.0,1.0,1.0,0.0,0.0
5,230,5.123005160853455,6.934704428254572,0.0,1.0,0.0,0.0,0.0,0.0
6,230,11.189036538515674,11.420760609842592,1.0,1.0,0.0,0.0,0.0,1.0
7,230,4.451497240343175,3.870878416334689,0.0,0.0,0.0,1.0,1.0,0.0
8,230,7.279049393117826,4.110237592266459,1.0,0.0,1.0,1.0,1.0,0.0
9,230,11.625939268729253,11.953204215300689,0.0,1.0,0.0,0.0,0.0,0.0
10,230,2.430420185076073,0.0,1.0,1.0,1.0,1.0,0.0,0.0
11,230,7.1119029187828975,2.0064592586328924,1.0,1.0,0.0,0.0,0.0,1.0
12,230,8.64405581510713,0.0872616491178872,0.0,1.0,0.0,0.0,0.0,0.0
13,230,10.937309590998971,2.708280063495025,1.0,0.0,0.0,1.0,0.0,0.0
14,230,0.6331413442717662,4.788379670272737,0.0,1.0,0.0,1.0,0.0,0.0
15,230,6.76704907090547,10.890290497637611,1.0,0.0,0.0,0.0,1.0,0.0
16,230,0.0,0.0,0.0,0.0,1.0,1.0,1.0,0.0
17,230,6.677434972995992,3.036526215481277,0.0,1.0,0.0,0.0,0.0,0.0
18,230,1.229228872452519,9.385141065576516,1.0,0.0,1.0,0.0,0.0,0.0
19,230,8.735409528416728,4.730593761429095,1.0,0.0,0.0,0.0,1.0,0.0
20,230,3.199228499290156,8.297349162417419,1.0,1.0,0.0,0.0,1.0,1.0
21,230,7.2716019827875185,6.494810150261294,0.0,1.0,1.0,0.0,1.0,0.0
22,230,4.475636802148598,7.881204709826715,0.0,1.0,0.0,1.0,1.0,1.0
23,230,5.177262527492101,5.135820657388371,0.0,0.0,1.0,1.0,0.0,0.0
24,230,9.379268908598268,10.19828687681323,0.0,1.0,0.0,1.0,0.0,0.0
25,230,0.3974081021710983,7.203934382693667,0.0,0.0,1.0,0.0,0.0,0.0
26,230,7.900964823247208,1.3375557436342005,0.0,1.0,0.0,1.0,0.0,0.0
27,230,11.576616387139335,5.737182284006764,0.0,1.0,0.0,1.0,0.0,1.0
28,230,10.75419809048054,0.0,0.0,0.0,1.0,1.0,0.0,0.0
29,230,4.748892180269884,7.245105723947893,1.0,0.0,0.0,0.0,0.0,0.0
0,235,12.0,10.620787023422947,1.0,0.0,1.0,0.0,1.0,0.0
1,235,4.654670239390738,12.0,1.0,0.0,0.0,1.0,0.0,0.0
2,235,0.9908027680930364,3.108226512140684,1.0,0.0,1.0,0.0,0.0,0.0
3,235,12.0,8.755473779450854,1.0,1.0,0.0,0.0,0.0,0.0
4,235,0.0,0.0,0.0,1.0,1.0,1.0,0.0,0.0
5,235,5.107645044210753,6.940155818741038,0.0,1.0,0.0,0.0,0.0,0.0
6,235,11.35931855696775,11.394181808026492,1.0,1.0,0.0,0.0,0.0,1.0
7,235,4.238393544749209,3.8886553697395305,0.0,0.0,0.0,1.0,1.0,0.0
8,235,7.169311592520021,4.111363589177061,1.0,0.0,1.0,1.0,1.0,0.0
9,235,11.629778846662786,11.936453952746987,0.0,1.0,0.0,0.0,0.0,0.0
10,235,2.44754214114616,0.0,1.0,1.0,1.0,1.0,0.0,0.0
11,235,7.1616520930799,2.015595026947384,1.0,1.0,0.0,0.0,0.0,1.0
12,235,8.690878605251633,0.0040361920849529,0.0,1.0,0.0,0.0,0.0,0.0
13,235,11.032415227138031,2.6974743864331296,1.0,0.0,0.0,1.0,0.0,0.0
14,235,0.6427753559000898,4.791140440727418,0.0,1.0,0.0,1.0,0.0,0.0
15,235,6.76937731280035,10.901697445819163,1.0,0.0,0.0,0.0,1.0,0.0
16,235,0.0,0.0,0.0,0.0,1.0,1.0,1.0,0.0
17,235,6.683883570471896,3.0365490209176067,0.0,1.0,0.0,0.0,0.0,0.0
18,235,1.2203194437532332,9.345302251113932,1.0,0.0,1.0,0.0,0.0,0.0
19,235,8.745816654534448,4.714198869224939,1.0,0.0,0.0,0.0,1.0,0.0
20,235,3.136986115679591,8.168965787429295,1.0,1.0,0.0,0.0,1.0,1.0
21,235,7.2670455035438,6.479323831839723,0.0,1.0,1.0,0.0,1.0,0.0
22,235,4.451729507688574,7.822197470427527,0.0,1.0,0.0,1.0,1.0,1.0
23,235,5.181746636846845,5.138568737674556,0.0,0.0,1.0,1.0,0.0,0.0
24,235,9.353831136776575,10.201526332071492,0.0,1.0,0.0,1.0,0.0,0.0
25,235,0.4124880619484257,7.272889445229388,0.0,0.0,1.0,0.0,0.0,0.0
26,235,8.017142055800983,1.1945068910225105,0.0,1.0,0.0,1.0,0.0,0.0
27,235,11.54813770565936,5.683833960743443,0.0,1.0,0.0,1.0,0.0,1.0
28,235,10.788800831290509,0.0,0.0,0.0,1.0,1.0,0.0,0.0
29,235,4.7712813475142175,7.250776503968642,1.0,0.0,0.0,0.0,0.0,0.0
0,240,12.0,10.897961175657194,1.0,0.0,1.0,0.0,1.0,0.0
1,240,4.649251375907138,12.0,1.0,0.0,0.0,1.0,0.0,0.0
2,240,1.0566835765314324,3.084090643100438,1.0,0.0,1.0,0.0,0.0,0.0
3,240,12.0,8.843821657109194,1.0,1.0,0.0,0.0,0.0,0.0
4,240,0.0,0.0,0.0,1.0,1.0,1.0,0.0,0.0
5,240,5.108826883119777,6.9397030856695725,0.0,1.0,0.0,0.0,0.0,0.0
6,240,11.555410956898784,11.36592854639241,1.0,1.0,0.0,0.0,0.0,1.0
7,240,4.022534981491958,3.9091643218785888,0.0,0.0,0.0,1.0,1.0,0.0
8,240,7.061625763438249,4.11339799360253,1.0,0.0,1.0,1.0,1.0,0.0
9,240,11.630086141864766,11.935203638687804,0.0,1.0,0.0,0.0,0.0,0.0
10,240,2.465313447997898,0.0,1.0,1.0,1.0,1.0,0.0,0.0
11,240,7.219304865504557,2.026817500066717,1.0,1.0,0.0,0.0,0.0,1.0
12,240,8.738428864492676,0.0,0.0,1.0,0.0,0.0,0.0,0.0
13,240,11.1260828610694,2.689628506613749,1.0,0.0,0.0,1.0,0.0,0.0
14,240,0.6564544100606071,4.795292481920884,0.0,1.0,0.0,1.0,0.0,0.0
15,240,6.771063967653153,10.910230600487091,1.0,0.0,0.0,0.0,1.0,0.0
16,240,0.0,0.0,0.0,0.0,1.0,1.0,1.0,0.0
17,240,6.694107166412937,3.036708534911051,0.0,1.0,0.0,0.0,0.0,0.0
18,240,1.212259785104676,9.307464025058811,1.0,0.0,1.0,0.0,0.0,0.0
19,240,8.747842607581088,4.7109685257457965,1.0,0.0,0.0,0.0,1.0,0.0
20,240,3.076356581606898,8.036793517452299,1.0,1.0,0.0,0.0,1.0,1.0
21,240,7.259999281435254,6.45367573645446,0.0,1.0,1.0,0.0,1.0,0.0
22,240,4.42683332171952,7.765307558607287,0.0,1.0,0.0,1.0,1.0,1.0
23,240,5.206334258992391,5.153107956576323,0.0,0.0,1.0,1.0,0.0,0.0
24,240,9.31293907849928,10.206155634061483,0.0,1.0,0.0,1.0,0.0,0.0
25,240,0.4226535659913322,7.326349904687554,0.0,0.0,1.0,0.0,0.0,0.0
26,240,8.143586839344508,1.0424390019292895,0.0,1.0,0.0,1.0,0.0,0.0
27,240,11.520868862047722,5.632587858726423,0.0,1.0,0.0,1.0,0.0,1.0
28,240,10.825887350816654,0.0,0.0,0.0,1.0,1.0,0.0,0.0
29,240,4.778316695061236,7.252510590210431,1.0,0.0,0.0,0.0,0.0,0.0
0,245,12.0,11.199054932075418,1.0,0.0,1.0,0.0,1.0,0.0
1,245,4.643481622415205,12.0,1.0,0.0,0.0,1.0,0.0,0.0
2,245,1.131333303459888,3.0575578044027694,1.0,0.0,1.0,0.0,0.0,0.0
3,245,12.0,8.940858232506121,1.0,1.0,0.0,0.0,0.0,0.0
4,245,0.0,0.0,0.0,1.0,1.0,1.0,0.0,0.0
5,245,5.116570246706318,6.936887414350897,0.0,1.0,0.0,0.0,0.0,0.0
6,245,11.745892087206329,11.344174181573782,1.0,1.0,0.0,0.0,0.0,1.0
7,245,3.8229208701266977,3.925990404568084,0.0,0.0,0.0,1.0,1.0,0.0
8,245,6.961968226619587,4.117170700625546,1.0,0.0,1.0,1.0,1.0,0.0
9,245,11.62726729575945,11.947529507327763,0.0,1.0,0.0,0.0,0.0,0.0
10,245,2.483681296130289,0.0,1.0,1.0,1.0,1.0,0.0,0.0
11,245,7.275785273741808,2.0390288300956083,1.0,1.0,0.0,0.0,0.0,1.0
12,245,8.78140512739234,0.0,0.0,1.0,0.0,0.0,0.0,0.0
13,245,11.22904017305633,2.6816566871592045,1.0,0.0,0.0,1.0,0.0,0.0
14,245,0.6929048796068484,4.806411199505065,0.0,1.0,0.0,1.0,0.0,0.0
15,245,6.772756439703133,10.91915034697503,1.0,0.0,0.0,0.0,1.0,0.0
16,245,0.0,0.0,0.0,0.0,1.0,1.0,1.0,0.0
17,245,6.708208337159651,3.036673265895192,0.0,1.0,0.0,0.0,0.0,0.0
18,245,1.2031401336950671,9.265412001169848,1.0,0.0,1.0,0.0,0.0,0.0
19,245,8.752605600974718,4.703241127382683,1.0,0.0,0.0,0.0,1.0,0.0
20,245,3.018210296263283,7.906850532691349,1.0,1.0,0.0,0.0,1.0,1.0
21,245,7.251494973733228,6.419593925026241,0.0,1.0,1.0,0.0,1.0,0.0
22,245,4.401824986788339,7.703682404341468,0.0,1.0,0.0,1.0,1.0,1.0
23,245,5.235597793849607,5.171443974161435,0.0,0.0,1.0,1.0,0.0,0.0
24,245,9.242539743450102,10.215151205507022,0.0,1.0,0.0,1.0,0.0,0.0
25,245,0.4342214911427777,7.379378681874842,0.0,0.0,1.0,0.0,0.0,0.0
26,245,8.266075915801737,0.8927432862321035,0.0,1.0,0.0,1.0,0.0,0.0
27,245,11.488140776132433,5.573334827171088,0.0,1.0,0.0,1.0,0.0,1.0
28,245,10.863084208374124,0.0,0.0,0.0,1.0,1.0,0.0,0.0
29,245,4.786405803025133,7.254481909731298,1.0,0.0,0.0,0.0,0.0,0.0
0,250,12.0,11.490173804550448,1.0,0.0,1.0,0.0,1.0,0.0
1,250,4.636472747940612,12.0,1.0,0.0,0.0,1.0,0.0,0.0
2,250,1.2054875367780982,3.029875486071939,1.0,0.0,1.0,0.0,0.0,0.0
3,250,12.0,9.026494147202554,1.0,1.0,0.0,0.0,0.0,0.0
4,250,0.0,0.0,0.0,1.0,1.0,1.0,0.0,0.0
5,250,5.137425208027008,6.929552371450944,0.0,1.0,0.0,0.0,0.0,0.0
6,250,11.937953358010622,11.3247460637413,1.0,1.0,0.0,0.0,0.0,1.0
7,250,3.6165066455089967,3.9459884278865753,0.0,0.0,0.0,1.0,1.0,0.0
8,250,6.847447565678947,4.121714703919951,1.0,0.0,1.0,1.0,1.0,0.0
9,250,11.624100867953873,11.962382509286916,0.0,1.0,0.0,0.0,0.0,0.0
10,250,2.4966094711930418,0.0,1.0,1.0,1.0,1.0,0.0,0.0
11,250,7.365720642528225,2.058520133984985,1.0,1.0,0.0,0.0,0.0,1.0
12,250,8.81579039339646,0.0,0.0,1.0,0.0,0.0,0.0,0.0
13,250,11.341169426429142,2.670539973767785,1.0,0.0,0.0,1.0,0.0,0.0
14,250,0.7181613916081163,4.813733281795599,0.0,1.0,0.0,1.0,0.0,0.0
15,250,6.776995583279634,10.94245454535396,1.0,0.0,0.0,0.0,1.0,0.0
16,250,0.0,0.0185125258590178,0.0,0.0,1.0,1.0,1.0,0.0
17,250,6.73548643677721,3.0368493088476822,0.0,1.0,0.0,0.0,0.0,0.0
18,250,1.1992243169610517,9.24672026488875,1.0,0.0,1.0,0.0,0.0,0.0
19,250,8.763181719153343,4.6859059231031726,1.0,0.0,0.0,0.0,1.0,0.0
20,250,2.964030566264648,7.794924380437233,1.0,1.0,0.0,0.0,1.0,1.0
21,250,7.243227925654219,6.388314100832243,0.0,1.0,1.0,0.0,1.0,0.0
22,250,4.377722203349249,7.6413988628604095,0.0,1.0,0.0,1.0,1.0,1.0
23,250,5.259357657977073,5.18711381517795,0.0,0.0,1.0,1.0,0.0,0.0
24,250,9.169037980570796,10.224008835621792,0.0,1.0,0.0,1.0,0.0,0.0
25,250,0.4452534716331857,7.427523832936087,0.0,0.0,1.0,0.0,0.0,0.0
26,250,8.38625106539181,0.7342519571116713,0.0,1.0,0.0,1.0,0.0,0.0
27,250,11.45059954212543,5.506124927033409,0.0,1.0,0.0,1.0,0.0,1.0
28,250,11.068407454301168,0.0400343733998876,0.0,0.0,1.0,1.0,0.0,0.0
29,250,4.803508211874089,7.258501759162836,1.0,0.0,0.0,0.0,0.0,0.0
0,255,12.0,11.78414581722716,1.0,0.0,1.0,0.0,1.0,0.0
1,255,4.622596666349248,12.0,1.0,0.0,0.0,1.0,0.0,0.0
2,255,1.2709899715519066,3.005412258898919,1.0,0.0,1.0,0.0,0.0,0.0
3,255,12.0,9.10710872062457,1.0,1.0,0.0,0.0,0.0,0.0
4,255,0.0,0.0,0.0,1.0,1.0,1.0,0.0,0.0
5,255,5.166247917255928,6.919149899338921,0.0,1.0,0.0,0.0,0.0,0.0
6,255,12.0,11.3036720451187,1.0,1.0,0.0,0.0,0.0,1.0
7,255,3.3857310482780183,3.970696359687576,0.0,0.0,0.0,1.0,1.0,0.0
8,255,6.741807212669668,4.12343871723986,1.0,0.0,1.0,1.0,1.0,0.0
9,255,11.62151670495284,11.974698479311542,0.0,1.0,0.0,0.0,0.0,0.0
10,255,2.5062317589306846,0.0,1.0,1.0,1.0,1.0,0.0,0.0
11,255,7.434428827905682,2.070929214164084,1.0,1.0,0.0,0.0,0.0,1.0
12,255,8.849384476916667,0.0,0.0,1.0,0.0,0.0,0.0,0.0
13,255,11.469358112752998,2.6583725323313883,1.0,0.0,0.0,1.0,0.0,0.0
14,255,0.7375069906921082,4.818149577030439,0.0,1.0,0.0,1.0,0.0,0.0
15,255,6.784160319097773,10.9819526051015,1.0,0.0,0.0,0.0,1.0,0.0
16,255,0.0,0.0315248594553568,0.0,0.0,1.0,1.0,1.0,0.0
17,255,6.762375733631533,3.036761541801898,0.0,1.0,0.0,0.0,0.0,0.0
18,255,1.194523879540148,9.22437471407231,1.0,0.0,1.0,0.0,0.0,0.0
19,255,8.78162008821283,4.657803187761282,1.0,0.0,0.0,0.0,1.0,0.0
20,255,2.8974628329001546,7.670129795123677,1.0,1.0,0.0,0.0,1.0,1.0
21,255,7.23791743745072,6.366753592333081,0.0,1.0,1.0,0.0,1.0,0.0
22,255,4.352087062842549,7.575073215506509,0.0,1.0,0.0,1.0,1.0,1.0
23,255,5.276744381704892,5.198628611649722,0.0,0.0,1.0,1.0,0.0,0.0
24,255,9.099520658651729,10.23035161735596,0.0,1.0,0.0,1.0,0.0,0.0
25,255,0.460357966429724,7.490527158636316,0.0,0.0,1.0,0.0,0.0,0.0
26,255,8.50587303999891,0.5851144034373008,0.0,1.0,0.0,1.0,0.0,0.0
27,255,11.412971818879624,5.44133745147931,0.0,1.0,0.0,1.0,0.0,1.0
28,255,11.2629023626658,0.0726641150011105,0.0,0.0,1.0,1.0,0.0,0.0
29,255,4.821651387892247,7.262695461569308,1.0,0.0,0.0,0.0,0.0,0.0
0,260,12.0,12.0,1.0,0.0,1.0,0.0,1.0,0.0
1,260,4.61010455682741,12.0,1.0,0.0,0.0,1.0,0.0,0.0
2,260,1.342260993954704,2.9772771721633347,1.0,0.0,1.0,0.0,0.0,0.0
3,260,12.0,9.187206844557672,1.0,1.0,0.0,0.0,0.0,0.0
4,260,0.0,0.0,0.0,1.0,1.0,1.0,0.0,0.0
5,260,5.185918634595068,6.911233485158765,0.0,1.0,0.0,0.0,0.0,0.0
6,260,12.0,11.283377054557226,1.0,1.0,0.0,0.0,0.0,1.0
7,260,3.1451459310243512,3.999736422564749,0.0,0.0,0.0,1.0,1.0,0.0
8,260,6.631770739038984,4.122734680407741,1.0,0.0,1.0,1.0,1.0,0.0
9,260,11.612898796019133,12.0,0.0,1.0,0.0,0.0,0.0,0.0
10,260,2.515576215222864,0.0,1.0,1.0,1.0,1.0,0.0,0.0
11,260,7.506036216664343,2.0823333681954805,1.0,1.0,0.0,0.0,0.0,1.0
12,260,8.889861667351214,0.0,0.0,1.0,0.0,0.0,0.0,0.0
13,260,11.615938706873154,2.647410525730604,1.0,0.0,0.0,1.0,0.0,0.0
14,260,0.7618956884163403,4.823412147018916,0.0,1.0,0.0,1.0,0.0,0.0
15,260,6.7910783307018505,11.015062940988368,1.0,0.0,0.0,0.0,1.0,0.0
16,260,0.0,0.0448147133874412,0.0,0.0,1.0,1.0,1.0,0.0
17,260,6.809214789043291,3.0361505246689764,0.0,1.0,0.0,0.0,0.0,0.0
18,260,1.1915764340337016,9.209537359378771,1.0,0.0,1.0,0.0,0.0,0.0
19,260,8.81243482531861,4.609043270600374,1.0,0.0,0.0,0.0,1.0,0.0
20,260,2.8177732779928397,7.5204504100308975,1.0,1.0,0.0,0.0,1.0,1.0
21,260,7.231265645869983,6.340477882838038,0.0,1.0,1.0,0.0,1.0,0.0
22,260,4.333914689062604,7.524954769760242,0.0,1.0,0.0,1.0,1.0,1.0
23,260,5.288880225600968,5.206628012576217,0.0,0.0,1.0,1.0,0.0,0.0
24,260,9.027750900894024,10.236414491351134,0.0,1.0,0.0,1.0,0.0,0.0
25,260,0.472273886264536,7.539836173821349,0.0,0.0,1.0,0.0,0.0,0.0
26,260,8.635598694773671,0.4312387603895115,0.0,1.0,0.0,1.0,0.0,0.0
27,260,11.389272485944694,5.401939706657317,0.0,1.0,0.0,1.0,0.0,1.0
28,260,11.469840095089705,0.1041633915372357,0.0,0.0,1.0,1.0,0.0,0.0
29,260,4.8308626836393085,7.264543195219193,1.0,0.0,0.0,0.0,0.0,0.0
0,265,12.0,12.0,1.0,0.0,1.0,0.0,1.0,0.0
1,265,4.59534776527302,12.0,1.0,0.0,0.0,1.0,0.0,0.0
2,265,1.4449036658939354,2.934134748132211,1.0,0.0,1.0,0.0,0.0,0.0
3,265,12.0,9.26197706868036,1.0,1.0,0.0,0.0,0.0,0.0
4,265,0.0,0.0,0.0,1.0,1.0,1.0,0.0,0.0
5,265,5.18947143726765,6.909775552956627,0.0,1.0,0.0,0.0,0.0,0.0
6,265,12.0,11.261382593984084,1.0,1.0,0.0,0.0,0.0,1.0
7,265,2.914206336085348,4.022633320341261,0.0,0.0,0.0,1.0,1.0,0.0
8,265,6.528635881446369,4.122056257079982,1.0,0.0,1.0,1.0,1.0,0.0
9,265,11.60515377686576,12.0,0.0,1.0,0.0,0.0,0.0,0.0
10,265,2.521785590972957,0.0,1.0,1.0,1.0,1.0,0.0,0.0
11,265,7.592603009088019,2.096987283450336,1.0,1.0,0.0,0.0,0.0,1.0
12,265,8.918358370242457,0.0,0.0,1.0,0.0,0.0,0.0,0.0
13,265,11.76573330872069,2.634574391987333,1.0,0.0,0.0,1.0,0.0,0.0
14,265,0.7901136041366099,4.829419449775074,0.0,1.0,0.0,1.0,0.0,0.0
15,265,6.7965402239698784,11.03894493999812,1.0,0.0,0.0,0.0,1.0,0.0
16,265,0.0,0.0583952401245801,0.0,0.0,1.0,1.0,1.0,0.0
17,265,6.8571689315962,3.036063956299773,0.0,1.0,0.0,0.0,0.0,0.0
18,265,1.1930211305922267,9.21657047984664,1.0,0.0,1.0,0.0,0.0,0.0
19,265,8.849000831986446,4.550140584651548,1.0,0.0,0.0,0.0,1.0,0.0
20,265,2.7386746211740203,7.375227737406071,1.0,1.0,0.0,0.0,1.0,1.0
21,265,7.226174813276357,6.3183913991791725,0.0,1.0,1.0,0.0,1.0,0.0
22,265,4.307993692544272,7.457830159648419,0.0,1.0,0.0,1.0,1.0,1.0
23,265,5.278627545646943,5.199967274855649,0.0,0.0,1.0,1.0,0.0,0.0
24,265,8.93270052576802,10.243926842111724,0.0,1.0,0.0,1.0,0.0,0.0
25,265,0.4896914184537254,7.603552150894606,0.0,0.0,1.0,0.0,0.0,0.0
26,265,8.75817244868792,0.2931329805246655,0.0,1.0,0.0,1.0,0.0,0.0
27,265,11.357605172261628,5.34838514295244,0.0,1.0,0.0,1.0,0.0,1.0
28,265,11.678856914082282,0.1345262428417721,0.0,0.0,1.0,1.0,0.0,0.0
29,265,4.852241969375156,7.269126485738116,1.0,0.0,0.0,0.0,0.0,0.0
0,270,12.0,12.0,1.0,0.0,1.0,0.0,1.0,0.0
1,270,4.582868993427971,12.0,1.0,0.0,0.0,1.0,0.0,0.0
2,270,1.540233810291594,2.8932328893967147,1.0,0.0,1.0,0.0,0.0,0.0
3,270,12.0,9.3311846546695,1.0,1.0,0.0,0.0,0.0,0.0
4,270,0.0,0.0,0.0,1.0,1.0,1.0,0.0,0.0
5,270,5.188641203578298,6.910107656253452,0.0,1.0,0.0,0.0,0.0,0.0
6,270,12.0,11.233697557417948,1.0,1.0,0.0,0.0,0.0,1.0
7,270,2.701998982256257,4.041905712985261,0.0,0.0,0.0,1.0,1.0,0.0
8,270,6.429342639160677,4.120933573920212,1.0,0.0,1.0,1.0,1.0,0.0
9,270,11.594146541884284,12.0,0.0,1.0,0.0,0.0,0.0,0.0
10,270,2.528019133163319,0.0,1.0,1.0,1.0,1.0,0.0,0.0
11,270,7.697644922184925,2.1120684794210125,1.0,1.0,0.0,0.0,0.0,1.0
12,270,8.953079877703464,0.0,0.0,1.0,0.0,0.0,0.0,0.0
13,270,11.893497754010117,2.6277633080924483,1.0,0.0,0.0,1.0,0.0,0.0
14,270,0.8037668622401758,4.832200658963889,0.0,1.0,0.0,1.0,0.0,0.0
15,270,6.806190669054838,11.088990325908174,1.0,0.0,0.0,0.0,1.0,0.0
16,270,0.0,0.0718235458953276,0.0,0.0,1.0,1.0,1.0,0.0
17,270,6.908987668100281,3.0372174488534243,0.0,1.0,0.0,0.0,0.0,0.0
18,270,1.19695474459101,9.236052312997098,1.0,0.0,1.0,0.0,0.0,0.0
19,270,8.893581507660851,4.469492949254408,1.0,0.0,0.0,0.0,1.0,0.0
20,270,2.6548323843761468,7.224215025976062,1.0,1.0,0.0,0.0,1.0,1.0
21,270,7.224320876329356,6.310386429148865,0.0,1.0,1.0,0.0,1.0,0.0
22,270,4.280495786671185,7.382194324343715,0.0,1.0,0.0,1.0,1.0,1.0
23,270,5.274224777761441,5.197089513643841,0.0,0.0,1.0,1.0,0.0,0.0
24,270,8.83408856435775,10.2524810465831,0.0,1.0,0.0,1.0,0.0,0.0
25,270,0.5036816368151529,7.653046759161609,0.0,0.0,1.0,0.0,0.0,0.0
26,270,8.886079460226924,0.1562556657953021,0.0,1.0,0.0,1.0,0.0,0.0
27,270,11.334252503762215,5.3100753400171,0.0,1.0,0.0,1.0,0.0,1.0
28,270,11.71162712289646,0.0,0.0,0.0,1.0,1.0,0.0,0.0
29,270,4.885984128273718,7.276847110380223,1.0,0.0,0.0,0.0,0.0,0.0
0,275,12.0,12.0,1.0,0.0,1.0,0.0,1.0,0.0
1,275,4.569155080879603,12.0,1.0,0.0,0.0,1.0,0.0,0.0
2,275,1.6295598016387631,2.857657815215904,1.0,0.0,1.0,0.0,0.0,0.0
3,275,12.0,9.40198532834362,1.0,1.0,0.0,0.0,0.0,0.0
4,275,0.0,0.0,0.0,1.0,1.0,1.0,0.0,0.0
5,275,5.180088486690455,6.913355299224604,0.0,1.0,0.0,0.0,0.0,0.0
6,275,12.0,11.200422861483212,1.0,1.0,0.0,0.0,0.0,1.0
7,275,2.491675536662494,4.063343424737536,0.0,0.0,0.0,1.0,1.0,0.0
8,275,6.32985267367592,4.118336182049094,1.0,0.0,1.0,1.0,1.0,0.0
9,275,11.58063911694135,12.0,0.0,1.0,0.0,0.0,0.0,0.0
10,275,2.5364973047206587,0.0,1.0,1.0,1.0,1.0,0.0,0.0
11,275,7.78562087040644,2.125909549311114,1.0,1.0,0.0,0.0,0.0,1.0
12,275,9.000842909537083,0.0,0.0,1.0,0.0,0.0,0.0,0.0
13,275,12.0,2.622279141920409,1.0,0.0,0.0,1.0,0.0,0.0
14,275,0.8306694405628701,4.837272390031488,0.0,1.0,0.0,1.0,0.0,0.0
15,275,6.816103451626972,11.136696226139778,1.0,0.0,0.0,0.0,1.0,0.0
16,275,0.0,0.0823665707016363,0.0,0.0,1.0,1.0,1.0,0.0
17,275,6.944225251513895,3.036677118421015,0.0,1.0,0.0,0.0,0.0,0.0
18,275,1.198398916371438,9.242725219745145,1.0,0.0,1.0,0.0,0.0,0.0
19,275,8.929460031865352,4.400136836248152,1.0,0.0,0.0,0.0,1.0,0.0
20,275,2.5780627259068534,7.084221074736745,1.0,1.0,0.0,0.0,1.0,1.0
21,275,7.223117643902534,6.304622759367367,0.0,1.0,1.0,0.0,1.0,0.0
22,275,4.24589230235932,7.291556291821521,0.0,1.0,0.0,1.0,1.0,1.0
23,275,5.284560055309315,5.204036456856088,0.0,0.0,1.0,1.0,0.0,0.0
24,275,8.74065831807317,10.25982994218675,0.0,1.0,0.0,1.0,0.0,0.0
25,275,0.518198542532541,7.6995922177518095,0.0,0.0,1.0,0.0,0.0,0.0
26,275,9.021431887108632,0.0131076228538996,0.0,1.0,0.0,1.0,0.0,0.0
27,275,11.308041727306314,5.267266767736054,0.0,1.0,0.0,1.0,0.0,1.0
28,275,11.740135629219845,0.0,0.0,0.0,1.0,1.0,0.0,0.0
29,275,4.913126793600148,7.283196954427171,1.0,0.0,0.0,0.0,0.0,0.0
0,280,12.0,12.0,1.0,0.0,1.0,0.0,1.0,0.0
1,280,4.553764953723208,12.0,1.0,0.0,0.0,1.0,0.0,0.0
2,280,1.7206322131249274,2.8178324978195546,1.0,0.0,1.0,0.0,0.0,0.0
3,280,12.0,9.464826270787876,1.0,1.0,0.0,0.0,0.0,0.0
4,280,0.0,0.0,0.0,1.0,1.0,1.0,0.0,0.0
5,280,5.160655278886086,6.92113072670712,0.0,1.0,0.0,0.0,0.0,0.0
6,280,12.0,11.165255002618943,1.0,1.0,0.0,0.0,0.0,1.0
7,280,2.28460966881111,4.080272749250415,0.0,0.0,0.0,1.0,1.0,0.0
8,280,6.237625168701867,4.115585816626958,1.0,0.0,1.0,1.0,1.0,0.0
9,280,11.573430349576135,12.0,0.0,1.0,0.0,0.0,0.0,0.0
10,280,2.544222756358072,0.0,1.0,1.0,1.0,1.0,0.0,0.0
11,280,7.869707993550462,2.142654409243097,1.0,1.0,0.0,0.0,0.0,1.0
12,280,9.064890866491943,0.0,0.0,1.0,0.0,0.0,0.0,0.0
13,280,12.0,2.6163741951767365,1.0,0.0,0.0,1.0,0.0,0.0
14,280,0.8653181324207017,4.843700894612993,0.0,1.0,0.0,1.0,0.0,0.0
15,280,6.822117651729198,11.166396270985954,1.0,0.0,0.0,0.0,1.0,0.0
16,280,0.0,0.093067921014624,0.0,0.0,1.0,1.0,1.0,0.0
17,280,6.977861164045189,3.035882009125932,0.0,1.0,0.0,0.0,0.0,0.0
18,280,1.1978245328141996,9.240312558762742,1.0,0.0,1.0,0.0,0.0,0.0
19,280,8.956036185657393,4.348536535081799,1.0,0.0,0.0,0.0,1.0,0.0
20,280,2.493465743571405,6.927629065851584,1.0,1.0,0.0,0.0,1.0,1.0
21,280,7.221740963116456,6.297626834163752,0.0,1.0,1.0,0.0,1.0,0.0
22,280,4.212600290807532,7.204382610686533,0.0,1.0,0.0,1.0,1.0,1.0
23,280,5.298542830139165,5.213182776877821,0.0,0.0,1.0,1.0,0.0,0.0
24,280,8.645154372010095,10.264512390306336,0.0,1.0,0.0,1.0,0.0,0.0
25,280,0.5254544760201679,7.724049891845873,0.0,0.0,1.0,0.0,0.0,0.0
26,280,9.162651344320023,0.0,0.0,1.0,0.0,1.0,0.0,0.0
27,280,11.26802055799596,5.200860379863364,0.0,1.0,0.0,1.0,0.0,1.0
28,280,11.771960895631352,0.0,0.0,0.0,1.0,1.0,0.0,0.0
29,280,4.935722131201743,7.288377710294476,1.0,0.0,0.0,0.0,0.0,0.0
0,285,12.0,12.0,1.0,0.0,1.0,0.0,1.0,0.0
1,285,4.538534006769803,12.0,1.0,0.0,0.0,1.0,0.0,0.0
2,285,1.8057337033506415,2.782370305464601,1.0,0.0,1.0,0.0,0.0,0.0
3,285,12.0,9.524371858236227,1.0,1.0,0.0,0.0,0.0,0.0
4,285,0.0,0.0,0.0,1.0,1.0,1.0,0.0,0.0
5,285,5.141764869945652,6.928770306030585,0.0,1.0,0.0,0.0,0.0,0.0
6,285,12.0,11.131470517584097,1.0,1.0,0.0,0.0,0.0,1.0
7,285,2.090084844919492,4.098923257813483,0.0,0.0,0.0,1.0,1.0,0.0
8,285,6.158431681211343,4.113014168529689,1.0,0.0,1.0,1.0,1.0,0.0
9,285,11.564963891263057,12.0,0.0,1.0,0.0,0.0,0.0,0.0
10,285,2.551346164789312,0.0,1.0,1.0,1.0,1.0,0.0,0.0
11,285,7.929137150599967,2.154054695888564,1.0,1.0,0.0,0.0,0.0,1.0
12,285,9.12248068547273,0.0,0.0,1.0,0.0,0.0,0.0,0.0
13,285,12.0,2.6082553538633726,1.0,0.0,0.0,1.0,0.0,0.0
14,285,0.8881234130449179,4.848385312518912,0.0,1.0,0.0,1.0,0.0,0.0
15,285,6.832371260901379,11.212583667653384,1.0,0.0,0.0,0.0,1.0,0.0
16,285,0.0,0.1007107768332534,0.0,0.0,1.0,1.0,1.0,0.0
17,285,6.990081692819447,3.0353918435888234,0.0,1.0,0.0,0.0,0.0,0.0
18,285,1.1972628811169668,9.23820812427078,1.0,0.0,1.0,0.0,0.0,0.0
19,285,8.979253926762095,4.302429648034941,1.0,0.0,0.0,0.0,1.0,0.0
20,285,2.412512400376856,6.779392309459153,1.0,1.0,0.0,0.0,1.0,1.0
21,285,7.22644303656049,6.321498758066714,0.0,1.0,1.0,0.0,1.0,0.0
22,285,4.174073312887201,7.105686641074473,0.0,1.0,0.0,1.0,1.0,1.0
23,285,5.3134373733052405,5.224020637710914,0.0,0.0,1.0,1.0,0.0,0.0
24,285,8.579002534545161,10.267854736620937,0.0,1.0,0.0,1.0,0.0,0.0
25,285,0.5292549555226576,7.736543332577018,0.0,0.0,1.0,0.0,0.0,0.0
26,285,9.300106618290062,0.0,0.0,1.0,0.0,1.0,0.0,0.0
27,285,11.234143158523937,5.143580112479314,0.0,1.0,0.0,1.0,0.0,1.0
28,285,11.80394425476612,0.0,0.0,0.0,1.0,1.0,0.0,0.0
29,285,4.962416592234525,7.294725897588989,1.0,0.0,0.0,0.0,0.0,0.0
0,290,12.0,12.0,1.0,0.0,1.0,0.0,1.0,0.0
1,290,4.522107591709566,12.0,1.0,0.0,0.0,1.0,0.0,0.0
2,290,1.8837023170221223,2.7492508439411867,1.0,0.0,1.0,0.0,0.0,0.0
3,290,12.0,9.58523462028364,1.0,1.0,0.0,0.0,0.0,0.0
4,290,0.0,0.0,0.0,1.0,1.0,1.0,0.0,0.0
5,290,5.146195578041292,6.927100846338029,0.0,1.0,0.0,0.0,0.0,0.0
6,290,12.0,11.094448890458256,1.0,1.0,0.0,0.0,0.0,1.0
7,290,1.8897738825699544,4.123680804911734,0.0,0.0,0.0,1.0,1.0,0.0
8,290,6.108358438310145,4.111327218943613,1.0,0.0,1.0,1.0,1.0,0.0
9,290,11.556011509240884,12.0,0.0,1.0,0.0,0.0,0.0,0.0
10,290,2.5608926297934023,0.0,1.0,1.0,1.0,1.0,0.0,0.0
11,290,8.008292854023562,2.1696785468396844,1.0,1.0,0.0,0.0,0.0,1.0
12,290,9.180377810093423,0.0,0.0,1.0,0.0,0.0,0.0,0.0
13,290,12.0,2.602121516735988,1.0,0.0,0.0,1.0,0.0,0.0
14,290,0.9072817978369928,4.852890789339022,0.0,1.0,0.0,1.0,0.0,0.0
15,290,6.844277771388459,11.262827125212764,1.0,0.0,0.0,0.0,1.0,0.0
16,290,0.0,0.1052203363233927,0.0,0.0,1.0,1.0,1.0,0.0
17,290,7.0132078335255095,3.03474634103282,0.0,1.0,0.0,0.0,0.0,0.0
18,290,1.198770898624875,9.244233884644842,1.0,0.0,1.0,0.0,0.0,0.0
19,290,8.992558058492472,4.273929262381059,1.0,0.0,0.0,0.0,1.0,0.0
20,290,2.321222559532936,6.600924362151625,1.0,1.0,0.0,0.0,1.0,1.0
21,290,7.2299349413205505,6.340084618123951,0.0,1.0,1.0,0.0,1.0,0.0
22,290,4.133273077026661,6.999002005115196,0.0,1.0,0.0,1.0,1.0,1.0
23,290,5.324539194824454,5.232669219364781,0.0,0.0,1.0,1.0,0.0,0.0
24,290,8.52634453696054,10.270392101661669,0.0,1.0,0.0,1.0,0.0,0.0
25,290,0.5297457300725003,7.738021518834444,0.0,0.0,1.0,0.0,0.0,0.0
26,290,9.442975979286713,0.0,0.0,1.0,0.0,1.0,0.0,0.0
27,290,11.193119304909548,5.075288182239495,0.0,1.0,0.0,1.0,0.0,1.0
28,290,11.829028980067836,0.0,0.0,0.0,1.0,1.0,0.0,0.0
29,290,4.980570923575666,7.298643745577799,1.0,0.0,0.0,0.0,0.0,0.0
0,295,12.0,12.0,1.0,0.0,1.0,0.0,1.0,0.0
1,295,4.500564055445846,12.0,1.0,0.0,0.0,1.0,0.0,0.0
2,295,1.963428179370172,2.7157255344616487,1.0,0.0,1.0,0.0,0.0,0.0
3,295,12.0,9.51619418123553,1.0,1.0,0.0,0.0,0.0,0.0
4,295,0.0,0.0,0.0,1.0,1.0,1.0,0.0,0.0
5,295,5.150699809659275,6.925584163169954,0.0,1.0,0.0,0.0,0.0,0.0
6,295,12.0,11.052219737433088,1.0,1.0,0.0,0.0,0.0,1.0
7,295,1.6735732706645576,4.160298132710788,0.0,0.0,0.0,1.0,1.0,0.0
8,295,6.058588272176506,4.109540457459178,1.0,0.0,1.0,1.0,1.0,0.0
9,295,11.547627579925043,12.0,0.0,1.0,0.0,0.0,0.0,0.0
10,295,2.5737023903878957,0.0,1.0,1.0,1.0,1.0,0.0,0.0
11,295,8.077484683681742,2.183926286506833,1.0,1.0,0.0,0.0,0.0,1.0
12,295,9.248838665485414,0.0,0.0,1.0,0.0,0.0,0.0,0.0
13,295,12.0,2.5956229500495125,1.0,0.0,0.0,1.0,0.0,0.0
14,295,0.9191783290755364,4.855709912478312,0.0,1.0,0.0,1.0,0.0,0.0
15,295,6.860093068287148,11.334822987795205,1.0,0.0,0.0,0.0,1.0,0.0
16,295,0.0,0.1121774165478579,0.0,0.0,1.0,1.0,1.0,0.0
17,295,7.038759801182019,3.034490548888993,0.0,1.0,0.0,0.0,0.0,0.0
18,295,1.199271084283027,9.246449836444272,1.0,0.0,1.0,0.0,0.0,0.0
19,295,9.004430709124732,4.248444424189287,1.0,0.0,0.0,0.0,1.0,0.0
20,295,2.2337624914132124,6.4311239056639575,1.0,1.0,0.0,0.0,1.0,1.0
21,295,7.230141509480354,6.341345343911405,0.0,1.0,1.0,0.0,1.0,0.0
22,295,4.089676102228263,6.885973660494915,0.0,1.0,0.0,1.0,1.0,1.0
23,295,5.341473212414879,5.245665028661517,0.0,0.0,1.0,1.0,0.0,0.0
24,295,8.445362517507059,10.273574363800202,0.0,1.0,0.0,1.0,0.0,0.0
25,295,0.5185813987365594,7.741823678808624,0.0,0.0,1.0,0.0,0.0,0.0
26,295,9.578167317428328,0.0,0.0,1.0,0.0,1.0,0.0,0.0
27,295,11.14916638647628,5.008222922041345,0.0,1.0,0.0,1.0,0.0,1.0
28,295,11.85452897040207,0.0,0.0,0.0,1.0,1.0,0.0,0.0
29,295,5.004971875199688,7.30347342803353,1.0,0.0,0.0,0.0,0.0,0.0
