0,0,5.003533545354077,0.9434833897735336,1.0,0.0,0.0,0.0,0.0,0.0
1,0,7.999888044417118,9.03844623321519,0.0,0.0,1.0,0.0,1.0,0.0
2,0,0.944697377867322,0.9699829981945156,1.0,1.0,0.0,1.0,0.0,1.0
3,0,1.001158061648229,4.05318534066553,1.0,0.0,1.0,0.0,0.0,0.0
4,0,9.948504038964993,10.021122744558006,1.0,1.0,0.0,1.0,1.0,0.0
5,0,3.959396271058657,8.05499507620648,0.0,0.0,0.0,1.0,0.0,0.0
6,0,1.9578783553154715,8.024495471743139,1.0,0.0,0.0,0.0,0.0,0.0
7,0,9.010893479875588,2.051360836561899,1.0,0.0,0.0,1.0,1.0,0.0
8,0,5.039310949556101,3.977658871961692,0.0,1.0,0.0,1.0,1.0,0.0
9,0,10.040509908778915,5.949444269936797,0.0,0.0,0.0,1.0,0.0,0.0
10,0,5.993855487750661,0.045189398995794,0.0,1.0,0.0,1.0,0.0,0.0
11,0,2.988109959092792,8.04494415274858,0.0,0.0,0.0,1.0,1.0,0.0
12,0,8.980166544527055,2.039222385395512,0.0,0.0,0.0,1.0,0.0,1.0
13,0,11.959359725386337,3.988052432780311,0.0,0.0,1.0,0.0,0.0,0.0
14,0,8.004625562379296,9.947558723910236,0.0,1.0,0.0,0.0,1.0,1.0
15,0,10.033941381690491,4.011662970555801,0.0,0.0,0.0,0.0,1.0,0.0
16,0,11.040374687891678,9.968678105418052,1.0,0.0,0.0,0.0,1.0,1.0
17,0,10.056999007203393,9.03979247655901,1.0,0.0,0.0,0.0,0.0,1.0
18,0,3.9945121858336594,5.034375472506284,0.0,0.0,0.0,0.0,0.0,1.0
19,0,10.989079034791455,2.9568971625040708,0.0,0.0,1.0,0.0,0.0,0.0
20,0,9.928091474005573,11.990936667606691,0.0,0.0,0.0,0.0,0.0,1.0
21,0,6.052984905865889,1.0454565147998236,0.0,0.0,0.0,0.0,1.0,0.0
22,0,5.039878584038587,3.0005767398571983,1.0,0.0,0.0,0.0,0.0,1.0
23,0,6.057928141137315,1.0418528330913952,0.0,1.0,0.0,0.0,0.0,1.0
24,0,9.97850554997708,7.949102318062833,0.0,1.0,0.0,0.0,1.0,0.0
25,0,4.957980834925778,11.06574369890521,0.0,0.0,1.0,0.0,1.0,0.0
26,0,11.036411400795329,5.035155046330045,0.0,0.0,0.0,0.0,0.0,1.0
27,0,10.98070920131905,0.9522839671018412,1.0,0.0,0.0,0.0,0.0,0.0
28,0,9.058192129706574,10.018121135674756,0.0,0.0,1.0,0.0,0.0,1.0
29,0,12.0,3.002922097211393,1.0,0.0,0.0,0.0,0.0,0.0
0,5,5.008022990047572,0.8591718576231764,1.0,0.0,0.0,0.0,0.0,0.0
1,5,7.998544568785594,9.102113478898792,0.0,0.0,1.0,0.0,1.0,0.0
2,5,0.8655663553517096,0.9291863211668868,1.0,1.0,0.0,1.0,0.0,1.0
3,5,1.001500308221485,4.12574547566958,1.0,0.0,1.0,0.0,0.0,0.0
4,5,9.908731248033169,10.037571888684004,1.0,1.0,0.0,1.0,1.0,0.0
5,5,3.918397035763261,8.110333315125033,0.0,0.0,0.0,1.0,0.0,0.0
6,5,1.922076071416939,8.04505160212032,1.0,0.0,0.0,0.0,0.0,0.0
7,5,9.022454721018546,2.1017104602686425,1.0,0.0,0.0,1.0,1.0,0.0
8,5,5.092810928677689,3.9455988301595823,0.0,1.0,0.0,1.0,1.0,0.0
9,5,10.074161204578392,5.905363285088729,0.0,0.0,0.0,1.0,0.0,0.0
10,5,5.98771572099954,0.0949741251385575,0.0,1.0,0.0,1.0,0.0,0.0
11,5,2.9694905805366565,8.115084053227893,0.0,0.0,0.0,1.0,1.0,0.0
12,5,8.953659637013239,2.0910354167317027,0.0,0.0,0.0,1.0,0.0,1.0
13,5,11.916584703104382,3.97651170304542,0.0,0.0,1.0,0.0,0.0,0.0
14,5,8.01255209783436,9.876551264131583,0.0,1.0,0.0,0.0,1.0,1.0
15,5,10.058572761253687,4.019285060104278,0.0,0.0,0.0,0.0,1.0,0.0
16,5,11.084678858903098,9.932561765479363,1.0,0.0,0.0,0.0,1.0,1.0
17,5,10.139288377822057,9.09671577277,1.0,0.0,0.0,0.0,0.0,1.0
18,5,3.986995876569672,5.084227018492458,0.0,0.0,0.0,0.0,0.0,1.0
19,5,10.98212171653702,2.9291211605406677,0.0,0.0,1.0,0.0,0.0,0.0
20,5,9.86124355058006,11.98346453737574,0.0,0.0,0.0,0.0,0.0,1.0
21,5,6.110788751558745,1.0934787242684263,0.0,0.0,0.0,0.0,1.0,0.0
22,5,5.075281614714428,3.000954842529645,1.0,0.0,0.0,0.0,0.0,1.0
23,5,6.110963802332544,1.0801254172045378,0.0,1.0,0.0,0.0,0.0,1.0
24,5,9.95689666184055,7.898359088480219,0.0,1.0,0.0,0.0,1.0,0.0
25,5,4.9095093208306135,11.142506329429471,0.0,0.0,1.0,0.0,1.0,0.0
26,5,11.054591626153483,5.052333413767624,0.0,0.0,0.0,0.0,0.0,1.0
27,5,10.965259009713437,0.9139153759700512,1.0,0.0,0.0,0.0,0.0,0.0
28,5,9.117572654239202,10.034998049220784,0.0,0.0,1.0,0.0,0.0,1.0
29,5,12.0,3.0065670587657167,1.0,0.0,0.0,0.0,0.0,0.0
0,10,5.01360183512174,0.7668493291493867,1.0,0.0,0.0,0.0,0.0,0.0
1,10,7.996657081977975,9.17258375661484,0.0,0.0,1.0,0.0,1.0,0.0
2,10,0.7684168557334953,0.8806284429203676,1.0,1.0,0.0,1.0,0.0,1.0
3,10,1.0036674482646428,4.198142886196902,1.0,0.0,1.0,0.0,0.0,0.0
4,10,9.865901617762022,10.054344936028546,1.0,1.0,0.0,1.0,1.0,0.0
5,10,3.881960247862483,8.158330808587198,0.0,0.0,0.0,1.0,0.0,0.0
6,10,1.8725038774090277,8.072318847925555,1.0,0.0,0.0,0.0,0.0,0.0
7,10,9.03586117979942,2.1670121336158625,1.0,0.0,0.0,1.0,1.0,0.0
8,10,5.141319278737199,3.916915142512926,0.0,1.0,0.0,1.0,1.0,0.0
9,10,10.108511824502733,5.8613619588878825,0.0,0.0,0.0,1.0,0.0,0.0
10,10,5.984430429369993,0.12765208705104,0.0,1.0,0.0,1.0,0.0,0.0
11,10,2.955706429802241,8.16833090904214,0.0,0.0,0.0,1.0,1.0,0.0
12,10,8.922067147288985,2.150792480680764,0.0,0.0,0.0,1.0,0.0,1.0
13,10,11.86696073000428,3.9622791174403726,0.0,0.0,1.0,0.0,0.0,0.0
14,10,8.019035895425082,9.810143978505293,0.0,1.0,0.0,0.0,1.0,1.0
15,10,10.071826815016532,4.023097564886943,0.0,0.0,0.0,0.0,1.0,0.0
16,10,11.117076246637223,9.905181110565428,1.0,0.0,0.0,0.0,1.0,1.0
17,10,10.23641312750958,9.16165836822416,1.0,0.0,0.0,0.0,0.0,1.0
18,10,3.979091777840382,5.141350067795537,0.0,0.0,0.0,0.0,0.0,1.0
19,10,10.975144504266424,2.898764580282274,0.0,0.0,1.0,0.0,0.0,0.0
20,10,9.804135323275064,11.977132212909622,0.0,0.0,0.0,0.0,0.0,1.0
21,10,6.168733420354916,1.1426305109351698,0.0,0.0,0.0,0.0,1.0,0.0
22,10,5.106217023223709,3.001968300604896,1.0,0.0,0.0,0.0,0.0,1.0
23,10,6.164661541742679,1.1182737398293607,0.0,1.0,0.0,0.0,0.0,1.0
24,10,9.928720869738797,7.836480069083619,0.0,1.0,0.0,0.0,1.0,0.0
25,10,4.86150017370371,11.22114044000848,0.0,0.0,1.0,0.0,1.0,0.0
26,10,11.06689659616318,5.064472233380819,0.0,0.0,0.0,0.0,0.0,1.0
27,10,10.942077506220834,0.8593284378559605,1.0,0.0,0.0,0.0,0.0,0.0
28,10,9.171984567338866,10.04807919897006,0.0,0.0,1.0,0.0,0.0,1.0
29,10,12.0,3.0092783810635413,1.0,0.0,0.0,0.0,0.0,0.0
0,15,5.01957833855805,0.6549536914357266,1.0,0.0,0.0,0.0,0.0,0.0
1,15,7.990992942924247,9.259041322531754,0.0,0.0,1.0,0.0,1.0,0.0
2,15,0.6764911714462237,0.8357046156053897,1.0,1.0,0.0,1.0,0.0,1.0
3,15,0.9401527695457116,4.199531435631093,1.0,0.0,1.0,0.0,0.0,0.0
4,15,9.828063883898414,10.069952555062784,1.0,1.0,0.0,1.0,1.0,0.0
5,15,3.837259920271973,8.22239966911994,0.0,0.0,0.0,1.0,0.0,0.0
6,15,1.818157655193007,8.101709710424297,1.0,0.0,0.0,0.0,0.0,0.0
7,15,9.046519491488572,2.22442462603395,1.0,0.0,0.0,1.0,1.0,0.0
8,15,5.206323883024715,3.877117559422485,0.0,1.0,0.0,1.0,1.0,0.0
9,15,10.121188364153474,5.844597748771676,0.0,0.0,0.0,1.0,0.0,0.0
10,15,5.980129693374229,0.1669794410176035,0.0,1.0,0.0,1.0,0.0,0.0
11,15,2.938782867603892,8.226585499573547,0.0,0.0,0.0,1.0,1.0,0.0
12,15,8.884898820900684,2.222240628548566,0.0,0.0,0.0,1.0,0.0,1.0
13,15,11.821049203455948,3.9494852151916273,0.0,0.0,1.0,0.0,0.0,0.0
14,15,8.023027402433689,9.754854976848652,0.0,1.0,0.0,0.0,1.0,1.0
15,15,10.09249615545537,4.029076262848447,0.0,0.0,0.0,0.0,1.0,0.0
16,15,11.140640399808072,9.885729594587144,1.0,0.0,0.0,0.0,1.0,1.0
17,15,10.347555463870805,9.23801925411452,1.0,0.0,0.0,0.0,0.0,1.0
18,15,3.971866290077548,5.19641479338968,0.0,0.0,0.0,0.0,0.0,1.0
19,15,10.963700007822831,2.850299630470845,0.0,0.0,1.0,0.0,0.0,0.0
20,15,9.733292000766726,11.969241800755498,0.0,0.0,0.0,0.0,0.0,1.0
21,15,6.221564030195313,1.1890077170722133,0.0,0.0,0.0,0.0,1.0,0.0
22,15,5.140002439038823,3.003435212334137,1.0,0.0,0.0,0.0,0.0,1.0
23,15,6.211464771953813,1.1510828513840845,0.0,1.0,0.0,0.0,0.0,1.0
24,15,9.902671166660864,7.778796408182986,0.0,1.0,0.0,0.0,1.0,0.0
25,15,4.814726758929304,11.303892526577275,0.0,0.0,1.0,0.0,1.0,0.0
26,15,11.067429416618364,5.064994660983518,0.0,0.0,0.0,0.0,0.0,1.0
27,15,10.920895116783038,0.8084886788409116,1.0,0.0,0.0,0.0,0.0,0.0
28,15,9.241413080495663,10.06227305772073,0.0,0.0,1.0,0.0,0.0,1.0
29,15,12.0,3.0111905132936734,1.0,0.0,0.0,0.0,0.0,0.0
0,20,5.031164938616362,0.5291702711817327,1.0,0.0,0.0,0.0,0.0,0.0
1,20,7.982193137403408,9.358791056778369,0.0,0.0,1.0,0.0,1.0,0.0
2,20,0.5910991954816469,0.794877656942079,1.0,1.0,0.0,1.0,0.0,1.0
3,20,0.8733235137970242,4.199587287097371,1.0,0.0,1.0,0.0,0.0,0.0
4,20,9.75768391166775,10.101559692581498,1.0,1.0,0.0,1.0,1.0,0.0
5,20,3.791591834758547,8.293526658518019,0.0,0.0,0.0,1.0,0.0,0.0
6,20,1.7551825262534697,8.135491573117832,1.0,0.0,0.0,0.0,0.0,0.0
7,20,9.051077068501506,2.2474071479398465,1.0,0.0,0.0,1.0,1.0,0.0
8,20,5.274414396226028,3.8348778790607065,0.0,1.0,0.0,1.0,1.0,0.0
9,20,10.124068175453235,5.840660512590516,0.0,0.0,0.0,1.0,0.0,0.0
10,20,5.976901294494161,0.1932007273545863,0.0,1.0,0.0,1.0,0.0,0.0
11,20,2.929013279909722,8.262172711410075,0.0,0.0,0.0,1.0,1.0,0.0
12,20,8.849977426777768,2.2904620323038096,0.0,0.0,0.0,1.0,0.0,1.0
13,20,11.788402647512106,3.940379395058645,0.0,0.0,1.0,0.0,0.0,0.0
14,20,8.028136281027821,9.681381998477548,0.0,1.0,0.0,0.0,1.0,1.0
15,20,10.098155940327242,4.008982180867281,0.0,0.0,0.0,0.0,1.0,0.0
16,20,11.159371129212326,9.87029114990754,1.0,0.0,0.0,0.0,1.0,1.0
17,20,10.45143791123472,9.30850102579161,1.0,0.0,0.0,0.0,0.0,1.0
18,20,3.914633659937985,5.1875709635527,0.0,0.0,0.0,0.0,0.0,1.0
19,20,10.953429926174556,2.8043417178422576,0.0,0.0,1.0,0.0,0.0,0.0
20,20,9.660164166829642,11.960543704124712,0.0,0.0,0.0,0.0,0.0,1.0
21,20,6.278717388521837,1.238474524127266,0.0,0.0,0.0,0.0,1.0,0.0
22,20,5.172314237859648,3.0042820517549504,1.0,0.0,0.0,0.0,0.0,1.0
23,20,6.250490157651226,1.1774380899383143,0.0,1.0,0.0,0.0,0.0,1.0
24,20,9.887896439445669,7.746114215591823,0.0,1.0,0.0,0.0,1.0,0.0
25,20,4.765918057147843,11.384868413611718,0.0,0.0,1.0,0.0,1.0,0.0
26,20,11.066091524737717,5.063697429581192,0.0,0.0,0.0,0.0,0.0,1.0
27,20,10.890448713885402,0.7383310581703975,1.0,0.0,0.0,0.0,0.0,0.0
28,20,9.306452538309609,10.07594835268905,0.0,0.0,1.0,0.0,0.0,1.0
29,20,12.0,3.012266409743084,1.0,0.0,0.0,0.0,0.0,0.0
0,25,5.03926997712838,0.4501974459158451,1.0,0.0,0.0,0.0,0.0,0.0
1,25,7.974109106383777,9.45780262307152,0.0,0.0,1.0,0.0,1.0,0.0
2,25,0.501982097806801,0.7548055538029149,1.0,1.0,0.0,1.0,0.0,1.0
3,25,0.7906232687359369,4.199128551654782,1.0,0.0,1.0,0.0,0.0,0.0
4,25,9.691491382827106,10.130682085902167,1.0,1.0,0.0,1.0,1.0,0.0
5,25,3.7547393171066,8.354565188663395,0.0,0.0,0.0,1.0,0.0,0.0
6,25,1.699914790858603,8.165902395291274,1.0,0.0,0.0,0.0,0.0,0.0
7,25,9.056976262271764,2.276526280927281,1.0,0.0,0.0,1.0,1.0,0.0
8,25,5.344234891332133,3.788202132650832,0.0,1.0,0.0,1.0,1.0,0.0
9,25,10.121965898814826,5.843596612919864,0.0,0.0,0.0,1.0,0.0,0.0
10,25,5.97449959954605,0.2134365635924474,0.0,1.0,0.0,1.0,0.0,0.0
11,25,2.921021946337555,8.28853270028228,0.0,0.0,0.0,1.0,1.0,0.0
12,25,8.817497741216915,2.3521310709426992,0.0,0.0,0.0,1.0,0.0,1.0
13,25,11.75126894110129,3.929261416206077,0.0,0.0,1.0,0.0,0.0,0.0
14,25,8.033792333199758,9.599059596986724,0.0,1.0,0.0,0.0,1.0,1.0
15,25,10.101264897276051,3.996804365166906,0.0,0.0,0.0,0.0,1.0,0.0
16,25,11.182205125055138,9.85171023621909,1.0,0.0,0.0,0.0,1.0,1.0
17,25,10.543519615110268,9.372127148190888,1.0,0.0,0.0,0.0,0.0,1.0
18,25,3.844173002982787,5.175733436318957,0.0,0.0,0.0,0.0,0.0,1.0
19,25,10.949843588945123,2.78512617740957,0.0,0.0,1.0,0.0,0.0,0.0
20,25,9.588066946126451,11.952230210728269,0.0,0.0,0.0,0.0,0.0,1.0
21,25,6.344025467620619,1.2978962000959504,0.0,0.0,0.0,0.0,1.0,0.0
22,25,5.207365863704969,3.004629900119368,1.0,0.0,0.0,0.0,0.0,1.0
23,25,6.2885365820221,1.2025662223038318,0.0,1.0,0.0,0.0,0.0,1.0
24,25,9.869334858521984,7.704531979370706,0.0,1.0,0.0,0.0,1.0,0.0
25,25,4.721666632441185,11.458892339262963,0.0,0.0,1.0,0.0,1.0,0.0
26,25,11.06000378634175,5.058044492832891,0.0,0.0,0.0,0.0,0.0,1.0
27,25,10.861125604866816,0.6694515733671879,1.0,0.0,0.0,0.0,0.0,0.0
28,25,9.366856538154638,10.088249682353853,0.0,0.0,1.0,0.0,0.0,1.0
29,25,12.0,3.0115845075995296,1.0,0.0,0.0,0.0,0.0,0.0
0,30,5.05143334027708,0.3500289669856537,1.0,0.0,0.0,0.0,0.0,0.0
1,30,7.964852341646513,9.563413228438847,0.0,0.0,1.0,0.0,1.0,0.0
2,30,0.3947115323518902,0.7091066769780864,1.0,1.0,0.0,1.0,0.0,1.0
3,30,0.7313285510605816,4.198593714742144,1.0,0.0,1.0,0.0,0.0,0.0
4,30,9.634580389067072,10.15657824587961,1.0,1.0,0.0,1.0,1.0,0.0
5,30,3.726870199302765,8.403061309272733,0.0,0.0,0.0,1.0,0.0,0.0
6,30,1.656427729581268,8.18954634244934,1.0,0.0,0.0,0.0,0.0,0.0
7,30,9.06541872513375,2.3136791118376188,1.0,0.0,0.0,1.0,1.0,0.0
8,30,5.398352138945289,3.753370773466042,0.0,1.0,0.0,1.0,1.0,0.0
9,30,10.117099059244866,5.850447580804986,0.0,0.0,0.0,1.0,0.0,0.0
10,30,5.970159730600646,0.2544111483834749,0.0,1.0,0.0,1.0,0.0,0.0
11,30,2.9195002569606605,8.293721374637386,0.0,0.0,0.0,1.0,1.0,0.0
12,30,8.788078152915588,2.4091349798045454,0.0,0.0,0.0,1.0,0.0,1.0
13,30,11.739176577416195,3.925723167544674,0.0,0.0,1.0,0.0,0.0,0.0
14,30,8.040144228736505,9.510096384376698,0.0,1.0,0.0,0.0,1.0,1.0
15,30,10.10322465181809,3.989412985773825,0.0,0.0,0.0,0.0,1.0,0.0
16,30,11.213686160846684,9.826487453987932,1.0,0.0,0.0,0.0,1.0,1.0
17,30,10.611417589992394,9.42060236573742,1.0,0.0,0.0,0.0,0.0,1.0
18,30,3.7830710994827816,5.165817154723264,0.0,0.0,0.0,0.0,0.0,1.0
19,30,10.944349966565149,2.748466278314256,0.0,0.0,1.0,0.0,0.0,0.0
20,30,9.54006046976661,11.945778943991913,0.0,0.0,0.0,0.0,0.0,1.0
21,30,6.397183321533822,1.343904436425736,0.0,0.0,0.0,0.0,1.0,0.0
22,30,5.249174249479028,3.005091508194994,1.0,0.0,0.0,0.0,0.0,1.0
23,30,6.306006516585144,1.214239815015719,0.0,1.0,0.0,0.0,0.0,1.0
24,30,9.855450728498717,7.672733463467066,0.0,1.0,0.0,0.0,1.0,0.0
25,30,4.671981485807666,11.537167446690257,0.0,0.0,1.0,0.0,1.0,0.0
26,30,11.044550175014388,5.043670509090734,0.0,0.0,0.0,0.0,0.0,1.0
27,30,10.83088947425413,0.5938926642757323,1.0,0.0,0.0,0.0,0.0,0.0
28,30,9.413740499161817,10.09798002518548,0.0,0.0,1.0,0.0,0.0,1.0
29,30,12.0,3.010552506063164,1.0,0.0,0.0,0.0,0.0,0.0
0,35,5.062022326739329,0.2773922345092208,1.0,0.0,0.0,0.0,0.0,0.0
1,35,7.956278998653141,9.6567130182461,0.0,0.0,1.0,0.0,1.0,0.0
2,35,0.3402162621355801,0.82540288087248,1.0,1.0,0.0,1.0,0.0,1.0
3,35,0.6684600478308956,4.199107654878465,1.0,0.0,1.0,0.0,0.0,0.0
4,35,9.571244079654477,10.18529303415758,1.0,1.0,0.0,1.0,1.0,0.0
5,35,3.703658565168405,8.443116737497583,0.0,0.0,0.0,1.0,0.0,0.0
6,35,1.6120447313170594,8.211893019572345,1.0,0.0,0.0,0.0,0.0,0.0
7,35,9.076579165206594,2.359844712671218,1.0,0.0,0.0,1.0,1.0,0.0
8,35,5.438725274905027,3.725581045702104,0.0,1.0,0.0,1.0,1.0,0.0
9,35,10.10971432964221,5.860982833130211,0.0,0.0,0.0,1.0,0.0,0.0
10,35,5.962122547437942,0.3203174790754273,0.0,1.0,0.0,1.0,0.0,0.0
11,35,2.922017177323887,8.285404619435123,0.0,0.0,0.0,1.0,1.0,0.0
12,35,8.758637381736893,2.468390505841424,0.0,0.0,0.0,1.0,0.0,1.0
13,35,11.71320311250987,3.918996358927725,0.0,0.0,1.0,0.0,0.0,0.0
14,35,8.047200830092901,9.402762644284724,0.0,1.0,0.0,0.0,1.0,1.0
15,35,10.102966766174466,3.990351683564746,0.0,0.0,0.0,0.0,1.0,0.0
16,35,11.239658585788517,9.8055802756705,1.0,0.0,0.0,0.0,1.0,1.0
17,35,10.676893744645287,9.469690862318904,1.0,0.0,0.0,0.0,0.0,1.0
18,35,3.717928327456759,5.155421685530127,0.0,0.0,0.0,0.0,0.0,1.0
19,35,10.938269985442435,2.7119626249907856,0.0,0.0,1.0,0.0,0.0,0.0
20,35,9.477454293942396,11.93783062801455,0.0,0.0,0.0,0.0,0.0,1.0
21,35,6.452574944656017,1.390081174206347,0.0,0.0,0.0,0.0,1.0,0.0
22,35,5.3120997020660266,3.006214419281715,1.0,0.0,0.0,0.0,0.0,1.0
23,35,6.327511475642826,1.2290544118360769,0.0,1.0,0.0,0.0,0.0,1.0
24,35,9.843487512776642,7.645788853243996,0.0,1.0,0.0,0.0,1.0,0.0
25,35,4.630014133271649,11.601267518079675,0.0,0.0,1.0,0.0,1.0,0.0
26,35,11.032863915470784,5.032927844389724,0.0,0.0,0.0,0.0,0.0,1.0
27,35,10.80044373426855,0.5188998237006255,1.0,0.0,0.0,0.0,0.0,0.0
28,35,9.46019631612879,10.107495671863312,0.0,0.0,1.0,0.0,0.0,1.0
29,35,12.0,3.010321618948376,1.0,0.0,0.0,0.0,0.0,0.0
0,40,5.072230139810353,0.2077307108942953,1.0,0.0,0.0,0.0,0.0,0.0
1,40,7.945534164513001,9.761687574045313,0.0,0.0,1.0,0.0,1.0,0.0
2,40,0.2829467551096626,0.9413527472749308,1.0,1.0,0.0,1.0,0.0,1.0
3,40,0.6127322265759585,4.198835930053909,1.0,0.0,1.0,0.0,0.0,0.0
4,40,9.493833115509384,10.2187544428185,1.0,1.0,0.0,1.0,1.0,0.0
5,40,3.6927422205446985,8.462326398305906,0.0,0.0,0.0,1.0,0.0,0.0
6,40,1.5605685097153774,8.238422135435986,1.0,0.0,0.0,0.0,0.0,0.0
7,40,9.090044187411207,2.415123525567908,1.0,0.0,0.0,1.0,1.0,0.0
8,40,5.470852021466612,3.7023008828844026,0.0,1.0,0.0,1.0,1.0,0.0
9,40,10.090676737494269,5.88646022343211,0.0,0.0,0.0,1.0,0.0,0.0
10,40,5.955235958310271,0.3783084609672926,0.0,1.0,0.0,1.0,0.0,0.0
11,40,2.922538237320921,8.283633049021997,0.0,0.0,0.0,1.0,1.0,0.0
12,40,8.739759780420618,2.505949255214722,0.0,0.0,0.0,1.0,0.0,1.0
13,40,11.6747990197058,3.908987154355267,0.0,0.0,1.0,0.0,0.0,0.0
14,40,8.053730018988384,9.302962872954769,0.0,1.0,0.0,0.0,1.0,1.0
15,40,10.104647026167536,3.984074607155124,0.0,0.0,0.0,0.0,1.0,0.0
16,40,11.258289198226866,9.791289322061187,1.0,0.0,0.0,0.0,1.0,1.0
17,40,10.761451452849256,9.533189248465206,1.0,0.0,0.0,0.0,0.0,1.0
18,40,3.651779933135234,5.144634820967236,0.0,0.0,0.0,0.0,0.0,1.0
19,40,10.93592282493807,2.696298451360001,0.0,0.0,1.0,0.0,0.0,0.0
20,40,9.42219448264563,11.93107533430628,0.0,0.0,0.0,0.0,0.0,1.0
21,40,6.50792067621965,1.4365571178859562,0.0,0.0,0.0,0.0,1.0,0.0
22,40,5.378534720101451,3.0072781104735173,1.0,0.0,0.0,0.0,0.0,1.0
23,40,6.343647389389593,1.2404728498740127,0.0,1.0,0.0,0.0,0.0,1.0
24,40,9.841209288346056,7.640827255779296,0.0,1.0,0.0,0.0,1.0,0.0
25,40,4.5994745779555934,11.64629217184053,0.0,0.0,1.0,0.0,1.0,0.0
26,40,11.026010962005076,5.026931486648932,0.0,0.0,0.0,0.0,0.0,1.0
27,40,10.765769393143028,0.4302895827331157,1.0,0.0,0.0,0.0,0.0,0.0
28,40,9.5180299686762,10.120145689215452,0.0,0.0,1.0,0.0,0.0,1.0
29,40,12.0,3.009496202595717,1.0,0.0,0.0,0.0,0.0,0.0
0,45,5.081021396747481,0.1464044883914828,1.0,0.0,0.0,0.0,0.0,0.0
1,45,8.0702749220486,9.773208298412449,0.0,0.0,1.0,0.0,1.0,0.0
2,45,0.229707380921886,1.0569839937907153,1.0,1.0,0.0,1.0,0.0,1.0
3,45,0.5677482512113871,4.1974997183954255,1.0,0.0,1.0,0.0,0.0,0.0
4,45,9.395082773482136,10.261651009743732,1.0,1.0,0.0,1.0,1.0,0.0
5,45,3.689378613789448,8.468236529568033,0.0,0.0,0.0,1.0,0.0,0.0
6,45,1.5219708645315848,8.258301677659544,1.0,0.0,0.0,0.0,0.0,0.0
7,45,9.104805115218465,2.4725586135110187,1.0,0.0,0.0,1.0,1.0,0.0
8,45,5.496657163975839,3.682752413670312,0.0,1.0,0.0,1.0,1.0,0.0
9,45,10.084056017879735,5.895648409685293,0.0,0.0,0.0,1.0,0.0,0.0
10,45,5.9475515065609015,0.436568023988451,0.0,1.0,0.0,1.0,0.0,0.0
11,45,2.9224185462444745,8.284061643809551,0.0,0.0,0.0,1.0,1.0,0.0
12,45,8.715965835363662,2.555858800032339,0.0,0.0,0.0,1.0,0.0,1.0
13,45,11.65029813785675,3.9023941817497274,0.0,0.0,1.0,0.0,0.0,0.0
14,45,8.059011363813251,9.224886494114038,0.0,1.0,0.0,0.0,1.0,1.0
15,45,10.104132107510372,3.985889643131936,0.0,0.0,0.0,0.0,1.0,0.0
16,45,11.273596994543595,9.77957544509261,1.0,0.0,0.0,0.0,1.0,1.0
17,45,10.840689053841864,9.590536669659771,1.0,0.0,0.0,0.0,0.0,1.0
18,45,3.611762328971662,5.138189931694217,0.0,0.0,0.0,0.0,0.0,1.0
19,45,10.935651677257365,2.6946441263212555,0.0,0.0,1.0,0.0,0.0,0.0
20,45,9.370870296823908,11.924606373002083,0.0,0.0,0.0,0.0,0.0,1.0
21,45,6.5607893197199365,1.482379286369623,0.0,0.0,0.0,0.0,1.0,0.0
22,45,5.459998961049241,3.010462243618513,1.0,0.0,0.0,0.0,0.0,1.0
23,45,6.351381839466009,1.2461040057725257,0.0,1.0,0.0,0.0,0.0,1.0
24,45,9.8281338376844,7.611774816606344,0.0,1.0,0.0,0.0,1.0,0.0
25,45,4.574682433683987,11.682253347018236,0.0,0.0,1.0,0.0,1.0,0.0
26,45,11.01437477957214,5.0166695143366855,0.0,0.0,0.0,0.0,0.0,1.0
27,45,10.732445040642888,0.3432431147263078,1.0,0.0,0.0,0.0,0.0,0.0
28,45,9.586651365794255,10.135553151111246,0.0,0.0,1.0,0.0,0.0,1.0
29,45,12.0,3.0096387982872543,1.0,0.0,0.0,0.0,0.0,0.0
0,50,5.089907407749225,0.0834940017751729,1.0,0.0,0.0,0.0,0.0,0.0
1,50,8.20945317264961,9.786956200688936,0.0,0.0,1.0,0.0,1.0,0.0
2,50,0.1740932958814885,1.1834475265222544,1.0,1.0,0.0,1.0,0.0,1.0
3,50,0.524834656327896,4.195788376383423,1.0,0.0,1.0,0.0,0.0,0.0
4,50,9.299175862201563,10.298460238368213,1.0,1.0,0.0,1.0,1.0,0.0
5,50,3.6909047875786434,8.46558692419233,0.0,0.0,0.0,1.0,0.0,0.0
6,50,1.4764605101892505,8.282706864201963,1.0,0.0,0.0,0.0,0.0,0.0
7,50,9.121522440500849,2.536730348135211,1.0,0.0,0.0,1.0,1.0,0.0
8,50,5.510615983570748,3.672747754512207,0.0,1.0,0.0,1.0,1.0,0.0
9,50,10.063192827361156,5.924793036682943,0.0,0.0,0.0,1.0,0.0,0.0
10,50,5.936591832177973,0.519388270513518,0.0,1.0,0.0,1.0,0.0,0.0
11,50,2.922198918922612,8.284887264767264,0.0,0.0,0.0,1.0,1.0,0.0
12,50,8.700172091433993,2.588800697170868,0.0,0.0,0.0,1.0,0.0,1.0
13,50,11.63211688701792,3.897107094209946,0.0,0.0,1.0,0.0,0.0,0.0
14,50,8.063338772006366,9.161307465676684,0.0,1.0,0.0,0.0,1.0,1.0
15,50,10.105710496798023,3.980684627068422,0.0,0.0,0.0,0.0,1.0,0.0
16,50,11.268605130775596,9.783317755445596,1.0,0.0,0.0,0.0,1.0,1.0
17,50,10.931289390720256,9.659028963290144,1.0,0.0,0.0,0.0,0.0,1.0
18,50,3.5644921176373283,5.130979128271084,0.0,0.0,0.0,0.0,0.0,1.0
19,50,10.934093043929622,2.6856569462656275,0.0,0.0,1.0,0.0,0.0,0.0
20,50,9.294215440449785,11.917574517778078,0.0,0.0,0.0,0.0,0.0,1.0
21,50,6.611683954708287,1.52717011717785,0.0,0.0,0.0,0.0,1.0,0.0
22,50,5.54211856136133,3.014138509221725,1.0,0.0,0.0,0.0,0.0,1.0
23,50,6.359345558400644,1.2521705459352444,0.0,1.0,0.0,0.0,0.0,1.0
24,50,9.819658679317728,7.593388171846526,0.0,1.0,0.0,0.0,1.0,0.0
25,50,4.544639084974436,11.726975909844386,0.0,0.0,1.0,0.0,1.0,0.0
26,50,11.016831523720352,5.018890581564564,0.0,0.0,0.0,0.0,0.0,1.0
27,50,10.70439804478776,0.2699600148812502,1.0,0.0,0.0,0.0,0.0,0.0
28,50,9.654253952563938,10.1512877866803,0.0,0.0,1.0,0.0,0.0,1.0
29,50,11.99004474219158,3.00977117560044,1.0,0.0,0.0,0.0,0.0,0.0
0,55,5.096284986782737,0.0349578976024228,1.0,0.0,0.0,0.0,0.0,0.0
1,55,8.346410537376526,9.79904341655609,0.0,0.0,1.0,0.0,1.0,0.0
2,55,0.1276963970064465,1.294287282362749,1.0,1.0,0.0,1.0,0.0,1.0
3,55,0.482759770995456,4.194452691527489,1.0,0.0,1.0,0.0,0.0,0.0
4,55,9.182192443856266,10.346055005405711,1.0,1.0,0.0,1.0,1.0,0.0
5,55,3.699799867549393,8.450581543010857,0.0,0.0,0.0,1.0,0.0,0.0
6,55,1.4043211074312103,8.320064037693475,1.0,0.0,0.0,0.0,0.0,0.0
7,55,9.139948742115854,2.606274337749232,1.0,0.0,0.0,1.0,1.0,0.0
8,55,5.519707878719134,3.6660939194704296,0.0,1.0,0.0,1.0,1.0,0.0
9,55,10.055704869048038,5.934807918800195,0.0,0.0,0.0,1.0,0.0,0.0
10,55,5.926345663697377,0.5957946922406363,0.0,1.0,0.0,1.0,0.0,0.0
11,55,2.9181393335173484,8.299980437506633,0.0,0.0,0.0,1.0,1.0,0.0
12,55,8.685303302848778,2.6198713011346166,0.0,0.0,0.0,1.0,0.0,1.0
13,55,11.625921159185175,3.895356110952812,0.0,0.0,1.0,0.0,0.0,0.0
14,55,8.064733171497481,9.111639952487826,0.0,1.0,0.0,0.0,1.0,1.0
15,55,10.113065248681194,3.955983423759701,0.0,0.0,0.0,0.0,1.0,0.0
16,55,11.273312324897448,9.779522633150195,1.0,0.0,0.0,0.0,1.0,1.0
17,55,11.008766927968155,9.717681022238915,1.0,0.0,0.0,0.0,0.0,1.0
18,55,3.509902017980121,5.123734506077062,0.0,0.0,0.0,0.0,0.0,1.0
19,55,10.933770741928477,2.683565507550516,0.0,0.0,1.0,0.0,0.0,0.0
20,55,9.220733997785596,11.909512668342344,0.0,0.0,0.0,0.0,0.0,1.0
21,55,6.655984372793907,1.566175407419502,0.0,0.0,0.0,0.0,1.0,0.0
22,55,5.62644824245421,3.0188682889047,1.0,0.0,0.0,0.0,0.0,1.0
23,55,6.344691508827058,1.2413323414783397,0.0,1.0,0.0,0.0,0.0,1.0
24,55,9.822012612874545,7.598486400008932,0.0,1.0,0.0,0.0,1.0,0.0
25,55,4.505331985536953,11.78452654135756,0.0,0.0,1.0,0.0,1.0,0.0
26,55,11.011683021686144,5.01434454713444,0.0,0.0,0.0,0.0,0.0,1.0
27,55,10.675145260577336,0.1958537964506556,1.0,0.0,0.0,0.0,0.0,0.0
28,55,9.71964818335747,10.166113980591977,0.0,0.0,1.0,0.0,0.0,1.0
29,55,11.978763288211072,3.0101018698683304,1.0,0.0,0.0,0.0,0.0,0.0
0,60,5.104623062082846,0.0,1.0,0.0,0.0,0.0,0.0,0.0
1,60,8.494667119875277,9.810813812690984,0.0,0.0,1.0,0.0,1.0,0.0
2,60,0.0878211903031299,1.3971626213684618,1.0,1.0,0.0,1.0,0.0,1.0
3,60,0.4505464393891714,4.193078361234463,1.0,0.0,1.0,0.0,0.0,0.0
4,60,9.045645737060727,10.401647846455354,1.0,1.0,0.0,1.0,1.0,0.0
5,60,3.711928913873649,8.429971411956354,0.0,0.0,0.0,1.0,0.0,0.0
6,60,1.320620750771497,8.361134904335863,1.0,0.0,0.0,0.0,0.0,0.0
7,60,9.163256002846426,2.691503714496491,1.0,0.0,0.0,1.0,1.0,0.0
8,60,5.510104519267057,3.672759511999672,0.0,1.0,0.0,1.0,1.0,0.0
9,60,10.0388492895252,5.956781094111127,0.0,0.0,0.0,1.0,0.0,0.0
10,60,5.919013894234237,0.6573587304250393,0.0,1.0,0.0,1.0,0.0,0.0
11,60,2.91425573584341,8.31570376305261,0.0,0.0,0.0,1.0,1.0,0.0
12,60,8.672885135238461,2.6469627978962578,0.0,0.0,0.0,1.0,0.0,1.0
13,60,11.621815077036782,3.894240311897267,0.0,0.0,1.0,0.0,0.0,0.0
14,60,8.06631665343461,9.063686202954097,0.0,1.0,0.0,0.0,1.0,1.0
15,60,10.121777580289104,3.924925683348839,0.0,0.0,0.0,0.0,1.0,0.0
16,60,11.267458761744818,9.784159739782002,1.0,0.0,0.0,0.0,1.0,1.0
17,60,11.090476612309825,9.7812220180817,1.0,0.0,0.0,0.0,0.0,1.0
18,60,3.46627429726713,5.118067586949303,0.0,0.0,0.0,0.0,0.0,1.0
19,60,10.93229766522134,2.6754906665381326,0.0,0.0,1.0,0.0,0.0,0.0
20,60,9.134359730164658,11.898314494385396,0.0,0.0,0.0,0.0,0.0,1.0
21,60,6.697454848136839,1.6023709436843097,0.0,0.0,0.0,0.0,1.0,0.0
22,60,5.742072671167394,3.0286984394720946,1.0,0.0,0.0,0.0,0.0,1.0
23,60,6.329006367843651,1.2302180101891085,0.0,1.0,0.0,0.0,0.0,1.0
24,60,9.817491280141416,7.588952654992633,0.0,1.0,0.0,0.0,1.0,0.0
25,60,4.482039903425917,11.81891940735584,0.0,0.0,1.0,0.0,1.0,0.0
26,60,11.017495360766166,5.019624172935197,0.0,0.0,0.0,0.0,0.0,1.0
27,60,10.650123148517082,0.1232209315250898,1.0,0.0,0.0,0.0,0.0,0.0
28,60,9.791597039237931,10.180766340907686,0.0,0.0,1.0,0.0,0.0,1.0
29,60,11.94997368182755,3.010643457564696,1.0,0.0,0.0,0.0,0.0,0.0
0,65,5.115790475310221,0.0,1.0,0.0,0.0,0.0,0.0,0.0
1,65,8.635518127846879,9.821270982754,0.0,0.0,1.0,0.0,1.0,0.0
2,65,0.0395958046363957,1.5192671276234917,1.0,1.0,0.0,1.0,0.0,1.0
3,65,0.4063693617511762,4.190205364954633,1.0,0.0,1.0,0.0,0.0,0.0
4,65,8.907705845156327,10.457719849383134,1.0,1.0,0.0,1.0,1.0,0.0
5,65,3.7206420188918874,8.415073171779023,0.0,0.0,0.0,1.0,0.0,0.0
6,65,1.2497312748848586,8.39745659860595,1.0,0.0,0.0,0.0,0.0,0.0
7,65,9.186340967713656,2.774719218709872,1.0,0.0,0.0,1.0,1.0,0.0
8,65,5.481492977198009,3.6917287711639672,0.0,1.0,0.0,1.0,1.0,0.0
9,65,10.010511226571468,5.935636899242118,0.0,0.0,0.0,1.0,0.0,0.0
10,65,5.907812297471097,0.7349307946254248,0.0,1.0,0.0,1.0,0.0,0.0
11,65,2.913934009127814,8.316924002537947,0.0,0.0,0.0,1.0,1.0,0.0
12,65,8.669333642096722,2.655023021119488,0.0,0.0,0.0,1.0,0.0,1.0
13,65,11.629911209379456,3.896292095352553,0.0,0.0,1.0,0.0,0.0,0.0
14,65,8.069456138584739,9.008332842204291,0.0,1.0,0.0,0.0,1.0,1.0
15,65,10.132946399053798,3.879922128614393,0.0,0.0,0.0,0.0,1.0,0.0
16,65,11.275250266751984,9.777665546982524,1.0,0.0,0.0,0.0,1.0,1.0
17,65,11.1722397585925,9.842038980231576,1.0,0.0,0.0,0.0,0.0,1.0
18,65,3.420934165076126,5.111288968019999,0.0,0.0,0.0,0.0,0.0,1.0
19,65,10.924383466439927,2.636186595744114,0.0,0.0,1.0,0.0,0.0,0.0
20,65,9.034272334323855,11.88585910640246,0.0,0.0,0.0,0.0,0.0,1.0
21,65,6.731427365853842,1.632123991942096,0.0,0.0,0.0,0.0,1.0,0.0
22,65,5.87249285386916,3.0357921557220053,1.0,0.0,0.0,0.0,0.0,1.0
23,65,6.307078546836854,1.2142596251877669,0.0,1.0,0.0,0.0,0.0,1.0
24,65,9.817844701101295,7.589689980486975,0.0,1.0,0.0,0.0,1.0,0.0
25,65,4.466690993406762,11.841765976807062,0.0,0.0,1.0,0.0,1.0,0.0
26,65,11.011637227538946,5.014162054673553,0.0,0.0,0.0,0.0,0.0,1.0
27,65,10.62135475024771,0.0416924444460393,1.0,0.0,0.0,0.0,0.0,0.0
28,65,9.862614163110178,10.196768460191944,0.0,0.0,1.0,0.0,0.0,1.0
29,65,11.939093336342305,3.0105840657840357,1.0,0.0,0.0,0.0,0.0,0.0
0,70,5.127234822911172,0.0,1.0,0.0,0.0,0.0,0.0,0.0
1,70,8.769880284366982,9.83147122230032,0.0,0.0,1.0,0.0,1.0,0.0
2,70,0.0008669842044001,1.6339884213262563,1.0,1.0,0.0,1.0,0.0,1.0
3,70,0.3839286900011988,4.188691386848315,1.0,0.0,1.0,0.0,0.0,0.0
4,70,8.77671191083928,10.51075363847347,1.0,1.0,0.0,1.0,1.0,0.0
5,70,3.726992087391938,8.40355033468944,0.0,0.0,0.0,1.0,0.0,0.0
6,70,1.1936186137370215,8.426812780759423,1.0,0.0,0.0,0.0,0.0,0.0
7,70,9.211116215002336,2.860804800432416,1.0,0.0,0.0,1.0,1.0,0.0
8,70,5.466088162346575,3.7019339454505977,0.0,1.0,0.0,1.0,1.0,0.0
9,70,9.983364782514805,5.915960797505095,0.0,0.0,0.0,1.0,0.0,0.0
10,70,5.896144189978775,0.8232127062738582,0.0,1.0,0.0,1.0,0.0,0.0
11,70,2.9140919295972445,8.316294380134508,0.0,0.0,0.0,1.0,1.0,0.0
12,70,8.652702371889488,2.689398390942016,0.0,0.0,0.0,1.0,0.0,1.0
13,70,11.63553646956403,3.89779080797468,0.0,0.0,1.0,0.0,0.0,0.0
14,70,8.071390136592093,8.959616843646197,0.0,1.0,0.0,0.0,1.0,1.0
15,70,10.142611381906972,3.839187279802852,0.0,0.0,0.0,0.0,1.0,0.0
16,70,11.278836809213914,9.774663779906392,1.0,0.0,0.0,0.0,1.0,1.0
17,70,11.266423140980056,9.912033338708168,1.0,0.0,0.0,0.0,0.0,1.0
18,70,3.377581219625981,5.104978062460797,0.0,0.0,0.0,0.0,0.0,1.0
19,70,10.917997360986252,2.6062284241671394,0.0,0.0,1.0,0.0,0.0,0.0
20,70,8.937363166926337,11.875643737358462,0.0,0.0,0.0,0.0,0.0,1.0
21,70,6.772421787550531,1.6696631234919697,0.0,0.0,0.0,0.0,1.0,0.0
22,70,6.0144610132382645,3.040532690121053,1.0,0.0,0.0,0.0,0.0,1.0
23,70,6.292069046278437,1.2033859685033104,0.0,1.0,0.0,0.0,0.0,1.0
24,70,9.81330928811868,7.580510376951336,0.0,1.0,0.0,0.0,1.0,0.0
25,70,4.460135016507136,11.851439717790052,0.0,0.0,1.0,0.0,1.0,0.0
26,70,11.021579362253805,5.023413450455219,0.0,0.0,0.0,0.0,0.0,1.0
27,70,10.588888736724387,0.0,1.0,0.0,0.0,0.0,0.0,0.0
28,70,9.935089453564409,10.215821221751057,0.0,0.0,1.0,0.0,0.0,1.0
29,70,11.909140712861852,3.010247165017621,1.0,0.0,0.0,0.0,0.0,0.0
0,75,5.138585189084841,0.0,1.0,0.0,0.0,0.0,0.0,0.0
1,75,8.884814404807171,9.83495547915124,0.0,0.0,1.0,0.0,1.0,0.0
2,75,0.0,1.7566923710237303,1.0,1.0,0.0,1.0,0.0,1.0
3,75,0.3717880141898005,4.188102986192515,1.0,0.0,1.0,0.0,0.0,0.0
4,75,8.627922335193569,10.572800408474858,1.0,1.0,0.0,1.0,1.0,0.0
5,75,3.740367844497592,8.379205880368364,0.0,0.0,0.0,1.0,0.0,0.0
6,75,1.1227676453904245,8.464893284993247,1.0,0.0,0.0,0.0,0.0,0.0
7,75,9.242467669922563,2.9610072249789527,1.0,0.0,0.0,1.0,1.0,0.0
8,75,5.446969226682933,3.7149929768058105,0.0,1.0,0.0,1.0,1.0,0.0
9,75,9.944823165939384,5.887381518026197,0.0,0.0,0.0,1.0,0.0,0.0
10,75,5.887930694274984,0.8824809676520844,0.0,1.0,0.0,1.0,0.0,0.0
11,75,2.908283062116571,8.343564024310627,0.0,0.0,0.0,1.0,1.0,0.0
12,75,8.634208683118489,2.7323323673484143,0.0,0.0,0.0,1.0,0.0,1.0
13,75,11.63044124740877,3.89647912905212,0.0,0.0,1.0,0.0,0.0,0.0
14,75,8.074085384571319,8.901630083944013,0.0,1.0,0.0,0.0,1.0,1.0
15,75,10.152303537308102,3.798414901035865,0.0,0.0,0.0,0.0,1.0,0.0
16,75,11.26746010110418,9.784577390966286,1.0,0.0,0.0,0.0,1.0,1.0
17,75,11.353945965385371,9.977894643007708,1.0,0.0,0.0,0.0,0.0,1.0
18,75,3.3168923554943635,5.097501258010409,0.0,0.0,0.0,0.0,0.0,1.0
19,75,10.908261239191662,2.563216596644512,0.0,0.0,1.0,0.0,0.0,0.0
20,75,8.831593276411894,11.864130685664376,0.0,0.0,0.0,0.0,0.0,1.0
21,75,6.823367329825656,1.7185266866662532,0.0,0.0,0.0,0.0,1.0,0.0
22,75,6.14928254179958,3.044035020584561,1.0,0.0,0.0,0.0,0.0,1.0
23,75,6.261135886776248,1.18049459203678,0.0,1.0,0.0,0.0,0.0,1.0
24,75,9.800403957800976,7.553642348162159,0.0,1.0,0.0,0.0,1.0,0.0
25,75,4.459008278174327,11.85311000186917,0.0,0.0,1.0,0.0,1.0,0.0
26,75,11.039195998490523,5.04038558007926,0.0,0.0,0.0,0.0,0.0,1.0
27,75,10.566137091503592,0.0,1.0,0.0,0.0,0.0,0.0,0.0
28,75,10.012340432406312,10.23703638014,0.0,0.0,1.0,0.0,0.0,1.0
29,75,11.869647268395404,3.009040941292182,1.0,0.0,0.0,0.0,0.0,0.0
0,80,5.149906139114248,0.0,1.0,0.0,0.0,0.0,0.0,0.0
1,80,9.011285173168748,9.836771092801856,0.0,0.0,1.0,0.0,1.0,0.0
2,80,0.0,1.8693226638262168,1.0,1.0,0.0,1.0,0.0,1.0
3,80,0.3393286854925775,4.18715562792611,1.0,0.0,1.0,0.0,0.0,0.0
4,80,8.467990765008093,10.642223200411236,1.0,1.0,0.0,1.0,1.0,0.0
5,80,3.754152657276921,8.355249155747325,0.0,0.0,0.0,1.0,0.0,0.0
6,80,1.0555964418639825,8.499310939452112,1.0,0.0,0.0,0.0,0.0,0.0
7,80,9.272287858705644,3.058377739543237,1.0,0.0,0.0,1.0,1.0,0.0
8,80,5.430520481825835,3.726529022590823,0.0,1.0,0.0,1.0,1.0,0.0
9,80,9.914431263318066,5.864697429218424,0.0,0.0,0.0,1.0,0.0,0.0
10,80,5.876752414581906,0.9598130266341248,0.0,1.0,0.0,1.0,0.0,0.0
11,80,2.9045054776177897,8.361434597762212,0.0,0.0,0.0,1.0,1.0,0.0
12,80,8.618532965259286,2.7692406687535525,0.0,0.0,0.0,1.0,0.0,1.0
13,80,11.613846501773162,3.892069299912466,0.0,0.0,1.0,0.0,0.0,0.0
14,80,8.07587324603946,8.826699213307334,0.0,1.0,0.0,0.0,1.0,1.0
15,80,10.16368463818088,3.753166148922776,0.0,0.0,0.0,0.0,1.0,0.0
16,80,11.26474405901938,9.786865240532167,1.0,0.0,0.0,0.0,1.0,1.0
17,80,11.42665007702394,10.03348835759618,1.0,0.0,0.0,0.0,0.0,1.0
18,80,3.2676338404510488,5.092234602354227,0.0,0.0,0.0,0.0,0.0,1.0
19,80,10.895162968886408,2.5014590366201377,0.0,0.0,1.0,0.0,0.0,0.0
20,80,8.71694894098972,11.853359243567564,0.0,0.0,0.0,0.0,0.0,1.0
21,80,6.887178574996446,1.779699795419278,0.0,0.0,0.0,0.0,1.0,0.0
22,80,6.271125050148761,3.045245867922372,1.0,0.0,0.0,0.0,0.0,1.0
23,80,6.220447682369791,1.1524859257244586,0.0,1.0,0.0,0.0,0.0,1.0
24,80,9.79560408991202,7.543967684622817,0.0,1.0,0.0,0.0,1.0,0.0
25,80,4.464523458929945,11.845026838820566,0.0,0.0,1.0,0.0,1.0,0.0
26,80,11.054759622104417,5.054877179430068,0.0,0.0,0.0,0.0,0.0,1.0
27,80,10.551346219195418,0.0,1.0,0.0,0.0,0.0,0.0,0.0
28,80,10.09464878983311,10.26007950666601,0.0,0.0,1.0,0.0,0.0,1.0
29,80,11.805820864000395,3.007743268491974,1.0,0.0,0.0,0.0,0.0,0.0
0,85,5.157310820764248,0.0,1.0,0.0,0.0,0.0,0.0,0.0
1,85,9.144927363120155,9.83951013056911,0.0,0.0,1.0,0.0,1.0,0.0
2,85,0.0,1.9781400981670965,1.0,1.0,0.0,1.0,0.0,1.0
3,85,0.3203347321949887,4.186855926816628,1.0,0.0,1.0,0.0,0.0,0.0
4,85,8.296830604171168,10.710308047186896,1.0,1.0,0.0,1.0,1.0,0.0
5,85,3.7758362575931215,8.315776563557314,0.0,0.0,0.0,1.0,0.0,0.0
6,85,1.003122996001896,8.526168292821101,1.0,0.0,0.0,0.0,0.0,0.0
7,85,9.311759577821366,3.185946585350589,1.0,0.0,0.0,1.0,1.0,0.0
8,85,5.414090295653112,3.7380623865621967,0.0,1.0,0.0,1.0,1.0,0.0
9,85,9.864213075123756,5.828680952750909,0.0,0.0,0.0,1.0,0.0,0.0
10,85,5.8648529884702665,1.0646709594482366,0.0,1.0,0.0,1.0,0.0,0.0
11,85,2.9027015963703877,8.369912736333912,0.0,0.0,0.0,1.0,1.0,0.0
12,85,8.597381955677893,2.8197304114537283,0.0,0.0,0.0,1.0,0.0,1.0
13,85,11.599942134343848,3.8881452914867496,0.0,0.0,1.0,0.0,0.0,0.0
14,85,8.080159150496351,8.769410415814443,0.0,1.0,0.0,0.0,1.0,1.0
15,85,10.177311982723944,3.703208176020135,0.0,0.0,0.0,0.0,1.0,0.0
16,85,11.25818670531709,9.792205538786869,1.0,0.0,0.0,0.0,1.0,1.0
17,85,11.504088602793026,10.091532549135431,1.0,0.0,0.0,0.0,0.0,1.0
18,85,3.271765109011224,5.056989014695624,0.0,0.0,0.0,0.0,0.0,1.0
19,85,10.88127092218225,2.435588891110964,0.0,0.0,1.0,0.0,0.0,0.0
20,85,8.603814791486831,11.841054981573643,0.0,0.0,0.0,0.0,0.0,1.0
21,85,6.948738052915138,1.834893305013653,0.0,0.0,0.0,0.0,1.0,0.0
22,85,6.37335512502538,3.046982731697367,1.0,0.0,0.0,0.0,0.0,1.0
23,85,6.199358360380826,1.137588484708907,0.0,1.0,0.0,0.0,0.0,1.0
24,85,9.797696772017064,7.548171032449392,0.0,1.0,0.0,0.0,1.0,0.0
25,85,4.470953424181096,11.834943661382658,0.0,0.0,1.0,0.0,1.0,0.0
26,85,11.079940990772096,5.078797635263204,0.0,0.0,0.0,0.0,0.0,1.0
27,85,10.537329972320366,0.0,1.0,0.0,0.0,0.0,0.0,0.0
28,85,10.199519145187416,10.29177831072396,0.0,0.0,1.0,0.0,0.0,1.0
29,85,11.744496345966544,3.0058046273281493,1.0,0.0,0.0,0.0,0.0,0.0
0,90,5.165465854833927,0.0,1.0,0.0,0.0,0.0,0.0,0.0
1,90,9.292270849727272,9.842220073046994,0.0,0.0,1.0,0.0,1.0,0.0
2,90,0.0,2.0965244113554107,1.0,1.0,0.0,1.0,0.0,1.0
3,90,0.2945004754100218,4.186384640678543,1.0,0.0,1.0,0.0,0.0,0.0
4,90,8.132181190549353,10.777974403139847,1.0,1.0,0.0,1.0,1.0,0.0
5,90,3.7981657577533614,8.275420454369256,0.0,0.0,0.0,1.0,0.0,0.0
6,90,0.9447567893758616,8.557067854650835,1.0,0.0,0.0,0.0,0.0,0.0
7,90,9.34642890777526,3.2980453635168416,1.0,0.0,0.0,1.0,1.0,0.0
8,90,5.397149250680994,3.7503248389304034,0.0,1.0,0.0,1.0,1.0,0.0
9,90,9.814326510628142,5.793366401383376,0.0,0.0,0.0,1.0,0.0,0.0
10,90,5.857594665437942,1.1553115409416743,0.0,1.0,0.0,1.0,0.0,0.0
11,90,2.906613581355149,8.350444875505776,0.0,0.0,0.0,1.0,1.0,0.0
12,90,8.570543591535513,2.887137287845431,0.0,0.0,0.0,1.0,0.0,1.0
13,90,11.60706866092714,3.890022307115789,0.0,0.0,1.0,0.0,0.0,0.0
14,90,8.083341245825114,8.730153221703706,0.0,1.0,0.0,0.0,1.0,1.0
15,90,10.18858992861946,3.653479793088162,0.0,0.0,0.0,0.0,1.0,0.0
16,90,11.227884188885398,9.816942941576247,1.0,0.0,0.0,0.0,1.0,1.0
17,90,11.582079444111685,10.14740680079688,1.0,0.0,0.0,0.0,0.0,1.0
18,90,3.2750378089811534,5.031067260069646,0.0,0.0,0.0,0.0,0.0,1.0
19,90,10.865117334607284,2.349490510207872,0.0,0.0,1.0,0.0,0.0,0.0
20,90,8.508426546034885,11.833163695276838,0.0,0.0,0.0,0.0,0.0,1.0
21,90,7.00221324390935,1.8805863855798188,0.0,0.0,0.0,0.0,1.0,0.0
22,90,6.458753159039394,3.046032282559682,1.0,0.0,0.0,0.0,0.0,1.0
23,90,6.166850540925772,1.11538871545262,0.0,1.0,0.0,0.0,0.0,1.0
24,90,9.78678853095594,7.55401373028657,0.0,1.0,0.0,0.0,1.0,0.0
25,90,4.479108863251144,11.821986846016609,0.0,0.0,1.0,0.0,1.0,0.0
26,90,11.102019374688956,5.098946816902831,0.0,0.0,0.0,0.0,0.0,1.0
27,90,10.51716876294858,0.0,1.0,0.0,0.0,0.0,0.0,0.0
28,90,10.27698316006791,10.31546151459894,0.0,0.0,1.0,0.0,0.0,1.0
29,90,11.67750046336036,3.0012580059796474,1.0,0.0,0.0,0.0,0.0,0.0
0,95,5.174008883767572,0.0,1.0,0.0,0.0,0.0,0.0,0.0
1,95,9.425006140049318,9.84385154289241,0.0,0.0,1.0,0.0,1.0,0.0
2,95,0.0,2.052608647675732,1.0,1.0,0.0,1.0,0.0,1.0
3,95,0.2670056403854857,4.185890511405252,1.0,0.0,1.0,0.0,0.0,0.0
4,95,8.067506377642959,10.625830745866727,1.0,1.0,0.0,1.0,1.0,0.0
5,95,3.8284767911971938,8.221602553427722,0.0,0.0,0.0,1.0,0.0,0.0
6,95,0.8757464465976201,8.594672249303747,1.0,0.0,0.0,0.0,0.0,0.0
7,95,9.381348321729185,3.402493473050177,1.0,0.0,0.0,1.0,1.0,0.0
8,95,5.377179363992172,3.764692887789246,0.0,1.0,0.0,1.0,1.0,0.0
9,95,9.771269075483348,5.764117651888312,0.0,0.0,0.0,1.0,0.0,0.0
10,95,5.7627712361743,1.1475731620282972,0.0,1.0,0.0,1.0,0.0,0.0
11,95,2.90942014207958,8.33500603185682,0.0,0.0,0.0,1.0,1.0,0.0
12,95,8.546010680512932,2.949968647916632,0.0,0.0,0.0,1.0,0.0,1.0
13,95,11.611018739468149,3.891149057782809,0.0,0.0,1.0,0.0,0.0,0.0
14,95,8.087295637218453,8.676464346643906,0.0,1.0,0.0,0.0,1.0,1.0
15,95,10.19894579786772,3.61020787092658,0.0,0.0,0.0,0.0,1.0,0.0
16,95,11.18373134598136,9.852803114007637,1.0,0.0,0.0,0.0,1.0,1.0
17,95,11.652252513463962,10.196500254837504,1.0,0.0,0.0,0.0,0.0,1.0
18,95,3.2793750359666,4.999093669288579,0.0,0.0,0.0,0.0,0.0,1.0
19,95,10.847494652806256,2.2547475234947685,0.0,0.0,1.0,0.0,0.0,0.0
20,95,8.390330738750137,11.823226967752714,0.0,0.0,0.0,0.0,0.0,1.0
21,95,7.06995454298364,1.9446006193937888,0.0,0.0,0.0,0.0,1.0,0.0
22,95,6.57056759219609,3.0471535755353694,1.0,0.0,0.0,0.0,0.0,1.0
23,95,6.1439639750311015,1.0995235313923435,0.0,1.0,0.0,0.0,0.0,1.0
24,95,9.773828798402166,7.560730026566643,0.0,1.0,0.0,0.0,1.0,0.0
25,95,4.489736853312352,11.805409002709268,0.0,0.0,1.0,0.0,1.0,0.0
26,95,11.126112248982496,5.121884757605155,0.0,0.0,0.0,0.0,0.0,1.0
27,95,10.49919612874614,0.0,1.0,0.0,0.0,0.0,0.0,0.0
28,95,10.365020495448295,10.340481729733105,0.0,0.0,1.0,0.0,0.0,1.0
29,95,11.606878708598078,2.997267366743073,1.0,0.0,0.0,0.0,0.0,0.0
0,100,5.185158809360722,0.0,1.0,0.0,0.0,0.0,0.0,0.0
1,100,9.53212415311062,9.845376332400892,0.0,0.0,1.0,0.0,1.0,0.0
2,100,0.0,2.0059162285648213,1.0,1.0,0.0,1.0,0.0,1.0
3,100,0.2170891787053624,4.184944679294827,1.0,0.0,1.0,0.0,0.0,0.0
4,100,7.998446206768916,10.462202545768424,1.0,1.0,0.0,1.0,1.0,0.0
5,100,3.8604124437749383,8.161148298360395,0.0,0.0,0.0,1.0,0.0,0.0
6,100,0.8007221843467811,8.63503556270145,1.0,0.0,0.0,0.0,0.0,0.0
7,100,9.418910541472837,3.5169340967471507,1.0,0.0,0.0,1.0,1.0,0.0
8,100,5.340713767065759,3.791646710583777,0.0,1.0,0.0,1.0,1.0,0.0
9,100,9.726627099855714,5.732724323133735,0.0,0.0,0.0,1.0,0.0,0.0
10,100,5.6589185932683215,1.137633769603993,0.0,1.0,0.0,1.0,0.0,0.0
11,100,2.9138632779328555,8.309727283535189,0.0,0.0,0.0,1.0,1.0,0.0
12,100,8.524307773991138,3.0047968109531564,0.0,0.0,0.0,1.0,0.0,1.0
13,100,11.636942877459836,3.8973379767795433,0.0,0.0,1.0,0.0,0.0,0.0
14,100,8.09318642045093,8.611393522596568,0.0,1.0,0.0,0.0,1.0,1.0
15,100,10.208002705910497,3.574557449339103,0.0,0.0,0.0,0.0,1.0,0.0
16,100,11.1514016568088,9.878560332790984,1.0,0.0,0.0,0.0,1.0,1.0
17,100,11.712141111629093,10.239195156963008,1.0,0.0,0.0,0.0,0.0,1.0
18,100,3.284323073485817,4.9601893102275865,0.0,0.0,0.0,0.0,0.0,1.0
19,100,10.830646450701636,2.166225193748593,0.0,0.0,1.0,0.0,0.0,0.0
20,100,8.300329018085275,11.8151556420962,0.0,0.0,0.0,0.0,0.0,1.0
21,100,7.154516811472504,2.0251793823023125,0.0,0.0,0.0,0.0,1.0,0.0
22,100,6.683980692925263,3.044536965913235,1.0,0.0,0.0,0.0,0.0,1.0
23,100,6.128248613457985,1.0883445521521884,0.0,1.0,0.0,0.0,0.0,1.0
24,100,9.748403375910335,7.574155348134395,0.0,1.0,0.0,0.0,1.0,0.0
25,100,4.4967392929749055,11.794986016317244,0.0,0.0,1.0,0.0,1.0,0.0
26,100,11.13999770195936,5.135285496948557,0.0,0.0,0.0,0.0,0.0,1.0
27,100,10.479903032399749,0.0,1.0,0.0,0.0,0.0,0.0,0.0
28,100,10.462085155847673,10.368252804488566,0.0,0.0,1.0,0.0,0.0,1.0
29,100,11.538394121311017,2.995423827748325,1.0,0.0,0.0,0.0,0.0,0.0
0,105,5.194002921980233,0.0,1.0,0.0,0.0,0.0,0.0,0.0
1,105,9.642704278812868,9.845903457112716,0.0,0.0,1.0,0.0,1.0,0.0
2,105,0.0,1.9580427066026096,1.0,1.0,0.0,1.0,0.0,1.0
3,105,0.1479213087113116,4.182168265798792,1.0,0.0,1.0,0.0,0.0,0.0
4,105,7.941747929561424,10.31473897852633,1.0,1.0,0.0,1.0,1.0,0.0
5,105,3.8941756204650986,8.094378776114759,0.0,0.0,0.0,1.0,0.0,0.0
6,105,0.7139755784103037,8.682762545882667,1.0,0.0,0.0,0.0,0.0,0.0
7,105,9.455011447954464,3.627849872660131,1.0,0.0,0.0,1.0,1.0,0.0
8,105,5.305035983167381,3.818093723377692,0.0,1.0,0.0,1.0,1.0,0.0
9,105,9.67029492766584,5.697588783759602,0.0,0.0,0.0,1.0,0.0,0.0
10,105,5.552367043946878,1.126937377320277,0.0,1.0,0.0,1.0,0.0,0.0
11,105,2.9170987622130427,8.293047550223516,0.0,0.0,0.0,1.0,1.0,0.0
12,105,8.498855896997005,3.066225172227099,0.0,0.0,0.0,1.0,0.0,1.0
13,105,11.678224165520694,3.907815977721192,0.0,0.0,1.0,0.0,0.0,0.0
14,105,8.101199720605596,8.533414541473203,0.0,1.0,0.0,0.0,1.0,1.0
15,105,10.218980327839668,3.5350555007522195,0.0,0.0,0.0,0.0,1.0,0.0
16,105,11.106789110974072,9.914147004719773,1.0,0.0,0.0,0.0,1.0,1.0
17,105,11.76756825387424,10.279118005122385,1.0,0.0,0.0,0.0,0.0,1.0
18,105,3.2909090250119504,4.9201070728132414,0.0,0.0,0.0,0.0,0.0,1.0
19,105,10.814273450151092,2.09067444803274,0.0,0.0,1.0,0.0,0.0,0.0
20,105,8.195929209018725,11.80747940198444,0.0,0.0,0.0,0.0,0.0,1.0
21,105,7.222638138630596,2.089515473478193,0.0,0.0,0.0,0.0,1.0,0.0
22,105,6.799340209710047,3.0401172415306763,1.0,0.0,0.0,0.0,0.0,1.0
23,105,6.123423684246148,1.0849442807543452,0.0,1.0,0.0,0.0,0.0,1.0
24,105,9.718668191301395,7.590065092609927,0.0,1.0,0.0,0.0,1.0,0.0
25,105,4.509714503085697,11.775250112299236,0.0,0.0,1.0,0.0,1.0,0.0
26,105,11.129935088388352,5.12531901189126,0.0,0.0,0.0,0.0,0.0,1.0
27,105,10.455315482699454,0.0,1.0,0.0,0.0,0.0,0.0,0.0
28,105,10.565834894983627,10.400472700794133,0.0,0.0,1.0,0.0,0.0,1.0
29,105,11.47407265164596,2.9953955300447443,1.0,0.0,0.0,0.0,0.0,0.0
0,110,5.202776282012311,0.0,1.0,0.0,0.0,0.0,0.0,0.0
1,110,9.752429407968249,9.84607413948071,0.0,0.0,1.0,0.0,1.0,0.0
2,110,0.0,1.9106196650396277,1.0,1.0,0.0,1.0,0.0,1.0
3,110,0.0773796020547976,4.18060089269801,1.0,0.0,1.0,0.0,0.0,0.0
4,110,7.890435319448955,10.179767788119628,1.0,1.0,0.0,1.0,1.0,0.0
5,110,3.9234351345241314,8.038748957826375,0.0,0.0,0.0,1.0,0.0,0.0
6,110,0.6350504337539571,8.727958124680406,1.0,0.0,0.0,0.0,0.0,0.0
7,110,9.483902503886686,3.723212407605777,1.0,0.0,0.0,1.0,1.0,0.0
8,110,5.250496982079534,3.859237363536632,0.0,1.0,0.0,1.0,1.0,0.0
9,110,9.609607150251929,5.659376552444591,0.0,0.0,0.0,1.0,0.0,0.0
10,110,5.444829995519672,1.1165066252062643,0.0,1.0,0.0,1.0,0.0,0.0
11,110,2.9257962571327454,8.245851584411612,0.0,0.0,0.0,1.0,1.0,0.0
12,110,8.471834583504025,3.1337136769620555,0.0,0.0,0.0,1.0,0.0,1.0
13,110,11.70766846324092,3.914860708876695,0.0,0.0,1.0,0.0,0.0,0.0
14,110,8.111688435631184,8.428497370122965,0.0,1.0,0.0,0.0,1.0,1.0
15,110,10.228614985326807,3.500141180645536,0.0,0.0,0.0,0.0,1.0,0.0
16,110,11.059582570770148,9.953807222422114,1.0,0.0,0.0,0.0,1.0,1.0
17,110,11.833653458548907,10.32566815822547,1.0,0.0,0.0,0.0,0.0,1.0
18,110,3.2962002120092317,4.88796501229421,0.0,0.0,0.0,0.0,0.0,1.0
19,110,10.79831446860371,2.023659457417264,0.0,0.0,1.0,0.0,0.0,0.0
20,110,8.086883520174766,11.800856357583916,0.0,0.0,0.0,0.0,0.0,1.0
21,110,7.2896754588548625,2.1528666996745702,0.0,0.0,0.0,0.0,1.0,0.0
22,110,6.925721148947717,3.0408131120999022,1.0,0.0,0.0,0.0,0.0,1.0
23,110,6.115577102770521,1.0794806181613368,0.0,1.0,0.0,0.0,0.0,1.0
24,110,9.686667788973423,7.607485826648232,0.0,1.0,0.0,0.0,1.0,0.0
25,110,4.521830274216221,11.757635846518795,0.0,0.0,1.0,0.0,1.0,0.0
26,110,11.12410716506825,5.119658383915476,0.0,0.0,0.0,0.0,0.0,1.0
27,110,10.42782426429695,0.0,1.0,0.0,0.0,0.0,0.0,0.0
28,110,10.672579064491844,10.429398272641118,0.0,0.0,1.0,0.0,0.0,1.0
29,110,11.39630893010791,2.9961545659219477,1.0,0.0,0.0,0.0,0.0,0.0
0,115,5.209635049022795,0.0,1.0,0.0,0.0,0.0,0.0,0.0
1,115,9.861101842000144,9.8474691936674,0.0,0.0,1.0,0.0,1.0,0.0
2,115,0.0,1.871623514303164,1.0,1.0,0.0,1.0,0.0,1.0
3,115,0.0077482487323127,4.177400164256811,1.0,0.0,1.0,0.0,0.0,0.0
4,115,7.84234338964965,10.049247248234908,1.0,1.0,0.0,1.0,1.0,0.0
5,115,3.9504398366654767,7.98622549512749,0.0,0.0,0.0,1.0,0.0,0.0
6,115,0.5634960860492929,8.77117520357869,1.0,0.0,0.0,0.0,0.0,0.0
7,115,9.516419523777197,3.826780209258767,1.0,0.0,0.0,1.0,1.0,0.0
8,115,5.195881161970462,3.901831983467512,0.0,1.0,0.0,1.0,1.0,0.0
9,115,9.549262470010298,5.62057597089786,0.0,0.0,0.0,1.0,0.0,0.0
10,115,5.338177639003259,1.1059432026014937,0.0,1.0,0.0,1.0,0.0,0.0
11,115,2.9354042015327537,8.187279550039401,0.0,0.0,0.0,1.0,1.0,0.0
12,115,8.45114013154812,3.185692531108427,0.0,0.0,0.0,1.0,0.0,1.0
13,115,11.764111620987478,3.9283929138155966,0.0,0.0,1.0,0.0,0.0,0.0
14,115,8.118539757773387,8.31168673163605,0.0,1.0,0.0,0.0,1.0,1.0
15,115,10.234995044903815,3.473455879115154,0.0,0.0,0.0,0.0,1.0,0.0
16,115,11.01911760125466,9.990109151984464,1.0,0.0,0.0,0.0,1.0,1.0
17,115,11.911100458973904,10.381487294191588,1.0,0.0,0.0,0.0,0.0,1.0
18,115,3.298739101392007,4.872199878848697,0.0,0.0,0.0,0.0,0.0,1.0
19,115,10.7815267776272,1.95317360674874,0.0,0.0,1.0,0.0,0.0,0.0
20,115,8.000185684538433,11.795089174405437,0.0,0.0,0.0,0.0,0.0,1.0
21,115,7.344717121966065,2.2057056681821225,0.0,0.0,0.0,0.0,1.0,0.0
22,115,7.059717064798442,3.043175713316616,1.0,0.0,0.0,0.0,0.0,1.0
23,115,6.113812435141764,1.078274072160036,0.0,1.0,0.0,0.0,0.0,1.0
24,115,9.658043200240725,7.62272710670126,0.0,1.0,0.0,0.0,1.0,0.0
25,115,4.533052077693063,11.740228814747212,0.0,0.0,1.0,0.0,1.0,0.0
26,115,11.114567872894511,5.110447673517832,0.0,0.0,0.0,0.0,0.0,1.0
27,115,10.39718593168102,0.0,1.0,0.0,0.0,0.0,0.0,0.0
28,115,10.781109099222324,10.456070979518978,0.0,0.0,1.0,0.0,0.0,1.0
29,115,11.31614290854022,2.9978958937838907,1.0,0.0,0.0,0.0,0.0,0.0
0,120,5.216081415207974,0.0,1.0,0.0,0.0,0.0,0.0,0.0
1,120,9.957506667129076,9.851402177034895,0.0,0.0,1.0,0.0,1.0,0.0
2,120,0.0,1.8389039213396696,1.0,1.0,0.0,1.0,0.0,1.0
3,120,0.0,4.176100573495388,1.0,0.0,1.0,0.0,0.0,0.0
4,120,7.782113256366248,9.90008849828754,1.0,1.0,0.0,1.0,1.0,0.0
5,120,3.977949559723892,7.927532916361405,0.0,0.0,0.0,1.0,0.0,0.0
6,120,0.5095350939405564,8.80680688099363,1.0,0.0,0.0,0.0,0.0,0.0
7,120,9.54974160760794,3.933480047681122,1.0,0.0,0.0,1.0,1.0,0.0
8,120,5.144529114336152,3.9425733456609686,0.0,1.0,0.0,1.0,1.0,0.0
9,120,9.4974885636594,5.587120582519211,0.0,0.0,0.0,1.0,0.0,0.0
10,120,5.237776474510868,1.0942640583058505,0.0,1.0,0.0,1.0,0.0,0.0
11,120,2.942309191425774,8.144241638931852,0.0,0.0,0.0,1.0,1.0,0.0
12,120,8.43647570899234,3.221067177509712,0.0,0.0,0.0,1.0,0.0,1.0
13,120,11.804388656402226,3.937019532733391,0.0,0.0,1.0,0.0,0.0,0.0
14,120,8.125332194154089,8.192163537298878,0.0,1.0,0.0,0.0,1.0,1.0
15,120,10.238262679187253,3.459049423731876,0.0,0.0,0.0,0.0,1.0,0.0
16,120,10.967505004511334,10.035990722805035,1.0,0.0,0.0,0.0,1.0,1.0
17,120,11.980420209490545,10.429989011554213,1.0,0.0,0.0,0.0,0.0,1.0
18,120,3.304227018545357,4.838395340003745,0.0,0.0,0.0,0.0,0.0,1.0
19,120,10.76351876312192,1.8776889646588637,0.0,0.0,1.0,0.0,0.0,0.0
20,120,7.917236226441024,11.789846554435549,0.0,0.0,0.0,0.0,0.0,1.0
21,120,7.409977635522298,2.268646250648096,0.0,0.0,0.0,0.0,1.0,0.0
22,120,7.202904159289968,3.046460046944334,1.0,0.0,0.0,0.0,0.0,1.0
23,120,6.11684205092296,1.080319602502076,0.0,1.0,0.0,0.0,0.0,1.0
24,120,9.617111656858569,7.6452201864986415,0.0,1.0,0.0,0.0,1.0,0.0
25,120,4.541013365379829,11.7285747890033,0.0,0.0,1.0,0.0,1.0,0.0
26,120,11.102407530109332,5.098642129016201,0.0,0.0,0.0,0.0,0.0,1.0
27,120,10.367385304822276,0.0,1.0,0.0,0.0,0.0,0.0,0.0
28,120,10.875965082347202,10.483364728085606,0.0,0.0,1.0,0.0,0.0,1.0
29,120,11.245559807821127,3.000483664637862,1.0,0.0,0.0,0.0,0.0,0.0
0,125,5.21810943693653,0.0,1.0,0.0,0.0,0.0,0.0,0.0
1,125,10.086926141443914,9.855951374466516,0.0,0.0,1.0,0.0,1.0,0.0
2,125,0.0,1.791170289934028,1.0,1.0,0.0,1.0,0.0,1.0
3,125,0.0,4.174745831221124,1.0,0.0,1.0,0.0,0.0,0.0
4,125,7.722740571100383,9.74058662192754,1.0,1.0,0.0,1.0,1.0,0.0
5,125,4.007618883134844,7.867607309185409,0.0,0.0,0.0,1.0,0.0,0.0
6,125,0.4441595894965473,8.849168257778203,1.0,0.0,0.0,0.0,0.0,0.0
7,125,9.585564313321589,4.032603698386787,1.0,0.0,0.0,1.0,1.0,0.0
8,125,5.078912795751702,3.99289491715007,0.0,1.0,0.0,1.0,1.0,0.0
9,125,9.449993985244769,5.554272532281919,0.0,0.0,0.0,1.0,0.0,0.0
10,125,5.125000152900435,1.080086949398415,0.0,1.0,0.0,1.0,0.0,0.0
11,125,2.94914857188077,8.10024357950227,0.0,0.0,0.0,1.0,1.0,0.0
12,125,8.410992214830936,3.2832463480890173,0.0,0.0,0.0,1.0,0.0,1.0
13,125,11.860973664680335,3.948140093526476,0.0,0.0,1.0,0.0,0.0,0.0
14,125,8.129217688429714,8.0596726442473,0.0,1.0,0.0,0.0,1.0,1.0
15,125,10.235600611863257,3.470857036608025,0.0,0.0,0.0,0.0,1.0,0.0
16,125,10.916435685413752,10.081530267787008,1.0,0.0,0.0,0.0,1.0,1.0
17,125,12.0,10.466755490231616,1.0,0.0,0.0,0.0,0.0,1.0
18,125,3.3077148459747194,4.813179133846111,0.0,0.0,0.0,0.0,0.0,1.0
19,125,10.7495904797569,1.8132825537577504,0.0,0.0,1.0,0.0,0.0,0.0
20,125,7.806677756248187,11.784410320626106,0.0,0.0,0.0,0.0,0.0,1.0
21,125,7.491754478812785,2.347210054021792,0.0,0.0,0.0,0.0,1.0,0.0
22,125,7.365630164540195,3.051848172579358,1.0,0.0,0.0,0.0,0.0,1.0
23,125,6.139655186483828,1.095428251598251,0.0,1.0,0.0,0.0,0.0,1.0
24,125,9.562855595313374,7.674830842406583,0.0,1.0,0.0,0.0,1.0,0.0
25,125,4.553407496144428,11.710916086587009,0.0,0.0,1.0,0.0,1.0,0.0
26,125,11.099001881134994,5.095292779437454,0.0,0.0,0.0,0.0,0.0,1.0
27,125,10.336951473340305,0.0,1.0,0.0,0.0,0.0,0.0,0.0
28,125,10.969665398815458,10.508533838415431,0.0,0.0,1.0,0.0,0.0,1.0
29,125,11.171101780325214,3.00419263783456,1.0,0.0,0.0,0.0,0.0,0.0
0,130,5.221121098149632,0.0,1.0,0.0,0.0,0.0,0.0,0.0
1,130,10.206823542260256,9.86099085639148,0.0,0.0,1.0,0.0,1.0,0.0
2,130,0.0,1.747574756237865,1.0,1.0,0.0,1.0,0.0,1.0
3,130,0.0,4.173799563179469,1.0,0.0,1.0,0.0,0.0,0.0
4,130,7.670223076533958,9.586987209976003,1.0,1.0,0.0,1.0,1.0,0.0
5,130,4.037098875957372,7.8066018986903165,0.0,0.0,0.0,1.0,0.0,0.0
6,130,0.3849387270168534,8.888552956491479,1.0,0.0,0.0,0.0,0.0,0.0
7,130,9.62376147472262,4.12897518552021,1.0,0.0,0.0,1.0,1.0,0.0
8,130,5.015297321184483,4.044335982218061,0.0,1.0,0.0,1.0,1.0,0.0
9,130,9.390878990736876,5.51371910862716,0.0,0.0,0.0,1.0,0.0,0.0
10,130,5.006589334578751,1.0648649192432678,0.0,1.0,0.0,1.0,0.0,0.0
11,130,2.9542579835982914,8.062430810274137,0.0,0.0,0.0,1.0,1.0,0.0
12,130,8.388539829296183,3.342349016471494,0.0,0.0,0.0,1.0,0.0,1.0
13,130,11.929026675534962,3.962255335507116,0.0,0.0,1.0,0.0,0.0,0.0
14,130,8.132997114182253,7.961567808036553,0.0,1.0,0.0,0.0,1.0,1.0
15,130,10.220434890440568,3.4675399951160526,0.0,0.0,0.0,0.0,1.0,0.0
16,130,10.849478046718527,10.143267341755582,1.0,0.0,0.0,0.0,1.0,1.0
17,130,12.0,10.50304781488924,1.0,0.0,0.0,0.0,0.0,1.0
18,130,3.3109515747021,4.787657800092762,0.0,0.0,0.0,0.0,0.0,1.0
19,130,10.730622401724368,1.7333257828588835,0.0,0.0,1.0,0.0,0.0,0.0
20,130,7.709787020237153,11.780803022940429,0.0,0.0,0.0,0.0,0.0,1.0
21,130,7.571037289571231,2.425051216855008,0.0,0.0,0.0,0.0,1.0,0.0
22,130,7.507609754066127,3.0539402598999,1.0,0.0,0.0,0.0,0.0,1.0
23,130,6.184081260946384,1.1235862749190235,0.0,1.0,0.0,0.0,0.0,1.0
24,130,9.50879050957909,7.703933847298445,0.0,1.0,0.0,0.0,1.0,0.0
25,130,4.565621529744153,11.69293945258355,0.0,0.0,1.0,0.0,1.0,0.0
26,130,11.105989446329492,5.10225744943211,0.0,0.0,0.0,0.0,0.0,1.0
27,130,10.306144456475328,0.0,1.0,0.0,0.0,0.0,0.0,0.0
28,130,11.060767888090254,10.53373595644338,0.0,0.0,1.0,0.0,0.0,1.0
29,130,11.086716015996382,3.009251269148803,1.0,0.0,0.0,0.0,0.0,0.0
0,135,5.221580082605737,0.0,1.0,0.0,0.0,0.0,0.0,0.0
1,135,10.316656569103763,9.866559489805926,0.0,0.0,1.0,0.0,1.0,0.0
2,135,0.0,1.7006780948974207,1.0,1.0,0.0,1.0,0.0,1.0
3,135,0.0,4.172441515288357,1.0,0.0,1.0,0.0,0.0,0.0
4,135,7.624382734463796,9.453981808619108,1.0,1.0,0.0,1.0,1.0,0.0
5,135,4.069354755174311,7.742576841176632,0.0,0.0,0.0,1.0,0.0,0.0
6,135,0.329943532449906,8.923663186486085,1.0,0.0,0.0,0.0,0.0,0.0
7,135,9.655427303903858,4.211411410534111,1.0,0.0,0.0,1.0,1.0,0.0
8,135,4.950688561439223,4.095498927015978,0.0,1.0,0.0,1.0,1.0,0.0
9,135,9.330805660326131,5.4730967520235945,0.0,0.0,0.0,1.0,0.0,0.0
10,135,4.901269255780473,1.0495336164101,0.0,1.0,0.0,1.0,0.0,0.0
11,135,2.958023279393045,8.033484221832039,0.0,0.0,0.0,1.0,1.0,0.0
12,135,8.366040928358291,3.4043928633561933,0.0,0.0,0.0,1.0,0.0,1.0
13,135,11.99035628968882,3.9740205599742855,0.0,0.0,1.0,0.0,0.0,0.0
14,135,8.13888257914498,7.839940089255749,0.0,1.0,0.0,0.0,1.0,1.0
15,135,10.191884304436453,3.461280514003669,0.0,0.0,0.0,0.0,1.0,0.0
16,135,10.78020262316967,10.207572294179997,1.0,0.0,0.0,0.0,1.0,1.0
17,135,12.0,10.546039811432074,1.0,0.0,0.0,0.0,0.0,1.0
18,135,3.312974399189983,4.773370903886115,0.0,0.0,0.0,0.0,0.0,1.0
19,135,10.7112143037578,1.6660879296148994,0.0,0.0,1.0,0.0,0.0,0.0
20,135,7.620992210526167,11.772249873833855,0.0,0.0,0.0,0.0,0.0,1.0
21,135,7.650683038420808,2.509802829056199,0.0,0.0,0.0,0.0,1.0,0.0
22,135,7.673869331324533,3.060954894537196,1.0,0.0,0.0,0.0,0.0,1.0
23,135,6.234315374985309,1.1545720256124796,0.0,1.0,0.0,0.0,0.0,1.0
24,135,9.473528899172358,7.722584877865884,0.0,1.0,0.0,0.0,1.0,0.0
25,135,4.5789844687077,11.67303473078137,0.0,0.0,1.0,0.0,1.0,0.0
26,135,11.109173252862677,5.105433983813927,0.0,0.0,0.0,0.0,0.0,1.0
27,135,10.27020747330119,0.0,1.0,0.0,0.0,0.0,0.0,0.0
28,135,11.16566348427802,10.566134249032949,0.0,0.0,1.0,0.0,0.0,1.0
29,135,11.01495758578016,3.0143411525756374,1.0,0.0,0.0,0.0,0.0,0.0
0,140,5.225661204381948,0.0,1.0,0.0,0.0,0.0,0.0,0.0
1,140,10.427063431577633,9.870043885071684,0.0,0.0,1.0,0.0,1.0,0.0
2,140,0.0,1.6495537178451636,1.0,1.0,0.0,1.0,0.0,1.0
3,140,0.0,4.168941232421062,1.0,0.0,1.0,0.0,0.0,0.0
4,140,7.579580776766874,9.320480126456106,1.0,1.0,0.0,1.0,1.0,0.0
5,140,4.087392852484877,7.710066145113015,0.0,0.0,0.0,1.0,0.0,0.0
6,140,0.2801043770145764,8.95409310390728,1.0,0.0,0.0,0.0,0.0,0.0
7,140,9.699021078707178,4.320040892173379,1.0,0.0,0.0,1.0,1.0,0.0
8,140,4.893892629117472,4.141497455377419,0.0,1.0,0.0,1.0,1.0,0.0
9,140,9.257771901514984,5.423050325363454,0.0,0.0,0.0,1.0,0.0,0.0
10,140,4.783304005531834,1.0303455360928375,0.0,1.0,0.0,1.0,0.0,0.0
11,140,2.962117912258541,8.005584564051675,0.0,0.0,0.0,1.0,1.0,0.0
12,140,8.344549383796268,3.459068369334777,0.0,0.0,0.0,1.0,0.0,1.0
13,140,12.0,3.9788085921591927,0.0,0.0,1.0,0.0,0.0,0.0
14,140,8.144920988650584,7.69991010185857,0.0,1.0,0.0,0.0,1.0,1.0
15,140,10.18218066302522,3.4592535742426405,0.0,0.0,0.0,0.0,1.0,0.0
16,140,10.700663914753555,10.27972780216206,1.0,0.0,0.0,0.0,1.0,1.0
17,140,12.0,10.587900420146733,1.0,0.0,0.0,0.0,0.0,1.0
18,140,3.3158442699861395,4.750109075086033,0.0,0.0,0.0,0.0,0.0,1.0
19,140,10.68306341035851,1.5786507972392945,0.0,0.0,1.0,0.0,0.0,0.0
20,140,7.51622902869443,11.760963695806035,0.0,0.0,0.0,0.0,0.0,1.0
21,140,7.740379506749529,2.611229557606424,0.0,0.0,0.0,0.0,1.0,0.0
22,140,7.833140927327521,3.069386411443644,1.0,0.0,0.0,0.0,0.0,1.0
23,140,6.29814234475338,1.1942848114509643,0.0,1.0,0.0,0.0,0.0,1.0
24,140,9.451578569857483,7.73439888739789,0.0,1.0,0.0,0.0,1.0,0.0
25,140,4.596327639036415,11.64724035398647,0.0,0.0,1.0,0.0,1.0,0.0
26,140,11.108952454841315,5.105223785373382,0.0,0.0,0.0,0.0,0.0,1.0
27,140,10.236164390211435,0.0,1.0,0.0,0.0,0.0,0.0,0.0
28,140,11.28321167608739,10.600589676784006,0.0,0.0,1.0,0.0,0.0,1.0
29,140,10.939548421798666,3.0178219050298263,1.0,0.0,0.0,0.0,0.0,0.0
0,145,5.232761628134667,0.0,1.0,0.0,0.0,0.0,0.0,0.0
1,145,10.538013002662172,9.876061400761245,0.0,0.0,1.0,0.0,1.0,0.0
2,145,0.0,1.6014060439188214,1.0,1.0,0.0,1.0,0.0,1.0
3,145,0.0,4.1666683458378415,1.0,0.0,1.0,0.0,0.0,0.0
4,145,7.53606221292596,9.187719229997432,1.0,1.0,0.0,1.0,1.0,0.0
5,145,4.107991168373913,7.675340914233848,0.0,0.0,0.0,1.0,0.0,0.0
6,145,0.2206233184543361,8.991974239721621,1.0,0.0,0.0,0.0,0.0,0.0
7,145,9.743481977700773,4.446109362803499,1.0,0.0,0.0,1.0,1.0,0.0
8,145,4.822510986487199,4.203854466207279,0.0,1.0,0.0,1.0,1.0,0.0
9,145,9.19964496317725,5.383695758584678,0.0,0.0,0.0,1.0,0.0,0.0
10,145,4.6798997209107,1.0131174484531755,0.0,1.0,0.0,1.0,0.0,0.0
11,145,2.96577934763391,7.981612832821376,0.0,0.0,0.0,1.0,1.0,0.0
12,145,8.32279608832297,3.51244203934554,0.0,0.0,0.0,1.0,0.0,1.0
13,145,12.0,3.984060633051427,0.0,0.0,1.0,0.0,0.0,0.0
14,145,8.151130933851581,7.553834800108891,0.0,1.0,0.0,0.0,1.0,1.0
15,145,10.157012508749144,3.4540089770871263,0.0,0.0,0.0,0.0,1.0,0.0
16,145,10.635023673023444,10.33858560089694,1.0,0.0,0.0,0.0,1.0,1.0
17,145,12.0,10.61730971599603,1.0,0.0,0.0,0.0,0.0,1.0
18,145,3.3214307549185795,4.7137253401053325,0.0,0.0,0.0,0.0,0.0,1.0
19,145,10.6546079342289,1.484776805532138,0.0,0.0,1.0,0.0,0.0,0.0
20,145,7.395701596397167,11.751796547164991,0.0,0.0,0.0,0.0,0.0,1.0
21,145,7.835661335218757,2.721451559155436,0.0,0.0,0.0,0.0,1.0,0.0
22,145,7.976027725809189,3.0725531418769534,1.0,0.0,0.0,0.0,0.0,1.0
23,145,6.370344938543001,1.2376207372656,0.0,1.0,0.0,0.0,0.0,1.0
24,145,9.423331966095407,7.749588321539098,0.0,1.0,0.0,0.0,1.0,0.0
25,145,4.598532740340348,11.644176176369673,0.0,0.0,1.0,0.0,1.0,0.0
26,145,11.111313585676193,5.107323854959345,0.0,0.0,0.0,0.0,0.0,1.0
27,145,10.203587209688433,0.0,1.0,0.0,0.0,0.0,0.0,0.0
28,145,11.39256945823629,10.635585945670256,0.0,0.0,1.0,0.0,0.0,1.0
29,145,10.853828065365525,3.0227855088934774,1.0,0.0,0.0,0.0,0.0,0.0
0,150,5.240016632225744,0.0,1.0,0.0,0.0,0.0,0.0,0.0
1,150,10.663318145417309,9.881897301487136,0.0,0.0,1.0,0.0,1.0,0.0
2,150,0.0,1.5497051277342568,1.0,1.0,0.0,1.0,0.0,1.0
3,150,0.0,4.164255388994192,1.0,0.0,1.0,0.0,0.0,0.0
4,150,7.493105413882847,9.056673543698029,1.0,1.0,0.0,1.0,1.0,0.0
5,150,4.124792495902681,7.64628531673189,0.0,0.0,0.0,1.0,0.0,0.0
6,150,0.1518918244900084,9.035734794722526,1.0,0.0,0.0,0.0,0.0,0.0
7,150,9.783606675938213,4.573484304430452,1.0,0.0,0.0,1.0,1.0,0.0
8,150,4.757653515758325,4.2615912089155925,0.0,1.0,0.0,1.0,1.0,0.0
9,150,9.129031689107736,5.340294716788349,0.0,0.0,0.0,1.0,0.0,0.0
10,150,4.598602171943408,1.000229735973862,0.0,1.0,0.0,1.0,0.0,0.0
11,150,2.969679966286985,7.957861629501586,0.0,0.0,0.0,1.0,1.0,0.0
12,150,8.30371423406575,3.5605628946506678,0.0,0.0,0.0,1.0,0.0,1.0
13,150,12.0,3.98694388215663,0.0,0.0,1.0,0.0,0.0,0.0
14,150,8.152793034986967,7.398024288738339,0.0,1.0,0.0,0.0,1.0,1.0
15,150,10.141552558230591,3.450552555737357,0.0,0.0,0.0,0.0,1.0,0.0
16,150,10.56457209514158,10.403430206189794,1.0,0.0,0.0,0.0,1.0,1.0
17,150,11.978408686746704,10.648091760645038,1.0,0.0,0.0,0.0,0.0,1.0
18,150,3.3301097680098937,4.6528789799600405,0.0,0.0,0.0,0.0,0.0,1.0
19,150,10.6273684997845,1.3910730565008134,0.0,0.0,1.0,0.0,0.0,0.0
20,150,7.274711875088638,11.744126683397957,0.0,0.0,0.0,0.0,0.0,1.0
21,150,7.918650931140887,2.817124936026443,0.0,0.0,0.0,0.0,1.0,0.0
22,150,8.131027892483706,3.076486547062176,1.0,0.0,0.0,0.0,0.0,1.0
23,150,6.435978732425771,1.2776579886971648,0.0,1.0,0.0,0.0,0.0,1.0
24,150,9.408572305478303,7.75757953815602,0.0,1.0,0.0,0.0,1.0,0.0
25,150,4.597220889047145,11.64600398306322,0.0,0.0,1.0,0.0,1.0,0.0
26,150,11.111540723478498,5.107524852344205,0.0,0.0,0.0,0.0,0.0,1.0
27,150,10.166280224961843,0.0,1.0,0.0,0.0,0.0,0.0,0.0
28,150,11.50010631962596,10.672699907971545,0.0,0.0,1.0,0.0,0.0,1.0
29,150,10.764644809354094,3.026883195527215,1.0,0.0,0.0,0.0,0.0,0.0
0,155,5.245152557446459,0.0,1.0,0.0,0.0,0.0,0.0,0.0
1,155,10.768098265060678,9.88508024038482,0.0,0.0,1.0,0.0,1.0,0.0
2,155,0.0,1.4947642162039938,1.0,1.0,0.0,1.0,0.0,1.0
3,155,0.0,4.162198287876542,1.0,0.0,1.0,0.0,0.0,0.0
4,155,7.4425315906023375,8.905177200083028,1.0,1.0,0.0,1.0,1.0,0.0
5,155,4.143147888040152,7.613822463424655,0.0,0.0,0.0,1.0,0.0,0.0
6,155,0.0969732642267119,9.071054239851088,1.0,0.0,0.0,0.0,0.0,0.0
7,155,9.818981711356036,4.697417886839556,1.0,0.0,0.0,1.0,1.0,0.0
8,155,4.716966868708196,4.297479185182153,0.0,1.0,0.0,1.0,1.0,0.0
9,155,9.090634053300931,5.317234984456137,0.0,0.0,0.0,1.0,0.0,0.0
10,155,4.477428421225075,0.9830021620249988,0.0,1.0,0.0,1.0,0.0,0.0
11,155,2.975759285547335,7.923383893339891,0.0,0.0,0.0,1.0,1.0,0.0
12,155,8.287235638249351,3.600274622490884,0.0,0.0,0.0,1.0,0.0,1.0
13,155,12.0,3.9907865433293286,0.0,0.0,1.0,0.0,0.0,0.0
14,155,8.152197409289402,7.230036332402911,0.0,1.0,0.0,0.0,1.0,1.0
15,155,10.127279465396676,3.44707590313048,0.0,0.0,0.0,0.0,1.0,0.0
16,155,10.494807220943532,10.467222440288426,1.0,0.0,0.0,0.0,1.0,1.0
17,155,11.966873457552367,10.664532517046863,1.0,0.0,0.0,0.0,0.0,1.0
18,155,3.3373355489653203,4.601055924759324,0.0,0.0,0.0,0.0,0.0,1.0
19,155,10.59756579326729,1.2890695195895578,0.0,0.0,1.0,0.0,0.0,0.0
20,155,7.1642769190729,11.73502560429912,0.0,0.0,0.0,0.0,0.0,1.0
21,155,8.011463588093413,2.923124682734032,0.0,0.0,0.0,0.0,1.0,0.0
22,155,8.291520943135088,3.080232975012872,1.0,0.0,0.0,0.0,0.0,1.0
23,155,6.5027209533412105,1.31938937099561,0.0,1.0,0.0,0.0,0.0,1.0
24,155,9.37074781278589,7.779680577093649,0.0,1.0,0.0,0.0,1.0,0.0
25,155,4.59126440890689,11.654487614400672,0.0,0.0,1.0,0.0,1.0,0.0
26,155,11.117509126226231,5.112787175418823,0.0,0.0,0.0,0.0,0.0,1.0
27,155,10.12397349822674,0.0,1.0,0.0,0.0,0.0,0.0,0.0
28,155,11.593613678904674,10.70540365390768,0.0,0.0,1.0,0.0,0.0,1.0
29,155,10.668205374441884,3.031078952292177,1.0,0.0,0.0,0.0,0.0,0.0
0,160,5.248925942870689,0.0,1.0,0.0,0.0,0.0,0.0,0.0
1,160,10.845305619938346,9.88713889880947,0.0,0.0,1.0,0.0,1.0,0.0
2,160,0.0,1.4399974784182463,1.0,1.0,0.0,1.0,0.0,1.0
3,160,0.0,4.16098430152615,1.0,0.0,1.0,0.0,0.0,0.0
4,160,7.388998237697637,8.748466209163874,1.0,1.0,0.0,1.0,1.0,0.0
5,160,4.155743650577029,7.591007406258408,0.0,0.0,0.0,1.0,0.0,0.0
6,160,0.0391930619880491,9.109259842559926,1.0,0.0,0.0,0.0,0.0,0.0
7,160,9.860064352612197,4.833259087110096,1.0,0.0,0.0,1.0,1.0,0.0
8,160,4.658735281510512,4.3442381700252986,0.0,1.0,0.0,1.0,1.0,0.0
9,160,9.047939730972336,5.290174433216235,0.0,0.0,0.0,1.0,0.0,0.0
10,160,4.35981603889638,0.969375787852447,0.0,1.0,0.0,1.0,0.0,0.0
11,160,2.983567730531595,7.876977814193438,0.0,0.0,0.0,1.0,1.0,0.0
12,160,8.267641748321308,3.649340497634638,0.0,0.0,0.0,1.0,0.0,1.0
13,160,12.0,3.99392360751191,0.0,0.0,1.0,0.0,0.0,0.0
14,160,8.14636300137873,7.042811566642566,0.0,1.0,0.0,0.0,1.0,1.0
15,160,10.116862469250092,3.444454955204904,0.0,0.0,0.0,0.0,1.0,0.0
16,160,10.413282440307226,10.545431459049531,1.0,0.0,0.0,0.0,1.0,1.0
17,160,11.96965564691754,10.660761999653376,1.0,0.0,0.0,0.0,0.0,1.0
18,160,3.3385133041747954,4.592762041181855,0.0,0.0,0.0,0.0,0.0,1.0
19,160,10.572893821418836,1.2002840716062215,0.0,0.0,1.0,0.0,0.0,0.0
20,160,7.060361451746592,11.72730434654312,0.0,0.0,0.0,0.0,0.0,1.0
21,160,8.098110870036233,3.024417705486778,0.0,0.0,0.0,0.0,1.0,0.0
22,160,8.466074001756516,3.0875341728144114,1.0,0.0,0.0,0.0,0.0,1.0
23,160,6.567027540472252,1.3589509872177434,0.0,1.0,0.0,0.0,0.0,1.0
24,160,9.321133471647553,7.811545903065938,0.0,1.0,0.0,0.0,1.0,0.0
25,160,4.57468239254059,11.67889753603015,0.0,0.0,1.0,0.0,1.0,0.0
26,160,11.1232919130034,5.106611218440033,0.0,0.0,0.0,0.0,0.0,1.0
27,160,10.086150979413606,0.0,1.0,0.0,0.0,0.0,0.0,0.0
28,160,11.681395149585528,10.736426006764214,0.0,0.0,1.0,0.0,0.0,1.0
29,160,10.568403470414506,3.0345288424083314,1.0,0.0,0.0,0.0,0.0,0.0
0,165,5.251567743546303,0.0,1.0,0.0,0.0,0.0,0.0,0.0
1,165,10.944906713122412,9.89041904202508,0.0,0.0,1.0,0.0,1.0,0.0
2,165,0.0,1.3913985382222054,1.0,1.0,0.0,1.0,0.0,1.0
3,165,0.0,4.159640630927745,1.0,0.0,1.0,0.0,0.0,0.0
4,165,7.346433082878208,8.620969368522223,1.0,1.0,0.0,1.0,1.0,0.0
5,165,4.16190063129093,7.579158252741196,0.0,0.0,0.0,1.0,0.0,0.0
6,165,0.0,9.149756539653213,1.0,0.0,0.0,0.0,0.0,0.0
7,165,9.9012521640933,4.963795818084583,1.0,0.0,0.0,1.0,1.0,0.0
8,165,4.584474709815511,4.405107171446412,0.0,1.0,0.0,1.0,1.0,0.0
9,165,8.998594916024135,5.258473307019644,0.0,0.0,0.0,1.0,0.0,0.0
10,165,4.238233411903352,0.9535400526585668,0.0,1.0,0.0,1.0,0.0,0.0
11,165,2.991223176112143,7.83572910668177,0.0,0.0,0.0,1.0,1.0,0.0
12,165,8.24688993318805,3.702047025222389,0.0,0.0,0.0,1.0,0.0,1.0
13,165,12.0,3.9978984054584754,0.0,0.0,1.0,0.0,0.0,0.0
14,165,8.138905865382503,6.851389217808551,0.0,1.0,0.0,0.0,1.0,1.0
15,165,10.109573930936964,3.442719401387013,0.0,0.0,0.0,0.0,1.0,0.0
16,165,10.335232737496751,10.624681140883393,1.0,0.0,0.0,0.0,1.0,1.0
17,165,11.969894690986676,10.660409728590762,1.0,0.0,0.0,0.0,0.0,1.0
18,165,3.340869978970619,4.577208103088315,0.0,0.0,0.0,0.0,0.0,1.0
19,165,10.551668280831375,1.1239909953732528,0.0,0.0,1.0,0.0,0.0,0.0
20,165,6.980449620509884,11.722524285003384,0.0,0.0,0.0,0.0,0.0,1.0
21,165,8.168057711922986,3.1088924465268253,0.0,0.0,0.0,0.0,1.0,0.0
22,165,8.663289473173075,3.091870624674813,1.0,0.0,0.0,0.0,0.0,1.0
23,165,6.643503178078516,1.4074569471881404,0.0,1.0,0.0,0.0,0.0,1.0
24,165,9.2724122576495,7.84587815221654,0.0,1.0,0.0,0.0,1.0,0.0
25,165,4.548774567951035,11.713770739228757,0.0,0.0,1.0,0.0,1.0,0.0
26,165,11.12412161275128,5.105756979381002,0.0,0.0,0.0,0.0,0.0,1.0
27,165,10.047118473079529,0.0,1.0,0.0,0.0,0.0,0.0,0.0
28,165,11.749526796333978,10.762134363957893,0.0,0.0,1.0,0.0,0.0,1.0
29,165,10.481014727622195,3.03979364930466,1.0,0.0,0.0,0.0,0.0,0.0
0,170,5.251700085346382,0.0,1.0,0.0,0.0,0.0,0.0,0.0
1,170,11.029044967844598,9.891664247745585,0.0,0.0,1.0,0.0,1.0,0.0
2,170,0.0,1.3524244814009072,1.0,1.0,0.0,1.0,0.0,1.0
3,170,0.0,4.15777911842305,1.0,0.0,1.0,0.0,0.0,0.0
4,170,7.305318350796791,8.492032249846499,1.0,1.0,0.0,1.0,1.0,0.0
5,170,4.171199295132739,7.561352603716917,0.0,0.0,0.0,1.0,0.0,0.0
6,170,0.0,9.209119429821646,1.0,0.0,0.0,0.0,0.0,0.0
7,170,9.940232468902003,5.083587834280093,1.0,0.0,0.0,1.0,1.0,0.0
8,170,4.49009300282612,4.483384618396742,0.0,1.0,0.0,1.0,1.0,0.0
9,170,8.950501039088518,5.227081112297509,0.0,0.0,0.0,1.0,0.0,0.0
10,170,4.1092671586613685,0.9353505348167072,0.0,1.0,0.0,1.0,0.0,0.0
11,170,3.001248931951473,7.785036127150998,0.0,0.0,0.0,1.0,1.0,0.0
12,170,8.21932637296482,3.768018106784468,0.0,0.0,0.0,1.0,0.0,1.0
13,170,12.0,4.000587344294265,0.0,0.0,1.0,0.0,0.0,0.0
14,170,8.129469326966657,6.663987412813401,0.0,1.0,0.0,0.0,1.0,1.0
15,170,10.09735854581969,3.440211752870886,0.0,0.0,0.0,0.0,1.0,0.0
16,170,10.263549959469652,10.703507568312776,1.0,0.0,0.0,0.0,1.0,1.0
17,170,11.965724139728602,10.66673733086228,1.0,0.0,0.0,0.0,0.0,1.0
18,170,3.342375070649028,4.566995374444837,0.0,0.0,0.0,0.0,0.0,1.0
19,170,10.51966006300429,1.0248348195808938,0.0,0.0,1.0,0.0,0.0,0.0
20,170,6.886411865330865,11.718087461311184,0.0,0.0,0.0,0.0,0.0,1.0
21,170,8.23789994416868,3.1944062291787145,0.0,0.0,0.0,0.0,1.0,0.0
22,170,8.86503650971407,3.0968729771602703,1.0,0.0,0.0,0.0,0.0,1.0
23,170,6.706707072202901,1.4448403085675603,0.0,1.0,0.0,0.0,0.0,1.0
24,170,9.205478196144329,7.896431434726331,0.0,1.0,0.0,0.0,1.0,0.0
25,170,4.511600608212654,11.763022740615618,0.0,0.0,1.0,0.0,1.0,0.0
26,170,11.121070769238957,5.1092286768448325,0.0,0.0,0.0,0.0,0.0,1.0
27,170,10.008006492489052,0.0,1.0,0.0,0.0,0.0,0.0,0.0
28,170,11.822012455362346,10.791904171178915,0.0,0.0,1.0,0.0,0.0,1.0
29,170,10.412181226181737,3.045481332604117,1.0,0.0,0.0,0.0,0.0,0.0
0,175,5.2540355612103244,0.0,1.0,0.0,0.0,0.0,0.0,0.0
1,175,11.091082313336988,9.891627040991011,0.0,0.0,1.0,0.0,1.0,0.0
2,175,0.0,1.3076643089099578,1.0,1.0,0.0,1.0,0.0,1.0
3,175,0.0,4.15519259903525,1.0,0.0,1.0,0.0,0.0,0.0
4,175,7.259379492551293,8.364903575499055,1.0,1.0,0.0,1.0,1.0,0.0
5,175,4.17441526596074,7.554698042666628,0.0,0.0,0.0,1.0,0.0,0.0
6,175,0.0,9.274718767392583,1.0,0.0,0.0,0.0,0.0,0.0
7,175,9.966893530229182,5.171201197215239,1.0,0.0,0.0,1.0,1.0,0.0
8,175,4.388364851820457,4.568167770491859,0.0,1.0,0.0,1.0,1.0,0.0
9,175,8.90244922467288,5.193860721467308,0.0,0.0,0.0,1.0,0.0,0.0
10,175,3.984264199187305,0.9191053679617616,0.0,1.0,0.0,1.0,0.0,0.0
11,175,3.0105119309054142,7.7371034174869,0.0,0.0,0.0,1.0,1.0,0.0
12,175,8.19250321170156,3.8287096345310734,0.0,0.0,0.0,1.0,0.0,1.0
13,175,12.0,4.003885406680341,0.0,0.0,1.0,0.0,0.0,0.0
14,175,8.120735460780795,6.478402883483494,0.0,1.0,0.0,0.0,1.0,1.0
15,175,10.096248395670203,3.4400000494532703,0.0,0.0,0.0,0.0,1.0,0.0
16,175,10.194798327709831,10.777566485506368,1.0,0.0,0.0,0.0,1.0,1.0
17,175,11.973393994066168,10.654751345371352,1.0,0.0,0.0,0.0,0.0,1.0
18,175,3.340676841819897,4.579214682061584,0.0,0.0,0.0,0.0,0.0,1.0
19,175,10.49120670917983,0.9325476310811812,0.0,0.0,1.0,0.0,0.0,0.0
20,175,6.8094495717569,11.71370414539559,0.0,0.0,0.0,0.0,0.0,1.0
21,175,8.307212723286032,3.27950984310731,0.0,0.0,0.0,0.0,1.0,0.0
22,175,9.05682109607298,3.1027629063907374,1.0,0.0,0.0,0.0,0.0,1.0
23,175,6.774134396304165,1.4853661427054217,0.0,1.0,0.0,0.0,0.0,1.0
24,175,9.146062035325816,7.938247109949486,0.0,1.0,0.0,0.0,1.0,0.0
25,175,4.47546437289884,11.81070173856286,0.0,0.0,1.0,0.0,1.0,0.0
26,175,11.124951454974296,5.104675855329593,0.0,0.0,0.0,0.0,0.0,1.0
27,175,9.970447860778531,0.0,1.0,0.0,0.0,0.0,0.0,0.0
28,175,11.874274619742442,10.812772878563322,0.0,0.0,1.0,0.0,0.0,1.0
29,175,10.343722865302016,3.0532887889520035,1.0,0.0,0.0,0.0,0.0,0.0
0,180,5.258186605175336,0.0,1.0,0.0,0.0,0.0,0.0,0.0
1,180,11.1591353371601,9.89412047649575,0.0,0.0,1.0,0.0,1.0,0.0
2,180,0.0,1.2573842462108749,1.0,1.0,0.0,1.0,0.0,1.0
3,180,0.0,4.152962639344892,1.0,0.0,1.0,0.0,0.0,0.0
4,180,7.215062483165627,8.251485381020606,1.0,1.0,0.0,1.0,1.0,0.0
5,180,4.189210379977579,7.52333283927568,0.0,0.0,0.0,1.0,0.0,0.0
6,180,0.0,9.343162149821614,1.0,0.0,0.0,0.0,0.0,0.0
7,180,9.993827059416647,5.25413829935914,1.0,0.0,0.0,1.0,1.0,0.0
8,180,4.264984691965598,4.6679841722883415,0.0,1.0,0.0,1.0,1.0,0.0
9,180,8.845296605024604,5.151912485136187,0.0,0.0,0.0,1.0,0.0,0.0
10,180,3.858142268300619,0.9031599547564042,0.0,1.0,0.0,1.0,0.0,0.0
11,180,3.0236846211929187,7.662420256344269,0.0,0.0,0.0,1.0,1.0,0.0
12,180,8.166450757686354,3.888115260426072,0.0,0.0,0.0,1.0,0.0,1.0
13,180,12.0,4.00578310515291,0.0,0.0,1.0,0.0,0.0,0.0
14,180,8.111142602559333,6.301580565952206,0.0,1.0,0.0,0.0,1.0,1.0
15,180,10.103657102558524,3.4413006854411714,0.0,0.0,0.0,0.0,1.0,0.0
16,180,10.12992293050366,10.845839765735851,1.0,0.0,0.0,0.0,1.0,1.0
17,180,11.974737391201693,10.652659691178602,1.0,0.0,0.0,0.0,0.0,1.0
18,180,3.341596833964928,4.572979302995609,0.0,0.0,0.0,0.0,0.0,1.0
19,180,10.470660449664994,0.8663411549286714,0.0,0.0,1.0,0.0,0.0,0.0
20,180,6.727351966303237,11.70959410065072,0.0,0.0,0.0,0.0,0.0,1.0
21,180,8.380053315862673,3.3686599489088995,0.0,0.0,0.0,0.0,1.0,0.0
22,180,9.27678966249475,3.1106751230380505,1.0,0.0,0.0,0.0,0.0,1.0
23,180,6.8455592517001325,1.5278444010704657,0.0,1.0,0.0,0.0,0.0,1.0
24,180,9.101987277702465,7.967731921638506,0.0,1.0,0.0,0.0,1.0,0.0
25,180,4.442995805718115,11.851637008204529,0.0,0.0,1.0,0.0,1.0,0.0
26,180,11.127917876626729,5.101196529572821,0.0,0.0,0.0,0.0,0.0,1.0
27,180,9.936794505612294,0.0,1.0,0.0,0.0,0.0,0.0,0.0
28,180,11.92065699534475,10.83222519255584,0.0,0.0,1.0,0.0,0.0,1.0
29,180,10.26569019847086,3.062785560571728,1.0,0.0,0.0,0.0,0.0,0.0
0,185,5.258898813551866,0.0,1.0,0.0,0.0,0.0,0.0,0.0
1,185,11.222335997158488,9.89525609795612,0.0,0.0,1.0,0.0,1.0,0.0
2,185,0.0,1.1984356663940543,1.0,1.0,0.0,1.0,0.0,1.0
3,185,0.0,4.151638212404645,1.0,0.0,1.0,0.0,0.0,0.0
4,185,7.1768217020859,8.15069537209796,1.0,1.0,0.0,1.0,1.0,0.0
5,185,4.198486561749578,7.503880581057424,0.0,0.0,0.0,1.0,0.0,0.0
6,185,0.0,9.41099731624297,1.0,0.0,0.0,0.0,0.0,0.0
7,185,10.016819464460752,5.332512535728654,1.0,0.0,0.0,1.0,1.0,0.0
8,185,4.138856148503296,4.775977625970297,0.0,1.0,0.0,1.0,1.0,0.0
9,185,8.8067350034928,5.12501780116045,0.0,0.0,0.0,1.0,0.0,0.0
10,185,3.731482271788189,0.8875751008672013,0.0,1.0,0.0,1.0,0.0,0.0
11,185,3.034000580505664,7.603679443372567,0.0,0.0,0.0,1.0,1.0,0.0
12,185,8.138577190778303,3.9528810063127935,0.0,0.0,0.0,1.0,0.0,1.0
13,185,12.0,4.008362712606715,0.0,0.0,1.0,0.0,0.0,0.0
14,185,8.103285643305348,6.129829448137332,0.0,1.0,0.0,0.0,1.0,1.0
15,185,10.082342739431729,3.437278178890319,0.0,0.0,0.0,0.0,1.0,0.0
16,185,10.067605566757289,10.910611159490562,1.0,0.0,0.0,0.0,1.0,1.0
17,185,11.96821559398009,10.663091386318358,1.0,0.0,0.0,0.0,0.0,1.0
18,185,3.342067936815505,4.570135027581484,0.0,0.0,0.0,0.0,0.0,1.0
19,185,10.45517357329084,0.812270021166169,0.0,0.0,1.0,0.0,0.0,0.0
20,185,6.644983531491365,11.705662037373935,0.0,0.0,0.0,0.0,0.0,1.0
21,185,8.453222687282251,3.460541657907821,0.0,0.0,0.0,0.0,1.0,0.0
22,185,9.50155507844484,3.113657574136951,1.0,0.0,0.0,0.0,0.0,1.0
23,185,6.915031151724692,1.5689867516169855,0.0,1.0,0.0,0.0,0.0,1.0
24,185,9.051342332356596,8.000551716498537,0.0,1.0,0.0,0.0,1.0,0.0
25,185,4.406246867631382,11.897632852350773,0.0,0.0,1.0,0.0,1.0,0.0
26,185,11.126028872382596,5.103293879227672,0.0,0.0,0.0,0.0,0.0,1.0
27,185,9.906592603318654,0.0,1.0,0.0,0.0,0.0,0.0,0.0
28,185,11.96883154910861,10.854191415823404,0.0,0.0,1.0,0.0,0.0,1.0
29,185,10.191684864916484,3.0725447889734285,1.0,0.0,0.0,0.0,0.0,0.0
0,190,5.258160220895405,0.0056803557001257,1.0,0.0,0.0,0.0,0.0,0.0
1,190,11.278681174394675,9.894812590650996,0.0,0.0,1.0,0.0,1.0,0.0
2,190,0.0,1.1376453640424846,1.0,1.0,0.0,1.0,0.0,1.0
3,190,0.0,4.149619926807493,1.0,0.0,1.0,0.0,0.0,0.0
4,190,7.137955599405213,8.05044251600713,1.0,1.0,0.0,1.0,1.0,0.0
5,190,4.205672176906742,7.488532133293799,0.0,0.0,0.0,1.0,0.0,0.0
6,190,0.0,9.47526145490036,1.0,0.0,0.0,0.0,0.0,0.0
7,190,10.036140952346717,5.400069292717783,1.0,0.0,0.0,1.0,1.0,0.0
8,190,4.010855361920278,4.885178558558985,0.0,1.0,0.0,1.0,1.0,0.0
9,190,8.76411032203986,5.095201704400266,0.0,0.0,0.0,1.0,0.0,0.0
10,190,3.623852157921205,0.8751767670151772,0.0,1.0,0.0,1.0,0.0,0.0
11,190,3.0402208420258656,7.564253853454516,0.0,0.0,0.0,1.0,1.0,0.0
12,190,8.100920244305847,4.040694418107948,0.0,0.0,0.0,1.0,0.0,1.0
13,190,12.0,4.009523787303789,0.0,0.0,1.0,0.0,0.0,0.0
14,190,8.098091401600442,5.960059631966893,0.0,1.0,0.0,0.0,1.0,1.0
15,190,10.06862349006924,3.434724914174004,0.0,0.0,0.0,0.0,1.0,0.0
16,190,9.99661599334357,10.978790199221155,1.0,0.0,0.0,0.0,1.0,1.0
17,190,11.966348781559862,10.666169175485482,1.0,0.0,0.0,0.0,0.0,1.0
18,190,3.3415157387954264,4.573532291130394,0.0,0.0,0.0,0.0,0.0,1.0
19,190,10.442485064247688,0.7656589348983969,0.0,0.0,1.0,0.0,0.0,0.0
20,190,6.542754997161187,11.7011962855771,0.0,0.0,0.0,0.0,0.0,1.0
21,190,8.531773420812813,3.55609668151797,0.0,0.0,0.0,0.0,1.0,0.0
22,190,9.727983439171426,3.112305545147325,1.0,0.0,0.0,0.0,0.0,1.0
23,190,6.971402702098836,1.604761278506226,0.0,1.0,0.0,0.0,0.0,1.0
24,190,9.03285343125776,8.012349549347443,0.0,1.0,0.0,0.0,1.0,0.0
25,190,4.381839125811761,11.928621385645028,0.0,0.0,1.0,0.0,1.0,0.0
26,190,11.153829295532589,5.073629929202011,0.0,0.0,0.0,0.0,0.0,1.0
27,190,9.877164758490457,0.0,1.0,0.0,0.0,0.0,0.0,0.0
28,190,12.0,10.869470216829592,0.0,0.0,1.0,0.0,0.0,1.0
29,190,10.114295720742884,3.083052082342276,1.0,0.0,0.0,0.0,0.0,0.0
0,195,5.2546470100507126,0.0332897647830986,1.0,0.0,0.0,0.0,0.0,0.0
1,195,11.335556591049595,9.894576120650656,0.0,0.0,1.0,0.0,1.0,0.0
2,195,0.0,1.0723716896036295,1.0,1.0,0.0,1.0,0.0,1.0
3,195,0.0,4.146889691268148,1.0,0.0,1.0,0.0,0.0,0.0
4,195,7.101384965896321,7.958693788697126,1.0,1.0,0.0,1.0,1.0,0.0
5,195,4.209651196084556,7.480046629539936,0.0,0.0,0.0,1.0,0.0,0.0
6,195,0.0,9.526877611997078,1.0,0.0,0.0,0.0,0.0,0.0
7,195,10.054505537388597,5.46012864441906,1.0,0.0,0.0,1.0,1.0,0.0
8,195,3.880580752286334,4.997987646812055,0.0,1.0,0.0,1.0,1.0,0.0
9,195,8.699043360253514,5.050789921817325,0.0,0.0,0.0,1.0,0.0,0.0
10,195,3.5214506574539604,0.8656377192230409,0.0,1.0,0.0,1.0,0.0,0.0
11,195,3.044149343489976,7.538253589395177,0.0,0.0,0.0,1.0,1.0,0.0
12,195,8.06927750973413,4.114627913714636,0.0,0.0,0.0,1.0,0.0,1.0
13,195,12.0,4.010760536972927,0.0,0.0,1.0,0.0,0.0,0.0
14,195,8.094200494946904,5.797155357364159,0.0,1.0,0.0,0.0,1.0,1.0
15,195,10.065922603265191,3.434144463579364,0.0,0.0,0.0,0.0,1.0,0.0
16,195,9.925858748881543,11.044828856381743,1.0,0.0,0.0,0.0,1.0,1.0
17,195,11.965408238565344,10.667769535872266,1.0,0.0,0.0,0.0,0.0,1.0
18,195,3.3443945490930127,4.556169664579044,0.0,0.0,0.0,0.0,0.0,1.0
19,195,10.43566332801092,0.7385176884617287,0.0,0.0,1.0,0.0,0.0,0.0
20,195,6.412741241984484,11.699118315900394,0.0,0.0,0.0,0.0,0.0,1.0
21,195,8.619366850151517,3.66281754195515,0.0,0.0,0.0,0.0,1.0,0.0
22,195,9.959516457592974,3.11493340497156,1.0,0.0,0.0,0.0,0.0,1.0
23,195,7.0208319612081285,1.6372411853717828,0.0,1.0,0.0,0.0,0.0,1.0
24,195,8.987608819590864,8.041985627225465,0.0,1.0,0.0,0.0,1.0,0.0
25,195,4.359466444146763,11.95875926338302,0.0,0.0,1.0,0.0,1.0,0.0
26,195,11.199567058211532,5.0241974669571485,0.0,0.0,0.0,0.0,0.0,1.0
27,195,9.849289937680917,0.0,1.0,0.0,0.0,0.0,0.0,0.0
28,195,12.0,10.89651157593447,0.0,0.0,1.0,0.0,0.0,1.0
29,195,9.99119735016788,3.0989372934910584,1.0,0.0,0.0,0.0,0.0,0.0
0,200,5.250369039581003,0.0671687151088138,1.0,0.0,0.0,0.0,0.0,0.0
1,200,11.39651618703499,9.894534834718089,0.0,0.0,1.0,0.0,1.0,0.0
2,200,0.0,1.007676688519878,1.0,1.0,0.0,1.0,0.0,1.0
3,200,0.0,4.144185353887889,1.0,0.0,1.0,0.0,0.0,0.0
4,200,7.060354956467315,7.845604885928554,1.0,1.0,0.0,1.0,1.0,0.0
5,200,4.214448736015067,7.470681756924023,0.0,0.0,0.0,1.0,0.0,0.0
6,200,0.0,9.5692689247679,1.0,0.0,0.0,0.0,0.0,0.0
7,200,10.069979549167478,5.512639427322671,1.0,0.0,0.0,1.0,1.0,0.0
8,200,3.7701287103746455,5.091194768164979,0.0,1.0,0.0,1.0,1.0,0.0
9,200,8.63638854921459,5.0105010858588015,0.0,0.0,0.0,1.0,0.0,0.0
10,200,3.409051679361432,0.8569836091031203,0.0,1.0,0.0,1.0,0.0,0.0
11,200,3.045879099226492,7.525698136747493,0.0,0.0,0.0,1.0,1.0,0.0
12,200,8.031731182478005,4.203626377676803,0.0,0.0,0.0,1.0,0.0,1.0
13,200,11.998377390775122,4.0106310629240856,0.0,0.0,1.0,0.0,0.0,0.0
14,200,8.090927158979296,5.624440431356662,0.0,1.0,0.0,0.0,1.0,1.0
15,200,10.0391090209937,3.427625672659637,0.0,0.0,0.0,0.0,1.0,0.0
16,200,9.842395593361596,11.12465241853228,1.0,0.0,0.0,0.0,1.0,1.0
17,200,11.95683945874594,10.683773017109871,1.0,0.0,0.0,0.0,0.0,1.0
18,200,3.346768547455073,4.5400213473501445,0.0,0.0,0.0,0.0,0.0,1.0
19,200,10.428095581622763,0.7100926478111355,0.0,0.0,1.0,0.0,0.0,0.0
20,200,6.283713466878643,11.697332537656738,0.0,0.0,0.0,0.0,0.0,1.0
21,200,8.71365243404126,3.77109362982046,0.0,0.0,0.0,0.0,1.0,0.0
22,200,10.180879036560404,3.1149320315790003,1.0,0.0,0.0,0.0,0.0,1.0
23,200,7.049337439265289,1.6561103774853785,0.0,1.0,0.0,0.0,0.0,1.0
24,200,8.953731861967093,8.065702270709771,0.0,1.0,0.0,0.0,1.0,0.0
25,200,4.328128125608014,12.0,0.0,0.0,1.0,0.0,1.0,0.0
26,200,11.255170721640226,4.963594901557131,0.0,0.0,0.0,0.0,0.0,1.0
27,200,9.81413147206772,0.0,1.0,0.0,0.0,0.0,0.0,0.0
28,200,12.0,10.933906140832162,0.0,0.0,1.0,0.0,0.0,1.0
29,200,9.852958921687172,3.1165119914423087,1.0,0.0,0.0,0.0,0.0,0.0
0,205,5.244146383828089,0.1134542766142474,1.0,0.0,0.0,0.0,0.0,0.0
1,205,11.474628970872796,9.895474719565604,0.0,0.0,1.0,0.0,1.0,0.0
2,205,0.0,0.9341894464926273,1.0,1.0,0.0,1.0,0.0,1.0
3,205,0.0,4.143385083016886,1.0,0.0,1.0,0.0,0.0,0.0
4,205,7.027599962427461,7.755791822324092,1.0,1.0,0.0,1.0,1.0,0.0
5,205,4.214693583235358,7.470202968645484,0.0,0.0,0.0,1.0,0.0,0.0
6,205,0.0,9.615330114999066,1.0,0.0,0.0,0.0,0.0,0.0
7,205,10.080682516961142,5.548574928909607,1.0,0.0,0.0,1.0,1.0,0.0
8,205,3.642691421363928,5.195148260902005,0.0,1.0,0.0,1.0,1.0,0.0
9,205,8.57372072229995,4.970684979439664,0.0,0.0,0.0,1.0,0.0,0.0
10,205,3.298941528654377,0.8503468888227267,0.0,1.0,0.0,1.0,0.0,0.0
11,205,3.045216533642046,7.530793250372441,0.0,0.0,0.0,1.0,1.0,0.0
12,205,7.991228079296935,4.29612291645374,0.0,0.0,0.0,1.0,0.0,1.0
13,205,11.988565737947471,4.009619336289597,0.0,0.0,1.0,0.0,0.0,0.0
14,205,8.094920104334795,5.43160195514814,0.0,1.0,0.0,0.0,1.0,1.0
15,205,10.027417748549734,3.4252487886157805,0.0,0.0,0.0,0.0,1.0,0.0
16,205,9.773066074611265,11.191526752856875,1.0,0.0,0.0,0.0,1.0,1.0
17,205,11.944600615774965,10.706603590665877,1.0,0.0,0.0,0.0,0.0,1.0
18,205,3.3519901471780327,4.4995889021737785,0.0,0.0,0.0,0.0,0.0,1.0
19,205,10.41609247807814,0.6662342243759329,0.0,0.0,1.0,0.0,0.0,0.0
20,205,6.16885050979565,11.695701822583594,0.0,0.0,0.0,0.0,0.0,1.0
21,205,8.802373206755712,3.8771966471956936,0.0,0.0,0.0,0.0,1.0,0.0
22,205,10.398322497835547,3.1234957872848166,1.0,0.0,0.0,0.0,0.0,1.0
23,205,7.077050739819456,1.6750608781393983,0.0,1.0,0.0,0.0,0.0,1.0
24,205,8.91654177622023,8.091069844913408,0.0,1.0,0.0,0.0,1.0,0.0
25,205,4.29531222386876,12.0,0.0,0.0,1.0,0.0,1.0,0.0
26,205,11.330322171239851,4.881063090433014,0.0,0.0,0.0,0.0,0.0,1.0
27,205,9.780907122614147,0.0,1.0,0.0,0.0,0.0,0.0,0.0
28,205,12.0,10.983287723618202,0.0,0.0,1.0,0.0,0.0,1.0
29,205,9.83665210116114,2.9773472175531968,1.0,0.0,0.0,0.0,0.0,0.0
0,210,5.237944810345488,0.1544161739840202,1.0,0.0,0.0,0.0,0.0,0.0
1,210,11.568599816627906,9.897007811961862,0.0,0.0,1.0,0.0,1.0,0.0
2,210,0.0,0.8566547057723586,1.0,1.0,0.0,1.0,0.0,1.0
3,210,0.0,4.141428707135234,1.0,0.0,1.0,0.0,0.0,0.0
4,210,7.005492847930954,7.696203888657112,1.0,1.0,0.0,1.0,1.0,0.0
5,210,4.210495501851088,7.478128837557422,0.0,0.0,0.0,1.0,0.0,0.0
6,210,0.0,9.652967349786492,1.0,0.0,0.0,0.0,0.0,0.0
7,210,10.092599817810637,5.590330883012238,1.0,0.0,0.0,1.0,1.0,0.0
8,210,3.49753627925894,5.314910961999368,0.0,1.0,0.0,1.0,1.0,0.0
9,210,8.497105084586636,4.923034877008827,0.0,0.0,0.0,1.0,0.0,0.0
10,210,3.1879640389536408,0.8440161733228958,0.0,1.0,0.0,1.0,0.0,0.0
11,210,3.045499179318565,7.528488292230043,0.0,0.0,0.0,1.0,1.0,0.0
12,210,7.952040397602252,4.399586300974993,0.0,0.0,0.0,1.0,0.0,1.0
13,210,11.977021811872904,4.008263859500353,0.0,0.0,1.0,0.0,0.0,0.0
14,210,8.106464543038962,5.241370630168109,0.0,1.0,0.0,0.0,1.0,1.0
15,210,10.02972989227774,3.4257164746605238,0.0,0.0,0.0,0.0,1.0,0.0
16,210,9.704437602675672,11.25590743192894,1.0,0.0,0.0,0.0,1.0,1.0
17,210,11.943770056710443,10.70815944664536,1.0,0.0,0.0,0.0,0.0,1.0
18,210,3.357087481231761,4.4651089403161945,0.0,0.0,0.0,0.0,0.0,1.0
19,210,10.40655396300783,0.6309262277313407,0.0,0.0,1.0,0.0,0.0,0.0
20,210,6.067925600806742,11.694561494540546,0.0,0.0,0.0,0.0,0.0,1.0
21,210,8.889230154091617,3.987705233062609,0.0,0.0,0.0,0.0,1.0,0.0
22,210,10.607257976942854,3.127175851761644,1.0,0.0,0.0,0.0,0.0,1.0
23,210,7.089340520012436,1.6832718683988173,0.0,1.0,0.0,0.0,0.0,1.0
24,210,8.872397604332022,8.121422746359599,0.0,1.0,0.0,0.0,1.0,0.0
25,210,4.269852068120242,12.0,0.0,0.0,1.0,0.0,1.0,0.0
26,210,11.413230520766652,4.794488331470616,0.0,0.0,0.0,0.0,0.0,1.0
27,210,9.759146518662604,0.0,1.0,0.0,0.0,0.0,0.0,0.0
28,210,12.0,11.028414777064883,0.0,0.0,1.0,0.0,0.0,1.0
29,210,9.820677393720882,2.8091833644835207,1.0,0.0,0.0,0.0,0.0,0.0
0,215,5.231411509141267,0.1985639752559411,1.0,0.0,0.0,0.0,0.0,0.0
1,215,11.639069585186997,9.900313936584933,0.0,0.0,1.0,0.0,1.0,0.0
2,215,0.0,0.7751356735442808,1.0,1.0,0.0,1.0,0.0,1.0
3,215,0.0,4.136291647447767,1.0,0.0,1.0,0.0,0.0,0.0
4,215,6.994828181264455,7.666759034741166,1.0,1.0,0.0,1.0,1.0,0.0
5,215,4.206934666340117,7.485016662948528,0.0,0.0,0.0,1.0,0.0,0.0
6,215,0.0,9.684913459827907,1.0,0.0,0.0,0.0,0.0,0.0
7,215,10.1034191410063,5.626132449131333,1.0,0.0,0.0,1.0,1.0,0.0
8,215,3.36246378683206,5.423612438639125,0.0,1.0,0.0,1.0,1.0,0.0
9,215,8.43384397930073,4.885025793149552,0.0,0.0,0.0,1.0,0.0,0.0
10,215,3.0779023547033293,0.8402823726296815,0.0,1.0,0.0,1.0,0.0,0.0
11,215,3.0453553901901698,7.529414931356093,0.0,0.0,0.0,1.0,1.0,0.0
12,215,7.910375501975142,4.503591502619559,0.0,0.0,0.0,1.0,0.0,1.0
13,215,11.983567190220947,4.008856627851172,0.0,0.0,1.0,0.0,0.0,0.0
14,215,8.120287263796827,5.0670392369978,0.0,1.0,0.0,0.0,1.0,1.0
15,215,10.029618392055248,3.425691992497533,0.0,0.0,0.0,0.0,1.0,0.0
16,215,9.633807204380496,11.32058596929732,1.0,0.0,0.0,0.0,1.0,1.0
17,215,11.933687841473494,10.72643206605581,1.0,0.0,0.0,0.0,0.0,1.0
18,215,3.3600665417947777,4.442698524169146,0.0,0.0,0.0,0.0,0.0,1.0
19,215,10.394447776270953,0.5849051723674233,0.0,0.0,1.0,0.0,0.0,0.0
20,215,5.987659960077779,11.695145025575176,0.0,0.0,0.0,0.0,0.0,1.0
21,215,8.981040046222102,4.099941016512602,0.0,0.0,0.0,0.0,1.0,0.0
22,215,10.819356408934176,3.1257240848955195,1.0,0.0,0.0,0.0,0.0,1.0
23,215,7.113452463534981,1.7002915864692774,0.0,1.0,0.0,0.0,0.0,1.0
24,215,8.826176757859587,8.15364043758563,0.0,1.0,0.0,0.0,1.0,0.0
25,215,4.248836140203839,12.0,0.0,0.0,1.0,0.0,1.0,0.0
26,215,11.488344004333658,4.714942386607631,0.0,0.0,0.0,0.0,0.0,1.0
27,215,9.739612390748963,0.0,1.0,0.0,0.0,0.0,0.0,0.0
28,215,12.0,11.083911029585678,0.0,0.0,1.0,0.0,0.0,1.0
29,215,9.804899166346306,2.645572636563152,1.0,0.0,0.0,0.0,0.0,0.0
0,220,5.223023792880811,0.2549879253992375,1.0,0.0,0.0,0.0,0.0,0.0
1,220,11.712922691343593,9.903038346002305,0.0,0.0,1.0,0.0,1.0,0.0
2,220,0.0,0.690998480601579,1.0,1.0,0.0,1.0,0.0,1.0
3,220,0.0,4.134384507871284,1.0,0.0,1.0,0.0,0.0,0.0
4,220,6.983453239035487,7.634189306574181,1.0,1.0,0.0,1.0,1.0,0.0
5,220,4.2122774854297775,7.47485354037077,0.0,0.0,0.0,1.0,0.0,0.0
6,220,0.0,9.738378187330236,1.0,0.0,0.0,0.0,0.0,0.0
7,220,10.113517661469816,5.659019925712073,1.0,0.0,0.0,1.0,1.0,0.0
8,220,3.2316269531646484,5.534678359338205,0.0,1.0,0.0,1.0,1.0,0.0
9,220,8.372476073930994,4.848731440765158,0.0,0.0,0.0,1.0,0.0,0.0
10,220,2.967338367906912,0.8309464435100457,0.0,1.0,0.0,1.0,0.0,0.0
11,220,3.0481601278778663,7.513603823313008,0.0,0.0,0.0,1.0,1.0,0.0
12,220,7.86360205324088,4.615460107703433,0.0,0.0,0.0,1.0,0.0,1.0
13,220,11.999754002400154,4.010542626004924,0.0,0.0,1.0,0.0,0.0,0.0
14,220,8.131343009824556,4.861204543391772,0.0,1.0,0.0,0.0,1.0,1.0
15,220,10.015838940948829,3.422739355352478,0.0,0.0,0.0,0.0,1.0,0.0
16,220,9.572285160405468,11.373827169567148,1.0,0.0,0.0,0.0,1.0,1.0
17,220,11.920019658139925,10.753190386959025,1.0,0.0,0.0,0.0,0.0,1.0
18,220,3.3617191214697097,4.43113187626036,0.0,0.0,0.0,0.0,0.0,1.0
19,220,10.38743558220435,0.5602227889128398,0.0,0.0,1.0,0.0,0.0,0.0
20,220,5.898294748866716,11.693881388014963,0.0,0.0,0.0,0.0,0.0,1.0
21,220,9.076906746355975,4.217951136573732,0.0,0.0,0.0,0.0,1.0,0.0
22,220,11.029980518174217,3.1212423121285817,1.0,0.0,0.0,0.0,0.0,1.0
23,220,7.142090675560042,1.7209367008708825,0.0,1.0,0.0,0.0,0.0,1.0
24,220,8.767909150227805,8.195972205823486,0.0,1.0,0.0,0.0,1.0,0.0
25,220,4.241508073719336,12.0,0.0,0.0,1.0,0.0,1.0,0.0
26,220,11.569834021281796,4.627270778912071,0.0,0.0,0.0,0.0,0.0,1.0
27,220,9.715530351796277,0.0,1.0,0.0,0.0,0.0,0.0,0.0
28,220,12.0,11.13578308679707,0.0,0.0,1.0,0.0,0.0,1.0
29,220,9.790898372402983,2.4745974448648407,1.0,0.0,0.0,0.0,0.0,0.0
0,225,5.214148144580866,0.3167580317743496,1.0,0.0,0.0,0.0,0.0,0.0
1,225,11.773319392076491,9.906739472316533,0.0,0.0,1.0,0.0,1.0,0.0
2,225,0.0,0.6075234014171684,1.0,1.0,0.0,1.0,0.0,1.0
3,225,0.0,4.134255077290003,1.0,0.0,1.0,0.0,0.0,0.0
4,225,6.968028698707185,7.5912768619258495,1.0,1.0,0.0,1.0,1.0,0.0
5,225,4.209947536492441,7.479249017408289,0.0,0.0,0.0,1.0,0.0,0.0
6,225,0.0,9.794187706598114,1.0,0.0,0.0,0.0,0.0,0.0
7,225,10.131543762371338,5.715745694497118,1.0,0.0,0.0,1.0,1.0,0.0
8,225,3.104896969152727,5.642347695443843,0.0,1.0,0.0,1.0,1.0,0.0
9,225,8.311460091405507,4.81221088511022,0.0,0.0,0.0,1.0,0.0,0.0
10,225,2.859468659415152,0.8219401289041106,0.0,1.0,0.0,1.0,0.0,0.0
11,225,3.0523813499657324,7.49273020457403,0.0,0.0,0.0,1.0,1.0,0.0
12,225,7.822158829722793,4.7137671684730496,0.0,0.0,0.0,1.0,0.0,1.0
13,225,12.0,4.010823373859843,0.0,0.0,1.0,0.0,0.0,0.0
14,225,8.140214980192106,4.658140009930488,0.0,1.0,0.0,0.0,1.0,1.0
15,225,10.002023109762904,3.420061927322007,0.0,0.0,0.0,0.0,1.0,0.0
16,225,9.513500936800016,11.42380673151438,1.0,0.0,0.0,0.0,1.0,1.0
17,225,11.908248303685488,10.77575871456424,1.0,0.0,0.0,0.0,0.0,1.0
18,225,3.365092605803237,4.410999947879696,0.0,0.0,0.0,0.0,0.0,1.0
19,225,10.380996687417731,0.5356190801536359,0.0,0.0,1.0,0.0,0.0,0.0
20,225,5.780799936209495,11.695795471091964,0.0,0.0,0.0,0.0,0.0,1.0
21,225,9.175968500037175,4.341623123882193,0.0,0.0,0.0,0.0,1.0,0.0
22,225,11.231434378459502,3.1175366535013427,1.0,0.0,0.0,0.0,0.0,1.0
23,225,7.189112368455331,1.755089990160013,0.0,1.0,0.0,0.0,0.0,1.0
24,225,8.714261646176409,8.23680798275812,0.0,1.0,0.0,0.0,1.0,0.0
25,225,4.244055832783535,11.99634903107207,0.0,0.0,1.0,0.0,1.0,0.0
26,225,11.629804211962972,4.565038304747515,0.0,0.0,0.0,0.0,0.0,1.0
27,225,9.683442790940616,0.0,1.0,0.0,0.0,0.0,0.0,0.0
28,225,12.0,11.191381143421518,0.0,0.0,1.0,0.0,0.0,1.0
29,225,9.776318716406314,2.303417280554065,1.0,0.0,0.0,0.0,0.0,0.0
0,230,5.205576988759546,0.3749439022114766,1.0,0.0,0.0,0.0,0.0,0.0
1,230,11.83625526036268,9.91119587441645,0.0,0.0,1.0,0.0,1.0,0.0
2,230,0.0,0.5362068428437142,1.0,1.0,0.0,1.0,0.0,1.0
3,230,0.0083936842401448,4.134971204347134,1.0,0.0,1.0,0.0,0.0,0.0
4,230,6.945921893943934,7.530986141895311,1.0,1.0,0.0,1.0,1.0,0.0
5,230,4.207364170656112,7.484276788123783,0.0,0.0,0.0,1.0,0.0,0.0
6,230,0.0,9.850386316830278,1.0,0.0,0.0,0.0,0.0,0.0
7,230,10.15298931848798,5.782898674550284,1.0,0.0,0.0,1.0,1.0,0.0
8,230,2.976711586362827,5.750669993246392,0.0,1.0,0.0,1.0,1.0,0.0
9,230,8.24226110465517,4.772356405376824,0.0,0.0,0.0,1.0,0.0,0.0
10,230,2.759014104806336,0.8164151866374585,0.0,1.0,0.0,1.0,0.0,0.0
11,230,3.055552498868302,7.47688357694911,0.0,0.0,0.0,1.0,1.0,0.0
12,230,7.780901878064616,4.809371177453805,0.0,0.0,0.0,1.0,0.0,1.0
13,230,11.98543733698729,4.009009602087757,0.0,0.0,1.0,0.0,0.0,0.0
14,230,8.150441103292193,4.446967806646039,0.0,1.0,0.0,0.0,1.0,1.0
15,230,9.980878255671628,3.416526279332499,0.0,0.0,0.0,0.0,1.0,0.0
16,230,9.457606523854002,11.470335862903204,1.0,0.0,0.0,0.0,1.0,1.0
17,230,11.900419950084183,10.791605259319896,1.0,0.0,0.0,0.0,0.0,1.0
18,230,3.373236436050006,4.3674938167542985,0.0,0.0,0.0,0.0,0.0,1.0
19,230,10.373535714225952,0.5090077652327545,0.0,0.0,1.0,0.0,0.0,0.0
20,230,5.680439231897609,11.69957184821321,0.0,0.0,0.0,0.0,0.0,1.0
21,230,9.267230425205678,4.454231034983335,0.0,0.0,0.0,0.0,1.0,0.0
22,230,11.429389243189124,3.1140723434513107,1.0,0.0,0.0,0.0,0.0,1.0
23,230,7.254903661631795,1.7989809159103345,0.0,1.0,0.0,0.0,0.0,1.0
24,230,8.67194205589175,8.26841456420295,0.0,1.0,0.0,0.0,1.0,0.0
25,230,4.2377510623558985,12.0,0.0,0.0,1.0,0.0,1.0,0.0
26,230,11.69813409583128,4.492597266097986,0.0,0.0,0.0,0.0,0.0,1.0
27,230,9.65182379523511,0.0,1.0,0.0,0.0,0.0,0.0,0.0
28,230,12.0,11.24380944241449,0.0,0.0,1.0,0.0,0.0,1.0
29,230,9.762833991741264,2.128614373911769,1.0,0.0,0.0,0.0,0.0,0.0
0,235,5.197622332694539,0.4334668971705472,1.0,0.0,0.0,0.0,0.0,0.0
1,235,11.914628492338204,9.915536463130104,0.0,0.0,1.0,0.0,1.0,0.0
2,235,0.0,0.467824011579665,1.0,1.0,0.0,1.0,0.0,1.0
3,235,0.0167006959006979,4.13578856426778,1.0,0.0,1.0,0.0,0.0,0.0
4,235,6.908432344877938,7.439719819103545,1.0,1.0,0.0,1.0,1.0,0.0
5,235,4.206572697477852,7.485858669977725,0.0,0.0,0.0,1.0,0.0,0.0
6,235,0.0,9.915336083928327,1.0,0.0,0.0,0.0,0.0,0.0
7,235,10.177624985043744,5.857630889473171,1.0,0.0,0.0,1.0,1.0,0.0
8,235,2.856812606929783,5.854787070533277,0.0,1.0,0.0,1.0,1.0,0.0
9,235,8.166356925953606,4.72834652590541,0.0,0.0,0.0,1.0,0.0,0.0
10,235,2.636466749419217,0.8087411644629565,0.0,1.0,0.0,1.0,0.0,0.0
11,235,3.057792579949916,7.465745247489392,0.0,0.0,0.0,1.0,1.0,0.0
12,235,7.733156103102741,4.92465260375732,0.0,0.0,0.0,1.0,0.0,1.0
13,235,11.97240571413716,4.007265164030528,0.0,0.0,1.0,0.0,0.0,0.0
14,235,8.15378999150173,4.269263478183106,0.0,1.0,0.0,0.0,1.0,1.0
15,235,9.9310161013294,3.406848379348425,0.0,0.0,0.0,0.0,1.0,0.0
16,235,9.39258595226078,11.525931898484592,1.0,0.0,0.0,0.0,1.0,1.0
17,235,11.904946143797432,10.782034132118143,1.0,0.0,0.0,0.0,0.0,1.0
18,235,3.380765656945311,4.331308405537722,0.0,0.0,0.0,0.0,0.0,1.0
19,235,10.36452376321598,0.4768264752679372,0.0,0.0,1.0,0.0,0.0,0.0
20,235,5.587601330476784,11.700399196826996,0.0,0.0,0.0,0.0,0.0,1.0
21,235,9.368022788512407,4.574024166556878,0.0,0.0,0.0,0.0,1.0,0.0
22,235,11.62538313560298,3.1145350102118723,1.0,0.0,0.0,0.0,0.0,1.0
23,235,7.316008768438231,1.8385045663701047,0.0,1.0,0.0,0.0,0.0,1.0
24,235,8.635804442447984,8.29593203891944,0.0,1.0,0.0,0.0,1.0,0.0
25,235,4.233910805554818,12.0,0.0,0.0,1.0,0.0,1.0,0.0
26,235,11.766316707604863,4.422543126109031,0.0,0.0,0.0,0.0,0.0,1.0
27,235,9.626010053136367,0.0,1.0,0.0,0.0,0.0,0.0,0.0
28,235,12.0,11.301577068606926,0.0,0.0,1.0,0.0,0.0,1.0
29,235,9.746207336931551,1.9380244205702968,1.0,0.0,0.0,0.0,0.0,0.0
0,240,5.190500866733807,0.4846114772062791,1.0,0.0,0.0,0.0,0.0,0.0
1,240,11.989145927007115,9.917335250216444,0.0,0.0,1.0,0.0,1.0,0.0
2,240,0.0,0.4101565874438698,1.0,1.0,0.0,1.0,0.0,1.0
3,240,0.0429448251288225,4.13946006480507,1.0,0.0,1.0,0.0,0.0,0.0
4,240,6.87815986075819,7.362535606437114,1.0,1.0,0.0,1.0,1.0,0.0
5,240,4.216238869293816,7.465864554127605,0.0,0.0,0.0,1.0,0.0,0.0
6,240,0.0,9.98250646019332,1.0,0.0,0.0,0.0,0.0,0.0
7,240,10.20842818039009,5.955051737101915,1.0,0.0,0.0,1.0,1.0,0.0
8,240,2.728989747909656,5.962967787566553,0.0,1.0,0.0,1.0,1.0,0.0
9,240,8.094809687134678,4.687544707872089,0.0,0.0,0.0,1.0,0.0,0.0
10,240,2.5149557899402404,0.7989126455379052,0.0,1.0,0.0,1.0,0.0,0.0
11,240,3.0558701494152096,7.474517280260886,0.0,0.0,0.0,1.0,1.0,0.0
12,240,7.694598135742988,5.02017898277724,0.0,0.0,0.0,1.0,0.0,1.0
13,240,11.93773926458081,4.003073329488941,0.0,0.0,1.0,0.0,0.0,0.0
14,240,8.156020556321153,4.094435936822231,0.0,1.0,0.0,0.0,1.0,1.0
15,240,9.879216194398309,3.3977485264080496,0.0,0.0,0.0,0.0,1.0,0.0
16,240,9.321970590069954,11.589559160139173,1.0,0.0,0.0,0.0,1.0,1.0
17,240,11.900296027322518,10.792275739982694,1.0,0.0,0.0,0.0,0.0,1.0
18,240,3.38848326780032,4.290274400032176,0.0,0.0,0.0,0.0,0.0,1.0
19,240,10.334311867409763,0.4842924151588065,0.0,0.0,1.0,0.0,0.0,0.0
20,240,5.487797984257574,11.703133096501192,0.0,0.0,0.0,0.0,0.0,1.0
21,240,9.47535335709162,4.700266606734472,0.0,0.0,0.0,0.0,1.0,0.0
22,240,11.82816219774873,3.1215331320186426,1.0,0.0,0.0,0.0,0.0,1.0
23,240,7.365238666714417,1.8692922816803488,0.0,1.0,0.0,0.0,0.0,1.0
24,240,8.559252617515074,8.357219157856264,0.0,1.0,0.0,0.0,1.0,0.0
25,240,4.233464858430177,12.0,0.0,0.0,1.0,0.0,1.0,0.0
26,240,11.83117046914426,4.355015241081897,0.0,0.0,0.0,0.0,0.0,1.0
27,240,9.59414548356857,0.0,1.0,0.0,0.0,0.0,0.0,0.0
28,240,12.0,11.358190063134286,0.0,0.0,1.0,0.0,0.0,1.0
29,240,9.722531977301148,1.729321371155145,1.0,0.0,0.0,0.0,0.0,0.0
0,245,5.186111029980554,0.5274923935043113,1.0,0.0,0.0,0.0,0.0,0.0
1,245,12.0,9.921727951149895,0.0,0.0,1.0,0.0,1.0,0.0
2,245,0.0,0.3478472943483181,1.0,1.0,0.0,1.0,0.0,1.0
3,245,0.0726516562170807,4.14387216254917,1.0,0.0,1.0,0.0,0.0,0.0
4,245,6.850416967137892,7.286525259693144,1.0,1.0,0.0,1.0,1.0,0.0
5,245,4.212711489535065,7.473101292500565,0.0,0.0,0.0,1.0,0.0,0.0
6,245,0.0,10.043092861826151,1.0,0.0,0.0,0.0,0.0,0.0
7,245,10.232673805554835,6.041904240616473,1.0,0.0,0.0,1.0,1.0,0.0
8,245,2.594615430108645,6.079982373849803,0.0,1.0,0.0,1.0,1.0,0.0
9,245,8.031987598537404,4.652349692343453,0.0,0.0,0.0,1.0,0.0,0.0
10,245,2.389787105553456,0.7865612323963869,0.0,1.0,0.0,1.0,0.0,0.0
11,245,3.0554979318023268,7.476372905646388,0.0,0.0,0.0,1.0,1.0,0.0
12,245,7.66106114107186,5.107035553953129,0.0,0.0,0.0,1.0,0.0,1.0
13,245,11.908845186747058,4.000639392486324,0.0,0.0,1.0,0.0,0.0,0.0
14,245,8.16450636822475,3.9285130072846615,0.0,1.0,0.0,0.0,1.0,1.0
15,245,9.83441068568321,3.389994382639355,0.0,0.0,0.0,0.0,1.0,0.0
16,245,9.243361420554033,11.660703013133444,1.0,0.0,0.0,0.0,1.0,1.0
17,245,11.899292964209936,10.79455796332626,1.0,0.0,0.0,0.0,0.0,1.0
18,245,3.3928965316189466,4.264761398617987,0.0,0.0,0.0,0.0,0.0,1.0
19,245,10.312879588446515,0.4899687851900939,0.0,0.0,1.0,0.0,0.0,0.0
20,245,5.390669414301401,11.704181775693057,0.0,0.0,0.0,0.0,0.0,1.0
21,245,9.588567143222216,4.83767118786516,0.0,0.0,0.0,0.0,1.0,0.0
22,245,12.0,3.1400992999424893,1.0,0.0,0.0,0.0,0.0,1.0
23,245,7.440132332197366,1.916979097767237,0.0,1.0,0.0,0.0,0.0,1.0
24,245,8.477507892950545,8.424638476885905,0.0,1.0,0.0,0.0,1.0,0.0
25,245,4.23251242424254,12.0,0.0,0.0,1.0,0.0,1.0,0.0
26,245,11.879177497088753,4.300382074300676,0.0,0.0,0.0,0.0,0.0,1.0
27,245,9.562154881381694,0.0,1.0,0.0,0.0,0.0,0.0,0.0
28,245,12.0,11.420361159239889,0.0,0.0,1.0,0.0,0.0,1.0
29,245,9.699229098193465,1.5361745039962995,1.0,0.0,0.0,0.0,0.0,0.0
0,250,5.179873662633959,0.5804650294524895,1.0,0.0,0.0,0.0,0.0,0.0
1,250,12.0,9.92235076283819,0.0,0.0,1.0,0.0,1.0,0.0
2,250,0.0,0.3038836486649328,1.0,1.0,0.0,1.0,0.0,1.0
3,250,0.0931266670702874,4.146688204821371,1.0,0.0,1.0,0.0,0.0,0.0
4,250,6.821592410824416,7.208654115770498,1.0,1.0,0.0,1.0,1.0,0.0
5,250,4.20945206886708,7.479379738994632,0.0,0.0,0.0,1.0,0.0,0.0
6,250,0.0,10.103549619991488,1.0,0.0,0.0,0.0,0.0,0.0
7,250,10.246940243574912,6.093460590980922,1.0,0.0,0.0,1.0,1.0,0.0
8,250,2.4571637604640744,6.2008773835381845,0.0,1.0,0.0,1.0,1.0,0.0
9,250,7.9595343926735325,4.611885397813623,0.0,0.0,0.0,1.0,0.0,0.0
10,250,2.27332620343304,0.7758932833763293,0.0,1.0,0.0,1.0,0.0,0.0
11,250,3.0571000984548395,7.469260691354251,0.0,0.0,0.0,1.0,1.0,0.0
12,250,7.63751347966737,5.171217688707425,0.0,0.0,0.0,1.0,0.0,1.0
13,250,11.86455377787989,3.9982813463554634,0.0,0.0,1.0,0.0,0.0,0.0
14,250,8.168928465042338,3.739325909800847,0.0,1.0,0.0,0.0,1.0,1.0
15,250,9.80910416406663,3.3854087979435064,0.0,0.0,0.0,0.0,1.0,0.0
16,250,9.15826965325118,11.73615279345267,1.0,0.0,0.0,0.0,1.0,1.0
17,250,11.899784680459694,10.793415495779527,1.0,0.0,0.0,0.0,0.0,1.0
18,250,3.399084265042277,4.215717975555309,0.0,0.0,0.0,0.0,0.0,1.0
19,250,10.304247434072636,0.4923554532577446,0.0,0.0,1.0,0.0,0.0,0.0
20,250,5.2950255063224905,11.705156724339536,0.0,0.0,0.0,0.0,0.0,1.0
21,250,9.703461350574312,4.975513063222894,0.0,0.0,0.0,0.0,1.0,0.0
22,250,12.0,3.160796227614203,1.0,0.0,0.0,0.0,0.0,1.0
23,250,7.513385344592297,1.965090570948104,0.0,1.0,0.0,0.0,0.0,1.0
24,250,8.394001309707852,8.48855697970033,0.0,1.0,0.0,0.0,1.0,0.0
25,250,4.22234360546988,12.0,0.0,0.0,1.0,0.0,1.0,0.0
26,250,11.925154177017925,4.248101751954905,0.0,0.0,0.0,0.0,0.0,1.0
27,250,9.53185079438313,0.0,1.0,0.0,0.0,0.0,0.0,0.0
28,250,12.0,11.48117565312108,0.0,0.0,1.0,0.0,0.0,1.0
29,250,9.671867740296694,1.3112993547122902,1.0,0.0,0.0,0.0,0.0,0.0
0,255,5.17392121342843,0.6327854798280091,1.0,0.0,0.0,0.0,0.0,0.0
1,255,12.0,9.924650340952974,0.0,0.0,1.0,0.0,1.0,0.0
2,255,0.0,0.2616002254908721,1.0,1.0,0.0,1.0,0.0,1.0
3,255,0.1049142278522967,4.148417104034136,1.0,0.0,1.0,0.0,0.0,0.0
4,255,6.789887179921831,7.128951398672005,1.0,1.0,0.0,1.0,1.0,0.0
5,255,4.2240243716519,7.486631784814265,0.0,0.0,0.0,1.0,0.0,0.0
6,255,0.0,10.159674954814614,1.0,0.0,0.0,0.0,0.0,0.0
7,255,10.266591823116851,6.159119699684036,1.0,0.0,0.0,1.0,1.0,0.0
8,255,2.328922169124262,6.317423684722955,0.0,1.0,0.0,1.0,1.0,0.0
9,255,7.863319480081031,4.556258842175215,0.0,0.0,0.0,1.0,0.0,0.0
10,255,2.1612565606729177,0.7639408903852258,0.0,1.0,0.0,1.0,0.0,0.0
11,255,3.0573341321467145,7.468258890804176,0.0,0.0,0.0,1.0,1.0,0.0
12,255,7.609257875022787,5.245743972509357,0.0,0.0,0.0,1.0,0.0,1.0
13,255,11.839036349861589,3.996589114867768,0.0,0.0,1.0,0.0,0.0,0.0
14,255,8.17966873827817,3.540771727170535,0.0,1.0,0.0,0.0,1.0,1.0
15,255,9.80221979009793,3.384268659880151,0.0,0.0,0.0,0.0,1.0,0.0
16,255,9.05868440907058,11.827164157932907,1.0,0.0,0.0,0.0,1.0,1.0
17,255,11.902779239250991,10.78661363683252,1.0,0.0,0.0,0.0,0.0,1.0
18,255,3.4064187736756857,4.144233876797123,0.0,0.0,0.0,0.0,0.0,1.0
19,255,10.287913096630326,0.4967933314204952,0.0,0.0,1.0,0.0,0.0,0.0
20,255,5.197740252124197,11.705112804244903,0.0,0.0,0.0,0.0,0.0,1.0
21,255,9.802720910728992,5.098721235258951,0.0,0.0,0.0,0.0,1.0,0.0
22,255,12.0,3.184698694105189,1.0,0.0,0.0,0.0,0.0,1.0
23,255,7.595696250811862,2.019391534768323,0.0,1.0,0.0,0.0,0.0,1.0
24,255,8.310205827612759,8.553425597280928,0.0,1.0,0.0,0.0,1.0,0.0
25,255,4.212334893990714,12.0,0.0,0.0,1.0,0.0,1.0,0.0
26,255,11.976395836442528,4.188555084005087,0.0,0.0,0.0,0.0,0.0,1.0
27,255,9.504117669953708,0.0,1.0,0.0,0.0,0.0,0.0,0.0
28,255,12.0,11.548614920117505,0.0,0.0,1.0,0.0,0.0,1.0
29,255,9.644280235347312,1.070200277070744,1.0,0.0,0.0,0.0,0.0,0.0
0,260,5.166598503151555,0.6911330026397381,1.0,0.0,0.0,0.0,0.0,0.0
1,260,12.0,9.929466114345448,0.0,0.0,1.0,0.0,1.0,0.0
2,260,0.0,0.2156328810734287,1.0,1.0,0.0,1.0,0.0,1.0
3,260,0.1067543313338125,4.148637540626329,1.0,0.0,1.0,0.0,0.0,0.0
4,260,6.749992844731766,7.035682431935408,1.0,1.0,0.0,1.0,1.0,0.0
5,260,4.242932111955287,7.49606878729582,0.0,0.0,0.0,1.0,0.0,0.0
6,260,0.0,10.212460413626223,1.0,0.0,0.0,0.0,0.0,0.0
7,260,10.282309065275784,6.21135906188297,1.0,0.0,0.0,1.0,1.0,0.0
8,260,2.204443407755876,6.430990790254436,0.0,1.0,0.0,1.0,1.0,0.0
9,260,7.760483343741691,4.500659254579846,0.0,0.0,0.0,1.0,0.0,0.0
10,260,2.0320513106424483,0.7534469358633024,0.0,1.0,0.0,1.0,0.0,0.0
11,260,3.05528175449502,7.477257554272797,0.0,0.0,0.0,1.0,1.0,0.0
12,260,7.5748238674135004,5.326579365124845,0.0,0.0,0.0,1.0,0.0,1.0
13,260,11.81756506922836,3.995010189971535,0.0,0.0,1.0,0.0,0.0,0.0
14,260,8.190782354351388,3.35800395752027,0.0,1.0,0.0,0.0,1.0,1.0
15,260,9.771102770627015,3.3790123523544056,0.0,0.0,0.0,0.0,1.0,0.0
16,260,8.962760425951132,11.916948375033698,1.0,0.0,0.0,0.0,1.0,1.0
17,260,11.905964379734304,10.779375618863522,1.0,0.0,0.0,0.0,0.0,1.0
18,260,3.4137349469208567,4.078063834386177,0.0,0.0,0.0,0.0,0.0,1.0
19,260,10.269004726729689,0.5022752239172508,0.0,0.0,1.0,0.0,0.0,0.0
20,260,5.102385411401927,11.706834519254514,0.0,0.0,0.0,0.0,0.0,1.0
21,260,9.905615057124225,5.228628057881635,0.0,0.0,0.0,0.0,1.0,0.0
22,260,12.0,3.210424123741209,1.0,0.0,0.0,0.0,0.0,1.0
23,260,7.674885248366221,2.070485693947483,0.0,1.0,0.0,0.0,0.0,1.0
24,260,8.234566378052138,8.610871919492038,0.0,1.0,0.0,0.0,1.0,0.0
25,260,4.211249252006313,12.0,0.0,0.0,1.0,0.0,1.0,0.0
26,260,12.0,4.149250615408069,0.0,0.0,0.0,0.0,0.0,1.0
27,260,9.480532492696533,0.0,1.0,0.0,0.0,0.0,0.0,0.0
28,260,12.0,11.622083744554288,0.0,0.0,1.0,0.0,0.0,1.0
29,260,9.613034803771464,0.8315775111888373,1.0,0.0,0.0,0.0,0.0,0.0
0,265,5.164770031698299,0.706879799032093,1.0,0.0,0.0,0.0,0.0,0.0
1,265,12.0,9.934083910557687,0.0,0.0,1.0,0.0,1.0,0.0
2,265,0.0,0.1648897115556221,1.0,1.0,0.0,1.0,0.0,1.0
3,265,0.1230062173644538,4.150769637730199,1.0,0.0,1.0,0.0,0.0,0.0
4,265,6.709943213810628,6.944293289171377,1.0,1.0,0.0,1.0,1.0,0.0
5,265,4.26414693605602,7.505838691332944,0.0,0.0,0.0,1.0,0.0,0.0
6,265,0.0415552573037018,10.286137827631324,1.0,0.0,0.0,0.0,0.0,0.0
7,265,10.297259082443192,6.263145730025477,1.0,0.0,0.0,1.0,1.0,0.0
8,265,2.0885039906146123,6.540606780762363,0.0,1.0,0.0,1.0,1.0,0.0
9,265,7.665621299881037,4.4520765501616095,0.0,0.0,0.0,1.0,0.0,0.0
10,265,1.9032244370256317,0.7435654941287763,0.0,1.0,0.0,1.0,0.0,0.0
11,265,3.048931409420347,7.505738287433392,0.0,0.0,0.0,1.0,1.0,0.0
12,265,7.5463991664159344,5.39243566998553,0.0,0.0,0.0,1.0,0.0,1.0
13,265,11.809201282627097,3.994549587971776,0.0,0.0,1.0,0.0,0.0,0.0
14,265,8.20338843164966,3.16617703847155,0.0,1.0,0.0,0.0,1.0,1.0
15,265,9.749351556844523,3.375227795086193,0.0,0.0,0.0,0.0,1.0,0.0
16,265,8.877612308572955,11.995365267686276,1.0,0.0,0.0,0.0,1.0,1.0
17,265,11.915447562484855,10.757759175706491,1.0,0.0,0.0,0.0,0.0,1.0
18,265,3.42091839604804,4.006900316539305,0.0,0.0,0.0,0.0,0.0,1.0
19,265,10.283696846695534,0.4979893394263801,0.0,0.0,1.0,0.0,0.0,0.0
20,265,5.02820583478077,11.708609564032743,0.0,0.0,0.0,0.0,0.0,1.0
21,265,10.007116143793915,5.350813721338752,0.0,0.0,0.0,0.0,1.0,0.0
22,265,12.0,3.2417317993068573,1.0,0.0,0.0,0.0,0.0,1.0
23,265,7.7666914368491,2.1258322734838964,0.0,1.0,0.0,0.0,0.0,1.0
24,265,8.152524848059626,8.673133208429281,0.0,1.0,0.0,0.0,1.0,0.0
25,265,4.202330237333939,12.0,0.0,0.0,1.0,0.0,1.0,0.0
26,265,12.0,4.119984074777006,0.0,0.0,0.0,0.0,0.0,1.0
27,265,9.46006303334508,0.0,1.0,0.0,0.0,0.0,0.0,0.0
28,265,12.0,11.68989524201302,0.0,0.0,1.0,0.0,0.0,1.0
29,265,9.57884454406308,0.5914301980733212,1.0,0.0,0.0,0.0,0.0,0.0
0,270,5.162008259484047,0.7254190499085418,1.0,0.0,0.0,0.0,0.0,0.0
1,270,12.0,9.939843449020984,0.0,0.0,1.0,0.0,1.0,0.0
2,270,0.0,0.1187767546896046,1.0,1.0,0.0,1.0,0.0,1.0
3,270,0.142216114775659,4.153317863824244,1.0,0.0,1.0,0.0,0.0,0.0
4,270,6.664707052185823,6.842946818075055,1.0,1.0,0.0,1.0,1.0,0.0
5,270,4.299413451596035,7.521905261290166,0.0,0.0,0.0,1.0,0.0,0.0
6,270,0.0854617052728851,10.36312849631506,1.0,0.0,0.0,0.0,0.0,0.0
7,270,10.311679617576932,6.316661086394653,1.0,0.0,0.0,1.0,1.0,0.0
8,270,1.985560762186104,6.637514565225545,0.0,1.0,0.0,1.0,1.0,0.0
9,270,7.571721029458159,4.4003464711342,0.0,0.0,0.0,1.0,0.0,0.0
10,270,1.775887191040315,0.7316329415791343,0.0,1.0,0.0,1.0,0.0,0.0
11,270,3.037804890491224,7.555471847448668,0.0,0.0,0.0,1.0,1.0,0.0
12,270,7.517260379278023,5.463393060493715,0.0,0.0,0.0,1.0,0.0,1.0
13,270,11.823734977717388,3.995904947764114,0.0,0.0,1.0,0.0,0.0,0.0
14,270,8.217426990712106,2.988639410673983,0.0,1.0,0.0,0.0,1.0,1.0
15,270,9.720475148702056,3.3706699208503426,0.0,0.0,0.0,0.0,1.0,0.0
16,270,8.792056051922138,12.0,1.0,0.0,0.0,0.0,1.0,1.0
17,270,11.91718678515894,10.753862525590275,1.0,0.0,0.0,0.0,0.0,1.0
18,270,3.428380497929049,3.9405604582415767,0.0,0.0,0.0,0.0,0.0,1.0
19,270,10.310300610660596,0.4902554084089029,0.0,0.0,1.0,0.0,0.0,0.0
20,270,4.971630130292391,11.710715994820372,0.0,0.0,0.0,0.0,0.0,1.0
21,270,10.128074979096006,5.500296180082112,0.0,0.0,0.0,0.0,1.0,0.0
22,270,12.0,3.2639439646153083,1.0,0.0,0.0,0.0,0.0,1.0
23,270,7.8469196966491825,2.171194032204314,0.0,1.0,0.0,0.0,0.0,1.0
24,270,8.10078601492625,8.714549396837214,0.0,1.0,0.0,0.0,1.0,0.0
25,270,4.190319186798488,12.0,0.0,0.0,1.0,0.0,1.0,0.0
26,270,12.0,4.087926061527461,0.0,0.0,0.0,0.0,0.0,1.0
27,270,9.434079471206047,0.0,1.0,0.0,0.0,0.0,0.0,0.0
28,270,12.0,11.75387263537042,0.0,0.0,1.0,0.0,0.0,1.0
29,270,9.547316241449831,0.3368131026976464,1.0,0.0,0.0,0.0,0.0,0.0
0,275,5.157662232261248,0.7595178041591676,1.0,0.0,0.0,0.0,0.0,0.0
1,275,12.0,9.947491827163349,0.0,0.0,1.0,0.0,1.0,0.0
2,275,0.0,0.0683275750133083,1.0,1.0,0.0,1.0,0.0,1.0
3,275,0.1450482427142219,4.126508774816571,1.0,0.0,1.0,0.0,0.0,0.0
4,275,6.612493405720997,6.720383996970741,1.0,1.0,0.0,1.0,1.0,0.0
5,275,4.335630611751034,7.538336403646197,0.0,0.0,0.0,1.0,0.0,0.0
6,275,0.1340796109569857,10.445458821922204,1.0,0.0,0.0,0.0,0.0,0.0
7,275,10.32544992634338,6.366598314083393,1.0,0.0,0.0,1.0,1.0,0.0
8,275,1.8960336144597776,6.718713744985343,0.0,1.0,0.0,1.0,1.0,0.0
9,275,7.469014999642069,4.348527079831553,0.0,0.0,0.0,1.0,0.0,0.0
10,275,1.6531280519808291,0.7210245653458304,0.0,1.0,0.0,1.0,0.0,0.0
11,275,3.0322858747907877,7.581247378947796,0.0,0.0,0.0,1.0,1.0,0.0
12,275,7.48671247271855,5.536373373016433,0.0,0.0,0.0,1.0,0.0,1.0
13,275,11.82314217053069,3.995836626705859,0.0,0.0,1.0,0.0,0.0,0.0
14,275,8.227542409296838,2.8111892339630766,0.0,1.0,0.0,0.0,1.0,1.0
15,275,9.687107466288348,3.3655497889844046,0.0,0.0,0.0,0.0,1.0,0.0
16,275,8.70599327198434,12.0,1.0,0.0,0.0,0.0,1.0,1.0
17,275,11.914778315014278,10.75929020812156,1.0,0.0,0.0,0.0,0.0,1.0
18,275,3.4305184569330325,3.921992946687828,0.0,0.0,0.0,0.0,0.0,1.0
19,275,10.319555804599435,0.4877453436781616,0.0,0.0,1.0,0.0,0.0,0.0
20,275,4.908055917606154,11.712056142761703,0.0,0.0,0.0,0.0,0.0,1.0
21,275,10.252426533357212,5.659510950231528,0.0,0.0,0.0,0.0,1.0,0.0
22,275,12.0,3.287110900408009,1.0,0.0,0.0,0.0,0.0,1.0
23,275,7.90748734085708,2.206418307167323,0.0,1.0,0.0,0.0,0.0,1.0
24,275,8.047550901941808,8.759290244411076,0.0,1.0,0.0,0.0,1.0,0.0
25,275,4.186926282796958,12.0,0.0,0.0,1.0,0.0,1.0,0.0
26,275,12.0,4.066249107303985,0.0,0.0,0.0,0.0,0.0,1.0
27,275,9.405711228552915,0.0,1.0,0.0,0.0,0.0,0.0,0.0
28,275,12.0,11.81930366071947,0.0,0.0,1.0,0.0,0.0,1.0
29,275,9.52510050515929,0.1008031995924878,1.0,0.0,0.0,0.0,0.0,0.0
0,280,5.1534223936305485,0.795633345549904,1.0,0.0,0.0,0.0,0.0,0.0
1,280,12.0,9.954705234518045,0.0,0.0,1.0,0.0,1.0,0.0
2,280,0.0,0.0253968958758194,1.0,1.0,0.0,1.0,0.0,1.0
3,280,0.1471247166788317,4.104032313181522,1.0,0.0,1.0,0.0,0.0,0.0
4,280,6.563377112104362,6.606969360881091,1.0,1.0,0.0,1.0,1.0,0.0
5,280,4.3854148429202064,7.560860014569561,0.0,0.0,0.0,1.0,0.0,0.0
6,280,0.1704061600108012,10.506873127290492,1.0,0.0,0.0,0.0,0.0,0.0
7,280,10.337850374992632,6.416161186485902,1.0,0.0,0.0,1.0,1.0,0.0
8,280,1.8101271228832008,6.795618137537701,0.0,1.0,0.0,1.0,1.0,0.0
9,280,7.374669634198126,4.298358791742134,0.0,0.0,0.0,1.0,0.0,0.0
10,280,1.667098144054061,0.5898005580102424,0.0,1.0,0.0,1.0,0.0,0.0
11,280,3.021854525435272,7.579041889777517,0.0,0.0,0.0,1.0,1.0,0.0
12,280,7.452303040917402,5.619279837372779,0.0,0.0,0.0,1.0,0.0,1.0
13,280,11.838621455931124,3.997844746194101,0.0,0.0,1.0,0.0,0.0,0.0
14,280,8.238645768490008,2.631451245244191,0.0,1.0,0.0,0.0,1.0,1.0
15,280,9.660963277589309,3.3620183476372896,0.0,0.0,0.0,0.0,1.0,0.0
16,280,8.608037753920925,12.0,1.0,0.0,0.0,0.0,1.0,1.0
17,280,11.911353241927948,10.766950540872312,1.0,0.0,0.0,0.0,0.0,1.0
18,280,3.430505887836913,3.92209696943468,0.0,0.0,0.0,0.0,0.0,1.0
19,280,10.317729437333856,0.488253085144045,0.0,0.0,1.0,0.0,0.0,0.0
20,280,4.84826278752224,11.713341983744762,0.0,0.0,0.0,0.0,0.0,1.0
21,280,10.377681392533884,5.8179351547922025,0.0,0.0,0.0,0.0,1.0,0.0
22,280,12.0,3.307013525522514,1.0,0.0,0.0,0.0,0.0,1.0
23,280,7.9609117899064605,2.2398747028255035,0.0,1.0,0.0,0.0,0.0,1.0
24,280,8.006139006512957,8.795508829308037,0.0,1.0,0.0,0.0,1.0,0.0
25,280,4.182123058095256,12.0,0.0,0.0,1.0,0.0,1.0,0.0
26,280,12.0,4.066125073418384,0.0,0.0,0.0,0.0,0.0,1.0
27,280,9.376829852845455,0.0,1.0,0.0,0.0,0.0,0.0,0.0
28,280,12.0,11.87411122902972,0.0,0.0,1.0,0.0,0.0,1.0
29,280,9.501980172328926,0.0,1.0,0.0,0.0,0.0,0.0,0.0
0,285,5.147613797951935,0.8482044616481292,1.0,0.0,0.0,0.0,0.0,0.0
1,285,12.0,9.961114577966244,0.0,0.0,1.0,0.0,1.0,0.0
2,285,0.0,0.0,1.0,1.0,0.0,1.0,0.0,1.0
3,285,0.1484266100413079,4.077341909811639,1.0,0.0,1.0,0.0,0.0,0.0
4,285,6.522438765294721,6.512614413578994,1.0,1.0,0.0,1.0,1.0,0.0
5,285,4.440513005776097,7.586745809271548,0.0,0.0,0.0,1.0,0.0,0.0
6,285,0.1920462012120934,10.54400804923121,1.0,0.0,0.0,0.0,0.0,0.0
7,285,10.350943290871438,6.471985664755219,1.0,0.0,0.0,1.0,1.0,0.0
8,285,1.715723802688122,6.878565657666682,0.0,1.0,0.0,1.0,1.0,0.0
9,285,7.286326474122421,4.251906051746954,0.0,0.0,0.0,1.0,0.0,0.0
10,285,1.6798579563068594,0.4566666915845033,0.0,1.0,0.0,1.0,0.0,0.0
11,285,3.012806632231797,7.577162677332403,0.0,0.0,0.0,1.0,1.0,0.0
12,285,7.416695280474177,5.709940436872477,0.0,0.0,0.0,1.0,0.0,1.0
13,285,11.877305049782985,4.003055029661764,0.0,0.0,1.0,0.0,0.0,0.0
14,285,8.254104829003564,2.432176926452962,0.0,1.0,0.0,0.0,1.0,1.0
15,285,9.613446178016853,3.3561936562615853,0.0,0.0,0.0,0.0,1.0,0.0
16,285,8.500052472461162,12.0,1.0,0.0,0.0,0.0,1.0,1.0
17,285,11.90631151050354,10.778962726751455,1.0,0.0,0.0,0.0,0.0,1.0
18,285,3.431550305814891,3.914784797065635,0.0,0.0,0.0,0.0,0.0,1.0
19,285,10.325309034319844,0.4861129273568239,0.0,0.0,1.0,0.0,0.0,0.0
20,285,4.80106686457296,11.71523554763982,0.0,0.0,0.0,0.0,0.0,1.0
21,285,10.507186075158222,5.984039794902946,0.0,0.0,0.0,0.0,1.0,0.0
22,285,11.976328823518733,3.527164999550468,1.0,0.0,0.0,0.0,0.0,1.0
23,285,8.014807366777458,2.2743596322314974,0.0,1.0,0.0,0.0,0.0,1.0
24,285,7.960406858406356,8.836659547989234,0.0,1.0,0.0,0.0,1.0,0.0
25,285,4.172305079750012,12.0,0.0,0.0,1.0,0.0,1.0,0.0
26,285,12.0,4.062643814141443,0.0,0.0,0.0,0.0,0.0,1.0
27,285,9.357549479064318,0.0,1.0,0.0,0.0,0.0,0.0,0.0
28,285,12.0,11.944086179485952,0.0,0.0,1.0,0.0,0.0,1.0
29,285,9.485292922054937,0.0,1.0,0.0,0.0,0.0,0.0,0.0
0,290,5.142315663424697,0.8920794122240341,1.0,0.0,0.0,0.0,0.0,0.0
1,290,12.0,9.966819440810188,0.0,0.0,1.0,0.0,1.0,0.0
2,290,0.0,0.0,1.0,1.0,0.0,1.0,0.0,1.0
3,290,0.1493804702097279,4.054927860615782,1.0,0.0,1.0,0.0,0.0,0.0
4,290,6.482982509705152,6.41711666914382,1.0,1.0,0.0,1.0,1.0,0.0
5,290,4.48056758021136,7.606598150838307,0.0,0.0,0.0,1.0,0.0,0.0
6,290,0.2130561708721523,10.578926810332083,1.0,0.0,0.0,0.0,0.0,0.0
7,290,10.35742343275477,6.501305869185575,1.0,0.0,0.0,1.0,1.0,0.0
8,290,1.6239141380811837,6.961040543092077,0.0,1.0,0.0,1.0,1.0,0.0
9,290,7.185015487544551,4.199847378277445,0.0,0.0,0.0,1.0,0.0,0.0
10,290,1.6916036740770974,0.3382320988810074,0.0,1.0,0.0,1.0,0.0,0.0
11,290,3.0124526190402503,7.57709275675445,0.0,0.0,0.0,1.0,1.0,0.0
12,290,7.37889083808572,5.804987728143268,0.0,0.0,0.0,1.0,0.0,1.0
13,290,11.916078817004191,4.009265370855319,0.0,0.0,1.0,0.0,0.0,0.0
14,290,8.263590486161066,2.2383837653779803,0.0,1.0,0.0,0.0,1.0,1.0
15,290,9.567219940308512,3.3510098552816543,0.0,0.0,0.0,0.0,1.0,0.0
16,290,8.391840016894447,12.0,1.0,0.0,0.0,0.0,1.0,1.0
17,290,11.903732925588873,10.784949777215582,1.0,0.0,0.0,0.0,0.0,1.0
18,290,3.434286609037576,3.895616686263096,0.0,0.0,0.0,0.0,0.0,1.0
19,290,10.33269586460165,0.4840759334659391,0.0,0.0,1.0,0.0,0.0,0.0
20,290,4.762556368069556,11.716771351044803,0.0,0.0,0.0,0.0,0.0,1.0
21,290,10.646661704271596,6.167417353830388,0.0,0.0,0.0,0.0,1.0,0.0
22,290,11.951019502232985,3.732058319152692,1.0,0.0,0.0,0.0,0.0,1.0
23,290,8.078010551133934,2.314521074703071,0.0,1.0,0.0,0.0,0.0,1.0
24,290,7.917068806482668,8.876060865455145,0.0,1.0,0.0,0.0,1.0,0.0
25,290,4.141345181297159,12.0,0.0,0.0,1.0,0.0,1.0,0.0
26,290,12.0,4.055132743958295,0.0,0.0,0.0,0.0,0.0,1.0
27,290,9.33332110313006,0.0,1.0,0.0,0.0,0.0,0.0,0.0
28,290,12.0,12.0,0.0,0.0,1.0,0.0,0.0,1.0
29,290,9.471553871352612,0.0,1.0,0.0,0.0,0.0,0.0,0.0
0,295,5.1387501321966935,0.9176171744258982,1.0,0.0,0.0,0.0,0.0,0.0
1,295,12.0,9.971583303030336,0.0,0.0,1.0,0.0,1.0,0.0
2,295,0.0,0.0,1.0,1.0,0.0,1.0,0.0,1.0
3,295,0.1498635676905284,4.040796570712455,1.0,0.0,1.0,0.0,0.0,0.0
4,295,6.434583725518256,6.301564532702722,1.0,1.0,0.0,1.0,1.0,0.0
5,295,4.508261452604768,7.620937293115092,0.0,0.0,0.0,1.0,0.0,0.0
6,295,0.2361251027752437,10.61830965896812,1.0,0.0,0.0,0.0,0.0,0.0
7,295,10.366022293307427,6.542929490034351,1.0,0.0,0.0,1.0,1.0,0.0
8,295,1.530597971408984,7.043371000348152,0.0,1.0,0.0,1.0,1.0,0.0
9,295,7.12879122763122,4.311998435641794,0.0,0.0,0.0,1.0,0.0,0.0
10,295,1.7060289431985165,0.1951339617565645,0.0,1.0,0.0,1.0,0.0,0.0
11,295,2.989075715554076,7.572041202585669,0.0,0.0,0.0,1.0,1.0,0.0
12,295,7.333115940425469,5.922844498363917,0.0,0.0,0.0,1.0,0.0,1.0
13,295,11.961207779847427,4.014989315155783,0.0,0.0,1.0,0.0,0.0,0.0
14,295,8.26995557473946,2.062295897812943,0.0,1.0,0.0,0.0,1.0,1.0
15,295,9.53221267228358,3.346561316260172,0.0,0.0,0.0,0.0,1.0,0.0
16,295,8.288999592483743,12.0,1.0,0.0,0.0,0.0,1.0,1.0
17,295,11.913102852462623,10.762542038431905,1.0,0.0,0.0,0.0,0.0,1.0
18,295,3.434702656614436,3.892309261078547,0.0,0.0,0.0,0.0,0.0,1.0
19,295,10.317858558385376,0.4885161093335483,0.0,0.0,1.0,0.0,0.0,0.0
20,295,4.72975335919156,11.718355933552056,0.0,0.0,0.0,0.0,0.0,1.0
21,295,10.79187786635435,6.354446316437942,0.0,0.0,0.0,0.0,1.0,0.0
22,295,11.930881715276051,3.913998480798941,1.0,0.0,0.0,0.0,0.0,1.0
23,295,8.131465116132958,2.348098447705885,0.0,1.0,0.0,0.0,0.0,1.0
24,295,7.859907429414373,8.924252216556356,0.0,1.0,0.0,0.0,1.0,0.0
25,295,4.114837935344549,12.0,0.0,0.0,1.0,0.0,1.0,0.0
26,295,12.0,4.025773430227488,0.0,0.0,0.0,0.0,0.0,1.0
27,295,9.312981174968789,0.0,1.0,0.0,0.0,0.0,0.0,0.0
28,295,12.0,12.0,0.0,0.0,1.0,0.0,0.0,1.0
29,295,9.467496289771686,0.0,1.0,0.0,0.0,0.0,0.0,0.0
