0,0,6.968232256866909,11.003053834935404,0.0,0.0,1.0,0.0,0.0,0.0
1,0,1.9944272344203064,2.958363478143423,1.0,0.0,1.0,0.0,0.0,0.0
2,0,6.038088191823895,8.045551585520007,0.0,0.0,1.0,1.0,0.0,1.0
3,0,7.014592814232575,10.939688958125943,0.0,0.0,1.0,1.0,1.0,1.0
4,0,8.036174806867951,8.05656862356678,1.0,1.0,0.0,0.0,1.0,0.0
5,0,3.975421892366719,8.043201879745649,0.0,1.0,1.0,0.0,0.0,0.0
6,0,5.953624196259616,5.958910698812754,1.0,0.0,0.0,0.0,1.0,1.0
7,0,11.938007184272728,1.960577313358533,0.0,0.0,0.0,0.0,0.0,1.0
8,0,2.029710790105814,2.939737285026552,0.0,1.0,1.0,1.0,1.0,0.0
9,0,2.930847579045344,6.996191247327661,0.0,1.0,1.0,0.0,0.0,0.0
10,0,2.9517323254526144,10.98852735915042,1.0,0.0,1.0,0.0,0.0,0.0
11,0,11.00220378797101,3.953935931436759,0.0,1.0,0.0,0.0,0.0,0.0
12,0,6.050702927344891,6.039116793252659,1.0,0.0,0.0,0.0,0.0,0.0
13,0,6.056833902902935,8.970637949965186,1.0,0.0,1.0,0.0,0.0,1.0
14,0,1.9997071433275964,4.970816883324145,1.0,1.0,1.0,1.0,1.0,0.0
15,0,0.0782435245752854,3.965329119054237,1.0,1.0,0.0,0.0,1.0,0.0
16,0,1.9648559574184967,4.976417593623595,1.0,0.0,1.0,1.0,0.0,0.0
17,0,3.992988254434797,1.95617291818986,1.0,1.0,1.0,0.0,0.0,1.0
18,0,4.914349209047875,11.016227362993122,1.0,0.0,0.0,0.0,0.0,1.0
19,0,3.989988261942606,2.9304563006113167,0.0,1.0,0.0,0.0,1.0,0.0
20,0,9.9996767836425,4.045420880373202,0.0,0.0,1.0,0.0,0.0,0.0
21,0,9.033481704254624,0.0657522722129105,0.0,0.0,0.0,0.0,1.0,0.0
22,0,4.957894727096876,11.996229501476384,1.0,0.0,1.0,0.0,1.0,0.0
23,0,6.958509627471501,3.024639220434064,0.0,0.0,0.0,0.0,0.0,1.0
24,0,1.9717138610221,4.006993055386464,0.0,0.0,0.0,1.0,0.0,0.0
25,0,4.017068147757955,1.966807329301525,1.0,1.0,1.0,0.0,1.0,0.0
26,0,5.98779855645924,2.016543831452863,1.0,0.0,0.0,1.0,0.0,1.0
27,0,11.97848883268645,5.048037292481948,0.0,1.0,0.0,0.0,0.0,0.0
28,0,0.0,7.971616909803918,0.0,1.0,0.0,1.0,1.0,0.0
29,0,4.968685536780763,7.017674211531258,0.0,0.0,0.0,1.0,1.0,0.0
0,5,6.935448434717751,11.00583766723148,0.0,0.0,1.0,0.0,0.0,0.0
1,5,1.9876449817139576,2.91327735645044,1.0,0.0,1.0,0.0,0.0,0.0
2,5,6.071287879568724,8.08613835652446,0.0,0.0,1.0,1.0,0.0,1.0
3,5,7.031566141398654,10.882272327671892,0.0,0.0,1.0,1.0,1.0,1.0
4,5,8.075193966093382,8.12149100377122,1.0,1.0,0.0,0.0,1.0,0.0
5,5,3.955316122445417,8.081572978494835,0.0,1.0,1.0,0.0,0.0,0.0
6,5,5.91819321821758,5.925997513982318,1.0,0.0,0.0,0.0,1.0,1.0
7,5,11.87091776855691,1.9187560800845245,0.0,0.0,0.0,0.0,0.0,1.0
8,5,2.062956825200992,2.8722986790712794,0.0,1.0,1.0,1.0,1.0,0.0
9,5,2.883186729512383,6.9924101531435,0.0,1.0,1.0,0.0,0.0,0.0
10,5,2.924738019316468,10.98246284965823,1.0,0.0,1.0,0.0,0.0,0.0
11,5,11.005182985723287,3.894137979521558,0.0,1.0,0.0,0.0,0.0,0.0
12,5,6.110707418001704,6.084878000661322,1.0,0.0,0.0,0.0,0.0,0.0
13,5,6.121183975461461,8.938828331367514,1.0,0.0,1.0,0.0,0.0,1.0
14,5,1.9998147655066,4.919756034867458,1.0,1.0,1.0,1.0,1.0,0.0
15,5,0.1503723923189773,3.932620799840808,1.0,1.0,0.0,0.0,1.0,0.0
16,5,1.941168063209592,4.960182822567483,1.0,0.0,1.0,1.0,0.0,0.0
17,5,3.9912927152981696,1.9456089341216212,1.0,1.0,1.0,0.0,0.0,1.0
18,5,4.827994337400838,11.034347950942154,1.0,0.0,0.0,0.0,0.0,1.0
19,5,3.979619940852881,2.847181122688454,0.0,1.0,0.0,0.0,1.0,0.0
20,5,9.99898555133056,4.0735599817375725,0.0,0.0,1.0,0.0,0.0,0.0
21,5,9.069103012512148,0.1309758677539989,0.0,0.0,0.0,0.0,1.0,0.0
22,5,4.944005378461332,11.995293765832583,1.0,0.0,1.0,0.0,1.0,0.0
23,5,6.918991179498353,3.047828571379653,0.0,0.0,0.0,0.0,0.0,1.0
24,5,1.939515952250154,4.015116209847768,0.0,0.0,0.0,1.0,0.0,0.0
25,5,4.0365611845983125,1.9294680862053637,1.0,1.0,1.0,0.0,1.0,0.0
26,5,5.970409153656492,2.040671418555416,1.0,0.0,0.0,1.0,0.0,1.0
27,5,11.951635892721368,5.107810361683422,0.0,1.0,0.0,0.0,0.0,0.0
28,5,0.0,7.953518054637644,0.0,1.0,0.0,1.0,1.0,0.0
29,5,4.935285057637674,7.037607312337582,0.0,0.0,0.0,1.0,1.0,0.0
0,10,6.8987970498120825,11.00944411452807,0.0,0.0,1.0,0.0,0.0,0.0
1,10,1.9799596765826613,2.864995843554927,1.0,0.0,1.0,0.0,0.0,0.0
2,10,6.1125791399406095,8.137536709825406,0.0,0.0,1.0,1.0,0.0,1.0
3,10,7.05569770631528,10.802293771212431,0.0,0.0,1.0,1.0,1.0,1.0
4,10,8.102560462878808,8.164912280429798,1.0,1.0,0.0,0.0,1.0,0.0
5,10,3.932131272478327,8.123461545841646,0.0,1.0,1.0,0.0,0.0,0.0
6,10,5.873717302182184,5.884311556919849,1.0,0.0,0.0,0.0,1.0,1.0
7,10,11.810159608337766,1.8812037992702348,0.0,0.0,0.0,0.0,0.0,1.0
8,10,2.097395974063656,2.802938684617722,0.0,1.0,1.0,1.0,1.0,0.0
9,10,2.8489859159972712,6.989850459300112,0.0,1.0,1.0,0.0,0.0,0.0
10,10,2.8874985546090537,10.97411910283587,1.0,0.0,1.0,0.0,0.0,0.0
11,10,11.0075627706443,3.848600546756977,0.0,1.0,0.0,0.0,0.0,0.0
12,10,6.18040539988657,6.13567573565075,1.0,0.0,0.0,0.0,0.0,0.0
13,10,6.184611434233235,8.907376772576955,1.0,0.0,1.0,0.0,0.0,1.0
14,10,1.9995112315869432,4.883413454363725,1.0,1.0,1.0,1.0,1.0,0.0
15,10,0.2009927989600345,3.90836149784602,1.0,1.0,0.0,0.0,1.0,0.0
16,10,1.9218534015314503,4.947534930346103,1.0,0.0,1.0,1.0,0.0,0.0
17,10,3.9897974179190414,1.937143780777056,1.0,1.0,1.0,0.0,0.0,1.0
18,10,4.726351851761025,11.057133892926126,1.0,0.0,0.0,0.0,0.0,1.0
19,10,3.967865393540703,2.76542895750888,0.0,1.0,0.0,0.0,1.0,0.0
20,10,9.99878826588474,4.088967101189274,0.0,0.0,1.0,0.0,0.0,0.0
21,10,9.111525665980032,0.2053401487406584,0.0,0.0,0.0,0.0,1.0,0.0
22,10,4.936840538401092,11.994948078813698,1.0,0.0,1.0,0.0,1.0,0.0
23,10,6.857754275969641,3.082760417503179,0.0,0.0,0.0,0.0,0.0,1.0
24,10,1.903303244039839,4.0246851606813845,0.0,0.0,0.0,1.0,0.0,0.0
25,10,4.057494003439113,1.88481381603652,1.0,1.0,1.0,0.0,1.0,0.0
26,10,5.967381458669741,2.044687786986758,1.0,0.0,0.0,1.0,0.0,1.0
27,10,11.918656316080352,5.177194571067868,0.0,1.0,0.0,0.0,0.0,0.0
28,10,0.0,7.927526196300912,0.0,1.0,0.0,1.0,1.0,0.0
29,10,4.921011347427112,7.046341076902163,0.0,0.0,0.0,1.0,1.0,0.0
0,15,6.831372411133579,11.014816058646176,0.0,0.0,1.0,0.0,0.0,0.0
1,15,1.9728105284951447,2.81951110202599,1.0,0.0,1.0,0.0,0.0,0.0
2,15,6.151741837407085,8.187112322565717,0.0,0.0,1.0,1.0,0.0,1.0
3,15,7.072264579981054,10.74532579610445,0.0,0.0,1.0,1.0,1.0,1.0
4,15,8.129525425615265,8.205594396903619,1.0,1.0,0.0,0.0,1.0,0.0
5,15,3.9059709737215567,8.168686059690682,0.0,1.0,1.0,0.0,0.0,0.0
6,15,5.844890055885122,5.857777428030261,1.0,0.0,0.0,0.0,1.0,1.0
7,15,11.740412468589952,1.8390409854154024,0.0,0.0,0.0,0.0,0.0,1.0
8,15,2.1263872998913973,2.741845845481929,0.0,1.0,1.0,1.0,1.0,0.0
9,15,2.8216261670046068,6.987043587326927,0.0,1.0,1.0,0.0,0.0,0.0
10,15,2.8615400840769385,10.969222185524018,1.0,0.0,1.0,0.0,0.0,0.0
11,15,11.009200467626169,3.810314972999563,0.0,1.0,0.0,0.0,0.0,0.0
12,15,6.244170399082206,6.17886390474297,1.0,0.0,0.0,0.0,0.0,0.0
13,15,6.236724823301839,8.879869074784699,1.0,0.0,1.0,0.0,0.0,1.0
14,15,1.998824799632264,4.855062031939034,1.0,1.0,1.0,1.0,1.0,0.0
15,15,0.240322065310964,3.8894063645993975,1.0,1.0,0.0,0.0,1.0,0.0
16,15,1.8932500986589929,4.928859092319171,1.0,0.0,1.0,1.0,0.0,0.0
17,15,3.987922784124887,1.9255911059831723,1.0,1.0,1.0,0.0,0.0,1.0
18,15,4.621230281206965,11.08221699786328,1.0,0.0,0.0,0.0,0.0,1.0
19,15,3.956111792793336,2.680489371386225,0.0,1.0,0.0,0.0,1.0,0.0
20,15,9.998185115418364,4.105921475363889,0.0,0.0,1.0,0.0,0.0,0.0
21,15,9.153050565649057,0.2772732945444588,0.0,0.0,0.0,0.0,1.0,0.0
22,15,4.916863959196562,11.99351981798078,1.0,0.0,1.0,0.0,1.0,0.0
23,15,6.794577177846871,3.118960447987688,0.0,0.0,0.0,0.0,0.0,1.0
24,15,1.869871624699249,4.033526124087627,0.0,0.0,0.0,1.0,0.0,0.0
25,15,4.089912143195966,1.8159686647746232,1.0,1.0,1.0,0.0,1.0,0.0
26,15,5.975294317643269,2.033736117611472,1.0,0.0,0.0,1.0,0.0,1.0
27,15,11.874858118362171,5.266321851962391,0.0,1.0,0.0,0.0,0.0,0.0
28,15,0.0,7.923898909521198,0.0,1.0,0.0,1.0,1.0,0.0
29,15,4.912059026688562,7.052048655622534,0.0,0.0,0.0,1.0,1.0,0.0
0,20,6.776023112303682,11.01842471335858,0.0,0.0,1.0,0.0,0.0,0.0
1,20,1.9664124222013517,2.7786157028715937,1.0,0.0,1.0,0.0,0.0,0.0
2,20,6.182266093339998,8.225172735462545,0.0,0.0,1.0,1.0,0.0,1.0
3,20,7.096693249484793,10.656035061029147,0.0,0.0,1.0,1.0,1.0,1.0
4,20,8.147173003573963,8.23141865553834,1.0,1.0,0.0,0.0,1.0,0.0
5,20,3.874708932738024,8.224669629056883,0.0,1.0,1.0,0.0,0.0,0.0
6,20,5.8182115054525525,5.833619024245398,1.0,0.0,0.0,0.0,1.0,1.0
7,20,11.64438309236414,1.7814308629383566,0.0,0.0,0.0,0.0,0.0,1.0
8,20,2.159708902765444,2.674762250462407,0.0,1.0,1.0,1.0,1.0,0.0
9,20,2.787431461200756,6.984749943108356,0.0,1.0,1.0,0.0,0.0,0.0
10,20,2.8242152782149,10.96277897901971,1.0,0.0,1.0,0.0,0.0,0.0
11,20,11.00996264871194,3.7699975194658175,0.0,1.0,0.0,0.0,0.0,0.0
12,20,6.304610073305067,6.218481963371356,1.0,0.0,0.0,0.0,0.0,0.0
13,20,6.2768712097973305,8.8583990533217,1.0,0.0,1.0,0.0,0.0,1.0
14,20,1.9988013931227184,4.841604007945388,1.0,1.0,1.0,1.0,1.0,0.0
15,20,0.2704468071957849,3.875016576336294,1.0,1.0,0.0,0.0,1.0,0.0
16,20,1.861167585512176,4.908019455144661,1.0,0.0,1.0,1.0,0.0,0.0
17,20,3.983100032960707,1.900529883077878,1.0,1.0,1.0,0.0,0.0,1.0
18,20,4.530571032338013,11.104550151232596,1.0,0.0,0.0,0.0,0.0,1.0
19,20,3.945915299027618,2.6203816685488976,0.0,1.0,0.0,0.0,1.0,0.0
20,20,9.997717007059036,4.1166881314417845,0.0,0.0,1.0,0.0,0.0,0.0
21,20,9.203413984244628,0.3631076181723978,0.0,0.0,0.0,0.0,1.0,0.0
22,20,4.889527457244774,11.992254075036032,1.0,0.0,1.0,0.0,1.0,0.0
23,20,6.736910114082046,3.150527798999006,0.0,0.0,0.0,0.0,0.0,1.0
24,20,1.834796098884364,4.04215319787305,0.0,0.0,0.0,1.0,0.0,0.0
25,20,4.111553206499667,1.7691393517811005,1.0,1.0,1.0,0.0,1.0,0.0
26,20,5.982339220450123,2.0244371690931184,1.0,0.0,0.0,1.0,0.0,1.0
27,20,11.825569154830154,5.370718679891466,0.0,1.0,0.0,0.0,0.0,0.0
28,20,0.0056629848907305,7.940172256418617,0.0,1.0,0.0,1.0,1.0,0.0
29,20,4.912450887912162,7.051801663965084,0.0,0.0,0.0,1.0,1.0,0.0
0,25,6.724915767111632,11.021184880731578,0.0,0.0,1.0,0.0,0.0,0.0
1,25,1.9583825456042432,2.7341639537100595,1.0,0.0,1.0,0.0,0.0,0.0
2,25,6.213156904040587,8.26437217672511,0.0,0.0,1.0,1.0,0.0,1.0
3,25,7.117485498958998,10.577890986868828,0.0,0.0,1.0,1.0,1.0,1.0
4,25,8.172524516748608,8.267776399494867,1.0,1.0,0.0,0.0,1.0,0.0
5,25,3.837314737379618,8.289188250871836,0.0,1.0,1.0,0.0,0.0,0.0
6,25,5.780459650104957,5.800079957549029,1.0,0.0,0.0,0.0,1.0,1.0
7,25,11.529166418622523,1.7135370935188532,0.0,0.0,0.0,0.0,0.0,1.0
8,25,2.1910192340494405,2.613894483673905,0.0,1.0,1.0,1.0,1.0,0.0
9,25,2.7492086459596723,6.9815561725436055,0.0,1.0,1.0,0.0,0.0,0.0
10,25,2.7696795218940014,10.95362068346047,1.0,0.0,1.0,0.0,0.0,0.0
11,25,11.01079135197,3.749636905325921,0.0,1.0,0.0,0.0,0.0,0.0
12,25,6.346226738564074,6.245958377865857,1.0,0.0,0.0,0.0,0.0,0.0
13,25,6.332676971611288,8.827695311421827,1.0,0.0,1.0,0.0,0.0,1.0
14,25,1.9985978026886344,4.832324748247899,1.0,1.0,1.0,1.0,1.0,0.0
15,25,0.2983460909298567,3.861051424215831,1.0,1.0,0.0,0.0,1.0,0.0
16,25,1.8396156239457329,4.893665834707771,1.0,0.0,1.0,1.0,0.0,0.0
17,25,3.975276450542304,1.8577963852294657,1.0,1.0,1.0,0.0,0.0,1.0
18,25,4.468050431040785,11.120745116373,1.0,0.0,0.0,0.0,0.0,1.0
19,25,3.937478017317867,2.570263833942439,0.0,1.0,0.0,0.0,1.0,0.0
20,25,9.99686280910828,4.140273612213184,0.0,0.0,1.0,0.0,0.0,0.0
21,25,9.252225400192604,0.4426910807628008,0.0,0.0,0.0,0.0,1.0,0.0
22,25,4.850898887808466,11.989520086930872,1.0,0.0,1.0,0.0,1.0,0.0
23,25,6.695947681958374,3.1739526770681654,0.0,0.0,0.0,0.0,0.0,1.0
24,25,1.8037744041049937,4.049765649172741,0.0,0.0,0.0,1.0,0.0,0.0
25,25,4.132464031077953,1.7225444061873982,1.0,1.0,1.0,0.0,1.0,0.0
26,25,6.004194410975023,1.9950427686696748,1.0,0.0,0.0,1.0,0.0,1.0
27,25,11.776187116135697,5.471469658991392,0.0,1.0,0.0,0.0,0.0,0.0
28,25,0.0205733355421048,7.983789407688061,0.0,1.0,0.0,1.0,1.0,0.0
29,25,4.935962337010668,7.037527348129363,0.0,0.0,0.0,1.0,1.0,0.0
0,30,6.652953536654187,11.023263516002167,0.0,0.0,1.0,0.0,0.0,0.0
1,30,1.9502949975675885,2.683935456711433,1.0,0.0,1.0,0.0,0.0,0.0
2,30,6.250764652637733,8.309098127449154,0.0,0.0,1.0,1.0,0.0,1.0
3,30,7.13183062491186,10.52233448164768,0.0,0.0,1.0,1.0,1.0,1.0
4,30,8.212490605970062,8.324857834678314,1.0,1.0,0.0,0.0,1.0,0.0
5,30,3.807496304040731,8.345111667173061,0.0,1.0,1.0,0.0,0.0,0.0
6,30,5.73678401397444,5.760364083853213,1.0,0.0,0.0,0.0,1.0,1.0
7,30,11.462052938655075,1.83412950142996,0.0,0.0,0.0,0.0,0.0,1.0
8,30,2.2163126887326143,2.565830754961346,0.0,1.0,1.0,1.0,1.0,0.0
9,30,2.7019222836956205,6.978765428655919,0.0,1.0,1.0,0.0,0.0,0.0
10,30,2.7502529010803545,10.949982084407576,1.0,0.0,1.0,0.0,0.0,0.0
11,30,11.01202077389132,3.727586853384653,0.0,1.0,0.0,0.0,0.0,0.0
12,30,6.371703297404252,6.205098067621711,1.0,0.0,0.0,0.0,0.0,0.0
13,30,6.402639067357098,8.788239897323466,1.0,0.0,1.0,0.0,0.0,1.0
14,30,1.9983550241185848,4.812812943490321,1.0,1.0,1.0,1.0,1.0,0.0
15,30,0.3138204550095062,3.852976321066778,1.0,1.0,0.0,0.0,1.0,0.0
16,30,1.8148812449219165,4.876286860418893,1.0,0.0,1.0,1.0,0.0,0.0
17,30,3.966470129663812,1.8134936885479451,1.0,1.0,1.0,0.0,0.0,1.0
18,30,4.400158494727377,11.138745184880362,1.0,0.0,0.0,0.0,0.0,1.0
19,30,3.9278701134258713,2.5208082871318287,0.0,1.0,0.0,0.0,1.0,0.0
20,30,9.996112649366433,4.178509802936073,0.0,0.0,1.0,0.0,0.0,0.0
21,30,9.28678893107683,0.5024015043118097,0.0,0.0,0.0,0.0,1.0,0.0
22,30,4.78985967724236,11.983836575649867,1.0,0.0,1.0,0.0,1.0,0.0
23,30,6.6364728269259,3.209124484290174,0.0,0.0,0.0,0.0,0.0,1.0
24,30,1.7756240650303283,4.056460451995184,0.0,0.0,0.0,1.0,0.0,0.0
25,30,4.155036065742488,1.6713676884003528,1.0,1.0,1.0,0.0,1.0,0.0
26,30,6.018544466553797,1.977327809409277,1.0,0.0,0.0,1.0,0.0,1.0
27,30,11.716920441346629,5.583290314877106,0.0,1.0,0.0,0.0,0.0,0.0
28,30,0.0292308894771214,8.008009626271265,0.0,1.0,0.0,1.0,1.0,0.0
29,30,4.935084443198809,7.038026737848687,0.0,0.0,0.0,1.0,1.0,0.0
0,35,6.569777341824945,11.026464190077885,0.0,0.0,1.0,0.0,0.0,0.0
1,35,1.9424381280581893,2.635705862574164,1.0,0.0,1.0,0.0,0.0,0.0
2,35,6.31550938285584,8.385249214044517,0.0,0.0,1.0,1.0,0.0,1.0
3,35,7.146615904404659,10.462629469825137,0.0,0.0,1.0,1.0,1.0,1.0
4,35,8.256944677574376,8.389471740057358,1.0,1.0,0.0,0.0,1.0,0.0
5,35,3.7756324742763856,8.404519941759558,0.0,1.0,1.0,0.0,0.0,0.0
6,35,5.686690112805638,5.718448937643562,1.0,0.0,0.0,0.0,1.0,1.0
7,35,11.341286485286004,1.765454292032403,0.0,0.0,0.0,0.0,0.0,1.0
8,35,2.2424495507365445,2.511940631121394,0.0,1.0,1.0,1.0,1.0,0.0
9,35,2.66897282663669,6.976021771532394,0.0,1.0,1.0,0.0,0.0,0.0
10,35,2.7437497060151697,10.9487026824616,1.0,0.0,1.0,0.0,0.0,0.0
11,35,11.01422994271674,3.687522714249649,0.0,1.0,0.0,0.0,0.0,0.0
12,35,6.394892181239376,6.1698571144093295,1.0,0.0,0.0,0.0,0.0,0.0
13,35,6.469824343569737,8.747910545165425,1.0,0.0,1.0,0.0,0.0,1.0
14,35,1.997849048426727,4.78700732505749,1.0,1.0,1.0,1.0,1.0,0.0
15,35,0.3412163887654404,3.837079362242078,1.0,1.0,0.0,0.0,1.0,0.0
16,35,1.785951970882258,4.855273691362821,1.0,0.0,1.0,1.0,0.0,0.0
17,35,3.962546039894952,1.7931336375793547,1.0,1.0,1.0,0.0,0.0,1.0
18,35,4.314767807915176,11.162269272442474,1.0,0.0,0.0,0.0,0.0,1.0
19,35,3.9163195671755866,2.4647037123607705,0.0,1.0,0.0,0.0,1.0,0.0
20,35,9.994302453680804,4.239490378662334,0.0,0.0,1.0,0.0,0.0,0.0
21,35,9.315071413399904,0.5519416088920864,0.0,0.0,0.0,0.0,1.0,0.0
22,35,4.749287977224238,11.979026312960135,1.0,0.0,1.0,0.0,1.0,0.0
23,35,6.668669057595803,3.263345464078496,0.0,0.0,0.0,0.0,0.0,1.0
24,35,1.7540734943269076,4.061288271471894,0.0,0.0,0.0,1.0,0.0,0.0
25,35,4.1718193462704205,1.6297757741260328,1.0,1.0,1.0,0.0,1.0,0.0
26,35,6.032007301247928,1.9615321348135324,1.0,0.0,0.0,1.0,0.0,1.0
27,35,11.656936154595348,5.691297373723748,0.0,1.0,0.0,0.0,0.0,0.0
28,35,0.0381298943730001,8.032448318286615,0.0,1.0,0.0,1.0,1.0,0.0
29,35,4.9367021228213455,7.037063510109988,0.0,0.0,0.0,1.0,1.0,0.0
0,40,6.564296724966907,10.937193772500668,0.0,0.0,1.0,0.0,0.0,0.0
1,40,1.9361525123251733,2.5906735732291666,1.0,0.0,1.0,0.0,0.0,0.0
2,40,6.386492792015552,8.472414972077008,0.0,0.0,1.0,1.0,0.0,1.0
3,40,7.159515826899545,10.411292866084407,0.0,0.0,1.0,1.0,1.0,1.0
4,40,8.303632451405832,8.458175399270875,1.0,1.0,0.0,0.0,1.0,0.0
5,40,3.738553621180478,8.479381386736074,0.0,1.0,1.0,0.0,0.0,0.0
6,40,5.635675316762347,5.675006590454657,1.0,0.0,0.0,0.0,1.0,1.0
7,40,11.223438046799023,1.6980392944385805,0.0,0.0,0.0,0.0,0.0,1.0
8,40,2.2589208860403374,2.477562322692989,0.0,1.0,1.0,1.0,1.0,0.0
9,40,2.650171031297459,6.974333945194988,0.0,1.0,1.0,0.0,0.0,0.0
10,40,2.7359963317037392,10.94696302918458,1.0,0.0,1.0,0.0,0.0,0.0
11,40,11.01588150473041,3.644344585743183,0.0,1.0,0.0,0.0,0.0,0.0
12,40,6.4069032491388525,6.152455047471332,1.0,0.0,0.0,0.0,0.0,0.0
13,40,6.527350986366952,8.71533743500345,1.0,0.0,1.0,0.0,0.0,1.0
14,40,1.997627399141524,4.781119728934254,1.0,1.0,1.0,1.0,1.0,0.0
15,40,0.3716087076240983,3.819346422125548,1.0,1.0,0.0,0.0,1.0,0.0
16,40,1.7636015575442103,4.838776090572968,1.0,0.0,1.0,1.0,0.0,0.0
17,40,3.9555684132492392,1.754705702002337,1.0,1.0,1.0,0.0,0.0,1.0
18,40,4.239102914142652,11.18292405546742,1.0,0.0,0.0,0.0,0.0,1.0
19,40,3.903234160764253,2.3996885244690147,0.0,1.0,0.0,0.0,1.0,0.0
20,40,9.989276719153208,4.327614362657994,0.0,0.0,1.0,0.0,0.0,0.0
21,40,9.353933923614589,0.617307127290525,0.0,0.0,0.0,0.0,1.0,0.0
22,40,4.701215111535801,11.971746766296588,1.0,0.0,1.0,0.0,1.0,0.0
23,40,6.707552024368619,3.328906609669165,0.0,0.0,0.0,0.0,0.0,1.0
24,40,1.7434563562322405,4.063632842091233,0.0,0.0,0.0,1.0,0.0,0.0
25,40,4.182757015121585,1.6023345467030183,1.0,1.0,1.0,0.0,1.0,0.0
26,40,6.042928951370222,1.949144716099001,1.0,0.0,0.0,1.0,0.0,1.0
27,40,11.60361072857917,5.7857485304919205,0.0,1.0,0.0,0.0,0.0,0.0
28,40,0.0514911023318074,8.070340089429662,0.0,1.0,0.0,1.0,1.0,0.0
29,40,4.92778444727371,7.042523983148743,0.0,0.0,0.0,1.0,1.0,0.0
0,45,6.561152372386095,10.854524496490098,0.0,0.0,1.0,0.0,0.0,0.0
1,45,1.9305188441579857,2.5492508505099267,1.0,0.0,1.0,0.0,0.0,0.0
2,45,6.453562369589638,8.5556040718984,0.0,0.0,1.0,1.0,0.0,1.0
3,45,7.173794478045077,10.353144879305706,0.0,0.0,1.0,1.0,1.0,1.0
4,45,8.355527786912692,8.531536522261396,1.0,1.0,0.0,0.0,1.0,0.0
5,45,3.703868078565596,8.548264891232636,0.0,1.0,1.0,0.0,0.0,0.0
6,45,5.585634018503771,5.634243294655944,1.0,0.0,0.0,0.0,1.0,1.0
7,45,11.1032418509461,1.6266296308832713,0.0,0.0,0.0,0.0,0.0,1.0
8,45,2.276923724830922,2.440745770745035,0.0,1.0,1.0,1.0,1.0,0.0
9,45,2.620835739970259,6.972148158249114,0.0,1.0,1.0,0.0,0.0,0.0
10,45,2.705280344089916,10.939484489943212,1.0,0.0,1.0,0.0,0.0,0.0
11,45,11.017730228210617,3.5892566175337253,0.0,1.0,0.0,0.0,0.0,0.0
12,45,6.41865433395634,6.134596104991324,1.0,0.0,0.0,0.0,0.0,0.0
13,45,6.583235313440918,8.681744945099322,1.0,0.0,1.0,0.0,0.0,1.0
14,45,1.9978895913124344,4.7880768516153465,1.0,1.0,1.0,1.0,1.0,0.0
15,45,0.4007181649748531,3.802221101837129,1.0,1.0,0.0,0.0,1.0,0.0
16,45,1.7584038343680437,4.834815262365368,1.0,0.0,1.0,1.0,0.0,0.0
17,45,3.940497050093004,1.6776398465780753,1.0,1.0,1.0,0.0,0.0,1.0
18,45,4.180530571610059,11.198149137752864,1.0,0.0,0.0,0.0,0.0,1.0
19,45,3.888477054582209,2.331427125101744,0.0,1.0,0.0,0.0,1.0,0.0
20,45,9.984542369806752,4.402358916252068,0.0,0.0,1.0,0.0,0.0,0.0
21,45,9.392405353042172,0.6815506032171929,0.0,0.0,0.0,0.0,1.0,0.0
22,45,4.614744720715168,11.95786609369209,1.0,0.0,1.0,0.0,1.0,0.0
23,45,6.740793306610999,3.38528253830303,0.0,0.0,0.0,0.0,0.0,1.0
24,45,1.731454477682401,4.066118895872851,0.0,0.0,0.0,1.0,0.0,0.0
25,45,4.201195567049544,1.555513654252756,1.0,1.0,1.0,0.0,1.0,0.0
26,45,6.058365487265274,1.9323091787369504,1.0,0.0,0.0,1.0,0.0,1.0
27,45,11.54677218118591,5.890611774126187,0.0,1.0,0.0,0.0,0.0,0.0
28,45,0.0650570682848487,8.10711821540609,0.0,1.0,0.0,1.0,1.0,0.0
29,45,4.9051380450856055,7.055675823948898,0.0,0.0,0.0,1.0,1.0,0.0
0,50,6.559965887253884,10.789813298080745,0.0,0.0,1.0,0.0,0.0,0.0
1,50,1.926478681689548,2.5225114304388145,1.0,0.0,1.0,0.0,0.0,0.0
2,50,6.530458517013566,8.646367305961668,0.0,0.0,1.0,1.0,0.0,1.0
3,50,7.184941520942741,10.306590823526436,0.0,0.0,1.0,1.0,1.0,1.0
4,50,8.402584249610124,8.598555078914906,1.0,1.0,0.0,0.0,1.0,0.0
5,50,3.6702920322979087,8.620079356354346,0.0,1.0,1.0,0.0,0.0,0.0
6,50,5.530957354627242,5.588516493043188,1.0,0.0,0.0,0.0,1.0,1.0
7,50,10.9845702564978,1.5565116526901126,0.0,0.0,0.0,0.0,0.0,1.0
8,50,2.300532393077653,2.39288830015568,0.0,1.0,1.0,1.0,1.0,0.0
9,50,2.589000845049371,6.969274291805457,0.0,1.0,1.0,0.0,0.0,0.0
10,50,2.6893055732785336,10.935165143834848,1.0,0.0,1.0,0.0,0.0,0.0
11,50,11.01953578147965,3.5407353935795105,0.0,1.0,0.0,0.0,0.0,0.0
12,50,6.441687734758664,6.099809381024028,1.0,0.0,0.0,0.0,0.0,0.0
13,50,6.636427473398339,8.64955217410352,1.0,0.0,1.0,0.0,0.0,1.0
14,50,1.9990949872814556,4.809201365396798,1.0,1.0,1.0,1.0,1.0,0.0
15,50,0.4176261010922931,3.79277703554033,1.0,1.0,0.0,0.0,1.0,0.0
16,50,1.757037417908712,4.833773042575177,1.0,0.0,1.0,1.0,0.0,0.0
17,50,3.92905135186844,1.6123078705360874,1.0,1.0,1.0,0.0,0.0,1.0
18,50,4.105713040072363,11.217291478613356,1.0,0.0,0.0,0.0,0.0,1.0
19,50,3.871213230645004,2.2596984088381924,0.0,1.0,0.0,0.0,1.0,0.0
20,50,9.981717241164915,4.458666222590057,0.0,0.0,1.0,0.0,0.0,0.0
21,50,9.425806532155036,0.7378023982198103,0.0,0.0,0.0,0.0,1.0,0.0
22,50,4.515790325385746,11.94304939479436,1.0,0.0,1.0,0.0,1.0,0.0
23,50,6.77832869349175,3.4475143060401923,0.0,0.0,0.0,0.0,0.0,1.0
24,50,1.7339533970006895,4.065547316190181,0.0,0.0,0.0,1.0,0.0,0.0
25,50,4.205261480602611,1.545641409724501,1.0,1.0,1.0,0.0,1.0,0.0
26,50,6.077569152462374,1.9109950830372096,1.0,0.0,0.0,1.0,0.0,1.0
27,50,11.480849541550874,6.0075463622571705,0.0,1.0,0.0,0.0,0.0,0.0
28,50,0.0204723158790552,8.123939500956693,0.0,1.0,0.0,1.0,1.0,0.0
29,50,4.869934763883005,7.075898713734619,0.0,0.0,0.0,1.0,1.0,0.0
0,55,6.558091809874439,10.740190106750656,0.0,0.0,1.0,0.0,0.0,0.0
1,55,1.92161745684058,2.4886468336667957,1.0,0.0,1.0,0.0,0.0,0.0
2,55,6.594823334188033,8.721152951688763,0.0,0.0,1.0,1.0,0.0,1.0
3,55,7.199612517587712,10.247274273182388,0.0,0.0,1.0,1.0,1.0,1.0
4,55,8.443261416878352,8.657178190179604,1.0,1.0,0.0,0.0,1.0,0.0
5,55,3.629057801666091,8.704617149789978,0.0,1.0,1.0,0.0,0.0,0.0
6,55,5.480760004756146,5.545749404587627,1.0,0.0,0.0,0.0,1.0,1.0
7,55,10.865263832778396,1.4859247949376528,0.0,0.0,0.0,0.0,0.0,1.0
8,55,2.325053145212545,2.342518129093898,0.0,1.0,1.0,1.0,1.0,0.0
9,55,2.541738243974203,6.965134763785854,0.0,1.0,1.0,0.0,0.0,0.0
10,55,2.6836015994265923,10.933644365949364,1.0,0.0,1.0,0.0,0.0,0.0
11,55,11.020772952001264,3.49284361747802,0.0,1.0,0.0,0.0,0.0,0.0
12,55,6.478490689461006,6.046847545487447,1.0,0.0,0.0,0.0,0.0,0.0
13,55,6.677354350580563,8.624312928712772,1.0,0.0,1.0,0.0,0.0,1.0
14,55,1.9989730935069212,4.8076780675821045,1.0,1.0,1.0,1.0,1.0,0.0
15,55,0.4338490270908147,3.7845947432206897,1.0,1.0,0.0,0.0,1.0,0.0
16,55,1.7583569655492373,4.834777635381331,1.0,0.0,1.0,1.0,0.0,0.0
17,55,3.921321579124044,1.5588804803980147,1.0,1.0,1.0,0.0,0.0,1.0
18,55,4.028817744297027,11.232346564082814,1.0,0.0,0.0,0.0,0.0,1.0
19,55,3.85016636301221,2.1763766601450003,0.0,1.0,0.0,0.0,1.0,0.0
20,55,9.976829955149398,4.529839022787627,0.0,0.0,1.0,0.0,0.0,0.0
21,55,9.45239104712464,0.7855495929607957,0.0,0.0,0.0,0.0,1.0,0.0
22,55,4.418763024469646,11.928166741812252,1.0,0.0,1.0,0.0,1.0,0.0
23,55,6.819755673264607,3.519725884802789,0.0,0.0,0.0,0.0,0.0,1.0
24,55,1.7348601638395738,4.065326431438285,0.0,0.0,0.0,1.0,0.0,0.0
25,55,4.212613387002801,1.527985201795802,1.0,1.0,1.0,0.0,1.0,0.0
26,55,6.098814083717149,1.8875935678876172,1.0,0.0,0.0,1.0,0.0,1.0
27,55,11.5938092083235,6.070360990475218,0.0,1.0,0.0,0.0,0.0,0.0
28,55,0.0,8.140322668043238,0.0,1.0,0.0,1.0,1.0,0.0
29,55,4.842613447922727,7.091465159883989,0.0,0.0,0.0,1.0,1.0,0.0
0,60,6.5562479733733685,10.703872436419909,0.0,0.0,1.0,0.0,0.0,0.0
1,60,1.9187959541326256,2.463848142714797,1.0,0.0,1.0,0.0,0.0,0.0
2,60,6.679650979179756,8.813606238968832,0.0,0.0,1.0,1.0,0.0,1.0
3,60,7.2144999502586655,10.191550154414944,0.0,0.0,1.0,1.0,1.0,1.0
4,60,8.482646569035717,8.712685059762011,1.0,1.0,0.0,0.0,1.0,0.0
5,60,3.595565638419683,8.774932576241909,0.0,1.0,1.0,0.0,0.0,0.0
6,60,5.436787824231876,5.506347977237017,1.0,0.0,0.0,0.0,1.0,1.0
7,60,10.738003017197489,1.415009926602655,0.0,0.0,0.0,0.0,0.0,1.0
8,60,2.3390445232183628,2.314155391420297,0.0,1.0,1.0,1.0,1.0,0.0
9,60,2.4822561382623,6.960967407407796,0.0,1.0,1.0,0.0,0.0,0.0
10,60,2.690342220385324,10.935573617704376,1.0,0.0,1.0,0.0,0.0,0.0
11,60,11.022522772824535,3.4226291314953943,0.0,1.0,0.0,0.0,0.0,0.0
12,60,6.527822639815897,5.976184579715828,1.0,0.0,0.0,0.0,0.0,0.0
13,60,6.724731546359483,8.593366797337156,1.0,0.0,1.0,0.0,0.0,1.0
14,60,1.9967587403854428,4.783082681392314,1.0,1.0,1.0,1.0,1.0,0.0
15,60,0.4393795054038265,3.781660296641243,1.0,1.0,0.0,0.0,1.0,0.0
16,60,1.757048426158182,4.83371587382015,1.0,0.0,1.0,1.0,0.0,0.0
17,60,3.9128975884826223,1.4951577288668307,1.0,1.0,1.0,0.0,0.0,1.0
18,60,3.9582029219027857,11.246055604136725,1.0,0.0,0.0,0.0,0.0,1.0
19,60,3.821865367880809,2.072301849088592,0.0,1.0,0.0,0.0,1.0,0.0
20,60,9.973650316908127,4.594775987174951,0.0,0.0,1.0,0.0,0.0,0.0
21,60,9.46833713011121,0.8157586248644935,0.0,0.0,0.0,0.0,1.0,0.0
22,60,4.290384225899544,11.906695802523837,1.0,0.0,1.0,0.0,1.0,0.0
23,60,6.857901356086389,3.583125075505019,0.0,0.0,0.0,0.0,0.0,1.0
24,60,1.718383817537778,4.0695520412578805,0.0,0.0,0.0,1.0,0.0,0.0
25,60,4.223911026145259,1.4989939823201612,1.0,1.0,1.0,0.0,1.0,0.0
26,60,6.122107041955585,1.861201963822281,1.0,0.0,0.0,1.0,0.0,1.0
27,60,11.721321977926886,6.143285552631618,0.0,1.0,0.0,0.0,0.0,0.0
28,60,0.0,8.156558363393142,0.0,1.0,0.0,1.0,1.0,0.0
29,60,4.811687971866583,7.110727000158106,0.0,0.0,0.0,1.0,1.0,0.0
0,65,6.553976277622297,10.664880919625384,0.0,0.0,1.0,0.0,0.0,0.0
1,65,1.914739693310184,2.4256991861843344,1.0,0.0,1.0,0.0,0.0,0.0
2,65,6.759726725871319,8.905374130102194,0.0,0.0,1.0,1.0,0.0,1.0
3,65,7.230132439282449,10.136789981916747,0.0,0.0,1.0,1.0,1.0,1.0
4,65,8.519859843321147,8.764821370327933,1.0,1.0,0.0,0.0,1.0,0.0
5,65,3.561845555459662,8.844787912358361,0.0,1.0,1.0,0.0,0.0,0.0
6,65,5.396230524775673,5.47197258074205,1.0,0.0,0.0,0.0,1.0,1.0
7,65,10.606890064648866,1.3391133289850323,0.0,0.0,0.0,0.0,0.0,1.0
8,65,2.351114787398408,2.291724610657384,0.0,1.0,1.0,1.0,1.0,0.0
9,65,2.429867161321693,6.958620053465757,0.0,1.0,1.0,0.0,0.0,0.0
10,65,2.690566750277092,10.935643008520984,1.0,0.0,1.0,0.0,0.0,0.0
11,65,11.024244193815584,3.358125449342668,0.0,1.0,0.0,0.0,0.0,0.0
12,65,6.583513250619531,5.889229837075738,1.0,0.0,0.0,0.0,0.0,0.0
13,65,6.748613696275898,8.576577521864603,1.0,0.0,1.0,0.0,0.0,1.0
14,65,1.9943438477544169,4.752531676840807,1.0,1.0,1.0,1.0,1.0,0.0
15,65,0.4328532968779062,3.7850044683556927,1.0,1.0,0.0,0.0,1.0,0.0
16,65,1.7696965174820982,4.844276431017531,1.0,0.0,1.0,1.0,0.0,0.0
17,65,3.9046677919899127,1.4399626871138764,1.0,1.0,1.0,0.0,0.0,1.0
18,65,3.8937580431959415,11.2576181224227,1.0,0.0,0.0,0.0,0.0,1.0
19,65,3.795777207772701,1.9774594367703944,0.0,1.0,0.0,0.0,1.0,0.0
20,65,9.97135507635018,4.662827568393921,0.0,0.0,1.0,0.0,0.0,0.0
21,65,9.478970114690362,0.8346276541019358,0.0,0.0,0.0,0.0,1.0,0.0
22,65,4.145252985716542,11.88013563714497,1.0,0.0,1.0,0.0,1.0,0.0
23,65,6.910786999781314,3.666948173557642,0.0,0.0,0.0,0.0,0.0,1.0
24,65,1.7198357117892198,4.069217629764555,0.0,0.0,0.0,1.0,0.0,0.0
25,65,4.230017697431087,1.4819760217407258,1.0,1.0,1.0,0.0,1.0,0.0
26,65,6.151549320817379,1.8295461281877243,1.0,0.0,0.0,1.0,0.0,1.0
27,65,11.81790566025429,6.199659663639836,0.0,1.0,0.0,0.0,0.0,0.0
28,65,0.0,8.176107568250673,0.0,1.0,0.0,1.0,1.0,0.0
29,65,4.769893220738745,7.135651251531288,0.0,0.0,0.0,1.0,1.0,0.0
0,70,6.549744705718006,10.595469315751735,0.0,0.0,1.0,0.0,0.0,0.0
1,70,1.9113637156830576,2.3848418986973496,1.0,0.0,1.0,0.0,0.0,0.0
2,70,6.836823639965714,8.991033938457882,0.0,0.0,1.0,1.0,0.0,1.0
3,70,7.255868251944735,10.061015276847275,0.0,0.0,1.0,1.0,1.0,1.0
4,70,8.571732541756832,8.835150863601442,1.0,1.0,0.0,0.0,1.0,0.0
5,70,3.5306737917506323,8.914370019827912,0.0,1.0,1.0,0.0,0.0,0.0
6,70,5.366961074764367,5.445511395243188,1.0,0.0,0.0,0.0,1.0,1.0
7,70,10.473161012078164,1.2640621644438703,0.0,0.0,0.0,0.0,0.0,1.0
8,70,2.367762136586988,2.261239855644502,0.0,1.0,1.0,1.0,1.0,0.0
9,70,2.3702675555183834,6.9558003382173,0.0,1.0,1.0,0.0,0.0,0.0
10,70,2.6932340351654136,10.936536495381125,1.0,0.0,1.0,0.0,0.0,0.0
11,70,11.024830827062774,3.305545382705057,0.0,1.0,0.0,0.0,0.0,0.0
12,70,6.6858041758681255,5.953101665184538,1.0,0.0,0.0,0.0,0.0,0.0
13,70,6.7824441671636055,8.552647436453638,1.0,0.0,1.0,0.0,0.0,1.0
14,70,1.990446941986257,4.710339106832327,1.0,1.0,1.0,1.0,1.0,0.0
15,70,0.4472556052042323,3.7774789026841553,1.0,1.0,0.0,0.0,1.0,0.0
16,70,1.7682979192481425,4.843087897597087,1.0,0.0,1.0,1.0,0.0,0.0
17,70,3.9002663414614993,1.4092219725752888,1.0,1.0,1.0,0.0,0.0,1.0
18,70,3.84856422085242,11.267543600289358,1.0,0.0,0.0,0.0,0.0,1.0
19,70,3.7736275034213382,1.8948821677671444,0.0,1.0,0.0,0.0,1.0,0.0
20,70,9.96857615353143,4.732797660605848,0.0,0.0,1.0,0.0,0.0,0.0
21,70,9.496178651279507,0.8632267127833022,0.0,0.0,0.0,0.0,1.0,0.0
22,70,4.006786699818471,11.858670543473256,1.0,0.0,1.0,0.0,1.0,0.0
23,70,6.959207037727437,3.74375173186214,0.0,0.0,0.0,0.0,0.0,1.0
24,70,1.7213103153456577,4.075813101030768,0.0,0.0,0.0,1.0,0.0,0.0
25,70,4.232993624749053,1.4738311595463378,1.0,1.0,1.0,0.0,1.0,0.0
26,70,6.177181154884478,1.8028459357475075,1.0,0.0,0.0,1.0,0.0,1.0
27,70,11.916413906303408,6.25824860416607,0.0,1.0,0.0,0.0,0.0,0.0
28,70,0.0,8.19326409016907,0.0,1.0,0.0,1.0,1.0,0.0
29,70,4.712231520466446,7.170364693145205,0.0,0.0,0.0,1.0,1.0,0.0
0,75,6.54492090304623,10.527175898622916,0.0,0.0,1.0,0.0,0.0,0.0
1,75,1.908014736237488,2.3535768618802217,1.0,0.0,1.0,0.0,0.0,0.0
2,75,6.906588190708034,9.068838675983326,0.0,0.0,1.0,1.0,0.0,1.0
3,75,7.280629977793199,9.989848077082623,0.0,0.0,1.0,1.0,1.0,1.0
4,75,8.61113081916403,8.890437984931818,1.0,1.0,0.0,0.0,1.0,0.0
5,75,3.500686297949511,8.981934348828098,0.0,1.0,1.0,0.0,0.0,0.0
6,75,5.335161449778403,5.415315274738782,1.0,0.0,0.0,0.0,1.0,1.0
7,75,10.331595089902889,1.1867001870784917,0.0,0.0,0.0,0.0,0.0,1.0
8,75,2.3756016225197003,2.247361151080021,0.0,1.0,1.0,1.0,1.0,0.0
9,75,2.3372768385427545,6.955116910227233,0.0,1.0,1.0,0.0,0.0,0.0
10,75,2.7146812513857803,10.94393951999366,1.0,0.0,1.0,0.0,0.0,0.0
11,75,11.025305872978697,3.263328007557964,0.0,1.0,0.0,0.0,0.0,0.0
12,75,6.779422517942974,6.013978907024599,1.0,0.0,0.0,0.0,0.0,0.0
13,75,6.816269461354471,8.528650597129205,1.0,0.0,1.0,0.0,0.0,1.0
14,75,1.9853788316909569,4.6627315179855735,1.0,1.0,1.0,1.0,1.0,0.0
15,75,0.4611634906831027,3.770097943656758,1.0,1.0,0.0,0.0,1.0,0.0
16,75,1.7453757976656972,4.823725626953831,1.0,0.0,1.0,1.0,0.0,0.0
17,75,3.895214394080251,1.3753048122087042,1.0,1.0,1.0,0.0,0.0,1.0
18,75,3.7966693135747698,11.277766499304962,1.0,0.0,0.0,0.0,0.0,1.0
19,75,3.756768602236487,1.8266160036840549,0.0,1.0,0.0,0.0,1.0,0.0
20,75,9.967656577017594,4.806839576543744,0.0,0.0,1.0,0.0,0.0,0.0
21,75,9.513940163774032,0.8910722325320413,0.0,0.0,0.0,0.0,1.0,0.0
22,75,3.8455066419093415,11.83334539796074,1.0,0.0,1.0,0.0,1.0,0.0
23,75,6.998599994246279,3.805547104361464,0.0,0.0,0.0,0.0,0.0,1.0
24,75,1.722173543183146,4.079564235038662,0.0,0.0,0.0,1.0,0.0,0.0
25,75,4.243873488139604,1.4478404010407082,1.0,1.0,1.0,0.0,1.0,0.0
26,75,6.217238272833297,1.7617913325750922,1.0,0.0,0.0,1.0,0.0,1.0
27,75,12.0,6.327592516194003,0.0,1.0,0.0,0.0,0.0,0.0
28,75,0.0,8.204709839640165,0.0,1.0,0.0,1.0,1.0,0.0
29,75,4.650292113544059,7.205870573432172,0.0,0.0,0.0,1.0,1.0,0.0
0,80,6.541610434914048,10.46999865320798,0.0,0.0,1.0,0.0,0.0,0.0
1,80,1.904642088479334,2.3246842165834685,1.0,0.0,1.0,0.0,0.0,0.0
2,80,6.970489230423852,9.14258002948495,0.0,0.0,1.0,1.0,0.0,1.0
3,80,7.305501127136006,9.921671729656754,0.0,0.0,1.0,1.0,1.0,1.0
4,80,8.666135589014123,8.972077037047681,1.0,1.0,0.0,0.0,1.0,0.0
5,80,3.473268271194113,9.044431876236011,0.0,1.0,1.0,0.0,0.0,0.0
6,80,5.305185973194137,5.385545531019784,1.0,0.0,0.0,0.0,1.0,1.0
7,80,10.192130978031416,1.108993665465365,0.0,0.0,0.0,0.0,0.0,1.0
8,80,2.387522398092147,2.225655202185395,0.0,1.0,1.0,1.0,1.0,0.0
9,80,2.3186861909621825,6.955511785530809,0.0,1.0,1.0,0.0,0.0,0.0
10,80,2.7398217103370186,10.952167942392508,1.0,0.0,1.0,0.0,0.0,0.0
11,80,11.02532161317196,3.2423369994646696,0.0,1.0,0.0,0.0,0.0,0.0
12,80,6.872671707106552,6.077454796971574,1.0,0.0,0.0,0.0,0.0,0.0
13,80,6.855502448388554,8.501200619369882,1.0,0.0,1.0,0.0,0.0,1.0
14,80,1.977325607807148,4.602365908753127,1.0,1.0,1.0,1.0,1.0,0.0
15,80,0.4888447214978606,3.756431876710484,1.0,1.0,0.0,0.0,1.0,0.0
16,80,1.712022557664908,4.796074198467063,1.0,0.0,1.0,1.0,0.0,0.0
17,80,3.886964268540437,1.3183126300161176,1.0,1.0,1.0,0.0,0.0,1.0
18,80,3.745074397423697,11.288703042075367,1.0,0.0,0.0,0.0,0.0,1.0
19,80,3.732987713450762,1.740207586756578,0.0,1.0,0.0,0.0,1.0,0.0
20,80,9.963506081635568,4.89589810574405,0.0,0.0,1.0,0.0,0.0,0.0
21,80,9.534387031341746,0.9236027201042464,0.0,0.0,0.0,0.0,1.0,0.0
22,80,3.684308166178402,11.803086035621153,1.0,0.0,1.0,0.0,1.0,0.0
23,80,7.03957692048732,3.8698501253744,0.0,0.0,0.0,0.0,0.0,1.0
24,80,1.7235586630165165,4.085968320735436,0.0,0.0,0.0,1.0,0.0,0.0
25,80,4.2578994613742855,1.4128210596136674,1.0,1.0,1.0,0.0,1.0,0.0
26,80,6.267643180554151,1.708526962910465,1.0,0.0,0.0,1.0,0.0,1.0
27,80,12.0,6.38881935473947,0.0,1.0,0.0,0.0,0.0,0.0
28,80,0.0,8.209565637556734,0.0,1.0,0.0,1.0,1.0,0.0
29,80,4.58422650984372,7.246126377496946,0.0,0.0,0.0,1.0,1.0,0.0
0,85,6.538156827491671,10.403960330473929,0.0,0.0,1.0,0.0,0.0,0.0
1,85,1.902794191104496,2.302130252241466,1.0,0.0,1.0,0.0,0.0,0.0
2,85,7.034977338931897,9.219751283089009,0.0,0.0,1.0,1.0,0.0,1.0
3,85,7.318441689431102,9.886514360297872,0.0,0.0,1.0,1.0,1.0,1.0
4,85,8.7184856341579,9.048473917103934,1.0,1.0,0.0,0.0,1.0,0.0
5,85,3.449357712833073,9.09699359510702,0.0,1.0,1.0,0.0,0.0,0.0
6,85,5.2820572259939125,5.362999716478747,1.0,0.0,0.0,0.0,1.0,1.0
7,85,10.070798130447404,1.0404975964788643,0.0,0.0,0.0,0.0,0.0,1.0
8,85,2.408421627723432,2.1882966514073767,0.0,1.0,1.0,1.0,1.0,0.0
9,85,2.2841600061440035,6.9564455818499695,0.0,1.0,1.0,0.0,0.0,0.0
10,85,2.761029686630879,10.95884099195652,1.0,0.0,1.0,0.0,0.0,0.0
11,85,11.02555584245764,3.228187273120776,0.0,1.0,0.0,0.0,0.0,0.0
12,85,6.945585290763935,6.128061434297514,1.0,0.0,0.0,0.0,0.0,0.0
13,85,6.906821268340803,8.464323341430507,1.0,0.0,1.0,0.0,0.0,1.0
14,85,1.971926712928984,4.563438582191367,1.0,1.0,1.0,1.0,1.0,0.0
15,85,0.5326020824742896,3.736469935863015,1.0,1.0,0.0,0.0,1.0,0.0
16,85,1.67262874380602,4.765434870866082,1.0,0.0,1.0,1.0,0.0,0.0
17,85,3.876521941655528,1.2468937760023673,1.0,1.0,1.0,0.0,0.0,1.0
18,85,3.677836390648753,11.302399766012527,1.0,0.0,0.0,0.0,0.0,1.0
19,85,3.7128536737370696,1.672983628403238,0.0,1.0,0.0,0.0,1.0,0.0
20,85,10.04369272954714,4.897726231470579,0.0,0.0,1.0,0.0,0.0,0.0
21,85,9.55029792332539,0.9480191827735454,0.0,0.0,0.0,0.0,1.0,0.0
22,85,3.5177966994342733,11.772001540969702,1.0,0.0,1.0,0.0,1.0,0.0
23,85,7.071210285155481,3.917933108382657,0.0,0.0,0.0,0.0,0.0,1.0
24,85,1.7199077805624674,4.070287313350884,0.0,0.0,0.0,1.0,0.0,0.0
25,85,4.269711575330251,1.3825941563984991,1.0,1.0,1.0,0.0,1.0,0.0
26,85,6.319826907338783,1.6522924101271692,1.0,0.0,0.0,1.0,0.0,1.0
27,85,12.0,6.445337530553668,0.0,1.0,0.0,0.0,0.0,0.0
28,85,0.0,8.221170897851698,0.0,1.0,0.0,1.0,1.0,0.0
29,85,4.498062118466317,7.295909338152655,0.0,0.0,0.0,1.0,1.0,0.0
0,90,6.595069958122629,10.40152867976073,0.0,0.0,1.0,0.0,0.0,0.0
1,90,1.8995072641791308,2.2737395756533383,1.0,0.0,1.0,0.0,0.0,0.0
2,90,7.098384162091853,9.299987189559694,0.0,0.0,1.0,1.0,0.0,1.0
3,90,7.33438583162926,9.842205974060851,0.0,0.0,1.0,1.0,1.0,1.0
4,90,8.773368384500765,9.127508282778766,1.0,1.0,0.0,0.0,1.0,0.0
5,90,3.401702725669864,9.07489446149166,0.0,1.0,1.0,0.0,0.0,0.0
6,90,5.26205388603195,5.344333570863775,1.0,0.0,0.0,0.0,1.0,1.0
7,90,9.940896864856072,0.9653400847447424,0.0,0.0,0.0,0.0,0.0,1.0
8,90,2.429549411987165,2.1531595228240423,0.0,1.0,1.0,1.0,1.0,0.0
9,90,2.249406511846805,6.956617494074416,0.0,1.0,1.0,0.0,0.0,0.0
10,90,2.79004148743718,10.967732751687144,1.0,0.0,1.0,0.0,0.0,0.0
11,90,11.025534530017532,3.2238252520864874,0.0,1.0,0.0,0.0,0.0,0.0
12,90,7.020325371930255,6.177380285307329,1.0,0.0,0.0,0.0,0.0,0.0
13,90,6.960078640239581,8.426702508301256,1.0,0.0,1.0,0.0,0.0,1.0
14,90,1.9654918698336648,4.522317982285498,1.0,1.0,1.0,1.0,1.0,0.0
15,90,0.585150551536711,3.713255376056188,1.0,1.0,0.0,0.0,1.0,0.0
16,90,1.6483865559995448,4.746869756898502,1.0,0.0,1.0,1.0,0.0,0.0
17,90,3.8668865619107615,1.1889737138205594,1.0,1.0,1.0,0.0,0.0,1.0
18,90,3.612866673404129,11.316511357240348,1.0,0.0,0.0,0.0,0.0,1.0
19,90,3.6908653795764583,1.5995976159979275,0.0,1.0,0.0,0.0,1.0,0.0
20,90,10.124770972430673,4.903203232938252,0.0,0.0,1.0,0.0,0.0,0.0
21,90,9.56626986255707,0.9732086048542772,0.0,0.0,0.0,0.0,1.0,0.0
22,90,3.3403560844013027,11.740207432648312,1.0,0.0,1.0,0.0,1.0,0.0
23,90,7.092067489988193,3.949787436273831,0.0,0.0,0.0,0.0,0.0,1.0
24,90,1.719005687883747,4.066171365520198,0.0,0.0,0.0,1.0,0.0,0.0
25,90,4.2694135523342025,1.3833537808577157,1.0,1.0,1.0,0.0,1.0,0.0
26,90,6.369799517390228,1.5966905543296948,1.0,0.0,0.0,1.0,0.0,1.0
27,90,12.0,6.49189891396838,0.0,1.0,0.0,0.0,0.0,0.0
28,90,0.0,8.229616998426332,0.0,1.0,0.0,1.0,1.0,0.0
29,90,4.407658647035489,7.347744958026548,0.0,0.0,0.0,1.0,1.0,0.0
0,95,6.652960872084198,10.39887722574904,0.0,0.0,1.0,0.0,0.0,0.0
1,95,1.8971829572457612,2.252862535641397,1.0,0.0,1.0,0.0,0.0,0.0
2,95,7.156923848447189,9.374509786568195,0.0,0.0,1.0,1.0,0.0,1.0
3,95,7.361580595272212,9.76677339849884,0.0,0.0,1.0,1.0,1.0,1.0
4,95,8.809815432678855,9.178966375013433,1.0,1.0,0.0,0.0,1.0,0.0
5,95,3.328100107880868,9.04146174742634,0.0,1.0,1.0,0.0,0.0,0.0
6,95,5.22822408023232,5.312201284616581,1.0,0.0,0.0,0.0,1.0,1.0
7,95,9.814994508040586,0.8951513897919727,0.0,0.0,0.0,0.0,0.0,1.0
8,95,2.4664379151664826,2.0886513997302774,0.0,1.0,1.0,1.0,1.0,0.0
9,95,2.2142948392059645,6.957101533436283,0.0,1.0,1.0,0.0,0.0,0.0
10,95,2.8225883645272107,10.9774850240916,1.0,0.0,1.0,0.0,0.0,0.0
11,95,11.025601007748705,3.2319918157055647,0.0,1.0,0.0,0.0,0.0,0.0
12,95,7.107812617859275,6.231709675743553,1.0,0.0,0.0,0.0,0.0,0.0
13,95,7.02299013943937,8.382049061881139,1.0,0.0,1.0,0.0,0.0,1.0
14,95,1.9607377078126855,4.488345577580595,1.0,1.0,1.0,1.0,1.0,0.0
15,95,0.6360899864447026,3.691573404588879,1.0,1.0,0.0,0.0,1.0,0.0
16,95,1.6102540032992212,4.717040385163936,1.0,0.0,1.0,1.0,0.0,0.0
17,95,3.8590774939725794,1.1442900077872509,1.0,1.0,1.0,0.0,0.0,1.0
18,95,3.540179571640226,11.331876672097437,1.0,0.0,0.0,0.0,0.0,1.0
19,95,3.669716299435964,1.5304396247696876,0.0,1.0,0.0,0.0,1.0,0.0
20,95,10.181037269329403,4.906016033361101,0.0,0.0,1.0,0.0,0.0,0.0
21,95,9.579835323115502,0.9956010311900696,0.0,0.0,0.0,0.0,1.0,0.0
22,95,3.166607486834848,11.708143311629993,1.0,0.0,1.0,0.0,1.0,0.0
23,95,7.117680685703721,3.991173712177253,0.0,0.0,0.0,0.0,0.0,1.0
24,95,1.717772328723555,4.059865227504215,0.0,0.0,0.0,1.0,0.0,0.0
25,95,4.2708275255008745,1.379608078781373,1.0,1.0,1.0,0.0,1.0,0.0
26,95,6.417342379725353,1.5447472117336805,1.0,0.0,0.0,1.0,0.0,1.0
27,95,12.0,6.537748715778079,0.0,1.0,0.0,0.0,0.0,0.0
28,95,0.0,8.244064007466477,0.0,1.0,0.0,1.0,1.0,0.0
29,95,4.333706819030772,7.390498389630646,0.0,0.0,0.0,1.0,1.0,0.0
0,100,6.705218136262554,10.395396432013374,0.0,0.0,1.0,0.0,0.0,0.0
1,100,1.898306934944169,2.261481370133273,1.0,0.0,1.0,0.0,0.0,0.0
2,100,7.214233387704515,9.441989673121764,0.0,0.0,1.0,1.0,0.0,1.0
3,100,7.383869617263928,9.703947723788543,0.0,0.0,1.0,1.0,1.0,1.0
4,100,8.859059871847437,9.251809522679096,1.0,1.0,0.0,0.0,1.0,0.0
5,100,3.2671299611483784,9.01284920920563,0.0,1.0,1.0,0.0,0.0,0.0
6,100,5.18482422046467,5.27238086561065,1.0,0.0,0.0,0.0,1.0,1.0
7,100,9.67682299624257,0.821695556945909,0.0,0.0,0.0,0.0,0.0,1.0
8,100,2.5050260673932265,2.0232659305605,0.0,1.0,1.0,1.0,1.0,0.0
9,100,2.1926226853985464,6.9574320096618045,0.0,1.0,1.0,0.0,0.0,0.0
10,100,2.8533415372278554,10.986820770328752,1.0,0.0,1.0,0.0,0.0,0.0
11,100,11.02587013094802,3.2527610112413545,0.0,1.0,0.0,0.0,0.0,0.0
12,100,7.201400194285954,6.290743750131909,1.0,0.0,0.0,0.0,0.0,0.0
13,100,7.088476080736186,8.33426187486454,1.0,0.0,1.0,0.0,0.0,1.0
14,100,1.956481350215128,4.458025053615884,1.0,1.0,1.0,1.0,1.0,0.0
15,100,0.6948966519149896,3.665951722382117,1.0,1.0,0.0,0.0,1.0,0.0
16,100,1.568669746456372,4.685870359003766,1.0,0.0,1.0,1.0,0.0,0.0
17,100,3.8479897440185526,1.0835346455466452,1.0,1.0,1.0,0.0,0.0,1.0
18,100,3.475355255945144,11.344200396633015,1.0,0.0,0.0,0.0,0.0,1.0
19,100,3.645927785622812,1.4548692105749723,0.0,1.0,0.0,0.0,1.0,0.0
20,100,10.23918306703116,4.910377515005237,0.0,0.0,1.0,0.0,0.0,0.0
21,100,9.583040007447588,1.0009916655885325,0.0,0.0,0.0,0.0,1.0,0.0
22,100,2.984510911788116,11.672198192150876,1.0,0.0,1.0,0.0,1.0,0.0
23,100,7.137550290219983,4.021974494014106,0.0,0.0,0.0,0.0,0.0,1.0
24,100,1.7167771525234643,4.05524530291265,0.0,0.0,0.0,1.0,0.0,0.0
25,100,4.267057631641984,1.3894943171728171,1.0,1.0,1.0,0.0,1.0,0.0
26,100,6.46900579070507,1.4891407972269606,1.0,0.0,0.0,1.0,0.0,1.0
27,100,12.0,6.581501364200422,0.0,1.0,0.0,0.0,0.0,0.0
28,100,0.0,8.264604645236249,0.0,1.0,0.0,1.0,1.0,0.0
29,100,4.244753352986153,7.443970603882957,0.0,0.0,0.0,1.0,1.0,0.0
0,105,6.760396886992031,10.390025795167803,0.0,0.0,1.0,0.0,0.0,0.0
1,105,1.90045245943318,2.279211790750848,1.0,0.0,1.0,0.0,0.0,0.0
2,105,7.269527898845158,9.509416004582604,0.0,0.0,1.0,1.0,0.0,1.0
3,105,7.412935572916814,9.62574417040404,0.0,0.0,1.0,1.0,1.0,1.0
4,105,8.905073263646786,9.320711465836425,1.0,1.0,0.0,0.0,1.0,0.0
5,105,3.212043122582926,8.987929966675477,0.0,1.0,1.0,0.0,0.0,0.0
6,105,5.135286390967625,5.227098021262579,1.0,0.0,0.0,0.0,1.0,1.0
7,105,9.498018580291342,0.7249460743006624,0.0,0.0,0.0,0.0,0.0,1.0
8,105,2.5431171736163907,1.9582249005811665,0.0,1.0,1.0,1.0,1.0,0.0
9,105,2.1811296129789803,6.957685393257759,0.0,1.0,1.0,0.0,0.0,0.0
10,105,2.896235789345366,10.999116599752709,1.0,0.0,1.0,0.0,0.0,0.0
11,105,11.041772245571318,3.2525120469480995,0.0,1.0,0.0,0.0,0.0,0.0
12,105,7.28657996473181,6.344837659573559,1.0,0.0,0.0,0.0,0.0,0.0
13,105,7.147999490962081,8.290492170821649,1.0,0.0,1.0,0.0,0.0,1.0
14,105,1.9540244969099605,4.434329374548496,1.0,1.0,1.0,1.0,1.0,0.0
15,105,0.7623063584766946,3.636942861778639,1.0,1.0,0.0,0.0,1.0,0.0
16,105,1.5297605406037378,4.735489265312745,1.0,0.0,1.0,1.0,0.0,0.0
17,105,3.835070499985641,1.0178138099570186,1.0,1.0,1.0,0.0,0.0,1.0
18,105,3.4120707158453296,11.354704198711197,1.0,0.0,0.0,0.0,0.0,1.0
19,105,3.617767085574274,1.3658063453448497,0.0,1.0,0.0,0.0,1.0,0.0
20,105,10.306317400540438,4.916983840422385,0.0,0.0,1.0,0.0,0.0,0.0
21,105,9.582809863885007,1.0011280902578037,0.0,0.0,0.0,0.0,1.0,0.0
22,105,2.809115602916072,11.639069885554678,1.0,0.0,1.0,0.0,1.0,0.0
23,105,7.089546511073839,4.049933478394355,0.0,0.0,0.0,0.0,0.0,1.0
24,105,1.717252821804334,4.057630750017557,0.0,0.0,0.0,1.0,0.0,0.0
25,105,4.262609397895951,1.400793106492251,1.0,1.0,1.0,0.0,1.0,0.0
26,105,6.510791702334459,1.443913884972786,1.0,0.0,0.0,1.0,0.0,1.0
27,105,12.0,6.626081161404851,0.0,1.0,0.0,0.0,0.0,0.0
28,105,0.0,8.284657331655577,0.0,1.0,0.0,1.0,1.0,0.0
29,105,4.155257310824033,7.500219144550496,0.0,0.0,0.0,1.0,1.0,0.0
0,110,6.803739037994277,10.385092465053216,0.0,0.0,1.0,0.0,0.0,0.0
1,110,1.9017120282206728,2.289743185284128,1.0,0.0,1.0,0.0,0.0,0.0
2,110,7.329636210615431,9.58195383240558,0.0,0.0,1.0,1.0,0.0,1.0
3,110,7.358649958791767,9.60485122966866,0.0,0.0,1.0,1.0,1.0,1.0
4,110,8.949562776823615,9.386918492603952,1.0,1.0,0.0,0.0,1.0,0.0
5,110,3.138729012191839,8.953734673304442,0.0,1.0,1.0,0.0,0.0,0.0
6,110,5.087438160961398,5.180942212592057,1.0,0.0,0.0,0.0,1.0,1.0
7,110,9.300684900997677,0.6153068701372114,0.0,0.0,0.0,0.0,0.0,1.0
8,110,2.5822469767053238,1.894988936857655,0.0,1.0,1.0,1.0,1.0,0.0
9,110,2.1589273732302674,6.957459114222428,0.0,1.0,1.0,0.0,0.0,0.0
10,110,2.9333582197486843,11.009946873514874,1.0,0.0,1.0,0.0,0.0,0.0
11,110,11.064769492520927,3.2523976167218915,0.0,1.0,0.0,0.0,0.0,0.0
12,110,7.352844173908284,6.3874476704685454,1.0,0.0,0.0,0.0,0.0,0.0
13,110,7.206520750846042,8.250248392046268,1.0,0.0,1.0,0.0,0.0,1.0
14,110,1.95220967735863,4.41736304800214,1.0,1.0,1.0,1.0,1.0,0.0
15,110,0.8226379362050306,3.609727745758899,1.0,1.0,0.0,0.0,1.0,0.0
16,110,1.4998184563237476,4.773850446843209,1.0,0.0,1.0,1.0,0.0,0.0
17,110,3.819346018267382,0.9402975450984854,1.0,1.0,1.0,0.0,0.0,1.0
18,110,3.345173467974041,11.36520846066944,1.0,0.0,0.0,0.0,0.0,1.0
19,110,3.585373097491404,1.2602395241671882,0.0,1.0,0.0,0.0,1.0,0.0
20,110,10.35795084498686,4.92139039955936,0.0,0.0,1.0,0.0,0.0,0.0
21,110,9.58124799108987,1.0020668431195774,0.0,0.0,0.0,0.0,1.0,0.0
22,110,2.6176972486570493,11.606393074994717,1.0,0.0,1.0,0.0,1.0,0.0
23,110,7.028232448266963,4.086821067435951,0.0,0.0,0.0,0.0,0.0,1.0
24,110,1.717829947312867,4.060433690299456,0.0,0.0,0.0,1.0,0.0,0.0
25,110,4.258353499763439,1.4111857665958067,1.0,1.0,1.0,0.0,1.0,0.0
26,110,6.550530832313608,1.4008422566737573,1.0,0.0,0.0,1.0,0.0,1.0
27,110,12.0,6.675906474197543,0.0,1.0,0.0,0.0,0.0,0.0
28,110,0.0,8.31362311737137,0.0,1.0,0.0,1.0,1.0,0.0
29,110,4.045412731571713,7.566321169188078,0.0,0.0,0.0,1.0,1.0,0.0
0,115,6.84807460499938,10.38154152235643,0.0,0.0,1.0,0.0,0.0,0.0
1,115,1.9014112352424253,2.287291423366758,1.0,0.0,1.0,0.0,0.0,0.0
2,115,7.379726739941616,9.643377985761749,0.0,0.0,1.0,1.0,0.0,1.0
3,115,7.296088252643066,9.581074023418768,0.0,0.0,1.0,1.0,1.0,1.0
4,115,8.987931217624272,9.445990697418033,1.0,1.0,0.0,0.0,1.0,0.0
5,115,3.059228440895379,8.917812651855382,0.0,1.0,1.0,0.0,0.0,0.0
6,115,5.0354159745,5.13059482394234,1.0,0.0,0.0,0.0,1.0,1.0
7,115,9.095225321164929,0.4972074938027582,0.0,0.0,0.0,0.0,0.0,1.0
8,115,2.633613115314119,1.8113930114268897,0.0,1.0,1.0,1.0,1.0,0.0
9,115,2.111415168338298,6.95798965536132,0.0,1.0,1.0,0.0,0.0,0.0
10,115,2.959945870290456,11.017270118168256,1.0,0.0,1.0,0.0,0.0,0.0
11,115,11.076795559547977,3.252017403814256,0.0,1.0,0.0,0.0,0.0,0.0
12,115,7.410026005446801,6.4238424924058855,1.0,0.0,0.0,0.0,0.0,0.0
13,115,7.27433526807939,8.203217953515543,1.0,0.0,1.0,0.0,0.0,1.0
14,115,1.949796297420033,4.395748247629515,1.0,1.0,1.0,1.0,1.0,0.0
15,115,0.8650137032440675,3.5924526606455705,1.0,1.0,0.0,0.0,1.0,0.0
16,115,1.473065208743012,4.810513845607568,1.0,0.0,1.0,1.0,0.0,0.0
17,115,3.799294697203168,0.8504151422338714,1.0,1.0,1.0,0.0,0.0,1.0
18,115,3.27960257945504,11.376626971350312,1.0,0.0,0.0,0.0,0.0,1.0
19,115,3.5497886153085565,1.1466727565749255,0.0,1.0,0.0,0.0,1.0,0.0
20,115,10.41912454144322,4.926858964861943,0.0,0.0,1.0,0.0,0.0,0.0
21,115,9.575427176799383,1.0054895148350722,0.0,0.0,0.0,0.0,1.0,0.0
22,115,2.411746413970725,11.56639573547898,1.0,0.0,1.0,0.0,1.0,0.0
23,115,6.963291370921789,4.127436962571818,0.0,0.0,0.0,0.0,0.0,1.0
24,115,1.720452660052146,4.072654873620513,0.0,0.0,0.0,1.0,0.0,0.0
25,115,4.257004388329306,1.414596096166601,1.0,1.0,1.0,0.0,1.0,0.0
26,115,6.590234492190767,1.3576889967414851,1.0,0.0,0.0,1.0,0.0,1.0
27,115,12.0,6.719200214333215,0.0,1.0,0.0,0.0,0.0,0.0
28,115,0.0,8.34464654131227,0.0,1.0,0.0,1.0,1.0,0.0
29,115,3.934211032145977,7.635590547227161,0.0,0.0,0.0,1.0,1.0,0.0
0,120,6.880875718627523,10.378680555102797,0.0,0.0,1.0,0.0,0.0,0.0
1,120,1.899448548166205,2.2685194089297345,1.0,0.0,1.0,0.0,0.0,0.0
2,120,7.441019633979299,9.716811023472037,0.0,0.0,1.0,1.0,0.0,1.0
3,120,7.241939840778351,9.557508079587787,0.0,0.0,1.0,1.0,1.0,1.0
4,120,9.029521243536037,9.509660563199382,1.0,1.0,0.0,0.0,1.0,0.0
5,120,2.976813520911668,8.878449602378911,0.0,1.0,1.0,0.0,0.0,0.0
6,120,4.992338027789236,5.087509489971712,1.0,0.0,0.0,0.0,1.0,1.0
7,120,8.900232669994681,0.3811591535647201,0.0,0.0,0.0,0.0,0.0,1.0
8,120,2.6755513496190613,1.7446067574564013,0.0,1.0,1.0,1.0,1.0,0.0
9,120,2.0657751305848104,6.959491895406792,0.0,1.0,1.0,0.0,0.0,0.0
10,120,2.983784644918624,11.02402599929628,1.0,0.0,1.0,0.0,0.0,0.0
11,120,11.06841135562616,3.252190122817896,0.0,1.0,0.0,0.0,0.0,0.0
12,120,7.483989719105129,6.473974323784733,1.0,0.0,0.0,0.0,0.0,0.0
13,120,7.364598936987974,8.14091870325459,1.0,0.0,1.0,0.0,0.0,1.0
14,120,1.9476736242137531,4.37680700254439,1.0,1.0,1.0,1.0,1.0,0.0
15,120,0.921465344002817,3.571021563640392,1.0,1.0,0.0,0.0,1.0,0.0
16,120,1.4531888085275226,4.838054863376646,1.0,0.0,1.0,1.0,0.0,0.0
17,120,3.7812555826079297,0.7704725358397885,1.0,1.0,1.0,0.0,0.0,1.0
18,120,3.2086724646057903,11.38761397033736,1.0,0.0,0.0,0.0,0.0,1.0
19,120,3.521349222699892,1.0384300109575175,0.0,1.0,0.0,0.0,1.0,0.0
20,120,10.423193611255329,4.879363693267664,0.0,0.0,1.0,0.0,0.0,0.0
21,120,9.573109018497949,1.0068339362638643,0.0,0.0,0.0,0.0,1.0,0.0
22,120,2.204330156744293,11.526356629300484,1.0,0.0,1.0,0.0,1.0,0.0
23,120,6.890356513239654,4.173191750714835,0.0,0.0,0.0,0.0,0.0,1.0
24,120,1.7241077970585914,4.089751744443297,0.0,0.0,0.0,1.0,0.0,0.0
25,120,4.2496800092588645,1.4318770729925798,1.0,1.0,1.0,0.0,1.0,0.0
26,120,6.635660457646543,1.3077085820999697,1.0,0.0,0.0,1.0,0.0,1.0
27,120,12.0,6.751617251710682,0.0,1.0,0.0,0.0,0.0,0.0
28,120,0.0,8.37131925513375,0.0,1.0,0.0,1.0,1.0,0.0
29,120,3.836155367332053,7.694987411176168,0.0,0.0,0.0,1.0,1.0,0.0
0,125,6.913416025287461,10.376047703462646,0.0,0.0,1.0,0.0,0.0,0.0
1,125,1.8965580726391733,2.243603922363675,1.0,0.0,1.0,0.0,0.0,0.0
2,125,7.501746937786526,9.788595257156842,0.0,0.0,1.0,1.0,0.0,1.0
3,125,7.180167419873941,9.532163869266842,0.0,0.0,1.0,1.0,1.0,1.0
4,125,9.085339310394694,9.591520742305011,1.0,1.0,0.0,0.0,1.0,0.0
5,125,2.869459046026859,8.827937280030522,0.0,1.0,1.0,0.0,0.0,0.0
6,125,4.935369703239704,5.030783536371227,1.0,0.0,0.0,0.0,1.0,1.0
7,125,8.715355083648337,0.276994674658494,0.0,0.0,0.0,0.0,0.0,1.0
8,125,2.7256677239493072,1.6598023821647632,0.0,1.0,1.0,1.0,1.0,0.0
9,125,2.026496625082768,6.959412736007866,0.0,1.0,1.0,0.0,0.0,0.0
10,125,2.9890300858746914,11.025589789027055,1.0,0.0,1.0,0.0,0.0,0.0
11,125,11.079285077407093,3.252400618460556,0.0,1.0,0.0,0.0,0.0,0.0
12,125,7.572834942397897,6.529869680266621,1.0,0.0,0.0,0.0,0.0,0.0
13,125,7.468538595788212,8.069084043931216,1.0,0.0,1.0,0.0,0.0,1.0
14,125,1.9457973171921397,4.361265860948178,1.0,1.0,1.0,1.0,1.0,0.0
15,125,0.9949457318510349,3.5450157557520963,1.0,1.0,0.0,0.0,1.0,0.0
16,125,1.4343457130846111,4.86579596059819,1.0,0.0,1.0,1.0,0.0,0.0
17,125,3.763937634997193,0.6968378757485365,1.0,1.0,1.0,0.0,0.0,1.0
18,125,3.126523626604255,11.398504708619337,1.0,0.0,0.0,0.0,0.0,1.0
19,125,3.4905650867041085,0.922812598125872,0.0,1.0,0.0,0.0,1.0,0.0
20,125,10.427988300359724,4.812232692382179,0.0,0.0,1.0,0.0,0.0,0.0
21,125,9.567743562906069,1.0099930530457364,0.0,0.0,0.0,0.0,1.0,0.0
22,125,1.9964985073013035,11.4866697926979,1.0,0.0,1.0,0.0,1.0,0.0
23,125,6.829023842579363,4.212916453422876,0.0,0.0,0.0,0.0,0.0,1.0
24,125,1.72852944440054,4.111845100322422,0.0,0.0,0.0,1.0,0.0,0.0
25,125,4.234637879320487,1.470065363119138,1.0,1.0,1.0,0.0,1.0,0.0
26,125,6.669214072159467,1.2688868923023138,1.0,0.0,0.0,1.0,0.0,1.0
27,125,12.0,6.782601904976358,0.0,1.0,0.0,0.0,0.0,0.0
28,125,0.0,8.402093565422431,0.0,1.0,0.0,1.0,1.0,0.0
29,125,3.726684916667266,7.763047730103862,0.0,0.0,0.0,1.0,1.0,0.0
0,130,6.948778943665346,10.374251091121977,0.0,0.0,1.0,0.0,0.0,0.0
1,130,1.89424039584499,2.219623493660027,1.0,0.0,1.0,0.0,0.0,0.0
2,130,7.558967210427111,9.861288744848558,0.0,0.0,1.0,1.0,0.0,1.0
3,130,7.136168356689873,9.514012917732993,0.0,0.0,1.0,1.0,1.0,1.0
4,130,9.130389334113705,9.659008716797194,1.0,1.0,0.0,0.0,1.0,0.0
5,130,2.7484480057525467,8.77088582566596,0.0,1.0,1.0,0.0,0.0,0.0
6,130,4.877914077581523,4.974458526830608,1.0,0.0,0.0,0.0,1.0,1.0
7,130,8.543235594824955,0.1805274958839506,0.0,0.0,0.0,0.0,0.0,1.0
8,130,2.767345105901839,1.5910792595066947,0.0,1.0,1.0,1.0,1.0,0.0
9,130,2.0022018740131764,6.9598389715079785,0.0,1.0,1.0,0.0,0.0,0.0
10,130,3.009492685772875,11.031498653802078,1.0,0.0,1.0,0.0,0.0,0.0
11,130,11.060876460696129,3.252249386784128,0.0,1.0,0.0,0.0,0.0,0.0
12,130,7.655810670936953,6.582415863894093,1.0,0.0,0.0,0.0,0.0,0.0
13,130,7.575079556690829,7.992691353772209,1.0,0.0,1.0,0.0,0.0,1.0
14,130,1.945051413452343,4.35532511516293,1.0,1.0,1.0,1.0,1.0,0.0
15,130,1.0750959662707489,3.516271497542485,1.0,1.0,0.0,0.0,1.0,0.0
16,130,1.4188875279437052,4.887797535338402,1.0,0.0,1.0,1.0,0.0,0.0
17,130,3.744711837383437,0.6145391010847447,1.0,1.0,1.0,0.0,0.0,1.0
18,130,3.0419657370934274,11.408676877317983,1.0,0.0,0.0,0.0,0.0,1.0
19,130,3.453704800273,0.7969259642329621,0.0,1.0,0.0,0.0,1.0,0.0
20,130,10.43221389391553,4.745999691334648,0.0,0.0,1.0,0.0,0.0,0.0
21,130,9.557257695958636,1.0159690384251636,0.0,0.0,0.0,0.0,1.0,0.0
22,130,1.784075313671098,11.445004887053075,1.0,0.0,1.0,0.0,1.0,0.0
23,130,6.748310791414312,4.267709903960999,0.0,0.0,0.0,0.0,0.0,1.0
24,130,1.731881915139447,4.130056546135888,0.0,0.0,0.0,1.0,0.0,0.0
25,130,4.231313240527193,1.4779132548549156,1.0,1.0,1.0,0.0,1.0,0.0
26,130,6.69396585412194,1.238971400780873,1.0,0.0,0.0,1.0,0.0,1.0
27,130,12.0,6.806229963763488,0.0,1.0,0.0,0.0,0.0,0.0
28,130,0.0,8.43286523733104,0.0,1.0,0.0,1.0,1.0,0.0
29,130,3.620210829795701,7.828849685282173,0.0,0.0,0.0,1.0,1.0,0.0
0,135,6.975521795043745,10.37255145244705,0.0,0.0,1.0,0.0,0.0,0.0
1,135,1.8918885820333915,2.1999694711570497,1.0,0.0,1.0,0.0,0.0,0.0
2,135,7.610308608599127,9.924290940117222,0.0,0.0,1.0,1.0,0.0,1.0
3,135,7.100679315938776,9.50012377198191,0.0,0.0,1.0,1.0,1.0,1.0
4,135,9.174131913184429,9.723432997664736,1.0,1.0,0.0,0.0,1.0,0.0
5,135,2.634101963644865,8.720811196038147,0.0,1.0,1.0,0.0,0.0,0.0
6,135,4.80879708912542,4.912394810874081,1.0,0.0,0.0,0.0,1.0,1.0
7,135,8.35413672795162,0.0704919347865213,0.0,0.0,0.0,0.0,0.0,1.0
8,135,2.8166165875531117,1.5092467408922885,0.0,1.0,1.0,1.0,1.0,0.0
9,135,1.9972804378130773,6.959976861819034,0.0,1.0,1.0,0.0,0.0,0.0
10,135,3.020536249190902,11.034689962366532,1.0,0.0,1.0,0.0,0.0,0.0
11,135,11.037175353322327,3.2526803228597787,0.0,1.0,0.0,0.0,0.0,0.0
12,135,7.731939056284363,6.630745934108546,1.0,0.0,0.0,0.0,0.0,0.0
13,135,7.686333363565442,7.909768816374405,1.0,0.0,1.0,0.0,0.0,1.0
14,135,1.9481037162373815,4.378485699358179,1.0,1.0,1.0,1.0,1.0,0.0
15,135,1.1417036197757215,3.4932109695139517,1.0,1.0,0.0,0.0,1.0,0.0
16,135,1.3956167934475054,4.9194924325712375,1.0,0.0,1.0,1.0,0.0,0.0
17,135,3.731724230714997,0.5554228080987601,1.0,1.0,1.0,0.0,0.0,1.0
18,135,2.9665372084150112,11.417633420595427,1.0,0.0,0.0,0.0,0.0,1.0
19,135,3.419750867075433,0.6826871286525525,0.0,1.0,0.0,0.0,1.0,0.0
20,135,10.437637180158816,4.668461192560326,0.0,0.0,1.0,0.0,0.0,0.0
21,135,9.547376524728952,1.0216132733013903,0.0,0.0,0.0,0.0,1.0,0.0
22,135,1.5807730437543976,11.406585941402708,1.0,0.0,1.0,0.0,1.0,0.0
23,135,6.663845168271305,4.323876191246935,0.0,0.0,0.0,0.0,0.0,1.0
24,135,1.73613770612719,4.153953716229782,0.0,0.0,0.0,1.0,0.0,0.0
25,135,4.226088732000541,1.4907702540471577,1.0,1.0,1.0,0.0,1.0,0.0
26,135,6.725203615520925,1.1996343128879454,1.0,0.0,0.0,1.0,0.0,1.0
27,135,12.0,6.816937646750717,0.0,1.0,0.0,0.0,0.0,0.0
28,135,0.0,8.461120817397163,0.0,1.0,0.0,1.0,1.0,0.0
29,135,3.504716060155284,7.901982303691637,0.0,0.0,0.0,1.0,1.0,0.0
0,140,7.017260724708046,10.369968927004342,0.0,0.0,1.0,0.0,0.0,0.0
1,140,1.888772696505594,2.170246341643072,1.0,0.0,1.0,0.0,0.0,0.0
2,140,7.662880194365783,9.9927980409773,0.0,0.0,1.0,1.0,0.0,1.0
3,140,7.056475431849863,9.48220584065498,0.0,0.0,1.0,1.0,1.0,1.0
4,140,9.229830876927656,9.81046617183104,1.0,1.0,0.0,0.0,1.0,0.0
5,140,2.5180705321992587,8.66802508057524,0.0,1.0,1.0,0.0,0.0,0.0
6,140,4.747719615942536,4.855616205639617,1.0,0.0,0.0,0.0,1.0,1.0
7,140,8.17834252468947,0.0,0.0,0.0,0.0,0.0,0.0,1.0
8,140,2.8576055594980696,1.4356786134726371,0.0,1.0,1.0,1.0,1.0,0.0
9,140,1.9854452746597009,6.960365245129164,0.0,1.0,1.0,0.0,0.0,0.0
10,140,3.0126974853002118,11.061577286187536,1.0,0.0,1.0,0.0,0.0,0.0
11,140,11.016860048995577,3.2534097049537354,0.0,1.0,0.0,0.0,0.0,0.0
12,140,7.812212032716397,6.682597642327176,1.0,0.0,0.0,0.0,0.0,0.0
13,140,7.789671970831081,7.831390049203946,1.0,0.0,1.0,0.0,0.0,1.0
14,140,1.9498469576849775,4.391102590595824,1.0,1.0,1.0,1.0,1.0,0.0
15,140,1.2059986520966692,3.470384804124031,1.0,1.0,0.0,0.0,1.0,0.0
16,140,1.3714487964765467,4.951161167260288,1.0,0.0,1.0,1.0,0.0,0.0
17,140,3.7185126934055206,0.4936423010274885,1.0,1.0,1.0,0.0,0.0,1.0
18,140,2.886889622304988,11.4246630471768,1.0,0.0,0.0,0.0,0.0,1.0
19,140,3.383001011256173,0.5684156403326189,0.0,1.0,0.0,0.0,1.0,0.0
20,140,10.443635006519196,4.571894526305036,0.0,0.0,1.0,0.0,0.0,0.0
21,140,9.542095666724524,1.0244733922667553,0.0,0.0,0.0,0.0,1.0,0.0
22,140,1.3659477898234358,11.364894936712794,1.0,0.0,1.0,0.0,1.0,0.0
23,140,6.573869000623886,4.386776328732184,0.0,0.0,0.0,0.0,0.0,1.0
24,140,1.7476299766609855,4.219342672425198,0.0,0.0,0.0,1.0,0.0,0.0
25,140,4.223198126877303,1.4984429318986177,1.0,1.0,1.0,0.0,1.0,0.0
26,140,6.7554628840848,1.1628009754989492,1.0,0.0,0.0,1.0,0.0,1.0
27,140,12.0,6.81861591100238,0.0,1.0,0.0,0.0,0.0,0.0
28,140,0.0,8.499716044558644,0.0,1.0,0.0,1.0,1.0,0.0
29,140,3.365560923121258,7.988330514471685,0.0,0.0,0.0,1.0,1.0,0.0
0,145,7.038737433877018,10.368453396004083,0.0,0.0,1.0,0.0,0.0,0.0
1,145,1.8851036729444968,2.1343949565100075,1.0,0.0,1.0,0.0,0.0,0.0
2,145,7.720718403072778,10.069752333781604,0.0,0.0,1.0,1.0,0.0,1.0
3,145,7.032751353264691,9.472745586720585,0.0,0.0,1.0,1.0,1.0,1.0
4,145,9.28763579740403,9.904249230953146,1.0,1.0,0.0,0.0,1.0,0.0
5,145,2.4141438560359703,8.620587264988288,0.0,1.0,1.0,0.0,0.0,0.0
6,145,4.671314214267465,4.781429054570151,1.0,0.0,0.0,0.0,1.0,1.0
7,145,8.002140560064015,0.0,0.0,0.0,0.0,0.0,0.0,1.0
8,145,2.8922749346025207,1.3712637044171303,0.0,1.0,1.0,1.0,1.0,0.0
9,145,1.9779267181607625,6.960671646654496,0.0,1.0,1.0,0.0,0.0,0.0
10,145,2.991560003025231,11.131208827812426,1.0,0.0,1.0,0.0,0.0,0.0
11,145,10.977429859720347,3.2553690462701304,0.0,1.0,0.0,0.0,0.0,0.0
12,145,7.9043554693079825,6.743897966917863,1.0,0.0,0.0,0.0,0.0,0.0
13,145,7.886684238817868,7.754449342227102,1.0,0.0,1.0,0.0,0.0,1.0
14,145,1.9546065720989945,4.428675677101022,1.0,1.0,1.0,1.0,1.0,0.0
15,145,1.2582417376430788,3.451638347778477,1.0,1.0,0.0,0.0,1.0,0.0
16,145,1.334284212034034,4.994682923696368,1.0,0.0,1.0,1.0,0.0,0.0
17,145,3.71268821744766,0.459454321366957,1.0,1.0,1.0,0.0,0.0,1.0
18,145,2.8170788172061845,11.430866794534325,1.0,0.0,0.0,0.0,0.0,1.0
19,145,3.34637698591241,0.4611520116683371,0.0,1.0,0.0,0.0,1.0,0.0
20,145,10.452003621969556,4.467261968245722,0.0,0.0,1.0,0.0,0.0,0.0
21,145,9.53632037866684,1.0274786428693754,0.0,0.0,0.0,0.0,1.0,0.0
22,145,1.172816463023186,11.32288545727,1.0,0.0,1.0,0.0,1.0,0.0
23,145,6.488951683132894,4.449660840353159,0.0,0.0,0.0,0.0,0.0,1.0
24,145,1.7600755951254194,4.292946029815547,0.0,0.0,0.0,1.0,0.0,0.0
25,145,4.221764070741585,1.5025039773065565,1.0,1.0,1.0,0.0,1.0,0.0
26,145,6.79060518027497,1.119906577991474,1.0,0.0,0.0,1.0,0.0,1.0
27,145,11.993714078631957,6.814583115136287,0.0,1.0,0.0,0.0,0.0,0.0
28,145,0.0,8.536719527101628,0.0,1.0,0.0,1.0,1.0,0.0
29,145,3.235644091172814,8.072664927623325,0.0,0.0,0.0,1.0,1.0,0.0
0,150,7.073449885165176,10.366686930957725,0.0,0.0,1.0,0.0,0.0,0.0
1,150,1.8786186078391425,2.078384328135354,1.0,0.0,1.0,0.0,0.0,0.0
2,150,7.780936632785909,10.15128303796677,0.0,0.0,1.0,1.0,0.0,1.0
3,150,6.99522983591226,9.458445320699711,0.0,0.0,1.0,1.0,1.0,1.0
4,150,9.353528257845475,10.010085483628565,1.0,1.0,0.0,0.0,1.0,0.0
5,150,2.3133851585511405,8.576445690838511,0.0,1.0,1.0,0.0,0.0,0.0
6,150,4.602011906969952,4.713060421693196,1.0,0.0,0.0,0.0,1.0,1.0
7,150,7.825418722162356,0.0,0.0,0.0,0.0,0.0,0.0,1.0
8,150,2.933226303998857,1.2910934218688994,0.0,1.0,1.0,1.0,1.0,0.0
9,150,1.987599129457478,6.960518795097406,0.0,1.0,1.0,0.0,0.0,0.0
10,150,2.97193632306345,11.201815701714814,1.0,0.0,1.0,0.0,0.0,0.0
11,150,10.92012629255544,3.2583028915506382,0.0,1.0,0.0,0.0,0.0,0.0
12,150,7.987599560243205,6.799084142485384,1.0,0.0,0.0,0.0,0.0,0.0
13,150,7.972723739188104,7.6845115085458415,1.0,0.0,1.0,0.0,0.0,1.0
14,150,1.9604484557344748,4.480384071910708,1.0,1.0,1.0,1.0,1.0,0.0
15,150,1.299899322053372,3.436080314395569,1.0,1.0,0.0,0.0,1.0,0.0
16,150,1.299672366348836,5.034064159036566,1.0,0.0,1.0,1.0,0.0,0.0
17,150,3.7114053113559153,0.4511143822942758,1.0,1.0,1.0,0.0,0.0,1.0
18,150,2.7578221133938987,11.437224731473943,1.0,0.0,0.0,0.0,0.0,1.0
19,150,3.312651537171744,0.3568738035821694,0.0,1.0,0.0,0.0,1.0,0.0
20,150,10.46260488550222,4.340096671439198,0.0,0.0,1.0,0.0,0.0,0.0
21,150,9.530230806263605,1.016513282759704,0.0,0.0,0.0,0.0,1.0,0.0
22,150,0.9736299891162964,11.27403723482833,1.0,0.0,1.0,0.0,1.0,0.0
23,150,6.431376353952334,4.3647154158750965,0.0,0.0,0.0,0.0,0.0,1.0
24,150,1.772926222774265,4.365624243983393,0.0,0.0,0.0,1.0,0.0,0.0
25,150,4.214297973703841,1.499842090051499,1.0,1.0,1.0,0.0,1.0,0.0
26,150,6.817510590590721,1.0861581933368527,1.0,0.0,0.0,1.0,0.0,1.0
27,150,11.984478145885234,6.808387325500149,0.0,1.0,0.0,0.0,0.0,0.0
28,150,0.0,8.581284861103429,0.0,1.0,0.0,1.0,1.0,0.0
29,150,3.094786342598248,8.162638902994813,0.0,0.0,0.0,1.0,1.0,0.0
0,155,7.112106309668708,10.365281761333586,0.0,0.0,1.0,0.0,0.0,0.0
1,155,1.87296007723504,2.0231045496831106,1.0,0.0,1.0,0.0,0.0,0.0
2,155,7.846457624649823,10.23679496032713,0.0,0.0,1.0,1.0,0.0,1.0
3,155,6.965673890459676,9.447759144564294,0.0,0.0,1.0,1.0,1.0,1.0
4,155,9.422301925768489,10.115010617517358,1.0,1.0,0.0,0.0,1.0,0.0
5,155,2.201260776149086,8.527695558934422,0.0,1.0,1.0,0.0,0.0,0.0
6,155,4.542263954856924,4.654367936303057,1.0,0.0,0.0,0.0,1.0,1.0
7,155,7.631402541285671,0.0,0.0,0.0,0.0,0.0,0.0,1.0
8,155,2.963971275393478,1.232241420767099,0.0,1.0,1.0,1.0,1.0,0.0
9,155,1.9671272583645087,6.9609419927722405,0.0,1.0,1.0,0.0,0.0,0.0
10,155,2.9479807612090494,11.285927059265637,1.0,0.0,1.0,0.0,0.0,0.0
11,155,10.849385495259137,3.2626499074438096,0.0,1.0,0.0,0.0,0.0,0.0
12,155,8.078115051688162,6.85995991192952,1.0,0.0,0.0,0.0,0.0,0.0
13,155,8.066900205772587,7.607675408143799,1.0,0.0,1.0,0.0,0.0,1.0
14,155,1.9636888188666777,4.515120666416199,1.0,1.0,1.0,1.0,1.0,0.0
15,155,1.3520436894336314,3.4185725368973285,1.0,1.0,0.0,0.0,1.0,0.0
16,155,1.273625063086934,5.065282540454136,1.0,0.0,1.0,1.0,0.0,0.0
17,155,3.7114526652614206,0.4514708446169866,1.0,1.0,1.0,0.0,0.0,1.0
18,155,2.694236863825167,11.44363724279104,1.0,0.0,0.0,0.0,0.0,1.0
19,155,3.2786992234882657,0.2614606713207744,0.0,1.0,0.0,0.0,1.0,0.0
20,155,10.472111978850608,4.22027488000343,0.0,0.0,1.0,0.0,0.0,0.0
21,155,9.520741013579132,0.9989955586222968,0.0,0.0,0.0,0.0,1.0,0.0
22,155,0.7963710634727685,11.228488601575586,1.0,0.0,1.0,0.0,1.0,0.0
23,155,6.378277450319494,4.290461708420873,0.0,0.0,0.0,0.0,0.0,1.0
24,155,1.7920441689853304,4.456055393131958,0.0,0.0,0.0,1.0,0.0,0.0
25,155,4.205901870157101,1.4968687672301078,1.0,1.0,1.0,0.0,1.0,0.0
26,155,6.84180951108891,1.0543793355459876,1.0,0.0,0.0,1.0,0.0,1.0
27,155,11.969616314799875,6.798897357284534,0.0,1.0,0.0,0.0,0.0,0.0
28,155,0.0,8.629301210312349,0.0,1.0,0.0,1.0,1.0,0.0
29,155,2.9476262429670244,8.253548693565786,0.0,0.0,0.0,1.0,1.0,0.0
0,160,7.130621573364985,10.364271819582951,0.0,0.0,1.0,0.0,0.0,0.0
1,160,1.8665029557471504,1.9423711921579685,1.0,0.0,1.0,0.0,0.0,0.0
2,160,7.91260350491128,10.317163214696397,0.0,0.0,1.0,1.0,0.0,1.0
3,160,6.949049043307227,9.44166367173814,0.0,0.0,1.0,1.0,1.0,1.0
4,160,9.487523417867427,10.209773226686936,1.0,1.0,0.0,0.0,1.0,0.0
5,160,2.095469424406592,8.481048188875112,0.0,1.0,1.0,0.0,0.0,0.0
6,160,4.4849990614535065,4.598631358473765,1.0,0.0,0.0,0.0,1.0,1.0
7,160,7.457514668829466,0.0,0.0,0.0,0.0,0.0,0.0,1.0
8,160,2.997654205771941,1.1692364316235853,0.0,1.0,1.0,1.0,1.0,0.0
9,160,1.951487933765124,6.961325924628717,0.0,1.0,1.0,0.0,0.0,0.0
10,160,2.918013863314992,11.395919548899196,1.0,0.0,1.0,0.0,0.0,0.0
11,160,10.787857463273507,3.2674002834243097,0.0,1.0,0.0,0.0,0.0,0.0
12,160,8.159515162850491,6.913438501798133,1.0,0.0,0.0,0.0,0.0,0.0
13,160,8.145923201925372,7.542898835609811,1.0,0.0,1.0,0.0,0.0,1.0
14,160,1.9662296199380664,4.543083101632204,1.0,1.0,1.0,1.0,1.0,0.0
15,160,1.404969619514192,3.400054940910538,1.0,1.0,0.0,0.0,1.0,0.0
16,160,1.2474898599078477,5.096389021586934,1.0,0.0,1.0,1.0,0.0,0.0
17,160,3.712564592779241,0.4600255822295681,1.0,1.0,1.0,0.0,0.0,1.0
18,160,2.6077721204980384,11.451988881386914,1.0,0.0,0.0,0.0,0.0,1.0
19,160,3.242281073467605,0.1648057627546267,0.0,1.0,0.0,0.0,1.0,0.0
20,160,10.481503771463167,4.097082188575,0.0,0.0,1.0,0.0,0.0,0.0
21,160,9.51742243791784,0.9926517064818552,0.0,0.0,0.0,0.0,1.0,0.0
22,160,0.5918672679153965,11.175230290666738,1.0,0.0,1.0,0.0,1.0,0.0
23,160,6.309321239257039,4.201185235885967,0.0,0.0,0.0,0.0,0.0,1.0
24,160,1.812267259427176,4.546875360274124,0.0,0.0,0.0,1.0,0.0,0.0
25,160,4.181024221134298,1.488732228836831,1.0,1.0,1.0,0.0,1.0,0.0
26,160,6.863545203760628,1.02355424086096,1.0,0.0,0.0,1.0,0.0,1.0
27,160,11.967275640797874,6.7973359087709415,0.0,1.0,0.0,0.0,0.0,0.0
28,160,0.0,8.677085188074745,0.0,1.0,0.0,1.0,1.0,0.0
29,160,2.796203555904473,8.348638229583218,0.0,0.0,0.0,1.0,1.0,0.0
0,165,7.130953723358044,10.364255422333644,0.0,0.0,1.0,0.0,0.0,0.0
1,165,1.862949804529662,1.8555554245715216,1.0,0.0,1.0,0.0,0.0,0.0
2,165,7.971318177929953,10.388223921043334,0.0,0.0,1.0,1.0,0.0,1.0
3,165,6.931589985624343,9.435308878335412,0.0,0.0,1.0,1.0,1.0,1.0
4,165,9.561246601631186,10.313566192024762,1.0,1.0,0.0,0.0,1.0,0.0
5,165,1.9971411361595128,8.437199718736286,0.0,1.0,1.0,0.0,0.0,0.0
6,165,4.433395325548538,4.546269027557586,1.0,0.0,0.0,0.0,1.0,1.0
7,165,7.290174169708613,0.0,0.0,0.0,0.0,0.0,0.0,1.0
8,165,3.0266536767179364,1.113372912755412,0.0,1.0,1.0,1.0,1.0,0.0
9,165,1.964396109010032,6.960945751700501,0.0,1.0,1.0,0.0,0.0,0.0
10,165,2.8887994837856024,11.50476137330147,1.0,0.0,1.0,0.0,0.0,0.0
11,165,10.745187113615486,3.270424275566133,0.0,1.0,0.0,0.0,0.0,0.0
12,165,8.241972111693844,6.968595388987668,1.0,0.0,0.0,0.0,0.0,0.0
13,165,8.238445722919359,7.468493079847662,1.0,0.0,1.0,0.0,0.0,1.0
14,165,1.9688643245536388,4.571282101022172,1.0,1.0,1.0,1.0,1.0,0.0
15,165,1.470960237519329,3.374640182777654,1.0,1.0,0.0,0.0,1.0,0.0
16,165,1.2246272731279035,5.122884624769669,1.0,0.0,1.0,1.0,0.0,0.0
17,165,3.71540712763029,0.4827486362538632,1.0,1.0,1.0,0.0,0.0,1.0
18,165,2.554721800647497,11.459431171325887,1.0,0.0,0.0,0.0,0.0,1.0
19,165,3.2067239224196995,0.0684645397290797,0.0,1.0,0.0,0.0,1.0,0.0
20,165,10.370300810276122,4.091008771112383,0.0,0.0,1.0,0.0,0.0,0.0
21,165,9.518800321130486,0.9953959145450512,0.0,0.0,0.0,0.0,1.0,0.0
22,165,0.374223223622987,11.11729178020702,1.0,0.0,1.0,0.0,1.0,0.0
23,165,6.245935588736137,4.119236863161854,0.0,0.0,0.0,0.0,0.0,1.0
24,165,1.834321316585292,4.635278607393899,0.0,0.0,0.0,1.0,0.0,0.0
25,165,4.15534313214907,1.480327368593595,1.0,1.0,1.0,0.0,1.0,0.0
26,165,6.889746894529362,0.987565480191658,1.0,0.0,0.0,1.0,0.0,1.0
27,165,11.94821644907661,6.784432916519191,0.0,1.0,0.0,0.0,0.0,0.0
28,165,0.0,8.728775361323605,0.0,1.0,0.0,1.0,1.0,0.0
29,165,2.655224382690895,8.433124437871008,0.0,0.0,0.0,1.0,1.0,0.0
0,170,7.118244816661906,10.364923170338615,0.0,0.0,1.0,0.0,0.0,0.0
1,170,1.8581124861524343,1.781326189919013,1.0,0.0,1.0,0.0,0.0,0.0
2,170,8.036479059987968,10.46863308354715,0.0,0.0,1.0,1.0,0.0,1.0
3,170,6.934021984295314,9.436273205265238,0.0,0.0,1.0,1.0,1.0,1.0
4,170,9.637843070587238,10.418820901183562,1.0,1.0,0.0,0.0,1.0,0.0
5,170,1.897875105906228,8.39584419143345,0.0,1.0,1.0,0.0,0.0,0.0
6,170,4.390956170703105,4.502129669351715,1.0,0.0,0.0,0.0,1.0,1.0
7,170,7.148654059054494,0.0,0.0,0.0,0.0,0.0,0.0,1.0
8,170,3.0612182616815016,1.0520937964348207,0.0,1.0,1.0,1.0,1.0,0.0
9,170,1.9920577738304877,6.959950927916366,0.0,1.0,1.0,0.0,0.0,0.0
10,170,2.85885490415547,11.617995505561206,1.0,0.0,1.0,0.0,0.0,0.0
11,170,10.703262467353031,3.2747123592791367,0.0,1.0,0.0,0.0,0.0,0.0
12,170,8.332107593827793,7.028027054136649,1.0,0.0,0.0,0.0,0.0,0.0
13,170,8.333978125580268,7.389769327159075,1.0,0.0,1.0,0.0,0.0,1.0
14,170,1.9730571568766928,4.6078298154490485,1.0,1.0,1.0,1.0,1.0,0.0
15,170,1.539863134055642,3.3475666309046948,1.0,1.0,0.0,0.0,1.0,0.0
16,170,1.191492062767033,5.160680070851952,1.0,0.0,1.0,1.0,0.0,0.0
17,170,3.721634915171795,0.5337001090273548,1.0,1.0,1.0,0.0,0.0,1.0
18,170,2.509872488128789,11.46638403979583,1.0,0.0,0.0,0.0,0.0,1.0
19,170,3.178140820547505,0.0,0.0,1.0,0.0,0.0,1.0,0.0
20,170,10.25947414802028,4.082649772907816,0.0,0.0,1.0,0.0,0.0,0.0
21,170,9.515608305154933,0.9890242304756118,0.0,0.0,0.0,0.0,1.0,0.0
22,170,0.1784376265331738,11.062529921360982,1.0,0.0,1.0,0.0,1.0,0.0
23,170,6.190089923297828,4.048490812899931,0.0,0.0,0.0,0.0,0.0,1.0
24,170,1.854643888548404,4.716477804648649,0.0,0.0,0.0,1.0,0.0,0.0
25,170,4.136954589969418,1.4742620728870677,1.0,1.0,1.0,0.0,1.0,0.0
26,170,6.912282981941915,0.9540019923364116,1.0,0.0,0.0,1.0,0.0,1.0
27,170,11.922543860580268,6.7673658492847775,0.0,1.0,0.0,0.0,0.0,0.0
28,170,0.0,8.772361354480084,0.0,1.0,0.0,1.0,1.0,0.0
29,170,2.512335148210394,8.519033283259635,0.0,0.0,0.0,1.0,1.0,0.0
0,175,7.107910285958304,10.365588989359429,0.0,0.0,1.0,0.0,0.0,0.0
1,175,1.8527320046281517,1.6850051931210903,1.0,0.0,1.0,0.0,0.0,0.0
2,175,8.093327068341488,10.535671413491302,0.0,0.0,1.0,1.0,0.0,1.0
3,175,6.916604276078873,9.42949213474533,0.0,0.0,1.0,1.0,1.0,1.0
4,175,9.711467948552352,10.522413569507467,1.0,1.0,0.0,0.0,1.0,0.0
5,175,1.8013144197741011,8.356978433464214,0.0,1.0,1.0,0.0,0.0,0.0
6,175,4.347282346959017,4.456383342176903,1.0,0.0,0.0,0.0,1.0,1.0
7,175,6.984165776523694,0.0,0.0,0.0,0.0,0.0,0.0,1.0
8,175,3.098903762611103,0.9893700594124928,0.0,1.0,1.0,1.0,1.0,0.0
9,175,2.0053124641110496,6.9595557244153765,0.0,1.0,1.0,0.0,0.0,0.0
10,175,2.8359045824831663,11.702127845913152,1.0,0.0,1.0,0.0,0.0,0.0
11,175,10.672559118335377,3.2776348860787463,0.0,1.0,0.0,0.0,0.0,0.0
12,175,8.44451321777816,7.106141411365141,1.0,0.0,0.0,0.0,0.0,0.0
13,175,8.426888913533778,7.310598727475905,1.0,0.0,1.0,0.0,0.0,1.0
14,175,1.982313418162985,4.673303279885763,1.0,1.0,1.0,1.0,1.0,0.0
15,175,1.5900466383455438,3.326646630352549,1.0,1.0,0.0,0.0,1.0,0.0
16,175,1.161991060965216,5.195004451791008,1.0,0.0,1.0,1.0,0.0,0.0
17,175,3.727967192223828,0.5816672345424684,1.0,1.0,1.0,0.0,0.0,1.0
18,175,2.4614284474490904,11.474917631745535,1.0,0.0,0.0,0.0,0.0,1.0
19,175,3.152332065400667,0.0,0.0,1.0,0.0,0.0,1.0,0.0
20,175,10.142009714033888,4.077696896756038,0.0,0.0,1.0,0.0,0.0,0.0
21,175,9.517883759868486,0.9935395512469342,0.0,0.0,0.0,0.0,1.0,0.0
22,175,0.0,11.008904717171555,1.0,0.0,1.0,0.0,1.0,0.0
23,175,6.1220320544490985,3.963105616763644,0.0,0.0,0.0,0.0,0.0,1.0
24,175,1.868884533586074,4.774862082671591,0.0,0.0,0.0,1.0,0.0,0.0
25,175,4.137919625493192,1.4745966726347106,1.0,1.0,1.0,0.0,1.0,0.0
26,175,6.923086234500451,0.938181812482948,1.0,0.0,0.0,1.0,0.0,1.0
27,175,11.904255068046592,6.755227788955764,0.0,1.0,0.0,0.0,0.0,0.0
28,175,0.0,8.824156172620942,0.0,1.0,0.0,1.0,1.0,0.0
29,175,2.3500749687528857,8.60950999963061,0.0,0.0,0.0,1.0,1.0,0.0
0,180,7.077119813074326,10.36781014821554,0.0,0.0,1.0,0.0,0.0,0.0
1,180,1.84428603727212,1.5842926203297356,1.0,0.0,1.0,0.0,0.0,0.0
2,180,8.15987894149685,10.6121692213422,0.0,0.0,1.0,1.0,0.0,1.0
3,180,6.906887294848029,9.42578064219977,0.0,0.0,1.0,1.0,1.0,1.0
4,180,9.787159418606745,10.629124820340264,1.0,1.0,0.0,0.0,1.0,0.0
5,180,1.6983819842409598,8.31457693366825,0.0,1.0,1.0,0.0,0.0,0.0
6,180,4.2972451872749895,4.404756621578067,1.0,0.0,0.0,0.0,1.0,1.0
7,180,6.808425646901397,0.0,0.0,0.0,0.0,0.0,0.0,1.0
8,180,3.1167184910889385,0.9609489687720052,0.0,1.0,1.0,1.0,1.0,0.0
9,180,2.019551896455446,6.959453182987891,0.0,1.0,1.0,0.0,0.0,0.0
10,180,2.8092462639271853,11.804066041231785,1.0,0.0,1.0,0.0,0.0,0.0
11,180,10.619929137226036,3.283335971837426,0.0,1.0,0.0,0.0,0.0,0.0
12,180,8.576700480938566,7.1933692504968665,1.0,0.0,0.0,0.0,0.0,0.0
13,180,8.515515835617066,7.234768272815088,1.0,0.0,1.0,0.0,0.0,1.0
14,180,1.9909835007944547,4.729927381905506,1.0,1.0,1.0,1.0,1.0,0.0
15,180,1.6395650238823771,3.3043918827772774,1.0,1.0,0.0,0.0,1.0,0.0
16,180,1.1389705588851304,5.220642977972099,1.0,0.0,1.0,1.0,0.0,0.0
17,180,3.733604411937256,0.6171905683707032,1.0,1.0,1.0,0.0,0.0,1.0
18,180,2.4204608198736857,11.481792815720814,1.0,0.0,0.0,0.0,0.0,1.0
19,180,3.12973075240635,0.0,0.0,1.0,0.0,0.0,1.0,0.0
20,180,10.037179924188012,4.07546210491016,0.0,0.0,1.0,0.0,0.0,0.0
21,180,9.518984640394278,0.9957068778141002,0.0,0.0,0.0,0.0,1.0,0.0
22,180,0.0,10.95065944389491,1.0,0.0,1.0,0.0,1.0,0.0
23,180,6.057048241229635,3.8748767808106535,0.0,0.0,0.0,0.0,0.0,1.0
24,180,1.88908759128646,4.8531503469154,0.0,0.0,0.0,1.0,0.0,0.0
25,180,4.1368527181372885,1.4742124902993723,1.0,1.0,1.0,0.0,1.0,0.0
26,180,6.93146347769392,0.9260846645259042,1.0,0.0,0.0,1.0,0.0,1.0
27,180,11.906250785692468,6.756603844399357,0.0,1.0,0.0,0.0,0.0,0.0
28,180,0.0,8.881654354409427,0.0,1.0,0.0,1.0,1.0,0.0
29,180,2.184626746599732,8.705546476590925,0.0,0.0,0.0,1.0,1.0,0.0
0,185,7.030655470370902,10.370604985175202,0.0,0.0,1.0,0.0,0.0,0.0
1,185,1.838037680718662,1.4909655425816606,1.0,0.0,1.0,0.0,0.0,0.0
2,185,8.23386382933091,10.695927009465896,0.0,0.0,1.0,1.0,0.0,1.0
3,185,6.889980178859056,9.419033176213423,0.0,0.0,1.0,1.0,1.0,1.0
4,185,9.87382096382039,10.754928266013527,1.0,1.0,0.0,0.0,1.0,0.0
5,185,1.743768962630268,8.2113510085774,0.0,1.0,1.0,0.0,0.0,0.0
6,185,4.250703403852039,4.357540915354018,1.0,0.0,0.0,0.0,1.0,1.0
7,185,6.668655025349127,0.0,0.0,0.0,0.0,0.0,0.0,1.0
8,185,3.117573807489763,0.9595653609253376,0.0,1.0,1.0,1.0,1.0,0.0
9,185,2.0146353290998715,6.959545543307604,0.0,1.0,1.0,0.0,0.0,0.0
10,185,2.785256978211577,11.883122227220175,1.0,0.0,1.0,0.0,0.0,0.0
11,185,10.594401440763496,3.286350188601405,0.0,1.0,0.0,0.0,0.0,0.0
12,185,8.705354863221862,7.28177961889588,1.0,0.0,0.0,0.0,0.0,0.0
13,185,8.614596650703959,7.152275005449488,1.0,0.0,1.0,0.0,0.0,1.0
14,185,2.002047299043929,4.796964982399472,1.0,1.0,1.0,1.0,1.0,0.0
15,185,1.6992449116869297,3.278027588218104,1.0,1.0,0.0,0.0,1.0,0.0
16,185,1.1265849117380833,5.2344982240672335,1.0,0.0,1.0,1.0,0.0,0.0
17,185,3.739160013784703,0.6509997275651809,1.0,1.0,1.0,0.0,0.0,1.0
18,185,2.3905754847076897,11.487513424504796,1.0,0.0,0.0,0.0,0.0,1.0
19,185,3.10489086402515,0.0,0.0,1.0,0.0,0.0,1.0,0.0
20,185,9.936048679269174,4.074929595346552,0.0,0.0,1.0,0.0,0.0,0.0
21,185,9.511245569323435,0.9806762389580316,0.0,0.0,0.0,0.0,1.0,0.0
22,185,0.0,10.887054852705557,1.0,0.0,1.0,0.0,1.0,0.0
23,185,5.988679547264133,3.781396582767954,0.0,0.0,0.0,0.0,0.0,1.0
24,185,1.81864438517314,4.871820902093724,0.0,0.0,0.0,1.0,0.0,0.0
25,185,4.115576327119417,1.4673227275522498,1.0,1.0,1.0,0.0,1.0,0.0
26,185,6.946000544655599,0.9048264538098698,1.0,0.0,0.0,1.0,0.0,1.0
27,185,11.916474933738796,6.7637017468646565,0.0,1.0,0.0,0.0,0.0,0.0
28,185,0.0,8.938798960891258,0.0,1.0,0.0,1.0,1.0,0.0
29,185,2.032413280114996,8.790384977707273,0.0,0.0,0.0,1.0,1.0,0.0
0,190,6.980522287070478,10.374683335006118,0.0,0.0,1.0,0.0,0.0,0.0
1,190,1.8338198434410868,1.4210550757960203,1.0,0.0,1.0,0.0,0.0,0.0
2,190,8.294844790530412,10.768925941453798,0.0,0.0,1.0,1.0,0.0,1.0
3,190,6.891488772923355,9.419576969119849,0.0,0.0,1.0,1.0,1.0,1.0
4,190,9.967169556166803,10.888635185042904,1.0,1.0,0.0,0.0,1.0,0.0
5,190,1.7941430646576255,8.082327893650929,0.0,1.0,1.0,0.0,0.0,0.0
6,190,4.201169824806393,4.307178087316062,1.0,0.0,0.0,0.0,1.0,1.0
7,190,6.533673316458081,0.0,0.0,0.0,0.0,0.0,0.0,1.0
8,190,3.113068298345677,0.9665226722809076,0.0,1.0,1.0,1.0,1.0,0.0
9,190,2.0357789491846194,6.959037687685696,0.0,1.0,1.0,0.0,0.0,0.0
10,190,2.7585360365256046,11.969742923470116,1.0,0.0,1.0,0.0,0.0,0.0
11,190,10.602775880013576,3.285373784503049,0.0,1.0,0.0,0.0,0.0,0.0
12,190,8.828337403398027,7.3663247876107345,1.0,0.0,0.0,0.0,0.0,0.0
13,190,8.712470442887874,7.071391725095703,1.0,0.0,1.0,0.0,0.0,1.0
14,190,2.012551342473187,4.8709984274170814,1.0,1.0,1.0,1.0,1.0,0.0
15,190,1.7704480325443557,3.2477515113442346,1.0,1.0,0.0,0.0,1.0,0.0
16,190,1.1281474051701053,5.232758024853194,1.0,0.0,1.0,1.0,0.0,0.0
17,190,3.740410847347445,0.6592521069285098,1.0,1.0,1.0,0.0,0.0,1.0
18,190,2.366290646433651,11.491735626669309,1.0,0.0,0.0,0.0,0.0,1.0
19,190,3.087287404132804,0.0,0.0,1.0,0.0,0.0,1.0,0.0
20,190,9.838970661492976,4.074566077460229,0.0,0.0,1.0,0.0,0.0,0.0
21,190,9.503762165800262,0.9663377282079364,0.0,0.0,0.0,0.0,1.0,0.0
22,190,0.0,10.824992526680363,1.0,0.0,1.0,0.0,1.0,0.0
23,190,5.918297419075774,3.689764477337876,0.0,0.0,0.0,0.0,0.0,1.0
24,190,1.7664021202991396,4.884621139045899,0.0,0.0,0.0,1.0,0.0,0.0
25,190,4.088753282447735,1.458988366215458,1.0,1.0,1.0,0.0,1.0,0.0
26,190,6.9563386869354,0.8901265098855641,1.0,0.0,0.0,1.0,0.0,1.0
27,190,11.935262962200513,6.776976392075115,0.0,1.0,0.0,0.0,0.0,0.0
28,190,0.0,8.999340125636751,0.0,1.0,0.0,1.0,1.0,0.0
29,190,1.88006484625294,8.868512049345593,0.0,0.0,0.0,1.0,1.0,0.0
0,195,6.930240901554382,10.379619031240528,0.0,0.0,1.0,0.0,0.0,0.0
1,195,1.8293663737089336,1.36264505466177,1.0,0.0,1.0,0.0,0.0,0.0
2,195,8.369558473778941,10.86215843744416,0.0,0.0,1.0,1.0,0.0,1.0
3,195,6.904754753420698,9.425172037841586,0.0,0.0,1.0,1.0,1.0,1.0
4,195,10.052728306271504,11.017268826521104,1.0,1.0,0.0,0.0,1.0,0.0
5,195,1.834573449775305,7.987327507602075,0.0,1.0,1.0,0.0,0.0,0.0
6,195,4.14370631324605,4.248516619463551,1.0,0.0,0.0,0.0,1.0,1.0
7,195,6.406158134352806,0.0,0.0,0.0,0.0,0.0,0.0,1.0
8,195,3.1064443310602265,0.9761557142755176,0.0,1.0,1.0,1.0,1.0,0.0
9,195,2.062177145851795,6.959078015453036,0.0,1.0,1.0,0.0,0.0,0.0
10,195,2.734932435453346,12.0,1.0,0.0,1.0,0.0,0.0,0.0
11,195,10.611036941835158,3.2843513470615657,0.0,1.0,0.0,0.0,0.0,0.0
12,195,8.935504478452199,7.441200351330371,1.0,0.0,0.0,0.0,0.0,0.0
13,195,8.81950677713509,6.985626363244374,1.0,0.0,1.0,0.0,0.0,1.0
14,195,2.022076860524485,4.940009391094983,1.0,1.0,1.0,1.0,1.0,0.0
15,195,1.8310529047354085,3.222146444242181,1.0,1.0,0.0,0.0,1.0,0.0
16,195,1.1251064098200885,5.236167633589622,1.0,0.0,1.0,1.0,0.0,0.0
17,195,3.745636655901416,0.6902450613137994,1.0,1.0,1.0,0.0,0.0,1.0
18,195,2.3275092911275315,11.498751620267171,1.0,0.0,0.0,0.0,0.0,1.0
19,195,3.0733462455693057,0.0,0.0,1.0,0.0,0.0,1.0,0.0
20,195,9.75528178462078,4.0724958895702175,0.0,0.0,1.0,0.0,0.0,0.0
21,195,9.493652004892231,0.9472992256776688,0.0,0.0,0.0,0.0,1.0,0.0
22,195,0.0,10.755322175233175,1.0,0.0,1.0,0.0,1.0,0.0
23,195,5.853305512786124,3.605562197785776,0.0,0.0,0.0,0.0,0.0,1.0
24,195,1.70049922675563,4.901686355379487,0.0,0.0,0.0,1.0,0.0,0.0
25,195,4.062550238620275,1.4513448869565235,1.0,1.0,1.0,0.0,1.0,0.0
26,195,6.969367481335816,0.8711647412536245,1.0,0.0,0.0,1.0,0.0,1.0
27,195,11.944169147904722,6.782939158226027,0.0,1.0,0.0,0.0,0.0,0.0
28,195,0.0,9.05776715335613,0.0,1.0,0.0,1.0,1.0,0.0
29,195,1.698950999807478,8.95801878726234,0.0,0.0,0.0,1.0,1.0,0.0
0,200,6.921564649648028,10.38073641234678,0.0,0.0,1.0,0.0,0.0,0.0
1,200,1.8246518617911915,1.29825196576184,1.0,0.0,1.0,0.0,0.0,0.0
2,200,8.433388441823435,10.942506319518504,0.0,0.0,1.0,1.0,0.0,1.0
3,200,6.933917040322107,9.436533385201832,0.0,0.0,1.0,1.0,1.0,1.0
4,200,10.126451617299493,11.122160069724115,1.0,1.0,0.0,0.0,1.0,0.0
5,200,1.8790153911219287,7.883250103288275,0.0,1.0,1.0,0.0,0.0,0.0
6,200,4.090000930773949,4.193552584975272,1.0,0.0,0.0,0.0,1.0,1.0
7,200,6.279094096569979,0.0,0.0,0.0,0.0,0.0,0.0,1.0
8,200,3.106685948628952,0.9758007091826804,0.0,1.0,1.0,1.0,1.0,0.0
9,200,2.0749674285305,6.959441985458186,0.0,1.0,1.0,0.0,0.0,0.0
10,200,2.718528898773044,12.0,1.0,0.0,1.0,0.0,0.0,0.0
11,200,10.615625106683469,3.283935874513013,0.0,1.0,0.0,0.0,0.0,0.0
12,200,9.055608377598023,7.523628006755683,1.0,0.0,0.0,0.0,0.0,0.0
13,200,8.92388335582812,6.903738743109398,1.0,0.0,1.0,0.0,0.0,1.0
14,200,2.02751105734417,4.981558771837503,1.0,1.0,1.0,1.0,1.0,0.0
15,200,1.8997889220722683,3.196411237994757,1.0,1.0,0.0,0.0,1.0,0.0
16,200,1.1075286164221143,5.256930515377015,1.0,0.0,1.0,1.0,0.0,0.0
17,200,3.750116071111589,0.7172936889725665,1.0,1.0,1.0,0.0,0.0,1.0
18,200,2.2940297836844725,11.504609464553369,1.0,0.0,0.0,0.0,0.0,1.0
19,200,3.062206080211589,0.0,0.0,1.0,0.0,0.0,1.0,0.0
20,200,9.69705866191068,4.0719109413359,0.0,0.0,1.0,0.0,0.0,0.0
21,200,9.482887222376462,0.9273700315246054,0.0,0.0,0.0,0.0,1.0,0.0
22,200,0.0,10.690618668046874,1.0,0.0,1.0,0.0,1.0,0.0
23,200,5.7706013695965686,3.498289590255526,0.0,0.0,0.0,0.0,0.0,1.0
24,200,1.6571947758097143,4.911808290856187,0.0,0.0,0.0,1.0,0.0,0.0
25,200,4.050464044389208,1.4481280072393885,1.0,1.0,1.0,0.0,1.0,0.0
26,200,6.99357520986683,0.8350731291404005,1.0,0.0,0.0,1.0,0.0,1.0
27,200,11.95041464729958,6.787387343312791,0.0,1.0,0.0,0.0,0.0,0.0
28,200,0.0,9.108714522917936,0.0,1.0,0.0,1.0,1.0,0.0
29,200,1.5211451148155677,9.049259869117162,0.0,0.0,0.0,1.0,1.0,0.0
0,205,6.928316015772582,10.379935361162069,0.0,0.0,1.0,0.0,0.0,0.0
1,205,1.817654498139808,1.2428509626037714,1.0,0.0,1.0,0.0,0.0,0.0
2,205,8.498469696179281,11.02118112041002,0.0,0.0,1.0,1.0,0.0,1.0
3,205,6.96412898890475,9.448928098855289,0.0,0.0,1.0,1.0,1.0,1.0
4,205,10.205700535603162,11.231447554488414,1.0,1.0,0.0,0.0,1.0,0.0
5,205,1.9167996939864904,7.794983373395445,0.0,1.0,1.0,0.0,0.0,0.0
6,205,4.045798581717863,4.148509352870086,1.0,0.0,0.0,0.0,1.0,1.0
7,205,6.134910349010831,0.0,0.0,0.0,0.0,0.0,0.0,1.0
8,205,3.1042758225238294,0.9793225440849942,0.0,1.0,1.0,1.0,1.0,0.0
9,205,2.086925792876397,6.959636744437402,0.0,1.0,1.0,0.0,0.0,0.0
10,205,2.7061669322538333,12.0,1.0,0.0,1.0,0.0,0.0,0.0
11,205,10.601395057288263,3.284871279152162,0.0,1.0,0.0,0.0,0.0,0.0
12,205,9.177361365034994,7.605106820627333,1.0,0.0,0.0,0.0,0.0,0.0
13,205,9.016793717939942,6.826758703856036,1.0,0.0,1.0,0.0,0.0,1.0
14,205,2.031270318954164,5.0174366575551925,1.0,1.0,1.0,1.0,1.0,0.0
15,205,1.9875913686662725,3.164903591890225,1.0,1.0,0.0,0.0,1.0,0.0
16,205,1.0799128193643244,5.29061285127271,1.0,0.0,1.0,1.0,0.0,0.0
17,205,3.754913984313454,0.7462928811696353,1.0,1.0,1.0,0.0,0.0,1.0
18,205,2.272208417105443,11.507856713338128,1.0,0.0,0.0,0.0,0.0,1.0
19,205,3.054413066401126,0.0,0.0,1.0,0.0,0.0,1.0,0.0
20,205,9.655526314793082,4.072069567469614,0.0,0.0,1.0,0.0,0.0,0.0
21,205,9.46459657327676,0.8945014478913346,0.0,0.0,0.0,0.0,1.0,0.0
22,205,0.0,10.630524454629398,1.0,0.0,1.0,0.0,1.0,0.0
23,205,5.697252129982705,3.397455821005936,0.0,0.0,0.0,0.0,0.0,1.0
24,205,1.6347755753150026,4.917027321033182,0.0,0.0,0.0,1.0,0.0,0.0
25,205,4.034122153074807,1.4435195480052885,1.0,1.0,1.0,0.0,1.0,0.0
26,205,7.010583292299667,0.8103497806121129,1.0,0.0,0.0,1.0,0.0,1.0
27,205,11.941977942628576,6.781482155596916,0.0,1.0,0.0,0.0,0.0,0.0
28,205,0.0,9.1593109979914,0.0,1.0,0.0,1.0,1.0,0.0
29,205,1.343285558929736,9.140044624616916,0.0,0.0,0.0,1.0,1.0,0.0
0,210,6.906940287317096,10.38206330933673,0.0,0.0,1.0,0.0,0.0,0.0
1,210,1.812191469997748,1.1950171497643325,1.0,0.0,1.0,0.0,0.0,0.0
2,210,8.56115342708283,11.103064841298758,0.0,0.0,1.0,1.0,0.0,1.0
3,210,6.979490677977584,9.455222520667691,0.0,0.0,1.0,1.0,1.0,1.0
4,210,10.282268889182324,11.3353728784467,1.0,1.0,0.0,0.0,1.0,0.0
5,210,1.95014890298211,7.715980889365024,0.0,1.0,1.0,0.0,0.0,0.0
6,210,3.988025642461313,4.092954987036741,1.0,0.0,0.0,0.0,1.0,1.0
7,210,5.972676203635335,0.0,0.0,0.0,0.0,0.0,0.0,1.0
8,210,3.0996263943026623,0.9859504461518396,0.0,1.0,1.0,1.0,1.0,0.0
9,210,2.113672351364224,6.960012499825286,0.0,1.0,1.0,0.0,0.0,0.0
10,210,2.6987557014654264,12.0,1.0,0.0,1.0,0.0,0.0,0.0
11,210,10.585474834721664,3.285734676575964,0.0,1.0,0.0,0.0,0.0,0.0
12,210,9.299423969778848,7.686747810071623,1.0,0.0,0.0,0.0,0.0,0.0
13,210,9.120059122205893,6.738730152525863,1.0,0.0,1.0,0.0,0.0,1.0
14,210,2.033679327815802,5.041906074947945,1.0,1.0,1.0,1.0,1.0,0.0
15,210,2.0816492801831123,3.129091082593876,1.0,1.0,0.0,0.0,1.0,0.0
16,210,1.0465412614417933,5.331232085688191,1.0,0.0,1.0,1.0,0.0,0.0
17,210,3.75819371690448,0.76488739029238,1.0,1.0,1.0,0.0,0.0,1.0
18,210,2.246658056529569,11.511786172736588,1.0,0.0,0.0,0.0,0.0,1.0
19,210,3.041403191874108,0.0,0.0,1.0,0.0,0.0,1.0,0.0
20,210,9.619886977394726,4.072078420945277,0.0,0.0,1.0,0.0,0.0,0.0
21,210,9.44959354319603,0.8688592805661064,0.0,0.0,0.0,0.0,1.0,0.0
22,210,0.0,10.57583021745549,1.0,0.0,1.0,0.0,1.0,0.0
23,210,5.622673472654407,3.297489906303762,0.0,0.0,0.0,0.0,0.0,1.0
24,210,1.6081914368751336,4.922774055786221,0.0,0.0,0.0,1.0,0.0,0.0
25,210,4.011139380537067,1.4365232293536268,1.0,1.0,1.0,0.0,1.0,0.0
26,210,7.024643309458461,0.7888796932702058,1.0,0.0,0.0,1.0,0.0,1.0
27,210,11.947599179842742,6.7853389497569925,0.0,1.0,0.0,0.0,0.0,0.0
28,210,0.0,9.211308188607632,0.0,1.0,0.0,1.0,1.0,0.0
29,210,1.1490599775065302,9.239748939794191,0.0,0.0,0.0,1.0,1.0,0.0
0,215,6.896112518043414,10.38323159897466,0.0,0.0,1.0,0.0,0.0,0.0
1,215,1.804598029578179,1.1341389624499831,1.0,0.0,1.0,0.0,0.0,0.0
2,215,8.63076429658658,11.19321778660079,0.0,0.0,1.0,1.0,0.0,1.0
3,215,6.974153823342404,9.45291706374669,0.0,0.0,1.0,1.0,1.0,1.0
4,215,10.368642593350147,11.455618840397612,1.0,1.0,0.0,0.0,1.0,0.0
5,215,1.985056903415856,7.634806613081217,0.0,1.0,1.0,0.0,0.0,0.0
6,215,3.930395982578515,4.037438236512746,1.0,0.0,0.0,0.0,1.0,1.0
7,215,5.819083869361148,0.0,0.0,0.0,0.0,0.0,0.0,1.0
8,215,3.097829995198993,0.9885224811545804,0.0,1.0,1.0,1.0,1.0,0.0
9,215,2.141611202097153,6.960459983740443,0.0,1.0,1.0,0.0,0.0,0.0
10,215,2.69118321589547,12.0,1.0,0.0,1.0,0.0,0.0,0.0
11,215,10.574805939214391,3.286413528244281,0.0,1.0,0.0,0.0,0.0,0.0
12,215,9.410878413974102,7.75921052352846,1.0,0.0,0.0,0.0,0.0,0.0
13,215,9.200601217539676,6.66873595581271,1.0,0.0,1.0,0.0,0.0,1.0
14,215,2.034136104871588,5.046019594286758,1.0,1.0,1.0,1.0,1.0,0.0
15,215,2.199816240208143,3.0880019420022267,1.0,1.0,0.0,0.0,1.0,0.0
16,215,1.020404973943237,5.362222067453184,1.0,0.0,1.0,1.0,0.0,0.0
17,215,3.759550060208004,0.7741272030035486,1.0,1.0,1.0,0.0,0.0,1.0
18,215,2.2296596658926746,11.514433022515778,1.0,0.0,0.0,0.0,0.0,1.0
19,215,3.025452625927315,0.0,0.0,1.0,0.0,0.0,1.0,0.0
20,215,9.581041006308483,4.07141453364043,0.0,0.0,1.0,0.0,0.0,0.0
21,215,9.432523482836327,0.838865350738306,0.0,0.0,0.0,0.0,1.0,0.0
22,215,0.0,10.52402426323788,1.0,0.0,1.0,0.0,1.0,0.0
23,215,5.541343949711084,3.191657428059793,0.0,0.0,0.0,0.0,0.0,1.0
24,215,1.5975744254640951,4.925369601282278,0.0,0.0,0.0,1.0,0.0,0.0
25,215,3.989319669095925,1.4299248318324798,1.0,1.0,1.0,0.0,1.0,0.0
26,215,7.047600156794718,0.7551683358258926,1.0,0.0,0.0,1.0,0.0,1.0
27,215,11.967282368507124,6.7992940601602605,0.0,1.0,0.0,0.0,0.0,0.0
28,215,0.0,9.26322522493328,0.0,1.0,0.0,1.0,1.0,0.0
29,215,0.9571152803472972,9.332169836835948,0.0,0.0,0.0,1.0,1.0,0.0
0,220,6.886209014318051,10.38417771947834,0.0,0.0,1.0,0.0,0.0,0.0
1,220,1.7935308025480632,1.0605326576683705,1.0,0.0,1.0,0.0,0.0,0.0
2,220,8.714492413468427,11.30010655175572,0.0,0.0,1.0,1.0,0.0,1.0
3,220,6.958217782655463,9.44613621319587,0.0,0.0,1.0,1.0,1.0,1.0
4,220,10.462239266718914,11.590049283480951,1.0,1.0,0.0,0.0,1.0,0.0
5,220,2.0292019065209974,7.53569866343333,0.0,1.0,1.0,0.0,0.0,0.0
6,220,3.8792679859801753,3.988586869966198,1.0,0.0,0.0,0.0,1.0,1.0
7,220,5.650195046863154,0.0,0.0,0.0,0.0,0.0,0.0,1.0
8,220,3.1145243108781497,0.9659922922300902,0.0,1.0,1.0,1.0,1.0,0.0
9,220,2.164182418270121,6.961014689298332,0.0,1.0,1.0,0.0,0.0,0.0
10,220,2.687829273378319,12.0,1.0,0.0,1.0,0.0,0.0,0.0
11,220,10.549509253272433,3.2876462684732237,0.0,1.0,0.0,0.0,0.0,0.0
12,220,9.515950767652685,7.825349184106909,1.0,0.0,0.0,0.0,0.0,0.0
13,220,9.292267565805307,6.587426491333467,1.0,0.0,1.0,0.0,0.0,1.0
14,220,2.034419865233137,5.049037335983949,1.0,1.0,1.0,1.0,1.0,0.0
15,220,2.3201504820989256,3.0445141963393114,1.0,1.0,0.0,0.0,1.0,0.0
16,220,0.9914980641771294,5.397960811871504,1.0,0.0,1.0,1.0,0.0,0.0
17,220,3.759595224016832,0.774485100088917,1.0,1.0,1.0,0.0,0.0,1.0
18,220,2.2060521249669,11.517952576156064,1.0,0.0,0.0,0.0,0.0,1.0
19,220,3.010606311611393,0.0,0.0,1.0,0.0,0.0,1.0,0.0
20,220,9.56118427702299,4.070862285522266,0.0,0.0,1.0,0.0,0.0,0.0
21,220,9.42287776980438,0.8224479703998149,0.0,0.0,0.0,0.0,1.0,0.0
22,220,0.0,10.467094519078824,1.0,0.0,1.0,0.0,1.0,0.0
23,220,5.454632290157763,3.069669010965069,0.0,0.0,0.0,0.0,0.0,1.0
24,220,1.5841949789052334,4.928932168330775,0.0,0.0,0.0,1.0,0.0,0.0
25,220,3.953927920746129,1.4185699150732691,1.0,1.0,1.0,0.0,1.0,0.0
26,220,7.072851298940228,0.7189259392702707,1.0,0.0,0.0,1.0,0.0,1.0
27,220,11.995647489200344,6.82046907044847,0.0,1.0,0.0,0.0,0.0,0.0
28,220,0.0,9.308499256260273,0.0,1.0,0.0,1.0,1.0,0.0
29,220,0.7636756077401492,9.428057345795873,0.0,0.0,0.0,1.0,1.0,0.0
0,225,6.875552371642887,10.385077626670716,0.0,0.0,1.0,0.0,0.0,0.0
1,225,1.7843789483866097,0.9836258396766016,1.0,0.0,1.0,0.0,0.0,0.0
2,225,8.774848814193971,11.376861501466117,0.0,0.0,1.0,1.0,0.0,1.0
3,225,6.935682065098471,9.436959360911755,0.0,0.0,1.0,1.0,1.0,1.0
4,225,10.549329563111352,11.713245855929266,1.0,1.0,0.0,0.0,1.0,0.0
5,225,2.0785941073221266,7.436029352905946,0.0,1.0,1.0,0.0,0.0,0.0
6,225,3.8235396840745577,3.937808621373156,1.0,0.0,0.0,0.0,1.0,1.0
7,225,5.48983192728137,0.0,0.0,0.0,0.0,0.0,0.0,1.0
8,225,3.1349023843225465,0.9381846920693984,0.0,1.0,1.0,1.0,1.0,0.0
9,225,2.167094001530105,6.961058725625373,0.0,1.0,1.0,0.0,0.0,0.0
10,225,2.681543822062413,12.0,1.0,0.0,1.0,0.0,0.0,0.0
11,225,10.535360887125432,3.287996532017993,0.0,1.0,0.0,0.0,0.0,0.0
12,225,9.606967439025189,7.8819589680628095,1.0,0.0,0.0,0.0,0.0,0.0
13,225,9.378934663012474,6.511745241941033,1.0,0.0,1.0,0.0,0.0,1.0
14,225,2.035102758830577,5.056595621618896,1.0,1.0,1.0,1.0,1.0,0.0
15,225,2.4408141947725164,3.001509353648366,1.0,1.0,0.0,0.0,1.0,0.0
16,225,0.9576966987420332,5.438276417543099,1.0,0.0,1.0,1.0,0.0,0.0
17,225,3.7599999140177465,0.777159999477388,1.0,1.0,1.0,0.0,0.0,1.0
18,225,2.1677940323444,11.5233119461924,1.0,0.0,0.0,0.0,0.0,1.0
19,225,2.997513461652016,0.0,0.0,1.0,0.0,0.0,1.0,0.0
20,225,9.538298134101163,4.070894727219504,0.0,0.0,1.0,0.0,0.0,0.0
21,225,9.405437186958869,0.7911308772288554,0.0,0.0,0.0,0.0,1.0,0.0
22,225,0.0,10.409237845562814,1.0,0.0,1.0,0.0,1.0,0.0
23,225,5.356852909939867,2.931464042924061,0.0,0.0,0.0,0.0,0.0,1.0
24,225,1.566876933249708,4.933634757506083,0.0,0.0,0.0,1.0,0.0,0.0
25,225,3.92710620712083,1.4099989789798737,1.0,1.0,1.0,0.0,1.0,0.0
26,225,7.100907541418309,0.677936001200084,1.0,0.0,0.0,1.0,0.0,1.0
27,225,12.0,6.837620455823011,0.0,1.0,0.0,0.0,0.0,0.0
28,225,0.0,9.36369468810845,0.0,1.0,0.0,1.0,1.0,0.0
29,225,0.8671515700334747,9.626713079525109,0.0,0.0,0.0,1.0,1.0,0.0
0,230,6.848279365186047,10.38707923380011,0.0,0.0,1.0,0.0,0.0,0.0
1,230,1.7742765684970845,0.904548980926952,1.0,0.0,1.0,0.0,0.0,0.0
2,230,8.829313462399657,11.448705935139625,0.0,0.0,1.0,1.0,0.0,1.0
3,230,6.914967859372507,9.42804273262688,0.0,0.0,1.0,1.0,1.0,1.0
4,230,10.632680568945949,11.834068071997518,1.0,1.0,0.0,0.0,1.0,0.0
5,230,2.129273697916748,7.332889039880406,0.0,1.0,1.0,0.0,0.0,0.0
6,230,3.7907460217087774,3.908914750248927,1.0,0.0,0.0,0.0,1.0,1.0
7,230,5.321461940778723,0.0,0.0,0.0,0.0,0.0,0.0,1.0
8,230,3.15718346485942,0.90871086179791,0.0,1.0,1.0,1.0,1.0,0.0
9,230,2.18705089286256,6.962374860548734,0.0,1.0,1.0,0.0,0.0,0.0
10,230,2.6731334629696137,12.0,1.0,0.0,1.0,0.0,0.0,0.0
11,230,10.537694993842567,3.2879232127027707,0.0,1.0,0.0,0.0,0.0,0.0
12,230,9.708934817926911,7.945629433930992,1.0,0.0,0.0,0.0,0.0,0.0
13,230,9.4651542372099,6.438660260516623,1.0,0.0,1.0,0.0,0.0,1.0
14,230,2.036765223570331,5.0750537995942615,1.0,1.0,1.0,1.0,1.0,0.0
15,230,2.560804307401128,2.9585503156509843,1.0,1.0,0.0,0.0,1.0,0.0
16,230,0.9343882329579926,5.4676390774494905,1.0,0.0,1.0,1.0,0.0,0.0
17,230,3.757152108404039,0.7601802891621067,1.0,1.0,1.0,0.0,0.0,1.0
18,230,2.1412822320887748,11.526307516322948,1.0,0.0,0.0,0.0,0.0,1.0
19,230,2.980498120217899,0.0,0.0,1.0,0.0,0.0,1.0,0.0
20,230,9.505981257075169,4.070376297011535,0.0,0.0,1.0,0.0,0.0,0.0
21,230,9.376720044510932,0.7387877201284898,0.0,0.0,0.0,0.0,1.0,0.0
22,230,0.0,10.349336158581348,1.0,0.0,1.0,0.0,1.0,0.0
23,230,5.253943502670578,2.7808805836969905,0.0,0.0,0.0,0.0,0.0,1.0
24,230,1.563342641465557,4.934619631678211,0.0,0.0,0.0,1.0,0.0,0.0
25,230,3.885515136814652,1.3960932220921771,1.0,1.0,1.0,0.0,1.0,0.0
26,230,7.135673276892283,0.6251804397019095,1.0,0.0,0.0,1.0,0.0,1.0
27,230,12.0,6.844034752156103,0.0,1.0,0.0,0.0,0.0,0.0
28,230,0.0,9.415107341778468,0.0,1.0,0.0,1.0,1.0,0.0
29,230,0.9712148589377532,9.821069239197437,0.0,0.0,0.0,1.0,1.0,0.0
0,235,6.7944284209409975,10.390703607413284,0.0,0.0,1.0,0.0,0.0,0.0
1,235,1.7667475042794072,0.8345536183887919,1.0,0.0,1.0,0.0,0.0,0.0
2,235,8.874411767398213,11.51068484603594,0.0,0.0,1.0,1.0,0.0,1.0
3,235,6.871535912886233,9.41059586501498,0.0,0.0,1.0,1.0,1.0,1.0
4,235,10.713928216760854,11.950070857582215,1.0,1.0,0.0,0.0,1.0,0.0
5,235,2.181175066185568,7.222755882929727,0.0,1.0,1.0,0.0,0.0,0.0
6,235,3.770941082872555,3.8914333710960114,1.0,0.0,0.0,0.0,1.0,1.0
7,235,5.144419375685985,0.0,0.0,0.0,0.0,0.0,0.0,1.0
8,235,3.181273402408251,0.8743429114114811,0.0,1.0,1.0,1.0,1.0,0.0
9,235,2.2172522999648114,6.964014676386009,0.0,1.0,1.0,0.0,0.0,0.0
10,235,2.66298895367888,12.0,1.0,0.0,1.0,0.0,0.0,0.0
11,235,10.547474453719383,3.2878454890223283,0.0,1.0,0.0,0.0,0.0,0.0
12,235,9.796469576258836,8.003153870960634,1.0,0.0,0.0,0.0,0.0,0.0
13,235,9.563497673768287,6.3591926727764125,1.0,0.0,1.0,0.0,0.0,1.0
14,235,2.039453253445079,5.110986912628788,1.0,1.0,1.0,1.0,1.0,0.0
15,235,2.679100001353981,2.914276126132505,1.0,1.0,0.0,0.0,1.0,0.0
16,235,0.9013388132568396,5.508855703155828,1.0,0.0,1.0,1.0,0.0,0.0
17,235,3.7547139945596233,0.7481609494625403,1.0,1.0,1.0,0.0,0.0,1.0
18,235,2.100893991104016,11.532199801988249,1.0,0.0,0.0,0.0,0.0,1.0
19,235,2.962371930195817,0.0,0.0,1.0,0.0,0.0,1.0,0.0
20,235,9.44838730922866,4.0696961751478105,0.0,0.0,1.0,0.0,0.0,0.0
21,235,9.353127003222053,0.6971044070450729,0.0,0.0,0.0,0.0,1.0,0.0
22,235,0.0,10.288267928476223,1.0,0.0,1.0,0.0,1.0,0.0
23,235,5.142894461625261,2.6131206396882964,0.0,0.0,0.0,0.0,0.0,1.0
24,235,1.5583471800633986,4.93608347761247,0.0,0.0,0.0,1.0,0.0,0.0
25,235,3.84985139778848,1.3833736367735494,1.0,1.0,1.0,0.0,1.0,0.0
26,235,7.174074915321435,0.5687366622883249,1.0,0.0,0.0,1.0,0.0,1.0
27,235,12.0,6.847094166077612,0.0,1.0,0.0,0.0,0.0,0.0
28,235,0.0,9.462538729342592,0.0,1.0,0.0,1.0,1.0,0.0
29,235,1.0753405300183985,10.014249485333009,0.0,0.0,0.0,1.0,1.0,0.0
0,240,6.738725066855372,10.395917509101322,0.0,0.0,1.0,0.0,0.0,0.0
1,240,1.7588243044165746,0.7729345721184863,1.0,0.0,1.0,0.0,0.0,0.0
2,240,8.918866439612177,11.57465770702652,0.0,0.0,1.0,1.0,0.0,1.0
3,240,6.828487418726718,9.393238591238912,0.0,0.0,1.0,1.0,1.0,1.0
4,240,10.787081259962106,12.0,1.0,1.0,0.0,0.0,1.0,0.0
5,240,2.234543943669045,7.107675128617942,0.0,1.0,1.0,0.0,0.0,0.0
6,240,3.747858179047853,3.87116571028638,1.0,0.0,0.0,0.0,1.0,1.0
7,240,4.964755149037463,0.0,0.0,0.0,0.0,0.0,0.0,1.0
8,240,3.210071298339998,0.834421171243728,0.0,1.0,1.0,1.0,1.0,0.0
9,240,2.2272543006228327,6.964417832005548,0.0,1.0,1.0,0.0,0.0,0.0
10,240,2.663149871012453,11.999602853390028,1.0,0.0,1.0,0.0,0.0,0.0
11,240,10.556881149253798,3.2878860850081435,0.0,1.0,0.0,0.0,0.0,0.0
12,240,9.89301134644387,8.068674823972112,1.0,0.0,0.0,0.0,0.0,0.0
13,240,9.67110499744742,6.270164075965008,1.0,0.0,1.0,0.0,0.0,1.0
14,240,2.04288117688078,5.138940631591448,1.0,1.0,1.0,1.0,1.0,0.0
15,240,2.8064323102022617,2.8648766955466742,1.0,1.0,0.0,0.0,1.0,0.0
16,240,0.8765725616585739,5.539866791455756,1.0,0.0,1.0,1.0,0.0,0.0
17,240,3.7517483606707978,0.7342563304124954,1.0,1.0,1.0,0.0,0.0,1.0
18,240,2.087527586570792,11.53374205506302,1.0,0.0,0.0,0.0,0.0,1.0
19,240,2.9379799653672127,0.0,0.0,1.0,0.0,0.0,1.0,0.0
20,240,9.390974982059902,4.06923551961359,0.0,0.0,1.0,0.0,0.0,0.0
21,240,9.330642774156898,0.6551751634736691,0.0,0.0,0.0,0.0,1.0,0.0
22,240,0.0,10.22668782123582,1.0,0.0,1.0,0.0,1.0,0.0
23,240,5.024971223957796,2.441734346269525,0.0,0.0,0.0,0.0,0.0,1.0
24,240,1.5446617946381966,4.940123614577883,0.0,0.0,0.0,1.0,0.0,0.0
25,240,3.830476906947948,1.3765436434706868,1.0,1.0,1.0,0.0,1.0,0.0
26,240,7.211437269746181,0.5137212552965695,1.0,0.0,0.0,1.0,0.0,1.0
27,240,11.984823403178304,6.836496219798498,0.0,1.0,0.0,0.0,0.0,0.0
28,240,0.0,9.512970287743066,0.0,1.0,0.0,1.0,1.0,0.0
29,240,1.1753274581493989,10.21238233477796,0.0,0.0,0.0,1.0,1.0,0.0
0,245,6.671892411052388,10.402526211615804,0.0,0.0,1.0,0.0,0.0,0.0
1,245,1.7484763827723908,0.6918376356723954,1.0,0.0,1.0,0.0,0.0,0.0
2,245,8.956898421321926,11.628395398109763,0.0,0.0,1.0,1.0,0.0,1.0
3,245,6.77604969437463,9.373040593804076,0.0,0.0,1.0,1.0,1.0,1.0
4,245,10.86258512949875,12.0,1.0,1.0,0.0,0.0,1.0,0.0
5,245,2.2886839056930355,6.993191586199493,0.0,1.0,1.0,0.0,0.0,0.0
6,245,3.71386804572174,3.840799659294648,1.0,0.0,0.0,0.0,1.0,1.0
7,245,4.786054315779361,0.0,0.0,0.0,0.0,0.0,0.0,1.0
8,245,3.241538188906527,0.7902824099548666,0.0,1.0,1.0,1.0,1.0,0.0
9,245,2.233990494336485,6.9647812270337806,0.0,1.0,1.0,0.0,0.0,0.0
10,245,2.666657772166958,11.990179513498829,1.0,0.0,1.0,0.0,0.0,0.0
11,245,10.571197309467856,3.287697303245143,0.0,1.0,0.0,0.0,0.0,0.0
12,245,9.999052426133122,8.138755774048104,1.0,0.0,0.0,0.0,0.0,0.0
13,245,9.777183123160183,6.176124956316956,1.0,0.0,1.0,0.0,0.0,1.0
14,245,2.0461857132300447,5.16744736021376,1.0,1.0,1.0,1.0,1.0,0.0
15,245,2.92150896576068,2.8240200899249377,1.0,1.0,0.0,0.0,1.0,0.0
16,245,0.8533590439200993,5.5692721451822,1.0,0.0,1.0,1.0,0.0,0.0
17,245,3.750585572105557,0.7290145999635965,1.0,1.0,1.0,0.0,0.0,1.0
18,245,2.0556142731943954,11.53782002872242,1.0,0.0,0.0,0.0,0.0,1.0
19,245,2.896779289866123,0.0,0.0,1.0,0.0,0.0,1.0,0.0
20,245,9.319810265927376,4.06808065766153,0.0,0.0,1.0,0.0,0.0,0.0
21,245,9.314599377552709,0.623346035861118,0.0,0.0,0.0,0.0,1.0,0.0
22,245,0.0,10.170190361595818,1.0,0.0,1.0,0.0,1.0,0.0
23,245,4.898442092657126,2.24611822356794,0.0,0.0,0.0,0.0,0.0,1.0
24,245,1.5321554628601128,4.9441864550342345,0.0,0.0,0.0,1.0,0.0,0.0
25,245,3.815528193970817,1.3712997103600069,1.0,1.0,1.0,0.0,1.0,0.0
26,245,7.251489475594887,0.456840568478262,1.0,0.0,0.0,1.0,0.0,1.0
27,245,11.952017804839304,6.814507879892494,0.0,1.0,0.0,0.0,0.0,0.0
28,245,0.0,9.560722049692089,0.0,1.0,0.0,1.0,1.0,0.0
29,245,1.2742929324100891,10.40469455349312,0.0,0.0,0.0,1.0,1.0,0.0
0,250,6.615163171222038,10.408016608688696,0.0,0.0,1.0,0.0,0.0,0.0
1,250,1.7368567485696604,0.6133059133305861,1.0,0.0,1.0,0.0,0.0,0.0
2,250,8.999606816132728,11.690760581564277,0.0,0.0,1.0,1.0,0.0,1.0
3,250,6.720913043266692,9.35037890301517,0.0,0.0,1.0,1.0,1.0,1.0
4,250,10.930309199992497,12.0,1.0,1.0,0.0,0.0,1.0,0.0
5,250,2.3480950859952494,6.863046328197087,0.0,1.0,1.0,0.0,0.0,0.0
6,250,3.6877238475777534,3.8173910257846098,1.0,0.0,0.0,0.0,1.0,1.0
7,250,4.599918028910527,0.0,0.0,0.0,0.0,0.0,0.0,1.0
8,250,3.2572617989553097,0.7679054687576222,0.0,1.0,1.0,1.0,1.0,0.0
9,250,2.2460890217460148,6.965329662209206,0.0,1.0,1.0,0.0,0.0,0.0
10,250,2.671482494636133,11.977624930951704,1.0,0.0,1.0,0.0,0.0,0.0
11,250,10.581070126106724,3.287450801250079,0.0,1.0,0.0,0.0,0.0,0.0
12,250,10.071718858619116,8.030621543515958,1.0,0.0,0.0,0.0,0.0,0.0
13,250,9.87443992217968,6.081174295244849,1.0,0.0,1.0,0.0,0.0,1.0
14,250,2.051096785507556,5.204014957926496,1.0,1.0,1.0,1.0,1.0,0.0
15,250,3.0212694488561307,2.7902510272388223,1.0,1.0,0.0,0.0,1.0,0.0
16,250,0.8233881116832839,5.605284809651571,1.0,0.0,1.0,1.0,0.0,0.0
17,250,3.7534901112127983,0.7437945722237116,1.0,1.0,1.0,0.0,0.0,1.0
18,250,2.000684587357928,11.54399948237323,1.0,0.0,0.0,0.0,0.0,1.0
19,250,2.8577159835236885,0.0,0.0,1.0,0.0,0.0,1.0,0.0
20,250,9.251400583908037,4.066898579868511,0.0,0.0,1.0,0.0,0.0,0.0
21,250,9.294715590958797,0.5830403154542334,0.0,0.0,0.0,0.0,1.0,0.0
22,250,0.0,10.114681739949653,1.0,0.0,1.0,0.0,1.0,0.0
23,250,4.769652761171562,2.043830074900291,0.0,0.0,0.0,0.0,0.0,1.0
24,250,1.525111211478942,4.94660491381647,0.0,0.0,0.0,1.0,0.0,0.0
25,250,3.811288829852524,1.3698180547724987,1.0,1.0,1.0,0.0,1.0,0.0
26,250,7.290418114174485,0.4045037236613312,1.0,0.0,0.0,1.0,0.0,1.0
27,250,11.910762775885528,6.785637276826254,0.0,1.0,0.0,0.0,0.0,0.0
28,250,0.0,9.61322876630805,0.0,1.0,0.0,1.0,1.0,0.0
29,250,1.3778591121870754,10.613108252369168,0.0,0.0,0.0,1.0,1.0,0.0
0,255,6.574171144429099,10.411965897227748,0.0,0.0,1.0,0.0,0.0,0.0
1,255,1.7275896688054295,0.5505253624256752,1.0,0.0,1.0,0.0,0.0,0.0
2,255,9.0331533791615,11.73966539437967,0.0,0.0,1.0,1.0,0.0,1.0
3,255,6.667945489855513,9.327919870872847,0.0,0.0,1.0,1.0,1.0,1.0
4,255,10.992210355157162,12.0,1.0,1.0,0.0,0.0,1.0,0.0
5,255,2.410267700209824,6.7371226280423,0.0,1.0,1.0,0.0,0.0,0.0
6,255,3.652016534908465,3.7864057564372686,1.0,0.0,0.0,0.0,1.0,1.0
7,255,4.413938715185269,0.0,0.0,0.0,0.0,0.0,0.0,1.0
8,255,3.272199918134612,0.7471605033596003,0.0,1.0,1.0,1.0,1.0,0.0
9,255,2.2594314292357454,6.965751708711785,0.0,1.0,1.0,0.0,0.0,0.0
10,255,2.676776135063119,11.964308533324882,1.0,0.0,1.0,0.0,0.0,0.0
11,255,10.606046000522404,3.287584744562825,0.0,1.0,0.0,0.0,0.0,0.0
12,255,10.154001368489482,7.913438885091466,1.0,0.0,0.0,0.0,0.0,0.0
13,255,9.968611405119375,5.98287634469368,1.0,0.0,1.0,0.0,0.0,1.0
14,255,2.056044094950879,5.241602096201902,1.0,1.0,1.0,1.0,1.0,0.0
15,255,3.1209642932951582,2.753730469421574,1.0,1.0,0.0,0.0,1.0,0.0
16,255,0.8053438801713353,5.6261720012854415,1.0,0.0,1.0,1.0,0.0,0.0
17,255,3.7580837260910576,0.7718385554971787,1.0,1.0,1.0,0.0,0.0,1.0
18,255,1.927208518115224,11.550408327728128,1.0,0.0,0.0,0.0,0.0,1.0
19,255,2.8357893966871512,0.0,0.0,1.0,0.0,0.0,1.0,0.0
20,255,9.190380923921996,4.066841133492264,0.0,0.0,1.0,0.0,0.0,0.0
21,255,9.27161584688792,0.5330694904030719,0.0,0.0,0.0,0.0,1.0,0.0
22,255,0.0,10.052040268453135,1.0,0.0,1.0,0.0,1.0,0.0
23,255,4.651813036656729,1.8494943895560911,0.0,0.0,0.0,0.0,0.0,1.0
24,255,1.5129396319576995,4.950990895581192,0.0,0.0,0.0,1.0,0.0,0.0
25,255,3.830796979908314,1.3770200714732197,1.0,1.0,1.0,0.0,1.0,0.0
26,255,7.32387404859565,0.3575380595066965,1.0,0.0,0.0,1.0,0.0,1.0
27,255,11.860941094278166,6.750019945794205,0.0,1.0,0.0,0.0,0.0,0.0
28,255,0.0,9.660734995931511,0.0,1.0,0.0,1.0,1.0,0.0
29,255,1.4848255148979803,10.82375742171658,0.0,0.0,0.0,1.0,1.0,0.0
0,260,6.507266849955612,10.417973138186488,0.0,0.0,1.0,0.0,0.0,0.0
1,260,1.720763090051549,0.5039897447569441,1.0,0.0,1.0,0.0,0.0,0.0
2,260,9.067432111787811,11.789925968289385,0.0,0.0,1.0,1.0,0.0,1.0
3,260,6.6112413033175335,9.304660631972968,0.0,0.0,1.0,1.0,1.0,1.0
4,260,11.056621526115473,12.0,1.0,1.0,0.0,0.0,1.0,0.0
5,260,2.4726497655161213,6.609709349726818,0.0,1.0,1.0,0.0,0.0,0.0
6,260,3.613008306617577,3.753845524888586,1.0,0.0,0.0,0.0,1.0,1.0
7,260,4.22706957677328,0.0,0.0,0.0,0.0,0.0,0.0,1.0
8,260,3.285043900214563,0.7299317784600363,0.0,1.0,1.0,1.0,1.0,0.0
9,260,2.287924510882317,6.967354139717828,0.0,1.0,1.0,0.0,0.0,0.0
10,260,2.685352297901593,11.942783006379871,1.0,0.0,1.0,0.0,0.0,0.0
11,260,10.63831398499301,3.2874705189123463,0.0,1.0,0.0,0.0,0.0,0.0
12,260,10.238050386814251,7.793337651042723,1.0,0.0,0.0,0.0,0.0,0.0
13,260,10.076259216734314,5.873923463817488,1.0,0.0,1.0,0.0,0.0,1.0
14,260,2.058649709180864,5.263531211317873,1.0,1.0,1.0,1.0,1.0,0.0
15,260,3.2284124855849337,2.714184558109169,1.0,1.0,0.0,0.0,1.0,0.0
16,260,0.7874675462331222,5.646755245663737,1.0,0.0,1.0,1.0,0.0,0.0
17,260,3.761455831382128,0.7927482474899016,1.0,1.0,1.0,0.0,0.0,1.0
18,260,1.8529166885987955,11.556278355651504,1.0,0.0,0.0,0.0,0.0,1.0
19,260,2.8158866173591406,0.0,0.0,1.0,0.0,0.0,1.0,0.0
20,260,9.14904049662012,4.066878141219633,0.0,0.0,1.0,0.0,0.0,0.0
21,260,9.263438919743471,0.514257133177912,0.0,0.0,0.0,0.0,1.0,0.0
22,260,0.0,9.990237218689357,1.0,0.0,1.0,0.0,1.0,0.0
23,260,4.533901761108671,1.661654338429547,0.0,0.0,0.0,0.0,0.0,1.0
24,260,1.499803886197432,4.955840336936152,0.0,0.0,0.0,1.0,0.0,0.0
25,260,3.846226287307164,1.3824978848758804,1.0,1.0,1.0,0.0,1.0,0.0
26,260,7.373486496871766,0.2871782479469414,1.0,0.0,0.0,1.0,0.0,1.0
27,260,11.808379936552852,6.710825038019981,0.0,1.0,0.0,0.0,0.0,0.0
28,260,0.0,9.713009098240782,0.0,1.0,0.0,1.0,1.0,0.0
29,260,1.583560207248394,11.022365450081631,0.0,0.0,0.0,1.0,1.0,0.0
0,265,6.444458509965439,10.422323284035514,0.0,0.0,1.0,0.0,0.0,0.0
1,265,1.7133613362243068,0.4555136432757694,1.0,0.0,1.0,0.0,0.0,0.0
2,265,9.087968114622711,11.81932590818374,0.0,0.0,1.0,1.0,0.0,1.0
3,265,6.553812696855693,9.28117541612395,0.0,0.0,1.0,1.0,1.0,1.0
4,265,11.12629936072473,12.0,1.0,1.0,0.0,0.0,1.0,0.0
5,265,2.53623617678332,6.480217480924134,0.0,1.0,1.0,0.0,0.0,0.0
6,265,3.5735895136825917,3.7196723509129455,1.0,0.0,0.0,0.0,1.0,1.0
7,265,4.04503295686024,0.0,0.0,0.0,0.0,0.0,0.0,1.0
8,265,3.306340951949672,0.7014966731669959,0.0,1.0,1.0,1.0,1.0,0.0
9,265,2.329319415457229,6.969229769654235,0.0,1.0,1.0,0.0,0.0,0.0
10,265,2.667850674945627,11.935616410330502,1.0,0.0,1.0,0.0,0.0,0.0
11,265,10.670927287765908,3.286398011346893,0.0,1.0,0.0,0.0,0.0,0.0
12,265,10.311825189398904,7.688650134562494,1.0,0.0,0.0,0.0,0.0,0.0
13,265,10.16323097099808,5.786685576315874,1.0,0.0,1.0,0.0,0.0,1.0
14,265,2.060929449024416,5.280778626935088,1.0,1.0,1.0,1.0,1.0,0.0
15,265,3.33400794792997,2.6730386058544773,1.0,1.0,0.0,0.0,1.0,0.0
16,265,0.7811592617382369,5.653952811040877,1.0,0.0,1.0,1.0,0.0,0.0
17,265,3.765995237009833,0.8234766437289638,1.0,1.0,1.0,0.0,0.0,1.0
18,265,1.7764234434310744,11.56218270252072,1.0,0.0,0.0,0.0,0.0,1.0
19,265,2.79224742382989,0.0,0.0,1.0,0.0,0.0,1.0,0.0
20,265,9.107192877905051,4.065919020091765,0.0,0.0,1.0,0.0,0.0,0.0
21,265,9.25731593905595,0.4997580875987075,0.0,0.0,0.0,0.0,1.0,0.0
22,265,0.0,9.91897922865429,1.0,0.0,1.0,0.0,1.0,0.0
23,265,4.409154881039562,1.473179178727464,0.0,0.0,0.0,0.0,0.0,1.0
24,265,1.4758703956295858,4.96464931430371,0.0,0.0,0.0,1.0,0.0,0.0
25,265,3.83993761544013,1.3803128765133876,1.0,1.0,1.0,0.0,1.0,0.0
26,265,7.430184519645263,0.2064052155437409,1.0,0.0,0.0,1.0,0.0,1.0
27,265,11.74563890222982,6.662582653857976,0.0,1.0,0.0,0.0,0.0,0.0
28,265,0.0,9.76717892218859,0.0,1.0,0.0,1.0,1.0,0.0
29,265,1.6781973813210207,11.21785064361926,0.0,0.0,0.0,1.0,1.0,0.0
0,270,6.376241088638733,10.427423298790115,0.0,0.0,1.0,0.0,0.0,0.0
1,270,1.7047989358519229,0.4008871395151652,1.0,0.0,1.0,0.0,0.0,0.0
2,270,9.107351703837608,11.848213754920726,0.0,0.0,1.0,1.0,0.0,1.0
3,270,6.500850089895795,9.2579494549774,0.0,0.0,1.0,1.0,1.0,1.0
4,270,11.21040227244752,12.0,1.0,1.0,0.0,0.0,1.0,0.0
5,270,2.598320928627626,6.353736251236811,0.0,1.0,1.0,0.0,0.0,0.0
6,270,3.5530444592518307,3.702209558262702,1.0,0.0,0.0,0.0,1.0,1.0
7,270,3.8692301011319614,0.0,0.0,0.0,0.0,0.0,0.0,1.0
8,270,3.310390196617773,0.6957788014757804,0.0,1.0,1.0,1.0,1.0,0.0
9,270,2.3710230696453345,6.972782698645907,0.0,1.0,1.0,0.0,0.0,0.0
10,270,2.636233818099873,11.922481298777477,1.0,0.0,1.0,0.0,0.0,0.0
11,270,10.690738661032764,3.285820089258503,0.0,1.0,0.0,0.0,0.0,0.0
12,270,10.368034590362091,7.60980559112413,1.0,0.0,0.0,0.0,0.0,0.0
13,270,10.25768584512338,5.694604619738382,1.0,0.0,1.0,0.0,0.0,1.0
14,270,2.0625117087812224,5.293338333943266,1.0,1.0,1.0,1.0,1.0,0.0
15,270,3.436224477626583,2.6323018203025272,1.0,1.0,0.0,0.0,1.0,0.0
16,270,0.7772962671041984,5.658344760871127,1.0,0.0,1.0,1.0,0.0,0.0
17,270,3.7672163530595353,0.832568502619165,1.0,1.0,1.0,0.0,0.0,1.0
18,270,1.6941144780224446,11.569110217161288,1.0,0.0,0.0,0.0,0.0,1.0
19,270,2.7700418152300954,0.0,0.0,1.0,0.0,0.0,1.0,0.0
20,270,9.073841272547464,4.065761010385737,0.0,0.0,1.0,0.0,0.0,0.0
21,270,9.253574729043256,0.4902103233105526,0.0,0.0,0.0,0.0,1.0,0.0
22,270,0.0,9.84210578689926,1.0,0.0,1.0,0.0,1.0,0.0
23,270,4.279913367982992,1.2764284624668465,0.0,0.0,0.0,0.0,0.0,1.0
24,270,1.466352435030188,4.96826248707042,0.0,0.0,0.0,1.0,0.0,0.0
25,270,3.847398433818684,1.3829782321175923,1.0,1.0,1.0,0.0,1.0,0.0
26,270,7.5004654071689725,0.1052646131716324,1.0,0.0,0.0,1.0,0.0,1.0
27,270,11.710185717449187,6.634007589685483,0.0,1.0,0.0,0.0,0.0,0.0
28,270,0.0,9.82735052731056,0.0,1.0,0.0,1.0,1.0,0.0
29,270,1.7697274490135193,11.407006955161814,0.0,0.0,0.0,1.0,1.0,0.0
0,275,6.29289565403143,10.434266324138756,0.0,0.0,1.0,0.0,0.0,0.0
1,275,1.6939558416039084,0.3383474930181182,1.0,0.0,1.0,0.0,0.0,0.0
2,275,9.116851712802331,11.8622549302769,0.0,0.0,1.0,1.0,0.0,1.0
3,275,6.463827560805846,9.241696080809902,0.0,0.0,1.0,1.0,1.0,1.0
4,275,11.296788475778854,12.0,1.0,1.0,0.0,0.0,1.0,0.0
5,275,2.6491582773255766,6.249475395687536,0.0,1.0,1.0,0.0,0.0,0.0
6,275,3.533871074854219,3.6860993325092073,1.0,0.0,0.0,0.0,1.0,1.0
7,275,3.701165099412876,0.0,0.0,0.0,0.0,0.0,0.0,1.0
8,275,3.314492410587245,0.6899310497981059,0.0,1.0,1.0,1.0,1.0,0.0
9,275,2.391558863164616,6.974825890811898,0.0,1.0,1.0,0.0,0.0,0.0
10,275,2.5993254930188288,11.907867692793346,1.0,0.0,1.0,0.0,0.0,0.0
11,275,10.706674818229232,3.2855809131336278,0.0,1.0,0.0,0.0,0.0,0.0
12,275,10.420779939335738,7.5336859057041,1.0,0.0,0.0,0.0,0.0,0.0
13,275,10.357153900670369,5.5950696429559255,1.0,0.0,1.0,0.0,0.0,1.0
14,275,2.063979104258637,5.305628727135597,1.0,1.0,1.0,1.0,1.0,0.0
15,275,3.5495597010659545,2.588362019941988,1.0,1.0,0.0,0.0,1.0,0.0
16,275,0.7822151050539814,5.652522186411903,1.0,0.0,1.0,1.0,0.0,0.0
17,275,3.766854705439664,0.8302658599566827,1.0,1.0,1.0,0.0,0.0,1.0
18,275,1.5756921584057977,11.58191949693167,1.0,0.0,0.0,0.0,0.0,1.0
19,275,2.747413461363612,0.0,0.0,1.0,0.0,0.0,1.0,0.0
20,275,9.082347573587128,4.065669714315228,0.0,0.0,1.0,0.0,0.0,0.0
21,275,9.25074130461322,0.4831149078985783,0.0,0.0,0.0,0.0,1.0,0.0
22,275,0.0,9.7663068029151,1.0,0.0,1.0,0.0,1.0,0.0
23,275,4.146713839018741,1.0630642799273156,0.0,0.0,0.0,0.0,0.0,1.0
24,275,1.4568170633542432,4.972006215961669,0.0,0.0,0.0,1.0,0.0,0.0
25,275,3.8834589578228784,1.3950203948257474,1.0,1.0,1.0,0.0,1.0,0.0
26,275,7.566192153113704,0.0129875651765375,1.0,0.0,0.0,1.0,0.0,1.0
27,275,11.676009061290776,6.60696769632577,0.0,1.0,0.0,0.0,0.0,0.0
28,275,0.0,9.886875253823774,0.0,1.0,0.0,1.0,1.0,0.0
29,275,1.853646078587544,11.600989736259548,0.0,0.0,0.0,1.0,1.0,0.0
0,280,6.217821442110672,10.43890570483807,0.0,0.0,1.0,0.0,0.0,0.0
1,280,1.6845131869096972,0.287740875560986,1.0,0.0,1.0,0.0,0.0,0.0
2,280,9.141811399209374,11.898367595321396,0.0,0.0,1.0,1.0,0.0,1.0
3,280,6.414826716508865,9.221677414869136,0.0,0.0,1.0,1.0,1.0,1.0
4,280,11.386864129240312,12.0,1.0,1.0,0.0,0.0,1.0,0.0
5,280,2.6903000990027595,6.166804900187024,0.0,1.0,1.0,0.0,0.0,0.0
6,280,3.5396678142223084,3.691101353692993,1.0,0.0,0.0,0.0,1.0,1.0
7,280,3.5195054583299648,0.0,0.0,0.0,0.0,0.0,0.0,1.0
8,280,3.328148005305082,0.699157813921713,0.0,1.0,1.0,1.0,1.0,0.0
9,280,2.413339281603752,6.976992350337834,0.0,1.0,1.0,0.0,0.0,0.0
10,280,2.567658540719821,11.894170107462092,1.0,0.0,1.0,0.0,0.0,0.0
11,280,10.702320871801971,3.285621003172207,0.0,1.0,0.0,0.0,0.0,0.0
12,280,10.486029167090312,7.436947641766492,1.0,0.0,0.0,0.0,0.0,0.0
13,280,10.46616797123752,5.4846409680617,1.0,0.0,1.0,0.0,0.0,1.0
14,280,2.0671633488143453,5.329155543064635,1.0,1.0,1.0,1.0,1.0,0.0
15,280,3.662510973254277,2.5464448587585764,1.0,1.0,0.0,0.0,1.0,0.0
16,280,0.7989164563579123,5.633213057247665,1.0,0.0,1.0,1.0,0.0,0.0
17,280,3.772159665801619,0.8612328698762669,1.0,1.0,1.0,0.0,0.0,1.0
18,280,1.4306376181838305,11.593962861984634,1.0,0.0,0.0,0.0,0.0,1.0
19,280,2.713327060411091,0.0,0.0,1.0,0.0,0.0,1.0,0.0
20,280,9.084445241303309,4.065677489033844,0.0,0.0,1.0,0.0,0.0,0.0
21,280,9.24975468759008,0.4804676859414281,0.0,0.0,0.0,0.0,1.0,0.0
22,280,0.0,9.686383483062285,1.0,0.0,1.0,0.0,1.0,0.0
23,280,4.01853128349999,0.8636364656855468,0.0,0.0,0.0,0.0,0.0,1.0
24,280,1.4385596146916737,4.978652224741275,0.0,0.0,0.0,1.0,0.0,0.0
25,280,3.927602264797655,1.4108000506608205,1.0,1.0,1.0,0.0,1.0,0.0
26,280,7.633569491997012,0.0,1.0,0.0,0.0,1.0,0.0,1.0
27,280,11.635991530139265,6.575384828574191,0.0,1.0,0.0,0.0,0.0,0.0
28,280,0.0,9.94551549243447,0.0,1.0,0.0,1.0,1.0,0.0
29,280,1.9296318580550635,11.7735624952285,0.0,0.0,0.0,1.0,1.0,0.0
0,285,6.160694126309636,10.443826441383496,0.0,0.0,1.0,0.0,0.0,0.0
1,285,1.6763123485998517,0.2408305965273346,1.0,0.0,1.0,0.0,0.0,0.0
2,285,9.173847419992637,11.943245654818002,0.0,0.0,1.0,1.0,0.0,1.0
3,285,6.37099131447382,9.203994376089875,0.0,0.0,1.0,1.0,1.0,1.0
4,285,11.477632278305812,12.0,1.0,1.0,0.0,0.0,1.0,0.0
5,285,2.729117918111068,6.081859675004208,0.0,1.0,1.0,0.0,0.0,0.0
6,285,3.5501647701425703,3.6998437710224983,1.0,0.0,0.0,0.0,1.0,1.0
7,285,3.333199971099257,0.0,0.0,0.0,0.0,0.0,0.0,1.0
8,285,3.3232238805336136,0.6959066447708698,0.0,1.0,1.0,1.0,1.0,0.0
9,285,2.4158135762571717,6.977206272233572,0.0,1.0,1.0,0.0,0.0,0.0
10,285,2.535508559453968,11.879400614753486,1.0,0.0,1.0,0.0,0.0,0.0
11,285,10.713143764723275,3.28595506911942,0.0,1.0,0.0,0.0,0.0,0.0
12,285,10.55471197121422,7.332743253981664,1.0,0.0,0.0,0.0,0.0,0.0
13,285,10.585152589933749,5.365674068110964,1.0,0.0,1.0,0.0,0.0,1.0
14,285,2.0710067992050383,5.359051406752714,1.0,1.0,1.0,1.0,1.0,0.0
15,285,3.7919817494832615,2.499115097406672,1.0,1.0,0.0,0.0,1.0,0.0
16,285,0.8208184705377304,5.608705104044479,1.0,0.0,1.0,1.0,0.0,0.0
17,285,3.779173256365877,0.9026996058501886,1.0,1.0,1.0,0.0,0.0,1.0
18,285,1.2734997176759166,11.604747026844212,1.0,0.0,0.0,0.0,0.0,1.0
19,285,2.672090646492637,0.0,0.0,1.0,0.0,0.0,1.0,0.0
20,285,9.08260998284976,4.065677641031533,0.0,0.0,1.0,0.0,0.0,0.0
21,285,9.254313361663566,0.492361190090777,0.0,0.0,0.0,0.0,1.0,0.0
22,285,0.0,9.613118168035664,1.0,0.0,1.0,0.0,1.0,0.0
23,285,3.891543443348952,0.6652179648112947,0.0,0.0,0.0,0.0,0.0,1.0
24,285,1.407010975491368,4.989529033298813,0.0,0.0,0.0,1.0,0.0,0.0
25,285,3.9726197027562193,1.4254539985685135,1.0,1.0,1.0,0.0,1.0,0.0
26,285,7.696284994672087,0.0,1.0,0.0,0.0,1.0,0.0,1.0
27,285,11.600278066111924,6.547623447620623,0.0,1.0,0.0,0.0,0.0,0.0
28,285,0.0,10.009618794613022,0.0,1.0,0.0,1.0,1.0,0.0
29,285,2.004200230014614,11.945987512399364,0.0,0.0,0.0,1.0,1.0,0.0
0,290,6.108181105838224,10.448110883318872,0.0,0.0,1.0,0.0,0.0,0.0
1,290,1.6669986832224937,0.1767893848150256,1.0,0.0,1.0,0.0,0.0,0.0
2,290,9.21710296677101,12.0,0.0,0.0,1.0,1.0,0.0,1.0
3,290,6.324987948296433,9.18677444935672,0.0,0.0,1.0,1.0,1.0,1.0
4,290,11.564163275696822,12.0,1.0,1.0,0.0,0.0,1.0,0.0
5,290,2.7659749062056647,5.9986707351973205,0.0,1.0,1.0,0.0,0.0,0.0
6,290,3.557038439423883,3.7056016226731208,1.0,0.0,0.0,0.0,1.0,1.0
7,290,3.1513316356747314,0.0,0.0,0.0,0.0,0.0,0.0,1.0
8,290,3.333204313679464,0.7024403371641939,0.0,1.0,1.0,1.0,1.0,0.0
9,290,2.4127706106853006,6.976921062490188,0.0,1.0,1.0,0.0,0.0,0.0
10,290,2.5251243449588623,11.874620133655432,1.0,0.0,1.0,0.0,0.0,0.0
11,290,10.69659520243337,3.285524568026558,0.0,1.0,0.0,0.0,0.0,0.0
12,290,10.622730832937131,7.228453208423738,1.0,0.0,0.0,0.0,0.0,0.0
13,290,10.704740663596429,5.247774728693158,1.0,0.0,1.0,0.0,0.0,1.0
14,290,2.073972891853389,5.378877366631533,1.0,1.0,1.0,1.0,1.0,0.0
15,290,3.9116918129548863,2.459612507760099,1.0,1.0,0.0,0.0,1.0,0.0
16,290,0.8361831932254881,5.59120225084368,1.0,0.0,1.0,1.0,0.0,0.0
17,290,3.7846873840627664,0.9362787102642444,1.0,1.0,1.0,0.0,0.0,1.0
18,290,1.1183836011119643,11.613553405076456,1.0,0.0,0.0,0.0,0.0,1.0
19,290,2.6300278283693843,0.0,0.0,1.0,0.0,0.0,1.0,0.0
20,290,9.10081080633417,4.065663241851452,0.0,0.0,1.0,0.0,0.0,0.0
21,290,9.261754347625963,0.5101431019748277,0.0,0.0,0.0,0.0,1.0,0.0
22,290,0.0,9.54805426867942,1.0,0.0,1.0,0.0,1.0,0.0
23,290,3.765801485248221,0.4713519763990003,0.0,0.0,0.0,0.0,0.0,1.0
24,290,1.3712696182906858,5.001798595695195,0.0,0.0,0.0,1.0,0.0,0.0
25,290,3.9840833438325376,1.4294082707142997,1.0,1.0,1.0,0.0,1.0,0.0
26,290,7.7452650735144974,0.0,1.0,0.0,0.0,1.0,0.0,1.0
27,290,11.556575177465245,6.512492215104224,0.0,1.0,0.0,0.0,0.0,0.0
28,290,0.0,10.065472529100443,0.0,1.0,0.0,1.0,1.0,0.0
29,290,2.074974008514668,12.0,0.0,0.0,0.0,1.0,1.0,0.0
0,295,6.039656022967568,10.45479607575264,0.0,0.0,1.0,0.0,0.0,0.0
1,295,1.650959405814035,0.0913140299624873,1.0,0.0,1.0,0.0,0.0,0.0
2,295,9.253723743049122,12.0,0.0,0.0,1.0,1.0,0.0,1.0
3,295,6.290236717548163,9.174969276097952,0.0,0.0,1.0,1.0,1.0,1.0
4,295,11.65002768078637,12.0,1.0,1.0,0.0,0.0,1.0,0.0
5,295,2.795314623289056,5.932006920257845,0.0,1.0,1.0,0.0,0.0,0.0
6,295,3.5564840126339474,3.7063310454244847,1.0,0.0,0.0,0.0,1.0,1.0
7,295,2.9641846816620703,0.0,0.0,0.0,0.0,0.0,0.0,1.0
8,295,3.347509735344893,0.7113641067361762,0.0,1.0,1.0,1.0,1.0,0.0
9,295,2.4092521509910685,6.976548875174975,0.0,1.0,1.0,0.0,0.0,0.0
10,295,2.495011482985822,11.861005638701306,1.0,0.0,1.0,0.0,0.0,0.0
11,295,10.685860220357045,3.285218947926218,0.0,1.0,0.0,0.0,0.0,0.0
12,295,10.691528412207829,7.1236394586588,1.0,0.0,0.0,0.0,0.0,0.0
13,295,10.816667032405425,5.133544384372801,1.0,0.0,1.0,0.0,0.0,1.0
14,295,2.077030549930205,5.400027662618218,1.0,1.0,1.0,1.0,1.0,0.0
15,295,4.042347332484972,2.4151413588464528,1.0,1.0,0.0,0.0,1.0,0.0
16,295,0.8569180532399118,5.567841186341646,1.0,0.0,1.0,1.0,0.0,0.0
17,295,3.791239253425779,0.9745328173816816,1.0,1.0,1.0,0.0,0.0,1.0
18,295,0.9566317130320008,11.61776326379268,1.0,0.0,0.0,0.0,0.0,1.0
19,295,2.588900657707625,0.0,0.0,1.0,0.0,0.0,1.0,0.0
20,295,9.116416511111016,4.066060318503608,0.0,0.0,1.0,0.0,0.0,0.0
21,295,9.264950868465762,0.518195639222379,0.0,0.0,0.0,0.0,1.0,0.0
22,295,0.0,9.482419697979545,1.0,0.0,1.0,0.0,1.0,0.0
23,295,3.6267110718356665,0.2568090105412994,0.0,0.0,0.0,0.0,0.0,1.0
24,295,1.3178619286010924,5.020371708716222,0.0,0.0,0.0,1.0,0.0,0.0
25,295,3.990334709337696,1.431581643367494,1.0,1.0,1.0,0.0,1.0,0.0
26,295,7.789645809791256,0.0,1.0,0.0,0.0,1.0,0.0,1.0
27,295,11.5054129656068,6.47018402483478,0.0,1.0,0.0,0.0,0.0,0.0
28,295,0.0,10.123671256320494,0.0,1.0,0.0,1.0,1.0,0.0
29,295,2.1497108854340885,12.0,0.0,0.0,0.0,1.0,1.0,0.0
