0,0,4.04474109589057,3.9801771981797023,0.0,1.0,1.0,0.0,0.0,0.0
1,0,10.04338120556914,5.989139863690723,0.0,0.0,1.0,0.0,0.0,0.0
2,0,5.98943119294484,6.955604429926986,0.0,1.0,0.0,0.0,0.0,0.0
3,0,0.0,7.964726829436076,0.0,1.0,1.0,1.0,1.0,0.0
4,0,5.015696574132607,12.0,0.0,0.0,0.0,0.0,1.0,0.0
5,0,1.0406159705930145,5.973614858904953,0.0,0.0,0.0,1.0,1.0,1.0
6,0,6.026387258666909,4.98430832747776,0.0,0.0,0.0,0.0,1.0,0.0
7,0,0.0,8.039663263234212,1.0,0.0,0.0,1.0,0.0,0.0
8,0,6.015151392381745,4.9591966412950095,0.0,0.0,1.0,1.0,0.0,0.0
9,0,5.9825004649278375,4.073295733214693,1.0,0.0,0.0,1.0,1.0,0.0
10,0,2.0463825621394007,9.036959292644022,1.0,1.0,1.0,0.0,1.0,1.0
11,0,2.9517326784613305,8.021612668879003,1.0,0.0,1.0,1.0,0.0,0.0
12,0,3.919049337011947,3.9976369630189263,0.0,0.0,0.0,0.0,1.0,1.0
13,0,3.0416394009079206,0.9815214818800808,1.0,0.0,0.0,0.0,0.0,1.0
14,0,4.946621332568741,0.0,1.0,0.0,0.0,0.0,0.0,0.0
15,0,0.0,9.980693450754156,1.0,0.0,0.0,1.0,1.0,0.0
16,0,7.03172723128738,11.976221312643585,0.0,1.0,1.0,1.0,1.0,1.0
17,0,12.0,7.038162428569475,0.0,1.0,1.0,0.0,0.0,0.0
18,0,7.946601275257553,6.014057047236026,1.0,1.0,0.0,1.0,0.0,0.0
19,0,4.033127583251887,9.021213311616483,0.0,1.0,0.0,0.0,0.0,0.0
20,0,0.0354715425446845,6.980088477736821,0.0,0.0,0.0,0.0,1.0,1.0
21,0,12.0,10.03356247967854,0.0,1.0,1.0,1.0,1.0,0.0
22,0,6.001172194422471,6.053209656286822,1.0,0.0,0.0,0.0,1.0,0.0
23,0,3.971593774679523,8.033041428561534,0.0,0.0,0.0,0.0,1.0,1.0
24,0,0.0,10.026245305711395,0.0,1.0,0.0,0.0,0.0,0.0
25,0,3.9773221964706007,0.979149232079665,0.0,0.0,0.0,0.0,1.0,0.0
26,0,3.9724169196749286,9.048467848899104,0.0,0.0,1.0,0.0,1.0,0.0
27,0,5.9602918543716665,11.072676355763353,0.0,0.0,0.0,1.0,0.0,1.0
28,0,9.034905735816215,10.953222956358909,1.0,0.0,0.0,0.0,0.0,0.0
29,0,4.967670388684078,9.01200957999264,0.0,1.0,0.0,0.0,0.0,0.0
0,5,4.07859138216182,3.9646717345474944,0.0,1.0,1.0,0.0,0.0,0.0
1,5,10.08839124523568,5.978342578358873,0.0,0.0,1.0,0.0,0.0,0.0
2,5,5.977026972924771,6.905309762150319,0.0,1.0,0.0,0.0,0.0,0.0
3,5,0.0,7.945347493260553,0.0,1.0,1.0,1.0,1.0,0.0
4,5,5.033839423832427,12.0,0.0,0.0,0.0,0.0,1.0,0.0
5,5,1.068489194277326,5.956336118440126,0.0,0.0,0.0,1.0,1.0,1.0
6,5,6.022534833702069,4.986678386524656,0.0,0.0,0.0,0.0,1.0,0.0
7,5,0.0,8.085887772179511,1.0,0.0,0.0,1.0,0.0,0.0
8,5,6.037754733895144,4.899280276661928,0.0,0.0,1.0,1.0,0.0,0.0
9,5,5.97143628618204,4.1276635275616345,1.0,0.0,0.0,1.0,1.0,0.0
10,5,2.0818169427267463,9.064262741924132,1.0,1.0,1.0,0.0,1.0,1.0
11,5,2.8932456933972643,8.046815013876698,1.0,0.0,1.0,1.0,0.0,0.0
12,5,3.84994838796228,3.993859378757533,0.0,0.0,0.0,0.0,1.0,1.0
13,5,3.060075613441207,0.9732513027324315,1.0,0.0,0.0,0.0,0.0,1.0
14,5,4.896511548614609,0.0,1.0,0.0,0.0,0.0,0.0,0.0
15,5,0.0,9.972291602796858,1.0,0.0,0.0,1.0,1.0,0.0
16,5,7.070663365985237,11.946145806660043,0.0,1.0,1.0,1.0,1.0,1.0
17,5,12.0,7.0835505467299456,0.0,1.0,1.0,0.0,0.0,0.0
18,5,7.918961425481025,6.020876021489742,1.0,1.0,0.0,1.0,0.0,0.0
19,5,4.062577125982645,9.040246340387192,0.0,1.0,0.0,0.0,0.0,0.0
20,5,0.0538603959772071,6.97009803986633,0.0,0.0,0.0,0.0,1.0,1.0
21,5,12.0,10.0687946238281,0.0,1.0,1.0,1.0,1.0,0.0
22,5,6.002387894208118,6.100347264043685,1.0,0.0,0.0,0.0,1.0,0.0
23,5,3.9494544451983993,8.059235856315969,0.0,0.0,0.0,0.0,1.0,1.0
24,5,0.0,10.046873256283154,0.0,1.0,0.0,0.0,0.0,0.0
25,5,3.95895411397521,0.9624453289069128,0.0,0.0,0.0,0.0,1.0,0.0
26,5,3.935249798910679,9.110428076989418,0.0,0.0,1.0,0.0,1.0,0.0
27,5,5.927322789620885,11.137855199070232,0.0,0.0,0.0,1.0,0.0,1.0
28,5,9.053428677274905,10.928131459175091,1.0,0.0,0.0,0.0,0.0,0.0
29,5,4.943792519775979,9.022106336341093,0.0,1.0,0.0,0.0,0.0,0.0
0,10,4.106297353638748,3.950847983158715,0.0,1.0,1.0,0.0,0.0,0.0
1,10,10.126929925220166,5.969105720890073,0.0,0.0,1.0,0.0,0.0,0.0
2,10,5.95873560970298,6.841025006739132,0.0,1.0,0.0,0.0,0.0,0.0
3,10,0.0,7.913919026437242,0.0,1.0,1.0,1.0,1.0,0.0
4,10,5.047016270755796,12.0,0.0,0.0,0.0,0.0,1.0,0.0
5,10,1.101312858547069,5.935774264995068,0.0,0.0,0.0,1.0,1.0,1.0
6,10,6.013094315629062,4.99233914982015,0.0,0.0,0.0,0.0,1.0,0.0
7,10,0.0,8.138116265838187,1.0,0.0,0.0,1.0,0.0,0.0
8,10,6.049064338712794,4.868984893489542,0.0,0.0,1.0,1.0,0.0,0.0
9,10,5.960420359696937,4.184066012595455,1.0,0.0,0.0,1.0,1.0,0.0
10,10,2.1139609599661764,9.088397420990814,1.0,1.0,1.0,0.0,1.0,1.0
11,10,2.833857346962076,8.073193654650819,1.0,0.0,1.0,1.0,0.0,0.0
12,10,3.77375550381799,3.988957208901403,0.0,0.0,0.0,0.0,1.0,1.0
13,10,3.0912848530242005,0.9587708290284072,1.0,0.0,0.0,0.0,0.0,1.0
14,10,4.835900732203325,0.0,1.0,0.0,0.0,0.0,0.0,0.0
15,10,0.0,9.960529460548791,1.0,0.0,0.0,1.0,1.0,0.0
16,10,7.080314536939628,11.938705929711857,0.0,1.0,1.0,1.0,1.0,1.0
17,10,12.0,7.129686017968076,0.0,1.0,1.0,0.0,0.0,0.0
18,10,7.884199327187734,6.028058370437059,1.0,1.0,0.0,1.0,0.0,0.0
19,10,4.0873915316346725,9.05565268629424,0.0,1.0,0.0,0.0,0.0,0.0
20,10,0.0756318115301574,6.95806032004437,0.0,0.0,0.0,0.0,1.0,1.0
21,10,12.0,10.113016206912286,0.0,1.0,1.0,1.0,1.0,0.0
22,10,6.003329954370423,6.145838988258808,1.0,0.0,0.0,0.0,1.0,0.0
23,10,3.9250943576663615,8.087557867917674,0.0,0.0,0.0,0.0,1.0,1.0
24,10,0.0,10.067124351168411,0.0,1.0,0.0,0.0,0.0,0.0
25,10,3.944181613932548,0.9495487345320438,0.0,0.0,0.0,0.0,1.0,0.0
26,10,3.902548727821172,9.166571456254392,0.0,0.0,1.0,0.0,1.0,0.0
27,10,5.8824407265470064,11.229868336301186,0.0,0.0,0.0,1.0,0.0,1.0
28,10,9.064898833371675,10.912168625952615,1.0,0.0,0.0,0.0,0.0,0.0
29,10,4.904854936536881,9.03858155225466,0.0,1.0,0.0,0.0,0.0,0.0
0,15,4.143950096906509,3.932067982813088,0.0,1.0,1.0,0.0,0.0,0.0
1,15,10.150141865359949,5.963997269056679,0.0,0.0,1.0,0.0,0.0,0.0
2,15,5.93977023339922,6.778061371291996,0.0,1.0,0.0,0.0,0.0,0.0
3,15,0.0,7.88740221611338,0.0,1.0,1.0,1.0,1.0,0.0
4,15,5.053792051525996,12.0,0.0,0.0,0.0,0.0,1.0,0.0
5,15,1.1309636969379109,5.916873872444796,0.0,0.0,0.0,1.0,1.0,1.0
6,15,6.001207547483338,4.999127839063277,0.0,0.0,0.0,0.0,1.0,0.0
7,15,0.0,8.181292019269629,1.0,0.0,0.0,1.0,0.0,0.0
8,15,6.058344880819097,4.844295631703096,0.0,0.0,1.0,1.0,0.0,0.0
9,15,5.949281241342227,4.246719084142004,1.0,0.0,0.0,1.0,1.0,0.0
10,15,2.1471601616810245,9.112779389897966,1.0,1.0,1.0,0.0,1.0,1.0
11,15,2.7405947165602087,8.116939223602378,1.0,0.0,1.0,1.0,0.0,0.0
12,15,3.737233721070489,3.986237666347478,0.0,0.0,0.0,0.0,1.0,1.0
13,15,3.1130126687532287,0.9491321532061588,1.0,0.0,0.0,0.0,0.0,1.0
14,15,4.764795868803184,0.0,1.0,0.0,0.0,0.0,0.0,0.0
15,15,0.0,9.949036874179544,1.0,0.0,0.0,1.0,1.0,0.0
16,15,7.091353341482965,11.930435697808122,0.0,1.0,1.0,1.0,1.0,1.0
17,15,12.0,7.178258411006548,0.0,1.0,1.0,0.0,0.0,0.0
18,15,7.8575191366241555,6.033688022584784,1.0,1.0,0.0,1.0,0.0,0.0
19,15,4.097617271994427,9.061914297150944,0.0,1.0,0.0,0.0,0.0,0.0
20,15,0.0703191913275011,6.960992083602756,0.0,0.0,0.0,0.0,1.0,1.0
21,15,12.0,10.146160652806712,0.0,1.0,1.0,1.0,1.0,0.0
22,15,6.004420569531322,6.176785925787399,1.0,0.0,0.0,0.0,1.0,0.0
23,15,3.900105469454028,8.115738285567232,0.0,0.0,0.0,0.0,1.0,1.0
24,15,0.0222407546615897,10.14016516342009,0.0,1.0,0.0,0.0,0.0,0.0
25,15,3.930662719411491,0.9374073515454616,0.0,0.0,0.0,0.0,1.0,0.0
26,15,3.867107891600635,9.227550812847234,0.0,0.0,1.0,0.0,1.0,0.0
27,15,5.840606295608837,11.321279288050723,0.0,0.0,0.0,1.0,0.0,1.0
28,15,9.077046077283455,10.89498192651636,1.0,0.0,0.0,0.0,0.0,0.0
29,15,4.876453161508016,9.051315519518734,0.0,1.0,0.0,0.0,0.0,0.0
0,20,4.185714172202086,3.910043731120525,0.0,1.0,1.0,0.0,0.0,0.0
1,20,10.17611336405195,5.958668500167154,0.0,0.0,1.0,0.0,0.0,0.0
2,20,5.922115310676332,6.720621226943353,0.0,1.0,0.0,0.0,0.0,0.0
3,20,0.0,7.874286227174741,0.0,1.0,1.0,1.0,1.0,0.0
4,20,5.064281794655662,12.0,0.0,0.0,0.0,0.0,1.0,0.0
5,20,1.1615884231947635,5.897234597365112,0.0,0.0,0.0,1.0,1.0,1.0
6,20,5.989881583979063,5.005459136951465,0.0,0.0,0.0,0.0,1.0,0.0
7,20,0.0,8.24399810083623,1.0,0.0,0.0,1.0,0.0,0.0
8,20,6.063159280327184,4.830894805759347,0.0,0.0,1.0,1.0,0.0,0.0
9,20,5.94024694923769,4.295444524015775,1.0,0.0,0.0,1.0,1.0,0.0
10,20,2.1838115576001185,9.14115465094001,1.0,1.0,1.0,0.0,1.0,1.0
11,20,2.634313851079783,8.168490300198386,1.0,0.0,1.0,1.0,0.0,0.0
12,20,3.7258290724906455,3.9855175153782896,0.0,0.0,0.0,0.0,1.0,1.0
13,20,3.1598969626599778,0.9279106755805728,1.0,0.0,0.0,0.0,0.0,1.0
14,20,4.683990462697893,0.0,1.0,0.0,0.0,0.0,0.0,0.0
15,20,0.0,9.934530852162522,1.0,0.0,0.0,1.0,1.0,0.0
16,20,7.094628112105916,11.92795776815026,0.0,1.0,1.0,1.0,1.0,1.0
17,20,12.0,7.221694820411399,0.0,1.0,1.0,0.0,0.0,0.0
18,20,7.839649982995435,6.03663577443766,1.0,1.0,0.0,1.0,0.0,0.0
19,20,4.101283915743784,9.064114251044638,0.0,1.0,0.0,0.0,0.0,0.0
20,20,0.0734963888801891,6.9590405602647945,0.0,0.0,0.0,0.0,1.0,1.0
21,20,12.0,10.173153327046782,0.0,1.0,1.0,1.0,1.0,0.0
22,20,6.00453453877486,6.181845487098374,1.0,0.0,0.0,0.0,1.0,0.0
23,20,3.871617096842464,8.146244758029702,0.0,0.0,0.0,0.0,1.0,1.0
24,20,0.0407434138532878,10.20790101209762,0.0,1.0,0.0,0.0,0.0,0.0
25,20,3.907423500665497,0.9157999838863816,0.0,0.0,0.0,0.0,1.0,0.0
26,20,3.842217042672724,9.271768214915522,0.0,0.0,1.0,0.0,1.0,0.0
27,20,5.7972120424420455,11.414302393059968,0.0,0.0,0.0,1.0,0.0,1.0
28,20,9.071404026122922,10.90271632986298,1.0,0.0,0.0,0.0,0.0,0.0
29,20,4.840846839420039,9.06754071223502,0.0,1.0,0.0,0.0,0.0,0.0
0,25,4.238277816267503,3.882078571869003,0.0,1.0,1.0,0.0,0.0,0.0
1,25,10.198429400935206,5.954542244309573,0.0,0.0,1.0,0.0,0.0,0.0
2,25,5.906362034499444,6.66408132298353,0.0,1.0,0.0,0.0,0.0,0.0
3,25,0.0,7.85365887124459,0.0,1.0,1.0,1.0,1.0,0.0
4,25,5.075261226691626,12.0,0.0,0.0,0.0,0.0,1.0,0.0
5,25,1.195951676187413,5.874908940773547,0.0,0.0,0.0,1.0,1.0,1.0
6,25,5.979536754114841,5.011344957353812,0.0,0.0,0.0,0.0,1.0,0.0
7,25,0.0,8.312305374689693,1.0,0.0,0.0,1.0,0.0,0.0
8,25,6.061769289511806,4.834724944577737,0.0,0.0,1.0,1.0,0.0,0.0
9,25,5.933496304905046,4.331103344711624,1.0,0.0,0.0,1.0,1.0,0.0
10,25,2.21928596847312,9.16941731013808,1.0,1.0,1.0,0.0,1.0,1.0
11,25,2.5241050120181496,8.22040200022647,1.0,0.0,1.0,1.0,0.0,0.0
12,25,3.714879075084197,3.984997972804965,0.0,0.0,0.0,0.0,1.0,1.0
13,25,3.2008355586412613,0.9103678683238952,1.0,0.0,0.0,0.0,0.0,1.0
14,25,4.577616776112773,0.0,1.0,0.0,0.0,0.0,0.0,0.0
15,25,0.0,9.923657219052876,1.0,0.0,0.0,1.0,1.0,0.0
16,25,7.08900368899548,11.932186315407224,0.0,1.0,1.0,1.0,1.0,1.0
17,25,12.0,7.271163101524019,0.0,1.0,1.0,0.0,0.0,0.0
18,25,7.829751814892767,6.038481458994689,1.0,1.0,0.0,1.0,0.0,0.0
19,25,4.097775658937684,9.062029318645497,0.0,1.0,0.0,0.0,0.0,0.0
20,25,0.0768857478912193,6.956885019732144,0.0,0.0,0.0,0.0,1.0,1.0
21,25,12.0,10.174021068195298,0.0,1.0,1.0,1.0,1.0,0.0
22,25,6.005260119548698,6.198310752867958,1.0,0.0,0.0,0.0,1.0,0.0
23,25,3.8334735191900497,8.18749118648946,0.0,0.0,0.0,0.0,1.0,1.0
24,25,0.0609446170862868,10.286885297750525,0.0,1.0,0.0,0.0,0.0,0.0
25,25,3.8694671074334055,0.8773590554010064,0.0,0.0,0.0,0.0,1.0,0.0
26,25,3.8173279306668046,9.314437398917216,0.0,0.0,1.0,0.0,1.0,0.0
27,25,5.755206083103689,11.501726643550166,0.0,0.0,0.0,1.0,0.0,1.0
28,25,9.059302556234968,10.919046421022529,1.0,0.0,0.0,0.0,0.0,0.0
29,25,4.797288697536033,9.086675848971904,0.0,1.0,0.0,0.0,0.0,0.0
0,30,4.299905622351877,3.84845487880738,0.0,1.0,1.0,0.0,0.0,0.0
1,30,10.204981347044471,5.953394806147152,0.0,0.0,1.0,0.0,0.0,0.0
2,30,5.894795586732609,6.6173150163616885,0.0,1.0,0.0,0.0,0.0,0.0
3,30,0.0,7.847026023573563,0.0,1.0,1.0,1.0,1.0,0.0
4,30,5.081906874110712,12.0,0.0,0.0,0.0,0.0,1.0,0.0
5,30,1.2170639360197042,5.862279217500574,0.0,0.0,0.0,1.0,1.0,1.0
6,30,5.980405034297873,5.010863270534362,0.0,0.0,0.0,0.0,1.0,0.0
7,30,0.0,8.377248576529045,1.0,0.0,0.0,1.0,0.0,0.0
8,30,6.067287666639538,4.819763028701568,0.0,0.0,1.0,1.0,0.0,0.0
9,30,5.927773731196725,4.3663777116794575,1.0,0.0,0.0,1.0,1.0,0.0
10,30,2.2458572288540646,9.190796150528127,1.0,1.0,1.0,0.0,1.0,1.0
11,30,2.415243587478597,8.271974870195278,1.0,0.0,1.0,1.0,0.0,0.0
12,30,3.713814584644032,4.006477954434361,0.0,0.0,0.0,0.0,1.0,1.0
13,30,3.277463381621605,0.877104975858172,1.0,0.0,0.0,0.0,0.0,1.0
14,30,4.459725070550015,0.0,1.0,0.0,0.0,0.0,0.0,0.0
15,30,0.0,9.903244305956065,1.0,0.0,0.0,1.0,1.0,0.0
16,30,7.083621155126948,11.936252616777162,0.0,1.0,1.0,1.0,1.0,1.0
17,30,12.0,7.316010674556726,0.0,1.0,1.0,0.0,0.0,0.0
18,30,7.797763336091994,6.044537184705986,1.0,1.0,0.0,1.0,0.0,0.0
19,30,4.095117307656515,9.060444417700571,0.0,1.0,0.0,0.0,0.0,0.0
20,30,0.0675632926967067,6.962582553033828,0.0,0.0,0.0,0.0,1.0,1.0
21,30,11.988116659446955,10.16399760154878,0.0,1.0,1.0,1.0,1.0,0.0
22,30,6.005197608215632,6.196544830660981,1.0,0.0,0.0,0.0,1.0,0.0
23,30,3.800547223981313,8.223690892811216,0.0,0.0,0.0,0.0,1.0,1.0
24,30,0.0722841245616957,10.332300569591892,0.0,1.0,0.0,0.0,0.0,0.0
25,30,3.831779357950765,0.837220168914084,0.0,0.0,0.0,0.0,1.0,0.0
26,30,3.79587279521237,9.353011821099512,0.0,0.0,1.0,0.0,1.0,0.0
27,30,5.71194289521042,11.59136584855808,0.0,0.0,0.0,1.0,0.0,1.0
28,30,9.059505563987576,10.918768742320395,1.0,0.0,0.0,0.0,0.0,0.0
29,30,4.777258497340429,9.095285317298348,0.0,1.0,0.0,0.0,0.0,0.0
0,35,4.381189694835986,3.805967971192165,0.0,1.0,1.0,0.0,0.0,0.0
1,35,10.227504309017752,5.949141471000154,0.0,0.0,1.0,0.0,0.0,0.0
2,35,5.886526376993553,6.5775754117332825,0.0,1.0,0.0,0.0,0.0,0.0
3,35,0.0,7.836150822243832,0.0,1.0,1.0,1.0,1.0,0.0
4,35,5.089727955273382,12.0,0.0,0.0,0.0,0.0,1.0,0.0
5,35,1.2437409209213663,5.847615395173219,0.0,0.0,0.0,1.0,1.0,1.0
6,35,5.965405009009353,5.018483728994631,0.0,0.0,0.0,0.0,1.0,0.0
7,35,0.0,8.441879014097223,1.0,0.0,0.0,1.0,0.0,0.0
8,35,6.06733932799014,4.819616116962213,0.0,0.0,1.0,1.0,0.0,0.0
9,35,5.922946848479698,4.393031720045401,1.0,0.0,0.0,1.0,1.0,0.0
10,35,2.278255270461065,9.216442040873272,1.0,1.0,1.0,0.0,1.0,1.0
11,35,2.294406961230651,8.3296371401201,1.0,0.0,1.0,1.0,0.0,0.0
12,35,3.7133984878523134,4.020894613189617,0.0,0.0,0.0,0.0,1.0,1.0
13,35,3.363360697816171,0.8391300095005285,1.0,0.0,0.0,0.0,0.0,1.0
14,35,4.340344650959978,0.0,1.0,0.0,0.0,0.0,0.0,0.0
15,35,0.0,9.879690392753012,1.0,0.0,0.0,1.0,1.0,0.0
16,35,7.063600336796491,11.950498897700864,0.0,1.0,1.0,1.0,1.0,1.0
17,35,12.0,7.373587102519121,0.0,1.0,1.0,0.0,0.0,0.0
18,35,7.747358842362202,6.0536940212488455,1.0,1.0,0.0,1.0,0.0,0.0
19,35,4.064976322861692,9.04174545918398,0.0,1.0,0.0,0.0,0.0,0.0
20,35,0.0555813958176104,6.969848152006714,0.0,0.0,0.0,0.0,1.0,1.0
21,35,11.984047625734794,10.16038908421562,0.0,1.0,1.0,1.0,1.0,0.0
22,35,6.004944130653056,6.187588660757355,1.0,0.0,0.0,0.0,1.0,0.0
23,35,3.7753426972976745,8.252317043278774,0.0,0.0,0.0,0.0,1.0,1.0
24,35,0.0791129275606599,10.36365394887916,0.0,1.0,0.0,0.0,0.0,0.0
25,35,3.792985608088752,0.7952311915455046,0.0,0.0,0.0,0.0,1.0,0.0
26,35,3.7775090197152896,9.384139270453336,0.0,0.0,1.0,0.0,1.0,0.0
27,35,5.66787578477313,11.681481544081976,0.0,0.0,0.0,1.0,0.0,1.0
28,35,9.051771856667273,10.928768678129366,1.0,0.0,0.0,0.0,0.0,0.0
29,35,4.765769896696687,9.10013878848532,0.0,1.0,0.0,0.0,0.0,0.0
0,40,4.457879897493556,3.765450946935628,0.0,1.0,1.0,0.0,0.0,0.0
1,40,10.246163462307692,5.946202906136433,0.0,0.0,1.0,0.0,0.0,0.0
2,40,5.875995986441905,6.525350890728657,0.0,1.0,0.0,0.0,0.0,0.0
3,40,0.0,7.814623965652302,0.0,1.0,1.0,1.0,1.0,0.0
4,40,5.100257375449019,12.0,0.0,0.0,0.0,0.0,1.0,0.0
5,40,1.282117151910999,5.826494544083573,0.0,0.0,0.0,1.0,1.0,1.0
6,40,5.940026813948841,5.0308913761904295,0.0,0.0,0.0,0.0,1.0,0.0
7,40,0.0,8.49923051120674,1.0,0.0,0.0,1.0,0.0,0.0
8,40,6.074959859645376,4.79976406819012,0.0,0.0,1.0,1.0,0.0,0.0
9,40,5.920240747319413,4.406363849232414,1.0,0.0,0.0,1.0,1.0,0.0
10,40,2.326406063175566,9.254891561045824,1.0,1.0,1.0,0.0,1.0,1.0
11,40,2.163607461239252,8.393565303073476,1.0,0.0,1.0,1.0,0.0,0.0
12,40,3.713047004760911,4.030767231672058,0.0,0.0,0.0,0.0,1.0,1.0
13,40,3.459375694370878,0.7989966237685304,1.0,0.0,0.0,0.0,0.0,1.0
14,40,4.202997671855558,0.0,1.0,0.0,0.0,0.0,0.0,0.0
15,40,0.0,9.848879337807482,1.0,0.0,0.0,1.0,1.0,0.0
16,40,7.0384017824901095,11.967515384174432,0.0,1.0,1.0,1.0,1.0,1.0
17,40,12.0,7.410542145712453,0.0,1.0,1.0,0.0,0.0,0.0
18,40,7.697789894951106,6.063771032778496,1.0,1.0,0.0,1.0,0.0,0.0
19,40,4.021406472191496,9.01395275842206,0.0,1.0,0.0,0.0,0.0,0.0
20,40,0.053895236959631,6.970924598457042,0.0,0.0,0.0,0.0,1.0,1.0
21,40,11.9958120759832,10.17131654108518,0.0,1.0,1.0,1.0,1.0,0.0
22,40,6.005001658926012,6.17469998624335,1.0,0.0,0.0,0.0,1.0,0.0
23,40,3.782292002943888,8.244835467655623,0.0,0.0,0.0,0.0,1.0,1.0
24,40,0.0830412638343502,10.380953270226248,0.0,1.0,0.0,0.0,0.0,0.0
25,40,3.7769281024460857,0.778396931439078,0.0,0.0,0.0,0.0,1.0,0.0
26,40,3.753951666940459,9.42433958020474,0.0,0.0,1.0,0.0,1.0,0.0
27,40,5.622368729871987,11.770266978770554,0.0,0.0,0.0,1.0,0.0,1.0
28,40,9.040129622382263,10.943456465101098,1.0,0.0,0.0,0.0,0.0,0.0
29,40,4.757992519732058,9.103421706198777,0.0,1.0,0.0,0.0,0.0,0.0
0,45,4.510296662696836,3.738490813322069,0.0,1.0,1.0,0.0,0.0,0.0
1,45,10.259516182270056,5.944227897141075,0.0,0.0,1.0,0.0,0.0,0.0
2,45,5.86948962598927,6.4936610994455695,0.0,1.0,0.0,0.0,0.0,0.0
3,45,0.0,7.784804468632369,0.0,1.0,1.0,1.0,1.0,0.0
4,45,5.109619699625195,12.0,0.0,0.0,0.0,0.0,1.0,0.0
5,45,1.3264829853100453,5.801929763213912,0.0,0.0,0.0,1.0,1.0,1.0
6,45,5.936007376030657,5.032986975184467,0.0,0.0,0.0,0.0,1.0,0.0
7,45,0.0,8.530456544616865,1.0,0.0,0.0,1.0,0.0,0.0
8,45,6.074970901868386,4.799734585098543,0.0,0.0,1.0,1.0,0.0,0.0
9,45,5.916253469432012,4.425521906589583,1.0,0.0,0.0,1.0,1.0,0.0
10,45,2.362320812321068,9.282467291135251,1.0,1.0,1.0,0.0,1.0,1.0
11,45,2.0290357883439576,8.460568793046365,1.0,0.0,1.0,1.0,0.0,0.0
12,45,3.713520355574872,4.0226126966441145,0.0,0.0,0.0,0.0,1.0,1.0
13,45,3.5534809276001464,0.757562780032655,1.0,0.0,0.0,0.0,0.0,1.0
14,45,4.065656940770442,0.0,1.0,0.0,0.0,0.0,0.0,0.0
15,45,0.0,9.820995058179085,1.0,0.0,0.0,1.0,1.0,0.0
16,45,7.008075088026127,11.98730651100313,0.0,1.0,1.0,1.0,1.0,1.0
17,45,12.0,7.454548701902989,0.0,1.0,1.0,0.0,0.0,0.0
18,45,7.653383412019236,6.073626845384556,1.0,1.0,0.0,1.0,0.0,0.0
19,45,3.977439837607184,8.985112079329198,0.0,1.0,0.0,0.0,0.0,0.0
20,45,0.051479944346437,6.972433598381144,0.0,0.0,0.0,0.0,1.0,1.0
21,45,12.0,10.191856288124717,0.0,1.0,1.0,1.0,1.0,0.0
22,45,6.005015342581163,6.1738343771239625,1.0,0.0,0.0,0.0,1.0,0.0
23,45,3.78273404345391,8.244354903788906,0.0,0.0,0.0,0.0,1.0,1.0
24,45,0.0898229943937516,10.41601525927993,0.0,1.0,0.0,0.0,0.0,0.0
25,45,3.7542245100638807,0.7561115780730344,0.0,0.0,0.0,0.0,1.0,0.0
26,45,3.71886073586985,9.48419952826032,0.0,0.0,1.0,0.0,1.0,0.0
27,45,5.578430491892179,11.859644603304858,0.0,0.0,0.0,1.0,0.0,1.0
28,45,9.035187447589704,10.949710105805416,1.0,0.0,0.0,0.0,0.0,0.0
29,45,4.733317120286912,9.114047605758026,0.0,1.0,0.0,0.0,0.0,0.0
0,50,4.585559681606502,3.698758278297568,0.0,1.0,1.0,0.0,0.0,0.0
1,50,10.280182189873244,5.941002261794961,0.0,0.0,1.0,0.0,0.0,0.0
2,50,5.8667621997910855,6.481487138275908,0.0,1.0,0.0,0.0,0.0,0.0
3,50,0.0,7.760679699344123,0.0,1.0,1.0,1.0,1.0,0.0
4,50,5.115772307888431,12.0,0.0,0.0,0.0,0.0,1.0,0.0
5,50,1.3498101242509284,5.789553282475143,0.0,0.0,0.0,1.0,1.0,1.0
6,50,5.954484553947903,5.0233155456542615,0.0,0.0,0.0,0.0,1.0,0.0
7,50,0.0,8.576657142717332,1.0,0.0,0.0,1.0,0.0,0.0
8,50,6.072139813526069,4.807040589958303,0.0,0.0,1.0,1.0,0.0,0.0
9,50,5.918886423466978,4.412623440761882,1.0,0.0,0.0,1.0,1.0,0.0
10,50,2.3914803906356124,9.30367022990849,1.0,1.0,1.0,0.0,1.0,1.0
11,50,1.9004513384165107,8.521656059062261,1.0,0.0,1.0,1.0,0.0,0.0
12,50,3.713541219204778,4.022146937797328,0.0,0.0,0.0,0.0,1.0,1.0
13,50,3.591049911477528,0.8425224883480646,1.0,0.0,0.0,0.0,0.0,1.0
14,50,3.941690751685428,0.0,1.0,0.0,0.0,0.0,0.0,0.0
15,50,0.0,9.791081689107967,1.0,0.0,0.0,1.0,1.0,0.0
16,50,6.98820488801302,12.0,0.0,1.0,1.0,1.0,1.0,1.0
17,50,12.0,7.48360278824519,0.0,1.0,1.0,0.0,0.0,0.0
18,50,7.589055664652815,6.087887462985879,1.0,1.0,0.0,1.0,0.0,0.0
19,50,3.928289443861324,8.952345306934332,0.0,1.0,0.0,0.0,0.0,0.0
20,50,0.0384670485600813,6.980319298047226,0.0,0.0,0.0,0.0,1.0,1.0
21,50,12.0,10.218836103773642,0.0,1.0,1.0,1.0,1.0,0.0
22,50,6.005017238259315,6.176717998063301,1.0,0.0,0.0,0.0,1.0,0.0
23,50,3.80501579654257,8.21932721961132,0.0,0.0,0.0,0.0,1.0,1.0
24,50,0.0965530700562673,10.450036826028478,0.0,1.0,0.0,0.0,0.0,0.0
25,50,3.727556006546921,0.730148462027431,0.0,0.0,0.0,0.0,1.0,0.0
26,50,3.682923655328742,9.54436333734397,0.0,0.0,1.0,0.0,1.0,0.0
27,50,5.540858593167485,11.938844563645103,0.0,0.0,0.0,1.0,0.0,1.0
28,50,9.037178474805394,10.947177749562725,1.0,0.0,0.0,0.0,0.0,0.0
29,50,4.701450088740803,9.127828432232338,0.0,1.0,0.0,0.0,0.0,0.0
0,55,4.6765117154094,3.649741498467349,0.0,1.0,1.0,0.0,0.0,0.0
1,55,10.32006164694642,5.936642574188898,0.0,0.0,1.0,0.0,0.0,0.0
2,55,5.863080334919936,6.463905254451475,0.0,1.0,0.0,0.0,0.0,0.0
3,55,0.0,7.741365608658044,0.0,1.0,1.0,1.0,1.0,0.0
4,55,5.1189100112678,12.0,0.0,0.0,0.0,0.0,1.0,0.0
5,55,1.3848422717559896,5.7717535513608,0.0,0.0,0.0,1.0,1.0,1.0
6,55,5.964436455994437,5.017967782133312,0.0,0.0,0.0,0.0,1.0,0.0
7,55,0.0,8.526075570101687,1.0,0.0,0.0,1.0,0.0,0.0
8,55,6.075971110031607,4.797920302257813,0.0,0.0,1.0,1.0,0.0,0.0
9,55,5.921227903573777,4.401351898730622,1.0,0.0,0.0,1.0,1.0,0.0
10,55,2.415605002227479,9.320646618234203,1.0,1.0,1.0,0.0,1.0,1.0
11,55,1.7795724805430233,8.575748346875146,1.0,0.0,1.0,1.0,0.0,0.0
12,55,3.715068099088111,3.990052095104564,0.0,0.0,0.0,0.0,1.0,1.0
13,55,3.6277638558892287,0.9243162224703152,1.0,0.0,0.0,0.0,0.0,1.0
14,55,3.82725886763628,0.0,1.0,0.0,0.0,0.0,0.0,0.0
15,55,0.0,9.76070859646976,1.0,0.0,0.0,1.0,1.0,0.0
16,55,6.949635189266056,12.0,0.0,1.0,1.0,1.0,1.0,1.0
17,55,12.0,7.528983690151801,0.0,1.0,1.0,0.0,0.0,0.0
18,55,7.52592537024668,6.101542579268181,1.0,1.0,0.0,1.0,0.0,0.0
19,55,3.8796897320031736,8.918178187268113,0.0,1.0,0.0,0.0,0.0,0.0
20,55,0.0087043702206823,6.998326805872363,0.0,0.0,0.0,0.0,1.0,1.0
21,55,12.0,10.254337593272176,0.0,1.0,1.0,1.0,1.0,0.0
22,55,6.004989109896719,6.163654243660601,1.0,0.0,0.0,0.0,1.0,0.0
23,55,3.8302516396080426,8.19082081817721,0.0,0.0,0.0,0.0,1.0,1.0
24,55,0.1009969485818879,10.472589477502304,0.0,1.0,0.0,0.0,0.0,0.0
25,55,3.6822560882958,0.6865316822896153,0.0,0.0,0.0,0.0,1.0,0.0
26,55,3.6555699806265824,9.59107432604918,0.0,0.0,1.0,0.0,1.0,0.0
27,55,5.491462189765423,12.0,0.0,0.0,0.0,1.0,0.0,1.0
28,55,9.045975413846485,10.936687526967544,1.0,0.0,0.0,0.0,0.0,0.0
29,55,4.681276778625207,9.136732792515437,0.0,1.0,0.0,0.0,0.0,0.0
0,60,4.772565833910528,3.6004350909693343,0.0,1.0,1.0,0.0,0.0,0.0
1,60,10.349564803384036,5.933212092415751,0.0,0.0,1.0,0.0,0.0,0.0
2,60,5.854995784891282,6.427597511227638,0.0,1.0,0.0,0.0,0.0,0.0
3,60,0.0,7.71924379368689,0.0,1.0,1.0,1.0,1.0,0.0
4,60,5.124155955342214,12.0,0.0,0.0,0.0,0.0,1.0,0.0
5,60,1.4041445139197255,5.762253305106019,0.0,0.0,0.0,1.0,1.0,1.0
6,60,5.965729017691916,5.017245293948524,0.0,0.0,0.0,0.0,1.0,0.0
7,60,0.0,8.47382302601494,1.0,0.0,0.0,1.0,0.0,0.0
8,60,6.086711537496322,4.773796128284306,0.0,0.0,1.0,1.0,0.0,0.0
9,60,5.9237173712170685,4.390957975316784,1.0,0.0,0.0,1.0,1.0,0.0
10,60,2.430495869843805,9.331389144833643,1.0,1.0,1.0,0.0,1.0,1.0
11,60,1.6165141344225764,8.645507352977889,1.0,0.0,1.0,1.0,0.0,0.0
12,60,3.7172336142053584,3.944326061110016,0.0,0.0,0.0,0.0,1.0,1.0
13,60,3.666525797266358,1.0113867801607366,1.0,0.0,0.0,0.0,0.0,1.0
14,60,3.71788192808706,0.0,1.0,0.0,0.0,0.0,0.0,0.0
15,60,0.0,9.738463780760677,1.0,0.0,0.0,1.0,1.0,0.0
16,60,6.895110554973928,12.0,0.0,1.0,1.0,1.0,1.0,1.0
17,60,12.0,7.565105219930096,0.0,1.0,1.0,0.0,0.0,0.0
18,60,7.456671235966921,6.117730201545894,1.0,1.0,0.0,1.0,0.0,0.0
19,60,3.833870911079399,8.885859811489615,0.0,1.0,0.0,0.0,0.0,0.0
20,60,0.0,7.025577122824807,0.0,0.0,0.0,0.0,1.0,1.0
21,60,12.0,10.299683435620024,0.0,1.0,1.0,1.0,1.0,0.0
22,60,6.004983795640999,6.161877944200148,1.0,0.0,0.0,0.0,1.0,0.0
23,60,3.863847048500764,8.15230713220683,0.0,0.0,0.0,0.0,1.0,1.0
24,60,0.1058628534314718,10.49810990011573,0.0,1.0,0.0,0.0,0.0,0.0
25,60,3.64843505798158,0.6512292226521861,0.0,0.0,0.0,0.0,1.0,0.0
26,60,3.618710045527745,9.657926881492914,0.0,0.0,1.0,0.0,1.0,0.0
27,60,5.442228184216715,12.0,0.0,0.0,0.0,1.0,0.0,1.0
28,60,9.042012460939176,10.941380381325986,1.0,0.0,0.0,0.0,0.0,0.0
29,60,4.642574641184092,9.15369765996514,0.0,1.0,0.0,0.0,0.0,0.0
0,65,4.850609046397558,3.5620961264145383,0.0,1.0,1.0,0.0,0.0,0.0
1,65,10.372312069247243,5.930147585996778,0.0,0.0,1.0,0.0,0.0,0.0
2,65,5.845450733816821,6.386261889009252,0.0,1.0,0.0,0.0,0.0,0.0
3,65,0.0,7.713329839241244,0.0,1.0,1.0,1.0,1.0,0.0
4,65,5.132443619242373,12.0,0.0,0.0,0.0,0.0,1.0,0.0
5,65,1.422578452325136,5.752827157138413,0.0,0.0,0.0,1.0,1.0,1.0
6,65,5.95233229201159,5.024599397411474,0.0,0.0,0.0,0.0,1.0,0.0
7,65,0.0,8.426142771296188,1.0,0.0,0.0,1.0,0.0,0.0
8,65,6.090607845998469,4.764739500067327,0.0,0.0,1.0,1.0,0.0,0.0
9,65,5.926781699061789,4.37773844390964,1.0,0.0,0.0,1.0,1.0,0.0
10,65,2.431759517803205,9.332349227733628,1.0,1.0,1.0,0.0,1.0,1.0
11,65,1.4764915336765738,8.709290124196253,1.0,0.0,1.0,1.0,0.0,0.0
12,65,3.7191458049647568,3.902626658703293,0.0,0.0,0.0,0.0,1.0,1.0
13,65,3.7035715971535104,1.095957065890665,1.0,0.0,0.0,0.0,0.0,1.0
14,65,3.6164937279614495,0.0,1.0,0.0,0.0,0.0,0.0,0.0
15,65,0.0,9.72345643112928,1.0,0.0,0.0,1.0,1.0,0.0
16,65,6.857296838467206,12.0,0.0,1.0,1.0,1.0,1.0,1.0
17,65,12.0,7.596586001787194,0.0,1.0,1.0,0.0,0.0,0.0
18,65,7.4050022813786835,6.128684346550627,1.0,1.0,0.0,1.0,0.0,0.0
19,65,3.76599929278582,8.839301839804675,0.0,1.0,0.0,0.0,0.0,0.0
20,65,0.0,7.042527811272524,0.0,0.0,0.0,0.0,1.0,1.0
21,65,11.963186307254988,10.339469488038327,0.0,1.0,1.0,1.0,1.0,0.0
22,65,6.004955627606233,6.14455297528754,1.0,0.0,0.0,0.0,1.0,0.0
23,65,3.895358526654417,8.114915766909068,0.0,0.0,0.0,0.0,1.0,1.0
24,65,0.1088722992079047,10.515264838151488,0.0,1.0,0.0,0.0,0.0,0.0
25,65,3.597659060025676,0.5977810081884156,0.0,0.0,0.0,0.0,1.0,0.0
26,65,3.5934832559193177,9.70426933703687,0.0,0.0,1.0,0.0,1.0,0.0
27,65,5.401084177331044,12.0,0.0,0.0,0.0,1.0,0.0,1.0
28,65,9.050606892383,10.931363650619106,1.0,0.0,0.0,0.0,0.0,0.0
29,65,4.586583722085136,9.17766506907764,0.0,1.0,0.0,0.0,0.0,0.0
0,70,4.92365628318689,3.5265738705080776,0.0,1.0,1.0,0.0,0.0,0.0
1,70,10.376527884561796,5.963024511112383,0.0,0.0,1.0,0.0,0.0,0.0
2,70,5.836737077731693,6.3534626410896005,0.0,1.0,0.0,0.0,0.0,0.0
3,70,0.000497632486805,7.713908355139505,0.0,1.0,1.0,1.0,1.0,0.0
4,70,5.1421939326306285,12.0,0.0,0.0,0.0,0.0,1.0,0.0
5,70,1.44938919727934,5.739235434171302,0.0,0.0,0.0,1.0,1.0,1.0
6,70,5.939529228217283,5.031622967051723,0.0,0.0,0.0,0.0,1.0,0.0
7,70,0.0,8.376557210857897,1.0,0.0,0.0,1.0,0.0,0.0
8,70,6.09856094693704,4.7464900022513,0.0,0.0,1.0,1.0,0.0,0.0
9,70,5.932522876946522,4.357084775131458,1.0,0.0,0.0,1.0,1.0,0.0
10,70,2.4279402542056268,9.329430623737297,1.0,1.0,1.0,0.0,1.0,1.0
11,70,1.3216437649175148,8.781285828697417,1.0,0.0,1.0,1.0,0.0,0.0
12,70,3.722668306246828,3.8500811660872567,0.0,0.0,0.0,0.0,1.0,1.0
13,70,3.748618363381398,1.1896333749360486,1.0,0.0,0.0,0.0,0.0,1.0
14,70,3.509157591642324,0.0,1.0,0.0,0.0,0.0,0.0,0.0
15,70,0.0,9.694776382301823,1.0,0.0,0.0,1.0,1.0,0.0
16,70,6.82308114347578,12.0,0.0,1.0,1.0,1.0,1.0,1.0
17,70,12.0,7.623270320425674,0.0,1.0,1.0,0.0,0.0,0.0
18,70,7.358446326359062,6.138053877239981,1.0,1.0,0.0,1.0,0.0,0.0
19,70,3.706711849424457,8.796535074993292,0.0,1.0,0.0,0.0,0.0,0.0
20,70,0.0,7.05920722791108,0.0,0.0,0.0,0.0,1.0,1.0
21,70,11.92715702202542,10.377281697040884,0.0,1.0,1.0,1.0,1.0,0.0
22,70,6.005024360195038,6.130806186455719,1.0,0.0,0.0,0.0,1.0,0.0
23,70,3.9323361025668704,8.072209403824907,0.0,0.0,0.0,0.0,1.0,1.0
24,70,0.1149860950043588,10.556098001224038,0.0,1.0,0.0,0.0,0.0,0.0
25,70,3.5444984539119817,0.5411021044592846,0.0,0.0,0.0,0.0,1.0,0.0
26,70,3.569625812991473,9.749323161234289,0.0,0.0,1.0,0.0,1.0,0.0
27,70,5.36228775341716,12.0,0.0,0.0,0.0,1.0,0.0,1.0
28,70,9.072869482531718,10.906118219172107,1.0,0.0,0.0,0.0,0.0,0.0
29,70,4.516036865009851,9.20835429042766,0.0,1.0,0.0,0.0,0.0,0.0
0,75,4.989347955261881,3.4962626208264616,0.0,1.0,1.0,0.0,0.0,0.0
1,75,10.381339032202415,6.005796159488344,0.0,0.0,1.0,0.0,0.0,0.0
2,75,5.793775671983171,6.365085521040598,0.0,1.0,0.0,0.0,0.0,0.0
3,75,0.0,7.709506645131227,0.0,1.0,1.0,1.0,1.0,0.0
4,75,5.148951540390407,12.0,0.0,0.0,0.0,0.0,1.0,0.0
5,75,1.468947667438725,5.7292691609325965,0.0,0.0,0.0,1.0,1.0,1.0
6,75,5.935697472393832,5.033750578374768,0.0,0.0,0.0,0.0,1.0,0.0
7,75,0.0,8.32106450742995,1.0,0.0,0.0,1.0,0.0,0.0
8,75,6.121957441852311,4.696746608164329,0.0,0.0,1.0,1.0,0.0,0.0
9,75,5.941264941000416,4.327277528003188,1.0,0.0,0.0,1.0,1.0,0.0
10,75,2.428475584151632,9.329833889723302,1.0,1.0,1.0,0.0,1.0,1.0
11,75,1.174732134677476,8.846525131196001,1.0,0.0,1.0,1.0,0.0,0.0
12,75,3.7252082254989713,3.8093329688622775,0.0,0.0,0.0,0.0,1.0,1.0
13,75,3.7849913133351865,1.2701559920827343,1.0,0.0,0.0,0.0,0.0,1.0
14,75,3.394271915219836,0.0,1.0,0.0,0.0,0.0,0.0,0.0
15,75,0.0,9.669772451596224,1.0,0.0,0.0,1.0,1.0,0.0
16,75,6.770998860829551,12.0,0.0,1.0,1.0,1.0,1.0,1.0
17,75,12.0,7.648357893135828,0.0,1.0,1.0,0.0,0.0,0.0
18,75,7.341640104605793,6.141454890486352,1.0,1.0,0.0,1.0,0.0,0.0
19,75,3.6484320307642353,8.754601552664946,0.0,1.0,0.0,0.0,0.0,0.0
20,75,0.0,7.064417731351115,0.0,0.0,0.0,0.0,1.0,1.0
21,75,11.892175890866111,10.413549061252269,0.0,1.0,1.0,1.0,1.0,0.0
22,75,6.004884038011993,6.141659517965938,1.0,0.0,0.0,0.0,1.0,0.0
23,75,3.986705575268664,8.006898033439414,0.0,0.0,0.0,0.0,1.0,1.0
24,75,0.1219431063380868,10.598861945984744,0.0,1.0,0.0,0.0,0.0,0.0
25,75,3.496376558285151,0.4888469394236971,0.0,0.0,0.0,0.0,1.0,0.0
26,75,3.5422916230271846,9.801097178277184,0.0,0.0,1.0,0.0,1.0,0.0
27,75,5.319855518218922,12.0,0.0,0.0,0.0,1.0,0.0,1.0
28,75,9.093320107658036,10.88288221842373,1.0,0.0,0.0,0.0,0.0,0.0
29,75,4.468649022212285,9.227454579204853,0.0,1.0,0.0,0.0,0.0,0.0
0,80,5.072987485217645,3.455582768324315,0.0,1.0,1.0,0.0,0.0,0.0
1,80,10.386688344466304,6.046193234302634,0.0,0.0,1.0,0.0,0.0,0.0
2,80,5.749252441232923,6.378467099879816,0.0,1.0,0.0,0.0,0.0,0.0
3,80,0.0086285449864321,7.719805317226743,0.0,1.0,1.0,1.0,1.0,0.0
4,80,5.151544415922457,12.0,0.0,0.0,0.0,0.0,1.0,0.0
5,80,1.4826266885441215,5.72222300067834,0.0,0.0,0.0,1.0,1.0,1.0
6,80,5.953698408292576,5.024138790308255,0.0,0.0,0.0,0.0,1.0,0.0
7,80,0.0,8.268333682816115,1.0,0.0,0.0,1.0,0.0,0.0
8,80,6.143143487184873,4.647552642001482,0.0,0.0,1.0,1.0,0.0,0.0
9,80,5.960157846543694,4.262070317446003,1.0,0.0,0.0,1.0,1.0,0.0
10,80,2.420759886231316,9.323739892436146,1.0,1.0,1.0,0.0,1.0,1.0
11,80,1.019690182539041,8.917644786312591,1.0,0.0,1.0,1.0,0.0,0.0
12,80,3.7275198496299113,3.765602909373285,0.0,0.0,0.0,0.0,1.0,1.0
13,80,3.815808359081801,1.3388443402610823,1.0,0.0,0.0,0.0,0.0,1.0
14,80,3.2823541860973267,0.0,1.0,0.0,0.0,0.0,0.0,0.0
15,80,0.0,9.639944309563678,1.0,0.0,0.0,1.0,1.0,0.0
16,80,6.724315873709108,12.0,0.0,1.0,1.0,1.0,1.0,1.0
17,80,12.0,7.669161476180332,0.0,1.0,1.0,0.0,0.0,0.0
18,80,7.338466173365218,6.142054276485364,1.0,1.0,0.0,1.0,0.0,0.0
19,80,3.5780616787991386,8.702281551280148,0.0,1.0,0.0,0.0,0.0,0.0
20,80,0.0004719314290178,7.064117593060402,0.0,0.0,0.0,0.0,1.0,1.0
21,80,11.858512758192104,10.44800662433304,0.0,1.0,1.0,1.0,1.0,0.0
22,80,6.00481302576606,6.1515632004936265,1.0,0.0,0.0,0.0,1.0,0.0
23,80,4.050546841646303,7.9334684210982545,0.0,0.0,0.0,0.0,1.0,1.0
24,80,0.127718941183343,10.63576158169042,0.0,1.0,0.0,0.0,0.0,0.0
25,80,3.4381456531465147,0.4278923589449511,0.0,0.0,0.0,0.0,1.0,0.0
26,80,3.514343922043853,9.85432610113674,0.0,0.0,1.0,0.0,1.0,0.0
27,80,5.28405241626414,12.0,0.0,0.0,0.0,1.0,0.0,1.0
28,80,9.102843786596472,10.87170187603692,1.0,0.0,0.0,0.0,0.0,0.0
29,80,4.451997314624266,9.234283407424837,0.0,1.0,0.0,0.0,0.0,0.0
0,85,5.147888637141773,3.419270685246463,0.0,1.0,1.0,0.0,0.0,0.0
1,85,10.39121438237492,6.086401490789939,0.0,0.0,1.0,0.0,0.0,0.0
2,85,5.694331383221789,6.395063732843966,0.0,1.0,0.0,0.0,0.0,0.0
3,85,0.0085070562186042,7.719663623227277,0.0,1.0,1.0,1.0,1.0,0.0
4,85,5.15317649172062,12.0,0.0,0.0,0.0,0.0,1.0,0.0
5,85,1.4880797155347198,5.719469684110445,0.0,0.0,0.0,1.0,1.0,1.0
6,85,5.98026423312725,5.010286945138076,0.0,0.0,0.0,0.0,1.0,0.0
7,85,0.0,8.214378340847173,1.0,0.0,0.0,1.0,0.0,0.0
8,85,6.168162033067685,4.58599973186429,0.0,0.0,1.0,1.0,0.0,0.0
9,85,5.978785787705755,4.199906554332152,1.0,0.0,0.0,1.0,1.0,0.0
10,85,2.411212245293555,9.316018346528269,1.0,1.0,1.0,0.0,1.0,1.0
11,85,0.9021551438113232,8.9696606324992,1.0,0.0,1.0,1.0,0.0,0.0
12,85,3.72900976374336,3.736880418417712,0.0,0.0,0.0,0.0,1.0,1.0
13,85,3.8398592344729594,1.395651037164034,1.0,0.0,0.0,0.0,0.0,1.0
14,85,3.1768193272429213,0.0,1.0,0.0,0.0,0.0,0.0,0.0
15,85,0.0,9.620071692358907,1.0,0.0,0.0,1.0,1.0,0.0
16,85,6.680683230184088,12.0,0.0,1.0,1.0,1.0,1.0,1.0
17,85,12.0,7.678981481966464,0.0,1.0,1.0,0.0,0.0,0.0
18,85,7.322131084494127,6.145433617678523,1.0,1.0,0.0,1.0,0.0,0.0
19,85,3.501728752629721,8.64546067867818,0.0,1.0,0.0,0.0,0.0,0.0
20,85,0.0166938840120135,7.05370632286478,0.0,0.0,0.0,0.0,1.0,1.0
21,85,11.822169859416723,10.487723930641591,0.0,1.0,1.0,1.0,1.0,0.0
22,85,6.004741766555025,6.170831031618908,1.0,0.0,0.0,0.0,1.0,0.0
23,85,4.118298367805086,7.8574390131064895,0.0,0.0,0.0,0.0,1.0,1.0
24,85,0.1343636432206566,10.680509718269004,0.0,1.0,0.0,0.0,0.0,0.0
25,85,3.372738929689449,0.362072711866072,0.0,0.0,0.0,0.0,1.0,0.0
26,85,3.49854743548716,9.882698153067295,0.0,0.0,1.0,0.0,1.0,0.0
27,85,5.247223963953428,12.0,0.0,0.0,0.0,1.0,0.0,1.0
28,85,9.102160681498823,10.872489793265087,1.0,0.0,0.0,0.0,0.0,0.0
29,85,4.447392789777165,9.236159224960549,0.0,1.0,0.0,0.0,0.0,0.0
0,90,5.239792692108551,3.3778174654620647,0.0,1.0,1.0,0.0,0.0,0.0
1,90,10.398996586877216,6.1487932644025545,0.0,0.0,1.0,0.0,0.0,0.0
2,90,5.640693916922034,6.412657127666405,0.0,1.0,0.0,0.0,0.0,0.0
3,90,0.0026537114516264,7.712729009243588,0.0,1.0,1.0,1.0,1.0,0.0
4,90,5.162492736794694,12.0,0.0,0.0,0.0,0.0,1.0,0.0
5,90,1.480706592329788,5.723877467940318,0.0,0.0,0.0,1.0,1.0,1.0
6,90,6.004736709584147,4.998026064122459,0.0,0.0,0.0,0.0,1.0,0.0
7,90,0.0,8.162797318967462,1.0,0.0,0.0,1.0,0.0,0.0
8,90,6.192451917576648,4.530307813149155,0.0,0.0,1.0,1.0,0.0,0.0
9,90,5.999229359818546,4.135209576939825,1.0,0.0,0.0,1.0,1.0,0.0
10,90,2.384316309573339,9.29377404718792,1.0,1.0,1.0,0.0,1.0,1.0
11,90,0.7793801051819422,9.024077291003728,1.0,0.0,1.0,1.0,0.0,0.0
12,90,3.73123508841604,3.702916133922479,0.0,0.0,0.0,0.0,1.0,1.0
13,90,3.8625929787107554,1.4509365366866298,1.0,0.0,0.0,0.0,0.0,1.0
14,90,3.0677057743018192,0.0,1.0,0.0,0.0,0.0,0.0,0.0
15,90,0.0,9.668535319942844,1.0,0.0,0.0,1.0,1.0,0.0
16,90,6.629299779750522,12.0,0.0,1.0,1.0,1.0,1.0,1.0
17,90,12.0,7.686272505168712,0.0,1.0,1.0,0.0,0.0,0.0
18,90,7.2915901009119,6.150656706131341,1.0,1.0,0.0,1.0,0.0,0.0
19,90,3.438973441638688,8.600469475448575,0.0,1.0,0.0,0.0,0.0,0.0
20,90,0.0340434510820855,7.042767968770965,0.0,0.0,0.0,0.0,1.0,1.0
21,90,11.79480394960044,10.51761134307676,0.0,1.0,1.0,1.0,1.0,0.0
22,90,6.004396746333961,6.186103783342656,1.0,0.0,0.0,0.0,1.0,0.0
23,90,4.175612832039644,7.78870262432836,0.0,0.0,0.0,0.0,1.0,1.0
24,90,0.1413909338161287,10.72246050351875,0.0,1.0,0.0,0.0,0.0,0.0
25,90,3.3065480383710777,0.2989412964970374,0.0,0.0,0.0,0.0,1.0,0.0
26,90,3.4820195713143014,9.91119744539006,0.0,0.0,1.0,0.0,1.0,0.0
27,90,5.209401874423323,12.0,0.0,0.0,0.0,1.0,0.0,1.0
28,90,9.087100886310376,10.889266767398686,1.0,0.0,0.0,0.0,0.0,0.0
29,90,4.430391312026536,9.24336020797817,0.0,1.0,0.0,0.0,0.0,0.0
0,95,5.336906188473785,3.3361901093185278,0.0,1.0,1.0,0.0,0.0,0.0
1,95,10.409079410123592,6.226086294429999,0.0,0.0,1.0,0.0,0.0,0.0
2,95,5.574167751642292,6.434345294184205,0.0,1.0,0.0,0.0,0.0,0.0
3,95,0.0049391309786124,7.715374827506904,0.0,1.0,1.0,1.0,1.0,0.0
4,95,5.170525930785213,12.0,0.0,0.0,0.0,0.0,1.0,0.0
5,95,1.474320259027021,5.72776464650964,0.0,0.0,0.0,1.0,1.0,1.0
6,95,6.023373336200298,4.988294222780168,0.0,0.0,0.0,0.0,1.0,0.0
7,95,0.0,8.120174046910691,1.0,0.0,0.0,1.0,0.0,0.0
8,95,6.208637275019861,4.490568148112515,0.0,0.0,1.0,1.0,0.0,0.0
9,95,6.021238467126183,4.060921466812432,1.0,0.0,0.0,1.0,1.0,0.0
10,95,2.3459814083858896,9.262735055124171,1.0,1.0,1.0,0.0,1.0,1.0
11,95,0.6496620478664642,9.082958468622683,1.0,0.0,1.0,1.0,0.0,0.0
12,95,3.7334973199613937,3.674966187274464,0.0,0.0,0.0,0.0,1.0,1.0
13,95,3.881353114170879,1.4981901123953956,1.0,0.0,0.0,0.0,0.0,1.0
14,95,2.940024096230783,0.0,1.0,0.0,0.0,0.0,0.0,0.0
15,95,0.0,9.701457205463836,1.0,0.0,0.0,1.0,1.0,0.0
16,95,6.580064199884023,12.0,0.0,1.0,1.0,1.0,1.0,1.0
17,95,12.0,7.697648237502318,0.0,1.0,1.0,0.0,0.0,0.0
18,95,7.274150259988917,6.154082519128131,1.0,1.0,0.0,1.0,0.0,0.0
19,95,3.3684407712678945,8.55096628617946,0.0,1.0,0.0,0.0,0.0,0.0
20,95,0.0476067492035332,7.033985291858969,0.0,0.0,0.0,0.0,1.0,1.0
21,95,11.77802038250095,10.535431350108544,0.0,1.0,1.0,1.0,1.0,0.0
22,95,6.004107904764019,6.20265135295026,1.0,0.0,0.0,0.0,1.0,0.0
23,95,4.218371587696987,7.741870494339394,0.0,0.0,0.0,0.0,1.0,1.0
24,95,0.1466106748731663,10.752192927005916,0.0,1.0,0.0,0.0,0.0,0.0
25,95,3.2485727135183886,0.2427916256423471,0.0,0.0,0.0,0.0,1.0,0.0
26,95,3.4717317519968884,9.929424547924675,0.0,0.0,1.0,0.0,1.0,0.0
27,95,5.172082791500367,12.0,0.0,0.0,0.0,1.0,0.0,1.0
28,95,9.079970571929634,10.897310727603925,1.0,0.0,0.0,0.0,0.0,0.0
29,95,4.408984408763997,9.25160535264619,0.0,1.0,0.0,0.0,0.0,0.0
0,100,5.43029431694191,3.2945211398539187,0.0,1.0,1.0,0.0,0.0,0.0
1,100,10.419146956623166,6.3045904998544495,0.0,0.0,1.0,0.0,0.0,0.0
2,100,5.495827794799091,6.460397752625867,0.0,1.0,0.0,0.0,0.0,0.0
3,100,0.0,7.700216643034102,0.0,1.0,1.0,1.0,1.0,0.0
4,100,5.17353062028859,12.0,0.0,0.0,0.0,0.0,1.0,0.0
5,100,1.4686347193421696,5.731295187236143,0.0,0.0,0.0,1.0,1.0,1.0
6,100,6.046462191818249,4.976762741855605,0.0,0.0,0.0,0.0,1.0,0.0
7,100,0.0,8.073207873249672,1.0,0.0,0.0,1.0,0.0,0.0
8,100,6.21769161817065,4.468961819153068,0.0,0.0,1.0,1.0,0.0,0.0
9,100,6.043516822833612,3.980929177856635,1.0,0.0,0.0,1.0,1.0,0.0
10,100,2.286344221776984,9.215043281857302,1.0,1.0,1.0,0.0,1.0,1.0
11,100,0.542873785333028,9.132196437116937,1.0,0.0,1.0,1.0,0.0,0.0
12,100,3.7366194428951904,3.634977233454243,0.0,0.0,0.0,0.0,1.0,1.0
13,100,3.900762852987232,1.5484191381318928,1.0,0.0,0.0,0.0,0.0,1.0
14,100,2.7986489855815027,0.0,1.0,0.0,0.0,0.0,0.0,0.0
15,100,0.0,9.716118282421316,1.0,0.0,0.0,1.0,1.0,0.0
16,100,6.521702245370953,12.0,0.0,1.0,1.0,1.0,1.0,1.0
17,100,12.0,7.714796337800812,0.0,1.0,1.0,0.0,0.0,0.0
18,100,7.260176249638836,6.157285347524101,1.0,1.0,0.0,1.0,0.0,0.0
19,100,3.278571259401555,8.48552478594646,0.0,1.0,0.0,0.0,0.0,0.0
20,100,0.0583823553340245,7.026910013155666,0.0,0.0,0.0,0.0,1.0,1.0
21,100,11.751617248739608,10.56370105844194,0.0,1.0,1.0,1.0,1.0,0.0
22,100,6.003592148194869,6.214411648334247,1.0,0.0,0.0,0.0,1.0,0.0
23,100,4.263608138611382,7.692762583384361,0.0,0.0,0.0,0.0,1.0,1.0
24,100,0.1485280589520157,10.763652860826545,0.0,1.0,0.0,0.0,0.0,0.0
25,100,3.195713641850812,0.1925750722467381,0.0,0.0,0.0,0.0,1.0,0.0
26,100,3.4585618220268723,9.951918402741985,0.0,0.0,1.0,0.0,1.0,0.0
27,100,5.128303552860761,12.0,0.0,0.0,0.0,1.0,0.0,1.0
28,100,9.069257233635383,10.90928393768141,1.0,0.0,0.0,0.0,0.0,0.0
29,100,4.391153754182327,9.258476087935913,0.0,1.0,0.0,0.0,0.0,0.0
0,105,5.526316944716119,3.253966474148671,0.0,1.0,1.0,0.0,0.0,0.0
1,105,10.42790269472858,6.371834922588526,0.0,0.0,1.0,0.0,0.0,0.0
2,105,5.41574537407508,6.48705128423207,0.0,1.0,0.0,0.0,0.0,0.0
3,105,0.0,7.69086483668324,0.0,1.0,1.0,1.0,1.0,0.0
4,105,5.18333495400698,12.0,0.0,0.0,0.0,0.0,1.0,0.0
5,105,1.4631873858216218,5.734787269819873,0.0,0.0,0.0,1.0,1.0,1.0
6,105,6.069352062457164,4.96525265164128,0.0,0.0,0.0,0.0,1.0,0.0
7,105,0.0,8.028024769892541,1.0,0.0,0.0,1.0,0.0,0.0
8,105,6.221942312565024,4.459439579217418,0.0,0.0,1.0,1.0,0.0,0.0
9,105,6.067923280794163,3.8965722496848447,1.0,0.0,0.0,1.0,1.0,0.0
10,105,2.226288923872045,9.166696712906626,1.0,1.0,1.0,0.0,1.0,1.0
11,105,0.4329499433290371,9.181506469636942,1.0,0.0,1.0,1.0,0.0,0.0
12,105,3.7384431647566783,3.6092013336428863,0.0,0.0,0.0,0.0,1.0,1.0
13,105,3.922850951630615,1.6030851982318033,1.0,0.0,0.0,0.0,0.0,1.0
14,105,2.657742784369887,0.0,1.0,0.0,0.0,0.0,0.0,0.0
15,105,0.0017640956764662,9.716839711055798,1.0,0.0,0.0,1.0,1.0,0.0
16,105,6.447629346282397,12.0,0.0,1.0,1.0,1.0,1.0,1.0
17,105,12.0,7.736929488714295,0.0,1.0,1.0,0.0,0.0,0.0
18,105,7.279015341908074,6.152764295156865,1.0,1.0,0.0,1.0,0.0,0.0
19,105,3.197234492592041,8.427854976430774,0.0,1.0,0.0,0.0,0.0,0.0
20,105,0.0568767856595925,7.027900736107026,0.0,0.0,0.0,0.0,1.0,1.0
21,105,11.73656835837508,10.58015224796981,0.0,1.0,1.0,1.0,1.0,0.0
22,105,6.002810657275824,6.233668624223704,1.0,0.0,0.0,0.0,1.0,0.0
23,105,4.30369531881486,7.649355770676985,0.0,0.0,0.0,0.0,1.0,1.0
24,105,0.1451685733144051,10.73940593650779,0.0,1.0,0.0,0.0,0.0,0.0
25,105,3.151420213118733,0.1509906529989076,0.0,0.0,0.0,0.0,1.0,0.0
26,105,3.4508553419738286,9.965643445111215,0.0,0.0,1.0,0.0,1.0,0.0
27,105,5.083282007077571,12.0,0.0,0.0,0.0,1.0,0.0,1.0
28,105,9.053936052879928,10.92672698551076,1.0,0.0,0.0,0.0,0.0,0.0
29,105,4.398348907966876,9.25556696689591,0.0,1.0,0.0,0.0,0.0,0.0
0,110,5.63150599252893,3.2095637950961997,0.0,1.0,1.0,0.0,0.0,0.0
1,110,10.431929946530808,6.408763067215949,0.0,0.0,1.0,0.0,0.0,0.0
2,110,5.333125285095605,6.516400511498154,0.0,1.0,0.0,0.0,0.0,0.0
3,110,0.012440821999962,7.67999509222844,0.0,1.0,1.0,1.0,1.0,0.0
4,110,5.191230200490593,12.0,0.0,0.0,0.0,0.0,1.0,0.0
5,110,1.4580695750631574,5.738011972186422,0.0,0.0,0.0,1.0,1.0,1.0
6,110,6.0636611357284975,4.968138189762786,0.0,0.0,0.0,0.0,1.0,0.0
7,110,0.0,7.988586275876868,1.0,0.0,0.0,1.0,0.0,0.0
8,110,6.227534666319766,4.4469067790924335,0.0,0.0,1.0,1.0,0.0,0.0
9,110,6.093106396491447,3.816760215376344,1.0,0.0,0.0,1.0,1.0,0.0
10,110,2.162537002463828,9.113201424640325,1.0,1.0,1.0,0.0,1.0,1.0
11,110,0.3296268629417622,9.228694821285506,1.0,0.0,1.0,1.0,0.0,0.0
12,110,3.739277020136624,3.598806550571245,0.0,0.0,0.0,0.0,1.0,1.0
13,110,3.947071911170305,1.6588585980441,1.0,0.0,0.0,0.0,0.0,1.0
14,110,2.528443752998983,0.0,1.0,0.0,0.0,0.0,0.0,0.0
15,110,0.0307179966888128,9.729270560478582,1.0,0.0,0.0,1.0,1.0,0.0
16,110,6.376859578518625,12.0,0.0,1.0,1.0,1.0,1.0,1.0
17,110,12.0,7.772657773974043,0.0,1.0,1.0,0.0,0.0,0.0
18,110,7.284966379724592,6.151438182303151,1.0,1.0,0.0,1.0,0.0,0.0
19,110,3.1061120297149807,8.36286623648773,0.0,1.0,0.0,0.0,0.0,0.0
20,110,0.0331206167474467,7.043404986978403,0.0,0.0,0.0,0.0,1.0,1.0
21,110,11.698933656020762,10.622583340428363,0.0,1.0,1.0,1.0,1.0,0.0
22,110,6.002420087755258,6.25022526379243,1.0,0.0,0.0,0.0,1.0,0.0
23,110,4.339272826230747,7.61023735523395,0.0,0.0,0.0,0.0,1.0,1.0
24,110,0.1425744986793956,10.721220575166392,0.0,1.0,0.0,0.0,0.0,0.0
25,110,3.114371496963573,0.1145881914274981,0.0,0.0,0.0,0.0,1.0,0.0
26,110,3.4268188500846515,10.008063337377289,0.0,0.0,1.0,0.0,1.0,0.0
27,110,5.030484139027849,12.0,0.0,0.0,0.0,1.0,0.0,1.0
28,110,9.044546861362068,10.937727348674205,1.0,0.0,0.0,0.0,0.0,0.0
29,110,4.407839684520097,9.251723582144058,0.0,1.0,0.0,0.0,0.0,0.0
0,115,5.722313216156234,3.1693993510495675,0.0,1.0,1.0,0.0,0.0,0.0
1,115,10.437638628713032,6.464250594615105,0.0,0.0,1.0,0.0,0.0,0.0
2,115,5.233183190979188,6.551053375080844,0.0,1.0,0.0,0.0,0.0,0.0
3,115,0.042406127093728,7.652667969322135,0.0,1.0,1.0,1.0,1.0,0.0
4,115,5.191163257196382,11.999839390224407,0.0,0.0,0.0,0.0,1.0,0.0
5,115,1.4555303364321153,5.73966216470984,0.0,0.0,0.0,1.0,1.0,1.0
6,115,6.073226247275977,4.9629637473700114,0.0,0.0,0.0,0.0,1.0,0.0
7,115,0.0,7.935299454483413,1.0,0.0,0.0,1.0,0.0,0.0
8,115,6.242608199672887,4.41137107519951,0.0,0.0,1.0,1.0,0.0,0.0
9,115,6.118860427287226,3.7331101744480586,1.0,0.0,0.0,1.0,1.0,0.0
10,115,2.0947373325187484,9.055812737992618,1.0,1.0,1.0,0.0,1.0,1.0
11,115,0.2215105831278607,9.27632699937782,1.0,0.0,1.0,1.0,0.0,0.0
12,115,3.7405582677440488,3.5844358522775512,0.0,0.0,0.0,0.0,1.0,1.0
13,115,3.977839373241405,1.72353051545322,1.0,0.0,0.0,0.0,0.0,1.0
14,115,2.419352971611949,0.0,1.0,0.0,0.0,0.0,0.0,0.0
15,115,0.0648627255597863,9.744224140941617,1.0,0.0,0.0,1.0,1.0,0.0
16,115,6.290637854919969,12.0,0.0,1.0,1.0,1.0,1.0,1.0
17,115,12.0,7.833087109944223,0.0,1.0,1.0,0.0,0.0,0.0
18,115,7.290125480539412,6.150182584259035,1.0,1.0,0.0,1.0,0.0,0.0
19,115,3.005297008782516,8.29041951016043,0.0,1.0,0.0,0.0,0.0,0.0
20,115,0.0028474810436053,7.062097979939486,0.0,0.0,0.0,0.0,1.0,1.0
21,115,11.65349087217265,10.672373680295289,0.0,1.0,1.0,1.0,1.0,0.0
22,115,6.002415159305856,6.272424825499758,1.0,0.0,0.0,0.0,1.0,0.0
23,115,4.369474161283027,7.578340268123664,0.0,0.0,0.0,0.0,1.0,1.0
24,115,0.1428402872045191,10.723291334601306,0.0,1.0,0.0,0.0,0.0,0.0
25,115,3.070934315754539,0.0695227486229372,0.0,0.0,0.0,0.0,1.0,0.0
26,115,3.3924180203685568,10.06555293129452,0.0,0.0,1.0,0.0,1.0,0.0
27,115,4.9743969116018105,12.0,0.0,0.0,0.0,1.0,0.0,1.0
28,115,9.016034279937488,10.97253741022407,1.0,0.0,0.0,0.0,0.0,0.0
29,115,4.425083062231945,9.245266828219265,0.0,1.0,0.0,0.0,0.0,0.0
0,120,5.830080209845952,3.121293554585951,0.0,1.0,1.0,0.0,0.0,0.0
1,120,10.441563278594185,6.5112929838788345,0.0,0.0,1.0,0.0,0.0,0.0
2,120,5.139807320626442,6.583733356634935,0.0,1.0,0.0,0.0,0.0,0.0
3,120,0.0746495888862246,7.62257758362326,0.0,1.0,1.0,1.0,1.0,0.0
4,120,5.202426979906242,11.99489267236456,0.0,0.0,0.0,0.0,1.0,0.0
5,120,1.459866630736263,5.736537406453918,0.0,0.0,0.0,1.0,1.0,1.0
6,120,6.079808267482104,4.959396812317578,0.0,0.0,0.0,0.0,1.0,0.0
7,120,0.0,7.883263405138231,1.0,0.0,0.0,1.0,0.0,0.0
8,120,6.253858229339205,4.385339613017695,0.0,0.0,1.0,1.0,0.0,0.0
9,120,6.135120609623946,3.6821035221244345,1.0,0.0,0.0,1.0,1.0,0.0
10,120,2.0134519165225444,8.992863563124079,1.0,1.0,1.0,0.0,1.0,1.0
11,120,0.1098996856055266,9.321798498624029,1.0,0.0,1.0,1.0,0.0,0.0
12,120,3.741809220677008,3.571144247222447,0.0,0.0,0.0,0.0,1.0,1.0
13,120,4.012355709471722,1.791497715112736,1.0,0.0,0.0,0.0,0.0,1.0
14,120,2.3149234369873226,0.0,1.0,0.0,0.0,0.0,0.0,0.0
15,120,0.1019389926389014,9.761465883939696,1.0,0.0,0.0,1.0,1.0,0.0
16,120,6.205068737965937,12.0,0.0,1.0,1.0,1.0,1.0,1.0
17,120,12.0,7.898714734690962,0.0,1.0,1.0,0.0,0.0,0.0
18,120,7.290306414699953,6.150144576351753,1.0,1.0,0.0,1.0,0.0,0.0
19,120,2.8922862044386988,8.212364714429293,0.0,1.0,0.0,0.0,0.0,0.0
20,120,0.0,7.068464092689606,0.0,0.0,0.0,0.0,1.0,1.0
21,120,11.61664298755602,10.71010653049471,0.0,1.0,1.0,1.0,1.0,0.0
22,120,6.002388694177842,6.287087095474071,1.0,0.0,0.0,0.0,1.0,0.0
23,120,4.384793904243198,7.561535512172124,0.0,0.0,0.0,0.0,1.0,1.0
24,120,0.1582195926152989,10.7215896896799,0.0,1.0,0.0,0.0,0.0,0.0
25,120,3.0366671643517287,0.0334494712561614,0.0,0.0,0.0,0.0,1.0,0.0
26,120,3.357975322318296,10.125873598756383,0.0,0.0,1.0,0.0,1.0,0.0
27,120,4.902571541558208,12.0,0.0,0.0,0.0,1.0,0.0,1.0
28,120,8.993509298529506,10.999503243388869,1.0,0.0,0.0,0.0,0.0,0.0
29,120,4.444127917219751,9.238729329259677,0.0,1.0,0.0,0.0,0.0,0.0
0,125,5.927862575854186,3.076937464830704,0.0,1.0,1.0,0.0,0.0,0.0
1,125,10.443491823463368,6.560692012996064,0.0,0.0,1.0,0.0,0.0,0.0
2,125,5.043596664601445,6.61790354641625,0.0,1.0,0.0,0.0,0.0,0.0
3,125,0.10417827079355,7.595793213191952,0.0,1.0,1.0,1.0,1.0,0.0
4,125,5.219707596817995,11.986718520773367,0.0,0.0,0.0,0.0,1.0,0.0
5,125,1.4628782003147078,5.734304139056693,0.0,0.0,0.0,1.0,1.0,1.0
6,125,6.085815710371063,4.9563487741407375,0.0,0.0,0.0,0.0,1.0,0.0
7,125,0.0,7.841759816248707,1.0,0.0,0.0,1.0,0.0,0.0
8,125,6.257279455215404,4.377579998710215,0.0,0.0,1.0,1.0,0.0,0.0
9,125,6.154918815608955,3.6157773319436353,1.0,0.0,0.0,1.0,1.0,0.0
10,125,1.9141629206438724,8.919938939592095,1.0,1.0,1.0,0.0,1.0,1.0
11,125,0.0,9.369044514908849,1.0,0.0,1.0,1.0,0.0,0.0
12,125,3.742380189341056,3.5645581662949777,0.0,0.0,0.0,0.0,1.0,1.0
13,125,4.0376478229926045,1.840501519207666,1.0,0.0,0.0,0.0,0.0,1.0
14,125,2.216421318932898,0.0,1.0,0.0,0.0,0.0,0.0,0.0
15,125,0.1412894992845542,9.77958067826746,1.0,0.0,0.0,1.0,1.0,0.0
16,125,6.104087832970701,12.0,0.0,1.0,1.0,1.0,1.0,1.0
17,125,12.0,7.970594820150965,0.0,1.0,1.0,0.0,0.0,0.0
18,125,7.288460255524976,6.150512942100419,1.0,1.0,0.0,1.0,0.0,0.0
19,125,2.770466794326558,8.12347312049971,0.0,1.0,0.0,0.0,0.0,0.0
20,125,0.0,7.071537560369115,0.0,0.0,0.0,0.0,1.0,1.0
21,125,11.593840491816485,10.73376460449045,0.0,1.0,1.0,1.0,1.0,0.0
22,125,6.002569143336896,6.312046839688415,1.0,0.0,0.0,0.0,1.0,0.0
23,125,4.391999089184539,7.553319134683336,0.0,0.0,0.0,0.0,1.0,1.0
24,125,0.1808369855934674,10.719255124839131,0.0,1.0,0.0,0.0,0.0,0.0
25,125,3.005771924519938,0.0,0.0,0.0,0.0,0.0,1.0,0.0
26,125,3.333287151244173,10.16759114635426,0.0,0.0,1.0,0.0,1.0,0.0
27,125,4.836607687974408,12.0,0.0,0.0,0.0,1.0,0.0,1.0
28,125,8.994998037212092,10.997692685233735,1.0,0.0,0.0,0.0,0.0,0.0
29,125,4.496213044895261,9.220870818046446,0.0,1.0,0.0,0.0,0.0,0.0
0,130,6.03528747636914,3.029328974561261,0.0,1.0,1.0,0.0,0.0,0.0
1,130,10.44364593961481,6.580414781864629,0.0,0.0,1.0,0.0,0.0,0.0
2,130,4.951795758303143,6.650610023078035,0.0,1.0,0.0,0.0,0.0,0.0
3,130,0.1387912760613439,7.565256875826274,0.0,1.0,1.0,1.0,1.0,0.0
4,130,5.230377882768824,11.981292791576282,0.0,0.0,0.0,0.0,1.0,0.0
5,130,1.4773212765038244,5.722924741731434,0.0,0.0,0.0,1.0,1.0,1.0
6,130,6.077614132966555,4.96056723520933,0.0,0.0,0.0,0.0,1.0,0.0
7,130,0.0,7.79275663852636,1.0,0.0,0.0,1.0,0.0,0.0
8,130,6.253387960959504,4.386733122779384,0.0,0.0,1.0,1.0,0.0,0.0
9,130,6.176414612539625,3.549244265416604,1.0,0.0,0.0,1.0,1.0,0.0
10,130,1.836414430362948,8.861331378174874,1.0,1.0,1.0,0.0,1.0,1.0
11,130,0.0,9.411968950162583,1.0,0.0,1.0,1.0,0.0,0.0
12,130,3.740478243673593,3.5874757874361527,0.0,0.0,0.0,0.0,1.0,1.0
13,130,4.056211903336915,1.8775609224262628,1.0,0.0,0.0,0.0,0.0,1.0
14,130,2.129841869405173,0.0,1.0,0.0,0.0,0.0,0.0,0.0
15,130,0.1677840041359463,9.792085964236495,1.0,0.0,0.0,1.0,1.0,0.0
16,130,5.981834757582544,12.0,0.0,1.0,1.0,1.0,1.0,1.0
17,130,12.0,8.037640267892495,0.0,1.0,1.0,0.0,0.0,0.0
18,130,7.283279071853923,6.151487284570743,1.0,1.0,0.0,1.0,0.0,0.0
19,130,2.639537386686724,8.034198894524199,0.0,1.0,0.0,0.0,0.0,0.0
20,130,0.0086610842635196,7.067032276492401,0.0,0.0,0.0,0.0,1.0,1.0
21,130,11.569273518992276,10.758673033330652,0.0,1.0,1.0,1.0,1.0,0.0
22,130,6.002301230124906,6.333201642768596,1.0,0.0,0.0,0.0,1.0,0.0
23,130,4.403465922955341,7.539927661888982,0.0,0.0,0.0,0.0,1.0,1.0
24,130,0.2035856165155927,10.717155752031903,0.0,1.0,0.0,0.0,0.0,0.0
25,130,2.9802689321568776,0.0,0.0,0.0,0.0,0.0,1.0,0.0
26,130,3.3027913703240905,10.22212992803762,0.0,0.0,1.0,0.0,1.0,0.0
27,130,4.775071312191579,12.0,0.0,0.0,0.0,1.0,0.0,1.0
28,130,8.996869393236048,10.995348060150883,1.0,0.0,0.0,0.0,0.0,0.0
29,130,4.5473968662455615,9.20332653241742,0.0,1.0,0.0,0.0,0.0,0.0
0,135,6.122248135049021,2.993852767803603,0.0,1.0,1.0,0.0,0.0,0.0
1,135,10.444313882394738,6.59783984849906,0.0,0.0,1.0,0.0,0.0,0.0
2,135,4.870814457618609,6.681592226678824,0.0,1.0,0.0,0.0,0.0,0.0
3,135,0.1661136193748019,7.541397598419143,0.0,1.0,1.0,1.0,1.0,0.0
4,135,5.259975388916141,11.965441043836062,0.0,0.0,0.0,0.0,1.0,0.0
5,135,1.4816981268478957,5.719446555622698,0.0,0.0,0.0,1.0,1.0,1.0
6,135,6.065749054599213,4.966660014182905,0.0,0.0,0.0,0.0,1.0,0.0
7,135,0.0,7.760619682132855,1.0,0.0,0.0,1.0,0.0,0.0
8,135,6.252062121253109,4.389950287104555,0.0,0.0,1.0,1.0,0.0,0.0
9,135,6.195607767600436,3.490692966067243,1.0,0.0,0.0,1.0,1.0,0.0
10,135,1.7577754370218697,8.800979397691313,1.0,1.0,1.0,0.0,1.0,1.0
11,135,0.0,9.455317823310056,1.0,0.0,1.0,1.0,0.0,0.0
12,135,3.7392687945598735,3.601967874611889,0.0,0.0,0.0,0.0,1.0,1.0
13,135,4.085687405677144,1.9336786080343455,1.0,0.0,0.0,0.0,0.0,1.0
14,135,2.0499408923472635,0.0,1.0,0.0,0.0,0.0,0.0,0.0
15,135,0.2034298706561151,9.80965430772248,1.0,0.0,0.0,1.0,1.0,0.0
16,135,5.842346177766785,12.0,0.0,1.0,1.0,1.0,1.0,1.0
17,135,12.0,8.11551160328175,0.0,1.0,1.0,0.0,0.0,0.0
18,135,7.278210547586401,6.152421186783243,1.0,1.0,0.0,1.0,0.0,0.0
19,135,2.512585154416985,7.9489278663096625,0.0,1.0,0.0,0.0,0.0,0.0
20,135,0.0192489519139404,7.061656925707181,0.0,0.0,0.0,0.0,1.0,1.0
21,135,11.532356904272897,10.794967141002498,0.0,1.0,1.0,1.0,1.0,0.0
22,135,6.002175320507424,6.345117616318908,1.0,0.0,0.0,0.0,1.0,0.0
23,135,4.401204891172188,7.54272900269319,0.0,0.0,0.0,0.0,1.0,1.0
24,135,0.2207282733493269,10.715747475887625,0.0,1.0,0.0,0.0,0.0,0.0
25,135,2.942115734828595,0.0,0.0,0.0,0.0,0.0,1.0,0.0
26,135,3.276350524528568,10.2703221329816,0.0,0.0,1.0,0.0,1.0,0.0
27,135,4.716087225813745,12.0,0.0,0.0,0.0,1.0,0.0,1.0
28,135,8.9933160933703,10.999558589262108,1.0,0.0,0.0,0.0,0.0,0.0
29,135,4.608277976199935,9.1821903018918,0.0,1.0,0.0,0.0,0.0,0.0
0,140,6.186449929833898,2.9674448858993503,0.0,1.0,1.0,0.0,0.0,0.0
1,140,10.446932308950116,6.638895815963509,0.0,0.0,1.0,0.0,0.0,0.0
2,140,4.775462763806074,6.717551561629259,0.0,1.0,0.0,0.0,0.0,0.0
3,140,0.2038913428495962,7.508579073857271,0.0,1.0,1.0,1.0,1.0,0.0
4,140,5.2891388889817135,11.9495911030945,0.0,0.0,0.0,0.0,1.0,0.0
5,140,1.511917692671232,5.695631780299949,0.0,0.0,0.0,1.0,1.0,1.0
6,140,6.064220862042244,4.967429654513461,0.0,0.0,0.0,0.0,1.0,0.0
7,140,0.0,7.735067455898918,1.0,0.0,0.0,1.0,0.0,0.0
8,140,6.249415156873941,4.3968058707368565,0.0,0.0,1.0,1.0,0.0,0.0
9,140,6.209130228485004,3.447604777397671,1.0,0.0,0.0,1.0,1.0,0.0
10,140,1.6731346567550696,8.73586298832116,1.0,1.0,1.0,0.0,1.0,1.0
11,140,0.0,9.50385975100336,1.0,0.0,1.0,1.0,0.0,0.0
12,140,3.73814038595454,3.616132300921891,0.0,0.0,0.0,0.0,1.0,1.0
13,140,4.116830966576653,1.9932289472915237,1.0,0.0,0.0,0.0,0.0,1.0
14,140,1.9899928663843167,0.0,1.0,0.0,0.0,0.0,0.0,0.0
15,140,0.2325077510785694,9.824335286468168,1.0,0.0,0.0,1.0,1.0,0.0
16,140,5.699712579560317,12.0,0.0,1.0,1.0,1.0,1.0,1.0
17,140,12.0,8.183579082179405,0.0,1.0,1.0,0.0,0.0,0.0
18,140,7.286032365461662,6.150823856175426,1.0,1.0,0.0,1.0,0.0,0.0
19,140,2.3831022526292944,7.861546200290076,0.0,1.0,0.0,0.0,0.0,0.0
20,140,0.0429282562579546,7.050115661908006,0.0,0.0,0.0,0.0,1.0,1.0
21,140,11.479239856798833,10.845290509204617,0.0,1.0,1.0,1.0,1.0,0.0
22,140,6.002189436143812,6.34449880004839,1.0,0.0,0.0,0.0,1.0,0.0
23,140,4.395720285595105,7.549709305451842,0.0,0.0,0.0,0.0,1.0,1.0
24,140,0.2581694308345839,10.713431815112305,0.0,1.0,0.0,0.0,0.0,0.0
25,140,2.902148415353919,0.0,0.0,0.0,0.0,0.0,1.0,0.0
26,140,3.2514307066114085,10.312664031091932,0.0,0.0,1.0,0.0,1.0,0.0
27,140,4.854315387995548,12.0,0.0,0.0,0.0,1.0,0.0,1.0
28,140,8.98856288736601,11.0052799384322,1.0,0.0,0.0,0.0,0.0,0.0
29,140,4.657453481130768,9.16499774426657,0.0,1.0,0.0,0.0,0.0,0.0
0,145,6.261260241611899,2.9370735545690514,0.0,1.0,1.0,0.0,0.0,0.0
1,145,10.448085147590628,6.674294414648676,0.0,0.0,1.0,0.0,0.0,0.0
2,145,4.674134813535556,6.755807701231407,0.0,1.0,0.0,0.0,0.0,0.0
3,145,0.2548736592788145,7.468130736769708,0.0,1.0,1.0,1.0,1.0,0.0
4,145,5.308271980904749,11.93959075278725,0.0,0.0,0.0,0.0,1.0,0.0
5,145,1.5282641516288116,5.68281717735809,0.0,0.0,0.0,1.0,1.0,1.0
6,145,6.044546202060957,4.976675959999455,0.0,0.0,0.0,0.0,1.0,0.0
7,145,0.0,7.711428721930988,1.0,0.0,0.0,1.0,0.0,0.0
8,145,6.246518477956469,4.404086065263381,0.0,0.0,1.0,1.0,0.0,0.0
9,145,6.221207185762233,3.4095484191365184,1.0,0.0,0.0,1.0,1.0,0.0
10,145,1.5643967401004106,8.657289407658514,1.0,1.0,1.0,0.0,1.0,1.0
11,145,0.0,9.554620559758485,1.0,0.0,1.0,1.0,0.0,0.0
12,145,3.7374892732480536,3.6226519407673208,0.0,0.0,0.0,0.0,1.0,1.0
13,145,4.148552861108033,2.05205934601351,1.0,0.0,0.0,0.0,0.0,1.0
14,145,1.9466417719520948,0.0,1.0,0.0,0.0,0.0,0.0,0.0
15,145,0.2678366203183406,9.8413241504171,1.0,0.0,0.0,1.0,1.0,0.0
16,145,5.553077374756953,12.0,0.0,1.0,1.0,1.0,1.0,1.0
17,145,12.0,8.246799277051748,0.0,1.0,1.0,0.0,0.0,0.0
18,145,7.299888715582006,6.14804091435686,1.0,1.0,0.0,1.0,0.0,0.0
19,145,2.273328333730225,7.789848893717507,0.0,1.0,0.0,0.0,0.0,0.0
20,145,0.0671498367459823,7.038988717222642,0.0,0.0,0.0,0.0,1.0,1.0
21,145,11.428522228396776,10.893101802280745,0.0,1.0,1.0,1.0,1.0,0.0
22,145,6.00226275099761,6.34915616822513,1.0,0.0,0.0,0.0,1.0,0.0
23,145,4.406055196490716,7.536539697843319,0.0,0.0,0.0,0.0,1.0,1.0
24,145,0.2983518910427509,10.71078217271135,0.0,1.0,0.0,0.0,0.0,0.0
25,145,2.867751778833255,0.0,0.0,0.0,0.0,0.0,1.0,0.0
26,145,3.2179212650415407,10.369552849888867,0.0,0.0,1.0,0.0,1.0,0.0
27,145,4.999137440297548,12.0,0.0,0.0,0.0,1.0,0.0,1.0
28,145,8.994417875063435,10.998416982669994,1.0,0.0,0.0,0.0,0.0,0.0
29,145,4.691585950180325,9.15277928165277,0.0,1.0,0.0,0.0,0.0,0.0
0,150,6.329654149262276,2.910660937784264,0.0,1.0,1.0,0.0,0.0,0.0
1,150,10.449770011273484,6.738200339462282,0.0,0.0,1.0,0.0,0.0,0.0
2,150,4.58486402026269,6.791892329150927,0.0,1.0,0.0,0.0,0.0,0.0
3,150,0.3018681932735695,7.430218224889562,0.0,1.0,1.0,1.0,1.0,0.0
4,150,5.343204925440843,11.921801441032132,0.0,0.0,0.0,0.0,1.0,0.0
5,150,1.548010927112553,5.667642691388182,0.0,0.0,0.0,1.0,1.0,1.0
6,150,6.027615967156567,4.9845614136236085,0.0,0.0,0.0,0.0,1.0,0.0
7,150,0.0,7.678915472822346,1.0,0.0,0.0,1.0,0.0,0.0
8,150,6.242532574697348,4.415126366709524,0.0,0.0,1.0,1.0,0.0,0.0
9,150,6.226886000499402,3.3933712252398527,1.0,0.0,0.0,1.0,1.0,0.0
10,150,1.4605738043335277,8.583754125498631,1.0,1.0,1.0,0.0,1.0,1.0
11,150,0.0,9.593185386881876,1.0,0.0,1.0,1.0,0.0,0.0
12,150,3.735738679473413,3.640915102363077,0.0,0.0,0.0,0.0,1.0,1.0
13,150,4.182137188465822,2.114943230174496,1.0,0.0,0.0,0.0,0.0,1.0
14,150,1.9019791994994384,0.0,1.0,0.0,0.0,0.0,0.0,0.0
15,150,0.299615329857729,9.857343767041623,1.0,0.0,0.0,1.0,1.0,0.0
16,150,5.403695650995738,12.0,0.0,1.0,1.0,1.0,1.0,1.0
17,150,12.0,8.31464514927363,0.0,1.0,1.0,0.0,0.0,0.0
18,150,7.280990894442882,6.151877982939878,1.0,1.0,0.0,1.0,0.0,0.0
19,150,2.2002800667677,7.737574340066903,0.0,1.0,0.0,0.0,0.0,0.0
20,150,0.0971070705070738,7.026083706272967,0.0,0.0,0.0,0.0,1.0,1.0
21,150,11.394754670533816,10.924378442368774,0.0,1.0,1.0,1.0,1.0,0.0
22,150,6.002287251160392,6.360065171609636,1.0,0.0,0.0,0.0,1.0,0.0
23,150,4.428474433176825,7.50808190515397,0.0,0.0,0.0,0.0,1.0,1.0
24,150,0.3353010102623525,10.709202972591768,0.0,1.0,0.0,0.0,0.0,0.0
25,150,2.844749293486301,0.0,0.0,0.0,0.0,0.0,1.0,0.0
26,150,3.2046257272372385,10.391706763052683,0.0,0.0,1.0,0.0,1.0,0.0
27,150,5.168832617716562,12.0,0.0,0.0,0.0,1.0,0.0,1.0
28,150,9.009589393324344,10.981114558315662,1.0,0.0,0.0,0.0,0.0,0.0
29,150,4.725266690367837,9.14148270916709,0.0,1.0,0.0,0.0,0.0,0.0
0,155,6.400746032796334,2.881354966802866,0.0,1.0,1.0,0.0,0.0,0.0
1,155,10.449800238618536,6.766384930492668,0.0,0.0,1.0,0.0,0.0,0.0
2,155,4.492411778018927,6.829346861005784,0.0,1.0,0.0,0.0,0.0,0.0
3,155,0.3464826708662354,7.395072027331782,0.0,1.0,1.0,1.0,1.0,0.0
4,155,5.370206285141927,11.908249657974665,0.0,0.0,0.0,0.0,1.0,0.0
5,155,1.5692361283150245,5.652057522615981,0.0,0.0,0.0,1.0,1.0,1.0
6,155,6.032003336020447,4.982425439248246,0.0,0.0,0.0,0.0,1.0,0.0
7,155,0.0,7.643981225201443,1.0,0.0,0.0,1.0,0.0,0.0
8,155,6.242716538153866,4.414641145963892,0.0,0.0,1.0,1.0,0.0,0.0
9,155,6.233977066468451,3.3706993362911293,1.0,0.0,0.0,1.0,1.0,0.0
10,155,1.361385282012248,8.509140986195067,1.0,1.0,1.0,0.0,1.0,1.0
11,155,0.0,9.62728240140028,1.0,0.0,1.0,1.0,0.0,0.0
12,155,3.732834026376087,3.674777582983461,0.0,0.0,0.0,0.0,1.0,1.0
13,155,4.211834629345888,2.166936249453787,1.0,0.0,0.0,0.0,0.0,1.0
14,155,1.851253556109989,0.0,1.0,0.0,0.0,0.0,0.0,0.0
15,155,0.3245087017739345,9.870310171705125,1.0,0.0,0.0,1.0,1.0,0.0
16,155,5.244293513638618,12.0,0.0,1.0,1.0,1.0,1.0,1.0
17,155,12.0,8.374144857361214,0.0,1.0,1.0,0.0,0.0,0.0
18,155,7.285987256912319,6.150861829070208,1.0,1.0,0.0,1.0,0.0,0.0
19,155,2.1137453498082133,7.67510194354053,0.0,1.0,0.0,0.0,0.0,0.0
20,155,0.1225954303461075,7.01455199488885,0.0,0.0,0.0,0.0,1.0,1.0
21,155,11.36289121756408,10.95393307613969,0.0,1.0,1.0,1.0,1.0,0.0
22,155,6.002377461431924,6.371340935142909,1.0,0.0,0.0,0.0,1.0,0.0
23,155,4.472321684878267,7.452681277227044,0.0,0.0,0.0,0.0,1.0,1.0
24,155,0.3993211040662598,10.704930590104976,0.0,1.0,0.0,0.0,0.0,0.0
25,155,2.825717904919983,0.0,0.0,0.0,0.0,0.0,1.0,0.0
26,155,3.175330857903897,10.437647014698635,0.0,0.0,1.0,0.0,1.0,0.0
27,155,5.354148920257781,12.0,0.0,0.0,0.0,1.0,0.0,1.0
28,155,9.03838937621608,10.94829973011383,1.0,0.0,0.0,0.0,0.0,0.0
29,155,4.767300345562327,9.126291417204945,0.0,1.0,0.0,0.0,0.0,0.0
0,160,6.458027611331452,2.858616846552338,0.0,1.0,1.0,0.0,0.0,0.0
1,160,10.449582231766474,6.783519958330117,0.0,0.0,1.0,0.0,0.0,0.0
2,160,4.430460629522928,6.853857989686878,0.0,1.0,0.0,0.0,0.0,0.0
3,160,0.3789566652660613,7.369678052264886,0.0,1.0,1.0,1.0,1.0,0.0
4,160,5.402468070353672,11.89131834358068,0.0,0.0,0.0,0.0,1.0,0.0
5,160,1.5929763639393435,5.634108530800161,0.0,0.0,0.0,1.0,1.0,1.0
6,160,6.012744592901639,4.991597345405168,0.0,0.0,0.0,0.0,1.0,0.0
7,160,0.0,7.606545681156195,1.0,0.0,0.0,1.0,0.0,0.0
8,160,6.242175740840256,4.416108065488062,0.0,0.0,1.0,1.0,0.0,0.0
9,160,6.237434007652387,3.359646646025341,1.0,0.0,0.0,1.0,1.0,0.0
10,160,1.2470325847117276,8.422346213056237,1.0,1.0,1.0,0.0,1.0,1.0
11,160,0.0,9.671609108834351,1.0,0.0,1.0,1.0,0.0,0.0
12,160,3.728144229021805,3.724280869007565,0.0,0.0,0.0,0.0,1.0,1.0
13,160,4.241759763257044,2.217357704675506,1.0,0.0,0.0,0.0,0.0,1.0
14,160,1.7851789801857318,0.0,1.0,0.0,0.0,0.0,0.0,0.0
15,160,0.339749647513899,9.878340363635164,1.0,0.0,0.0,1.0,1.0,0.0
16,160,5.109473680838434,12.0,0.0,1.0,1.0,1.0,1.0,1.0
17,160,12.0,8.423078724410452,0.0,1.0,1.0,0.0,0.0,0.0
18,160,7.280658523593343,6.1519950412093225,1.0,1.0,0.0,1.0,0.0,0.0
19,160,2.0391144707353583,7.619802296201453,0.0,1.0,0.0,0.0,0.0,0.0
20,160,0.1517289444512712,7.00081781298639,0.0,0.0,0.0,0.0,1.0,1.0
21,160,11.348034166347736,10.96794216807914,0.0,1.0,1.0,1.0,1.0,0.0
22,160,6.001826518663058,6.392632385955179,1.0,0.0,0.0,0.0,1.0,0.0
23,160,4.508497587916893,7.408614139140763,0.0,0.0,0.0,0.0,1.0,1.0
24,160,0.4520516862314027,10.703144378105906,0.0,1.0,0.0,0.0,0.0,0.0
25,160,2.840479899196538,0.0,0.0,0.0,0.0,0.0,1.0,0.0
26,160,3.1334553950037582,10.508258023334932,0.0,0.0,1.0,0.0,1.0,0.0
27,160,5.526421597311934,12.0,0.0,0.0,0.0,1.0,0.0,1.0
28,160,9.06059021376111,10.923780225302057,1.0,0.0,0.0,0.0,0.0,0.0
29,160,4.811737614184116,9.109934969420056,0.0,1.0,0.0,0.0,0.0,0.0
0,165,6.541429156758171,2.826670533203552,0.0,1.0,1.0,0.0,0.0,0.0
1,165,10.44914185820758,6.804371364331457,0.0,0.0,1.0,0.0,0.0,0.0
2,165,4.3706295801216335,6.876644160369806,0.0,1.0,0.0,0.0,0.0,0.0
3,165,0.4080926131188556,7.346339548448928,0.0,1.0,1.0,1.0,1.0,0.0
4,165,5.409407824345953,11.887950868137004,0.0,0.0,0.0,0.0,1.0,0.0
5,165,1.6331762057449464,5.60437292847434,0.0,0.0,0.0,1.0,1.0,1.0
6,165,5.992335761652727,5.001419619042691,0.0,0.0,0.0,0.0,1.0,0.0
7,165,0.0,7.568521020727011,1.0,0.0,0.0,1.0,0.0,0.0
8,165,6.252189896945889,4.391130385034325,0.0,0.0,1.0,1.0,0.0,0.0
9,165,6.245548116731708,3.3322013067510805,1.0,0.0,0.0,1.0,1.0,0.0
10,165,1.13911686993072,8.343362014773106,1.0,1.0,1.0,0.0,1.0,1.0
11,165,0.0,9.7266516533549,1.0,0.0,1.0,1.0,0.0,0.0
12,165,3.7252736824804553,3.7597656134407167,0.0,0.0,0.0,0.0,1.0,1.0
13,165,4.27846781476648,2.2776866090569223,1.0,0.0,0.0,0.0,0.0,1.0
14,165,1.734414159210634,0.0,1.0,0.0,0.0,0.0,0.0,0.0
15,165,0.3584739681822479,9.888008658157892,1.0,0.0,0.0,1.0,1.0,0.0
16,165,4.968932863311188,12.0,0.0,1.0,1.0,1.0,1.0,1.0
17,165,12.0,8.459466492390138,0.0,1.0,1.0,0.0,0.0,0.0
18,165,7.264957673366473,6.154940367580335,1.0,1.0,0.0,1.0,0.0,0.0
19,165,1.9593251021617253,7.556806331941388,0.0,1.0,0.0,0.0,0.0,0.0
20,165,0.184564793734791,6.983775651653735,0.0,0.0,0.0,0.0,1.0,1.0
21,165,11.321279308625918,10.994196669884516,0.0,1.0,1.0,1.0,1.0,0.0
22,165,6.00138631599404,6.434260401224259,1.0,0.0,0.0,0.0,1.0,0.0
23,165,4.539449113352286,7.369824772782937,0.0,0.0,0.0,0.0,1.0,1.0
24,165,0.5102595545147022,10.701824423920916,0.0,1.0,0.0,0.0,0.0,0.0
25,165,2.862270086971909,0.0,0.0,0.0,0.0,0.0,1.0,0.0
26,165,3.0968955151487814,10.571984986960077,0.0,0.0,1.0,0.0,1.0,0.0
27,165,5.689734322720339,12.0,0.0,0.0,0.0,1.0,0.0,1.0
28,165,9.0872049929867,10.896269324913847,1.0,0.0,0.0,0.0,0.0,0.0
29,165,4.859022633707697,9.092139423228144,0.0,1.0,0.0,0.0,0.0,0.0
0,170,6.623377147374607,2.798414468540964,0.0,1.0,1.0,0.0,0.0,0.0
1,170,10.45002608359807,6.842762530406615,0.0,0.0,1.0,0.0,0.0,0.0
2,170,4.309160330138595,6.903260302631677,0.0,1.0,0.0,0.0,0.0,0.0
3,170,0.4291279124039229,7.329503278891604,0.0,1.0,1.0,1.0,1.0,0.0
4,170,5.431219382993278,11.87704293465256,0.0,0.0,0.0,0.0,1.0,0.0
5,170,1.6771013756805988,5.574474164524608,0.0,0.0,0.0,1.0,1.0,1.0
6,170,5.966848138558015,5.013847684030912,0.0,0.0,0.0,0.0,1.0,0.0
7,170,0.0,7.526333023605213,1.0,0.0,0.0,1.0,0.0,0.0
8,170,6.253463306602367,4.3878067485998615,0.0,0.0,1.0,1.0,0.0,0.0
9,170,6.249228384677447,3.3190585436546587,1.0,0.0,0.0,1.0,1.0,0.0
10,170,1.033468385287315,8.271604741779335,1.0,1.0,1.0,0.0,1.0,1.0
11,170,0.0,9.77932514859414,1.0,0.0,1.0,1.0,0.0,0.0
12,170,3.7232566731821737,3.7927857065447257,0.0,0.0,0.0,0.0,1.0,1.0
13,170,4.323425115778576,2.3517851236758704,1.0,0.0,0.0,0.0,0.0,1.0
14,170,1.652434515452592,0.0,1.0,0.0,0.0,0.0,0.0,0.0
15,170,0.3705178705575928,9.893761788616864,1.0,0.0,0.0,1.0,1.0,0.0
16,170,4.823151455914632,12.0,0.0,1.0,1.0,1.0,1.0,1.0
17,170,12.0,8.496725799615014,0.0,1.0,1.0,0.0,0.0,0.0
18,170,7.25857034721064,6.156096284344812,1.0,1.0,0.0,1.0,0.0,0.0
19,170,1.8710179391614377,7.489503356132444,0.0,1.0,0.0,0.0,0.0,0.0
20,170,0.2304999422743125,6.958286315232593,0.0,0.0,0.0,0.0,1.0,1.0
21,170,11.27741632155001,11.03759179056001,0.0,1.0,1.0,1.0,1.0,0.0
22,170,5.999362714820871,6.49727647818091,1.0,0.0,0.0,0.0,1.0,0.0
23,170,4.572011326808663,7.327924385574036,0.0,0.0,0.0,0.0,1.0,1.0
24,170,0.5748678279178221,10.69948957000731,0.0,1.0,0.0,0.0,0.0,0.0
25,170,2.870375885155154,0.0,0.0,0.0,0.0,0.0,1.0,0.0
26,170,3.048463527229143,10.656068134430557,0.0,0.0,1.0,0.0,1.0,0.0
27,170,5.86217173658932,12.0,0.0,0.0,0.0,1.0,0.0,1.0
28,170,9.10522871803871,10.877457411065834,1.0,0.0,0.0,0.0,0.0,0.0
29,170,4.901259563892579,9.077930955957642,0.0,1.0,0.0,0.0,0.0,0.0
0,175,6.703735873056633,2.7684349822922214,0.0,1.0,1.0,0.0,0.0,0.0
1,175,10.449931929278982,6.86264158687302,0.0,0.0,1.0,0.0,0.0,0.0
2,175,4.263177193818957,6.923148589446398,0.0,1.0,0.0,0.0,0.0,0.0
3,175,0.4567728677853427,7.306871961810259,0.0,1.0,1.0,1.0,1.0,0.0
4,175,5.437187123212294,11.874025347371516,0.0,0.0,0.0,0.0,1.0,0.0
5,175,1.7182809193257622,5.545374264828717,0.0,0.0,0.0,1.0,1.0,1.0
6,175,5.950653883818817,5.02143328366196,0.0,0.0,0.0,0.0,1.0,0.0
7,175,0.0,7.495571345722509,1.0,0.0,0.0,1.0,0.0,0.0
8,175,6.248818108011915,4.399824449943945,0.0,0.0,1.0,1.0,0.0,0.0
9,175,6.254772742321863,3.298119423462977,1.0,0.0,0.0,1.0,1.0,0.0
10,175,0.9479079236814122,8.213566042827747,1.0,1.0,1.0,0.0,1.0,1.0
11,175,0.0,9.830015011951666,1.0,0.0,1.0,1.0,0.0,0.0
12,175,3.7218986010887374,3.813424972502234,0.0,0.0,0.0,0.0,1.0,1.0
13,175,4.373856260932177,2.435887147010189,1.0,0.0,0.0,0.0,0.0,1.0
14,175,1.571067685004027,0.0,1.0,0.0,0.0,0.0,0.0,0.0
15,175,0.3771831631364645,9.897040682076236,1.0,0.0,0.0,1.0,1.0,0.0
16,175,4.708343191772938,12.0,0.0,1.0,1.0,1.0,1.0,1.0
17,175,12.0,8.51441494724311,0.0,1.0,1.0,0.0,0.0,0.0
18,175,7.250113188117525,6.157503478633203,1.0,1.0,0.0,1.0,0.0,0.0
19,175,1.7723964668073298,7.414251353729685,0.0,1.0,0.0,0.0,0.0,0.0
20,175,0.2829500493393279,6.931592584204903,0.0,0.0,0.0,0.0,1.0,1.0
21,175,11.228124298962715,11.087946847545547,0.0,1.0,1.0,1.0,1.0,0.0
22,175,5.9968177317311735,6.5816238781262575,1.0,0.0,0.0,0.0,1.0,0.0
23,175,4.596536115291729,7.295336907075256,0.0,0.0,0.0,0.0,1.0,1.0
24,175,0.6427866316191629,10.69814597592458,0.0,1.0,0.0,0.0,0.0,0.0
25,175,2.8810805322377453,0.0,0.0,0.0,0.0,0.0,1.0,0.0
26,175,3.002148160836319,10.735392426235226,0.0,0.0,1.0,0.0,1.0,0.0
27,175,5.92638485006727,11.837653518101371,0.0,0.0,0.0,1.0,0.0,1.0
28,175,9.134412516355596,10.846051503338526,1.0,0.0,0.0,0.0,0.0,0.0
29,175,4.9337136371451935,9.067721145856655,0.0,1.0,0.0,0.0,0.0,0.0
0,180,6.786298843829602,2.7346639100101355,0.0,1.0,1.0,0.0,0.0,0.0
1,180,10.450043099928209,6.87435677380996,0.0,0.0,1.0,0.0,0.0,0.0
2,180,4.245166553100396,6.8830709659393445,0.0,1.0,0.0,0.0,0.0,0.0
3,180,0.4964005413061305,7.275326128464743,0.0,1.0,1.0,1.0,1.0,0.0
4,180,5.448940095950534,11.868289670712176,0.0,0.0,0.0,0.0,1.0,0.0
5,180,1.7341803497663275,5.534311105235573,0.0,0.0,0.0,1.0,1.0,1.0
6,180,5.921554905109041,5.036308278138168,0.0,0.0,0.0,0.0,1.0,0.0
7,180,0.0,7.466863717062942,1.0,0.0,0.0,1.0,0.0,0.0
8,180,6.238759873208949,4.423474775424367,0.0,0.0,1.0,1.0,0.0,0.0
9,180,6.261901986680805,3.273958113071421,1.0,0.0,0.0,1.0,1.0,0.0
10,180,0.8565353355688724,8.149764209231362,1.0,1.0,1.0,0.0,1.0,1.0
11,180,0.0,9.878831769436095,1.0,0.0,1.0,1.0,0.0,0.0
12,180,3.7205971362822754,3.8361325405171223,0.0,0.0,0.0,0.0,1.0,1.0
13,180,4.4241220912855885,2.52044212223565,1.0,0.0,0.0,0.0,0.0,1.0
14,180,1.5183802131363175,0.0,1.0,0.0,0.0,0.0,0.0,0.0
15,180,0.3849172584259402,9.90103009308136,1.0,0.0,0.0,1.0,1.0,0.0
16,180,4.593398849214489,12.0,0.0,1.0,1.0,1.0,1.0,1.0
17,180,12.0,8.538725113348335,0.0,1.0,1.0,0.0,0.0,0.0
18,180,7.252716508305438,6.157124365064023,1.0,1.0,0.0,1.0,0.0,0.0
19,180,1.687959295513535,7.348557721732895,0.0,1.0,0.0,0.0,0.0,0.0
20,180,0.3454568698052915,6.899737589892838,0.0,0.0,0.0,0.0,1.0,1.0
21,180,11.172932257310354,11.144826711034469,0.0,1.0,1.0,1.0,1.0,0.0
22,180,5.994627782452134,6.6525354780653085,1.0,0.0,0.0,0.0,1.0,0.0
23,180,4.622093767903724,7.261317971539339,0.0,0.0,0.0,0.0,1.0,1.0
24,180,0.7022688844946992,10.696235435761633,0.0,1.0,0.0,0.0,0.0,0.0
25,180,2.862169447595776,0.0,0.0,0.0,0.0,0.0,1.0,0.0
26,180,2.955570661830349,10.812872652834931,0.0,0.0,1.0,0.0,1.0,0.0
27,180,5.987428106814616,11.686148596605708,0.0,0.0,0.0,1.0,0.0,1.0
28,180,9.168196971092536,10.812761660100692,1.0,0.0,0.0,0.0,0.0,0.0
29,180,4.958479226621606,9.05938188273328,0.0,1.0,0.0,0.0,0.0,0.0
0,185,6.876713922245408,2.697859943829475,0.0,1.0,1.0,0.0,0.0,0.0
1,185,10.450216838734397,6.888289045160551,0.0,0.0,1.0,0.0,0.0,0.0
2,185,4.225318263352532,6.836096415027235,0.0,1.0,0.0,0.0,0.0,0.0
3,185,0.5368320418784038,7.242380122168298,0.0,1.0,1.0,1.0,1.0,0.0
4,185,5.481820663424954,11.852130193701669,0.0,0.0,0.0,0.0,1.0,0.0
5,185,1.7623386684303124,5.514807005170002,0.0,0.0,0.0,1.0,1.0,1.0
6,185,5.902396032972629,5.046420326994003,0.0,0.0,0.0,0.0,1.0,0.0
7,185,0.0,7.442428842652419,1.0,0.0,0.0,1.0,0.0,0.0
8,185,6.2265395506126495,4.452381090361424,0.0,0.0,1.0,1.0,0.0,0.0
9,185,6.266479611813844,3.257182586505088,1.0,0.0,0.0,1.0,1.0,0.0
10,185,0.7608538200170178,8.08376292949282,1.0,1.0,1.0,0.0,1.0,1.0
11,185,0.0,9.926763318967584,1.0,0.0,1.0,1.0,0.0,0.0
12,185,3.71942224576023,3.8532935472334553,0.0,0.0,0.0,0.0,1.0,1.0
13,185,4.481199571188638,2.614232245112046,1.0,0.0,0.0,0.0,0.0,1.0
14,185,1.4759553816457125,0.0,1.0,0.0,0.0,0.0,0.0,0.0
15,185,0.3917536767948838,9.904668015953742,1.0,0.0,0.0,1.0,1.0,0.0
16,185,4.494312782271937,12.0,0.0,1.0,1.0,1.0,1.0,1.0
17,185,12.0,8.56719680245496,0.0,1.0,1.0,0.0,0.0,0.0
18,185,7.257975262243093,6.156361043457235,1.0,1.0,0.0,1.0,0.0,0.0
19,185,1.6048617800665868,7.284622063149965,0.0,1.0,0.0,0.0,0.0,0.0
20,185,0.4137215595636317,6.8622079708005135,0.0,0.0,0.0,0.0,1.0,1.0
21,185,11.113606618823212,11.205774117129655,0.0,1.0,1.0,1.0,1.0,0.0
22,185,5.992449364733211,6.727872477000473,1.0,0.0,0.0,0.0,1.0,0.0
23,185,4.636462592073287,7.242250919936745,0.0,0.0,0.0,0.0,1.0,1.0
24,185,0.7687209075702344,10.69429381155832,0.0,1.0,0.0,0.0,0.0,0.0
25,185,2.865761730858294,0.0026693493650423,0.0,0.0,0.0,0.0,1.0,0.0
26,185,2.9103056950118624,10.886264380532662,0.0,0.0,1.0,0.0,1.0,0.0
27,185,6.038859822708356,11.562668269701607,0.0,0.0,0.0,1.0,0.0,1.0
28,185,9.191885202742569,10.78897156690994,1.0,0.0,0.0,0.0,0.0,0.0
29,185,5.004125944505446,9.04431700576028,0.0,1.0,0.0,0.0,0.0,0.0
0,190,6.959205499313234,2.6624398677853334,0.0,1.0,1.0,0.0,0.0,0.0
1,190,10.450485300269053,6.900172551159973,0.0,0.0,1.0,0.0,0.0,0.0
2,190,4.204025611491399,6.784562592358772,0.0,1.0,0.0,0.0,0.0,0.0
3,190,0.5576110700173729,7.225585224405919,0.0,1.0,1.0,1.0,1.0,0.0
4,190,5.531298040024788,11.829378435674098,0.0,0.0,0.0,0.0,1.0,0.0
5,190,1.7956235895394006,5.491828117494346,0.0,0.0,0.0,1.0,1.0,1.0
6,190,5.87507337141987,5.059368359430883,0.0,0.0,0.0,0.0,1.0,0.0
7,190,0.0,7.420793074765423,1.0,0.0,0.0,1.0,0.0,0.0
8,190,6.222064256868601,4.46266385647079,0.0,0.0,1.0,1.0,0.0,0.0
9,190,6.268270001529014,3.24986063323248,1.0,0.0,0.0,1.0,1.0,0.0
10,190,0.6926377930421058,8.03511447519275,1.0,1.0,1.0,0.0,1.0,1.0
11,190,0.0,9.965112369930742,1.0,0.0,1.0,1.0,0.0,0.0
12,190,3.719238063665794,3.855775335371874,0.0,0.0,0.0,0.0,1.0,1.0
13,190,4.526845332786015,2.6918320112741743,1.0,0.0,0.0,0.0,0.0,1.0
14,190,1.4354865130815972,0.0,1.0,0.0,0.0,0.0,0.0,0.0
15,190,0.4019748689372815,9.910331498129084,1.0,0.0,0.0,1.0,1.0,0.0
16,190,4.401960663789715,12.0,0.0,1.0,1.0,1.0,1.0,1.0
17,190,12.0,8.591551067309108,0.0,1.0,1.0,0.0,0.0,0.0
18,190,7.263359810450687,6.155587559246066,1.0,1.0,0.0,1.0,0.0,0.0
19,190,1.519146567945303,7.217178499314902,0.0,1.0,0.0,0.0,0.0,0.0
20,190,0.4812807874513207,6.82644969724918,0.0,0.0,0.0,0.0,1.0,1.0
21,190,11.031845188305187,11.287551304630393,0.0,1.0,1.0,1.0,1.0,0.0
22,190,5.9881847732898335,6.79803558995975,1.0,0.0,0.0,0.0,1.0,0.0
23,190,4.657386881159292,7.214365445479895,0.0,0.0,0.0,0.0,1.0,1.0
24,190,0.8171369449602225,10.692981669700004,0.0,1.0,0.0,0.0,0.0,0.0
25,190,2.8795050068602883,0.0126664773019934,0.0,0.0,0.0,0.0,1.0,0.0
26,190,2.875611575924675,10.940055641133908,0.0,0.0,1.0,0.0,1.0,0.0
27,190,6.090444380486835,11.446839722196138,0.0,0.0,0.0,1.0,0.0,1.0
28,190,9.2197033661808,10.762181423174052,1.0,0.0,0.0,0.0,0.0,0.0
29,190,5.025926015849759,9.037083683610216,0.0,1.0,0.0,0.0,0.0,0.0
0,195,7.032826769270439,2.630130376206812,0.0,1.0,1.0,0.0,0.0,0.0
1,195,10.450682044739644,6.909563147447911,0.0,0.0,1.0,0.0,0.0,0.0
2,195,4.188143053381397,6.745759052610734,0.0,1.0,0.0,0.0,0.0,0.0
3,195,0.5759219110642326,7.210999902172346,0.0,1.0,1.0,1.0,1.0,0.0
4,195,5.576630213580776,11.808554365040878,0.0,0.0,0.0,0.0,1.0,0.0
5,195,1.8442462326499955,5.456856327832505,0.0,0.0,0.0,1.0,1.0,1.0
6,195,5.868664549610095,5.062503131210112,0.0,0.0,0.0,0.0,1.0,0.0
7,195,0.0,7.409162861768733,1.0,0.0,0.0,1.0,0.0,0.0
8,195,6.2276720181917975,4.450455860274079,0.0,0.0,1.0,1.0,0.0,0.0
9,195,6.273160013539681,3.2290595941260967,1.0,0.0,0.0,1.0,1.0,0.0
10,195,0.6217925527634153,7.985403894120468,1.0,1.0,1.0,0.0,1.0,1.0
11,195,0.0,10.003706095455149,1.0,0.0,1.0,1.0,0.0,0.0
12,195,3.716911487546596,3.886883053822654,0.0,0.0,0.0,0.0,1.0,1.0
13,195,4.567756036875447,2.7574678912444504,1.0,0.0,0.0,0.0,0.0,1.0
14,195,1.4038254465255593,0.0,1.0,0.0,0.0,0.0,0.0,0.0
15,195,0.4252288231508692,9.923160074417297,1.0,0.0,0.0,1.0,1.0,0.0
16,195,4.29657185798353,12.0,0.0,1.0,1.0,1.0,1.0,1.0
17,195,12.0,8.601126219951814,0.0,1.0,1.0,0.0,0.0,0.0
18,195,7.272677537430918,6.15430862986981,1.0,1.0,0.0,1.0,0.0,0.0
19,195,1.4436449641934028,7.157677029645338,0.0,1.0,0.0,0.0,0.0,0.0
20,195,0.4391283670182256,6.745736881036365,0.0,0.0,0.0,0.0,1.0,1.0
21,195,10.949257418681563,11.371840651660772,0.0,1.0,1.0,1.0,1.0,0.0
22,195,5.983725177988786,6.854816131992751,1.0,0.0,0.0,0.0,1.0,0.0
23,195,4.680886961849388,7.18378522435164,0.0,0.0,0.0,0.0,1.0,1.0
24,195,0.8185257175873555,10.749616468987837,0.0,1.0,0.0,0.0,0.0,0.0
25,195,2.9003854876419863,0.0287809932232575,0.0,0.0,0.0,0.0,1.0,0.0
26,195,2.8437157189117066,10.99068703874143,0.0,0.0,1.0,0.0,1.0,0.0
27,195,6.143528416524729,11.331581851137884,0.0,0.0,0.0,1.0,0.0,1.0
28,195,9.2388431622398,10.743272930618634,1.0,0.0,0.0,0.0,0.0,0.0
29,195,5.042258819162203,9.032156259895064,0.0,1.0,0.0,0.0,0.0,0.0
0,200,7.091263527115062,2.6035358747614405,0.0,1.0,1.0,0.0,0.0,0.0
1,200,10.452091058747916,6.934401341165697,0.0,0.0,1.0,0.0,0.0,0.0
2,200,4.172745707694094,6.708086884390288,0.0,1.0,0.0,0.0,0.0,0.0
3,200,0.5819469711464244,7.206206989949666,0.0,1.0,1.0,1.0,1.0,0.0
4,200,5.650783287219538,11.77331783045847,0.0,0.0,0.0,0.0,1.0,0.0
5,200,1.899129872640887,5.418284476312503,0.0,0.0,0.0,1.0,1.0,1.0
6,200,5.84313889251654,5.074513690590311,0.0,0.0,0.0,0.0,1.0,0.0
7,200,0.0,7.395392804071632,1.0,0.0,0.0,1.0,0.0,0.0
8,200,6.232748353828446,4.439420301824743,0.0,0.0,1.0,1.0,0.0,0.0
9,200,6.275627791361518,3.218996424419274,1.0,0.0,0.0,1.0,1.0,0.0
10,200,0.5517236552883302,7.93699499351782,1.0,1.0,1.0,0.0,1.0,1.0
11,200,0.0,10.04037896870106,1.0,0.0,1.0,1.0,0.0,0.0
12,200,3.71494391386958,3.915061451787941,0.0,0.0,0.0,0.0,1.0,1.0
13,200,4.604309788226634,2.81378707604508,1.0,0.0,0.0,0.0,0.0,1.0
14,200,1.3532591720858205,0.0,1.0,0.0,0.0,0.0,0.0,0.0
15,200,0.458934019098556,9.9414036663066,1.0,0.0,0.0,1.0,1.0,0.0
16,200,4.187295264160915,12.0,0.0,1.0,1.0,1.0,1.0,1.0
17,200,12.0,8.628123072628544,0.0,1.0,1.0,0.0,0.0,0.0
18,200,7.283489417465119,6.1526821644002565,1.0,1.0,0.0,1.0,0.0,0.0
19,200,1.3681200939262472,7.097689772968684,0.0,1.0,0.0,0.0,0.0,0.0
20,200,0.3925513676203012,6.6578868660506085,0.0,0.0,0.0,0.0,1.0,1.0
21,200,10.863854358838063,11.464582542332984,0.0,1.0,1.0,1.0,1.0,0.0
22,200,5.976985656259366,6.9312522310263365,1.0,0.0,0.0,0.0,1.0,0.0
23,200,4.644053828692531,7.155365573336592,0.0,0.0,0.0,0.0,1.0,1.0
24,200,0.8208853644338431,10.82642002982181,0.0,1.0,0.0,0.0,0.0,0.0
25,200,2.919907787591619,0.0443888954719315,0.0,0.0,0.0,0.0,1.0,0.0
26,200,2.81909257322856,11.029532458356549,0.0,0.0,1.0,0.0,1.0,0.0
27,200,6.202131856819101,11.21078129588481,0.0,0.0,0.0,1.0,0.0,1.0
28,200,9.266574603521835,10.71592699012258,1.0,0.0,0.0,0.0,0.0,0.0
29,200,5.043623097086485,9.036768429739396,0.0,1.0,0.0,0.0,0.0,0.0
0,205,7.148872206963333,2.577819919152185,0.0,1.0,1.0,0.0,0.0,0.0
1,205,10.453050054603809,6.951398614601601,0.0,0.0,1.0,0.0,0.0,0.0
2,205,4.161390844605867,6.679215142876779,0.0,1.0,0.0,0.0,0.0,0.0
3,205,0.5821846914839321,7.206016641844236,0.0,1.0,1.0,1.0,1.0,0.0
4,205,5.746112834713723,11.726766185076132,0.0,0.0,0.0,0.0,1.0,0.0
5,205,1.96431984063247,5.371562536683534,0.0,0.0,0.0,1.0,1.0,1.0
6,205,5.831802681796237,5.080114146986978,0.0,0.0,0.0,0.0,1.0,0.0
7,205,0.0,7.372942497509474,1.0,0.0,0.0,1.0,0.0,0.0
8,205,6.231057933092624,4.443287537970045,0.0,0.0,1.0,1.0,0.0,0.0
9,205,6.278175773994103,3.2088540537480665,1.0,0.0,0.0,1.0,1.0,0.0
10,205,0.4887355146598935,7.89211883690613,1.0,1.0,1.0,0.0,1.0,1.0
11,205,0.0,10.082511817026411,1.0,0.0,1.0,1.0,0.0,0.0
12,205,3.7149338964270218,3.9154752289647567,0.0,0.0,0.0,0.0,1.0,1.0
13,205,4.6556702475223215,2.8913678645001477,1.0,0.0,0.0,0.0,0.0,1.0
14,205,1.2916382902646977,0.0,1.0,0.0,0.0,0.0,0.0,0.0
15,205,0.4938230357769522,9.960588002382556,1.0,0.0,0.0,1.0,1.0,0.0
16,205,4.068794287206744,12.0,0.0,1.0,1.0,1.0,1.0,1.0
17,205,12.0,8.650385894008405,0.0,1.0,1.0,0.0,0.0,0.0
18,205,7.307025765097026,6.14880126601181,1.0,1.0,0.0,1.0,0.0,0.0
19,205,1.3002221258255635,7.046419337465176,0.0,1.0,0.0,0.0,0.0,0.0
20,205,0.338878350778736,6.554665189646951,0.0,0.0,0.0,0.0,1.0,1.0
21,205,10.7726308923032,11.566566285050552,0.0,1.0,1.0,1.0,1.0,0.0
22,205,5.971477826704502,7.005835080727922,1.0,0.0,0.0,0.0,1.0,0.0
23,205,4.606074221291531,7.1240735692244,0.0,0.0,0.0,0.0,1.0,1.0
24,205,0.8230239645669151,10.88858364771976,0.0,1.0,0.0,0.0,0.0,0.0
25,205,2.929434320302636,0.0521932667791184,0.0,0.0,0.0,0.0,1.0,0.0
26,205,2.8073189859737155,11.04867505928026,0.0,0.0,1.0,0.0,1.0,0.0
27,205,6.257736708196892,11.093815135143274,0.0,0.0,0.0,1.0,0.0,1.0
28,205,9.28995580034869,10.692400075530484,1.0,0.0,0.0,0.0,0.0,0.0
29,205,5.047280426644028,9.0501712697873,0.0,1.0,0.0,0.0,0.0,0.0
0,210,7.209710981606619,2.5526078095427063,0.0,1.0,1.0,0.0,0.0,0.0
1,210,10.455941881147126,6.9887152458687405,0.0,0.0,1.0,0.0,0.0,0.0
2,210,4.148620462759647,6.648108884254292,0.0,1.0,0.0,0.0,0.0,0.0
3,210,0.5934365338093521,7.196937543451375,0.0,1.0,1.0,1.0,1.0,0.0
4,210,5.828150969579764,11.688299263716706,0.0,0.0,0.0,0.0,1.0,0.0
5,210,2.026973389634812,5.328602245658872,0.0,0.0,0.0,1.0,1.0,1.0
6,210,5.811370362744884,5.090002664069015,0.0,0.0,0.0,0.0,1.0,0.0
7,210,0.0,7.339260462451024,1.0,0.0,0.0,1.0,0.0,0.0
8,210,6.240957175016969,4.420121624257555,0.0,0.0,1.0,1.0,0.0,0.0
9,210,6.278912718371247,3.206063683380969,1.0,0.0,0.0,1.0,1.0,0.0
10,210,0.4348518267884949,7.853943619815057,1.0,1.0,1.0,0.0,1.0,1.0
11,210,0.0,10.129955660946056,1.0,0.0,1.0,1.0,0.0,0.0
12,210,3.714528979829314,3.9328230760492247,0.0,0.0,0.0,0.0,1.0,1.0
13,210,4.698011429524213,2.956370042359688,1.0,0.0,0.0,0.0,0.0,1.0
14,210,1.2526598815660872,0.0642002750253779,1.0,0.0,0.0,0.0,0.0,0.0
15,210,0.5338183551298358,9.983438943551262,1.0,0.0,0.0,1.0,1.0,0.0
16,210,3.9534000317861135,12.0,0.0,1.0,1.0,1.0,1.0,1.0
17,210,12.0,8.671479017002959,0.0,1.0,1.0,0.0,0.0,0.0
18,210,7.325023986312234,6.1455413638477925,1.0,1.0,0.0,1.0,0.0,0.0
19,210,1.245222447013443,7.002557368984569,0.0,1.0,0.0,0.0,0.0,0.0
20,210,0.2851860515084259,6.450526683026922,0.0,0.0,0.0,0.0,1.0,1.0
21,210,10.671391471799122,11.681326777883124,0.0,1.0,1.0,1.0,1.0,0.0
22,210,5.965107515596618,7.078656184244451,1.0,0.0,0.0,0.0,1.0,0.0
23,210,4.560873660059428,7.08530625070232,0.0,0.0,0.0,0.0,1.0,1.0
24,210,0.8243658917067317,10.973321362144526,0.0,1.0,0.0,0.0,0.0,0.0
25,210,2.903577740995241,0.0322750844069917,0.0,0.0,0.0,0.0,1.0,0.0
26,210,2.7874221756536217,11.08092565059115,0.0,0.0,1.0,0.0,1.0,0.0
27,210,6.306784959290066,10.984372268138411,0.0,0.0,0.0,1.0,0.0,1.0
28,210,9.306569543597549,10.675416747466835,1.0,0.0,0.0,0.0,0.0,0.0
29,210,5.0478023425889145,9.051887405740972,0.0,1.0,0.0,0.0,0.0,0.0
0,215,7.2651382330926815,2.5275026952165605,0.0,1.0,1.0,0.0,0.0,0.0
1,215,10.458555583813556,7.022052668294388,0.0,0.0,1.0,0.0,0.0,0.0
2,215,4.137565287306422,6.623103740009323,0.0,1.0,0.0,0.0,0.0,0.0
3,215,0.5972422008656783,7.193955897007935,0.0,1.0,1.0,1.0,1.0,0.0
4,215,5.914172815333144,11.64808890528632,0.0,0.0,0.0,0.0,1.0,0.0
5,215,2.079866986402342,5.291115640682882,0.0,0.0,0.0,1.0,1.0,1.0
6,215,5.821617052072206,5.085151242171468,0.0,0.0,0.0,0.0,1.0,0.0
7,215,0.0,7.3057243265467,1.0,0.0,0.0,1.0,0.0,0.0
8,215,6.26125215200242,4.370071727303504,0.0,0.0,1.0,1.0,0.0,0.0
9,215,6.276231782033872,3.215725560586123,1.0,0.0,0.0,1.0,1.0,0.0
10,215,0.3802917703022584,7.813095066092946,1.0,1.0,1.0,0.0,1.0,1.0
11,215,0.0,10.177267471064871,1.0,0.0,1.0,1.0,0.0,0.0
12,215,3.714843732700436,3.91951747927458,0.0,0.0,0.0,0.0,1.0,1.0
13,215,4.733218898883779,3.008297752744054,1.0,0.0,0.0,0.0,0.0,1.0
14,215,1.2073334075675628,0.1416506174150989,1.0,0.0,0.0,0.0,0.0,0.0
15,215,0.5897777289258266,10.016710262027589,1.0,0.0,0.0,1.0,1.0,0.0
16,215,3.844361546148916,12.0,0.0,1.0,1.0,1.0,1.0,1.0
17,215,12.0,8.683209892768822,0.0,1.0,1.0,0.0,0.0,0.0
18,215,7.338035761545923,6.142896484108691,1.0,1.0,0.0,1.0,0.0,0.0
19,215,1.194822636777185,6.963743122485711,0.0,1.0,0.0,0.0,0.0,0.0
20,215,0.2342554552950121,6.3482690378257685,0.0,0.0,0.0,0.0,1.0,1.0
21,215,10.576695590108878,11.792868664536872,0.0,1.0,1.0,1.0,1.0,0.0
22,215,5.957620500013945,7.1498412120332,1.0,0.0,0.0,0.0,1.0,0.0
23,215,4.5208055545470005,7.04987809355662,0.0,0.0,0.0,0.0,1.0,1.0
24,215,0.8284294482138991,11.073905547849447,0.0,1.0,0.0,0.0,0.0,0.0
25,215,2.8786469261966694,0.0128148274297617,0.0,0.0,0.0,0.0,1.0,0.0
26,215,2.761713718292492,11.120121788254927,0.0,0.0,1.0,0.0,1.0,0.0
27,215,6.349680944697727,10.883461645348188,0.0,0.0,0.0,1.0,0.0,1.0
28,215,9.323855802776489,10.657876914375558,1.0,0.0,0.0,0.0,0.0,0.0
29,215,5.052585030541605,9.068823621466152,0.0,1.0,0.0,0.0,0.0,0.0
0,220,7.340959452643167,2.4894011319443394,0.0,1.0,1.0,0.0,0.0,0.0
1,220,10.4609506152507,7.045823243086302,0.0,0.0,1.0,0.0,0.0,0.0
2,220,4.129247771446383,6.602826402950387,0.0,1.0,0.0,0.0,0.0,0.0
3,220,0.5989875916147567,7.192525323195309,0.0,1.0,1.0,1.0,1.0,0.0
4,220,5.988113658996166,11.612154683867614,0.0,0.0,0.0,0.0,1.0,0.0
5,220,2.129068803528884,5.258180512242807,0.0,0.0,0.0,1.0,1.0,1.0
6,220,5.819688341917336,5.086019845210494,0.0,0.0,0.0,0.0,1.0,0.0
7,220,0.0,7.260918652503288,1.0,0.0,0.0,1.0,0.0,0.0
8,220,6.282354442706836,4.32082342619821,0.0,0.0,1.0,1.0,0.0,0.0
9,220,6.269442882754446,3.239102079674749,1.0,0.0,0.0,1.0,1.0,0.0
10,220,0.3292690302090118,7.778032689574809,1.0,1.0,1.0,0.0,1.0,1.0
11,220,0.0,10.227781108296757,1.0,0.0,1.0,1.0,0.0,0.0
12,220,3.715956388539894,3.8945705015698215,0.0,0.0,0.0,0.0,1.0,1.0
13,220,4.775252167476724,3.071454588192627,1.0,0.0,0.0,0.0,0.0,1.0
14,220,1.166616633350879,0.2120003916011533,1.0,0.0,0.0,0.0,0.0,0.0
15,220,0.6442696985750185,10.050412641866467,1.0,0.0,0.0,1.0,1.0,0.0
16,220,3.740519246435674,12.0,0.0,1.0,1.0,1.0,1.0,1.0
17,220,12.0,8.695818071502947,0.0,1.0,1.0,0.0,0.0,0.0
18,220,7.364506720800198,6.137517917561253,1.0,1.0,0.0,1.0,0.0,0.0
19,220,1.1472220742440675,6.929115022112354,0.0,1.0,0.0,0.0,0.0,0.0
20,220,0.1842357450494176,6.241131470122061,0.0,0.0,0.0,0.0,1.0,1.0
21,220,10.492286055219708,11.89446577390359,0.0,1.0,1.0,1.0,1.0,0.0
22,220,5.950159754366159,7.219632188873112,1.0,0.0,0.0,0.0,1.0,0.0
23,220,4.484842292797029,7.019848005900735,0.0,0.0,0.0,0.0,1.0,1.0
24,220,0.8323674856963438,11.172602236302216,0.0,1.0,0.0,0.0,0.0,0.0
25,220,2.8412867746524397,0.0,0.0,0.0,0.0,0.0,1.0,0.0
26,220,2.7420180578495508,11.149353027191903,0.0,0.0,1.0,0.0,1.0,0.0
27,220,6.391247677512075,10.782441004177295,0.0,0.0,0.0,1.0,0.0,1.0
28,220,9.34070956619058,10.640486134764032,1.0,0.0,0.0,0.0,0.0,0.0
29,220,5.059359693084852,9.094318276756944,0.0,1.0,0.0,0.0,0.0,0.0
0,225,7.403578315058024,2.4560236588714743,0.0,1.0,1.0,0.0,0.0,0.0
1,225,10.46275753598205,7.067722074873212,0.0,0.0,1.0,0.0,0.0,0.0
2,225,4.114449870698991,6.565331532335723,0.0,1.0,0.0,0.0,0.0,0.0
3,225,0.6135830775859067,7.180410890343626,0.0,1.0,1.0,1.0,1.0,0.0
4,225,6.059929178195618,11.57900689185264,0.0,0.0,0.0,0.0,1.0,0.0
5,225,2.1616091211556707,5.2375889078948825,0.0,0.0,0.0,1.0,1.0,1.0
6,225,5.827393102048463,5.0824583108962855,0.0,0.0,0.0,0.0,1.0,0.0
7,225,0.0,7.2162940033064,1.0,0.0,0.0,1.0,0.0,0.0
8,225,6.301709467404681,4.274299090859415,0.0,0.0,1.0,1.0,0.0,0.0
9,225,6.258639113804269,3.276669128408107,1.0,0.0,0.0,1.0,1.0,0.0
10,225,0.2815158302888423,7.745317661409816,1.0,1.0,1.0,0.0,1.0,1.0
11,225,0.0,10.292486758697576,1.0,0.0,1.0,1.0,0.0,0.0
12,225,3.7164463307165545,3.87989746754091,0.0,0.0,0.0,0.0,1.0,1.0
13,225,4.821964771085448,3.0420731722982413,1.0,0.0,0.0,0.0,0.0,1.0
14,225,1.1107700438500845,0.307235239042825,1.0,0.0,0.0,0.0,0.0,0.0
15,225,0.6806059066166401,10.072410031490358,1.0,0.0,0.0,1.0,1.0,0.0
16,225,3.635356926007206,12.0,0.0,1.0,1.0,1.0,1.0,1.0
17,225,12.0,8.705721964197492,0.0,1.0,1.0,0.0,0.0,0.0
18,225,7.389450389298627,6.132966247349013,1.0,1.0,0.0,1.0,0.0,0.0
19,225,1.0983239189924237,6.892948800582594,0.0,1.0,0.0,0.0,0.0,0.0
20,225,0.1284505572698298,6.116412730359176,0.0,0.0,0.0,0.0,1.0,1.0
21,225,10.41699561130472,11.981228597048608,0.0,1.0,1.0,1.0,1.0,0.0
22,225,5.943586167683995,7.2878252669131856,1.0,0.0,0.0,0.0,1.0,0.0
23,225,4.440025892954898,6.983014727270357,0.0,0.0,0.0,0.0,1.0,1.0
24,225,0.8360676400109843,11.262169520552654,0.0,1.0,0.0,0.0,0.0,0.0
25,225,2.80417945086554,0.0,0.0,0.0,0.0,0.0,1.0,0.0
26,225,2.725896575590043,11.173544149581891,0.0,0.0,1.0,0.0,1.0,0.0
27,225,6.41405540123656,10.721457448265108,0.0,0.0,0.0,1.0,0.0,1.0
28,225,9.356278114921192,10.624265518869542,1.0,0.0,0.0,0.0,0.0,0.0
29,225,5.06283458014095,9.107007764314137,0.0,1.0,0.0,0.0,0.0,0.0
0,230,7.44009418187922,2.435353220565587,0.0,1.0,1.0,0.0,0.0,0.0
1,230,10.462501466780662,7.064385556914232,0.0,0.0,1.0,0.0,0.0,0.0
2,230,4.09989413836298,6.527271751153637,0.0,1.0,0.0,0.0,0.0,0.0
3,230,0.6180020408237745,7.176714052595839,0.0,1.0,1.0,1.0,1.0,0.0
4,230,6.145748251600477,11.539003726488096,0.0,0.0,0.0,0.0,1.0,0.0
5,230,2.198773435621602,5.215585578681317,0.0,0.0,0.0,1.0,1.0,1.0
6,230,5.839490037060634,5.077202070066615,0.0,0.0,0.0,0.0,1.0,0.0
7,230,0.0,7.157984575028888,1.0,0.0,0.0,1.0,0.0,0.0
8,230,6.323592782170818,4.218519246729727,0.0,0.0,1.0,1.0,0.0,0.0
9,230,6.243898986558783,3.3255907740537607,1.0,0.0,0.0,1.0,1.0,0.0
10,230,0.2575955858937636,7.72931323726849,1.0,1.0,1.0,0.0,1.0,1.0
11,230,0.0,10.361954957698364,1.0,0.0,1.0,1.0,0.0,0.0
12,230,3.717276899910339,3.8648188975910367,0.0,0.0,0.0,0.0,1.0,1.0
13,230,4.873362604171128,3.0109621542762306,1.0,0.0,0.0,0.0,0.0,1.0
14,230,1.060140748220236,0.4047837595785771,1.0,0.0,0.0,0.0,0.0,0.0
15,230,0.714876116622699,10.093441909890185,1.0,0.0,0.0,1.0,1.0,0.0
16,230,3.5212943349606243,12.0,0.0,1.0,1.0,1.0,1.0,1.0
17,230,11.993614917595128,8.700092957156109,0.0,1.0,1.0,0.0,0.0,0.0
18,230,7.422640260491214,6.126499717375816,1.0,1.0,0.0,1.0,0.0,0.0
19,230,1.0353647929420275,6.847870170371227,0.0,1.0,0.0,0.0,0.0,0.0
20,230,0.08451179453589,6.017452593571245,0.0,0.0,0.0,0.0,1.0,1.0
21,230,10.32783857096131,12.0,0.0,1.0,1.0,1.0,1.0,0.0
22,230,5.939618299732295,7.343299439405481,1.0,0.0,0.0,0.0,1.0,0.0
23,230,4.402514983400435,6.952511972776206,0.0,0.0,0.0,0.0,1.0,1.0
24,230,0.8397966521085511,11.349042934624286,0.0,1.0,0.0,0.0,0.0,0.0
25,230,2.777773367220278,0.0,0.0,0.0,0.0,0.0,1.0,0.0
26,230,2.717089690953842,11.186259320278252,0.0,0.0,1.0,0.0,1.0,0.0
27,230,6.4403042306647205,10.656881971007396,0.0,0.0,0.0,1.0,0.0,1.0
28,230,9.36660154404726,10.613770029159657,1.0,0.0,0.0,0.0,0.0,0.0
29,230,5.064827390587822,9.114372052655474,0.0,1.0,0.0,0.0,0.0,0.0
0,235,7.472530236765797,2.417668389907959,0.0,1.0,1.0,0.0,0.0,0.0
1,235,10.461598698909375,7.052746498883417,0.0,0.0,1.0,0.0,0.0,0.0
2,235,4.084468459004777,6.487224141936665,0.0,1.0,0.0,0.0,0.0,0.0
3,235,0.6414818564985131,7.157263777295281,0.0,1.0,1.0,1.0,1.0,0.0
4,235,6.236523403657262,11.494626080430494,0.0,0.0,0.0,0.0,1.0,0.0
5,235,2.261490211507915,5.177781147284361,0.0,0.0,0.0,1.0,1.0,1.0
6,235,5.867807248544728,5.065588188266809,0.0,0.0,0.0,0.0,1.0,0.0
7,235,0.0,7.101411604564861,1.0,0.0,0.0,1.0,0.0,0.0
8,235,6.339708559583664,4.175854812143028,0.0,0.0,1.0,1.0,0.0,0.0
9,235,6.227057702599596,3.3882930368325628,1.0,0.0,0.0,1.0,1.0,0.0
10,235,0.2365673520876744,7.715572136786891,1.0,1.0,1.0,0.0,1.0,1.0
11,235,0.0,10.434801276231266,1.0,0.0,1.0,1.0,0.0,0.0
12,235,3.717679671002016,3.857918429712724,0.0,0.0,0.0,0.0,1.0,1.0
13,235,4.917609201335611,2.9853828670997813,1.0,0.0,0.0,0.0,0.0,1.0
14,235,1.0084059709223487,0.4974925410890325,1.0,0.0,0.0,0.0,0.0,0.0
15,235,0.7753363563159149,10.12982502089586,1.0,0.0,0.0,1.0,1.0,0.0
16,235,3.411790715417561,12.0,0.0,1.0,1.0,1.0,1.0,1.0
17,235,11.989142771618155,8.6959176302545,0.0,1.0,1.0,0.0,0.0,0.0
18,235,7.444751679288402,6.122163967075107,1.0,1.0,0.0,1.0,0.0,0.0
19,235,0.9831670386492352,6.808623951934228,0.0,1.0,0.0,0.0,0.0,0.0
20,235,0.0354666327202986,5.90539760618663,0.0,0.0,0.0,0.0,1.0,1.0
21,235,10.250775618814698,12.0,0.0,1.0,1.0,1.0,1.0,0.0
22,235,5.930914445473088,7.437577414294686,1.0,0.0,0.0,0.0,1.0,0.0
23,235,4.381085463069302,6.9345223992950205,0.0,0.0,0.0,0.0,1.0,1.0
24,235,0.8436431744773846,11.43165397312982,0.0,1.0,0.0,0.0,0.0,0.0
25,235,2.735712459665209,0.0,0.0,0.0,0.0,0.0,1.0,0.0
26,235,2.711642411270879,11.194038912183794,0.0,0.0,1.0,0.0,1.0,0.0
27,235,6.469866664013668,10.58103230754606,0.0,0.0,0.0,1.0,0.0,1.0
28,235,9.374081145464354,10.60594876993908,1.0,0.0,0.0,0.0,0.0,0.0
29,235,5.06633989190496,9.120260346633708,0.0,1.0,0.0,0.0,0.0,0.0
0,240,7.514368483917335,2.3951828263408226,0.0,1.0,1.0,0.0,0.0,0.0
1,240,10.461059234439023,7.044286968852336,0.0,0.0,1.0,0.0,0.0,0.0
2,240,4.120873794442252,6.472842573599316,0.0,1.0,0.0,0.0,0.0,0.0
3,240,0.6713631166479646,7.134129689244433,0.0,1.0,1.0,1.0,1.0,0.0
4,240,6.336825937997437,11.444531909309044,0.0,0.0,0.0,0.0,1.0,0.0
5,240,2.334757518918848,5.132231477684372,0.0,0.0,0.0,1.0,1.0,1.0
6,240,5.905462940048884,5.0510200378592,0.0,0.0,0.0,0.0,1.0,0.0
7,240,0.0,7.039828871718539,1.0,0.0,0.0,1.0,0.0,0.0
8,240,6.343087641216501,4.167281489610089,0.0,0.0,1.0,1.0,0.0,0.0
9,240,6.210369313761481,3.445604910336415,1.0,0.0,0.0,1.0,1.0,0.0
10,240,0.2391754636378685,7.717236959450703,1.0,1.0,1.0,0.0,1.0,1.0
11,240,0.0,10.50435717168931,1.0,0.0,1.0,1.0,0.0,0.0
12,240,3.71780334441964,3.855561698590589,0.0,0.0,0.0,0.0,1.0,1.0
13,240,4.953262227635941,2.9643256833643146,1.0,0.0,0.0,0.0,0.0,1.0
14,240,0.95419120476565,0.5942637050803617,1.0,0.0,0.0,0.0,0.0,0.0
15,240,0.8312309424436864,10.164505146692262,1.0,0.0,0.0,1.0,1.0,0.0
16,240,3.283369994569621,12.0,0.0,1.0,1.0,1.0,1.0,1.0
17,240,11.965393439218987,8.672745414661335,0.0,1.0,1.0,0.0,0.0,0.0
18,240,7.468534862795706,6.116816236374686,1.0,1.0,0.0,1.0,0.0,0.0
19,240,0.946279893820316,6.780180737833627,0.0,1.0,0.0,0.0,0.0,0.0
20,240,0.0,5.797234091505196,0.0,0.0,0.0,0.0,1.0,1.0
21,240,10.175654939631016,12.0,0.0,1.0,1.0,1.0,1.0,0.0
22,240,5.922978053397013,7.518285079936255,1.0,0.0,0.0,0.0,1.0,0.0
23,240,4.351221485106734,6.90868322190519,0.0,0.0,0.0,0.0,1.0,1.0
24,240,0.8483658679700655,11.520560787641122,0.0,1.0,0.0,0.0,0.0,0.0
25,240,2.7102126850468293,0.0,0.0,0.0,0.0,0.0,1.0,0.0
26,240,2.7101447863426635,11.196191492639796,0.0,0.0,1.0,0.0,1.0,0.0
27,240,6.500848026819793,10.4993013477791,0.0,0.0,0.0,1.0,0.0,1.0
28,240,9.377330629616145,10.602596496999713,1.0,0.0,0.0,0.0,0.0,0.0
29,240,5.073574126898073,9.152444385026836,0.0,1.0,0.0,0.0,0.0,0.0
0,245,7.55948019310508,2.373202456869489,0.0,1.0,1.0,0.0,0.0,0.0
1,245,10.459644800121872,7.027108698806427,0.0,0.0,1.0,0.0,0.0,0.0
2,245,4.160344684089652,6.457666811082271,0.0,1.0,0.0,0.0,0.0,0.0
3,245,0.6855026243486853,7.12273523073081,0.0,1.0,1.0,1.0,1.0,0.0
4,245,6.43175204393954,11.395620055053234,0.0,0.0,0.0,0.0,1.0,0.0
5,245,2.3889132796532566,5.09801123391431,0.0,0.0,0.0,1.0,1.0,1.0
6,245,5.953250728356684,5.033171188843295,0.0,0.0,0.0,0.0,1.0,0.0
7,245,0.0,6.968777929126333,1.0,0.0,0.0,1.0,0.0,0.0
8,245,6.352112561670584,4.143521578660892,0.0,0.0,1.0,1.0,0.0,0.0
9,245,6.189655553254829,3.513502909367773,1.0,0.0,0.0,1.0,1.0,0.0
10,245,0.2256189666912767,7.708852026409902,1.0,1.0,1.0,0.0,1.0,1.0
11,245,0.0,10.55629111972068,1.0,0.0,1.0,1.0,0.0,0.0
12,245,3.7185187061955753,3.841808365561462,0.0,0.0,0.0,0.0,1.0,1.0
13,245,5.01053223851197,2.9317290847779685,1.0,0.0,0.0,0.0,0.0,1.0
14,245,0.8883542553472202,0.721876861560104,1.0,0.0,0.0,0.0,0.0,0.0
15,245,0.8912599455283554,10.200525377552196,1.0,0.0,0.0,1.0,1.0,0.0
16,245,3.16564392187824,12.0,0.0,1.0,1.0,1.0,1.0,1.0
17,245,11.938087778288656,8.646835841896516,0.0,1.0,1.0,0.0,0.0,0.0
18,245,7.467067190188318,6.117157206596279,1.0,1.0,0.0,1.0,0.0,0.0
19,245,0.9127125525362012,6.754085633691424,0.0,1.0,0.0,0.0,0.0,0.0
20,245,0.0,5.677794470161897,0.0,0.0,0.0,0.0,1.0,1.0
21,245,10.086973327405303,12.0,0.0,1.0,1.0,1.0,1.0,0.0
22,245,5.913650219733055,7.608231848959445,1.0,0.0,0.0,0.0,1.0,0.0
23,245,4.334157937409091,6.893558193386805,0.0,0.0,0.0,0.0,1.0,1.0
24,245,0.852950020788338,11.614928994293704,0.0,1.0,0.0,0.0,0.0,0.0
25,245,2.6845499711133245,0.0,0.0,0.0,0.0,0.0,1.0,0.0
26,245,2.714863768945193,11.189747352051675,0.0,0.0,1.0,0.0,1.0,0.0
27,245,6.525416864909307,10.430077083715378,0.0,0.0,0.0,1.0,0.0,1.0
28,245,9.390307243071538,10.589385920630754,1.0,0.0,0.0,0.0,0.0,0.0
29,245,5.083364883280672,9.193901008985366,0.0,1.0,0.0,0.0,0.0,0.0
0,250,7.589268480390968,2.360614898792293,0.0,1.0,1.0,0.0,0.0,0.0
1,250,10.458848425437417,7.014172225786649,0.0,0.0,1.0,0.0,0.0,0.0
2,250,4.2077490208840445,6.439401610206058,0.0,1.0,0.0,0.0,0.0,0.0
3,250,0.6957935991012172,7.114485408470861,0.0,1.0,1.0,1.0,1.0,0.0
4,250,6.505569806504322,11.358659572260242,0.0,0.0,0.0,0.0,1.0,0.0
5,250,2.4317482325093702,5.071682366860144,0.0,0.0,0.0,1.0,1.0,1.0
6,250,6.003140149022902,5.014186506234774,0.0,0.0,0.0,0.0,1.0,0.0
7,250,0.0,6.904356589712935,1.0,0.0,0.0,1.0,0.0,0.0
8,250,6.363145817724305,4.115415863207227,0.0,0.0,1.0,1.0,0.0,0.0
9,250,6.165247629108068,3.5879238216013523,1.0,0.0,0.0,1.0,1.0,0.0
10,250,0.2194114124024649,7.705245072089008,1.0,1.0,1.0,0.0,1.0,1.0
11,250,0.0,10.605407505785228,1.0,0.0,1.0,1.0,0.0,0.0
12,250,3.71971546194934,3.821654366751413,0.0,0.0,0.0,0.0,1.0,1.0
13,250,5.044005247380673,2.913675118237013,1.0,0.0,0.0,0.0,0.0,1.0
14,250,0.8244990461927376,0.8387216850487165,1.0,0.0,0.0,0.0,0.0,0.0
15,250,0.9468229361501658,10.234496423364956,1.0,0.0,0.0,1.0,1.0,0.0
16,250,3.057757361651764,12.0,0.0,1.0,1.0,1.0,1.0,1.0
17,250,11.909397496597412,8.61981647626455,0.0,1.0,1.0,0.0,0.0,0.0
18,250,7.499852991012003,6.109020756840705,1.0,1.0,0.0,1.0,0.0,0.0
19,250,0.879626480825588,6.728755002804441,0.0,1.0,0.0,0.0,0.0,0.0
20,250,0.0,5.559097321265861,0.0,0.0,0.0,0.0,1.0,1.0
21,250,9.998195845520009,12.0,0.0,1.0,1.0,1.0,1.0,0.0
22,250,5.904757767648933,7.6992298875273315,1.0,0.0,0.0,0.0,1.0,0.0
23,250,4.321226183058252,6.882710575416997,0.0,0.0,0.0,0.0,1.0,1.0
24,250,0.8573953113677777,11.712173567332252,0.0,1.0,0.0,0.0,0.0,0.0
25,250,2.64640095328058,0.0,0.0,0.0,0.0,0.0,1.0,0.0
26,250,2.718743280763043,11.184307046698397,0.0,0.0,1.0,0.0,1.0,0.0
27,250,6.554691349006519,10.347649141613717,0.0,0.0,0.0,1.0,0.0,1.0
28,250,9.397991868749688,10.58174553363141,1.0,0.0,0.0,0.0,0.0,0.0
29,250,5.097404169360031,9.246411734837524,0.0,1.0,0.0,0.0,0.0,0.0
0,255,7.616199105098228,2.347915574631909,0.0,1.0,1.0,0.0,0.0,0.0
1,255,10.457327082086511,6.981725921968428,0.0,0.0,1.0,0.0,0.0,0.0
2,255,4.225218313364306,6.432694442566974,0.0,1.0,0.0,0.0,0.0,0.0
3,255,0.6904248591814228,7.118733243999324,0.0,1.0,1.0,1.0,1.0,0.0
4,255,6.5800035621668505,11.321293663312453,0.0,0.0,0.0,0.0,1.0,0.0
5,255,2.4532057226239643,5.05827652268132,0.0,0.0,0.0,1.0,1.0,1.0
6,255,6.052482000215696,4.996303613670294,0.0,0.0,0.0,0.0,1.0,0.0
7,255,0.0,6.8479034125343405,1.0,0.0,0.0,1.0,0.0,0.0
8,255,6.384579885712744,4.0628648166236,0.0,0.0,1.0,1.0,0.0,0.0
9,255,6.138837886706801,3.6710065393374047,1.0,0.0,0.0,1.0,1.0,0.0
10,255,0.2088399367052275,7.699139842658022,1.0,1.0,1.0,0.0,1.0,1.0
11,255,0.0,10.653200170011976,1.0,0.0,1.0,1.0,0.0,0.0
12,255,3.721014410777709,3.805871378094247,0.0,0.0,0.0,0.0,1.0,1.0
13,255,5.071232037922511,2.8988810515219807,1.0,0.0,0.0,0.0,0.0,1.0
14,255,0.7648938570679394,0.9427006548216804,1.0,0.0,0.0,0.0,0.0,0.0
15,255,0.9924675257977336,10.263945853860534,1.0,0.0,0.0,1.0,1.0,0.0
16,255,2.95047295237481,12.0,0.0,1.0,1.0,1.0,1.0,1.0
17,255,11.881230194231849,8.59478310335002,0.0,1.0,1.0,0.0,0.0,0.0
18,255,7.523688135668896,6.103445130718059,1.0,1.0,0.0,1.0,0.0,0.0
19,255,0.8250616466922914,6.687522005956514,0.0,1.0,0.0,0.0,0.0,0.0
20,255,0.0,5.610095191057264,0.0,0.0,0.0,0.0,1.0,1.0
21,255,9.913454420906074,12.0,0.0,1.0,1.0,1.0,1.0,0.0
22,255,5.896165591257408,7.784604385880519,1.0,0.0,0.0,0.0,1.0,0.0
23,255,4.317481598268613,6.87960176263834,0.0,0.0,0.0,0.0,1.0,1.0
24,255,0.8622736661190491,11.807422798135956,0.0,1.0,0.0,0.0,0.0,0.0
25,255,2.602756861875343,0.0,0.0,0.0,0.0,0.0,1.0,0.0
26,255,2.719234788898792,11.183588849048256,0.0,0.0,1.0,0.0,1.0,0.0
27,255,6.584662358149656,10.269035889401446,0.0,0.0,0.0,1.0,0.0,1.0
28,255,9.39022720253472,10.589257244481114,1.0,0.0,0.0,0.0,0.0,0.0
29,255,5.108565046081788,9.290857981073344,0.0,1.0,0.0,0.0,0.0,0.0
0,260,7.656129815753468,2.3291838346682336,0.0,1.0,1.0,0.0,0.0,0.0
1,260,10.456491298708752,6.954015557719663,0.0,0.0,1.0,0.0,0.0,0.0
2,260,4.257315340771656,6.4201648646156055,0.0,1.0,0.0,0.0,0.0,0.0
3,260,0.6867486496345903,7.12163036030032,0.0,1.0,1.0,1.0,1.0,0.0
4,260,6.664933062878094,11.279860841798165,0.0,0.0,0.0,0.0,1.0,0.0
5,260,2.496278622515831,5.031478706040188,0.0,0.0,0.0,1.0,1.0,1.0
6,260,6.096490131458955,4.980233601423377,0.0,0.0,0.0,0.0,1.0,0.0
7,260,0.0,6.796465675680015,1.0,0.0,0.0,1.0,0.0,0.0
8,260,6.406752064535823,4.011035128936643,0.0,0.0,1.0,1.0,0.0,0.0
9,260,6.103658161820614,3.773824557209821,1.0,0.0,0.0,1.0,1.0,0.0
10,260,0.2031804560886556,7.69595519255597,1.0,1.0,1.0,0.0,1.0,1.0
11,260,0.0,10.69872167165999,1.0,0.0,1.0,1.0,0.0,0.0
12,260,3.7206499863070057,3.809927276739068,0.0,0.0,0.0,0.0,1.0,1.0
13,260,5.088879859234955,2.888778477392393,1.0,0.0,0.0,0.0,0.0,1.0
14,260,0.6931614607288398,1.0571582955950265,1.0,0.0,0.0,0.0,0.0,0.0
15,260,1.0480757433396672,10.298221995266683,1.0,0.0,0.0,1.0,1.0,0.0
16,260,2.8681625425134936,12.0,0.0,1.0,1.0,1.0,1.0,1.0
17,260,11.865658900833573,8.58082195564404,0.0,1.0,1.0,0.0,0.0,0.0
18,260,7.563773971500622,6.093877148076129,1.0,1.0,0.0,1.0,0.0,0.0
19,260,0.7654818123755226,6.640665665125256,0.0,1.0,0.0,0.0,0.0,0.0
20,260,0.0,5.6585422532008405,0.0,0.0,0.0,0.0,1.0,1.0
21,260,9.822012889193475,12.0,0.0,1.0,1.0,1.0,1.0,0.0
22,260,5.889600556197408,7.858875405019617,1.0,0.0,0.0,0.0,1.0,0.0
23,260,4.324337435780013,6.885564374877219,0.0,0.0,0.0,0.0,1.0,1.0
24,260,0.8686157869484094,11.907007006187216,0.0,1.0,0.0,0.0,0.0,0.0
25,260,2.555466248438087,0.0,0.0,0.0,0.0,0.0,1.0,0.0
26,260,2.7250903133433235,11.17494494103548,0.0,0.0,1.0,0.0,1.0,0.0
27,260,6.60812333368991,10.207803445680096,0.0,0.0,0.0,1.0,0.0,1.0
28,260,9.395111989260496,10.584561221831049,1.0,0.0,0.0,0.0,0.0,0.0
29,260,5.118722601975192,9.336582287036702,0.0,1.0,0.0,0.0,0.0,0.0
0,265,7.68887265283364,2.3145883631370734,0.0,1.0,1.0,0.0,0.0,0.0
1,265,10.45504174466164,6.909858099142482,0.0,0.0,1.0,0.0,0.0,0.0
2,265,4.3064567635214805,6.402477966273731,0.0,1.0,0.0,0.0,0.0,0.0
3,265,0.6791021551414493,7.127756124825154,0.0,1.0,1.0,1.0,1.0,0.0
4,265,6.745610458847554,11.241697216137371,0.0,0.0,0.0,0.0,1.0,0.0
5,265,2.535296088613592,5.007383843276502,0.0,0.0,0.0,1.0,1.0,1.0
6,265,6.148853934559045,4.960630288693568,0.0,0.0,0.0,0.0,1.0,0.0
7,265,0.0,6.742072114930601,1.0,0.0,0.0,1.0,0.0,0.0
8,265,6.433434400826299,3.9545170317091447,0.0,0.0,1.0,1.0,0.0,0.0
9,265,6.061827743103692,3.881952531568981,1.0,0.0,0.0,1.0,1.0,0.0
10,265,0.2057470607746099,7.697409468163794,1.0,1.0,1.0,0.0,1.0,1.0
11,265,0.0,10.749918316233666,1.0,0.0,1.0,1.0,0.0,0.0
12,265,3.719123715319213,3.8249051979588176,0.0,0.0,0.0,0.0,1.0,1.0
13,265,5.114847771210991,2.8735692462174205,1.0,0.0,0.0,0.0,0.0,1.0
14,265,0.626382749173898,1.173186854622018,1.0,0.0,0.0,0.0,0.0,0.0
15,265,1.101454112869879,10.330237031510103,1.0,0.0,0.0,1.0,1.0,0.0
16,265,2.761340942208836,12.0,0.0,1.0,1.0,1.0,1.0,1.0
17,265,11.8673205311219,8.58227538166276,0.0,1.0,1.0,0.0,0.0,0.0
18,265,7.600634696440286,6.085626157937086,1.0,1.0,0.0,1.0,0.0,0.0
19,265,0.7090378884016898,6.594992293686375,0.0,1.0,0.0,0.0,0.0,0.0
20,265,0.0,5.703819223730838,0.0,0.0,0.0,0.0,1.0,1.0
21,265,9.722376193736226,12.0,0.0,1.0,1.0,1.0,1.0,0.0
22,265,5.879960992706881,7.946074113167657,1.0,0.0,0.0,0.0,1.0,0.0
23,265,4.320898696533814,6.882440766800898,0.0,0.0,0.0,0.0,1.0,1.0
24,265,0.8731597366780156,12.0,0.0,1.0,0.0,0.0,0.0,0.0
25,265,2.494381533091143,0.0,0.0,0.0,0.0,0.0,1.0,0.0
26,265,2.73217533740937,11.164376599021598,0.0,0.0,1.0,0.0,1.0,0.0
27,265,6.63614851686956,10.129190812803994,0.0,0.0,0.0,1.0,0.0,1.0
28,265,9.394708189171924,10.58495705115095,1.0,0.0,0.0,0.0,0.0,0.0
29,265,5.128257521906042,9.382420095109364,0.0,1.0,0.0,0.0,0.0,0.0
0,270,7.726768893206892,2.296595247902557,0.0,1.0,1.0,0.0,0.0,0.0
1,270,10.453565688825073,6.853203657019595,0.0,0.0,1.0,0.0,0.0,0.0
2,270,4.366887675463286,6.38038922040904,0.0,1.0,0.0,0.0,0.0,0.0
3,270,0.6837885618151938,7.123822486396317,0.0,1.0,1.0,1.0,1.0,0.0
4,270,6.82751722896186,11.202604629130672,0.0,0.0,0.0,0.0,1.0,0.0
5,270,2.5723568860062542,4.985171163163632,0.0,0.0,0.0,1.0,1.0,1.0
6,270,6.190088570194408,4.944808740104777,0.0,0.0,0.0,0.0,1.0,0.0
7,270,0.0,6.680606530098169,1.0,0.0,0.0,1.0,0.0,0.0
8,270,6.459212650629205,3.902278365848381,0.0,0.0,1.0,1.0,0.0,0.0
9,270,6.021748217482839,3.9973465213429646,1.0,0.0,0.0,1.0,1.0,0.0
10,270,0.1936672317206215,7.690563312543611,1.0,1.0,1.0,0.0,1.0,1.0
11,270,0.0,10.806053836808584,1.0,0.0,1.0,1.0,0.0,0.0
12,270,3.719499517215518,3.8198740147038377,0.0,0.0,0.0,0.0,1.0,1.0
13,270,5.160178896377267,2.8470195144972457,1.0,0.0,0.0,0.0,0.0,1.0
14,270,0.5528836287872316,1.293975014997312,1.0,0.0,0.0,0.0,0.0,0.0
15,270,1.1491655929892894,10.359318414036242,1.0,0.0,0.0,1.0,1.0,0.0
16,270,2.642943625511798,12.0,0.0,1.0,1.0,1.0,1.0,1.0
17,270,11.871187497948355,8.585848834449104,0.0,1.0,1.0,0.0,0.0,0.0
18,270,7.6536174809834066,6.075672626265967,1.0,1.0,0.0,1.0,0.0,0.0
19,270,0.6502773024265819,6.548069388639749,0.0,1.0,0.0,0.0,0.0,0.0
20,270,0.0,5.7375941965713055,0.0,0.0,0.0,0.0,1.0,1.0
21,270,9.609630712568716,12.0,0.0,1.0,1.0,1.0,1.0,0.0
22,270,5.87424018629229,8.010239134795508,1.0,0.0,0.0,0.0,1.0,0.0
23,270,4.316356281715944,6.878535023852619,0.0,0.0,0.0,0.0,1.0,1.0
24,270,0.8778694670931093,12.0,0.0,1.0,0.0,0.0,0.0,0.0
25,270,2.416286357485295,0.0,0.0,0.0,0.0,0.0,1.0,0.0
26,270,2.749374443128937,11.139072426966877,0.0,0.0,1.0,0.0,1.0,0.0
27,270,6.665677534253683,10.044321237729172,0.0,0.0,0.0,1.0,0.0,1.0
28,270,9.385628889965815,10.593632638339791,1.0,0.0,0.0,0.0,0.0,0.0
29,270,5.136352447134342,9.42117520546446,0.0,1.0,0.0,0.0,0.0,0.0
0,275,7.786176633226378,2.268794198111184,0.0,1.0,1.0,0.0,0.0,0.0
1,275,10.453759754040291,6.812348264357443,0.0,0.0,1.0,0.0,0.0,0.0
2,275,4.443601881382344,6.35119462105022,0.0,1.0,0.0,0.0,0.0,0.0
3,275,0.680419205231028,7.12665791863275,0.0,1.0,1.0,1.0,1.0,0.0
4,275,6.935405958911625,11.153506528861383,0.0,0.0,0.0,0.0,1.0,0.0
5,275,2.629523826600126,4.950599002049193,0.0,0.0,0.0,1.0,1.0,1.0
6,275,6.223523979486882,4.932040252882247,0.0,0.0,0.0,0.0,1.0,0.0
7,275,0.0,6.620793553365832,1.0,0.0,0.0,1.0,0.0,0.0
8,275,6.482968110325951,3.854976224128351,0.0,0.0,1.0,1.0,0.0,0.0
9,275,5.976393313395323,4.127344026492544,1.0,0.0,0.0,1.0,1.0,0.0
10,275,0.1899891394823342,7.688430160380835,1.0,1.0,1.0,0.0,1.0,1.0
11,275,0.0,10.864057544983345,1.0,0.0,1.0,1.0,0.0,0.0
12,275,3.721024539413928,3.8014407054846937,0.0,0.0,0.0,0.0,1.0,1.0
13,275,5.212691376092091,2.816036612365531,1.0,0.0,0.0,0.0,0.0,1.0
14,275,0.4673319307884507,1.4446235025216614,1.0,0.0,0.0,0.0,0.0,0.0
15,275,1.1987602051590975,10.389808485034676,1.0,0.0,0.0,1.0,1.0,0.0
16,275,2.528202418519929,12.0,0.0,1.0,1.0,1.0,1.0,1.0
17,275,11.878806600725602,8.592653811115158,0.0,1.0,1.0,0.0,0.0,0.0
18,275,7.71612453408028,6.06372263456737,1.0,1.0,0.0,1.0,0.0,0.0
19,275,0.5822051359834499,6.495854647453785,0.0,1.0,0.0,0.0,0.0,0.0
20,275,0.0,5.768337919269835,0.0,0.0,0.0,0.0,1.0,1.0
21,275,9.483835978098073,12.0,0.0,1.0,1.0,1.0,1.0,0.0
22,275,5.870575139226702,8.063170657346907,1.0,0.0,0.0,0.0,1.0,0.0
23,275,4.3129767609868885,6.875564839824071,0.0,0.0,0.0,0.0,1.0,1.0
24,275,0.88467667398472,12.0,0.0,1.0,0.0,0.0,0.0,0.0
25,275,2.3255745925792555,0.0,0.0,0.0,0.0,0.0,1.0,0.0
26,275,2.7666558546119453,11.113260972354178,0.0,0.0,1.0,0.0,1.0,0.0
27,275,6.697159172657012,9.94372608943283,0.0,0.0,0.0,1.0,0.0,1.0
28,275,9.369618368976411,10.609252686068237,1.0,0.0,0.0,0.0,0.0,0.0
29,275,5.1439115301706,9.465816899821878,0.0,1.0,0.0,0.0,0.0,0.0
0,280,7.83867624763939,2.242906851348568,0.0,1.0,1.0,0.0,0.0,0.0
1,280,10.45402682903178,6.7875465758771325,0.0,0.0,1.0,0.0,0.0,0.0
2,280,4.526260955413616,6.32269469585396,0.0,1.0,0.0,0.0,0.0,0.0
3,280,0.6583789157588037,7.14577857617653,0.0,1.0,1.0,1.0,1.0,0.0
4,280,7.044911511032908,11.102103994352156,0.0,0.0,0.0,0.0,1.0,0.0
5,280,2.6831216703672416,4.915865822854713,0.0,0.0,0.0,1.0,1.0,1.0
6,280,6.255265930551766,4.9197607508191314,0.0,0.0,0.0,0.0,1.0,0.0
7,280,0.0,6.561369927154556,1.0,0.0,0.0,1.0,0.0,0.0
8,280,6.496384667966292,3.828363303780836,0.0,0.0,1.0,1.0,0.0,0.0
9,280,5.93364328665669,4.240817217874484,1.0,0.0,0.0,1.0,1.0,0.0
10,280,0.1774461634014899,7.681370610554108,1.0,1.0,1.0,0.0,1.0,1.0
11,280,0.0,10.914221757809806,1.0,0.0,1.0,1.0,0.0,0.0
12,280,3.7235368471005543,3.7733666787162665,0.0,0.0,0.0,0.0,1.0,1.0
13,280,5.26852924684695,2.783617895424996,1.0,0.0,0.0,0.0,0.0,1.0
14,280,0.6208052510980839,1.532556008187623,1.0,0.0,0.0,0.0,0.0,0.0
15,280,1.2528045357094493,10.423545807403425,1.0,0.0,0.0,1.0,1.0,0.0
16,280,2.402782108700816,12.0,0.0,1.0,1.0,1.0,1.0,1.0
17,280,11.882576063063084,8.588538801975515,0.0,1.0,1.0,0.0,0.0,0.0
18,280,7.776500808379386,6.051111271960679,1.0,1.0,0.0,1.0,0.0,0.0
19,280,0.5203308312569144,6.449754502150694,0.0,1.0,0.0,0.0,0.0,0.0
20,280,0.0,5.8052314407193855,0.0,0.0,0.0,0.0,1.0,1.0
21,280,9.352241611185288,12.0,0.0,1.0,1.0,1.0,1.0,0.0
22,280,5.86713525143261,8.117083903763547,1.0,0.0,0.0,0.0,1.0,0.0
23,280,4.30159312580179,6.86520691625349,0.0,0.0,0.0,0.0,1.0,1.0
24,280,0.8905336734258356,12.0,0.0,1.0,0.0,0.0,0.0,0.0
25,280,2.238860997424997,0.0,0.0,0.0,0.0,0.0,1.0,0.0
26,280,2.788063646415158,11.081209660555832,0.0,0.0,1.0,0.0,1.0,0.0
27,280,6.726162119837926,9.84877400258045,0.0,0.0,0.0,1.0,0.0,1.0
28,280,9.347095552605849,10.631940835973944,1.0,0.0,0.0,0.0,0.0,0.0
29,280,5.148857033378299,9.50383080010946,0.0,1.0,0.0,0.0,0.0,0.0
0,285,7.892895546086798,2.216177458391229,0.0,1.0,1.0,0.0,0.0,0.0
1,285,10.453628980913432,6.763448147423512,0.0,0.0,1.0,0.0,0.0,0.0
2,285,4.6149122131827145,6.29201948269638,0.0,1.0,0.0,0.0,0.0,0.0
3,285,0.6366117959640407,7.163880359941289,0.0,1.0,1.0,1.0,1.0,0.0
4,285,7.153867738591854,11.050286637002836,0.0,0.0,0.0,0.0,1.0,0.0
5,285,2.748578315466809,4.874286810858839,0.0,0.0,0.0,1.0,1.0,1.0
6,285,6.268802648240793,4.914509190906914,0.0,0.0,0.0,0.0,1.0,0.0
7,285,0.0,6.495649587010594,1.0,0.0,0.0,1.0,0.0,0.0
8,285,6.522934996895627,3.7795619568966954,0.0,0.0,1.0,1.0,0.0,0.0
9,285,5.889068109357904,4.357226021818565,1.0,0.0,0.0,1.0,1.0,0.0
10,285,0.1639099129956897,7.673705020246301,1.0,1.0,1.0,0.0,1.0,1.0
11,285,0.0,10.952248722958076,1.0,0.0,1.0,1.0,0.0,0.0
12,285,3.723264263208759,3.7764615392737975,0.0,0.0,0.0,0.0,1.0,1.0
13,285,5.3399425856313965,2.743615949023354,1.0,0.0,0.0,0.0,0.0,1.0
14,285,0.7551776150664095,1.6124990125690164,1.0,0.0,0.0,0.0,0.0,0.0
15,285,1.3214967849169088,10.467330627611863,1.0,0.0,0.0,1.0,1.0,0.0
16,285,2.28207912811017,12.0,0.0,1.0,1.0,1.0,1.0,1.0
17,285,11.887421062347006,8.583091329284775,0.0,1.0,1.0,0.0,0.0,0.0
18,285,7.815316352977925,6.0435205126572304,1.0,1.0,0.0,1.0,0.0,0.0
19,285,0.4688274894098382,6.411524804589008,0.0,1.0,0.0,0.0,0.0,0.0
20,285,0.0,5.838670397392224,0.0,0.0,0.0,0.0,1.0,1.0
21,285,9.232600353655348,12.0,0.0,1.0,1.0,1.0,1.0,0.0
22,285,5.864806019164697,8.156767440067613,1.0,0.0,0.0,0.0,1.0,0.0
23,285,4.292721615736207,6.857548544217309,0.0,0.0,0.0,0.0,1.0,1.0
24,285,0.8939389607078473,12.0,0.0,1.0,0.0,0.0,0.0,0.0
25,285,2.163322098337485,0.0,0.0,0.0,0.0,0.0,1.0,0.0
26,285,2.7977093252736247,11.066879110082024,0.0,0.0,1.0,0.0,1.0,0.0
27,285,6.750043482327365,9.76707836343518,0.0,0.0,0.0,1.0,0.0,1.0
28,285,9.331371130085504,10.616330717462464,1.0,0.0,0.0,0.0,0.0,0.0
29,285,5.152190621113656,9.53336560028541,0.0,1.0,0.0,0.0,0.0,0.0
0,290,7.951564489470432,2.187744029753225,0.0,1.0,1.0,0.0,0.0,0.0
1,290,10.454191814881613,6.780170109250766,0.0,0.0,1.0,0.0,0.0,0.0
2,290,4.722389385743558,6.2542263143053125,0.0,1.0,0.0,0.0,0.0,0.0
3,290,0.6052121781339433,7.189600566721,0.0,1.0,1.0,1.0,1.0,0.0
4,290,7.269606435486957,10.996060118650812,0.0,0.0,0.0,0.0,1.0,0.0
5,290,2.8219519793974364,4.827294637858753,0.0,0.0,0.0,1.0,1.0,1.0
6,290,6.286267201190701,4.907683158717117,0.0,0.0,0.0,0.0,1.0,0.0
7,290,0.0,6.421579926995654,1.0,0.0,0.0,1.0,0.0,0.0
8,290,6.549913784470079,3.726868591263829,0.0,0.0,1.0,1.0,0.0,0.0
9,290,5.8507609540967,4.458058388224854,1.0,0.0,0.0,1.0,1.0,0.0
10,290,0.134180205740409,7.656891121918609,1.0,1.0,1.0,0.0,1.0,1.0
11,290,0.0,10.99204651191604,1.0,0.0,1.0,1.0,0.0,0.0
12,290,3.722327247670921,3.787486162700487,0.0,0.0,0.0,0.0,1.0,1.0
13,290,5.396905830575682,2.714176403212504,1.0,0.0,0.0,0.0,0.0,1.0
14,290,0.8963400008364132,1.695427118514936,1.0,0.0,0.0,0.0,0.0,0.0
15,290,1.387653522920603,10.507700388749464,1.0,0.0,0.0,1.0,1.0,0.0
16,290,2.1676238450975323,12.0,0.0,1.0,1.0,1.0,1.0,1.0
17,290,11.89583774522574,8.573879922860272,0.0,1.0,1.0,0.0,0.0,0.0
18,290,7.849185726785556,6.036496180103748,1.0,1.0,0.0,1.0,0.0,0.0
19,290,0.4235063445551018,6.376053333844587,0.0,1.0,0.0,0.0,0.0,0.0
20,290,0.0,5.877000547018541,0.0,0.0,0.0,0.0,1.0,1.0
21,290,9.10864824719928,12.0,0.0,1.0,1.0,1.0,1.0,0.0
22,290,5.862245146948627,8.191992854700468,1.0,0.0,0.0,0.0,1.0,0.0
23,290,4.291541608206045,6.856538170592024,0.0,0.0,0.0,0.0,1.0,1.0
24,290,0.8960829926014483,12.0,0.0,1.0,0.0,0.0,0.0,0.0
25,290,2.085522315358161,0.0,0.0,0.0,0.0,0.0,1.0,0.0
26,290,2.813884998515958,11.043256154003936,0.0,0.0,1.0,0.0,1.0,0.0
27,290,6.7703611452824015,9.699670122894052,0.0,0.0,0.0,1.0,0.0,1.0
28,290,9.322790298216283,10.607784316467084,1.0,0.0,0.0,0.0,0.0,0.0
29,290,5.155720809904692,9.56260292281262,0.0,1.0,0.0,0.0,0.0,0.0
0,295,8.023753061639123,2.1521092324857887,0.0,1.0,1.0,0.0,0.0,0.0
1,295,10.454667354141597,6.7888813165837,0.0,0.0,1.0,0.0,0.0,0.0
2,295,4.8144417425821135,6.220533714224244,0.0,1.0,0.0,0.0,0.0,0.0
3,295,0.5764411401665765,7.213350868606198,0.0,1.0,1.0,1.0,1.0,0.0
4,295,7.389299714710908,10.93660068563063,0.0,0.0,0.0,0.0,1.0,0.0
5,295,2.894301081713452,4.780579355909612,0.0,0.0,0.0,1.0,1.0,1.0
6,295,6.317727624503031,4.896126174438662,0.0,0.0,0.0,0.0,1.0,0.0
7,295,0.0,6.346421558082825,1.0,0.0,0.0,1.0,0.0,0.0
8,295,6.5824507909472665,3.66806765029372,0.0,0.0,1.0,1.0,0.0,0.0
9,295,5.821440078858134,4.533355399959742,1.0,0.0,0.0,1.0,1.0,0.0
10,295,0.1059671885012907,7.640875403730972,1.0,1.0,1.0,0.0,1.0,1.0
11,295,0.0,11.03217878031938,1.0,0.0,1.0,1.0,0.0,0.0
12,295,3.718971291849147,3.816265003887074,0.0,0.0,0.0,0.0,1.0,1.0
13,295,5.444122093375476,2.6884347880473927,1.0,0.0,0.0,0.0,0.0,1.0
14,295,1.0275054797169574,1.7720305309988584,1.0,0.0,0.0,0.0,0.0,0.0
15,295,1.4475029729942337,10.545544434802242,1.0,0.0,0.0,1.0,1.0,0.0
16,295,2.056921333014513,12.0,0.0,1.0,1.0,1.0,1.0,1.0
17,295,11.899914783416346,8.569443101773478,0.0,1.0,1.0,0.0,0.0,0.0
18,295,7.895294176700955,6.027965851866367,1.0,1.0,0.0,1.0,0.0,0.0
19,295,0.382179618866524,6.342353855933659,0.0,1.0,0.0,0.0,0.0,0.0
20,295,0.0,5.91856316240249,0.0,0.0,0.0,0.0,1.0,1.0
21,295,8.985706100213964,12.0,0.0,1.0,1.0,1.0,1.0,0.0
22,295,5.859283032532432,8.22595277238663,1.0,0.0,0.0,0.0,1.0,0.0
23,295,4.281262208230156,6.847979054538794,0.0,0.0,0.0,0.0,1.0,1.0
24,295,0.8975371130586024,12.0,0.0,1.0,0.0,0.0,0.0,0.0
25,295,2.0240492896002333,0.0,0.0,0.0,0.0,0.0,1.0,0.0
26,295,2.826699708085489,11.024140386983737,0.0,0.0,1.0,0.0,1.0,0.0
27,295,6.787455905946619,9.639709337143907,0.0,0.0,0.0,1.0,0.0,1.0
28,295,9.30775546445111,10.592337413368224,1.0,0.0,0.0,0.0,0.0,0.0
29,295,5.157194335480221,9.57564099033894,0.0,1.0,0.0,0.0,0.0,0.0
