0,0,1.033480774328673,9.957040206423638,0.0,1.0,0.0,0.0,1.0,0.0
1,0,2.0548694445472333,3.976279670956374,0.0,1.0,1.0,0.0,0.0,0.0
2,0,6.968799519643792,10.005878488720356,0.0,0.0,1.0,1.0,0.0,1.0
3,0,4.9438447727209525,10.972824138067866,1.0,0.0,0.0,1.0,0.0,0.0
4,0,4.957609555906347,4.973498415346411,1.0,1.0,1.0,1.0,0.0,0.0
5,0,5.058249005815171,11.98021012851308,0.0,1.0,0.0,0.0,1.0,0.0
6,0,3.0190850714915065,12.0,1.0,0.0,0.0,0.0,0.0,1.0
7,0,6.99274860209999,1.0493958223158752,0.0,1.0,0.0,1.0,0.0,1.0
8,0,5.993927760110998,3.0653898386316576,0.0,0.0,0.0,0.0,0.0,1.0
9,0,9.066707201697804,2.0081476116136243,1.0,1.0,0.0,0.0,1.0,0.0
10,0,1.9938835161583357,6.0552844644778565,1.0,0.0,0.0,0.0,0.0,0.0
11,0,8.974102028873409,9.955231161264736,0.0,0.0,1.0,0.0,0.0,0.0
12,0,10.95244391589079,2.998132791570629,0.0,0.0,0.0,1.0,0.0,0.0
13,0,1.9498289092324972,3.986382436725759,0.0,0.0,0.0,0.0,1.0,0.0
14,0,11.949247471697808,5.991358129002853,0.0,0.0,0.0,0.0,1.0,1.0
15,0,2.95617389326633,6.001761224910008,0.0,1.0,0.0,1.0,0.0,1.0
16,0,7.035185495389118,6.01154853307062,0.0,1.0,0.0,0.0,1.0,1.0
17,0,4.992514943615421,0.9656220952787444,1.0,0.0,1.0,0.0,0.0,0.0
18,0,8.012715208741442,2.051563194726236,0.0,1.0,1.0,0.0,1.0,1.0
19,0,9.059928603733637,1.0592728266990452,1.0,1.0,1.0,1.0,0.0,1.0
20,0,0.0366954558580121,3.07369205650569,0.0,0.0,1.0,0.0,1.0,0.0
21,0,0.9377802012894456,1.9558128365460203,0.0,0.0,0.0,0.0,1.0,0.0
22,0,4.037649105312982,0.0,0.0,0.0,1.0,0.0,1.0,1.0
23,0,10.062202704091366,9.973235062967309,0.0,0.0,1.0,0.0,1.0,0.0
24,0,8.01152112987253,12.0,0.0,1.0,0.0,0.0,0.0,0.0
25,0,4.033050965291497,12.0,0.0,1.0,0.0,0.0,1.0,0.0
26,0,4.040418025973328,4.9529642735165575,0.0,0.0,1.0,0.0,0.0,0.0
27,0,8.985904796950853,6.962761659710612,0.0,0.0,1.0,1.0,0.0,0.0
28,0,8.977506369009463,12.0,1.0,0.0,0.0,0.0,1.0,0.0
29,0,3.050119174805615,7.997282670556366,0.0,0.0,1.0,0.0,1.0,0.0
0,5,1.0670527906259009,9.91125031295746,0.0,1.0,0.0,0.0,1.0,0.0
1,5,2.116870865506132,3.948898776908568,0.0,1.0,1.0,0.0,0.0,0.0
2,5,6.914593761425807,10.016027531609216,0.0,0.0,1.0,1.0,0.0,1.0
3,5,4.891420703051457,10.947472487215189,1.0,0.0,0.0,1.0,0.0,0.0
4,5,4.901482159599875,4.940140178274896,1.0,1.0,1.0,1.0,0.0,0.0
5,5,5.116594099657027,11.96194154852522,0.0,1.0,0.0,0.0,1.0,0.0
6,5,3.037782929505968,12.0,1.0,0.0,0.0,0.0,0.0,1.0
7,5,6.988076244407055,1.0822915822280554,0.0,1.0,0.0,1.0,0.0,1.0
8,5,5.98887757695696,3.133409236634914,0.0,0.0,0.0,0.0,0.0,1.0
9,5,9.13991738781181,2.017031836697921,1.0,1.0,0.0,0.0,1.0,0.0
10,5,1.986740781082424,6.114596451669952,1.0,0.0,0.0,0.0,0.0,0.0
11,5,8.950337191373212,9.914802514523576,0.0,0.0,1.0,0.0,0.0,0.0
12,5,10.881329704480446,2.993614773809783,0.0,0.0,0.0,1.0,0.0,0.0
13,5,1.889428454117447,3.971594831444913,0.0,0.0,0.0,0.0,1.0,0.0
14,5,11.887644461212975,5.982184356808875,0.0,0.0,0.0,0.0,1.0,1.0
15,5,2.902175057022181,6.002603941283622,0.0,1.0,0.0,1.0,0.0,1.0
16,5,7.073555302718536,6.022858407161077,0.0,1.0,0.0,0.0,1.0,1.0
17,5,4.985789443083984,0.9671893171532274,1.0,0.0,1.0,0.0,0.0,0.0
18,5,8.029050113936023,2.11600753417365,0.0,1.0,1.0,0.0,1.0,1.0
19,5,9.109607451626266,1.1072097448821845,1.0,1.0,1.0,1.0,0.0,1.0
20,5,0.0726605877289012,3.145441929128619,0.0,0.0,1.0,0.0,1.0,0.0
21,5,0.8657478266090737,1.8999730937854733,0.0,0.0,0.0,0.0,1.0,0.0
22,5,4.082843966629226,0.0,0.0,0.0,1.0,0.0,1.0,1.0
23,5,10.133454034262044,9.942589262967426,0.0,0.0,1.0,0.0,1.0,0.0
24,5,8.025035891877424,12.0,0.0,1.0,0.0,0.0,0.0,0.0
25,5,4.082260428893561,11.971582876372278,0.0,1.0,0.0,0.0,1.0,0.0
26,5,4.084206052515939,4.9039751571395085,0.0,0.0,1.0,0.0,0.0,0.0
27,5,8.978469816261452,6.943580835802457,0.0,0.0,1.0,1.0,0.0,0.0
28,5,8.950553397729001,12.0,1.0,0.0,0.0,0.0,1.0,0.0
29,5,3.1154839496448594,7.993936454648953,0.0,0.0,1.0,0.0,1.0,0.0
0,10,1.0971228516760176,9.871266772781745,0.0,1.0,0.0,0.0,1.0,0.0
1,10,2.1555146474093334,3.931942934706672,0.0,1.0,1.0,0.0,0.0,0.0
2,10,6.84433737149626,10.02738679670756,0.0,0.0,1.0,1.0,0.0,1.0
3,10,4.8629622075675485,10.93342465474028,1.0,0.0,0.0,1.0,0.0,0.0
4,10,4.827555207756825,4.89416968283152,1.0,1.0,1.0,1.0,0.0,0.0
5,10,5.154723805484132,11.95045252220764,0.0,1.0,0.0,0.0,1.0,0.0
6,10,3.0632218753208265,12.0,1.0,0.0,0.0,0.0,0.0,1.0
7,10,6.982149452687881,1.1212354874826638,0.0,1.0,0.0,1.0,0.0,1.0
8,10,5.983884027896085,3.192542569451561,0.0,0.0,0.0,0.0,0.0,1.0
9,10,9.202931908496913,2.02512508218574,1.0,1.0,0.0,0.0,1.0,0.0
10,10,1.980261937329585,6.179800483087126,1.0,0.0,0.0,0.0,0.0,0.0
11,10,8.940434475541332,9.897924086502554,0.0,0.0,1.0,0.0,0.0,0.0
12,10,10.821706638273092,2.9912999405409675,0.0,0.0,0.0,1.0,0.0,0.0
13,10,1.8193307377673809,3.953715860037168,0.0,0.0,0.0,0.0,1.0,0.0
14,10,11.84771802338235,5.974819252082603,0.0,0.0,0.0,0.0,1.0,1.0
15,10,2.822196100531257,6.007007651001534,0.0,1.0,0.0,1.0,0.0,1.0
16,10,7.111997014582101,6.033717003728464,0.0,1.0,0.0,0.0,1.0,1.0
17,10,4.970136583060374,0.9706701997370992,1.0,0.0,1.0,0.0,0.0,0.0
18,10,8.048957563956296,2.192914183295397,0.0,1.0,1.0,0.0,1.0,1.0
19,10,9.148808628574626,1.14505760751872,1.0,1.0,1.0,1.0,0.0,1.0
20,10,0.1180651493594915,3.237045530340241,0.0,0.0,1.0,0.0,1.0,0.0
21,10,0.7819900578103338,1.8348188060956223,0.0,0.0,0.0,0.0,1.0,0.0
22,10,4.117942777249452,0.0,0.0,0.0,1.0,0.0,1.0,1.0
23,10,10.206000833147264,9.910902552223952,0.0,0.0,1.0,0.0,1.0,0.0
24,10,8.03461009233079,12.0,0.0,1.0,0.0,0.0,0.0,0.0
25,10,4.129191540623736,11.94353886272866,0.0,1.0,0.0,0.0,1.0,0.0
26,10,4.1099195015868055,4.875142785075259,0.0,0.0,1.0,0.0,0.0,0.0
27,10,8.973923532743395,6.931770000077598,0.0,0.0,1.0,1.0,0.0,0.0
28,10,8.921897622171675,12.0,1.0,0.0,0.0,0.0,1.0,0.0
29,10,3.214277918446852,7.988647458993292,0.0,0.0,1.0,0.0,1.0,0.0
0,15,1.122778313118627,9.834201320120783,0.0,1.0,0.0,0.0,1.0,0.0
1,15,2.204460124997108,3.911450386855394,0.0,1.0,1.0,0.0,0.0,0.0
2,15,6.774798857707149,10.037107332366435,0.0,0.0,1.0,1.0,0.0,1.0
3,15,4.845336938425559,10.92423557984186,1.0,0.0,0.0,1.0,0.0,0.0
4,15,4.739075526867147,4.839078244950993,1.0,1.0,1.0,1.0,0.0,0.0
5,15,5.178504464717061,11.943415237572378,0.0,1.0,0.0,0.0,1.0,0.0
6,15,3.0934906155951856,12.0,1.0,0.0,0.0,0.0,0.0,1.0
7,15,6.977666918323811,1.1538791044981571,0.0,1.0,0.0,1.0,0.0,1.0
8,15,5.978039083029896,3.261876443179667,0.0,0.0,0.0,0.0,0.0,1.0
9,15,9.265778545359808,2.0336471778408343,1.0,1.0,0.0,0.0,1.0,0.0
10,15,1.9735997301047687,6.250403137910269,1.0,0.0,0.0,0.0,0.0,0.0
11,15,8.936279960601823,9.891028443209404,0.0,0.0,1.0,0.0,0.0,0.0
12,15,10.764204787892352,2.9901970676213248,0.0,0.0,0.0,1.0,0.0,0.0
13,15,1.7542760084145363,3.937407032917276,0.0,0.0,0.0,0.0,1.0,0.0
14,15,11.813816539532253,5.968679234652995,0.0,0.0,0.0,0.0,1.0,1.0
15,15,2.725531968502497,6.010613745244611,0.0,1.0,0.0,1.0,0.0,1.0
16,15,7.162456720977636,6.048476108183245,0.0,1.0,0.0,0.0,1.0,1.0
17,15,4.963359522403146,0.9720101765574028,1.0,0.0,1.0,0.0,0.0,0.0
18,15,8.067346714458933,2.2590021336296235,0.0,1.0,1.0,0.0,1.0,1.0
19,15,9.167217734713732,1.1640305374521112,1.0,1.0,1.0,1.0,0.0,1.0
20,15,0.166971489216797,3.3381600459374288,0.0,0.0,1.0,0.0,1.0,0.0
21,15,0.6981078274557593,1.767364929811417,0.0,0.0,0.0,0.0,1.0,0.0
22,15,4.159883643554498,0.0,0.0,0.0,1.0,0.0,1.0,1.0
23,15,10.289378329281831,9.877082514305153,0.0,0.0,1.0,0.0,1.0,0.0
24,15,8.041198189682662,12.0,0.0,1.0,0.0,0.0,0.0,0.0
25,15,4.146543151700696,11.933142016108125,0.0,1.0,0.0,0.0,1.0,0.0
26,15,4.142457780874965,4.839096540350526,0.0,0.0,1.0,0.0,0.0,0.0
27,15,8.975728349195343,6.936388268517804,0.0,0.0,1.0,1.0,0.0,0.0
28,15,8.893920453728517,12.0,1.0,0.0,0.0,0.0,1.0,0.0
29,15,3.2963298308117275,7.983095411915626,0.0,0.0,1.0,0.0,1.0,0.0
0,20,1.1525673575907258,9.790240758563897,0.0,1.0,0.0,0.0,1.0,0.0
1,20,2.253261584550624,3.892222759213214,0.0,1.0,1.0,0.0,0.0,0.0
2,20,6.714186855223007,10.044157186752996,0.0,0.0,1.0,1.0,0.0,1.0
3,20,4.828833125105094,10.915730603472932,1.0,0.0,0.0,1.0,0.0,0.0
4,20,4.654753968771654,4.785155996670269,1.0,1.0,1.0,1.0,0.0,0.0
5,20,5.206944643676838,11.935113419449063,0.0,1.0,0.0,0.0,1.0,0.0
6,20,3.132488974752981,12.0,1.0,0.0,0.0,0.0,0.0,1.0
7,20,6.96987633677671,1.2228324185696668,0.0,1.0,0.0,1.0,0.0,1.0
8,20,5.972971436458488,3.334527410813558,0.0,0.0,0.0,0.0,0.0,1.0
9,20,9.333451920286436,2.043557821689981,1.0,1.0,0.0,0.0,1.0,0.0
10,20,1.9692561594404892,6.30655752863437,1.0,0.0,0.0,0.0,0.0,0.0
11,20,8.921963292048181,9.867945916055463,0.0,0.0,1.0,0.0,0.0,0.0
12,20,10.699690254551063,2.988798811819909,0.0,0.0,0.0,1.0,0.0,0.0
13,20,1.6557859323934234,3.914578449568235,0.0,0.0,0.0,0.0,1.0,0.0
14,20,11.78333075667028,5.96214983860813,0.0,0.0,0.0,0.0,1.0,1.0
15,20,2.617604251538908,6.016103055531836,0.0,1.0,0.0,1.0,0.0,1.0
16,20,7.19728621133279,6.057566705128253,0.0,1.0,0.0,0.0,1.0,1.0
17,20,4.972268018318085,0.9704192693030071,1.0,0.0,1.0,0.0,0.0,0.0
18,20,8.086014595848807,2.3291163780639668,0.0,1.0,1.0,0.0,1.0,1.0
19,20,9.17583400546014,1.1726828276669423,1.0,1.0,1.0,1.0,0.0,1.0
20,20,0.2122378295321873,3.4354593248335967,0.0,0.0,1.0,0.0,1.0,0.0
21,20,0.6344487977128815,1.714954709579142,0.0,0.0,0.0,0.0,1.0,0.0
22,20,4.195935527285756,0.0,0.0,0.0,1.0,0.0,1.0,1.0
23,20,10.391879223832415,9.836128443528562,0.0,0.0,1.0,0.0,1.0,0.0
24,20,8.049546301120925,12.0,0.0,1.0,0.0,0.0,0.0,0.0
25,20,4.158769475543482,11.925832197443256,0.0,1.0,0.0,0.0,1.0,0.0
26,20,4.176512476185549,4.802406265461168,0.0,0.0,1.0,0.0,0.0,0.0
27,20,9.000208962649692,6.926393699321524,0.0,0.0,1.0,1.0,0.0,0.0
28,20,8.85983160125093,12.0,1.0,0.0,0.0,0.0,1.0,0.0
29,20,3.3812236130918776,7.975783283076696,0.0,0.0,1.0,0.0,1.0,0.0
0,25,1.180815901887366,9.74707697442276,0.0,1.0,0.0,0.0,1.0,0.0
1,25,2.29409125704166,3.87710959722676,0.0,1.0,1.0,0.0,0.0,0.0
2,25,6.646775540835029,10.05427572583818,0.0,0.0,1.0,1.0,0.0,1.0
3,25,4.794576411821823,10.896222557820549,1.0,0.0,0.0,1.0,0.0,0.0
4,25,4.578089448609384,4.734377164401519,1.0,1.0,1.0,1.0,0.0,0.0
5,25,5.19353944447186,11.938601161130658,0.0,1.0,0.0,0.0,1.0,0.0
6,25,3.167566925024892,12.0,1.0,0.0,0.0,0.0,0.0,1.0
7,25,6.962427884391184,1.3021358914050158,0.0,1.0,0.0,1.0,0.0,1.0
8,25,5.968787832414726,3.390845286764101,0.0,0.0,0.0,0.0,0.0,1.0
9,25,9.402975763470948,2.050081595578308,1.0,1.0,0.0,0.0,1.0,0.0
10,25,1.964799802094528,6.359431241335417,1.0,0.0,0.0,0.0,0.0,0.0
11,25,8.918878675937371,9.86310672834815,0.0,0.0,1.0,0.0,0.0,0.0
12,25,10.61088474835796,2.990072626464221,0.0,0.0,0.0,1.0,0.0,0.0
13,25,1.5747161771839753,3.895857551916957,0.0,0.0,0.0,0.0,1.0,0.0
14,25,11.743761945931332,5.953451872800169,0.0,0.0,0.0,0.0,1.0,1.0
15,25,2.623634753226983,6.129700071867693,0.0,1.0,0.0,1.0,0.0,1.0
16,25,7.224004571941357,6.063963351607892,0.0,1.0,0.0,0.0,1.0,1.0
17,25,4.978579381772433,0.969165525279774,1.0,0.0,1.0,0.0,0.0,0.0
18,25,8.110445110869604,2.4232022928665997,0.0,1.0,1.0,0.0,1.0,1.0
19,25,9.205390302274802,1.201972289617083,1.0,1.0,1.0,1.0,0.0,1.0
20,25,0.2600791088864304,3.5381973686777,0.0,0.0,1.0,0.0,1.0,0.0
21,25,0.5449784126656257,1.6440482836503187,0.0,0.0,0.0,0.0,1.0,0.0
22,25,4.24014705429184,0.0,0.0,0.0,1.0,0.0,1.0,1.0
23,25,10.50140055133541,9.795252559159358,0.0,0.0,1.0,0.0,1.0,0.0
24,25,8.05499217137966,12.0,0.0,1.0,0.0,0.0,0.0,0.0
25,25,4.165842447460696,11.921734255269907,0.0,1.0,0.0,0.0,1.0,0.0
26,25,4.21492774154786,4.760599407954633,0.0,0.0,1.0,0.0,0.0,0.0
27,25,9.02560008091058,6.916470692139329,0.0,0.0,1.0,1.0,0.0,0.0
28,25,8.823381041923902,12.0,1.0,0.0,0.0,0.0,1.0,0.0
29,25,3.4657340445934284,7.969299683168257,0.0,0.0,1.0,0.0,1.0,0.0
0,30,1.198617683704976,9.719478070625543,0.0,1.0,0.0,0.0,1.0,0.0
1,30,2.3341611020068047,3.861528976650769,0.0,1.0,1.0,0.0,0.0,0.0
2,30,6.604802824147736,10.059915512654277,0.0,0.0,1.0,1.0,0.0,1.0
3,30,4.754934962946837,10.8738360510475,1.0,0.0,0.0,1.0,0.0,0.0
4,30,4.516190703474307,4.693416045890909,1.0,1.0,1.0,1.0,0.0,0.0
5,30,5.161862877380066,11.946934539450124,0.0,1.0,0.0,0.0,1.0,0.0
6,30,3.196745233910298,12.0,1.0,0.0,0.0,0.0,0.0,1.0
7,30,6.956316354393997,1.3700727343278938,0.0,1.0,0.0,1.0,0.0,1.0
8,30,5.962471887517882,3.4808179759796163,0.0,0.0,0.0,0.0,0.0,1.0
9,30,9.472439578700405,2.056165162665016,1.0,1.0,0.0,0.0,1.0,0.0
10,30,1.9599878776869264,6.417990445677065,1.0,0.0,0.0,0.0,0.0,0.0
11,30,8.921893757797156,9.867737468875555,0.0,0.0,1.0,0.0,0.0,0.0
12,30,10.518061369894626,2.993210119315789,0.0,0.0,0.0,1.0,0.0,0.0
13,30,1.4852298756608155,3.872573249386203,0.0,0.0,0.0,0.0,1.0,0.0
14,30,11.692419940139846,5.943216090497398,0.0,0.0,0.0,0.0,1.0,1.0
15,30,2.6288019609952524,6.236836554652361,0.0,1.0,0.0,1.0,0.0,1.0
16,30,7.22705434857544,6.064664081147027,0.0,1.0,0.0,0.0,1.0,1.0
17,30,4.989235515441919,0.9670845457276058,1.0,0.0,1.0,0.0,0.0,0.0
18,30,8.133910553558739,2.5200606864936983,0.0,1.0,1.0,0.0,1.0,1.0
19,30,9.226022324985802,1.2237516416218304,1.0,1.0,1.0,1.0,0.0,1.0
20,30,0.3081519078266562,3.6401576431266474,0.0,0.0,1.0,0.0,1.0,0.0
21,30,0.4534610394683113,1.576271590559,0.0,0.0,0.0,0.0,1.0,0.0
22,30,4.289767550665645,0.0,0.0,0.0,1.0,0.0,1.0,1.0
23,30,10.60602507127776,9.75623196315901,0.0,0.0,1.0,0.0,1.0,0.0
24,30,8.062281288336301,12.0,0.0,1.0,0.0,0.0,0.0,0.0
25,30,4.168013665614744,11.92051203972756,0.0,1.0,0.0,0.0,1.0,0.0
26,30,4.237705388605042,4.734604547732534,0.0,0.0,1.0,0.0,0.0,0.0
27,30,9.055935543897837,6.905237464704025,0.0,0.0,1.0,1.0,0.0,0.0
28,30,8.7875764344972,12.0,1.0,0.0,0.0,0.0,1.0,0.0
29,30,3.535044435658934,7.964844231839433,0.0,0.0,1.0,0.0,1.0,0.0
0,35,1.2245397979292576,9.678534609333523,0.0,1.0,0.0,0.0,1.0,0.0
1,35,2.3667663925063107,3.848008503366652,0.0,1.0,1.0,0.0,0.0,0.0
2,35,6.590791659097272,10.061724749063671,0.0,0.0,1.0,1.0,0.0,1.0
3,35,4.710113897035472,10.847771934847591,1.0,0.0,0.0,1.0,0.0,0.0
4,35,4.427304454049624,4.635023207859013,1.0,1.0,1.0,1.0,0.0,0.0
5,35,5.111490741913951,11.960219948639622,0.0,1.0,0.0,0.0,1.0,0.0
6,35,3.231543243958322,12.0,1.0,0.0,0.0,0.0,0.0,1.0
7,35,6.951077810824158,1.4589115725903508,0.0,1.0,0.0,1.0,0.0,1.0
8,35,5.955015569623704,3.5638513545755206,0.0,0.0,0.0,0.0,0.0,1.0
9,35,9.537865114863738,2.060074248593391,1.0,1.0,0.0,0.0,1.0,0.0
10,35,1.9518543598790408,6.502086793963044,1.0,0.0,0.0,0.0,0.0,0.0
11,35,8.924657088348576,9.871990567968156,0.0,0.0,1.0,0.0,0.0,0.0
12,35,10.431239074874192,2.996108422420955,0.0,0.0,0.0,1.0,0.0,0.0
13,35,1.3886188591187965,3.847464782646041,0.0,0.0,0.0,0.0,1.0,0.0
14,35,11.668426089740043,5.938166327902833,0.0,0.0,0.0,0.0,1.0,1.0
15,35,2.633294308079796,6.353988543412879,0.0,1.0,0.0,1.0,0.0,1.0
16,35,7.247471341700466,6.068809605705516,0.0,1.0,0.0,0.0,1.0,1.0
17,35,4.99967169770114,0.9649657520594548,1.0,0.0,1.0,0.0,0.0,0.0
18,35,8.164388946141102,2.63077290168566,0.0,1.0,1.0,0.0,1.0,1.0
19,35,9.260123178202695,1.260421557648919,1.0,1.0,1.0,1.0,0.0,1.0
20,35,0.2557881959641736,3.53275778942865,0.0,0.0,1.0,0.0,1.0,0.0
21,35,0.3554429573917197,1.5044583726181195,0.0,0.0,0.0,0.0,1.0,0.0
22,35,4.324992132725047,0.0,0.0,0.0,1.0,0.0,1.0,1.0
23,35,10.696237093081198,9.72465228526344,0.0,0.0,1.0,0.0,1.0,0.0
24,35,8.071219052501112,12.0,0.0,1.0,0.0,0.0,0.0,0.0
25,35,4.17570162970867,11.91608009685014,0.0,1.0,0.0,0.0,1.0,0.0
26,35,4.254678117290775,4.715063819432259,0.0,0.0,1.0,0.0,0.0,0.0
27,35,9.126221345098886,6.879830685018535,0.0,0.0,1.0,1.0,0.0,0.0
28,35,8.752694726462737,12.0,1.0,0.0,0.0,0.0,1.0,0.0
29,35,3.58749038405761,7.961041581656023,0.0,0.0,1.0,0.0,1.0,0.0
0,40,1.261909386485837,9.620300183260335,0.0,1.0,0.0,0.0,1.0,0.0
1,40,2.4113403382397323,3.829893848659824,0.0,1.0,1.0,0.0,0.0,0.0
2,40,6.59003591545356,10.06181556918791,0.0,0.0,1.0,1.0,0.0,1.0
3,40,4.660465802854104,10.818794269789962,1.0,0.0,0.0,1.0,0.0,0.0
4,40,4.324818012598274,4.567283966474346,1.0,1.0,1.0,1.0,0.0,0.0
5,40,5.062271057137776,11.973570661180029,0.0,1.0,0.0,0.0,1.0,0.0
6,40,3.2674850193802665,12.0,1.0,0.0,0.0,0.0,0.0,1.0
7,40,6.948029955780642,1.5449355036502992,0.0,1.0,0.0,1.0,0.0,1.0
8,40,5.949800438569338,3.6507057612155633,0.0,0.0,0.0,0.0,0.0,1.0
9,40,9.593868310750024,2.063780326279972,1.0,1.0,0.0,0.0,1.0,0.0
10,40,1.944299584877333,6.558294646097258,1.0,0.0,0.0,0.0,0.0,0.0
11,40,8.918747985436445,9.863349499020158,0.0,0.0,1.0,0.0,0.0,0.0
12,40,10.35047735600711,2.996960946018723,0.0,0.0,0.0,1.0,0.0,0.0
13,40,1.3052865352899607,3.827211030556823,0.0,0.0,0.0,0.0,1.0,0.0
14,40,11.641677917597258,5.932471157081537,0.0,0.0,0.0,0.0,1.0,1.0
15,40,2.6384212799801605,6.459717956946209,0.0,1.0,0.0,1.0,0.0,1.0
16,40,7.3095135360616705,6.082906711946773,0.0,1.0,0.0,0.0,1.0,1.0
17,40,5.018225008928388,0.9608682988741706,1.0,0.0,1.0,0.0,0.0,0.0
18,40,8.18897660776337,2.7236445045320314,0.0,1.0,1.0,0.0,1.0,1.0
19,40,9.29351480479391,1.294877991950377,1.0,1.0,1.0,1.0,0.0,1.0
20,40,0.2130385280617063,3.4539551369303703,0.0,0.0,1.0,0.0,1.0,0.0
21,40,0.2612444404994914,1.4393181151549228,0.0,0.0,0.0,0.0,1.0,0.0
22,40,4.350253336852667,0.0,0.0,0.0,1.0,0.0,1.0,1.0
23,40,10.788537209759374,9.69138171955198,0.0,0.0,1.0,0.0,1.0,0.0
24,40,8.082485573611986,12.0,0.0,1.0,0.0,0.0,0.0,0.0
25,40,4.202041800520163,11.901506844444745,0.0,1.0,0.0,0.0,1.0,0.0
26,40,4.260234467232218,4.708547733045283,0.0,0.0,1.0,0.0,0.0,0.0
27,40,9.206843462796972,6.849252018412898,0.0,0.0,1.0,1.0,0.0,0.0
28,40,8.723671070218145,12.0,1.0,0.0,0.0,0.0,1.0,0.0
29,40,3.618550734160692,7.959300593736312,0.0,0.0,1.0,0.0,1.0,0.0
0,45,1.300246685790284,9.561194193635654,0.0,1.0,0.0,0.0,1.0,0.0
1,45,2.451503391996228,3.8142217512007934,0.0,1.0,1.0,0.0,0.0,0.0
2,45,6.599600669573732,10.060386186285028,0.0,0.0,1.0,1.0,0.0,1.0
3,45,4.600448557969668,10.783027149090374,1.0,0.0,0.0,1.0,0.0,0.0
4,45,4.2324429719216425,4.504861185460028,1.0,1.0,1.0,1.0,0.0,0.0
5,45,5.0426360279321525,11.979136521957496,0.0,1.0,0.0,0.0,1.0,0.0
6,45,3.3048456667743054,12.0,1.0,0.0,0.0,0.0,0.0,1.0
7,45,6.945099006960969,1.6269643226610446,0.0,1.0,0.0,1.0,0.0,1.0
8,45,5.943381216945188,3.751402758519368,0.0,0.0,0.0,0.0,0.0,1.0
9,45,9.624665830992877,2.065820795542856,1.0,1.0,0.0,0.0,1.0,0.0
10,45,1.9355449013304888,6.624339767332822,1.0,0.0,0.0,0.0,0.0,0.0
11,45,8.911433781110766,9.852643111503594,0.0,0.0,1.0,0.0,0.0,0.0
12,45,10.254550835599936,2.995071817878447,0.0,0.0,0.0,1.0,0.0,0.0
13,45,1.2297104329069946,3.808972269359734,0.0,0.0,0.0,0.0,1.0,0.0
14,45,11.613798026075376,5.926216403142423,0.0,0.0,0.0,0.0,1.0,1.0
15,45,2.6411489206489684,6.5505554793490655,0.0,1.0,0.0,1.0,0.0,1.0
16,45,7.353846074778644,6.092717385363658,0.0,1.0,0.0,0.0,1.0,1.0
17,45,5.032454063716064,0.95747072474138,1.0,0.0,1.0,0.0,0.0,0.0
18,45,8.221209640731157,2.8317341473633704,0.0,1.0,1.0,0.0,1.0,1.0
19,45,9.34229938038902,1.346994088974866,1.0,1.0,1.0,1.0,0.0,1.0
20,45,0.1732378061928508,3.374506708230032,0.0,0.0,1.0,0.0,1.0,0.0
21,45,0.1678854376182948,1.3711400533106295,0.0,0.0,0.0,0.0,1.0,0.0
22,45,4.385509470253539,0.0,0.0,0.0,1.0,0.0,1.0,1.0
23,45,10.864213274909288,9.664783115610213,0.0,0.0,1.0,0.0,1.0,0.0
24,45,8.091398812134653,12.0,0.0,1.0,0.0,0.0,0.0,0.0
25,45,4.248415441250592,11.874879714815089,0.0,1.0,0.0,0.0,1.0,0.0
26,45,4.270624363093897,4.696825543081332,0.0,0.0,1.0,0.0,0.0,0.0
27,45,9.280886594270758,6.819773887696814,0.0,0.0,1.0,1.0,0.0,0.0
28,45,8.692161451450165,12.0,1.0,0.0,0.0,0.0,1.0,0.0
29,45,3.651713780277837,7.957111965199826,0.0,0.0,1.0,0.0,1.0,0.0
0,50,1.3430308978629868,9.496468166845744,0.0,1.0,0.0,0.0,1.0,0.0
1,50,2.474829788416857,3.8055161870867,0.0,1.0,1.0,0.0,0.0,0.0
2,50,6.622090174921184,10.056245693280305,0.0,0.0,1.0,1.0,0.0,1.0
3,50,4.545783718203248,10.750771841057045,1.0,0.0,0.0,1.0,0.0,0.0
4,50,4.129617493088276,4.436323428122964,1.0,1.0,1.0,1.0,0.0,0.0
5,50,5.022987909901628,11.985535560988891,0.0,1.0,0.0,0.0,1.0,0.0
6,50,3.3405621662893754,12.0,1.0,0.0,0.0,0.0,0.0,1.0
7,50,6.941487307040111,1.7164392868574017,0.0,1.0,0.0,1.0,0.0,1.0
8,50,5.939133613354035,3.8144822998633945,0.0,0.0,0.0,0.0,0.0,1.0
9,50,9.637881431636592,2.066731350550997,1.0,1.0,0.0,0.0,1.0,0.0
10,50,1.9256070610378824,6.708319602839656,1.0,0.0,0.0,0.0,0.0,0.0
11,50,8.89740733833178,9.83172910937858,0.0,0.0,1.0,0.0,0.0,0.0
12,50,10.155547487387388,2.9944166906247505,0.0,0.0,0.0,1.0,0.0,0.0
13,50,1.1538932690368762,3.790181983568765,0.0,0.0,0.0,0.0,1.0,0.0
14,50,11.58437082041082,5.918832179566079,0.0,0.0,0.0,0.0,1.0,1.0
15,50,2.64249939378672,6.661814050525473,0.0,1.0,0.0,1.0,0.0,1.0
16,50,7.418614908066727,6.1038730484118044,0.0,1.0,0.0,0.0,1.0,1.0
17,50,5.038120945827905,0.956133465348162,1.0,0.0,1.0,0.0,0.0,0.0
18,50,8.256173073251304,2.949441215528757,0.0,1.0,1.0,0.0,1.0,1.0
19,50,9.38287971018123,1.391325348592705,1.0,1.0,1.0,1.0,0.0,1.0
20,50,0.1445572044505208,3.3166686565956787,0.0,0.0,1.0,0.0,1.0,0.0
21,50,0.0798849157834722,1.30604024491929,0.0,0.0,0.0,0.0,1.0,0.0
22,50,4.440216866054455,0.0,0.0,0.0,1.0,0.0,1.0,1.0
23,50,10.942517456147256,9.635768040271408,0.0,0.0,1.0,0.0,1.0,0.0
24,50,8.095410116910907,12.0,0.0,1.0,0.0,0.0,0.0,0.0
25,50,4.291451787828095,11.851058494985734,0.0,1.0,0.0,0.0,1.0,0.0
26,50,4.28577548800351,4.679706165387962,0.0,0.0,1.0,0.0,0.0,0.0
27,50,9.37216211879696,6.782936390360579,0.0,0.0,1.0,1.0,0.0,0.0
28,50,8.662811066903851,12.0,1.0,0.0,0.0,0.0,1.0,0.0
29,50,3.676237646714859,7.955602507720475,0.0,0.0,1.0,0.0,1.0,0.0
0,55,1.3790556301171333,9.44336194272049,0.0,1.0,0.0,0.0,1.0,0.0
1,55,2.4748322033534347,3.805515322376101,0.0,1.0,1.0,0.0,0.0,0.0
2,55,6.649358728486745,10.050782663421645,0.0,0.0,1.0,1.0,0.0,1.0
3,55,4.501731986812841,10.724345001849612,1.0,0.0,0.0,1.0,0.0,0.0
4,55,4.031966465157151,4.374551102260285,1.0,1.0,1.0,1.0,0.0,0.0
5,55,4.99877792593606,11.992690258937891,0.0,1.0,0.0,0.0,1.0,0.0
6,55,3.378956313255551,12.0,1.0,0.0,0.0,0.0,0.0,1.0
7,55,6.937776961571972,1.8219188174302188,0.0,1.0,0.0,1.0,0.0,1.0
8,55,5.935526507127794,3.9098456178388807,0.0,0.0,0.0,0.0,0.0,1.0
9,55,9.62754892920058,2.0657712709698006,1.0,1.0,0.0,0.0,1.0,0.0
10,55,1.9163644044111776,6.793322414354303,1.0,0.0,0.0,0.0,0.0,0.0
11,55,8.877492386155904,9.800247929983966,0.0,0.0,1.0,0.0,0.0,0.0
12,55,10.037498195930883,2.993458756336177,0.0,0.0,0.0,1.0,0.0,0.0
13,55,1.074937677735259,3.7703753939843887,0.0,0.0,0.0,0.0,1.0,0.0
14,55,11.549719737244835,5.909605164726504,0.0,0.0,0.0,0.0,1.0,1.0
15,55,2.645517628594931,6.750561443275793,0.0,1.0,0.0,1.0,0.0,1.0
16,55,7.496185204047249,6.117275780235792,0.0,1.0,0.0,0.0,1.0,1.0
17,55,5.03298128179116,0.957226507613164,1.0,0.0,1.0,0.0,0.0,0.0
18,55,8.299021725143099,3.10020831257086,0.0,1.0,1.0,0.0,1.0,1.0
19,55,9.43447470621426,1.446889198442681,1.0,1.0,1.0,1.0,0.0,1.0
20,55,0.1254449371202633,3.2775792216605883,0.0,0.0,1.0,0.0,1.0,0.0
21,55,0.0,1.2420198497291552,0.0,0.0,0.0,0.0,1.0,0.0
22,55,4.503792626726449,0.0,0.0,0.0,1.0,0.0,1.0,1.0
23,55,11.015634848581826,9.606022210824332,0.0,0.0,1.0,0.0,1.0,0.0
24,55,8.099217075047944,12.0,0.0,1.0,0.0,0.0,0.0,0.0
25,55,4.324863352707497,11.83258510588118,0.0,1.0,0.0,0.0,1.0,0.0
26,55,4.305646119209534,4.656718766756587,0.0,0.0,1.0,0.0,0.0,0.0
27,55,9.45839333882137,6.744594732567359,0.0,0.0,1.0,1.0,0.0,0.0
28,55,8.637879225241072,12.0,1.0,0.0,0.0,0.0,1.0,0.0
29,55,3.7226498558654737,7.952648035293761,0.0,0.0,1.0,0.0,1.0,0.0
0,60,1.4284598785012603,9.373282341875216,0.0,1.0,0.0,0.0,1.0,0.0
1,60,2.4873521885303767,3.801060933602277,0.0,1.0,1.0,0.0,0.0,0.0
2,60,6.675522236776019,10.045585954354866,0.0,0.0,1.0,1.0,0.0,1.0
3,60,4.451449711121668,10.693430619293354,1.0,0.0,0.0,1.0,0.0,0.0
4,60,3.9293549399409633,4.310853567794327,1.0,1.0,1.0,1.0,0.0,0.0
5,60,4.958565161668638,12.0,0.0,1.0,0.0,0.0,1.0,0.0
6,60,3.408881924000284,12.0,1.0,0.0,0.0,0.0,0.0,1.0
7,60,6.935960514169905,1.91708929761621,0.0,1.0,0.0,1.0,0.0,1.0
8,60,5.930461486814881,4.004481774632403,0.0,0.0,0.0,0.0,0.0,1.0
9,60,9.59887081147258,2.063666464079908,1.0,1.0,0.0,0.0,1.0,0.0
10,60,1.906340926226995,6.885282128906283,1.0,0.0,0.0,0.0,0.0,0.0
11,60,8.852210367570011,9.760452368391768,0.0,0.0,1.0,0.0,0.0,0.0
12,60,9.912781511707289,2.99183702565694,0.0,0.0,0.0,1.0,0.0,0.0
13,60,0.9765325116138708,3.744135518879797,0.0,0.0,0.0,0.0,1.0,0.0
14,60,11.507801775594732,5.898668184818127,0.0,0.0,0.0,0.0,1.0,1.0
15,60,2.647807385164135,6.828386805012377,0.0,1.0,0.0,1.0,0.0,1.0
16,60,7.556596274017191,6.12823638576517,0.0,1.0,0.0,0.0,1.0,1.0
17,60,5.033276772264236,0.9571561889960432,1.0,0.0,1.0,0.0,0.0,0.0
18,60,8.341325762415991,3.256452758525724,0.0,1.0,1.0,0.0,1.0,1.0
19,60,9.47776274918614,1.4915484286235612,1.0,1.0,1.0,1.0,0.0,1.0
20,60,0.105331881567385,3.2367480328129217,0.0,0.0,1.0,0.0,1.0,0.0
21,60,0.0,1.1698137676484637,0.0,0.0,0.0,0.0,1.0,0.0
22,60,4.569092792698863,0.0,0.0,0.0,1.0,0.0,1.0,1.0
23,60,11.09835284117652,9.574752656771595,0.0,0.0,1.0,0.0,1.0,0.0
24,60,8.104043631630871,12.0,0.0,1.0,0.0,0.0,0.0,0.0
25,60,4.3540325005840295,11.81624001935487,0.0,1.0,0.0,0.0,1.0,0.0
26,60,4.304382610723492,4.658144654377971,0.0,0.0,1.0,0.0,0.0,0.0
27,60,9.54932494698095,6.70388634077983,0.0,0.0,1.0,1.0,0.0,0.0
28,60,8.6123014749971,12.0,1.0,0.0,0.0,0.0,1.0,0.0
29,60,3.778074537676984,7.948949417070558,0.0,0.0,1.0,0.0,1.0,0.0
0,65,1.482306537227896,9.299357077671749,0.0,1.0,0.0,0.0,1.0,0.0
1,65,2.5023353035202627,3.795695175208493,0.0,1.0,1.0,0.0,0.0,0.0
2,65,6.69582249352129,10.0412897523338,0.0,0.0,1.0,1.0,0.0,1.0
3,65,4.385320529770791,10.653513165155571,1.0,0.0,0.0,1.0,0.0,0.0
4,65,3.8316157624932,4.249194333465251,1.0,1.0,1.0,1.0,0.0,0.0
5,65,4.926314297944613,12.0,0.0,1.0,0.0,0.0,1.0,0.0
6,65,3.44639590350375,12.0,1.0,0.0,0.0,0.0,0.0,1.0
7,65,6.934520287079756,1.986951767258672,0.0,1.0,0.0,1.0,0.0,1.0
8,65,5.927924897665776,4.08399637280625,0.0,0.0,0.0,0.0,0.0,1.0
9,65,9.595895265205211,2.0634646375273333,1.0,1.0,0.0,0.0,1.0,0.0
10,65,1.8959149170293212,6.985706440609108,1.0,0.0,0.0,0.0,0.0,0.0
11,65,8.816214962308454,9.706218885831126,0.0,0.0,1.0,0.0,0.0,0.0
12,65,9.782500958779709,2.990774923568369,0.0,0.0,0.0,1.0,0.0,0.0
13,65,0.8689131140539443,3.717072350717324,0.0,0.0,0.0,0.0,1.0,0.0
14,65,11.476702986555573,5.891030285315275,0.0,0.0,0.0,0.0,1.0,1.0
15,65,2.650861020870094,6.920068339362375,0.0,1.0,0.0,1.0,0.0,1.0
16,65,7.622746555116282,6.1401806006215525,0.0,1.0,0.0,0.0,1.0,1.0
17,65,5.047408388175255,0.9542677761744138,1.0,0.0,1.0,0.0,0.0,0.0
18,65,8.389687311866513,3.43984408104006,0.0,1.0,1.0,0.0,1.0,1.0
19,65,9.52741791059744,1.542658892470858,1.0,1.0,1.0,1.0,0.0,1.0
20,65,0.0807997255081365,3.181432540838295,0.0,0.0,1.0,0.0,1.0,0.0
21,65,0.0,1.0872184076864533,0.0,0.0,0.0,0.0,1.0,0.0
22,65,4.631225875588399,0.0,0.0,0.0,1.0,0.0,1.0,1.0
23,65,11.203337478691031,9.538379712120031,0.0,0.0,1.0,0.0,1.0,0.0
24,65,8.110553305401195,12.0,0.0,1.0,0.0,0.0,0.0,0.0
25,65,4.37169151387073,11.80675319810027,0.0,1.0,0.0,0.0,1.0,0.0
26,65,4.299773823982728,4.663098025529582,0.0,0.0,1.0,0.0,0.0,0.0
27,65,9.62502272081498,6.670214946083342,0.0,0.0,1.0,1.0,0.0,0.0
28,65,8.634790681412166,12.0,1.0,0.0,0.0,0.0,1.0,0.0
29,65,3.8195995707359818,7.945232195336807,0.0,0.0,1.0,0.0,1.0,0.0
0,70,1.5406178890166415,9.21854786449244,0.0,1.0,0.0,0.0,1.0,0.0
1,70,2.524233528854924,3.787678808228284,0.0,1.0,1.0,0.0,0.0,0.0
2,70,6.7190764894713775,10.036699229015683,0.0,0.0,1.0,1.0,0.0,1.0
3,70,4.34096032970244,10.626781647882664,1.0,0.0,0.0,1.0,0.0,0.0
4,70,3.894940660904656,4.151586211271946,1.0,1.0,1.0,1.0,0.0,0.0
5,70,4.883988152984865,12.0,0.0,1.0,0.0,0.0,1.0,0.0
6,70,3.4775786513176907,12.0,1.0,0.0,0.0,0.0,0.0,1.0
7,70,6.932638049852467,2.071205974575103,0.0,1.0,0.0,1.0,0.0,1.0
8,70,5.926542725112947,4.158096288266752,0.0,0.0,0.0,0.0,0.0,1.0
9,70,9.598464724751835,2.0636593401900685,1.0,1.0,0.0,0.0,1.0,0.0
10,70,1.886693110273663,7.073823412086542,1.0,0.0,0.0,0.0,0.0,0.0
11,70,8.771796509569887,9.63635887191626,0.0,0.0,1.0,0.0,0.0,0.0
12,70,9.658110661493891,2.9866755532774016,0.0,0.0,0.0,1.0,0.0,0.0
13,70,0.7698240956710904,3.693952418848536,0.0,0.0,0.0,0.0,1.0,0.0
14,70,11.444018230287435,5.882205639898555,0.0,0.0,0.0,0.0,1.0,1.0
15,70,2.653914026594017,7.005913602259222,0.0,1.0,0.0,1.0,0.0,1.0
16,70,7.698687350947395,6.152533805212889,0.0,1.0,0.0,0.0,1.0,1.0
17,70,5.055380578254858,0.9526781155296346,1.0,0.0,1.0,0.0,0.0,0.0
18,70,8.432151579442351,3.617584311690576,0.0,1.0,1.0,0.0,1.0,1.0
19,70,9.582455661542708,1.6018200027782503,1.0,1.0,1.0,1.0,0.0,1.0
20,70,0.0603018168457253,3.1369315132179603,0.0,0.0,1.0,0.0,1.0,0.0
21,70,0.0,1.0033711388370588,0.0,0.0,0.0,0.0,1.0,0.0
22,70,4.690661405079411,0.0,0.0,0.0,1.0,0.0,1.0,1.0
23,70,11.291405782542416,9.507111242262344,0.0,0.0,1.0,0.0,1.0,0.0
24,70,8.117968796458484,12.0,0.0,1.0,0.0,0.0,0.0,0.0
25,70,4.3925867126223554,11.79530496000732,0.0,1.0,0.0,0.0,1.0,0.0
26,70,4.300470036088854,4.66237484657182,0.0,0.0,1.0,0.0,0.0,0.0
27,70,9.689741499725995,6.642123100361401,0.0,0.0,1.0,1.0,0.0,0.0
28,70,8.651897512944954,12.0,1.0,0.0,0.0,0.0,1.0,0.0
29,70,3.8639231430104943,7.939975794633619,0.0,0.0,1.0,0.0,1.0,0.0
0,75,1.5909726129176351,9.148397143988095,0.0,1.0,0.0,0.0,1.0,0.0
1,75,2.566432836664295,3.774198306917728,0.0,1.0,1.0,0.0,0.0,0.0
2,75,6.753525360089792,10.03144591283555,0.0,0.0,1.0,1.0,0.0,1.0
3,75,4.296466360540409,10.600485306137584,1.0,0.0,0.0,1.0,0.0,0.0
4,75,3.9488854845574943,4.068473309432701,1.0,1.0,1.0,1.0,0.0,0.0
5,75,4.856638774254561,12.0,0.0,1.0,0.0,0.0,1.0,0.0
6,75,3.509598441914978,12.0,1.0,0.0,0.0,0.0,0.0,1.0
7,75,6.931931075498527,2.166747576090849,0.0,1.0,0.0,1.0,0.0,1.0
8,75,5.923496737348139,4.248866430739103,0.0,0.0,0.0,0.0,0.0,1.0
9,75,9.61245233423596,2.065038175628852,1.0,1.0,0.0,0.0,1.0,0.0
10,75,1.8763637998749976,7.157584629834221,1.0,0.0,0.0,0.0,0.0,0.0
11,75,8.727511706746762,9.564440706277898,0.0,0.0,1.0,0.0,0.0,0.0
12,75,9.53169171169836,2.9822391397231667,0.0,0.0,0.0,1.0,0.0,0.0
13,75,0.6819630955252558,3.674357123197255,0.0,0.0,0.0,0.0,1.0,0.0
14,75,11.40316228762562,5.872077210987317,0.0,0.0,0.0,0.0,1.0,1.0
15,75,2.657359703338648,7.076976102545526,0.0,1.0,0.0,1.0,0.0,1.0
16,75,7.751431989988611,6.16246587633939,0.0,1.0,0.0,0.0,1.0,1.0
17,75,5.075923757531757,0.9484888142841584,1.0,0.0,1.0,0.0,0.0,0.0
18,75,8.47026737291499,3.7838602300932207,0.0,1.0,1.0,0.0,1.0,1.0
19,75,9.650520791940618,1.5382093983854477,1.0,1.0,1.0,1.0,0.0,1.0
20,75,0.0375269031309117,3.089017536025828,0.0,0.0,1.0,0.0,1.0,0.0
21,75,0.0,0.9291351400248457,0.0,0.0,0.0,0.0,1.0,0.0
22,75,4.745627133683402,0.0,0.0,0.0,1.0,0.0,1.0,1.0
23,75,11.373042931998908,9.478078750337572,0.0,0.0,1.0,0.0,1.0,0.0
24,75,8.125940053604628,12.0,0.0,1.0,0.0,0.0,0.0,0.0
25,75,4.414584551691118,11.78307814265914,0.0,1.0,0.0,0.0,1.0,0.0
26,75,4.298695835354637,4.664134512916106,0.0,0.0,1.0,0.0,0.0,0.0
27,75,9.763722157834644,6.6081754508133095,0.0,0.0,1.0,1.0,0.0,0.0
28,75,8.666529880756473,12.0,1.0,0.0,0.0,0.0,1.0,0.0
29,75,3.9213966960147872,7.934012131701184,0.0,0.0,1.0,0.0,1.0,0.0
0,80,1.6319093608146529,9.092284902640008,0.0,1.0,0.0,0.0,1.0,0.0
1,80,2.5987722941113947,3.763251479781539,0.0,1.0,1.0,0.0,0.0,0.0
2,80,6.768045410187517,10.029037955982629,0.0,0.0,1.0,1.0,0.0,1.0
3,80,4.253279227267584,10.57514819709412,1.0,0.0,0.0,1.0,0.0,0.0
4,80,4.014869588754688,3.967145001546247,1.0,1.0,1.0,1.0,0.0,0.0
5,80,4.821981476782427,12.0,0.0,1.0,0.0,0.0,1.0,0.0
6,80,3.540408212570473,12.0,1.0,0.0,0.0,0.0,0.0,1.0
7,80,6.929558964904732,2.2574873874328585,0.0,1.0,0.0,1.0,0.0,1.0
8,80,5.920162794373774,4.322065535749752,0.0,0.0,0.0,0.0,0.0,1.0
9,80,9.623057681988682,2.065975103887198,1.0,1.0,0.0,0.0,1.0,0.0
10,80,1.956128252086316,7.16655210615431,1.0,0.0,0.0,0.0,0.0,0.0
11,80,8.678509863359887,9.4834358597233,0.0,0.0,1.0,0.0,0.0,0.0
12,80,9.40947605835956,2.976208407441612,0.0,0.0,0.0,1.0,0.0,0.0
13,80,0.5696126458142536,3.647838759745445,0.0,0.0,0.0,0.0,1.0,0.0
14,80,11.33587738746032,5.855317211032685,0.0,0.0,0.0,0.0,1.0,1.0
15,80,2.6593215877483427,7.1474175067526655,0.0,1.0,0.0,1.0,0.0,1.0
16,80,7.809234725203643,6.174105594147524,0.0,1.0,0.0,0.0,1.0,1.0
17,80,5.0702163072875495,0.9496647339088936,1.0,0.0,1.0,0.0,0.0,0.0
18,80,8.510853156978106,3.959761763484931,0.0,1.0,1.0,0.0,1.0,1.0
19,80,9.724392837615168,1.4683430798916404,1.0,1.0,1.0,1.0,0.0,1.0
20,80,0.00706368009372,3.017381750704016,0.0,0.0,1.0,0.0,1.0,0.0
21,80,0.0,0.8630224282074346,0.0,0.0,0.0,0.0,1.0,0.0
22,80,4.806794764743386,0.0,0.0,0.0,1.0,0.0,1.0,1.0
23,80,11.344026706243117,9.399446602798992,0.0,0.0,1.0,0.0,1.0,0.0
24,80,8.136595502350644,12.0,0.0,1.0,0.0,0.0,0.0,0.0
25,80,4.420603491090594,11.779991898012842,0.0,1.0,0.0,0.0,1.0,0.0
26,80,4.292212998156783,4.670773161311595,0.0,0.0,1.0,0.0,0.0,0.0
27,80,9.845945706161425,6.569933967153342,0.0,0.0,1.0,1.0,0.0,0.0
28,80,8.67827564236553,12.0,1.0,0.0,0.0,0.0,1.0,0.0
29,80,3.9757424289430814,7.928569980462888,0.0,0.0,1.0,0.0,1.0,0.0
0,85,1.666786817116258,9.044511453158892,0.0,1.0,0.0,0.0,1.0,0.0
1,85,2.6336979550285378,3.7528739264189808,0.0,1.0,1.0,0.0,0.0,0.0
2,85,6.788969035739442,10.02451636854348,0.0,0.0,1.0,1.0,0.0,1.0
3,85,4.186142630768274,10.536684078903969,1.0,0.0,0.0,1.0,0.0,0.0
4,85,4.081478050468574,3.859478204623745,1.0,1.0,1.0,1.0,0.0,0.0
5,85,4.770111926507382,12.0,0.0,1.0,0.0,0.0,1.0,0.0
6,85,3.5758952958426504,12.0,1.0,0.0,0.0,0.0,0.0,1.0
7,85,6.924724698485227,2.3529914654107715,0.0,1.0,0.0,1.0,0.0,1.0
8,85,5.915952561160874,4.385812410799471,0.0,0.0,0.0,0.0,0.0,1.0
9,85,9.644024970211284,2.066654947986222,1.0,1.0,0.0,0.0,1.0,0.0
10,85,2.0259610097017315,7.175270252393055,1.0,0.0,0.0,0.0,0.0,0.0
11,85,8.627640691750443,9.39973004449044,0.0,0.0,1.0,0.0,0.0,0.0
12,85,9.297982969418868,2.970403849640772,0.0,0.0,0.0,1.0,0.0,0.0
13,85,0.4455716864440694,3.620655990923887,0.0,0.0,0.0,0.0,1.0,0.0
14,85,11.272393434371969,5.8419264873901815,0.0,0.0,0.0,0.0,1.0,1.0
15,85,2.6625513032299475,7.218059017511637,0.0,1.0,0.0,1.0,0.0,1.0
16,85,7.8707005888782255,6.18537832277395,0.0,1.0,0.0,0.0,1.0,1.0
17,85,5.04038943688563,0.9557804611660328,1.0,0.0,1.0,0.0,0.0,0.0
18,85,8.54879437589507,4.132476342642253,0.0,1.0,1.0,0.0,1.0,1.0
19,85,9.812277310261088,1.3838544856672128,1.0,1.0,1.0,1.0,0.0,1.0
20,85,0.0,2.950669650289912,0.0,0.0,1.0,0.0,1.0,0.0
21,85,0.0,0.7968629326605889,0.0,0.0,0.0,0.0,1.0,0.0
22,85,4.866839594228318,0.0,0.0,0.0,1.0,0.0,1.0,1.0
23,85,11.316716416837863,9.327069166566096,0.0,0.0,1.0,0.0,1.0,0.0
24,85,8.15467647297984,12.0,0.0,1.0,0.0,0.0,0.0,0.0
25,85,4.425627032955688,11.777294482980036,0.0,1.0,0.0,0.0,1.0,0.0
26,85,4.280198213411596,4.683031623488724,0.0,0.0,1.0,0.0,0.0,0.0
27,85,9.93829050182624,6.5257897578763,0.0,0.0,1.0,1.0,0.0,0.0
28,85,8.690984209656921,12.0,1.0,0.0,0.0,0.0,1.0,0.0
29,85,4.019397591841755,7.924762846416322,0.0,0.0,1.0,0.0,1.0,0.0
0,90,1.6759992896704985,9.031844933320668,0.0,1.0,0.0,0.0,1.0,0.0
1,90,2.654734866160079,3.746187742878959,0.0,1.0,1.0,0.0,0.0,0.0
2,90,6.82182713695953,10.016452545179288,0.0,0.0,1.0,1.0,0.0,1.0
3,90,4.1073703483035295,10.49162130394611,1.0,0.0,0.0,1.0,0.0,0.0
4,90,4.15265058883212,3.7463276143355455,1.0,1.0,1.0,1.0,0.0,0.0
5,90,4.718824592524292,12.0,0.0,1.0,0.0,0.0,1.0,0.0
6,90,3.615213688982315,12.0,1.0,0.0,0.0,0.0,0.0,1.0
7,90,6.921634313215927,2.425180654196256,0.0,1.0,0.0,1.0,0.0,1.0
8,90,5.911596082667221,4.448359754207945,0.0,0.0,0.0,0.0,0.0,1.0
9,90,9.674490655116498,2.068844565404953,1.0,1.0,0.0,0.0,1.0,0.0
10,90,2.096306099088396,7.184058997280056,1.0,0.0,0.0,0.0,0.0,0.0
11,90,8.578720272916543,9.319172102817808,0.0,0.0,1.0,0.0,0.0,0.0
12,90,9.178790590957096,2.963118924816383,0.0,0.0,0.0,1.0,0.0,0.0
13,90,0.335047704394551,3.5942813964759424,0.0,0.0,0.0,0.0,1.0,0.0
14,90,11.208783824818228,5.828651161484814,0.0,0.0,0.0,0.0,1.0,1.0
15,90,2.6671665633767123,7.284722105912614,0.0,1.0,0.0,1.0,0.0,1.0
16,90,7.94281032501751,6.200371110484418,0.0,1.0,0.0,0.0,1.0,1.0
17,90,4.998713070612893,0.9653289042356442,1.0,0.0,1.0,0.0,0.0,0.0
18,90,8.586642197489436,4.313237716638365,0.0,1.0,1.0,0.0,1.0,1.0
19,90,9.91108679785856,1.293856230178497,1.0,1.0,1.0,1.0,0.0,1.0
20,90,0.0,2.881522221614258,0.0,0.0,1.0,0.0,1.0,0.0
21,90,0.0,0.7271807285722454,0.0,0.0,0.0,0.0,1.0,0.0
22,90,4.921645078110384,0.0,0.0,0.0,1.0,0.0,1.0,1.0
23,90,11.295105568860071,9.264405393791757,0.0,0.0,1.0,0.0,1.0,0.0
24,90,8.17341027250785,12.0,0.0,1.0,0.0,0.0,0.0,0.0
25,90,4.445334114134415,11.766558658633528,0.0,1.0,0.0,0.0,1.0,0.0
26,90,4.267139207212593,4.696498592321303,0.0,0.0,1.0,0.0,0.0,0.0
27,90,10.036266772821806,6.478317065904032,0.0,0.0,1.0,1.0,0.0,0.0
28,90,8.713935152096177,12.0,1.0,0.0,0.0,0.0,1.0,0.0
29,90,4.055281723785026,7.921507610201687,0.0,0.0,1.0,0.0,1.0,0.0
0,95,1.676964765018026,9.030553287675694,0.0,1.0,0.0,0.0,1.0,0.0
1,95,2.6834748954824126,3.736911973404733,0.0,1.0,1.0,0.0,0.0,0.0
2,95,6.869740764293288,10.002782564914533,0.0,0.0,1.0,1.0,0.0,1.0
3,95,4.0292512366674025,10.447440203606565,1.0,0.0,0.0,1.0,0.0,0.0
4,95,4.205885869905382,3.6557152988292296,1.0,1.0,1.0,1.0,0.0,0.0
5,95,4.682218994716306,12.0,0.0,1.0,0.0,0.0,1.0,0.0
6,95,3.6556460499595658,12.0,1.0,0.0,0.0,0.0,0.0,1.0
7,95,6.919179986982907,2.506063093204804,0.0,1.0,0.0,1.0,0.0,1.0
8,95,5.908233565312186,4.501259429306244,0.0,0.0,0.0,0.0,0.0,1.0
9,95,9.722922849896468,2.0718274031460333,1.0,1.0,0.0,0.0,1.0,0.0
10,95,2.176035489196501,7.193884801487009,1.0,0.0,0.0,0.0,0.0,0.0
11,95,8.5331265938271,9.241264115009477,0.0,0.0,1.0,0.0,0.0,0.0
12,95,9.039586975536611,2.954132820328158,0.0,0.0,0.0,1.0,0.0,0.0
13,95,0.219435455979753,3.565871334781092,0.0,0.0,0.0,0.0,1.0,0.0
14,95,11.164890526515416,5.81962160052984,0.0,0.0,0.0,0.0,1.0,1.0
15,95,2.670562928455013,7.36218215213615,0.0,1.0,0.0,1.0,0.0,1.0
16,95,8.000703979485925,6.213091205118452,0.0,1.0,0.0,0.0,1.0,1.0
17,95,4.97062608233819,0.9714547449805064,1.0,0.0,1.0,0.0,0.0,0.0
18,95,8.630151981883989,4.49712156129094,0.0,1.0,1.0,0.0,1.0,1.0
19,95,10.002646996565936,1.2076092677126762,1.0,1.0,1.0,1.0,0.0,1.0
20,95,0.0,2.817799814393689,0.0,0.0,1.0,0.0,1.0,0.0
21,95,0.0,0.6588811075810087,0.0,0.0,0.0,0.0,1.0,0.0
22,95,4.981380208767675,0.0,0.0,0.0,1.0,0.0,1.0,1.0
23,95,11.278948517300652,9.215874577929863,0.0,0.0,1.0,0.0,1.0,0.0
24,95,8.18597209112764,12.0,0.0,1.0,0.0,0.0,0.0,0.0
25,95,4.481089921533659,11.74793214110676,0.0,1.0,0.0,0.0,1.0,0.0
26,95,4.256577122063085,4.707761170527233,0.0,0.0,1.0,0.0,0.0,0.0
27,95,10.14298165622494,6.425205431555392,0.0,0.0,1.0,1.0,0.0,0.0
28,95,8.737419668169114,12.0,1.0,0.0,0.0,0.0,1.0,0.0
29,95,4.091370216259714,7.918348315985687,0.0,0.0,1.0,0.0,1.0,0.0
0,100,1.692079182697051,9.012754800639364,0.0,1.0,0.0,0.0,1.0,0.0
1,100,2.7083156406650706,3.728884065307912,0.0,1.0,1.0,0.0,0.0,0.0
2,100,6.898966542083175,9.993772175241498,0.0,0.0,1.0,1.0,0.0,1.0
3,100,3.933237635886605,10.393937161705615,1.0,0.0,0.0,1.0,0.0,0.0
4,100,4.259480650143133,3.5677521948628605,1.0,1.0,1.0,1.0,0.0,0.0
5,100,4.649730948496395,12.0,0.0,1.0,0.0,0.0,1.0,0.0
6,100,3.691192295948812,12.0,1.0,0.0,0.0,0.0,0.0,1.0
7,100,6.91561155325262,2.598836000205764,0.0,1.0,0.0,1.0,0.0,1.0
8,100,5.905878784399996,4.53725855216062,0.0,0.0,0.0,0.0,0.0,1.0
9,100,9.787904387826188,2.0763440339827417,1.0,1.0,0.0,0.0,1.0,0.0
10,100,2.278951414070846,7.2032465612618,1.0,0.0,0.0,0.0,0.0,0.0
11,100,8.475198852311182,9.141342989144151,0.0,0.0,1.0,0.0,0.0,0.0
12,100,8.910392365176284,2.9454508360499245,0.0,0.0,0.0,1.0,0.0,0.0
13,100,0.2487667318236201,3.438483049594794,0.0,0.0,0.0,0.0,1.0,0.0
14,100,11.09194050382626,5.803078128251564,0.0,0.0,0.0,0.0,1.0,1.0
15,100,2.6748926111295788,7.431242533046207,0.0,1.0,0.0,1.0,0.0,1.0
16,100,8.059334499345836,6.228612484911663,0.0,1.0,0.0,0.0,1.0,1.0
17,100,4.948104410845996,0.9758145991469936,1.0,0.0,1.0,0.0,0.0,0.0
18,100,8.667667297468471,4.6789626931553405,0.0,1.0,1.0,0.0,1.0,1.0
19,100,10.079191587214524,1.129987652010884,1.0,1.0,1.0,1.0,0.0,1.0
20,100,0.0,2.718696580666885,0.0,0.0,1.0,0.0,1.0,0.0
21,100,0.0,0.6120872263528188,0.0,0.0,0.0,0.0,1.0,0.0
22,100,5.049335921044231,0.0,0.0,0.0,1.0,0.0,1.0,1.0
23,100,11.265940995338758,9.178301902870867,0.0,0.0,1.0,0.0,1.0,0.0
24,100,8.198871116768233,12.0,0.0,1.0,0.0,0.0,0.0,0.0
25,100,4.521642794383046,11.726847040584158,0.0,1.0,0.0,0.0,1.0,0.0
26,100,4.232958706313526,4.731656952071666,0.0,0.0,1.0,0.0,0.0,0.0
27,100,10.246487074803383,6.374620252325151,0.0,0.0,1.0,1.0,0.0,0.0
28,100,8.762349445800538,12.0,1.0,0.0,0.0,0.0,1.0,0.0
29,100,4.140763065415396,7.914682106327632,0.0,0.0,1.0,0.0,1.0,0.0
0,105,1.699390689358416,9.004194098998877,0.0,1.0,0.0,0.0,1.0,0.0
1,105,2.728358660585977,3.7223361456949937,0.0,1.0,1.0,0.0,0.0,0.0
2,105,6.911378367923871,9.98992381587994,0.0,0.0,1.0,1.0,0.0,1.0
3,105,3.836233744960798,10.338693561287206,1.0,0.0,0.0,1.0,0.0,0.0
4,105,4.308467994607964,3.4884457150263453,1.0,1.0,1.0,1.0,0.0,0.0
5,105,4.662306802451667,12.0,0.0,1.0,0.0,0.0,1.0,0.0
6,105,3.7340634581699694,12.0,1.0,0.0,0.0,0.0,0.0,1.0
7,105,6.913118218516607,2.6900552098967547,0.0,1.0,0.0,1.0,0.0,1.0
8,105,5.904152173951507,4.553339026743277,0.0,0.0,0.0,0.0,0.0,1.0
9,105,9.852661539732347,2.0804370733860287,1.0,1.0,0.0,0.0,1.0,0.0
10,105,2.3812086547287303,7.210738313178775,1.0,0.0,0.0,0.0,0.0,0.0
11,105,8.419675389472337,9.047021906008986,0.0,0.0,1.0,0.0,0.0,0.0
12,105,8.789614187156346,2.9389353805060177,0.0,0.0,0.0,1.0,0.0,0.0
13,105,0.2699723293099335,3.337435099146165,0.0,0.0,0.0,0.0,1.0,0.0
14,105,11.00122960643774,5.783918626559999,0.0,0.0,0.0,0.0,1.0,1.0
15,105,2.6780536577587606,7.486140833297573,0.0,1.0,0.0,1.0,0.0,1.0
16,105,8.135910741516566,6.2483301664773325,0.0,1.0,0.0,0.0,1.0,1.0
17,105,4.931579621530808,0.9791606987850716,1.0,0.0,1.0,0.0,0.0,0.0
18,105,8.708898919515972,4.879364214481512,0.0,1.0,1.0,0.0,1.0,1.0
19,105,10.16960009378474,1.0387355036533334,1.0,1.0,1.0,1.0,0.0,1.0
20,105,0.0,2.604517785803832,0.0,0.0,1.0,0.0,1.0,0.0
21,105,0.0,0.5750059225025204,0.0,0.0,0.0,0.0,1.0,0.0
22,105,5.122466215803498,0.0,0.0,0.0,1.0,0.0,1.0,1.0
23,105,11.259485411067944,9.15771740404321,0.0,0.0,1.0,0.0,1.0,0.0
24,105,8.202586459558113,12.0,0.0,1.0,0.0,0.0,0.0,0.0
25,105,4.556265804389066,11.708745834457345,0.0,1.0,0.0,0.0,1.0,0.0
26,105,4.205268910621127,4.761554982471548,0.0,0.0,1.0,0.0,0.0,0.0
27,105,10.362843583820643,6.321729616157399,0.0,0.0,1.0,1.0,0.0,0.0
28,105,8.785438880154908,12.0,1.0,0.0,0.0,0.0,1.0,0.0
29,105,4.175601397531567,7.912014007420329,0.0,0.0,1.0,0.0,1.0,0.0
0,110,1.7039397901500104,8.998821233893223,0.0,1.0,0.0,0.0,1.0,0.0
1,110,2.7500880427246863,3.715101440220297,0.0,1.0,1.0,0.0,0.0,0.0
2,110,6.91704289811336,9.988060548776312,0.0,0.0,1.0,1.0,0.0,1.0
3,110,3.739826956684597,10.283269286007824,1.0,0.0,0.0,1.0,0.0,0.0
4,110,4.347347671411346,3.427791114405529,1.0,1.0,1.0,1.0,0.0,0.0
5,110,4.674711662664019,12.0,0.0,1.0,0.0,0.0,1.0,0.0
6,110,3.776945739534615,12.0,1.0,0.0,0.0,0.0,0.0,1.0
7,110,6.911382409516533,2.7749240623364355,0.0,1.0,0.0,1.0,0.0,1.0
8,110,5.904731132052849,4.546916410766962,0.0,0.0,0.0,0.0,0.0,1.0
9,110,9.900414429244544,2.082725369747741,1.0,1.0,0.0,0.0,1.0,0.0
10,110,2.441708412219393,7.212991129932437,1.0,0.0,0.0,0.0,0.0,0.0
11,110,8.364966537287392,8.953408393866722,0.0,0.0,1.0,0.0,0.0,0.0
12,110,8.664572228579049,2.9284317201940278,0.0,0.0,0.0,1.0,0.0,0.0
13,110,0.2904270529517837,3.2295694552441487,0.0,0.0,0.0,0.0,1.0,0.0
14,110,10.892517527591965,5.7612471767877285,0.0,0.0,0.0,0.0,1.0,1.0
15,110,2.6815024654933723,7.5448798588495904,0.0,1.0,0.0,1.0,0.0,1.0
16,110,8.204406419434449,6.267211714796112,0.0,1.0,0.0,0.0,1.0,1.0
17,110,4.936392517492202,0.9783867891952645,1.0,0.0,1.0,0.0,0.0,0.0
18,110,8.747890881209308,5.068588649693054,0.0,1.0,1.0,0.0,1.0,1.0
19,110,10.285512023206469,0.9246884945504468,1.0,1.0,1.0,1.0,0.0,1.0
20,110,0.0,2.4804400637732904,0.0,0.0,1.0,0.0,1.0,0.0
21,110,0.0,0.5351134456453011,0.0,0.0,0.0,0.0,1.0,0.0
22,110,5.192955655876529,0.0,0.0,0.0,1.0,0.0,1.0,1.0
23,110,11.248122278716966,9.122569187927196,0.0,0.0,1.0,0.0,1.0,0.0
24,110,8.204236729312218,12.0,0.0,1.0,0.0,0.0,0.0,0.0
25,110,4.594708519812838,11.689216931525536,0.0,1.0,0.0,0.0,1.0,0.0
26,110,4.191427886016938,4.77678958194401,0.0,0.0,1.0,0.0,0.0,0.0
27,110,10.492971019895151,6.265764431658447,0.0,0.0,1.0,1.0,0.0,0.0
28,110,8.793565052214184,12.0,1.0,0.0,0.0,0.0,1.0,0.0
29,110,4.226061813353361,7.907907910606426,0.0,0.0,1.0,0.0,1.0,0.0
0,115,1.7159302737368447,8.984126492952862,0.0,1.0,0.0,0.0,1.0,0.0
1,115,2.780447084592845,3.705321257333016,0.0,1.0,1.0,0.0,0.0,0.0
2,115,6.920662741660233,9.986961145488907,0.0,0.0,1.0,1.0,0.0,1.0
3,115,3.638838631385434,10.225607214219163,1.0,0.0,0.0,1.0,0.0,0.0
4,115,4.385363669591006,3.368710749402703,1.0,1.0,1.0,1.0,0.0,0.0
5,115,4.6869671385486535,12.0,0.0,1.0,0.0,0.0,1.0,0.0
6,115,3.8204556543301065,12.0,1.0,0.0,0.0,0.0,0.0,1.0
7,115,6.9111384689975175,2.844942928148019,0.0,1.0,0.0,1.0,0.0,1.0
8,115,5.905727792402095,4.536916386711791,0.0,0.0,0.0,0.0,0.0,1.0
9,115,9.94523670785032,2.085411730024874,1.0,1.0,0.0,0.0,1.0,0.0
10,115,2.496017522531218,7.216689142238705,1.0,0.0,0.0,0.0,0.0,0.0
11,115,8.309406043287574,8.85968669565459,0.0,0.0,1.0,0.0,0.0,0.0
12,115,8.540549878846184,2.9196227378469946,0.0,0.0,0.0,1.0,0.0,0.0
13,115,0.3146818330999559,3.1054752674078,0.0,0.0,0.0,0.0,1.0,0.0
14,115,10.784083487504908,5.741992536090668,0.0,0.0,0.0,0.0,1.0,1.0
15,115,2.6845245079752638,7.605561031599224,0.0,1.0,0.0,1.0,0.0,1.0
16,115,8.283001417722732,6.289262366185063,0.0,1.0,0.0,0.0,1.0,1.0
17,115,4.947452496784762,0.9767255619338672,1.0,0.0,1.0,0.0,0.0,0.0
18,115,8.78573956935084,5.24763727232534,0.0,1.0,1.0,0.0,1.0,1.0
19,115,10.410582060086773,0.7995122611642751,1.0,1.0,1.0,1.0,0.0,1.0
20,115,0.0,2.3623433892799057,0.0,0.0,1.0,0.0,1.0,0.0
21,115,0.0,0.508418865871687,0.0,0.0,0.0,0.0,1.0,0.0
22,115,5.267341220806771,0.0,0.0,0.0,1.0,0.0,1.0,1.0
23,115,11.237902001207331,9.090564371208288,0.0,0.0,1.0,0.0,1.0,0.0
24,115,8.196050323449098,11.972058401385516,0.0,1.0,0.0,0.0,0.0,0.0
25,115,4.644643058963417,11.66400253709164,0.0,1.0,0.0,0.0,1.0,0.0
26,115,4.16344458745548,4.806703211524252,0.0,0.0,1.0,0.0,0.0,0.0
27,115,10.629107022252263,6.204612270470582,0.0,0.0,1.0,1.0,0.0,0.0
28,115,8.796123833785316,12.0,1.0,0.0,0.0,0.0,1.0,0.0
29,115,4.25588766863795,7.905914745931447,0.0,0.0,1.0,0.0,1.0,0.0
0,120,1.7256367135005064,8.972211551744852,0.0,1.0,0.0,0.0,1.0,0.0
1,120,2.7958155223136734,3.700383385962725,0.0,1.0,1.0,0.0,0.0,0.0
2,120,6.908368642323056,9.99067217148801,0.0,0.0,1.0,1.0,0.0,1.0
3,120,3.5543220673093887,10.17964115010829,1.0,0.0,0.0,1.0,0.0,0.0
4,120,4.425730732960048,3.306672214282867,1.0,1.0,1.0,1.0,0.0,0.0
5,120,4.696729410387079,12.0,0.0,1.0,0.0,0.0,1.0,0.0
6,120,3.862389027215766,12.0,1.0,0.0,0.0,0.0,0.0,1.0
7,120,6.911912590252952,2.893338742787161,0.0,1.0,0.0,1.0,0.0,1.0
8,120,5.905498627563492,4.539308335803162,0.0,0.0,0.0,0.0,0.0,1.0
9,120,9.969443019220716,2.0867527219754205,1.0,1.0,0.0,0.0,1.0,0.0
10,120,2.549726249710772,7.218451233238869,1.0,0.0,0.0,0.0,0.0,0.0
11,120,8.249347878366322,8.75616172030276,0.0,0.0,1.0,0.0,0.0,0.0
12,120,8.413238705682598,2.910965421505942,0.0,0.0,0.0,1.0,0.0,0.0
13,120,0.3330475691743929,3.0113323362299824,0.0,0.0,0.0,0.0,1.0,0.0
14,120,10.660785705736773,5.7189078637905775,0.0,0.0,0.0,0.0,1.0,1.0
15,120,2.68837366356969,7.654136135072649,0.0,1.0,0.0,1.0,0.0,1.0
16,120,8.348238253801927,6.30831893189688,0.0,1.0,0.0,0.0,1.0,1.0
17,120,4.95733547479062,0.9751606164841388,1.0,0.0,1.0,0.0,0.0,0.0
18,120,8.821130858284109,5.422402158541906,0.0,1.0,1.0,0.0,1.0,1.0
19,120,10.52584852741036,0.6785351737356762,1.0,1.0,1.0,1.0,0.0,1.0
20,120,0.0,2.2591127380975555,0.0,0.0,1.0,0.0,1.0,0.0
21,120,0.0,0.4729504450751364,0.0,0.0,0.0,0.0,1.0,0.0
22,120,5.332099819246797,0.0,0.0,0.0,1.0,0.0,1.0,1.0
23,120,11.228699106137524,9.060353537900768,0.0,0.0,1.0,0.0,1.0,0.0
24,120,8.192098227100685,11.959239106325183,0.0,1.0,0.0,0.0,0.0,0.0
25,120,4.700511654153601,11.636494574304196,0.0,1.0,0.0,0.0,1.0,0.0
26,120,4.129285921893604,4.842966026585325,0.0,0.0,1.0,0.0,0.0,0.0
27,120,10.756128912920309,6.1482068618339385,0.0,0.0,1.0,1.0,0.0,0.0
28,120,8.788492502242567,11.99366118909298,1.0,0.0,0.0,0.0,1.0,0.0
29,120,4.280689965032006,7.903518902175451,0.0,0.0,1.0,0.0,1.0,0.0
0,125,1.7428216746776275,8.950547603814908,0.0,1.0,0.0,0.0,1.0,0.0
1,125,2.8013293092337936,3.6986778727611656,0.0,1.0,1.0,0.0,0.0,0.0
2,125,6.906956933427526,9.99111765649341,0.0,0.0,1.0,1.0,0.0,1.0
3,125,3.47700040882306,10.138349376076084,1.0,0.0,0.0,1.0,0.0,0.0
4,125,4.473822762808006,3.23317349958943,1.0,1.0,1.0,1.0,0.0,0.0
5,125,4.702824897306644,12.0,0.0,1.0,0.0,0.0,1.0,0.0
6,125,3.9104962396951057,12.0,1.0,0.0,0.0,0.0,0.0,1.0
7,125,6.912309601529625,2.9426849267173947,0.0,1.0,0.0,1.0,0.0,1.0
8,125,5.905492320032161,4.539381767441127,0.0,0.0,0.0,0.0,0.0,1.0
9,125,9.97820264087152,2.0872479259250363,1.0,1.0,0.0,0.0,1.0,0.0
10,125,2.6024051920805715,7.219540714739757,1.0,0.0,0.0,0.0,0.0,0.0
11,125,8.198954718172756,8.670573991576457,0.0,0.0,1.0,0.0,0.0,0.0
12,125,8.273639601512912,2.9020101112809358,0.0,0.0,0.0,1.0,0.0,0.0
13,125,0.3565981593160635,2.9094332518737747,0.0,0.0,0.0,0.0,1.0,0.0
14,125,10.537790244836527,5.691644482430066,0.0,0.0,0.0,0.0,1.0,1.0
15,125,2.6912649361059464,7.698932248732555,0.0,1.0,0.0,1.0,0.0,1.0
16,125,8.390869940161705,6.321258572054316,0.0,1.0,0.0,0.0,1.0,1.0
17,125,4.964523501164403,0.9741646991405164,1.0,0.0,1.0,0.0,0.0,0.0
18,125,8.85605122707383,5.5867095764066965,0.0,1.0,1.0,0.0,1.0,1.0
19,125,10.644835810635032,0.5615828062685736,1.0,1.0,1.0,1.0,0.0,1.0
20,125,0.0,2.1656629517881734,0.0,0.0,1.0,0.0,1.0,0.0
21,125,0.0,0.4360970310487682,0.0,0.0,0.0,0.0,1.0,0.0
22,125,5.394059761064952,0.0,0.0,0.0,1.0,0.0,1.0,1.0
23,125,11.225419453051702,9.049564607895917,0.0,0.0,1.0,0.0,1.0,0.0
24,125,8.192606501437904,11.961069402066949,0.0,1.0,0.0,0.0,0.0,0.0
25,125,4.756708895325855,11.60784144017503,0.0,1.0,0.0,0.0,1.0,0.0
26,125,4.107097029559262,4.86624202513504,0.0,0.0,1.0,0.0,0.0,0.0
27,125,10.88747780540568,6.098015832687412,0.0,0.0,1.0,1.0,0.0,0.0
28,125,8.777665960010411,11.985011109358007,1.0,0.0,0.0,0.0,1.0,0.0
29,125,4.302846859572597,7.901104191127544,0.0,0.0,1.0,0.0,1.0,0.0
0,130,1.7565322230787406,8.9340680040287,0.0,1.0,0.0,0.0,1.0,0.0
1,130,2.7768064878923058,3.7064500696324494,0.0,1.0,1.0,0.0,0.0,0.0
2,130,6.894336708805231,9.995348522448117,0.0,0.0,1.0,1.0,0.0,1.0
3,130,3.4169791070741264,10.10674993326846,1.0,0.0,0.0,1.0,0.0,0.0
4,130,4.518002399047269,3.166307802555967,1.0,1.0,1.0,1.0,0.0,0.0
5,130,4.707655123341234,12.0,0.0,1.0,0.0,0.0,1.0,0.0
6,130,3.9573458667519863,12.0,1.0,0.0,0.0,0.0,0.0,1.0
7,130,6.913365910087526,3.0190117848952585,0.0,1.0,0.0,1.0,0.0,1.0
8,130,5.905494068312311,4.539363255171431,0.0,0.0,0.0,0.0,0.0,1.0
9,130,10.007255558113124,2.0883233457984423,1.0,1.0,0.0,0.0,1.0,0.0
10,130,2.657985216190634,7.221314988422612,1.0,0.0,0.0,0.0,0.0,0.0
11,130,8.157773854100125,8.601917134515151,0.0,0.0,1.0,0.0,0.0,0.0
12,130,8.11607534782587,2.894195464666817,0.0,0.0,0.0,1.0,0.0,0.0
13,130,0.3790303284843135,2.8133139387567763,0.0,0.0,0.0,0.0,1.0,0.0
14,130,10.42759585513648,5.665115422165741,0.0,0.0,0.0,0.0,1.0,1.0
15,130,2.694187208680323,7.746773181558356,0.0,1.0,0.0,1.0,0.0,1.0
16,130,8.433093112035527,6.335166832014849,0.0,1.0,0.0,0.0,1.0,1.0
17,130,4.969696855621248,0.97340519140296,1.0,0.0,1.0,0.0,0.0,0.0
18,130,8.886669237845465,5.733678335437925,0.0,1.0,1.0,0.0,1.0,1.0
19,130,10.759594548183422,0.4431192076221773,1.0,1.0,1.0,1.0,0.0,1.0
20,130,0.0,2.0852331477768007,0.0,0.0,1.0,0.0,1.0,0.0
21,130,0.0,0.391341512286539,0.0,0.0,0.0,0.0,1.0,0.0
22,130,5.456169277022695,0.0,0.0,0.0,1.0,0.0,1.0,1.0
23,130,11.216401823374287,9.021969278765429,0.0,0.0,1.0,0.0,1.0,0.0
24,130,8.191935296132549,11.958302284083503,0.0,1.0,0.0,0.0,0.0,0.0
25,130,4.82699078269206,11.570916473962932,0.0,1.0,0.0,0.0,1.0,0.0
26,130,4.081196326464553,4.894257639887787,0.0,0.0,1.0,0.0,0.0,0.0
27,130,11.001847379472412,6.056587492352756,0.0,0.0,1.0,1.0,0.0,0.0
28,130,8.768344499099129,11.977564345069812,1.0,0.0,0.0,0.0,1.0,0.0
29,130,4.341389123482921,7.896624696158982,0.0,0.0,1.0,0.0,1.0,0.0
0,135,1.7643460258379746,8.924939561397425,0.0,1.0,0.0,0.0,1.0,0.0
1,135,2.773312026687786,3.6936645950399463,0.0,1.0,1.0,0.0,0.0,0.0
2,135,6.863994679145641,10.005095428871824,0.0,0.0,1.0,1.0,0.0,1.0
3,135,3.359488344216787,10.075782520508591,1.0,0.0,0.0,1.0,0.0,0.0
4,135,4.553681599501933,3.1127699646392077,1.0,1.0,1.0,1.0,0.0,0.0
5,135,4.717499237688727,12.0,0.0,1.0,0.0,0.0,1.0,0.0
6,135,4.013667375870568,12.0,1.0,0.0,0.0,0.0,0.0,1.0
7,135,6.915432600988314,3.110976242520702,0.0,1.0,0.0,1.0,0.0,1.0
8,135,5.906812746263494,4.526955826733653,0.0,0.0,0.0,0.0,0.0,1.0
9,135,10.041966590581238,2.089374656944253,1.0,1.0,0.0,0.0,1.0,0.0
10,135,2.716384174185713,7.221269719520837,1.0,0.0,0.0,0.0,0.0,0.0
11,135,8.130211721082171,8.556759507339741,0.0,0.0,1.0,0.0,0.0,0.0
12,135,7.9602086211559,2.8861568724894187,0.0,0.0,0.0,1.0,0.0,0.0
13,135,0.3982411074341342,2.730594283600588,0.0,0.0,0.0,0.0,1.0,0.0
14,135,10.31014995357788,5.636156833950444,0.0,0.0,0.0,0.0,1.0,1.0
15,135,2.697336255410633,7.808607935638551,0.0,1.0,0.0,1.0,0.0,1.0
16,135,8.484677555458735,6.352846668097588,0.0,1.0,0.0,0.0,1.0,1.0
17,135,5.006315525634186,0.9679831995971584,1.0,0.0,1.0,0.0,0.0,0.0
18,135,8.91925034988689,5.890638026905211,0.0,1.0,1.0,0.0,1.0,1.0
19,135,10.879212194973622,0.3172286453941301,1.0,1.0,1.0,1.0,0.0,1.0
20,135,0.0,2.007897895836459,0.0,0.0,1.0,0.0,1.0,0.0
21,135,0.0,0.3580619151648307,0.0,0.0,0.0,0.0,1.0,0.0
22,135,5.525701697595846,0.0,0.0,0.0,1.0,0.0,1.0,1.0
23,135,11.20930384499353,9.000558486766378,0.0,0.0,1.0,0.0,1.0,0.0
24,135,8.191631205996085,11.957047448379026,0.0,1.0,0.0,0.0,0.0,0.0
25,135,4.902291301033934,11.534027979387115,0.0,1.0,0.0,0.0,1.0,0.0
26,135,4.043968295304608,4.936052780355668,0.0,0.0,1.0,0.0,0.0,0.0
27,135,11.124602950503489,6.013017662943041,0.0,0.0,1.0,1.0,0.0,0.0
28,135,8.77407483633214,11.982068344295737,1.0,0.0,0.0,0.0,1.0,0.0
29,135,4.386794158232034,7.890954769437614,0.0,0.0,1.0,0.0,1.0,0.0
0,140,1.7615739118101208,8.92813571453532,0.0,1.0,0.0,0.0,1.0,0.0
1,140,2.766497727650323,3.668406546965354,0.0,1.0,1.0,0.0,0.0,0.0
2,140,6.863911880713329,10.00512409816376,0.0,0.0,1.0,1.0,0.0,1.0
3,140,3.329050543260576,10.059053036340629,1.0,0.0,0.0,1.0,0.0,0.0
4,140,4.590538975314616,3.05295633025593,1.0,1.0,1.0,1.0,0.0,0.0
5,140,4.724814786830945,12.0,0.0,1.0,0.0,0.0,1.0,0.0
6,140,4.083766680521672,12.0,1.0,0.0,0.0,0.0,0.0,1.0
7,140,6.91977255497886,3.2089608638161127,0.0,1.0,0.0,1.0,0.0,1.0
8,140,5.90632723749687,4.531232923733915,0.0,0.0,0.0,0.0,0.0,1.0
9,140,10.078445245234075,2.0909835167280817,1.0,1.0,0.0,0.0,1.0,0.0
10,140,2.793684391735753,7.22274652134958,1.0,0.0,0.0,0.0,0.0,0.0
11,140,8.171313897915347,8.53317870374209,0.0,0.0,1.0,0.0,0.0,0.0
12,140,7.785461120870937,2.8771228031541853,0.0,0.0,0.0,1.0,0.0,0.0
13,140,0.4198801769590263,2.652024119816801,0.0,0.0,0.0,0.0,1.0,0.0
14,140,10.184340966239247,5.603441324554469,0.0,0.0,0.0,0.0,1.0,1.0
15,140,2.699304103312594,7.880198157504371,0.0,1.0,0.0,1.0,0.0,1.0
16,140,8.532732993979153,6.370093736051218,0.0,1.0,0.0,0.0,1.0,1.0
17,140,5.044851335386908,0.961444665884332,1.0,0.0,1.0,0.0,0.0,0.0
18,140,8.941516677745083,6.028240223638159,0.0,1.0,1.0,0.0,1.0,1.0
19,140,10.993010704589532,0.199890369165473,1.0,1.0,1.0,1.0,0.0,1.0
20,140,0.0,1.957959695700117,0.0,0.0,1.0,0.0,1.0,0.0
21,140,0.0,0.319033432163248,0.0,0.0,0.0,0.0,1.0,0.0
22,140,5.616998247838371,0.0,0.0,0.0,1.0,0.0,1.0,1.0
23,140,11.201089684318749,8.974800111119952,0.0,0.0,1.0,0.0,1.0,0.0
24,140,8.184467123383348,11.927407383050973,0.0,1.0,0.0,0.0,0.0,0.0
25,140,4.970930347496029,11.500841554519734,0.0,1.0,0.0,0.0,1.0,0.0
26,140,4.012636938653627,4.971444127891794,0.0,0.0,1.0,0.0,0.0,0.0
27,140,11.24962205382015,5.965096405355962,0.0,0.0,1.0,1.0,0.0,0.0
28,140,8.767652063177591,11.976829720547157,1.0,0.0,0.0,0.0,1.0,0.0
29,140,4.416178275401515,7.886791289752847,0.0,0.0,1.0,0.0,1.0,0.0
0,145,1.7576140258684907,8.93288750019383,0.0,1.0,0.0,0.0,1.0,0.0
1,145,2.763010519750865,3.656778392409074,0.0,1.0,1.0,0.0,0.0,0.0
2,145,6.872412313479595,10.00233022275002,0.0,0.0,1.0,1.0,0.0,1.0
3,145,3.315423827375776,10.05189344247362,1.0,0.0,0.0,1.0,0.0,0.0
4,145,4.613628324857793,3.016345485091088,1.0,1.0,1.0,1.0,0.0,0.0
5,145,4.728295048803959,12.0,0.0,1.0,0.0,0.0,1.0,0.0
6,145,4.152042675665881,12.0,1.0,0.0,0.0,0.0,0.0,1.0
7,145,6.92225541314101,3.3215696239520267,0.0,1.0,0.0,1.0,0.0,1.0
8,145,5.902837193624386,4.57055193101546,0.0,0.0,0.0,0.0,0.0,1.0
9,145,10.11956914415483,2.092830599293703,1.0,1.0,0.0,0.0,1.0,0.0
10,145,2.881772686649957,7.224157770693925,1.0,0.0,0.0,0.0,0.0,0.0
11,145,8.223433610443916,8.503590885795631,0.0,0.0,1.0,0.0,0.0,0.0
12,145,7.595203534909859,2.866092039436356,0.0,0.0,0.0,1.0,0.0,0.0
13,145,0.4343204763514998,2.5953960458860594,0.0,0.0,0.0,0.0,1.0,0.0
14,145,10.053152392881474,5.567866321565841,0.0,0.0,0.0,0.0,1.0,1.0
15,145,2.7036450680464186,7.954705340735254,0.0,1.0,0.0,1.0,0.0,1.0
16,145,8.571248453461518,6.384140767293725,0.0,1.0,0.0,0.0,1.0,1.0
17,145,5.094918884584347,0.9527301511543872,1.0,0.0,1.0,0.0,0.0,0.0
18,145,8.969420138213808,6.188555541779589,0.0,1.0,1.0,0.0,1.0,1.0
19,145,11.095668846127184,0.0872866254802694,1.0,1.0,1.0,1.0,0.0,1.0
20,145,0.0,1.8974989555706363,0.0,0.0,1.0,0.0,1.0,0.0
21,145,0.0,0.2829981447185523,0.0,0.0,0.0,0.0,1.0,0.0
22,145,5.710738553084977,0.0,0.0,0.0,1.0,0.0,1.0,1.0
23,145,11.200744762453324,8.973673575474935,0.0,0.0,1.0,0.0,1.0,0.0
24,145,8.180813298517101,11.911849244020866,0.0,1.0,0.0,0.0,0.0,0.0
25,145,5.0555508288702615,11.462409066107885,0.0,1.0,0.0,0.0,1.0,0.0
26,145,3.992888722373111,4.993045919739021,0.0,0.0,1.0,0.0,0.0,0.0
27,145,11.38099970976595,5.910989842202549,0.0,0.0,1.0,1.0,0.0,0.0
28,145,8.763198560057774,11.97338207370077,1.0,0.0,0.0,0.0,1.0,0.0
29,145,4.434811188527073,7.884331818677492,0.0,0.0,1.0,0.0,1.0,0.0
0,150,1.7651706725939242,8.9237876816193,0.0,1.0,0.0,0.0,1.0,0.0
1,150,2.759273241825709,3.642998892306053,0.0,1.0,1.0,0.0,0.0,0.0
2,150,6.863875397937715,10.005148022292712,0.0,0.0,1.0,1.0,0.0,1.0
3,150,3.32334199929632,10.05625024510666,1.0,0.0,0.0,1.0,0.0,0.0
4,150,4.6352147557223065,2.982103592541153,1.0,1.0,1.0,1.0,0.0,0.0
5,150,4.735072568108082,12.0,0.0,1.0,0.0,0.0,1.0,0.0
6,150,4.21218218390122,12.0,1.0,0.0,0.0,0.0,0.0,1.0
7,150,6.926356830057662,3.434783028733478,0.0,1.0,0.0,1.0,0.0,1.0
8,150,5.8992692225726815,4.613009141644782,0.0,0.0,0.0,0.0,0.0,1.0
9,150,10.159741700066698,2.0934164412366587,1.0,1.0,0.0,0.0,1.0,0.0
10,150,2.9524551777949384,7.225857441415711,1.0,0.0,0.0,0.0,0.0,0.0
11,150,8.282227574259945,8.471326553107225,0.0,0.0,1.0,0.0,0.0,0.0
12,150,7.414259664402389,2.8538963515463096,0.0,0.0,0.0,1.0,0.0,0.0
13,150,0.4492724258818354,2.540657304238296,0.0,0.0,0.0,0.0,1.0,0.0
14,150,9.930072084926373,5.535057746057851,0.0,0.0,0.0,0.0,1.0,1.0
15,150,2.7074263579474978,8.02397872182949,0.0,1.0,0.0,1.0,0.0,1.0
16,150,8.62028491448988,6.401996140108869,0.0,1.0,0.0,0.0,1.0,1.0
17,150,5.160495906716776,0.94216719034317,1.0,0.0,1.0,0.0,0.0,0.0
18,150,8.99582047071255,6.357296197789171,0.0,1.0,1.0,0.0,1.0,1.0
19,150,11.21703761309344,0.0,1.0,1.0,1.0,1.0,0.0,1.0
20,150,0.0,1.8530680476243764,0.0,0.0,1.0,0.0,1.0,0.0
21,150,0.0,0.2505697491080174,0.0,0.0,0.0,0.0,1.0,0.0
22,150,5.791820284301682,0.0,0.0,0.0,1.0,0.0,1.0,1.0
23,150,11.195368248325018,8.956242582847345,0.0,0.0,1.0,0.0,1.0,0.0
24,150,8.17407208099804,11.87875371511685,0.0,1.0,0.0,0.0,0.0,0.0
25,150,5.144160386082051,11.421060276723328,0.0,1.0,0.0,0.0,1.0,0.0
26,150,3.9851327919591744,5.001728749600684,0.0,0.0,1.0,0.0,0.0,0.0
27,150,11.521303007312108,5.85587245530945,0.0,0.0,1.0,1.0,0.0,0.0
28,150,8.737763765783464,11.95456636107706,1.0,0.0,0.0,0.0,1.0,0.0
29,150,4.452530854896688,7.882131773379742,0.0,0.0,1.0,0.0,1.0,0.0
0,155,1.7657993542443815,8.923015947434516,0.0,1.0,0.0,0.0,1.0,0.0
1,155,2.7556823565188706,3.6300635941675714,0.0,1.0,1.0,0.0,0.0,0.0
2,155,6.852684105678658,10.009124558035635,0.0,0.0,1.0,1.0,0.0,1.0
3,155,3.3353485186835803,10.063112963940638,1.0,0.0,0.0,1.0,0.0,0.0
4,155,4.667428861983746,2.932304300249906,1.0,1.0,1.0,1.0,0.0,0.0
5,155,4.743051433818973,12.0,0.0,1.0,0.0,0.0,1.0,0.0
6,155,4.274499004447725,12.0,1.0,0.0,0.0,0.0,0.0,1.0
7,155,6.932677531852017,3.554036898550283,0.0,1.0,0.0,1.0,0.0,1.0
8,155,5.896664839927281,4.651890059989271,0.0,0.0,0.0,0.0,0.0,1.0
9,155,10.202104424607326,2.092835189843121,1.0,1.0,0.0,0.0,1.0,0.0
10,155,3.0369109756681048,7.230089082809043,1.0,0.0,0.0,0.0,0.0,0.0
11,155,8.313199556979507,8.454110269406241,0.0,0.0,1.0,0.0,0.0,0.0
12,155,7.22806926678872,2.842050819224609,0.0,0.0,0.0,1.0,0.0,0.0
13,155,0.4660672880685359,2.4828498518912414,0.0,0.0,0.0,0.0,1.0,0.0
14,155,9.80707010860612,5.500213576074455,0.0,0.0,0.0,0.0,1.0,1.0
15,155,2.709835463528015,8.069138447285521,0.0,1.0,0.0,1.0,0.0,1.0
16,155,8.668811170842373,6.418720862433701,0.0,1.0,0.0,0.0,1.0,1.0
17,155,5.234927417765645,0.93233703604452,1.0,0.0,1.0,0.0,0.0,0.0
18,155,9.02252588654508,6.508882395435941,0.0,1.0,1.0,0.0,1.0,1.0
19,155,11.352450592819912,0.0,1.0,1.0,1.0,1.0,0.0,1.0
20,155,0.0,1.806445389632111,0.0,0.0,1.0,0.0,1.0,0.0
21,155,0.0,0.2223308194841116,0.0,0.0,0.0,0.0,1.0,0.0
22,155,5.862822665456042,0.0,0.0,0.0,1.0,0.0,1.0,1.0
23,155,11.190399085053151,8.939256580850058,0.0,0.0,1.0,0.0,1.0,0.0
24,155,8.1632480512644,11.830118497996605,0.0,1.0,0.0,0.0,0.0,0.0
25,155,5.248555045406999,11.372163320201018,0.0,1.0,0.0,0.0,1.0,0.0
26,155,3.975218334730193,5.013228678474804,0.0,0.0,1.0,0.0,0.0,0.0
27,155,11.662643801799565,5.802859778937179,0.0,0.0,1.0,1.0,0.0,0.0
28,155,8.7086137851257,11.933820992654615,1.0,0.0,0.0,0.0,1.0,0.0
29,155,4.471291231553953,7.879998139693809,0.0,0.0,1.0,0.0,1.0,0.0
0,160,1.7517567205209692,8.940489181412934,0.0,1.0,0.0,0.0,1.0,0.0
1,160,2.7524362022336986,3.6186499791176847,0.0,1.0,1.0,0.0,0.0,0.0
2,160,6.855279017936196,10.008177857060645,0.0,0.0,1.0,1.0,0.0,1.0
3,160,3.342450688040384,10.050964770474629,1.0,0.0,0.0,1.0,0.0,0.0
4,160,4.69536961438472,2.889503704149004,1.0,1.0,1.0,1.0,0.0,0.0
5,160,4.747976787716532,12.0,0.0,1.0,0.0,0.0,1.0,0.0
6,160,4.337742127551275,12.0,1.0,0.0,0.0,0.0,0.0,1.0
7,160,6.941104592098908,3.682999136981699,0.0,1.0,0.0,1.0,0.0,1.0
8,160,5.894510155431976,4.704429796686812,0.0,0.0,0.0,0.0,0.0,1.0
9,160,10.267004875843492,2.0917418982784484,1.0,1.0,0.0,0.0,1.0,0.0
10,160,3.1204248194495983,7.23441332245366,1.0,0.0,0.0,0.0,0.0,0.0
11,160,8.338190400204494,8.44054781868745,0.0,0.0,1.0,0.0,0.0,0.0
12,160,7.042549089424689,2.8314083717011806,0.0,0.0,0.0,1.0,0.0,0.0
13,160,0.4858656256365366,2.4167153356650246,0.0,0.0,0.0,0.0,1.0,0.0
14,160,9.680724176649443,5.465244311776663,0.0,0.0,0.0,0.0,1.0,1.0
15,160,2.7139067344426198,8.124151242120762,0.0,1.0,0.0,1.0,0.0,1.0
16,160,8.720725981300331,6.435820220501912,0.0,1.0,0.0,0.0,1.0,1.0
17,160,5.318057011707763,0.9215088294572814,1.0,0.0,1.0,0.0,0.0,0.0
18,160,9.05191570490469,6.658217364681199,0.0,1.0,1.0,0.0,1.0,1.0
19,160,11.479362434420342,0.0,1.0,1.0,1.0,1.0,0.0,1.0
20,160,0.0,1.7744698780356205,0.0,0.0,1.0,0.0,1.0,0.0
21,160,0.0,0.1977777718280149,0.0,0.0,0.0,0.0,1.0,0.0
22,160,5.928603332850087,0.0,0.0,0.0,1.0,0.0,1.0,1.0
23,160,11.186258925027955,8.925252587474274,0.0,0.0,1.0,0.0,1.0,0.0
24,160,8.146729844606922,11.75762530143882,0.0,1.0,0.0,0.0,0.0,0.0
25,160,5.345856695755672,11.32864729124799,0.0,1.0,0.0,0.0,1.0,0.0
26,160,3.96250385339686,5.027597970024901,0.0,0.0,1.0,0.0,0.0,0.0
27,160,11.79428957952633,5.753856770634593,0.0,0.0,1.0,1.0,0.0,0.0
28,160,8.692631208901275,11.922504584563702,1.0,0.0,0.0,0.0,1.0,0.0
29,160,4.498102962205017,7.877081634705509,0.0,0.0,1.0,0.0,1.0,0.0
0,165,1.7387050890278986,8.957485587124086,0.0,1.0,0.0,0.0,1.0,0.0
1,165,2.754739621945978,3.627035034146825,0.0,1.0,1.0,0.0,0.0,0.0
2,165,6.87035165724914,10.04903859521717,0.0,0.0,1.0,1.0,0.0,1.0
3,165,3.3509659371737968,10.03648296571404,1.0,0.0,0.0,1.0,0.0,0.0
4,165,4.726733608861077,2.840030746910696,1.0,1.0,1.0,1.0,0.0,0.0
5,165,4.752285558463683,12.0,0.0,1.0,0.0,0.0,1.0,0.0
6,165,4.397566548913857,12.0,1.0,0.0,0.0,0.0,0.0,1.0
7,165,6.793544465137215,3.691659870601432,0.0,1.0,0.0,1.0,0.0,1.0
8,165,5.892140031800744,4.7442724912116105,0.0,0.0,0.0,0.0,0.0,1.0
9,165,10.340650896739035,2.089029774566477,1.0,1.0,0.0,0.0,1.0,0.0
10,165,3.2046967858088795,7.236248264207346,1.0,0.0,0.0,0.0,0.0,0.0
11,165,8.355858491952876,8.431233556565148,0.0,0.0,1.0,0.0,0.0,0.0
12,165,6.85178199689393,2.822155252816525,0.0,0.0,0.0,1.0,0.0,0.0
13,165,0.504139929234843,2.350967162177194,0.0,0.0,0.0,0.0,1.0,0.0
14,165,9.556049310300317,5.42931801559882,0.0,0.0,0.0,0.0,1.0,1.0
15,165,2.7178204104824037,8.1738717197275,0.0,1.0,0.0,1.0,0.0,1.0
16,165,8.781838819292902,6.458218872327314,0.0,1.0,0.0,0.0,1.0,1.0
17,165,5.407883453730397,0.9108257780389968,1.0,0.0,1.0,0.0,0.0,0.0
18,165,9.081650425075518,6.805271265412044,0.0,1.0,1.0,0.0,1.0,1.0
19,165,11.607150188390086,0.0,1.0,1.0,1.0,1.0,0.0,1.0
20,165,0.0,1.7581527659199327,0.0,0.0,1.0,0.0,1.0,0.0
21,165,0.0,0.1749096254442048,0.0,0.0,0.0,0.0,1.0,0.0
22,165,5.994617387865686,0.0,0.0,0.0,1.0,0.0,1.0,1.0
23,165,11.184426627624866,8.919383411070418,0.0,0.0,1.0,0.0,1.0,0.0
24,165,8.131919579021128,11.687684235001468,0.0,1.0,0.0,0.0,0.0,0.0
25,165,5.432892573412542,11.289367531898662,0.0,1.0,0.0,0.0,1.0,0.0
26,165,3.9600481129012817,5.030416897160914,0.0,0.0,1.0,0.0,0.0,0.0
27,165,11.932150399060824,5.70346187169323,0.0,0.0,1.0,1.0,0.0,0.0
28,165,8.675208966660309,11.90977760245158,1.0,0.0,0.0,0.0,1.0,0.0
29,165,4.512392735324966,7.87579124060777,0.0,0.0,1.0,0.0,1.0,0.0
0,170,1.7271090680978285,8.972267104855538,0.0,1.0,0.0,0.0,1.0,0.0
1,170,2.7543684390596623,3.625436907105658,0.0,1.0,1.0,0.0,0.0,0.0
2,170,6.885389822486928,10.088413580934231,0.0,0.0,1.0,1.0,0.0,1.0
3,170,3.3649441103596773,10.012497143777155,1.0,0.0,0.0,1.0,0.0,0.0
4,170,4.762329150720524,2.783071043056069,1.0,1.0,1.0,1.0,0.0,0.0
5,170,4.753257308243155,12.0,0.0,1.0,0.0,0.0,1.0,0.0
6,170,4.452742198908074,12.0,1.0,0.0,0.0,0.0,0.0,1.0
7,170,6.62459030974829,3.70550698334501,0.0,1.0,0.0,1.0,0.0,1.0
8,170,5.889253504576695,4.781432442358169,0.0,0.0,0.0,0.0,0.0,1.0
9,170,10.446718633728556,2.084757683135694,1.0,1.0,0.0,0.0,1.0,0.0
10,170,3.3016976490829744,7.236424730326876,1.0,0.0,0.0,0.0,0.0,0.0
11,170,8.346859279178771,8.435896187525682,0.0,0.0,1.0,0.0,0.0,0.0
12,170,6.638433773019929,2.8114141293048136,0.0,0.0,0.0,1.0,0.0,0.0
13,170,0.5262933330490286,2.271436422143508,0.0,0.0,0.0,0.0,1.0,0.0
14,170,9.4253175795368,5.395937747342521,0.0,0.0,0.0,0.0,1.0,1.0
15,170,2.7199787571220537,8.216604349722122,0.0,1.0,0.0,1.0,0.0,1.0
16,170,8.828150964613089,6.4767486427931775,0.0,1.0,0.0,0.0,1.0,1.0
17,170,5.498665476022861,0.9000668286922462,1.0,0.0,1.0,0.0,0.0,0.0
18,170,9.111135789774886,6.965043061298833,0.0,1.0,1.0,0.0,1.0,1.0
19,170,11.729679791749929,0.0,1.0,1.0,1.0,1.0,0.0,1.0
20,170,0.0,1.7395521536856873,0.0,0.0,1.0,0.0,1.0,0.0
21,170,0.0,0.1369238904912605,0.0,0.0,0.0,0.0,1.0,0.0
22,170,6.063604707580179,0.0,0.0,0.0,1.0,0.0,1.0,1.0
23,170,11.179483354093264,8.904362223500236,0.0,0.0,1.0,0.0,1.0,0.0
24,170,8.116489504928603,11.611009531897572,0.0,1.0,0.0,0.0,0.0,0.0
25,170,5.508843796909558,11.254613853393284,0.0,1.0,0.0,0.0,1.0,0.0
26,170,3.953153175838155,5.037959480753137,0.0,0.0,1.0,0.0,0.0,0.0
27,170,12.0,5.654439383628128,0.0,0.0,1.0,1.0,0.0,0.0
28,170,8.64719194153157,11.89014643091421,1.0,0.0,0.0,0.0,1.0,0.0
29,170,4.535494806412513,7.873881146128415,0.0,0.0,1.0,0.0,1.0,0.0
0,175,1.6985172498868804,9.006391090329918,0.0,1.0,0.0,0.0,1.0,0.0
1,175,2.7492771853089297,3.604434375427013,0.0,1.0,1.0,0.0,0.0,0.0
2,175,6.901693999541285,10.127001780637428,0.0,0.0,1.0,1.0,0.0,1.0
3,175,3.3898335620996507,9.96986384898682,1.0,0.0,0.0,1.0,0.0,0.0
4,175,4.807621034018439,2.711348872916526,1.0,1.0,1.0,1.0,0.0,0.0
5,175,4.75953368842538,12.0,0.0,1.0,0.0,0.0,1.0,0.0
6,175,4.510690707723192,12.0,1.0,0.0,0.0,0.0,0.0,1.0
7,175,6.4582365900680365,3.723491432791136,0.0,1.0,0.0,1.0,0.0,1.0
8,175,5.887280663239294,4.805540573421411,0.0,0.0,0.0,0.0,0.0,1.0
9,175,10.443932495208044,1.9889373822682923,1.0,1.0,0.0,0.0,1.0,0.0
10,175,3.3905050666487946,7.235571599524095,1.0,0.0,0.0,0.0,0.0,0.0
11,175,8.340658286433982,8.439104285828092,0.0,0.0,1.0,0.0,0.0,0.0
12,175,6.41211845765497,2.8002385086914083,0.0,0.0,0.0,1.0,0.0,0.0
13,175,0.5444839834526007,2.209717775361064,0.0,0.0,0.0,0.0,1.0,0.0
14,175,9.299339407531024,5.367747486114123,0.0,0.0,0.0,0.0,1.0,1.0
15,175,2.721974133825224,8.286059220481581,0.0,1.0,0.0,1.0,0.0,1.0
16,175,8.891684144148236,6.504005814950111,0.0,1.0,0.0,0.0,1.0,1.0
17,175,5.567428387816088,0.8905998384373953,1.0,0.0,1.0,0.0,0.0,0.0
18,175,9.139657211411532,7.109774816835101,0.0,1.0,1.0,0.0,1.0,1.0
19,175,11.858179232955113,0.0,1.0,1.0,1.0,1.0,0.0,1.0
20,175,0.0013586881954517,1.7417967100413383,0.0,0.0,1.0,0.0,1.0,0.0
21,175,0.0,0.1210224898508655,0.0,0.0,0.0,0.0,1.0,0.0
22,175,6.1374202195575736,0.0,0.0,0.0,1.0,0.0,1.0,1.0
23,175,11.175468432542877,8.892830409185901,0.0,0.0,1.0,0.0,1.0,0.0
24,175,8.10064147207137,11.535353611629493,0.0,1.0,0.0,0.0,0.0,0.0
25,175,5.582127360444433,11.22175146518561,0.0,1.0,0.0,0.0,1.0,0.0
26,175,3.953453014642178,5.03762321017242,0.0,0.0,1.0,0.0,0.0,0.0
27,175,12.0,5.604241247794128,0.0,0.0,1.0,1.0,0.0,0.0
28,175,8.600089164703752,11.8560867376644,1.0,0.0,0.0,0.0,1.0,0.0
29,175,4.573423392378864,7.8703352098285855,0.0,0.0,1.0,0.0,1.0,0.0
0,180,1.673776207604239,9.03530256436344,0.0,1.0,0.0,0.0,1.0,0.0
1,180,2.73669647454478,3.555697053554836,0.0,1.0,1.0,0.0,0.0,0.0
2,180,6.9170161862275,10.16290205837267,0.0,0.0,1.0,1.0,0.0,1.0
3,180,3.4142837010016303,9.92437837538276,1.0,0.0,0.0,1.0,0.0,0.0
4,180,4.85887553700051,2.633282293753888,1.0,1.0,1.0,1.0,0.0,0.0
5,180,4.76752275275198,12.0,0.0,1.0,0.0,0.0,1.0,0.0
6,180,4.571386971159599,12.0,1.0,0.0,0.0,0.0,0.0,1.0
7,180,6.278302300876335,3.745808505944927,0.0,1.0,0.0,1.0,0.0,1.0
8,180,5.8888530891449,4.789092759222301,0.0,0.0,0.0,0.0,0.0,1.0
9,180,10.439224276330645,1.8831127774941565,1.0,1.0,0.0,0.0,1.0,0.0
10,180,3.4742508933709244,7.236122222141942,1.0,0.0,0.0,0.0,0.0,0.0
11,180,8.341721874266346,8.438547447102765,0.0,0.0,1.0,0.0,0.0,0.0
12,180,6.172449746125294,2.787285495557441,0.0,0.0,0.0,1.0,0.0,0.0
13,180,0.5595391629132875,2.159869358070507,0.0,0.0,0.0,0.0,1.0,0.0
14,180,9.192642039736215,5.3438850776429,0.0,0.0,0.0,0.0,1.0,1.0
15,180,2.7248285313651013,8.367337690565854,0.0,1.0,0.0,1.0,0.0,1.0
16,180,8.981780073341557,6.538793148040923,0.0,1.0,0.0,0.0,1.0,1.0
17,180,5.662403214718286,0.8780553248180681,1.0,0.0,1.0,0.0,0.0,0.0
18,180,9.167808930442188,7.244033427693276,0.0,1.0,1.0,0.0,1.0,1.0
19,180,11.996896110800051,0.0,1.0,1.0,1.0,1.0,0.0,1.0
20,180,0.0004317091407167,1.740269189723949,0.0,0.0,1.0,0.0,1.0,0.0
21,180,0.0,0.109171824740304,0.0,0.0,0.0,0.0,1.0,0.0
22,180,6.2089698967635725,0.0,0.0,0.0,1.0,0.0,1.0,1.0
23,180,11.165899304010903,8.866559710098565,0.0,0.0,1.0,0.0,1.0,0.0
24,180,8.086792839915564,11.468144759945964,0.0,1.0,0.0,0.0,0.0,0.0
25,180,5.668795189595316,11.181566020726985,0.0,1.0,0.0,0.0,1.0,0.0
26,180,3.930494355324772,5.0660638226150745,0.0,0.0,1.0,0.0,0.0,0.0
27,180,12.0,5.550807350064385,0.0,0.0,1.0,1.0,0.0,0.0
28,180,8.559968511304795,11.826265443093371,1.0,0.0,0.0,0.0,1.0,0.0
29,180,4.637593203570881,7.862256810355288,0.0,0.0,1.0,0.0,1.0,0.0
0,185,1.6597398612672605,9.051571452316756,0.0,1.0,0.0,0.0,1.0,0.0
1,185,2.721850968074491,3.499038769369029,0.0,1.0,1.0,0.0,0.0,0.0
2,185,6.929874191431328,10.192493795636002,0.0,0.0,1.0,1.0,0.0,1.0
3,185,3.4319959471856123,9.892875314772963,1.0,0.0,0.0,1.0,0.0,0.0
4,185,4.9129347545107525,2.549780161603107,1.0,1.0,1.0,1.0,0.0,0.0
5,185,4.775137909713791,12.0,0.0,1.0,0.0,0.0,1.0,0.0
6,185,4.631686725484509,12.0,1.0,0.0,0.0,0.0,0.0,1.0
7,185,6.092031227830868,3.7747707369397374,0.0,1.0,0.0,1.0,0.0,1.0
8,185,5.892376766602613,4.75994345364739,0.0,0.0,0.0,0.0,0.0,1.0
9,185,10.435809451291153,1.7849872288872437,1.0,1.0,0.0,0.0,1.0,0.0
10,185,3.5449226568619423,7.236498787383362,1.0,0.0,0.0,0.0,0.0,0.0
11,185,8.352716970861065,8.433431410821518,0.0,0.0,1.0,0.0,0.0,0.0
12,185,5.939919556952711,2.776463855249337,0.0,0.0,0.0,1.0,0.0,0.0
13,185,0.5649514489588023,2.1430009853481207,0.0,0.0,0.0,0.0,1.0,0.0
14,185,9.088025359778086,5.318214310525977,0.0,0.0,0.0,0.0,1.0,1.0
15,185,2.725927754790205,8.444028021150524,0.0,1.0,0.0,1.0,0.0,1.0
16,185,9.06203323098229,6.570007015834903,0.0,1.0,0.0,0.0,1.0,1.0
17,185,5.750895191162505,0.8673212352625608,1.0,0.0,1.0,0.0,0.0,0.0
18,185,9.200715586536298,7.391485475808596,0.0,1.0,1.0,0.0,1.0,1.0
19,185,12.0,0.0,1.0,1.0,1.0,1.0,0.0,1.0
20,185,0.0,1.724191133649182,0.0,0.0,1.0,0.0,1.0,0.0
21,185,0.0,0.1323015313482207,0.0,0.0,0.0,0.0,1.0,0.0
22,185,6.288183418898109,0.0,0.0,0.0,1.0,0.0,1.0,1.0
23,185,11.151830995820458,8.825468090460578,0.0,0.0,1.0,0.0,1.0,0.0
24,185,8.069691564617525,11.393992023506764,0.0,1.0,0.0,0.0,0.0,0.0
25,185,5.759090642882351,11.14302421703994,0.0,1.0,0.0,0.0,1.0,0.0
26,185,3.9458476810032073,5.078468294404582,0.0,0.0,1.0,0.0,0.0,0.0
27,185,12.0,5.506475317122026,0.0,0.0,1.0,1.0,0.0,0.0
28,185,8.51379807126391,11.791331902867542,1.0,0.0,0.0,0.0,1.0,0.0
29,185,4.711882394309699,7.854376640233419,0.0,0.0,1.0,0.0,1.0,0.0
0,190,1.6519247615079424,9.060306506775769,0.0,1.0,0.0,0.0,1.0,0.0
1,190,2.707455315527647,3.4450148700711654,0.0,1.0,1.0,0.0,0.0,0.0
2,190,6.945498997699557,10.226104722704356,0.0,0.0,1.0,1.0,0.0,1.0
3,190,3.4469250522359336,9.866939674005904,1.0,0.0,0.0,1.0,0.0,0.0
4,190,4.964014978823968,2.464598236413969,1.0,1.0,1.0,1.0,0.0,0.0
5,190,4.778538316312672,12.0,0.0,1.0,0.0,0.0,1.0,0.0
6,190,4.689845633403045,12.0,1.0,0.0,0.0,0.0,0.0,1.0
7,190,5.917826669944528,3.805848003387625,0.0,1.0,0.0,1.0,0.0,1.0
8,190,5.894777776145834,4.727471470329447,0.0,0.0,0.0,0.0,0.0,1.0
9,190,10.429567334425588,1.7015125447872577,1.0,1.0,0.0,0.0,1.0,0.0
10,190,3.6216097239251015,7.237682934965334,1.0,0.0,0.0,0.0,0.0,0.0
11,190,8.369456900909361,8.425804824454167,0.0,0.0,1.0,0.0,0.0,0.0
12,190,5.701296568429376,2.764963636531846,0.0,0.0,0.0,1.0,0.0,0.0
13,190,0.5752517193068113,2.1100920450683325,0.0,0.0,0.0,0.0,1.0,0.0
14,190,8.975084572360526,5.288813659238657,0.0,0.0,0.0,0.0,1.0,1.0
15,190,2.7249208889649874,8.519668281178262,0.0,1.0,0.0,1.0,0.0,1.0
16,190,9.13958613273723,6.599123054315258,0.0,1.0,0.0,0.0,1.0,1.0
17,190,5.830269941160919,0.8587667291039377,1.0,0.0,1.0,0.0,0.0,0.0
18,190,9.235779593670028,7.547580601752866,0.0,1.0,1.0,0.0,1.0,1.0
19,190,12.0,0.0,1.0,1.0,1.0,1.0,0.0,1.0
20,190,0.0,1.70362316043084,0.0,0.0,1.0,0.0,1.0,0.0
21,190,0.0,0.176526135767565,0.0,0.0,0.0,0.0,1.0,0.0
22,190,6.369126967378986,0.0,0.0,0.0,1.0,0.0,1.0,1.0
23,190,11.136754376352476,8.781526420278686,0.0,0.0,1.0,0.0,1.0,0.0
24,190,8.049007879393725,11.316232783660164,0.0,1.0,0.0,0.0,0.0,0.0
25,190,5.851823125051811,11.107010284830196,0.0,1.0,0.0,0.0,1.0,0.0
26,190,3.978262691507333,5.1060947753759,0.0,0.0,1.0,0.0,0.0,0.0
27,190,12.0,5.457459414965295,0.0,0.0,1.0,1.0,0.0,0.0
28,190,8.47889297731887,11.764782807032915,1.0,0.0,0.0,0.0,1.0,0.0
29,190,4.788597163256255,7.8458093407396445,0.0,0.0,1.0,0.0,1.0,0.0
0,195,1.6437151258372815,9.068835067007123,0.0,1.0,0.0,0.0,1.0,0.0
1,195,2.6926781995949165,3.391217543285241,0.0,1.0,1.0,0.0,0.0,0.0
2,195,6.973247904290117,10.286137258282343,0.0,0.0,1.0,1.0,0.0,1.0
3,195,3.493663819219841,9.896089002129502,1.0,0.0,0.0,1.0,0.0,0.0
4,195,5.018422178217884,2.3649663550487463,1.0,1.0,1.0,1.0,0.0,0.0
5,195,4.787832830403045,12.0,0.0,1.0,0.0,0.0,1.0,0.0
6,195,4.750388999919967,12.0,1.0,0.0,0.0,0.0,0.0,1.0
7,195,5.751434482874839,3.835690478597957,0.0,1.0,0.0,1.0,0.0,1.0
8,195,5.897424695156906,4.698065614851669,0.0,0.0,0.0,0.0,0.0,1.0
9,195,10.424607304756332,1.624071485098475,1.0,1.0,0.0,0.0,1.0,0.0
10,195,3.709393312565855,7.23946607231756,1.0,0.0,0.0,0.0,0.0,0.0
11,195,8.387291500886807,8.418081844356674,0.0,0.0,1.0,0.0,0.0,0.0
12,195,5.447742795395231,2.75318502440615,0.0,0.0,0.0,1.0,0.0,0.0
13,195,0.5810011486405898,2.0911664261966814,0.0,0.0,0.0,0.0,1.0,0.0
14,195,8.843608494724245,5.255257096424099,0.0,0.0,0.0,0.0,1.0,1.0
15,195,2.7229313732515386,8.607886691086549,0.0,1.0,0.0,1.0,0.0,1.0
16,195,9.209298930286344,6.625352798138296,0.0,1.0,0.0,0.0,1.0,1.0
17,195,5.915982042656205,0.8496208812922937,1.0,0.0,1.0,0.0,0.0,0.0
18,195,9.268429723804896,7.700467300672912,0.0,1.0,1.0,0.0,1.0,1.0
19,195,12.0,0.0,1.0,1.0,1.0,1.0,0.0,1.0
20,195,0.0006126027644549,1.7045607204115083,0.0,0.0,1.0,0.0,1.0,0.0
21,195,0.0,0.2289160520536472,0.0,0.0,0.0,0.0,1.0,0.0
22,195,6.449323986711375,0.0,0.0,0.0,1.0,0.0,1.0,1.0
23,195,11.124903876373407,8.743640692156902,0.0,0.0,1.0,0.0,1.0,0.0
24,195,8.032089800071534,11.248517675429696,0.0,1.0,0.0,0.0,0.0,0.0
25,195,5.941311216816414,11.072835893487753,0.0,1.0,0.0,0.0,1.0,0.0
26,195,4.001401961864862,5.125266249755284,0.0,0.0,1.0,0.0,0.0,0.0
27,195,12.0,5.39757643522476,0.0,0.0,1.0,1.0,0.0,0.0
28,195,8.43224437791903,11.72788106593077,1.0,0.0,0.0,0.0,1.0,0.0
29,195,4.853179180510271,7.840735455619844,0.0,0.0,1.0,0.0,1.0,0.0
0,200,1.6242813453727678,9.08849932137088,0.0,1.0,0.0,0.0,1.0,0.0
1,200,2.6793128257382,3.3380621242855377,0.0,1.0,1.0,0.0,0.0,0.0
2,200,6.994593165739407,10.334643936872451,0.0,0.0,1.0,1.0,0.0,1.0
3,200,3.5159945339370977,9.909599286965316,1.0,0.0,0.0,1.0,0.0,0.0
4,200,5.076564698243193,2.2469862212102054,1.0,1.0,1.0,1.0,0.0,0.0
5,200,4.801267919772749,12.0,0.0,1.0,0.0,0.0,1.0,0.0
6,200,4.807257589889296,12.0,1.0,0.0,0.0,0.0,0.0,1.0
7,200,5.603471227196736,3.860172117608295,0.0,1.0,0.0,1.0,0.0,1.0
8,200,5.899669794230409,4.668063676881487,0.0,0.0,0.0,0.0,0.0,1.0
9,200,10.417668575197249,1.543630512399674,1.0,1.0,0.0,0.0,1.0,0.0
10,200,3.776359566853003,7.240306963950508,1.0,0.0,0.0,0.0,0.0,0.0
11,200,8.393168742690792,8.415701720121906,0.0,0.0,1.0,0.0,0.0,0.0
12,200,5.193285342831705,2.7477710713328665,0.0,0.0,0.0,1.0,0.0,0.0
13,200,0.5836205778010707,2.082176881165635,0.0,0.0,0.0,0.0,1.0,0.0
14,200,8.712396184946535,5.221583051475381,0.0,0.0,0.0,0.0,1.0,1.0
15,200,2.725450022529849,8.679638249974344,0.0,1.0,0.0,1.0,0.0,1.0
16,200,9.278876057709104,6.654070782557072,0.0,1.0,0.0,0.0,1.0,1.0
17,200,6.00841809808179,0.8394502819868263,1.0,0.0,1.0,0.0,0.0,0.0
18,200,9.309815184178072,7.859451846353152,0.0,1.0,1.0,0.0,1.0,1.0
19,200,12.0,0.0,1.0,1.0,1.0,1.0,0.0,1.0
20,200,0.0074522837718016,1.7148435666101058,0.0,0.0,1.0,0.0,1.0,0.0
21,200,0.0,0.3001690654541976,0.0,0.0,0.0,0.0,1.0,0.0
22,200,6.533587741777588,0.0,0.0,0.0,1.0,0.0,1.0,1.0
23,200,11.114351041821108,8.710751841816714,0.0,0.0,1.0,0.0,1.0,0.0
24,200,8.013246586015303,11.178109107491135,0.0,1.0,0.0,0.0,0.0,0.0
25,200,6.023807661600272,11.040760548468109,0.0,1.0,0.0,0.0,1.0,0.0
26,200,4.004994636656215,5.127973073237157,0.0,0.0,1.0,0.0,0.0,0.0
27,200,12.0,5.340958705408775,0.0,0.0,1.0,1.0,0.0,0.0
28,200,8.389680426715552,11.692583789396702,1.0,0.0,0.0,0.0,1.0,0.0
29,200,4.926081166241971,7.834578196055332,0.0,0.0,1.0,0.0,1.0,0.0
0,205,1.6050424519869635,9.109234330003204,0.0,1.0,0.0,0.0,1.0,0.0
1,205,2.6316473445252253,3.3502469136995168,0.0,1.0,1.0,0.0,0.0,0.0
2,205,7.01576665077477,10.381570964003282,0.0,0.0,1.0,1.0,0.0,1.0
3,205,3.523785136746128,9.914382393267132,1.0,0.0,0.0,1.0,0.0,0.0
4,205,5.13859682567742,2.130358725681385,1.0,1.0,1.0,1.0,0.0,0.0
5,205,4.81403932597717,12.0,0.0,1.0,0.0,0.0,1.0,0.0
6,205,4.86453477469961,12.0,1.0,0.0,0.0,0.0,0.0,1.0
7,205,5.435339707605637,3.890138394517645,0.0,1.0,0.0,1.0,0.0,1.0
8,205,5.9007619795769415,4.651277376323648,0.0,0.0,0.0,0.0,0.0,1.0
9,205,10.409954495064474,1.4710242837307057,1.0,1.0,0.0,0.0,1.0,0.0
10,205,3.822342151018261,7.242376674343506,1.0,0.0,0.0,0.0,0.0,0.0
11,205,8.389898259649655,8.417029469581072,0.0,0.0,1.0,0.0,0.0,0.0
12,205,4.928253109146142,2.743554016757087,0.0,0.0,0.0,1.0,0.0,0.0
13,205,0.5862242992287999,2.071802136288029,0.0,0.0,0.0,0.0,1.0,0.0
14,205,8.579980646652265,5.189198834459495,0.0,0.0,0.0,0.0,1.0,1.0
15,205,2.728782398337223,8.762321921191798,0.0,1.0,0.0,1.0,0.0,1.0
16,205,9.35202801454018,6.684684498383113,0.0,1.0,0.0,0.0,1.0,1.0
17,205,6.07114521745211,0.8335421241990826,1.0,0.0,1.0,0.0,0.0,0.0
18,205,9.349694578818031,8.021411443258248,0.0,1.0,1.0,0.0,1.0,1.0
19,205,12.0,0.0,1.0,1.0,1.0,1.0,0.0,1.0
20,205,0.0065707261930053,1.7135235290891453,0.0,0.0,1.0,0.0,1.0,0.0
21,205,0.0,0.3837973587402593,0.0,0.0,0.0,0.0,1.0,0.0
22,205,6.61958150305413,0.0,0.0,0.0,1.0,0.0,1.0,1.0
23,205,11.102559747238672,8.677116566129019,0.0,0.0,1.0,0.0,1.0,0.0
24,205,7.993538327136421,11.11254518398909,0.0,1.0,0.0,0.0,0.0,0.0
25,205,6.098373463506682,11.010185414221995,0.0,1.0,0.0,0.0,1.0,0.0
26,205,4.01551892123088,5.135621947505925,0.0,0.0,1.0,0.0,0.0,0.0
27,205,12.0,5.285089343697814,0.0,0.0,1.0,1.0,0.0,0.0
28,205,8.336479337428372,11.647529459647338,1.0,0.0,0.0,0.0,1.0,0.0
29,205,5.004340618485409,7.82772430144152,0.0,0.0,1.0,0.0,1.0,0.0
0,210,1.593631663181889,9.121731494247925,0.0,1.0,0.0,0.0,1.0,0.0
1,210,2.577419590814413,3.365005113200295,0.0,1.0,1.0,0.0,0.0,0.0
2,210,7.035873416982784,10.426756855371307,0.0,0.0,1.0,1.0,0.0,1.0
3,210,3.5411719978406544,9.924858469563508,1.0,0.0,0.0,1.0,0.0,0.0
4,210,5.200214912212539,2.0153087863511834,1.0,1.0,1.0,1.0,0.0,0.0
5,210,4.824622059157627,12.0,0.0,1.0,0.0,0.0,1.0,0.0
6,210,4.911779421782103,12.0,1.0,0.0,0.0,0.0,0.0,1.0
7,210,5.265899305666794,3.926433780343464,0.0,1.0,0.0,1.0,0.0,1.0
8,210,5.901510029327804,4.635780814373671,0.0,0.0,0.0,0.0,0.0,1.0
9,210,10.404286663447031,1.4058193037281723,1.0,1.0,0.0,0.0,1.0,0.0
10,210,3.854099175513857,7.244007384352954,1.0,0.0,0.0,0.0,0.0,0.0
11,210,8.368651184941058,8.425552067372728,0.0,0.0,1.0,0.0,0.0,0.0
12,210,4.63853401350643,2.726694679375541,0.0,0.0,0.0,1.0,0.0,0.0
13,210,0.581948285125471,2.070691859531347,0.0,0.0,0.0,0.0,1.0,0.0
14,210,8.420042134986971,5.150317588439497,0.0,0.0,0.0,0.0,1.0,1.0
15,210,2.734086812894923,8.855566202377334,0.0,1.0,0.0,1.0,0.0,1.0
16,210,9.434543217417213,6.720236432864593,0.0,1.0,0.0,0.0,1.0,1.0
17,210,6.134394037870335,0.8272818500691494,1.0,0.0,1.0,0.0,0.0,0.0
18,210,9.397327516407335,8.195940261039592,0.0,1.0,1.0,0.0,1.0,1.0
19,210,12.0,0.0,1.0,1.0,1.0,1.0,0.0,1.0
20,210,0.0001614114833936,1.7036976469282197,0.0,0.0,1.0,0.0,1.0,0.0
21,210,0.0,0.4569970222372934,0.0,0.0,0.0,0.0,1.0,0.0
22,210,6.696132119512726,0.0,0.0,0.0,1.0,0.0,1.0,1.0
23,210,11.089167927846384,8.64068851044056,0.0,0.0,1.0,0.0,1.0,0.0
24,210,7.977572831188198,11.064812497050132,0.0,1.0,0.0,0.0,0.0,0.0
25,210,6.1574943200086665,10.985491620753235,0.0,1.0,0.0,0.0,1.0,0.0
26,210,4.030576149741609,5.145720446259183,0.0,0.0,1.0,0.0,0.0,0.0
27,210,12.0,5.226215156625866,0.0,0.0,1.0,1.0,0.0,0.0
28,210,8.311098279784826,11.624434548661586,1.0,0.0,0.0,0.0,1.0,0.0
29,210,5.050916332549377,7.822784163425064,0.0,0.0,1.0,0.0,1.0,0.0
0,215,1.606594705506725,9.13361463235406,0.0,1.0,0.0,0.0,1.0,0.0
1,215,2.522242261083019,3.381322788557438,0.0,1.0,1.0,0.0,0.0,0.0
2,215,7.0578904506460125,10.47912959571802,0.0,0.0,1.0,1.0,0.0,1.0
3,215,3.559193251260666,9.936143013643338,1.0,0.0,0.0,1.0,0.0,0.0
4,215,5.254768973715087,1.9090721099513213,1.0,1.0,1.0,1.0,0.0,0.0
5,215,4.836279791707993,12.0,0.0,1.0,0.0,0.0,1.0,0.0
6,215,4.9543916870657965,12.0,1.0,0.0,0.0,0.0,0.0,1.0
7,215,5.085858779635079,3.967839045721621,0.0,1.0,0.0,1.0,0.0,1.0
8,215,5.901835381459433,4.623638400360695,0.0,0.0,0.0,0.0,0.0,1.0
9,215,10.398738225990767,1.340180249088212,1.0,1.0,0.0,0.0,1.0,0.0
10,215,3.899067711089386,7.245707455772159,1.0,0.0,0.0,0.0,0.0,0.0
11,215,8.362594823545287,8.42802022031847,0.0,0.0,1.0,0.0,0.0,0.0
12,215,4.325068303660255,2.704037000340338,0.0,0.0,0.0,1.0,0.0,0.0
13,215,0.570402558791769,2.0679053374092726,0.0,0.0,0.0,0.0,1.0,0.0
14,215,8.267308834638529,5.111447038366146,0.0,0.0,0.0,0.0,1.0,1.0
15,215,2.741513827273365,8.964023324890801,0.0,1.0,0.0,1.0,0.0,1.0
16,215,9.531572533481556,6.761531633516666,0.0,1.0,0.0,0.0,1.0,1.0
17,215,6.193514638826063,0.8206128971124172,1.0,0.0,1.0,0.0,0.0,0.0
18,215,9.44902113258805,8.37740517395349,0.0,1.0,1.0,0.0,1.0,1.0
19,215,12.0,0.0,1.0,1.0,1.0,1.0,0.0,1.0
20,215,0.0,1.6889890190429344,0.0,0.0,1.0,0.0,1.0,0.0
21,215,0.0,0.5219185132875794,0.0,0.0,0.0,0.0,1.0,0.0
22,215,6.765322793800055,0.0,0.0,0.0,1.0,0.0,1.0,1.0
23,215,11.081310555440552,8.61872436891407,0.0,0.0,1.0,0.0,1.0,0.0
24,215,7.96197976315717,11.01771336665249,0.0,1.0,0.0,0.0,0.0,0.0
25,215,6.200760420787887,10.967778423153655,0.0,1.0,0.0,0.0,1.0,0.0
26,215,4.050617865780233,5.158829457145299,0.0,0.0,1.0,0.0,0.0,0.0
27,215,12.0,5.17271957022349,0.0,0.0,1.0,1.0,0.0,0.0
28,215,8.284407740102832,11.5993599743386,1.0,0.0,0.0,0.0,1.0,0.0
29,215,5.076632818753209,7.820914365648674,0.0,0.0,1.0,0.0,1.0,0.0
0,220,1.6274893976760991,9.152576201172488,0.0,1.0,0.0,0.0,1.0,0.0
1,220,2.442908100065301,3.405187496012673,0.0,1.0,1.0,0.0,0.0,0.0
2,220,7.085223694778463,10.546991880618286,0.0,0.0,1.0,1.0,0.0,1.0
3,220,3.579575237711299,9.948293423296311,1.0,0.0,0.0,1.0,0.0,0.0
4,220,5.313762561732293,1.795427315783737,1.0,1.0,1.0,1.0,0.0,0.0
5,220,4.850147390468679,12.0,0.0,1.0,0.0,0.0,1.0,0.0
6,220,4.988423031584371,12.0,1.0,0.0,0.0,0.0,0.0,1.0
7,220,4.917790125677265,4.010652177174204,0.0,1.0,0.0,1.0,0.0,1.0
8,220,5.901537354917983,4.599942916963071,0.0,0.0,0.0,0.0,0.0,1.0
9,220,10.394191372550534,1.278884446421784,1.0,1.0,0.0,0.0,1.0,0.0
10,220,3.951143455934876,7.248115620964662,1.0,0.0,0.0,0.0,0.0,0.0
11,220,8.340368784739285,8.437255563847275,0.0,0.0,1.0,0.0,0.0,0.0
12,220,4.00068881875745,2.681494960581016,0.0,0.0,0.0,1.0,0.0,0.0
13,220,0.5442444996514066,2.062295484744428,0.0,0.0,0.0,0.0,1.0,0.0
14,220,8.118350141177398,5.075018285800094,0.0,0.0,0.0,0.0,1.0,1.0
15,220,2.7474932104885625,9.079618001560888,0.0,1.0,0.0,1.0,0.0,1.0
16,220,9.632135987850315,6.802844419923981,0.0,1.0,0.0,0.0,1.0,1.0
17,220,6.256659121497409,0.8159464601780427,1.0,0.0,1.0,0.0,0.0,0.0
18,220,9.500109971051906,8.550082554207458,0.0,1.0,1.0,0.0,1.0,1.0
19,220,12.0,0.0,1.0,1.0,1.0,1.0,0.0,1.0
20,220,0.0,1.6879713756344563,0.0,0.0,1.0,0.0,1.0,0.0
21,220,0.0,0.5847276002329307,0.0,0.0,0.0,0.0,1.0,0.0
22,220,6.851294734847667,0.0,0.0,0.0,1.0,0.0,1.0,1.0
23,220,11.07642194534538,8.605518165020461,0.0,0.0,1.0,0.0,1.0,0.0
24,220,7.949182488455463,10.978610205012153,0.0,1.0,0.0,0.0,0.0,0.0
25,220,6.248007722518326,10.950379412250872,0.0,1.0,0.0,0.0,1.0,0.0
26,220,4.084051256788751,5.1816261022126,0.0,0.0,1.0,0.0,0.0,0.0
27,220,12.0,5.108963998605569,0.0,0.0,1.0,1.0,0.0,0.0
28,220,8.26346899796214,11.579508527749033,1.0,0.0,0.0,0.0,1.0,0.0
29,220,5.107469310183718,7.818680490462215,0.0,0.0,1.0,0.0,1.0,0.0
0,225,1.611469476741596,9.170948866945576,0.0,1.0,0.0,0.0,1.0,0.0
1,225,2.368496179487736,3.4274396413900448,0.0,1.0,1.0,0.0,0.0,0.0
2,225,7.113817891889425,10.616558972338677,0.0,0.0,1.0,1.0,0.0,1.0
3,225,3.617215295360308,9.96902670575373,1.0,0.0,0.0,1.0,0.0,0.0
4,225,5.366377612378482,1.6912087660071793,1.0,1.0,1.0,1.0,0.0,0.0
5,225,4.864855572636592,12.0,0.0,1.0,0.0,0.0,1.0,0.0
6,225,5.026086397066915,12.0,1.0,0.0,0.0,0.0,0.0,1.0
7,225,4.75577128853338,4.053103149279468,0.0,1.0,0.0,1.0,0.0,1.0
8,225,5.901538548483036,4.599798545549365,0.0,0.0,0.0,0.0,0.0,1.0
9,225,10.388777745472392,1.2010183907621754,1.0,1.0,0.0,0.0,1.0,0.0
10,225,4.016221367411489,7.251765238353299,1.0,0.0,0.0,0.0,0.0,0.0
11,225,8.298714358606873,8.455968078321927,0.0,0.0,1.0,0.0,0.0,0.0
12,225,3.683134516808496,2.671038377977446,0.0,0.0,0.0,1.0,0.0,0.0
13,225,0.5029008982472486,2.0535685105683417,0.0,0.0,0.0,0.0,1.0,0.0
14,225,7.969288910368991,5.035119446366397,0.0,0.0,0.0,0.0,1.0,1.0
15,225,2.754771007939744,9.202212798229516,0.0,1.0,0.0,1.0,0.0,1.0
16,225,9.724720176326484,6.839559743066142,0.0,1.0,0.0,0.0,1.0,1.0
17,225,6.322356386818751,0.8124349498648584,1.0,0.0,1.0,0.0,0.0,0.0
18,225,9.553461591490494,8.728890548864735,0.0,1.0,1.0,0.0,1.0,1.0
19,225,12.0,0.0,1.0,1.0,1.0,1.0,0.0,1.0
20,225,0.0,1.685341095884762,0.0,0.0,1.0,0.0,1.0,0.0
21,225,0.0,0.657876128721522,0.0,0.0,0.0,0.0,1.0,0.0
22,225,6.934231033752293,0.0,0.0,0.0,1.0,0.0,1.0,1.0
23,225,11.070050973018503,8.588982445011853,0.0,0.0,1.0,0.0,1.0,0.0
24,225,7.938790133263842,10.948954016986466,0.0,1.0,0.0,0.0,0.0,0.0
25,225,6.296081623550623,10.93402835100247,0.0,1.0,0.0,0.0,1.0,0.0
26,225,4.118234859388549,5.205063140468742,0.0,0.0,1.0,0.0,0.0,0.0
27,225,12.0,5.053324260382069,0.0,0.0,1.0,1.0,0.0,0.0
28,225,8.242844153693342,11.558603492426297,1.0,0.0,0.0,0.0,1.0,0.0
29,225,5.1307542215037545,7.816343742064587,0.0,0.0,1.0,0.0,1.0,0.0
0,230,1.5980343762109386,9.185493247500297,0.0,1.0,0.0,0.0,1.0,0.0
1,230,2.2778627093210657,3.456287054009216,0.0,1.0,1.0,0.0,0.0,0.0
2,230,7.140771488077728,10.67835579835795,0.0,0.0,1.0,1.0,0.0,1.0
3,230,3.657243879761626,9.99085078857424,1.0,0.0,0.0,1.0,0.0,0.0
4,230,5.41050681960677,1.609018733547297,1.0,1.0,1.0,1.0,0.0,0.0
5,230,4.885300717843929,12.0,0.0,1.0,0.0,0.0,1.0,0.0
6,230,5.065497384230719,12.0,1.0,0.0,0.0,0.0,0.0,1.0
7,230,4.800042221173481,4.226472810070507,0.0,1.0,0.0,1.0,0.0,1.0
8,230,5.901414890898815,4.604588370934158,0.0,0.0,0.0,0.0,0.0,1.0
9,230,10.38121229596539,1.1154477771770128,1.0,1.0,0.0,0.0,1.0,0.0
10,230,4.083447916936676,7.253055622607899,1.0,0.0,0.0,0.0,0.0,0.0
11,230,8.273984757216617,8.466768516416236,0.0,0.0,1.0,0.0,0.0,0.0
12,230,3.361014485547011,2.662504332904404,0.0,0.0,0.0,1.0,0.0,0.0
13,230,0.4549361538019355,2.0441470850335985,0.0,0.0,0.0,0.0,1.0,0.0
14,230,7.839494928579345,5.0015506225834105,0.0,0.0,0.0,0.0,1.0,1.0
15,230,2.757864635809486,9.329403877238102,0.0,1.0,0.0,1.0,0.0,1.0
16,230,9.830842787975303,6.88513297883955,0.0,1.0,0.0,0.0,1.0,1.0
17,230,6.380796955536876,0.809762062700111,1.0,0.0,1.0,0.0,0.0,0.0
18,230,9.607344319615708,8.894646507312629,0.0,1.0,1.0,0.0,1.0,1.0
19,230,12.0,0.0,1.0,1.0,1.0,1.0,0.0,1.0
20,230,0.0,1.6683946679095594,0.0,0.0,1.0,0.0,1.0,0.0
21,230,0.0,0.7088763444838766,0.0,0.0,0.0,0.0,1.0,0.0
22,230,7.024769842972424,0.0,0.0,0.0,1.0,0.0,1.0,1.0
23,230,11.060464159700444,8.563846829942902,0.0,0.0,1.0,0.0,1.0,0.0
24,230,7.926153934276336,10.915426367890689,0.0,1.0,0.0,0.0,0.0,0.0
25,230,6.325009805889151,10.924702090468866,0.0,1.0,0.0,0.0,1.0,0.0
26,230,4.149456444990936,5.226374467785298,0.0,0.0,1.0,0.0,0.0,0.0
27,230,12.0,5.007285975875007,0.0,0.0,1.0,1.0,0.0,0.0
28,230,8.242250336819689,11.558021627399338,1.0,0.0,0.0,0.0,1.0,0.0
29,230,5.152823724980579,7.815143256416102,0.0,0.0,1.0,0.0,1.0,0.0
0,235,1.583290688711952,9.202299655580706,0.0,1.0,0.0,0.0,1.0,0.0
1,235,2.168225541801909,3.490910284328768,0.0,1.0,1.0,0.0,0.0,0.0
2,235,7.167893846092482,10.737708853555,0.0,0.0,1.0,1.0,0.0,1.0
3,235,3.7028567010458944,10.016132656545023,1.0,0.0,0.0,1.0,0.0,0.0
4,235,5.442243433204979,1.5498712793370844,1.0,1.0,1.0,1.0,0.0,0.0
5,235,4.906259915390142,12.0,0.0,1.0,0.0,0.0,1.0,0.0
6,235,5.107449450643631,12.0,1.0,0.0,0.0,0.0,0.0,1.0
7,235,4.8432576068280895,4.403832496854223,0.0,1.0,0.0,1.0,0.0,1.0
8,235,5.901489563642456,4.609670380376863,0.0,0.0,0.0,0.0,0.0,1.0
9,235,10.370754074505989,1.0140603474537568,1.0,1.0,0.0,0.0,1.0,0.0
10,235,4.153880296045565,7.254721036260573,1.0,0.0,0.0,0.0,0.0,0.0
11,235,8.2560485928944,8.474131732578554,0.0,0.0,1.0,0.0,0.0,0.0
12,235,3.0364358531426068,2.6468708438556754,0.0,0.0,0.0,1.0,0.0,0.0
13,235,0.4121091416795497,2.036927935683317,0.0,0.0,0.0,0.0,1.0,0.0
14,235,7.717546184345438,4.969149656457118,0.0,0.0,0.0,0.0,1.0,1.0
15,235,2.7602945242101757,9.453927543522983,0.0,1.0,0.0,1.0,0.0,1.0
16,235,9.962585994927643,6.9478432346105015,0.0,1.0,0.0,0.0,1.0,1.0
17,235,6.447244990702834,0.805301483175173,1.0,0.0,1.0,0.0,0.0,0.0
18,235,9.65668950280022,9.050453180808042,0.0,1.0,1.0,0.0,1.0,1.0
19,235,12.0,0.0,1.0,1.0,1.0,1.0,0.0,1.0
20,235,0.0,1.6424076234594047,0.0,0.0,1.0,0.0,1.0,0.0
21,235,0.0,0.7561168039964387,0.0,0.0,0.0,0.0,1.0,0.0
22,235,7.121624592634954,0.0,0.0,0.0,1.0,0.0,1.0,1.0
23,235,11.050056947949711,8.53494418129394,0.0,0.0,1.0,0.0,1.0,0.0
24,235,7.911508241755052,10.876462708551848,0.0,1.0,0.0,0.0,0.0,0.0
25,235,6.350726149389474,10.91685025906284,0.0,1.0,0.0,0.0,1.0,0.0
26,235,4.183111577810698,5.249788001389321,0.0,0.0,1.0,0.0,0.0,0.0
27,235,12.0,4.957967687853343,0.0,0.0,1.0,1.0,0.0,0.0
28,235,8.240492903644473,11.556313072682723,1.0,0.0,0.0,0.0,1.0,0.0
29,235,5.179789474109169,7.813787486067746,0.0,0.0,1.0,0.0,1.0,0.0
0,240,1.5842799288679157,9.20122287904169,0.0,1.0,0.0,0.0,1.0,0.0
1,240,2.0595000912166554,3.523972301399751,0.0,1.0,1.0,0.0,0.0,0.0
2,240,7.19155729192552,10.788064352049464,0.0,0.0,1.0,1.0,0.0,1.0
3,240,3.760979501786077,10.046840599294391,1.0,0.0,0.0,1.0,0.0,0.0
4,240,5.478151356626676,1.476313716099529,1.0,1.0,1.0,1.0,0.0,0.0
5,240,4.928911902297903,12.0,0.0,1.0,0.0,0.0,1.0,0.0
6,240,5.14937992276603,12.0,1.0,0.0,0.0,0.0,0.0,1.0
7,240,4.88354778483839,4.5671166304348345,0.0,1.0,0.0,1.0,0.0,1.0
8,240,5.901748980362068,4.585949820706194,0.0,0.0,0.0,0.0,0.0,1.0
9,240,10.358778292461178,0.9208152251373648,1.0,1.0,0.0,0.0,1.0,0.0
10,240,4.2056407637180016,7.255550453657887,1.0,0.0,0.0,0.0,0.0,0.0
11,240,8.24546494134304,8.478632573662956,0.0,0.0,1.0,0.0,0.0,0.0
12,240,2.714202343093746,2.6331020528108358,0.0,0.0,0.0,1.0,0.0,0.0
13,240,0.3397430348192816,2.0257533685645206,0.0,0.0,0.0,0.0,1.0,0.0
14,240,7.616165692091878,4.942774505369678,0.0,0.0,0.0,0.0,1.0,1.0
15,240,2.761347618596825,9.569030242383771,0.0,1.0,0.0,1.0,0.0,1.0
16,240,10.08733783587007,7.008293106836226,0.0,1.0,0.0,0.0,1.0,1.0
17,240,6.523986943021746,0.8003579860155061,1.0,0.0,1.0,0.0,0.0,0.0
18,240,9.707702906169397,9.212308148610104,0.0,1.0,1.0,0.0,1.0,1.0
19,240,12.0,0.0,1.0,1.0,1.0,1.0,0.0,1.0
20,240,0.0,1.628348491111254,0.0,0.0,1.0,0.0,1.0,0.0
21,240,0.0,0.8068780033251327,0.0,0.0,0.0,0.0,1.0,0.0
22,240,7.215097371411088,0.0,0.0,0.0,1.0,0.0,1.0,1.0
23,240,11.040028453887713,8.508928916736805,0.0,0.0,1.0,0.0,1.0,0.0
24,240,7.893764940304743,10.82903323789842,0.0,1.0,0.0,0.0,0.0,0.0
25,240,6.360815117844964,10.913950922320884,0.0,1.0,0.0,0.0,1.0,0.0
26,240,4.225158651889027,5.2779390861724815,0.0,0.0,1.0,0.0,0.0,0.0
27,240,12.0,4.907940848604318,0.0,0.0,1.0,1.0,0.0,0.0
28,240,8.230999232511913,11.54698176587757,1.0,0.0,0.0,0.0,1.0,0.0
29,240,5.225648409314429,7.811108134106414,0.0,0.0,1.0,0.0,1.0,0.0
0,245,1.5923796015986942,9.192150361067595,0.0,1.0,0.0,0.0,1.0,0.0
1,245,1.9640404297686893,3.553370401637085,0.0,1.0,1.0,0.0,0.0,0.0
2,245,7.226998865490148,10.855967783287698,0.0,0.0,1.0,1.0,0.0,1.0
3,245,3.821868133606817,10.0821503085584,1.0,0.0,0.0,1.0,0.0,0.0
4,245,5.507951725539823,1.412680431457406,1.0,1.0,1.0,1.0,0.0,0.0
5,245,4.952450696479835,12.0,0.0,1.0,0.0,0.0,1.0,0.0
6,245,5.188078802755834,12.0,1.0,0.0,0.0,0.0,0.0,1.0
7,245,4.919479499195727,4.712243191839012,0.0,1.0,0.0,1.0,0.0,1.0
8,245,5.901939583591894,4.55649955978224,0.0,0.0,0.0,0.0,0.0,1.0
9,245,10.350174591341355,0.8567437776222738,1.0,1.0,0.0,0.0,1.0,0.0
10,245,4.269598668719331,7.254941901686819,1.0,0.0,0.0,0.0,0.0,0.0
11,245,8.247463638090588,8.477719990326905,0.0,0.0,1.0,0.0,0.0,0.0
12,245,2.421644517183136,2.61425672546585,0.0,0.0,0.0,1.0,0.0,0.0
13,245,0.2687776822245176,2.0135056452973266,0.0,0.0,0.0,0.0,1.0,0.0
14,245,7.540048389657885,4.921343203983781,0.0,0.0,0.0,0.0,1.0,1.0
15,245,2.7636339979636406,9.674289927373732,0.0,1.0,0.0,1.0,0.0,1.0
16,245,10.210296316971192,7.068048933910896,0.0,1.0,0.0,0.0,1.0,1.0
17,245,6.585037930888804,0.7963536875535002,1.0,0.0,1.0,0.0,0.0,0.0
18,245,9.754505093327712,9.368067867858208,0.0,1.0,1.0,0.0,1.0,1.0
19,245,12.0,0.0,1.0,1.0,1.0,1.0,0.0,1.0
20,245,0.0,1.604714507560136,0.0,0.0,1.0,0.0,1.0,0.0
21,245,0.0,0.8551178966458303,0.0,0.0,0.0,0.0,1.0,0.0
22,245,7.316376655008228,0.0,0.0,0.0,1.0,0.0,1.0,1.0
23,245,11.03094783181396,8.484710700669716,0.0,0.0,1.0,0.0,1.0,0.0
24,245,7.872430968302106,10.769850918051857,0.0,1.0,0.0,0.0,0.0,0.0
25,245,6.362206422903526,10.913537943224092,0.0,1.0,0.0,0.0,1.0,0.0
26,245,4.265380586082097,5.306328427890278,0.0,0.0,1.0,0.0,0.0,0.0
27,245,12.0,4.858172871194097,0.0,0.0,1.0,1.0,0.0,0.0
28,245,8.23997310634602,11.555475848154405,1.0,0.0,0.0,0.0,1.0,0.0
29,245,5.271195349973904,7.807830290165878,0.0,0.0,1.0,0.0,1.0,0.0
0,250,1.6041136628600887,9.178786266212713,0.0,1.0,0.0,0.0,1.0,0.0
1,250,1.8860413736704684,3.5782429064192485,0.0,1.0,1.0,0.0,0.0,0.0
2,250,7.260416177613447,10.923760310995288,0.0,0.0,1.0,1.0,0.0,1.0
3,250,3.870986062664289,10.110305634704146,1.0,0.0,0.0,1.0,0.0,0.0
4,250,5.535238083864894,1.3540734647498047,1.0,1.0,1.0,1.0,0.0,0.0
5,250,4.978904234661698,12.0,0.0,1.0,0.0,0.0,1.0,0.0
6,250,5.22333760720818,12.0,1.0,0.0,0.0,0.0,0.0,1.0
7,250,4.967270084378575,4.882049959888887,0.0,1.0,0.0,1.0,0.0,1.0
8,250,5.902357946651592,4.542173323229328,0.0,0.0,0.0,0.0,0.0,1.0
9,250,10.33937748869152,0.7725518829530112,1.0,1.0,0.0,0.0,1.0,0.0
10,250,4.320024552419643,7.253653718441901,1.0,0.0,0.0,0.0,0.0,0.0
11,250,8.238326029793868,8.481665062552073,0.0,0.0,1.0,0.0,0.0,0.0
12,250,2.1222573978280685,2.59532336811961,0.0,0.0,0.0,1.0,0.0,0.0
13,250,0.205484407243676,2.0039983222758155,0.0,0.0,0.0,0.0,1.0,0.0
14,250,7.459250481886377,4.897992945835869,0.0,0.0,0.0,0.0,1.0,1.0
15,250,2.763099180802954,9.79734698642526,0.0,1.0,0.0,1.0,0.0,1.0
16,250,10.337026672132977,7.1302427907842745,0.0,1.0,0.0,0.0,1.0,1.0
17,250,6.649395533108416,0.7928040862746282,1.0,0.0,1.0,0.0,0.0,0.0
18,250,9.796623331353311,9.50863655033334,0.0,1.0,1.0,0.0,1.0,1.0
19,250,12.0,0.0989688047697136,1.0,1.0,1.0,1.0,0.0,1.0
20,250,0.0,1.568816272721423,0.0,0.0,1.0,0.0,1.0,0.0
21,250,0.0,0.8928274147714841,0.0,0.0,0.0,0.0,1.0,0.0
22,250,7.4143103525413405,0.0,0.0,0.0,1.0,0.0,1.0,1.0
23,250,11.029178591850702,8.48011287834328,0.0,0.0,1.0,0.0,1.0,0.0
24,250,7.85381028081644,10.710946712382228,0.0,1.0,0.0,0.0,0.0,0.0
25,250,6.367027188640895,10.912012571054747,0.0,1.0,0.0,0.0,1.0,0.0
26,250,4.284989415310451,5.318994973096947,0.0,0.0,1.0,0.0,0.0,0.0
27,250,12.0,4.800899093484928,0.0,0.0,1.0,1.0,0.0,0.0
28,250,8.242664170674022,11.557968463740044,1.0,0.0,0.0,0.0,1.0,0.0
29,250,5.310920736291459,7.805187269682006,0.0,0.0,1.0,0.0,1.0,0.0
0,255,1.632299107016249,9.145676911883116,0.0,1.0,0.0,0.0,1.0,0.0
1,255,1.8017893869561576,3.603938052890014,0.0,1.0,1.0,0.0,0.0,0.0
2,255,7.292412268992039,10.989477131954867,0.0,0.0,1.0,1.0,0.0,1.0
3,255,3.920465063013031,10.13834624593906,1.0,0.0,0.0,1.0,0.0,0.0
4,255,5.549374580382153,1.3217490232557367,1.0,1.0,1.0,1.0,0.0,0.0
5,255,5.005767695169383,12.0,0.0,1.0,0.0,0.0,1.0,0.0
6,255,5.259795632262599,12.0,1.0,0.0,0.0,0.0,0.0,1.0
7,255,5.009556945836963,5.029138471211844,0.0,1.0,0.0,1.0,0.0,1.0
8,255,5.903252448497163,4.522218172465277,0.0,0.0,0.0,0.0,0.0,1.0
9,255,10.330427549761424,0.6780975229777592,1.0,1.0,0.0,0.0,1.0,0.0
10,255,4.348529345844415,7.253608672959978,1.0,0.0,0.0,0.0,0.0,0.0
11,255,8.231699538705529,8.484408088970945,0.0,0.0,1.0,0.0,0.0,0.0
12,255,1.8173011016656988,2.568731853457604,0.0,0.0,0.0,1.0,0.0,0.0
13,255,0.1468836651107738,1.996075117766673,0.0,0.0,0.0,0.0,1.0,0.0
14,255,7.371588815744474,4.875368457676895,0.0,0.0,0.0,0.0,1.0,1.0
15,255,2.623698712748608,9.798849863538322,0.0,1.0,0.0,1.0,0.0,1.0
16,255,10.457637323045146,7.193367734891281,0.0,1.0,0.0,0.0,1.0,1.0
17,255,6.71089157349677,0.7892532096566576,1.0,0.0,1.0,0.0,0.0,0.0
18,255,9.836120511077011,9.639619811497164,0.0,1.0,1.0,0.0,1.0,1.0
19,255,12.0,0.1804641980824072,1.0,1.0,1.0,1.0,0.0,1.0
20,255,0.0,1.5459685971612815,0.0,0.0,1.0,0.0,1.0,0.0
21,255,0.0,0.9264782491589648,0.0,0.0,0.0,0.0,1.0,0.0
22,255,7.524405237709609,0.0,0.0,0.0,1.0,0.0,1.0,1.0
23,255,11.030384872253704,8.483139315244035,0.0,0.0,1.0,0.0,1.0,0.0
24,255,7.837174032906378,10.656850627998445,0.0,1.0,0.0,0.0,0.0,0.0
25,255,6.357903607174286,10.915313508130778,0.0,1.0,0.0,0.0,1.0,0.0
26,255,4.306761774855996,5.333256461037051,0.0,0.0,1.0,0.0,0.0,0.0
27,255,12.0,4.744214460235134,0.0,0.0,1.0,1.0,0.0,0.0
28,255,8.25886748159318,11.573820885856511,1.0,0.0,0.0,0.0,1.0,0.0
29,255,5.349541337985502,7.802510275421793,0.0,0.0,1.0,0.0,1.0,0.0
0,260,1.653241907145132,9.120864959215409,0.0,1.0,0.0,0.0,1.0,0.0
1,260,1.7097173065077125,3.6337303053450496,0.0,1.0,1.0,0.0,0.0,0.0
2,260,7.325846171487242,11.057933818826768,0.0,0.0,1.0,1.0,0.0,1.0
3,260,3.9743740199148254,10.168339151996475,1.0,0.0,0.0,1.0,0.0,0.0
4,260,5.565046084405689,1.2845446782604997,1.0,1.0,1.0,1.0,0.0,0.0
5,260,5.028898847328364,12.0,0.0,1.0,0.0,0.0,1.0,0.0
6,260,5.297939183817336,12.0,1.0,0.0,0.0,0.0,0.0,1.0
7,260,5.053641685021357,5.173713900625608,0.0,1.0,0.0,1.0,0.0,1.0
8,260,5.904310624241726,4.49409849313502,0.0,0.0,0.0,0.0,0.0,1.0
9,260,10.317573076136767,0.5626277614289061,1.0,1.0,0.0,0.0,1.0,0.0
10,260,4.372181680656477,7.253942849212189,1.0,0.0,0.0,0.0,0.0,0.0
11,260,8.237620201564361,8.481726153728342,0.0,0.0,1.0,0.0,0.0,0.0
12,260,1.5178189957461132,2.547109046551456,0.0,0.0,0.0,1.0,0.0,0.0
13,260,0.0912685523005059,1.9895001950945597,0.0,0.0,0.0,0.0,1.0,0.0
14,260,7.396837547903528,4.782691494539536,0.0,0.0,0.0,0.0,1.0,1.0
15,260,2.477681261300521,9.798614813297576,0.0,1.0,0.0,1.0,0.0,1.0
16,260,10.57484353702408,7.256643978133945,0.0,1.0,0.0,0.0,1.0,1.0
17,260,6.784743266372739,0.7841937448354397,1.0,0.0,1.0,0.0,0.0,0.0
18,260,9.876007762576668,9.767556437784204,0.0,1.0,1.0,0.0,1.0,1.0
19,260,12.0,0.2674430931773418,1.0,1.0,1.0,1.0,0.0,1.0
20,260,0.0,1.512375568907232,0.0,0.0,1.0,0.0,1.0,0.0
21,260,0.0,0.9573769445549152,0.0,0.0,0.0,0.0,1.0,0.0
22,260,7.652628716881661,0.0,0.0,0.0,1.0,0.0,1.0,1.0
23,260,11.032024827898612,8.48701464228056,0.0,0.0,1.0,0.0,1.0,0.0
24,260,7.824549353109136,10.62107441440718,0.0,1.0,0.0,0.0,0.0,0.0
25,260,6.366863295555497,10.912106587181055,0.0,1.0,0.0,0.0,1.0,0.0
26,260,4.300459164637173,5.329210188097432,0.0,0.0,1.0,0.0,0.0,0.0
27,260,12.0,4.689032041813935,0.0,0.0,1.0,1.0,0.0,0.0
28,260,8.287168293632433,11.60122329047464,1.0,0.0,0.0,0.0,1.0,0.0
29,260,5.3869750700094565,7.799630803987513,0.0,0.0,1.0,0.0,1.0,0.0
0,265,1.679064024893887,9.08943828585509,0.0,1.0,0.0,0.0,1.0,0.0
1,265,1.6193853221179475,3.664474741253716,0.0,1.0,1.0,0.0,0.0,0.0
2,265,7.358733329930576,11.123992214982664,0.0,0.0,1.0,1.0,0.0,1.0
3,265,4.028947451091588,10.197075942936516,1.0,0.0,0.0,1.0,0.0,0.0
4,265,5.582921462688224,1.2439675568047095,1.0,1.0,1.0,1.0,0.0,0.0
5,265,5.053943988777884,12.0,0.0,1.0,0.0,0.0,1.0,0.0
6,265,5.33997688096967,12.0,1.0,0.0,0.0,0.0,0.0,1.0
7,265,5.099503125145638,5.321866550117034,0.0,1.0,0.0,1.0,0.0,1.0
8,265,5.905511040790942,4.457355148120495,0.0,0.0,0.0,0.0,0.0,1.0
9,265,10.299527849630811,0.4454664814052845,1.0,1.0,0.0,0.0,1.0,0.0
10,265,4.418472351816554,7.253480647917709,1.0,0.0,0.0,0.0,0.0,0.0
11,265,8.231508115962017,8.484815496588801,0.0,0.0,1.0,0.0,0.0,0.0
12,265,1.2076650795633797,2.5309068947491604,0.0,0.0,0.0,1.0,0.0,0.0
13,265,0.0459957517387833,1.9830760516429975,0.0,0.0,0.0,0.0,1.0,0.0
14,265,7.422239135403021,4.690728745279164,0.0,0.0,0.0,0.0,1.0,1.0
15,265,2.3420990473624794,9.794569593382954,0.0,1.0,0.0,1.0,0.0,1.0
16,265,10.682134708163602,7.313331082550989,0.0,1.0,0.0,0.0,1.0,1.0
17,265,6.855262875353033,0.7817978773723697,1.0,0.0,1.0,0.0,0.0,0.0
18,265,9.908757301916609,9.87299017429025,0.0,1.0,1.0,0.0,1.0,1.0
19,265,12.0,0.3509351601039729,1.0,1.0,1.0,1.0,0.0,1.0
20,265,0.0,1.4773702500687904,0.0,0.0,1.0,0.0,1.0,0.0
21,265,0.0,0.9963399532663209,0.0,0.0,0.0,0.0,1.0,0.0
22,265,7.782208780017045,0.0,0.0,0.0,1.0,0.0,1.0,1.0
23,265,11.028324712437255,8.477785416560764,0.0,0.0,1.0,0.0,1.0,0.0
24,265,7.823741432207341,10.61887097255451,0.0,1.0,0.0,0.0,0.0,0.0
25,265,6.373557411131472,10.909828663160573,0.0,1.0,0.0,0.0,1.0,0.0
26,265,4.304623390641298,5.331745493795684,0.0,0.0,1.0,0.0,0.0,0.0
27,265,12.0,4.6412204316014645,0.0,0.0,1.0,1.0,0.0,0.0
28,265,8.310615647439732,11.6233185724511,1.0,0.0,0.0,0.0,1.0,0.0
29,265,5.412323382772012,7.798432310706344,0.0,0.0,1.0,0.0,1.0,0.0
0,270,1.70499924973436,9.05668763762992,0.0,1.0,0.0,0.0,1.0,0.0
1,270,1.5364504921643218,3.6914079357093943,0.0,1.0,1.0,0.0,0.0,0.0
2,270,7.381927946257201,11.172477458483236,0.0,0.0,1.0,1.0,0.0,1.0
3,270,4.085326256717322,10.228195799767953,1.0,0.0,0.0,1.0,0.0,0.0
4,270,5.599642040715611,1.2088345908971714,1.0,1.0,1.0,1.0,0.0,0.0
5,270,5.077684046818321,12.0,0.0,1.0,0.0,0.0,1.0,0.0
6,270,5.377694577405692,12.0,1.0,0.0,0.0,0.0,0.0,1.0
7,270,5.141661825287437,5.464122283213059,0.0,1.0,0.0,1.0,0.0,1.0
8,270,5.905715452463258,4.410803633400373,0.0,0.0,0.0,0.0,0.0,1.0
9,270,10.284788117586215,0.3569591715785225,1.0,1.0,0.0,0.0,1.0,0.0
10,270,4.470785834258534,7.255133404427411,1.0,0.0,0.0,0.0,0.0,0.0
11,270,8.21106971000827,8.494941992873056,0.0,0.0,1.0,0.0,0.0,0.0
12,270,0.8888609023769405,2.5123762134381717,0.0,0.0,0.0,1.0,0.0,0.0
13,270,0.0,1.9770419894033648,0.0,0.0,0.0,0.0,1.0,0.0
14,270,7.43920305762238,4.628607630989094,0.0,0.0,0.0,0.0,1.0,1.0
15,270,2.204253034821486,9.792424485041224,0.0,1.0,0.0,1.0,0.0,1.0
16,270,10.730975062486948,7.218937211425624,0.0,1.0,0.0,0.0,1.0,1.0
17,270,6.898672623802752,0.7801748910934179,1.0,0.0,1.0,0.0,0.0,0.0
18,270,9.942023672859944,9.971521355912015,0.0,1.0,1.0,0.0,1.0,1.0
19,270,12.0,0.4390248455952878,1.0,1.0,1.0,1.0,0.0,1.0
20,270,0.0,1.4521183762791126,0.0,0.0,1.0,0.0,1.0,0.0
21,270,0.0,1.0243897095629149,0.0,0.0,0.0,0.0,1.0,0.0
22,270,7.922254782993752,0.0,0.0,0.0,1.0,0.0,1.0,1.0
23,270,11.019508554067198,8.456741696124876,0.0,0.0,1.0,0.0,1.0,0.0
24,270,7.825135526666944,10.622684425462998,0.0,1.0,0.0,0.0,0.0,0.0
25,270,6.39193513862592,10.903834443514398,0.0,1.0,0.0,0.0,1.0,0.0
26,270,4.309132624732945,5.334268308685089,0.0,0.0,1.0,0.0,0.0,0.0
27,270,12.0,4.6029749766055135,0.0,0.0,1.0,1.0,0.0,0.0
28,270,8.32028972950551,11.632737533779364,1.0,0.0,0.0,0.0,1.0,0.0
29,270,5.43078624740711,7.797422109724048,0.0,0.0,1.0,0.0,1.0,0.0
0,275,1.7132257849612011,9.046470950109171,0.0,1.0,0.0,0.0,1.0,0.0
1,275,1.4307015853403493,3.725781492220189,0.0,1.0,1.0,0.0,0.0,0.0
2,275,7.418856134920167,11.247419929436033,0.0,0.0,1.0,1.0,0.0,1.0
3,275,4.132853679475472,10.254449803987535,1.0,0.0,0.0,1.0,0.0,0.0
4,275,5.616376933482717,1.1733478603575156,1.0,1.0,1.0,1.0,0.0,0.0
5,275,5.1050308306277365,12.0,0.0,1.0,0.0,0.0,1.0,0.0
6,275,5.416759484313521,12.0,1.0,0.0,0.0,0.0,0.0,1.0
7,275,5.184973104320237,5.607627282748663,0.0,1.0,0.0,1.0,0.0,1.0
8,275,5.849643714171472,4.411495128076035,0.0,0.0,0.0,0.0,0.0,1.0
9,275,10.269202484857615,0.2536786382931141,1.0,1.0,0.0,0.0,1.0,0.0
10,275,4.507745691088273,7.255708757478853,1.0,0.0,0.0,0.0,0.0,0.0
11,275,8.20898694704853,8.495872323516654,0.0,0.0,1.0,0.0,0.0,0.0
12,275,0.569169403304344,2.488169830598302,0.0,0.0,0.0,1.0,0.0,0.0
13,275,0.0,1.970198157176558,0.0,0.0,0.0,0.0,1.0,0.0
14,275,7.460123864101446,4.561118608734594,0.0,0.0,0.0,0.0,1.0,1.0
15,275,2.0469496149506874,9.7911566395298,0.0,1.0,0.0,1.0,0.0,1.0
16,275,10.781104959991966,7.12477093916598,0.0,1.0,0.0,0.0,1.0,1.0
17,275,6.946979914481353,0.7793057268712448,1.0,0.0,1.0,0.0,0.0,0.0
18,275,9.960204127166495,10.024273629577864,0.0,1.0,1.0,0.0,1.0,1.0
19,275,12.0,0.539915492436016,1.0,1.0,1.0,1.0,0.0,1.0
20,275,0.0,1.4408842794344956,0.0,0.0,1.0,0.0,1.0,0.0
21,275,0.0,1.0617984326302423,0.0,0.0,0.0,0.0,1.0,0.0
22,275,8.050144958310403,0.0,0.0,0.0,1.0,0.0,1.0,1.0
23,275,10.999644926500988,8.410319559449327,0.0,0.0,1.0,0.0,1.0,0.0
24,275,7.828019144603735,10.631022365876705,0.0,1.0,0.0,0.0,0.0,0.0
25,275,6.401949308019029,10.900578630586802,0.0,1.0,0.0,0.0,1.0,0.0
26,275,4.317835074693464,5.338937998771959,0.0,0.0,1.0,0.0,0.0,0.0
27,275,12.0,4.564531941774841,0.0,0.0,1.0,1.0,0.0,0.0
28,275,8.328690763869446,11.641024532065902,1.0,0.0,0.0,0.0,1.0,0.0
29,275,5.4533000535456,7.796627286244599,0.0,0.0,1.0,0.0,1.0,0.0
0,280,1.74158220329781,9.011806826458326,0.0,1.0,0.0,0.0,1.0,0.0
1,280,1.3381168565808397,3.758958714145416,0.0,1.0,1.0,0.0,0.0,0.0
2,280,7.455432268366959,11.322345774375565,0.0,0.0,1.0,1.0,0.0,1.0
3,280,4.151235537693032,10.265271685576812,1.0,0.0,0.0,1.0,0.0,0.0
4,280,5.646060888091291,1.1120007098125488,1.0,1.0,1.0,1.0,0.0,0.0
5,280,5.128842220776837,12.0,0.0,1.0,0.0,0.0,1.0,0.0
6,280,5.453619632869235,12.0,1.0,0.0,0.0,0.0,0.0,1.0
7,280,5.237134349327017,5.770362329695068,0.0,1.0,0.0,1.0,0.0,1.0
8,280,5.781201284737617,4.414058391100176,0.0,0.0,0.0,0.0,0.0,1.0
9,280,10.252234909039322,0.1447350362063295,1.0,1.0,0.0,0.0,1.0,0.0
10,280,4.542213475279265,7.256297858384893,1.0,0.0,0.0,0.0,0.0,0.0
11,280,8.19032970130803,8.504067907826718,0.0,0.0,1.0,0.0,0.0,0.0
12,280,0.259350705983802,2.4732417039293044,0.0,0.0,0.0,1.0,0.0,0.0
13,280,0.0,1.9636088163449303,0.0,0.0,0.0,0.0,1.0,0.0
14,280,7.488740645712561,4.459630811088186,0.0,0.0,0.0,0.0,1.0,1.0
15,280,1.8942733111916303,9.790179052172412,0.0,1.0,0.0,1.0,0.0,1.0
16,280,10.837320431912818,7.020157729966395,0.0,1.0,0.0,0.0,1.0,1.0
17,280,6.987868335669454,0.7774332237493037,1.0,0.0,1.0,0.0,0.0,0.0
18,280,9.974755822193558,10.06480711566662,0.0,1.0,1.0,0.0,1.0,1.0
19,280,12.0,0.6429646950965048,1.0,1.0,1.0,1.0,0.0,1.0
20,280,0.0,1.437206916581094,0.0,0.0,1.0,0.0,1.0,0.0
21,280,0.0,1.1095236566586226,0.0,0.0,0.0,0.0,1.0,0.0
22,280,8.174778475330076,0.0,0.0,0.0,1.0,0.0,1.0,1.0
23,280,10.974144952747066,8.356730163128558,0.0,0.0,1.0,0.0,1.0,0.0
24,280,7.837117011385043,10.658485414003026,0.0,1.0,0.0,0.0,0.0,0.0
25,280,6.411548027640088,10.897451477851698,0.0,1.0,0.0,0.0,1.0,0.0
26,280,4.337402582564009,5.349734057168248,0.0,0.0,1.0,0.0,0.0,0.0
27,280,12.0,4.528896767850207,0.0,0.0,1.0,1.0,0.0,0.0
28,280,8.32719221862185,11.639521591599644,1.0,0.0,0.0,0.0,1.0,0.0
29,280,5.468766637178716,7.795837258258133,0.0,0.0,1.0,0.0,1.0,0.0
0,285,1.7660503124492826,8.981024706861767,0.0,1.0,0.0,0.0,1.0,0.0
1,285,1.2476272187519784,3.7939385583167855,0.0,1.0,1.0,0.0,0.0,0.0
2,285,7.493474852263039,11.40425602900561,0.0,0.0,1.0,1.0,0.0,1.0
3,285,4.174015118270408,10.278372217193002,1.0,0.0,0.0,1.0,0.0,0.0
4,285,5.671675926183641,1.0576199355164273,1.0,1.0,1.0,1.0,0.0,0.0
5,285,5.154856298204669,12.0,0.0,1.0,0.0,0.0,1.0,0.0
6,285,5.487966333590981,12.0,1.0,0.0,0.0,0.0,0.0,1.0
7,285,5.29158134182189,5.941740768168649,0.0,1.0,0.0,1.0,0.0,1.0
8,285,5.699774747274864,4.417787046156882,0.0,0.0,0.0,0.0,0.0,1.0
9,285,10.241428096500105,0.05290370452112,1.0,1.0,0.0,0.0,1.0,0.0
10,285,4.602567214795929,7.2579367472302785,1.0,0.0,0.0,0.0,0.0,0.0
11,285,8.19460456821022,8.502155019984388,0.0,0.0,1.0,0.0,0.0,0.0
12,285,0.0,2.4601797956384925,0.0,0.0,0.0,1.0,0.0,0.0
13,285,0.0,1.9552008978194155,0.0,0.0,0.0,0.0,1.0,0.0
14,285,7.511557479988754,4.364033141566815,0.0,0.0,0.0,0.0,1.0,1.0
15,285,1.7028369682655933,9.788641955167238,0.0,1.0,0.0,1.0,0.0,1.0
16,285,10.893090359119936,6.923656650526638,0.0,1.0,0.0,0.0,1.0,1.0
17,285,7.01903800316286,0.7757531975603325,1.0,0.0,1.0,0.0,0.0,0.0
18,285,9.989634254205546,10.10739628890546,0.0,1.0,1.0,0.0,1.0,1.0
19,285,12.0,0.7338312034797119,1.0,1.0,1.0,1.0,0.0,1.0
20,285,0.0,1.4299123182097178,0.0,0.0,1.0,0.0,1.0,0.0
21,285,0.0,1.1684234478600066,0.0,0.0,0.0,0.0,1.0,0.0
22,285,8.303633340229977,0.0,0.0,0.0,1.0,0.0,1.0,1.0
23,285,10.947846188245448,8.30130552993062,0.0,0.0,1.0,0.0,1.0,0.0
24,285,7.851369894566746,10.699634990443965,0.0,1.0,0.0,0.0,0.0,0.0
25,285,6.432622024059266,10.890879785279097,0.0,1.0,0.0,0.0,1.0,0.0
26,285,4.349012469069713,5.355743428690671,0.0,0.0,1.0,0.0,0.0,0.0
27,285,12.0,4.490975259347336,0.0,0.0,1.0,1.0,0.0,0.0
28,285,8.310000961025635,11.621874330791083,1.0,0.0,0.0,0.0,1.0,0.0
29,285,5.450670949030047,7.796703608845613,0.0,0.0,1.0,0.0,1.0,0.0
0,290,1.800528502560545,8.937960203495164,0.0,1.0,0.0,0.0,1.0,0.0
1,290,1.1670681128308305,3.827048386972345,0.0,1.0,1.0,0.0,0.0,0.0
2,290,7.541267536205931,11.50211695009233,0.0,0.0,1.0,1.0,0.0,1.0
3,290,4.190785300824757,10.288469701314476,1.0,0.0,0.0,1.0,0.0,0.0
4,290,5.706756747677394,0.979017481266484,1.0,1.0,1.0,1.0,0.0,0.0
5,290,5.17649939679745,12.0,0.0,1.0,0.0,0.0,1.0,0.0
6,290,5.525838437370851,12.0,1.0,0.0,0.0,0.0,0.0,1.0
7,290,5.3493495150948815,6.127807569832166,0.0,1.0,0.0,1.0,0.0,1.0
8,290,5.63158815393507,4.420650658210618,0.0,0.0,0.0,0.0,0.0,1.0
9,290,10.23112157519232,0.0,1.0,1.0,0.0,0.0,1.0,0.0
10,290,4.638062222910189,7.259235175953531,1.0,0.0,0.0,0.0,0.0,0.0
11,290,8.195080174961213,8.501954873904822,0.0,0.0,1.0,0.0,0.0,0.0
12,290,0.0,2.45096798840001,0.0,0.0,0.0,1.0,0.0,0.0
13,290,0.0,1.9447888844148224,0.0,0.0,0.0,0.0,1.0,0.0
14,290,7.538879427870626,4.259767885237777,0.0,0.0,0.0,0.0,1.0,1.0
15,290,1.508905009880031,9.788178982496737,0.0,1.0,0.0,1.0,0.0,1.0
16,290,10.94670076830971,6.831497783774635,0.0,1.0,0.0,0.0,1.0,1.0
17,290,7.070898496645569,0.774682758926063,1.0,0.0,1.0,0.0,0.0,0.0
18,290,10.012289523862714,10.168999161131016,0.0,1.0,1.0,0.0,1.0,1.0
19,290,12.0,0.8212687831716717,1.0,1.0,1.0,1.0,0.0,1.0
20,290,0.0,1.4169425822352937,0.0,0.0,1.0,0.0,1.0,0.0
21,290,0.0,1.2271427579646377,0.0,0.0,0.0,0.0,1.0,0.0
22,290,8.429535098765472,0.0,0.0,0.0,1.0,0.0,1.0,1.0
23,290,10.93016718365946,8.266449240486827,0.0,0.0,1.0,0.0,1.0,0.0
24,290,7.865133566304038,10.734198638008756,0.0,1.0,0.0,0.0,0.0,0.0
25,290,6.47571820516787,10.878620546122448,0.0,1.0,0.0,0.0,1.0,0.0
26,290,4.3473105764924656,5.354856530952497,0.0,0.0,1.0,0.0,0.0,0.0
27,290,12.0,4.456225264585732,0.0,0.0,1.0,1.0,0.0,0.0
28,290,8.288558111280013,11.600233366314113,1.0,0.0,0.0,0.0,1.0,0.0
29,290,5.423981435922009,7.798194109539045,0.0,0.0,1.0,0.0,1.0,0.0
0,295,1.825440829924104,8.907386397985327,0.0,1.0,0.0,0.0,1.0,0.0
1,295,1.0958103252640794,3.8552892893101496,0.0,1.0,1.0,0.0,0.0,0.0
2,295,7.57531323176347,11.573402096439615,0.0,0.0,1.0,1.0,0.0,1.0
3,295,4.212710560690033,10.301194478472484,1.0,0.0,0.0,1.0,0.0,0.0
4,295,5.74311069225945,0.9009069535928788,1.0,1.0,1.0,1.0,0.0,0.0
5,295,5.195183370229532,12.0,0.0,1.0,0.0,0.0,1.0,0.0
6,295,5.56205818591718,12.0,1.0,0.0,0.0,0.0,0.0,1.0
7,295,5.402564303625463,6.309858428585356,0.0,1.0,0.0,1.0,0.0,1.0
8,295,5.553081772221038,4.424426302955252,0.0,0.0,0.0,0.0,0.0,1.0
9,295,10.223723802509651,0.0,1.0,1.0,0.0,0.0,1.0,0.0
10,295,4.671330114171626,7.2602225137210015,1.0,0.0,0.0,0.0,0.0,0.0
11,295,8.21131752538408,8.494633054697703,0.0,0.0,1.0,0.0,0.0,0.0
12,295,0.0,2.436252902862731,0.0,0.0,0.0,1.0,0.0,0.0
13,295,0.0,1.933151034031953,0.0,0.0,0.0,0.0,1.0,0.0
14,295,7.561763644618979,4.161756861192844,0.0,0.0,0.0,0.0,1.0,1.0
15,295,1.3043877087927769,9.7913721664924,0.0,1.0,0.0,1.0,0.0,1.0
16,295,10.991169787343654,6.753078420862718,0.0,1.0,0.0,0.0,1.0,1.0
17,295,7.125004858401349,0.774715977664803,1.0,0.0,1.0,0.0,0.0,0.0
18,295,10.025273460133745,10.204205310752243,0.0,1.0,1.0,0.0,1.0,1.0
19,295,12.0,0.8910238668011536,1.0,1.0,1.0,1.0,0.0,1.0
20,295,0.0,1.4123205845537057,0.0,0.0,1.0,0.0,1.0,0.0
21,295,0.0,1.2798580962318789,0.0,0.0,0.0,0.0,1.0,0.0
22,295,8.555483712662046,0.0,0.0,0.0,1.0,0.0,1.0,1.0
23,295,10.948902724182618,8.257215012158255,0.0,0.0,1.0,0.0,1.0,0.0
24,295,7.885568006407319,10.783072115086004,0.0,1.0,0.0,0.0,0.0,0.0
25,295,6.502304254114197,10.870540778832492,0.0,1.0,0.0,0.0,1.0,0.0
26,295,4.324668250379196,5.342722410173983,0.0,0.0,1.0,0.0,0.0,0.0
27,295,12.0,4.425951467859225,0.0,0.0,1.0,1.0,0.0,0.0
28,295,8.264423270370104,11.576156564554672,1.0,0.0,0.0,0.0,1.0,0.0
29,295,5.379135041581024,7.799717087384501,0.0,0.0,1.0,0.0,1.0,0.0
