0,0,4.9484188519289765,10.034299850793596,0.0,0.0,0.0,1.0,1.0,0.0
1,0,8.070021877283267,7.001288041714052,0.0,1.0,0.0,0.0,1.0,0.0
2,0,7.999340912882798,5.95388739261608,0.0,1.0,1.0,1.0,0.0,1.0
3,0,8.977052120955186,2.972239327560737,1.0,0.0,1.0,1.0,0.0,0.0
4,0,9.026617714644884,2.0335811035263203,1.0,0.0,0.0,1.0,0.0,0.0
5,0,10.961419274365106,10.959639996067835,0.0,0.0,1.0,1.0,0.0,0.0
6,0,0.0433261992478679,5.972828177605789,1.0,0.0,0.0,0.0,1.0,0.0
7,0,2.9139042103814154,3.0346621529314675,0.0,1.0,0.0,0.0,1.0,0.0
8,0,11.05588666251114,3.045217478088104,0.0,0.0,0.0,0.0,0.0,0.0
9,0,4.054375975876004,8.984877455909702,0.0,0.0,0.0,0.0,0.0,0.0
10,0,11.014909035708737,12.0,0.0,0.0,1.0,1.0,1.0,0.0
11,0,7.96717893026268,6.958977369405768,0.0,0.0,1.0,0.0,0.0,1.0
12,0,0.9872338704337256,1.983959895746221,1.0,0.0,0.0,1.0,1.0,0.0
13,0,0.0,4.012549989614159,0.0,1.0,1.0,0.0,0.0,1.0
14,0,6.064097134212574,7.999405222057712,1.0,1.0,0.0,0.0,0.0,0.0
15,0,5.980438979673856,8.943649948932645,1.0,1.0,0.0,1.0,1.0,0.0
16,0,12.0,5.064801859793064,0.0,1.0,1.0,0.0,1.0,1.0
17,0,5.952930893315855,10.03332138892882,0.0,0.0,1.0,0.0,0.0,1.0
18,0,10.988789296376044,6.048107968653667,1.0,1.0,0.0,1.0,0.0,0.0
19,0,10.942980778435125,5.97177704507758,0.0,1.0,0.0,0.0,1.0,0.0
20,0,5.019954019635354,4.025019547196366,1.0,1.0,1.0,1.0,1.0,0.0
21,0,8.038363903127717,2.00855668184211,0.0,1.0,0.0,0.0,0.0,0.0
22,0,0.0053343066816099,9.944987912975847,0.0,0.0,1.0,1.0,0.0,0.0
23,0,2.024564380054053,10.070154804658262,0.0,0.0,0.0,0.0,1.0,1.0
24,0,6.933882776027883,7.991293030366035,1.0,1.0,1.0,0.0,0.0,0.0
25,0,9.036849228535864,0.0,0.0,1.0,0.0,0.0,1.0,1.0
26,0,8.961530056503134,5.030376724052572,1.0,1.0,0.0,1.0,1.0,1.0
27,0,11.966572756882409,3.9737314547143354,1.0,0.0,0.0,1.0,0.0,0.0
28,0,0.0103669008515444,3.0719766628317746,0.0,0.0,0.0,0.0,0.0,0.0
29,0,11.001454666785737,5.962877087697915,0.0,0.0,1.0,1.0,0.0,0.0
30,0,12.0,7.945585393838783,1.0,1.0,0.0,1.0,1.0,0.0
31,0,10.023354297371094,10.966490615425672,1.0,0.0,1.0,1.0,0.0,1.0
32,0,6.037799935728799,0.0226661906271035,1.0,0.0,0.0,1.0,0.0,0.0
33,0,1.9669702488540053,3.973077592831927,0.0,1.0,0.0,1.0,0.0,0.0
34,0,4.01033648749357,7.932231587154835,0.0,1.0,1.0,0.0,1.0,0.0
35,0,10.962511999986566,6.947740170599699,1.0,0.0,0.0,0.0,0.0,0.0
36,0,11.982440717885098,6.036250853328881,0.0,0.0,0.0,0.0,0.0,1.0
37,0,10.00946804168484,7.968308245219259,1.0,0.0,1.0,0.0,1.0,0.0
38,0,1.9648861044574495,7.055913555483008,0.0,0.0,1.0,0.0,0.0,1.0
39,0,4.938830549373185,2.958664949704498,0.0,0.0,1.0,0.0,1.0,1.0
0,5,4.903670738857755,10.063805934105773,0.0,0.0,0.0,1.0,1.0,0.0
1,5,8.149643296633007,7.001861716489255,0.0,1.0,0.0,0.0,1.0,0.0
2,5,7.999420803793244,5.931932570439811,0.0,1.0,1.0,1.0,0.0,1.0
3,5,8.950574199260982,2.9406104340402406,1.0,0.0,1.0,1.0,0.0,0.0
4,5,9.054895227895411,2.068167973801332,1.0,0.0,0.0,1.0,0.0,0.0
5,5,10.9138594248703,10.910636671793586,0.0,0.0,1.0,1.0,0.0,0.0
6,5,0.0919164030909367,5.942018868104975,1.0,0.0,0.0,0.0,1.0,0.0
7,5,2.831855165986761,3.067430881567077,0.0,1.0,0.0,0.0,1.0,0.0
8,5,11.108737725596088,3.0841824699616915,0.0,0.0,0.0,0.0,0.0,0.0
9,5,4.105122505702001,8.972179162709171,0.0,0.0,0.0,0.0,0.0,0.0
10,5,11.031532593522217,12.0,0.0,0.0,1.0,1.0,1.0,0.0
11,5,7.943261075588896,6.929440931854254,0.0,0.0,1.0,0.0,0.0,1.0
12,5,0.9775772927487454,1.9719630555262757,1.0,0.0,0.0,1.0,1.0,0.0
13,5,0.0,4.017342340444736,0.0,1.0,1.0,0.0,0.0,1.0
14,5,6.124158452492833,7.999687229829763,1.0,1.0,0.0,0.0,0.0,0.0
15,5,5.966900551129654,8.904092003147154,1.0,1.0,0.0,1.0,1.0,0.0
16,5,12.0,5.116893816000651,0.0,1.0,1.0,0.0,1.0,1.0
17,5,5.899648010069992,10.072920308215927,0.0,0.0,1.0,0.0,0.0,1.0
18,5,10.977368863283608,6.0983547030660805,1.0,1.0,0.0,1.0,0.0,0.0
19,5,10.89736514821716,5.949304637105313,0.0,1.0,0.0,0.0,1.0,0.0
20,5,5.032913649248512,4.041306535142919,1.0,1.0,1.0,1.0,1.0,0.0
21,5,8.07768373128487,2.017222066376338,0.0,1.0,0.0,0.0,0.0,0.0
22,5,0.0104503306433708,9.88288624898472,0.0,0.0,1.0,1.0,0.0,0.0
23,5,2.045432396855791,10.130139044951788,0.0,0.0,0.0,0.0,1.0,1.0
24,5,6.838596409232225,7.980657613684269,1.0,1.0,1.0,0.0,0.0,0.0
25,5,9.0791169094577,0.0,0.0,1.0,0.0,0.0,1.0,1.0
26,5,8.917472039181085,5.065717244155868,1.0,1.0,0.0,1.0,1.0,1.0
27,5,11.92966674518276,3.944222398066984,1.0,0.0,0.0,1.0,0.0,0.0
28,5,0.0260213006686491,3.164971936684497,0.0,0.0,0.0,0.0,0.0,0.0
29,5,11.00279931508253,5.905664271515919,0.0,0.0,1.0,1.0,0.0,0.0
30,5,12.0,7.881450112227703,1.0,1.0,0.0,1.0,1.0,0.0
31,5,10.063792887348722,10.910587635847524,1.0,0.0,1.0,1.0,0.0,1.0
32,5,6.057215414448987,0.034719600572655,1.0,0.0,0.0,1.0,0.0,0.0
33,5,1.927810489935177,3.941132024181729,0.0,1.0,0.0,1.0,0.0,0.0
34,5,4.023903117819777,7.84442029331137,0.0,1.0,1.0,0.0,1.0,0.0
35,5,10.91731436103792,6.887617126208319,1.0,0.0,0.0,0.0,0.0,0.0
36,5,11.966621404955834,6.066734943045378,0.0,0.0,0.0,0.0,0.0,1.0
37,5,9.954373674774894,7.949047549034649,1.0,0.0,1.0,0.0,1.0,0.0
38,5,1.9285649242775769,7.114390971249119,0.0,0.0,1.0,0.0,0.0,1.0
39,5,4.877940521661617,2.917578309679101,0.0,0.0,1.0,0.0,1.0,1.0
0,10,4.84125280512406,10.104659192500865,0.0,0.0,0.0,1.0,1.0,0.0
1,10,8.225897502465749,7.003869910104878,0.0,1.0,0.0,0.0,1.0,0.0
2,10,7.998852014025801,5.885774896288519,0.0,1.0,1.0,1.0,0.0,1.0
3,10,8.924425938018139,2.9092766025925387,1.0,0.0,1.0,1.0,0.0,0.0
4,10,9.07467995623806,2.09305532425726,1.0,0.0,0.0,1.0,0.0,0.0
5,10,10.869963220128106,10.864108233909777,0.0,0.0,1.0,1.0,0.0,0.0
6,10,0.1375942956563607,5.9139128615102505,1.0,0.0,0.0,0.0,1.0,0.0
7,10,2.7533490988134424,3.099317646533794,0.0,1.0,0.0,0.0,1.0,0.0
8,10,11.161961193623185,3.1242003137504857,0.0,0.0,0.0,0.0,0.0,0.0
9,10,4.175009963464339,8.95345198255543,0.0,0.0,0.0,0.0,0.0,0.0
10,10,11.042665055104983,12.0,0.0,0.0,1.0,1.0,1.0,0.0
11,10,7.924267956968086,6.906554670541368,0.0,0.0,1.0,0.0,0.0,1.0
12,10,0.9787885330234242,1.9734748451294093,1.0,0.0,0.0,1.0,1.0,0.0
13,10,0.018577184711886,4.01344067522439,0.0,1.0,1.0,0.0,0.0,1.0
14,10,6.189737169928463,8.0005032072959,1.0,1.0,0.0,0.0,0.0,0.0
15,10,5.94582709096727,8.84403181926319,1.0,1.0,0.0,1.0,1.0,0.0
16,10,12.0,5.1745306938351705,0.0,1.0,1.0,0.0,1.0,1.0
17,10,5.859885756368874,10.102406809507915,0.0,0.0,1.0,0.0,0.0,1.0
18,10,10.968784956640016,6.1314459577121,1.0,1.0,0.0,1.0,0.0,0.0
19,10,10.84008581093837,5.918437903250355,0.0,1.0,0.0,0.0,1.0,0.0
20,10,5.051065914417517,4.0636636073042265,1.0,1.0,1.0,1.0,1.0,0.0
21,10,8.122890972558462,2.027284982748256,0.0,1.0,0.0,0.0,0.0,0.0
22,10,0.014170596968743,9.831046234976467,0.0,0.0,1.0,1.0,0.0,0.0
23,10,2.0727332500102222,10.20342706710769,0.0,0.0,0.0,0.0,1.0,1.0
24,10,6.750758215699034,7.971324062074807,1.0,1.0,1.0,0.0,0.0,0.0
25,10,9.111270789924038,0.0,0.0,1.0,0.0,0.0,1.0,1.0
26,10,8.878123974976935,5.097312038314358,1.0,1.0,0.0,1.0,1.0,1.0
27,10,11.905592117332334,3.9251335136250938,1.0,0.0,0.0,1.0,0.0,0.0
28,10,0.0387093555122467,3.259570743289267,0.0,0.0,0.0,0.0,0.0,0.0
29,10,11.004259834751878,5.871002621944459,0.0,0.0,1.0,1.0,0.0,0.0
30,10,12.0,7.822202096572732,1.0,1.0,0.0,1.0,1.0,0.0
31,10,10.10637755630571,10.84953561673225,1.0,0.0,1.0,1.0,0.0,1.0
32,10,6.044767262735874,0.0270797845387839,1.0,0.0,0.0,1.0,0.0,0.0
33,10,1.901700292733443,3.91921698031746,0.0,1.0,0.0,1.0,0.0,0.0
34,10,4.037523120266598,7.753846397383199,0.0,1.0,1.0,0.0,1.0,0.0
35,10,10.876524644170642,6.831073832445579,1.0,0.0,0.0,0.0,0.0,0.0
36,10,11.952256251131343,6.093851839347688,0.0,0.0,0.0,0.0,0.0,1.0
37,10,9.90426663391285,7.932992893659277,1.0,0.0,1.0,0.0,1.0,0.0
38,10,1.8933750684028512,7.170669005197172,0.0,0.0,1.0,0.0,0.0,1.0
39,10,4.835287685361863,2.888294405167896,0.0,0.0,1.0,0.0,1.0,1.0
0,15,4.778393985948524,10.145479139099011,0.0,0.0,0.0,1.0,1.0,0.0
1,15,8.285355901922893,7.006404315422818,0.0,1.0,0.0,0.0,1.0,0.0
2,15,7.998301954823714,5.829552461287802,0.0,1.0,1.0,1.0,0.0,1.0
3,15,8.900724466545867,2.8788722478705804,1.0,0.0,1.0,1.0,0.0,0.0
4,15,9.0955713615169,2.119377702721885,1.0,0.0,0.0,1.0,0.0,0.0
5,15,10.83313827964182,10.82560655674614,0.0,0.0,1.0,1.0,0.0,0.0
6,15,0.1803387996547001,5.88689299350248,1.0,0.0,0.0,0.0,1.0,0.0
7,15,2.6868287643254747,3.126120137815828,0.0,1.0,0.0,0.0,1.0,0.0
8,15,11.236928161336412,3.1797647546899688,0.0,0.0,0.0,0.0,0.0,0.0
9,15,4.15855330281677,8.89700334407341,0.0,0.0,0.0,0.0,0.0,0.0
10,15,11.05552270770061,12.0,0.0,0.0,1.0,1.0,1.0,0.0
11,15,7.900230939964474,6.877813082324924,0.0,0.0,1.0,0.0,0.0,1.0
12,15,0.971684750642028,1.964919720630256,1.0,0.0,0.0,1.0,1.0,0.0
13,15,0.0584677812368805,4.0063864513624985,0.0,1.0,1.0,0.0,0.0,1.0
14,15,6.256853064676778,8.000396695506991,1.0,1.0,0.0,0.0,0.0,0.0
15,15,5.9238250727979205,8.785651435331337,1.0,1.0,0.0,1.0,1.0,0.0
16,15,12.0,5.215728443087575,0.0,1.0,1.0,0.0,1.0,1.0
17,15,5.820312063534311,10.132453670817876,0.0,0.0,1.0,0.0,0.0,1.0
18,15,10.962746215863586,6.15446828702459,1.0,1.0,0.0,1.0,0.0,0.0
19,15,10.793319855491571,5.892694530587519,0.0,1.0,0.0,0.0,1.0,0.0
20,15,5.070598444204296,4.0883307955156365,1.0,1.0,1.0,1.0,1.0,0.0
21,15,8.185092111590906,2.0410028268623264,0.0,1.0,0.0,0.0,0.0,0.0
22,15,0.018005651317802,9.781483966618636,0.0,0.0,1.0,1.0,0.0,0.0
23,15,2.093169649532836,10.261363294378253,0.0,0.0,0.0,0.0,1.0,1.0
24,15,6.642198782028146,7.96065091786592,1.0,1.0,1.0,0.0,0.0,0.0
25,15,9.13662087547544,0.0,0.0,1.0,0.0,0.0,1.0,1.0
26,15,8.84606227930273,5.122925142773998,1.0,1.0,0.0,1.0,1.0,1.0
27,15,11.884341897169543,3.907747812336576,1.0,0.0,0.0,1.0,0.0,0.0
28,15,0.0488675432054741,3.343257008146325,0.0,0.0,0.0,0.0,0.0,0.0
29,15,11.007097448747029,5.831772156161233,0.0,0.0,1.0,1.0,0.0,0.0
30,15,12.0,7.766036047095835,1.0,1.0,0.0,1.0,1.0,0.0
31,15,10.163815932933092,10.766538097146992,1.0,0.0,1.0,1.0,0.0,1.0
32,15,6.036940074709546,0.022408522798577,1.0,0.0,0.0,1.0,0.0,0.0
33,15,1.857914847296386,3.883085795699649,0.0,1.0,0.0,1.0,0.0,0.0
34,15,4.055752410453748,7.647485571468086,0.0,1.0,1.0,0.0,1.0,0.0
35,15,10.839883416145442,6.7802634768605685,1.0,0.0,0.0,0.0,0.0,0.0
36,15,11.934094308843722,6.127328197494192,0.0,0.0,0.0,0.0,0.0,1.0
37,15,9.8805401519805,7.925503843326473,1.0,0.0,1.0,0.0,1.0,0.0
38,15,1.857580380328524,7.227419379069207,0.0,0.0,1.0,0.0,0.0,1.0
39,15,4.795971848946709,2.8619913150979146,0.0,0.0,1.0,0.0,1.0,1.0
0,20,4.722552484967386,10.181507488760568,0.0,0.0,0.0,1.0,1.0,0.0
1,20,8.348302855962874,7.008912261829941,0.0,1.0,0.0,0.0,1.0,0.0
2,20,7.998284095107046,5.772697784510617,0.0,1.0,1.0,1.0,0.0,1.0
3,20,8.877965551707483,2.849306214959737,1.0,0.0,1.0,1.0,0.0,0.0
4,20,9.103478270632312,2.130004869092847,1.0,0.0,0.0,1.0,0.0,0.0
5,20,10.789732531165368,10.780179433175398,0.0,0.0,1.0,1.0,0.0,0.0
6,20,0.2424565239588809,5.848769311630953,1.0,0.0,0.0,0.0,1.0,0.0
7,20,2.623820280297952,3.1500161089999823,0.0,1.0,0.0,0.0,1.0,0.0
8,20,11.320448566781655,3.2393038632791686,0.0,0.0,0.0,0.0,0.0,0.0
9,20,4.139334534459951,8.827483792873466,0.0,0.0,0.0,0.0,0.0,0.0
10,20,11.06547031363627,12.0,0.0,0.0,1.0,1.0,1.0,0.0
11,20,7.876039059824139,6.8479968668690505,0.0,0.0,1.0,0.0,0.0,1.0
12,20,0.9646060579551956,1.9565213010951723,1.0,0.0,0.0,1.0,1.0,0.0
13,20,0.1037114314954248,3.998836441295341,0.0,1.0,1.0,0.0,0.0,1.0
14,20,6.313675380311086,7.997939516671714,1.0,1.0,0.0,0.0,0.0,0.0
15,20,5.909459154028866,8.748635248460262,1.0,1.0,0.0,1.0,1.0,0.0
16,20,12.0,5.261295677557138,0.0,1.0,1.0,0.0,1.0,1.0
17,20,5.789388707061484,10.155566781664817,0.0,0.0,1.0,0.0,0.0,1.0
18,20,10.940452041800665,6.149504721526892,1.0,1.0,0.0,1.0,0.0,0.0
19,20,10.746558154439104,5.86679113308335,0.0,1.0,0.0,0.0,1.0,0.0
20,20,5.091465398197698,4.113885430247936,1.0,1.0,1.0,1.0,1.0,0.0
21,20,8.252899616850252,2.057221174861082,0.0,1.0,0.0,0.0,0.0,0.0
22,20,0.0226102887596242,9.732219304777958,0.0,0.0,1.0,1.0,0.0,0.0
23,20,2.1191299685299896,10.331125986636597,0.0,0.0,0.0,0.0,1.0,1.0
24,20,6.514737989011417,7.950122184647272,1.0,1.0,1.0,0.0,0.0,0.0
25,20,9.140671437343585,0.0,0.0,1.0,0.0,0.0,1.0,1.0
26,20,8.817429308726714,5.144575490899406,1.0,1.0,0.0,1.0,1.0,1.0
27,20,11.846838007951598,3.877807251917757,1.0,0.0,0.0,1.0,0.0,0.0
28,20,0.059260754405295,3.4239558041026465,0.0,0.0,0.0,0.0,0.0,0.0
29,20,11.010248098355286,5.80522488292806,0.0,0.0,1.0,1.0,0.0,0.0
30,20,12.0,7.716162595587549,1.0,1.0,0.0,1.0,1.0,0.0
31,20,10.208064107392785,10.701722974219736,1.0,0.0,1.0,1.0,0.0,1.0
32,20,6.03244025997453,0.019662561281942,1.0,0.0,0.0,1.0,0.0,0.0
33,20,1.8241460394604705,3.854376989402262,0.0,1.0,0.0,1.0,0.0,0.0
34,20,4.074376479586776,7.549457108959828,0.0,1.0,1.0,0.0,1.0,0.0
35,20,10.798134991084284,6.724337702247015,1.0,0.0,0.0,0.0,0.0,0.0
36,20,11.912581857811986,6.166585560967999,0.0,0.0,0.0,0.0,0.0,1.0
37,20,9.854521494070642,7.917658578862485,1.0,0.0,1.0,0.0,1.0,0.0
38,20,1.82850281464272,7.269883076059338,0.0,0.0,1.0,0.0,0.0,1.0
39,20,4.771853597795266,2.8452241920123704,0.0,0.0,1.0,0.0,1.0,1.0
0,25,4.660926134414655,10.218642061874077,0.0,0.0,0.0,1.0,1.0,0.0
1,25,8.395962795407742,7.0101088379257375,0.0,1.0,0.0,0.0,1.0,0.0
2,25,7.998316359383094,5.70213962081903,0.0,1.0,1.0,1.0,0.0,1.0
3,25,8.856354731618179,2.819445608297095,1.0,0.0,1.0,1.0,0.0,0.0
4,25,9.100764827941536,2.1263007029521326,1.0,0.0,0.0,1.0,0.0,0.0
5,25,10.751497733255864,10.740078964000418,0.0,0.0,1.0,1.0,0.0,0.0
6,25,0.3214680728443955,5.8015661909445,1.0,0.0,0.0,0.0,1.0,0.0
7,25,2.576761179542999,3.167500056253221,0.0,1.0,0.0,0.0,1.0,0.0
8,25,11.413791868855844,3.308955557114828,0.0,0.0,0.0,0.0,0.0,0.0
9,25,4.12076039152135,8.764098692716518,0.0,0.0,0.0,0.0,0.0,0.0
10,25,11.081507962332632,12.0,0.0,0.0,1.0,1.0,1.0,0.0
11,25,7.843553007424848,6.810069611627984,0.0,0.0,1.0,0.0,0.0,1.0
12,25,0.9533171385475308,1.943008936665852,1.0,0.0,0.0,1.0,1.0,0.0
13,25,0.1578771952642726,3.991448795980741,0.0,1.0,1.0,0.0,0.0,1.0
14,25,6.41042939859698,7.996547704264881,1.0,1.0,0.0,0.0,0.0,0.0
15,25,5.900812794671983,8.725188437117884,1.0,1.0,0.0,1.0,1.0,0.0
16,25,12.0,5.310804582722213,0.0,1.0,1.0,0.0,1.0,1.0
17,25,5.758596712143199,10.17880493495136,0.0,0.0,1.0,0.0,0.0,1.0
18,25,10.90050064133045,6.139812866010709,1.0,1.0,0.0,1.0,0.0,0.0
19,25,10.700852268154238,5.843026983496679,0.0,1.0,0.0,0.0,1.0,0.0
20,25,5.112342915271881,4.13944010249627,1.0,1.0,1.0,1.0,1.0,0.0
21,25,8.303753516723178,2.069381223388181,0.0,1.0,0.0,0.0,0.0,0.0
22,25,0.0251913586844677,9.703386598272113,0.0,0.0,1.0,1.0,0.0,0.0
23,25,2.1337438371332027,10.368205674232176,0.0,0.0,0.0,0.0,1.0,1.0
24,25,6.387339239531867,7.940765720435671,1.0,1.0,1.0,0.0,0.0,0.0
25,25,9.14092382556212,0.0,0.0,1.0,0.0,0.0,1.0,1.0
26,25,8.763401003336362,5.185924318473566,1.0,1.0,0.0,1.0,1.0,1.0
27,25,11.810384740392193,3.8480822050321546,1.0,0.0,0.0,1.0,0.0,0.0
28,25,0.0692607693308446,3.5211356705819923,0.0,0.0,0.0,0.0,0.0,0.0
29,25,11.014302407383004,5.7725909860497095,0.0,0.0,1.0,1.0,0.0,0.0
30,25,12.0,7.631744073660317,1.0,1.0,0.0,1.0,1.0,0.0
31,25,10.255916921760214,10.629759733776549,1.0,0.0,1.0,1.0,0.0,1.0
32,25,6.030862089724827,0.018744604057064,1.0,0.0,0.0,1.0,0.0,0.0
33,25,1.8053362132777744,3.8387552290738896,0.0,1.0,0.0,1.0,0.0,0.0
34,25,4.0940381070340175,7.455227073311074,0.0,1.0,1.0,0.0,1.0,0.0
35,25,10.748552187355877,6.66007766703122,1.0,0.0,0.0,0.0,0.0,0.0
36,25,11.902009411594364,6.186159253540631,0.0,0.0,0.0,0.0,0.0,1.0
37,25,9.821238741940345,7.906717806903701,1.0,0.0,1.0,0.0,1.0,0.0
38,25,1.7931873679729358,7.323144249181801,0.0,0.0,1.0,0.0,0.0,1.0
39,25,4.751522177464715,2.831202621294416,0.0,0.0,1.0,0.0,1.0,1.0
0,30,4.591501850868199,10.259728462264878,0.0,0.0,0.0,1.0,1.0,0.0
1,30,8.448154070213434,7.010161400801563,0.0,1.0,0.0,0.0,1.0,0.0
2,30,7.997648424501426,5.647629119110558,0.0,1.0,1.0,1.0,0.0,1.0
3,30,8.854295416100046,2.816813086765164,1.0,0.0,1.0,1.0,0.0,0.0
4,30,9.09762245947935,2.1221075854746005,1.0,0.0,0.0,1.0,0.0,0.0
5,30,10.717379288207312,10.703279202740344,0.0,0.0,1.0,1.0,0.0,0.0
6,30,0.4104863823899169,5.74771619085726,1.0,0.0,0.0,0.0,1.0,0.0
7,30,2.5588967915131176,3.1753544719358704,0.0,1.0,0.0,0.0,1.0,0.0
8,30,11.497018981215357,3.374013205678469,0.0,0.0,0.0,0.0,0.0,0.0
9,30,4.096664399714427,8.684043167352963,0.0,0.0,0.0,0.0,0.0,0.0
10,30,11.09022327329284,12.0,0.0,0.0,1.0,1.0,1.0,0.0
11,30,7.809333765803101,6.770491169764153,0.0,0.0,1.0,0.0,0.0,1.0
12,30,0.944303017978643,1.931757031291445,1.0,0.0,0.0,1.0,1.0,0.0
13,30,0.1977683560901985,3.9844776394063,0.0,1.0,1.0,0.0,0.0,1.0
14,30,6.528044380386394,7.9950931114767965,1.0,1.0,0.0,0.0,0.0,0.0
15,30,5.8806639611653,8.672364059205885,1.0,1.0,0.0,1.0,1.0,0.0
16,30,12.0,5.378413269146473,0.0,1.0,1.0,0.0,1.0,1.0
17,30,5.734606901039249,10.196716318511216,0.0,0.0,1.0,0.0,0.0,1.0
18,30,10.859118550769738,6.129620448743824,1.0,1.0,0.0,1.0,0.0,0.0
19,30,10.646123981865069,5.814066366337864,0.0,1.0,0.0,0.0,1.0,0.0
20,30,5.120387893979911,4.149624133923921,1.0,1.0,1.0,1.0,1.0,0.0
21,30,8.34999195826437,2.0795152434371835,0.0,1.0,0.0,0.0,0.0,0.0
22,30,0.0263534991060874,9.684079488183013,0.0,0.0,1.0,1.0,0.0,0.0
23,30,2.1448269185943203,10.398592943582834,0.0,0.0,0.0,0.0,1.0,1.0
24,30,6.262466634955739,7.929894134141177,1.0,1.0,1.0,0.0,0.0,0.0
25,30,9.13956126066017,0.001477852047462,0.0,1.0,0.0,0.0,1.0,1.0
26,30,8.706236467409298,5.2286293651207325,1.0,1.0,0.0,1.0,1.0,1.0
27,30,11.779957373465688,3.8216802423895184,1.0,0.0,0.0,1.0,0.0,0.0
28,30,0.0805852460110479,3.621789809322166,0.0,0.0,0.0,0.0,0.0,0.0
29,30,11.015107571027777,5.7671735242625966,0.0,0.0,1.0,1.0,0.0,0.0
30,30,12.0,7.561453386238071,1.0,1.0,0.0,1.0,1.0,0.0
31,30,10.298359526773176,10.562868681359866,1.0,0.0,1.0,1.0,0.0,1.0
32,30,6.031312846405979,0.0190121027253404,1.0,0.0,0.0,1.0,0.0,0.0
33,30,1.790101675635602,3.826190688690521,0.0,1.0,0.0,1.0,0.0,0.0
34,30,4.1150669805112114,7.351784658631415,0.0,1.0,1.0,0.0,1.0,0.0
35,30,10.700340509214882,6.598143539364005,1.0,0.0,0.0,0.0,0.0,0.0
36,30,11.912546610676037,6.166557038123739,0.0,0.0,0.0,0.0,0.0,1.0
37,30,9.787754895177006,7.895699745741794,1.0,0.0,1.0,0.0,1.0,0.0
38,30,1.7467159183116134,7.389409498037726,0.0,0.0,1.0,0.0,0.0,1.0
39,30,4.739263654068937,2.823042773755812,0.0,0.0,1.0,0.0,1.0,1.0
0,35,4.51275222679726,10.30678869166217,0.0,0.0,0.0,1.0,1.0,0.0
1,35,8.517007614925195,7.008449222615359,0.0,1.0,0.0,0.0,1.0,0.0
2,35,7.99625550871432,5.576191273318488,0.0,1.0,1.0,1.0,0.0,1.0
3,35,8.845080990785155,2.804725788351449,1.0,0.0,1.0,1.0,0.0,0.0
4,35,9.10284684820138,2.1284918999115243,1.0,0.0,0.0,1.0,0.0,0.0
5,35,10.671154338407751,10.65357573987431,0.0,0.0,1.0,1.0,0.0,0.0
6,35,0.4912667050510948,5.700503117979833,1.0,0.0,0.0,0.0,1.0,0.0
7,35,2.5265638099897,3.190174982870824,0.0,1.0,0.0,0.0,1.0,0.0
8,35,11.57079891665553,3.434474739812886,0.0,0.0,0.0,0.0,0.0,0.0
9,35,4.004325688216499,8.71044881982483,0.0,0.0,0.0,0.0,0.0,0.0
10,35,11.090157517673934,11.999889763117938,0.0,0.0,1.0,1.0,1.0,0.0
11,35,7.76075961105835,6.7148781629500265,0.0,0.0,1.0,0.0,0.0,1.0
12,35,0.9276376663032702,1.9111282646728915,1.0,0.0,0.0,1.0,1.0,0.0
13,35,0.2412857142301956,3.976819337770908,0.0,1.0,1.0,0.0,0.0,1.0
14,35,6.637817170564432,7.995377109011149,1.0,1.0,0.0,0.0,0.0,0.0
15,35,5.86419035547707,8.628557692828272,1.0,1.0,0.0,1.0,1.0,0.0
16,35,12.0,5.452499806195233,0.0,1.0,1.0,0.0,1.0,1.0
17,35,5.723019067438451,10.204959468254714,0.0,0.0,1.0,0.0,0.0,1.0
18,35,10.832171124136885,6.122966912196467,1.0,1.0,0.0,1.0,0.0,0.0
19,35,10.57265770058816,5.774379696391388,0.0,1.0,0.0,0.0,1.0,0.0
20,35,5.129773335999062,4.162468821684401,1.0,1.0,1.0,1.0,1.0,0.0
21,35,8.39368762251341,2.089453027155835,0.0,1.0,0.0,0.0,0.0,0.0
22,35,0.0279687796002319,9.659500990044002,0.0,0.0,1.0,1.0,0.0,0.0
23,35,2.152313584941176,10.41893335786822,0.0,0.0,0.0,0.0,1.0,1.0
24,35,6.145428095232918,7.919936429946137,1.0,1.0,1.0,0.0,0.0,0.0
25,35,9.118277528356415,0.0249133186681587,0.0,1.0,0.0,0.0,1.0,1.0
26,35,8.622529370616691,5.29570053762408,1.0,1.0,0.0,1.0,1.0,1.0
27,35,11.747299881639218,3.794056252567877,1.0,0.0,0.0,1.0,0.0,0.0
28,35,0.0,3.631078988347993,0.0,0.0,0.0,0.0,0.0,0.0
29,35,11.015947346381983,5.760664326640579,0.0,0.0,1.0,1.0,0.0,0.0
30,35,12.0,7.4897426552021855,1.0,1.0,0.0,1.0,1.0,0.0
31,35,10.34251413976513,10.497810920820658,1.0,0.0,1.0,1.0,0.0,1.0
32,35,6.03770684847421,0.0227906824043377,1.0,0.0,0.0,1.0,0.0,0.0
33,35,1.7632149758106266,3.803826717681863,0.0,1.0,0.0,1.0,0.0,0.0
34,35,4.135983668444136,7.255857427844895,0.0,1.0,1.0,0.0,1.0,0.0
35,35,10.656956587552314,6.541802534251851,1.0,0.0,0.0,0.0,0.0,0.0
36,35,11.927619262901532,6.141227782684457,0.0,0.0,0.0,0.0,0.0,1.0
37,35,9.753361755624203,7.88437554462709,1.0,0.0,1.0,0.0,1.0,0.0
38,35,1.6904633578893244,7.465496977597124,0.0,0.0,1.0,0.0,0.0,1.0
39,35,4.725706534814436,2.814126412804168,0.0,0.0,1.0,0.0,1.0,1.0
0,40,4.444204920207055,10.348577013045768,0.0,0.0,0.0,1.0,1.0,0.0
1,40,8.557050582158595,7.007145614012339,0.0,1.0,0.0,0.0,1.0,0.0
2,40,7.99597814453913,5.505139719210009,0.0,1.0,1.0,1.0,0.0,1.0
3,40,8.85209879696875,2.813481297041887,1.0,0.0,1.0,1.0,0.0,0.0
4,40,9.105061242039634,2.131269702727036,1.0,0.0,0.0,1.0,0.0,0.0
5,40,10.62190947224768,10.602356607884216,0.0,0.0,1.0,1.0,0.0,0.0
6,40,0.5659621262824274,5.654659876750113,1.0,0.0,0.0,0.0,1.0,0.0
7,40,2.506223926789637,3.199191631140221,0.0,1.0,0.0,0.0,1.0,0.0
8,40,11.639140253692856,3.4885701561272584,0.0,0.0,0.0,0.0,0.0,0.0
9,40,4.032767922563222,8.812274532829484,0.0,0.0,0.0,0.0,0.0,0.0
10,40,11.091928665624613,12.0,0.0,0.0,1.0,1.0,1.0,0.0
11,40,7.722614565947655,6.67236320677668,0.0,0.0,1.0,0.0,0.0,1.0
12,40,0.9314508961607912,1.9159628926404688,1.0,0.0,0.0,1.0,1.0,0.0
13,40,0.3102131312916307,3.963045694965532,0.0,1.0,1.0,0.0,0.0,1.0
14,40,6.754259228949691,7.996642524344742,1.0,1.0,0.0,0.0,0.0,0.0
15,40,5.841474549902066,8.573604721896215,1.0,1.0,0.0,1.0,1.0,0.0
16,40,12.0,5.521870534545285,0.0,1.0,1.0,0.0,1.0,1.0
17,40,5.704283676139827,10.218436371903689,0.0,0.0,1.0,0.0,0.0,1.0
18,40,10.792436616391134,6.113194421300365,1.0,1.0,0.0,1.0,0.0,0.0
19,40,10.502258174010016,5.736748586042412,0.0,1.0,0.0,0.0,1.0,0.0
20,40,5.123076861214332,4.153443405040808,1.0,1.0,1.0,1.0,1.0,0.0
21,40,8.438704146753683,2.0997410465863133,0.0,1.0,0.0,0.0,0.0,0.0
22,40,0.0342580823385759,9.58633363656338,0.0,0.0,1.0,1.0,0.0,0.0
23,40,2.159799071054031,10.440608193768306,0.0,0.0,0.0,0.0,1.0,1.0
24,40,5.985117844494035,7.909689197050944,1.0,1.0,1.0,0.0,0.0,0.0
25,40,9.094907655062007,0.0495114090496693,0.0,1.0,0.0,0.0,1.0,1.0
26,40,8.538778221367158,5.363452869544484,1.0,1.0,0.0,1.0,1.0,1.0
27,40,11.724043050116556,3.7741053243425537,1.0,0.0,0.0,1.0,0.0,0.0
28,40,0.0,3.642997365558153,0.0,0.0,0.0,0.0,0.0,0.0
29,40,11.017725451334432,5.746177251497586,0.0,0.0,1.0,1.0,0.0,0.0
30,40,12.0,7.422753938369937,1.0,1.0,0.0,1.0,1.0,0.0
31,40,10.380869071685083,10.439305719465612,1.0,0.0,1.0,1.0,0.0,1.0
32,40,6.0396992394337925,0.023949812176863,1.0,0.0,0.0,1.0,0.0,0.0
33,40,1.7486606784592935,3.791536459606685,0.0,1.0,0.0,1.0,0.0,0.0
34,40,4.154792701305272,7.169213445984899,0.0,1.0,1.0,0.0,1.0,0.0
35,40,10.600478297193186,6.474421036991462,1.0,0.0,0.0,0.0,0.0,0.0
36,40,11.935110055546268,6.12894286353113,0.0,0.0,0.0,0.0,0.0,1.0
37,40,9.72387082487142,7.874584356660163,1.0,0.0,1.0,0.0,1.0,0.0
38,40,1.6262254206622184,7.558948410578415,0.0,0.0,1.0,0.0,0.0,1.0
39,40,4.716455200634063,2.8084363396218244,0.0,0.0,1.0,0.0,1.0,1.0
0,45,4.3869181888115305,10.383974265490163,0.0,0.0,0.0,1.0,1.0,0.0
1,45,8.60597928320777,7.005965021825705,0.0,1.0,0.0,0.0,1.0,0.0
2,45,7.994911492023265,5.447534377924616,0.0,1.0,1.0,1.0,0.0,1.0
3,45,8.853359523230013,2.815061818697412,1.0,0.0,1.0,1.0,0.0,0.0
4,45,9.09635006014011,2.1200035699489104,1.0,0.0,0.0,1.0,0.0,0.0
5,45,10.566380554668427,10.54357153044762,0.0,0.0,1.0,1.0,0.0,0.0
6,45,0.6623236824821503,5.5965689807387005,1.0,0.0,0.0,0.0,1.0,0.0
7,45,2.470756720670765,3.215701194942889,0.0,1.0,0.0,0.0,1.0,0.0
8,45,11.717274827758896,3.551430464568985,0.0,0.0,0.0,0.0,0.0,0.0
9,45,4.062487084159252,8.922647401876311,0.0,0.0,0.0,0.0,0.0,0.0
10,45,11.108225983281244,12.0,0.0,0.0,1.0,1.0,1.0,0.0
11,45,7.679359843059864,6.623584798006371,0.0,0.0,1.0,0.0,0.0,1.0
12,45,0.9354961326354216,1.9210983196935985,1.0,0.0,0.0,1.0,1.0,0.0
13,45,0.3864916275620069,3.948458182051468,0.0,1.0,1.0,0.0,0.0,1.0
14,45,6.879563988358264,7.996568262260572,1.0,1.0,0.0,0.0,0.0,0.0
15,45,5.824090177025794,8.53009675568721,1.0,1.0,0.0,1.0,1.0,0.0
16,45,12.0,5.5987183190510015,0.0,1.0,1.0,0.0,1.0,1.0
17,45,5.679319466003482,10.236468663576352,0.0,0.0,1.0,0.0,0.0,1.0
18,45,10.745485999559811,6.101236377961881,1.0,1.0,0.0,1.0,0.0,0.0
19,45,10.43642236108915,5.701678687560681,0.0,1.0,0.0,0.0,1.0,0.0
20,45,5.108671170511953,4.134571858855548,1.0,1.0,1.0,1.0,1.0,0.0
21,45,8.458344938479726,2.1039060143726203,0.0,1.0,0.0,0.0,0.0,0.0
22,45,0.0419304508207216,9.491239098809393,0.0,0.0,1.0,1.0,0.0,0.0
23,45,2.1637970532858546,10.45217569263059,0.0,0.0,0.0,0.0,1.0,1.0
24,45,5.82019772137816,7.900064240878407,1.0,1.0,1.0,0.0,0.0,0.0
25,45,9.0799965091385,0.0651358035696938,0.0,1.0,0.0,0.0,1.0,1.0
26,45,8.45724150504587,5.427201609672501,1.0,1.0,0.0,1.0,1.0,1.0
27,45,11.711985096041555,3.763783861705962,1.0,0.0,0.0,1.0,0.0,0.0
28,45,0.0,3.6544357154869176,0.0,0.0,0.0,0.0,0.0,0.0
29,45,11.017242553118525,5.749613901846961,0.0,0.0,1.0,1.0,0.0,0.0
30,45,12.0,7.374632417789379,1.0,1.0,0.0,1.0,1.0,0.0
31,45,10.420144699790448,10.38258261846421,1.0,0.0,1.0,1.0,0.0,1.0
32,45,6.030696173861622,0.0185409129560628,1.0,0.0,0.0,1.0,0.0,0.0
33,45,1.7390393017359491,3.7837489769069816,0.0,1.0,0.0,1.0,0.0,0.0
34,45,4.177615107689415,7.0684728658227405,0.0,1.0,1.0,0.0,1.0,0.0
35,45,10.551086981518653,6.414850659319469,1.0,0.0,0.0,0.0,0.0,0.0
36,45,11.94002814994138,6.120943269095512,0.0,0.0,0.0,0.0,0.0,1.0
37,45,9.735543928567743,7.878425071703261,1.0,0.0,1.0,0.0,1.0,0.0
38,45,1.5634266002628894,7.650939785721266,0.0,0.0,1.0,0.0,0.0,1.0
39,45,4.711667205400659,2.805518004443172,0.0,0.0,1.0,0.0,1.0,1.0
0,50,4.338889638685138,10.413304195677805,0.0,0.0,0.0,1.0,1.0,0.0
1,50,8.656609613403418,7.00554273827118,0.0,1.0,0.0,0.0,1.0,0.0
2,50,7.994422948678966,5.40022407041592,0.0,1.0,1.0,1.0,0.0,1.0
3,50,8.850512775911419,2.811358518308775,1.0,0.0,1.0,1.0,0.0,0.0
4,50,9.085176578368218,2.105344009696251,1.0,0.0,0.0,1.0,0.0,0.0
5,50,10.516174573449238,10.488782984045695,0.0,0.0,1.0,1.0,0.0,0.0
6,50,0.7505652099748501,5.545742503852838,1.0,0.0,0.0,0.0,1.0,0.0
7,50,2.41764915071884,3.2398825827811626,0.0,1.0,0.0,0.0,1.0,0.0
8,50,11.812714136540924,3.6268082761861473,0.0,0.0,0.0,0.0,0.0,0.0
9,50,4.085796701378103,9.00599198791319,0.0,0.0,0.0,0.0,0.0,0.0
10,50,11.12466166337012,12.0,0.0,0.0,1.0,1.0,1.0,0.0
11,50,7.632919511034748,6.573186844208021,0.0,0.0,1.0,0.0,0.0,1.0
12,50,0.9536975614366808,1.9434011445098744,1.0,0.0,0.0,1.0,1.0,0.0
13,50,0.4645651640309738,3.9316108383977992,0.0,1.0,1.0,0.0,0.0,1.0
14,50,6.993695171943602,7.997609904016467,1.0,1.0,0.0,0.0,0.0,0.0
15,50,5.808597641186043,8.489564337602605,1.0,1.0,0.0,1.0,1.0,0.0
16,50,12.0,5.676693080190242,0.0,1.0,1.0,0.0,1.0,1.0
17,50,5.6627826817008895,10.248273943752793,0.0,0.0,1.0,0.0,0.0,1.0
18,50,10.701553196142468,6.091401564964861,1.0,1.0,0.0,1.0,0.0,0.0
19,50,10.367238744414353,5.666236414409703,0.0,1.0,0.0,0.0,1.0,0.0
20,50,5.079823892676031,4.098057369768775,1.0,1.0,1.0,1.0,1.0,0.0
21,50,8.492252508465963,2.1112119467616064,0.0,1.0,0.0,0.0,0.0,0.0
22,50,0.0496295697782744,9.400728646395756,0.0,0.0,1.0,1.0,0.0,0.0
23,50,2.172982560924387,10.478332260183947,0.0,0.0,0.0,0.0,1.0,1.0
24,50,5.650464885729607,7.891623355727039,1.0,1.0,1.0,0.0,0.0,0.0
25,50,9.06783734814982,0.0782861210439549,0.0,1.0,0.0,0.0,1.0,1.0
26,50,8.37012314755854,5.494018095433273,1.0,1.0,0.0,1.0,1.0,1.0
27,50,11.69172757022632,3.746289354276249,1.0,0.0,0.0,1.0,0.0,0.0
28,50,0.0,3.670123787282008,0.0,0.0,0.0,0.0,0.0,0.0
29,50,11.018321567517797,5.739674019757982,0.0,0.0,1.0,1.0,0.0,0.0
30,50,12.0,7.337071148286595,1.0,1.0,0.0,1.0,1.0,0.0
31,50,10.46845043090155,10.310151957955236,1.0,0.0,1.0,1.0,0.0,1.0
32,50,6.0081297642819065,0.0054150119170055,1.0,0.0,0.0,1.0,0.0,0.0
33,50,1.7079959974643295,3.756863810876364,0.0,1.0,0.0,1.0,0.0,0.0
34,50,4.199625418568476,6.974414614307361,0.0,1.0,1.0,0.0,1.0,0.0
35,50,10.490667234174625,6.342173423068623,1.0,0.0,0.0,0.0,0.0,0.0
36,50,11.945709806437195,6.111685526914421,0.0,0.0,0.0,0.0,0.0,1.0
37,50,9.738501554844005,7.879393396009648,1.0,0.0,1.0,0.0,1.0,0.0
38,50,1.5067357728603998,7.73443599691123,0.0,0.0,1.0,0.0,0.0,1.0
39,50,4.719695643874896,2.8102448495686985,0.0,0.0,1.0,0.0,1.0,1.0
0,55,4.287216260808977,10.444873379800663,0.0,0.0,0.0,1.0,1.0,0.0
1,55,8.702185917691796,7.002973714193266,0.0,1.0,0.0,0.0,1.0,0.0
2,55,7.993844793937571,5.3368308030832585,0.0,1.0,1.0,1.0,0.0,1.0
3,55,8.864887041827583,2.8296749055207906,1.0,0.0,1.0,1.0,0.0,0.0
4,55,9.075496059419365,2.092182717233158,1.0,0.0,0.0,1.0,0.0,0.0
5,55,10.474725034557135,10.442995742519496,0.0,0.0,1.0,1.0,0.0,0.0
6,55,0.8432682646085898,5.490736737207303,1.0,0.0,0.0,0.0,1.0,0.0
7,55,2.34399911155088,3.2752173878846937,0.0,1.0,0.0,0.0,1.0,0.0
8,55,11.90360874448369,3.691638532496015,0.0,0.0,0.0,0.0,0.0,0.0
9,55,4.100409706874713,9.060221753656164,0.0,0.0,0.0,0.0,0.0,0.0
10,55,11.135387355936087,12.0,0.0,0.0,1.0,1.0,1.0,0.0
11,55,7.5817115310794145,6.519534974948998,0.0,0.0,1.0,0.0,0.0,1.0
12,55,0.9740135741012376,1.967437656956963,1.0,0.0,0.0,1.0,1.0,0.0
13,55,0.5399963179834345,3.916867541884869,0.0,1.0,1.0,0.0,0.0,1.0
14,55,7.112139435101405,8.000775664510597,1.0,1.0,0.0,0.0,0.0,0.0
15,55,5.785620880059166,8.433781607389207,1.0,1.0,0.0,1.0,1.0,0.0
16,55,12.0,5.7415923910435325,0.0,1.0,1.0,0.0,1.0,1.0
17,55,5.643729981925314,10.262249443158376,0.0,0.0,1.0,0.0,0.0,1.0
18,55,10.652862760410551,6.08127753469756,1.0,1.0,0.0,1.0,0.0,0.0
19,55,10.292228628937217,5.629339087025748,0.0,1.0,0.0,0.0,1.0,0.0
20,55,5.056172839030107,4.0687447417365625,1.0,1.0,1.0,1.0,1.0,0.0
21,55,8.538024249372393,2.119785545585545,0.0,1.0,0.0,0.0,0.0,0.0
22,55,0.0590093386718659,9.294989696008894,0.0,0.0,1.0,1.0,0.0,0.0
23,55,2.181894862129896,10.50387837569992,0.0,0.0,0.0,0.0,1.0,1.0
24,55,5.4576602374629815,7.878178144766324,1.0,1.0,1.0,0.0,0.0,0.0
25,55,9.055956579390262,0.0909098366774361,0.0,1.0,0.0,0.0,1.0,1.0
26,55,8.29307432515963,5.552791189670409,1.0,1.0,0.0,1.0,1.0,1.0
27,55,11.683659203186313,3.739421433365559,1.0,0.0,0.0,1.0,0.0,0.0
28,55,0.0,3.6847906314860106,0.0,0.0,0.0,0.0,0.0,0.0
29,55,11.021234572957177,5.715702177617514,0.0,0.0,1.0,1.0,0.0,0.0
30,55,12.0,7.288650198565823,1.0,1.0,0.0,1.0,1.0,0.0
31,55,10.519160716610417,10.233985995995932,1.0,0.0,1.0,1.0,0.0,1.0
32,55,5.997166339070671,0.0,1.0,0.0,0.0,1.0,0.0,0.0
33,55,1.6727624508063796,3.7252441815973576,0.0,1.0,0.0,1.0,0.0,0.0
34,55,4.225762521698461,6.870729241807677,0.0,1.0,1.0,0.0,1.0,0.0
35,55,10.424975040777788,6.2698404774177385,1.0,0.0,0.0,0.0,0.0,0.0
36,55,11.952872297284548,6.099471925271839,0.0,0.0,0.0,0.0,0.0,1.0
37,55,9.72511907626842,7.874919723758785,1.0,0.0,1.0,0.0,1.0,0.0
38,55,1.4414651124412552,7.830016000775953,0.0,0.0,1.0,0.0,0.0,1.0
39,55,4.71930352983691,2.810003471214826,0.0,0.0,1.0,0.0,1.0,1.0
0,60,4.238910896493601,10.47609541214682,0.0,0.0,0.0,1.0,1.0,0.0
1,60,8.735052698350627,7.000635280465472,0.0,1.0,0.0,0.0,1.0,0.0
2,60,7.994124411803713,5.313481345215015,0.0,1.0,1.0,1.0,0.0,1.0
3,60,8.874155485228176,2.8411172576092683,1.0,0.0,1.0,1.0,0.0,0.0
4,60,9.07442827011074,2.0908122335878123,1.0,0.0,0.0,1.0,0.0,0.0
5,60,10.43417272665114,10.396353983265804,0.0,0.0,1.0,1.0,0.0,0.0
6,60,0.9300609783658736,5.435208892069646,1.0,0.0,0.0,0.0,1.0,0.0
7,60,2.2861871411669914,3.301445423737769,0.0,1.0,0.0,0.0,1.0,0.0
8,60,11.996754844978904,3.7581969077218096,0.0,0.0,0.0,0.0,0.0,0.0
9,60,4.107149194749258,9.08831403192744,0.0,0.0,0.0,0.0,0.0,0.0
10,60,11.143043976869215,12.0,0.0,0.0,1.0,1.0,1.0,0.0
11,60,7.508994770245416,6.44182446136706,0.0,0.0,1.0,0.0,0.0,1.0
12,60,0.9974025816804072,1.994622941093995,1.0,0.0,0.0,1.0,1.0,0.0
13,60,0.6156095612350074,3.90262636507425,0.0,1.0,1.0,0.0,0.0,1.0
14,60,7.223364930841315,8.003615915455706,1.0,1.0,0.0,0.0,0.0,0.0
15,60,5.757919365464861,8.366665717535682,1.0,1.0,0.0,1.0,1.0,0.0
16,60,12.0,5.817811705372932,0.0,1.0,1.0,0.0,1.0,1.0
17,60,5.636983128296811,10.267193545620174,0.0,0.0,1.0,0.0,0.0,1.0
18,60,10.5977104986546,6.070094003179825,1.0,1.0,0.0,1.0,0.0,0.0
19,60,10.21287033661408,5.58970286801721,0.0,1.0,0.0,0.0,1.0,0.0
20,60,5.032425372772689,4.039225083430027,1.0,1.0,1.0,1.0,1.0,0.0
21,60,8.579374959156125,2.1286583408883444,0.0,1.0,0.0,0.0,0.0,0.0
22,60,0.0645314543465204,9.213319864834457,0.0,0.0,1.0,1.0,0.0,0.0
23,60,2.1893073828066445,10.524233012257598,0.0,0.0,0.0,0.0,1.0,1.0
24,60,5.274553275986278,7.870147408635963,1.0,1.0,1.0,0.0,0.0,0.0
25,60,9.049780854547713,0.0978379004896312,0.0,1.0,0.0,0.0,1.0,1.0
26,60,8.219437167328591,5.608189744227618,1.0,1.0,0.0,1.0,1.0,1.0
27,60,11.65844714608443,3.716092250612545,1.0,0.0,0.0,1.0,0.0,0.0
28,60,0.0,3.701215384647376,0.0,0.0,0.0,0.0,0.0,0.0
29,60,11.024478018335472,5.690127192416605,0.0,0.0,1.0,1.0,0.0,0.0
30,60,12.0,7.228709585822834,1.0,1.0,0.0,1.0,1.0,0.0
31,60,10.568885414337808,10.16450069591712,1.0,0.0,1.0,1.0,0.0,1.0
32,60,6.005441421428415,0.0051886691314534,1.0,0.0,0.0,1.0,0.0,0.0
33,60,1.6268074619264556,3.686139159638081,0.0,1.0,0.0,1.0,0.0,0.0
34,60,4.24533630116678,6.7889397836855645,0.0,1.0,1.0,0.0,1.0,0.0
35,60,10.363288750775268,6.20178557821978,1.0,0.0,0.0,0.0,0.0,0.0
36,60,11.960098014546936,6.088115904928839,0.0,0.0,0.0,0.0,0.0,1.0
37,60,9.718013115359405,7.872332559475388,1.0,0.0,1.0,0.0,1.0,0.0
38,60,1.3717947062441895,7.924292807800634,0.0,0.0,1.0,0.0,0.0,1.0
39,60,4.723445167995034,2.812652886067062,0.0,0.0,1.0,0.0,1.0,1.0
0,65,4.19136169451548,10.508706722864902,0.0,0.0,0.0,1.0,1.0,0.0
1,65,8.760628151936523,6.998182464595923,0.0,1.0,0.0,0.0,1.0,0.0
2,65,7.994127198056802,5.3130894335924905,0.0,1.0,1.0,1.0,0.0,1.0
3,65,8.889482129637601,2.859417236271161,1.0,0.0,1.0,1.0,0.0,0.0
4,65,9.071953732415473,2.0876587189438123,1.0,0.0,0.0,1.0,0.0,0.0
5,65,10.404563656298922,10.362969772594996,0.0,0.0,1.0,1.0,0.0,0.0
6,65,1.01139912552604,5.384402567251523,1.0,0.0,0.0,0.0,1.0,0.0
7,65,2.2355742492262625,3.324453840283242,0.0,1.0,0.0,0.0,1.0,0.0
8,65,12.0,3.811472334063526,0.0,0.0,0.0,0.0,0.0,0.0
9,65,4.110000540866279,9.100021590477304,0.0,0.0,0.0,0.0,0.0,0.0
10,65,11.141950033827834,11.997992790880843,0.0,0.0,1.0,1.0,1.0,0.0
11,65,7.442852845334577,6.367562974444302,0.0,0.0,1.0,0.0,0.0,1.0
12,65,1.0188552198599978,2.019020568764628,1.0,0.0,0.0,1.0,1.0,0.0
13,65,0.7008064392144661,3.884534895598089,0.0,1.0,1.0,0.0,0.0,1.0
14,65,7.321812013512892,8.006205969581039,1.0,1.0,0.0,0.0,0.0,0.0
15,65,5.726749468762293,8.287289314216869,1.0,1.0,0.0,1.0,1.0,0.0
16,65,12.0,5.902402821308366,0.0,1.0,1.0,0.0,1.0,1.0
17,65,5.613037833827772,10.285128010003614,0.0,0.0,1.0,0.0,0.0,1.0
18,65,10.52943153563523,6.05667475815493,1.0,1.0,0.0,1.0,0.0,0.0
19,65,10.12373642202044,5.542296742760253,0.0,1.0,0.0,0.0,1.0,0.0
20,65,5.021892368251311,4.026829067610197,1.0,1.0,1.0,1.0,1.0,0.0
21,65,8.637438774552813,2.1408503354141786,0.0,1.0,0.0,0.0,0.0,0.0
22,65,0.06998881220722,9.140008163277251,0.0,0.0,1.0,1.0,0.0,0.0
23,65,2.1948670816844773,10.539594843555845,0.0,0.0,0.0,0.0,1.0,1.0
24,65,5.082193962978025,7.865511747294736,1.0,1.0,1.0,0.0,0.0,0.0
25,65,9.041243374599668,0.1069773856613416,0.0,1.0,0.0,0.0,1.0,1.0
26,65,8.153027736024663,5.6604949034109975,1.0,1.0,0.0,1.0,1.0,1.0
27,65,11.642761959568908,3.701976896383708,1.0,0.0,0.0,1.0,0.0,0.0
28,65,0.0,3.7225601394058434,0.0,0.0,0.0,0.0,0.0,0.0
29,65,11.027354514914578,5.663365889684016,0.0,0.0,1.0,1.0,0.0,0.0
30,65,12.0,7.184201842663847,1.0,1.0,0.0,1.0,1.0,0.0
31,65,10.62323773628611,10.088952096661153,1.0,0.0,1.0,1.0,0.0,1.0
32,65,6.003844857337777,0.0041850417691841,1.0,0.0,0.0,1.0,0.0,0.0
33,65,1.583921499756619,3.6497485457760153,0.0,1.0,0.0,1.0,0.0,0.0
34,65,4.26692287377441,6.683319682595837,0.0,1.0,1.0,0.0,1.0,0.0
35,65,10.298861583644529,6.132449199496626,1.0,0.0,0.0,0.0,0.0,0.0
36,65,11.97654857923015,6.063274605461162,0.0,0.0,0.0,0.0,0.0,1.0
37,65,9.7064095998572,7.868102778659571,1.0,0.0,1.0,0.0,1.0,0.0
38,65,1.3177550122622324,8.000004784354655,0.0,0.0,1.0,0.0,0.0,1.0
39,65,4.70751679403476,2.802567258610638,0.0,0.0,1.0,0.0,1.0,1.0
0,70,4.135295635932758,10.546951399368318,0.0,0.0,0.0,1.0,1.0,0.0
1,70,8.77464934128258,6.996669805857568,0.0,1.0,0.0,0.0,1.0,0.0
2,70,7.994105410805967,5.316511117520896,0.0,1.0,1.0,1.0,0.0,1.0
3,70,8.89813578784017,2.869731241394862,1.0,0.0,1.0,1.0,0.0,0.0
4,70,9.0591050375273,2.071016048147996,1.0,0.0,0.0,1.0,0.0,0.0
5,70,10.365847449967443,10.321364762361744,0.0,0.0,1.0,1.0,0.0,0.0
6,70,1.0967032146201736,5.331963292637173,1.0,0.0,0.0,0.0,1.0,0.0
7,70,2.190368101357708,3.344598061347668,0.0,1.0,0.0,0.0,1.0,0.0
8,70,12.0,3.8559696377997255,0.0,0.0,0.0,0.0,0.0,0.0
9,70,4.121346444118874,9.143461556759323,0.0,0.0,0.0,0.0,0.0,0.0
10,70,11.13150898765858,12.0,0.0,0.0,1.0,1.0,1.0,0.0
11,70,7.374567115006094,6.291725062891815,0.0,0.0,1.0,0.0,0.0,1.0
12,70,1.0482852460591865,2.051464204491725,1.0,0.0,0.0,1.0,1.0,0.0
13,70,0.7970313452376167,3.86513815326345,0.0,1.0,1.0,0.0,0.0,1.0
14,70,7.403841248043051,8.009366273991551,1.0,1.0,0.0,0.0,0.0,0.0
15,70,5.691321973305239,8.198927403216624,1.0,1.0,0.0,1.0,1.0,0.0
16,70,12.0,5.97685009646498,0.0,1.0,1.0,0.0,1.0,1.0
17,70,5.605553437034027,10.290981533839922,0.0,0.0,1.0,0.0,0.0,1.0
18,70,10.462904634600008,6.043281897289018,1.0,1.0,0.0,1.0,0.0,0.0
19,70,10.032420365591763,5.493509439256177,0.0,1.0,0.0,0.0,1.0,0.0
20,70,5.018377423389813,4.022316889909279,1.0,1.0,1.0,1.0,1.0,0.0
21,70,8.676906758872816,2.149455709691832,0.0,1.0,0.0,0.0,0.0,0.0
22,70,0.0753096280199422,9.059862634606349,0.0,0.0,1.0,1.0,0.0,0.0
23,70,2.2000804628956,10.55342509808496,0.0,0.0,0.0,0.0,1.0,1.0
24,70,4.888870751296392,7.861372809785481,1.0,1.0,1.0,0.0,0.0,0.0
25,70,9.041992920544343,0.106224606175981,0.0,1.0,0.0,0.0,1.0,1.0
26,70,8.094645711959007,5.705850304772407,1.0,1.0,0.0,1.0,1.0,1.0
27,70,11.613376247479732,3.675821521950058,1.0,0.0,0.0,1.0,0.0,0.0
28,70,0.0,3.745654804220836,0.0,0.0,0.0,0.0,0.0,0.0
29,70,11.030208374880292,5.636273651924191,0.0,0.0,1.0,1.0,0.0,0.0
30,70,12.0,7.131137584238784,1.0,1.0,0.0,1.0,1.0,0.0
31,70,10.671932572236614,10.021870545335265,1.0,0.0,1.0,1.0,0.0,1.0
32,70,5.982684384630046,0.0,1.0,0.0,0.0,1.0,0.0,0.0
33,70,1.5293330704796542,3.604110793476216,0.0,1.0,0.0,1.0,0.0,0.0
34,70,4.288466398005266,6.581401664478918,0.0,1.0,1.0,0.0,1.0,0.0
35,70,10.238947824441215,6.066653519249778,1.0,0.0,0.0,0.0,0.0,0.0
36,70,12.0,6.015975900676843,0.0,0.0,0.0,0.0,0.0,1.0
37,70,9.675229345768582,7.856694043905669,1.0,0.0,1.0,0.0,1.0,0.0
38,70,1.2616856408513837,8.075624445944975,0.0,0.0,1.0,0.0,0.0,1.0
39,70,4.705681428620646,2.801424109770281,0.0,0.0,1.0,0.0,1.0,1.0
0,75,4.066284696120801,10.59465387152566,0.0,0.0,0.0,1.0,1.0,0.0
1,75,8.785249691661734,6.995518961563656,0.0,1.0,0.0,0.0,1.0,0.0
2,75,7.994086443803084,5.313720281827112,0.0,1.0,1.0,1.0,0.0,1.0
3,75,8.907499751135642,2.8810616160040827,1.0,0.0,1.0,1.0,0.0,0.0
4,75,9.036636403062772,2.041531979751048,1.0,0.0,0.0,1.0,0.0,0.0
5,75,10.328023633225396,10.357251812323554,0.0,0.0,1.0,1.0,0.0,0.0
6,75,1.1634286668327507,5.287180915874261,1.0,0.0,0.0,0.0,1.0,0.0
7,75,2.1456986747006743,3.366529259396968,0.0,1.0,0.0,0.0,1.0,0.0
8,75,12.0,3.903498837422186,0.0,0.0,0.0,0.0,0.0,0.0
9,75,4.1353248719302895,9.198735366916306,0.0,0.0,0.0,0.0,0.0,0.0
10,75,11.13072990305215,12.0,0.0,0.0,1.0,1.0,1.0,0.0
11,75,7.3243304285371265,6.236121048386071,0.0,0.0,1.0,0.0,0.0,1.0
12,75,1.0654369776718184,2.070727224858776,1.0,0.0,0.0,1.0,1.0,0.0
13,75,0.9213666000754938,3.8411841956613215,0.0,1.0,1.0,0.0,0.0,1.0
14,75,7.468368000037826,8.011543265825821,1.0,1.0,0.0,0.0,0.0,0.0
15,75,5.656859102522114,8.109388014235059,1.0,1.0,0.0,1.0,1.0,0.0
16,75,12.0,6.061496820407441,0.0,1.0,1.0,0.0,1.0,1.0
17,75,5.603373809225302,10.292682148134794,0.0,0.0,1.0,0.0,0.0,1.0
18,75,10.390832768466984,6.027100518104112,1.0,1.0,0.0,1.0,0.0,0.0
19,75,9.94180348632766,5.444237820533611,0.0,1.0,0.0,0.0,1.0,0.0
20,75,5.011783342658802,4.013546250674172,1.0,1.0,1.0,1.0,1.0,0.0
21,75,8.726036291565325,2.158889300784723,0.0,1.0,0.0,0.0,0.0,0.0
22,75,0.0781657345335688,8.963349228071976,0.0,0.0,1.0,1.0,0.0,0.0
23,75,2.2000340379465486,10.553314129142157,0.0,0.0,0.0,0.0,1.0,1.0
24,75,4.69032799085415,7.860318410749575,1.0,1.0,1.0,0.0,0.0,0.0
25,75,9.03608742032962,0.1123234812633867,0.0,1.0,0.0,0.0,1.0,1.0
26,75,8.038899701864688,5.751193677008258,1.0,1.0,0.0,1.0,1.0,1.0
27,75,11.576635448392398,3.6427602712245775,1.0,0.0,0.0,1.0,0.0,0.0
28,75,0.0,3.771269865294213,0.0,0.0,0.0,0.0,0.0,0.0
29,75,11.032493390382644,5.615777020163287,0.0,0.0,1.0,1.0,0.0,0.0
30,75,12.0,7.065605963766429,1.0,1.0,0.0,1.0,1.0,0.0
31,75,10.717268248606402,9.961352735392245,1.0,0.0,1.0,1.0,0.0,1.0
32,75,5.965587405485237,0.0,1.0,0.0,0.0,1.0,0.0,0.0
33,75,1.4779905234991229,3.559797061844084,0.0,1.0,0.0,1.0,0.0,0.0
34,75,4.310502906694374,6.478999224046955,0.0,1.0,1.0,0.0,1.0,0.0
35,75,10.183390760903272,6.006278008085181,1.0,0.0,0.0,0.0,0.0,0.0
36,75,12.0,5.9605549141986565,0.0,0.0,0.0,0.0,0.0,1.0
37,75,9.63829615054701,7.842690059949709,1.0,0.0,1.0,0.0,1.0,0.0
38,75,1.2118554847765317,8.145469393199205,0.0,0.0,1.0,0.0,0.0,1.0
39,75,4.71284737784766,2.8057975088194502,0.0,0.0,1.0,0.0,1.0,1.0
0,80,4.004877384094153,10.638417060356442,0.0,0.0,0.0,1.0,1.0,0.0
1,80,8.802856326913629,6.993449495375447,0.0,1.0,0.0,0.0,1.0,0.0
2,80,7.994068407938052,5.311809976888678,0.0,1.0,1.0,1.0,0.0,1.0
3,80,8.91314397433479,2.8879079850944445,1.0,0.0,1.0,1.0,0.0,0.0
4,80,9.01719178848002,2.0162632650194987,1.0,0.0,0.0,1.0,0.0,0.0
5,80,10.291487998234654,10.38896902797402,0.0,0.0,1.0,1.0,0.0,0.0
6,80,1.2164022472407434,5.252970209038756,1.0,0.0,0.0,0.0,1.0,0.0
7,80,2.096167354813013,3.3892188013390525,0.0,1.0,0.0,0.0,1.0,0.0
8,80,12.0,3.9662010350303385,0.0,0.0,0.0,0.0,0.0,0.0
9,80,4.147467154380422,9.246601240119215,0.0,0.0,0.0,0.0,0.0,0.0
10,80,11.149502214009289,11.990775213722875,0.0,0.0,1.0,1.0,1.0,0.0
11,80,7.274608175969664,6.179157490455244,0.0,0.0,1.0,0.0,0.0,1.0
12,80,1.0920333779313396,2.1001834148641234,1.0,0.0,0.0,1.0,1.0,0.0
13,80,1.0320014070602326,3.8182922171060536,0.0,1.0,1.0,0.0,0.0,1.0
14,80,7.531074436853056,8.014296144577974,1.0,1.0,0.0,0.0,0.0,0.0
15,80,5.622305026502922,8.018466043116694,1.0,1.0,0.0,1.0,1.0,0.0
16,80,12.0,6.167765808242043,0.0,1.0,1.0,0.0,1.0,1.0
17,80,5.604833299583252,10.291497185645332,0.0,0.0,1.0,0.0,0.0,1.0
18,80,10.322144119827456,6.011836350117092,1.0,1.0,0.0,1.0,0.0,0.0
19,80,9.8526007980678,5.401193485321108,0.0,1.0,0.0,0.0,1.0,0.0
20,80,4.99264919592444,3.987295946727124,1.0,1.0,1.0,1.0,1.0,0.0
21,80,8.76618869383621,2.1672629571713715,0.0,1.0,0.0,0.0,0.0,0.0
22,80,0.0811279129282266,8.859056341013169,0.0,0.0,1.0,1.0,0.0,0.0
23,80,2.204000258166157,10.562957481253578,0.0,0.0,0.0,0.0,1.0,1.0
24,80,4.492521654982634,7.851693333143114,1.0,1.0,1.0,0.0,0.0,0.0
25,80,9.047262698862715,0.1012610355932282,0.0,1.0,0.0,0.0,1.0,1.0
26,80,7.993278700536227,5.788926087237086,1.0,1.0,0.0,1.0,1.0,1.0
27,80,11.533630004654125,3.60276537321826,1.0,0.0,0.0,1.0,0.0,0.0
28,80,0.0,3.802077585588203,0.0,0.0,0.0,0.0,0.0,0.0
29,80,11.035864984265876,5.584728073318047,0.0,0.0,1.0,1.0,0.0,0.0
30,80,12.0,7.00718347075374,1.0,1.0,0.0,1.0,1.0,0.0
31,80,10.758553151377278,9.908379072621246,1.0,0.0,1.0,1.0,0.0,1.0
32,80,5.930466952544213,0.0,1.0,0.0,0.0,1.0,0.0,0.0
33,80,1.427045522965411,3.5175463678517063,0.0,1.0,0.0,1.0,0.0,0.0
34,80,4.328787650630629,6.393264237093961,0.0,1.0,1.0,0.0,1.0,0.0
35,80,10.121293082740744,5.937652738378913,1.0,0.0,0.0,0.0,0.0,0.0
36,80,12.0,5.885455255077315,0.0,0.0,0.0,0.0,0.0,1.0
37,80,9.621417844066658,7.836297355487192,1.0,0.0,1.0,0.0,1.0,0.0
38,80,1.1713347212753005,8.20037530148146,0.0,0.0,1.0,0.0,0.0,1.0
39,80,4.720557167746571,2.810519413761009,0.0,0.0,1.0,0.0,1.0,1.0
0,85,3.943505558937536,10.682082945523035,0.0,0.0,0.0,1.0,1.0,0.0
1,85,8.832074642315682,6.989722358318629,0.0,1.0,0.0,0.0,1.0,0.0
2,85,8.032781300839346,5.3125798120724825,0.0,1.0,1.0,1.0,0.0,1.0
3,85,8.9185051494895,2.894377971206903,1.0,0.0,1.0,1.0,0.0,0.0
4,85,9.001709880428457,1.995477823765806,1.0,0.0,0.0,1.0,0.0,0.0
5,85,10.24836503658265,10.42599405894266,0.0,0.0,1.0,1.0,0.0,0.0
6,85,1.257624837695059,5.227024355461762,1.0,0.0,0.0,0.0,1.0,0.0
7,85,2.0515394183196607,3.409283834513904,0.0,1.0,0.0,0.0,1.0,0.0
8,85,12.0,4.043985384591349,0.0,0.0,0.0,0.0,0.0,0.0
9,85,4.160115881879592,9.299750932405312,0.0,0.0,0.0,0.0,0.0,0.0
10,85,11.168183920672137,11.982086498212237,0.0,0.0,1.0,1.0,1.0,0.0
11,85,7.225908644482727,6.127012508146402,0.0,0.0,1.0,0.0,0.0,1.0
12,85,1.09731258449991,2.106220850986697,1.0,0.0,0.0,1.0,1.0,0.0
13,85,1.137708585359123,3.79687199230383,0.0,1.0,1.0,0.0,0.0,1.0
14,85,7.577931715342917,8.015945786820632,1.0,1.0,0.0,0.0,0.0,0.0
15,85,5.585599992815371,7.925298046893716,1.0,1.0,0.0,1.0,1.0,0.0
16,85,12.0,6.29239188537213,0.0,1.0,1.0,0.0,1.0,1.0
17,85,5.59269863627565,10.301837662378627,0.0,0.0,1.0,0.0,0.0,1.0
18,85,10.239042585850678,5.994125191822242,1.0,1.0,0.0,1.0,0.0,0.0
19,85,9.752645255809714,5.355115107968259,0.0,1.0,0.0,0.0,1.0,0.0
20,85,4.974999590488103,3.962799842063123,1.0,1.0,1.0,1.0,1.0,0.0
21,85,8.80434379314533,2.176054367915948,0.0,1.0,0.0,0.0,0.0,0.0
22,85,0.0,8.8566210916571,0.0,0.0,1.0,1.0,0.0,0.0
23,85,2.2135452321824505,10.5862679038633,0.0,0.0,0.0,0.0,1.0,1.0
24,85,4.314567140204127,7.84579784451209,1.0,1.0,1.0,0.0,0.0,0.0
25,85,9.059850056978838,0.1139515763689994,0.0,1.0,0.0,0.0,1.0,1.0
26,85,7.941537987560733,5.834557643087235,1.0,1.0,0.0,1.0,1.0,1.0
27,85,11.480609978762493,3.5528189507794026,1.0,0.0,0.0,1.0,0.0,0.0
28,85,0.0,3.835699427223578,0.0,0.0,0.0,0.0,0.0,0.0
29,85,11.040445107505803,5.542093868298333,0.0,0.0,1.0,1.0,0.0,0.0
30,85,12.0,6.938529116295026,1.0,1.0,0.0,1.0,1.0,0.0
31,85,10.796913838966493,9.86003262069705,1.0,0.0,1.0,1.0,0.0,1.0
32,85,5.894067757666908,0.0,1.0,0.0,0.0,1.0,0.0,0.0
33,85,1.4031658292629512,3.4982113233880114,0.0,1.0,0.0,1.0,0.0,0.0
34,85,4.345616967686376,6.31862625036042,0.0,1.0,1.0,0.0,1.0,0.0
35,85,10.05591833816051,5.862374486898827,1.0,0.0,0.0,0.0,0.0,0.0
36,85,12.0,5.938328088740119,0.0,0.0,0.0,0.0,0.0,1.0
37,85,9.591596200704457,7.824993825553268,1.0,0.0,1.0,0.0,1.0,0.0
38,85,1.1184118005414587,8.272298628624574,0.0,0.0,1.0,0.0,0.0,1.0
39,85,4.727689142376952,2.8146128515848083,0.0,0.0,1.0,0.0,1.0,1.0
0,90,3.889435552012412,10.72228003430099,0.0,0.0,0.0,1.0,1.0,0.0
1,90,8.875601369149768,6.984566483120896,0.0,1.0,0.0,0.0,1.0,0.0
2,90,8.047666833370942,5.312546645768181,0.0,1.0,1.0,1.0,0.0,1.0
3,90,8.905880505406204,2.879047054257816,1.0,0.0,1.0,1.0,0.0,0.0
4,90,8.982849998127637,1.97039847604596,1.0,0.0,0.0,1.0,0.0,0.0
5,90,10.196681013186971,10.470364402891423,0.0,0.0,1.0,1.0,0.0,0.0
6,90,1.310906270442292,5.192791069632066,1.0,0.0,0.0,0.0,1.0,0.0
7,90,2.0251650320619263,3.4209017414730427,0.0,1.0,0.0,0.0,1.0,0.0
8,90,12.0,4.125000374514576,0.0,0.0,0.0,0.0,0.0,0.0
9,90,4.173155828631848,9.348534646373656,0.0,0.0,0.0,0.0,0.0,0.0
10,90,11.1839514415585,11.974583713820138,0.0,0.0,1.0,1.0,1.0,0.0
11,90,7.1933577131724205,6.091684602331518,0.0,0.0,1.0,0.0,0.0,1.0
12,90,1.098480265587543,2.107513102314216,1.0,0.0,0.0,1.0,1.0,0.0
13,90,1.24658467609219,3.7718011076353934,0.0,1.0,1.0,0.0,0.0,1.0
14,90,7.6134726436831475,8.016866734144287,1.0,1.0,0.0,0.0,0.0,0.0
15,90,5.559972622809091,7.864063739364951,1.0,1.0,0.0,1.0,1.0,0.0
16,90,12.0,6.412010101902046,0.0,1.0,1.0,0.0,1.0,1.0
17,90,5.57012205919476,10.319984200177624,0.0,0.0,1.0,0.0,0.0,1.0
18,90,10.160589503984989,5.975511071986006,1.0,1.0,0.0,1.0,0.0,0.0
19,90,9.64424645131036,5.304419222954786,0.0,1.0,0.0,0.0,1.0,0.0
20,90,4.957684800297644,3.9377880256277855,1.0,1.0,1.0,1.0,1.0,0.0
21,90,8.84603323672262,2.185469398523933,0.0,1.0,0.0,0.0,0.0,0.0
22,90,0.0,8.85487332445757,0.0,0.0,1.0,1.0,0.0,0.0
23,90,2.2309917660139296,10.62873478121313,0.0,0.0,0.0,0.0,1.0,1.0
24,90,4.147667129134828,7.8388718558732196,1.0,1.0,1.0,0.0,0.0,0.0
25,90,9.072911386823444,0.1272842869271528,0.0,1.0,0.0,0.0,1.0,1.0
26,90,7.876968320481281,5.892556282326807,1.0,1.0,0.0,1.0,1.0,1.0
27,90,11.438614511352144,3.516853433300734,1.0,0.0,0.0,1.0,0.0,0.0
28,90,0.0,3.87279508059228,0.0,0.0,0.0,0.0,0.0,0.0
29,90,11.043109714919163,5.510110229280768,0.0,0.0,1.0,1.0,0.0,0.0
30,90,12.0,6.868003827037144,1.0,1.0,0.0,1.0,1.0,0.0
31,90,10.841051948902347,9.802585812179023,1.0,0.0,1.0,1.0,0.0,1.0
32,90,5.8472529974613945,0.0,1.0,0.0,0.0,1.0,0.0,0.0
33,90,1.3723203196823062,3.474054592566381,0.0,1.0,0.0,1.0,0.0,0.0
34,90,4.363740261722024,6.23708279755413,0.0,1.0,1.0,0.0,1.0,0.0
35,90,9.988420391472474,5.787354478215605,1.0,0.0,0.0,0.0,0.0,0.0
36,90,12.0,5.9860889825781545,0.0,0.0,0.0,0.0,0.0,1.0
37,90,9.542736176967534,7.805009079778142,1.0,0.0,1.0,0.0,1.0,0.0
38,90,1.0685995880395134,8.342923701528132,0.0,0.0,1.0,0.0,0.0,1.0
39,90,4.731803389208022,2.8169721394307268,0.0,0.0,1.0,0.0,1.0,1.0
0,95,3.839961010503116,10.758227580406883,0.0,0.0,0.0,1.0,1.0,0.0
1,95,8.898583915726295,6.981560116277493,0.0,1.0,0.0,0.0,1.0,0.0
2,95,8.058183763136375,5.3125700654250245,0.0,1.0,1.0,1.0,0.0,1.0
3,95,8.882342541426137,2.850235958164188,1.0,0.0,1.0,1.0,0.0,0.0
4,95,8.968283305668203,1.9510556779098471,1.0,0.0,0.0,1.0,0.0,0.0
5,95,10.150367891033817,10.507800286534884,0.0,0.0,1.0,1.0,0.0,0.0
6,95,1.3787419779878556,5.147652699246843,1.0,0.0,0.0,0.0,1.0,0.0
7,95,1.9878412239314345,3.4380408837875573,0.0,1.0,0.0,0.0,1.0,0.0
8,95,12.0,4.198576556237151,0.0,0.0,0.0,0.0,0.0,0.0
9,95,4.181717621699792,9.38083329244677,0.0,0.0,0.0,0.0,0.0,0.0
10,95,11.188913240635603,11.97219552444008,0.0,0.0,1.0,1.0,1.0,0.0
11,95,7.156984687893687,6.0512538308462895,0.0,0.0,1.0,0.0,0.0,1.0
12,95,1.089526107584991,2.097605777020185,1.0,0.0,0.0,1.0,1.0,0.0
13,95,1.347557717599968,3.751036887047527,0.0,1.0,1.0,0.0,0.0,1.0
14,95,7.628965376341807,8.017111988037906,1.0,1.0,0.0,0.0,0.0,0.0
15,95,5.537940923921347,7.808151503644268,1.0,1.0,0.0,1.0,1.0,0.0
16,95,12.0,6.528049044729065,0.0,1.0,1.0,0.0,1.0,1.0
17,95,5.550581837949495,10.33598802276917,0.0,0.0,1.0,0.0,0.0,1.0
18,95,10.074019276885508,5.952399561393491,1.0,1.0,0.0,1.0,0.0,0.0
19,95,9.525174026404,5.249051177471088,0.0,1.0,0.0,0.0,1.0,0.0
20,95,4.940403080647931,3.912841785019389,1.0,1.0,1.0,1.0,1.0,0.0
21,95,8.892107114408413,2.1974686247427044,0.0,1.0,0.0,0.0,0.0,0.0
22,95,0.0,8.85234441884409,0.0,0.0,1.0,1.0,0.0,0.0
23,95,2.244757865216363,10.661406490608146,0.0,0.0,0.0,0.0,1.0,1.0
24,95,3.974341756263715,7.831130811926573,1.0,1.0,1.0,0.0,0.0,0.0
25,95,9.088267734498364,0.1441331205350468,0.0,1.0,0.0,0.0,1.0,1.0
26,95,7.815461158369339,5.948472320869688,1.0,1.0,0.0,1.0,1.0,1.0
27,95,11.394262073864947,3.4798956758065223,1.0,0.0,0.0,1.0,0.0,0.0
28,95,0.0,3.903913610234624,0.0,0.0,0.0,0.0,0.0,0.0
29,95,11.04584039305332,5.479611207794862,0.0,0.0,1.0,1.0,0.0,0.0
30,95,12.0,6.778886815926271,1.0,1.0,0.0,1.0,1.0,0.0
31,95,10.89389952985798,9.734173389766076,1.0,0.0,1.0,1.0,0.0,1.0
32,95,5.799880058663458,0.0,1.0,0.0,0.0,1.0,0.0,0.0
33,95,1.3501439727783573,3.45619124420085,0.0,1.0,0.0,1.0,0.0,0.0
34,95,4.3785249622400455,6.166088796310233,0.0,1.0,1.0,0.0,1.0,0.0
35,95,9.947664094360263,5.741331800339088,1.0,0.0,0.0,0.0,0.0,0.0
36,95,12.0,6.030034673958989,0.0,0.0,0.0,0.0,0.0,1.0
37,95,9.510972202945744,7.791215207287575,1.0,0.0,1.0,0.0,1.0,0.0
38,95,1.0272001088689782,8.402473178237955,0.0,0.0,1.0,0.0,0.0,1.0
39,95,4.731572852660662,2.8168508495014426,0.0,0.0,1.0,0.0,1.0,1.0
0,100,3.804902480764892,10.784404692538082,0.0,0.0,0.0,1.0,1.0,0.0
1,100,8.924008392200903,6.97794130297619,0.0,1.0,0.0,0.0,1.0,0.0
2,100,8.048225934955873,5.312411042294708,0.0,1.0,1.0,1.0,0.0,1.0
3,100,8.855717979134958,2.8193143551119277,1.0,0.0,1.0,1.0,0.0,0.0
4,100,8.952323438373877,1.9288993642599188,1.0,0.0,0.0,1.0,0.0,0.0
5,100,10.103278645694324,10.54634664129632,0.0,0.0,1.0,1.0,0.0,0.0
6,100,1.4373141505586366,5.109466990959137,1.0,0.0,0.0,0.0,1.0,0.0
7,100,1.938720872767132,3.458668484631924,0.0,1.0,0.0,0.0,1.0,0.0
8,100,12.0,4.287749306691845,0.0,0.0,0.0,0.0,0.0,0.0
9,100,4.194786528899348,9.428422852569192,0.0,0.0,0.0,0.0,0.0,0.0
10,100,11.19410314394489,11.969640935388137,0.0,0.0,1.0,1.0,1.0,0.0
11,100,7.121524172526536,6.013918946200308,0.0,0.0,1.0,0.0,0.0,1.0
12,100,1.0750462659767226,2.082710233343483,1.0,0.0,0.0,1.0,1.0,0.0
13,100,1.418777726010002,3.735821768364247,0.0,1.0,1.0,0.0,0.0,1.0
14,100,7.644704833037837,8.017399168431623,1.0,1.0,0.0,0.0,0.0,0.0
15,100,5.514193554105601,7.751666442695809,1.0,1.0,0.0,1.0,1.0,0.0
16,100,12.0,6.46555490864351,0.0,1.0,1.0,0.0,1.0,1.0
17,100,5.543201206082584,10.341810459933798,0.0,0.0,1.0,0.0,0.0,1.0
18,100,9.966487984306866,5.9260391729529305,1.0,1.0,0.0,1.0,0.0,0.0
19,100,9.396625687329564,5.190448512591312,0.0,1.0,0.0,0.0,1.0,0.0
20,100,4.922662152704308,3.885269028284741,1.0,1.0,1.0,1.0,1.0,0.0
21,100,8.932844088735221,2.2080688309070835,0.0,1.0,0.0,0.0,0.0,0.0
22,100,0.0,8.8479884059308,0.0,0.0,1.0,1.0,0.0,0.0
23,100,2.2575461026745707,10.692316004172469,0.0,0.0,0.0,0.0,1.0,1.0
24,100,3.7952279381877614,7.823708516048667,1.0,1.0,1.0,0.0,0.0,0.0
25,100,9.105710650901576,0.1619605617767286,0.0,1.0,0.0,0.0,1.0,1.0
26,100,7.760164206331695,5.99998328861308,1.0,1.0,0.0,1.0,1.0,1.0
27,100,11.34639245093002,3.439320681698009,1.0,0.0,0.0,1.0,0.0,0.0
28,100,0.0,3.938226142070634,0.0,0.0,0.0,0.0,0.0,0.0
29,100,11.048832161950912,5.446431865137131,0.0,0.0,1.0,1.0,0.0,0.0
30,100,12.0,6.682751867612981,1.0,1.0,0.0,1.0,1.0,0.0
31,100,10.94873680730624,9.658058095842,1.0,0.0,1.0,1.0,0.0,1.0
32,100,5.738345885134586,0.0,1.0,0.0,0.0,1.0,0.0,0.0
33,100,1.322491815817905,3.4328107708979902,0.0,1.0,0.0,1.0,0.0,0.0
34,100,4.3847863404304,6.135832165079135,0.0,1.0,1.0,0.0,1.0,0.0
35,100,9.902579941748996,5.690375528646509,1.0,0.0,0.0,0.0,0.0,0.0
36,100,12.0,6.067659608963854,0.0,0.0,0.0,0.0,0.0,1.0
37,100,9.464037971635504,7.771455012480529,1.0,0.0,1.0,0.0,1.0,0.0
38,100,0.9864257836800392,8.457783895463981,0.0,0.0,1.0,0.0,0.0,1.0
39,100,4.743894875488242,2.8236744767183413,0.0,0.0,1.0,0.0,1.0,1.0
0,105,3.763789978649044,10.816621379458946,0.0,0.0,0.0,1.0,1.0,0.0
1,105,8.928949975192756,6.977214103994771,0.0,1.0,0.0,0.0,1.0,0.0
2,105,8.046523334745359,5.312376545985751,0.0,1.0,1.0,1.0,0.0,1.0
3,105,8.833001236903382,2.7928600283432496,1.0,0.0,1.0,1.0,0.0,0.0
4,105,8.933374305641294,1.9028437548199435,1.0,0.0,0.0,1.0,0.0,0.0
5,105,10.063679347868002,10.579536261021014,0.0,0.0,1.0,1.0,0.0,0.0
6,105,1.5152195810928073,5.059913411391091,1.0,0.0,0.0,0.0,1.0,0.0
7,105,1.8899911942118224,3.4785089056226948,0.0,1.0,0.0,0.0,1.0,0.0
8,105,12.0,4.37881294536749,0.0,0.0,0.0,0.0,0.0,0.0
9,105,4.208694358361292,9.481828263556128,0.0,0.0,0.0,0.0,0.0,0.0
10,105,11.192104415183367,11.97062046934328,0.0,0.0,1.0,1.0,1.0,0.0
11,105,7.081897050036504,5.972431743176271,0.0,0.0,1.0,0.0,0.0,1.0
12,105,1.0658090725989884,2.072953434210062,1.0,0.0,0.0,1.0,1.0,0.0
13,105,1.5069607588855578,3.716238775523774,0.0,1.0,1.0,0.0,0.0,1.0
14,105,7.659555366969506,8.017445651178928,1.0,1.0,0.0,0.0,0.0,0.0
15,105,5.454045609077855,7.77700368045107,1.0,1.0,0.0,1.0,1.0,0.0
16,105,12.0,6.400813737547421,0.0,1.0,1.0,0.0,1.0,1.0
17,105,5.548778284835966,10.337546727790482,0.0,0.0,1.0,0.0,0.0,1.0
18,105,9.857320912878093,5.899521475914716,1.0,1.0,0.0,1.0,0.0,0.0
19,105,9.261207429453169,5.127796337285297,0.0,1.0,0.0,0.0,1.0,0.0
20,105,4.904057315987954,3.855609538775399,1.0,1.0,1.0,1.0,1.0,0.0
21,105,8.995056481917322,2.2246374623843934,0.0,1.0,0.0,0.0,0.0,0.0
22,105,0.0,8.84320690680962,0.0,0.0,1.0,1.0,0.0,0.0
23,105,2.2680981350720706,10.716274890820126,0.0,0.0,0.0,0.0,1.0,1.0
24,105,3.617270523205809,7.813663459564607,1.0,1.0,1.0,0.0,0.0,0.0
25,105,9.118864638134411,0.1755462121446793,0.0,1.0,0.0,0.0,1.0,1.0
26,105,7.707172742700303,6.049389024369181,1.0,1.0,0.0,1.0,1.0,1.0
27,105,11.294091950110406,3.396957103466722,1.0,0.0,0.0,1.0,0.0,0.0
28,105,0.0,3.9755243979747448,0.0,0.0,0.0,0.0,0.0,0.0
29,105,11.050720614447496,5.420874924688127,0.0,0.0,1.0,1.0,0.0,0.0
30,105,12.0,6.567554780425146,1.0,1.0,0.0,1.0,1.0,0.0
31,105,10.99115347093488,9.59842015267836,1.0,0.0,1.0,1.0,0.0,1.0
32,105,5.678139544242605,0.0,1.0,0.0,0.0,1.0,0.0,0.0
33,105,1.303905472643766,3.416772479637573,0.0,1.0,0.0,1.0,0.0,0.0
34,105,4.391431090340616,6.103200311118228,0.0,1.0,1.0,0.0,1.0,0.0
35,105,9.858740769536231,5.64204001057799,1.0,0.0,0.0,0.0,0.0,0.0
36,105,12.0,6.107307518894665,0.0,0.0,0.0,0.0,0.0,1.0
37,105,9.417516630258822,7.75092715664032,1.0,0.0,1.0,0.0,1.0,0.0
38,105,0.947505839502528,8.512421884700425,0.0,0.0,1.0,0.0,0.0,1.0
39,105,4.747118371178367,2.825423971720243,0.0,0.0,1.0,0.0,1.0,1.0
0,110,3.7085288424938168,10.859387587642043,0.0,0.0,0.0,1.0,1.0,0.0
1,110,8.963848317924025,6.971884645068967,0.0,1.0,0.0,0.0,1.0,0.0
2,110,8.046438133276542,5.312377859146395,0.0,1.0,1.0,1.0,0.0,1.0
3,110,8.823246922909524,2.781288248937,1.0,0.0,1.0,1.0,0.0,0.0
4,110,8.923942306211966,1.8886766098985184,1.0,0.0,0.0,1.0,0.0,0.0
5,110,10.008435704209052,10.624400113575254,0.0,0.0,1.0,1.0,0.0,0.0
6,110,1.5986057609990698,5.006534356229095,1.0,0.0,0.0,0.0,1.0,0.0
7,110,1.8532377778181128,3.493225045022053,0.0,1.0,0.0,0.0,1.0,0.0
8,110,12.0,4.480493331314312,0.0,0.0,0.0,0.0,0.0,0.0
9,110,4.222995727795404,9.535377334129445,0.0,0.0,0.0,0.0,0.0,0.0
10,110,11.188011408670231,11.972576267645206,0.0,0.0,1.0,1.0,1.0,0.0
11,110,7.0539524446046205,5.942396410968736,0.0,0.0,1.0,0.0,0.0,1.0
12,110,1.052096575045222,2.0582405207804677,1.0,0.0,0.0,1.0,1.0,0.0
13,110,1.6033261175019895,3.691804095184684,0.0,1.0,1.0,0.0,0.0,1.0
14,110,7.685959706579746,8.016711770061823,1.0,1.0,0.0,0.0,0.0,0.0
15,110,5.412804016186548,7.794384063535056,1.0,1.0,0.0,1.0,1.0,0.0
16,110,12.0,6.341003749584464,0.0,1.0,1.0,0.0,1.0,1.0
17,110,5.574882528528871,10.318882188429738,0.0,0.0,1.0,0.0,0.0,1.0
18,110,9.763905466489248,5.877162944913088,1.0,1.0,0.0,1.0,0.0,0.0
19,110,9.142834329191938,5.073822736919645,0.0,1.0,0.0,0.0,1.0,0.0
20,110,4.87734367941682,3.815829193978457,1.0,1.0,1.0,1.0,1.0,0.0
21,110,9.066789112448204,2.2457980190177187,0.0,1.0,0.0,0.0,0.0,0.0
22,110,0.0,8.838567658964454,0.0,0.0,1.0,1.0,0.0,0.0
23,110,2.28649543513513,10.757441498257016,0.0,0.0,0.0,0.0,1.0,1.0
24,110,3.4231572278522755,7.806254154587908,1.0,1.0,1.0,0.0,0.0,0.0
25,110,9.148156186756172,0.2040918191553054,0.0,1.0,0.0,0.0,1.0,1.0
26,110,7.6522250068150575,6.100295200482768,1.0,1.0,0.0,1.0,1.0,1.0
27,110,11.249808029125216,3.360507876582068,1.0,0.0,0.0,1.0,0.0,0.0
28,110,0.0,4.014516094573836,0.0,0.0,0.0,0.0,0.0,0.0
29,110,11.052893669813498,5.385053886106495,0.0,0.0,1.0,1.0,0.0,0.0
30,110,12.0,6.452582396138134,1.0,1.0,0.0,1.0,1.0,0.0
31,110,11.040596317403608,9.530245719940662,1.0,0.0,1.0,1.0,0.0,1.0
32,110,5.6062284279521855,0.0,1.0,0.0,0.0,1.0,0.0,0.0
33,110,1.2870485076776337,3.4025620247842245,0.0,1.0,0.0,1.0,0.0,0.0
34,110,4.397437429388757,6.075668967571172,0.0,1.0,1.0,0.0,1.0,0.0
35,110,9.805859284633623,5.5817377366535785,1.0,0.0,0.0,0.0,0.0,0.0
36,110,12.0,6.145586880354041,0.0,0.0,0.0,0.0,0.0,1.0
37,110,9.385318235000678,7.737525164386149,1.0,0.0,1.0,0.0,1.0,0.0
38,110,0.9147251211285572,8.55881870871678,0.0,0.0,1.0,0.0,0.0,1.0
39,110,4.734179605041041,2.8182091573855788,0.0,0.0,1.0,0.0,1.0,1.0
0,115,3.6637838170446746,10.89368967388092,0.0,0.0,0.0,1.0,1.0,0.0
1,115,8.989389052654156,6.968316311426628,0.0,1.0,0.0,0.0,1.0,0.0
2,115,8.037294436808294,5.3128106968383975,0.0,1.0,1.0,1.0,0.0,1.0
3,115,8.822860294799936,2.780853498558701,1.0,0.0,1.0,1.0,0.0,0.0
4,115,8.916789534205355,1.878655954203661,1.0,0.0,0.0,1.0,0.0,0.0
5,115,9.942242756095592,10.680548129653394,0.0,0.0,1.0,1.0,0.0,0.0
6,115,1.671759493132378,4.957875760758673,1.0,0.0,0.0,0.0,1.0,0.0
7,115,1.7991642221835566,3.51342808055288,0.0,1.0,0.0,0.0,1.0,0.0
8,115,12.0,4.5896886715907375,0.0,0.0,0.0,0.0,0.0,0.0
9,115,4.239744292380932,9.597691764529854,0.0,0.0,0.0,0.0,0.0,0.0
10,115,11.147368929860628,11.9904990292137,0.0,0.0,1.0,1.0,1.0,0.0
11,115,7.033448329469636,5.919236267291528,0.0,0.0,1.0,0.0,0.0,1.0
12,115,1.0371072858525694,2.041938142907866,1.0,0.0,0.0,1.0,1.0,0.0
13,115,1.7162022477611367,3.66508303495792,0.0,1.0,1.0,0.0,0.0,1.0
14,115,7.7152744858258755,8.016058600099504,1.0,1.0,0.0,0.0,0.0,0.0
15,115,5.3765983867718266,7.810889050112474,1.0,1.0,0.0,1.0,1.0,0.0
16,115,12.0,6.289810623878559,0.0,1.0,1.0,0.0,1.0,1.0
17,115,5.594165506024334,10.304865758939355,0.0,0.0,1.0,0.0,0.0,1.0
18,115,9.670655297335449,5.854999914631386,1.0,1.0,0.0,1.0,0.0,0.0
19,115,9.002583459216488,5.013333843872922,0.0,1.0,0.0,0.0,1.0,0.0
20,115,4.853350679738648,3.779409994192768,1.0,1.0,1.0,1.0,1.0,0.0
21,115,9.130502017416754,2.265039841963121,0.0,1.0,0.0,0.0,0.0,0.0
22,115,0.0,8.831805848605812,0.0,0.0,1.0,1.0,0.0,0.0
23,115,2.3074262387514834,10.80574346225611,0.0,0.0,0.0,0.0,1.0,1.0
24,115,3.235449857098767,7.797793370583198,1.0,1.0,1.0,0.0,0.0,0.0
25,115,9.181091612460357,0.2355710975248121,0.0,1.0,0.0,0.0,1.0,1.0
26,115,7.593925957946434,6.152731683825484,1.0,1.0,0.0,1.0,1.0,1.0
27,115,11.218636205865922,3.335244861675623,1.0,0.0,0.0,1.0,0.0,0.0
28,115,0.0,4.050572260099554,0.0,0.0,0.0,0.0,0.0,0.0
29,115,11.055859756235892,5.3379774795526025,0.0,0.0,1.0,1.0,0.0,0.0
30,115,12.0,6.328486402443406,1.0,1.0,0.0,1.0,1.0,0.0
31,115,11.09846849778268,9.452632615095627,1.0,0.0,1.0,1.0,0.0,1.0
32,115,5.5370047337387005,0.0,1.0,0.0,0.0,1.0,0.0,0.0
33,115,1.2737432547832814,3.391096728509177,0.0,1.0,0.0,1.0,0.0,0.0
34,115,4.402788208851547,6.05420039849255,0.0,1.0,1.0,0.0,1.0,0.0
35,115,9.757839057811196,5.525022308062632,1.0,0.0,0.0,0.0,0.0,0.0
36,115,12.0,6.184479429621208,0.0,0.0,0.0,0.0,0.0,1.0
37,115,9.35412529044778,7.724557499089811,1.0,0.0,1.0,0.0,1.0,0.0
38,115,0.8926489740515625,8.590586665648198,0.0,0.0,1.0,0.0,0.0,1.0
39,115,4.722998139929075,2.811705732865333,0.0,0.0,1.0,0.0,1.0,1.0
0,120,3.628219601437168,10.92005753364526,0.0,0.0,0.0,1.0,1.0,0.0
1,120,9.032788840366162,6.961205642032808,0.0,1.0,0.0,0.0,1.0,0.0
2,120,8.021900579670644,5.313824983736814,0.0,1.0,1.0,1.0,0.0,1.0
3,120,8.824289722385023,2.782452750407584,1.0,0.0,1.0,1.0,0.0,0.0
4,120,8.90697787776357,1.8658460682335236,1.0,0.0,0.0,1.0,0.0,0.0
5,120,9.897830894145512,10.719630784756912,0.0,0.0,1.0,1.0,0.0,0.0
6,120,1.7576970777393133,4.900221347366746,1.0,0.0,0.0,0.0,1.0,0.0
7,120,1.7189143654372907,3.5434235125585087,0.0,1.0,0.0,0.0,1.0,0.0
8,120,12.0,4.691321319011481,0.0,0.0,0.0,0.0,0.0,0.0
9,120,4.254366425370863,9.64968475623174,0.0,0.0,0.0,0.0,0.0,0.0
10,120,11.117376293705322,12.0,0.0,0.0,1.0,1.0,1.0,0.0
11,120,7.0068044167953785,5.890725003952377,0.0,0.0,1.0,0.0,0.0,1.0
12,120,1.0348213651413938,2.039434037787185,1.0,0.0,0.0,1.0,1.0,0.0
13,120,1.8312402544184203,3.641619725987662,0.0,1.0,1.0,0.0,0.0,1.0
14,120,7.742692460524994,8.015032637304241,1.0,1.0,0.0,0.0,0.0,0.0
15,120,5.311087745177402,7.841805919419023,1.0,1.0,0.0,1.0,1.0,0.0
16,120,12.0,6.237135039948907,0.0,1.0,1.0,0.0,1.0,1.0
17,120,5.608134371473024,10.294156654164912,0.0,0.0,1.0,0.0,0.0,1.0
18,120,9.689216206016363,5.773725531994585,1.0,1.0,0.0,1.0,0.0,0.0
19,120,8.863939208033289,4.954617803267301,0.0,1.0,0.0,0.0,1.0,0.0
20,120,4.837532714203792,3.7554281967341816,1.0,1.0,1.0,1.0,1.0,0.0
21,120,9.19252795885075,2.2850380457967283,0.0,1.0,0.0,0.0,0.0,0.0
22,120,0.0,8.824255382158308,0.0,0.0,1.0,1.0,0.0,0.0
23,120,2.326569252767987,10.84636412144052,0.0,0.0,0.0,0.0,1.0,1.0
24,120,3.0486910040191946,7.789650681959481,1.0,1.0,1.0,0.0,0.0,0.0
25,120,9.2059460700455,0.258895924770768,0.0,1.0,0.0,0.0,1.0,1.0
26,120,7.645217892352556,6.209745156592543,1.0,1.0,0.0,1.0,1.0,1.0
27,120,11.185629561964635,3.308720678820485,1.0,0.0,0.0,1.0,0.0,0.0
28,120,0.0,4.087413685192587,0.0,0.0,0.0,0.0,0.0,0.0
29,120,11.05962943700428,5.271461688522725,0.0,0.0,1.0,1.0,0.0,0.0
30,120,11.874360904478024,6.24788337006986,1.0,1.0,0.0,1.0,1.0,0.0
31,120,11.151612642165668,9.381448342709517,1.0,0.0,1.0,1.0,0.0,1.0
32,120,5.4846655750722055,0.0,1.0,0.0,0.0,1.0,0.0,0.0
33,120,1.2797504851529482,3.384162659617014,0.0,1.0,0.0,1.0,0.0,0.0
34,120,4.409113771393649,6.028092986804229,0.0,1.0,1.0,0.0,1.0,0.0
35,120,9.713066863324435,5.473124588689535,1.0,0.0,0.0,0.0,0.0,0.0
36,120,12.0,6.2122540966078255,0.0,0.0,0.0,0.0,0.0,1.0
37,120,9.31798164856388,7.708556909133503,1.0,0.0,1.0,0.0,1.0,0.0
38,120,0.882140581192997,8.605673813920104,0.0,0.0,1.0,0.0,0.0,1.0
39,120,4.684973415957991,2.7893883900165948,0.0,0.0,1.0,0.0,1.0,1.0
0,125,3.579485266656436,10.955941423911044,0.0,0.0,0.0,1.0,1.0,0.0
1,125,9.067843216250402,6.9551409295412405,0.0,1.0,0.0,0.0,1.0,0.0
2,125,7.987294796414721,5.3158478143743615,0.0,1.0,1.0,1.0,0.0,1.0
3,125,8.829946177488056,2.788837405854286,1.0,0.0,1.0,1.0,0.0,0.0
4,125,8.908269251232793,1.8674518278336851,1.0,0.0,0.0,1.0,0.0,0.0
5,125,9.837501772325163,10.772174098637535,0.0,0.0,1.0,1.0,0.0,0.0
6,125,1.834928061250848,4.84873590310501,1.0,0.0,0.0,0.0,1.0,0.0
7,125,1.6332613569791732,3.571492009411381,0.0,1.0,0.0,0.0,1.0,0.0
8,125,12.0,4.805507324480104,0.0,0.0,0.0,0.0,0.0,0.0
9,125,4.273063458043661,9.719628836131934,0.0,0.0,0.0,0.0,0.0,0.0
10,125,11.099686614925412,12.0,0.0,0.0,1.0,1.0,1.0,0.0
11,125,6.970559132927662,5.850541858622405,0.0,0.0,1.0,0.0,0.0,1.0
12,125,1.0422275947067283,2.047313384071868,1.0,0.0,0.0,1.0,1.0,0.0
13,125,1.9311230510090824,3.62261388784036,0.0,1.0,1.0,0.0,0.0,1.0
14,125,7.77841707927854,8.015098317909784,1.0,1.0,0.0,0.0,0.0,0.0
15,125,5.247975684608024,7.870956822082823,1.0,1.0,0.0,1.0,1.0,0.0
16,125,12.0,6.343251959162369,0.0,1.0,1.0,0.0,1.0,1.0
17,125,5.612294402345145,10.290911098676542,0.0,0.0,1.0,0.0,0.0,1.0
18,125,9.7083721012284,5.692450832886242,1.0,1.0,0.0,1.0,0.0,0.0
19,125,8.729132488503723,4.897885159720053,0.0,1.0,0.0,0.0,1.0,0.0
20,125,4.818791166877629,3.7283852679630263,1.0,1.0,1.0,1.0,1.0,0.0
21,125,9.256137050704856,2.306389856885287,0.0,1.0,0.0,0.0,0.0,0.0
22,125,0.0,8.815246057825343,0.0,0.0,1.0,1.0,0.0,0.0
23,125,2.3497104899866748,10.8950742963755,0.0,0.0,0.0,0.0,1.0,1.0
24,125,2.8595491640438806,7.781652745952781,1.0,1.0,1.0,0.0,0.0,0.0
25,125,9.22458344524068,0.2773752477151534,0.0,1.0,0.0,0.0,1.0,1.0
26,125,7.702516142379962,6.272335213986949,1.0,1.0,0.0,1.0,1.0,1.0
27,125,11.167029473341232,3.332211563710186,1.0,0.0,0.0,1.0,0.0,0.0
28,125,0.0,4.121744414338468,0.0,0.0,0.0,0.0,0.0,0.0
29,125,11.062788129527204,5.205811239059405,0.0,0.0,1.0,1.0,0.0,0.0
30,125,11.748118020728915,6.172123355280548,1.0,1.0,0.0,1.0,1.0,0.0
31,125,11.198503367685456,9.319282421684871,1.0,0.0,1.0,1.0,0.0,1.0
32,125,5.402252857904615,0.0,1.0,0.0,0.0,1.0,0.0,0.0
33,125,1.2623366901153454,3.404237708939647,0.0,1.0,0.0,1.0,0.0,0.0
34,125,4.4161648180693325,5.998861247895674,0.0,1.0,1.0,0.0,1.0,0.0
35,125,9.669715280021157,5.420249936990238,1.0,0.0,0.0,0.0,0.0,0.0
36,125,12.0,6.241102733144392,0.0,0.0,0.0,0.0,0.0,1.0
37,125,9.275448633351903,7.688907443338022,1.0,0.0,1.0,0.0,1.0,0.0
38,125,0.8701678172096656,8.623655906575204,0.0,0.0,1.0,0.0,0.0,1.0
39,125,4.662663289515252,2.8296047104131667,0.0,0.0,1.0,0.0,1.0,1.0
0,130,3.5463493831230366,10.980172003813406,0.0,0.0,0.0,1.0,1.0,0.0
1,130,9.089081395430076,6.951194559614654,0.0,1.0,0.0,0.0,1.0,0.0
2,130,7.931007589541683,5.319061208068439,0.0,1.0,1.0,1.0,0.0,1.0
3,130,8.837673897547607,2.797733795807772,1.0,0.0,1.0,1.0,0.0,0.0
4,130,8.894641962919813,1.8504249010437768,1.0,0.0,0.0,1.0,0.0,0.0
5,130,9.77885048626869,10.827167764583283,0.0,0.0,1.0,1.0,0.0,0.0
6,130,1.911145627165595,4.798316886324629,1.0,0.0,0.0,0.0,1.0,0.0
7,130,1.5574061869861846,3.5957746427716084,0.0,1.0,0.0,0.0,1.0,0.0
8,130,12.0,4.89568525120693,0.0,0.0,0.0,0.0,0.0,0.0
9,130,4.290086156932662,9.777988414213445,0.0,0.0,0.0,0.0,0.0,0.0
10,130,11.079829770104986,12.0,0.0,0.0,1.0,1.0,1.0,0.0
11,130,6.932444184526722,5.8112535313556,0.0,0.0,1.0,0.0,0.0,1.0
12,130,1.0440618949282665,2.0493451726264507,1.0,0.0,0.0,1.0,1.0,0.0
13,130,2.0491955389836343,3.5975970189836244,0.0,1.0,1.0,0.0,0.0,1.0
14,130,7.831845444074379,8.015463906006387,1.0,1.0,0.0,0.0,0.0,0.0
15,130,5.197193037875876,7.895303527629953,1.0,1.0,0.0,1.0,1.0,0.0
16,130,12.0,6.442405841083905,0.0,1.0,1.0,0.0,1.0,1.0
17,130,5.631738003504624,10.274906517547546,0.0,0.0,1.0,0.0,0.0,1.0
18,130,9.726302463510423,5.621457469884506,1.0,1.0,0.0,1.0,0.0,0.0
19,130,8.604228708578653,4.844734108369128,0.0,1.0,0.0,0.0,1.0,0.0
20,130,4.799997424192839,3.700782446029202,1.0,1.0,1.0,1.0,1.0,0.0
21,130,9.303963561809445,2.323895695056171,0.0,1.0,0.0,0.0,0.0,0.0
22,130,0.0,8.807639629683514,0.0,0.0,1.0,1.0,0.0,0.0
23,130,2.36651936874001,10.929589965480885,0.0,0.0,0.0,0.0,1.0,1.0
24,130,2.675803816915754,7.774216330898447,1.0,1.0,1.0,0.0,0.0,0.0
25,130,9.244044219530954,0.297145156541331,0.0,1.0,0.0,0.0,1.0,1.0
26,130,7.760132144352999,6.336100433398193,1.0,1.0,0.0,1.0,1.0,1.0
27,130,11.154435217543632,3.348893816237282,1.0,0.0,0.0,1.0,0.0,0.0
28,130,0.0,4.157521473894055,0.0,0.0,0.0,0.0,0.0,0.0
29,130,11.064739944043891,5.147035513116642,0.0,0.0,1.0,1.0,0.0,0.0
30,130,11.625930581768053,6.100517252684299,1.0,1.0,0.0,1.0,1.0,0.0
31,130,11.244195559515534,9.256984295836714,1.0,0.0,1.0,1.0,0.0,1.0
32,130,5.329822654826278,0.0,1.0,0.0,0.0,1.0,0.0,0.0
33,130,1.230795306572078,3.440571852483344,0.0,1.0,0.0,1.0,0.0,0.0
34,130,4.419992085880792,5.982914520700432,0.0,1.0,1.0,0.0,1.0,0.0
35,130,9.633133493351004,5.3756122553666685,1.0,0.0,0.0,0.0,0.0,0.0
36,130,12.0,6.274590420808351,0.0,0.0,0.0,0.0,0.0,1.0
37,130,9.241829173829558,7.673245288285394,1.0,0.0,1.0,0.0,1.0,0.0
38,130,0.8478211779267323,8.656826648035828,0.0,0.0,1.0,0.0,0.0,1.0
39,130,4.659248014955352,2.835847702281567,0.0,0.0,1.0,0.0,1.0,1.0
0,135,3.50894463938048,11.00707978137273,0.0,0.0,0.0,1.0,1.0,0.0
1,135,9.105468136213313,6.947760005354485,0.0,1.0,0.0,0.0,1.0,0.0
2,135,7.856213078139181,5.324025088682441,0.0,1.0,1.0,1.0,0.0,1.0
3,135,8.856421091586231,2.819020130846781,1.0,0.0,1.0,1.0,0.0,0.0
4,135,8.875946755547242,1.8263601571176515,1.0,0.0,0.0,1.0,0.0,0.0
5,135,9.707623681865709,10.888400921173435,0.0,0.0,1.0,1.0,0.0,0.0
6,135,1.996249514607089,4.743162099737469,1.0,0.0,0.0,0.0,1.0,0.0
7,135,1.4787479816356126,3.6223833330011352,0.0,1.0,0.0,0.0,1.0,0.0
8,135,12.0,4.9946101543680745,0.0,0.0,0.0,0.0,0.0,0.0
9,135,4.306581888112797,9.830885271599897,0.0,0.0,0.0,0.0,0.0,0.0
10,135,11.052867980204288,12.0,0.0,0.0,1.0,1.0,1.0,0.0
11,135,6.894468240056998,5.771278206816632,0.0,0.0,1.0,0.0,0.0,1.0
12,135,1.0590265590340973,2.065918337604923,1.0,0.0,0.0,1.0,1.0,0.0
13,135,2.1701369710606584,3.569281222835061,0.0,1.0,1.0,0.0,0.0,1.0
14,135,7.890867363517999,8.01545322246289,1.0,1.0,0.0,0.0,0.0,0.0
15,135,5.1356141121631,7.92774981265123,1.0,1.0,0.0,1.0,1.0,0.0
16,135,12.0,6.563507250107058,0.0,1.0,1.0,0.0,1.0,1.0
17,135,5.644321249954441,10.264641433356736,0.0,0.0,1.0,0.0,0.0,1.0
18,135,9.74670803573841,5.547094483965736,1.0,1.0,0.0,1.0,0.0,0.0
19,135,8.46663365684471,4.7859582572312895,0.0,1.0,0.0,0.0,1.0,0.0
20,135,4.76943826602486,3.655950549124547,1.0,1.0,1.0,1.0,1.0,0.0
21,135,9.347715434660085,2.338884534788705,0.0,1.0,0.0,0.0,0.0,0.0
22,135,0.0,8.7972394930855,0.0,0.0,1.0,1.0,0.0,0.0
23,135,2.379179680180428,10.955159894522811,0.0,0.0,0.0,0.0,1.0,1.0
24,135,2.496362922215615,7.766986896873741,1.0,1.0,1.0,0.0,0.0,0.0
25,135,9.260840384491283,0.314235178693875,0.0,1.0,0.0,0.0,1.0,1.0
26,135,7.842518676918517,6.432888504553363,1.0,1.0,0.0,1.0,1.0,1.0
27,135,11.144665304817432,3.3620663465439424,1.0,0.0,0.0,1.0,0.0,0.0
28,135,0.0,4.192625562069315,0.0,0.0,0.0,0.0,0.0,0.0
29,135,11.065946271893528,5.095270456503648,0.0,0.0,1.0,1.0,0.0,0.0
30,135,11.506397658526538,6.03109891222876,1.0,1.0,0.0,1.0,1.0,0.0
31,135,11.283513475943174,9.201281903329244,1.0,0.0,1.0,1.0,0.0,1.0
32,135,5.275030620822019,0.0,1.0,0.0,0.0,1.0,0.0,0.0
33,135,1.204341729755579,3.471048930850936,0.0,1.0,0.0,1.0,0.0,0.0
34,135,4.425994380695029,5.955921677472549,0.0,1.0,1.0,0.0,1.0,0.0
35,135,9.60111523065823,5.337680216670191,1.0,0.0,0.0,0.0,0.0,0.0
36,135,12.0,6.30140481839875,0.0,0.0,0.0,0.0,0.0,1.0
37,135,9.2071193855337,7.656851720509241,1.0,0.0,1.0,0.0,1.0,0.0
38,135,0.8169465944002581,8.700693202492014,0.0,0.0,1.0,0.0,0.0,1.0
39,135,4.6554237668550735,2.842932539844639,0.0,0.0,1.0,0.0,1.0,1.0
0,140,3.4733714259675303,11.033275119489527,0.0,0.0,0.0,1.0,1.0,0.0
1,140,9.12772108777974,6.942912530158414,0.0,1.0,0.0,0.0,1.0,0.0
2,140,7.791220927745165,5.328052311053043,0.0,1.0,1.0,1.0,0.0,1.0
3,140,8.875710188384135,2.8407704266388136,1.0,0.0,1.0,1.0,0.0,0.0
4,140,8.85947671959152,1.805888596456033,1.0,0.0,0.0,1.0,0.0,0.0
5,140,9.604011619757346,10.976145545776305,0.0,0.0,1.0,1.0,0.0,0.0
6,140,2.093788942881756,4.679462182219211,1.0,0.0,0.0,0.0,1.0,0.0
7,140,1.3764647734763158,3.6595277733435454,0.0,1.0,0.0,0.0,1.0,0.0
8,140,12.0,5.095941772217108,0.0,0.0,0.0,0.0,0.0,0.0
9,140,4.326281767480936,9.892253679222597,0.0,0.0,0.0,0.0,0.0,0.0
10,140,11.039575966210448,11.962352492167442,0.0,0.0,1.0,1.0,1.0,0.0
11,140,6.857350416051147,5.731381133805909,0.0,0.0,1.0,0.0,0.0,1.0
12,140,1.1006994714546414,2.115964711302077,1.0,0.0,0.0,1.0,1.0,0.0
13,140,2.290100513707348,3.542576208446035,0.0,1.0,1.0,0.0,0.0,1.0
14,140,7.9453303498969134,8.014886754568328,1.0,1.0,0.0,0.0,0.0,0.0
15,140,5.078688736248683,7.958492423709695,1.0,1.0,0.0,1.0,1.0,0.0
16,140,12.0,6.677888364808833,0.0,1.0,1.0,0.0,1.0,1.0
17,140,5.636314371179605,10.27102263843295,0.0,0.0,1.0,0.0,0.0,1.0
18,140,9.761586432934545,5.486666004452999,1.0,1.0,0.0,1.0,0.0,0.0
19,140,8.351186881690168,4.734899877098842,0.0,1.0,0.0,0.0,1.0,0.0
20,140,4.7316180366698655,3.5955254982859017,1.0,1.0,1.0,1.0,1.0,0.0
21,140,9.403390021766825,2.358013188824068,0.0,1.0,0.0,0.0,0.0,0.0
22,140,0.0,8.784017803904726,0.0,0.0,1.0,1.0,0.0,0.0
23,140,2.382880752337659,10.963243626451758,0.0,0.0,0.0,0.0,1.0,1.0
24,140,2.342227245623377,7.758882074524898,1.0,1.0,1.0,0.0,0.0,0.0
25,140,9.27528637489676,0.32866371277575,0.0,1.0,0.0,0.0,1.0,1.0
26,140,7.916431032337288,6.523274826397197,1.0,1.0,0.0,1.0,1.0,1.0
27,140,11.129685829235484,3.382792473378002,1.0,0.0,0.0,1.0,0.0,0.0
28,140,0.0,4.223753309027405,0.0,0.0,0.0,0.0,0.0,0.0
29,140,11.065782666559908,5.041466066954303,0.0,0.0,1.0,1.0,0.0,0.0
30,140,11.383727041009326,5.95988107965677,1.0,1.0,0.0,1.0,1.0,0.0
31,140,11.30921416414072,9.16541667282821,1.0,0.0,1.0,1.0,0.0,1.0
32,140,5.1908358509083765,0.0,1.0,0.0,0.0,1.0,0.0,0.0
33,140,1.1698258267859725,3.4400324218250145,0.0,1.0,0.0,1.0,0.0,0.0
34,140,4.436203858765585,5.91223399115179,0.0,1.0,1.0,0.0,1.0,0.0
35,140,9.569632581836524,5.298774762352969,1.0,0.0,0.0,0.0,0.0,0.0
36,140,12.0,6.3214628141239695,0.0,0.0,0.0,0.0,0.0,1.0
37,140,9.166832378040509,7.638065834026753,1.0,0.0,1.0,0.0,1.0,0.0
38,140,0.7865580019935842,8.74362236551787,0.0,0.0,1.0,0.0,0.0,1.0
39,140,4.654739107687945,2.8441798094004285,0.0,0.0,1.0,0.0,1.0,1.0
0,145,3.43239015827092,11.065423231708396,0.0,0.0,0.0,1.0,1.0,0.0
1,145,9.1456770336596,6.938719218594805,0.0,1.0,0.0,0.0,1.0,0.0
2,145,7.706920861473007,5.33623462635266,0.0,1.0,1.0,1.0,0.0,1.0
3,145,8.905249773241586,2.870897432470308,1.0,0.0,1.0,1.0,0.0,0.0
4,145,8.84294864896142,1.7857507321786434,1.0,0.0,0.0,1.0,0.0,0.0
5,145,9.503393410365003,11.06205684231221,0.0,0.0,1.0,1.0,0.0,0.0
6,145,2.179765300857105,4.619270618309347,1.0,0.0,0.0,0.0,1.0,0.0
7,145,1.269338861199757,3.696403170702973,0.0,1.0,0.0,0.0,1.0,0.0
8,145,12.0,5.189616067836155,0.0,0.0,0.0,0.0,0.0,0.0
9,145,4.347366666153856,9.96177840178196,0.0,0.0,0.0,0.0,0.0,0.0
10,145,11.029055893236892,11.93244821073525,0.0,0.0,1.0,1.0,1.0,0.0
11,145,6.816664813520121,5.68736796771779,0.0,0.0,1.0,0.0,0.0,1.0
12,145,1.1431649395255596,2.169834909499719,1.0,0.0,0.0,1.0,1.0,0.0
13,145,2.40467409698749,3.518355778622904,0.0,1.0,1.0,0.0,0.0,1.0
14,145,7.990579960519539,8.013275064773126,1.0,1.0,0.0,0.0,0.0,0.0
15,145,5.016768539443039,7.99190811996819,1.0,1.0,0.0,1.0,1.0,0.0
16,145,12.0,6.788567206258813,0.0,1.0,1.0,0.0,1.0,1.0
17,145,5.622661304499329,10.282041479165027,0.0,0.0,1.0,0.0,0.0,1.0
18,145,9.70047582949946,5.4711069675158175,1.0,1.0,0.0,1.0,0.0,0.0
19,145,8.255101653953783,4.690419962351202,0.0,1.0,0.0,0.0,1.0,0.0
20,145,4.695702431558755,3.5412548485317203,1.0,1.0,1.0,1.0,1.0,0.0
21,145,9.449154494931973,2.374576184496376,0.0,1.0,0.0,0.0,0.0,0.0
22,145,0.0,8.774781139601398,0.0,0.0,1.0,1.0,0.0,0.0
23,145,2.3853924758983145,10.968932626330911,0.0,0.0,0.0,0.0,1.0,1.0
24,145,2.193620851435768,7.750855175650706,1.0,1.0,1.0,0.0,0.0,0.0
25,145,9.297549161701502,0.3499038690720273,0.0,1.0,0.0,0.0,1.0,1.0
26,145,7.8218235110575804,6.602052142946228,1.0,1.0,0.0,1.0,1.0,1.0
27,145,11.109349748382298,3.41017311126743,1.0,0.0,0.0,1.0,0.0,0.0
28,145,0.0,4.265400549769553,0.0,0.0,0.0,0.0,0.0,0.0
29,145,11.065820954270825,4.997200899630864,0.0,0.0,1.0,1.0,0.0,0.0
30,145,11.25714591719914,5.886876503670194,1.0,1.0,0.0,1.0,1.0,0.0
31,145,11.33379336399967,9.12887473114385,1.0,0.0,1.0,1.0,0.0,1.0
32,145,5.101522056980563,0.0,1.0,0.0,0.0,1.0,0.0,0.0
33,145,1.1314563750898206,3.4064511376517195,0.0,1.0,0.0,1.0,0.0,0.0
34,145,4.443712051179268,5.87475453458047,0.0,1.0,1.0,0.0,1.0,0.0
35,145,9.529381610894395,5.247763063111241,1.0,0.0,0.0,0.0,0.0,0.0
36,145,12.0,6.339011221837323,0.0,0.0,0.0,0.0,0.0,1.0
37,145,9.12909909404419,7.620501607808039,1.0,0.0,1.0,0.0,1.0,0.0
38,145,0.7439154919086769,8.80377485639936,0.0,0.0,1.0,0.0,0.0,1.0
39,145,4.662089355206113,2.832185008145345,0.0,0.0,1.0,0.0,1.0,1.0
0,150,3.3961813318149026,11.095433828426025,0.0,0.0,0.0,1.0,1.0,0.0
1,150,9.143984797440892,6.9391922225827125,0.0,1.0,0.0,0.0,1.0,0.0
2,150,7.611212679439326,5.346076826094301,0.0,1.0,1.0,1.0,0.0,1.0
3,150,8.948550804860146,2.914232362843358,1.0,0.0,1.0,1.0,0.0,0.0
4,150,8.830371488868382,1.7694790392438378,1.0,0.0,0.0,1.0,0.0,0.0
5,150,9.406720106473209,11.143493732440076,0.0,0.0,1.0,1.0,0.0,0.0
6,150,2.2677797370686315,4.560365587452578,1.0,0.0,0.0,0.0,1.0,0.0
7,150,1.1689811164244386,3.733039713274637,0.0,1.0,0.0,0.0,1.0,0.0
8,150,12.0,5.2931404987499455,0.0,0.0,0.0,0.0,0.0,0.0
9,150,4.37006032610222,10.027618299324669,0.0,0.0,0.0,0.0,0.0,0.0
10,150,11.021785346106665,11.91087749832287,0.0,0.0,1.0,1.0,1.0,0.0
11,150,6.763955039105679,5.6296254517714095,0.0,0.0,1.0,0.0,0.0,1.0
12,150,1.1913387581932544,2.229051713298743,1.0,0.0,0.0,1.0,1.0,0.0
13,150,2.5230731646233777,3.4909706759627177,0.0,1.0,1.0,0.0,0.0,1.0
14,150,8.012407929938302,8.011777337765832,1.0,1.0,0.0,0.0,0.0,0.0
15,150,4.943850087218277,8.032858516441722,1.0,1.0,0.0,1.0,1.0,0.0
16,150,12.0,6.892017507491524,0.0,1.0,1.0,0.0,1.0,1.0
17,150,5.614004995882525,10.288950409060432,0.0,0.0,1.0,0.0,0.0,1.0
18,150,9.645395867796616,5.458661852704549,1.0,1.0,0.0,1.0,0.0,0.0
19,150,8.162138477461314,4.646700993835595,0.0,1.0,0.0,0.0,1.0,0.0
20,150,4.6618535992898895,3.486024983557497,1.0,1.0,1.0,1.0,1.0,0.0
21,150,9.479899372356613,2.386583187265564,0.0,1.0,0.0,0.0,0.0,0.0
22,150,0.0,8.76441797816307,0.0,0.0,1.0,1.0,0.0,0.0
23,150,2.39096161331353,10.980962050451335,0.0,0.0,0.0,0.0,1.0,1.0
24,150,2.035595071144667,7.745763243154664,1.0,1.0,1.0,0.0,0.0,0.0
25,150,9.308849203209638,0.3599119943429368,0.0,1.0,0.0,0.0,1.0,1.0
26,150,7.720255586493391,6.688670136916371,1.0,1.0,0.0,1.0,1.0,1.0
27,150,11.094382487226996,3.43039451276286,1.0,0.0,0.0,1.0,0.0,0.0
28,150,0.0421669613760117,4.370525527636763,0.0,0.0,0.0,0.0,0.0,0.0
29,150,11.065934495755789,4.959181213769433,0.0,0.0,1.0,1.0,0.0,0.0
30,150,11.135975516571548,5.817807782780851,1.0,1.0,0.0,1.0,1.0,0.0
31,150,11.362158606849151,9.08577405975655,1.0,0.0,1.0,1.0,0.0,1.0
32,150,5.001736068460945,0.0,1.0,0.0,0.0,1.0,0.0,0.0
33,150,1.0934177257964088,3.374063772654574,0.0,1.0,0.0,1.0,0.0,0.0
34,150,4.455512950215764,5.819676990969461,0.0,1.0,1.0,0.0,1.0,0.0
35,150,9.490644561112838,5.199954745338749,1.0,0.0,0.0,0.0,0.0,0.0
36,150,12.0,6.35070752624334,0.0,0.0,0.0,0.0,0.0,1.0
37,150,9.090012828482916,7.602372229025533,1.0,0.0,1.0,0.0,1.0,0.0
38,150,0.7090333327068504,8.854122801644987,0.0,0.0,1.0,0.0,0.0,1.0
39,150,4.67231227075846,2.815746802340337,0.0,0.0,1.0,0.0,1.0,1.0
0,155,3.357488520385544,11.128205904571075,0.0,0.0,0.0,1.0,1.0,0.0
1,155,9.153109012119018,6.936670017527186,0.0,1.0,0.0,0.0,1.0,0.0
2,155,7.524101278042481,5.355459628381677,0.0,1.0,1.0,1.0,0.0,1.0
3,155,8.97942286701684,2.9463033049461647,1.0,0.0,1.0,1.0,0.0,0.0
4,155,8.826751900515033,1.7647700638675925,1.0,0.0,0.0,1.0,0.0,0.0
5,155,9.296544748988245,11.236627377047013,0.0,0.0,1.0,1.0,0.0,0.0
6,155,2.3450948915535537,4.508870028107848,1.0,0.0,0.0,0.0,1.0,0.0
7,155,1.0608826845371002,3.7743030238859903,0.0,1.0,0.0,0.0,1.0,0.0
8,155,12.0,5.41007148349313,0.0,0.0,0.0,0.0,0.0,0.0
9,155,4.385077933868449,10.073206285021543,0.0,0.0,0.0,0.0,0.0,0.0
10,155,11.009108208430998,11.87380937209488,0.0,0.0,1.0,1.0,1.0,0.0
11,155,6.696534313200066,5.558034721068519,0.0,0.0,1.0,0.0,0.0,1.0
12,155,1.2405779851893008,2.290287430709389,1.0,0.0,0.0,1.0,1.0,0.0
13,155,2.655373784219934,3.4579553473841,0.0,1.0,1.0,0.0,0.0,1.0
14,155,8.020899224022136,8.011088309219836,1.0,1.0,0.0,0.0,0.0,0.0
15,155,4.869089845587959,8.073561262799752,1.0,1.0,0.0,1.0,1.0,0.0
16,155,12.0,6.980976010824368,0.0,1.0,1.0,0.0,1.0,1.0
17,155,5.594940449799052,10.303946430258849,0.0,0.0,1.0,0.0,0.0,1.0
18,155,9.572538744939733,5.444702656081802,1.0,1.0,0.0,1.0,0.0,0.0
19,155,8.055032841608087,4.597043267404265,0.0,1.0,0.0,0.0,1.0,0.0
20,155,4.617014224208482,3.41081625646051,1.0,1.0,1.0,1.0,1.0,0.0
21,155,9.49500436147224,2.391964209076379,0.0,1.0,0.0,0.0,0.0,0.0
22,155,0.0,8.752604226109266,0.0,0.0,1.0,1.0,0.0,0.0
23,155,2.384792314800557,10.96811138125642,0.0,0.0,0.0,0.0,1.0,1.0
24,155,1.8995675919493409,7.741889047750631,1.0,1.0,1.0,0.0,0.0,0.0
25,155,9.31946794406748,0.3693482798770318,0.0,1.0,0.0,0.0,1.0,1.0
26,155,7.603403081662901,6.789992867945541,1.0,1.0,0.0,1.0,1.0,1.0
27,155,11.082075988285832,3.447015044725679,1.0,0.0,0.0,1.0,0.0,0.0
28,155,0.0913217840529758,4.484160096523957,0.0,0.0,0.0,0.0,0.0,0.0
29,155,11.064601220386685,4.891049809312738,0.0,0.0,1.0,1.0,0.0,0.0
30,155,11.004050153873791,5.737912767270478,1.0,1.0,0.0,1.0,1.0,0.0
31,155,11.399559023393476,9.028121909104357,1.0,0.0,1.0,1.0,0.0,1.0
32,155,4.904773556629385,0.0,1.0,0.0,0.0,1.0,0.0,0.0
33,155,1.0448553592604577,3.332232638593949,0.0,1.0,0.0,1.0,0.0,0.0
34,155,4.474504243566297,5.730819837581346,0.0,1.0,1.0,0.0,1.0,0.0
35,155,9.45048423116503,5.150435201587545,1.0,0.0,0.0,0.0,0.0,0.0
36,155,12.0,6.363687144589405,0.0,0.0,0.0,0.0,0.0,1.0
37,155,9.05358678279075,7.586123652478428,1.0,0.0,1.0,0.0,1.0,0.0
38,155,0.664673209128198,8.920085397932553,0.0,0.0,1.0,0.0,0.0,1.0
39,155,4.6834046510780025,2.7979163561546194,0.0,0.0,1.0,0.0,1.0,1.0
0,160,3.3300828730154355,11.151417020867552,0.0,0.0,0.0,1.0,1.0,0.0
1,160,9.171770599529228,6.931352388858932,0.0,1.0,0.0,0.0,1.0,0.0
2,160,7.461384709815724,5.362276128706813,0.0,1.0,1.0,1.0,0.0,1.0
3,160,8.99368791721451,2.9611436035530683,1.0,0.0,1.0,1.0,0.0,0.0
4,160,8.825527777025194,1.7633249504285522,1.0,0.0,0.0,1.0,0.0,0.0
5,160,9.19065298061246,11.326921299959828,0.0,0.0,1.0,1.0,0.0,0.0
6,160,2.426456774746201,4.457295437755515,1.0,0.0,0.0,0.0,1.0,0.0
7,160,0.919317696646661,3.825991748631221,0.0,1.0,0.0,0.0,1.0,0.0
8,160,12.0,5.513276061711141,0.0,0.0,0.0,0.0,0.0,0.0
9,160,4.403576533838928,10.132829803216596,0.0,0.0,0.0,0.0,0.0,0.0
10,160,10.99559174184825,11.83542054235655,0.0,0.0,1.0,1.0,1.0,0.0
11,160,6.626482471350242,5.483554378097311,0.0,0.0,1.0,0.0,0.0,1.0
12,160,1.291934947379162,2.355136980776612,1.0,0.0,0.0,1.0,1.0,0.0
13,160,2.8012509605609406,3.4203881454326632,0.0,1.0,1.0,0.0,0.0,1.0
14,160,8.035065817629395,8.009669613835838,1.0,1.0,0.0,0.0,0.0,0.0
15,160,4.7822577564853965,8.122307014989305,1.0,1.0,0.0,1.0,1.0,0.0
16,160,12.0,7.070450658995323,0.0,1.0,1.0,0.0,1.0,1.0
17,160,5.574020405141456,10.32013937354432,0.0,0.0,1.0,0.0,0.0,1.0
18,160,9.49131364185285,5.430986015515507,1.0,1.0,0.0,1.0,0.0,0.0
19,160,7.952770204245158,4.549972858030623,0.0,1.0,0.0,0.0,1.0,0.0
20,160,4.574654271592695,3.3373263119588303,1.0,1.0,1.0,1.0,1.0,0.0
21,160,9.52221369569642,2.4013675002204384,0.0,1.0,0.0,0.0,0.0,0.0
22,160,0.0,8.745299441239885,0.0,0.0,1.0,1.0,0.0,0.0
23,160,2.3851767725199045,10.968940788874027,0.0,0.0,0.0,0.0,1.0,1.0
24,160,1.7505404013534998,7.736188394073199,1.0,1.0,1.0,0.0,0.0,0.0
25,160,9.336653414073735,0.3848953071358639,0.0,1.0,0.0,0.0,1.0,1.0
26,160,7.500425513238087,6.886810559297079,1.0,1.0,0.0,1.0,1.0,1.0
27,160,11.076127585241602,3.454856693022906,1.0,0.0,0.0,1.0,0.0,0.0
28,160,0.1393926935117036,4.592319034146298,0.0,0.0,0.0,0.0,0.0,0.0
29,160,11.063122320401355,4.817128472296061,0.0,0.0,1.0,1.0,0.0,0.0
30,160,10.888346935702383,5.66835864627079,1.0,1.0,0.0,1.0,1.0,0.0
31,160,11.432108292784616,8.974916208424698,1.0,0.0,1.0,1.0,0.0,1.0
32,160,4.804891488035098,0.0,1.0,0.0,0.0,1.0,0.0,0.0
33,160,1.0081971031975443,3.29864596292628,0.0,1.0,0.0,1.0,0.0,0.0
34,160,4.489173161955322,5.655388374611173,0.0,1.0,1.0,0.0,1.0,0.0
35,160,9.401862851881102,5.090721737688355,1.0,0.0,0.0,0.0,0.0,0.0
36,160,12.0,6.371227827869456,0.0,0.0,0.0,0.0,0.0,1.0
37,160,9.010040867769089,7.566270797189665,1.0,0.0,1.0,0.0,1.0,0.0
38,160,0.7326958266631183,8.96584532674249,0.0,0.0,1.0,0.0,0.0,1.0
39,160,4.703553219588441,2.7660525375578917,0.0,0.0,1.0,0.0,1.0,1.0
0,165,3.303885289576308,11.17315292734221,0.0,0.0,0.0,1.0,1.0,0.0
1,165,9.174127315421671,6.930663618543203,0.0,1.0,0.0,0.0,1.0,0.0
2,165,7.398026311106653,5.370245906005079,0.0,1.0,1.0,1.0,0.0,1.0
3,165,9.016066705213763,2.983978805016187,1.0,0.0,1.0,1.0,0.0,0.0
4,165,8.84740140124059,1.7910212966529255,1.0,0.0,0.0,1.0,0.0,0.0
5,165,9.0910803891088,11.41075711761193,0.0,0.0,1.0,1.0,0.0,0.0
6,165,2.50238874957664,4.4091348813476845,1.0,0.0,0.0,0.0,1.0,0.0
7,165,0.7607082327386162,3.8855141581621018,0.0,1.0,0.0,0.0,1.0,0.0
8,165,12.0,5.6197191172734025,0.0,0.0,0.0,0.0,0.0,0.0
9,165,4.418330200654017,10.182527181132071,0.0,0.0,0.0,0.0,0.0,0.0
10,165,10.977048149053427,11.77741637675198,0.0,0.0,1.0,1.0,1.0,0.0
11,165,6.555266389024948,5.405731592475868,0.0,0.0,1.0,0.0,0.0,1.0
12,165,1.365748476610083,2.452357686806266,1.0,0.0,0.0,1.0,1.0,0.0
13,165,2.9709996599033826,3.3757705846692536,0.0,1.0,1.0,0.0,0.0,1.0
14,165,8.051014728045951,8.008099493888515,1.0,1.0,0.0,0.0,0.0,0.0
15,165,4.708266013855311,8.162770257648242,1.0,1.0,0.0,1.0,1.0,0.0
16,165,12.0,7.145735194064985,0.0,1.0,1.0,0.0,1.0,1.0
17,165,5.546199995444884,10.341147807012923,0.0,0.0,1.0,0.0,0.0,1.0
18,165,9.392318293018509,5.413800657253958,1.0,1.0,0.0,1.0,0.0,0.0
19,165,7.839863728293788,4.496907018720156,0.0,1.0,0.0,0.0,1.0,0.0
20,165,4.521307303223815,3.24514235969673,1.0,1.0,1.0,1.0,1.0,0.0
21,165,9.539732718110947,2.406956417355018,0.0,1.0,0.0,0.0,0.0,0.0
22,165,0.0,8.740265782157548,0.0,0.0,1.0,1.0,0.0,0.0
23,165,2.387500870338117,10.974220897644472,0.0,0.0,0.0,0.0,1.0,1.0
24,165,1.6114615727570218,7.732870492631728,1.0,1.0,1.0,0.0,0.0,0.0
25,165,9.35741532735243,0.4030709588079354,0.0,1.0,0.0,0.0,1.0,1.0
26,165,7.398217007513267,6.978395159433309,1.0,1.0,0.0,1.0,1.0,1.0
27,165,11.07322546604912,3.4586698531280904,1.0,0.0,0.0,1.0,0.0,0.0
28,165,0.1794270528825869,4.685494411498787,0.0,0.0,0.0,0.0,0.0,0.0
29,165,11.060931832530285,4.731838284248968,0.0,0.0,1.0,1.0,0.0,0.0
30,165,10.776095725118028,5.603423201550238,1.0,1.0,0.0,1.0,1.0,0.0
31,165,11.45303689920965,8.940981119760504,1.0,0.0,1.0,1.0,0.0,1.0
32,165,4.710179364387838,0.0,1.0,0.0,0.0,1.0,0.0,0.0
33,165,0.9677823536336616,3.261122043536613,0.0,1.0,0.0,1.0,0.0,0.0
34,165,4.50455510197129,5.561133260820681,0.0,1.0,1.0,0.0,1.0,0.0
35,165,9.333911741825895,5.009641258443361,1.0,0.0,0.0,0.0,0.0,0.0
36,165,11.99794870254518,6.370213723508096,0.0,0.0,0.0,0.0,0.0,1.0
37,165,8.9730160673347,7.549700329948489,1.0,0.0,1.0,0.0,1.0,0.0
38,165,0.7989059649138833,9.008448920608542,0.0,0.0,1.0,0.0,0.0,1.0
39,165,4.727227756435655,2.729083689228156,0.0,0.0,1.0,0.0,1.0,1.0
0,170,3.275751367095706,11.196251370593505,0.0,0.0,0.0,1.0,1.0,0.0
1,170,9.180248561351217,6.928911338033224,0.0,1.0,0.0,0.0,1.0,0.0
2,170,7.342384133635709,5.378584454090644,0.0,1.0,1.0,1.0,0.0,1.0
3,170,8.98766540150537,3.0129122888584203,1.0,0.0,1.0,1.0,0.0,0.0
4,170,8.864785505740825,1.813357913096268,1.0,0.0,0.0,1.0,0.0,0.0
5,170,9.009886937323026,11.477734942618298,0.0,0.0,1.0,1.0,0.0,0.0
6,170,2.5575142083203786,4.373287775042109,1.0,0.0,0.0,0.0,1.0,0.0
7,170,0.58564887043229,3.9494421716796153,0.0,1.0,0.0,0.0,1.0,0.0
8,170,12.0,5.732594772783807,0.0,0.0,0.0,0.0,0.0,0.0
9,170,4.432181012267051,10.226254023859015,0.0,0.0,0.0,0.0,0.0,0.0
10,170,10.951722326308987,11.69920308113315,0.0,0.0,1.0,1.0,1.0,0.0
11,170,6.501737408201461,5.342149909227745,0.0,0.0,1.0,0.0,0.0,1.0
12,170,1.448088536099272,2.562221690231821,1.0,0.0,0.0,1.0,1.0,0.0
13,170,3.1424497561806866,3.3236596148751367,0.0,1.0,1.0,0.0,0.0,1.0
14,170,8.051337884769206,8.008065355831404,1.0,1.0,0.0,0.0,0.0,0.0
15,170,4.658527516305368,8.190143598512128,1.0,1.0,0.0,1.0,1.0,0.0
16,170,12.0,7.226062008317249,0.0,1.0,1.0,0.0,1.0,1.0
17,170,5.508312327567515,10.37060936073357,0.0,0.0,1.0,0.0,0.0,1.0
18,170,9.309135690858596,5.399156963431495,1.0,1.0,0.0,1.0,0.0,0.0
19,170,7.714387763162285,4.431291710838528,0.0,1.0,0.0,0.0,1.0,0.0
20,170,4.472009705347396,3.1493050947989727,1.0,1.0,1.0,1.0,1.0,0.0
21,170,9.564530259869487,2.415212441444329,0.0,1.0,0.0,0.0,0.0,0.0
22,170,0.0,8.735833218392793,0.0,0.0,1.0,1.0,0.0,0.0
23,170,2.396718272257804,10.995165149179604,0.0,0.0,0.0,0.0,1.0,1.0
24,170,1.47020296744279,7.728287442685154,1.0,1.0,1.0,0.0,0.0,0.0
25,170,9.383043867091953,0.4262476481098877,0.0,1.0,0.0,0.0,1.0,1.0
26,170,7.297875259019403,7.068559099075188,1.0,1.0,0.0,1.0,1.0,1.0
27,170,11.067342051543536,3.4665250001224344,1.0,0.0,0.0,1.0,0.0,0.0
28,170,0.221613681718126,4.776435860142118,0.0,0.0,0.0,0.0,0.0,0.0
29,170,11.061053250966552,4.656138870230993,0.0,0.0,1.0,1.0,0.0,0.0
30,170,10.65068236662145,5.531205327657664,1.0,1.0,0.0,1.0,1.0,0.0
31,170,11.463446358731604,8.924545329237493,1.0,0.0,1.0,1.0,0.0,1.0
32,170,4.622147594288472,0.0,1.0,0.0,0.0,1.0,0.0,0.0
33,170,0.920275213762018,3.2180024674661394,0.0,1.0,0.0,1.0,0.0,0.0
34,170,4.518755530418358,5.470832684088688,0.0,1.0,1.0,0.0,1.0,0.0
35,170,9.272483920167202,4.935747716830556,1.0,0.0,0.0,0.0,0.0,0.0
36,170,11.998562136639636,6.370519577173996,0.0,0.0,0.0,0.0,0.0,1.0
37,170,8.914909489497669,7.524193875194123,1.0,0.0,1.0,0.0,1.0,0.0
38,170,0.8640468323875307,9.051986293623994,0.0,0.0,1.0,0.0,0.0,1.0
39,170,4.761957426498324,2.7519028466047666,0.0,0.0,1.0,0.0,1.0,1.0
0,175,3.247403965593808,11.220353671983096,0.0,0.0,0.0,1.0,1.0,0.0
1,175,9.163388647213932,6.933825168710972,0.0,1.0,0.0,0.0,1.0,0.0
2,175,7.267622792326632,5.390004927848958,0.0,1.0,1.0,1.0,0.0,1.0
3,175,8.965742570905263,3.0350771837503827,1.0,0.0,1.0,1.0,0.0,0.0
4,175,8.88195508356956,1.834751526339067,1.0,0.0,0.0,1.0,0.0,0.0
5,175,8.926845713871096,11.5456741061273,0.0,0.0,1.0,1.0,0.0,0.0
6,175,2.6199136672581127,4.332414604960391,1.0,0.0,0.0,0.0,1.0,0.0
7,175,0.4041035115042568,4.015940904013134,0.0,1.0,0.0,0.0,1.0,0.0
8,175,12.0,5.8353152318346,0.0,0.0,0.0,0.0,0.0,0.0
9,175,4.450905749331312,10.285142936885896,0.0,0.0,0.0,0.0,0.0,0.0
10,175,10.936606568655892,11.647431433655962,0.0,0.0,1.0,1.0,1.0,0.0
11,175,6.456877249652486,5.288557766094051,0.0,0.0,1.0,0.0,0.0,1.0
12,175,1.5160794957725954,2.6596368790781,1.0,0.0,0.0,1.0,1.0,0.0
13,175,3.311119797932349,3.2703963711589665,0.0,1.0,1.0,0.0,0.0,1.0
14,175,8.056323801618962,8.00753889552595,1.0,1.0,0.0,0.0,0.0,0.0
15,175,4.603384067958163,8.219774042593585,1.0,1.0,0.0,1.0,1.0,0.0
16,175,12.0,7.305148491408601,0.0,1.0,1.0,0.0,1.0,1.0
17,175,5.460793914931491,10.40452148450621,0.0,0.0,1.0,0.0,0.0,1.0
18,175,9.222675744644611,5.382189935295435,1.0,1.0,0.0,1.0,0.0,0.0
19,175,7.569686570861862,4.348627184054783,0.0,1.0,0.0,0.0,1.0,0.0
20,175,4.435457314922136,3.07634741918409,1.0,1.0,1.0,1.0,1.0,0.0
21,175,9.611132586933728,2.428540738830759,0.0,1.0,0.0,0.0,0.0,0.0
22,175,0.0,8.733053562606313,0.0,0.0,1.0,1.0,0.0,0.0
23,175,2.397326441651533,10.996560531616645,0.0,0.0,0.0,0.0,1.0,1.0
24,175,1.3529655711927455,7.7241322653559665,1.0,1.0,1.0,0.0,0.0,0.0
25,175,9.41571799604564,0.454600748934603,0.0,1.0,0.0,0.0,1.0,1.0
26,175,7.205446336801707,7.152069707513,1.0,1.0,0.0,1.0,1.0,1.0
27,175,11.06110844158819,3.4748336292929745,1.0,0.0,0.0,1.0,0.0,0.0
28,175,0.2647732640368573,4.868401916452799,0.0,0.0,0.0,0.0,0.0,0.0
29,175,11.061433879036406,4.555725040614703,0.0,0.0,1.0,1.0,0.0,0.0
30,175,10.53414181269431,5.460549665195235,1.0,1.0,0.0,1.0,1.0,0.0
31,175,11.469393399799513,8.914978223700269,1.0,0.0,1.0,1.0,0.0,1.0
32,175,4.537825198461623,0.0,1.0,0.0,0.0,1.0,0.0,0.0
33,175,0.8791993271987256,3.1827730870814395,0.0,1.0,0.0,1.0,0.0,0.0
34,175,4.53178554614964,5.385678580090544,0.0,1.0,1.0,0.0,1.0,0.0
35,175,9.216684362164695,4.865341561114625,1.0,0.0,0.0,0.0,0.0,0.0
36,175,12.0,6.374338405929195,0.0,0.0,0.0,0.0,0.0,1.0
37,175,8.876164362484126,7.506995743852165,1.0,0.0,1.0,0.0,1.0,0.0
38,175,0.9207605301348604,9.089673430557609,0.0,0.0,1.0,0.0,0.0,1.0
39,175,4.791763234531048,2.7717730893130543,0.0,0.0,1.0,0.0,1.0,1.0
0,180,3.2155314722622195,11.247237314397884,0.0,0.0,0.0,1.0,1.0,0.0
1,180,9.136081399034987,6.942431445245067,0.0,1.0,0.0,0.0,1.0,0.0
2,180,7.215146556063212,5.397097664394303,0.0,1.0,1.0,1.0,0.0,1.0
3,180,8.934471957722238,3.0643608451724957,1.0,0.0,1.0,1.0,0.0,0.0
4,180,8.880777540995588,1.833307776147845,1.0,0.0,0.0,1.0,0.0,0.0
5,180,8.835230872775336,11.620069705340429,0.0,0.0,1.0,1.0,0.0,0.0
6,180,2.67666662819444,4.293989233473754,1.0,0.0,0.0,0.0,1.0,0.0
7,180,0.240655766503472,4.079958686067774,0.0,1.0,0.0,0.0,1.0,0.0
8,180,12.0,5.926060084220984,0.0,0.0,0.0,0.0,0.0,0.0
9,180,4.466088491647913,10.329284047999884,0.0,0.0,0.0,0.0,0.0,0.0
10,180,10.91662420935812,11.581853127021605,0.0,0.0,1.0,1.0,1.0,0.0
11,180,6.429171861772421,5.253153082426477,0.0,0.0,1.0,0.0,0.0,1.0
12,180,1.5835334447097476,2.7517141502427647,1.0,0.0,0.0,1.0,1.0,0.0
13,180,3.489982478732257,3.2160820249159348,0.0,1.0,1.0,0.0,0.0,1.0
14,180,8.049065532907132,8.008441350863617,1.0,1.0,0.0,0.0,0.0,0.0
15,180,4.5107953838597,8.266089451125005,1.0,1.0,0.0,1.0,1.0,0.0
16,180,12.0,7.395214155892789,0.0,1.0,1.0,0.0,1.0,1.0
17,180,5.420770083846541,10.433731224343394,0.0,0.0,1.0,0.0,0.0,1.0
18,180,9.147863345472008,5.368092115593884,1.0,1.0,0.0,1.0,0.0,0.0
19,180,7.421298499344076,4.266214325042225,0.0,1.0,0.0,0.0,1.0,0.0
20,180,4.403770807269791,3.0101133326682348,1.0,1.0,1.0,1.0,1.0,0.0
21,180,9.60150580641134,2.4636400279678266,0.0,1.0,0.0,0.0,0.0,0.0
22,180,0.0,8.734008888026745,0.0,0.0,1.0,1.0,0.0,0.0
23,180,2.394808057646195,10.990876832339584,0.0,0.0,0.0,0.0,1.0,1.0
24,180,1.2311816696660391,7.716562267050081,1.0,1.0,1.0,0.0,0.0,0.0
25,180,9.447925275647131,0.4807089889293715,0.0,1.0,0.0,0.0,1.0,1.0
26,180,7.108359383465839,7.241677156230639,1.0,1.0,0.0,1.0,1.0,1.0
27,180,11.045559830584503,3.495911933598668,1.0,0.0,0.0,1.0,0.0,0.0
28,180,0.3092653322933331,4.961932270712023,0.0,0.0,0.0,0.0,0.0,0.0
29,180,11.06618709446716,4.432644351472541,0.0,0.0,1.0,1.0,0.0,0.0
30,180,10.412950515159864,5.38630558861443,1.0,1.0,0.0,1.0,1.0,0.0
31,180,11.470488687092418,8.913162917025385,1.0,0.0,1.0,1.0,0.0,1.0
32,180,4.436384738729674,0.0,1.0,0.0,0.0,1.0,0.0,0.0
33,180,0.8538417727035659,3.159897112478205,0.0,1.0,0.0,1.0,0.0,0.0
34,180,4.63697276105378,5.401087499139449,0.0,1.0,1.0,0.0,1.0,0.0
35,180,9.160200870083292,4.798675258443034,1.0,0.0,0.0,0.0,0.0,0.0
36,180,12.0,6.378202506604682,0.0,0.0,0.0,0.0,0.0,1.0
37,180,8.846583589400959,7.494082104006521,1.0,0.0,1.0,0.0,1.0,0.0
38,180,0.9807854497855456,9.128797961255032,0.0,0.0,1.0,0.0,0.0,1.0
39,180,4.816974762665411,2.787301115929329,0.0,0.0,1.0,0.0,1.0,1.0
0,185,3.1861109576854445,11.27162432148968,0.0,0.0,0.0,1.0,1.0,0.0
1,185,9.096636665304793,6.955089347548545,0.0,1.0,0.0,0.0,1.0,0.0
2,185,7.168876394937388,5.402715461691971,0.0,1.0,1.0,1.0,0.0,1.0
3,185,8.90111531320532,3.0960177798462136,1.0,0.0,1.0,1.0,0.0,0.0
4,185,8.870674276273403,1.821324949021038,1.0,0.0,0.0,1.0,0.0,0.0
5,185,8.751729557269277,11.687594495212208,0.0,0.0,1.0,1.0,0.0,0.0
6,185,2.740281073173325,4.250735222535584,1.0,0.0,0.0,0.0,1.0,0.0
7,185,0.0734136000775681,4.143894929142267,0.0,1.0,0.0,0.0,1.0,0.0
8,185,12.0,6.012658606432352,0.0,0.0,0.0,0.0,0.0,0.0
9,185,4.480635009027732,10.373921349460518,0.0,0.0,0.0,0.0,0.0,0.0
10,185,10.89227845809076,11.502581172499172,0.0,0.0,1.0,1.0,1.0,0.0
11,185,6.407918070332157,5.225306279781563,0.0,0.0,1.0,0.0,0.0,1.0
12,185,1.6659942387678843,2.867371674056177,1.0,0.0,0.0,1.0,1.0,0.0
13,185,3.6866137756198127,3.1543583988785158,0.0,1.0,1.0,0.0,0.0,1.0
14,185,8.043536429145584,8.009108999168614,1.0,1.0,0.0,0.0,0.0,0.0
15,185,4.4341821450630405,8.307019422175136,1.0,1.0,0.0,1.0,1.0,0.0
16,185,12.0,7.480374028404178,0.0,1.0,1.0,0.0,1.0,1.0
17,185,5.398040204351108,10.450124530646724,0.0,0.0,1.0,0.0,0.0,1.0
18,185,9.074968840013977,5.353893967207708,1.0,1.0,0.0,1.0,0.0,0.0
19,185,7.276621542481615,4.184299797104841,0.0,1.0,0.0,0.0,1.0,0.0
20,185,4.3845886663110605,2.9685856676929734,1.0,1.0,1.0,1.0,1.0,0.0
21,185,9.599818685061727,2.469474057406949,0.0,1.0,0.0,0.0,0.0,0.0
22,185,0.0,8.736077444343227,0.0,0.0,1.0,1.0,0.0,0.0
23,185,2.3907207279064746,10.981652810542204,0.0,0.0,0.0,0.0,1.0,1.0
24,185,1.0817510951997042,7.708971424151112,1.0,1.0,1.0,0.0,0.0,0.0
25,185,9.48091512476387,0.5069203420340317,0.0,1.0,0.0,0.0,1.0,1.0
26,185,7.008702256963366,7.334581741810092,1.0,1.0,0.0,1.0,1.0,1.0
27,185,11.039660526104472,3.50422696039418,1.0,0.0,0.0,1.0,0.0,0.0
28,185,0.3460251819369978,5.050047185751086,0.0,0.0,0.0,0.0,0.0,0.0
29,185,11.07505403475936,4.304280041272683,0.0,0.0,1.0,1.0,0.0,0.0
30,185,10.2883183812769,5.307125007509957,1.0,1.0,0.0,1.0,1.0,0.0
31,185,11.476956794054637,8.902565147922795,1.0,0.0,1.0,1.0,0.0,1.0
32,185,4.338182326578552,0.0,1.0,0.0,0.0,1.0,0.0,0.0
33,185,0.8272424187991924,3.137208517769218,0.0,1.0,0.0,1.0,0.0,0.0
34,185,4.754285891688009,5.418581109661623,0.0,1.0,1.0,0.0,1.0,0.0
35,185,9.102209496964662,4.728563783175638,1.0,0.0,0.0,0.0,0.0,0.0
36,185,12.0,6.384216353518732,0.0,0.0,0.0,0.0,0.0,1.0
37,185,8.81547113752285,7.479645108688806,1.0,0.0,1.0,0.0,1.0,0.0
38,185,1.027836476780081,9.159396514604431,0.0,0.0,1.0,0.0,0.0,1.0
39,185,4.865717519759132,2.8181517991587866,0.0,0.0,1.0,0.0,1.0,1.0
0,190,3.1577455105560155,11.294447530955994,0.0,0.0,0.0,1.0,1.0,0.0
1,190,9.038192508929084,6.974171955880362,0.0,1.0,0.0,0.0,1.0,0.0
2,190,7.125014791057777,5.40756806554992,0.0,1.0,1.0,1.0,0.0,1.0
3,190,8.872899132006333,3.122545353159932,1.0,0.0,1.0,1.0,0.0,0.0
4,190,8.856888095883013,1.8057311795159536,1.0,0.0,0.0,1.0,0.0,0.0
5,190,8.672210505799507,11.7551904918136,0.0,0.0,1.0,1.0,0.0,0.0
6,190,2.7963541224835584,4.210113326170606,1.0,0.0,0.0,0.0,1.0,0.0
7,190,0.0,4.205007309951399,0.0,1.0,0.0,0.0,1.0,0.0
8,190,12.0,6.102959258784378,0.0,0.0,0.0,0.0,0.0,0.0
9,190,4.494276919938104,10.417051396247544,0.0,0.0,0.0,0.0,0.0,0.0
10,190,10.866424773901258,11.425662175101577,0.0,0.0,1.0,1.0,1.0,0.0
11,190,6.399878240725817,5.214418082647311,0.0,0.0,1.0,0.0,0.0,1.0
12,190,1.7390507911567965,2.977280179457279,1.0,0.0,0.0,1.0,1.0,0.0
13,190,3.88910601043724,3.088946200218405,0.0,1.0,1.0,0.0,0.0,1.0
14,190,8.047854464330952,8.008693265167281,1.0,1.0,0.0,0.0,0.0,0.0
15,190,4.368329451746354,8.34361102433016,1.0,1.0,0.0,1.0,1.0,0.0
16,190,12.0,7.578219689224741,0.0,1.0,1.0,0.0,1.0,1.0
17,190,5.374887343390278,10.466569925284698,0.0,0.0,1.0,0.0,0.0,1.0
18,190,9.022963584148872,5.345370459727217,1.0,1.0,0.0,1.0,0.0,0.0
19,190,7.122743725009902,4.096939527693399,0.0,1.0,0.0,0.0,1.0,0.0
20,190,4.350221972853976,2.896832883713406,1.0,1.0,1.0,1.0,1.0,0.0
21,190,9.603623334406796,2.457825190650472,0.0,1.0,0.0,0.0,0.0,0.0
22,190,0.0,8.736966258228126,0.0,0.0,1.0,1.0,0.0,0.0
23,190,2.3906261459426603,10.981429120188771,0.0,0.0,0.0,0.0,1.0,1.0
24,190,0.9399637139410276,7.701449650981879,1.0,1.0,1.0,0.0,0.0,0.0
25,190,9.521130346870867,0.5371355378917467,0.0,1.0,0.0,0.0,1.0,1.0
26,190,6.903722784637356,7.430016308600678,1.0,1.0,0.0,1.0,1.0,1.0
27,190,11.038844121611511,3.505379817801736,1.0,0.0,0.0,1.0,0.0,0.0
28,190,0.3782891424117508,5.123518112872248,0.0,0.0,0.0,0.0,0.0,0.0
29,190,11.085030868547676,4.159787664781448,0.0,0.0,1.0,1.0,0.0,0.0
30,190,10.146382659459004,5.219886894470275,1.0,1.0,0.0,1.0,1.0,0.0
31,190,11.47391943961755,8.907473035895627,1.0,0.0,1.0,1.0,0.0,1.0
32,190,4.2412128270871055,0.0,1.0,0.0,0.0,1.0,0.0,0.0
33,190,0.8084598700635395,3.12068074392752,0.0,1.0,0.0,1.0,0.0,0.0
34,190,4.857328173177334,5.435014740708557,0.0,1.0,1.0,0.0,1.0,0.0
35,190,9.036132020814664,4.649007502681306,1.0,0.0,0.0,0.0,0.0,0.0
36,190,12.0,6.386612964067572,0.0,0.0,0.0,0.0,0.0,1.0
37,190,8.806391391845661,7.475361656649102,1.0,0.0,1.0,0.0,1.0,0.0
38,190,1.0789634206825085,9.19081958960619,0.0,0.0,1.0,0.0,0.0,1.0
39,190,4.926170578029355,2.8570200074718817,0.0,0.0,1.0,0.0,1.0,1.0
0,195,3.113027529525585,11.329539357472722,0.0,0.0,0.0,1.0,1.0,0.0
1,195,8.965900210450593,6.999452582613299,0.0,1.0,0.0,0.0,1.0,0.0
2,195,7.082238471350039,5.413200313615761,0.0,1.0,1.0,1.0,0.0,1.0
3,195,8.848434118060016,3.1462552468565925,1.0,0.0,1.0,1.0,0.0,0.0
4,195,8.843748643462057,1.7898000322647338,1.0,0.0,0.0,1.0,0.0,0.0
5,195,8.587360640718051,11.829548897180818,0.0,0.0,1.0,1.0,0.0,0.0
6,195,2.8600978149054903,4.162246129994435,1.0,0.0,0.0,0.0,1.0,0.0
7,195,0.0,4.26832121103556,0.0,1.0,0.0,0.0,1.0,0.0
8,195,12.0,6.190460025623607,0.0,0.0,0.0,0.0,0.0,0.0
9,195,4.501538922938374,10.441528429635513,0.0,0.0,0.0,0.0,0.0,0.0
10,195,10.83985148328864,11.35215200287606,0.0,0.0,1.0,1.0,1.0,0.0
11,195,6.37974286708623,5.186166169443198,0.0,0.0,1.0,0.0,0.0,1.0
12,195,1.812822861441345,3.085835273884331,1.0,0.0,0.0,1.0,1.0,0.0
13,195,4.107570446160868,3.015788113264724,0.0,1.0,1.0,0.0,0.0,1.0
14,195,8.061634855468435,8.007054830322364,1.0,1.0,0.0,0.0,0.0,0.0
15,195,4.303305808266446,8.38020704261224,1.0,1.0,0.0,1.0,1.0,0.0
16,195,12.0,7.64919650674002,0.0,1.0,1.0,0.0,1.0,1.0
17,195,5.344333141830762,10.48822976259367,0.0,0.0,1.0,0.0,0.0,1.0
18,195,8.97859164450819,5.337476658205859,1.0,1.0,0.0,1.0,0.0,0.0
19,195,6.961936259883637,4.006211266635502,0.0,1.0,0.0,0.0,1.0,0.0
20,195,4.319104836441462,2.826576643809776,1.0,1.0,1.0,1.0,1.0,0.0
21,195,9.598786696034802,2.4730028250655263,0.0,1.0,0.0,0.0,0.0,0.0
22,195,0.0,8.741189485135257,0.0,0.0,1.0,1.0,0.0,0.0
23,195,2.3866862743475896,10.972408085763623,0.0,0.0,0.0,0.0,1.0,1.0
24,195,0.8025774967852148,7.693872183163531,1.0,1.0,1.0,0.0,0.0,0.0
25,195,9.565554335481444,0.5696236050360155,0.0,1.0,0.0,0.0,1.0,1.0
26,195,6.796065885816985,7.52721035820185,1.0,1.0,0.0,1.0,1.0,1.0
27,195,11.028885017279066,3.5189652293904685,1.0,0.0,0.0,1.0,0.0,0.0
28,195,0.4111509603053881,5.197809055384402,0.0,0.0,0.0,0.0,0.0,0.0
29,195,10.9199183432849,4.145926505546121,0.0,0.0,1.0,1.0,0.0,0.0
30,195,10.019460400628052,5.139129130418123,1.0,1.0,0.0,1.0,1.0,0.0
31,195,11.48003240705308,8.89695097489728,1.0,0.0,1.0,1.0,0.0,1.0
32,195,4.1557350052396025,0.0,1.0,0.0,0.0,1.0,0.0,0.0
33,195,0.7837873027693066,3.097727582538552,0.0,1.0,0.0,1.0,0.0,0.0
34,195,4.964883175491967,5.45341358479393,0.0,1.0,1.0,0.0,1.0,0.0
35,195,8.974481677808942,4.575695164895486,1.0,0.0,0.0,0.0,0.0,0.0
36,195,12.0,6.392664333769103,0.0,0.0,0.0,0.0,0.0,1.0
37,195,8.81291097057439,7.478358521391818,1.0,0.0,1.0,0.0,1.0,0.0
38,195,1.1250720265493206,9.220293703731604,0.0,0.0,1.0,0.0,0.0,1.0
39,195,4.980041261520469,2.889075918390952,0.0,0.0,1.0,0.0,1.0,1.0
0,200,3.0667302822920064,11.36644892289938,0.0,0.0,0.0,1.0,1.0,0.0
1,200,8.909545462836908,7.019464651545966,0.0,1.0,0.0,0.0,1.0,0.0
2,200,7.044673184336912,5.418517657064835,0.0,1.0,1.0,1.0,0.0,1.0
3,200,8.814351249717657,3.180155610926374,1.0,0.0,1.0,1.0,0.0,0.0
4,200,8.839928405963377,1.7850974590186768,1.0,0.0,0.0,1.0,0.0,0.0
5,200,8.509853120830638,11.897068741450465,0.0,0.0,1.0,1.0,0.0,0.0
6,200,2.919132957053831,4.118308323366756,1.0,0.0,0.0,0.0,1.0,0.0
7,200,0.0,4.33371734456944,0.0,1.0,0.0,0.0,1.0,0.0
8,200,12.0,6.273164948519868,0.0,0.0,0.0,0.0,0.0,0.0
9,200,4.509124855834799,10.467005696482662,0.0,0.0,0.0,0.0,0.0,0.0
10,200,10.822608357801702,11.299478884509986,0.0,0.0,1.0,1.0,1.0,0.0
11,200,6.357706290557728,5.152988485401376,0.0,0.0,1.0,0.0,0.0,1.0
12,200,1.8890207052565189,3.194903035936016,1.0,0.0,0.0,1.0,1.0,0.0
13,200,4.334308044696219,2.945932691371553,0.0,1.0,1.0,0.0,0.0,1.0
14,200,8.089804160951173,8.003662622819883,1.0,1.0,0.0,0.0,0.0,0.0
15,200,4.251506298979523,8.409736390382534,1.0,1.0,0.0,1.0,1.0,0.0
16,200,12.0,7.723645838899327,0.0,1.0,1.0,0.0,1.0,1.0
17,200,5.320626711003547,10.50509406888131,0.0,0.0,1.0,0.0,0.0,1.0
18,200,8.940531268558123,5.330335500533283,1.0,1.0,0.0,1.0,0.0,0.0
19,200,6.803392816016549,3.920014017206976,0.0,1.0,0.0,0.0,1.0,0.0
20,200,4.293449548396288,2.7697604042811714,1.0,1.0,1.0,1.0,1.0,0.0
21,200,9.59132380269409,2.493586065371637,0.0,1.0,0.0,0.0,0.0,0.0
22,200,0.0,8.742288145224517,0.0,0.0,1.0,1.0,0.0,0.0
23,200,2.3838619872110067,10.965412740968045,0.0,0.0,0.0,0.0,1.0,1.0
24,200,0.6362765234205391,7.683821738388304,1.0,1.0,1.0,0.0,0.0,0.0
25,200,9.63135112548933,0.6185741661311308,0.0,1.0,0.0,0.0,1.0,1.0
26,200,6.685760374158908,7.621503057796003,1.0,1.0,0.0,1.0,1.0,1.0
27,200,11.018414222700624,3.5333738270317907,1.0,0.0,0.0,1.0,0.0,0.0
28,200,0.4504436308227095,5.288685669017635,0.0,0.0,0.0,0.0,0.0,0.0
29,200,10.76399615655468,4.131018779735092,0.0,0.0,1.0,1.0,0.0,0.0
30,200,9.891043416905305,5.060309092939221,1.0,1.0,0.0,1.0,1.0,0.0
31,200,11.484431820620957,8.888687325138442,1.0,0.0,1.0,1.0,0.0,1.0
32,200,4.056224642861011,0.0,1.0,0.0,0.0,1.0,0.0,0.0
33,200,0.7329869590567807,3.0483761407702428,0.0,1.0,0.0,1.0,0.0,0.0
34,200,5.078505616766299,5.472071960035062,0.0,1.0,1.0,0.0,1.0,0.0
35,200,8.903718927618758,4.493935844326566,1.0,0.0,0.0,0.0,0.0,0.0
36,200,12.0,6.400722715966652,0.0,0.0,0.0,0.0,0.0,1.0
37,200,8.825029842319495,7.483609215322182,1.0,0.0,1.0,0.0,1.0,0.0
38,200,1.180964976415883,9.257542843899762,0.0,0.0,1.0,0.0,0.0,1.0
39,200,5.069169627405124,2.9426618349796545,0.0,0.0,1.0,0.0,1.0,1.0
0,205,3.013595857821992,11.409864713064865,0.0,0.0,0.0,1.0,1.0,0.0
1,205,8.84472743591339,7.042027048533451,0.0,1.0,0.0,0.0,1.0,0.0
2,205,6.987508155089893,5.426579138030471,0.0,1.0,1.0,1.0,0.0,1.0
3,205,8.785841741640022,3.2080454996055807,1.0,0.0,1.0,1.0,0.0,0.0
4,205,8.828013347636622,1.7697962501118334,1.0,0.0,0.0,1.0,0.0,0.0
5,205,8.441270398821914,11.95461342527716,0.0,0.0,1.0,1.0,0.0,0.0
6,205,2.9854459586866664,4.065948678111379,1.0,0.0,0.0,0.0,1.0,0.0
7,205,0.0,4.397770015594636,0.0,1.0,0.0,0.0,1.0,0.0
8,205,12.0,6.349302275122563,0.0,0.0,0.0,0.0,0.0,0.0
9,205,4.512827966309928,10.47926122931526,0.0,0.0,0.0,0.0,0.0,0.0
10,205,10.810785023972212,11.267119668641689,0.0,0.0,1.0,1.0,1.0,0.0
11,205,6.3436422546268965,5.132680555022027,0.0,0.0,1.0,0.0,0.0,1.0
12,205,1.9779105420827416,3.3112635813847757,1.0,0.0,0.0,1.0,1.0,0.0
13,205,4.5687087135536135,2.880253794747183,0.0,1.0,1.0,0.0,0.0,1.0
14,205,8.10995325472574,8.002072127303643,1.0,1.0,0.0,0.0,0.0,0.0
15,205,4.181671424730334,8.448723182869307,1.0,1.0,0.0,1.0,1.0,0.0
16,205,12.0,7.790477231639311,0.0,1.0,1.0,0.0,1.0,1.0
17,205,5.297454228291051,10.5219156882528,0.0,0.0,1.0,0.0,0.0,1.0
18,205,8.89461120020896,5.321591375704064,1.0,1.0,0.0,1.0,0.0,0.0
19,205,6.652876151360003,3.8406976062442943,0.0,1.0,0.0,0.0,1.0,0.0
20,205,4.269183320385768,2.713545208598245,1.0,1.0,1.0,1.0,1.0,0.0
21,205,9.580004141761698,2.5227515370329177,0.0,1.0,0.0,0.0,0.0,0.0
22,205,0.0,8.738822967309972,0.0,0.0,1.0,1.0,0.0,0.0
23,205,2.370303338279977,10.930975409825232,0.0,0.0,0.0,0.0,1.0,1.0
24,205,0.4646362937113532,7.673270106209468,1.0,1.0,1.0,0.0,0.0,0.0
25,205,9.581264102187534,0.6871216033468059,0.0,1.0,0.0,0.0,1.0,1.0
26,205,6.575500481120928,7.716260144961544,1.0,1.0,0.0,1.0,1.0,1.0
27,205,11.007259322509563,3.5489823299225867,1.0,0.0,0.0,1.0,0.0,0.0
28,205,0.4846115037524096,5.368244383317322,0.0,0.0,0.0,0.0,0.0,0.0
29,205,10.604990061883948,4.118414969499559,0.0,0.0,1.0,1.0,0.0,0.0
30,205,9.784068799667514,4.994888257206055,1.0,1.0,0.0,1.0,1.0,0.0
31,205,11.489755982438936,8.878361360792473,1.0,0.0,1.0,1.0,0.0,1.0
32,205,3.956623730519626,0.0,1.0,0.0,0.0,1.0,0.0,0.0
33,205,0.693611478662903,3.009890515362546,0.0,1.0,0.0,1.0,0.0,0.0
34,205,5.189861889428937,5.489409988014373,0.0,1.0,1.0,0.0,1.0,0.0
35,205,8.854321819302228,4.437901830541503,1.0,0.0,0.0,0.0,0.0,0.0
36,205,12.0,6.408889499841663,0.0,0.0,0.0,0.0,0.0,1.0
37,205,8.840872442363366,7.490328288107062,1.0,0.0,1.0,0.0,1.0,0.0
38,205,1.2418985196006334,9.297132943453592,0.0,0.0,1.0,0.0,0.0,1.0
39,205,5.173627764055827,3.000051182952741,0.0,0.0,1.0,0.0,1.0,1.0
0,210,2.9666281659579696,11.44780074576476,0.0,0.0,0.0,1.0,1.0,0.0
1,210,8.765620390508504,7.071810572163566,0.0,1.0,0.0,0.0,1.0,0.0
2,210,6.938338583712391,5.434734986213846,0.0,1.0,1.0,1.0,0.0,1.0
3,210,8.773541071522303,3.2202942129789767,1.0,0.0,1.0,1.0,0.0,0.0
4,210,8.807149192361075,1.7441152497909165,1.0,0.0,0.0,1.0,0.0,0.0
5,210,8.350045658194187,12.0,0.0,0.0,1.0,1.0,0.0,0.0
6,210,3.054109772041742,4.011413678634889,1.0,0.0,0.0,0.0,1.0,0.0
7,210,0.0,4.470814834772541,0.0,1.0,0.0,0.0,1.0,0.0
8,210,12.0,6.422598566927071,0.0,0.0,0.0,0.0,0.0,0.0
9,210,4.520204787555562,10.505169005395166,0.0,0.0,0.0,0.0,0.0,0.0
10,210,10.79440140305761,11.221628631642108,0.0,0.0,1.0,1.0,1.0,0.0
11,210,6.33763736754365,5.124177933804913,0.0,0.0,1.0,0.0,0.0,1.0
12,210,2.059747660837549,3.4197451637936416,1.0,0.0,0.0,1.0,1.0,0.0
13,210,4.821217205276131,2.809218522858114,0.0,1.0,1.0,0.0,0.0,1.0
14,210,8.141525613426955,7.999152993753277,1.0,1.0,0.0,0.0,0.0,0.0
15,210,4.117750145082991,8.48352265476925,1.0,1.0,0.0,1.0,1.0,0.0
16,210,12.0,7.870095030806657,0.0,1.0,1.0,0.0,1.0,1.0
17,210,5.26988962265891,10.543146877991544,0.0,0.0,1.0,0.0,0.0,1.0
18,210,8.850463919079031,5.31334084629769,1.0,1.0,0.0,1.0,0.0,0.0
19,210,6.511152913387813,3.7645357693938566,0.0,1.0,0.0,0.0,1.0,0.0
20,210,4.247350510310975,2.6659155621415533,1.0,1.0,1.0,1.0,1.0,0.0
21,210,9.566660311161987,2.556160771666262,0.0,1.0,0.0,0.0,0.0,0.0
22,210,0.0,8.734800317557657,0.0,0.0,1.0,1.0,0.0,0.0
23,210,2.355431495698694,10.889455235674712,0.0,0.0,0.0,0.0,1.0,1.0
24,210,0.2884781509106111,7.659605998845168,1.0,1.0,1.0,0.0,0.0,0.0
25,210,9.52206701391694,0.7643626948309687,0.0,1.0,0.0,0.0,1.0,1.0
26,210,6.4670886109312224,7.807574433887256,1.0,1.0,0.0,1.0,1.0,1.0
27,210,10.999917619665707,3.559721134586413,1.0,0.0,0.0,1.0,0.0,0.0
28,210,0.5157231981188186,5.437693056921528,0.0,0.0,0.0,0.0,0.0,0.0
29,210,10.45609646264391,4.103888994546426,0.0,0.0,1.0,1.0,0.0,0.0
30,210,9.683320410131984,4.932711130806696,1.0,1.0,0.0,1.0,1.0,0.0
31,210,11.482251484514478,8.892506496085597,1.0,0.0,1.0,1.0,0.0,1.0
32,210,3.845746795949315,0.0,1.0,0.0,0.0,1.0,0.0,0.0
33,210,0.6505397613534836,2.968010878260486,0.0,1.0,0.0,1.0,0.0,0.0
34,210,5.307803801820534,5.507586352560832,0.0,1.0,1.0,0.0,1.0,0.0
35,210,8.796409623683958,4.372795771691711,1.0,0.0,0.0,0.0,0.0,0.0
36,210,12.0,6.416047471967472,0.0,0.0,0.0,0.0,0.0,1.0
37,210,8.856214133032548,7.496725570458334,1.0,0.0,1.0,0.0,1.0,0.0
38,210,1.2925449568439502,9.332252939450578,0.0,0.0,1.0,0.0,0.0,1.0
39,210,5.266478947950654,3.047860046790946,0.0,0.0,1.0,0.0,1.0,1.0
0,215,2.9224585810755306,11.481217429842664,0.0,0.0,0.0,1.0,1.0,0.0
1,215,8.684420329337437,7.101127288250642,0.0,1.0,0.0,0.0,1.0,0.0
2,215,6.882227419581172,5.444509199609549,0.0,1.0,1.0,1.0,0.0,1.0
3,215,8.760178799808925,3.2338695519160106,1.0,0.0,1.0,1.0,0.0,0.0
4,215,8.769965717712182,1.7001356600691642,1.0,0.0,0.0,1.0,0.0,0.0
5,215,8.260853763246018,12.0,0.0,0.0,1.0,1.0,0.0,0.0
6,215,3.138595327199132,3.940569572576627,1.0,0.0,0.0,0.0,1.0,0.0
7,215,0.0,4.533839358936927,0.0,1.0,0.0,0.0,1.0,0.0
8,215,12.0,6.488536031229103,0.0,0.0,0.0,0.0,0.0,0.0
9,215,4.526192004223466,10.527162864446115,0.0,0.0,0.0,0.0,0.0,0.0
10,215,10.773669014492906,11.16748251691294,0.0,0.0,1.0,1.0,1.0,0.0
11,215,6.323451477305627,5.104557081603556,0.0,0.0,1.0,0.0,0.0,1.0
12,215,2.1284311703125707,3.512950361310612,1.0,0.0,0.0,1.0,1.0,0.0
13,215,5.085440359503542,2.735109124056698,0.0,1.0,1.0,0.0,0.0,1.0
14,215,8.18083624903161,7.99488248769749,1.0,1.0,0.0,0.0,0.0,0.0
15,215,4.058850989662498,8.515120451298005,1.0,1.0,0.0,1.0,1.0,0.0
16,215,12.0,7.9428284907776225,0.0,1.0,1.0,0.0,1.0,1.0
17,215,5.2542650555313415,10.555266215481751,0.0,0.0,1.0,0.0,0.0,1.0
18,215,8.795706304073864,5.303583795984901,1.0,1.0,0.0,1.0,0.0,0.0
19,215,6.366022859355769,3.684523048417832,0.0,1.0,0.0,0.0,1.0,0.0
20,215,4.23161861666253,2.630782216946407,1.0,1.0,1.0,1.0,1.0,0.0
21,215,9.55540035744425,2.5827645583571424,0.0,1.0,0.0,0.0,0.0,0.0
22,215,0.0,8.731312329704071,0.0,0.0,1.0,1.0,0.0,0.0
23,215,2.341182425036913,10.850097488694969,0.0,0.0,0.0,0.0,1.0,1.0
24,215,0.1151250896538172,7.643567084589008,1.0,1.0,1.0,0.0,0.0,0.0
25,215,9.451382058653556,0.8564149316022812,0.0,1.0,0.0,0.0,1.0,1.0
26,215,6.3623734998392365,7.896993534698072,1.0,1.0,0.0,1.0,1.0,1.0
27,215,10.982929812398298,3.583215743046656,1.0,0.0,0.0,1.0,0.0,0.0
28,215,0.551820069682432,5.515573711550005,0.0,0.0,0.0,0.0,0.0,0.0
29,215,10.284114453416525,4.088056909696104,0.0,0.0,1.0,1.0,0.0,0.0
30,215,9.563419412293817,4.859550755599202,1.0,1.0,0.0,1.0,1.0,0.0
31,215,11.484580980322562,8.887982303552297,1.0,0.0,1.0,1.0,0.0,1.0
32,215,3.730500006799573,0.0,1.0,0.0,0.0,1.0,0.0,0.0
33,215,0.6106926468141226,2.9296887532326097,0.0,1.0,0.0,1.0,0.0,0.0
34,215,5.43491670616406,5.528583493234015,0.0,1.0,1.0,0.0,1.0,0.0
35,215,8.754137620276506,4.325486943903297,1.0,0.0,0.0,0.0,0.0,0.0
36,215,12.0,6.429833293815875,0.0,0.0,0.0,0.0,0.0,1.0
37,215,8.872081615432075,7.5033830229073795,1.0,0.0,1.0,0.0,1.0,0.0
38,215,1.3446154008301625,9.36834159693294,0.0,0.0,1.0,0.0,0.0,1.0
39,215,5.33814173725592,3.081709555449557,0.0,0.0,1.0,0.0,1.0,1.0
0,220,2.893375819770025,11.444943335620373,0.0,0.0,0.0,1.0,1.0,0.0
1,220,8.5967128984406,7.135799574307104,0.0,1.0,0.0,0.0,1.0,0.0
2,220,6.836492534586135,5.451860870148472,0.0,1.0,1.0,1.0,0.0,1.0
3,220,8.761826063495338,3.23206686020868,1.0,0.0,1.0,1.0,0.0,0.0
4,220,8.733423464531715,1.6558975437653365,1.0,0.0,0.0,1.0,0.0,0.0
5,220,8.17872812562707,12.0,0.0,0.0,1.0,1.0,0.0,0.0
6,220,3.2293499688370293,3.86591016735028,1.0,0.0,0.0,0.0,1.0,0.0
7,220,0.0,4.598850128361316,0.0,1.0,0.0,0.0,1.0,0.0
8,220,12.0,6.555360141354999,0.0,0.0,0.0,0.0,0.0,0.0
9,220,4.534109261378166,10.558118084038368,0.0,0.0,0.0,0.0,0.0,0.0
10,220,10.76143052554634,11.136102235423705,0.0,0.0,1.0,1.0,1.0,0.0
11,220,6.316261109541721,5.094904398103658,0.0,0.0,1.0,0.0,0.0,1.0
12,220,2.1949572480747785,3.602442962309642,1.0,0.0,0.0,1.0,1.0,0.0
13,220,5.347857038726263,2.663011305963797,0.0,1.0,1.0,0.0,0.0,1.0
14,220,8.216587500669556,7.991121819204698,1.0,1.0,0.0,0.0,0.0,0.0
15,220,3.993013252935469,8.550049073806067,1.0,1.0,0.0,1.0,1.0,0.0
16,220,12.0,7.9023574958342,0.0,1.0,1.0,0.0,1.0,1.0
17,220,5.244669515536678,10.563228971966058,0.0,0.0,1.0,0.0,0.0,1.0
18,220,8.730502018811325,5.29243076781465,1.0,1.0,0.0,1.0,0.0,0.0
19,220,6.210468364874609,3.601396745122516,0.0,1.0,0.0,0.0,1.0,0.0
20,220,4.218677279514041,2.604486023926091,1.0,1.0,1.0,1.0,1.0,0.0
21,220,9.536865689488732,2.6254696959702053,0.0,1.0,0.0,0.0,0.0,0.0
22,220,0.0,8.72934428783654,0.0,0.0,1.0,1.0,0.0,0.0
23,220,2.334286937696299,10.832872533520405,0.0,0.0,0.0,0.0,1.0,1.0
24,220,0.0,7.627633575072461,1.0,1.0,1.0,0.0,0.0,0.0
25,220,9.390399696046416,0.9328451475876364,0.0,1.0,0.0,0.0,1.0,1.0
26,220,6.2608783320944825,7.981224749966193,1.0,1.0,0.0,1.0,1.0,1.0
27,220,10.9672208039165,3.604945020957083,1.0,0.0,0.0,1.0,0.0,0.0
28,220,0.5798920441833273,5.578276403101545,0.0,0.0,0.0,0.0,0.0,0.0
29,220,10.125952131572104,4.071304006427743,0.0,0.0,1.0,1.0,0.0,0.0
30,220,9.460986415242214,4.791582375746958,1.0,1.0,0.0,1.0,1.0,0.0
31,220,11.49656799051886,8.86577978438496,1.0,0.0,1.0,1.0,0.0,1.0
32,220,3.6155980984448095,0.0,1.0,0.0,0.0,1.0,0.0,0.0
33,220,0.5558791336602319,2.8770734820561263,0.0,1.0,0.0,1.0,0.0,0.0
34,220,5.577235111550353,5.54801782216442,0.0,1.0,1.0,0.0,1.0,0.0
35,220,8.702784007779899,4.374875141158765,1.0,0.0,0.0,0.0,0.0,0.0
36,220,12.0,6.448009328933272,0.0,0.0,0.0,0.0,0.0,1.0
37,220,8.885978319628542,7.50911738145049,1.0,0.0,1.0,0.0,1.0,0.0
38,220,1.3776572988608256,9.392363735420137,0.0,0.0,1.0,0.0,0.0,1.0
39,220,5.407467931429733,3.113697370282821,0.0,0.0,1.0,0.0,1.0,1.0
0,225,2.8821255317102,11.43109785413716,0.0,0.0,0.0,1.0,1.0,0.0
1,225,8.508878805626095,7.173062386282448,0.0,1.0,0.0,0.0,1.0,0.0
2,225,6.794128952045651,5.457745070272567,0.0,1.0,1.0,1.0,0.0,1.0
3,225,8.776829460002796,3.214984284257415,1.0,0.0,1.0,1.0,0.0,0.0
4,225,8.6886573091593,1.5991298095712363,1.0,0.0,0.0,1.0,0.0,0.0
5,225,8.082623275910137,12.0,0.0,0.0,1.0,1.0,0.0,0.0
6,225,3.3149980560921253,3.796060732173685,1.0,0.0,0.0,0.0,1.0,0.0
7,225,0.0,4.671728743947622,0.0,1.0,0.0,0.0,1.0,0.0
8,225,12.0,6.62284137436733,0.0,0.0,0.0,0.0,0.0,0.0
9,225,4.542503392043146,10.58679908125552,0.0,0.0,0.0,0.0,0.0,0.0
10,225,10.757985105442172,11.1279328112898,0.0,0.0,1.0,1.0,1.0,0.0
11,225,6.295524853199374,5.067336803184765,0.0,0.0,1.0,0.0,0.0,1.0
12,225,2.265798107081658,3.698346654574805,1.0,0.0,0.0,1.0,1.0,0.0
13,225,5.615130896991723,2.5893644021635973,0.0,1.0,1.0,0.0,0.0,1.0
14,225,8.254016256266022,7.987443437016238,1.0,1.0,0.0,0.0,0.0,0.0
15,225,3.909851071221,8.59730601686064,1.0,1.0,0.0,1.0,1.0,0.0
16,225,12.0,7.865190484470069,0.0,1.0,1.0,0.0,1.0,1.0
17,225,5.237958837351276,10.568554707288516,0.0,0.0,1.0,0.0,0.0,1.0
18,225,8.654340617274254,5.279854825245137,1.0,1.0,0.0,1.0,0.0,0.0
19,225,6.0601732521534695,3.5166344881933105,0.0,1.0,0.0,0.0,1.0,0.0
20,225,4.202498714263752,2.570499111444144,1.0,1.0,1.0,1.0,1.0,0.0
21,225,9.521083333014472,2.6593367154714365,0.0,1.0,0.0,0.0,0.0,0.0
22,225,0.0,8.72876565212157,0.0,0.0,1.0,1.0,0.0,0.0
23,225,2.3286219460135715,10.818976506273088,0.0,0.0,0.0,0.0,1.0,1.0
24,225,0.0,7.611622435376697,1.0,1.0,1.0,0.0,0.0,0.0
25,225,9.320241293797826,1.0183931146744107,0.0,1.0,0.0,0.0,1.0,1.0
26,225,6.166341337646982,8.058661510274236,1.0,1.0,0.0,1.0,1.0,1.0
27,225,10.955903063499798,3.620711933202836,1.0,0.0,0.0,1.0,0.0,0.0
28,225,0.6164661627522162,5.66077696015095,0.0,0.0,0.0,0.0,0.0,0.0
29,225,9.975017829640189,4.054509632234616,0.0,0.0,1.0,1.0,0.0,0.0
30,225,9.341359403775824,4.717281586411311,1.0,1.0,0.0,1.0,1.0,0.0
31,225,11.51137376095319,8.840370197760086,1.0,0.0,1.0,1.0,0.0,1.0
32,225,3.516295055280968,0.0,1.0,0.0,0.0,1.0,0.0,0.0
33,225,0.498481107331772,2.821510352913967,0.0,1.0,0.0,1.0,0.0,0.0
34,225,5.7368717520253565,5.569760994489608,0.0,1.0,1.0,0.0,1.0,0.0
35,225,8.664903119389779,4.4124419031362425,1.0,0.0,0.0,0.0,0.0,0.0
36,225,12.0,6.476103548468204,0.0,0.0,0.0,0.0,0.0,1.0
37,225,8.900199256058146,7.515039464255178,1.0,0.0,1.0,0.0,1.0,0.0
38,225,1.404540069408997,9.412049223859649,0.0,0.0,1.0,0.0,0.0,1.0
39,225,5.464392595030311,3.1391840431978983,0.0,0.0,1.0,0.0,1.0,1.0
0,230,2.855003989674687,11.39773622036995,0.0,0.0,0.0,1.0,1.0,0.0
1,230,8.424458621778923,7.207850657296297,0.0,1.0,0.0,0.0,1.0,0.0
2,230,6.747945988039609,5.463981551498998,0.0,1.0,1.0,1.0,0.0,1.0
3,230,8.803339071379966,3.1857607729910384,1.0,0.0,1.0,1.0,0.0,0.0
4,230,8.645640997856873,1.5449387757759754,1.0,0.0,0.0,1.0,0.0,0.0
5,230,7.994992056205066,12.0,0.0,0.0,1.0,1.0,0.0,0.0
6,230,3.4140133042264824,3.717391102302367,1.0,0.0,0.0,0.0,1.0,0.0
7,230,0.0,4.755224142750361,0.0,1.0,0.0,0.0,1.0,0.0
8,230,12.0,6.691370209864171,0.0,0.0,0.0,0.0,0.0,0.0
9,230,4.5532507477056345,10.62080483933476,0.0,0.0,0.0,0.0,0.0,0.0
10,230,10.751166507118583,11.112109460216878,0.0,0.0,1.0,1.0,1.0,0.0
11,230,6.273962759762164,5.036518896893824,0.0,0.0,1.0,0.0,0.0,1.0
12,230,2.357550359971167,3.814894102797128,1.0,0.0,0.0,1.0,1.0,0.0
13,230,5.8862948578408645,2.520230626545812,0.0,1.0,1.0,0.0,0.0,1.0
14,230,8.310140627546652,7.981505217075032,1.0,1.0,0.0,0.0,0.0,0.0
15,230,3.844368206065938,8.635802878902958,1.0,1.0,0.0,1.0,1.0,0.0
16,230,12.0,7.8328183769978095,0.0,1.0,1.0,0.0,1.0,1.0
17,230,5.230785389480018,10.574319018439269,0.0,0.0,1.0,0.0,0.0,1.0
18,230,8.578256743864824,5.265407694992939,1.0,1.0,0.0,1.0,0.0,0.0
19,230,5.9191022825609885,3.44036820896752,0.0,1.0,0.0,0.0,1.0,0.0
20,230,4.184640079028594,2.5283443225490982,1.0,1.0,1.0,1.0,1.0,0.0
21,230,9.496058674085925,2.7131508887471463,0.0,1.0,0.0,0.0,0.0,0.0
22,230,0.0,8.732611385874385,0.0,0.0,1.0,1.0,0.0,0.0
23,230,2.3222487275322674,10.802371738770548,0.0,0.0,0.0,0.0,1.0,1.0
24,230,0.0,7.59463401929597,1.0,1.0,1.0,0.0,0.0,0.0
25,230,9.25513603068948,1.0945977930015198,0.0,1.0,0.0,0.0,1.0,1.0
26,230,6.072264192475999,8.134092749658013,1.0,1.0,0.0,1.0,1.0,1.0
27,230,10.952175330043156,3.625995665206208,1.0,0.0,0.0,1.0,0.0,0.0
28,230,0.6517260990176965,5.7408429951575695,0.0,0.0,0.0,0.0,0.0,0.0
29,230,9.87401894815326,4.042451913894906,0.0,0.0,1.0,1.0,0.0,0.0
30,230,9.21521595527703,4.641200064948161,1.0,1.0,0.0,1.0,1.0,0.0
31,230,11.525740755766057,8.8161439758749,1.0,0.0,1.0,1.0,0.0,1.0
32,230,3.4298354783948017,0.0,1.0,0.0,0.0,1.0,0.0,0.0
33,230,0.4319141840285148,2.758882944637638,0.0,1.0,0.0,1.0,0.0,0.0
34,230,5.924468051224626,5.591646474345088,0.0,1.0,1.0,0.0,1.0,0.0
35,230,8.6250981418842,4.450787204531612,1.0,0.0,0.0,0.0,0.0,0.0
36,230,12.0,6.49693471991038,0.0,0.0,0.0,0.0,0.0,1.0
37,230,8.917800761547724,7.522718078932433,1.0,0.0,1.0,0.0,1.0,0.0
38,230,1.4321164237186772,9.432251817971022,0.0,0.0,1.0,0.0,0.0,1.0
39,230,5.546987402225509,3.175637879631103,0.0,0.0,1.0,0.0,1.0,1.0
0,235,2.826080552967589,11.363248304836585,0.0,0.0,0.0,1.0,1.0,0.0
1,235,8.346117513707652,7.24091626198037,0.0,1.0,0.0,0.0,1.0,0.0
2,235,6.715634578910249,5.468789236229164,0.0,1.0,1.0,1.0,0.0,1.0
3,235,8.834785594175113,3.1503323004009607,1.0,0.0,1.0,1.0,0.0,0.0
4,235,8.60381541042227,1.4922508281142406,1.0,0.0,0.0,1.0,0.0,0.0
5,235,7.905702347265525,12.0,0.0,0.0,1.0,1.0,0.0,0.0
6,235,3.515572137016578,3.636969086478445,1.0,0.0,0.0,0.0,1.0,0.0
7,235,0.0,4.850052566684346,0.0,1.0,0.0,0.0,1.0,0.0
8,235,12.0,6.763689351044477,0.0,0.0,0.0,0.0,0.0,0.0
9,235,4.567887617872989,10.664631247162864,0.0,0.0,0.0,0.0,0.0,0.0
10,235,10.734590570921098,11.07531242864621,0.0,0.0,1.0,1.0,1.0,0.0
11,235,6.250028035918562,5.001244476210185,0.0,0.0,1.0,0.0,0.0,1.0
12,235,2.4486817486317785,3.9312613273244903,1.0,0.0,0.0,1.0,1.0,0.0
13,235,6.141566046933056,2.453609587513029,0.0,1.0,1.0,0.0,0.0,1.0
14,235,8.36907213605276,7.976629857662204,1.0,1.0,0.0,0.0,0.0,0.0
15,235,3.7805983427066496,8.675343713975554,1.0,1.0,0.0,1.0,1.0,0.0
16,235,12.0,7.812519377689285,0.0,1.0,1.0,0.0,1.0,1.0
17,235,5.213609811412963,10.5889570316673,0.0,0.0,1.0,0.0,0.0,1.0
18,235,8.493393353038137,5.248032804380637,1.0,1.0,0.0,1.0,0.0,0.0
19,235,5.78481502841057,3.3681463898840547,0.0,1.0,0.0,0.0,1.0,0.0
20,235,4.162645157921965,2.4744306577528743,1.0,1.0,1.0,1.0,1.0,0.0
21,235,9.469488860113303,2.769291572050527,0.0,1.0,0.0,0.0,0.0,0.0
22,235,0.0,8.741616934358648,0.0,0.0,1.0,1.0,0.0,0.0
23,235,2.310897029029855,10.768201683716512,0.0,0.0,0.0,0.0,1.0,1.0
24,235,0.0,7.580261395345487,1.0,1.0,1.0,0.0,0.0,0.0
25,235,9.204752410900266,1.1535559297234903,0.0,1.0,0.0,0.0,1.0,1.0
26,235,5.972424735328826,8.216607489698843,1.0,1.0,0.0,1.0,1.0,1.0
27,235,10.931395543772892,3.657755901239951,1.0,0.0,0.0,1.0,0.0,0.0
28,235,0.6919532082414236,5.831309469815985,0.0,0.0,0.0,0.0,0.0,0.0
29,235,9.791538994554816,4.032432258887786,0.0,0.0,1.0,1.0,0.0,0.0
30,235,9.076686647503994,4.554276982836681,1.0,1.0,0.0,1.0,1.0,0.0
31,235,11.540157813301835,8.791078946352918,1.0,0.0,1.0,1.0,0.0,1.0
32,235,3.3396063220403507,0.0,1.0,0.0,0.0,1.0,0.0,0.0
33,235,0.367534564685344,2.701378797805932,0.0,1.0,0.0,1.0,0.0,0.0
34,235,6.127027647139037,5.615119904997056,0.0,1.0,1.0,0.0,1.0,0.0
35,235,8.58463841331249,4.408279833744023,1.0,0.0,0.0,0.0,0.0,0.0
36,235,12.0,6.517356742610152,0.0,0.0,0.0,0.0,0.0,1.0
37,235,8.949982986764413,7.536273255217902,1.0,0.0,1.0,0.0,1.0,0.0
38,235,1.448416000182406,9.444228412963655,0.0,0.0,1.0,0.0,0.0,1.0
39,235,5.63217032875756,3.213815718133822,0.0,0.0,1.0,0.0,1.0,1.0
0,240,2.800375162611586,11.333901410465735,0.0,0.0,0.0,1.0,1.0,0.0
1,240,8.276840148850956,7.271113086849129,0.0,1.0,0.0,0.0,1.0,0.0
2,240,6.675657526538722,5.472945256572607,0.0,1.0,1.0,1.0,0.0,1.0
3,240,8.870695311545834,3.1094200034925046,1.0,0.0,1.0,1.0,0.0,0.0
4,240,8.56590547149025,1.443872417898623,1.0,0.0,0.0,1.0,0.0,0.0
5,240,7.81324997527454,12.0,0.0,0.0,1.0,1.0,0.0,0.0
6,240,3.6202012416357663,3.553453892536877,1.0,0.0,0.0,0.0,1.0,0.0
7,240,0.0,4.933018022815845,0.0,1.0,0.0,0.0,1.0,0.0
8,240,12.0,6.847779791900399,0.0,0.0,0.0,0.0,0.0,0.0
9,240,4.591795550163075,10.739639475805111,0.0,0.0,0.0,0.0,0.0,0.0
10,240,10.724232693148515,11.052648702529147,0.0,0.0,1.0,1.0,1.0,0.0
11,240,6.223006370345672,4.963895492789875,0.0,0.0,1.0,0.0,0.0,1.0
12,240,2.5299013052734862,4.027618669765444,1.0,0.0,0.0,1.0,1.0,0.0
13,240,6.410469565499712,2.3866368633789365,0.0,1.0,1.0,0.0,0.0,1.0
14,240,8.408745278649894,7.97308825887079,1.0,1.0,0.0,0.0,0.0,0.0
15,240,3.712634749734604,8.717808885887926,1.0,1.0,0.0,1.0,1.0,0.0
16,240,12.0,7.781707402105723,0.0,1.0,1.0,0.0,1.0,1.0
17,240,5.205430686259427,10.596229003418207,0.0,0.0,1.0,0.0,0.0,1.0
18,240,8.513394766005078,5.156475770374385,1.0,1.0,0.0,1.0,0.0,0.0
19,240,5.662125041453559,3.3026162140184225,0.0,1.0,0.0,0.0,1.0,0.0
20,240,4.139046398310618,2.4135514767881454,1.0,1.0,1.0,1.0,1.0,0.0
21,240,9.431352412038388,2.8413304916323185,0.0,1.0,0.0,0.0,0.0,0.0
22,240,0.0,8.749731927542676,0.0,0.0,1.0,1.0,0.0,0.0
23,240,2.304343356015027,10.749462122665529,0.0,0.0,0.0,0.0,1.0,1.0
24,240,0.0,7.564566688482573,1.0,1.0,1.0,0.0,0.0,0.0
25,240,9.162024053437491,1.2011279139539854,0.0,1.0,0.0,0.0,1.0,1.0
26,240,5.8781483489796855,8.29257114984567,1.0,1.0,0.0,1.0,1.0,1.0
27,240,10.911345411203474,3.687997499248911,1.0,0.0,0.0,1.0,0.0,0.0
28,240,0.7456786939655287,5.94828781726205,0.0,0.0,0.0,0.0,0.0,0.0
29,240,9.68494945267688,4.022794762222079,0.0,0.0,1.0,1.0,0.0,0.0
30,240,8.933860943524024,4.466437047423616,1.0,1.0,0.0,1.0,1.0,0.0
31,240,11.56397461260464,8.751919279804731,1.0,0.0,1.0,1.0,0.0,1.0
32,240,3.2394520193887746,0.0,1.0,0.0,0.0,1.0,0.0,0.0
33,240,0.3300383039937381,2.6673577981941734,0.0,1.0,0.0,1.0,0.0,0.0
34,240,6.318933984872665,5.641054352072736,0.0,1.0,1.0,0.0,1.0,0.0
35,240,8.552456105603943,4.373348454333949,1.0,0.0,0.0,0.0,0.0,0.0
36,240,12.0,6.528980756033749,0.0,0.0,0.0,0.0,0.0,1.0
37,240,8.992291254061904,7.554137359834824,1.0,0.0,1.0,0.0,1.0,0.0
38,240,1.458083250322815,9.431931231779435,0.0,0.0,1.0,0.0,0.0,1.0
39,240,5.699092461450401,3.2465844974386324,0.0,0.0,1.0,0.0,1.0,1.0
0,245,2.781026436920177,11.310228389876126,0.0,0.0,0.0,1.0,1.0,0.0
1,245,8.202643237205919,7.30289422740999,0.0,1.0,0.0,0.0,1.0,0.0
2,245,6.611053718333425,5.477992326294087,0.0,1.0,1.0,1.0,0.0,1.0
3,245,8.905574097215446,3.0697189080947944,1.0,0.0,1.0,1.0,0.0,0.0
4,245,8.538455021621527,1.4051929827200644,1.0,0.0,0.0,1.0,0.0,0.0
5,245,7.7217183973423476,12.0,0.0,0.0,1.0,1.0,0.0,0.0
6,245,3.7335575861997774,3.465366750405014,1.0,0.0,0.0,0.0,1.0,0.0
7,245,0.0,5.012710763912477,0.0,1.0,0.0,0.0,1.0,0.0
8,245,12.0,6.934034468735683,0.0,0.0,0.0,0.0,0.0,0.0
9,245,4.613741996300852,10.8146584177312,0.0,0.0,0.0,0.0,0.0,0.0
10,245,10.70610562379311,11.012757078684151,0.0,0.0,1.0,1.0,1.0,0.0
11,245,6.196356994970006,4.926857424072022,0.0,0.0,1.0,0.0,0.0,1.0
12,245,2.6151482396399657,4.12683936449966,1.0,0.0,0.0,1.0,1.0,0.0
13,245,6.69626856383062,2.3138278421218264,0.0,1.0,1.0,0.0,0.0,1.0
14,245,8.45314594110054,7.969460672448606,1.0,1.0,0.0,0.0,0.0,0.0
15,245,3.636825893590987,8.767091926557644,1.0,1.0,0.0,1.0,1.0,0.0
16,245,12.0,7.750719756482495,0.0,1.0,1.0,0.0,1.0,1.0
17,245,5.212353648444284,10.59057320387205,0.0,0.0,1.0,0.0,0.0,1.0
18,245,8.53324623359116,5.062676340069943,1.0,1.0,0.0,1.0,0.0,0.0
19,245,5.531842851214345,3.232987105141679,0.0,1.0,0.0,0.0,1.0,0.0
20,245,4.072485685910438,2.439309090283522,1.0,1.0,1.0,1.0,1.0,0.0
21,245,9.387250187755534,2.935065830935216,0.0,1.0,0.0,0.0,0.0,0.0
22,245,0.0,8.755882128438467,0.0,0.0,1.0,1.0,0.0,0.0
23,245,2.2882267268645475,10.704055757307266,0.0,0.0,0.0,0.0,1.0,1.0
24,245,0.0,7.552256261134466,1.0,1.0,1.0,0.0,0.0,0.0
25,245,9.110352752618605,1.2569454015654673,0.0,1.0,0.0,0.0,1.0,1.0
26,245,5.792428350218769,8.364863176738513,1.0,1.0,0.0,1.0,1.0,1.0
27,245,10.893751968548523,3.7149049345538554,1.0,0.0,0.0,1.0,0.0,0.0
28,245,0.6107202028646076,6.014601432334715,0.0,0.0,0.0,0.0,0.0,0.0
29,245,9.584275068378467,4.014532275846925,0.0,0.0,1.0,1.0,0.0,0.0
30,245,8.80427330752594,4.38800199238605,1.0,1.0,0.0,1.0,1.0,0.0
31,245,11.583160178291598,8.720573192495566,1.0,0.0,1.0,1.0,0.0,1.0
32,245,3.147975035955473,0.0,1.0,0.0,0.0,1.0,0.0,0.0
33,245,0.2917067502529143,2.6326299442554277,0.0,1.0,0.0,1.0,0.0,0.0
34,245,6.510728507635942,5.665685929930236,0.0,1.0,1.0,0.0,1.0,0.0
35,245,8.522919934832387,4.341385449588228,1.0,0.0,0.0,0.0,0.0,0.0
36,245,12.0,6.5448984748188686,0.0,0.0,0.0,0.0,0.0,1.0
37,245,9.029147240540228,7.569087043145053,1.0,0.0,1.0,0.0,1.0,0.0
38,245,1.4593394977227112,9.430343702525212,0.0,0.0,1.0,0.0,0.0,1.0
39,245,5.772244675936909,3.282808607720888,0.0,0.0,1.0,0.0,1.0,1.0
0,250,2.7476787704806207,11.269776785650576,0.0,0.0,0.0,1.0,1.0,0.0
1,250,8.133713973563552,7.332204845635899,0.0,1.0,0.0,0.0,1.0,0.0
2,250,6.564196344330577,5.4813917980361095,0.0,1.0,1.0,1.0,0.0,1.0
3,250,8.938023201223475,3.0316787655229573,1.0,0.0,1.0,1.0,0.0,0.0
4,250,8.509324665288633,1.3643846580268195,1.0,0.0,0.0,1.0,0.0,0.0
5,250,7.633054974622427,12.0,0.0,0.0,1.0,1.0,0.0,0.0
6,250,3.840244195858781,3.3805182479782387,1.0,0.0,0.0,0.0,1.0,0.0
7,250,0.0,5.094277024425399,0.0,1.0,0.0,0.0,1.0,0.0
8,250,12.0,7.015121110223272,0.0,0.0,0.0,0.0,0.0,0.0
9,250,4.637492964287135,10.898812377211383,0.0,0.0,0.0,0.0,0.0,0.0
10,250,10.68647518733457,10.970223209709502,0.0,0.0,1.0,1.0,1.0,0.0
11,250,6.160819081855339,4.878318278935221,0.0,0.0,1.0,0.0,0.0,1.0
12,250,2.7065937499219186,4.230243038442313,1.0,0.0,0.0,1.0,1.0,0.0
13,250,6.995242581539018,2.2391306193723275,0.0,1.0,1.0,0.0,0.0,1.0
14,250,8.513449327770841,7.965432533170521,1.0,1.0,0.0,0.0,0.0,0.0
15,250,3.548658956031803,8.824145438145942,1.0,1.0,0.0,1.0,1.0,0.0
16,250,12.0,7.730799049330137,0.0,1.0,1.0,0.0,1.0,1.0
17,250,5.218002243326064,10.586187669135548,0.0,0.0,1.0,0.0,0.0,1.0
18,250,8.54823503347283,4.984791338393308,1.0,1.0,0.0,1.0,0.0,0.0
19,250,5.406604621214048,3.160276361291112,0.0,1.0,0.0,0.0,1.0,0.0
20,250,3.993026354179297,2.469207308753524,1.0,1.0,1.0,1.0,1.0,0.0
21,250,9.336460542195557,3.044494601986933,0.0,1.0,0.0,0.0,0.0,0.0
22,250,0.0,8.766086656771838,0.0,0.0,1.0,1.0,0.0,0.0
23,250,2.2678813784048986,10.640194269093293,0.0,0.0,0.0,0.0,1.0,1.0
24,250,0.0,7.54139007666727,1.0,1.0,1.0,0.0,0.0,0.0
25,250,9.070874449562565,1.2196558057061393,0.0,1.0,0.0,0.0,1.0,1.0
26,250,5.708911554692421,8.433902620679305,1.0,1.0,0.0,1.0,1.0,1.0
27,250,10.87573833804846,3.7429444957398106,1.0,0.0,0.0,1.0,0.0,0.0
28,250,0.4607682511806557,6.085376231023877,0.0,0.0,0.0,0.0,0.0,0.0
29,250,9.482463778931168,4.007812695806932,0.0,0.0,1.0,1.0,0.0,0.0
30,250,8.66850459708387,4.310072317256977,1.0,1.0,0.0,1.0,1.0,0.0
31,250,11.60321775991527,8.687941058989512,1.0,0.0,1.0,1.0,0.0,1.0
32,250,3.0576994946713296,0.0,1.0,0.0,0.0,1.0,0.0,0.0
33,250,0.2682223965392218,2.6125025534232638,0.0,1.0,0.0,1.0,0.0,0.0
34,250,6.690354446829639,5.687715389891409,0.0,1.0,1.0,0.0,1.0,0.0
35,250,8.48490449706523,4.298933083396333,1.0,0.0,0.0,0.0,0.0,0.0
36,250,12.0,6.561315016631082,0.0,0.0,0.0,0.0,0.0,1.0
37,250,9.076408131475404,7.587338128276721,1.0,0.0,1.0,0.0,1.0,0.0
38,250,1.4487291012135477,9.444552606757563,0.0,0.0,1.0,0.0,0.0,1.0
39,250,5.855557702873997,3.324066392032924,0.0,0.0,1.0,0.0,1.0,1.0
0,255,2.7359576127959864,11.2558485711954,0.0,0.0,0.0,1.0,1.0,0.0
1,255,8.066333286483774,7.360235547557215,0.0,1.0,0.0,0.0,1.0,0.0
2,255,6.519862120925356,5.485059353397585,0.0,1.0,1.0,1.0,0.0,1.0
3,255,8.968459259394669,2.9959645799494696,1.0,0.0,1.0,1.0,0.0,0.0
4,255,8.478223559596083,1.3217553563813014,1.0,0.0,0.0,1.0,0.0,0.0
5,255,7.556748221698522,12.0,0.0,0.0,1.0,1.0,0.0,0.0
6,255,3.96864400740264,3.277117282349518,1.0,0.0,0.0,0.0,1.0,0.0
7,255,0.0,5.181810366952829,0.0,1.0,0.0,0.0,1.0,0.0
8,255,12.0,7.082869286248216,0.0,0.0,0.0,0.0,0.0,0.0
9,255,4.664263536615374,10.997113945060564,0.0,0.0,0.0,0.0,0.0,0.0
10,255,10.66521277081594,10.92309352237423,0.0,0.0,1.0,1.0,1.0,0.0
11,255,6.122580933315658,4.8270236901908286,0.0,0.0,1.0,0.0,0.0,1.0
12,255,2.793079856845053,4.325011212866679,1.0,0.0,0.0,1.0,1.0,0.0
13,255,7.31030318896005,2.1674333758245545,0.0,1.0,1.0,0.0,0.0,1.0
14,255,8.581002731706107,7.962674249816653,1.0,1.0,0.0,0.0,0.0,0.0
15,255,3.463298810409427,8.87828493674567,1.0,1.0,0.0,1.0,1.0,0.0
16,255,12.0,7.710124805679587,0.0,1.0,1.0,0.0,1.0,1.0
17,255,5.204430989262056,10.597069805267012,0.0,0.0,1.0,0.0,0.0,1.0
18,255,8.55814977480869,4.933810941164206,1.0,1.0,0.0,1.0,0.0,0.0
19,255,5.28256123284242,3.089043816116881,0.0,1.0,0.0,0.0,1.0,0.0
20,255,3.924871054100435,2.4931827724561546,1.0,1.0,1.0,1.0,1.0,0.0
21,255,9.292260929879566,3.143567475395983,0.0,1.0,0.0,0.0,0.0,0.0
22,255,0.0,8.77382488476685,0.0,0.0,1.0,1.0,0.0,0.0
23,255,2.248030345149449,10.584458526095643,0.0,0.0,0.0,0.0,1.0,1.0
24,255,0.0,7.530861421849996,1.0,1.0,1.0,0.0,0.0,0.0
25,255,9.0290761448454,1.181642620410034,0.0,1.0,0.0,0.0,1.0,1.0
26,255,5.630635721537041,8.498800397988363,1.0,1.0,0.0,1.0,1.0,1.0
27,255,10.871010155574089,3.7508069254165775,1.0,0.0,0.0,1.0,0.0,0.0
28,255,0.3116570065072748,6.152381040858477,0.0,0.0,0.0,0.0,0.0,0.0
29,255,9.398949339582265,4.001404702250252,0.0,0.0,1.0,1.0,0.0,0.0
30,255,8.59955455234484,4.44560177081773,1.0,1.0,0.0,1.0,1.0,0.0
31,255,11.62939379910401,8.644826666401206,1.0,0.0,1.0,1.0,0.0,1.0
32,255,2.95925297190072,0.0,1.0,0.0,0.0,1.0,0.0,0.0
33,255,0.2644049784360756,2.6091981657842798,0.0,1.0,0.0,1.0,0.0,0.0
34,255,6.8753731649876375,5.706024633846886,0.0,1.0,1.0,0.0,1.0,0.0
35,255,8.454025542188552,4.26108924009372,1.0,0.0,0.0,0.0,0.0,0.0
36,255,12.0,6.588686536820662,0.0,0.0,0.0,0.0,0.0,1.0
37,255,9.11173005201395,7.600743319229342,1.0,0.0,1.0,0.0,1.0,0.0
38,255,1.451853751345664,9.440266651261355,0.0,0.0,1.0,0.0,0.0,1.0
39,255,5.948263946494541,3.3682323304503097,0.0,0.0,1.0,0.0,1.0,1.0
0,260,2.7310842865586347,11.249942518787565,0.0,0.0,0.0,1.0,1.0,0.0
1,260,8.015397375807577,7.380634558751301,0.0,1.0,0.0,0.0,1.0,0.0
2,260,6.473358875635068,5.488436456642037,0.0,1.0,1.0,1.0,0.0,1.0
3,260,8.98974681297314,2.969541539754795,1.0,0.0,1.0,1.0,0.0,0.0
4,260,8.45005819654523,1.2860739667853598,1.0,0.0,0.0,1.0,0.0,0.0
5,260,7.476726981917479,12.0,0.0,0.0,1.0,1.0,0.0,0.0
6,260,4.097586499795266,3.174777116953873,1.0,0.0,0.0,0.0,1.0,0.0
7,260,0.0,5.262058334422708,0.0,1.0,0.0,0.0,1.0,0.0
8,260,12.0,7.155071176058582,0.0,0.0,0.0,0.0,0.0,0.0
9,260,4.753739818143548,10.975210033683988,0.0,0.0,0.0,0.0,0.0,0.0
10,260,10.646173824676152,10.878794148760289,0.0,0.0,1.0,1.0,1.0,0.0
11,260,6.069423354306295,4.757037943730817,0.0,0.0,1.0,0.0,0.0,1.0
12,260,2.8932152449865303,4.431191195893598,1.0,0.0,0.0,1.0,1.0,0.0
13,260,7.631055704317696,2.1007485857416284,0.0,1.0,1.0,0.0,0.0,1.0
14,260,8.658386448005762,7.959212544176594,1.0,1.0,0.0,0.0,0.0,0.0
15,260,3.3636586092294176,8.939303307755262,1.0,1.0,0.0,1.0,1.0,0.0
16,260,12.0,7.686761913154612,0.0,1.0,1.0,0.0,1.0,1.0
17,260,5.205628686148834,10.596100861923576,0.0,0.0,1.0,0.0,0.0,1.0
18,260,8.572066543441263,4.865101635211179,1.0,1.0,0.0,1.0,0.0,0.0
19,260,5.156546047198622,3.018190076910708,0.0,1.0,0.0,0.0,1.0,0.0
20,260,3.8662807647213104,2.51287890753979,1.0,1.0,1.0,1.0,1.0,0.0
21,260,9.242487596274673,3.256314483329877,0.0,1.0,0.0,0.0,0.0,0.0
22,260,0.0,8.787108039954074,0.0,0.0,1.0,1.0,0.0,0.0
23,260,2.2328788756277547,10.54258985921085,0.0,0.0,0.0,0.0,1.0,1.0
24,260,0.0,7.518225395725369,1.0,1.0,1.0,0.0,0.0,0.0
25,260,8.997658796684638,1.1537671859632717,0.0,1.0,0.0,0.0,1.0,1.0
26,260,5.539437159324955,8.57278041346476,1.0,1.0,0.0,1.0,1.0,1.0
27,260,10.865219217339495,3.760400452942872,1.0,0.0,0.0,1.0,0.0,0.0
28,260,0.1508698218796054,6.223157137166538,0.0,0.0,0.0,0.0,0.0,0.0
29,260,9.333605512394756,3.995852477739432,0.0,0.0,1.0,1.0,0.0,0.0
30,260,8.533161372583125,4.569918975722974,1.0,1.0,0.0,1.0,1.0,0.0
31,260,11.658438603605273,8.598634110642953,1.0,0.0,1.0,1.0,0.0,1.0
32,260,2.849611134842278,0.0,1.0,0.0,0.0,1.0,0.0,0.0
33,260,0.2477748113224817,2.594768651804838,0.0,1.0,0.0,1.0,0.0,0.0
34,260,7.073058189966668,5.731678624622414,0.0,1.0,1.0,0.0,1.0,0.0
35,260,8.416908317283214,4.215455056297663,1.0,0.0,0.0,0.0,0.0,0.0
36,260,12.0,6.618912416527761,0.0,0.0,0.0,0.0,0.0,1.0
37,260,9.15746622188102,7.618033608018028,1.0,0.0,1.0,0.0,1.0,0.0
38,260,1.4583869493039665,9.431303188468352,0.0,0.0,1.0,0.0,0.0,1.0
39,260,6.028259670940515,3.406767479314136,0.0,0.0,1.0,0.0,1.0,1.0
0,265,2.723358995636537,11.24089421979228,0.0,0.0,0.0,1.0,1.0,0.0
1,265,7.973114763036436,7.396659398928644,0.0,1.0,0.0,0.0,1.0,0.0
2,265,6.419769184885191,5.491355834464679,0.0,1.0,1.0,1.0,0.0,1.0
3,265,9.027410539968988,2.921868319802159,1.0,0.0,1.0,1.0,0.0,0.0
4,265,8.421644289152264,1.2461888121735072,1.0,0.0,0.0,1.0,0.0,0.0
5,265,7.407945914109601,12.0,0.0,0.0,1.0,1.0,0.0,0.0
6,265,4.21695562477011,3.0830179124843906,1.0,0.0,0.0,0.0,1.0,0.0
7,265,0.0,5.339622583195459,0.0,1.0,0.0,0.0,1.0,0.0
8,265,12.0,7.221672510629815,0.0,0.0,0.0,0.0,0.0,0.0
9,265,4.872422088093019,10.947479205729223,0.0,0.0,0.0,0.0,0.0,0.0
10,265,10.628938719962107,10.8396270262541,0.0,0.0,1.0,1.0,1.0,0.0
11,265,6.018650894849355,4.690435130635663,0.0,0.0,1.0,0.0,0.0,1.0
12,265,2.987681374315724,4.528840377249196,1.0,0.0,0.0,1.0,1.0,0.0
13,265,7.704498599316602,2.4349493886717464,0.0,1.0,1.0,0.0,0.0,1.0
14,265,8.737876642818579,7.955557370164709,1.0,1.0,0.0,0.0,0.0,0.0
15,265,3.28012175913752,8.994601653210426,1.0,1.0,0.0,1.0,1.0,0.0
16,265,12.0,7.663731670461858,0.0,1.0,1.0,0.0,1.0,1.0
17,265,5.216817371004006,10.58725776458676,0.0,0.0,1.0,0.0,0.0,1.0
18,265,8.583033375883813,4.795670498262847,1.0,1.0,0.0,1.0,0.0,0.0
19,265,5.026934724378108,2.9477536065223364,0.0,1.0,0.0,0.0,1.0,0.0
20,265,3.806472625411186,2.533592468718533,1.0,1.0,1.0,1.0,1.0,0.0
21,265,9.193304975955716,3.3736383889236854,0.0,1.0,0.0,0.0,0.0,0.0
22,265,0.0,8.798737131326918,0.0,0.0,1.0,1.0,0.0,0.0
23,265,2.213617417940135,10.485656614964078,0.0,0.0,0.0,0.0,1.0,1.0
24,265,0.0,7.506723445711852,1.0,1.0,1.0,0.0,0.0,0.0
25,265,8.961267919593782,1.1212912232062966,0.0,1.0,0.0,0.0,1.0,1.0
26,265,5.450648380266127,8.644479394827558,1.0,1.0,0.0,1.0,1.0,1.0
27,265,10.86380559075968,3.762686232951026,1.0,0.0,0.0,1.0,0.0,0.0
28,265,0.0,6.293951134964958,0.0,0.0,0.0,0.0,0.0,0.0
29,265,9.260079990933978,3.9895655386559,0.0,0.0,1.0,1.0,0.0,0.0
30,265,8.472205776012355,4.684351731218882,1.0,1.0,0.0,1.0,1.0,0.0
31,265,11.690880170924546,8.54879949360606,1.0,0.0,1.0,1.0,0.0,1.0
32,265,2.7479118217789997,0.0,1.0,0.0,0.0,1.0,0.0,0.0
33,265,0.2406411602103332,2.588644182744237,0.0,1.0,0.0,1.0,0.0,0.0
34,265,7.271257148113662,5.758307923495908,0.0,1.0,1.0,0.0,1.0,0.0
35,265,8.384005924982354,4.175439545698638,1.0,0.0,0.0,0.0,0.0,0.0
36,265,12.0,6.658429531861034,0.0,0.0,0.0,0.0,0.0,1.0
37,265,9.215901150830945,7.641683769352576,1.0,0.0,1.0,0.0,1.0,0.0
38,265,1.4612786829507434,9.427373970392903,0.0,0.0,1.0,0.0,0.0,1.0
39,265,6.1285055026284,3.4546479207143745,0.0,0.0,1.0,0.0,1.0,1.0
0,270,2.7131240666843435,11.228462093807329,0.0,0.0,0.0,1.0,1.0,0.0
1,270,7.958046247420576,7.402242864719215,0.0,1.0,0.0,0.0,1.0,0.0
2,270,6.38910191380246,5.493471166338585,0.0,1.0,1.0,1.0,0.0,1.0
3,270,9.071286917661023,2.865973971921932,1.0,0.0,1.0,1.0,0.0,0.0
4,270,8.391746770972587,1.204369276516016,1.0,0.0,0.0,1.0,0.0,0.0
5,270,7.341034764332283,12.0,0.0,0.0,1.0,1.0,0.0,0.0
6,270,4.329300769755768,2.99561372934757,1.0,0.0,0.0,0.0,1.0,0.0
7,270,0.0,5.424937433253981,0.0,1.0,0.0,0.0,1.0,0.0
8,270,12.0,7.289918990551042,0.0,0.0,0.0,0.0,0.0,0.0
9,270,5.004800850424169,10.907998187832831,0.0,0.0,0.0,0.0,0.0,0.0
10,270,10.605521105944144,10.785651667447585,0.0,0.0,1.0,1.0,1.0,0.0
11,270,5.952865557503547,4.603123457538047,0.0,0.0,1.0,0.0,0.0,1.0
12,270,3.0724272356940543,4.61622690507036,1.0,0.0,0.0,1.0,1.0,0.0
13,270,7.79161251051183,2.785686832280152,0.0,1.0,1.0,0.0,0.0,1.0
14,270,8.801103553314396,7.951850530642792,1.0,1.0,0.0,0.0,0.0,0.0
15,270,3.203398641361028,9.045707279324088,1.0,1.0,0.0,1.0,1.0,0.0
16,270,12.0,7.635748376726085,0.0,1.0,1.0,0.0,1.0,1.0
17,270,5.225783846915927,10.580318664142894,0.0,0.0,1.0,0.0,0.0,1.0
18,270,8.594779481719101,4.729168934511908,1.0,1.0,0.0,1.0,0.0,0.0
19,270,4.878579147220814,2.8710611838965567,0.0,1.0,0.0,0.0,1.0,0.0
20,270,3.751147425854115,2.5531391763086417,1.0,1.0,1.0,1.0,1.0,0.0
21,270,9.145139180421744,3.4874053707224824,0.0,1.0,0.0,0.0,0.0,0.0
22,270,0.0,8.813905369408824,0.0,0.0,1.0,1.0,0.0,0.0
23,270,2.193385670021025,10.426951064681989,0.0,0.0,0.0,0.0,1.0,1.0
24,270,0.0,7.493462520501125,1.0,1.0,1.0,0.0,0.0,0.0
25,270,8.929721139094292,1.0937670858381758,0.0,1.0,0.0,0.0,1.0,1.0
26,270,5.356179821728569,8.720586026567817,1.0,1.0,0.0,1.0,1.0,1.0
27,270,10.86233409352798,3.7649854686090505,1.0,0.0,0.0,1.0,0.0,0.0
28,270,0.0,6.355941126315372,0.0,0.0,0.0,0.0,0.0,0.0
29,270,9.185039520568909,3.9813038651060295,0.0,0.0,1.0,1.0,0.0,0.0
30,270,8.409153679886415,4.809371360673634,1.0,1.0,0.0,1.0,1.0,0.0
31,270,11.719431142640085,8.502076895218172,1.0,0.0,1.0,1.0,0.0,1.0
32,270,2.656275182915478,0.0,1.0,0.0,0.0,1.0,0.0,0.0
33,270,0.2472265520023452,2.5941903560807544,0.0,1.0,0.0,1.0,0.0,0.0
34,270,7.480148914270943,5.785033770616947,0.0,1.0,1.0,0.0,1.0,0.0
35,270,8.343786871799335,4.127564096925695,1.0,0.0,0.0,0.0,0.0,0.0
36,270,12.0,6.695371782720018,0.0,0.0,0.0,0.0,0.0,1.0
37,270,9.27002299611585,7.66482316322981,1.0,0.0,1.0,0.0,1.0,0.0
38,270,1.4706802536812384,9.414614910287282,0.0,0.0,1.0,0.0,0.0,1.0
39,270,6.242622820849717,3.507474147419172,0.0,0.0,1.0,0.0,1.0,1.0
0,275,2.7069961859174096,11.22069376109834,0.0,0.0,0.0,1.0,1.0,0.0
1,275,7.954625483965543,7.403551492121343,0.0,1.0,0.0,0.0,1.0,0.0
2,275,6.3557534652628425,5.495664113000684,0.0,1.0,1.0,1.0,0.0,1.0
3,275,9.104279566848216,2.824370515506064,1.0,0.0,1.0,1.0,0.0,0.0
4,275,8.365583962525905,1.1683213642576724,1.0,0.0,0.0,1.0,0.0,0.0
5,275,7.281015695576113,12.0,0.0,0.0,1.0,1.0,0.0,0.0
6,275,4.433826403986833,2.9137188261245988,1.0,0.0,0.0,0.0,1.0,0.0
7,275,0.0,5.514441195183492,0.0,1.0,0.0,0.0,1.0,0.0
8,275,12.0,7.351738079617511,0.0,0.0,0.0,0.0,0.0,0.0
9,275,5.140571835875678,10.86933578205316,0.0,0.0,0.0,0.0,0.0,0.0
10,275,10.581029647216887,10.732653801056458,0.0,0.0,1.0,1.0,1.0,0.0
11,275,5.889440234098304,4.521744539484877,0.0,0.0,1.0,0.0,0.0,1.0
12,275,3.158736052523504,4.703315550292285,1.0,0.0,0.0,1.0,1.0,0.0
13,275,7.878882074177881,3.1119759707435923,0.0,1.0,1.0,0.0,0.0,1.0
14,275,8.870932639144597,7.945393992459014,1.0,1.0,0.0,0.0,0.0,0.0
15,275,3.1334578998644416,9.09203510572351,1.0,1.0,0.0,1.0,1.0,0.0
16,275,12.0,7.610432835790801,0.0,1.0,1.0,0.0,1.0,1.0
17,275,5.244515817396621,10.566423723912804,0.0,0.0,1.0,0.0,0.0,1.0
18,275,8.609962785468209,4.655860240726335,1.0,1.0,0.0,1.0,0.0,0.0
19,275,4.757547125820489,2.8071119438510044,0.0,1.0,0.0,0.0,1.0,0.0
20,275,3.690041775516385,2.5728237032386203,1.0,1.0,1.0,1.0,1.0,0.0
21,275,9.098931844618372,3.5870841580058324,0.0,1.0,0.0,0.0,0.0,0.0
22,275,0.0,8.827974232367596,0.0,0.0,1.0,1.0,0.0,0.0
23,275,2.1743530398844326,10.374203107620882,0.0,0.0,0.0,0.0,1.0,1.0
24,275,0.0,7.479890190072345,1.0,1.0,1.0,0.0,0.0,0.0
25,275,8.906708316271084,1.0729907433270285,0.0,1.0,0.0,0.0,1.0,1.0
26,275,5.254394334497347,8.80399223309342,1.0,1.0,0.0,1.0,1.0,1.0
27,275,10.859239855184722,3.7697407937725833,1.0,0.0,0.0,1.0,0.0,0.0
28,275,0.0,6.423915440825069,0.0,0.0,0.0,0.0,0.0,0.0
29,275,9.116431449538284,3.973878359350637,0.0,0.0,1.0,1.0,0.0,0.0
30,275,8.344505029213813,4.938046140769099,1.0,1.0,0.0,1.0,1.0,0.0
31,275,11.751302577039308,8.449110537994443,1.0,0.0,1.0,1.0,0.0,1.0
32,275,2.5713078360359383,0.0,1.0,0.0,0.0,1.0,0.0,0.0
33,275,0.2560836552193147,2.601148600714461,0.0,1.0,0.0,1.0,0.0,0.0
34,275,7.701197602351715,5.811389528912248,0.0,1.0,1.0,0.0,1.0,0.0
35,275,8.299283464836606,4.074193294931608,1.0,0.0,0.0,0.0,0.0,0.0
36,275,12.0,6.737943974723687,0.0,0.0,0.0,0.0,0.0,1.0
37,275,9.312859072893616,7.6827581475144,1.0,0.0,1.0,0.0,1.0,0.0
38,275,1.4724220851666316,9.412329147871732,0.0,0.0,1.0,0.0,0.0,1.0
39,275,6.338351038833758,3.5498407168891464,0.0,0.0,1.0,0.0,1.0,1.0
0,280,2.704178172476196,11.216959577757349,0.0,0.0,0.0,1.0,1.0,0.0
1,280,7.944418317303613,7.407594225786969,0.0,1.0,0.0,0.0,1.0,0.0
2,280,6.326331560313616,5.499253575894932,0.0,1.0,1.0,1.0,0.0,1.0
3,280,9.131851598457844,2.791206691213934,1.0,0.0,1.0,1.0,0.0,0.0
4,280,8.34098364655697,1.1352757532771616,1.0,0.0,0.0,1.0,0.0,0.0
5,280,7.22469920748322,12.0,0.0,0.0,1.0,1.0,0.0,0.0
6,280,4.53302101609994,2.833015703530188,1.0,0.0,0.0,0.0,1.0,0.0
7,280,0.0,5.6105263225134765,0.0,1.0,0.0,0.0,1.0,0.0
8,280,12.0,7.419084431801155,0.0,0.0,0.0,0.0,0.0,0.0
9,280,5.286260612019715,10.82770778422109,0.0,0.0,0.0,0.0,0.0,0.0
10,280,10.560419342605512,10.689656841461725,0.0,0.0,1.0,1.0,1.0,0.0
11,280,5.823137861025389,4.442006826999427,0.0,0.0,1.0,0.0,0.0,1.0
12,280,3.253540438522619,4.797270252276149,1.0,0.0,0.0,1.0,1.0,0.0
13,280,7.951761154962599,3.4031157107521315,0.0,1.0,1.0,0.0,0.0,1.0
14,280,8.863071319826027,7.873854568687227,1.0,1.0,0.0,0.0,0.0,0.0
15,280,3.068951910257866,9.136169387099024,1.0,1.0,0.0,1.0,1.0,0.0
16,280,12.0,7.593518719897035,0.0,1.0,1.0,0.0,1.0,1.0
17,280,5.270143360844332,10.547658216826076,0.0,0.0,1.0,0.0,0.0,1.0
18,280,8.62499211888368,4.578536575004243,1.0,1.0,0.0,1.0,0.0,0.0
19,280,4.64995345584633,2.7540746589043943,0.0,1.0,0.0,0.0,1.0,0.0
20,280,3.640911110900491,2.5869296942359927,1.0,1.0,1.0,1.0,1.0,0.0
21,280,9.04763189039564,3.702587933063055,0.0,1.0,0.0,0.0,0.0,0.0
22,280,0.0,8.84061869880177,0.0,0.0,1.0,1.0,0.0,0.0
23,280,2.1612290508408014,10.339006330546608,0.0,0.0,0.0,0.0,1.0,1.0
24,280,0.0,7.463633664231908,1.0,1.0,1.0,0.0,0.0,0.0
25,280,8.875138807825376,1.0432188177402382,0.0,1.0,0.0,0.0,1.0,1.0
26,280,5.147159657062201,8.893981589547781,1.0,1.0,0.0,1.0,1.0,1.0
27,280,10.8550403533852,3.77637366138436,1.0,0.0,0.0,1.0,0.0,0.0
28,280,0.0,6.487569817266672,0.0,0.0,0.0,0.0,0.0,0.0
29,280,9.04882989232156,3.965651673325561,0.0,0.0,1.0,1.0,0.0,0.0
30,280,8.267223660177132,5.085750038192218,1.0,1.0,0.0,1.0,1.0,0.0
31,280,11.791497481769516,8.379583051810298,1.0,0.0,1.0,1.0,0.0,1.0
32,280,2.481895664314849,0.0,1.0,0.0,0.0,1.0,0.0,0.0
33,280,0.2580563133374627,2.602651132797548,0.0,1.0,0.0,1.0,0.0,0.0
34,280,7.945875102497626,5.829544583921573,0.0,1.0,1.0,0.0,1.0,0.0
35,280,8.25524434473454,4.020873262589335,1.0,0.0,0.0,0.0,0.0,0.0
36,280,12.0,6.775609002406695,0.0,0.0,0.0,0.0,0.0,1.0
37,280,9.337745900003847,7.692541973517112,1.0,0.0,1.0,0.0,1.0,0.0
38,280,1.4843432228716056,9.398222045761544,0.0,0.0,1.0,0.0,0.0,1.0
39,280,6.422023681792452,3.5873582102703576,0.0,0.0,1.0,0.0,1.0,1.0
0,285,2.701718454480129,11.213682248038078,0.0,0.0,0.0,1.0,1.0,0.0
1,285,7.935474010060765,7.411239315741032,0.0,1.0,0.0,0.0,1.0,0.0
2,285,6.296135392387697,5.502581770809027,0.0,1.0,1.0,1.0,0.0,1.0
3,285,9.148341526970311,2.7707014384936506,1.0,0.0,1.0,1.0,0.0,0.0
4,285,8.323388044259,1.1129036562762151,1.0,0.0,0.0,1.0,0.0,0.0
5,285,7.175455252046879,12.0,0.0,0.0,1.0,1.0,0.0,0.0
6,285,4.6284093656619865,2.7497666863608328,1.0,0.0,0.0,0.0,1.0,0.0
7,285,0.0,5.707375373192605,0.0,1.0,0.0,0.0,1.0,0.0
8,285,12.0,7.4944844975084575,0.0,0.0,0.0,0.0,0.0,0.0
9,285,5.414031952261493,10.790470501893637,0.0,0.0,0.0,0.0,0.0,0.0
10,285,10.535121507613782,10.63358641390922,0.0,0.0,1.0,1.0,1.0,0.0
11,285,5.763966287023656,4.370936536515678,0.0,0.0,1.0,0.0,0.0,1.0
12,285,3.347050761654466,4.892834405446443,1.0,0.0,0.0,1.0,1.0,0.0
13,285,8.027675993605543,3.7048344494022296,0.0,1.0,1.0,0.0,0.0,1.0
14,285,8.857293389561722,7.805966415586452,1.0,1.0,0.0,0.0,0.0,0.0
15,285,3.0194753965576733,9.1700093542389,1.0,1.0,0.0,1.0,1.0,0.0
16,285,12.0,7.579929682026591,0.0,1.0,1.0,0.0,1.0,1.0
17,285,5.294663826015553,10.529120501717648,0.0,0.0,1.0,0.0,0.0,1.0
18,285,8.640986971783773,4.488415922243267,1.0,1.0,0.0,1.0,0.0,0.0
19,285,4.559337184336951,2.7101673644482216,0.0,1.0,0.0,0.0,1.0,0.0
20,285,3.572899683696308,2.6045117551125485,1.0,1.0,1.0,1.0,1.0,0.0
21,285,8.998697029641342,3.804119942894853,0.0,1.0,0.0,0.0,0.0,0.0
22,285,0.0,8.8529625973229,0.0,0.0,1.0,1.0,0.0,0.0
23,285,2.152244800031704,10.31523383168425,0.0,0.0,0.0,0.0,1.0,1.0
24,285,0.0,7.448981146037068,1.0,1.0,1.0,0.0,0.0,0.0
25,285,8.844856357789794,1.015435131440264,0.0,1.0,0.0,0.0,1.0,1.0
26,285,5.036073085623464,8.986755569833987,1.0,1.0,0.0,1.0,1.0,1.0
27,285,10.84697995550637,3.789207668467101,1.0,0.0,0.0,1.0,0.0,0.0
28,285,0.0,6.555378302042535,0.0,0.0,0.0,0.0,0.0,0.0
29,285,8.982617774957054,3.9581264263674414,0.0,0.0,1.0,1.0,0.0,0.0
30,285,8.177268821779741,5.252948021191284,1.0,1.0,0.0,1.0,1.0,0.0
31,285,11.8296365832947,8.310219128711635,1.0,0.0,1.0,1.0,0.0,1.0
32,285,2.3962177192607133,0.0,1.0,0.0,0.0,1.0,0.0,0.0
33,285,0.2659454994031404,2.6083501284458688,0.0,1.0,0.0,1.0,0.0,0.0
34,285,8.192957982996306,5.84217788014314,0.0,1.0,1.0,0.0,1.0,0.0
35,285,8.20780827027356,3.9622822624460095,1.0,0.0,0.0,0.0,0.0,0.0
36,285,12.0,6.814634576516332,0.0,0.0,0.0,0.0,0.0,1.0
37,285,9.358038181691432,7.700144123277685,1.0,0.0,1.0,0.0,1.0,0.0
38,285,1.495516726525751,9.384267113389951,0.0,0.0,1.0,0.0,0.0,1.0
39,285,6.503428599179236,3.623126412622703,0.0,0.0,1.0,0.0,1.0,1.0
0,290,2.7000724775490017,11.211509532352691,0.0,0.0,0.0,1.0,1.0,0.0
1,290,7.922253152505513,7.416606409419952,0.0,1.0,0.0,0.0,1.0,0.0
2,290,6.276451459598552,5.504959514437146,0.0,1.0,1.0,1.0,0.0,1.0
3,290,9.16116488942214,2.75532937559855,1.0,0.0,1.0,1.0,0.0,0.0
4,290,8.32761535599781,1.1179857773160324,1.0,0.0,0.0,1.0,0.0,0.0
5,290,7.119866694460503,12.0,0.0,0.0,1.0,1.0,0.0,0.0
6,290,4.737196265565333,2.656675808321291,1.0,0.0,0.0,0.0,1.0,0.0
7,290,0.0,5.798277259876558,0.0,1.0,0.0,0.0,1.0,0.0
8,290,12.0,7.5860006846426815,0.0,0.0,0.0,0.0,0.0,0.0
9,290,5.5291882200169375,10.759801178371813,0.0,0.0,0.0,0.0,0.0,0.0
10,290,10.503915978388108,10.566159284601982,0.0,0.0,1.0,1.0,1.0,0.0
11,290,5.711445827555603,4.310189737418137,0.0,0.0,1.0,0.0,0.0,1.0
12,290,3.446514158323733,4.99591776367385,1.0,0.0,0.0,1.0,1.0,0.0
13,290,8.098676205137286,4.023078146076259,0.0,1.0,1.0,0.0,0.0,1.0
14,290,8.851108117866925,7.73727249539476,1.0,1.0,0.0,0.0,0.0,0.0
15,290,2.964462255378319,9.20763322770902,1.0,1.0,0.0,1.0,1.0,0.0
16,290,11.998509702185553,7.5809236999765695,0.0,1.0,1.0,0.0,1.0,1.0
17,290,5.330071909892194,10.501049991587982,0.0,0.0,1.0,0.0,0.0,1.0
18,290,8.652683108906958,4.415947845455132,1.0,1.0,0.0,1.0,0.0,0.0
19,290,4.488597916826728,2.675685990795561,0.0,1.0,0.0,0.0,1.0,0.0
20,290,3.496955026232843,2.623254937618456,1.0,1.0,1.0,1.0,1.0,0.0
21,290,8.956401633557428,3.889341281826535,0.0,1.0,0.0,0.0,0.0,0.0
22,290,0.0,8.859221113991257,0.0,0.0,1.0,1.0,0.0,0.0
23,290,2.1463941835724136,10.298565504114856,0.0,0.0,0.0,0.0,1.0,1.0
24,290,0.0,7.439006708134896,1.0,1.0,1.0,0.0,0.0,0.0
25,290,8.81777561724439,0.9910647820381104,0.0,1.0,0.0,0.0,1.0,1.0
26,290,4.926347575628151,9.0802654289557,1.0,1.0,0.0,1.0,1.0,1.0
27,290,10.836697431731553,3.8068120639371097,1.0,0.0,0.0,1.0,0.0,0.0
28,290,0.0,6.627345042078592,0.0,0.0,0.0,0.0,0.0,0.0
29,290,8.926948208163218,3.952505863489729,0.0,0.0,1.0,1.0,0.0,0.0
30,290,8.093160248240936,5.424009332088892,1.0,1.0,0.0,1.0,1.0,0.0
31,290,11.866191730590824,8.24214804718383,1.0,0.0,1.0,1.0,0.0,1.0
32,290,2.3051277696864547,0.0,1.0,0.0,0.0,1.0,0.0,0.0
33,290,0.2667636327694679,2.6089245135336223,0.0,1.0,0.0,1.0,0.0,0.0
34,290,8.448205823748888,5.849042496613856,0.0,1.0,1.0,0.0,1.0,0.0
35,290,8.161122761616145,3.902537086541413,1.0,0.0,0.0,0.0,0.0,0.0
36,290,12.0,6.852603903974786,0.0,0.0,0.0,0.0,0.0,1.0
37,290,9.367416165076577,7.703505683696091,1.0,0.0,1.0,0.0,1.0,0.0
38,290,1.5108627819355984,9.365229270002706,0.0,0.0,1.0,0.0,0.0,1.0
39,290,6.596042768351964,3.6633188943432993,0.0,0.0,1.0,0.0,1.0,1.0
0,295,2.7129692111158867,11.229111364343929,0.0,0.0,0.0,1.0,1.0,0.0
1,295,7.910940617674998,7.420988612858996,0.0,1.0,0.0,0.0,1.0,0.0
2,295,6.248480455865941,5.508199109671347,0.0,1.0,1.0,1.0,0.0,1.0
3,295,9.178357151532383,2.733853969534616,1.0,0.0,1.0,1.0,0.0,0.0
4,295,8.334551423221079,1.1262472696580776,1.0,0.0,0.0,1.0,0.0,0.0
5,295,7.0526358373566165,12.0,0.0,0.0,1.0,1.0,0.0,0.0
6,295,4.845394872466756,2.5688452101051373,1.0,0.0,0.0,0.0,1.0,0.0
7,295,0.0,5.887315296696888,0.0,1.0,0.0,0.0,1.0,0.0
8,295,12.0,7.674726897417577,0.0,0.0,0.0,0.0,0.0,0.0
9,295,5.646724620450836,10.72853296442804,0.0,0.0,0.0,0.0,0.0,0.0
10,295,10.473079027230291,10.493802027759251,0.0,0.0,1.0,1.0,1.0,0.0
11,295,5.658704772381486,4.253047747465252,0.0,0.0,1.0,0.0,0.0,1.0
12,295,3.5564462537604444,5.1024573359533765,1.0,0.0,0.0,1.0,1.0,0.0
13,295,8.173124866579617,4.349799566209196,0.0,1.0,1.0,0.0,0.0,1.0
14,295,8.845083515344315,7.671572301253054,1.0,1.0,0.0,0.0,0.0,0.0
15,295,2.9067557187239266,9.246338769248698,1.0,1.0,0.0,1.0,1.0,0.0
16,295,12.0,7.574568560661736,0.0,1.0,1.0,0.0,1.0,1.0
17,295,5.357543799681746,10.479432953593289,0.0,0.0,1.0,0.0,0.0,1.0
18,295,8.664801382821095,4.340359222383508,1.0,1.0,0.0,1.0,0.0,0.0
19,295,4.404866085907605,2.6342094097762825,0.0,1.0,0.0,0.0,1.0,0.0
20,295,3.405249690868457,2.644663918058546,1.0,1.0,1.0,1.0,1.0,0.0
21,295,8.919378393731552,3.961064498675436,0.0,1.0,0.0,0.0,0.0,0.0
22,295,0.0,8.865654362591094,0.0,0.0,1.0,1.0,0.0,0.0
23,295,2.1399461633884287,10.27927161873236,0.0,0.0,0.0,0.0,1.0,1.0
24,295,0.0,7.430894554446912,1.0,1.0,1.0,0.0,0.0,0.0
25,295,8.795203664386452,0.9705910145418832,0.0,1.0,0.0,0.0,1.0,1.0
26,295,4.786965917677916,9.197486119151227,1.0,1.0,0.0,1.0,1.0,1.0
27,295,10.823483544533694,3.8285122978126576,1.0,0.0,0.0,1.0,0.0,0.0
28,295,0.0,6.698132179385919,0.0,0.0,0.0,0.0,0.0,0.0
29,295,8.870757878932704,3.948552642245962,0.0,0.0,1.0,1.0,0.0,0.0
30,295,8.012167529774933,5.586621238975926,1.0,1.0,0.0,1.0,1.0,0.0
31,295,11.891397607383276,8.188534235891971,1.0,0.0,1.0,1.0,0.0,1.0
32,295,2.2057831706766184,0.0,1.0,0.0,0.0,1.0,0.0,0.0
33,295,0.2594377600692692,2.603793348213878,0.0,1.0,0.0,1.0,0.0,0.0
34,295,8.707280202544133,5.8521773900413,0.0,1.0,1.0,0.0,1.0,0.0
35,295,8.121750081312861,3.8509679747123737,1.0,0.0,0.0,0.0,0.0,0.0
36,295,12.0,6.892661633781713,0.0,0.0,0.0,0.0,0.0,1.0
37,295,9.390403437178012,7.711677552854483,1.0,0.0,1.0,0.0,1.0,0.0
38,295,1.5260457468664592,9.34648412302438,0.0,0.0,1.0,0.0,0.0,1.0
39,295,6.67490556737655,3.693882794969639,0.0,0.0,1.0,0.0,1.0,1.0
