0,0,5.0434673289022856,5.025667025380657,1.0,0.0,0.0,1.0,1.0,0.0
1,0,10.96916421071131,4.960851378074039,0.0,0.0,1.0,1.0,1.0,1.0
2,0,5.952418815791229,11.017126715727713,0.0,0.0,0.0,0.0,1.0,0.0
3,0,11.959665293583566,9.995175673453575,0.0,1.0,0.0,1.0,0.0,0.0
4,0,3.04854740758642,5.011491792059317,1.0,1.0,0.0,1.0,0.0,0.0
5,0,1.9623525807373288,1.0445900441129523,1.0,1.0,0.0,0.0,0.0,1.0
6,0,9.01721009102813,3.035534234326947,0.0,1.0,1.0,0.0,0.0,1.0
7,0,1.0562055767537588,3.993754661805951,1.0,0.0,1.0,0.0,1.0,0.0
8,0,7.0320319494718495,8.071857241998101,0.0,0.0,0.0,1.0,0.0,0.0
9,0,10.983814825080872,3.039001586590452,1.0,0.0,1.0,0.0,1.0,0.0
10,0,1.0529492034468162,0.018357480567119,0.0,0.0,1.0,1.0,0.0,1.0
11,0,4.976180876651052,5.061546341295982,0.0,1.0,1.0,0.0,0.0,1.0
12,0,9.993395270205577,3.927070508402717,0.0,1.0,0.0,1.0,0.0,1.0
13,0,5.996544211299433,12.0,0.0,0.0,1.0,0.0,1.0,1.0
14,0,2.0220336656091007,7.940666505574426,0.0,0.0,1.0,1.0,0.0,0.0
15,0,0.0041613296684924,9.055702970899295,0.0,1.0,0.0,0.0,1.0,0.0
16,0,2.971461822989563,0.0,1.0,1.0,0.0,0.0,1.0,1.0
17,0,11.99578462554186,7.050017775972083,1.0,1.0,0.0,0.0,0.0,0.0
18,0,5.039317446251734,3.9962782859069215,0.0,0.0,0.0,0.0,0.0,1.0
19,0,11.986270431791237,10.962506793239232,0.0,1.0,0.0,1.0,0.0,0.0
20,0,0.0,2.0174324960915717,1.0,1.0,0.0,0.0,0.0,0.0
21,0,2.9350301708683326,10.021337298888175,1.0,0.0,1.0,0.0,0.0,0.0
22,0,0.0,0.946813719140186,0.0,0.0,1.0,0.0,1.0,1.0
23,0,10.963096001715243,10.950098181173177,0.0,0.0,0.0,1.0,1.0,0.0
24,0,12.0,10.047580821198585,1.0,0.0,1.0,1.0,1.0,1.0
25,0,6.005574867781453,6.03231931553451,0.0,1.0,0.0,1.0,0.0,0.0
26,0,7.0187663563896665,2.971330607661872,1.0,1.0,1.0,1.0,0.0,1.0
27,0,9.974420745483297,4.060851848463588,0.0,1.0,0.0,1.0,0.0,1.0
28,0,3.025483111451173,0.0554618943487749,0.0,0.0,1.0,0.0,0.0,1.0
29,0,4.972509607426966,2.0352748569859496,1.0,0.0,0.0,1.0,1.0,0.0
30,0,3.071779549305916,2.996927105888774,0.0,1.0,0.0,1.0,0.0,0.0
31,0,3.9906793421525006,3.037135521693217,1.0,1.0,0.0,0.0,0.0,0.0
32,0,12.0,11.983074578455,0.0,1.0,1.0,0.0,0.0,0.0
33,0,0.0506650472607346,11.005207076395308,0.0,0.0,0.0,0.0,0.0,0.0
34,0,4.032667506238187,5.021427869693193,1.0,0.0,1.0,0.0,1.0,0.0
35,0,4.016208499684277,0.0417547960470922,0.0,1.0,1.0,0.0,1.0,1.0
36,0,9.96983768223344,5.061907541719184,1.0,0.0,0.0,1.0,1.0,0.0
37,0,5.003199625104881,5.063061940551655,0.0,0.0,0.0,0.0,0.0,0.0
38,0,0.0,8.948944829042555,1.0,0.0,0.0,0.0,1.0,0.0
39,0,8.99618966375679,1.063312306654497,0.0,0.0,0.0,0.0,1.0,0.0
0,5,5.090071032390973,5.053319531962454,1.0,0.0,0.0,1.0,1.0,0.0
1,5,10.929374259259838,4.910538250251928,0.0,0.0,1.0,1.0,1.0,1.0
2,5,5.877025479935367,11.04302306347988,0.0,0.0,0.0,0.0,1.0,0.0
3,5,11.886000241305982,9.98504780445232,0.0,1.0,0.0,1.0,0.0,0.0
4,5,3.0848789054184427,5.020899306695074,1.0,1.0,0.0,1.0,0.0,0.0
5,5,1.925149864947668,1.0879744615719984,1.0,1.0,0.0,0.0,0.0,1.0
6,5,9.04057820809741,3.084906271048085,0.0,1.0,1.0,0.0,0.0,1.0
7,5,1.1168752905786443,3.986007836154712,1.0,0.0,1.0,0.0,1.0,0.0
8,5,7.064143912820926,8.14280225779034,0.0,0.0,0.0,1.0,0.0,0.0
9,5,10.981604930662783,3.0442336303533883,1.0,0.0,1.0,0.0,1.0,0.0
10,5,1.0986752224705385,0.0322089095352985,0.0,0.0,1.0,1.0,0.0,1.0
11,5,4.9593497111752,5.105300179202908,0.0,1.0,1.0,0.0,0.0,1.0
12,5,9.98646024509358,3.846917076790312,0.0,1.0,0.0,1.0,0.0,1.0
13,5,5.991761901813669,12.0,0.0,0.0,1.0,0.0,1.0,1.0
14,5,2.0390883576871977,7.890473133913035,0.0,0.0,1.0,1.0,0.0,0.0
15,5,0.0078402155837038,9.101375164764676,0.0,1.0,0.0,0.0,1.0,0.0
16,5,2.9478173213065326,0.0,1.0,1.0,0.0,0.0,1.0,1.0
17,5,11.930948103416751,7.046254561788498,1.0,1.0,0.0,0.0,0.0,0.0
18,5,5.062097856975947,3.994772583185566,0.0,0.0,0.0,0.0,0.0,1.0
19,5,11.96139092876314,10.89812781573124,0.0,1.0,0.0,1.0,0.0,0.0
20,5,0.0,2.032309421498522,1.0,1.0,0.0,0.0,0.0,0.0
21,5,2.8615994114283767,10.043185598710137,1.0,0.0,1.0,0.0,0.0,0.0
22,5,0.0,0.8921496298925549,0.0,0.0,1.0,0.0,1.0,1.0
23,5,10.92192171333915,10.895987508692333,0.0,0.0,0.0,1.0,1.0,0.0
24,5,12.0,10.103534503662347,1.0,0.0,1.0,1.0,1.0,1.0
25,5,6.008469366802206,6.058947946323783,0.0,1.0,0.0,1.0,0.0,0.0
26,5,7.001784691908043,2.96015457488044,1.0,1.0,1.0,1.0,0.0,1.0
27,5,9.938225044616182,4.142333636058193,0.0,1.0,0.0,1.0,0.0,1.0
28,5,3.0508338055812985,0.1139172761526196,0.0,0.0,1.0,0.0,0.0,1.0
29,5,4.950737685708087,2.063091246685409,1.0,0.0,0.0,1.0,1.0,0.0
30,5,3.1376632035034584,2.994569246565115,0.0,1.0,0.0,1.0,0.0,0.0
31,5,3.9740644626180064,3.09564869539669,1.0,1.0,0.0,0.0,0.0,0.0
32,5,12.0,11.966835647918332,0.0,1.0,1.0,0.0,0.0,0.0
33,5,0.096408113355495,11.009449162892407,0.0,0.0,0.0,0.0,0.0,0.0
34,5,4.066948743418443,5.0431785786689165,1.0,0.0,1.0,0.0,1.0,0.0
35,5,4.028007524836644,0.0719547015489322,0.0,1.0,1.0,0.0,1.0,1.0
36,5,9.934186173521972,5.1319539255038205,1.0,0.0,0.0,1.0,1.0,0.0
37,5,5.005189149884885,5.0975546596366055,0.0,0.0,0.0,0.0,0.0,0.0
38,5,0.0,8.900050841020873,1.0,0.0,0.0,0.0,1.0,0.0
39,5,8.993630474623863,1.103248958044541,0.0,0.0,0.0,0.0,1.0,0.0
0,10,5.134469761767857,5.079261132639081,1.0,0.0,0.0,1.0,1.0,0.0
1,10,10.891575743645484,4.861383552696379,0.0,0.0,1.0,1.0,1.0,1.0
2,10,5.775060553988916,11.08027313059645,0.0,0.0,0.0,0.0,1.0,0.0
3,10,11.831825776104498,9.976849098507971,0.0,1.0,0.0,1.0,0.0,0.0
4,10,3.104976575058626,5.026445104290506,1.0,1.0,0.0,1.0,0.0,0.0
5,10,1.8926639786939703,1.1260670019795331,1.0,1.0,0.0,0.0,0.0,1.0
6,10,9.063529945540736,3.134475286961751,0.0,1.0,1.0,0.0,0.0,1.0
7,10,1.174921654547339,3.979042138149764,1.0,0.0,1.0,0.0,1.0,0.0
8,10,7.096611439982629,8.213056237393491,0.0,0.0,0.0,1.0,0.0,0.0
9,10,10.975679315371112,3.059701817711025,1.0,0.0,1.0,0.0,1.0,0.0
10,10,1.1650680554827384,0.0508359373530254,0.0,0.0,1.0,1.0,0.0,1.0
11,10,4.946243228362453,5.139378223314004,0.0,1.0,1.0,0.0,0.0,1.0
12,10,9.979875245863926,3.766521475794092,0.0,1.0,0.0,1.0,0.0,1.0
13,10,5.9887442917544185,12.0,0.0,0.0,1.0,0.0,1.0,1.0
14,10,2.051572159165444,7.855620455644769,0.0,0.0,1.0,1.0,0.0,0.0
15,10,0.0153298818433412,9.184824224924402,0.0,1.0,0.0,0.0,1.0,0.0
16,10,2.9223790091485533,0.0,1.0,1.0,0.0,0.0,1.0,1.0
17,10,11.884703219612222,7.044209753739998,1.0,1.0,0.0,0.0,0.0,0.0
18,10,5.080725374557579,3.993275834970312,0.0,0.0,0.0,0.0,0.0,1.0
19,10,11.938726965138352,10.841065770165605,0.0,1.0,0.0,1.0,0.0,0.0
20,10,0.0,2.052715973573072,1.0,1.0,0.0,0.0,0.0,0.0
21,10,2.77615938400096,10.067011007313294,1.0,0.0,1.0,0.0,0.0,0.0
22,10,0.0,0.843381016432472,0.0,0.0,1.0,0.0,1.0,1.0
23,10,10.87929930929698,10.84060246371362,0.0,0.0,0.0,1.0,1.0,0.0
24,10,12.0,10.170529746989107,1.0,0.0,1.0,1.0,1.0,1.0
25,10,6.010631364965993,6.085117961181332,0.0,1.0,0.0,1.0,0.0,0.0
26,10,6.9852545223191616,2.9492360746982627,1.0,1.0,1.0,1.0,0.0,1.0
27,10,9.902859035944376,4.222842367904932,0.0,1.0,0.0,1.0,0.0,1.0
28,10,3.06764882117923,0.1506672351385254,0.0,0.0,1.0,0.0,0.0,1.0
29,10,4.938922200919437,2.0782361233713704,1.0,0.0,0.0,1.0,1.0,0.0
30,10,3.1940703568566597,2.992298674180329,0.0,1.0,0.0,1.0,0.0,0.0
31,10,3.94783221995074,3.187543232889956,1.0,1.0,0.0,0.0,0.0,0.0
32,10,12.0,11.950664928246509,0.0,1.0,1.0,0.0,0.0,0.0
33,10,0.1409009928030742,11.011721918606726,0.0,0.0,0.0,0.0,0.0,0.0
34,10,4.091718309443433,5.059788301404423,1.0,0.0,1.0,0.0,1.0,0.0
35,10,4.034092212747675,0.0884043712724845,0.0,1.0,1.0,0.0,1.0,1.0
36,10,9.90377863984647,5.191497889213929,1.0,0.0,0.0,1.0,1.0,0.0
37,10,5.006995439135577,5.127476992186348,0.0,0.0,0.0,0.0,0.0,0.0
38,10,0.0,8.829983196327364,1.0,0.0,0.0,0.0,1.0,0.0
39,10,8.992721556571817,1.117493829884223,0.0,0.0,0.0,0.0,1.0,0.0
0,15,5.165216683328403,5.09677410211564,1.0,0.0,0.0,1.0,1.0,0.0
1,15,10.843202819714849,4.798518590799905,0.0,0.0,1.0,1.0,1.0,1.0
2,15,5.680817036419465,11.11419309355498,0.0,0.0,0.0,0.0,1.0,0.0
3,15,11.770737968267625,9.968723499123229,0.0,1.0,0.0,1.0,0.0,0.0
4,15,3.13037039574835,5.0330667157876245,1.0,1.0,0.0,1.0,0.0,0.0
5,15,1.8682079946706505,1.1546280083164242,1.0,1.0,0.0,0.0,0.0,1.0
6,15,9.084231083489074,3.1802911886158216,0.0,1.0,1.0,0.0,0.0,1.0
7,15,1.2511047134671414,3.969121767798141,1.0,0.0,1.0,0.0,1.0,0.0
8,15,7.12131889423719,8.266406031430868,0.0,0.0,0.0,1.0,0.0,0.0
9,15,10.971970963896286,3.069066233319034,1.0,0.0,1.0,0.0,1.0,0.0
10,15,1.225130185688848,0.06925727801664,0.0,0.0,1.0,1.0,0.0,1.0
11,15,4.931568231601601,5.179604106245208,0.0,1.0,1.0,0.0,0.0,1.0
12,15,9.973870592935274,3.68557168641402,0.0,1.0,0.0,1.0,0.0,1.0
13,15,5.987006182483825,12.0,0.0,0.0,1.0,0.0,1.0,1.0
14,15,2.064231442831195,7.816404255291,0.0,0.0,1.0,1.0,0.0,0.0
15,15,0.0221866594440655,9.265450279091256,0.0,1.0,0.0,0.0,1.0,0.0
16,15,2.8941646973357407,0.0,1.0,1.0,0.0,0.0,1.0,1.0
17,15,11.84846053352641,7.04334878112155,1.0,1.0,0.0,0.0,0.0,0.0
18,15,5.077008334020927,3.993716870342879,0.0,0.0,0.0,0.0,0.0,1.0
19,15,11.913442763627396,10.774001340507096,0.0,1.0,0.0,1.0,0.0,0.0
20,15,0.0152126512617031,2.08512188642057,1.0,1.0,0.0,0.0,0.0,0.0
21,15,2.699138029696836,10.088474219239062,1.0,0.0,1.0,0.0,0.0,0.0
22,15,0.0,0.8065793486544863,0.0,0.0,1.0,0.0,1.0,1.0
23,15,10.838971011626732,10.789153647370238,0.0,0.0,0.0,1.0,1.0,0.0
24,15,12.0,10.23168849047397,1.0,0.0,1.0,1.0,1.0,1.0
25,15,6.014334070535188,6.1308408275125394,0.0,1.0,0.0,1.0,0.0,0.0
26,15,6.958505250676752,2.9298395361124383,1.0,1.0,1.0,1.0,0.0,1.0
27,15,9.879270439346936,4.27618663155964,0.0,1.0,0.0,1.0,0.0,1.0
28,15,3.083352540845389,0.1876113389122654,0.0,0.0,1.0,0.0,0.0,1.0
29,15,4.939861953865134,2.0770672285506344,1.0,0.0,0.0,1.0,1.0,0.0
30,15,3.23822615586004,2.9904277749827965,0.0,1.0,0.0,1.0,0.0,0.0
31,15,3.923427445764173,3.2643318296777277,1.0,1.0,0.0,0.0,0.0,0.0
32,15,12.0,11.934500717440512,0.0,1.0,1.0,0.0,0.0,0.0
33,15,0.221086559563656,11.016266173804723,0.0,0.0,0.0,0.0,0.0,0.0
34,15,4.150073798618238,5.097489741818045,1.0,0.0,1.0,0.0,1.0,0.0
35,15,4.040197706634045,0.1033081655761928,0.0,1.0,1.0,0.0,1.0,1.0
36,15,9.866301040673472,5.25988485854659,1.0,0.0,0.0,1.0,1.0,0.0
37,15,5.009479432893671,5.169124845068513,0.0,0.0,0.0,0.0,0.0,0.0
38,15,0.0,8.764245182902554,1.0,0.0,0.0,0.0,1.0,0.0
39,15,8.991387952200169,1.1386194488792896,0.0,0.0,0.0,0.0,1.0,0.0
0,20,5.201912275829178,5.118787754154807,1.0,0.0,0.0,1.0,1.0,0.0
1,20,10.792128619322408,4.731505528871051,0.0,0.0,1.0,1.0,1.0,1.0
2,20,5.582006564162273,11.151041577285234,0.0,0.0,0.0,0.0,1.0,0.0
3,20,11.722421690037503,9.962984236321253,0.0,1.0,0.0,1.0,0.0,0.0
4,20,3.15165121160912,5.039357999038641,1.0,1.0,0.0,1.0,0.0,0.0
5,20,1.834981389973121,1.1903602970495768,1.0,1.0,0.0,0.0,0.0,1.0
6,20,9.104648982475537,3.2269801733225214,0.0,1.0,1.0,0.0,0.0,1.0
7,20,1.3236408724254476,3.960418544642675,1.0,0.0,1.0,0.0,1.0,0.0
8,20,7.146758036992578,8.319314676809192,0.0,0.0,0.0,1.0,0.0,0.0
9,20,10.949280004813836,3.059852019168812,1.0,0.0,1.0,0.0,1.0,0.0
10,20,1.288161624179079,0.0889545478918445,0.0,0.0,1.0,1.0,0.0,1.0
11,20,4.918929297926097,5.213919944427159,0.0,1.0,1.0,0.0,0.0,1.0
12,20,9.96665835765372,3.5817423747959785,0.0,1.0,0.0,1.0,0.0,1.0
13,20,5.98485610157549,12.0,0.0,0.0,1.0,0.0,1.0,1.0
14,20,2.072591664923645,7.788299110576155,0.0,0.0,1.0,1.0,0.0,0.0
15,20,0.0274921788682962,9.328359834685015,0.0,1.0,0.0,0.0,1.0,0.0
16,20,2.8636798101313845,0.0,1.0,1.0,0.0,0.0,1.0,1.0
17,20,11.827051128052542,7.043121095341528,1.0,1.0,0.0,0.0,0.0,0.0
18,20,5.072350708834291,3.9940684955386425,0.0,0.0,0.0,0.0,0.0,1.0
19,20,11.89650503017051,10.732409014193555,0.0,1.0,0.0,1.0,0.0,0.0
20,20,0.0362659144987821,2.133902598489316,1.0,1.0,0.0,0.0,0.0,0.0
21,20,2.615096496930676,10.111668252020277,1.0,0.0,1.0,0.0,0.0,0.0
22,20,0.0,0.7620343865189851,0.0,0.0,1.0,0.0,1.0,1.0
23,20,10.79394534369523,10.7319183592064,0.0,0.0,0.0,1.0,1.0,0.0
24,20,12.0,10.311503093960784,1.0,0.0,1.0,1.0,1.0,1.0
25,20,6.01988439171078,6.193665089682492,0.0,1.0,0.0,1.0,0.0,0.0
26,20,6.928746575489807,2.9085388349594163,1.0,1.0,1.0,1.0,0.0,1.0
27,20,9.860166620898612,4.318499127134211,0.0,1.0,0.0,1.0,0.0,1.0
28,20,3.099224215152147,0.2240566299048653,0.0,0.0,1.0,0.0,0.0,1.0
29,20,4.93760999857782,2.079839611099134,1.0,0.0,0.0,1.0,1.0,0.0
30,20,3.286952319011855,2.987781703544887,0.0,1.0,0.0,1.0,0.0,0.0
31,20,3.896295144469174,3.3448701902127187,1.0,1.0,0.0,0.0,0.0,0.0
32,20,12.0,11.912969261528284,0.0,1.0,1.0,0.0,0.0,0.0
33,20,0.3158927599364646,11.020623013148086,0.0,0.0,0.0,0.0,0.0,0.0
34,20,4.203338391353249,5.132012124776515,1.0,0.0,1.0,0.0,1.0,0.0
35,20,4.044515513501173,0.113760336948923,0.0,1.0,1.0,0.0,1.0,1.0
36,20,9.817811332513433,5.351433042475237,1.0,0.0,0.0,1.0,1.0,0.0
37,20,5.013515474407183,5.218974822509644,0.0,0.0,0.0,0.0,0.0,0.0
38,20,0.0,8.697985183896785,1.0,0.0,0.0,0.0,1.0,0.0
39,20,8.989482808855547,1.165954116385023,0.0,0.0,0.0,0.0,1.0,0.0
0,25,5.248768023146684,5.147303484319696,1.0,0.0,0.0,1.0,1.0,0.0
1,25,10.723658588066334,4.639416435588124,0.0,0.0,1.0,1.0,1.0,1.0
2,25,5.481356884765148,11.1877386551493,0.0,0.0,0.0,0.0,1.0,0.0
3,25,11.682419199873197,9.958971541700532,0.0,1.0,0.0,1.0,0.0,0.0
4,25,3.1742574736414757,5.04545616133779,1.0,1.0,0.0,1.0,0.0,0.0
5,25,1.8040721943065157,1.223855119635702,1.0,1.0,0.0,0.0,0.0,1.0
6,25,9.128751237719982,3.28162218471672,0.0,1.0,1.0,0.0,0.0,1.0
7,25,1.3950872470855626,3.948485973685928,1.0,0.0,1.0,0.0,1.0,0.0
8,25,7.171627436301915,8.37130346589004,0.0,0.0,0.0,1.0,0.0,0.0
9,25,10.926028319595398,3.050267498237876,1.0,0.0,1.0,0.0,1.0,0.0
10,25,1.347095936519232,0.1065790157200048,0.0,0.0,1.0,1.0,0.0,1.0
11,25,4.897836832041564,5.27183134928304,0.0,1.0,1.0,0.0,0.0,1.0
12,25,9.957786831437067,3.4701247664753723,0.0,1.0,0.0,1.0,0.0,1.0
13,25,5.981564016997318,12.0,0.0,0.0,1.0,0.0,1.0,1.0
14,25,2.0761014740947807,7.776198664623351,0.0,0.0,1.0,1.0,0.0,0.0
15,25,0.0311074400864646,9.40867228691758,0.0,1.0,0.0,0.0,1.0,0.0
16,25,2.837249843097848,0.0,1.0,1.0,0.0,0.0,1.0,1.0
17,25,11.803118761086385,7.042764836406365,1.0,1.0,0.0,0.0,0.0,0.0
18,25,5.059716553749163,3.994770614794635,0.0,0.0,0.0,0.0,0.0,1.0
19,25,11.879636969438762,10.692004919097046,0.0,1.0,0.0,1.0,0.0,0.0
20,25,0.0508022469484927,2.167198341327052,1.0,1.0,0.0,0.0,0.0,0.0
21,25,2.5410550899948765,10.132110658748015,1.0,0.0,1.0,0.0,0.0,0.0
22,25,0.0,0.7069941092990426,0.0,0.0,1.0,0.0,1.0,1.0
23,25,10.73449579202693,10.652845216907403,0.0,0.0,0.0,1.0,1.0,0.0
24,25,12.0,10.392054110650614,1.0,0.0,1.0,1.0,1.0,1.0
25,25,6.025063683695775,6.259601884311607,0.0,1.0,0.0,1.0,0.0,0.0
26,25,6.908521740914286,2.894269792663996,1.0,1.0,1.0,1.0,0.0,1.0
27,25,9.837613028339147,4.365585174334035,0.0,1.0,0.0,1.0,0.0,1.0
28,25,3.1060386553470027,0.2389834686369912,0.0,0.0,1.0,0.0,0.0,1.0
29,25,4.942572756204061,2.0734239398349104,1.0,0.0,0.0,1.0,1.0,0.0
30,25,3.362227897331433,2.9854640320147765,0.0,1.0,0.0,1.0,0.0,0.0
31,25,3.945229210147957,3.361462419337572,1.0,1.0,0.0,0.0,0.0,0.0
32,25,12.0,11.888946765455469,0.0,1.0,1.0,0.0,0.0,0.0
33,25,0.401997126943606,11.025964895562495,0.0,0.0,0.0,0.0,0.0,0.0
34,25,4.252898083974559,5.162952401786115,1.0,0.0,1.0,0.0,1.0,0.0
35,25,4.052097705712964,0.1325948958370829,0.0,1.0,1.0,0.0,1.0,1.0
36,25,9.762865819248454,5.450542002873583,1.0,0.0,0.0,1.0,1.0,0.0
37,25,5.018400159404751,5.269972692313187,0.0,0.0,0.0,0.0,0.0,0.0
38,25,0.0,8.63248152402062,1.0,0.0,0.0,0.0,1.0,0.0
39,25,8.98623252402572,1.2134811621090955,0.0,0.0,0.0,0.0,1.0,0.0
0,30,5.298491703401301,5.177766903127334,1.0,0.0,0.0,1.0,1.0,0.0
1,30,10.658790986782996,4.55331130522974,0.0,0.0,1.0,1.0,1.0,1.0
2,30,5.399978454100484,11.2162249210151,0.0,0.0,0.0,0.0,1.0,0.0
3,30,11.61759163380794,9.952255367058784,0.0,1.0,0.0,1.0,0.0,0.0
4,30,3.1874466084641084,5.049051449624816,1.0,1.0,0.0,1.0,0.0,0.0
5,30,1.7620926649164077,1.269867590483368,1.0,1.0,0.0,0.0,0.0,1.0
6,30,9.154641544406456,3.3428071444999863,0.0,1.0,1.0,0.0,0.0,1.0
7,30,1.4875963172778026,3.932375182164237,1.0,0.0,1.0,0.0,1.0,0.0
8,30,7.189552361426391,8.410602731757916,0.0,0.0,0.0,1.0,0.0,0.0
9,30,10.9144808458205,3.0457494933575524,1.0,0.0,1.0,0.0,1.0,0.0
10,30,1.3988368482009688,0.1221445156048528,0.0,0.0,1.0,1.0,0.0,1.0
11,30,4.869048484344268,5.3447098502604495,0.0,1.0,1.0,0.0,0.0,1.0
12,30,9.948489436667389,3.357231760149855,0.0,1.0,0.0,1.0,0.0,1.0
13,30,5.979115340119967,12.0,0.0,0.0,1.0,0.0,1.0,1.0
14,30,2.0837371972223218,7.751517234460322,0.0,0.0,1.0,1.0,0.0,0.0
15,30,0.0338933733689853,9.470111290965,0.0,1.0,0.0,0.0,1.0,0.0
16,30,2.8144226918172537,0.0,1.0,1.0,0.0,0.0,1.0,1.0
17,30,11.80481721782634,7.042787486277393,1.0,1.0,0.0,0.0,0.0,0.0
18,30,5.046150012440188,3.995437676011226,0.0,0.0,0.0,0.0,0.0,1.0
19,30,11.862796309768688,10.651107064653631,0.0,1.0,0.0,1.0,0.0,0.0
20,30,0.071311411336363,2.2150158836854605,1.0,1.0,0.0,0.0,0.0,0.0
21,30,2.465556912559294,10.15358833056769,1.0,0.0,1.0,0.0,0.0,0.0
22,30,0.0,0.6315269063979864,0.0,0.0,1.0,0.0,1.0,1.0
23,30,10.676819376638012,10.577083298069097,0.0,0.0,0.0,1.0,1.0,0.0
24,30,12.0,10.477150594555091,1.0,0.0,1.0,1.0,1.0,1.0
25,30,6.029369494342627,6.327363340902544,0.0,1.0,0.0,1.0,0.0,0.0
26,30,6.898350153377307,2.887037760505182,1.0,1.0,1.0,1.0,0.0,1.0
27,30,9.823624539097809,4.395885698981287,0.0,1.0,0.0,1.0,0.0,1.0
28,30,3.1140498085511,0.2566852481978801,0.0,0.0,1.0,0.0,0.0,1.0
29,30,4.938910999721943,2.077929435306902,1.0,0.0,0.0,1.0,1.0,0.0
30,30,3.4627484537171127,2.9840891544629846,0.0,1.0,0.0,1.0,0.0,0.0
31,30,3.983619227530297,3.3743721967385407,1.0,1.0,0.0,0.0,0.0,0.0
32,30,12.0,11.85897281001767,0.0,1.0,1.0,0.0,0.0,0.0
33,30,0.484568518476158,11.029578387890096,0.0,0.0,0.0,0.0,0.0,0.0
34,30,4.311874548171377,5.197631923555766,1.0,0.0,1.0,0.0,1.0,0.0
35,30,4.055417788997416,0.1403921783009012,0.0,1.0,1.0,0.0,1.0,1.0
36,30,9.724888555653893,5.527831674205354,1.0,0.0,0.0,1.0,1.0,0.0
37,30,5.023544298375558,5.31973877604093,0.0,0.0,0.0,0.0,0.0,0.0
38,30,0.0,8.559180473767066,1.0,0.0,0.0,0.0,1.0,0.0
39,30,8.982421623515945,1.2839744150868535,0.0,0.0,0.0,0.0,1.0,0.0
0,35,5.35813804014845,5.212572442205219,1.0,0.0,0.0,1.0,1.0,0.0
1,35,10.594857729702044,4.472470865219888,0.0,0.0,1.0,1.0,1.0,1.0
2,35,5.3353053161686255,11.239608145308765,0.0,0.0,0.0,0.0,1.0,0.0
3,35,11.51840777167648,9.941471253075054,0.0,1.0,0.0,1.0,0.0,0.0
4,35,3.2003440782747448,5.0531643970656885,1.0,1.0,0.0,1.0,0.0,0.0
5,35,1.7111643056192956,1.3259083419105442,1.0,1.0,0.0,0.0,0.0,1.0
6,35,9.190695452441718,3.42395600240498,0.0,1.0,1.0,0.0,0.0,1.0
7,35,1.5909172853931064,3.911894355455584,1.0,0.0,1.0,0.0,1.0,0.0
8,35,7.20590257224365,8.445832255284067,0.0,0.0,0.0,1.0,0.0,0.0
9,35,10.905016795776037,3.0421570574280863,1.0,0.0,1.0,0.0,1.0,0.0
10,35,1.4700130093817096,0.1442555001782209,0.0,0.0,1.0,1.0,0.0,1.0
11,35,4.842836802034141,5.413050860107931,0.0,1.0,1.0,0.0,0.0,1.0
12,35,9.941015826699536,3.256209038229055,0.0,1.0,0.0,1.0,0.0,1.0
13,35,5.977494878285221,12.0,0.0,0.0,1.0,0.0,1.0,1.0
14,35,2.0882920452387803,7.736608825420632,0.0,0.0,1.0,1.0,0.0,0.0
15,35,0.0363389971970739,9.528927845542963,0.0,1.0,0.0,0.0,1.0,0.0
16,35,2.790425053629629,0.0,1.0,1.0,0.0,0.0,1.0,1.0
17,35,11.811748034433313,7.042835298787797,1.0,1.0,0.0,0.0,0.0,0.0
18,35,5.050187103233206,3.9952443474110777,0.0,0.0,0.0,0.0,0.0,1.0
19,35,11.84703287360129,10.611838394338353,0.0,1.0,0.0,1.0,0.0,0.0
20,35,0.0917914116764734,2.2590877129420464,1.0,1.0,0.0,0.0,0.0,0.0
21,35,2.3772194641789466,10.181291686891752,1.0,0.0,1.0,0.0,0.0,0.0
22,35,0.0,0.5609706746958458,0.0,0.0,1.0,0.0,1.0,1.0
23,35,10.60855824369272,10.487756910851733,0.0,0.0,0.0,1.0,1.0,0.0
24,35,12.0,10.580507382001334,1.0,0.0,1.0,1.0,1.0,1.0
25,35,6.0332907985973465,6.386812553431767,0.0,1.0,0.0,1.0,0.0,0.0
26,35,6.8806264448290335,2.8740433599742694,1.0,1.0,1.0,1.0,0.0,1.0
27,35,9.806178978650694,4.431211852052123,0.0,1.0,0.0,1.0,0.0,1.0
28,35,3.1245268987766224,0.278623419140569,0.0,0.0,1.0,0.0,0.0,1.0
29,35,4.93067872305555,2.087723239786217,1.0,0.0,0.0,1.0,1.0,0.0
30,35,3.5669742520000405,2.983765438888661,0.0,1.0,0.0,1.0,0.0,0.0
31,35,4.025138404475498,3.389024753324961,1.0,1.0,0.0,0.0,0.0,0.0
32,35,12.0,11.832791362006564,0.0,1.0,1.0,0.0,0.0,0.0
33,35,0.5574670010400127,11.0332617990079,0.0,0.0,0.0,0.0,0.0,0.0
34,35,4.375222650090269,5.237161577647443,1.0,0.0,1.0,0.0,1.0,0.0
35,35,4.0535535351708845,0.1361918848082847,0.0,1.0,1.0,0.0,1.0,1.0
36,35,9.68445056345711,5.610045814395708,1.0,0.0,0.0,1.0,1.0,0.0
37,35,5.028899614449628,5.372403015386837,0.0,0.0,0.0,0.0,0.0,0.0
38,35,0.0,8.48822302329686,1.0,0.0,0.0,0.0,1.0,0.0
39,35,8.978523880224447,1.369554684420032,0.0,0.0,0.0,0.0,1.0,0.0
0,40,5.401333620827124,5.239056216089762,1.0,0.0,0.0,1.0,1.0,0.0
1,40,10.532805735766642,4.398723336958036,0.0,0.0,1.0,1.0,1.0,1.0
2,40,5.262770767625326,11.26607774376125,0.0,0.0,0.0,0.0,1.0,0.0
3,40,11.422547940996957,9.931247969418354,0.0,1.0,0.0,1.0,0.0,0.0
4,40,3.193757391615471,5.050972786161385,1.0,1.0,0.0,1.0,0.0,0.0
5,40,1.6536866208939722,1.389314388635136,1.0,1.0,0.0,0.0,0.0,1.0
6,40,9.240526346316324,3.531953917898913,0.0,1.0,1.0,0.0,0.0,1.0
7,40,1.696079120015729,3.892000621981458,1.0,0.0,1.0,0.0,1.0,0.0
8,40,7.219088309298915,8.474561272237429,0.0,0.0,0.0,1.0,0.0,0.0
9,40,10.901408040654486,3.040800502000668,1.0,0.0,1.0,0.0,1.0,0.0
10,40,1.5331279624827865,0.1652446847107781,0.0,0.0,1.0,1.0,0.0,1.0
11,40,4.8154462048056255,5.487626836824664,0.0,1.0,1.0,0.0,0.0,1.0
12,40,9.933965471566252,3.1543589722264764,0.0,1.0,0.0,1.0,0.0,1.0
13,40,5.975703831029767,12.0,0.0,0.0,1.0,0.0,1.0,1.0
14,40,2.094581206571243,7.715798422462496,0.0,0.0,1.0,1.0,0.0,0.0
15,40,0.0371933414434771,9.5881236517442,0.0,1.0,0.0,0.0,1.0,0.0
16,40,2.760140757143142,0.0,1.0,1.0,0.0,0.0,1.0,1.0
17,40,11.811591500918365,7.042830520034628,1.0,1.0,0.0,0.0,0.0,0.0
18,40,5.029898462509605,3.995939123272355,0.0,0.0,0.0,0.0,0.0,1.0
19,40,11.82770028001978,10.565396352904282,0.0,1.0,0.0,1.0,0.0,0.0
20,40,0.1068544085481388,2.289977859696045,1.0,1.0,0.0,0.0,0.0,0.0
21,40,2.2896106348948635,10.20753503251691,1.0,0.0,1.0,0.0,0.0,0.0
22,40,0.0,0.4826628030357992,0.0,0.0,1.0,0.0,1.0,1.0
23,40,10.540759187580791,10.39834513509324,0.0,0.0,0.0,1.0,1.0,0.0
24,40,12.0,10.698168193833222,1.0,0.0,1.0,1.0,1.0,1.0
25,40,6.038917511925453,6.4642579987971125,0.0,1.0,0.0,1.0,0.0,0.0
26,40,6.885954812524632,2.877967638305825,1.0,1.0,1.0,1.0,0.0,1.0
27,40,9.786987449248448,4.470631195976905,0.0,1.0,0.0,1.0,0.0,1.0
28,40,3.1343159153940525,0.2985900210369173,0.0,0.0,1.0,0.0,0.0,1.0
29,40,4.938771869175385,2.07782189785674,1.0,0.0,0.0,1.0,1.0,0.0
30,40,3.673725975559293,2.9874387599805057,0.0,1.0,0.0,1.0,0.0,0.0
31,40,4.067444156511632,3.403760791394442,1.0,1.0,0.0,0.0,0.0,0.0
32,40,12.0,11.811509939077776,0.0,1.0,1.0,0.0,0.0,0.0
33,40,0.5599292415528401,10.971003335038676,0.0,0.0,0.0,0.0,0.0,0.0
34,40,4.418112821286106,5.2635211822580965,1.0,0.0,1.0,0.0,1.0,0.0
35,40,4.04745589203865,0.1216708647446657,0.0,1.0,1.0,0.0,1.0,1.0
36,40,9.641039463760356,5.695738161581846,1.0,0.0,0.0,1.0,1.0,0.0
37,40,5.037388879072495,5.447255644416736,0.0,0.0,0.0,0.0,0.0,0.0
38,40,0.0,8.424423445817581,1.0,0.0,0.0,0.0,1.0,0.0
39,40,8.972473063321258,1.4565351111525966,0.0,0.0,0.0,0.0,1.0,0.0
0,45,5.463375856078763,5.278311196182352,1.0,0.0,0.0,1.0,1.0,0.0
1,45,10.451593259838772,4.305336753297353,0.0,0.0,1.0,1.0,1.0,1.0
2,45,5.179092941362005,11.29868034490243,0.0,0.0,0.0,0.0,1.0,0.0
3,45,11.3348315403363,9.923293713097044,0.0,1.0,0.0,1.0,0.0,0.0
4,45,3.1940263599571947,5.051059866124684,1.0,1.0,0.0,1.0,0.0,0.0
5,45,1.6024300580969242,1.4445508066803154,1.0,1.0,0.0,0.0,0.0,1.0
6,45,9.29110720796664,3.644079258152941,0.0,1.0,1.0,0.0,0.0,1.0
7,45,1.804404644892736,3.872680805291114,1.0,0.0,1.0,0.0,1.0,0.0
8,45,7.231624871512625,8.501404398867567,0.0,0.0,0.0,1.0,0.0,0.0
9,45,10.880329231568076,3.0332048569546406,1.0,0.0,1.0,0.0,1.0,0.0
10,45,1.5896172689556602,0.1833361612286012,0.0,0.0,1.0,1.0,0.0,1.0
11,45,4.798475467832117,5.536357280342489,0.0,1.0,1.0,0.0,0.0,1.0
12,45,9.926937897310786,3.063991649789133,0.0,1.0,0.0,1.0,0.0,1.0
13,45,5.973897283664137,12.0,0.0,0.0,1.0,0.0,1.0,1.0
14,45,2.108874325753958,7.664876631733684,0.0,0.0,1.0,1.0,0.0,0.0
15,45,0.0381424388255277,9.645555505970002,0.0,1.0,0.0,0.0,1.0,0.0
16,45,2.725562015641562,0.0,1.0,1.0,0.0,0.0,1.0,1.0
17,45,11.817615040888608,7.043039956263413,1.0,1.0,0.0,0.0,0.0,0.0
18,45,5.031352186020279,3.995911423095734,0.0,0.0,0.0,0.0,0.0,1.0
19,45,11.810114599916671,10.522792232144402,0.0,1.0,0.0,1.0,0.0,0.0
20,45,0.1215688008628115,2.320735642639627,1.0,1.0,0.0,0.0,0.0,0.0
21,45,2.189817619916725,10.232601664814664,1.0,0.0,1.0,0.0,0.0,0.0
22,45,0.0,0.4097683350064036,0.0,0.0,1.0,0.0,1.0,1.0
23,45,10.484247145046426,10.322590497768871,0.0,0.0,0.0,1.0,1.0,0.0
24,45,12.0,10.810752567254204,1.0,0.0,1.0,1.0,1.0,1.0
25,45,6.043566883808522,6.568082327305712,0.0,1.0,0.0,1.0,0.0,0.0
26,45,6.893893241953778,2.884206830674401,1.0,1.0,1.0,1.0,0.0,1.0
27,45,9.762413175837008,4.520707880253499,0.0,1.0,0.0,1.0,0.0,1.0
28,45,3.1513887723126133,0.3364738527801061,0.0,0.0,1.0,0.0,0.0,1.0
29,45,4.948980562331975,2.064913238648311,1.0,0.0,0.0,1.0,1.0,0.0
30,45,3.787683281293989,2.98918976044472,0.0,1.0,0.0,1.0,0.0,0.0
31,45,4.094335422424139,3.41232360411668,1.0,1.0,0.0,0.0,0.0,0.0
32,45,12.0,11.795074872517022,0.0,1.0,1.0,0.0,0.0,0.0
33,45,0.5628454340952564,10.919463567143424,0.0,0.0,0.0,0.0,0.0,0.0
34,45,4.446931646675183,5.281650055552511,1.0,0.0,1.0,0.0,1.0,0.0
35,45,4.039046538492857,0.1023781154179607,0.0,1.0,1.0,0.0,1.0,1.0
36,45,9.597579341518513,5.782987195413174,1.0,0.0,0.0,1.0,1.0,0.0
37,45,5.042450278599267,5.517177172830772,0.0,0.0,0.0,0.0,0.0,0.0
38,45,0.0,8.353856256670415,1.0,0.0,0.0,0.0,1.0,0.0
39,45,8.968309004327855,1.5554067872242758,0.0,0.0,0.0,0.0,1.0,0.0
0,50,5.528049678600021,5.321605671950177,1.0,0.0,0.0,1.0,1.0,0.0
1,50,10.3750299996515,4.21973260238469,0.0,0.0,1.0,1.0,1.0,1.0
2,50,5.100799157974751,11.33021788760066,0.0,0.0,0.0,0.0,1.0,0.0
3,50,11.255285447032794,9.91589345444694,0.0,1.0,0.0,1.0,0.0,0.0
4,50,3.183278418040005,5.047808059074066,1.0,1.0,0.0,1.0,0.0,0.0
5,50,1.545439434334683,1.5083065664791508,1.0,1.0,0.0,0.0,0.0,1.0
6,50,9.343943504352522,3.7539327557114537,0.0,1.0,1.0,0.0,0.0,1.0
7,50,1.9026794807669596,3.8532376734790734,1.0,0.0,1.0,0.0,1.0,0.0
8,50,7.24515098912788,8.53052679705379,0.0,0.0,0.0,1.0,0.0,0.0
9,50,10.857146872549544,3.025583852088647,1.0,0.0,1.0,0.0,1.0,0.0
10,50,1.6405441399080476,0.1997304837059898,0.0,0.0,1.0,1.0,0.0,1.0
11,50,4.781322217676279,5.585890051836854,0.0,1.0,1.0,0.0,0.0,1.0
12,50,9.91980206733973,2.9676798767949126,0.0,1.0,0.0,1.0,0.0,1.0
13,50,5.972738446539905,12.0,0.0,0.0,1.0,0.0,1.0,1.0
14,50,2.122486519316779,7.6179016763879615,0.0,0.0,1.0,1.0,0.0,0.0
15,50,0.039064530983957,9.677228207895473,0.0,1.0,0.0,0.0,1.0,0.0
16,50,2.694755867078064,0.0,1.0,1.0,0.0,0.0,1.0,1.0
17,50,11.836703157953956,7.043097345059616,1.0,1.0,0.0,0.0,0.0,0.0
18,50,5.036459077158351,3.9957190105466167,0.0,0.0,0.0,0.0,0.0,1.0
19,50,11.793736046138182,10.480028374147013,0.0,1.0,0.0,1.0,0.0,0.0
20,50,0.1484900597057047,2.3769427968889483,1.0,1.0,0.0,0.0,0.0,0.0
21,50,2.09762911329318,10.257178670854344,1.0,0.0,1.0,0.0,0.0,0.0
22,50,0.0,0.3204033018114021,0.0,0.0,1.0,0.0,1.0,1.0
23,50,10.434302509300398,10.253083111506385,0.0,0.0,0.0,1.0,1.0,0.0
24,50,12.0,10.941181048020006,1.0,0.0,1.0,1.0,1.0,1.0
25,50,6.050018468695596,6.711146205391047,0.0,1.0,0.0,1.0,0.0,0.0
26,50,6.912034149834948,2.898907875102561,1.0,1.0,1.0,1.0,0.0,1.0
27,50,9.743513119982133,4.55832332799829,0.0,1.0,0.0,1.0,0.0,1.0
28,50,3.1750463353011447,0.3890707146486606,0.0,0.0,1.0,0.0,0.0,1.0
29,50,4.953458753269244,2.059255514380321,1.0,0.0,0.0,1.0,1.0,0.0
30,50,3.9091803575502193,2.9942995968827537,0.0,1.0,0.0,1.0,0.0,0.0
31,50,4.126869409377764,3.422361928193628,1.0,1.0,0.0,0.0,0.0,0.0
32,50,12.0,11.772894171461036,0.0,1.0,1.0,0.0,0.0,0.0
33,50,0.5680183964702229,10.852392431324862,0.0,0.0,0.0,0.0,0.0,0.0
34,50,4.47081965033246,5.296529009724173,1.0,0.0,1.0,0.0,1.0,0.0
35,50,4.023701712424102,0.0650853841682528,0.0,1.0,1.0,0.0,1.0,1.0
36,50,9.553462999873313,5.874342959359424,1.0,0.0,0.0,1.0,1.0,0.0
37,50,5.045741885396039,5.57640206255374,0.0,0.0,0.0,0.0,0.0,0.0
38,50,0.0,8.288780728977303,1.0,0.0,0.0,0.0,1.0,0.0
39,50,8.965276157416046,1.667243028033118,0.0,0.0,0.0,0.0,1.0,0.0
0,55,5.582044453638499,5.357941970206419,1.0,0.0,0.0,1.0,1.0,0.0
1,55,10.309194519346365,4.147721424938104,0.0,0.0,1.0,1.0,1.0,1.0
2,55,5.025745992565656,11.359564760999074,0.0,0.0,0.0,0.0,1.0,0.0
3,55,11.182891466795384,9.90654756493334,0.0,1.0,0.0,1.0,0.0,0.0
4,55,3.1625059793551515,5.041034008409125,1.0,1.0,0.0,1.0,0.0,0.0
5,55,1.4936752597298597,1.5696351335790086,1.0,1.0,0.0,0.0,0.0,1.0
6,55,9.399099425196043,3.8678675696803575,0.0,1.0,1.0,0.0,0.0,1.0
7,55,1.9973949447042108,3.834897207649556,1.0,0.0,1.0,0.0,1.0,0.0
8,55,7.249158258406929,8.539157771585492,0.0,0.0,0.0,1.0,0.0,0.0
9,55,10.820293309186576,3.013624702984006,1.0,0.0,1.0,0.0,1.0,0.0
10,55,1.7081368090088418,0.222839372106419,0.0,0.0,1.0,1.0,0.0,1.0
11,55,4.7699775501692745,5.617595951311799,0.0,1.0,1.0,0.0,0.0,1.0
12,55,9.913397574062486,2.87616876061259,0.0,1.0,0.0,1.0,0.0,1.0
13,55,5.972212746598776,12.0,0.0,0.0,1.0,0.0,1.0,1.0
14,55,2.083935294269617,7.6073561809808865,0.0,0.0,1.0,1.0,0.0,0.0
15,55,0.0392327534291955,9.68172820224925,0.0,1.0,0.0,0.0,1.0,0.0
16,55,2.658685162438386,0.0,1.0,1.0,0.0,0.0,1.0,1.0
17,55,11.847233914090722,7.043235040913136,1.0,1.0,0.0,0.0,0.0,0.0
18,55,5.042570090987874,3.9955517519374775,0.0,0.0,0.0,0.0,0.0,1.0
19,55,11.780440830900153,10.444610030933887,0.0,1.0,0.0,1.0,0.0,0.0
20,55,0.1689117556413215,2.4191101703090325,1.0,1.0,0.0,0.0,0.0,0.0
21,55,2.008104893216599,10.279488043944756,1.0,0.0,1.0,0.0,0.0,0.0
22,55,0.0,0.2509903914895109,0.0,0.0,1.0,0.0,1.0,1.0
23,55,10.387516387061734,10.1868728076249,0.0,0.0,0.0,1.0,1.0,0.0
24,55,12.0,11.04202145450276,1.0,0.0,1.0,1.0,1.0,1.0
25,55,6.053363010182578,6.837730854711907,0.0,1.0,0.0,1.0,0.0,0.0
26,55,6.929447199042736,2.9132867133263867,1.0,1.0,1.0,1.0,0.0,1.0
27,55,9.726092817089809,4.592534154144817,0.0,1.0,0.0,1.0,0.0,1.0
28,55,3.1943514113762617,0.4292022737419082,0.0,0.0,1.0,0.0,0.0,1.0
29,55,4.95720678604067,2.054390514869565,1.0,0.0,0.0,1.0,1.0,0.0
30,55,4.036247106768654,3.0001903279035056,0.0,1.0,0.0,1.0,0.0,0.0
31,55,4.177868534099514,3.4385390284757085,1.0,1.0,0.0,0.0,0.0,0.0
32,55,12.0,11.748632377274507,0.0,1.0,1.0,0.0,0.0,0.0
33,55,0.5731658172584936,10.777913683795584,0.0,0.0,0.0,0.0,0.0,0.0
34,55,4.456839644508679,5.319531353341371,1.0,0.0,1.0,0.0,1.0,0.0
35,55,4.005199569016681,0.0226545338564096,0.0,1.0,1.0,0.0,1.0,1.0
36,55,9.505875097152297,5.970473789252385,1.0,0.0,0.0,1.0,1.0,0.0
37,55,5.0516687851671405,5.653099643772122,0.0,0.0,0.0,0.0,0.0,0.0
38,55,0.0,8.198497393647576,1.0,0.0,0.0,0.0,1.0,0.0
39,55,8.959733426144654,1.7855577400645326,0.0,0.0,0.0,0.0,1.0,0.0
0,60,5.632590551296431,5.393887532050476,1.0,0.0,0.0,1.0,1.0,0.0
1,60,10.234021051725202,4.069385715073743,0.0,0.0,1.0,1.0,1.0,1.0
2,60,4.927302628531462,11.399423445555016,0.0,0.0,0.0,0.0,1.0,0.0
3,60,11.105339392064163,9.897816844837498,0.0,1.0,0.0,1.0,0.0,0.0
4,60,3.140391673335729,5.034103693014422,1.0,1.0,0.0,1.0,0.0,0.0
5,60,1.4370449379025336,1.632801457887243,1.0,1.0,0.0,0.0,0.0,1.0
6,60,9.45941320102959,3.993378828559341,0.0,1.0,1.0,0.0,0.0,1.0
7,60,2.100359471814072,3.815745215742055,1.0,0.0,1.0,0.0,1.0,0.0
8,60,7.262299202809166,8.569187516238287,0.0,0.0,0.0,1.0,0.0,0.0
9,60,10.794440672944688,3.005907445609264,1.0,0.0,1.0,0.0,1.0,0.0
10,60,1.7443891887635248,0.2349208349260363,0.0,0.0,1.0,1.0,0.0,1.0
11,60,4.767839299094743,5.62382950889343,0.0,1.0,1.0,0.0,0.0,1.0
12,60,9.905122551761826,2.7802183978353168,0.0,1.0,0.0,1.0,0.0,1.0
13,60,5.972043609345922,12.0,0.0,0.0,1.0,0.0,1.0,1.0
14,60,2.0763404546572235,7.605315554379247,0.0,0.0,1.0,1.0,0.0,0.0
15,60,0.0393899882412628,9.686446142726371,0.0,1.0,0.0,0.0,1.0,0.0
16,60,2.618299990889253,0.0,1.0,1.0,0.0,0.0,1.0,1.0
17,60,11.839686626935135,7.043159589646019,1.0,1.0,0.0,0.0,0.0,0.0
18,60,5.056660111800325,3.995275550643421,0.0,0.0,0.0,0.0,0.0,1.0
19,60,11.767527688128466,10.409766425412508,0.0,1.0,0.0,1.0,0.0,0.0
20,60,0.1867288595956288,2.457746958885175,1.0,1.0,0.0,0.0,0.0,0.0
21,60,1.9146834132130488,10.303640888865464,1.0,0.0,1.0,0.0,0.0,0.0
22,60,0.0,0.1836952575752265,0.0,0.0,1.0,0.0,1.0,1.0
23,60,10.339553681487716,10.119827615099686,0.0,0.0,0.0,1.0,1.0,0.0
24,60,12.0,11.148077090317695,1.0,0.0,1.0,1.0,1.0,1.0
25,60,6.056980223270965,6.963137274161741,0.0,1.0,0.0,1.0,0.0,0.0
26,60,6.944862712906488,2.9261734159914075,1.0,1.0,1.0,1.0,0.0,1.0
27,60,9.700065522218155,4.644986346294833,0.0,1.0,0.0,1.0,0.0,1.0
28,60,3.210940007134551,0.4639413706187226,0.0,0.0,1.0,0.0,0.0,1.0
29,60,4.957001917617545,2.054662619123828,1.0,0.0,0.0,1.0,1.0,0.0
30,60,4.1747210278547655,3.004818541647612,0.0,1.0,0.0,1.0,0.0,0.0
31,60,4.217248973526878,3.450092996157632,1.0,1.0,0.0,0.0,0.0,0.0
32,60,12.0,11.722662597232215,0.0,1.0,1.0,0.0,0.0,0.0
33,60,0.5813385735211688,10.690887724768276,0.0,0.0,0.0,0.0,0.0,0.0
34,60,4.447405434248635,5.335439964413268,1.0,0.0,1.0,0.0,1.0,0.0
35,60,3.987106356334112,0.0,0.0,1.0,1.0,0.0,1.0,1.0
36,60,9.45733884176628,6.078779092164066,1.0,0.0,0.0,1.0,1.0,0.0
37,60,5.056575712792605,5.735206595165378,0.0,0.0,0.0,0.0,0.0,0.0
38,60,0.0,8.115265752661875,1.0,0.0,0.0,0.0,1.0,0.0
39,60,8.954526648221151,1.9148416594833733,0.0,0.0,0.0,0.0,1.0,0.0
0,65,5.677279469559729,5.425243425700838,1.0,0.0,0.0,1.0,1.0,0.0
1,65,10.150560038536652,3.989856096369478,0.0,0.0,1.0,1.0,1.0,1.0
2,65,4.828875104933398,11.44212337394694,0.0,0.0,0.0,0.0,1.0,0.0
3,65,11.043373254548175,9.890531154137143,0.0,1.0,0.0,1.0,0.0,0.0
4,65,3.1155136528441227,5.025562674110677,1.0,1.0,0.0,1.0,0.0,0.0
5,65,1.3827560192386843,1.6934296772606825,1.0,1.0,0.0,0.0,0.0,1.0
6,65,9.522336465875,4.124682821060954,0.0,1.0,1.0,0.0,0.0,1.0
7,65,2.2042990012126507,3.798457855458156,1.0,0.0,1.0,0.0,1.0,0.0
8,65,7.27078599700177,8.58880626637676,0.0,0.0,0.0,1.0,0.0,0.0
9,65,10.76141995637642,2.995977839386625,1.0,0.0,1.0,0.0,1.0,0.0
10,65,1.771918426779337,0.2442432314999531,0.0,0.0,1.0,1.0,0.0,1.0
11,65,4.769135785682296,5.619848682012687,0.0,1.0,1.0,0.0,0.0,1.0
12,65,9.902019851741718,2.6741221446215127,0.0,1.0,0.0,1.0,0.0,1.0
13,65,5.971022288738291,12.0,0.0,0.0,1.0,0.0,1.0,1.0
14,65,2.045286349912004,7.597693422552504,0.0,0.0,1.0,1.0,0.0,0.0
15,65,0.0399683844097017,9.701294422506033,0.0,1.0,0.0,0.0,1.0,0.0
16,65,2.5686071195910154,0.0,1.0,1.0,0.0,0.0,1.0,1.0
17,65,11.815386839158634,7.043489949571195,1.0,1.0,0.0,0.0,0.0,0.0
18,65,5.081067882919527,3.994981144660067,0.0,0.0,0.0,0.0,0.0,1.0
19,65,11.762320724573213,10.39516266979314,0.0,1.0,0.0,1.0,0.0,0.0
20,65,0.2076707723640615,2.505191674207873,1.0,1.0,0.0,0.0,0.0,0.0
21,65,1.8076848985874288,10.327809559069294,1.0,0.0,1.0,0.0,0.0,0.0
22,65,0.0,0.1257728245970269,0.0,0.0,1.0,0.0,1.0,1.0
23,65,10.282035130524529,10.043121515160452,0.0,0.0,0.0,1.0,1.0,0.0
24,65,12.0,11.244508110257172,1.0,0.0,1.0,1.0,1.0,1.0
25,65,6.062432027220009,7.07927877606771,0.0,1.0,0.0,1.0,0.0,0.0
26,65,6.962682497392658,2.941590157963274,1.0,1.0,1.0,1.0,0.0,1.0
27,65,9.669819221744392,4.705018177384916,0.0,1.0,0.0,1.0,0.0,1.0
28,65,3.2187419013330376,0.4807811549919865,0.0,0.0,1.0,0.0,0.0,1.0
29,65,4.951902942503748,2.061595947687485,1.0,0.0,0.0,1.0,1.0,0.0
30,65,4.297531486849946,3.006691715097163,0.0,1.0,0.0,1.0,0.0,0.0
31,65,4.266587190731992,3.4635769205527365,1.0,1.0,0.0,0.0,0.0,0.0
32,65,12.0,11.686728391885524,0.0,1.0,1.0,0.0,0.0,0.0
33,65,0.589330299078809,10.619745924087438,0.0,0.0,0.0,0.0,0.0,0.0
34,65,4.437966098611805,5.351734566150705,1.0,0.0,1.0,0.0,1.0,0.0
35,65,3.973141420063316,0.0,0.0,1.0,1.0,0.0,1.0,1.0
36,65,9.41296390476558,6.174754551025936,1.0,0.0,0.0,1.0,1.0,0.0
37,65,5.064404486168428,5.817559758879598,0.0,0.0,0.0,0.0,0.0,0.0
38,65,0.0782967786480198,8.093802784441673,1.0,0.0,0.0,0.0,1.0,0.0
39,65,8.949954989810962,2.0490831229993405,0.0,0.0,0.0,0.0,1.0,0.0
0,70,5.728622932785335,5.459517613293454,1.0,0.0,0.0,1.0,1.0,0.0
1,70,10.056442740617976,3.8996377303122607,0.0,0.0,1.0,1.0,1.0,1.0
2,70,4.744700279750611,11.477844371623895,0.0,0.0,0.0,0.0,1.0,0.0
3,70,10.980464315064385,9.881121418223415,0.0,1.0,0.0,1.0,0.0,0.0
4,70,3.090098649851482,5.01684309808201,1.0,1.0,0.0,1.0,0.0,0.0
5,70,1.3222797267457036,1.7618338356128147,1.0,1.0,0.0,0.0,0.0,1.0
6,70,9.58169417259588,4.252697789331669,0.0,1.0,1.0,0.0,0.0,1.0
7,70,2.3069725131412686,3.780380348022636,1.0,0.0,1.0,0.0,1.0,0.0
8,70,7.28126112663688,8.613389103554475,0.0,0.0,0.0,1.0,0.0,0.0
9,70,10.741475788012794,2.9895939110868084,1.0,0.0,1.0,0.0,1.0,0.0
10,70,1.7990259532102215,0.2525964181465643,0.0,0.0,1.0,1.0,0.0,1.0
11,70,4.773750645764755,5.60575858871673,0.0,1.0,1.0,0.0,0.0,1.0
12,70,9.898619489365268,2.550353677836097,0.0,1.0,0.0,1.0,0.0,1.0
13,70,5.969795739008225,12.0,0.0,0.0,1.0,0.0,1.0,1.0
14,70,2.0125758150674637,7.589829458197975,0.0,0.0,1.0,1.0,0.0,0.0
15,70,0.0413985137322138,9.727430132716009,0.0,1.0,0.0,0.0,1.0,0.0
16,70,2.501229376793466,0.0,1.0,1.0,0.0,0.0,1.0,1.0
17,70,11.801531125014058,7.043513194824617,1.0,1.0,0.0,0.0,0.0,0.0
18,70,5.104873388543707,3.994459394212724,0.0,0.0,0.0,0.0,0.0,1.0
19,70,11.761420844227873,10.392502411237505,0.0,1.0,0.0,1.0,0.0,0.0
20,70,0.2248505465769711,2.544869148284917,1.0,1.0,0.0,0.0,0.0,0.0
21,70,1.6920188521479278,10.3539541376965,1.0,0.0,1.0,0.0,0.0,0.0
22,70,0.0,0.0664326458738251,0.0,0.0,1.0,0.0,1.0,1.0
23,70,10.219481979493994,9.960195163598128,0.0,0.0,0.0,1.0,1.0,0.0
24,70,12.0,11.321760559685746,1.0,0.0,1.0,1.0,1.0,1.0
25,70,6.070284897314916,7.20296364123438,0.0,1.0,0.0,1.0,0.0,0.0
26,70,6.981669147175761,2.9584448800303966,1.0,1.0,1.0,1.0,0.0,1.0
27,70,9.640671224933952,4.769539145581755,0.0,1.0,0.0,1.0,0.0,1.0
28,70,3.2334434744360108,0.5141179953667515,0.0,0.0,1.0,0.0,0.0,1.0
29,70,4.940151570763171,2.0781086935027338,1.0,0.0,0.0,1.0,1.0,0.0
30,70,4.434722938663408,3.0065317739388027,0.0,1.0,0.0,1.0,0.0,0.0
31,70,4.324576588116068,3.477249295415782,1.0,1.0,0.0,0.0,0.0,0.0
32,70,12.0,11.65075120378845,0.0,1.0,1.0,0.0,0.0,0.0
33,70,0.5989450610522825,10.54446532577309,0.0,0.0,0.0,0.0,0.0,0.0
34,70,4.418363656094973,5.386986096112545,1.0,0.0,1.0,0.0,1.0,0.0
35,70,3.9584053481017705,0.0,0.0,1.0,1.0,0.0,1.0,1.0
36,70,9.376167939870824,6.262275120398739,1.0,0.0,0.0,1.0,1.0,0.0
37,70,5.073112232422161,5.9133682246374,0.0,0.0,0.0,0.0,0.0,0.0
38,70,0.1636800833351785,8.069921891546327,1.0,0.0,0.0,0.0,1.0,0.0
39,70,8.941760231623883,2.1783125224181488,0.0,0.0,0.0,0.0,1.0,0.0
0,75,5.773291982018367,5.490448190752534,1.0,0.0,0.0,1.0,1.0,0.0
1,75,9.968922108502008,3.814873321008033,0.0,0.0,1.0,1.0,1.0,1.0
2,75,4.646015194822307,11.51875289299401,0.0,0.0,0.0,0.0,1.0,0.0
3,75,10.91552337340535,9.87034148129208,0.0,1.0,0.0,1.0,0.0,0.0
4,75,3.071206326057099,5.010506258760266,1.0,1.0,0.0,1.0,0.0,0.0
5,75,1.262151256339334,1.82696098544572,1.0,1.0,0.0,0.0,0.0,1.0
6,75,9.648253297820665,4.404434328848357,0.0,1.0,1.0,0.0,0.0,1.0
7,75,2.390785830849531,3.7652154105250335,1.0,0.0,1.0,0.0,1.0,0.0
8,75,7.283893313345887,8.62016004619806,0.0,0.0,0.0,1.0,0.0,0.0
9,75,10.736807308723924,2.988077981942829,1.0,0.0,1.0,0.0,1.0,0.0
10,75,1.8241767465942036,0.2606400481622425,0.0,0.0,1.0,1.0,0.0,1.0
11,75,4.776593403201384,5.59638077735046,0.0,1.0,1.0,0.0,0.0,1.0
12,75,9.896572337430198,2.4398624890658684,0.0,1.0,0.0,1.0,0.0,1.0
13,75,5.967505108972608,12.0,0.0,0.0,1.0,0.0,1.0,1.0
14,75,1.9831746506688503,7.582451950240173,0.0,0.0,1.0,1.0,0.0,0.0
15,75,0.0430853168736505,9.761584158065816,0.0,1.0,0.0,0.0,1.0,0.0
16,75,2.421236658437177,0.0,1.0,1.0,0.0,0.0,1.0,1.0
17,75,11.778542933708485,7.043776841843725,1.0,1.0,0.0,0.0,0.0,0.0
18,75,5.137331271520833,3.993544865350255,0.0,0.0,0.0,0.0,0.0,1.0
19,75,11.758627462980636,10.383317934451169,0.0,1.0,0.0,1.0,0.0,0.0
20,75,0.2512603119979669,2.6050436847157927,1.0,1.0,0.0,0.0,0.0,0.0
21,75,1.5829093793691915,10.376654044525404,1.0,0.0,1.0,0.0,0.0,0.0
22,75,0.0,0.003670434520575,0.0,0.0,1.0,0.0,1.0,1.0
23,75,10.165245525454909,9.884974154782691,0.0,0.0,0.0,1.0,1.0,0.0
24,75,12.0,11.414786451171445,1.0,0.0,1.0,1.0,1.0,1.0
25,75,6.079132832900154,7.317852732014539,0.0,1.0,0.0,1.0,0.0,0.0
26,75,6.995945047467699,2.971317590202735,1.0,1.0,1.0,1.0,0.0,1.0
27,75,9.61738725081806,4.821126862546243,0.0,1.0,0.0,1.0,0.0,1.0
28,75,3.2563151787031206,0.5602432040593165,0.0,0.0,1.0,0.0,0.0,1.0
29,75,4.921159999303157,2.1040366032258886,1.0,0.0,0.0,1.0,1.0,0.0
30,75,4.564265859017005,3.005147399270098,0.0,1.0,0.0,1.0,0.0,0.0
31,75,4.3898930680069705,3.49243488783527,1.0,1.0,0.0,0.0,0.0,0.0
32,75,12.0,11.61457935066534,0.0,1.0,1.0,0.0,0.0,0.0
33,75,0.6089529653447816,10.459809959815292,0.0,0.0,0.0,0.0,0.0,0.0
34,75,4.401111653830029,5.416740660908564,1.0,0.0,1.0,0.0,1.0,0.0
35,75,3.945555910019376,0.0,0.0,1.0,1.0,0.0,1.0,1.0
36,75,9.34351746839032,6.343244262013188,1.0,0.0,0.0,1.0,1.0,0.0
37,75,5.079357466452068,5.990625515780164,0.0,0.0,0.0,0.0,0.0,0.0
38,75,0.2509157437485321,8.04535182080928,1.0,0.0,0.0,0.0,1.0,0.0
39,75,8.93264714376761,2.325090974157827,0.0,0.0,0.0,0.0,1.0,0.0
0,80,5.799576536444134,5.508549301784139,1.0,0.0,0.0,1.0,1.0,0.0
1,80,9.885183183612094,3.73622905160864,0.0,0.0,1.0,1.0,1.0,1.0
2,80,4.553217177959121,11.556658273808962,0.0,0.0,0.0,0.0,1.0,0.0
3,80,10.8540248295127,9.860556350635896,0.0,1.0,0.0,1.0,0.0,0.0
4,80,3.0643761274973653,5.00837559854924,1.0,1.0,0.0,1.0,0.0,0.0
5,80,1.204700935335857,1.8875879244683007,1.0,1.0,0.0,0.0,0.0,1.0
6,80,9.712433456577475,4.549138161478907,0.0,1.0,1.0,0.0,0.0,1.0
7,80,2.486869438782646,3.74993432439918,1.0,0.0,1.0,0.0,1.0,0.0
8,80,7.295712344838205,8.650235069896873,0.0,0.0,0.0,1.0,0.0,0.0
9,80,10.745150771976988,2.9906756979515032,1.0,0.0,1.0,0.0,1.0,0.0
10,80,1.8668365624234369,0.2741641840342086,0.0,0.0,1.0,1.0,0.0,1.0
11,80,4.780121562830143,5.584955469849398,0.0,1.0,1.0,0.0,0.0,1.0
12,80,9.896407595552054,2.3503864627357687,0.0,1.0,0.0,1.0,0.0,1.0
13,80,5.96572680593718,12.0,0.0,0.0,1.0,0.0,1.0,1.0
14,80,1.9493827806401247,7.572815144150399,0.0,0.0,1.0,1.0,0.0,0.0
15,80,0.0444284842566984,9.786910807502382,0.0,1.0,0.0,0.0,1.0,0.0
16,80,2.3438842936117363,0.0,1.0,1.0,0.0,0.0,1.0,1.0
17,80,11.760883112288877,7.044127194279013,1.0,1.0,0.0,0.0,0.0,0.0
18,80,5.168675540686037,3.992556440997462,0.0,0.0,0.0,0.0,0.0,1.0
19,80,11.751091559609437,10.359007375502925,0.0,1.0,0.0,1.0,0.0,0.0
20,80,0.276422429469314,2.663425197423524,1.0,1.0,0.0,0.0,0.0,0.0
21,80,1.4790794321596776,10.395994759207154,1.0,0.0,1.0,0.0,0.0,0.0
22,80,0.0,0.0,0.0,0.0,1.0,0.0,1.0,1.0
23,80,10.11163849683768,9.80922016593191,0.0,0.0,0.0,1.0,1.0,0.0
24,80,12.0,11.492475564218166,1.0,0.0,1.0,1.0,1.0,1.0
25,80,6.088651826468686,7.460443179463513,0.0,1.0,0.0,1.0,0.0,0.0
26,80,7.004965558541518,2.979649954146661,1.0,1.0,1.0,1.0,0.0,1.0
27,80,9.59502626500939,4.871953484219592,0.0,1.0,0.0,1.0,0.0,1.0
28,80,3.2664582256197208,0.5812039106556413,0.0,0.0,1.0,0.0,0.0,1.0
29,80,4.914278359699834,2.113499671927226,1.0,0.0,0.0,1.0,1.0,0.0
30,80,4.685940376437006,3.004304291478185,0.0,1.0,0.0,1.0,0.0,0.0
31,80,4.452876212780567,3.506057092558972,1.0,1.0,0.0,0.0,0.0,0.0
32,80,12.0,11.579345851388188,0.0,1.0,1.0,0.0,0.0,0.0
33,80,0.6199934798286426,10.360692379386782,0.0,0.0,0.0,0.0,0.0,0.0
34,80,4.383606077295257,5.445459409774359,1.0,0.0,1.0,0.0,1.0,0.0
35,80,3.940126076061784,0.0,0.0,1.0,1.0,0.0,1.0,1.0
36,80,9.314502861803524,6.417879612190385,1.0,0.0,0.0,1.0,1.0,0.0
37,80,5.085250570074192,6.04145095417763,0.0,0.0,0.0,0.0,0.0,0.0
38,80,0.3449601400384778,8.015620192035762,1.0,0.0,0.0,0.0,1.0,0.0
39,80,8.9253896674025,2.4720040247321755,0.0,0.0,0.0,0.0,1.0,0.0
0,85,5.814107923429831,5.518855423575234,1.0,0.0,0.0,1.0,1.0,0.0
1,85,9.804929826219206,3.659439959603811,0.0,0.0,1.0,1.0,1.0,1.0
2,85,4.465955805433092,11.59191927858444,0.0,0.0,0.0,0.0,1.0,0.0
3,85,10.77510275338069,9.848465930793934,0.0,1.0,0.0,1.0,0.0,0.0
4,85,3.084272907984177,5.015278711807663,1.0,1.0,0.0,1.0,0.0,0.0
5,85,1.1593194210911286,1.9361025868482429,1.0,1.0,0.0,0.0,0.0,1.0
6,85,9.77572134072452,4.691080165744473,0.0,1.0,1.0,0.0,0.0,1.0
7,85,2.5918854830987805,3.735486784654037,1.0,0.0,1.0,0.0,1.0,0.0
8,85,7.313702634942017,8.695321775346072,0.0,0.0,0.0,1.0,0.0,0.0
9,85,10.763478534955906,2.996469806865918,1.0,0.0,1.0,0.0,1.0,0.0
10,85,1.9104826386287408,0.287753057968884,0.0,0.0,1.0,1.0,0.0,1.0
11,85,4.7816989535372585,5.580107072170943,0.0,1.0,1.0,0.0,0.0,1.0
12,85,9.894834597808131,2.27934097264502,0.0,1.0,0.0,1.0,0.0,1.0
13,85,5.9631426167823065,12.0,0.0,0.0,1.0,0.0,1.0,1.0
14,85,1.9130182306682413,7.562288535444495,0.0,0.0,1.0,1.0,0.0,0.0
15,85,0.0444939554361017,9.788230667475146,0.0,1.0,0.0,0.0,1.0,0.0
16,85,2.267991334667143,0.0,1.0,1.0,0.0,0.0,1.0,1.0
17,85,11.761385509541654,7.044100512796765,1.0,1.0,0.0,0.0,0.0,0.0
18,85,5.1989427210045855,3.9926740390833175,0.0,0.0,0.0,0.0,0.0,1.0
19,85,11.746300989262233,10.34314803472971,0.0,1.0,0.0,1.0,0.0,0.0
20,85,0.3023685632093496,2.726849696354663,1.0,1.0,0.0,0.0,0.0,0.0
21,85,1.3757702911107927,10.412183056336124,1.0,0.0,1.0,0.0,0.0,0.0
22,85,0.0,0.0,0.0,0.0,1.0,0.0,1.0,1.0
23,85,10.055167561650489,9.732599232210802,0.0,0.0,0.0,1.0,1.0,0.0
24,85,12.0,11.549265385352829,1.0,0.0,1.0,1.0,1.0,1.0
25,85,6.093769981685369,7.563019546517493,0.0,1.0,0.0,1.0,0.0,0.0
26,85,7.006177479040865,2.980784260673633,1.0,1.0,1.0,1.0,0.0,1.0
27,85,9.571613853522084,4.927622035964606,0.0,1.0,0.0,1.0,0.0,1.0
28,85,3.277044744287856,0.6026553864687078,0.0,0.0,1.0,0.0,0.0,1.0
29,85,4.925370652843829,2.0970897723249746,1.0,0.0,0.0,1.0,1.0,0.0
30,85,4.801057878198955,3.000926095293738,0.0,1.0,0.0,1.0,0.0,0.0
31,85,4.509351527882823,3.5187402216352472,1.0,1.0,0.0,0.0,0.0,0.0
32,85,12.0,11.547199099520968,0.0,1.0,1.0,0.0,0.0,0.0
33,85,0.6311804644317361,10.27657137885409,0.0,0.0,0.0,0.0,0.0,0.0
34,85,4.362806519608703,5.478685345268044,1.0,0.0,1.0,0.0,1.0,0.0
35,85,3.929189931702901,0.0,0.0,1.0,1.0,0.0,1.0,1.0
36,85,9.28909539318465,6.482683102192199,1.0,0.0,0.0,1.0,1.0,0.0
37,85,5.093214853112704,6.096657385716005,0.0,0.0,0.0,0.0,0.0,0.0
38,85,0.4323241041767446,7.9887172360678065,1.0,0.0,0.0,0.0,1.0,0.0
39,85,8.922750343211733,2.6159338205912586,0.0,0.0,0.0,0.0,1.0,0.0
0,90,5.82274783407902,5.52488201426173,1.0,0.0,0.0,1.0,1.0,0.0
1,90,9.724478666818769,3.5816257659517845,0.0,0.0,1.0,1.0,1.0,1.0
2,90,4.371864644483248,11.632960687844175,0.0,0.0,0.0,0.0,1.0,0.0
3,90,10.693212033672138,9.837867670603728,0.0,1.0,0.0,1.0,0.0,0.0
4,90,3.1042939265698597,5.022779860821908,1.0,1.0,0.0,1.0,0.0,0.0
5,90,1.105811695879125,1.8847414635324589,1.0,1.0,0.0,0.0,0.0,1.0
6,90,9.849188142343625,4.856781845990748,0.0,1.0,1.0,0.0,0.0,1.0
7,90,2.696300914783932,3.721908841757095,1.0,0.0,1.0,0.0,1.0,0.0
8,90,7.332471577535776,8.743377278240533,0.0,0.0,0.0,1.0,0.0,0.0
9,90,10.79672693952457,3.007287531621741,1.0,0.0,1.0,0.0,1.0,0.0
10,90,1.974000949367764,0.3063771093421732,0.0,0.0,1.0,1.0,0.0,1.0
11,90,4.77957093460167,5.586647845892042,0.0,1.0,1.0,0.0,0.0,1.0
12,90,9.894210771473768,2.217234342829646,0.0,1.0,0.0,1.0,0.0,1.0
13,90,5.961970647301368,12.0,0.0,0.0,1.0,0.0,1.0,1.0
14,90,1.90481410309195,7.560017727129936,0.0,0.0,1.0,1.0,0.0,0.0
15,90,0.0448792038412196,9.793084166135424,0.0,1.0,0.0,0.0,1.0,0.0
16,90,2.188030175683997,0.0,1.0,1.0,0.0,0.0,1.0,1.0
17,90,11.751690155441732,7.044634403696604,1.0,1.0,0.0,0.0,0.0,0.0
18,90,5.217326387353569,3.993216036117396,0.0,0.0,0.0,0.0,0.0,1.0
19,90,11.745042606966496,10.339179995780254,0.0,1.0,0.0,1.0,0.0,0.0
20,90,0.3319147994040231,2.800536070960006,1.0,1.0,0.0,0.0,0.0,0.0
21,90,1.2841673559693083,10.429384369186948,1.0,0.0,1.0,0.0,0.0,0.0
22,90,0.0,0.0,0.0,0.0,1.0,0.0,1.0,1.0
23,90,10.017705101955675,9.681298236199233,0.0,0.0,0.0,1.0,1.0,0.0
24,90,12.0,11.610243252523754,1.0,0.0,1.0,1.0,1.0,1.0
25,90,6.096756662618295,7.684444856400018,0.0,1.0,0.0,1.0,0.0,0.0
26,90,7.002827244500306,2.977632564031828,1.0,1.0,1.0,1.0,0.0,1.0
27,90,9.53998266853,5.001674009349017,0.0,1.0,0.0,1.0,0.0,1.0
28,90,3.288803014859452,0.6276374189730446,0.0,0.0,1.0,0.0,0.0,1.0
29,90,4.94916129898459,2.062851469480917,1.0,0.0,0.0,1.0,1.0,0.0
30,90,4.908108897690338,2.9959053923019567,0.0,1.0,0.0,1.0,0.0,0.0
31,90,4.580090869224735,3.5347371058041075,1.0,1.0,0.0,0.0,0.0,0.0
32,90,12.0,11.522921245959878,0.0,1.0,1.0,0.0,0.0,0.0
33,90,0.6447491509776966,10.180467759495604,0.0,0.0,0.0,0.0,0.0,0.0
34,90,4.336869551932041,5.519661130274337,1.0,0.0,1.0,0.0,1.0,0.0
35,90,3.9222888731112975,0.0,0.0,1.0,1.0,0.0,1.0,1.0
36,90,9.26689786138819,6.53624567779909,1.0,0.0,0.0,1.0,1.0,0.0
37,90,5.096838834725049,6.126281917347124,0.0,0.0,0.0,0.0,0.0,0.0
38,90,0.5233474210201935,7.959748600978829,1.0,0.0,0.0,0.0,1.0,0.0
39,90,8.91652447068618,2.788074958944503,0.0,0.0,0.0,0.0,1.0,0.0
0,95,5.853090848759739,5.546432177175102,1.0,0.0,0.0,1.0,1.0,0.0
1,95,9.648273787975697,3.508694524741151,0.0,0.0,1.0,1.0,1.0,1.0
2,95,4.306579329251827,11.66073385641953,0.0,0.0,0.0,0.0,1.0,0.0
3,95,10.607191058801194,9.82567489960132,0.0,1.0,0.0,1.0,0.0,0.0
4,95,3.127187727122109,5.031130830360695,1.0,1.0,0.0,1.0,0.0,0.0
5,95,1.0389417878101714,1.820254969172579,1.0,1.0,0.0,0.0,0.0,1.0
6,95,9.929321010162845,5.029175178492547,0.0,1.0,1.0,0.0,0.0,1.0
7,95,2.8105390259587737,3.70635280524162,1.0,0.0,1.0,0.0,1.0,0.0
8,95,7.35545645649845,8.799917305413246,0.0,0.0,0.0,1.0,0.0,0.0
9,95,10.834959167285971,3.019583866202731,1.0,0.0,1.0,0.0,1.0,0.0
10,95,2.01770566687761,0.3197153872872221,0.0,0.0,1.0,1.0,0.0,1.0
11,95,4.775988403380389,5.596705248620788,0.0,1.0,1.0,0.0,0.0,1.0
12,95,9.894890524625604,2.1393859970131506,0.0,1.0,0.0,1.0,0.0,1.0
13,95,5.9629520843562505,12.0,0.0,0.0,1.0,0.0,1.0,1.0
14,95,1.8917136039867,7.556102417390584,0.0,0.0,1.0,1.0,0.0,0.0
15,95,0.0452797758193137,9.80119692554882,0.0,1.0,0.0,0.0,1.0,0.0
16,95,2.1129220686898624,0.0,1.0,1.0,0.0,0.0,1.0,1.0
17,95,11.742055918856607,7.045355292068593,1.0,1.0,0.0,0.0,0.0,0.0
18,95,5.236020961751649,3.993939271904086,0.0,0.0,0.0,0.0,0.0,1.0
19,95,11.745930065819856,10.341892433724754,0.0,1.0,0.0,1.0,0.0,0.0
20,95,0.3619535851967976,2.8715240018319133,1.0,1.0,0.0,0.0,0.0,0.0
21,95,1.197254790985052,10.447188149330488,1.0,0.0,1.0,0.0,0.0,0.0
22,95,0.0,0.0,0.0,0.0,1.0,0.0,1.0,1.0
23,95,9.988754309975729,9.6399533231127,0.0,0.0,0.0,1.0,1.0,0.0
24,95,12.0,11.677693456732728,1.0,0.0,1.0,1.0,1.0,1.0
25,95,6.100685203961787,7.784203788172162,0.0,1.0,0.0,1.0,0.0,0.0
26,95,6.99632873862288,2.9717455257681222,1.0,1.0,1.0,1.0,0.0,1.0
27,95,9.507808051643096,5.078957619991685,0.0,1.0,0.0,1.0,0.0,1.0
28,95,3.2992356449533977,0.6492498265022097,0.0,0.0,1.0,0.0,0.0,1.0
29,95,4.968486780077932,2.035370579514576,1.0,0.0,0.0,1.0,1.0,0.0
30,95,5.0153644410191225,2.991683078577296,0.0,1.0,0.0,1.0,0.0,0.0
31,95,4.65001232632366,3.55035123702851,1.0,1.0,0.0,0.0,0.0,0.0
32,95,12.0,11.499669810904685,0.0,1.0,1.0,0.0,0.0,0.0
33,95,0.6601156919306399,10.092371106911456,0.0,0.0,0.0,0.0,0.0,0.0
34,95,4.303804707374581,5.571270191789328,1.0,0.0,1.0,0.0,1.0,0.0
35,95,3.9167643869760833,0.0,0.0,1.0,1.0,0.0,1.0,1.0
36,95,9.236102010396616,6.603217723379442,1.0,0.0,0.0,1.0,1.0,0.0
37,95,5.100829738175453,6.158235984986408,0.0,0.0,0.0,0.0,0.0,0.0
38,95,0.6323101628040907,7.926623197940883,1.0,0.0,0.0,0.0,1.0,0.0
39,95,8.91459907466913,2.9635781059623585,0.0,0.0,0.0,0.0,1.0,0.0
0,100,5.901173215940428,5.5799310332494105,1.0,0.0,0.0,1.0,1.0,0.0
1,100,9.566571836074324,3.5924198059631816,0.0,0.0,1.0,1.0,1.0,1.0
2,100,4.236515457529085,11.692198154293946,0.0,0.0,0.0,0.0,1.0,0.0
3,100,10.508968919466186,9.813138112362582,0.0,1.0,0.0,1.0,0.0,0.0
4,100,3.173555786770814,5.048512706892512,1.0,1.0,0.0,1.0,0.0,0.0
5,100,0.9794435669613208,1.761527369108137,1.0,1.0,0.0,0.0,0.0,1.0
6,100,10.00565389012288,5.201861785168364,0.0,1.0,1.0,0.0,0.0,1.0
7,100,2.907623535905124,3.693721612538517,1.0,0.0,1.0,0.0,1.0,0.0
8,100,7.371460010829322,8.837504786339755,0.0,0.0,0.0,1.0,0.0,0.0
9,100,10.874099207001246,3.0334365572227444,1.0,0.0,1.0,0.0,1.0,0.0
10,100,2.066114206848788,0.3342009893721253,0.0,0.0,1.0,1.0,0.0,1.0
11,100,4.771829512928224,5.608824315204938,0.0,1.0,1.0,0.0,0.0,1.0
12,100,9.895840619308917,2.0713685386967,0.0,1.0,0.0,1.0,0.0,1.0
13,100,5.961223091223942,12.0,0.0,0.0,1.0,0.0,1.0,1.0
14,100,1.885057509638456,7.554131234786573,0.0,0.0,1.0,1.0,0.0,0.0
15,100,0.0467001593132729,9.834796787317153,0.0,1.0,0.0,0.0,1.0,0.0
16,100,2.055704914310577,0.0,1.0,1.0,0.0,0.0,1.0,1.0
17,100,11.72156394609926,7.046847938270996,1.0,1.0,0.0,0.0,0.0,0.0
18,100,5.264303512995988,3.996230072286294,0.0,0.0,0.0,0.0,0.0,1.0
19,100,11.745189256299415,10.33942655821994,0.0,1.0,0.0,1.0,0.0,0.0
20,100,0.3907787061762862,2.940755829829869,1.0,1.0,0.0,0.0,0.0,0.0
21,100,1.111530487460606,10.462677603937244,1.0,0.0,1.0,0.0,0.0,0.0
22,100,0.0,0.0,0.0,0.0,1.0,0.0,1.0,1.0
23,100,9.9544631930237,9.592644789636369,0.0,0.0,0.0,1.0,1.0,0.0
24,100,12.0,11.735105361548792,1.0,0.0,1.0,1.0,1.0,1.0
25,100,6.103463093328641,7.87810548522609,0.0,1.0,0.0,1.0,0.0,0.0
26,100,6.989652959467226,2.9655600784250167,1.0,1.0,1.0,1.0,0.0,1.0
27,100,9.426219218046128,5.044202325513112,0.0,1.0,0.0,1.0,0.0,1.0
28,100,3.3082294950115743,0.6678063060184041,0.0,0.0,1.0,0.0,0.0,1.0
29,100,4.988043378940865,2.006225781490165,1.0,0.0,0.0,1.0,1.0,0.0
30,100,5.10975029955245,2.9838640123978792,0.0,1.0,0.0,1.0,0.0,0.0
31,100,4.724822409582311,3.567562200350788,1.0,1.0,0.0,0.0,0.0,0.0
32,100,12.0,11.475645817352367,0.0,1.0,1.0,0.0,0.0,0.0
33,100,0.6760862932329135,10.00870017351895,0.0,0.0,0.0,0.0,0.0,0.0
34,100,4.25675044607497,5.644877884904241,1.0,0.0,1.0,0.0,1.0,0.0
35,100,3.902746048868632,0.0,0.0,1.0,1.0,0.0,1.0,1.0
36,100,9.209154314717244,6.659978802181654,1.0,0.0,0.0,1.0,1.0,0.0
37,100,5.103916347478842,6.184794467646164,0.0,0.0,0.0,0.0,0.0,0.0
38,100,0.7424158039653121,7.894777233558009,1.0,0.0,0.0,0.0,1.0,0.0
39,100,8.91094764246353,3.152657368565224,0.0,0.0,0.0,0.0,1.0,0.0
0,105,5.947658588653429,5.612806868260329,1.0,0.0,0.0,1.0,1.0,0.0
1,105,9.482155934848208,3.675273486911913,0.0,0.0,1.0,1.0,1.0,1.0
2,105,4.190743134611617,11.713806003792172,0.0,0.0,0.0,0.0,1.0,0.0
3,105,10.40295701140576,9.800850682826916,0.0,1.0,0.0,1.0,0.0,0.0
4,105,3.216912038504024,5.063987135170119,1.0,1.0,0.0,1.0,0.0,0.0
5,105,0.92502443382676,1.7104394427665146,1.0,1.0,0.0,0.0,0.0,1.0
6,105,10.083280824366826,5.369394618739273,0.0,1.0,1.0,0.0,0.0,1.0
7,105,3.0281120234371386,3.6756405479921135,1.0,0.0,1.0,0.0,1.0,0.0
8,105,7.374022450298783,8.84346814578233,0.0,0.0,0.0,1.0,0.0,0.0
9,105,10.92961381557939,3.053291203908899,1.0,0.0,1.0,0.0,1.0,0.0
10,105,2.0476438702042405,0.4127241275455636,0.0,0.0,1.0,1.0,0.0,1.0
11,105,4.76749356088411,5.621179657980394,0.0,1.0,1.0,0.0,0.0,1.0
12,105,9.89489212311578,1.9989482699096712,0.0,1.0,0.0,1.0,0.0,1.0
13,105,5.958756833583316,12.0,0.0,0.0,1.0,0.0,1.0,1.0
14,105,1.8846411318350893,7.554003722361781,0.0,0.0,1.0,1.0,0.0,0.0
15,105,0.0482626824873964,9.85423850592324,0.0,1.0,0.0,0.0,1.0,0.0
16,105,2.002567612189436,0.0,1.0,1.0,0.0,0.0,1.0,1.0
17,105,11.667511501454916,7.0494280798083535,1.0,1.0,0.0,0.0,0.0,0.0
18,105,5.281028652791616,3.996963275095255,0.0,0.0,0.0,0.0,0.0,1.0
19,105,11.738035204743738,10.31635422311605,0.0,1.0,0.0,1.0,0.0,0.0
20,105,0.4158932669664584,3.01089373881365,1.0,1.0,0.0,0.0,0.0,0.0
21,105,1.021385336307472,10.479167216586882,1.0,0.0,1.0,0.0,0.0,0.0
22,105,0.0,0.0,0.0,0.0,1.0,0.0,1.0,1.0
23,105,9.91815556598938,9.53971395869096,0.0,0.0,0.0,1.0,1.0,0.0
24,105,12.0,11.783274946188124,1.0,0.0,1.0,1.0,1.0,1.0
25,105,6.107099469600144,7.966966796100527,0.0,1.0,0.0,1.0,0.0,0.0
26,105,6.995717638436461,2.9711787633695725,1.0,1.0,1.0,1.0,0.0,1.0
27,105,9.33498989881735,5.004913504326033,0.0,1.0,0.0,1.0,0.0,1.0
28,105,3.3098596280865995,0.6712382884256333,0.0,0.0,1.0,0.0,0.0,1.0
29,105,5.011037583909972,1.972764176225496,1.0,0.0,0.0,1.0,1.0,0.0
30,105,5.234962570026287,2.9732927514878558,0.0,1.0,0.0,1.0,0.0,0.0
31,105,4.803731584003082,3.5851097826768235,1.0,1.0,0.0,0.0,0.0,0.0
32,105,12.0,11.45539271190833,0.0,1.0,1.0,0.0,0.0,0.0
33,105,0.6922470224920789,9.923924801500569,0.0,0.0,0.0,0.0,0.0,0.0
34,105,4.215090842740032,5.712080652553471,1.0,0.0,1.0,0.0,1.0,0.0
35,105,3.8873025026858095,0.0,0.0,1.0,1.0,0.0,1.0,1.0
36,105,9.18153627281052,6.717193172615427,1.0,0.0,0.0,1.0,1.0,0.0
37,105,5.1054144542831645,6.195436906537623,0.0,0.0,0.0,0.0,0.0,0.0
38,105,0.853516197053969,7.865451969319492,1.0,0.0,0.0,0.0,1.0,0.0
39,105,8.908739030013832,3.3384240965744225,0.0,0.0,0.0,0.0,1.0,0.0
0,110,5.973071773549711,5.631232698034975,1.0,0.0,0.0,1.0,1.0,0.0
1,110,9.391262976243276,3.764614172499078,0.0,0.0,1.0,1.0,1.0,1.0
2,110,4.131789264312258,11.742267204344984,0.0,0.0,0.0,0.0,1.0,0.0
3,110,10.297212864248516,9.787652966599312,0.0,1.0,0.0,1.0,0.0,0.0
4,110,3.2575016541352197,5.078967191993575,1.0,1.0,0.0,1.0,0.0,0.0
5,110,0.8651988643124862,1.6537267905623343,1.0,1.0,0.0,0.0,0.0,1.0
6,110,10.156025361024316,5.52619400677313,0.0,1.0,1.0,0.0,0.0,1.0
7,110,3.163018773081236,3.651887258172332,1.0,0.0,1.0,0.0,1.0,0.0
8,110,7.367590059861736,8.82898089696381,0.0,0.0,0.0,1.0,0.0,0.0
9,110,11.003437901847986,3.077989410426252,1.0,0.0,1.0,0.0,1.0,0.0
10,110,2.025939311401437,0.5013073433409219,0.0,0.0,1.0,1.0,0.0,1.0
11,110,4.753130523480817,5.660819954891009,0.0,1.0,1.0,0.0,0.0,1.0
12,110,9.893772356595823,1.9371781800709016,0.0,1.0,0.0,1.0,0.0,1.0
13,110,5.9563684378928325,12.0,0.0,0.0,1.0,0.0,1.0,1.0
14,110,1.8927863468103128,7.556328368923225,0.0,0.0,1.0,1.0,0.0,0.0
15,110,0.0478470589924671,9.850582375526036,0.0,1.0,0.0,0.0,1.0,0.0
16,110,1.965992595170566,0.0,1.0,1.0,0.0,0.0,1.0,1.0
17,110,11.613666790857048,7.051614594260726,1.0,1.0,0.0,0.0,0.0,0.0
18,110,5.289581623333416,3.9973375278675447,0.0,0.0,0.0,0.0,0.0,1.0
19,110,11.738571240086758,10.318056820181893,0.0,1.0,0.0,1.0,0.0,0.0
20,110,0.4458583861703761,3.0924104601079323,1.0,1.0,0.0,0.0,0.0,0.0
21,110,0.9278834103879582,10.494186186755188,1.0,0.0,1.0,0.0,0.0,0.0
22,110,0.0,0.0,0.0,0.0,1.0,0.0,1.0,1.0
23,110,9.89107989116106,9.501308487269563,0.0,0.0,0.0,1.0,1.0,0.0
24,110,12.0,11.830709459088755,1.0,0.0,1.0,1.0,1.0,1.0
25,110,6.114351112043258,8.077178562518327,0.0,1.0,0.0,1.0,0.0,0.0
26,110,6.996174365459496,2.9715952683655176,1.0,1.0,1.0,1.0,0.0,1.0
27,110,9.228892817606456,4.958024246066582,0.0,1.0,0.0,1.0,0.0,1.0
28,110,3.319071556045847,0.6905885434038198,0.0,0.0,1.0,0.0,0.0,1.0
29,110,5.024931441593262,1.9533672524652683,1.0,0.0,0.0,1.0,1.0,0.0
30,110,5.370510470653884,2.963588894859272,0.0,1.0,0.0,1.0,0.0,0.0
31,110,4.896843362203004,3.6054705759074825,1.0,1.0,0.0,0.0,0.0,0.0
32,110,12.0,11.432945487615282,0.0,1.0,1.0,0.0,0.0,0.0
33,110,0.7097153034843107,9.82873817655081,0.0,0.0,0.0,0.0,0.0,0.0
34,110,4.1642777845825725,5.792728389897373,1.0,0.0,1.0,0.0,1.0,0.0
35,110,3.879616562658354,0.0,0.0,1.0,1.0,0.0,1.0,1.0
36,110,9.153954661043342,6.770557208709983,1.0,0.0,0.0,1.0,1.0,0.0
37,110,5.106272255263905,6.203021866702684,0.0,0.0,0.0,0.0,0.0,0.0
38,110,0.9718035406556128,7.831928243520813,1.0,0.0,0.0,0.0,1.0,0.0
39,110,8.903832246986731,3.538636522392144,0.0,0.0,0.0,0.0,1.0,0.0
0,115,6.011576573713645,5.658312560173109,1.0,0.0,0.0,1.0,1.0,0.0
1,115,9.292247324222044,3.8621752793700312,0.0,0.0,1.0,1.0,1.0,1.0
2,115,4.0450877464968364,11.784669767168412,0.0,0.0,0.0,0.0,1.0,0.0
3,115,10.175054247078023,9.76769777152417,0.0,1.0,0.0,1.0,0.0,0.0
4,115,3.3073579507417987,5.09725683112248,1.0,1.0,0.0,1.0,0.0,0.0
5,115,0.7955733429245515,1.584271374469386,1.0,1.0,0.0,0.0,0.0,1.0
6,115,10.231161856431338,5.685712029754492,0.0,1.0,1.0,0.0,0.0,1.0
7,115,3.3251196131801826,3.6246733092834873,1.0,0.0,1.0,0.0,1.0,0.0
8,115,7.363888200303102,8.820886297578935,0.0,0.0,0.0,1.0,0.0,0.0
9,115,11.072561747080227,3.1001024989100867,1.0,0.0,1.0,0.0,1.0,0.0
10,115,2.008684048720404,0.5801101434296602,0.0,0.0,1.0,1.0,0.0,1.0
11,115,4.733652160603247,5.712181812446317,0.0,1.0,1.0,0.0,0.0,1.0
12,115,9.894307783772428,1.8652277539838475,0.0,1.0,0.0,1.0,0.0,1.0
13,115,5.95183884554157,12.0,0.0,0.0,1.0,0.0,1.0,1.0
14,115,1.919699934125549,7.563869732961173,0.0,0.0,1.0,1.0,0.0,0.0
15,115,0.0471241763466969,9.84365720980354,0.0,1.0,0.0,0.0,1.0,0.0
16,115,1.9412757635551847,0.0,1.0,1.0,0.0,0.0,1.0,1.0
17,115,11.553039251121335,7.05477562054089,1.0,1.0,0.0,0.0,0.0,0.0
18,115,5.283082792752679,3.997157621615239,0.0,0.0,0.0,0.0,0.0,1.0
19,115,11.739220900498353,10.320145814715234,0.0,1.0,0.0,1.0,0.0,0.0
20,115,0.478233893876243,3.1812961107621214,1.0,1.0,0.0,0.0,0.0,0.0
21,115,0.8501087370396843,10.507901434287156,1.0,0.0,1.0,0.0,0.0,0.0
22,115,0.0,0.0,0.0,0.0,1.0,0.0,1.0,1.0
23,115,9.870527372659309,9.470951470540175,0.0,0.0,0.0,1.0,1.0,0.0
24,115,12.0,11.874925830645829,1.0,0.0,1.0,1.0,1.0,1.0
25,115,6.125732881785431,8.206097097331982,0.0,1.0,0.0,1.0,0.0,0.0
26,115,6.985027133343943,2.9617136521140592,1.0,1.0,1.0,1.0,0.0,1.0
27,115,9.138214279949148,4.916580174777755,0.0,1.0,0.0,1.0,0.0,1.0
28,115,3.331940344235813,0.717098104088039,0.0,0.0,1.0,0.0,0.0,1.0
29,115,5.032659346623203,1.9425273381575452,1.0,0.0,0.0,1.0,1.0,0.0
30,115,5.493214043634509,2.954018337966915,0.0,1.0,0.0,1.0,0.0,0.0
31,115,4.964830418390457,3.621002773761438,1.0,1.0,0.0,0.0,0.0,0.0
32,115,12.0,11.409370816175429,0.0,1.0,1.0,0.0,0.0,0.0
33,115,0.7318397460103372,9.730818736154694,0.0,0.0,0.0,0.0,0.0,0.0
34,115,4.105906630171712,5.87570338503406,1.0,0.0,1.0,0.0,1.0,0.0
35,115,3.87497485828374,0.0,0.0,1.0,1.0,0.0,1.0,1.0
36,115,9.11306781920775,6.850143520792483,1.0,0.0,0.0,1.0,1.0,0.0
37,115,5.105878171681256,6.199404702335024,0.0,0.0,0.0,0.0,0.0,0.0
38,115,1.0798645895403671,7.802267038018937,1.0,0.0,0.0,0.0,1.0,0.0
39,115,8.900545366785236,3.722681988779311,0.0,0.0,0.0,0.0,1.0,0.0
0,120,6.053734692195011,5.687962581762549,1.0,0.0,0.0,1.0,1.0,0.0
1,120,9.196629505974364,3.958738038863125,0.0,0.0,1.0,1.0,1.0,1.0
2,120,3.954777626097078,11.83092526386231,0.0,0.0,0.0,0.0,1.0,0.0
3,120,10.056199036282369,9.752540473603082,0.0,1.0,0.0,1.0,0.0,0.0
4,120,3.3589205838971234,5.117245482859477,1.0,1.0,0.0,1.0,0.0,0.0
5,120,0.7332563624213619,1.52180284290219,1.0,1.0,0.0,0.0,0.0,1.0
6,120,10.311579103510708,5.857319028430159,0.0,1.0,1.0,0.0,0.0,1.0
7,120,3.511127248891266,3.589135768421674,1.0,0.0,1.0,0.0,1.0,0.0
8,120,7.344193380664476,8.779914476164528,0.0,0.0,0.0,1.0,0.0,0.0
9,120,11.137831948564008,3.120379904041608,1.0,0.0,1.0,0.0,1.0,0.0
10,120,1.9869362190131117,0.6798410719329302,0.0,0.0,1.0,1.0,0.0,1.0
11,120,4.719795430756258,5.753583152284426,0.0,1.0,1.0,0.0,0.0,1.0
12,120,9.894827354026091,1.797248713444707,0.0,1.0,0.0,1.0,0.0,1.0
13,120,5.946388810030952,12.0,0.0,0.0,1.0,0.0,1.0,1.0
14,120,1.946947622497091,7.571878026612366,0.0,0.0,1.0,1.0,0.0,0.0
15,120,0.045876395866523,9.835116963425886,0.0,1.0,0.0,0.0,1.0,0.0
16,120,1.9153780043978643,0.0,1.0,1.0,0.0,0.0,1.0,1.0
17,120,11.499625566725127,7.057267296571967,1.0,1.0,0.0,0.0,0.0,0.0
18,120,5.273220379613104,3.996685218194826,0.0,0.0,0.0,0.0,0.0,1.0
19,120,11.74294448443108,10.332710076975667,0.0,1.0,0.0,1.0,0.0,0.0
20,120,0.5146264478274377,3.2801452995586597,1.0,1.0,0.0,0.0,0.0,0.0
21,120,0.7919409395840247,10.518971978335165,1.0,0.0,1.0,0.0,0.0,0.0
22,120,0.0,0.0,0.0,0.0,1.0,0.0,1.0,1.0
23,120,9.86315012930921,9.459816292081122,0.0,0.0,0.0,1.0,1.0,0.0
24,120,12.0,11.928888209146608,1.0,0.0,1.0,1.0,1.0,1.0
25,120,6.13904355870741,8.328017806411,0.0,1.0,0.0,1.0,0.0,0.0
26,120,6.972003665534,2.9500980516197424,1.0,1.0,1.0,1.0,0.0,1.0
27,120,9.060393412687343,4.880277366244797,0.0,1.0,0.0,1.0,0.0,1.0
28,120,3.349468104055587,0.7552098604261206,0.0,0.0,1.0,0.0,0.0,1.0
29,120,5.051918724303551,1.9153628006426788,1.0,0.0,0.0,1.0,1.0,0.0
30,120,5.626962466437841,2.9449691943397265,0.0,1.0,0.0,1.0,0.0,0.0
31,120,5.048187418452337,3.63884403662753,1.0,1.0,0.0,0.0,0.0,0.0
32,120,12.0,11.389916907229326,0.0,1.0,1.0,0.0,0.0,0.0
33,120,0.7520594409711225,9.638763718715738,0.0,0.0,0.0,0.0,0.0,0.0
34,120,4.045874381070925,5.963565734676173,1.0,0.0,1.0,0.0,1.0,0.0
35,120,3.877723185362532,0.0060862283427595,0.0,1.0,1.0,0.0,1.0,1.0
36,120,9.06827841104398,6.941822476220907,1.0,0.0,0.0,1.0,1.0,0.0
37,120,5.103765601696293,6.185368406013748,0.0,0.0,0.0,0.0,0.0,0.0
38,120,1.1902978621225695,7.769938621061621,1.0,0.0,0.0,0.0,1.0,0.0
39,120,8.893239888069006,3.904053412252653,0.0,0.0,0.0,0.0,1.0,0.0
0,125,6.111834507798582,5.73072207790038,1.0,0.0,0.0,1.0,1.0,0.0
1,125,9.090008784547589,4.061130616887292,0.0,0.0,1.0,1.0,1.0,1.0
2,125,3.879611978573524,11.869325871629778,0.0,0.0,0.0,0.0,1.0,0.0
3,125,9.945770464694329,9.739947014040546,0.0,1.0,0.0,1.0,0.0,0.0
4,125,3.4300172525676267,5.14385026799618,1.0,1.0,0.0,1.0,0.0,0.0
5,125,0.6918192227180854,1.48012685734687,1.0,1.0,0.0,0.0,0.0,1.0
6,125,10.41068823622892,6.05447726717806,0.0,1.0,1.0,0.0,0.0,1.0
7,125,3.69525704020255,3.551826964885937,1.0,0.0,1.0,0.0,1.0,0.0
8,125,7.319350734560524,8.727814798716429,0.0,0.0,0.0,1.0,0.0,0.0
9,125,11.213718868795974,3.141770579530183,1.0,0.0,1.0,0.0,1.0,0.0
10,125,1.9685051376852036,0.7669989126668031,0.0,0.0,1.0,1.0,0.0,1.0
11,125,4.696197729575544,5.821341041352375,0.0,1.0,1.0,0.0,0.0,1.0
12,125,9.894361908631351,1.7450319858583403,0.0,1.0,0.0,1.0,0.0,1.0
13,125,5.940594581886829,12.0,0.0,0.0,1.0,0.0,1.0,1.0
14,125,1.9700912743344767,7.578697710804707,0.0,0.0,1.0,1.0,0.0,0.0
15,125,0.0438259674468571,9.813345895094342,0.0,1.0,0.0,0.0,1.0,0.0
16,125,1.892038291600566,0.0,1.0,1.0,0.0,0.0,1.0,1.0
17,125,11.45555871385656,7.060474260061015,1.0,1.0,0.0,0.0,0.0,0.0
18,125,5.262054530543531,3.996412869142056,0.0,0.0,0.0,0.0,0.0,1.0
19,125,11.752503028189102,10.36250158003474,0.0,1.0,0.0,1.0,0.0,0.0
20,125,0.5460018036047206,3.365780173344717,1.0,1.0,0.0,0.0,0.0,0.0
21,125,0.7289303591181298,10.53082472848468,1.0,0.0,1.0,0.0,0.0,0.0
22,125,0.0,0.0,0.0,0.0,1.0,0.0,1.0,1.0
23,125,9.869116025523166,9.469605174449898,0.0,0.0,0.0,1.0,1.0,0.0
24,125,12.0,11.963156321627888,1.0,0.0,1.0,1.0,1.0,1.0
25,125,6.149344777157061,8.441522264261748,0.0,1.0,0.0,1.0,0.0,0.0
26,125,6.950358716848281,2.931134441199599,1.0,1.0,1.0,1.0,0.0,1.0
27,125,9.000273599090647,4.853958118392731,0.0,1.0,0.0,1.0,0.0,1.0
28,125,3.3758008389995857,0.8124270602176882,0.0,0.0,1.0,0.0,0.0,1.0
29,125,5.068162281962775,1.8917713894406176,1.0,0.0,0.0,1.0,1.0,0.0
30,125,5.760029195528411,2.9376473277217268,0.0,1.0,0.0,1.0,0.0,0.0
31,125,5.120454314855548,3.6524201077150416,1.0,1.0,0.0,0.0,0.0,0.0
32,125,12.0,11.373453085169652,0.0,1.0,1.0,0.0,0.0,0.0
33,125,0.7691746918143695,9.556376651308645,0.0,0.0,0.0,0.0,0.0,0.0
34,125,3.995193677839454,6.038885899603608,1.0,0.0,1.0,0.0,1.0,0.0
35,125,3.887076956167798,0.0270889838305626,0.0,1.0,1.0,0.0,1.0,1.0
36,125,9.033457877412232,7.015049327121027,1.0,0.0,0.0,1.0,1.0,0.0
37,125,5.103214941707935,6.1819507628394526,0.0,0.0,0.0,0.0,0.0,0.0
38,125,1.3131206112916642,7.731208000641918,1.0,0.0,0.0,0.0,1.0,0.0
39,125,8.883836456831819,4.076357426980652,0.0,0.0,0.0,0.0,1.0,0.0
0,130,6.182796183583455,5.781882905461339,1.0,0.0,0.0,1.0,1.0,0.0
1,130,8.974714532246487,4.177205324477192,0.0,0.0,1.0,1.0,1.0,1.0
2,130,3.814019308493411,11.900922459278975,0.0,0.0,0.0,0.0,1.0,0.0
3,130,9.846036307229966,9.726660787099178,0.0,1.0,0.0,1.0,0.0,0.0
4,130,3.483963159763191,5.162581367658642,1.0,1.0,0.0,1.0,0.0,0.0
5,130,0.6502249350332594,1.4386409990896072,1.0,1.0,0.0,0.0,0.0,1.0
6,130,10.49655908110872,6.234427795681173,0.0,1.0,1.0,0.0,0.0,1.0
7,130,3.866115631062004,3.520668491426054,1.0,0.0,1.0,0.0,1.0,0.0
8,130,7.289498418417325,8.666879466359072,0.0,0.0,0.0,1.0,0.0,0.0
9,130,11.287482973403543,3.16284484690012,1.0,0.0,1.0,0.0,1.0,0.0
10,130,1.9505075786533284,0.854452346902714,0.0,0.0,1.0,1.0,0.0,1.0
11,130,4.673408942585618,5.889016552609657,0.0,1.0,1.0,0.0,0.0,1.0
12,130,9.891686341331996,1.6893149280422457,0.0,1.0,0.0,1.0,0.0,1.0
13,130,5.934377359305124,12.0,0.0,0.0,1.0,0.0,1.0,1.0
14,130,1.9815288017232533,7.581956351462873,0.0,0.0,1.0,1.0,0.0,0.0
15,130,0.0439159611162565,9.814130722545343,0.0,1.0,0.0,0.0,1.0,0.0
16,130,1.861156539758506,0.0,1.0,1.0,0.0,0.0,1.0,1.0
17,130,11.383283512180393,7.064971246105348,1.0,1.0,0.0,0.0,0.0,0.0
18,130,5.251401207390452,3.9960109022334342,0.0,0.0,0.0,0.0,0.0,1.0
19,130,11.767732775340038,10.402766091086171,0.0,1.0,0.0,1.0,0.0,0.0
20,130,0.5764615985609061,3.4451782093996046,1.0,1.0,0.0,0.0,0.0,0.0
21,130,0.6851737644231484,10.53875661910164,1.0,0.0,1.0,0.0,0.0,0.0
22,130,0.0,0.0,0.0,0.0,1.0,0.0,1.0,1.0
23,130,9.878090222863332,9.464347819029411,0.0,0.0,0.0,1.0,1.0,0.0
24,130,12.0,12.0,1.0,0.0,1.0,1.0,1.0,1.0
25,130,6.161654478188797,8.568189462196473,0.0,1.0,0.0,1.0,0.0,0.0
26,130,6.943034199706836,2.924315289183919,1.0,1.0,1.0,1.0,0.0,1.0
27,130,8.958720910975757,4.834517787401975,0.0,1.0,0.0,1.0,0.0,1.0
28,130,3.407358217779524,0.8867945770723067,0.0,0.0,1.0,0.0,0.0,1.0
29,130,5.078865048703362,1.8762815702560045,1.0,0.0,0.0,1.0,1.0,0.0
30,130,5.88944142171454,2.92942992081609,0.0,1.0,0.0,1.0,0.0,0.0
31,130,5.176926007350515,3.663469056717194,1.0,1.0,0.0,0.0,0.0,0.0
32,130,12.0,11.360720764270583,0.0,1.0,1.0,0.0,0.0,0.0
33,130,0.84524179439102,9.575517557783918,0.0,0.0,0.0,0.0,0.0,0.0
34,130,3.948462846396967,6.111887293350797,1.0,0.0,1.0,0.0,1.0,0.0
35,130,3.902515269085208,0.0646721519696347,0.0,1.0,1.0,0.0,1.0,1.0
36,130,9.022456002236538,7.038957494414772,1.0,0.0,0.0,1.0,1.0,0.0
37,130,5.104500562816249,6.190216043705537,0.0,0.0,0.0,0.0,0.0,0.0
38,130,1.452584886854724,7.683080000821778,1.0,0.0,0.0,0.0,1.0,0.0
39,130,8.875635774812602,4.2406880010156005,0.0,0.0,0.0,0.0,1.0,0.0
0,135,6.240172596302403,5.821743266960614,1.0,0.0,0.0,1.0,1.0,0.0
1,135,8.878658406410652,4.271920113092356,0.0,0.0,1.0,1.0,1.0,1.0
2,135,3.765191505950583,11.9247644922818,0.0,0.0,0.0,0.0,1.0,0.0
3,135,9.733545039974071,9.71411051661199,0.0,1.0,0.0,1.0,0.0,0.0
4,135,3.5394503423873256,5.180083455960134,1.0,1.0,0.0,1.0,0.0,0.0
5,135,0.6126466719927546,1.4034016060723824,1.0,1.0,0.0,0.0,0.0,1.0
6,135,10.585941807354928,6.424206758584215,0.0,1.0,1.0,0.0,0.0,1.0
7,135,4.052594037744393,3.484127921416341,1.0,0.0,1.0,0.0,1.0,0.0
8,135,7.258167818395918,8.602695231287434,0.0,0.0,0.0,1.0,0.0,0.0
9,135,11.369719428227915,3.186551378232018,1.0,0.0,1.0,0.0,1.0,0.0
10,135,1.9344327638201293,0.9317145090626558,0.0,0.0,1.0,1.0,0.0,1.0
11,135,4.646912410701314,5.97028212449936,0.0,1.0,1.0,0.0,0.0,1.0
12,135,9.887603430815268,1.631252626373734,0.0,1.0,0.0,1.0,0.0,1.0
13,135,5.927793401141709,12.0,0.0,0.0,1.0,0.0,1.0,1.0
14,135,1.994246414384464,7.585300721529759,0.0,0.0,1.0,1.0,0.0,0.0
15,135,0.0414285241723022,9.796307727299965,0.0,1.0,0.0,0.0,1.0,0.0
16,135,1.8274937546757928,0.0,1.0,1.0,0.0,0.0,1.0,1.0
17,135,11.314555033132388,7.0687482233715,1.0,1.0,0.0,0.0,0.0,0.0
18,135,5.239827409377403,3.995437455162335,0.0,0.0,0.0,0.0,0.0,1.0
19,135,11.78502708456644,10.450159925826824,0.0,1.0,0.0,1.0,0.0,0.0
20,135,0.614658994586948,3.545413829017974,1.0,1.0,0.0,0.0,0.0,0.0
21,135,0.6244078892715201,10.5502628559614,1.0,0.0,1.0,0.0,0.0,0.0
22,135,0.0,0.0,0.0,0.0,1.0,0.0,1.0,1.0
23,135,9.871239128799004,9.46819039507294,0.0,0.0,0.0,1.0,1.0,0.0
24,135,12.0,12.0,1.0,0.0,1.0,1.0,1.0,1.0
25,135,6.176737357822803,8.72534496728628,0.0,1.0,0.0,1.0,0.0,0.0
26,135,6.943425195200668,2.924683419308481,1.0,1.0,1.0,1.0,0.0,1.0
27,135,8.914434636829732,4.8130982885038165,0.0,1.0,0.0,1.0,0.0,1.0
28,135,3.434178703683332,0.9521724140097272,0.0,0.0,1.0,0.0,0.0,1.0
29,135,5.095457496043121,1.8525416694770092,1.0,0.0,0.0,1.0,1.0,0.0
30,135,6.014981634978076,2.920701865151828,0.0,1.0,0.0,1.0,0.0,0.0
31,135,5.245190493976166,3.6774228980811055,1.0,1.0,0.0,0.0,0.0,0.0
32,135,12.0,11.348896779719858,0.0,1.0,1.0,0.0,0.0,0.0
33,135,0.9134348645148328,9.593142109977018,0.0,0.0,0.0,0.0,0.0,0.0
34,135,3.89156974357436,6.201308113263364,1.0,0.0,1.0,0.0,1.0,0.0
35,135,3.91045755407954,0.0855969804293051,0.0,1.0,1.0,0.0,1.0,1.0
36,135,9.005856137979718,7.073984044133771,1.0,0.0,0.0,1.0,1.0,0.0
37,135,5.105863048141201,6.198252435676404,0.0,0.0,0.0,0.0,0.0,0.0
38,135,1.5920878420799611,7.634968365383466,1.0,0.0,0.0,0.0,1.0,0.0
39,135,8.867147241106753,4.414477954547089,0.0,0.0,0.0,0.0,1.0,0.0
0,140,6.217030386198037,5.856995049986908,1.0,0.0,0.0,1.0,1.0,0.0
1,140,8.772369049607835,4.387345512284248,0.0,0.0,1.0,1.0,1.0,1.0
2,140,3.706495331462751,11.95090482560229,0.0,0.0,0.0,0.0,1.0,0.0
3,140,9.644205604205792,9.70409436234351,0.0,1.0,0.0,1.0,0.0,0.0
4,140,3.5724004208954074,5.191016720624912,1.0,1.0,0.0,1.0,0.0,0.0
5,140,0.5733360331263528,1.365698857883822,1.0,1.0,0.0,0.0,0.0,1.0
6,140,10.372299262212602,6.522470642638211,0.0,1.0,1.0,0.0,0.0,1.0
7,140,4.223048534890606,3.459734742284035,1.0,0.0,1.0,0.0,1.0,0.0
8,140,7.228562618822264,8.542562163497365,0.0,0.0,0.0,1.0,0.0,0.0
9,140,11.471598564816428,3.2134453418078177,1.0,0.0,1.0,0.0,1.0,0.0
10,140,1.9191633533592696,1.0000583769834286,0.0,0.0,1.0,1.0,0.0,1.0
11,140,4.620666369452625,6.049988750747511,0.0,1.0,1.0,0.0,0.0,1.0
12,140,9.884093983783949,1.5848415159940443,0.0,1.0,0.0,1.0,0.0,1.0
13,140,5.924865500319667,12.0,0.0,0.0,1.0,0.0,1.0,1.0
14,140,2.016005786233624,7.590588221322456,0.0,0.0,1.0,1.0,0.0,0.0
15,140,0.0396264221042401,9.78525113105776,0.0,1.0,0.0,0.0,1.0,0.0
16,140,1.8030133176676109,0.0,1.0,1.0,0.0,0.0,1.0,1.0
17,140,11.247572829036034,7.072921366760617,1.0,1.0,0.0,0.0,0.0,0.0
18,140,5.227510128108904,3.994570549478319,0.0,0.0,0.0,0.0,0.0,1.0
19,140,11.806767334198373,10.510878873814123,0.0,1.0,0.0,1.0,0.0,0.0
20,140,0.6519670097990463,3.6434942368359975,1.0,1.0,0.0,0.0,0.0,0.0
21,140,0.5737129167122758,10.560131152582215,1.0,0.0,1.0,0.0,0.0,0.0
22,140,0.0,0.0,0.0,0.0,1.0,0.0,1.0,1.0
23,140,9.868940516547545,9.469502152758745,0.0,0.0,0.0,1.0,1.0,0.0
24,140,12.0,12.0,1.0,0.0,1.0,1.0,1.0,1.0
25,140,6.1885920683328,8.87592773303227,0.0,1.0,0.0,1.0,0.0,0.0
26,140,6.955459233545312,2.935135963926021,1.0,1.0,1.0,1.0,0.0,1.0
27,140,8.854578214741816,4.782546339419644,0.0,1.0,0.0,1.0,0.0,1.0
28,140,3.464869189024104,1.030959333449252,0.0,0.0,1.0,0.0,0.0,1.0
29,140,5.105268637363019,1.8389292477537849,1.0,0.0,0.0,1.0,1.0,0.0
30,140,6.156601247866156,2.9079045465325524,0.0,1.0,0.0,1.0,0.0,0.0
31,140,5.313358920060376,3.690069072388494,1.0,1.0,0.0,0.0,0.0,0.0
32,140,12.0,11.333893796374255,0.0,1.0,1.0,0.0,0.0,0.0
33,140,0.9551188258588552,9.603931724908946,0.0,0.0,0.0,0.0,0.0,0.0
34,140,3.834648079999557,6.294117425952797,1.0,0.0,1.0,0.0,1.0,0.0
35,140,3.917846922780546,0.1043827812256131,0.0,1.0,1.0,0.0,1.0,1.0
36,140,8.985391835096365,7.122217998460949,1.0,0.0,0.0,1.0,1.0,0.0
37,140,5.106811723588434,6.202935128947156,0.0,0.0,0.0,0.0,0.0,0.0
38,140,1.752162195356916,7.582942102070902,1.0,0.0,0.0,0.0,1.0,0.0
39,140,8.856148133199616,4.588340719810949,0.0,0.0,0.0,0.0,1.0,0.0
0,145,6.252098283545635,5.87944027780031,1.0,0.0,0.0,1.0,1.0,0.0
1,145,8.665743189960486,4.503541027978925,0.0,0.0,1.0,1.0,1.0,1.0
2,145,3.6659189521576248,11.969408418748404,0.0,0.0,0.0,0.0,1.0,0.0
3,145,9.514644007905408,9.689898452866844,0.0,1.0,0.0,1.0,0.0,0.0
4,145,3.621711209582701,5.207527152391326,1.0,1.0,0.0,1.0,0.0,0.0
5,145,0.5336069313669829,1.327763183474344,1.0,1.0,0.0,0.0,0.0,1.0
6,145,10.14682169928424,6.617579308535779,0.0,1.0,1.0,0.0,0.0,1.0
7,145,4.392917632702038,3.4362006994370744,1.0,0.0,1.0,0.0,1.0,0.0
8,145,7.209173758379567,8.498628667729779,0.0,0.0,0.0,1.0,0.0,0.0
9,145,11.566841738923824,3.24075907197376,1.0,0.0,1.0,0.0,1.0,0.0
10,145,1.906743824202836,1.056059678689127,0.0,0.0,1.0,1.0,0.0,1.0
11,145,4.603735644335211,6.101143390875586,0.0,1.0,1.0,0.0,0.0,1.0
12,145,9.879084816757535,1.514673031805274,0.0,1.0,0.0,1.0,0.0,1.0
13,145,5.921905301250902,12.0,0.0,0.0,1.0,0.0,1.0,1.0
14,145,2.0122378014249915,7.589651390801211,0.0,0.0,1.0,1.0,0.0,0.0
15,145,0.0402248048069538,9.789606726968517,0.0,1.0,0.0,0.0,1.0,0.0
16,145,1.7801156426895728,0.0,1.0,1.0,0.0,0.0,1.0,1.0
17,145,11.206480197846382,7.073849428704246,1.0,1.0,0.0,0.0,0.0,0.0
18,145,5.228220877717144,3.985131150091638,0.0,0.0,0.0,0.0,0.0,1.0
19,145,11.830331602930258,10.579527681417048,0.0,1.0,0.0,1.0,0.0,0.0
20,145,0.6872985519565604,3.728763980744229,1.0,1.0,0.0,0.0,0.0,0.0
21,145,0.583436919981575,10.613082491609456,1.0,0.0,1.0,0.0,0.0,0.0
22,145,0.0,0.0,0.0,0.0,1.0,0.0,1.0,1.0
23,145,9.870141115484875,9.46880238428267,0.0,0.0,0.0,1.0,1.0,0.0
24,145,12.0,12.0,1.0,0.0,1.0,1.0,1.0,1.0
25,145,6.203764876230145,9.043515050603684,0.0,1.0,0.0,1.0,0.0,0.0
26,145,6.971575715232409,2.949772199285767,1.0,1.0,1.0,1.0,0.0,1.0
27,145,8.794662226715994,4.754124655804647,0.0,1.0,0.0,1.0,0.0,1.0
28,145,3.4932296732802683,1.107486761388833,0.0,0.0,1.0,0.0,0.0,1.0
29,145,5.115019765309819,1.8251510885876183,1.0,0.0,0.0,1.0,1.0,0.0
30,145,6.303717053721478,2.897901513842275,0.0,1.0,0.0,1.0,0.0,0.0
31,145,5.376357970107373,3.700703325152716,1.0,1.0,0.0,0.0,0.0,0.0
32,145,12.0,11.315565118433716,0.0,1.0,1.0,0.0,0.0,0.0
33,145,1.0001790134893196,9.61413708442341,0.0,0.0,0.0,0.0,0.0,0.0
34,145,3.778517949903871,6.382363210640208,1.0,0.0,1.0,0.0,1.0,0.0
35,145,3.927143960074007,0.1280250037771962,0.0,1.0,1.0,0.0,1.0,1.0
36,145,8.956295588926134,7.193870025636393,1.0,0.0,0.0,1.0,1.0,0.0
37,145,5.106106531390764,6.2000842364958,0.0,0.0,0.0,0.0,0.0,0.0
38,145,1.9321236315155548,7.525669377785702,1.0,0.0,0.0,0.0,1.0,0.0
39,145,8.84276717256651,4.765716931723529,0.0,0.0,0.0,0.0,1.0,0.0
0,150,6.277657045338798,5.838455638271934,1.0,0.0,0.0,1.0,1.0,0.0
1,150,8.564592838117418,4.615884278251467,0.0,0.0,1.0,1.0,1.0,1.0
2,150,3.6243761863275656,11.988830257309608,0.0,0.0,0.0,0.0,1.0,0.0
3,150,9.395653908167564,9.675603871114244,0.0,1.0,0.0,1.0,0.0,0.0
4,150,3.6694215066367417,5.223671845752,1.0,1.0,0.0,1.0,0.0,0.0
5,150,0.4889236895323087,1.286899630557435,1.0,1.0,0.0,0.0,0.0,1.0
6,150,9.91850936600636,6.713604517142106,0.0,1.0,1.0,0.0,0.0,1.0
7,150,4.55289928022972,3.4123962821119065,1.0,0.0,1.0,0.0,1.0,0.0
8,150,7.192898537731887,8.462388952302364,0.0,0.0,0.0,1.0,0.0,0.0
9,150,11.665506532704985,3.2680696103888685,1.0,0.0,1.0,0.0,1.0,0.0
10,150,1.893475592575262,1.1118610409416816,0.0,0.0,1.0,1.0,0.0,1.0
11,150,4.591421084375288,6.137892483297694,0.0,1.0,1.0,0.0,0.0,1.0
12,150,9.874049595587142,1.424944008581779,0.0,1.0,0.0,1.0,0.0,1.0
13,150,5.918133345642742,12.0,0.0,0.0,1.0,0.0,1.0,1.0
14,150,1.993226967621344,7.584472516056204,0.0,0.0,1.0,1.0,0.0,0.0
15,150,0.039239983514087,9.7824340998014,0.0,1.0,0.0,0.0,1.0,0.0
16,150,1.7534445216867336,0.0,1.0,1.0,0.0,0.0,1.0,1.0
17,150,11.160586375660154,7.075467082445049,1.0,1.0,0.0,0.0,0.0,0.0
18,150,5.229161461855135,3.973225398242084,0.0,0.0,0.0,0.0,0.0,1.0
19,150,11.857679501314529,10.65225409475254,0.0,1.0,0.0,1.0,0.0,0.0
20,150,0.7231782096876995,3.823641626091402,1.0,1.0,0.0,0.0,0.0,0.0
21,150,0.5921569480895876,10.66241442222424,1.0,0.0,1.0,0.0,0.0,0.0
22,150,0.0,0.0,0.0,0.0,1.0,0.0,1.0,1.0
23,150,9.883970820732092,9.46078407845721,0.0,0.0,0.0,1.0,1.0,0.0
24,150,12.0,12.0,1.0,0.0,1.0,1.0,1.0,1.0
25,150,6.224600387643016,9.22282629012158,0.0,1.0,0.0,1.0,0.0,0.0
26,150,6.971805607093705,2.949969583909523,1.0,1.0,1.0,1.0,0.0,1.0
27,150,8.746527733001027,4.731891479322221,0.0,1.0,0.0,1.0,0.0,1.0
28,150,3.51925053243158,1.1741082444855055,0.0,0.0,1.0,0.0,0.0,1.0
29,150,5.1274754954065465,1.807545938984385,1.0,0.0,0.0,1.0,1.0,0.0
30,150,6.461844895957697,2.884406534278922,0.0,1.0,0.0,1.0,0.0,0.0
31,150,5.428207549769325,3.7090787971093024,1.0,1.0,0.0,0.0,0.0,0.0
32,150,12.0,11.296803138294168,0.0,1.0,1.0,0.0,0.0,0.0
33,150,1.0374715036451,9.622386363405612,0.0,0.0,0.0,0.0,0.0,0.0
34,150,3.716588895534952,6.48206465691361,1.0,0.0,1.0,0.0,1.0,0.0
35,150,3.9418072219749134,0.1668860021842683,0.0,1.0,1.0,0.0,1.0,1.0
36,150,8.9240179508549,7.269723064724779,1.0,0.0,0.0,1.0,1.0,0.0
37,150,5.108640543410631,6.21026038369491,0.0,0.0,0.0,0.0,0.0,0.0
38,150,2.1278157159077637,7.461479914825519,1.0,0.0,0.0,0.0,1.0,0.0
39,150,8.83444418485813,4.937679437682465,0.0,0.0,0.0,0.0,1.0,0.0
0,155,6.295563634926912,5.807529417815943,1.0,0.0,0.0,1.0,1.0,0.0
1,155,8.471087392753793,4.719813606496929,0.0,0.0,1.0,1.0,1.0,1.0
2,155,3.5801237798522134,12.0,0.0,0.0,0.0,0.0,1.0,0.0
3,155,9.27256189267936,9.660073725959949,0.0,1.0,0.0,1.0,0.0,0.0
4,155,3.71409947536449,5.239076153563706,1.0,1.0,0.0,1.0,0.0,0.0
5,155,0.4349179819460111,1.2410573187136738,1.0,1.0,0.0,0.0,0.0,1.0
6,155,9.683393463997172,6.81609383188234,0.0,1.0,1.0,0.0,0.0,1.0
7,155,4.71519713804484,3.389002540375982,1.0,0.0,1.0,0.0,1.0,0.0
8,155,7.174976741842179,8.422080378486967,0.0,0.0,0.0,1.0,0.0,0.0
9,155,11.771023915127348,3.296540436506642,1.0,0.0,1.0,0.0,1.0,0.0
10,155,1.880501225189393,1.169602603849055,0.0,0.0,1.0,1.0,0.0,1.0
11,155,4.583790146545036,6.159704579456754,0.0,1.0,1.0,0.0,0.0,1.0
12,155,9.872037941122397,1.3481521776087608,0.0,1.0,0.0,1.0,0.0,1.0
13,155,5.9143637724284295,12.0,0.0,0.0,1.0,0.0,1.0,1.0
14,155,1.969107459824779,7.577504413507234,0.0,0.0,1.0,1.0,0.0,0.0
15,155,0.0346008010021433,9.752893155351083,0.0,1.0,0.0,0.0,1.0,0.0
16,155,1.72526175265352,0.0,1.0,1.0,0.0,0.0,1.0,1.0
17,155,11.126814978531398,7.076676309403435,1.0,1.0,0.0,0.0,0.0,0.0
18,155,5.231019743372226,3.9507389139926743,0.0,0.0,0.0,0.0,0.0,1.0
19,155,11.88284553573925,10.71929472683509,0.0,1.0,0.0,1.0,0.0,0.0
20,155,0.764200466487185,3.930502782381771,1.0,1.0,0.0,0.0,0.0,0.0
21,155,0.5964402517312601,10.684321677976255,1.0,0.0,1.0,0.0,0.0,0.0
22,155,0.0,0.0,0.0,0.0,1.0,0.0,1.0,1.0
23,155,9.904048159166043,9.44921621192782,0.0,0.0,0.0,1.0,1.0,0.0
24,155,12.0,12.0,1.0,0.0,1.0,1.0,1.0,1.0
25,155,6.248796611461732,9.384518430939895,0.0,1.0,0.0,1.0,0.0,0.0
26,155,6.967639896105259,2.9465360766926247,1.0,1.0,1.0,1.0,0.0,1.0
27,155,8.692804641996775,4.705242184121049,0.0,1.0,0.0,1.0,0.0,1.0
28,155,3.546519914709629,1.2452659346637345,0.0,0.0,1.0,0.0,0.0,1.0
29,155,5.145330241896249,1.7818088235855714,1.0,0.0,0.0,1.0,1.0,0.0
30,155,6.626820759493158,2.869224479258076,0.0,1.0,0.0,1.0,0.0,0.0
31,155,5.468589973451284,3.715591510602048,1.0,1.0,0.0,0.0,0.0,0.0
32,155,12.0,11.278181001714785,0.0,1.0,1.0,0.0,0.0,0.0
33,155,1.0647642037335587,9.627826032534172,0.0,0.0,0.0,0.0,0.0,0.0
34,155,3.65932277688382,6.576737062248224,1.0,0.0,1.0,0.0,1.0,0.0
35,155,3.962598610168826,0.2174222244363891,0.0,1.0,1.0,0.0,1.0,1.0
36,155,8.894240577999193,7.335641732117432,1.0,0.0,0.0,1.0,1.0,0.0
37,155,5.11324440786718,6.228293712665377,0.0,0.0,0.0,0.0,0.0,0.0
38,155,2.3379214511666784,7.392807126447368,1.0,0.0,0.0,0.0,1.0,0.0
39,155,8.825643433881357,5.135793843977508,0.0,0.0,0.0,0.0,1.0,0.0
0,160,6.314372564386984,5.774905973057356,1.0,0.0,0.0,1.0,1.0,0.0
1,160,8.370824117360456,4.828283343100956,0.0,0.0,1.0,1.0,1.0,1.0
2,160,3.548017424132578,12.0,0.0,0.0,0.0,0.0,1.0,0.0
3,160,9.133742808409067,9.641903069471052,0.0,1.0,0.0,1.0,0.0,0.0
4,160,3.752168731263298,5.251196567825887,1.0,1.0,0.0,1.0,0.0,0.0
5,160,0.3912082583661235,1.2044866391552222,1.0,1.0,0.0,0.0,0.0,1.0
6,160,9.428694162644364,6.921896391672645,0.0,1.0,1.0,0.0,0.0,1.0
7,160,4.876817078118973,3.365740435440726,1.0,0.0,1.0,0.0,1.0,0.0
8,160,7.174682545838792,8.421422847921859,0.0,0.0,0.0,1.0,0.0,0.0
9,160,11.865142264585044,3.3235545503668136,1.0,0.0,1.0,0.0,1.0,0.0
10,160,1.8680857028096232,1.2202500873845277,0.0,0.0,1.0,1.0,0.0,1.0
11,160,4.5857940299638615,6.154067689299853,0.0,1.0,1.0,0.0,0.0,1.0
12,160,9.871476557904776,1.2634381009217943,0.0,1.0,0.0,1.0,0.0,1.0
13,160,5.910572171708634,12.0,0.0,0.0,1.0,0.0,1.0,1.0
14,160,1.9454073971560195,7.57027772272481,0.0,0.0,1.0,1.0,0.0,0.0
15,160,0.0327453496319624,9.739406898597869,0.0,1.0,0.0,0.0,1.0,0.0
16,160,1.6983547454035877,0.0,1.0,1.0,0.0,0.0,1.0,1.0
17,160,11.100497108782866,7.077832852888104,1.0,1.0,0.0,0.0,0.0,0.0
18,160,5.23335017253236,3.9302582803061337,0.0,0.0,0.0,0.0,0.0,1.0
19,160,11.906954206314586,10.781531391094916,0.0,1.0,0.0,1.0,0.0,0.0
20,160,0.8740561504359837,3.8902236244356567,1.0,1.0,0.0,0.0,0.0,0.0
21,160,0.6046100879016623,10.723123163950072,1.0,0.0,1.0,0.0,0.0,0.0
22,160,0.0,0.0,0.0,0.0,1.0,0.0,1.0,1.0
23,160,9.942177414846384,9.42811135908946,0.0,0.0,0.0,1.0,1.0,0.0
24,160,12.0,12.0,1.0,0.0,1.0,1.0,1.0,1.0
25,160,6.274287094933461,9.55408408186903,0.0,1.0,0.0,1.0,0.0,0.0
26,160,6.946690882282271,2.929596999172789,1.0,1.0,1.0,1.0,0.0,1.0
27,160,8.623116881215878,4.669708866558091,0.0,1.0,0.0,1.0,0.0,1.0
28,160,3.573919455754639,1.3190835419026947,0.0,0.0,1.0,0.0,0.0,1.0
29,160,5.150247768605023,1.7749433152149736,1.0,0.0,0.0,1.0,1.0,0.0
30,160,6.818349560678431,2.853247851285533,0.0,1.0,0.0,1.0,0.0,0.0
31,160,5.485047417401918,3.717500269992021,1.0,1.0,0.0,0.0,0.0,0.0
32,160,12.0,11.258725300980336,0.0,1.0,1.0,0.0,0.0,0.0
33,160,1.094048555952077,9.633513890270615,0.0,0.0,0.0,0.0,0.0,0.0
34,160,3.59434771410539,6.6806228966494,1.0,0.0,1.0,0.0,1.0,0.0
35,160,3.974476034156464,0.2126174113208007,0.0,1.0,1.0,0.0,1.0,1.0
36,160,8.87028589478109,7.388634939256745,1.0,0.0,0.0,1.0,1.0,0.0
37,160,5.115456405969941,6.237503389200014,0.0,0.0,0.0,0.0,0.0,0.0
38,160,2.5335376967442773,7.322811194884452,1.0,0.0,0.0,0.0,1.0,0.0
39,160,8.813530989895279,5.3340485611752815,0.0,0.0,0.0,0.0,1.0,0.0
0,165,6.336199704882983,5.741011283705525,1.0,0.0,0.0,1.0,1.0,0.0
1,165,8.280206472481712,4.929724564355444,0.0,0.0,1.0,1.0,1.0,1.0
2,165,3.500125257867058,12.0,0.0,0.0,0.0,0.0,1.0,0.0
3,165,9.018684851784323,9.626704373036851,0.0,1.0,0.0,1.0,0.0,0.0
4,165,3.7877381241558337,5.263541929023346,1.0,1.0,0.0,1.0,0.0,0.0
5,165,0.332351782124845,1.1563581252783286,1.0,1.0,0.0,0.0,0.0,1.0
6,165,9.170629425632264,7.030294569798481,0.0,1.0,1.0,0.0,0.0,1.0
7,165,5.064269801915705,3.339252717442464,1.0,0.0,1.0,0.0,1.0,0.0
8,165,7.178082752854464,8.429005053162317,0.0,0.0,0.0,1.0,0.0,0.0
9,165,11.947075286479247,3.3494764050145887,1.0,0.0,1.0,0.0,1.0,0.0
10,165,1.8571033857535,1.2661775813444405,0.0,0.0,1.0,1.0,0.0,1.0
11,165,4.591853883891608,6.138012381658219,0.0,1.0,1.0,0.0,0.0,1.0
12,165,9.868733612819218,1.1637462911547765,0.0,1.0,0.0,1.0,0.0,1.0
13,165,5.905247342874885,12.0,0.0,0.0,1.0,0.0,1.0,1.0
14,165,1.9389732115658576,7.568124248265232,0.0,0.0,1.0,1.0,0.0,0.0
15,165,0.0301233282596222,9.722618030417802,0.0,1.0,0.0,0.0,1.0,0.0
16,165,1.6702814536542825,0.0,1.0,1.0,0.0,0.0,1.0,1.0
17,165,11.088482252726331,7.078418667991526,1.0,1.0,0.0,0.0,0.0,0.0
18,165,5.233807722601686,3.926933315994902,0.0,0.0,0.0,0.0,0.0,1.0
19,165,11.93803708534637,10.860476145327729,0.0,1.0,0.0,1.0,0.0,0.0
20,165,0.9660569606406788,3.855743624684827,1.0,1.0,0.0,0.0,0.0,0.0
21,165,0.6101631019250847,10.748213669276389,1.0,0.0,1.0,0.0,0.0,0.0
22,165,0.0,0.0,0.0,0.0,1.0,0.0,1.0,1.0
23,165,9.993029496054804,9.401089842764916,0.0,0.0,0.0,1.0,1.0,0.0
24,165,12.0,12.0,1.0,0.0,1.0,1.0,1.0,1.0
25,165,6.3031418113162925,9.751727041965884,0.0,1.0,0.0,1.0,0.0,0.0
26,165,6.925398744693823,2.911092314317537,1.0,1.0,1.0,1.0,0.0,1.0
27,165,8.552144251653713,4.635165088627126,0.0,1.0,0.0,1.0,0.0,1.0
28,165,3.599176477556888,1.385525997308792,0.0,0.0,1.0,0.0,0.0,1.0
29,165,5.151145003497517,1.7738064086618686,1.0,0.0,0.0,1.0,1.0,0.0
30,165,7.019269444576896,2.833638994001287,0.0,1.0,0.0,1.0,0.0,0.0
31,165,5.510387321244135,3.7204313720448745,1.0,1.0,0.0,0.0,0.0,0.0
32,165,12.0,11.228057468484613,0.0,1.0,1.0,0.0,0.0,0.0
33,165,1.1037526351459184,9.635447829591726,0.0,0.0,0.0,0.0,0.0,0.0
34,165,3.537548931591685,6.770500584692857,1.0,0.0,1.0,0.0,1.0,0.0
35,165,4.012994418154576,0.1977472319098643,0.0,1.0,1.0,0.0,1.0,1.0
36,165,8.848845435335546,7.434901146050829,1.0,0.0,0.0,1.0,1.0,0.0
37,165,5.117240110394722,6.245426116743404,0.0,0.0,0.0,0.0,0.0,0.0
38,165,2.7165969631303444,7.257201851364915,1.0,0.0,0.0,0.0,1.0,0.0
39,165,8.801406452695328,5.5288072614811625,0.0,0.0,0.0,0.0,1.0,0.0
0,170,6.3667110373732365,5.694883140419936,1.0,0.0,0.0,1.0,1.0,0.0
1,170,8.2098758762728,5.0109376530414975,0.0,0.0,1.0,1.0,1.0,1.0
2,170,3.452754341381332,12.0,0.0,0.0,0.0,0.0,1.0,0.0
3,170,8.893329784842372,9.607495674478464,0.0,1.0,0.0,1.0,0.0,0.0
4,170,3.820497887460614,5.2744389959913525,1.0,1.0,0.0,1.0,0.0,0.0
5,170,0.2784689737341796,1.1139305439675755,1.0,1.0,0.0,0.0,0.0,1.0
6,170,8.904460436213956,7.138358249407527,0.0,1.0,1.0,0.0,0.0,1.0
7,170,5.254191169513715,3.3107739929426665,1.0,0.0,1.0,0.0,1.0,0.0
8,170,7.1760410921996005,8.424744031136028,0.0,0.0,0.0,1.0,0.0,0.0
9,170,12.0,3.374532105470312,1.0,0.0,1.0,0.0,1.0,0.0
10,170,1.845877083793498,1.3152303361507252,0.0,0.0,1.0,1.0,0.0,1.0
11,170,4.5893153097886925,6.144983236879146,0.0,1.0,1.0,0.0,0.0,1.0
12,170,9.865486066183012,1.057975984556698,0.0,1.0,0.0,1.0,0.0,1.0
13,170,5.900453278859363,12.0,0.0,0.0,1.0,0.0,1.0,1.0
14,170,1.9420891305029253,7.569198685527494,0.0,0.0,1.0,1.0,0.0,0.0
15,170,0.0291373650279995,9.716556736204687,0.0,1.0,0.0,0.0,1.0,0.0
16,170,1.646322592999855,0.0,1.0,1.0,0.0,0.0,1.0,1.0
17,170,11.080378100953723,7.078891628906916,1.0,1.0,0.0,0.0,0.0,0.0
18,170,5.23151152644348,3.9447324730599007,0.0,0.0,0.0,0.0,0.0,1.0
19,170,11.974255752222875,10.95360597212988,0.0,1.0,0.0,1.0,0.0,0.0
20,170,1.0711671720144538,3.8187233965214498,1.0,1.0,0.0,0.0,0.0,0.0
21,170,0.6208702573320762,10.796674015297643,1.0,0.0,1.0,0.0,0.0,0.0
22,170,0.0,0.0,0.0,0.0,1.0,0.0,1.0,1.0
23,170,10.044010623483029,9.37524739642672,0.0,0.0,0.0,1.0,1.0,0.0
24,170,12.0,12.0,1.0,0.0,1.0,1.0,1.0,1.0
25,170,6.3327366095999285,9.96395702518343,0.0,1.0,0.0,1.0,0.0,0.0
26,170,6.899089712657795,2.888463669634404,1.0,1.0,1.0,1.0,0.0,1.0
27,170,8.475173495470422,4.596476680342654,0.0,1.0,0.0,1.0,0.0,1.0
28,170,3.6211747669151504,1.4407047821665169,0.0,0.0,1.0,0.0,0.0,1.0
29,170,5.155221718261518,1.7686466561848908,1.0,0.0,0.0,1.0,1.0,0.0
30,170,7.206386072760017,2.8139540480602023,0.0,1.0,0.0,1.0,0.0,0.0
31,170,5.542064393672322,3.72483061671708,1.0,1.0,0.0,0.0,0.0,0.0
32,170,12.0,11.195490992575158,0.0,1.0,1.0,0.0,0.0,0.0
33,170,1.1216475799334458,9.639036321267334,0.0,0.0,0.0,0.0,0.0,0.0
34,170,3.47156957293531,6.882031633879238,1.0,0.0,1.0,0.0,1.0,0.0
35,170,4.027943272031583,0.1919405183275774,0.0,1.0,1.0,0.0,1.0,1.0
36,170,8.821025777621147,7.491279120920096,1.0,0.0,0.0,1.0,1.0,0.0
37,170,5.119154315557888,6.253289486063976,0.0,0.0,0.0,0.0,0.0,0.0
38,170,2.8883606319849138,7.196071220240585,1.0,0.0,0.0,0.0,1.0,0.0
39,170,8.792403929089057,5.703441275712534,0.0,0.0,0.0,0.0,1.0,0.0
0,175,6.398225662105643,5.648871034744292,1.0,0.0,0.0,1.0,1.0,0.0
1,175,8.146915144175813,5.082689113178902,0.0,0.0,1.0,1.0,1.0,1.0
2,175,3.4217717406507666,12.0,0.0,0.0,0.0,0.0,1.0,0.0
3,175,8.74412757146517,9.583650453287609,0.0,1.0,0.0,1.0,0.0,0.0
4,175,3.838011397689906,5.280116210332235,1.0,1.0,0.0,1.0,0.0,0.0
5,175,0.2290922231536398,1.0760662175596143,1.0,1.0,0.0,0.0,0.0,1.0
6,175,8.618721631367807,7.260735616050524,0.0,1.0,1.0,0.0,0.0,1.0
7,175,5.452167869020244,3.283312400059756,1.0,0.0,1.0,0.0,1.0,0.0
8,175,7.173982813534025,8.420542775016912,0.0,0.0,0.0,1.0,0.0,0.0
9,175,12.0,3.4062938561629514,1.0,0.0,1.0,0.0,1.0,0.0
10,175,1.8311928311005392,1.3720735024965447,0.0,0.0,1.0,1.0,0.0,1.0
11,175,4.5851322949207605,6.1561541380619085,0.0,1.0,1.0,0.0,0.0,1.0
12,175,9.860190734405188,0.9254412938850924,0.0,1.0,0.0,1.0,0.0,1.0
13,175,5.896892365842546,12.0,0.0,0.0,1.0,0.0,1.0,1.0
14,175,1.94613808174164,7.570497240446885,0.0,0.0,1.0,1.0,0.0,0.0
15,175,0.027787804120249,9.709313410351518,0.0,1.0,0.0,0.0,1.0,0.0
16,175,1.6102027993903545,0.0,1.0,1.0,0.0,0.0,1.0,1.0
17,175,11.062214999902434,7.08037628852578,1.0,1.0,0.0,0.0,0.0,0.0
18,175,5.229464702784096,3.961236916085889,0.0,0.0,0.0,0.0,0.0,1.0
19,175,12.0,11.04552815574497,0.0,1.0,0.0,1.0,0.0,0.0
20,175,1.1863707099845835,3.7805429493506986,1.0,1.0,0.0,0.0,0.0,0.0
21,175,0.6320937082313239,10.847822175729638,1.0,0.0,1.0,0.0,0.0,0.0
22,175,0.0,0.0,0.0,0.0,1.0,0.0,1.0,1.0
23,175,10.10227026425888,9.34334702484482,0.0,0.0,0.0,1.0,1.0,0.0
24,175,12.0,12.0,1.0,0.0,1.0,1.0,1.0,1.0
25,175,6.360885922902048,10.160119263758876,0.0,1.0,0.0,1.0,0.0,0.0
26,175,6.878876927292679,2.870559964803847,1.0,1.0,1.0,1.0,0.0,1.0
27,175,8.397361485793192,4.557986718305487,0.0,1.0,0.0,1.0,0.0,1.0
28,175,3.639810002033895,1.4843392266851445,0.0,0.0,1.0,0.0,0.0,1.0
29,175,5.159753134768572,1.7627331094190424,1.0,0.0,0.0,1.0,1.0,0.0
30,175,7.415722307335145,2.785747358219984,0.0,1.0,0.0,1.0,0.0,0.0
31,175,5.567034474877621,3.728085541188951,1.0,1.0,0.0,0.0,0.0,0.0
32,175,12.0,11.1564734811896,0.0,1.0,1.0,0.0,0.0,0.0
33,175,1.1248847237605497,9.621752804092472,0.0,0.0,0.0,0.0,0.0,0.0
34,175,3.405951718683474,7.008130808874765,1.0,0.0,1.0,0.0,1.0,0.0
35,175,4.017674443366393,0.1960816798315328,0.0,1.0,1.0,0.0,1.0,1.0
36,175,8.790162428127463,7.549823558765051,1.0,0.0,0.0,1.0,1.0,0.0
37,175,5.118857466236443,6.252032049194292,0.0,0.0,0.0,0.0,0.0,0.0
38,175,3.054894133506937,7.130883064713812,1.0,0.0,0.0,0.0,1.0,0.0
39,175,8.7852778022959,5.849583034720249,0.0,0.0,0.0,0.0,1.0,0.0
0,180,6.437996070140736,5.59626236614516,1.0,0.0,0.0,1.0,1.0,0.0
1,180,8.093726426719885,5.141453117354584,0.0,0.0,1.0,1.0,1.0,1.0
2,180,3.3893512455595123,12.0,0.0,0.0,0.0,0.0,1.0,0.0
3,180,8.619353273909844,9.56132482615815,0.0,1.0,0.0,1.0,0.0,0.0
4,180,3.853415446764079,5.285184116628068,1.0,1.0,0.0,1.0,0.0,0.0
5,180,0.1885736127336372,1.046967371523864,1.0,1.0,0.0,0.0,0.0,1.0
6,180,8.341861435279052,7.379377076799923,0.0,1.0,1.0,0.0,0.0,1.0
7,180,5.6510704781662335,3.2566689209396653,1.0,0.0,1.0,0.0,1.0,0.0
8,180,7.175711845461094,8.424141660725935,0.0,0.0,0.0,1.0,0.0,0.0
9,180,12.0,3.4392092673711447,1.0,0.0,1.0,0.0,1.0,0.0
10,180,1.814368931847214,1.442772007504049,0.0,0.0,1.0,1.0,0.0,1.0
11,180,4.577207614598062,6.1768337751228986,0.0,1.0,1.0,0.0,0.0,1.0
12,180,9.857604654410803,0.8031084328040559,0.0,1.0,0.0,1.0,0.0,1.0
13,180,5.893890689919291,12.0,0.0,0.0,1.0,0.0,1.0,1.0
14,180,1.9737352908009425,7.579759113066142,0.0,0.0,1.0,1.0,0.0,0.0
15,180,0.0302693992670316,9.72181316265168,0.0,1.0,0.0,0.0,1.0,0.0
16,180,1.5752618585405955,0.0,1.0,1.0,0.0,0.0,1.0,1.0
17,180,11.04638162569047,7.081765360103963,1.0,1.0,0.0,0.0,0.0,0.0
18,180,5.226104875271721,3.987171524110958,0.0,0.0,0.0,0.0,0.0,1.0
19,180,12.0,11.138699509676284,0.0,1.0,0.0,1.0,0.0,0.0
20,180,1.2837825952940114,3.746658875059648,1.0,1.0,0.0,0.0,0.0,0.0
21,180,0.6376538266059312,10.8700490288044,1.0,0.0,1.0,0.0,0.0,0.0
22,180,0.0,0.0,0.0,0.0,1.0,0.0,1.0,1.0
23,180,10.1565811106771,9.315060205789509,0.0,0.0,0.0,1.0,1.0,0.0
24,180,12.0,12.0,1.0,0.0,1.0,1.0,1.0,1.0
25,180,6.387903987065463,10.35424636373717,0.0,1.0,0.0,1.0,0.0,0.0
26,180,6.862476465608006,2.8557340966685145,1.0,1.0,1.0,1.0,0.0,1.0
27,180,8.329678570227426,4.523304175071499,0.0,1.0,0.0,1.0,0.0,1.0
28,180,3.6526276208244695,1.5145841166304503,0.0,0.0,1.0,0.0,0.0,1.0
29,180,5.171648138083655,1.7470429764613542,1.0,0.0,0.0,1.0,1.0,0.0
30,180,7.64961665283467,2.7540273533176274,0.0,1.0,0.0,1.0,0.0,0.0
31,180,5.59785428435773,3.7328660998499688,1.0,1.0,0.0,0.0,0.0,0.0
32,180,12.0,11.118606849111234,0.0,1.0,1.0,0.0,0.0,0.0
33,180,1.129231986011889,9.599552561506869,0.0,0.0,0.0,0.0,0.0,0.0
34,180,3.3589922157200847,7.097363625665221,1.0,0.0,1.0,0.0,1.0,0.0
35,180,4.020272893907377,0.1949585180642077,0.0,1.0,1.0,0.0,1.0,1.0
36,180,8.752474187543289,7.619247100093116,1.0,0.0,0.0,1.0,1.0,0.0
37,180,5.118226495978603,6.2491170540702665,0.0,0.0,0.0,0.0,0.0,0.0
38,180,3.2183900648250985,7.063458236892356,1.0,0.0,0.0,0.0,1.0,0.0
39,180,8.776189964659489,6.005253653532035,0.0,0.0,0.0,0.0,1.0,0.0
0,185,6.49172934356391,5.527636570711257,1.0,0.0,0.0,1.0,1.0,0.0
1,185,8.03946110912285,5.199739389848299,0.0,0.0,1.0,1.0,1.0,1.0
2,185,3.3574602934589244,12.0,0.0,0.0,0.0,0.0,1.0,0.0
3,185,8.50525300466106,9.543267211437206,0.0,1.0,0.0,1.0,0.0,0.0
4,185,3.8687467674796814,5.290202626260106,1.0,1.0,0.0,1.0,0.0,0.0
5,185,0.1419198339541034,1.014109159249089,1.0,1.0,0.0,0.0,0.0,1.0
6,185,8.067929212860122,7.496839220588105,0.0,1.0,1.0,0.0,0.0,1.0
7,185,5.846715794892805,3.2324870167629856,1.0,0.0,1.0,0.0,1.0,0.0
8,185,7.186850487142311,8.448755102532623,0.0,0.0,0.0,1.0,0.0,0.0
9,185,12.0,3.469233256045733,1.0,0.0,1.0,0.0,1.0,0.0
10,185,1.7951320655614502,1.514106946150082,0.0,0.0,1.0,1.0,0.0,1.0
11,185,4.568723754650405,6.198553237397497,0.0,1.0,1.0,0.0,0.0,1.0
12,185,9.853872752347389,0.6769250144181758,0.0,1.0,0.0,1.0,0.0,1.0
13,185,5.891472802106009,12.0,0.0,0.0,1.0,0.0,1.0,1.0
14,185,2.0101704444760515,7.592253042449582,0.0,0.0,1.0,1.0,0.0,0.0
15,185,0.0387674916731454,9.720157271273283,0.0,1.0,0.0,0.0,1.0,0.0
16,185,1.5395984615239524,0.0,1.0,1.0,0.0,0.0,1.0,1.0
17,185,11.030555801862237,7.083438836532555,1.0,1.0,0.0,0.0,0.0,0.0
18,185,5.221302566131299,4.023150920277213,0.0,0.0,0.0,0.0,0.0,1.0
19,185,12.0,11.229241861705964,0.0,1.0,0.0,1.0,0.0,0.0
20,185,1.391034847841335,3.708772059467045,1.0,1.0,0.0,0.0,0.0,0.0
21,185,0.6459553948263151,10.901801035668967,1.0,0.0,1.0,0.0,0.0,0.0
22,185,0.0,0.0,0.0,0.0,1.0,0.0,1.0,1.0
23,185,10.218122550630982,9.281981571190904,0.0,0.0,0.0,1.0,1.0,0.0
24,185,12.0,12.0,1.0,0.0,1.0,1.0,1.0,1.0
25,185,6.415867423709309,10.541980951227528,0.0,1.0,0.0,1.0,0.0,0.0
26,185,6.85662262226786,2.850215783241506,1.0,1.0,1.0,1.0,0.0,1.0
27,185,8.276578420257346,4.497273416287596,0.0,1.0,0.0,1.0,0.0,1.0
28,185,3.6638877906664753,1.5441811997526358,0.0,0.0,1.0,0.0,0.0,1.0
29,185,5.193151089114905,1.7192140555646818,1.0,0.0,0.0,1.0,1.0,0.0
30,185,7.899226636632123,2.714192202722796,0.0,1.0,0.0,1.0,0.0,0.0
31,185,5.633118234595249,3.738735251339439,1.0,1.0,0.0,0.0,0.0,0.0
32,185,12.0,11.088009832304516,0.0,1.0,1.0,0.0,0.0,0.0
33,185,1.1302629899858454,9.593746541253276,0.0,0.0,0.0,0.0,0.0,0.0
34,185,3.3228864241736646,7.16150105231893,1.0,0.0,1.0,0.0,1.0,0.0
35,185,4.024914020636117,0.1929069287337882,0.0,1.0,1.0,0.0,1.0,1.0
36,185,8.708763473175395,7.7081955031767615,1.0,0.0,0.0,1.0,1.0,0.0
37,185,5.119837918436152,6.256937998298448,0.0,0.0,0.0,0.0,0.0,0.0
38,185,3.3708441662922723,7.00014787513673,1.0,0.0,0.0,0.0,1.0,0.0
39,185,8.765704013626497,6.149275724765955,0.0,0.0,0.0,0.0,1.0,0.0
0,190,6.543700849720726,5.463200724691276,1.0,0.0,0.0,1.0,1.0,0.0
1,190,7.994894103741809,5.247166150860859,0.0,0.0,1.0,1.0,1.0,1.0
2,190,3.313960834068195,12.0,0.0,0.0,0.0,0.0,1.0,0.0
3,190,8.365407921547943,9.519249470005292,0.0,1.0,0.0,1.0,0.0,0.0
4,190,3.894027141136076,5.2977029736494,1.0,1.0,0.0,1.0,0.0,0.0
5,190,0.095510899843884,0.9797954058771438,1.0,1.0,0.0,0.0,0.0,1.0
6,190,7.813754511755299,7.605166193564957,0.0,1.0,1.0,0.0,0.0,1.0
7,190,6.039389883200035,3.208905060742189,1.0,0.0,1.0,0.0,1.0,0.0
8,190,7.195027668091615,8.466713054940572,0.0,0.0,0.0,1.0,0.0,0.0
9,190,12.0,3.5015425916512304,1.0,0.0,1.0,0.0,1.0,0.0
10,190,1.772067333981474,1.5993770209945062,0.0,0.0,1.0,1.0,0.0,1.0
11,190,4.565826534796838,6.20578116801046,0.0,1.0,1.0,0.0,0.0,1.0
12,190,9.85194161543515,0.5673529910714403,0.0,1.0,0.0,1.0,0.0,1.0
13,190,5.888870862398825,12.0,0.0,0.0,1.0,0.0,1.0,1.0
14,190,2.0690345014378955,7.613180673101204,0.0,0.0,1.0,1.0,0.0,0.0
15,190,0.0495278299557723,9.717846268021772,0.0,1.0,0.0,0.0,1.0,0.0
16,190,1.495396906629951,0.0,1.0,1.0,0.0,0.0,1.0,1.0
17,190,11.008981821622127,7.08534278276113,1.0,1.0,0.0,0.0,0.0,0.0
18,190,5.216598119210155,4.060815780777941,0.0,0.0,0.0,0.0,0.0,1.0
19,190,12.0,11.319163489235086,0.0,1.0,0.0,1.0,0.0,0.0
20,190,1.50098880346002,3.6661337975495134,1.0,1.0,0.0,0.0,0.0,0.0
21,190,0.650664943930082,10.921000949371518,1.0,0.0,1.0,0.0,0.0,0.0
22,190,0.0,0.0,0.0,0.0,1.0,0.0,1.0,1.0
23,190,10.28222715607723,9.248506085993444,0.0,0.0,0.0,1.0,1.0,0.0
24,190,12.0,12.0,1.0,0.0,1.0,1.0,1.0,1.0
25,190,6.4400756278921625,10.7265241355606,0.0,1.0,0.0,1.0,0.0,0.0
26,190,6.83447586184254,2.827528612820852,1.0,1.0,1.0,1.0,0.0,1.0
27,190,8.218405713030352,4.469174200570868,0.0,1.0,0.0,1.0,0.0,1.0
28,190,3.672973330364575,1.5706233683430229,0.0,0.0,1.0,0.0,0.0,1.0
29,190,5.207995309885157,1.6994298076127774,1.0,0.0,0.0,1.0,1.0,0.0
30,190,8.147778598784566,2.674827332713885,0.0,1.0,0.0,1.0,0.0,0.0
31,190,5.667869820342222,3.744573422655692,1.0,1.0,0.0,0.0,0.0,0.0
32,190,12.0,11.050739910206085,0.0,1.0,1.0,0.0,0.0,0.0
33,190,1.1315992482854698,9.586576333424103,0.0,0.0,0.0,0.0,0.0,0.0
34,190,3.280091810811275,7.241633866021584,1.0,0.0,1.0,0.0,1.0,0.0
35,190,4.043164845372971,0.1848153668871242,0.0,1.0,1.0,0.0,1.0,1.0
36,190,8.666039077342244,7.801357834202667,1.0,0.0,0.0,1.0,1.0,0.0
37,190,5.122754347320555,6.271327604022601,0.0,0.0,0.0,0.0,0.0,0.0
38,190,3.5421384252084365,6.929615276376426,1.0,0.0,0.0,0.0,1.0,0.0
39,190,8.756149145357004,6.278745567841985,0.0,0.0,0.0,0.0,1.0,0.0
0,195,6.585744199526994,5.411187529481097,1.0,0.0,0.0,1.0,1.0,0.0
1,195,7.944369338993717,5.295299757185556,0.0,0.0,1.0,1.0,1.0,1.0
2,195,3.270024565565961,12.0,0.0,0.0,0.0,0.0,1.0,0.0
3,195,8.240051311384573,9.498141749077764,0.0,1.0,0.0,1.0,0.0,0.0
4,195,3.902003276680905,5.272220366752136,1.0,1.0,0.0,1.0,0.0,0.0
5,195,0.0605795430919247,0.9534553473785944,1.0,1.0,0.0,0.0,0.0,1.0
6,195,7.563137351494335,7.713800384319981,0.0,1.0,1.0,0.0,0.0,1.0
7,195,6.219113534467882,3.1911269676434406,1.0,0.0,1.0,0.0,1.0,0.0
8,195,7.205312605884339,8.489655060886427,0.0,0.0,0.0,1.0,0.0,0.0
9,195,12.0,3.533171084966145,1.0,0.0,1.0,0.0,1.0,0.0
10,195,1.7505568965001812,1.6829333227597825,0.0,0.0,1.0,1.0,0.0,1.0
11,195,4.56226674900019,6.214784456155246,0.0,1.0,1.0,0.0,0.0,1.0
12,195,9.849924570696816,0.4530985480646134,0.0,1.0,0.0,1.0,0.0,1.0
13,195,5.887400096152178,12.0,0.0,0.0,1.0,0.0,1.0,1.0
14,195,2.112323703489418,7.629053845073756,0.0,0.0,1.0,1.0,0.0,0.0
15,195,0.0572465521204241,9.716141103887628,0.0,1.0,0.0,0.0,1.0,0.0
16,195,1.459710352864876,0.0,1.0,1.0,0.0,0.0,1.0,1.0
17,195,10.987287191314383,7.087506100304961,1.0,1.0,0.0,0.0,0.0,0.0
18,195,5.212417254002986,4.098847894808425,0.0,0.0,0.0,0.0,0.0,1.0
19,195,12.0,11.396488248192124,0.0,1.0,0.0,1.0,0.0,0.0
20,195,1.6046496533924484,3.6257813061871262,1.0,1.0,0.0,0.0,0.0,0.0
21,195,0.6554582192502224,10.9413121908541,1.0,0.0,1.0,0.0,0.0,0.0
22,195,0.0,0.0,0.0,0.0,1.0,0.0,1.0,1.0
23,195,10.344336825531148,9.215791377966218,0.0,0.0,0.0,1.0,1.0,0.0
24,195,12.0,12.0,1.0,0.0,1.0,1.0,1.0,1.0
25,195,6.462090064704064,10.914506100990408,0.0,1.0,0.0,1.0,0.0,0.0
26,195,6.812557206328806,2.804805289415232,1.0,1.0,1.0,1.0,0.0,1.0
27,195,8.154977376635225,4.435943582931194,0.0,1.0,0.0,1.0,0.0,1.0
28,195,3.685132140587437,1.6048611153512775,0.0,0.0,1.0,0.0,0.0,1.0
29,195,5.2413454700458,1.6520664415597703,1.0,0.0,0.0,1.0,1.0,0.0
30,195,8.398508055676118,2.636277054315542,0.0,1.0,0.0,1.0,0.0,0.0
31,195,5.717075504501662,3.7526714648308457,1.0,1.0,0.0,0.0,0.0,0.0
32,195,12.0,11.013308149938045,0.0,1.0,1.0,0.0,0.0,0.0
33,195,1.134122280393375,9.574412674525355,0.0,0.0,0.0,0.0,0.0,0.0
34,195,3.235833278923525,7.327889359839028,1.0,0.0,1.0,0.0,1.0,0.0
35,195,4.080099160461023,0.1686032965750732,0.0,1.0,1.0,0.0,1.0,1.0
36,195,8.628437895682616,7.883095352152494,1.0,0.0,0.0,1.0,1.0,0.0
37,195,5.1277433977911,6.295427786593315,0.0,0.0,0.0,0.0,0.0,0.0
38,195,3.709656051148428,6.860784024810443,1.0,0.0,0.0,0.0,1.0,0.0
39,195,8.747801184943294,6.401192148109327,0.0,0.0,0.0,0.0,1.0,0.0
0,200,6.637724143785468,5.34639439530471,1.0,0.0,0.0,1.0,1.0,0.0
1,200,7.900849090676871,5.336906654368659,0.0,0.0,1.0,1.0,1.0,1.0
2,200,3.216035818604308,12.0,0.0,0.0,0.0,0.0,1.0,0.0
3,200,8.123334688778568,9.480784047738148,0.0,1.0,0.0,1.0,0.0,0.0
4,200,3.906180317416112,5.257523050776579,1.0,1.0,0.0,1.0,0.0,0.0
5,200,0.0198867159830433,0.922327398183138,1.0,1.0,0.0,0.0,0.0,1.0
6,200,7.327905367336065,7.807132936183106,0.0,1.0,1.0,0.0,0.0,1.0
7,200,6.386426348761987,3.1726582964172936,1.0,0.0,1.0,0.0,1.0,0.0
8,200,7.215704972487679,8.512782076561184,0.0,0.0,0.0,1.0,0.0,0.0
9,200,12.0,3.562578811349008,1.0,0.0,1.0,0.0,1.0,0.0
10,200,1.7292194272299892,1.7521062508763134,0.0,0.0,1.0,1.0,0.0,1.0
11,200,4.553436745694645,6.239154323616542,0.0,1.0,1.0,0.0,0.0,1.0
12,200,9.84832495878421,0.3463166592825225,0.0,1.0,0.0,1.0,0.0,1.0
13,200,5.885467302162181,12.0,0.0,0.0,1.0,0.0,1.0,1.0
14,200,2.134869508940499,7.637304443025967,0.0,0.0,1.0,1.0,0.0,0.0
15,200,0.06224351871481,9.714986483642685,0.0,1.0,0.0,0.0,1.0,0.0
16,200,1.4247292551068018,0.0,1.0,1.0,0.0,0.0,1.0,1.0
17,200,10.961358638095971,7.089463626183395,1.0,1.0,0.0,0.0,0.0,0.0
18,200,5.208085399298176,4.153233386063312,0.0,0.0,0.0,0.0,0.0,1.0
19,200,12.0,11.468990828083404,0.0,1.0,0.0,1.0,0.0,0.0
20,200,1.724570221406272,3.57955124926058,1.0,1.0,0.0,0.0,0.0,0.0
21,200,0.6595682227299355,10.9586962843693,1.0,0.0,1.0,0.0,0.0,0.0
22,200,0.0,0.0,0.0,0.0,1.0,0.0,1.0,1.0
23,200,10.409167441052835,9.181206820781457,0.0,0.0,0.0,1.0,1.0,0.0
24,200,11.999641974840523,11.9981471636965,1.0,0.0,1.0,1.0,1.0,1.0
25,200,6.483679464913749,11.113449250258972,0.0,1.0,0.0,1.0,0.0,0.0
26,200,6.789192476923386,2.780410486666725,1.0,1.0,1.0,1.0,0.0,1.0
27,200,8.09247291237849,4.403714326771629,0.0,1.0,0.0,1.0,0.0,1.0
28,200,3.72723060106256,1.5899125696519634,0.0,0.0,1.0,0.0,0.0,1.0
29,200,5.270672264212887,1.6106894721367593,1.0,0.0,0.0,1.0,1.0,0.0
30,200,8.636954075608855,2.6071567177935213,0.0,1.0,0.0,1.0,0.0,0.0
31,200,5.747554935233502,3.757949314969317,1.0,1.0,0.0,0.0,0.0,0.0
32,200,12.0,10.975838953843994,0.0,1.0,1.0,0.0,0.0,0.0
33,200,1.135482110285536,9.5680218519007,0.0,0.0,0.0,0.0,0.0,0.0
34,200,3.2025710787063635,7.394231344788246,1.0,0.0,1.0,0.0,1.0,0.0
35,200,4.121517947271552,0.1515227512626343,0.0,1.0,1.0,0.0,1.0,1.0
36,200,8.5965819396635,7.952724233047012,1.0,0.0,0.0,1.0,1.0,0.0
37,200,5.131639709487129,6.31501709231376,0.0,0.0,0.0,0.0,0.0,0.0
38,200,3.8719292092822775,6.792543104453579,1.0,0.0,0.0,0.0,1.0,0.0
39,200,8.736949165746429,6.513156043134585,0.0,0.0,0.0,0.0,1.0,0.0
0,205,6.6951512664469,5.274280207347288,1.0,0.0,0.0,1.0,1.0,0.0
1,205,7.862339983345672,5.373010214864538,0.0,0.0,1.0,1.0,1.0,1.0
2,205,3.1657037630061136,12.0,0.0,0.0,0.0,0.0,1.0,0.0
3,205,7.987554585489427,9.464921821120308,0.0,1.0,0.0,1.0,0.0,0.0
4,205,3.912449288181072,5.236276550420121,1.0,1.0,0.0,1.0,0.0,0.0
5,205,0.0,0.8951861334126697,1.0,1.0,0.0,0.0,0.0,1.0
6,205,7.097000623236697,7.899268007319622,0.0,1.0,1.0,0.0,0.0,1.0
7,205,6.532083645864495,3.160868939948985,1.0,0.0,1.0,0.0,1.0,0.0
8,205,7.217123893448386,8.515941894195011,0.0,0.0,0.0,1.0,0.0,0.0
9,205,11.96790878370311,3.6671149707644366,1.0,0.0,1.0,0.0,1.0,0.0
10,205,1.7098963112151606,1.8127657222664428,0.0,0.0,1.0,1.0,0.0,1.0
11,205,4.533617078869318,6.290634554717255,0.0,1.0,1.0,0.0,0.0,1.0
12,205,9.845541040662653,0.2335947440513078,0.0,1.0,0.0,1.0,0.0,1.0
13,205,5.883106609408509,12.0,0.0,0.0,1.0,0.0,1.0,1.0
14,205,2.1604191300625333,7.646323264235059,0.0,0.0,1.0,1.0,0.0,0.0
15,205,0.0816189777135507,9.711280923768124,0.0,1.0,0.0,0.0,1.0,0.0
16,205,1.3819426255301623,0.0,1.0,1.0,0.0,0.0,1.0,1.0
17,205,10.91914291116104,7.091587611759597,1.0,1.0,0.0,0.0,0.0,0.0
18,205,5.203754821781687,4.207587231089419,0.0,0.0,0.0,0.0,0.0,1.0
19,205,12.0,11.5372596412098,0.0,1.0,0.0,1.0,0.0,0.0
20,205,1.855012980863744,3.530325397306865,1.0,1.0,0.0,0.0,0.0,0.0
21,205,0.6646395808456873,10.981908056932587,1.0,0.0,1.0,0.0,0.0,0.0
22,205,0.0,0.0,0.0,0.0,1.0,0.0,1.0,1.0
23,205,10.483967099533814,9.14415970460878,0.0,0.0,0.0,1.0,1.0,0.0
24,205,12.0,12.0,1.0,0.0,1.0,1.0,1.0,1.0
25,205,6.500475155756429,11.315328204992795,0.0,1.0,0.0,1.0,0.0,0.0
26,205,6.773913435430706,2.764530882322485,1.0,1.0,1.0,1.0,0.0,1.0
27,205,8.023172197410187,4.367759731100719,0.0,1.0,0.0,1.0,0.0,1.0
28,205,3.752221759478688,1.5814552845467749,0.0,0.0,1.0,0.0,0.0,1.0
29,205,5.306327448016798,1.5595208623080137,1.0,0.0,0.0,1.0,1.0,0.0
30,205,8.883218997562404,2.5778869650998164,0.0,1.0,0.0,1.0,0.0,0.0
31,205,5.779635080564414,3.763360750563094,1.0,1.0,0.0,0.0,0.0,0.0
32,205,12.0,10.934963613842395,0.0,1.0,1.0,0.0,0.0,0.0
33,205,1.1352056929015673,9.569484167668604,0.0,0.0,0.0,0.0,0.0,0.0
34,205,3.173749015492611,7.450623725665881,1.0,0.0,1.0,0.0,1.0,0.0
35,205,4.167045110413914,0.1327147347023307,0.0,1.0,1.0,0.0,1.0,1.0
36,205,8.561041767597622,8.032640010883433,1.0,0.0,0.0,1.0,1.0,0.0
37,205,5.140981897023176,6.312916879042402,0.0,0.0,0.0,0.0,0.0,0.0
38,205,4.027900123967702,6.729687408767028,1.0,0.0,0.0,0.0,1.0,0.0
39,205,8.724218593623428,6.62758174548769,0.0,0.0,0.0,0.0,1.0,0.0
0,210,6.741148098443214,5.2156884304505216,1.0,0.0,0.0,1.0,1.0,0.0
1,210,7.834655724281608,5.39950953124638,0.0,0.0,1.0,1.0,1.0,1.0
2,210,3.123192165142665,12.0,0.0,0.0,0.0,0.0,1.0,0.0
3,210,7.821104876126728,9.44263943127106,0.0,1.0,0.0,1.0,0.0,0.0
4,210,3.913128165582879,5.234069858175088,1.0,1.0,0.0,1.0,0.0,0.0
5,210,0.0,0.8735185007822914,1.0,1.0,0.0,0.0,0.0,1.0
6,210,6.851820323907196,8.003057159232572,0.0,1.0,1.0,0.0,0.0,1.0
7,210,6.692776883600791,3.147356942243205,1.0,0.0,1.0,0.0,1.0,0.0
8,210,7.229445850360606,8.541031810293346,0.0,0.0,0.0,1.0,0.0,0.0
9,210,11.933888878686195,3.771229750841554,1.0,0.0,1.0,0.0,1.0,0.0
10,210,1.6993534923093208,1.843915630392992,0.0,0.0,1.0,1.0,0.0,1.0
11,210,4.487799311245305,6.273752131009896,0.0,1.0,1.0,0.0,0.0,1.0
12,210,9.844447582186778,0.1142587943036156,0.0,1.0,0.0,1.0,0.0,1.0
13,210,5.880113327839714,12.0,0.0,0.0,1.0,0.0,1.0,1.0
14,210,2.165209873216541,7.633362771985719,0.0,0.0,1.0,1.0,0.0,0.0
15,210,0.1222428364014565,9.703860727624637,0.0,1.0,0.0,0.0,1.0,0.0
16,210,1.3250647561084157,0.0,1.0,1.0,0.0,0.0,1.0,1.0
17,210,10.857686472184758,7.092374048840917,1.0,1.0,0.0,0.0,0.0,0.0
18,210,5.198123053942989,4.266114378458339,0.0,0.0,0.0,0.0,0.0,1.0
19,210,12.0,11.612836615770368,0.0,1.0,0.0,1.0,0.0,0.0
20,210,1.9863635122998304,3.4803057011715235,1.0,1.0,0.0,0.0,0.0,0.0
21,210,0.6679536712128141,10.997435924825435,1.0,0.0,1.0,0.0,0.0,0.0
22,210,0.0,0.0,0.0,0.0,1.0,0.0,1.0,1.0
23,210,10.558972764559025,9.107251185637264,0.0,0.0,0.0,1.0,1.0,0.0
24,210,11.997942020353824,11.990579146372736,1.0,0.0,1.0,1.0,1.0,1.0
25,210,6.511058016991543,11.479309516280171,0.0,1.0,0.0,1.0,0.0,0.0
26,210,6.771590884403721,2.762173472956844,1.0,1.0,1.0,1.0,0.0,1.0
27,210,7.942330872536294,4.324333284359905,0.0,1.0,0.0,1.0,0.0,1.0
28,210,3.7793955151214575,1.571830453067406,0.0,0.0,1.0,0.0,0.0,1.0
29,210,5.33316116434075,1.5218666724061185,1.0,0.0,0.0,1.0,1.0,0.0
30,210,9.138151531295184,2.546935946692994,0.0,1.0,0.0,1.0,0.0,0.0
31,210,5.829408600380025,3.77207723276166,1.0,1.0,0.0,0.0,0.0,0.0
32,210,12.0,10.8884594328063,0.0,1.0,1.0,0.0,0.0,0.0
33,210,1.136351295497884,9.563212651659873,0.0,0.0,0.0,0.0,0.0,0.0
34,210,3.144354326252112,7.504355154771748,1.0,0.0,1.0,0.0,1.0,0.0
35,210,4.215304635717886,0.112516707890356,0.0,1.0,1.0,0.0,1.0,1.0
36,210,8.521989812466844,8.116909049018304,1.0,0.0,0.0,1.0,1.0,0.0
37,210,5.151725336616362,6.31048775633718,0.0,0.0,0.0,0.0,0.0,0.0
38,210,4.152354452256884,6.67587029123292,1.0,0.0,0.0,0.0,1.0,0.0
39,210,8.712616691022546,6.743255069082438,0.0,0.0,0.0,0.0,1.0,0.0
0,215,6.788161866052139,5.153913932622726,1.0,0.0,0.0,1.0,1.0,0.0
1,215,7.795247910666821,5.437029308204296,0.0,0.0,1.0,1.0,1.0,1.0
2,215,3.0605393612102723,12.0,0.0,0.0,0.0,0.0,1.0,0.0
3,215,7.644144199606655,9.420327753242203,0.0,1.0,0.0,1.0,0.0,0.0
4,215,3.919949480880393,5.211256192436595,1.0,1.0,0.0,1.0,0.0,0.0
5,215,0.0,0.8364118611863082,1.0,1.0,0.0,0.0,0.0,1.0
6,215,6.591451265484551,8.118745206697495,0.0,1.0,1.0,0.0,0.0,1.0
7,215,6.846567676693252,3.1286202566340604,1.0,0.0,1.0,0.0,1.0,0.0
8,215,7.227007372806997,8.536281083431428,0.0,0.0,0.0,1.0,0.0,0.0
9,215,11.907714178111954,3.858951464675256,1.0,0.0,1.0,0.0,1.0,0.0
10,215,1.6855085472364522,1.8799370370793824,0.0,0.0,1.0,1.0,0.0,1.0
11,215,4.454410125681294,6.261161581663161,0.0,1.0,1.0,0.0,0.0,1.0
12,215,9.84516292402757,0.0,0.0,1.0,0.0,1.0,0.0,1.0
13,215,5.876443920042767,12.0,0.0,0.0,1.0,0.0,1.0,1.0
14,215,2.171329626505308,7.617667061084729,0.0,0.0,1.0,1.0,0.0,0.0
15,215,0.1606916913305978,9.695949040906124,0.0,1.0,0.0,0.0,1.0,0.0
16,215,1.263894762809331,0.0,1.0,1.0,0.0,0.0,1.0,1.0
17,215,10.780798025914562,7.096358016928906,1.0,1.0,0.0,0.0,0.0,0.0
18,215,5.193308112430108,4.317531284476599,0.0,0.0,0.0,0.0,0.0,1.0
19,215,12.0,11.697599355077385,0.0,1.0,0.0,1.0,0.0,0.0
20,215,2.134299554181875,3.423397082596202,1.0,1.0,0.0,0.0,0.0,0.0
21,215,0.6685526448341733,11.000271375432895,1.0,0.0,1.0,0.0,0.0,0.0
22,215,0.0,0.0,0.0,0.0,1.0,0.0,1.0,1.0
23,215,10.627877016393429,9.07489266203965,0.0,0.0,0.0,1.0,1.0,0.0
24,215,11.993966862821187,11.972061344277575,1.0,0.0,1.0,1.0,1.0,1.0
25,215,6.51731194230734,11.626907712890374,0.0,1.0,0.0,1.0,0.0,0.0
26,215,6.766772975691145,2.757020137875159,1.0,1.0,1.0,1.0,0.0,1.0
27,215,7.84762355744964,4.273078701878225,0.0,1.0,0.0,1.0,0.0,1.0
28,215,3.798675513246669,1.565311965193119,0.0,0.0,1.0,0.0,0.0,1.0
29,215,5.340510833011386,1.511152286287845,1.0,0.0,0.0,1.0,1.0,0.0
30,215,9.390293803958867,2.5245679746451493,0.0,1.0,0.0,1.0,0.0,0.0
31,215,5.908649139695001,3.784492627324223,1.0,1.0,0.0,0.0,0.0,0.0
32,215,12.0,10.84862051495561,0.0,1.0,1.0,0.0,0.0,0.0
33,215,1.136156658960764,9.564356332754835,0.0,0.0,0.0,0.0,0.0,0.0
34,215,3.111942034737907,7.564559731149361,1.0,0.0,1.0,0.0,1.0,0.0
35,215,4.253528521487683,0.096444289940348,0.0,1.0,1.0,0.0,1.0,1.0
36,215,8.492619319902765,8.185420692613992,1.0,0.0,0.0,1.0,1.0,0.0
37,215,5.15986571563245,6.308471709152275,0.0,0.0,0.0,0.0,0.0,0.0
38,215,4.279737255232657,6.620069896199003,1.0,0.0,0.0,0.0,1.0,0.0
39,215,8.700410905087974,6.853991219820289,0.0,0.0,0.0,0.0,1.0,0.0
0,220,6.828975359983976,5.09977788807932,1.0,0.0,0.0,1.0,1.0,0.0
1,220,7.756256701730045,5.47600935205152,0.0,0.0,1.0,1.0,1.0,1.0
2,220,3.000782070289977,12.0,0.0,0.0,0.0,0.0,1.0,0.0
3,220,7.464964375103592,9.39262120562327,0.0,1.0,0.0,1.0,0.0,0.0
4,220,3.927845301694913,5.1874556631558,1.0,1.0,0.0,1.0,0.0,0.0
5,220,0.0,0.7954750675540257,1.0,1.0,0.0,0.0,0.0,1.0
6,220,6.336564239223386,8.239503941423006,0.0,1.0,1.0,0.0,0.0,1.0
7,220,7.020993031270807,3.108307849100895,1.0,0.0,1.0,0.0,1.0,0.0
8,220,7.22329280701501,8.529341264363994,0.0,0.0,0.0,1.0,0.0,0.0
9,220,11.879232540000292,3.951019729470578,1.0,0.0,1.0,0.0,1.0,0.0
10,220,1.6666269066963633,1.922678250102115,0.0,0.0,1.0,1.0,0.0,1.0
11,220,4.434357143828314,6.253520741708376,0.0,1.0,1.0,0.0,0.0,1.0
12,220,9.84581850388924,0.0,0.0,1.0,0.0,1.0,0.0,1.0
13,220,5.870215256671571,12.0,0.0,0.0,1.0,0.0,1.0,1.0
14,220,2.1795363535795014,7.596655973315983,0.0,0.0,1.0,1.0,0.0,0.0
15,220,0.190522626296035,9.689745466096408,0.0,1.0,0.0,0.0,1.0,0.0
16,220,1.191673007384627,0.0,1.0,1.0,0.0,0.0,1.0,1.0
17,220,10.72179793217155,7.09894853692277,1.0,1.0,0.0,0.0,0.0,0.0
18,220,5.18803556015111,4.378066163873698,0.0,0.0,0.0,0.0,0.0,1.0
19,220,12.0,11.770875590728958,0.0,1.0,0.0,1.0,0.0,0.0
20,220,2.2954859873359514,3.364975760307616,1.0,1.0,0.0,0.0,0.0,0.0
21,220,0.6695240981935714,11.004443629123218,1.0,0.0,1.0,0.0,0.0,0.0
22,220,0.0,0.0,0.0,0.0,1.0,0.0,1.0,1.0
23,220,10.696849722452535,9.04199100456548,0.0,0.0,0.0,1.0,1.0,0.0
24,220,11.99049559199032,11.956739075038056,1.0,0.0,1.0,1.0,1.0,1.0
25,220,6.520228502061759,11.79804791830982,0.0,1.0,0.0,1.0,0.0,0.0
26,220,6.747804130596869,2.737058435139197,1.0,1.0,1.0,1.0,0.0,1.0
27,220,7.758496592678303,4.226268661196533,0.0,1.0,0.0,1.0,0.0,1.0
28,220,3.810004709874342,1.561531853766825,0.0,0.0,1.0,0.0,0.0,1.0
29,220,5.346360110370068,1.503109546507446,1.0,0.0,0.0,1.0,1.0,0.0
30,220,9.631976107966237,2.499451642805964,0.0,1.0,0.0,1.0,0.0,0.0
31,220,5.977488569493268,3.793355167541369,1.0,1.0,0.0,0.0,0.0,0.0
32,220,12.0,10.808171007276,0.0,1.0,1.0,0.0,0.0,0.0
33,220,1.1368040188447956,9.560665287644705,0.0,0.0,0.0,0.0,0.0,0.0
34,220,3.0879093692885182,7.609085805381682,1.0,0.0,1.0,0.0,1.0,0.0
35,220,4.298598967112709,0.0786882444333375,0.0,1.0,1.0,0.0,1.0,1.0
36,220,8.46704407572701,8.249843055377903,1.0,0.0,0.0,1.0,1.0,0.0
37,220,5.158363739524988,6.308861213909807,0.0,0.0,0.0,0.0,0.0,0.0
38,220,4.390596236458323,6.572116697840695,1.0,0.0,0.0,0.0,1.0,0.0
39,220,8.689483480899362,6.970429998124884,0.0,0.0,0.0,0.0,1.0,0.0
0,225,6.873943693664377,5.037751242128046,1.0,0.0,0.0,1.0,1.0,0.0
1,225,7.707304028220413,5.52518677693311,0.0,0.0,1.0,1.0,1.0,1.0
2,225,2.928151665119456,12.0,0.0,0.0,0.0,0.0,1.0,0.0
3,225,7.304159497472506,9.369285385901346,0.0,1.0,0.0,1.0,0.0,0.0
4,225,3.936490512894024,5.1611055071395295,1.0,1.0,0.0,1.0,0.0,0.0
5,225,0.0,0.7667037267773987,1.0,1.0,0.0,0.0,0.0,1.0
6,225,6.094639799154041,8.349866274385407,0.0,1.0,1.0,0.0,0.0,1.0
7,225,7.200969090301961,3.0842195462297086,1.0,0.0,1.0,0.0,1.0,0.0
8,225,7.223794596492583,8.530253998476507,0.0,0.0,0.0,1.0,0.0,0.0
9,225,11.849141507804244,4.042562285989334,1.0,0.0,1.0,0.0,1.0,0.0
10,225,1.6576635534773996,1.9447931782845067,0.0,0.0,1.0,1.0,0.0,1.0
11,225,4.409555280430601,6.244226350049095,0.0,1.0,1.0,0.0,0.0,1.0
12,225,9.847421977035516,0.0,0.0,1.0,0.0,1.0,0.0,1.0
13,225,5.862004822450522,12.0,0.0,0.0,1.0,0.0,1.0,1.0
14,225,2.188345292048873,7.57319892419391,0.0,0.0,1.0,1.0,0.0,0.0
15,225,0.20921827183255,9.685864877924828,0.0,1.0,0.0,0.0,1.0,0.0
16,225,1.1022381821301372,0.0,1.0,1.0,0.0,0.0,1.0,1.0
17,225,10.659213536702024,7.102157573760027,1.0,1.0,0.0,0.0,0.0,0.0
18,225,5.183778022983953,4.425139438293349,0.0,0.0,0.0,0.0,0.0,1.0
19,225,12.0,11.846668234721218,0.0,1.0,0.0,1.0,0.0,0.0
20,225,2.48131640131491,3.2971888779111675,1.0,1.0,0.0,0.0,0.0,0.0
21,225,0.6685233023472977,11.000162159660126,1.0,0.0,1.0,0.0,0.0,0.0
22,225,0.0,0.0,0.0,0.0,1.0,0.0,1.0,1.0
23,225,10.728375076732473,9.1080881967333,0.0,0.0,0.0,1.0,1.0,0.0
24,225,11.98445214031991,11.933630390205906,1.0,0.0,1.0,1.0,1.0,1.0
25,225,6.519687309610771,11.98426440338302,0.0,1.0,0.0,1.0,0.0,0.0
26,225,6.726621179743319,2.7149856633676914,1.0,1.0,1.0,1.0,0.0,1.0
27,225,7.670755372206706,4.178284795366152,0.0,1.0,0.0,1.0,0.0,1.0
28,225,3.84945674063257,1.5476393613471566,0.0,0.0,1.0,0.0,0.0,1.0
29,225,5.360441562633453,1.4839010427247163,1.0,0.0,0.0,1.0,1.0,0.0
30,225,9.868971210773152,2.4661974944793914,0.0,1.0,0.0,1.0,0.0,0.0
31,225,6.041355796363994,3.801953818184633,1.0,1.0,0.0,0.0,0.0,0.0
32,225,12.0,10.763097155472789,0.0,1.0,1.0,0.0,0.0,0.0
33,225,1.1379361138672734,9.553194673156522,0.0,0.0,0.0,0.0,0.0,0.0
34,225,3.0585248846355078,7.666462652860689,1.0,0.0,1.0,0.0,1.0,0.0
35,225,4.334028379259786,0.0650974039502752,0.0,1.0,1.0,0.0,1.0,1.0
36,225,8.434828856517548,8.327221882090338,1.0,0.0,0.0,1.0,1.0,0.0
37,225,5.171222295835548,6.304977757362786,0.0,0.0,0.0,0.0,0.0,0.0
38,225,4.49744691175036,6.522141496392706,1.0,0.0,0.0,0.0,1.0,0.0
39,225,8.679367077590424,7.090743568870916,0.0,0.0,0.0,0.0,1.0,0.0
0,230,6.904326895134238,4.993621248000885,1.0,0.0,0.0,1.0,1.0,0.0
1,230,7.676690318943351,5.557135639679806,0.0,0.0,1.0,1.0,1.0,1.0
2,230,2.859464989718251,12.0,0.0,0.0,0.0,0.0,1.0,0.0
3,230,7.137010108563007,9.343021192611392,0.0,1.0,0.0,1.0,0.0,0.0
4,230,3.9417222985795086,5.144445704740078,1.0,1.0,0.0,1.0,0.0,0.0
5,230,0.0,0.7329347559783078,1.0,1.0,0.0,0.0,0.0,1.0
6,230,5.856790429790974,8.456137838661608,0.0,1.0,1.0,0.0,0.0,1.0
7,230,7.362472753408737,3.062624046947624,1.0,0.0,1.0,0.0,1.0,0.0
8,230,7.219004570146359,8.521309362604626,0.0,0.0,0.0,1.0,0.0,0.0
9,230,11.818958379710224,4.138995349100173,1.0,0.0,1.0,0.0,1.0,0.0
10,230,1.652025570481475,1.9595988512725664,0.0,0.0,1.0,1.0,0.0,1.0
11,230,4.394162144125196,6.238858256994381,0.0,1.0,1.0,0.0,0.0,1.0
12,230,9.849380511647905,0.0,0.0,1.0,0.0,1.0,0.0,1.0
13,230,5.851752628459963,12.0,0.0,0.0,1.0,0.0,1.0,1.0
14,230,2.2009687129609614,7.541791381268872,0.0,0.0,1.0,1.0,0.0,0.0
15,230,0.2189491859521858,9.683860486320722,0.0,1.0,0.0,0.0,1.0,0.0
16,230,1.0289062395894464,0.0,1.0,1.0,0.0,0.0,1.0,1.0
17,230,10.58104491508544,7.107251789070402,1.0,1.0,0.0,0.0,0.0,0.0
18,230,5.17909879362027,4.478922215821958,0.0,0.0,0.0,0.0,0.0,1.0
19,230,12.0,11.922365201097552,0.0,1.0,0.0,1.0,0.0,0.0
20,230,2.687382305988863,3.223629738425051,1.0,1.0,0.0,0.0,0.0,0.0
21,230,0.6672110119229054,10.994186838392006,1.0,0.0,1.0,0.0,0.0,0.0
22,230,0.0,0.0,0.0,0.0,1.0,0.0,1.0,1.0
23,230,10.763277720942463,9.17904650184672,0.0,0.0,0.0,1.0,1.0,0.0
24,230,11.984316013567486,11.933155297264213,1.0,0.0,1.0,1.0,1.0,1.0
25,230,6.522291757268754,12.0,0.0,1.0,0.0,1.0,0.0,0.0
26,230,6.698103004840676,2.685187801523203,1.0,1.0,1.0,1.0,0.0,1.0
27,230,7.563923354538655,4.122348639310021,0.0,1.0,0.0,1.0,0.0,1.0
28,230,3.880174575646729,1.536632172809132,0.0,0.0,1.0,0.0,0.0,1.0
29,230,5.37601337468016,1.4633926244489148,1.0,0.0,0.0,1.0,1.0,0.0
30,230,10.104592677528045,2.4311032973011293,0.0,1.0,0.0,1.0,0.0,0.0
31,230,6.097736174474226,3.811169306229487,1.0,1.0,0.0,0.0,0.0,0.0
32,230,12.0,10.722432356615707,0.0,1.0,1.0,0.0,0.0,0.0
33,230,1.1398010441414188,9.54049005794382,0.0,0.0,0.0,0.0,0.0,0.0
34,230,3.0457979841311453,7.689421833531736,1.0,0.0,1.0,0.0,1.0,0.0
35,230,4.383504410814546,0.0464021136122245,0.0,1.0,1.0,0.0,1.0,1.0
36,230,8.401704686790042,8.408271014342166,1.0,0.0,0.0,1.0,1.0,0.0
37,230,5.187862092040426,6.300018933256668,0.0,0.0,0.0,0.0,0.0,0.0
38,230,4.600170288792373,6.4739783816713,1.0,0.0,0.0,0.0,1.0,0.0
39,230,8.667045165681431,7.233856220819129,0.0,0.0,0.0,0.0,1.0,0.0
0,235,6.925872593929572,4.962908836700756,1.0,0.0,0.0,1.0,1.0,0.0
1,235,7.647767181992025,5.586632057946092,0.0,0.0,1.0,1.0,1.0,1.0
2,235,2.7934846468964065,12.0,0.0,0.0,0.0,0.0,1.0,0.0
3,235,6.985832692879392,9.320197233197115,0.0,1.0,0.0,1.0,0.0,0.0
4,235,3.9415789930948737,5.144912665262986,1.0,1.0,0.0,1.0,0.0,0.0
5,235,0.0,0.7095724663673133,1.0,1.0,0.0,0.0,0.0,1.0
6,235,5.616628447094808,8.550887181845715,0.0,1.0,1.0,0.0,0.0,1.0
7,235,7.515672412128371,3.0415028747719584,1.0,0.0,1.0,0.0,1.0,0.0
8,235,7.209772089158864,8.504906550150135,0.0,0.0,0.0,1.0,0.0,0.0
9,235,11.789757389399917,4.232657729698248,1.0,0.0,1.0,0.0,1.0,0.0
10,235,1.644139659450069,1.9804193858154029,0.0,0.0,1.0,1.0,0.0,1.0
11,235,4.389294928461954,6.237035991947828,0.0,1.0,1.0,0.0,0.0,1.0
12,235,9.85098737254978,0.0,0.0,1.0,0.0,1.0,0.0,1.0
13,235,5.840578355259771,12.0,0.0,0.0,1.0,0.0,1.0,1.0
14,235,2.216340745732569,7.504210234622143,0.0,0.0,1.0,1.0,0.0,0.0
15,235,0.2161307396655127,9.6843276029303,0.0,1.0,0.0,0.0,1.0,0.0
16,235,0.9708704672331714,0.0,1.0,1.0,0.0,0.0,1.0,1.0
17,235,10.502933136258005,7.113716901942063,1.0,1.0,0.0,0.0,0.0,0.0
18,235,5.175635557268498,4.539946679391258,0.0,0.0,0.0,0.0,0.0,1.0
19,235,12.0,12.0,0.0,1.0,0.0,1.0,0.0,0.0
20,235,2.9065225376262367,3.1433237132471543,1.0,1.0,0.0,0.0,0.0,0.0
21,235,0.6600404807034953,10.964042968412205,1.0,0.0,1.0,0.0,0.0,0.0
22,235,0.0,0.0,0.0,0.0,1.0,0.0,1.0,1.0
23,235,10.80046637513071,9.250500088974956,0.0,0.0,0.0,1.0,1.0,0.0
24,235,11.979021846412053,11.91461010658188,1.0,0.0,1.0,1.0,1.0,1.0
25,235,6.5245815631680255,12.0,0.0,1.0,0.0,1.0,0.0,0.0
26,235,6.664606462997637,2.6502574527802523,1.0,1.0,1.0,1.0,0.0,1.0
27,235,7.465455763038404,4.06944203993753,0.0,1.0,0.0,1.0,0.0,1.0
28,235,3.92139139428308,1.5212063269021758,0.0,0.0,1.0,0.0,0.0,1.0
29,235,5.391648240705853,1.4433252340850753,1.0,0.0,0.0,1.0,1.0,0.0
30,235,10.326343332762276,2.396634302594564,0.0,1.0,0.0,1.0,0.0,0.0
31,235,6.12990901587998,3.816482392445506,1.0,1.0,0.0,0.0,0.0,0.0
32,235,12.0,10.679416130206882,0.0,1.0,1.0,0.0,0.0,0.0
33,235,1.1412859298864109,9.531401768475448,0.0,0.0,0.0,0.0,0.0,0.0
34,235,3.0341054215889995,7.710256841782066,1.0,0.0,1.0,0.0,1.0,0.0
35,235,4.45324493447376,0.0168200920646584,0.0,1.0,1.0,0.0,1.0,1.0
36,235,8.36662622540567,8.490308063176931,1.0,0.0,0.0,1.0,1.0,0.0
37,235,5.1985557565973135,6.296724562551498,0.0,0.0,0.0,0.0,0.0,0.0
38,235,4.692513064444561,6.43032506723104,1.0,0.0,0.0,0.0,1.0,0.0
39,235,8.654698203011174,7.400104318740919,0.0,0.0,0.0,0.0,1.0,0.0
0,240,6.932191446887049,4.954077037510606,1.0,0.0,0.0,1.0,1.0,0.0
1,240,7.627166758976511,5.607929389446205,0.0,0.0,1.0,1.0,1.0,1.0
2,240,2.739653912550668,12.0,0.0,0.0,0.0,0.0,1.0,0.0
3,240,6.854350183835026,9.301306711773949,0.0,1.0,0.0,1.0,0.0,0.0
4,240,3.935648976023083,5.163559101691838,1.0,1.0,0.0,1.0,0.0,0.0
5,240,0.0,0.6964862010402862,1.0,1.0,0.0,0.0,0.0,1.0
6,240,5.383205200741505,8.643438788284447,0.0,1.0,1.0,0.0,0.0,1.0
7,240,7.534207653711408,3.203435849014303,1.0,0.0,1.0,0.0,1.0,0.0
8,240,7.196686561496241,8.481726349593568,0.0,0.0,0.0,1.0,0.0,0.0
9,240,11.764984317634475,4.312889194595329,1.0,0.0,1.0,0.0,1.0,0.0
10,240,1.62962634903087,2.017427294345659,0.0,0.0,1.0,1.0,0.0,1.0
11,240,4.3901741456816445,6.237375784355562,0.0,1.0,1.0,0.0,0.0,1.0
12,240,9.85279290646631,0.0,0.0,1.0,0.0,1.0,0.0,1.0
13,240,5.824958193712787,12.0,0.0,0.0,1.0,0.0,1.0,1.0
14,240,2.224475776298364,7.483773168241048,0.0,0.0,1.0,1.0,0.0,0.0
15,240,0.2261904097629991,9.68251616011601,0.0,1.0,0.0,0.0,1.0,0.0
16,240,0.9113744704501678,0.0,1.0,1.0,0.0,0.0,1.0,1.0
17,240,10.42807420531834,7.121246321525091,1.0,1.0,0.0,0.0,0.0,0.0
18,240,5.17296211329608,4.580538882857868,0.0,0.0,0.0,0.0,0.0,1.0
19,240,12.0,12.0,0.0,1.0,0.0,1.0,0.0,0.0
20,240,3.1331039009511543,3.0608623036632947,1.0,1.0,0.0,0.0,0.0,0.0
21,240,0.6528045335686019,10.931283056603474,1.0,0.0,1.0,0.0,0.0,0.0
22,240,0.0,0.0,0.0,0.0,1.0,0.0,1.0,1.0
23,240,10.83145195490424,9.310807146144194,0.0,0.0,0.0,1.0,1.0,0.0
24,240,11.968585714846466,11.878549347442751,1.0,0.0,1.0,1.0,1.0,1.0
25,240,6.521767350131456,12.0,0.0,1.0,0.0,1.0,0.0,0.0
26,240,6.61272929015971,2.5951761771921418,1.0,1.0,1.0,1.0,0.0,1.0
27,240,7.380681707192523,4.024456175924883,0.0,1.0,0.0,1.0,0.0,1.0
28,240,3.968457111773759,1.5032944152961083,0.0,0.0,1.0,0.0,0.0,1.0
29,240,5.387614637118069,1.4485962713247331,1.0,0.0,0.0,1.0,1.0,0.0
30,240,10.532361169435546,2.363442317713846,0.0,1.0,0.0,1.0,0.0,0.0
31,240,6.160662999488789,3.821713177083715,1.0,1.0,0.0,0.0,0.0,0.0
32,240,12.0,10.624629397084355,0.0,1.0,1.0,0.0,0.0,0.0
33,240,1.1416791611177144,9.52871051390204,0.0,0.0,0.0,0.0,0.0,0.0
34,240,3.0087213071459087,7.754536661844519,1.0,0.0,1.0,0.0,1.0,0.0
35,240,4.529073294010036,0.0,0.0,1.0,1.0,0.0,1.0,1.0
36,240,8.334067336798606,8.569334454210297,1.0,0.0,0.0,1.0,1.0,0.0
37,240,5.22473523035568,6.289102282428096,0.0,0.0,0.0,0.0,0.0,0.0
38,240,4.8043000550853,6.376476743612928,1.0,0.0,0.0,0.0,1.0,0.0
39,240,8.643270013463914,7.559318656510037,0.0,0.0,0.0,0.0,1.0,0.0
0,245,6.942299412595926,4.940007087097001,1.0,0.0,0.0,1.0,1.0,0.0
1,245,7.61148422839701,5.624181526723029,0.0,0.0,1.0,1.0,1.0,1.0
2,245,2.6656203085989585,12.0,0.0,0.0,0.0,0.0,1.0,0.0
3,245,6.733672836448948,9.281887751315889,0.0,1.0,0.0,1.0,0.0,0.0
4,245,3.933221038223776,5.170844917320423,1.0,1.0,0.0,1.0,0.0,0.0
5,245,0.0,0.6921501272431574,1.0,1.0,0.0,0.0,0.0,1.0
6,245,5.147250857545393,8.735832762780628,0.0,1.0,1.0,0.0,0.0,1.0
7,245,7.551117401379138,3.350598921672161,1.0,0.0,1.0,0.0,1.0,0.0
8,245,7.188990395933041,8.468798461823292,0.0,0.0,0.0,1.0,0.0,0.0
9,245,11.74245555953718,4.386714169830378,1.0,0.0,1.0,0.0,1.0,0.0
10,245,1.619224432694499,2.0439410950214545,0.0,0.0,1.0,1.0,0.0,1.0
11,245,4.389135615821744,6.236952765744897,0.0,1.0,1.0,0.0,0.0,1.0
12,245,9.849768471964529,0.0,0.0,1.0,0.0,1.0,0.0,1.0
13,245,5.804351860586567,12.0,0.0,0.0,1.0,0.0,1.0,1.0
14,245,2.2350080870887554,7.454265340487615,0.0,0.0,1.0,1.0,0.0,0.0
15,245,0.2553835533270399,9.676941453918255,0.0,1.0,0.0,0.0,1.0,0.0
16,245,0.8589208136585361,0.0,1.0,1.0,0.0,0.0,1.0,1.0
17,245,10.370585104251465,7.127014774974071,1.0,1.0,0.0,0.0,0.0,0.0
18,245,5.168743983736365,4.629182604289326,0.0,0.0,0.0,0.0,0.0,1.0
19,245,12.0,12.0,0.0,1.0,0.0,1.0,0.0,0.0
20,245,3.3651941791201843,2.973029692151566,1.0,1.0,0.0,0.0,0.0,0.0
21,245,0.646604293173608,10.903833035250056,1.0,0.0,1.0,0.0,0.0,0.0
22,245,0.0,0.0,0.0,0.0,1.0,0.0,1.0,1.0
23,245,10.85409590490666,9.358211984960144,0.0,0.0,0.0,1.0,1.0,0.0
24,245,11.966528935179102,11.871515263054542,1.0,0.0,1.0,1.0,1.0,1.0
25,245,6.518405673600845,12.0,0.0,1.0,0.0,1.0,0.0,0.0
26,245,6.551068706351768,2.5305244329784737,1.0,1.0,1.0,1.0,0.0,1.0
27,245,7.28026002639247,3.9702016903194095,0.0,1.0,0.0,1.0,0.0,1.0
28,245,4.026992220603557,1.479611671177423,0.0,0.0,1.0,0.0,0.0,1.0
29,245,5.393779621582099,1.4402061400397863,1.0,0.0,0.0,1.0,1.0,0.0
30,245,10.74154100968463,2.331588905572072,0.0,1.0,0.0,1.0,0.0,0.0
31,245,6.1839542465481685,3.824994238969405,1.0,1.0,0.0,0.0,0.0,0.0
32,245,12.0,10.57425187619079,0.0,1.0,1.0,0.0,0.0,0.0
33,245,1.141675196832694,9.528743488746436,0.0,0.0,0.0,0.0,0.0,0.0
34,245,2.9941025672718347,7.780031662466053,1.0,0.0,1.0,0.0,1.0,0.0
35,245,4.588040116865106,0.0,0.0,1.0,1.0,0.0,1.0,1.0
36,245,8.29546108232844,8.66194069660157,1.0,0.0,0.0,1.0,1.0,0.0
37,245,5.248794147530018,6.282276748316636,0.0,0.0,0.0,0.0,0.0,0.0
38,245,4.901070840773031,6.3289891710148085,1.0,0.0,0.0,0.0,1.0,0.0
39,245,8.633579542579394,7.721012514082322,0.0,0.0,0.0,0.0,1.0,0.0
0,250,6.9602902438750425,4.915852794948727,1.0,0.0,0.0,1.0,1.0,0.0
1,250,7.591455073810304,5.645723964821585,0.0,0.0,1.0,1.0,1.0,1.0
2,250,2.5804213058602943,12.0,0.0,0.0,0.0,0.0,1.0,0.0
3,250,6.600268679063479,9.262285556299048,0.0,1.0,0.0,1.0,0.0,0.0
4,250,3.927444254545459,5.189935106440656,1.0,1.0,0.0,1.0,0.0,0.0
5,250,0.0,0.6899063007716124,1.0,1.0,0.0,0.0,0.0,1.0
6,250,4.896968001849898,8.824558731082986,0.0,1.0,1.0,0.0,0.0,1.0
7,250,7.571134384861499,3.5139751571749063,1.0,0.0,1.0,0.0,1.0,0.0
8,250,7.17908057376103,8.45333744148884,0.0,0.0,0.0,1.0,0.0,0.0
9,250,11.717255596441548,4.466531877128853,1.0,0.0,1.0,0.0,1.0,0.0
10,250,1.618430146491074,2.045905027190997,0.0,0.0,1.0,1.0,0.0,1.0
11,250,4.372124222044098,6.2299281330833285,0.0,1.0,1.0,0.0,0.0,1.0
12,250,9.846914889564822,0.0,0.0,1.0,0.0,1.0,0.0,1.0
13,250,5.872465338377261,12.0,0.0,0.0,1.0,0.0,1.0,1.0
14,250,2.243674403518757,7.431895403066338,0.0,0.0,1.0,1.0,0.0,0.0
15,250,0.3117479614196187,9.666672285631636,0.0,1.0,0.0,0.0,1.0,0.0
16,250,0.8075847496872047,0.0,1.0,1.0,0.0,0.0,1.0,1.0
17,250,10.335974021544244,7.130048595390001,1.0,1.0,0.0,0.0,0.0,0.0
18,250,5.161946337966205,4.701873247693469,0.0,0.0,0.0,0.0,0.0,1.0
19,250,12.0,12.0,0.0,1.0,0.0,1.0,0.0,0.0
20,250,3.588066297658102,2.884645247958182,1.0,1.0,0.0,0.0,0.0,0.0
21,250,0.6369802271957101,10.862136010572868,1.0,0.0,1.0,0.0,0.0,0.0
22,250,0.0,0.0,0.0,0.0,1.0,0.0,1.0,1.0
23,250,10.876807421266207,9.406047695489043,0.0,0.0,0.0,1.0,1.0,0.0
24,250,11.96180447812644,11.854505816556635,1.0,0.0,1.0,1.0,1.0,1.0
25,250,6.514397174891566,12.0,0.0,1.0,0.0,1.0,0.0,0.0
26,250,6.474205167657334,2.4570787209625435,1.0,1.0,1.0,1.0,0.0,1.0
27,250,7.178072810732848,3.913362685411944,0.0,1.0,0.0,1.0,0.0,1.0
28,250,4.070143734295354,1.462295600524034,0.0,0.0,1.0,0.0,0.0,1.0
29,250,5.388521772496369,1.4477412869455333,1.0,0.0,0.0,1.0,1.0,0.0
30,250,10.948204382857671,2.29622953184049,0.0,1.0,0.0,1.0,0.0,0.0
31,250,6.222899434556449,3.8298787515217207,1.0,1.0,0.0,0.0,0.0,0.0
32,250,12.0,10.524479945834452,0.0,1.0,1.0,0.0,0.0,0.0
33,250,1.1428360080999005,9.518386225636345,0.0,0.0,0.0,0.0,0.0,0.0
34,250,2.9775888322827764,7.808205778827365,1.0,0.0,1.0,0.0,1.0,0.0
35,250,4.6220859719795575,0.0,0.0,1.0,1.0,0.0,1.0,1.0
36,250,8.260048346885036,8.741774966248434,1.0,0.0,0.0,1.0,1.0,0.0
37,250,5.268476217258855,6.27650461978332,0.0,0.0,0.0,0.0,0.0,0.0
38,250,4.987681338321664,6.284961414706458,1.0,0.0,0.0,0.0,1.0,0.0
39,250,8.62286998174367,7.8920811077836595,0.0,0.0,0.0,0.0,1.0,0.0
0,255,6.967757982614147,4.906276804711826,1.0,0.0,0.0,1.0,1.0,0.0
1,255,7.583590450414623,5.654400558930018,0.0,0.0,1.0,1.0,1.0,1.0
2,255,2.509147948148423,12.0,0.0,0.0,0.0,0.0,1.0,0.0
3,255,6.470311117203016,9.241173382131704,0.0,1.0,0.0,1.0,0.0,0.0
4,255,3.914042245219855,5.234680518421041,1.0,1.0,0.0,1.0,0.0,0.0
5,255,0.0,0.6706408702391179,1.0,1.0,0.0,0.0,0.0,1.0
6,255,4.630478169174168,8.919308768740628,0.0,1.0,1.0,0.0,0.0,1.0
7,255,7.592264926015903,3.690716107938776,1.0,0.0,1.0,0.0,1.0,0.0
8,255,7.157303838041114,8.418613680186477,0.0,0.0,0.0,1.0,0.0,0.0
9,255,11.687578602119869,4.558586895423807,1.0,0.0,1.0,0.0,1.0,0.0
10,255,1.6209277944246634,2.0401449249156918,0.0,0.0,1.0,1.0,0.0,1.0
11,255,4.362964032935224,6.226130536550009,0.0,1.0,1.0,0.0,0.0,1.0
12,255,9.842726165494646,0.0,0.0,1.0,0.0,1.0,0.0,1.0
13,255,5.930660560428788,12.0,0.0,0.0,1.0,0.0,1.0,1.0
14,255,2.2563448379936326,7.397010727412447,0.0,0.0,1.0,1.0,0.0,0.0
15,255,0.342338706605382,9.661072562678394,0.0,1.0,0.0,0.0,1.0,0.0
16,255,0.7449994459136577,0.0,1.0,1.0,0.0,0.0,1.0,1.0
17,255,10.310151775551743,7.131715262293819,1.0,1.0,0.0,0.0,0.0,0.0
18,255,5.154121497707799,4.77102959586616,0.0,0.0,0.0,0.0,0.0,1.0
19,255,12.0,12.0,0.0,1.0,0.0,1.0,0.0,0.0
20,255,3.801938134280427,2.8003647205839197,1.0,1.0,0.0,0.0,0.0,0.0
21,255,0.6311310649083491,10.83967616161936,1.0,0.0,1.0,0.0,0.0,0.0
22,255,0.0,0.0,0.0,0.0,1.0,0.0,1.0,1.0
23,255,10.896173753679175,9.4468163815553,0.0,0.0,0.0,1.0,1.0,0.0
24,255,11.956652051430702,11.833283524899972,1.0,0.0,1.0,1.0,1.0,1.0
25,255,6.512877719861101,12.0,0.0,1.0,0.0,1.0,0.0,0.0
26,255,6.404660216354662,2.388338797688728,1.0,1.0,1.0,1.0,0.0,1.0
27,255,7.093684596194732,3.86873369753986,0.0,1.0,0.0,1.0,0.0,1.0
28,255,4.113750860065565,1.445014894812001,0.0,0.0,1.0,0.0,0.0,1.0
29,255,5.389224931345604,1.4482340135926572,1.0,0.0,0.0,1.0,1.0,0.0
30,255,11.16268857009478,2.265130872974608,0.0,1.0,0.0,1.0,0.0,0.0
31,255,6.242394067922164,3.831644745464449,1.0,1.0,0.0,0.0,0.0,0.0
32,255,12.0,10.476559916357877,0.0,1.0,1.0,0.0,0.0,0.0
33,255,1.143530378899442,9.509331367014314,0.0,0.0,0.0,0.0,0.0,0.0
34,255,2.9673939100240814,7.826196928359017,1.0,0.0,1.0,0.0,1.0,0.0
35,255,4.641888949224821,0.0,0.0,1.0,1.0,0.0,1.0,1.0
36,255,8.226207588077184,8.822873556674104,1.0,0.0,0.0,1.0,1.0,0.0
37,255,5.279808964548337,6.272761309598446,0.0,0.0,0.0,0.0,0.0,0.0
38,255,5.072674613859713,6.242023763425316,1.0,0.0,0.0,0.0,1.0,0.0
39,255,8.610947877024977,8.03480283361987,0.0,0.0,0.0,0.0,1.0,0.0
0,260,6.971371466115085,4.901895650937028,1.0,0.0,0.0,1.0,1.0,0.0
1,260,7.592931146991275,5.644583951288489,0.0,0.0,1.0,1.0,1.0,1.0
2,260,2.4501761903026757,12.0,0.0,0.0,0.0,0.0,1.0,0.0
3,260,6.349015568427381,9.221779557584409,0.0,1.0,0.0,1.0,0.0,0.0
4,260,3.908226984552991,5.255994824736345,1.0,1.0,0.0,1.0,0.0,0.0
5,260,0.0,0.6436880615595819,1.0,1.0,0.0,0.0,0.0,1.0
6,260,4.33881506344435,9.028770764110778,0.0,1.0,1.0,0.0,0.0,1.0
7,260,7.60980614232218,3.8646986731542654,1.0,0.0,1.0,0.0,1.0,0.0
8,260,7.139908952951443,8.39169323950471,0.0,0.0,0.0,1.0,0.0,0.0
9,260,11.656037818126084,4.650307533030772,1.0,0.0,1.0,0.0,1.0,0.0
10,260,1.631312004486232,2.0163639032887217,0.0,0.0,1.0,1.0,0.0,1.0
11,260,4.358989857342879,6.224517858990192,0.0,1.0,1.0,0.0,0.0,1.0
12,260,9.839690266424844,0.0,0.0,1.0,0.0,1.0,0.0,1.0
13,260,5.986825320760087,12.0,0.0,0.0,1.0,0.0,1.0,1.0
14,260,2.2662405657448077,7.370772392227701,0.0,0.0,1.0,1.0,0.0,0.0
15,260,0.3842496275059022,9.65244015877923,0.0,1.0,0.0,0.0,1.0,0.0
16,260,0.6783813941048246,0.0,1.0,1.0,0.0,0.0,1.0,1.0
17,260,10.290583937636022,7.132984244495472,1.0,1.0,0.0,0.0,0.0,0.0
18,260,5.1447067047181365,4.843103558348643,0.0,0.0,0.0,0.0,0.0,1.0
19,260,12.0,12.0,0.0,1.0,0.0,1.0,0.0,0.0
20,260,3.999720945271172,2.7204451882294376,1.0,1.0,0.0,0.0,0.0,0.0
21,260,0.6225451408121194,10.808817633165711,1.0,0.0,1.0,0.0,0.0,0.0
22,260,0.0,0.0,0.0,0.0,1.0,0.0,1.0,1.0
23,260,10.911586541122238,9.478817793048762,0.0,0.0,0.0,1.0,1.0,0.0
24,260,11.956336080835367,11.832027563647635,1.0,0.0,1.0,1.0,1.0,1.0
25,260,6.509526690915876,12.0,0.0,1.0,0.0,1.0,0.0,0.0
26,260,6.337992546966699,2.3186033576485805,1.0,1.0,1.0,1.0,0.0,1.0
27,260,7.015124706829485,3.82846933736569,0.0,1.0,0.0,1.0,0.0,1.0
28,260,4.138721794465401,1.435130639250252,0.0,0.0,1.0,0.0,0.0,1.0
29,260,5.398211028105878,1.4543790356011927,1.0,0.0,0.0,1.0,1.0,0.0
30,260,11.384358703302922,2.2339558755581086,0.0,1.0,0.0,1.0,0.0,0.0
31,260,6.252278206114817,3.832410560823355,1.0,1.0,0.0,0.0,0.0,0.0
32,260,12.0,10.429127703427818,0.0,1.0,1.0,0.0,0.0,0.0
33,260,1.144108401258169,9.499246724023948,0.0,0.0,0.0,0.0,0.0,0.0
34,260,2.9604186496659937,7.837462753493042,1.0,0.0,1.0,0.0,1.0,0.0
35,260,4.667323163617823,0.0,0.0,1.0,1.0,0.0,1.0,1.0
36,260,8.19961915763909,8.885823817017977,1.0,0.0,0.0,1.0,1.0,0.0
37,260,5.30587345977485,6.263955753501182,0.0,0.0,0.0,0.0,0.0,0.0
38,260,5.182702671221688,6.1896917951363255,1.0,0.0,0.0,0.0,1.0,0.0
39,260,8.599748934469867,8.18388288180003,0.0,0.0,0.0,0.0,1.0,0.0
0,265,6.96383519753376,4.911233991164255,1.0,0.0,0.0,1.0,1.0,0.0
1,265,7.5915267596816225,5.646099912022402,0.0,0.0,1.0,1.0,1.0,1.0
2,265,2.40547089683053,12.0,0.0,0.0,0.0,0.0,1.0,0.0
3,265,6.199974521307905,9.194422171240928,0.0,1.0,0.0,1.0,0.0,0.0
4,265,3.896841753722312,5.295725770537461,1.0,1.0,0.0,1.0,0.0,0.0
5,265,0.0,0.6097855215501178,1.0,1.0,0.0,0.0,0.0,1.0
6,265,4.034999762964283,9.144826159233869,0.0,1.0,1.0,0.0,0.0,1.0
7,265,7.622578725130183,4.033336440823882,1.0,0.0,1.0,0.0,1.0,0.0
8,265,7.115426456804513,8.352758805993973,0.0,0.0,0.0,1.0,0.0,0.0
9,265,11.631220494553302,4.722913893870653,1.0,0.0,1.0,0.0,1.0,0.0
10,265,1.6422924425441352,1.9897879867259167,0.0,0.0,1.0,1.0,0.0,1.0
11,265,4.356273656993785,6.2232569939967215,0.0,1.0,1.0,0.0,0.0,1.0
12,265,9.83153136375191,0.0,0.0,1.0,0.0,1.0,0.0,1.0
13,265,6.054817557327969,12.0,0.0,0.0,1.0,0.0,1.0,1.0
14,265,2.2723801553695337,7.353304440287075,0.0,0.0,1.0,1.0,0.0,0.0
15,265,0.428803479825594,9.642908476087888,0.0,1.0,0.0,0.0,1.0,0.0
16,265,0.6049378340438056,0.0,1.0,1.0,0.0,0.0,1.0,1.0
17,265,10.282228914786502,7.133502972100677,1.0,1.0,0.0,0.0,0.0,0.0
18,265,5.135784109776402,4.91056486566223,0.0,0.0,0.0,0.0,0.0,1.0
19,265,12.0,12.0,0.0,1.0,0.0,1.0,0.0,0.0
20,265,4.186076329050401,2.639957447955658,1.0,1.0,0.0,0.0,0.0,0.0
21,265,0.6181142902799786,10.791311128965676,1.0,0.0,1.0,0.0,0.0,0.0
22,265,0.0,0.0,0.0,0.0,1.0,0.0,1.0,1.0
23,265,10.934085603479703,9.525113534816713,0.0,0.0,0.0,1.0,1.0,0.0
24,265,11.952894693954416,11.817747202648109,1.0,0.0,1.0,1.0,1.0,1.0
25,265,6.505467130339687,12.0,0.0,1.0,0.0,1.0,0.0,0.0
26,265,6.287421511201794,2.2665190987625983,1.0,1.0,1.0,1.0,0.0,1.0
27,265,6.931905492466318,3.786440376726616,0.0,1.0,0.0,1.0,0.0,1.0
28,265,4.144982379024985,1.4325402004847394,0.0,0.0,1.0,0.0,0.0,1.0
29,265,5.399343485742103,1.4528487156412335,1.0,0.0,0.0,1.0,1.0,0.0
30,265,11.58846076935367,2.2065026455284467,0.0,1.0,0.0,1.0,0.0,0.0
31,265,6.244183621538887,3.8315401692506006,1.0,1.0,0.0,0.0,0.0,0.0
32,265,12.0,10.381801554871595,0.0,1.0,1.0,0.0,0.0,0.0
33,265,1.145440755350886,9.47221034209939,0.0,0.0,0.0,0.0,0.0,0.0
34,265,2.9548836826504385,7.846405410894732,1.0,0.0,1.0,0.0,1.0,0.0
35,265,4.652768012746599,0.0060812535536805,0.0,1.0,1.0,0.0,1.0,1.0
36,265,8.168524132089027,8.972584639517297,1.0,0.0,0.0,1.0,1.0,0.0
37,265,5.319068102348379,6.259916029644818,0.0,0.0,0.0,0.0,0.0,0.0
38,265,5.319835047791625,6.130063595116639,1.0,0.0,0.0,0.0,1.0,0.0
39,265,8.590615800211047,8.322612496168293,0.0,0.0,0.0,0.0,1.0,0.0
0,270,6.956024486912878,4.9047474881864295,1.0,0.0,0.0,1.0,1.0,0.0
1,270,7.5985494679408605,5.638459520569364,0.0,0.0,1.0,1.0,1.0,1.0
2,270,2.344102458625049,12.0,0.0,0.0,0.0,0.0,1.0,0.0
3,270,6.044248242462698,9.168319513982082,0.0,1.0,0.0,1.0,0.0,0.0
4,270,3.88446251252194,5.343477307887409,1.0,1.0,0.0,1.0,0.0,0.0
5,270,0.0,0.5865826679385404,1.0,1.0,0.0,0.0,0.0,1.0
6,270,3.7302628279112806,9.266131988935442,0.0,1.0,1.0,0.0,0.0,1.0
7,270,7.63367517719818,4.185405607740468,1.0,0.0,1.0,0.0,1.0,0.0
8,270,7.093824375074957,8.317028701682695,0.0,0.0,0.0,1.0,0.0,0.0
9,270,11.604793078954078,4.798911850198948,1.0,0.0,1.0,0.0,1.0,0.0
10,270,1.6522244438846263,1.96437380840546,0.0,0.0,1.0,1.0,0.0,1.0
11,270,4.341121195629069,6.216058911596551,0.0,1.0,1.0,0.0,0.0,1.0
12,270,9.823674578197052,0.0,0.0,1.0,0.0,1.0,0.0,1.0
13,270,6.088459357957306,12.0,0.0,0.0,1.0,0.0,1.0,1.0
14,270,2.275569420558234,7.343939485702124,0.0,0.0,1.0,1.0,0.0,0.0
15,270,0.4848441359098857,9.630918645460008,0.0,1.0,0.0,0.0,1.0,0.0
16,270,0.5158590720043379,0.0,1.0,1.0,0.0,0.0,1.0,1.0
17,270,10.262159085725784,7.135051555547639,1.0,1.0,0.0,0.0,0.0,0.0
18,270,5.125539753156714,4.987479271730253,0.0,0.0,0.0,0.0,0.0,1.0
19,270,12.0,12.0,0.0,1.0,0.0,1.0,0.0,0.0
20,270,4.359076554295185,2.572087306978335,1.0,1.0,0.0,0.0,0.0,0.0
21,270,0.6152590248443375,10.779593525250728,1.0,0.0,1.0,0.0,0.0,0.0
22,270,0.0,0.0,0.0,0.0,1.0,0.0,1.0,1.0
23,270,10.957638113256955,9.57229173910249,0.0,0.0,0.0,1.0,1.0,0.0
24,270,11.949460816167251,11.80542270084812,1.0,0.0,1.0,1.0,1.0,1.0
25,270,6.499228425608416,12.0,0.0,1.0,0.0,1.0,0.0,0.0
26,270,6.230893320093001,2.210085329511961,1.0,1.0,1.0,1.0,0.0,1.0
27,270,6.830641039787768,3.7346322672994177,0.0,1.0,0.0,1.0,0.0,1.0
28,270,4.1457428915118175,1.4322447090483814,0.0,0.0,1.0,0.0,0.0,1.0
29,270,5.416169149096539,1.4306881470828818,1.0,0.0,0.0,1.0,1.0,0.0
30,270,11.811347978605294,2.1748724378395323,0.0,1.0,0.0,1.0,0.0,0.0
31,270,6.203212503043453,3.82660036757186,1.0,1.0,0.0,0.0,0.0,0.0
32,270,12.0,10.33238517232062,0.0,1.0,1.0,0.0,0.0,0.0
33,270,1.1472744965523716,9.431951632474508,0.0,0.0,0.0,0.0,0.0,0.0
34,270,2.9391772254328785,7.871293122270885,1.0,0.0,1.0,0.0,1.0,0.0
35,270,4.613617554484033,0.0229986361302828,0.0,1.0,1.0,0.0,1.0,1.0
36,270,8.122678712599212,9.09115113416956,1.0,0.0,0.0,1.0,1.0,0.0
37,270,5.340981615317297,6.253401417766627,0.0,0.0,0.0,0.0,0.0,0.0
38,270,5.480771548202945,6.061357047763145,1.0,0.0,0.0,0.0,1.0,0.0
39,270,8.578269412957825,8.465918736118363,0.0,0.0,0.0,0.0,1.0,0.0
0,275,6.951331730936432,4.900966219450629,1.0,0.0,0.0,1.0,1.0,0.0
1,275,7.604644722986504,5.631681496779568,0.0,0.0,1.0,1.0,1.0,1.0
2,275,2.273027593083995,12.0,0.0,0.0,0.0,0.0,1.0,0.0
3,275,5.881891422713364,9.138227942517346,0.0,1.0,0.0,1.0,0.0,0.0
4,275,3.870035988296061,5.403109795141447,1.0,1.0,0.0,1.0,0.0,0.0
5,275,0.0,0.5687140426484152,1.0,1.0,0.0,0.0,0.0,1.0
6,275,3.4237630009902107,9.381379364925682,0.0,1.0,1.0,0.0,0.0,1.0
7,275,7.6442080516659825,4.333752931654489,1.0,0.0,1.0,0.0,1.0,0.0
8,275,7.060371738614451,8.262200737730256,0.0,0.0,0.0,1.0,0.0,0.0
9,275,11.584801112056107,4.857142386291737,1.0,0.0,1.0,0.0,1.0,0.0
10,275,1.6576248228659147,1.950509249130912,0.0,0.0,1.0,1.0,0.0,1.0
11,275,4.336095168618481,6.213781833666155,0.0,1.0,1.0,0.0,0.0,1.0
12,275,9.813513948549572,0.0,0.0,1.0,0.0,1.0,0.0,1.0
13,275,6.103010008680925,12.0,0.0,0.0,1.0,0.0,1.0,1.0
14,275,2.2778001901017464,7.337642626204531,0.0,0.0,1.0,1.0,0.0,0.0
15,275,0.47220721463827,9.572433257096462,0.0,1.0,0.0,0.0,1.0,0.0
16,275,0.4180407042505568,0.0,1.0,1.0,0.0,0.0,1.0,1.0
17,275,10.254708156604744,7.1356659245519,1.0,1.0,0.0,0.0,0.0,0.0
18,275,5.115504570600438,5.055768166026727,0.0,0.0,0.0,0.0,0.0,1.0
19,275,12.0,12.0,0.0,1.0,0.0,1.0,0.0,0.0
20,275,4.5252399251556215,2.502630790878169,1.0,1.0,0.0,0.0,0.0,0.0
21,275,0.6079992164640435,10.752178542008144,1.0,0.0,1.0,0.0,0.0,0.0
22,275,0.0,0.0,0.0,0.0,1.0,0.0,1.0,1.0
23,275,10.986234708802202,9.629551900258198,0.0,0.0,0.0,1.0,1.0,0.0
24,275,11.946501532515468,11.794899615079675,1.0,0.0,1.0,1.0,1.0,1.0
25,275,6.490539285696789,12.0,0.0,1.0,0.0,1.0,0.0,0.0
26,275,6.17065056675728,2.1506154743660737,1.0,1.0,1.0,1.0,0.0,1.0
27,275,6.753816755421656,3.6934408477911815,0.0,1.0,0.0,1.0,0.0,1.0
28,275,4.140207908843748,1.4343043264411572,0.0,0.0,1.0,0.0,0.0,1.0
29,275,5.436520458357032,1.4029060419530002,1.0,0.0,0.0,1.0,1.0,0.0
30,275,12.0,2.1426420746103854,0.0,1.0,0.0,1.0,0.0,0.0
31,275,6.126557562680238,3.817102084923941,1.0,1.0,0.0,0.0,0.0,0.0
32,275,12.0,10.275868529610548,0.0,1.0,1.0,0.0,0.0,0.0
33,275,1.1480550785198331,9.404520203325935,0.0,0.0,0.0,0.0,0.0,0.0
34,275,2.9159264579892894,7.908170660256056,1.0,0.0,1.0,0.0,1.0,0.0
35,275,4.567118603931299,0.0428036265372434,0.0,1.0,1.0,0.0,1.0,1.0
36,275,8.080120062180814,9.202160673251436,1.0,0.0,0.0,1.0,1.0,0.0
37,275,5.35438997705534,6.249503463596106,0.0,0.0,0.0,0.0,0.0,0.0
38,275,5.629925275703187,6.0038316404611285,1.0,0.0,0.0,0.0,1.0,0.0
39,275,8.570361149568903,8.587500849156761,0.0,0.0,0.0,0.0,1.0,0.0
0,280,6.930374658757912,4.884762187766569,1.0,0.0,0.0,1.0,1.0,0.0
1,280,7.5978463003896195,5.639225016502154,0.0,0.0,1.0,1.0,1.0,1.0
2,280,2.1869081375774067,12.0,0.0,0.0,0.0,0.0,1.0,0.0
3,280,5.734670491297236,9.109978030337349,0.0,1.0,0.0,1.0,0.0,0.0
4,280,3.8565728854249777,5.458801751246084,1.0,1.0,0.0,1.0,0.0,0.0
5,280,0.0,0.5446270699236183,1.0,1.0,0.0,0.0,0.0,1.0
6,280,3.1288466150875918,9.48333081308083,0.0,1.0,1.0,0.0,0.0,1.0
7,280,7.652796125460782,4.494318278970733,1.0,0.0,1.0,0.0,1.0,0.0
8,280,7.030179055099246,8.21160055321393,0.0,0.0,0.0,1.0,0.0,0.0
9,280,11.565897588448308,4.9119450007807055,1.0,0.0,1.0,0.0,1.0,0.0
10,280,1.6637824438092088,1.9341164429352544,0.0,0.0,1.0,1.0,0.0,1.0
11,280,4.346913427829896,6.218325221657693,0.0,1.0,1.0,0.0,0.0,1.0
12,280,9.804528333945049,0.0,0.0,1.0,0.0,1.0,0.0,1.0
13,280,6.105616764505375,12.0,0.0,0.0,1.0,0.0,1.0,1.0
14,280,2.276523676177555,7.341381553646812,0.0,0.0,1.0,1.0,0.0,0.0
15,280,0.4600606446619388,9.503710840353534,0.0,1.0,0.0,0.0,1.0,0.0
16,280,0.324556773090812,0.0,1.0,1.0,0.0,0.0,1.0,1.0
17,280,10.235277863190973,7.137020165617854,1.0,1.0,0.0,0.0,0.0,0.0
18,280,5.103945980365788,5.127345855951397,0.0,0.0,0.0,0.0,0.0,1.0
19,280,12.0,11.956682491482043,0.0,1.0,0.0,1.0,0.0,0.0
20,280,4.720260431010003,2.418791832396658,1.0,1.0,0.0,0.0,0.0,0.0
21,280,0.6054397041762564,10.741873648120968,1.0,0.0,1.0,0.0,0.0,0.0
22,280,0.0,0.0,0.0,0.0,1.0,0.0,1.0,1.0
23,280,11.012160245134696,9.678095710425366,0.0,0.0,0.0,1.0,1.0,0.0
24,280,11.938904250316194,11.77001957131864,1.0,0.0,1.0,1.0,1.0,1.0
25,280,6.480743616360826,12.0,0.0,1.0,0.0,1.0,0.0,0.0
26,280,6.106006359873074,2.083976483819985,1.0,1.0,1.0,1.0,0.0,1.0
27,280,6.688288345957277,3.656199070751979,0.0,1.0,0.0,1.0,0.0,1.0
28,280,4.143599389387351,1.4329956326475852,0.0,0.0,1.0,0.0,0.0,1.0
29,280,5.452926652201616,1.3783024225448484,1.0,0.0,0.0,1.0,1.0,0.0
30,280,12.0,2.109166359216241,0.0,1.0,0.0,1.0,0.0,0.0
31,280,6.055494732781958,3.807579028255959,1.0,1.0,0.0,0.0,0.0,0.0
32,280,12.0,10.222412839874654,0.0,1.0,1.0,0.0,0.0,0.0
33,280,1.149226906007821,9.375285214029594,0.0,0.0,0.0,0.0,0.0,0.0
34,280,2.871294436036325,7.977033638875005,1.0,0.0,1.0,0.0,1.0,0.0
35,280,4.516785349191469,0.0639872787580345,0.0,1.0,1.0,0.0,1.0,1.0
36,280,8.040312700812226,9.298305355574437,1.0,0.0,0.0,1.0,1.0,0.0
37,280,5.358811860337781,6.248356243274631,0.0,0.0,0.0,0.0,0.0,0.0
38,280,5.785595290032301,5.939121112900301,1.0,0.0,0.0,0.0,1.0,0.0
39,280,8.558332736053217,8.735820809028116,0.0,0.0,0.0,0.0,1.0,0.0
0,285,6.925393785279427,4.880936245381609,1.0,0.0,0.0,1.0,1.0,0.0
1,285,7.587554974531385,5.650572830004903,0.0,0.0,1.0,1.0,1.0,1.0
2,285,2.1014454016951207,12.0,0.0,0.0,0.0,0.0,1.0,0.0
3,285,5.60470652869144,9.083482398638711,0.0,1.0,0.0,1.0,0.0,0.0
4,285,3.8428287990108174,5.528217371841377,1.0,1.0,0.0,1.0,0.0,0.0
5,285,0.0,0.5253744047288824,1.0,1.0,0.0,0.0,0.0,1.0
6,285,2.8545482332366974,9.574811500067836,0.0,1.0,1.0,0.0,0.0,1.0
7,285,7.66412640861464,4.651797024963824,1.0,0.0,1.0,0.0,1.0,0.0
8,285,6.996150545084856,8.15790090935917,0.0,0.0,0.0,1.0,0.0,0.0
9,285,11.551069497702889,4.9528381055893735,1.0,0.0,1.0,0.0,1.0,0.0
10,285,1.6671737960653878,1.9247641135438889,0.0,0.0,1.0,1.0,0.0,1.0
11,285,4.367413849131385,6.22620170053651,0.0,1.0,1.0,0.0,0.0,1.0
12,285,9.796180214118474,0.0,0.0,1.0,0.0,1.0,0.0,1.0
13,285,6.111594675777932,12.0,0.0,0.0,1.0,0.0,1.0,1.0
14,285,2.2787150887369183,7.335610961730429,0.0,0.0,1.0,1.0,0.0,0.0
15,285,0.448784766908887,9.423764466289022,0.0,1.0,0.0,0.0,1.0,0.0
16,285,0.2276937758570476,0.0,1.0,1.0,0.0,0.0,1.0,1.0
17,285,10.22191277413696,7.138055708215906,1.0,1.0,0.0,0.0,0.0,0.0
18,285,5.0927739485102,5.183890264389006,0.0,0.0,0.0,0.0,0.0,1.0
19,285,12.0,11.915444598502653,0.0,1.0,0.0,1.0,0.0,0.0
20,285,4.915694916384652,2.3358653949921884,1.0,1.0,0.0,0.0,0.0,0.0
21,285,0.5992004948993657,10.716852650217866,1.0,0.0,1.0,0.0,0.0,0.0
22,285,0.0,0.0,0.0,0.0,1.0,0.0,1.0,1.0
23,285,11.042587502390482,9.733410845905311,0.0,0.0,0.0,1.0,1.0,0.0
24,285,11.933528296822203,11.751290969414727,1.0,0.0,1.0,1.0,1.0,1.0
25,285,6.465357184514243,12.0,0.0,1.0,0.0,1.0,0.0,0.0
26,285,6.045785446807746,2.0183886823539656,1.0,1.0,1.0,1.0,0.0,1.0
27,285,6.620036965576085,3.6167917091295614,0.0,1.0,0.0,1.0,0.0,1.0
28,285,4.150827299646455,1.4301384002151003,0.0,0.0,1.0,0.0,0.0,1.0
29,285,5.462223022298671,1.3654104573825905,1.0,0.0,0.0,1.0,1.0,0.0
30,285,12.0,2.0811689557675237,0.0,1.0,0.0,1.0,0.0,0.0
31,285,5.977101060923017,3.796826771300611,1.0,1.0,0.0,0.0,0.0,0.0
32,285,12.0,10.172732653020098,0.0,1.0,1.0,0.0,0.0,0.0
33,285,1.1507381383510245,9.345326617893187,0.0,0.0,0.0,0.0,0.0,0.0
34,285,2.934577505421628,8.016576010868627,1.0,0.0,1.0,0.0,1.0,0.0
35,285,4.4456734133332,0.0933643935264082,0.0,1.0,1.0,0.0,1.0,1.0
36,285,7.997235063780863,9.39149710938589,1.0,0.0,0.0,1.0,1.0,0.0
37,285,5.357587981400037,6.24871137348838,0.0,0.0,0.0,0.0,0.0,0.0
38,285,5.929188977376083,5.877878673444368,1.0,0.0,0.0,0.0,1.0,0.0
39,285,8.548935302908012,8.87236059980492,0.0,0.0,0.0,0.0,1.0,0.0
0,290,6.89918829512521,4.861173489610644,1.0,0.0,0.0,1.0,1.0,0.0
1,290,7.5735816737732895,5.66624293678024,0.0,0.0,1.0,1.0,1.0,1.0
2,290,2.02884989526576,12.0,0.0,0.0,0.0,0.0,1.0,0.0
3,290,5.47476423381948,9.053925972776884,0.0,1.0,0.0,1.0,0.0,0.0
4,290,3.923945065519384,5.543518289954127,1.0,1.0,0.0,1.0,0.0,0.0
5,290,0.0,0.5024595290479673,1.0,1.0,0.0,0.0,0.0,1.0
6,290,2.6018300810032997,9.657411548927088,0.0,1.0,1.0,0.0,0.0,1.0
7,290,7.67795092121697,4.821329210567166,1.0,0.0,1.0,0.0,1.0,0.0
8,290,6.965240248012348,8.109300911042771,0.0,0.0,0.0,1.0,0.0,0.0
9,290,11.541609477298318,4.981413788214242,1.0,0.0,1.0,0.0,1.0,0.0
10,290,1.6690565514089586,1.9192500390473084,0.0,0.0,1.0,1.0,0.0,1.0
11,290,4.396458774504478,6.237862264745617,0.0,1.0,1.0,0.0,0.0,1.0
12,290,9.78444019498676,0.0,0.0,1.0,0.0,1.0,0.0,1.0
13,290,6.12011897350352,12.0,0.0,0.0,1.0,0.0,1.0,1.0
14,290,2.282301804864716,7.326116228718665,0.0,0.0,1.0,1.0,0.0,0.0
15,290,0.4374275469150431,9.352575697552172,0.0,1.0,0.0,0.0,1.0,0.0
16,290,0.1177277521845019,0.0,1.0,1.0,0.0,0.0,1.0,1.0
17,290,10.217253368594628,7.138388829881953,1.0,1.0,0.0,0.0,0.0,0.0
18,290,5.082744430762751,5.23642519257618,0.0,0.0,0.0,0.0,0.0,1.0
19,290,12.0,11.875701517585792,0.0,1.0,0.0,1.0,0.0,0.0
20,290,5.104728177087468,2.2562091670171625,1.0,1.0,0.0,0.0,0.0,0.0
21,290,0.5908246834073758,10.68556073590372,1.0,0.0,1.0,0.0,0.0,0.0
22,290,0.0,0.0,0.0,0.0,1.0,0.0,1.0,1.0
23,290,11.081699242551696,9.713282650812625,0.0,0.0,0.0,1.0,1.0,0.0
24,290,11.927008461755088,11.730198801747072,1.0,0.0,1.0,1.0,1.0,1.0
25,290,6.450751160185656,12.0,0.0,1.0,0.0,1.0,0.0,0.0
26,290,5.987036884327182,1.954635454381884,1.0,1.0,1.0,1.0,0.0,1.0
27,290,6.542255001614736,3.57078345959294,0.0,1.0,0.0,1.0,0.0,1.0
28,290,4.155683733303952,1.4281262538227188,0.0,0.0,1.0,0.0,0.0,1.0
29,290,5.472012976445397,1.3517157365119803,1.0,0.0,0.0,1.0,1.0,0.0
30,290,12.0,2.054012838387883,0.0,1.0,0.0,1.0,0.0,0.0
31,290,5.887394441993761,3.784971980026352,1.0,1.0,0.0,0.0,0.0,0.0
32,290,12.0,10.126655014902228,0.0,1.0,1.0,0.0,0.0,0.0
33,290,1.152510162157369,9.302811503138878,0.0,0.0,0.0,0.0,0.0,0.0
34,290,2.9986739344612947,8.05654814803119,1.0,0.0,1.0,0.0,1.0,0.0
35,290,4.380026131447082,0.1196032904656181,0.0,1.0,1.0,0.0,1.0,1.0
36,290,7.962447269428854,9.46462473758706,1.0,0.0,0.0,1.0,1.0,0.0
37,290,5.350692708403416,6.250603650807435,0.0,0.0,0.0,0.0,0.0,0.0
38,290,6.086115385618099,5.811550345145351,1.0,0.0,0.0,0.0,1.0,0.0
39,290,8.538512384454707,9.014918348109209,0.0,0.0,0.0,0.0,1.0,0.0
0,295,6.857248136052286,4.830416378713549,1.0,0.0,0.0,1.0,1.0,0.0
1,295,7.581380717406165,5.65751087353862,0.0,0.0,1.0,1.0,1.0,1.0
2,295,1.9639305151703383,12.0,0.0,0.0,0.0,0.0,1.0,0.0
3,295,5.33254565877391,9.02011755297968,0.0,1.0,0.0,1.0,0.0,0.0
4,295,4.016964595178591,5.560993302489076,1.0,1.0,0.0,1.0,0.0,0.0
5,295,0.0,0.47870903219596,1.0,1.0,0.0,0.0,0.0,1.0
6,295,2.335706581477391,9.742466067213982,0.0,1.0,1.0,0.0,0.0,1.0
7,295,7.693978580176386,4.99412513111617,1.0,0.0,1.0,0.0,1.0,0.0
8,295,6.918805187690784,8.03552126505063,0.0,0.0,0.0,1.0,0.0,0.0
9,295,11.533304501874252,5.008516932519888,1.0,0.0,1.0,0.0,1.0,0.0
10,295,1.6717626538744914,1.9110856656642257,0.0,0.0,1.0,1.0,0.0,1.0
11,295,4.437312092746815,6.252866907770504,0.0,1.0,1.0,0.0,0.0,1.0
12,295,9.77537294823162,0.0,0.0,1.0,0.0,1.0,0.0,1.0
13,295,6.14189594806416,12.0,0.0,0.0,1.0,0.0,1.0,1.0
14,295,2.284425467239482,7.320416838903847,0.0,0.0,1.0,1.0,0.0,0.0
15,295,0.4304389123899899,9.296622616707229,0.0,1.0,0.0,0.0,1.0,0.0
16,295,0.0153747473643106,0.0,1.0,1.0,0.0,0.0,1.0,1.0
17,295,10.210861893670977,7.138970088402604,1.0,1.0,0.0,0.0,0.0,0.0
18,295,5.076967630096863,5.266350472719276,0.0,0.0,0.0,0.0,0.0,1.0
19,295,12.0,11.841186518495103,0.0,1.0,0.0,1.0,0.0,0.0
20,295,5.30237463741124,2.1700534500415003,1.0,1.0,0.0,0.0,0.0,0.0
21,295,0.5882882777053366,10.675781501977797,1.0,0.0,1.0,0.0,0.0,0.0
22,295,0.0,0.0,0.0,0.0,1.0,0.0,1.0,1.0
23,295,11.12827369341925,9.68952839148424,0.0,0.0,0.0,1.0,1.0,0.0
24,295,11.926270736583604,11.727809790211545,1.0,0.0,1.0,1.0,1.0,1.0
25,295,6.437412594087572,12.0,0.0,1.0,0.0,1.0,0.0,0.0
26,295,5.918589111660506,1.8787594223747648,1.0,1.0,1.0,1.0,0.0,1.0
27,295,6.4645898427440365,3.5254739058559594,0.0,1.0,0.0,1.0,0.0,1.0
28,295,4.155372419580803,1.4282548308746117,0.0,0.0,1.0,0.0,0.0,1.0
29,295,5.482119638124148,1.3388548505891027,1.0,0.0,0.0,1.0,1.0,0.0
30,295,12.0,2.024575984438587,0.0,1.0,0.0,1.0,0.0,0.0
31,295,5.807629955967576,3.77474059278882,1.0,1.0,0.0,0.0,0.0,0.0
32,295,12.0,10.080926018354932,0.0,1.0,1.0,0.0,0.0,0.0
33,295,1.153143105934903,9.286532916241413,0.0,0.0,0.0,0.0,0.0,0.0
34,295,3.0420001654338877,8.084752831170748,1.0,0.0,1.0,0.0,1.0,0.0
35,295,4.325202821223203,0.1416914801635446,0.0,1.0,1.0,0.0,1.0,1.0
36,295,7.922151628840841,9.55057914600599,1.0,0.0,0.0,1.0,1.0,0.0
37,295,5.352068638874402,6.250213612506784,0.0,0.0,0.0,0.0,0.0,0.0
38,295,6.221015305742919,5.752972624210838,1.0,0.0,0.0,0.0,1.0,0.0
39,295,8.531860328403626,9.15051550110131,0.0,0.0,0.0,0.0,1.0,0.0
