0,0,3.056402644849768,6.984641683056118,0.0,1.0,0.0,1.0,1.0,0.0
1,0,12.0,6.936488043370169,1.0,0.0,0.0,0.0,1.0,0.0
2,0,8.998296140907991,0.0,0.0,0.0,0.0,0.0,0.0,1.0
3,0,9.035641131959755,5.084501436542653,0.0,0.0,0.0,1.0,1.0,1.0
4,0,7.051839189159358,6.018739170544323,0.0,0.0,1.0,0.0,0.0,0.0
5,0,0.9478303674547272,5.017263854867096,0.0,0.0,1.0,1.0,0.0,0.0
6,0,1.9811175583997669,7.047098555032733,0.0,0.0,0.0,0.0,1.0,0.0
7,0,5.0549029906298,10.99087761442454,0.0,0.0,0.0,1.0,1.0,1.0
8,0,3.963311659796573,7.010146050985592,0.0,1.0,0.0,0.0,0.0,0.0
9,0,0.036676699712883,1.9665267081829323,1.0,0.0,0.0,1.0,0.0,0.0
10,0,11.043163316704318,5.944272453523443,0.0,1.0,0.0,1.0,0.0,1.0
11,0,11.013688860647044,10.035742955057245,0.0,1.0,0.0,0.0,0.0,1.0
12,0,6.074414838971354,5.9840320324044045,0.0,1.0,0.0,1.0,0.0,0.0
13,0,10.041014596828758,2.9774431697985024,1.0,0.0,1.0,1.0,0.0,0.0
14,0,9.982296073513542,8.940355267784826,0.0,1.0,1.0,0.0,1.0,0.0
15,0,5.950905348145034,2.991992401511381,1.0,0.0,0.0,0.0,0.0,0.0
16,0,0.0140425522891978,0.9463404372250652,1.0,0.0,1.0,0.0,1.0,1.0
17,0,10.012170144423182,10.04902186860433,0.0,1.0,1.0,0.0,1.0,1.0
18,0,10.061206640031708,10.979093152248703,1.0,1.0,1.0,1.0,0.0,0.0
19,0,0.0,3.971685227524045,0.0,1.0,1.0,0.0,1.0,0.0
20,0,8.954382933998405,7.009273770007411,0.0,0.0,0.0,0.0,0.0,0.0
21,0,6.955576788406139,10.908722510897867,1.0,0.0,1.0,0.0,1.0,0.0
22,0,11.026991170601072,5.039949906667725,1.0,1.0,0.0,0.0,0.0,1.0
23,0,6.977194108901042,2.03071085582607,1.0,0.0,1.0,0.0,0.0,0.0
24,0,5.026536631179158,11.993341011222627,0.0,1.0,0.0,1.0,0.0,1.0
25,0,10.012647118750497,2.0483582796131183,0.0,0.0,1.0,1.0,1.0,1.0
26,0,10.035851124585468,5.995174703073911,1.0,1.0,0.0,0.0,0.0,1.0
27,0,5.036601469455082,9.939324846240847,1.0,0.0,0.0,1.0,0.0,1.0
28,0,6.00175842709199,1.939827624813508,0.0,1.0,0.0,0.0,1.0,1.0
29,0,8.056988581098913,7.021095188805018,0.0,1.0,1.0,0.0,0.0,0.0
30,0,6.000096627673483,12.0,0.0,1.0,0.0,0.0,0.0,0.0
31,0,3.973710764864815,5.02593341601273,1.0,0.0,1.0,0.0,0.0,1.0
32,0,10.976601214073684,3.05603602583769,1.0,0.0,1.0,1.0,0.0,1.0
33,0,3.055330724143705,4.971115969594041,1.0,0.0,1.0,1.0,0.0,1.0
34,0,0.0,9.97098498925654,1.0,0.0,0.0,0.0,0.0,0.0
35,0,12.0,4.015689385849917,0.0,1.0,0.0,1.0,1.0,0.0
36,0,8.014256547163507,3.052280399108233,0.0,0.0,0.0,1.0,1.0,1.0
37,0,6.077651229676204,3.9814484047994623,1.0,1.0,0.0,1.0,0.0,0.0
38,0,8.030300509816373,11.042018351768782,0.0,1.0,1.0,1.0,0.0,1.0
39,0,8.960808814447965,4.954822809718605,0.0,0.0,0.0,0.0,0.0,0.0
0,5,3.118597184925209,6.970303430591299,0.0,1.0,0.0,1.0,1.0,0.0
1,5,12.0,6.870309883735168,1.0,0.0,0.0,0.0,1.0,0.0
2,5,8.998072624651718,0.0,0.0,0.0,0.0,0.0,0.0,1.0
3,5,9.069849005825809,5.170406495605406,0.0,0.0,0.0,1.0,1.0,1.0
4,5,7.082220067081331,6.031053427695083,0.0,0.0,1.0,0.0,0.0,0.0
5,5,0.9184997193237318,5.027249402935332,0.0,0.0,1.0,1.0,0.0,0.0
6,5,1.9539048986408492,7.11174802239369,0.0,0.0,0.0,0.0,1.0,0.0
7,5,5.126621398043977,10.98016653794459,0.0,0.0,0.0,1.0,1.0,1.0
8,5,3.9291012962373992,7.019878873270957,0.0,1.0,0.0,0.0,0.0,0.0
9,5,0.0827294613905114,1.924717298894584,1.0,0.0,0.0,1.0,0.0,0.0
10,5,11.080209955447458,5.895053290537005,0.0,1.0,0.0,1.0,0.0,1.0
11,5,11.03631182441435,10.091247564822757,0.0,1.0,0.0,0.0,0.0,1.0
12,5,6.15803318129954,5.967060410945045,0.0,1.0,0.0,1.0,0.0,0.0
13,5,10.063909532180508,2.964843006122404,1.0,0.0,1.0,1.0,0.0,0.0
14,5,9.956597006996438,8.851931460566306,0.0,1.0,1.0,0.0,1.0,0.0
15,5,5.914748000112025,2.9860072960245225,1.0,0.0,0.0,0.0,0.0,0.0
16,5,0.0325122381678404,0.8726490938455576,1.0,0.0,1.0,0.0,1.0,1.0
17,5,10.023480469169431,10.095009586061137,0.0,1.0,1.0,0.0,1.0,1.0
18,5,10.132225906939228,10.955122027644627,1.0,1.0,1.0,1.0,0.0,0.0
19,5,0.0,3.946643461505447,0.0,1.0,1.0,0.0,1.0,0.0
20,5,8.914809986029205,7.017511134842807,0.0,0.0,0.0,0.0,0.0,0.0
21,5,6.913925918299462,10.81846351039047,1.0,0.0,1.0,0.0,1.0,0.0
22,5,11.051963245527132,5.076647282857525,1.0,1.0,0.0,0.0,0.0,1.0
23,5,6.957626354396898,2.057606971194379,1.0,0.0,1.0,0.0,0.0,0.0
24,5,5.067857023620993,11.983181301713058,0.0,1.0,0.0,1.0,0.0,1.0
25,5,10.027090346692454,2.098078611679836,0.0,0.0,1.0,1.0,1.0,1.0
26,5,10.057320555086708,5.9919555386614025,1.0,1.0,0.0,0.0,0.0,1.0
27,5,5.072695980480646,9.88187068137436,1.0,0.0,0.0,1.0,0.0,1.0
28,5,6.003796566480661,1.880230149756492,0.0,1.0,0.0,0.0,1.0,1.0
29,5,8.09925421041268,7.037299122881268,0.0,1.0,1.0,0.0,0.0,0.0
30,5,6.011839266834267,11.99958470585092,0.0,1.0,0.0,0.0,0.0,0.0
31,5,3.95810674501456,5.04148087675331,1.0,0.0,1.0,0.0,0.0,1.0
32,5,10.949373169478507,3.122171318564264,1.0,0.0,1.0,1.0,0.0,1.0
33,5,3.1266240051484067,4.932232772902844,1.0,0.0,1.0,1.0,0.0,1.0
34,5,0.0,9.947843516878343,1.0,0.0,0.0,0.0,0.0,0.0
35,5,12.0,4.031734832395313,0.0,1.0,0.0,1.0,1.0,0.0
36,5,8.025762097386544,3.0981347581860645,0.0,0.0,0.0,1.0,1.0,1.0
37,5,6.170715797833677,3.957361101654685,1.0,1.0,0.0,1.0,0.0,0.0
38,5,8.06454896077722,11.090362595353277,0.0,1.0,1.0,1.0,0.0,1.0
39,5,8.924544188800118,4.911644344574166,0.0,0.0,0.0,0.0,0.0,0.0
0,10,3.1870959737562803,6.952585623079627,0.0,1.0,0.0,1.0,1.0,0.0
1,10,12.0,6.797027459028209,1.0,0.0,0.0,0.0,1.0,0.0
2,10,8.997517426270603,0.0,0.0,0.0,0.0,0.0,0.0,1.0
3,10,9.106969443313622,5.261517426326055,0.0,0.0,0.0,1.0,1.0,1.0
4,10,7.101649728408357,6.037704572846941,0.0,0.0,1.0,0.0,0.0,0.0
5,10,0.8981271811167764,5.034377201698964,0.0,0.0,1.0,1.0,0.0,0.0
6,10,1.923268784995836,7.180584080714145,0.0,0.0,0.0,0.0,1.0,0.0
7,10,5.195394911567,10.970669201370528,0.0,0.0,0.0,1.0,1.0,1.0
8,10,3.8885504137263545,7.031427168755175,0.0,1.0,0.0,0.0,0.0,0.0
9,10,0.1113297217222513,1.8986880716254744,1.0,0.0,0.0,1.0,0.0,0.0
10,10,11.119578732160765,5.844016926400236,0.0,1.0,0.0,1.0,0.0,1.0
11,10,11.05592875656777,10.14224843239074,0.0,1.0,0.0,0.0,0.0,1.0
12,10,6.218753750343816,5.956725728432194,0.0,1.0,0.0,1.0,0.0,0.0
13,10,10.076608380758284,2.9579169018857407,1.0,0.0,1.0,1.0,0.0,0.0
14,10,9.933379646095256,8.774087317525519,0.0,1.0,1.0,0.0,1.0,0.0
15,10,5.869084475113008,2.978853881058848,1.0,0.0,0.0,0.0,0.0,0.0
16,10,0.0485934762022993,0.8092617580714563,1.0,0.0,1.0,0.0,1.0,1.0
17,10,10.038224403018976,10.1470863586063,0.0,1.0,1.0,0.0,1.0,1.0
18,10,10.20941118335392,10.930242553804748,1.0,1.0,1.0,1.0,0.0,0.0
19,10,0.0,3.936112293448052,0.0,1.0,1.0,0.0,1.0,0.0
20,10,8.885199610592105,7.02385565427894,0.0,0.0,0.0,0.0,0.0,0.0
21,10,6.87946455460123,10.738221459934836,1.0,0.0,1.0,0.0,1.0,0.0
22,10,11.074710820168107,5.1085106637462125,1.0,1.0,0.0,0.0,0.0,1.0
23,10,6.936145659459286,2.085789455010909,1.0,0.0,1.0,0.0,0.0,0.0
24,10,5.095951228594985,11.9763105653095,0.0,1.0,0.0,1.0,0.0,1.0
25,10,10.03794963617616,2.134319000813884,0.0,0.0,1.0,1.0,1.0,1.0
26,10,10.085138366508392,5.987266082370522,1.0,1.0,0.0,0.0,0.0,1.0
27,10,5.115513152584206,9.81326017221392,1.0,0.0,0.0,1.0,0.0,1.0
28,10,6.007103588660877,1.8060871169262396,0.0,1.0,0.0,0.0,1.0,1.0
29,10,8.141708919319404,7.052888357650849,0.0,1.0,1.0,0.0,0.0,0.0
30,10,6.002467366986882,11.99990029386123,0.0,1.0,0.0,0.0,0.0,0.0
31,10,3.936274473106861,5.062216980296214,1.0,0.0,1.0,0.0,0.0,1.0
32,10,10.92084587741342,3.1956804031695283,1.0,0.0,1.0,1.0,0.0,1.0
33,10,3.1854577255566423,4.8992609546190575,1.0,0.0,1.0,1.0,0.0,1.0
34,10,0.0,9.933618477670434,1.0,0.0,0.0,0.0,0.0,0.0
35,10,12.0,4.055098279305705,0.0,1.0,0.0,1.0,1.0,0.0
36,10,8.032105213145886,3.1230081489339474,0.0,0.0,0.0,1.0,1.0,1.0
37,10,6.243923091747448,3.938596322819024,1.0,1.0,0.0,1.0,0.0,0.0
38,10,8.105295619717557,11.149930181917684,0.0,1.0,1.0,1.0,0.0,1.0
39,10,8.886420973715216,4.867101165590356,0.0,0.0,0.0,0.0,0.0,0.0
0,15,3.2545697132090816,6.934491388907775,0.0,1.0,0.0,1.0,1.0,0.0
1,15,12.0,6.725649990953648,1.0,0.0,0.0,0.0,1.0,0.0
2,15,8.997611385401974,0.0,0.0,0.0,0.0,0.0,0.0,1.0
3,15,9.154566241182454,5.375995212569909,0.0,0.0,0.0,1.0,1.0,1.0
4,15,7.1356033915437775,6.048821643241546,0.0,0.0,1.0,0.0,0.0,0.0
5,15,0.8938976627153649,5.035787846749493,0.0,0.0,1.0,1.0,0.0,0.0
6,15,1.8828288443565904,7.26771887026548,0.0,0.0,0.0,0.0,1.0,0.0
7,15,5.268548360667877,10.96062633812805,0.0,0.0,0.0,1.0,1.0,1.0
8,15,3.875001512715028,7.034885699996008,0.0,1.0,0.0,0.0,0.0,0.0
9,15,0.1366669309746488,1.8758135140097807,1.0,0.0,0.0,1.0,0.0,0.0
10,15,11.15982334244491,5.792392538136094,0.0,1.0,0.0,1.0,0.0,1.0
11,15,11.078220103562352,10.19938749072704,0.0,1.0,0.0,0.0,0.0,1.0
12,15,6.302645041782705,5.942656379701287,0.0,1.0,0.0,1.0,0.0,0.0
13,15,10.108836029164706,2.9409668131070985,1.0,0.0,1.0,1.0,0.0,0.0
14,15,9.910137946175553,8.704086336017676,0.0,1.0,1.0,0.0,1.0,0.0
15,15,5.825835444141029,2.9735769741942617,1.0,0.0,0.0,0.0,0.0,0.0
16,15,0.0656300526203609,0.747141106790462,1.0,0.0,1.0,0.0,1.0,1.0
17,15,10.051054876316185,10.199402927853662,0.0,1.0,1.0,0.0,1.0,1.0
18,15,10.275612098993374,10.908095124187092,1.0,1.0,1.0,1.0,0.0,0.0
19,15,0.0,3.922579826844893,0.0,1.0,1.0,0.0,1.0,0.0
20,15,8.858694062125608,7.030501786355372,0.0,0.0,0.0,0.0,0.0,0.0
21,15,6.840015616992263,10.64275055124086,1.0,0.0,1.0,0.0,1.0,0.0
22,15,11.113992342679392,5.1627943385031445,1.0,1.0,0.0,0.0,0.0,1.0
23,15,6.909053037918184,2.119436466696452,1.0,0.0,1.0,0.0,0.0,0.0
24,15,5.124333513156422,11.969392121182352,0.0,1.0,0.0,1.0,0.0,1.0
25,15,10.049873664045831,2.173515116556721,0.0,0.0,1.0,1.0,1.0,1.0
26,15,10.109391755490297,5.983241325984532,1.0,1.0,0.0,0.0,0.0,1.0
27,15,5.155817440025194,9.745407400548975,1.0,0.0,0.0,1.0,0.0,1.0
28,15,6.010468812959721,1.7262920951226084,0.0,1.0,0.0,0.0,1.0,1.0
29,15,8.173369239613248,7.064860237918062,0.0,1.0,1.0,0.0,0.0,0.0
30,15,6.002193135032326,11.999906712589738,0.0,1.0,0.0,0.0,0.0,0.0
31,15,3.908107709163942,5.088748550216526,1.0,0.0,1.0,0.0,0.0,1.0
32,15,10.885002024725184,3.286675382233507,1.0,0.0,1.0,1.0,0.0,1.0
33,15,3.2615698664388693,4.85689189480513,1.0,0.0,1.0,1.0,0.0,1.0
34,15,0.0,9.92451961134669,1.0,0.0,0.0,0.0,0.0,0.0
35,15,12.0,4.068051434017996,0.0,1.0,0.0,1.0,1.0,0.0
36,15,8.036093586173111,3.137433867565564,0.0,0.0,0.0,1.0,1.0,1.0
37,15,6.323011546051713,3.916995735921325,1.0,1.0,0.0,1.0,0.0,0.0
38,15,8.146182231550709,11.209931338374709,0.0,1.0,1.0,1.0,0.0,1.0
39,15,8.867709016903182,4.845637107903198,0.0,0.0,0.0,0.0,0.0,0.0
0,20,3.333563296998645,6.9142461563847615,0.0,1.0,0.0,1.0,1.0,0.0
1,20,12.0,6.662793449477584,1.0,0.0,0.0,0.0,1.0,0.0
2,20,8.996801039374406,0.0,0.0,0.0,0.0,0.0,0.0,1.0
3,20,9.202618818304511,5.490732181258855,0.0,0.0,0.0,1.0,1.0,1.0
4,20,7.169302670385038,6.059149925224845,0.0,0.0,1.0,0.0,0.0,0.0
5,20,0.8965304935405275,5.034949258960282,0.0,0.0,1.0,1.0,0.0,0.0
6,20,1.8394707263860155,7.359520936744248,0.0,0.0,0.0,0.0,1.0,0.0
7,20,5.316495332110173,10.953470911178387,0.0,0.0,0.0,1.0,1.0,1.0
8,20,3.879595141162412,7.033877979210263,0.0,1.0,0.0,0.0,0.0,0.0
9,20,0.1557465074602584,1.8571918105341891,1.0,0.0,0.0,1.0,0.0,0.0
10,20,11.182003670138911,5.763813200528368,0.0,1.0,0.0,1.0,0.0,1.0
11,20,11.094435437706542,10.238933343931114,0.0,1.0,0.0,0.0,0.0,1.0
12,20,6.386219957985688,5.928179535392919,0.0,1.0,0.0,1.0,0.0,0.0
13,20,10.16821506774282,2.908940712909743,1.0,0.0,1.0,1.0,0.0,0.0
14,20,9.89286097830967,8.65556728410147,0.0,1.0,1.0,0.0,1.0,0.0
15,20,5.773347933700375,2.9692306671797084,1.0,0.0,0.0,0.0,0.0,0.0
16,20,0.0876012796792326,0.6706747743326612,1.0,0.0,1.0,0.0,1.0,1.0
17,20,10.063250450248358,10.25192750363306,0.0,1.0,1.0,0.0,1.0,1.0
18,20,10.350747226465144,10.882000011866744,1.0,1.0,1.0,1.0,0.0,0.0
19,20,0.0,3.910617545332401,0.0,1.0,1.0,0.0,1.0,0.0
20,20,8.84980519000315,7.032762570518857,0.0,0.0,0.0,0.0,0.0,0.0
21,20,6.798492135501625,10.544007670674237,1.0,0.0,1.0,0.0,1.0,0.0
22,20,11.156653648934409,5.2213147629506,1.0,1.0,0.0,0.0,0.0,1.0
23,20,6.883472958614219,2.151321567936846,1.0,0.0,1.0,0.0,0.0,0.0
24,20,5.139849824342216,11.96564486468831,0.0,1.0,0.0,1.0,0.0,1.0
25,20,10.054752429870042,2.1894680475980737,0.0,0.0,1.0,1.0,1.0,1.0
26,20,10.162091569171729,5.974843269056148,1.0,1.0,0.0,0.0,0.0,1.0
27,20,5.189777410858736,9.690819410304996,1.0,0.0,0.0,1.0,0.0,1.0
28,20,6.01220543331578,1.6406360641132611,0.0,1.0,0.0,0.0,1.0,1.0
29,20,8.22713292854389,7.085032302552593,0.0,1.0,1.0,0.0,0.0,0.0
30,20,5.98607179709941,12.0,0.0,1.0,0.0,0.0,0.0,0.0
31,20,3.881142819786352,5.114139469385224,1.0,0.0,1.0,0.0,0.0,1.0
32,20,10.834814037569227,3.410995231523797,1.0,0.0,1.0,1.0,0.0,1.0
33,20,3.35055759239253,4.810514980339591,1.0,0.0,1.0,1.0,0.0,1.0
34,20,0.0,9.912238248791512,1.0,0.0,0.0,0.0,0.0,0.0
35,20,12.0,4.073106143686973,0.0,1.0,0.0,1.0,1.0,0.0
36,20,8.035300475372262,3.134710849974551,0.0,0.0,0.0,1.0,1.0,1.0
37,20,6.40555363491162,3.8918221028140376,1.0,1.0,0.0,1.0,0.0,0.0
38,20,8.189515423085345,11.276599401793158,0.0,1.0,1.0,1.0,0.0,1.0
39,20,8.846942874606121,4.820764825572092,0.0,0.0,0.0,0.0,0.0,0.0
0,25,3.4225429934542912,6.890791265150393,0.0,1.0,0.0,1.0,1.0,0.0
1,25,12.0,6.606234281446117,1.0,0.0,0.0,0.0,1.0,0.0
2,25,8.996882717140911,0.0,0.0,0.0,0.0,0.0,0.0,1.0
3,25,9.254490001728314,5.613070561534264,0.0,0.0,0.0,1.0,1.0,1.0
4,25,7.201020692866285,6.0690798426236965,0.0,0.0,1.0,0.0,0.0,0.0
5,25,0.8941796027347303,5.035669081135571,0.0,0.0,1.0,1.0,0.0,0.0
6,25,1.7998365434876429,7.442283165404024,0.0,0.0,0.0,0.0,1.0,0.0
7,25,5.340879694753787,10.949118099783036,0.0,0.0,0.0,1.0,1.0,1.0
8,25,3.901821112484426,7.029380169914028,0.0,1.0,0.0,0.0,0.0,0.0
9,25,0.1693137292105178,1.844518452378573,1.0,0.0,0.0,1.0,0.0,0.0
10,25,11.211130338965036,5.724903823637152,0.0,1.0,0.0,1.0,0.0,1.0
11,25,11.112650824729672,10.284188814896178,0.0,1.0,0.0,0.0,0.0,1.0
12,25,6.474963028968293,5.913725599362219,0.0,1.0,0.0,1.0,0.0,0.0
13,25,10.205150891348085,2.887399960804109,1.0,0.0,1.0,1.0,0.0,0.0
14,25,9.880658273386036,8.624184384576136,0.0,1.0,1.0,0.0,1.0,0.0
15,25,5.735405855236624,2.9660624801864994,1.0,0.0,0.0,0.0,0.0,0.0
16,25,0.1119788500447056,0.592711348272524,1.0,0.0,1.0,0.0,1.0,1.0
17,25,10.06911212712845,10.278458834111436,0.0,1.0,1.0,0.0,1.0,1.0
18,25,10.433535433242078,10.851679627967254,1.0,1.0,1.0,1.0,0.0,0.0
19,25,0.0,3.8971080658404658,0.0,1.0,1.0,0.0,1.0,0.0
20,25,8.845167005929417,7.034050916117467,0.0,0.0,0.0,0.0,0.0,0.0
21,25,6.766367928058455,10.466364307602577,1.0,0.0,1.0,0.0,1.0,0.0
22,25,11.209322040534566,5.294437096518341,1.0,1.0,0.0,0.0,0.0,1.0
23,25,6.846761568998054,2.1939983808890715,1.0,0.0,1.0,0.0,0.0,0.0
24,25,5.148135066044633,11.963829614029814,0.0,1.0,0.0,1.0,0.0,1.0
25,25,10.059446799882885,2.204491978335476,0.0,0.0,1.0,1.0,1.0,1.0
26,25,10.21155396219636,5.967483312212537,1.0,1.0,0.0,0.0,0.0,1.0
27,25,5.2302921154756765,9.627058108634106,1.0,0.0,0.0,1.0,0.0,1.0
28,25,6.014733099227743,1.5405266450325803,0.0,1.0,0.0,0.0,1.0,1.0
29,25,8.284077655906385,7.1083450901211584,0.0,1.0,1.0,0.0,0.0,0.0
30,25,5.989994518865648,11.999970419171646,0.0,1.0,0.0,0.0,0.0,0.0
31,25,3.8578971944923377,5.135736881052393,1.0,0.0,1.0,0.0,0.0,1.0
32,25,10.785118182425462,3.522622162280418,1.0,0.0,1.0,1.0,0.0,1.0
33,25,3.43849909027773,4.763853080901091,1.0,0.0,1.0,1.0,0.0,1.0
34,25,0.0,9.885722717897249,1.0,0.0,0.0,0.0,0.0,0.0
35,25,11.987204055597298,4.06877125686297,0.0,1.0,0.0,1.0,1.0,0.0
36,25,8.038929089546592,3.147628208904236,0.0,0.0,0.0,1.0,1.0,1.0
37,25,6.504401370596142,3.8642144592539465,1.0,1.0,0.0,1.0,0.0,0.0
38,25,8.216432366576196,11.318692321019425,0.0,1.0,1.0,1.0,0.0,1.0
39,25,8.829410227424342,4.799447218890728,0.0,0.0,0.0,0.0,0.0,0.0
0,30,3.5221157378927908,6.86648125609513,0.0,1.0,0.0,1.0,1.0,0.0
1,30,12.0,6.528226639409384,1.0,0.0,0.0,0.0,1.0,0.0
2,30,8.995432693211152,0.0,0.0,0.0,0.0,0.0,0.0,1.0
3,30,9.298854645723708,5.726697789622296,0.0,0.0,0.0,1.0,1.0,1.0
4,30,7.244211105170849,6.081939014804368,0.0,0.0,1.0,0.0,0.0,0.0
5,30,0.8966721840544443,5.034966616108031,0.0,0.0,1.0,1.0,0.0,0.0
6,30,1.764905459685178,7.518611149661989,0.0,0.0,0.0,0.0,1.0,0.0
7,30,5.36645898948167,10.94451512475738,0.0,0.0,0.0,1.0,1.0,1.0
8,30,3.901893245703713,7.029364241560373,0.0,1.0,0.0,0.0,0.0,0.0
9,30,0.1741523936203389,1.8398327924058469,1.0,0.0,0.0,1.0,0.0,0.0
10,30,11.2331961908423,5.696424731077983,0.0,1.0,0.0,1.0,0.0,1.0
11,30,11.130705304468306,10.330587828758516,0.0,1.0,0.0,0.0,0.0,1.0
12,30,6.573143778004982,5.89995246440463,0.0,1.0,0.0,1.0,0.0,0.0
13,30,10.256879661845884,2.857425191082481,1.0,0.0,1.0,1.0,0.0,0.0
14,30,9.864714099897345,8.58118410187136,0.0,1.0,1.0,0.0,1.0,0.0
15,30,5.678901172145928,2.960972122347818,1.0,0.0,0.0,0.0,0.0,0.0
16,30,0.1377432364458801,0.5117742545990738,1.0,0.0,1.0,0.0,1.0,1.0
17,30,10.076119217457752,10.309122816889664,0.0,1.0,1.0,0.0,1.0,1.0
18,30,10.523260089320525,10.816475266457298,1.0,1.0,1.0,1.0,0.0,0.0
19,30,0.0,3.881769672394368,0.0,1.0,1.0,0.0,1.0,0.0
20,30,8.843882531010783,7.034407000693819,0.0,0.0,0.0,0.0,0.0,0.0
21,30,6.73359604919827,10.381085834957682,1.0,0.0,1.0,0.0,1.0,0.0
22,30,11.266859558938938,5.372955778933782,1.0,1.0,0.0,0.0,0.0,1.0
23,30,6.807306640415947,2.2415126613967287,1.0,0.0,1.0,0.0,0.0,0.0
24,30,5.154755594116848,11.99735868527954,0.0,1.0,0.0,1.0,0.0,1.0
25,30,10.068230759832192,2.230255022564084,0.0,0.0,1.0,1.0,1.0,1.0
26,30,10.27552521470188,5.955781007311513,1.0,1.0,0.0,0.0,0.0,1.0
27,30,5.270032170505436,9.562736840418696,1.0,0.0,0.0,1.0,0.0,1.0
28,30,6.016495051632538,1.4326124761196464,0.0,1.0,0.0,0.0,1.0,1.0
29,30,8.34670112256251,7.133604835492285,0.0,1.0,1.0,0.0,0.0,0.0
30,30,6.0139408539563695,11.999226602570475,0.0,1.0,0.0,0.0,0.0,0.0
31,30,3.839199200588237,5.152861177578216,1.0,0.0,1.0,0.0,0.0,1.0
32,30,10.745210176583887,3.609725302897884,1.0,0.0,1.0,1.0,0.0,1.0
33,30,3.526252703551024,4.715226459839866,1.0,0.0,1.0,1.0,0.0,1.0
34,30,0.0,9.84511825453472,1.0,0.0,0.0,0.0,0.0,0.0
35,30,12.0,4.074676679877143,0.0,1.0,0.0,1.0,1.0,0.0
36,30,8.043812733895244,3.166334769940337,0.0,0.0,0.0,1.0,1.0,1.0
37,30,6.614521382579158,3.833879722382184,1.0,1.0,0.0,1.0,0.0,0.0
38,30,8.253550490196563,11.377144089754262,0.0,1.0,1.0,1.0,0.0,1.0
39,30,8.82611873325846,4.795434141641067,0.0,0.0,0.0,0.0,0.0,0.0
0,35,3.5967777982270093,6.848463375506666,0.0,1.0,0.0,1.0,1.0,0.0
1,35,12.0,6.442432325909273,1.0,0.0,0.0,0.0,1.0,0.0
2,35,8.993560692547446,0.0,0.0,0.0,0.0,0.0,0.0,1.0
3,35,9.342012582601392,5.845038073684803,0.0,0.0,0.0,1.0,1.0,1.0
4,35,7.288318003563579,6.095205925582186,0.0,0.0,1.0,0.0,0.0,0.0
5,35,0.8943526231088852,5.0356117457940845,0.0,0.0,1.0,1.0,0.0,0.0
6,35,1.7070788300066306,7.643670451451488,0.0,0.0,0.0,0.0,1.0,0.0
7,35,5.386613912158634,10.941296743908923,0.0,0.0,0.0,1.0,1.0,1.0
8,35,3.878467864950927,7.034279024062772,0.0,1.0,0.0,0.0,0.0,0.0
9,35,0.1740918716713793,1.839890794910582,1.0,0.0,0.0,1.0,0.0,0.0
10,35,11.259004575865417,5.665066478773095,0.0,1.0,0.0,1.0,0.0,1.0
11,35,11.155217663821118,10.393029832746718,0.0,1.0,0.0,0.0,0.0,1.0
12,35,6.697896427959416,5.882064021090387,0.0,1.0,0.0,1.0,0.0,0.0
13,35,10.299026094929872,2.832283743943772,1.0,0.0,1.0,1.0,0.0,0.0
14,35,9.848214173050044,8.536619763645287,0.0,1.0,1.0,0.0,1.0,0.0
15,35,5.644463805399082,2.957597906680085,1.0,0.0,0.0,0.0,0.0,0.0
16,35,0.1661833188368304,0.4214989541772481,1.0,0.0,1.0,0.0,1.0,1.0
17,35,10.08218727285951,10.336786769817651,0.0,1.0,1.0,0.0,1.0,1.0
18,35,10.62508752883139,10.78080515220224,1.0,1.0,1.0,1.0,0.0,0.0
19,35,0.0,3.8805809280141834,0.0,1.0,1.0,0.0,1.0,0.0
20,35,8.844524426756132,7.034222332644164,0.0,0.0,0.0,0.0,0.0,0.0
21,35,6.694770310386468,10.28251178208839,1.0,0.0,1.0,0.0,1.0,0.0
22,35,11.334343570802057,5.4595776460792464,1.0,1.0,0.0,0.0,0.0,1.0
23,35,6.846926105006811,2.275709118307572,1.0,0.0,1.0,0.0,0.0,0.0
24,35,5.16151352477065,12.0,0.0,1.0,0.0,1.0,0.0,1.0
25,35,10.077578920730875,2.2583110597573945,0.0,0.0,1.0,1.0,1.0,1.0
26,35,10.286359612828177,6.010676119887985,1.0,1.0,0.0,0.0,0.0,1.0
27,35,5.310140749807803,9.502130849106283,1.0,0.0,0.0,1.0,0.0,1.0
28,35,6.019163086387371,1.3176618528111916,0.0,1.0,0.0,0.0,1.0,1.0
29,35,8.40009270078079,7.153919270600599,0.0,1.0,1.0,0.0,0.0,0.0
30,35,6.05204076303234,11.997548864050296,0.0,1.0,0.0,0.0,0.0,0.0
31,35,3.827176686271387,5.163764316086239,1.0,0.0,1.0,0.0,0.0,1.0
32,35,10.687502095142056,3.583547370223805,1.0,0.0,1.0,1.0,0.0,1.0
33,35,3.620642732971676,4.659813297825785,1.0,0.0,1.0,1.0,0.0,1.0
34,35,0.0,9.810356618362368,1.0,0.0,0.0,0.0,0.0,0.0
35,35,12.0,4.078125682950093,0.0,1.0,0.0,1.0,1.0,0.0
36,35,8.042648543118059,3.161696553923858,0.0,0.0,0.0,1.0,1.0,1.0
37,35,6.725325756732903,3.804213305187824,1.0,1.0,0.0,1.0,0.0,0.0
38,35,8.291827068371001,11.435134607230848,0.0,1.0,1.0,1.0,0.0,1.0
39,35,8.817744752941882,4.784833300658272,0.0,0.0,0.0,0.0,0.0,0.0
0,40,3.68386277129654,6.825110801101866,0.0,1.0,0.0,1.0,1.0,0.0
1,40,12.0,6.351572793370654,1.0,0.0,0.0,0.0,1.0,0.0
2,40,8.991813206734294,0.0,0.0,0.0,0.0,0.0,0.0,1.0
3,40,9.384024224542094,5.963954492424464,0.0,0.0,0.0,1.0,1.0,1.0
4,40,7.3154606749111935,6.102513705588899,0.0,0.0,1.0,0.0,0.0,0.0
5,40,0.883466947987807,5.038318387912893,0.0,0.0,1.0,1.0,0.0,0.0
6,40,1.6656564981439304,7.741034249939988,0.0,0.0,0.0,0.0,1.0,0.0
7,40,5.428658257568404,10.935268278810168,0.0,0.0,0.0,1.0,1.0,1.0
8,40,3.855308344050831,7.038782450067276,0.0,1.0,0.0,0.0,0.0,0.0
9,40,0.1636419835867873,1.8492204962133132,1.0,0.0,0.0,1.0,0.0,0.0
10,40,11.279803271230971,5.641562263428894,0.0,1.0,0.0,1.0,0.0,1.0
11,40,11.180547051163348,10.453040905133363,0.0,1.0,0.0,0.0,0.0,1.0
12,40,6.84227518560433,5.858138465228753,0.0,1.0,0.0,1.0,0.0,0.0
13,40,10.27214852660425,2.787096868657549,1.0,0.0,1.0,1.0,0.0,0.0
14,40,9.829621200688996,8.483782094097247,0.0,1.0,1.0,0.0,1.0,0.0
15,40,5.603432440953895,2.952615167610292,1.0,0.0,0.0,0.0,0.0,0.0
16,40,0.1998106947644398,0.3196797250388484,1.0,0.0,1.0,0.0,1.0,1.0
17,40,10.090888087315188,10.376600420887351,0.0,1.0,1.0,0.0,1.0,1.0
18,40,10.722272420859348,10.743107597180083,1.0,1.0,1.0,1.0,0.0,0.0
19,40,0.0,3.8740774080160985,0.0,1.0,1.0,0.0,1.0,0.0
20,40,8.837287942021872,7.036129589058754,0.0,0.0,0.0,0.0,0.0,0.0
21,40,6.656925420405225,10.184830496377566,1.0,0.0,1.0,0.0,1.0,0.0
22,40,11.388533853340617,5.527245808319373,1.0,1.0,0.0,0.0,0.0,1.0
23,40,6.880882405510097,2.304157279937791,1.0,0.0,1.0,0.0,0.0,0.0
24,40,5.170738358874334,12.0,0.0,1.0,0.0,1.0,0.0,1.0
25,40,10.085233370874006,2.280322480309725,0.0,0.0,1.0,1.0,1.0,1.0
26,40,10.303108682771192,6.0921250010198005,1.0,1.0,0.0,0.0,0.0,1.0
27,40,5.346926311531993,9.44610431652658,1.0,0.0,0.0,1.0,0.0,1.0
28,40,6.022716917563741,1.20046907598697,0.0,1.0,0.0,0.0,1.0,1.0
29,40,8.449782329237884,7.173990224417822,0.0,1.0,1.0,0.0,0.0,0.0
30,40,6.085730548810937,11.99546230452997,0.0,1.0,0.0,0.0,0.0,0.0
31,40,3.816839364476327,5.172900650802911,1.0,0.0,1.0,0.0,0.0,1.0
32,40,10.634953442222232,3.558099611337331,1.0,0.0,1.0,1.0,0.0,1.0
33,40,3.721675325002489,4.60377674899936,1.0,0.0,1.0,1.0,0.0,1.0
34,40,0.0,9.784496693595628,1.0,0.0,0.0,0.0,0.0,0.0
35,40,11.987395144740317,4.073860583418278,0.0,1.0,0.0,1.0,1.0,0.0
36,40,8.04131360715261,3.1561640512655,0.0,0.0,0.0,1.0,1.0,1.0
37,40,6.836111128975114,3.77586097621602,1.0,1.0,0.0,1.0,0.0,0.0
38,40,8.33798937852365,11.501832494904518,0.0,1.0,1.0,1.0,0.0,1.0
39,40,8.814868493936359,4.7811723810928815,0.0,0.0,0.0,0.0,0.0,0.0
0,45,3.776380192289861,6.796092145081205,0.0,1.0,0.0,1.0,1.0,0.0
1,45,12.0,6.246380761374001,1.0,0.0,0.0,0.0,1.0,0.0
2,45,8.988885562374005,0.0,0.0,0.0,0.0,0.0,0.0,1.0
3,45,9.427836908109631,6.086269794462119,0.0,0.0,0.0,1.0,1.0,1.0
4,45,7.341876132807467,6.110248620276129,0.0,0.0,1.0,0.0,0.0,0.0
5,45,0.8855171298376981,5.037851433617226,0.0,0.0,1.0,1.0,0.0,0.0
6,45,1.62848601604772,7.833229102359295,0.0,0.0,0.0,0.0,1.0,0.0
7,45,5.478740883386993,10.926429938884125,0.0,0.0,0.0,1.0,1.0,1.0
8,45,3.833256855647599,7.042714094889914,0.0,1.0,0.0,0.0,0.0,0.0
9,45,0.1613479774072044,1.851337667787749,1.0,0.0,0.0,1.0,0.0,0.0
10,45,11.29449070509199,5.625747217197154,0.0,1.0,0.0,1.0,0.0,1.0
11,45,11.217591467644494,10.538305842743268,0.0,1.0,0.0,0.0,0.0,1.0
12,45,6.9780309538284655,5.837562451778146,0.0,1.0,0.0,1.0,0.0,0.0
13,45,10.233503117955392,2.720196081978972,1.0,0.0,1.0,1.0,0.0,0.0
14,45,9.80562180442443,8.414949778555933,0.0,1.0,1.0,0.0,1.0,0.0
15,45,5.55740027161217,2.946890672199165,1.0,0.0,0.0,0.0,0.0,0.0
16,45,0.2357164262506933,0.21019281029338,1.0,0.0,1.0,0.0,1.0,1.0
17,45,10.099381954905793,10.414281796249409,0.0,1.0,1.0,0.0,1.0,1.0
18,45,10.797514128520694,10.713617218040506,1.0,1.0,1.0,1.0,0.0,0.0
19,45,0.0013845603478937,3.875241409758373,0.0,1.0,1.0,0.0,1.0,0.0
20,45,8.855378806932087,7.031163908688777,0.0,0.0,0.0,0.0,0.0,0.0
21,45,6.617131628053089,10.078985012329287,1.0,0.0,1.0,0.0,1.0,0.0
22,45,11.43738175895102,5.582156220638566,1.0,1.0,0.0,0.0,0.0,1.0
23,45,6.9048727514192505,2.32450808891662,1.0,0.0,1.0,0.0,0.0,0.0
24,45,5.180326718711738,12.0,0.0,1.0,0.0,1.0,0.0,1.0
25,45,10.086383924292065,2.283368902887622,0.0,0.0,1.0,1.0,1.0,1.0
26,45,10.314481012489612,6.141917049912564,1.0,1.0,0.0,0.0,0.0,1.0
27,45,5.37394143615892,9.40499161016992,1.0,0.0,0.0,1.0,0.0,1.0
28,45,6.026149318822169,1.0779372309269182,0.0,1.0,0.0,0.0,1.0,1.0
29,45,8.500318495005894,7.196467530132098,0.0,1.0,1.0,0.0,0.0,0.0
30,45,6.112784384541525,11.9940760188347,0.0,1.0,0.0,0.0,0.0,0.0
31,45,3.833353037109874,5.15812967360565,1.0,0.0,1.0,0.0,0.0,1.0
32,45,10.575535203768505,3.52958271806064,1.0,0.0,1.0,1.0,0.0,1.0
33,45,3.818795297640323,4.550258225696241,1.0,0.0,1.0,1.0,0.0,1.0
34,45,0.0,9.764788883581176,1.0,0.0,0.0,0.0,0.0,0.0
35,45,11.973689786190036,4.06906909336398,0.0,1.0,0.0,1.0,1.0,0.0
36,45,8.040803956053294,3.1538556734521084,0.0,0.0,0.0,1.0,1.0,1.0
37,45,6.925960081825279,3.752152016207472,1.0,1.0,0.0,1.0,0.0,0.0
38,45,8.385465364233733,11.570704062018818,0.0,1.0,1.0,1.0,0.0,1.0
39,45,8.805244267207724,4.768927246499223,0.0,0.0,0.0,0.0,0.0,0.0
0,50,3.864816901585067,6.767243261950336,0.0,1.0,0.0,1.0,1.0,0.0
1,50,12.0,6.140455516104954,1.0,0.0,0.0,0.0,1.0,0.0
2,50,8.986454685296367,0.0,0.0,0.0,0.0,0.0,0.0,1.0
3,50,9.470142936996126,6.20522435103174,0.0,0.0,0.0,1.0,1.0,1.0
4,50,7.379490569207274,6.121839343356992,0.0,0.0,1.0,0.0,0.0,0.0
5,50,0.8999027068558073,5.034361997172468,0.0,0.0,1.0,1.0,0.0,0.0
6,50,1.5848669400096238,7.944832453604186,0.0,0.0,0.0,0.0,1.0,0.0
7,50,5.537172705767791,10.913838721691022,0.0,0.0,0.0,1.0,1.0,1.0
8,50,3.786544310276252,7.051588399869918,0.0,1.0,0.0,0.0,0.0,0.0
9,50,0.1743926203316092,1.8394696394678445,1.0,0.0,0.0,1.0,0.0,0.0
10,50,11.31841541561045,5.598886240561551,0.0,1.0,0.0,1.0,0.0,1.0
11,50,11.257397730301443,10.626435550113907,0.0,1.0,0.0,0.0,0.0,1.0
12,50,7.101224584045636,5.82014356700273,0.0,1.0,0.0,1.0,0.0,0.0
13,50,10.189317857166202,2.646808694488944,1.0,0.0,1.0,1.0,0.0,0.0
14,50,9.789822486410731,8.370818980489316,0.0,1.0,1.0,0.0,1.0,0.0
15,50,5.509770662347414,2.940389995035741,1.0,0.0,0.0,0.0,0.0,0.0
16,50,0.273772031283377,0.0996909278956918,1.0,0.0,1.0,0.0,1.0,1.0
17,50,10.110191160744847,10.45898300047877,0.0,1.0,1.0,0.0,1.0,1.0
18,50,10.883966848000476,10.68025078573515,1.0,1.0,1.0,1.0,0.0,0.0
19,50,0.0076968764470327,3.880309868501967,0.0,1.0,1.0,0.0,1.0,0.0
20,50,8.867692366562167,7.027649231090864,0.0,0.0,0.0,0.0,0.0,0.0
21,50,6.5783772248574826,9.983712232062498,1.0,0.0,1.0,0.0,1.0,0.0
22,50,11.48820762933002,5.6409996207042745,1.0,1.0,0.0,0.0,0.0,1.0
23,50,6.940210481970032,2.352018002741327,1.0,0.0,1.0,0.0,0.0,0.0
24,50,5.190258955759152,12.0,0.0,1.0,0.0,1.0,0.0,1.0
25,50,10.08721804986546,2.285333130221312,0.0,0.0,1.0,1.0,1.0,1.0
26,50,10.325266680116746,6.194856521140131,1.0,1.0,0.0,0.0,0.0,1.0
27,50,5.407568703333563,9.355556596550924,1.0,0.0,0.0,1.0,0.0,1.0
28,50,6.033485133041491,0.9435475118753812,0.0,1.0,0.0,0.0,1.0,1.0
29,50,8.550928677873639,7.218285050705576,0.0,1.0,1.0,0.0,0.0,0.0
30,50,6.11359403282129,12.0,0.0,1.0,0.0,0.0,0.0,0.0
31,50,3.841840794180879,5.150384783339161,1.0,0.0,1.0,0.0,0.0,1.0
32,50,10.538482070078569,3.5127199306521284,1.0,0.0,1.0,1.0,0.0,1.0
33,50,3.903968520172056,4.504946844708424,1.0,0.0,1.0,1.0,0.0,1.0
34,50,0.0,9.738275318925616,1.0,0.0,0.0,0.0,0.0,0.0
35,50,11.94428533687458,4.05955035453322,0.0,1.0,0.0,1.0,1.0,0.0
36,50,8.040931957069176,3.154428372342815,0.0,0.0,0.0,1.0,1.0,1.0
37,50,7.0061177794183225,3.728491466627367,1.0,1.0,0.0,1.0,0.0,0.0
38,50,8.427062011245422,11.629626294832637,0.0,1.0,1.0,1.0,0.0,1.0
39,50,8.793811663447421,4.753743198427177,0.0,0.0,0.0,0.0,0.0,0.0
0,55,3.922359935589326,6.748273315961416,0.0,1.0,0.0,1.0,1.0,0.0
1,55,12.0,6.016925986733937,1.0,0.0,0.0,0.0,1.0,0.0
2,55,8.983878134994567,0.0,0.0,0.0,0.0,0.0,0.0,1.0
3,55,9.51176354945917,6.320136069296878,0.0,0.0,0.0,1.0,1.0,1.0
4,55,7.405204692905427,6.129719979960639,0.0,0.0,1.0,0.0,0.0,0.0
5,55,0.923662287676448,5.028347534047156,0.0,0.0,1.0,1.0,0.0,0.0
6,55,1.5376168691044816,8.052352606023314,0.0,0.0,0.0,0.0,1.0,0.0
7,55,5.587840782004067,10.90373203360598,0.0,0.0,0.0,1.0,1.0,1.0
8,55,3.734819087624467,7.0613228874446,0.0,1.0,0.0,0.0,0.0,0.0
9,55,0.1793275621873966,1.835092778535358,1.0,0.0,0.0,1.0,0.0,0.0
10,55,11.35330851386415,5.560795278126337,0.0,1.0,0.0,1.0,0.0,1.0
11,55,11.291816758152546,10.69945504585844,0.0,1.0,0.0,0.0,0.0,1.0
12,55,7.228260005525508,5.801933411596389,0.0,1.0,0.0,1.0,0.0,0.0
13,55,10.147001229991316,2.5745452008341605,1.0,0.0,1.0,1.0,0.0,0.0
14,55,9.776670465972911,8.33493530226481,0.0,1.0,1.0,0.0,1.0,0.0
15,55,5.487623525108829,2.937219116245964,1.0,0.0,0.0,0.0,0.0,0.0
16,55,0.3165008159456924,0.0,1.0,0.0,1.0,0.0,1.0,1.0
17,55,10.11866475054598,10.496329117744784,0.0,1.0,1.0,0.0,1.0,1.0
18,55,10.964017830871306,10.65173915060444,1.0,1.0,1.0,1.0,0.0,0.0
19,55,0.0,3.8725808031359783,0.0,1.0,1.0,0.0,1.0,0.0
20,55,8.879588881775774,7.023806372641305,0.0,0.0,0.0,0.0,0.0,0.0
21,55,6.538949074842725,9.896608530636255,1.0,0.0,1.0,0.0,1.0,0.0
22,55,11.538220298674776,5.701358879489294,1.0,1.0,0.0,0.0,0.0,1.0
23,55,6.975522905673165,2.3795842374070992,1.0,0.0,1.0,0.0,0.0,0.0
24,55,5.19719063018444,12.0,0.0,1.0,0.0,1.0,0.0,1.0
25,55,10.093299505906954,2.300634628794905,0.0,0.0,1.0,1.0,1.0,1.0
26,55,10.339962705542074,6.262305915569013,1.0,1.0,0.0,0.0,0.0,1.0
27,55,5.443615726805847,9.303613980289454,1.0,0.0,0.0,1.0,0.0,1.0
28,55,6.038133086399226,0.8162531018509345,0.0,1.0,0.0,0.0,1.0,1.0
29,55,8.613170926399404,7.246018715360593,0.0,1.0,1.0,0.0,0.0,0.0
30,55,6.113535936572101,12.0,0.0,1.0,0.0,0.0,0.0,0.0
31,55,3.837774763695437,5.154203995482933,1.0,0.0,1.0,0.0,0.0,1.0
32,55,10.505873649213594,3.4980090105247568,1.0,0.0,1.0,1.0,0.0,1.0
33,55,4.000687699159326,4.456010323590923,1.0,0.0,1.0,1.0,0.0,1.0
34,55,0.0,9.717172684384968,1.0,0.0,0.0,0.0,0.0,0.0
35,55,11.893630262077874,4.0431675756860805,0.0,1.0,0.0,1.0,1.0,0.0
36,55,8.040005045245465,3.150236436101865,0.0,0.0,0.0,1.0,1.0,1.0
37,55,7.09505012966166,3.7033680797776944,1.0,1.0,0.0,1.0,0.0,0.0
38,55,8.47911939886921,11.70835445566624,0.0,1.0,1.0,1.0,0.0,1.0
39,55,8.789207235544591,4.747693002417399,0.0,0.0,0.0,0.0,0.0,0.0
0,60,4.019229090339197,6.718888743531187,0.0,1.0,0.0,1.0,1.0,0.0
1,60,11.887291741413971,5.967778864912663,1.0,0.0,0.0,0.0,1.0,0.0
2,60,8.983177881768293,0.0,0.0,0.0,0.0,0.0,0.0,1.0
3,60,9.555709754499505,6.4408137936351135,0.0,0.0,0.0,1.0,1.0,1.0
4,60,7.421729183610524,6.134955270373652,0.0,0.0,1.0,0.0,0.0,0.0
5,60,0.9642189079978488,5.0183512877752525,0.0,0.0,1.0,1.0,0.0,0.0
6,60,1.4875082661904584,8.161800439318855,0.0,0.0,0.0,0.0,1.0,0.0
7,60,5.633193350168131,10.89448653659428,0.0,0.0,0.0,1.0,1.0,1.0
8,60,3.6838904340723673,7.071984135698733,0.0,1.0,0.0,0.0,0.0,0.0
9,60,0.1858655001623375,1.829221657101612,1.0,0.0,0.0,1.0,0.0,0.0
10,60,11.38605301006596,5.52502052448327,0.0,1.0,0.0,1.0,0.0,1.0
11,60,11.328188581830496,10.777190262849944,0.0,1.0,0.0,0.0,0.0,1.0
12,60,7.352002145669364,5.782452657332002,0.0,1.0,0.0,1.0,0.0,0.0
13,60,10.10711975774283,2.5052158673435265,1.0,0.0,1.0,1.0,0.0,0.0
14,60,9.765856428426035,8.307221011008496,0.0,1.0,1.0,0.0,1.0,0.0
15,60,5.464753055086486,2.933693782420657,1.0,0.0,0.0,0.0,0.0,0.0
16,60,0.3549338728833396,0.0,1.0,0.0,1.0,0.0,1.0,1.0
17,60,10.1239416880182,10.518908427590842,0.0,1.0,1.0,0.0,1.0,1.0
18,60,11.051440578276324,10.623367332778631,1.0,1.0,1.0,1.0,0.0,0.0
19,60,0.0,3.8605577571765446,0.0,1.0,1.0,0.0,1.0,0.0
20,60,8.884371333277608,7.022091390677365,0.0,0.0,0.0,0.0,0.0,0.0
21,60,6.497179303836894,9.803289068340874,1.0,0.0,1.0,0.0,1.0,0.0
22,60,11.59121881190736,5.762425512037038,1.0,1.0,0.0,0.0,0.0,1.0
23,60,6.999040499281679,2.3989302079009542,1.0,0.0,1.0,0.0,0.0,0.0
24,60,5.203873890229314,12.0,0.0,1.0,0.0,1.0,0.0,1.0
25,60,10.09694265491044,2.309421713351052,0.0,0.0,1.0,1.0,1.0,1.0
26,60,10.3512723244905,6.31967742397675,1.0,1.0,0.0,0.0,0.0,1.0
27,60,5.4822038856577,9.244221385959674,1.0,0.0,0.0,1.0,0.0,1.0
28,60,6.042559997816123,0.7035766526242958,0.0,1.0,0.0,0.0,1.0,1.0
29,60,8.671539654275424,7.271123461826367,0.0,1.0,1.0,0.0,0.0,0.0
30,60,6.11547151649394,12.0,0.0,1.0,0.0,0.0,0.0,0.0
31,60,3.846556480412227,5.145638408917835,1.0,0.0,1.0,0.0,0.0,1.0
32,60,10.47271109747268,3.483003980273513,1.0,0.0,1.0,1.0,0.0,1.0
33,60,4.087831645296274,4.411636464426658,1.0,0.0,1.0,1.0,0.0,1.0
34,60,0.0,9.698043022745752,1.0,0.0,0.0,0.0,0.0,0.0
35,60,11.843289979851845,4.027467379321985,0.0,1.0,0.0,1.0,1.0,0.0
36,60,8.041223853422556,3.1562447541289305,0.0,0.0,0.0,1.0,1.0,1.0
37,60,7.171023035266484,3.6815012210269296,1.0,1.0,0.0,1.0,0.0,0.0
38,60,8.52030000312569,11.77200247898843,0.0,1.0,1.0,1.0,0.0,1.0
39,60,8.791527467762265,4.750446870533596,0.0,0.0,0.0,0.0,0.0,0.0
0,65,4.117402804435497,6.688356533373151,0.0,1.0,0.0,1.0,1.0,0.0
1,65,11.779687320129844,5.915793110254337,1.0,0.0,0.0,0.0,1.0,0.0
2,65,8.982397483987457,0.0,0.0,0.0,0.0,0.0,0.0,1.0
3,65,9.597293659261224,6.552546219388828,0.0,0.0,0.0,1.0,1.0,1.0
4,65,7.428538201472159,6.1372390821262055,0.0,0.0,1.0,0.0,0.0,0.0
5,65,0.993818901020464,5.010435080127504,0.0,0.0,1.0,1.0,0.0,0.0
6,65,1.436418062426494,8.270329120535456,0.0,0.0,0.0,0.0,1.0,0.0
7,65,5.690136771624721,10.881508170021307,0.0,0.0,0.0,1.0,1.0,1.0
8,65,3.636018809401621,7.081376451765618,0.0,1.0,0.0,0.0,0.0,0.0
9,65,0.1879100949769485,1.82740190036019,1.0,0.0,0.0,1.0,0.0,0.0
10,65,11.425070724892246,5.483972620252497,0.0,1.0,0.0,1.0,0.0,1.0
11,65,11.353212550023818,10.83428620681959,0.0,1.0,0.0,0.0,0.0,1.0
12,65,7.481316147186361,5.760511105585737,0.0,1.0,0.0,1.0,0.0,0.0
13,65,10.070304521334062,2.4424211803716767,1.0,0.0,1.0,1.0,0.0,0.0
14,65,9.760708873582187,8.294683003793159,0.0,1.0,1.0,0.0,1.0,0.0
15,65,5.444407847701244,2.931019563185386,1.0,0.0,0.0,0.0,0.0,0.0
16,65,0.398177275678747,0.0,1.0,0.0,1.0,0.0,1.0,1.0
17,65,10.132101806292845,10.557291328142286,0.0,1.0,1.0,0.0,1.0,1.0
18,65,11.108647631612858,10.605542059611016,1.0,1.0,1.0,1.0,0.0,0.0
19,65,0.0,3.845195565418122,0.0,1.0,1.0,0.0,1.0,0.0
20,65,8.871885437283888,7.026489304880744,0.0,0.0,0.0,0.0,0.0,0.0
21,65,6.462434917121398,9.720989870106791,1.0,0.0,1.0,0.0,1.0,0.0
22,65,11.645494682912428,5.824588308125821,1.0,1.0,0.0,0.0,0.0,1.0
23,65,7.0248472929942585,2.418956874536804,1.0,0.0,1.0,0.0,0.0,0.0
24,65,5.2101770656015285,12.0,0.0,1.0,0.0,1.0,0.0,1.0
25,65,10.093805938080386,2.3013204938072453,0.0,0.0,1.0,1.0,1.0,1.0
26,65,10.367620356476028,6.393282691935165,1.0,1.0,0.0,0.0,0.0,1.0
27,65,5.518487502596834,9.186299241014336,1.0,0.0,0.0,1.0,0.0,1.0
28,65,6.043585173290685,0.6152012725834091,0.0,1.0,0.0,0.0,1.0,1.0
29,65,8.72167881541667,7.290892644757356,0.0,1.0,1.0,0.0,0.0,0.0
30,65,6.117291577253692,12.0,0.0,1.0,0.0,0.0,0.0,0.0
31,65,3.836617216786744,5.1555260220766055,1.0,0.0,1.0,0.0,0.0,1.0
32,65,10.438035421330364,3.466240846768679,1.0,0.0,1.0,1.0,0.0,1.0
33,65,4.180702871264764,4.361382922108794,1.0,0.0,1.0,1.0,0.0,1.0
34,65,0.0,9.667220962543247,1.0,0.0,0.0,0.0,0.0,0.0
35,65,11.804885077557246,4.015092566202583,0.0,1.0,0.0,1.0,1.0,0.0
36,65,8.04248836675705,3.164019903028505,0.0,0.0,0.0,1.0,1.0,1.0
37,65,7.242704193868657,3.6602024236850377,1.0,1.0,0.0,1.0,0.0,0.0
38,65,8.555481291606618,11.826753377408924,0.0,1.0,1.0,1.0,0.0,1.0
39,65,8.792375427299913,4.751444401675969,0.0,0.0,0.0,0.0,0.0,0.0
0,70,4.226756736833027,6.656916728344825,0.0,1.0,0.0,1.0,1.0,0.0
1,70,11.683341821578354,5.869413651754731,1.0,0.0,0.0,0.0,1.0,0.0
2,70,8.980656616778294,0.0,0.0,0.0,0.0,0.0,0.0,1.0
3,70,9.640850475893131,6.666831606299744,0.0,0.0,0.0,1.0,1.0,1.0
4,70,7.429859264376867,6.137697238974041,0.0,0.0,1.0,0.0,0.0,0.0
5,70,1.0374761599473563,4.999494186226245,0.0,0.0,1.0,1.0,0.0,0.0
6,70,1.387009674132469,8.379171459491046,0.0,0.0,0.0,0.0,1.0,0.0
7,70,5.758224629504337,10.864109551902745,0.0,0.0,0.0,1.0,1.0,1.0
8,70,3.586950037613951,7.089602657854742,0.0,1.0,0.0,0.0,0.0,0.0
9,70,0.2019707557582492,1.8145438070925768,1.0,0.0,0.0,1.0,0.0,0.0
10,70,11.464760835694666,5.438519562349057,0.0,1.0,0.0,1.0,0.0,1.0
11,70,11.373746749964138,10.879476957658854,0.0,1.0,0.0,0.0,0.0,1.0
12,70,7.607849096130786,5.737536968449633,0.0,1.0,0.0,1.0,0.0,0.0
13,70,10.02331062453472,2.3692437343836623,1.0,0.0,1.0,1.0,0.0,0.0
14,70,9.760441043060322,8.29400964000104,0.0,1.0,1.0,0.0,1.0,0.0
15,70,5.41546488497026,2.927203557758775,1.0,0.0,0.0,0.0,0.0,0.0
16,70,0.443636511226227,0.0,1.0,0.0,1.0,0.0,1.0,1.0
17,70,10.138137355609125,10.588814810719027,0.0,1.0,1.0,0.0,1.0,1.0
18,70,11.15430118177985,10.590620215715662,1.0,1.0,1.0,1.0,0.0,0.0
19,70,0.0,3.8140079197139634,0.0,1.0,1.0,0.0,1.0,0.0
20,70,8.870390456472906,7.027042944038796,0.0,0.0,0.0,0.0,0.0,0.0
21,70,6.410943451507644,9.60765228138171,1.0,0.0,1.0,0.0,1.0,0.0
22,70,11.719241339622322,5.908525436671703,1.0,1.0,0.0,0.0,0.0,1.0
23,70,7.064021240967939,2.450087254886111,1.0,0.0,1.0,0.0,0.0,0.0
24,70,5.21031368132058,12.0,0.0,1.0,0.0,1.0,0.0,1.0
25,70,10.089690071212708,2.2897588060340968,0.0,0.0,1.0,1.0,1.0,1.0
26,70,10.38624226701382,6.482076755041457,1.0,1.0,0.0,0.0,0.0,1.0
27,70,5.561725299164542,9.11408054639356,1.0,0.0,0.0,1.0,0.0,1.0
28,70,6.123721953937427,0.6151535840183154,0.0,1.0,0.0,0.0,1.0,1.0
29,70,8.774669533320008,7.3107727813428705,0.0,1.0,1.0,0.0,0.0,0.0
30,70,6.119373899421207,12.0,0.0,1.0,0.0,0.0,0.0,0.0
31,70,3.8372075948938833,5.154944399126836,1.0,0.0,1.0,0.0,0.0,1.0
32,70,10.40808734056104,3.4509229358392783,1.0,0.0,1.0,1.0,0.0,1.0
33,70,4.289669153351756,4.306945196067437,1.0,0.0,1.0,1.0,0.0,1.0
34,70,0.0,9.629073809925236,1.0,0.0,0.0,0.0,0.0,0.0
35,70,11.780227430326455,4.007654224052096,0.0,1.0,0.0,1.0,1.0,0.0
36,70,8.046284857965356,3.1883780959485257,0.0,0.0,0.0,1.0,1.0,1.0
37,70,7.301407541933936,3.642085432786305,1.0,1.0,0.0,1.0,0.0,0.0
38,70,8.578758223321215,11.8630495322718,0.0,1.0,1.0,1.0,0.0,1.0
39,70,8.79225519657296,4.751295869658212,0.0,0.0,0.0,0.0,0.0,0.0
0,75,4.355562080393653,6.619361075194608,0.0,1.0,0.0,1.0,1.0,0.0
1,75,11.593671578085104,5.829160429903181,1.0,0.0,0.0,0.0,1.0,0.0
2,75,8.97975824588082,0.0,0.0,0.0,0.0,0.0,0.0,1.0
3,75,9.693014489340747,6.796272671688014,0.0,0.0,0.0,1.0,1.0,1.0
4,75,7.406243358938493,6.129489733013195,0.0,0.0,1.0,0.0,0.0,0.0
5,75,1.0741793554703796,4.988732201579883,0.0,0.0,1.0,1.0,0.0,0.0
6,75,1.3326167821460098,8.491658408944412,0.0,0.0,0.0,0.0,1.0,0.0
7,75,5.814989314997322,10.849973935717989,0.0,0.0,0.0,1.0,1.0,1.0
8,75,3.5482191054338204,7.095671031912037,0.0,1.0,0.0,0.0,0.0,0.0
9,75,0.1945728452587174,1.821076395358857,1.0,0.0,0.0,1.0,0.0,0.0
10,75,11.512841447656305,5.385340168263983,0.0,1.0,0.0,1.0,0.0,1.0
11,75,11.394073606546254,10.922400895319562,0.0,1.0,0.0,0.0,0.0,1.0
12,75,7.758572375793379,5.705820524563487,0.0,1.0,0.0,1.0,0.0,0.0
13,75,9.987851121913623,2.3135830995691733,1.0,0.0,1.0,1.0,0.0,0.0
14,75,9.757972110504456,8.288385593770503,0.0,1.0,1.0,0.0,1.0,0.0
15,75,5.378528090408075,2.922211487625967,1.0,0.0,0.0,0.0,0.0,0.0
16,75,0.4892992780006033,0.0,1.0,0.0,1.0,0.0,1.0,1.0
17,75,10.140434135196251,10.60014284936313,0.0,1.0,1.0,0.0,1.0,1.0
18,75,11.209630388837082,10.572490435061912,1.0,1.0,1.0,1.0,0.0,0.0
19,75,0.0,3.798138456456056,0.0,1.0,1.0,0.0,1.0,0.0
20,75,8.867506795525362,7.028068194966803,0.0,0.0,0.0,0.0,0.0,0.0
21,75,6.3571370047352085,9.488218213243922,1.0,0.0,1.0,0.0,1.0,0.0
22,75,11.796408285060192,5.999405424938203,1.0,1.0,0.0,0.0,0.0,1.0
23,75,7.104361212184989,2.480381203001328,1.0,0.0,1.0,0.0,0.0,0.0
24,75,5.206842348932503,11.9861704121796,0.0,1.0,0.0,1.0,0.0,1.0
25,75,10.084185711658703,2.274038801570218,0.0,0.0,1.0,1.0,1.0,1.0
26,75,10.408309205090848,6.580809283207086,1.0,1.0,0.0,0.0,0.0,1.0
27,75,5.608846848877197,9.036121985984297,1.0,0.0,0.0,1.0,0.0,1.0
28,75,6.189754226008679,0.6163273487651607,0.0,1.0,0.0,0.0,1.0,1.0
29,75,8.831042120264433,7.331857274044115,0.0,1.0,1.0,0.0,0.0,0.0
30,75,6.121731350796541,12.0,0.0,1.0,0.0,0.0,0.0,0.0
31,75,3.8496970432503206,5.142633530565556,1.0,0.0,1.0,0.0,0.0,1.0
32,75,10.37682378551448,3.435428379398328,1.0,0.0,1.0,1.0,0.0,1.0
33,75,4.388008765262657,4.257890395817207,1.0,0.0,1.0,1.0,0.0,1.0
34,75,0.0,9.587737384314895,1.0,0.0,0.0,0.0,0.0,0.0
35,75,11.739288085123173,3.994679525233464,0.0,1.0,0.0,1.0,1.0,0.0
36,75,8.047587043382215,3.197426243655035,0.0,0.0,0.0,1.0,1.0,1.0
37,75,7.366099258600124,3.621705065748393,1.0,1.0,0.0,1.0,0.0,0.0
38,75,8.599086568787849,11.894114780472911,0.0,1.0,1.0,1.0,0.0,1.0
39,75,8.800090950029228,4.760860238545038,0.0,0.0,0.0,0.0,0.0,0.0
0,80,4.477066757762607,6.58439949827639,0.0,1.0,0.0,1.0,1.0,0.0
1,80,11.50298056152618,5.787746212257743,1.0,0.0,0.0,0.0,1.0,0.0
2,80,8.979400083316339,0.0,0.0,0.0,0.0,0.0,0.0,1.0
3,80,9.750703410522211,6.940007213162358,0.0,0.0,0.0,1.0,1.0,1.0
4,80,7.378171161908571,6.11968533594113,0.0,0.0,1.0,0.0,0.0,0.0
5,80,1.0941605645466992,4.98248974360411,0.0,0.0,1.0,1.0,0.0,0.0
6,80,1.275935730972748,8.608526632115277,0.0,0.0,0.0,0.0,1.0,0.0
7,80,5.868801098976849,10.836968445779195,0.0,0.0,0.0,1.0,1.0,1.0
8,80,3.528684179312715,7.098960152880689,0.0,1.0,0.0,0.0,0.0,0.0
9,80,0.1943961462368865,1.821226244526983,1.0,0.0,0.0,1.0,0.0,0.0
10,80,11.569624092008628,5.324878885425261,0.0,1.0,0.0,1.0,0.0,1.0
11,80,11.412336175972118,10.959288936630731,0.0,1.0,0.0,0.0,0.0,1.0
12,80,7.901872386921322,5.678221596919421,0.0,1.0,0.0,1.0,0.0,0.0
13,80,9.942124641377308,2.241512920861686,1.0,0.0,1.0,1.0,0.0,0.0
14,80,9.753609330078875,8.278672692754336,0.0,1.0,1.0,0.0,1.0,0.0
15,80,5.343941320314787,2.916824121490863,1.0,0.0,0.0,0.0,0.0,0.0
16,80,0.5401620104600657,0.0,1.0,0.0,1.0,0.0,1.0,1.0
17,80,10.141485713610743,10.605584557244743,0.0,1.0,1.0,0.0,1.0,1.0
18,80,11.2784642812358,10.55058461836412,1.0,1.0,1.0,1.0,0.0,0.0
19,80,0.0,3.784538302748606,0.0,1.0,1.0,0.0,1.0,0.0
20,80,8.869755323656163,7.027214325474403,0.0,0.0,0.0,0.0,0.0,0.0
21,80,6.31269023198821,9.391727101910188,1.0,0.0,1.0,0.0,1.0,0.0
22,80,11.866570053125283,6.083729949496743,1.0,1.0,0.0,0.0,0.0,1.0
23,80,7.142544286014525,2.508352004860806,1.0,0.0,1.0,0.0,0.0,0.0
24,80,5.202342201965833,11.969955687313403,0.0,1.0,0.0,1.0,0.0,1.0
25,80,10.069322633495116,2.2316118545463013,0.0,0.0,1.0,1.0,1.0,1.0
26,80,10.435333283526395,6.6951797302954,1.0,1.0,0.0,0.0,0.0,1.0
27,80,5.65510858229068,8.961970702006823,1.0,0.0,0.0,1.0,0.0,1.0
28,80,6.254844190563969,0.6161454828129161,0.0,1.0,0.0,0.0,1.0,1.0
29,80,8.893069058661405,7.355958752734243,0.0,1.0,1.0,0.0,0.0,0.0
30,80,6.123608177285809,12.0,0.0,1.0,0.0,0.0,0.0,0.0
31,80,3.877695306427622,5.115608774137661,1.0,0.0,1.0,0.0,0.0,1.0
32,80,10.337466587653578,3.417246325652668,1.0,0.0,1.0,1.0,0.0,1.0
33,80,4.476778397974187,4.211878020232221,1.0,0.0,1.0,1.0,0.0,1.0
34,80,0.0,9.554028204082094,1.0,0.0,0.0,0.0,0.0,0.0
35,80,11.712977470274788,3.985414693549029,0.0,1.0,0.0,1.0,1.0,0.0
36,80,8.048504618273743,3.20391335011177,0.0,0.0,0.0,1.0,1.0,1.0
37,80,7.439109691344978,3.600065562301609,1.0,1.0,0.0,1.0,0.0,0.0
38,80,8.616200452073407,11.9195446272906,0.0,1.0,1.0,1.0,0.0,1.0
39,80,8.802241936715484,4.763487104302103,0.0,0.0,0.0,0.0,0.0,0.0
0,85,4.599651177058056,6.546607886636251,0.0,1.0,0.0,1.0,1.0,0.0
1,85,11.405454594713856,5.742079252020914,1.0,0.0,0.0,0.0,1.0,0.0
2,85,8.979277460525038,0.0,0.0,0.0,0.0,0.0,0.0,1.0
3,85,9.811438888058316,7.086729170998244,0.0,0.0,0.0,1.0,1.0,1.0
4,85,7.353054336310596,6.110839444825481,0.0,0.0,1.0,0.0,0.0,0.0
5,85,1.0930870031678528,4.982847054788152,0.0,0.0,1.0,1.0,0.0,0.0
6,85,1.2232564391635534,8.727657888111835,0.0,0.0,0.0,0.0,1.0,0.0
7,85,5.920084509662657,10.825216956630982,0.0,0.0,0.0,1.0,1.0,1.0
8,85,3.5095164492621143,7.102215298659592,0.0,1.0,0.0,0.0,0.0,0.0
9,85,0.1950835369505711,1.820634997021846,1.0,0.0,0.0,1.0,0.0,0.0
10,85,11.639111673465685,5.249522548106176,0.0,1.0,0.0,1.0,0.0,1.0
11,85,11.367309586367035,10.981635447395108,0.0,1.0,0.0,0.0,0.0,1.0
12,85,8.046137083671661,5.650714005352309,0.0,1.0,0.0,1.0,0.0,0.0
13,85,9.887261976684632,2.1592275781299395,1.0,0.0,1.0,1.0,0.0,0.0
14,85,9.752895500670592,8.277092030730769,0.0,1.0,1.0,0.0,1.0,0.0
15,85,5.322258667903866,2.9129340121366525,1.0,0.0,0.0,0.0,0.0,0.0
16,85,0.602537207651132,0.0,1.0,0.0,1.0,0.0,1.0,1.0
17,85,10.143210107167969,10.61395219193314,0.0,1.0,1.0,0.0,1.0,1.0
18,85,11.337820292801188,10.53134668428403,1.0,1.0,1.0,1.0,0.0,0.0
19,85,0.0,3.767319626921844,0.0,1.0,1.0,0.0,1.0,0.0
20,85,8.86134636851109,7.030393618477254,0.0,0.0,0.0,0.0,0.0,0.0
21,85,6.263418446897136,9.284788141115431,1.0,0.0,1.0,0.0,1.0,0.0
22,85,11.93806892507499,6.1709661515757865,1.0,1.0,0.0,0.0,0.0,1.0
23,85,7.165370544812077,2.52475312556888,1.0,0.0,1.0,0.0,0.0,0.0
24,85,5.196703920266724,11.949908449273078,0.0,1.0,0.0,1.0,0.0,1.0
25,85,10.054263736615042,2.1894192985172074,0.0,0.0,1.0,1.0,1.0,1.0
26,85,10.465530362407042,6.829555241946759,1.0,1.0,0.0,0.0,0.0,1.0
27,85,5.697641885133284,8.896731407002372,1.0,0.0,0.0,1.0,0.0,1.0
28,85,6.308451829681668,0.6168472822119668,0.0,1.0,0.0,0.0,1.0,1.0
29,85,8.945019693471476,7.376362701028258,0.0,1.0,1.0,0.0,0.0,0.0
30,85,6.1246388759360455,12.0,0.0,1.0,0.0,0.0,0.0,0.0
31,85,3.8864221826326353,5.107246774970285,1.0,0.0,1.0,0.0,0.0,1.0
32,85,10.295402541682783,3.3973006458289543,1.0,0.0,1.0,1.0,0.0,1.0
33,85,4.586141668412202,4.155535315094449,1.0,0.0,1.0,1.0,0.0,1.0
34,85,0.0,9.521182830089671,1.0,0.0,0.0,0.0,0.0,0.0
35,85,11.703257759196692,3.981882426004208,0.0,1.0,0.0,1.0,1.0,0.0
36,85,8.050800559429385,3.218159478358174,0.0,0.0,0.0,1.0,1.0,1.0
37,85,7.516790845761863,3.575722822172436,1.0,1.0,0.0,1.0,0.0,0.0
38,85,8.634375827678976,11.946083077805028,0.0,1.0,1.0,1.0,0.0,1.0
39,85,8.805881961495489,4.767925157707937,0.0,0.0,0.0,0.0,0.0,0.0
0,90,4.699704600953433,6.514748995970762,0.0,1.0,0.0,1.0,1.0,0.0
1,90,11.312869549455671,5.699899357518868,1.0,0.0,0.0,0.0,1.0,0.0
2,90,8.978985361480909,0.0,0.0,0.0,0.0,0.0,0.0,1.0
3,90,9.870339301370182,7.220385320054153,0.0,0.0,0.0,1.0,1.0,1.0
4,90,7.344895590886445,6.133107395774196,0.0,0.0,1.0,0.0,0.0,0.0
5,90,1.076912710268671,4.987984224515459,0.0,0.0,1.0,1.0,0.0,0.0
6,90,1.1709120368255586,8.844335289281359,0.0,0.0,0.0,0.0,1.0,0.0
7,90,5.950565123877981,10.817742514769895,0.0,0.0,0.0,1.0,1.0,1.0
8,90,3.496037786894519,7.104590772838325,0.0,1.0,0.0,0.0,0.0,0.0
9,90,0.2129643115020083,1.8054694984247688,1.0,0.0,0.0,1.0,0.0,0.0
10,90,11.7259395872867,5.153134171551721,0.0,1.0,0.0,1.0,0.0,1.0
11,90,11.326378131917634,10.999822982794685,0.0,1.0,0.0,0.0,0.0,1.0
12,90,8.218387792635,5.616370575052281,0.0,1.0,0.0,1.0,0.0,0.0
13,90,9.832571865041803,2.0816286060709843,1.0,0.0,1.0,1.0,0.0,0.0
14,90,9.745510478681792,8.260799805861845,0.0,1.0,1.0,0.0,1.0,0.0
15,90,5.288518630537028,2.906838012570391,1.0,0.0,0.0,0.0,0.0,0.0
16,90,0.6681998186896816,0.0,1.0,0.0,1.0,0.0,1.0,1.0
17,90,10.145011552538929,10.623156527418384,0.0,1.0,1.0,0.0,1.0,1.0
18,90,11.412491978031344,10.50927999539682,1.0,1.0,1.0,1.0,0.0,0.0
19,90,0.0,3.749615536627744,0.0,1.0,1.0,0.0,1.0,0.0
20,90,8.828993390127314,7.042228863174299,0.0,0.0,0.0,0.0,0.0,0.0
21,90,6.217502294343012,9.184380326824307,1.0,0.0,1.0,0.0,1.0,0.0
22,90,12.0,6.263570225571396,1.0,1.0,0.0,0.0,0.0,1.0
23,90,7.1997069094894295,2.5491817399306176,1.0,0.0,1.0,0.0,0.0,0.0
24,90,5.197477238170664,11.952830114832429,0.0,1.0,0.0,1.0,0.0,1.0
25,90,10.043045807537789,2.156369776821551,0.0,0.0,1.0,1.0,1.0,1.0
26,90,10.495464769797156,6.952146416130964,1.0,1.0,0.0,0.0,0.0,1.0
27,90,5.7456705461824,8.821291495252863,1.0,0.0,0.0,1.0,0.0,1.0
28,90,6.391040829865151,0.6168044385145439,0.0,1.0,0.0,0.0,1.0,1.0
29,90,8.997928055810501,7.397872455549807,0.0,1.0,1.0,0.0,0.0,0.0
30,90,6.12584103034762,12.0,0.0,1.0,0.0,0.0,0.0,0.0
31,90,3.897942654403933,5.09628550144175,1.0,0.0,1.0,0.0,0.0,1.0
32,90,10.270903019169856,3.385802192357869,1.0,0.0,1.0,1.0,0.0,1.0
33,90,4.704475485238738,4.099871460766377,1.0,0.0,1.0,1.0,0.0,1.0
34,90,0.0,9.490270817976567,1.0,0.0,0.0,0.0,0.0,0.0
35,90,11.687915238571106,3.9763406885010446,0.0,1.0,0.0,1.0,1.0,0.0
36,90,8.055994014992736,3.249394611588478,0.0,0.0,0.0,1.0,1.0,1.0
37,90,7.595962072768099,3.5506261911594184,1.0,1.0,0.0,1.0,0.0,0.0
38,90,8.661730925517077,11.987484538485525,0.0,1.0,1.0,1.0,0.0,1.0
39,90,8.808354423502593,4.770924800066935,0.0,0.0,0.0,0.0,0.0,0.0
0,95,4.809546519195137,6.479264548614072,0.0,1.0,0.0,1.0,1.0,0.0
1,95,11.21977528542933,5.656446419823396,1.0,0.0,0.0,0.0,1.0,0.0
2,95,8.978638984272521,0.0,0.0,0.0,0.0,0.0,0.0,1.0
3,95,9.932691250416749,7.354464041567012,0.0,0.0,0.0,1.0,1.0,1.0
4,95,7.336372292897352,6.154972989175353,0.0,0.0,1.0,0.0,0.0,0.0
5,95,1.0454616552270133,4.997926812902565,0.0,0.0,1.0,1.0,0.0,0.0
6,95,1.1090423315929705,8.97378046430603,0.0,0.0,0.0,0.0,1.0,0.0
7,95,5.982938939296263,10.81009470547012,0.0,0.0,0.0,1.0,1.0,1.0
8,95,3.488873603324248,7.106060393935843,0.0,1.0,0.0,0.0,0.0,0.0
9,95,0.2157798582095917,1.803137241164575,1.0,0.0,0.0,1.0,0.0,0.0
10,95,11.80905732416675,5.059832389074231,0.0,1.0,0.0,1.0,0.0,1.0
11,95,11.295955439270612,11.013337893001582,0.0,1.0,0.0,0.0,0.0,1.0
12,95,8.366909638880276,5.5945230863478415,0.0,1.0,0.0,1.0,0.0,0.0
13,95,9.772130331820344,1.9959956575029607,1.0,0.0,1.0,1.0,0.0,0.0
14,95,9.733321151089864,8.233683859504685,0.0,1.0,1.0,0.0,1.0,0.0
15,95,5.253984562415515,2.899566142262366,1.0,0.0,0.0,0.0,0.0,0.0
16,95,0.7361831619660524,0.0,1.0,0.0,1.0,0.0,1.0,1.0
17,95,10.142188119464752,10.608635688568176,0.0,1.0,1.0,0.0,1.0,1.0
18,95,11.506613374153266,10.481687187620436,1.0,1.0,1.0,1.0,0.0,0.0
19,95,0.0,3.731400970932132,0.0,1.0,1.0,0.0,1.0,0.0
20,95,8.803231062719972,7.051657383100454,0.0,0.0,0.0,0.0,0.0,0.0
21,95,6.179061649568362,9.098174142456658,1.0,0.0,1.0,0.0,1.0,0.0
22,95,12.0,6.343137706153835,1.0,1.0,0.0,0.0,0.0,1.0
23,95,7.224071580538752,2.566983796412549,1.0,0.0,1.0,0.0,0.0,0.0
24,95,5.200501983693909,11.9653022448106,0.0,1.0,0.0,1.0,0.0,1.0
25,95,10.033811327688994,2.128961255602454,0.0,0.0,1.0,1.0,1.0,1.0
26,95,10.52736426195932,7.073160918011072,1.0,1.0,0.0,0.0,0.0,1.0
27,95,5.791475182556099,8.746020774085641,1.0,0.0,0.0,1.0,0.0,1.0
28,95,6.444536247031759,0.6181441689431715,0.0,1.0,0.0,0.0,1.0,1.0
29,95,9.051507064402172,7.418779217340208,0.0,1.0,1.0,0.0,0.0,0.0
30,95,6.128775691180276,12.0,0.0,1.0,0.0,0.0,0.0,0.0
31,95,3.898620798612078,5.095636205869812,1.0,0.0,1.0,0.0,0.0,1.0
32,95,10.24826908623931,3.3752476243631357,1.0,0.0,1.0,1.0,0.0,1.0
33,95,4.83237509248502,4.035641861193766,1.0,0.0,1.0,1.0,0.0,1.0
34,95,0.0,9.461348173487542,1.0,0.0,0.0,0.0,0.0,0.0
35,95,11.663820762993405,3.96740257596302,0.0,1.0,0.0,1.0,1.0,0.0
36,95,8.063777405718433,3.289960435542815,0.0,0.0,0.0,1.0,1.0,1.0
37,95,7.664154566140873,3.5278308633786186,1.0,1.0,0.0,1.0,0.0,0.0
38,95,8.687741939631973,12.0,0.0,1.0,1.0,1.0,0.0,1.0
39,95,8.809373087282582,4.772189293695205,0.0,0.0,0.0,0.0,0.0,0.0
0,100,4.915059601838127,6.441183218216541,0.0,1.0,0.0,1.0,1.0,0.0
1,100,11.104911589954606,5.601328481165002,1.0,0.0,0.0,0.0,1.0,0.0
2,100,8.978541747913441,0.0,0.0,0.0,0.0,0.0,0.0,1.0
3,100,9.990923898774223,7.47992350894281,0.0,0.0,0.0,1.0,1.0,1.0
4,100,7.328624864947943,6.173155999149342,0.0,0.0,1.0,0.0,0.0,0.0
5,100,0.995634109328757,5.012899331285758,0.0,0.0,1.0,1.0,0.0,0.0
6,100,1.0506954304166478,9.092227136784825,0.0,0.0,0.0,0.0,1.0,0.0
7,100,6.0142156158214375,10.803051652862528,0.0,0.0,0.0,1.0,1.0,1.0
8,100,3.494870125904205,7.104908024271905,0.0,1.0,0.0,0.0,0.0,0.0
9,100,0.2278132302477672,1.7936400317552772,1.0,0.0,0.0,1.0,0.0,0.0
10,100,11.908278330048116,4.948074735472408,0.0,1.0,0.0,1.0,0.0,1.0
11,100,11.271201941435994,11.024539566285204,0.0,1.0,0.0,0.0,0.0,1.0
12,100,8.525654499626091,5.576310761205894,0.0,1.0,0.0,1.0,0.0,0.0
13,100,9.70692956777132,1.9067588038143568,1.0,0.0,1.0,1.0,0.0,0.0
14,100,9.72628964873692,8.218724541350554,0.0,1.0,1.0,0.0,1.0,0.0
15,100,5.213106151724268,2.890952347220628,1.0,0.0,0.0,0.0,0.0,0.0
16,100,0.8024797457922114,0.0,1.0,0.0,1.0,0.0,1.0,1.0
17,100,10.141007840898231,10.60283266894402,0.0,1.0,1.0,0.0,1.0,1.0
18,100,11.542847527637978,10.59398814635177,1.0,1.0,1.0,1.0,0.0,0.0
19,100,0.0,3.7249749598023727,0.0,1.0,1.0,0.0,1.0,0.0
20,100,8.7854264934703,7.058466189423453,0.0,0.0,0.0,0.0,0.0,0.0
21,100,6.136354684675176,9.001614774252028,1.0,0.0,1.0,0.0,1.0,0.0
22,100,12.0,6.418713445775658,1.0,1.0,0.0,0.0,0.0,1.0
23,100,7.268067584739762,2.5987821081212683,1.0,0.0,1.0,0.0,0.0,0.0
24,100,5.202847836518349,11.974365437985345,0.0,1.0,0.0,1.0,0.0,1.0
25,100,10.02238222762645,2.093012242258033,0.0,0.0,1.0,1.0,1.0,1.0
26,100,10.563782192046178,7.196715968131705,1.0,1.0,0.0,0.0,0.0,1.0
27,100,5.830946736664487,8.682312859749258,1.0,0.0,0.0,1.0,0.0,1.0
28,100,6.490865378719821,0.6181800767348988,0.0,1.0,0.0,0.0,1.0,1.0
29,100,9.11863719451607,7.443133201683716,0.0,1.0,1.0,0.0,0.0,0.0
30,100,6.1300985682444455,12.0,0.0,1.0,0.0,0.0,0.0,0.0
31,100,3.9239244783377822,5.07204866954879,1.0,0.0,1.0,0.0,0.0,1.0
32,100,10.213113881229782,3.3594776413557934,1.0,0.0,1.0,1.0,0.0,1.0
33,100,4.951239216447984,3.972491875104405,1.0,0.0,1.0,1.0,0.0,1.0
34,100,0.0,9.434175390065985,1.0,0.0,0.0,0.0,0.0,0.0
35,100,11.633638511995898,3.957183733202786,0.0,1.0,0.0,1.0,1.0,0.0
36,100,8.073523672524352,3.3450902836106904,0.0,0.0,0.0,1.0,1.0,1.0
37,100,7.681263031170572,3.5738967240742783,1.0,1.0,0.0,1.0,0.0,0.0
38,100,8.714746815495985,12.0,0.0,1.0,1.0,1.0,0.0,1.0
39,100,8.82315216039322,4.78860736373995,0.0,0.0,0.0,0.0,0.0,0.0
0,105,5.025660843964057,6.400975871260991,0.0,1.0,0.0,1.0,1.0,0.0
1,105,10.971724054760212,5.536772149122005,1.0,0.0,0.0,0.0,1.0,0.0
2,105,8.978510407438293,0.0,0.0,0.0,0.0,0.0,0.0,1.0
3,105,10.050096816030337,7.614621172127874,0.0,0.0,0.0,1.0,1.0,1.0
4,105,7.317066394801231,6.199430921669145,0.0,0.0,1.0,0.0,0.0,0.0
5,105,0.9321751499602952,5.032180430223054,0.0,0.0,1.0,1.0,0.0,0.0
6,105,0.9909046011979972,9.212950825457272,0.0,0.0,0.0,0.0,1.0,0.0
7,105,6.033716092222022,10.798434696343204,0.0,0.0,0.0,1.0,1.0,1.0
8,105,3.4975418528058784,7.104415683619174,0.0,1.0,0.0,0.0,0.0,0.0
9,105,0.2307855017397177,1.7913010521441255,1.0,0.0,0.0,1.0,0.0,0.0
10,105,11.9950900549369,4.854260121707352,0.0,1.0,0.0,1.0,0.0,1.0
11,105,11.215280706760048,11.049919886578175,0.0,1.0,0.0,0.0,0.0,1.0
12,105,8.646920920561861,5.56005453859676,0.0,1.0,0.0,1.0,0.0,0.0
13,105,9.653999706130117,1.827859244062385,1.0,0.0,1.0,1.0,0.0,0.0
14,105,9.711211294900089,8.186587691934958,0.0,1.0,1.0,0.0,1.0,0.0
15,105,5.159946226119303,2.880230739264861,1.0,0.0,0.0,0.0,0.0,0.0
16,105,0.865768707150884,0.0,1.0,0.0,1.0,0.0,1.0,1.0
17,105,10.138206050264412,10.587855102206108,0.0,1.0,1.0,0.0,1.0,1.0
18,105,11.58350196479934,10.719117071229483,1.0,1.0,1.0,1.0,0.0,0.0
19,105,0.0,3.724686626970583,0.0,1.0,1.0,0.0,1.0,0.0
20,105,8.771752550250765,7.063743387666871,0.0,0.0,0.0,0.0,0.0,0.0
21,105,6.100087585954918,8.9161631602149,1.0,0.0,1.0,0.0,1.0,0.0
22,105,12.0,6.493724135608838,1.0,1.0,0.0,0.0,0.0,1.0
23,105,7.30696573539821,2.627525102781518,1.0,0.0,1.0,0.0,0.0,0.0
24,105,5.2017685828189295,11.970461184678802,0.0,1.0,0.0,1.0,0.0,1.0
25,105,9.998698545545778,2.018584728651569,0.0,0.0,1.0,1.0,1.0,1.0
26,105,10.602301206550685,7.325794199790068,1.0,1.0,0.0,0.0,0.0,1.0
27,105,5.875231646704157,8.610074236818212,1.0,0.0,0.0,1.0,0.0,1.0
28,105,6.538109913563174,0.6187521532264886,0.0,1.0,0.0,0.0,1.0,1.0
29,105,9.176408420318388,7.461383832039877,0.0,1.0,1.0,0.0,0.0,0.0
30,105,6.131393136194999,12.0,0.0,1.0,0.0,0.0,0.0,0.0
31,105,3.960897453355166,5.036904921748877,1.0,0.0,1.0,0.0,0.0,1.0
32,105,10.173578573285244,3.3415073312587564,1.0,0.0,1.0,1.0,0.0,1.0
33,105,5.071605500682198,3.903224427057682,1.0,0.0,1.0,1.0,0.0,1.0
34,105,0.0,9.407334561551233,1.0,0.0,0.0,0.0,0.0,0.0
35,105,11.598438870517082,3.944704820318941,0.0,1.0,0.0,1.0,1.0,0.0
36,105,8.084789194232092,3.414154856673879,0.0,0.0,0.0,1.0,1.0,1.0
37,105,7.701482868340975,3.6235424466585706,1.0,1.0,0.0,1.0,0.0,0.0
38,105,8.72616228706411,12.0,0.0,1.0,1.0,1.0,0.0,1.0
39,105,8.837241459374447,4.804602543368167,0.0,0.0,0.0,0.0,0.0,0.0
0,110,5.130856912748658,6.359891192235382,0.0,1.0,0.0,1.0,1.0,0.0
1,110,10.834448685089296,5.475190171958878,1.0,0.0,0.0,0.0,1.0,0.0
2,110,8.97832046632114,0.0,0.0,0.0,0.0,0.0,0.0,1.0
3,110,10.10271844727237,7.73437486322667,0.0,0.0,0.0,1.0,1.0,1.0
4,110,7.311970871403658,6.209972750743817,0.0,0.0,1.0,0.0,0.0,0.0
5,110,0.8871318122328254,5.046197412921025,0.0,0.0,1.0,1.0,0.0,0.0
6,110,0.9387490058401716,9.316028427277928,0.0,0.0,0.0,0.0,1.0,0.0
7,110,6.038354833548884,10.797380200271094,0.0,0.0,0.0,1.0,1.0,1.0
8,110,3.4924844519593528,7.105323642802799,0.0,1.0,0.0,0.0,0.0,0.0
9,110,0.2302508158764608,1.791715278885354,1.0,0.0,0.0,1.0,0.0,0.0
10,110,12.0,4.761093889287869,0.0,1.0,0.0,1.0,0.0,1.0
11,110,11.155300078530663,11.0755899182341,0.0,1.0,0.0,0.0,0.0,1.0
12,110,8.75404899030949,5.54762817781175,0.0,1.0,0.0,1.0,0.0,0.0
13,110,9.59563601154434,1.7454300902825026,1.0,0.0,1.0,1.0,0.0,0.0
14,110,9.698778254763194,8.156387751089142,0.0,1.0,1.0,0.0,1.0,0.0
15,110,5.108916312218198,2.8695532803642654,1.0,0.0,0.0,0.0,0.0,0.0
16,110,0.9258115062076138,0.0,1.0,0.0,1.0,0.0,1.0,1.0
17,110,10.135035472199082,10.571950404807705,0.0,1.0,1.0,0.0,1.0,1.0
18,110,11.6198906199129,10.841453285992069,1.0,1.0,1.0,1.0,0.0,0.0
19,110,0.0139402346573458,3.735801115047209,0.0,1.0,1.0,0.0,1.0,0.0
20,110,8.753652444347367,7.07010856290453,0.0,0.0,0.0,0.0,0.0,0.0
21,110,6.063128247854755,8.830866085054277,1.0,0.0,1.0,0.0,1.0,0.0
22,110,12.0,6.561080821428181,1.0,1.0,0.0,0.0,0.0,1.0
23,110,7.35808247547605,2.663758136836045,1.0,0.0,1.0,0.0,0.0,0.0
24,110,5.202685528921702,11.973813526080058,0.0,1.0,0.0,1.0,0.0,1.0
25,110,9.973906560637374,1.9360714884689187,0.0,0.0,1.0,1.0,1.0,1.0
26,110,10.734830461247942,7.284848794077938,1.0,1.0,0.0,0.0,0.0,1.0
27,110,5.911349466709087,8.545612722569688,1.0,0.0,0.0,1.0,0.0,1.0
28,110,6.591876239596789,0.61859848823825,0.0,1.0,0.0,0.0,1.0,1.0
29,110,9.233317983124744,7.480473083172459,0.0,1.0,1.0,0.0,0.0,0.0
30,110,6.132503708374723,12.0,0.0,1.0,0.0,0.0,0.0,0.0
31,110,3.990788153538556,5.008800436819659,1.0,0.0,1.0,0.0,0.0,1.0
32,110,10.128095431223784,3.3211172829655267,1.0,0.0,1.0,1.0,0.0,1.0
33,110,5.183302258240048,3.8425651747549487,1.0,0.0,1.0,1.0,0.0,1.0
34,110,0.0,9.374466387468145,1.0,0.0,0.0,0.0,0.0,0.0
35,110,11.571419603221663,3.93480786131751,0.0,1.0,0.0,1.0,1.0,0.0
36,110,8.09863159176429,3.4906812474383853,0.0,0.0,0.0,1.0,1.0,1.0
37,110,7.718461811556605,3.666426127753253,1.0,1.0,0.0,1.0,0.0,0.0
38,110,8.737938856928697,12.0,0.0,1.0,1.0,1.0,0.0,1.0
39,110,8.842008107371795,4.809856373065372,0.0,0.0,0.0,0.0,0.0,0.0
0,115,5.255908035800411,6.313984030061865,0.0,1.0,0.0,1.0,1.0,0.0
1,115,10.68538807653476,5.406099752575765,1.0,0.0,0.0,0.0,1.0,0.0
2,115,8.978415376648481,0.0018869567780786,0.0,0.0,0.0,0.0,0.0,1.0
3,115,10.157974143346893,7.864907323632502,0.0,0.0,0.0,1.0,1.0,1.0
4,115,7.310190273581729,6.214102820197834,0.0,0.0,1.0,0.0,0.0,0.0
5,115,0.8622125187691477,5.05498106515561,0.0,0.0,1.0,1.0,0.0,0.0
6,115,0.8876744173903169,9.420199929283488,0.0,0.0,0.0,0.0,1.0,0.0
7,115,6.040293119968992,10.79687943904587,0.0,0.0,0.0,1.0,1.0,1.0
8,115,3.4881566834086533,7.106127999068105,0.0,1.0,0.0,0.0,0.0,0.0
9,115,0.2449202016201798,1.7800402613669817,1.0,0.0,0.0,1.0,0.0,0.0
10,115,12.0,4.661198879944728,0.0,1.0,0.0,1.0,0.0,1.0
11,115,11.102989465297544,11.096668312950312,0.0,1.0,0.0,0.0,0.0,1.0
12,115,8.85188883915091,5.535353416213085,0.0,1.0,0.0,1.0,0.0,0.0
13,115,9.545096073167748,1.672096015294449,1.0,0.0,1.0,1.0,0.0,0.0
14,115,9.68385325367238,8.11980178564276,0.0,1.0,1.0,0.0,1.0,0.0
15,115,5.07574724946605,2.863815679539003,1.0,0.0,0.0,0.0,0.0,0.0
16,115,0.98326670347361,0.0,1.0,0.0,1.0,0.0,1.0,1.0
17,115,10.131925900700432,10.557856137396818,0.0,1.0,1.0,0.0,1.0,1.0
18,115,11.653326674267234,10.949105233764564,1.0,1.0,1.0,1.0,0.0,0.0
19,115,0.0489665136869983,3.761487373946448,0.0,1.0,1.0,0.0,1.0,0.0
20,115,8.742612351885679,7.073837609878894,0.0,0.0,0.0,0.0,0.0,0.0
21,115,6.022458752235403,8.735758311733331,1.0,0.0,1.0,0.0,1.0,0.0
22,115,12.0,6.633739025231599,1.0,1.0,0.0,0.0,0.0,1.0
23,115,7.414878870312905,2.704624802494311,1.0,0.0,1.0,0.0,0.0,0.0
24,115,5.194801025151069,11.945118236267485,0.0,1.0,0.0,1.0,0.0,1.0
25,115,9.94533654393457,1.849018445670613,0.0,0.0,1.0,1.0,1.0,1.0
26,115,10.865390549029469,7.242201207523617,1.0,1.0,0.0,0.0,0.0,1.0
27,115,5.945638272318448,8.48110617425906,1.0,0.0,0.0,1.0,0.0,1.0
28,115,6.649606751664372,0.6194494145623833,0.0,1.0,0.0,0.0,1.0,1.0
29,115,9.28049326531796,7.497210102010253,0.0,1.0,1.0,0.0,0.0,0.0
30,115,6.134145740050263,12.0,0.0,1.0,0.0,0.0,0.0,0.0
31,115,4.016599949878577,4.985224164654406,1.0,0.0,1.0,0.0,0.0,1.0
32,115,10.07215555943008,3.29434963820394,1.0,0.0,1.0,1.0,0.0,1.0
33,115,5.314409367630167,3.773532156272756,1.0,0.0,1.0,1.0,0.0,1.0
34,115,0.0,9.335680477346113,1.0,0.0,0.0,0.0,0.0,0.0
35,115,11.527265962947842,3.917644191922793,0.0,1.0,0.0,1.0,1.0,0.0
36,115,8.112993861909462,3.5676439164998666,0.0,0.0,0.0,1.0,1.0,1.0
37,115,7.7359968204231215,3.7088025410880343,1.0,1.0,0.0,1.0,0.0,0.0
38,115,8.73677196356743,11.99837223945814,0.0,1.0,1.0,1.0,0.0,1.0
39,115,8.844078282170415,4.8122583194590325,0.0,0.0,0.0,0.0,0.0,0.0
0,120,5.380425615742369,6.266156085999149,0.0,1.0,0.0,1.0,1.0,0.0
1,120,10.543715518046788,5.346650263394221,1.0,0.0,0.0,0.0,1.0,0.0
2,120,8.977492384698268,0.0,0.0,0.0,0.0,0.0,0.0,1.0
3,120,10.212708296031398,7.991900511738814,0.0,0.0,0.0,1.0,1.0,1.0
4,120,7.3142526752032335,6.205057585009618,0.0,0.0,1.0,0.0,0.0,0.0
5,120,0.8351888988092822,5.065101553172459,0.0,0.0,1.0,1.0,0.0,0.0
6,120,0.8351618380830845,9.53283279013156,0.0,0.0,0.0,0.0,1.0,0.0
7,120,6.044092386792554,10.79585638961176,0.0,0.0,0.0,1.0,1.0,1.0
8,120,3.478555220099709,7.107608022022173,0.0,1.0,0.0,0.0,0.0,0.0
9,120,0.2692726819275372,1.7602077866642258,1.0,0.0,0.0,1.0,0.0,0.0
10,120,12.0,4.554312043571397,0.0,1.0,0.0,1.0,0.0,1.0
11,120,11.035979323190952,11.127288168280892,0.0,1.0,0.0,0.0,0.0,1.0
12,120,8.968891764069618,5.521820345886925,0.0,1.0,0.0,1.0,0.0,0.0
13,120,9.502954773084324,1.6064115375177357,1.0,0.0,1.0,1.0,0.0,0.0
14,120,9.658032738446924,8.057532806742298,0.0,1.0,1.0,0.0,1.0,0.0
15,120,5.047774958349857,2.859348949677565,1.0,0.0,0.0,0.0,0.0,0.0
16,120,1.0403236810633778,0.0,1.0,0.0,1.0,0.0,1.0,1.0
17,120,10.127644782622845,10.538873638591287,0.0,1.0,1.0,0.0,1.0,1.0
18,120,11.69187696774112,11.071282825466993,1.0,1.0,1.0,1.0,0.0,0.0
19,120,0.0991640320551573,3.8001720325832857,0.0,1.0,1.0,0.0,1.0,0.0
20,120,8.731783315610063,7.077419741687181,0.0,0.0,0.0,0.0,0.0,0.0
21,120,5.980983384124718,8.638203898266099,1.0,0.0,1.0,0.0,1.0,0.0
22,120,12.0,6.702494161901994,1.0,1.0,0.0,0.0,0.0,1.0
23,120,7.460308468896063,2.737310580893502,1.0,0.0,1.0,0.0,0.0,0.0
24,120,5.190046663488423,11.928203221696222,0.0,1.0,0.0,1.0,0.0,1.0
25,120,9.919537975246945,1.7652109762466952,0.0,0.0,1.0,1.0,1.0,1.0
26,120,10.996199244184838,7.196849952856531,1.0,1.0,0.0,0.0,0.0,1.0
27,120,5.980067874656506,8.41879677393421,1.0,0.0,0.0,1.0,0.0,1.0
28,120,6.686343100619747,0.6192196526754511,0.0,1.0,0.0,0.0,1.0,1.0
29,120,9.287989317463632,7.500070653177555,0.0,1.0,1.0,0.0,0.0,0.0
30,120,6.134204684133499,12.0,0.0,1.0,0.0,0.0,0.0,0.0
31,120,4.05695815932799,4.947890490843192,1.0,0.0,1.0,0.0,0.0,1.0
32,120,10.017357064414922,3.2692215929619586,1.0,0.0,1.0,1.0,0.0,1.0
33,120,5.426312597226234,3.713934008900445,1.0,0.0,1.0,1.0,0.0,1.0
34,120,0.0,9.292359624158893,1.0,0.0,0.0,0.0,0.0,0.0
35,120,11.483998725332912,3.9014722909510566,0.0,1.0,0.0,1.0,1.0,0.0
36,120,8.12341404219242,3.626078244679529,0.0,0.0,0.0,1.0,1.0,1.0
37,120,7.753667827626883,3.751597605965693,1.0,1.0,0.0,1.0,0.0,0.0
38,120,8.741123774919867,12.0,0.0,1.0,1.0,1.0,0.0,1.0
39,120,8.840866511395596,4.808586276131844,0.0,0.0,0.0,0.0,0.0,0.0
0,125,5.475798695691124,6.2279206999475845,0.0,1.0,0.0,1.0,1.0,0.0
1,125,10.393735708039074,5.278916529593859,1.0,0.0,0.0,0.0,1.0,0.0
2,125,8.976265836193086,0.0,0.0,0.0,0.0,0.0,0.0,1.0
3,125,10.271157262443856,8.136747788691835,0.0,0.0,0.0,1.0,1.0,1.0
4,125,7.315091108342203,6.203092336774697,0.0,0.0,1.0,0.0,0.0,0.0
5,125,0.8245604370789043,5.069299138061632,0.0,0.0,1.0,1.0,0.0,0.0
6,125,0.7909263213818079,9.624199354903965,0.0,0.0,0.0,0.0,1.0,0.0
7,125,6.046032805850828,10.795335205002228,0.0,0.0,0.0,1.0,1.0,1.0
8,125,3.4512543758762115,7.11155634141184,0.0,1.0,0.0,0.0,0.0,0.0
9,125,0.2905598768132643,1.743005785401163,1.0,0.0,0.0,1.0,0.0,0.0
10,125,12.0,4.458515956958886,0.0,1.0,0.0,1.0,0.0,1.0
11,125,10.964851096642276,11.159140352193996,0.0,1.0,0.0,0.0,0.0,1.0
12,125,9.081454447823026,5.506909824609955,0.0,1.0,0.0,1.0,0.0,0.0
13,125,9.47113528009195,1.557516002036611,1.0,0.0,1.0,1.0,0.0,0.0
14,125,9.638113416044575,8.008206624100328,0.0,1.0,1.0,0.0,1.0,0.0
15,125,5.002769225967027,2.8532397227163653,1.0,0.0,0.0,0.0,0.0,0.0
16,125,1.0871143574955526,0.0,1.0,0.0,1.0,0.0,1.0,1.0
17,125,10.126771474392571,10.534918798839676,0.0,1.0,1.0,0.0,1.0,1.0
18,125,11.724060313446758,11.183002863730993,1.0,1.0,1.0,1.0,0.0,0.0
19,125,0.1409883905870416,3.833336856136548,0.0,1.0,1.0,0.0,1.0,0.0
20,125,8.701489733417642,7.087822745081981,0.0,0.0,0.0,0.0,0.0,0.0
21,125,5.938946417127343,8.544569648233551,1.0,0.0,1.0,0.0,1.0,0.0
22,125,12.0,6.782430111245941,1.0,1.0,0.0,0.0,0.0,1.0
23,125,7.502015013580444,2.768561880809263,1.0,0.0,1.0,0.0,0.0,0.0
24,125,5.185920650797013,11.91386139406395,0.0,1.0,0.0,1.0,0.0,1.0
25,125,9.888951186756632,1.6734688592571263,0.0,0.0,1.0,1.0,1.0,1.0
26,125,11.1188031017373,7.154389470583341,1.0,1.0,0.0,0.0,0.0,1.0
27,125,6.0288560573532495,8.445950254100916,1.0,0.0,0.0,1.0,0.0,1.0
28,125,6.71742383738439,0.618766379006875,0.0,1.0,0.0,0.0,1.0,1.0
29,125,9.299255032958806,7.504839968755782,0.0,1.0,1.0,0.0,0.0,0.0
30,125,6.133297294171381,12.0,0.0,1.0,0.0,0.0,0.0,0.0
31,125,4.088020987056716,4.920595684892951,1.0,0.0,1.0,0.0,0.0,1.0
32,125,9.96594277131858,3.24486387697769,1.0,0.0,1.0,1.0,0.0,1.0
33,125,5.490810766522719,3.829812511903901,1.0,0.0,1.0,1.0,0.0,1.0
34,125,0.0,9.245169322580228,1.0,0.0,0.0,0.0,0.0,0.0
35,125,11.43683217686726,3.8839379677913466,0.0,1.0,0.0,1.0,1.0,0.0
36,125,8.131728437186565,3.67540845252116,0.0,0.0,0.0,1.0,1.0,1.0
37,125,7.772462793751071,3.793696262526397,1.0,1.0,0.0,1.0,0.0,0.0
38,125,8.737609991410022,11.99493310069932,0.0,1.0,1.0,1.0,0.0,1.0
39,125,8.84118267552904,4.808965103278786,0.0,0.0,0.0,0.0,0.0,0.0
0,130,5.552710553444045,6.20132264595604,0.0,1.0,0.0,1.0,1.0,0.0
1,130,10.259596159359946,5.216007519178526,1.0,0.0,0.0,0.0,1.0,0.0
2,130,8.97524967170532,0.0,0.0,0.0,0.0,0.0,0.0,1.0
3,130,10.321855265420188,8.266106318337732,0.0,0.0,0.0,1.0,1.0,1.0
4,130,7.3289396743584385,6.169216164049845,0.0,0.0,1.0,0.0,0.0,0.0
5,130,0.8267746474862692,5.068390807416651,0.0,0.0,1.0,1.0,0.0,0.0
6,130,0.7460733545105954,9.71712163708929,0.0,0.0,0.0,0.0,1.0,0.0
7,130,6.03717480256726,10.797892965643143,0.0,0.0,0.0,1.0,1.0,1.0
8,130,3.424118612946102,7.114709898886507,0.0,1.0,0.0,0.0,0.0,0.0
9,130,0.2888180026644515,1.7444011381496063,1.0,0.0,0.0,1.0,0.0,0.0
10,130,12.0,4.368927383007702,0.0,1.0,0.0,1.0,0.0,1.0
11,130,10.88889606894852,11.194911090212926,0.0,1.0,0.0,0.0,0.0,1.0
12,130,9.168729689158525,5.49499164825035,0.0,1.0,0.0,1.0,0.0,0.0
13,130,9.443478670630808,1.5179142384866124,1.0,0.0,1.0,1.0,0.0,0.0
14,130,9.61419840612338,7.948701536716212,0.0,1.0,1.0,0.0,1.0,0.0
15,130,4.954157351218191,2.846767769303039,1.0,0.0,0.0,0.0,0.0,0.0
16,130,1.1365577268350848,0.0,1.0,0.0,1.0,0.0,1.0,1.0
17,130,10.126078186808115,10.531897457823376,0.0,1.0,1.0,0.0,1.0,1.0
18,130,11.753984256249035,11.286229814457686,1.0,1.0,1.0,1.0,0.0,0.0
19,130,0.1918818913609762,3.871599519984521,0.0,1.0,1.0,0.0,1.0,0.0
20,130,8.665240837847726,7.100603394341533,0.0,0.0,0.0,0.0,0.0,0.0
21,130,5.89130746821776,8.435816823587858,1.0,0.0,1.0,0.0,1.0,0.0
22,130,12.0,6.863781297702465,1.0,1.0,0.0,0.0,0.0,1.0
23,130,7.534932996571015,2.7913602688292247,1.0,0.0,1.0,0.0,0.0,0.0
24,130,5.180647181040945,11.898319782522922,0.0,1.0,0.0,1.0,0.0,1.0
25,130,9.859546461207296,1.580525606389516,0.0,0.0,1.0,1.0,1.0,1.0
26,130,11.262606194803066,7.103416275896561,1.0,1.0,0.0,0.0,0.0,1.0
27,130,6.116757652015826,8.496771067248602,1.0,0.0,0.0,1.0,0.0,1.0
28,130,6.753656939849079,0.6179538962691463,0.0,1.0,0.0,0.0,1.0,1.0
29,130,9.348844448297625,7.525405687205915,0.0,1.0,1.0,0.0,0.0,0.0
30,130,6.13292773238327,12.0,0.0,1.0,0.0,0.0,0.0,0.0
31,130,4.1026700421790965,4.906843290967676,1.0,0.0,1.0,0.0,0.0,1.0
32,130,9.915821958688555,3.222277620059405,1.0,0.0,1.0,1.0,0.0,1.0
33,130,5.542608189715361,3.930125201391135,1.0,0.0,1.0,1.0,0.0,1.0
34,130,0.0,9.200330030086036,1.0,0.0,0.0,0.0,0.0,0.0
35,130,11.400877356334007,3.8710014620244992,0.0,1.0,0.0,1.0,1.0,0.0
36,130,8.143643321978672,3.7355134641599785,0.0,0.0,0.0,1.0,1.0,1.0
37,130,7.7878948948998,3.8284759673407343,1.0,1.0,0.0,1.0,0.0,0.0
38,130,8.728939747493696,11.982208290399935,0.0,1.0,1.0,1.0,0.0,1.0
39,130,8.852414144782143,4.822384810673267,0.0,0.0,0.0,0.0,0.0,0.0
0,135,5.632992216376417,6.173400278441303,0.0,1.0,0.0,1.0,1.0,0.0
1,135,10.127102766948148,5.154433461725294,1.0,0.0,0.0,0.0,1.0,0.0
2,135,8.974167522854168,0.0,0.0,0.0,0.0,0.0,0.0,1.0
3,135,10.374648633533385,8.40744817923001,0.0,0.0,0.0,1.0,1.0,1.0
4,135,7.344538802513925,6.131541593333777,0.0,0.0,1.0,0.0,0.0,0.0
5,135,0.8368582381725154,5.064316141771717,0.0,0.0,1.0,1.0,0.0,0.0
6,135,0.6898807188961703,9.834389542841397,0.0,0.0,0.0,0.0,1.0,0.0
7,135,6.036101109516444,10.798218300013115,0.0,0.0,0.0,1.0,1.0,1.0
8,135,3.4227535261822046,7.114880767544785,0.0,1.0,0.0,0.0,0.0,0.0
9,135,0.2741412161730903,1.7561478431640865,1.0,0.0,0.0,1.0,0.0,0.0
10,135,12.0,4.279134389222419,0.0,1.0,0.0,1.0,0.0,1.0
11,135,10.815155396342153,11.22950862327738,0.0,1.0,0.0,0.0,0.0,1.0
12,135,9.242323415434845,5.486016498904957,0.0,1.0,0.0,1.0,0.0,0.0
13,135,9.414145628164915,1.479058648795202,1.0,0.0,1.0,1.0,0.0,0.0
14,135,9.59876557411532,7.912033837134348,0.0,1.0,1.0,0.0,1.0,0.0
15,135,4.895452412490027,2.8407309692945555,1.0,0.0,0.0,0.0,0.0,0.0
16,135,1.188227082597253,0.0,1.0,0.0,1.0,0.0,1.0,1.0
17,135,10.1252828886425,10.528197832696886,0.0,1.0,1.0,0.0,1.0,1.0
18,135,11.785143226599102,11.38230198492734,1.0,1.0,1.0,1.0,0.0,0.0
19,135,0.1361897361240137,3.9504902403893976,0.0,1.0,1.0,0.0,1.0,0.0
20,135,8.609285653243546,7.120107931914494,0.0,0.0,0.0,0.0,0.0,0.0
21,135,5.854554587915527,8.353467492826121,1.0,0.0,1.0,0.0,1.0,0.0
22,135,12.0,6.959265097437038,1.0,1.0,0.0,0.0,0.0,1.0
23,135,7.586911462214792,2.82639646914178,1.0,0.0,1.0,0.0,0.0,0.0
24,135,5.1773302134046375,11.8880935908652,0.0,1.0,0.0,1.0,0.0,1.0
25,135,9.829733993032656,1.4951432659979802,0.0,0.0,1.0,1.0,1.0,1.0
26,135,11.416814476741491,7.050989599585067,1.0,1.0,0.0,0.0,0.0,1.0
27,135,6.207124352322791,8.548152553924899,1.0,0.0,0.0,1.0,0.0,1.0
28,135,6.808497859793993,0.6169879376675363,0.0,1.0,0.0,0.0,1.0,1.0
29,135,9.397321705267634,7.544372127282924,0.0,1.0,1.0,0.0,0.0,0.0
30,135,6.134257535616878,12.0,0.0,1.0,0.0,0.0,0.0,0.0
31,135,4.1238728682095065,4.8870086884746335,1.0,0.0,1.0,0.0,0.0,1.0
32,135,9.867165316458108,3.201409887478172,1.0,0.0,1.0,1.0,0.0,1.0
33,135,5.604684654760942,4.044659589317019,1.0,0.0,1.0,1.0,0.0,1.0
34,135,0.0,9.157149415607227,1.0,0.0,0.0,0.0,0.0,0.0
35,135,11.351736957583904,3.8537186021728536,0.0,1.0,0.0,1.0,1.0,0.0
36,135,8.156029023426347,3.7885793982669145,0.0,0.0,0.0,1.0,1.0,1.0
37,135,7.805470114590808,3.8710329394394,1.0,1.0,0.0,1.0,0.0,0.0
38,135,8.711266861300219,11.957714171850249,0.0,1.0,1.0,1.0,0.0,1.0
39,135,8.866028055692441,4.837431924370055,0.0,0.0,0.0,0.0,0.0,0.0
0,140,5.733766777064804,6.136614120050204,0.0,1.0,0.0,1.0,1.0,0.0
1,140,9.998686701690028,5.095768442764994,1.0,0.0,0.0,0.0,1.0,0.0
2,140,8.972949470860494,0.0,0.0,0.0,0.0,0.0,0.0,1.0
3,140,10.433572662930292,8.55852091296896,0.0,0.0,0.0,1.0,1.0,1.0
4,140,7.366787293327419,6.076017856918988,0.0,0.0,1.0,0.0,0.0,0.0
5,140,0.8367280187519813,5.064369699322048,0.0,0.0,1.0,1.0,0.0,0.0
6,140,0.63626846668676,9.948761361876985,0.0,0.0,0.0,0.0,1.0,0.0
7,140,6.067594134085763,10.788026603465283,0.0,0.0,0.0,1.0,1.0,1.0
8,140,3.4554016814488846,7.110744996170005,0.0,1.0,0.0,0.0,0.0,0.0
9,140,0.259283502135281,1.7672711379668191,1.0,0.0,0.0,1.0,0.0,0.0
10,140,12.0,4.1874040901674565,0.0,1.0,0.0,1.0,0.0,1.0
11,140,10.725343598502706,11.271075025615088,0.0,1.0,0.0,0.0,0.0,1.0
12,140,9.316028201610548,5.478396500913331,0.0,1.0,0.0,1.0,0.0,0.0
13,140,9.38465938933906,1.4412088052295364,1.0,0.0,1.0,1.0,0.0,0.0
14,140,9.588007094929551,7.8858488269026354,0.0,1.0,1.0,0.0,1.0,0.0
15,140,4.839774295012695,2.834584169296109,1.0,0.0,0.0,0.0,0.0,0.0
16,140,1.2367158573270751,0.0,1.0,0.0,1.0,0.0,1.0,1.0
17,140,10.124804075272456,10.525901276671314,0.0,1.0,1.0,0.0,1.0,1.0
18,140,11.810666855897583,11.458443537137304,1.0,1.0,1.0,1.0,0.0,0.0
19,140,0.0655857509857474,4.048625801255117,0.0,1.0,1.0,0.0,1.0,0.0
20,140,8.559440319322162,7.13729808812948,0.0,0.0,0.0,0.0,0.0,0.0
21,140,5.828835110455133,8.295499459338005,1.0,0.0,1.0,0.0,1.0,0.0
22,140,12.0,7.058406844103687,1.0,1.0,0.0,0.0,0.0,1.0
23,140,7.65812848431912,2.875730813349441,1.0,0.0,1.0,0.0,0.0,0.0
24,140,5.170618368554486,11.869067093904256,0.0,1.0,0.0,1.0,0.0,1.0
25,140,9.803424960832809,1.4233988883034767,0.0,0.0,1.0,1.0,1.0,1.0
26,140,11.57928781884086,6.99609978090004,1.0,1.0,0.0,0.0,0.0,1.0
27,140,6.313089280795793,8.606491449158337,1.0,0.0,0.0,1.0,0.0,1.0
28,140,6.880079289731744,0.6153915138872675,0.0,1.0,0.0,0.0,1.0,1.0
29,140,9.445777461977803,7.563594507631498,0.0,1.0,1.0,0.0,0.0,0.0
30,140,6.136134788906855,12.0,0.0,1.0,0.0,0.0,0.0,0.0
31,140,4.141529105921949,4.869760106199523,1.0,0.0,1.0,0.0,0.0,1.0
32,140,9.827279682442471,3.183848497733012,1.0,0.0,1.0,1.0,0.0,1.0
33,140,5.672129122165006,4.168451305517093,1.0,0.0,1.0,1.0,0.0,1.0
34,140,0.0,9.118110990525713,1.0,0.0,0.0,0.0,0.0,0.0
35,140,11.314650784653669,3.8418092471124368,0.0,1.0,0.0,1.0,1.0,0.0
36,140,8.16956920466605,3.848896381273263,0.0,0.0,0.0,1.0,1.0,1.0
37,140,7.828491289603541,3.927084394640649,1.0,1.0,0.0,1.0,0.0,0.0
38,140,8.694376764743824,11.935305309812575,0.0,1.0,1.0,1.0,0.0,1.0
39,140,8.887702925320708,4.860738907870081,0.0,0.0,0.0,0.0,0.0,0.0
0,145,5.831564601310364,6.100073610761807,0.0,1.0,0.0,1.0,1.0,0.0
1,145,9.873252663132265,5.03906084896828,1.0,0.0,0.0,0.0,1.0,0.0
2,145,8.9719317487788,0.0,0.0,0.0,0.0,0.0,0.0,1.0
3,145,10.493988731479394,8.715947059181742,0.0,0.0,0.0,1.0,1.0,1.0
4,145,7.383250016209164,6.034913125068675,0.0,0.0,1.0,0.0,0.0,0.0
5,145,0.8316561763672611,5.066450206648212,0.0,0.0,1.0,1.0,0.0,0.0
6,145,0.5703929191191417,10.077074442896524,0.0,0.0,0.0,0.0,1.0,0.0
7,145,6.101455994146115,10.777824861963628,0.0,0.0,0.0,1.0,1.0,1.0
8,145,3.47909463027017,7.107753199248596,0.0,1.0,0.0,0.0,0.0,0.0
9,145,0.2390226584540935,1.7826184687931204,1.0,0.0,0.0,1.0,0.0,0.0
10,145,12.0,4.101477663192651,0.0,1.0,0.0,1.0,0.0,1.0
11,145,10.643720640063474,11.309979851284153,0.0,1.0,0.0,0.0,0.0,1.0
12,145,9.406141285651795,5.469102559311139,0.0,1.0,0.0,1.0,0.0,0.0
13,145,9.360837644513662,1.412709774309986,1.0,0.0,1.0,1.0,0.0,0.0
14,145,9.574830808907793,7.854001480374981,0.0,1.0,1.0,0.0,1.0,0.0
15,145,4.775232058987884,2.828568492908192,1.0,0.0,0.0,0.0,0.0,0.0
16,145,1.2875188143272625,0.0,1.0,0.0,1.0,0.0,1.0,1.0
17,145,10.12724670537714,10.537152394841598,0.0,1.0,1.0,0.0,1.0,1.0
18,145,11.834439279801776,11.538353148658132,1.0,1.0,1.0,1.0,0.0,0.0
19,145,0.0,4.165562708229657,0.0,1.0,1.0,0.0,1.0,0.0
20,145,8.506141999400304,7.154237389451752,0.0,0.0,0.0,0.0,0.0,0.0
21,145,5.7978364010016685,8.227022009815583,1.0,0.0,1.0,0.0,1.0,0.0
22,145,12.0,7.162537527423513,1.0,1.0,0.0,0.0,0.0,1.0
23,145,7.724809076818113,2.9214904595409776,1.0,0.0,1.0,0.0,0.0,0.0
24,145,5.161123177899525,11.843837241819717,0.0,1.0,0.0,1.0,0.0,1.0
25,145,9.77536139511518,1.3473983840954025,0.0,0.0,1.0,1.0,1.0,1.0
26,145,11.761213679456146,6.93540190686613,1.0,1.0,0.0,0.0,0.0,1.0
27,145,6.436228265891452,8.675404416517889,1.0,0.0,0.0,1.0,0.0,1.0
28,145,6.972856849348741,0.6104173414322519,0.0,1.0,0.0,0.0,1.0,1.0
29,145,9.49656579452613,7.583894961786576,0.0,1.0,1.0,0.0,0.0,0.0
30,145,6.1393810343352255,12.0,0.0,1.0,0.0,0.0,0.0,0.0
31,145,4.169943598259987,4.842688117770172,1.0,0.0,1.0,0.0,0.0,1.0
32,145,9.781628662690556,3.1639716651335448,1.0,0.0,1.0,1.0,0.0,1.0
33,145,5.744373837231239,4.299458989936191,1.0,0.0,1.0,1.0,0.0,1.0
34,145,0.0,9.074671478286335,1.0,0.0,0.0,0.0,0.0,0.0
35,145,11.274955636912155,3.829236217679456,0.0,1.0,0.0,1.0,1.0,0.0
36,145,8.187220123099088,3.918737419867989,0.0,0.0,0.0,1.0,1.0,1.0
37,145,7.849656193266083,3.977483853979504,1.0,1.0,0.0,1.0,0.0,0.0
38,145,8.69280396843558,11.93322388035172,0.0,1.0,1.0,1.0,0.0,1.0
39,145,8.898931735775717,4.872631634102703,0.0,0.0,0.0,0.0,0.0,0.0
0,150,5.959646325007751,6.057483640697813,0.0,1.0,0.0,1.0,1.0,0.0
1,150,9.759481720550092,4.984270813682255,1.0,0.0,0.0,0.0,1.0,0.0
2,150,8.971946129626252,0.0,0.0,0.0,0.0,0.0,0.0,1.0
3,150,10.551221592861014,8.870034993175855,0.0,0.0,0.0,1.0,1.0,1.0
4,150,7.401129439211075,5.991711368210093,0.0,0.0,1.0,0.0,0.0,0.0
5,150,0.8403646802057264,5.063050521566262,0.0,0.0,1.0,1.0,0.0,0.0
6,150,0.4997993144851403,10.212615901184034,0.0,0.0,0.0,0.0,1.0,0.0
7,150,6.1327039355620165,10.768105225746664,0.0,0.0,0.0,1.0,1.0,1.0
8,150,3.51910155951907,7.103449078330899,0.0,1.0,0.0,0.0,0.0,0.0
9,150,0.2115907413440754,1.8031149622145952,1.0,0.0,0.0,1.0,0.0,0.0
10,150,12.0,4.025278493476136,0.0,1.0,0.0,1.0,0.0,1.0
11,150,10.562930573955146,11.350430659645433,0.0,1.0,0.0,0.0,0.0,1.0
12,150,9.497384307186085,5.459709579483093,0.0,1.0,0.0,1.0,0.0,0.0
13,150,9.342237215700004,1.3911616911118136,1.0,0.0,1.0,1.0,0.0,0.0
14,150,9.563969175579496,7.827625369256088,0.0,1.0,1.0,0.0,1.0,0.0
15,150,4.713672126466071,2.82309106763034,1.0,0.0,0.0,0.0,0.0,0.0
16,150,1.3369009556181852,0.0,1.0,0.0,1.0,0.0,1.0,1.0
17,150,10.121834197056634,10.513312521432873,0.0,1.0,1.0,0.0,1.0,1.0
18,150,11.853778328623768,11.614600232375397,1.0,1.0,1.0,1.0,0.0,0.0
19,150,0.0,4.289143427242086,0.0,1.0,1.0,0.0,1.0,0.0
20,150,8.440253757662301,7.174722636480518,0.0,0.0,0.0,0.0,0.0,0.0
21,150,5.769661248453024,8.1628576701634,1.0,0.0,1.0,0.0,1.0,0.0
22,150,12.0,7.265118118742412,1.0,1.0,0.0,0.0,0.0,1.0
23,150,7.79043669254233,2.964918062468385,1.0,0.0,1.0,0.0,0.0,0.0
24,150,5.149045889473201,11.813130395732664,0.0,1.0,0.0,1.0,0.0,1.0
25,150,9.746518848783817,1.2766235579550942,0.0,0.0,1.0,1.0,1.0,1.0
26,150,11.957406018387708,6.871017055465406,1.0,1.0,0.0,0.0,0.0,1.0
27,150,6.571946561745837,8.749894355684594,1.0,0.0,0.0,1.0,0.0,1.0
28,150,7.075968184150517,0.6061479972634545,0.0,1.0,0.0,0.0,1.0,1.0
29,150,9.538051270574217,7.600902700214715,0.0,1.0,1.0,0.0,0.0,0.0
30,150,6.143619057043478,12.0,0.0,1.0,0.0,0.0,0.0,0.0
31,150,4.2088999483038805,4.882141373117896,1.0,0.0,1.0,0.0,0.0,1.0
32,150,9.746460984331442,3.1490843030851887,1.0,0.0,1.0,1.0,0.0,1.0
33,150,5.809939815793863,4.418868392750067,1.0,0.0,1.0,1.0,0.0,1.0
34,150,0.0,9.033791904975695,1.0,0.0,0.0,0.0,0.0,0.0
35,150,11.200737393537311,3.804976773415356,0.0,1.0,0.0,1.0,1.0,0.0
36,150,8.20006876684024,3.970603679900256,0.0,0.0,0.0,1.0,1.0,1.0
37,150,7.871885327389967,4.034536040822037,1.0,1.0,0.0,1.0,0.0,0.0
38,150,8.697190515950288,11.939052917292845,0.0,1.0,1.0,1.0,0.0,1.0
39,150,8.90753814741039,4.882175388660466,0.0,0.0,0.0,0.0,0.0,0.0
0,155,6.073946545921998,6.018616466135697,0.0,1.0,0.0,1.0,1.0,0.0
1,155,9.631828829755117,4.922603546941028,1.0,0.0,0.0,0.0,1.0,0.0
2,155,8.971707741770832,0.0,0.0,0.0,0.0,0.0,0.0,1.0
3,155,10.618391165945368,9.03890213010858,0.0,0.0,0.0,1.0,1.0,1.0
4,155,7.410863469367785,5.967981449236296,0.0,0.0,1.0,0.0,0.0,0.0
5,155,0.8643442713989072,5.052831533694843,0.0,0.0,1.0,1.0,0.0,0.0
6,155,0.4219222524467087,10.359951525367936,0.0,0.0,0.0,0.0,1.0,0.0
7,155,6.158344537185457,10.760215536279503,0.0,0.0,0.0,1.0,1.0,1.0
8,155,3.55176902524718,7.099462854711488,0.0,1.0,0.0,0.0,0.0,0.0
9,155,0.1763590666747118,1.8299772637028584,1.0,0.0,0.0,1.0,0.0,0.0
10,155,12.0,3.954659052309213,0.0,1.0,0.0,1.0,0.0,1.0
11,155,10.49000788361231,11.389201944887889,0.0,1.0,0.0,0.0,0.0,1.0
12,155,9.592975956348718,5.451524105419296,0.0,1.0,0.0,1.0,0.0,0.0
13,155,9.327557391521484,1.373846788667264,1.0,0.0,1.0,1.0,0.0,0.0
14,155,9.55771032835497,7.812258898773881,0.0,1.0,1.0,0.0,1.0,0.0
15,155,4.666474612077596,2.817393373878062,1.0,0.0,0.0,0.0,0.0,0.0
16,155,1.3744395885540408,0.0,1.0,0.0,1.0,0.0,1.0,1.0
17,155,10.10961034887714,10.464701825273504,0.0,1.0,1.0,0.0,1.0,1.0
18,155,11.87247576821126,11.685263768007864,1.0,1.0,1.0,1.0,0.0,0.0
19,155,0.0,4.423917984986091,0.0,1.0,1.0,0.0,1.0,0.0
20,155,8.368774673292911,7.196635765016246,0.0,0.0,0.0,0.0,0.0,0.0
21,155,5.742471923299038,8.105278178770142,1.0,0.0,1.0,0.0,1.0,0.0
22,155,12.0,7.353898207882405,1.0,1.0,0.0,0.0,0.0,1.0
23,155,7.840670445944865,2.9971860973931164,1.0,0.0,1.0,0.0,0.0,0.0
24,155,5.140564017488534,11.790132154948235,0.0,1.0,0.0,1.0,0.0,1.0
25,155,9.703907491578772,1.176764065605843,0.0,0.0,1.0,1.0,1.0,1.0
26,155,12.0,6.806636822847237,1.0,1.0,0.0,0.0,0.0,1.0
27,155,6.683194526596653,8.80818925020902,1.0,0.0,0.0,1.0,0.0,1.0
28,155,7.175919018837909,0.6032188453053882,0.0,1.0,0.0,0.0,1.0,1.0
29,155,9.581257342578734,7.618859784056367,0.0,1.0,1.0,0.0,0.0,0.0
30,155,6.150655865104568,12.0,0.0,1.0,0.0,0.0,0.0,0.0
31,155,4.238220932081783,4.909942044189234,1.0,0.0,1.0,0.0,0.0,1.0
32,155,9.729637980926476,3.1420544757516566,1.0,0.0,1.0,1.0,0.0,1.0
33,155,5.872735471893134,4.533821176021744,1.0,0.0,1.0,1.0,0.0,1.0
34,155,0.0,8.98110976231532,1.0,0.0,0.0,0.0,0.0,0.0
35,155,11.116548787558258,3.778935646573995,0.0,1.0,0.0,1.0,1.0,0.0
36,155,8.21710877606048,4.040182678382718,0.0,0.0,0.0,1.0,1.0,1.0
37,155,7.885073201102229,4.070184776060609,1.0,1.0,0.0,1.0,0.0,0.0
38,155,8.692092639446876,11.932140533711925,0.0,1.0,1.0,1.0,0.0,1.0
39,155,8.913271617274436,4.88919063751104,0.0,0.0,0.0,0.0,0.0,0.0
0,160,6.191446679536752,5.977432202832226,0.0,1.0,0.0,1.0,1.0,0.0
1,160,9.507326241560964,4.86502539213592,1.0,0.0,0.0,0.0,1.0,0.0
2,160,8.971709631391507,0.0,0.0,0.0,0.0,0.0,0.0,1.0
3,160,10.685204394772803,9.230360872996808,0.0,0.0,0.0,1.0,1.0,1.0
4,160,7.413984648406443,5.960996698011508,0.0,0.0,1.0,0.0,0.0,0.0
5,160,0.8727872243704683,5.049188919158674,0.0,0.0,1.0,1.0,0.0,0.0
6,160,0.349209866962626,10.501497055254292,0.0,0.0,0.0,0.0,1.0,0.0
7,160,6.182094824990949,10.75301617596175,0.0,0.0,0.0,1.0,1.0,1.0
8,160,3.5757014337107327,7.09667327878666,0.0,1.0,0.0,0.0,0.0,0.0
9,160,0.1457201275118674,1.8541572944308369,1.0,0.0,0.0,1.0,0.0,0.0
10,160,12.0,3.894216257990236,0.0,1.0,0.0,1.0,0.0,1.0
11,160,10.431251344020636,11.421856867321685,0.0,1.0,0.0,0.0,0.0,1.0
12,160,9.710641778928844,5.440666037044417,0.0,1.0,0.0,1.0,0.0,0.0
13,160,9.312570453225735,1.3565290949501183,1.0,0.0,1.0,1.0,0.0,0.0
14,160,9.5595109207844,7.816981631084856,0.0,1.0,1.0,0.0,1.0,0.0
15,160,4.638334443606485,2.813970282454802,1.0,0.0,0.0,0.0,0.0,0.0
16,160,1.4107199510838546,0.0,1.0,0.0,1.0,0.0,1.0,1.0
17,160,10.096669710248516,10.415601071240562,0.0,1.0,1.0,0.0,1.0,1.0
18,160,11.887525761586266,11.743202537129555,1.0,1.0,1.0,1.0,0.0,0.0
19,160,0.0,4.562083995457159,0.0,1.0,1.0,0.0,1.0,0.0
20,160,8.290316070037518,7.2184097919797585,0.0,0.0,0.0,0.0,0.0,0.0
21,160,5.711598372396092,8.039116758698706,1.0,0.0,1.0,0.0,1.0,0.0
22,160,12.0,7.444325777966658,1.0,1.0,0.0,0.0,0.0,1.0
23,160,7.908256600441712,3.040047904083495,1.0,0.0,1.0,0.0,0.0,0.0
24,160,5.129032635428043,11.761143051260564,0.0,1.0,0.0,1.0,0.0,1.0
25,160,9.669150145357504,1.0922607759414271,0.0,0.0,1.0,1.0,1.0,1.0
26,160,12.0,6.741320700726722,1.0,1.0,0.0,0.0,0.0,1.0
27,160,6.798564840998054,8.870072878532191,1.0,0.0,0.0,1.0,0.0,1.0
28,160,7.29362742742874,0.5977929251848816,0.0,1.0,0.0,0.0,1.0,1.0
29,160,9.624341849523038,7.63656056704483,0.0,1.0,1.0,0.0,0.0,0.0
30,160,6.158120847332408,12.0,0.0,1.0,0.0,0.0,0.0,0.0
31,160,4.254184588364229,4.925498275915514,1.0,0.0,1.0,0.0,0.0,1.0
32,160,9.72546510221276,3.140356604285917,1.0,0.0,1.0,1.0,0.0,1.0
33,160,5.938852313760633,4.657384207617953,1.0,0.0,1.0,1.0,0.0,1.0
34,160,0.0,8.919905536573978,1.0,0.0,0.0,0.0,0.0,0.0
35,160,11.02341677129106,3.749614092356399,0.0,1.0,0.0,1.0,1.0,0.0
36,160,8.237910389394358,4.120370126149558,0.0,0.0,0.0,1.0,1.0,1.0
37,160,7.899509451888606,4.111289903599388,1.0,1.0,0.0,1.0,0.0,0.0
38,160,8.690697508409736,11.930188125153816,0.0,1.0,1.0,1.0,0.0,1.0
39,160,8.924328017515524,4.903233625770512,0.0,0.0,0.0,0.0,0.0,0.0
0,165,6.310121479072241,5.9331686640837376,0.0,1.0,0.0,1.0,1.0,0.0
1,165,9.375431831262024,4.803950454313935,1.0,0.0,0.0,0.0,1.0,0.0
2,165,8.972345531815115,0.0,0.0,0.0,0.0,0.0,0.0,1.0
3,165,10.752684523188616,9.428560833333812,0.0,0.0,0.0,1.0,1.0,1.0
4,165,7.424549345350034,5.937053194322724,0.0,0.0,1.0,0.0,0.0,0.0
5,165,0.8921236575019132,5.041051384985514,0.0,0.0,1.0,1.0,0.0,0.0
6,165,0.2825958836979537,10.63558489146267,0.0,0.0,0.0,0.0,1.0,0.0
7,165,6.181369455161504,10.753217676061452,0.0,0.0,0.0,1.0,1.0,1.0
8,165,3.6023252039049143,7.09422606102861,0.0,1.0,0.0,0.0,0.0,0.0
9,165,0.1086925516932544,1.8831955367355224,1.0,0.0,0.0,1.0,0.0,0.0
10,165,12.0,3.8400684852397218,0.0,1.0,0.0,1.0,0.0,1.0
11,165,10.370954408744844,11.454287637151396,0.0,1.0,0.0,0.0,0.0,1.0
12,165,9.829336344838971,5.427000784940514,0.0,1.0,0.0,1.0,0.0,0.0
13,165,9.283687473513382,1.323734042171386,1.0,0.0,1.0,1.0,0.0,0.0
14,165,9.562213974212929,7.823324888889024,0.0,1.0,1.0,0.0,1.0,0.0
15,165,4.627290899745473,2.8125641091590863,1.0,0.0,0.0,0.0,0.0,0.0
16,165,1.454675671121472,0.0,1.0,0.0,1.0,0.0,1.0,1.0
17,165,10.084679027459696,10.365739830530591,0.0,1.0,1.0,0.0,1.0,1.0
18,165,11.904998629405313,11.813167266002107,1.0,1.0,1.0,1.0,0.0,0.0
19,165,0.0,4.716283199182244,0.0,1.0,1.0,0.0,1.0,0.0
20,165,8.231098500747565,7.234777840244753,0.0,0.0,0.0,0.0,0.0,0.0
21,165,5.66843324882722,7.947635241711679,1.0,0.0,1.0,0.0,1.0,0.0
22,165,12.0,7.546675929651867,1.0,1.0,0.0,0.0,0.0,1.0
23,165,7.959623720565233,3.0732905399718766,1.0,0.0,1.0,0.0,0.0,0.0
24,165,5.119188644002404,11.737462067091244,0.0,1.0,0.0,1.0,0.0,1.0
25,165,9.640967692610385,1.026404168782771,0.0,0.0,1.0,1.0,1.0,1.0
26,165,12.0,6.67956621107934,1.0,1.0,0.0,0.0,0.0,1.0
27,165,6.936788742343287,8.939592583189512,1.0,0.0,0.0,1.0,0.0,1.0
28,165,7.418612606557708,0.5958972750270508,0.0,1.0,0.0,0.0,1.0,1.0
29,165,9.668197427803342,7.653408005738603,0.0,1.0,1.0,0.0,0.0,0.0
30,165,6.169538684160715,12.0,0.0,1.0,0.0,0.0,0.0,0.0
31,165,4.267709973359361,4.93748548110561,1.0,0.0,1.0,0.0,0.0,1.0
32,165,9.728222338922611,3.1415561932560454,1.0,0.0,1.0,1.0,0.0,1.0
33,165,6.01636153751314,4.8018410959156,1.0,0.0,1.0,1.0,0.0,1.0
34,165,0.0,8.860466824322788,1.0,0.0,0.0,0.0,0.0,0.0
35,165,10.938856805462784,3.721902853463419,0.0,1.0,0.0,1.0,1.0,0.0
36,165,8.252903767645408,4.176328052450151,0.0,0.0,0.0,1.0,1.0,1.0
37,165,7.916693079152533,4.160065469002605,1.0,1.0,0.0,1.0,0.0,0.0
38,165,8.691275563667231,11.930946143514516,0.0,1.0,1.0,1.0,0.0,1.0
39,165,8.946946074909114,4.93328308210966,0.0,0.0,0.0,0.0,0.0,0.0
0,170,6.432253279802535,5.890792960231738,0.0,1.0,0.0,1.0,1.0,0.0
1,170,9.233142230914629,4.74185154428524,1.0,0.0,0.0,0.0,1.0,0.0
2,170,8.973826388305381,0.0,0.0,0.0,0.0,0.0,0.0,1.0
3,170,10.821749508237144,9.624753640297325,0.0,0.0,0.0,1.0,1.0,1.0
4,170,7.433670095337336,5.917135915652165,0.0,0.0,1.0,0.0,0.0,0.0
5,170,0.9090704316121238,5.033918243323341,0.0,0.0,1.0,1.0,0.0,0.0
6,170,0.2138661279383725,10.771281653890515,0.0,0.0,0.0,0.0,1.0,0.0
7,170,6.189352229270812,10.750998160264674,0.0,0.0,0.0,1.0,1.0,1.0
8,170,3.613878739847169,7.093301790758766,0.0,1.0,0.0,0.0,0.0,0.0
9,170,0.0650490623903909,1.9151552617775456,1.0,0.0,0.0,1.0,0.0,0.0
10,170,12.0,3.7814021345099857,0.0,1.0,0.0,1.0,0.0,1.0
11,170,10.307263900401972,11.48995118843748,0.0,1.0,0.0,0.0,0.0,1.0
12,170,9.95768098400882,5.412706218428823,0.0,1.0,0.0,1.0,0.0,0.0
13,170,9.256813087934676,1.2924889132666484,1.0,0.0,1.0,1.0,0.0,0.0
14,170,9.56305473584554,7.825306465697534,0.0,1.0,1.0,0.0,1.0,0.0
15,170,4.597535475029201,2.809055917749877,1.0,0.0,0.0,0.0,0.0,0.0
16,170,1.5076590683909858,0.0,1.0,0.0,1.0,0.0,1.0,1.0
17,170,10.06637570919487,10.301421844728567,0.0,1.0,1.0,0.0,1.0,1.0
18,170,11.92276492685851,11.88554873712692,1.0,1.0,1.0,1.0,0.0,0.0
19,170,0.0,4.85441230262774,0.0,1.0,1.0,0.0,1.0,0.0
20,170,8.19466537825106,7.244021428716668,0.0,0.0,0.0,0.0,0.0,0.0
21,170,5.641002362028228,7.886969006908974,1.0,0.0,1.0,0.0,1.0,0.0
22,170,12.0,7.642112867088395,1.0,1.0,0.0,0.0,0.0,1.0
23,170,7.9993937240518,3.097510330369156,1.0,0.0,1.0,0.0,0.0,0.0
24,170,5.11583131209951,11.729420153940858,0.0,1.0,0.0,1.0,0.0,1.0
25,170,9.60462470715189,0.9414940675649668,0.0,0.0,1.0,1.0,1.0,1.0
26,170,12.0,6.61957239368564,1.0,1.0,0.0,0.0,0.0,1.0
27,170,7.082197299820579,9.012940874679312,1.0,0.0,0.0,1.0,0.0,1.0
28,170,7.530998984255039,0.5923747163500176,0.0,1.0,0.0,0.0,1.0,1.0
29,170,9.733721587944313,7.678888757552998,0.0,1.0,1.0,0.0,0.0,0.0
30,170,6.179963402254385,12.0,0.0,1.0,0.0,0.0,0.0,0.0
31,170,4.289419363278944,4.958122805336768,1.0,0.0,1.0,0.0,0.0,1.0
32,170,9.741410169691893,3.146659164412231,1.0,0.0,1.0,1.0,0.0,1.0
33,170,6.101925845286466,4.970746068736144,1.0,0.0,1.0,1.0,0.0,1.0
34,170,0.0,8.803579445910541,1.0,0.0,0.0,0.0,0.0,0.0
35,170,10.831852310084887,3.685584707914212,0.0,1.0,0.0,1.0,1.0,0.0
36,170,8.268332649535743,4.2359282333550246,0.0,0.0,0.0,1.0,1.0,1.0
37,170,7.941034060658193,4.224338236020595,1.0,1.0,0.0,1.0,0.0,0.0
38,170,8.69933631495452,11.941316408030833,0.0,1.0,1.0,1.0,0.0,1.0
39,170,8.966127292678829,4.959602624022238,0.0,0.0,0.0,0.0,0.0,0.0
0,175,6.564085007161948,5.84143421412504,0.0,1.0,0.0,1.0,1.0,0.0
1,175,9.0902741538562,4.680890752636295,1.0,0.0,0.0,0.0,1.0,0.0
2,175,8.974058068797268,0.0,0.0,0.0,0.0,0.0,0.0,1.0
3,175,10.89969275783256,9.82703941185756,0.0,0.0,0.0,1.0,1.0,1.0
4,175,7.443864667538499,5.89472998073385,0.0,0.0,1.0,0.0,0.0,0.0
5,175,0.9272482718064544,5.025920349126314,0.0,0.0,1.0,1.0,0.0,0.0
6,175,0.1458610729485533,10.906436856758315,0.0,0.0,0.0,0.0,1.0,0.0
7,175,6.204356215623346,10.746754918549874,0.0,0.0,0.0,1.0,1.0,1.0
8,175,3.614524041190483,7.093245593357731,0.0,1.0,0.0,0.0,0.0,0.0
9,175,0.020888842742088,1.9482059617082068,1.0,0.0,0.0,1.0,0.0,0.0
10,175,12.0,3.743885591129715,0.0,1.0,0.0,1.0,0.0,1.0
11,175,10.263212622450885,11.515031620483636,0.0,1.0,0.0,0.0,0.0,1.0
12,175,10.092408577461349,5.393902198705269,0.0,1.0,0.0,1.0,0.0,0.0
13,175,9.244279369411752,1.2773790493205242,1.0,0.0,1.0,1.0,0.0,0.0
14,175,9.576466100248338,7.854858266407209,0.0,1.0,1.0,0.0,1.0,0.0
15,175,4.57007560097324,2.8059024313035525,1.0,0.0,0.0,0.0,0.0,0.0
16,175,1.5630097475771267,0.0,1.0,0.0,1.0,0.0,1.0,1.0
17,175,10.04556500525094,10.229686651604396,0.0,1.0,1.0,0.0,1.0,1.0
18,175,11.941905057354058,11.9630460592869,1.0,1.0,1.0,1.0,0.0,0.0
19,175,0.0,4.995397117215362,0.0,1.0,1.0,0.0,1.0,0.0
20,175,8.17647862071924,7.249024744900974,0.0,0.0,0.0,0.0,0.0,0.0
21,175,5.606702606154178,7.814614252214678,1.0,0.0,1.0,0.0,1.0,0.0
22,175,12.0,7.721562827426482,1.0,1.0,0.0,0.0,0.0,1.0
23,175,8.015158668746736,3.106727636468813,1.0,0.0,1.0,0.0,0.0,0.0
24,175,5.119419551018086,11.737682301622035,0.0,1.0,0.0,1.0,0.0,1.0
25,175,9.558517108756735,0.8376032465253228,0.0,0.0,1.0,1.0,1.0,1.0
26,175,12.0,6.561140205222588,1.0,1.0,0.0,0.0,0.0,1.0
27,175,7.218016625290415,9.081360687386328,1.0,0.0,0.0,1.0,0.0,1.0
28,175,7.652940080569933,0.5908146473620252,0.0,1.0,0.0,0.0,1.0,1.0
29,175,9.797538917554974,7.70302605774987,0.0,1.0,1.0,0.0,0.0,0.0
30,175,6.187738903579714,12.0,0.0,1.0,0.0,0.0,0.0,0.0
31,175,4.300845927094364,4.968689050270742,1.0,0.0,1.0,0.0,0.0,1.0
32,175,9.770785274119245,3.1586850106652364,1.0,0.0,1.0,1.0,0.0,1.0
33,175,6.182345191504387,5.128611530056065,1.0,0.0,1.0,1.0,0.0,1.0
34,175,0.0,8.737699479414184,1.0,0.0,0.0,0.0,0.0,0.0
35,175,10.71999597931451,3.6467741258392703,0.0,1.0,0.0,1.0,1.0,0.0
36,175,8.283138681710183,4.291084854019744,0.0,0.0,0.0,1.0,1.0,1.0
37,175,7.9703537042451265,4.303207743365964,1.0,1.0,0.0,1.0,0.0,0.0
38,175,8.704879470608882,11.948336192109675,0.0,1.0,1.0,1.0,0.0,1.0
39,175,8.984311209804936,4.984686518924081,0.0,0.0,0.0,0.0,0.0,0.0
0,180,6.718391748750511,5.782917956898453,0.0,1.0,0.0,1.0,1.0,0.0
1,180,8.938114826288615,4.617386619566919,1.0,0.0,0.0,0.0,1.0,0.0
2,180,8.974081803232846,0.0,0.0,0.0,0.0,0.0,0.0,1.0
3,180,10.979381534155316,10.034027974012188,0.0,0.0,0.0,1.0,1.0,1.0
4,180,7.450706394569219,5.87989867541617,0.0,0.0,1.0,0.0,0.0,0.0
5,180,0.9406779809079872,5.019667564716242,0.0,0.0,1.0,1.0,0.0,0.0
6,180,0.0724224521868695,11.05723794818848,0.0,0.0,0.0,0.0,1.0,0.0
7,180,6.212265741693447,10.744621777697173,0.0,0.0,0.0,1.0,1.0,1.0
8,180,3.608618647543258,7.093652779052532,0.0,1.0,0.0,0.0,0.0,0.0
9,180,0.0,1.9804157499162072,1.0,0.0,0.0,1.0,0.0,0.0
10,180,12.0,3.726468698847497,0.0,1.0,0.0,1.0,0.0,1.0
11,180,10.21642231873015,11.541428955842065,0.0,1.0,0.0,0.0,0.0,1.0
12,180,10.24834123035805,5.374482011904807,0.0,1.0,0.0,1.0,0.0,0.0
13,180,9.237456697618292,1.268573559783711,1.0,0.0,1.0,1.0,0.0,0.0
14,180,9.58058170032601,7.8642025941603215,0.0,1.0,1.0,0.0,1.0,0.0
15,180,4.536186365388583,2.801574153035897,1.0,0.0,0.0,0.0,0.0,0.0
16,180,1.614238173146289,0.0,1.0,0.0,1.0,0.0,1.0,1.0
17,180,10.02511589510859,10.159047201205476,0.0,1.0,1.0,0.0,1.0,1.0
18,180,11.961992812283318,12.0,1.0,1.0,1.0,1.0,0.0,0.0
19,180,0.0,5.153553723385069,0.0,1.0,1.0,0.0,1.0,0.0
20,180,8.15474477372177,7.255324820926457,0.0,0.0,0.0,0.0,0.0,0.0
21,180,5.562661247399799,7.723921809859958,1.0,0.0,1.0,0.0,1.0,0.0
22,180,12.0,7.78331456383288,1.0,1.0,0.0,0.0,0.0,1.0
23,180,8.044341951494241,3.122932755033874,1.0,0.0,1.0,0.0,0.0,0.0
24,180,5.125346447952405,11.75096424534259,0.0,1.0,0.0,1.0,0.0,1.0
25,180,9.50909638915821,0.7257374969194726,0.0,0.0,1.0,1.0,1.0,1.0
26,180,12.0,6.50400848658327,1.0,1.0,0.0,0.0,0.0,1.0
27,180,7.356429676623426,9.150155145781502,1.0,0.0,0.0,1.0,0.0,1.0
28,180,7.768814837915779,0.587373381882729,0.0,1.0,0.0,0.0,1.0,1.0
29,180,9.886192137322135,7.735284124363772,0.0,1.0,1.0,0.0,0.0,0.0
30,180,6.193532236963234,12.0,0.0,1.0,0.0,0.0,0.0,0.0
31,180,4.306973213948622,4.974720219781251,1.0,0.0,1.0,0.0,0.0,1.0
32,180,9.803518713196492,3.17215398831414,1.0,0.0,1.0,1.0,0.0,1.0
33,180,6.247801022189127,5.2576384189254535,1.0,0.0,1.0,1.0,0.0,1.0
34,180,0.0,8.680200544428025,1.0,0.0,0.0,0.0,0.0,0.0
35,180,10.6176100337524,3.610825568940309,0.0,1.0,0.0,1.0,1.0,0.0
36,180,8.29343686748118,4.329523110661363,0.0,0.0,0.0,1.0,1.0,1.0
37,180,7.994628381554299,4.368919805333563,1.0,1.0,0.0,1.0,0.0,0.0
38,180,8.724507028992225,11.972617904412568,0.0,1.0,1.0,1.0,0.0,1.0
39,180,8.993779537464121,4.99793242886544,0.0,0.0,0.0,0.0,0.0,0.0
0,185,6.866006126052684,5.724420589729637,0.0,1.0,0.0,1.0,1.0,0.0
1,185,8.777714818639467,4.543990861537855,1.0,0.0,0.0,0.0,1.0,0.0
2,185,8.975715040144493,0.0,0.0,0.0,0.0,0.0,0.0,1.0
3,185,11.060104796245112,10.2564558958392,0.0,0.0,0.0,1.0,1.0,1.0
4,185,7.456236418178356,5.868403382453804,0.0,0.0,1.0,0.0,0.0,0.0
5,185,0.941603354084734,5.02161440374734,0.0,0.0,1.0,1.0,0.0,0.0
6,185,0.0,11.209869080667724,0.0,0.0,0.0,0.0,1.0,0.0
7,185,6.236968173837618,10.738923517267292,0.0,0.0,0.0,1.0,1.0,1.0
8,185,3.5925857339778906,7.095276481814497,0.0,1.0,0.0,0.0,0.0,0.0
9,185,0.0,2.024800435085228,1.0,0.0,0.0,1.0,0.0,0.0
10,185,12.0,3.719196565071056,0.0,1.0,0.0,1.0,0.0,1.0
11,185,10.17765569450215,11.560937883837688,0.0,1.0,0.0,0.0,0.0,1.0
12,185,10.408691964739637,5.360325148202482,0.0,1.0,0.0,1.0,0.0,0.0
13,185,9.231440639845538,1.261119808127508,1.0,0.0,1.0,1.0,0.0,0.0
14,185,9.589968280259193,7.886594032066133,0.0,1.0,1.0,0.0,1.0,0.0
15,185,4.478489746287472,2.793919820884952,1.0,0.0,0.0,0.0,0.0,0.0
16,185,1.662434902792972,0.0,1.0,0.0,1.0,0.0,1.0,1.0
17,185,10.00184106425342,10.084212032397325,0.0,1.0,1.0,0.0,1.0,1.0
18,185,11.991215975538584,12.0,1.0,1.0,1.0,1.0,0.0,0.0
19,185,0.0,5.319934953463752,0.0,1.0,1.0,0.0,1.0,0.0
20,185,8.149323555940219,7.256915734743073,0.0,0.0,0.0,0.0,0.0,0.0
21,185,5.520313558301988,7.636602863484003,1.0,0.0,1.0,0.0,1.0,0.0
22,185,12.0,7.84925598531105,1.0,1.0,0.0,0.0,0.0,1.0
23,185,8.059790401502056,3.131687903065024,1.0,0.0,1.0,0.0,0.0,0.0
24,185,5.133910721231595,11.771251414263975,0.0,1.0,0.0,1.0,0.0,1.0
25,185,9.457108190378664,0.6073360274642131,0.0,0.0,1.0,1.0,1.0,1.0
26,185,12.0,6.447484795354532,1.0,1.0,0.0,0.0,0.0,1.0
27,185,7.489477956285052,9.216927882894549,1.0,0.0,0.0,1.0,0.0,1.0
28,185,7.882513822568375,0.582920307149115,0.0,1.0,0.0,0.0,1.0,1.0
29,185,9.94744231276296,7.756577181960222,0.0,1.0,1.0,0.0,0.0,0.0
30,185,6.197813301798078,12.0,0.0,1.0,0.0,0.0,0.0,0.0
31,185,4.3119384755755386,4.979489389554702,1.0,0.0,1.0,0.0,0.0,1.0
32,185,9.850896976248931,3.191353812163801,1.0,0.0,1.0,1.0,0.0,1.0
33,185,6.310988171805719,5.381999211672572,1.0,0.0,1.0,1.0,0.0,1.0
34,185,0.0,8.628007184716775,1.0,0.0,0.0,0.0,0.0,0.0
35,185,10.518883468113566,3.577838685814779,0.0,1.0,0.0,1.0,1.0,0.0
36,185,8.3063573415107,4.377251565049657,0.0,0.0,0.0,1.0,1.0,1.0
37,185,8.01813748978045,4.436530324730196,1.0,1.0,0.0,1.0,0.0,0.0
38,185,8.74153690108345,11.994654829697753,0.0,1.0,1.0,1.0,0.0,1.0
39,185,9.005406885315967,5.014771724651627,0.0,0.0,0.0,0.0,0.0,0.0
0,190,6.993246636873793,5.671285714986259,0.0,1.0,0.0,1.0,1.0,0.0
1,190,8.63131515216184,4.481393046031786,1.0,0.0,0.0,0.0,1.0,0.0
2,190,8.977477937977667,0.0,0.0,0.0,0.0,0.0,0.0,1.0
3,190,11.137756517876134,10.469138876806197,0.0,0.0,0.0,1.0,1.0,1.0
4,190,7.462557859895243,5.855331176544062,0.0,0.0,1.0,0.0,0.0,0.0
5,190,0.936465081074684,5.010366143953455,0.0,0.0,1.0,1.0,0.0,0.0
6,190,0.0,11.357216009460236,0.0,0.0,0.0,0.0,1.0,0.0
7,190,6.231799566290034,10.740094748169971,0.0,0.0,0.0,1.0,1.0,1.0
8,190,3.568737410586541,7.097110074875065,0.0,1.0,0.0,0.0,0.0,0.0
9,190,0.0,2.081507931369248,1.0,0.0,0.0,1.0,0.0,0.0
10,190,12.0,3.710719807750949,0.0,1.0,0.0,1.0,0.0,1.0
11,190,10.111458753064712,11.594026637593926,0.0,1.0,0.0,0.0,0.0,1.0
12,190,10.555929779304227,5.349868220071162,0.0,1.0,0.0,1.0,0.0,0.0
13,190,9.227793367323212,1.2563474991962296,1.0,0.0,1.0,1.0,0.0,0.0
14,190,9.603553141021008,7.918509767778048,0.0,1.0,1.0,0.0,1.0,0.0
15,190,4.409728393564162,2.784467854303025,1.0,0.0,0.0,0.0,0.0,0.0
16,190,1.7088286435236448,0.0,1.0,0.0,1.0,0.0,1.0,1.0
17,190,9.977659327007787,10.0098060679091,0.0,1.0,1.0,0.0,1.0,1.0
18,190,12.0,12.0,1.0,1.0,1.0,1.0,0.0,0.0
19,190,0.0,5.478757877881756,0.0,1.0,1.0,0.0,1.0,0.0
20,190,8.132415164901015,7.262140933596282,0.0,0.0,0.0,0.0,0.0,0.0
21,190,5.480026774252999,7.5553623617091,1.0,0.0,1.0,0.0,1.0,0.0
22,190,12.0,7.914720931209053,1.0,1.0,0.0,0.0,0.0,1.0
23,190,8.080805532189041,3.1444299890236747,1.0,0.0,1.0,0.0,0.0,0.0
24,190,5.1413377600358245,11.789408227909291,0.0,1.0,0.0,1.0,0.0,1.0
25,190,9.396687413828053,0.4726555655660638,0.0,0.0,1.0,1.0,1.0,1.0
26,190,12.0,6.399054712655842,1.0,1.0,0.0,0.0,0.0,1.0
27,190,7.622037145702918,9.282230206550675,1.0,0.0,0.0,1.0,0.0,1.0
28,190,7.992683291978567,0.5778449686175352,0.0,1.0,0.0,0.0,1.0,1.0
29,190,10.0390632194189,7.7873356908807665,0.0,1.0,1.0,0.0,0.0,0.0
30,190,6.203163101144936,12.0,0.0,1.0,0.0,0.0,0.0,0.0
31,190,4.305886965338273,4.973713630561061,1.0,0.0,1.0,0.0,0.0,1.0
32,190,9.903849525729632,3.2144222253340304,1.0,0.0,1.0,1.0,0.0,1.0
33,190,6.376327320244896,5.507720726507232,1.0,0.0,1.0,1.0,0.0,1.0
34,190,0.0,8.572917679417566,1.0,0.0,0.0,0.0,0.0,0.0
35,190,10.402634167688571,3.539274883596073,0.0,1.0,0.0,1.0,1.0,0.0
36,190,8.315163874323481,4.408886243887396,0.0,0.0,0.0,1.0,1.0,1.0
37,190,8.03641958430266,4.492546835407224,1.0,1.0,0.0,1.0,0.0,0.0
38,190,8.771340548115372,12.0,0.0,1.0,1.0,1.0,0.0,1.0
39,190,9.027735249356246,5.04706639974983,0.0,0.0,0.0,0.0,0.0,0.0
0,195,7.114124625409793,5.617261483584053,0.0,1.0,0.0,1.0,1.0,0.0
1,195,8.467925695921037,4.40910963627031,1.0,0.0,0.0,0.0,1.0,0.0
2,195,8.981962403622811,0.0,0.0,0.0,0.0,0.0,0.0,1.0
3,195,11.222029173174908,10.70855777034346,0.0,0.0,0.0,1.0,1.0,1.0
4,195,7.475352218413255,5.827686662264921,0.0,0.0,1.0,0.0,0.0,0.0
5,195,0.937254046118644,5.012103776090087,0.0,0.0,1.0,1.0,0.0,0.0
6,195,0.0,11.511158435832506,0.0,0.0,0.0,0.0,1.0,0.0
7,195,6.232949460329907,10.739858652012032,0.0,0.0,0.0,1.0,1.0,1.0
8,195,3.531590621744668,7.100232310898267,0.0,1.0,0.0,0.0,0.0,0.0
9,195,0.0,2.1391865157796928,1.0,0.0,0.0,1.0,0.0,0.0
10,195,12.0,3.6879819976391897,0.0,1.0,0.0,1.0,0.0,1.0
11,195,10.057335311869515,11.622313607289753,0.0,1.0,0.0,0.0,0.0,1.0
12,195,10.69676529717706,5.340959767493714,0.0,1.0,0.0,1.0,0.0,0.0
13,195,9.232260066751586,1.2617708487497634,1.0,0.0,1.0,1.0,0.0,0.0
14,195,9.609863077993108,7.93529431075912,0.0,1.0,1.0,0.0,1.0,0.0
15,195,4.352443719588259,2.7750296288772844,1.0,0.0,0.0,0.0,0.0,0.0
16,195,1.7621581029406734,0.0,1.0,0.0,1.0,0.0,1.0,1.0
17,195,9.950239492224885,9.928717386507154,0.0,1.0,1.0,0.0,1.0,1.0
18,195,12.0,12.0,1.0,1.0,1.0,1.0,0.0,0.0
19,195,0.0,5.628305075513689,0.0,1.0,1.0,0.0,1.0,0.0
20,195,8.106755439678578,7.269249175712361,0.0,0.0,0.0,0.0,0.0,0.0
21,195,5.448251130721572,7.492480884684135,1.0,0.0,1.0,0.0,1.0,0.0
22,195,12.0,7.973277275580442,1.0,1.0,0.0,0.0,0.0,1.0
23,195,8.083015992851282,3.1458255917743765,1.0,0.0,1.0,0.0,0.0,0.0
24,195,5.152985515163596,11.818816022292037,0.0,1.0,0.0,1.0,0.0,1.0
25,195,9.341270667660154,0.3494185700337331,0.0,0.0,1.0,1.0,1.0,1.0
26,195,12.0,6.364316005402843,1.0,1.0,0.0,0.0,0.0,1.0
27,195,7.782064639973725,9.35868602159962,1.0,0.0,0.0,1.0,0.0,1.0
28,195,8.107326592925348,0.5714013082151128,0.0,1.0,0.0,0.0,1.0,1.0
29,195,10.138085202453986,7.818790153003079,0.0,1.0,1.0,0.0,0.0,0.0
30,195,6.2069009520343,12.0,0.0,1.0,0.0,0.0,0.0,0.0
31,195,4.28436339972993,4.95349533080993,1.0,0.0,1.0,0.0,0.0,1.0
32,195,9.940693657317883,3.230247573124576,1.0,0.0,1.0,1.0,0.0,1.0
33,195,6.444989565301011,5.639194981500703,1.0,0.0,1.0,1.0,0.0,1.0
34,195,0.0,8.50937532910889,1.0,0.0,0.0,0.0,0.0,0.0
35,195,10.291065643677848,3.5016710954954364,0.0,1.0,0.0,1.0,1.0,0.0
36,195,8.329148606172556,4.458096603844315,0.0,0.0,0.0,1.0,1.0,1.0
37,195,8.06379054206073,4.567808048800858,1.0,1.0,0.0,1.0,0.0,0.0
38,195,8.812014635719038,12.0,0.0,1.0,1.0,1.0,0.0,1.0
39,195,9.051161934126092,5.082785415620728,0.0,0.0,0.0,0.0,0.0,0.0
0,200,7.250533191083437,5.563091472278088,0.0,1.0,0.0,1.0,1.0,0.0
1,200,8.287951743885944,4.336281131983773,1.0,0.0,0.0,0.0,1.0,0.0
2,200,8.987459923493741,0.0,0.0,0.0,0.0,0.0,0.0,1.0
3,200,11.29875925793292,10.935155346843136,0.0,0.0,0.0,1.0,1.0,1.0
4,200,7.489685923518207,5.799054573842389,0.0,0.0,1.0,0.0,0.0,0.0
5,200,0.9473508662640758,5.034510947087248,0.0,0.0,1.0,1.0,0.0,0.0
6,200,0.0,11.657651708005204,0.0,0.0,0.0,0.0,1.0,0.0
7,200,6.229978595814716,10.740428516718811,0.0,0.0,0.0,1.0,1.0,1.0
8,200,3.5044202948819216,7.102553726678705,0.0,1.0,0.0,0.0,0.0,0.0
9,200,0.0,2.1999899164614583,1.0,0.0,0.0,1.0,0.0,0.0
10,200,12.0,3.660318834229843,0.0,1.0,0.0,1.0,0.0,1.0
11,200,9.999687945253498,11.649862729044454,0.0,1.0,0.0,0.0,0.0,1.0
12,200,10.83727148940356,5.328372288860391,0.0,1.0,0.0,1.0,0.0,0.0
13,200,9.233403846145544,1.263167567454612,1.0,0.0,1.0,1.0,0.0,0.0
14,200,9.62144515882804,7.967102202523122,0.0,1.0,1.0,0.0,1.0,0.0
15,200,4.258025490549905,2.7582440015769785,1.0,0.0,0.0,0.0,0.0,0.0
16,200,1.81075641956931,0.0,1.0,0.0,1.0,0.0,1.0,1.0
17,200,9.921382880035884,9.85295913290718,0.0,1.0,1.0,0.0,1.0,1.0
18,200,12.0,12.0,1.0,1.0,1.0,1.0,0.0,0.0
19,200,0.0,5.805636823147603,0.0,1.0,1.0,0.0,1.0,0.0
20,200,8.10060341746984,7.270961926292922,0.0,0.0,0.0,0.0,0.0,0.0
21,200,5.416777744078469,7.431506706642335,1.0,0.0,1.0,0.0,1.0,0.0
22,200,12.0,8.02482391855653,1.0,1.0,0.0,0.0,0.0,1.0
23,200,8.07394704985301,3.14021601209824,1.0,0.0,1.0,0.0,0.0,0.0
24,200,5.1701286344923405,11.859315732100637,0.0,1.0,0.0,1.0,0.0,1.0
25,200,9.290215603582167,0.2215180733864328,0.0,0.0,1.0,1.0,1.0,1.0
26,200,12.0,6.324631222963612,1.0,1.0,0.0,0.0,0.0,1.0
27,200,7.939543554093229,9.4303372798331,1.0,0.0,0.0,1.0,0.0,1.0
28,200,8.203431816834808,0.566101288199137,0.0,1.0,0.0,0.0,1.0,1.0
29,200,10.23993400124102,7.852844067956062,0.0,1.0,1.0,0.0,0.0,0.0
30,200,6.212325932094837,12.0,0.0,1.0,0.0,0.0,0.0,0.0
31,200,4.262989592555798,4.933835226763016,1.0,0.0,1.0,0.0,0.0,1.0
32,200,9.983500256502104,3.249082485095299,1.0,0.0,1.0,1.0,0.0,1.0
33,200,6.519834137602175,5.774490236788138,1.0,0.0,1.0,1.0,0.0,1.0
34,200,0.0,8.454949488357887,1.0,0.0,0.0,0.0,0.0,0.0
35,200,10.162854448795224,3.4608484226318583,0.0,1.0,0.0,1.0,1.0,0.0
36,200,8.340127501026274,4.498789303256807,0.0,0.0,0.0,1.0,1.0,1.0
37,200,8.094542487983672,4.652358758726126,1.0,1.0,0.0,1.0,0.0,0.0
38,200,8.856650335138083,12.0,0.0,1.0,1.0,1.0,0.0,1.0
39,200,9.08027823430169,5.127870643336613,0.0,0.0,0.0,0.0,0.0,0.0
0,205,7.381554026288526,5.511285106259488,0.0,1.0,0.0,1.0,1.0,0.0
1,205,8.122052717325031,4.26453663574407,1.0,0.0,0.0,0.0,1.0,0.0
2,205,8.992085189449773,0.0,0.0,0.0,0.0,0.0,0.0,1.0
3,205,11.379903157441737,11.186144921805411,0.0,0.0,0.0,1.0,1.0,1.0
4,205,7.497603675756707,5.783738703917162,0.0,0.0,1.0,0.0,0.0,0.0
5,205,0.95731151072511,5.0571037840549975,0.0,0.0,1.0,1.0,0.0,0.0
6,205,0.0,11.791378014005089,0.0,0.0,0.0,0.0,1.0,0.0
7,205,6.215685923175441,10.74296416671758,0.0,0.0,0.0,1.0,1.0,1.0
8,205,3.4832912221661974,7.104950884958247,0.0,1.0,0.0,0.0,0.0,0.0
9,205,0.0,2.255884308513608,1.0,0.0,0.0,1.0,0.0,0.0
10,205,12.0,3.6254282878055295,0.0,1.0,0.0,1.0,0.0,1.0
11,205,9.939266314884309,11.6801005496035,0.0,1.0,0.0,0.0,0.0,1.0
12,205,10.98107152572936,5.3199164565839725,0.0,1.0,0.0,1.0,0.0,0.0
13,205,9.237496063062288,1.2682920293085191,1.0,0.0,1.0,1.0,0.0,0.0
14,205,9.628491702304505,7.986051556959075,0.0,1.0,1.0,0.0,1.0,0.0
15,205,4.168623115260555,2.742136808537143,1.0,0.0,0.0,0.0,0.0,0.0
16,205,1.868587978479733,0.0,1.0,0.0,1.0,0.0,1.0,1.0
17,205,9.89985446301528,9.796517992364608,0.0,1.0,1.0,0.0,1.0,1.0
18,205,12.0,12.0,1.0,1.0,1.0,1.0,0.0,0.0
19,205,0.0,5.991152473596006,0.0,1.0,1.0,0.0,1.0,0.0
20,205,8.093429494837114,7.272697649611099,0.0,0.0,0.0,0.0,0.0,0.0
21,205,5.3830140292619815,7.36553167655328,1.0,0.0,1.0,0.0,1.0,0.0
22,205,12.0,8.064425012596775,1.0,1.0,0.0,0.0,0.0,1.0
23,205,8.05707650871933,3.1302702434891843,1.0,0.0,1.0,0.0,0.0,0.0
24,205,5.1937332087750985,11.915522953008988,0.0,1.0,0.0,1.0,0.0,1.0
25,205,9.232912836987296,0.0749339641073799,0.0,0.0,1.0,1.0,1.0,1.0
26,205,12.0,6.286114911560971,1.0,1.0,0.0,0.0,0.0,1.0
27,205,8.100516882859226,9.50288232079652,1.0,0.0,0.0,1.0,0.0,1.0
28,205,8.291234893435735,0.5597821351890411,0.0,1.0,0.0,0.0,1.0,1.0
29,205,10.345949270682183,7.892593460155296,0.0,1.0,1.0,0.0,0.0,0.0
30,205,6.220060180509261,12.0,0.0,1.0,0.0,0.0,0.0,0.0
31,205,4.237721184862529,4.9096744239152095,1.0,0.0,1.0,0.0,0.0,1.0
32,205,10.046922548839309,3.279015954312164,1.0,0.0,1.0,1.0,0.0,1.0
33,205,6.590143777010667,5.909904110133971,1.0,0.0,1.0,1.0,0.0,1.0
34,205,0.0,8.397188583427857,1.0,0.0,0.0,0.0,0.0,0.0
35,205,10.023921448062556,3.422666131618896,0.0,1.0,0.0,1.0,1.0,0.0
36,205,8.352915673828832,4.548255821108723,0.0,0.0,0.0,1.0,1.0,1.0
37,205,8.125694722840176,4.7384536997268745,1.0,1.0,0.0,1.0,0.0,0.0
38,205,8.895571125657282,12.0,0.0,1.0,1.0,1.0,0.0,1.0
39,205,9.117307830545816,5.183426238924469,0.0,0.0,0.0,0.0,0.0,0.0
0,210,7.493897086041946,5.467066719347147,0.0,1.0,0.0,1.0,1.0,0.0
1,210,7.944284036695016,4.193140989101685,1.0,0.0,0.0,0.0,1.0,0.0
2,210,8.99687643281703,0.0,0.0,0.0,0.0,0.0,0.0,1.0
3,210,11.458488526339236,11.443017199746144,0.0,0.0,0.0,1.0,1.0,1.0
4,210,7.501373024537758,5.776809898225413,0.0,0.0,1.0,0.0,0.0,0.0
5,210,0.9603479797610984,5.064340703035821,0.0,0.0,1.0,1.0,0.0,0.0
6,210,0.0,11.931780276248558,0.0,0.0,0.0,0.0,1.0,0.0
7,210,6.2163419484373055,10.742810486446428,0.0,0.0,0.0,1.0,1.0,1.0
8,210,3.478536094073131,7.105514811792223,0.0,1.0,0.0,0.0,0.0,0.0
9,210,0.0,2.305326589422006,1.0,0.0,0.0,1.0,0.0,0.0
10,210,12.0,3.6066600101293975,0.0,1.0,0.0,1.0,0.0,1.0
11,210,9.862534493776987,11.719379893437775,0.0,1.0,0.0,0.0,0.0,1.0
12,210,11.134645147127678,5.309494966767447,0.0,1.0,0.0,1.0,0.0,0.0
13,210,9.243756550367662,1.2760259969190346,1.0,0.0,1.0,1.0,0.0,0.0
14,210,9.642788894523472,8.023771698652444,0.0,1.0,1.0,0.0,1.0,0.0
15,210,4.072972809394431,2.722846265351433,1.0,0.0,0.0,0.0,0.0,0.0
16,210,1.9108949681130312,0.0,1.0,0.0,1.0,0.0,1.0,1.0
17,210,9.881380140995931,9.750051923246652,0.0,1.0,1.0,0.0,1.0,1.0
18,210,12.0,12.0,1.0,1.0,1.0,1.0,0.0,0.0
19,210,0.0,6.161416914400606,0.0,1.0,1.0,0.0,1.0,0.0
20,210,8.073830928011297,7.277610909997893,0.0,0.0,0.0,0.0,0.0,0.0
21,210,5.355058378342898,7.310638372785046,1.0,0.0,1.0,0.0,1.0,0.0
22,210,12.0,8.09749996034298,1.0,1.0,0.0,0.0,0.0,1.0
23,210,8.05207230791457,3.127411400939388,1.0,0.0,1.0,0.0,0.0,0.0
24,210,5.206509295586809,11.94656118289667,0.0,1.0,0.0,1.0,0.0,1.0
25,210,9.171371522197036,0.0,0.0,0.0,1.0,1.0,1.0,1.0
26,210,12.0,6.242938584266818,1.0,1.0,0.0,0.0,0.0,1.0
27,210,8.259821720586256,9.57392918755082,1.0,0.0,0.0,1.0,0.0,1.0
28,210,8.366857926837495,0.5533207482898796,0.0,1.0,0.0,0.0,1.0,1.0
29,210,10.455679375864564,7.934034126023311,0.0,1.0,1.0,0.0,0.0,0.0
30,210,6.226313907038676,12.0,0.0,1.0,0.0,0.0,0.0,0.0
31,210,4.202229753536322,4.875641318093524,1.0,0.0,1.0,0.0,0.0,1.0
32,210,10.114831680103627,3.310877567981716,1.0,0.0,1.0,1.0,0.0,1.0
33,210,6.659158742022,6.04529648379754,1.0,0.0,1.0,1.0,0.0,1.0
34,210,0.0,8.346712562506886,1.0,0.0,0.0,0.0,0.0,0.0
35,210,9.87225282997697,3.3783948692265007,0.0,1.0,0.0,1.0,1.0,0.0
36,210,8.370770129401476,4.612998259173106,0.0,0.0,0.0,1.0,1.0,1.0
37,210,8.154366491299204,4.824228461224414,1.0,1.0,0.0,1.0,0.0,0.0
38,210,8.940001430703406,12.0,0.0,1.0,1.0,1.0,0.0,1.0
39,210,9.15254046511508,5.234503151025286,0.0,0.0,0.0,0.0,0.0,0.0
0,215,7.589673545000684,5.428841467658518,0.0,1.0,0.0,1.0,1.0,0.0
1,215,8.018000243893201,4.023212356895569,1.0,0.0,0.0,0.0,1.0,0.0
2,215,9.000128025755586,0.0,0.0,0.0,0.0,0.0,0.0,1.0
3,215,11.530970956482072,11.714947243822069,0.0,0.0,0.0,1.0,1.0,1.0
4,215,7.501020614071346,5.77748421881365,0.0,0.0,1.0,0.0,0.0,0.0
5,215,0.955937270119416,5.052790830630461,0.0,0.0,1.0,1.0,0.0,0.0
6,215,0.0,12.0,0.0,0.0,0.0,0.0,1.0,0.0
7,215,6.210760738695414,10.744120876586091,0.0,0.0,0.0,1.0,1.0,1.0
8,215,3.4675963639442906,7.10680644522822,0.0,1.0,0.0,0.0,0.0,0.0
9,215,0.0,2.356792266238883,1.0,0.0,0.0,1.0,0.0,0.0
10,215,12.0,3.5763058405971635,0.0,1.0,0.0,1.0,0.0,1.0
11,215,9.774929492054437,11.76627095808866,0.0,1.0,0.0,0.0,0.0,1.0
12,215,11.29529734564484,5.300979083645906,0.0,1.0,0.0,1.0,0.0,0.0
13,215,9.253370755994656,1.287278546439969,1.0,0.0,1.0,1.0,0.0,0.0
14,215,9.654017773138056,8.05402625063494,0.0,1.0,1.0,0.0,1.0,0.0
15,215,3.970671192971402,2.702181957033234,1.0,0.0,0.0,0.0,0.0,0.0
16,215,1.9521476693230717,0.0,1.0,0.0,1.0,0.0,1.0,1.0
17,215,9.863206913955484,9.70528030693322,0.0,1.0,1.0,0.0,1.0,1.0
18,215,12.0,12.0,1.0,1.0,1.0,1.0,0.0,0.0
19,215,0.0,6.3221528946274415,0.0,1.0,1.0,0.0,1.0,0.0
20,215,8.065317338685523,7.279726142792064,0.0,0.0,0.0,0.0,0.0,0.0
21,215,5.331316405384455,7.263300390865057,1.0,0.0,1.0,0.0,1.0,0.0
22,215,12.0,8.128575264461665,1.0,1.0,0.0,0.0,0.0,1.0
23,215,8.044699737221647,3.1232456808608418,1.0,0.0,1.0,0.0,0.0,0.0
24,215,5.227994177904997,12.0,0.0,1.0,0.0,1.0,0.0,1.0
25,215,9.10751451623098,0.0,0.0,0.0,1.0,1.0,1.0,1.0
26,215,12.0,6.201180558423378,1.0,1.0,0.0,0.0,0.0,1.0
27,215,8.426773013785192,9.650129985727704,1.0,0.0,0.0,1.0,0.0,1.0
28,215,8.438812763955493,0.5483380400597754,0.0,1.0,0.0,0.0,1.0,1.0
29,215,10.573902535857606,7.982222867204179,0.0,1.0,1.0,0.0,0.0,0.0
30,215,6.230104455219236,12.0,0.0,1.0,0.0,0.0,0.0,0.0
31,215,4.155274019749408,4.833227563284745,1.0,0.0,1.0,0.0,0.0,1.0
32,215,10.18175685290691,3.33960663117965,1.0,0.0,1.0,1.0,0.0,1.0
33,215,6.715703899925076,6.15989381773319,1.0,0.0,1.0,1.0,0.0,1.0
34,215,0.0,8.298787363699935,1.0,0.0,0.0,0.0,0.0,0.0
35,215,9.732675251866205,3.338999242746189,0.0,1.0,0.0,1.0,1.0,0.0
36,215,8.384814479156319,4.663859853741093,0.0,0.0,0.0,1.0,1.0,1.0
37,215,8.179916848104817,4.902479438370651,1.0,1.0,0.0,1.0,0.0,0.0
38,215,8.97354153377929,12.0,0.0,1.0,1.0,1.0,0.0,1.0
39,215,9.197581594660198,5.296889779665289,0.0,0.0,0.0,0.0,0.0,0.0
0,220,7.687712874603904,5.394756882829434,0.0,1.0,0.0,1.0,1.0,0.0
1,220,8.098819071800676,3.8550815540206607,1.0,0.0,0.0,0.0,1.0,0.0
2,220,9.00121242570676,0.0,0.0,0.0,0.0,0.0,0.0,1.0
3,220,11.60320181427293,11.980294863974091,0.0,0.0,0.0,1.0,1.0,1.0
4,220,7.496659881636591,5.785527660808439,0.0,0.0,1.0,0.0,0.0,0.0
5,220,0.9533145899577228,5.045961139762746,0.0,0.0,1.0,1.0,0.0,0.0
6,220,0.0,12.0,0.0,0.0,0.0,0.0,1.0,0.0
7,220,6.222589531432327,10.741596264506136,0.0,0.0,0.0,1.0,1.0,1.0
8,220,3.4500611030171497,7.10873264462698,0.0,1.0,0.0,0.0,0.0,0.0
9,220,0.0,2.3980470877571625,1.0,0.0,0.0,1.0,0.0,0.0
10,220,12.0,3.553213297876116,0.0,1.0,0.0,1.0,0.0,1.0
11,220,9.700270384098426,11.803959325301724,0.0,1.0,0.0,0.0,0.0,1.0
12,220,11.452189083968976,5.292678454706381,0.0,1.0,0.0,1.0,0.0,0.0
13,220,9.26775723653651,1.3039271107865622,1.0,0.0,1.0,1.0,0.0,0.0
14,220,9.665848377198456,8.084166093209573,0.0,1.0,1.0,0.0,1.0,0.0
15,220,3.894298785990428,2.68636142587547,1.0,0.0,0.0,0.0,0.0,0.0
16,220,1.992601703761924,0.0,1.0,0.0,1.0,0.0,1.0,1.0
17,220,9.8452706198115,9.660218765261453,0.0,1.0,1.0,0.0,1.0,1.0
18,220,12.0,12.0,1.0,1.0,1.0,1.0,0.0,0.0
19,220,0.0,6.480856056423963,0.0,1.0,1.0,0.0,1.0,0.0
20,220,8.037256170337328,7.287798711662423,0.0,0.0,0.0,0.0,0.0,0.0
21,220,5.30468514173134,7.212514978078279,1.0,0.0,1.0,0.0,1.0,0.0
22,220,12.0,8.164199528964316,1.0,1.0,0.0,0.0,0.0,1.0
23,220,8.026903801225043,3.113947055890812,1.0,0.0,1.0,0.0,0.0,0.0
24,220,5.245529810734058,12.0,0.0,1.0,0.0,1.0,0.0,1.0
25,220,9.043436381245009,0.0,0.0,0.0,1.0,1.0,1.0,1.0
26,220,12.0,6.165088579910462,1.0,1.0,0.0,0.0,0.0,1.0
27,220,8.596203399202365,9.72778415421642,1.0,0.0,0.0,1.0,0.0,1.0
28,220,8.493044080924516,0.5454563514644306,0.0,1.0,0.0,0.0,1.0,1.0
29,220,10.716024147878247,8.035960577086119,0.0,1.0,1.0,0.0,0.0,0.0
30,220,6.234387784816701,12.0,0.0,1.0,0.0,0.0,0.0,0.0
31,220,4.103522076233739,4.786917160813276,1.0,0.0,1.0,0.0,0.0,1.0
32,220,10.237716079441451,3.364524735847252,1.0,0.0,1.0,1.0,0.0,1.0
33,220,6.771325386595628,6.272894421257848,1.0,0.0,1.0,1.0,0.0,1.0
34,220,0.0,8.239116996017033,1.0,0.0,0.0,0.0,0.0,0.0
35,220,9.598824810586574,3.301503249793861,0.0,1.0,0.0,1.0,1.0,0.0
36,220,8.39557780898016,4.7047754810538125,0.0,0.0,0.0,1.0,1.0,1.0
37,220,8.20310410009477,4.9745869060424885,1.0,1.0,0.0,1.0,0.0,0.0
38,220,9.01132974565405,12.0,0.0,1.0,1.0,1.0,0.0,1.0
39,220,9.236313998325844,5.351656289785265,0.0,0.0,0.0,0.0,0.0,0.0
0,225,7.772767774183002,5.365199618461221,0.0,1.0,0.0,1.0,1.0,0.0
1,225,8.174599696043561,3.703534906289451,1.0,0.0,0.0,0.0,1.0,0.0
2,225,9.004319653512406,0.0,0.0,0.0,0.0,0.0,0.0,1.0
3,225,11.672097037301713,12.0,0.0,0.0,0.0,1.0,1.0,1.0
4,225,7.494409960276333,5.78968690017153,0.0,0.0,1.0,0.0,0.0,0.0
5,225,0.9450346877709002,5.02403700739348,0.0,0.0,1.0,1.0,0.0,0.0
6,225,0.0,12.0,0.0,0.0,0.0,0.0,1.0,0.0
7,225,6.230672610647062,10.739904900761369,0.0,0.0,0.0,1.0,1.0,1.0
8,225,3.437251573002221,7.110000999396298,0.0,1.0,0.0,0.0,0.0,0.0
9,225,0.0,2.428393028518776,1.0,0.0,0.0,1.0,0.0,0.0
10,225,12.0,3.520953546570816,0.0,1.0,0.0,1.0,0.0,1.0
11,225,9.61876857151508,11.842569621368236,0.0,1.0,0.0,0.0,0.0,1.0
12,225,11.590451091752143,5.2865797728899215,0.0,1.0,0.0,1.0,0.0,0.0
13,225,9.262140424626995,1.2975407847691247,1.0,0.0,1.0,1.0,0.0,0.0
14,225,9.684937765484865,8.127983153513492,0.0,1.0,1.0,0.0,1.0,0.0
15,225,3.835101376585571,2.673943589103717,1.0,0.0,0.0,0.0,0.0,0.0
16,225,2.041068027023727,0.0,1.0,0.0,1.0,0.0,1.0,1.0
17,225,9.829738428294654,9.621171662915131,0.0,1.0,1.0,0.0,1.0,1.0
18,225,12.0,12.0,1.0,1.0,1.0,1.0,0.0,0.0
19,225,0.0,6.632022542708812,0.0,1.0,1.0,0.0,1.0,0.0
20,225,8.005599513326333,7.296257296538717,0.0,0.0,0.0,0.0,0.0,0.0
21,225,5.277474336976207,7.161320895356143,1.0,0.0,1.0,0.0,1.0,0.0
22,225,12.0,8.207602054194698,1.0,1.0,0.0,0.0,0.0,1.0
23,225,7.989397525995855,3.094665844368016,1.0,0.0,1.0,0.0,0.0,0.0
24,225,5.263188819087888,12.0,0.0,1.0,0.0,1.0,0.0,1.0
25,225,8.979715397585624,0.0,0.0,0.0,1.0,1.0,1.0,1.0
26,225,12.0,6.123008515878008,1.0,1.0,0.0,0.0,0.0,1.0
27,225,8.78846675117871,9.810406993736455,1.0,0.0,0.0,1.0,0.0,1.0
28,225,8.572895536110114,0.5412115334110985,0.0,1.0,0.0,0.0,1.0,1.0
29,225,10.861404223153317,8.088993138377408,0.0,1.0,1.0,0.0,0.0,0.0
30,225,6.238574714969477,12.0,0.0,1.0,0.0,0.0,0.0,0.0
31,225,4.057104126527716,4.745017615248351,1.0,0.0,1.0,0.0,0.0,1.0
32,225,10.297170649139074,3.3907045567245886,1.0,0.0,1.0,1.0,0.0,1.0
33,225,6.815112136537723,6.364235228878478,1.0,0.0,1.0,1.0,0.0,1.0
34,225,0.0,8.180567460582774,1.0,0.0,0.0,0.0,0.0,0.0
35,225,9.48808526005556,3.27081703897624,0.0,1.0,0.0,1.0,1.0,0.0
36,225,8.412227778816227,4.766776273636843,0.0,0.0,0.0,1.0,1.0,1.0
37,225,8.217884881010432,5.022198105164036,1.0,1.0,0.0,1.0,0.0,0.0
38,225,9.060816415954353,12.0,0.0,1.0,1.0,1.0,0.0,1.0
39,225,9.2724782700345,5.401514698001554,0.0,0.0,0.0,0.0,0.0,0.0
0,230,7.849389638696621,5.340781649546904,0.0,1.0,0.0,1.0,1.0,0.0
1,230,8.254878582596195,3.5445802453925936,1.0,0.0,0.0,0.0,1.0,0.0
2,230,9.006997048892165,0.0,0.0,0.0,0.0,0.0,0.0,1.0
3,230,11.744580494621156,12.0,0.0,0.0,0.0,1.0,1.0,1.0
4,230,7.481987865356371,5.813408121514272,0.0,0.0,1.0,0.0,0.0,0.0
5,230,0.937813482164352,5.004046987504843,0.0,0.0,1.0,1.0,0.0,0.0
6,230,0.0,11.926428017488297,0.0,0.0,0.0,0.0,1.0,0.0
7,230,6.253769561626969,10.734914115626532,0.0,0.0,0.0,1.0,1.0,1.0
8,230,3.438417792129374,7.121393382201104,0.0,1.0,0.0,0.0,0.0,0.0
9,230,0.0,2.45634294699876,1.0,0.0,0.0,1.0,0.0,0.0
10,230,12.0,3.4830887858869577,0.0,1.0,0.0,1.0,0.0,1.0
11,230,9.549990607955332,11.876521630561829,0.0,1.0,0.0,0.0,0.0,1.0
12,230,11.731039697322938,5.276373668422933,0.0,1.0,0.0,1.0,0.0,0.0
13,230,9.256244361131806,1.29066373823252,1.0,0.0,1.0,1.0,0.0,0.0
14,230,9.706464599704027,8.178114940906225,0.0,1.0,1.0,0.0,1.0,0.0
15,230,3.756555142669817,2.659129692534408,1.0,0.0,0.0,0.0,0.0,0.0
16,230,2.0948824028882136,0.0,1.0,0.0,1.0,0.0,1.0,1.0
17,230,9.808894687471645,9.566203724267096,0.0,1.0,1.0,0.0,1.0,1.0
18,230,12.0,12.0,1.0,1.0,1.0,1.0,0.0,0.0
19,230,0.0,6.783789818108201,0.0,1.0,1.0,0.0,1.0,0.0
20,230,7.992357510267169,7.299513408840825,0.0,0.0,0.0,0.0,0.0,0.0
21,230,5.253432811898294,7.1160999465837005,1.0,0.0,1.0,0.0,1.0,0.0
22,230,12.0,8.263016691150511,1.0,1.0,0.0,0.0,0.0,1.0
23,230,7.967132354485221,3.082470254397508,1.0,0.0,1.0,0.0,0.0,0.0
24,230,5.277455472905464,12.0,0.0,1.0,0.0,1.0,0.0,1.0
25,230,8.814157520576092,0.0628799774884058,0.0,0.0,1.0,1.0,1.0,1.0
26,230,12.0,6.0900162910375775,1.0,1.0,0.0,0.0,0.0,1.0
27,230,8.995552574332201,9.896463639452518,1.0,0.0,0.0,1.0,0.0,1.0
28,230,8.647668300193107,0.5382768892539089,0.0,1.0,0.0,0.0,1.0,1.0
29,230,10.912354415909483,7.952380050880847,0.0,1.0,1.0,0.0,0.0,0.0
30,230,6.245366470420595,12.0,0.0,1.0,0.0,0.0,0.0,0.0
31,230,4.002759887038201,4.697617201407983,1.0,0.0,1.0,0.0,0.0,1.0
32,230,10.363893408119502,3.4196318575606908,1.0,0.0,1.0,1.0,0.0,1.0
33,230,6.857299066157754,6.449533287910661,1.0,0.0,1.0,1.0,0.0,1.0
34,230,0.0,8.13116803602495,1.0,0.0,0.0,0.0,0.0,0.0
35,230,9.372728892287896,3.2409830397208217,0.0,1.0,0.0,1.0,1.0,0.0
36,230,8.42961773637449,4.831074662881078,0.0,0.0,0.0,1.0,1.0,1.0
37,230,8.235879885669817,5.085464984539095,1.0,1.0,0.0,1.0,0.0,0.0
38,230,9.112962263518211,12.0,0.0,1.0,1.0,1.0,0.0,1.0
39,230,9.30279463918818,5.444990104818526,0.0,0.0,0.0,0.0,0.0,0.0
0,235,7.912518049492163,5.320626390629649,0.0,1.0,0.0,1.0,1.0,0.0
1,235,8.335311077297487,3.393303046148417,1.0,0.0,0.0,0.0,1.0,0.0
2,235,9.010238687938214,0.0,0.0,0.0,0.0,0.0,0.0,1.0
3,235,11.82361044761261,12.0,0.0,0.0,0.0,1.0,1.0,1.0
4,235,7.485826852125835,5.805989012396938,0.0,0.0,1.0,0.0,0.0,0.0
5,235,0.9321059276257524,4.988230946707566,0.0,0.0,1.0,1.0,0.0,0.0
6,235,0.0,11.84753436029528,0.0,0.0,0.0,0.0,1.0,0.0
7,235,6.3056927499531135,10.72440681125905,0.0,0.0,0.0,1.0,1.0,1.0
8,235,3.4364717713113824,7.098065293200395,0.0,1.0,0.0,0.0,0.0,0.0
9,235,0.0,2.4849434417539635,1.0,0.0,0.0,1.0,0.0,0.0
10,235,12.0,3.435596417889318,0.0,1.0,0.0,1.0,0.0,1.0
11,235,9.483610651426009,11.912330379542292,0.0,1.0,0.0,0.0,0.0,1.0
12,235,11.8650001584664,5.264057897137583,0.0,1.0,0.0,1.0,0.0,0.0
13,235,9.246142653182767,1.279103271037458,1.0,0.0,1.0,1.0,0.0,0.0
14,235,9.724144194035413,8.220534456598081,0.0,1.0,1.0,0.0,1.0,0.0
15,235,3.6964946284524816,2.647833129249332,1.0,0.0,0.0,0.0,0.0,0.0
16,235,2.152787951695616,0.0,1.0,0.0,1.0,0.0,1.0,1.0
17,235,9.7895123765885,9.514610409434365,0.0,1.0,1.0,0.0,1.0,1.0
18,235,12.0,12.0,1.0,1.0,1.0,1.0,0.0,0.0
19,235,0.0,6.94074648331546,0.0,1.0,1.0,0.0,1.0,0.0
20,235,7.97953290732008,7.302473203485638,0.0,0.0,0.0,0.0,0.0,0.0
21,235,5.2216044370690575,7.056090641043991,1.0,0.0,1.0,0.0,1.0,0.0
22,235,12.0,8.304456544258782,1.0,1.0,0.0,0.0,0.0,1.0
23,235,7.9127709356143,3.052020033778701,1.0,0.0,1.0,0.0,0.0,0.0
24,235,5.297483114022223,12.0,0.0,1.0,0.0,1.0,0.0,1.0
25,235,8.653390062419415,0.1252130179186265,0.0,0.0,1.0,1.0,1.0,1.0
26,235,12.0,6.061033272434993,1.0,1.0,0.0,0.0,0.0,1.0
27,235,9.186031456706733,9.981435855012952,1.0,0.0,0.0,1.0,0.0,1.0
28,235,8.733139108412542,0.5337763577867927,0.0,1.0,0.0,0.0,1.0,1.0
29,235,10.964595780290862,7.802952000980393,0.0,1.0,1.0,0.0,0.0,0.0
30,235,6.251667704250626,12.0,0.0,1.0,0.0,0.0,0.0,0.0
31,235,3.9764843315724687,4.673891701100973,1.0,0.0,1.0,0.0,0.0,1.0
32,235,10.432406938273528,3.4464452453000494,1.0,0.0,1.0,1.0,0.0,1.0
33,235,6.897136293406379,6.535799684850921,1.0,0.0,1.0,1.0,0.0,1.0
34,235,0.0,8.091838469484847,1.0,0.0,0.0,0.0,0.0,0.0
35,235,9.2614046318568,3.211880125219168,0.0,1.0,0.0,1.0,1.0,0.0
36,235,8.449960787344146,4.909028111142401,0.0,0.0,0.0,1.0,1.0,1.0
37,235,8.247262700302795,5.125890946141962,1.0,1.0,0.0,1.0,0.0,0.0
38,235,9.17451420905153,12.0,0.0,1.0,1.0,1.0,0.0,1.0
39,235,9.34110472802975,5.499430055451901,0.0,0.0,0.0,0.0,0.0,0.0
0,240,7.958441909131449,5.304981021036013,0.0,1.0,0.0,1.0,1.0,0.0
1,240,8.412819162665171,3.253329175251936,1.0,0.0,0.0,0.0,1.0,0.0
2,240,9.01101622351848,0.0,0.0,0.0,0.0,0.0,0.0,1.0
3,240,11.914057974539896,12.0,0.0,0.0,0.0,1.0,1.0,1.0
4,240,7.494229301587979,5.790817872148639,0.0,0.0,1.0,0.0,0.0,0.0
5,240,0.9340732427143909,4.9941262803922415,0.0,0.0,1.0,1.0,0.0,0.0
6,240,0.0,11.76036382375496,0.0,0.0,0.0,0.0,1.0,0.0
7,240,6.380333059763625,10.710477857892752,0.0,0.0,0.0,1.0,1.0,1.0
8,240,3.433988134520021,7.066868614312292,0.0,1.0,0.0,0.0,0.0,0.0
9,240,0.0,2.5194026967142142,1.0,0.0,0.0,1.0,0.0,0.0
10,240,12.0,3.3773760085042204,0.0,1.0,0.0,1.0,0.0,1.0
11,240,9.425205198821276,11.943886791852762,0.0,1.0,0.0,0.0,0.0,1.0
12,240,11.976241869752435,5.255720167638735,0.0,1.0,0.0,1.0,0.0,0.0
13,240,9.226039147495678,1.2543666618562248,1.0,0.0,1.0,1.0,0.0,0.0
14,240,9.733093792613293,8.242064689604735,0.0,1.0,1.0,0.0,1.0,0.0
15,240,3.654575059849576,2.639510688659513,1.0,0.0,0.0,0.0,0.0,0.0
16,240,2.204844597389379,0.0,1.0,0.0,1.0,0.0,1.0,1.0
17,240,9.767840101464309,9.459705430410336,0.0,1.0,1.0,0.0,1.0,1.0
18,240,12.0,12.0,1.0,1.0,1.0,1.0,0.0,0.0
19,240,0.0,7.105976344346146,0.0,1.0,1.0,0.0,1.0,0.0
20,240,7.953224482050648,7.308708954689614,0.0,0.0,0.0,0.0,0.0,0.0
21,240,5.19072406835522,6.998721870219663,1.0,0.0,1.0,0.0,1.0,0.0
22,240,12.0,8.359560828983142,1.0,1.0,0.0,0.0,0.0,1.0
23,240,7.8532824285654845,3.0200901715758657,1.0,0.0,1.0,0.0,0.0,0.0
24,240,5.319300296841951,12.0,0.0,1.0,0.0,1.0,0.0,1.0
25,240,8.497918814996783,0.1889454845892438,0.0,0.0,1.0,1.0,1.0,1.0
26,240,12.0,6.034622027372311,1.0,1.0,0.0,0.0,0.0,1.0
27,240,9.390990999523966,10.069625178621228,1.0,0.0,0.0,1.0,0.0,1.0
28,240,8.828624681054373,0.5285700061486569,0.0,1.0,0.0,0.0,1.0,1.0
29,240,11.012768127531167,7.649995852929395,0.0,1.0,1.0,0.0,0.0,0.0
30,240,6.256801701889655,12.0,0.0,1.0,0.0,0.0,0.0,0.0
31,240,3.954997588030993,4.653507233348448,1.0,0.0,1.0,0.0,0.0,1.0
32,240,10.515061271417675,3.480759622922788,1.0,0.0,1.0,1.0,0.0,1.0
33,240,6.931223286458197,6.609905738714113,1.0,0.0,1.0,1.0,0.0,1.0
34,240,0.0,8.052009166664376,1.0,0.0,0.0,0.0,0.0,0.0
35,240,9.171151315342165,3.1892427638963827,0.0,1.0,0.0,1.0,1.0,0.0
36,240,8.468342482082843,4.987587726803604,0.0,0.0,0.0,1.0,1.0,1.0
37,240,8.263125695649515,5.181410855919856,1.0,1.0,0.0,1.0,0.0,0.0
38,240,9.23205898997419,12.0,0.0,1.0,1.0,1.0,0.0,1.0
39,240,9.372852272926284,5.548302534588491,0.0,0.0,0.0,0.0,0.0,0.0
0,245,7.994281760336893,5.293029271561117,0.0,1.0,0.0,1.0,1.0,0.0
1,245,8.485117711176086,3.121169596805916,1.0,0.0,0.0,0.0,1.0,0.0
2,245,9.012394459122293,0.0,0.0,0.0,0.0,0.0,0.0,1.0
3,245,11.999894842347327,12.0,0.0,0.0,0.0,1.0,1.0,1.0
4,245,7.508125422010492,5.765847745704585,0.0,0.0,1.0,0.0,0.0,0.0
5,245,0.9398834931250434,5.010816126419255,0.0,0.0,1.0,1.0,0.0,0.0
6,245,0.0,11.66777611615943,0.0,0.0,0.0,0.0,1.0,0.0
7,245,6.451619058165451,10.695067519517284,0.0,0.0,0.0,1.0,1.0,1.0
8,245,3.432141635955789,7.034953034166546,0.0,1.0,0.0,0.0,0.0,0.0
9,245,0.0,2.5403358897287016,1.0,0.0,0.0,1.0,0.0,0.0
10,245,12.0,3.332525308522828,0.0,1.0,0.0,1.0,0.0,1.0
11,245,9.354798112916216,11.98011671091094,0.0,1.0,0.0,0.0,0.0,1.0
12,245,12.0,5.2477910283281295,0.0,1.0,0.0,1.0,0.0,0.0
13,245,9.209172848438838,1.2340480561276048,1.0,0.0,1.0,1.0,0.0,0.0
14,245,9.745191769663434,8.272850441156052,0.0,1.0,1.0,0.0,1.0,0.0
15,245,3.605986687090762,2.6304328251688536,1.0,0.0,0.0,0.0,0.0,0.0
16,245,2.253463827672722,0.0,1.0,0.0,1.0,0.0,1.0,1.0
17,245,9.742264795295323,9.384500337532472,0.0,1.0,1.0,0.0,1.0,1.0
18,245,12.0,12.0,1.0,1.0,1.0,1.0,0.0,0.0
19,245,0.0,7.279839345640693,0.0,1.0,1.0,0.0,1.0,0.0
20,245,7.917653821476898,7.316433836278091,0.0,0.0,0.0,0.0,0.0,0.0
21,245,5.153359409665018,6.929042682847507,1.0,0.0,1.0,0.0,1.0,0.0
22,245,12.0,8.402090372117982,1.0,1.0,0.0,0.0,0.0,1.0
23,245,7.779540460046176,2.978448689306388,1.0,0.0,1.0,0.0,0.0,0.0
24,245,5.352934372348222,12.0,0.0,1.0,0.0,1.0,0.0,1.0
25,245,8.353393133237423,0.2526326350779011,0.0,0.0,1.0,1.0,1.0,1.0
26,245,12.0,6.010732115765111,1.0,1.0,0.0,0.0,0.0,1.0
27,245,9.594692092572686,10.158298910661562,1.0,0.0,0.0,1.0,0.0,1.0
28,245,8.929865718537126,0.5225495920578016,0.0,1.0,0.0,0.0,1.0,1.0
29,245,11.062614583322327,7.491609302316881,0.0,1.0,1.0,0.0,0.0,0.0
30,245,6.26259283665072,12.0,0.0,1.0,0.0,0.0,0.0,0.0
31,245,3.925556787758758,4.624775372798275,1.0,0.0,1.0,0.0,0.0,1.0
32,245,10.630711005983423,3.528921255016828,1.0,0.0,1.0,1.0,0.0,1.0
33,245,6.979072237719059,6.710074248162492,1.0,0.0,1.0,1.0,0.0,1.0
34,245,0.0,8.001166110259378,1.0,0.0,0.0,0.0,0.0,0.0
35,245,9.083662429133996,3.1650087828331417,0.0,1.0,0.0,1.0,1.0,0.0
36,245,8.479782238213154,5.039137906566824,0.0,0.0,0.0,1.0,1.0,1.0
37,245,8.276859939086023,5.231216266656669,1.0,1.0,0.0,1.0,0.0,0.0
38,245,9.301933066293063,12.0,0.0,1.0,1.0,1.0,0.0,1.0
39,245,9.418694349176102,5.618903529348343,0.0,0.0,0.0,0.0,0.0,0.0
0,250,8.023535391970666,5.28295672757996,0.0,1.0,0.0,1.0,1.0,0.0
1,250,8.559950117441282,2.9961759822410974,1.0,0.0,0.0,0.0,1.0,0.0
2,250,9.00914839565363,0.0,0.0,0.0,0.0,0.0,0.0,1.0
3,250,12.0,12.0,0.0,0.0,0.0,1.0,1.0,1.0
4,250,7.515746218579698,5.752118355371525,0.0,0.0,1.0,0.0,0.0,0.0
5,250,0.9727398482612318,5.000215906937699,0.0,0.0,1.0,1.0,0.0,0.0
6,250,0.0,11.570565357755,0.0,0.0,0.0,0.0,1.0,0.0
7,250,6.52406273382239,10.677876352052898,0.0,0.0,0.0,1.0,1.0,1.0
8,250,3.429573634099845,7.0001483013464405,0.0,1.0,0.0,0.0,0.0,0.0
9,250,0.0,2.565304999240432,1.0,0.0,0.0,1.0,0.0,0.0
10,250,12.0,3.2909635885352326,0.0,1.0,0.0,1.0,0.0,1.0
11,250,9.26916399716049,12.0,0.0,1.0,0.0,0.0,0.0,1.0
12,250,12.0,5.236499171933764,0.0,1.0,0.0,1.0,0.0,0.0
13,250,9.19393035725255,1.2160360025414845,1.0,0.0,1.0,1.0,0.0,0.0
14,250,9.759777042063073,8.312057964354873,0.0,1.0,1.0,0.0,1.0,0.0
15,250,3.5575329163200835,2.6202486725364023,1.0,0.0,0.0,0.0,0.0,0.0
16,250,2.293467584659316,0.0,1.0,0.0,1.0,0.0,1.0,1.0
17,250,9.711646277795664,9.304561557671835,0.0,1.0,1.0,0.0,1.0,1.0
18,250,12.0,12.0,1.0,1.0,1.0,1.0,0.0,0.0
19,250,0.0,7.44223172280985,0.0,1.0,1.0,0.0,1.0,0.0
20,250,7.866515623956188,7.3277860729779585,0.0,0.0,0.0,0.0,0.0,0.0
21,250,5.119943921105309,6.869811904522907,1.0,0.0,1.0,0.0,1.0,0.0
22,250,12.0,8.449598638269729,1.0,1.0,0.0,0.0,0.0,1.0
23,250,7.694291175585147,2.930069165901548,1.0,0.0,1.0,0.0,0.0,0.0
24,250,5.380348144744168,12.0,0.0,1.0,0.0,1.0,0.0,1.0
25,250,8.196734605836578,0.3211708448351079,0.0,0.0,1.0,1.0,1.0,1.0
26,250,12.0,5.995547223851483,1.0,1.0,0.0,0.0,0.0,1.0
27,250,9.812000948934138,10.25124296191736,1.0,0.0,0.0,1.0,0.0,1.0
28,250,8.994608424584394,0.5204678924685867,0.0,1.0,0.0,0.0,1.0,1.0
29,250,11.110786317534169,7.336214143374413,0.0,1.0,1.0,0.0,0.0,0.0
30,250,6.270918795962014,12.0,0.0,1.0,0.0,0.0,0.0,0.0
31,250,3.910417396954918,4.609534376495408,1.0,0.0,1.0,0.0,0.0,1.0
32,250,10.731824382684914,3.572865974407048,1.0,0.0,1.0,1.0,0.0,1.0
33,250,7.020870544214013,6.800988957419279,1.0,0.0,1.0,1.0,0.0,1.0
34,250,0.0,7.950043023361551,1.0,0.0,0.0,0.0,0.0,0.0
35,250,8.959749468941133,3.131444531615242,0.0,1.0,0.0,1.0,1.0,0.0
36,250,8.492361645700669,5.092001230920148,0.0,0.0,0.0,1.0,1.0,1.0
37,250,8.28882988596333,5.274311261448579,1.0,1.0,0.0,1.0,0.0,0.0
38,250,9.383956294907367,12.0,0.0,1.0,1.0,1.0,0.0,1.0
39,250,9.460136701473742,5.682979463240941,0.0,0.0,0.0,0.0,0.0,0.0
0,255,8.030410086076605,5.280553699905735,0.0,1.0,0.0,1.0,1.0,0.0
1,255,8.636750782120332,2.8738851818457967,1.0,0.0,0.0,0.0,1.0,0.0
2,255,9.008625253630562,0.0,0.0,0.0,0.0,0.0,0.0,1.0
3,255,12.0,12.0,0.0,0.0,0.0,1.0,1.0,1.0
4,255,7.517936921129377,5.748353812100822,0.0,0.0,1.0,0.0,0.0,0.0
5,255,1.0076612320689349,4.98846532037008,0.0,0.0,1.0,1.0,0.0,0.0
6,255,0.0,11.467596272096149,0.0,0.0,0.0,0.0,1.0,0.0
7,255,6.59634781391564,10.661181488051003,0.0,0.0,0.0,1.0,1.0,1.0
8,255,3.4254950140955653,6.963778689619786,0.0,1.0,0.0,0.0,0.0,0.0
9,255,0.0,2.590835423332853,1.0,0.0,0.0,1.0,0.0,0.0
10,255,12.0,3.253541499252412,0.0,1.0,0.0,1.0,0.0,1.0
11,255,9.191241715221786,12.0,0.0,1.0,0.0,0.0,0.0,1.0
12,255,12.0,5.223826519761782,0.0,1.0,0.0,1.0,0.0,0.0
13,255,9.191935141855032,1.21381705218781,1.0,0.0,1.0,1.0,0.0,0.0
14,255,9.768801711901377,8.336976744928107,0.0,1.0,1.0,0.0,1.0,0.0
15,255,3.4785090535904337,2.6047294085686947,1.0,0.0,0.0,0.0,0.0,0.0
16,255,2.3354336598032805,0.0,1.0,0.0,1.0,0.0,1.0,1.0
17,255,9.688317107320694,9.240020586157526,0.0,1.0,1.0,0.0,1.0,1.0
18,255,12.0,12.0,1.0,1.0,1.0,1.0,0.0,0.0
19,255,0.0,7.603312146751107,0.0,1.0,1.0,0.0,1.0,0.0
20,255,7.80792201060772,7.341921317989245,0.0,0.0,0.0,0.0,0.0,0.0
21,255,5.091585350247834,6.819925977499784,1.0,0.0,1.0,0.0,1.0,0.0
22,255,12.0,8.498140197278293,1.0,1.0,0.0,0.0,0.0,1.0
23,255,7.605055656263782,2.8782396828936143,1.0,0.0,1.0,0.0,0.0,0.0
24,255,5.419986755225167,12.0,0.0,1.0,0.0,1.0,0.0,1.0
25,255,8.045671884914997,0.3901515956286614,0.0,0.0,1.0,1.0,1.0,1.0
26,255,12.0,5.985537816595862,1.0,1.0,0.0,0.0,0.0,1.0
27,255,10.043277904434731,10.353507517361336,1.0,0.0,0.0,1.0,0.0,1.0
28,255,9.058691298051771,0.518193721837414,0.0,1.0,0.0,0.0,1.0,1.0
29,255,11.15875361592056,7.180431580639397,0.0,1.0,1.0,0.0,0.0,0.0
30,255,6.281689497837552,12.0,0.0,1.0,0.0,0.0,0.0,0.0
31,255,3.895761431075001,4.5954329032863335,1.0,0.0,1.0,0.0,0.0,1.0
32,255,10.845891348253506,3.618784683748189,1.0,0.0,1.0,1.0,0.0,1.0
33,255,7.063277195691028,6.898570149415712,1.0,0.0,1.0,1.0,0.0,1.0
34,255,0.0,7.897602959019707,1.0,0.0,0.0,0.0,0.0,0.0
35,255,8.840274317077858,3.0998794430233807,0.0,1.0,0.0,1.0,1.0,0.0
36,255,8.503195606706937,5.134500689722141,0.0,0.0,0.0,1.0,1.0,1.0
37,255,8.301263361885583,5.320707831729879,1.0,1.0,0.0,1.0,0.0,0.0
38,255,9.46520539853718,12.0,0.0,1.0,1.0,1.0,0.0,1.0
39,255,9.504204571911073,5.75374963578325,0.0,0.0,0.0,0.0,0.0,0.0
0,260,8.032275129372112,5.279873009465264,0.0,1.0,0.0,1.0,1.0,0.0
1,260,8.724378657433068,2.736804777929424,1.0,0.0,0.0,0.0,1.0,0.0
2,260,9.009258249620618,6.216456930845111e-05,0.0,0.0,0.0,0.0,0.0,1.0
3,260,12.0,12.0,0.0,0.0,0.0,1.0,1.0,1.0
4,260,7.499345837505153,5.781761101356735,0.0,0.0,1.0,0.0,0.0,0.0
5,260,1.0390234112123515,4.978119163677087,0.0,0.0,1.0,1.0,0.0,0.0
6,260,0.0,11.365797705906392,0.0,0.0,0.0,0.0,1.0,0.0
7,260,6.645314323598425,10.650259030088892,0.0,0.0,0.0,1.0,1.0,1.0
8,260,3.4240217804145443,6.947763866234108,0.0,1.0,0.0,0.0,0.0,0.0
9,260,0.0,2.6094378051384632,1.0,0.0,0.0,1.0,0.0,0.0
10,260,12.0,3.2207289440518223,0.0,1.0,0.0,1.0,0.0,1.0
11,260,9.101709453980789,12.0,0.0,1.0,0.0,0.0,0.0,1.0
12,260,12.0,5.212272584519522,0.0,1.0,0.0,1.0,0.0,0.0
13,260,9.207331995381772,1.2309429806624057,1.0,0.0,1.0,1.0,0.0,0.0
14,260,9.775100282152136,8.353064600901588,0.0,1.0,1.0,0.0,1.0,0.0
15,260,3.420708393113261,2.592883851819947,1.0,0.0,0.0,0.0,0.0,0.0
16,260,2.372408686315724,0.0,1.0,0.0,1.0,0.0,1.0,1.0
17,260,9.669968296982226,9.190099782468208,0.0,1.0,1.0,0.0,1.0,1.0
18,260,12.0,12.0,1.0,1.0,1.0,1.0,0.0,0.0
19,260,0.0,7.754946630217208,0.0,1.0,1.0,0.0,1.0,0.0
20,260,7.743881277494153,7.357124943396217,0.0,0.0,0.0,0.0,0.0,0.0
21,260,5.061332682642225,6.767030277498749,1.0,0.0,1.0,0.0,1.0,0.0
22,260,12.0,8.541273262427334,1.0,1.0,0.0,0.0,0.0,1.0
23,260,7.514225622803708,2.8256962918132555,1.0,0.0,1.0,0.0,0.0,0.0
24,260,5.454881227073245,12.0,0.0,1.0,0.0,1.0,0.0,1.0
25,260,7.888795507603725,0.4656663745714899,0.0,0.0,1.0,1.0,1.0,1.0
26,260,12.0,5.973307906148031,1.0,1.0,0.0,0.0,0.0,1.0
27,260,10.264771828979915,10.455828701483355,1.0,0.0,0.0,1.0,0.0,1.0
28,260,9.127671735397048,0.5162681407887645,0.0,1.0,0.0,0.0,1.0,1.0
29,260,11.213979757896327,7.008134222677423,0.0,1.0,1.0,0.0,0.0,0.0
30,260,6.297124787769167,12.0,0.0,1.0,0.0,0.0,0.0,0.0
31,260,3.872717932417086,4.572743251860713,1.0,0.0,1.0,0.0,0.0,1.0
32,260,10.93706642750749,3.661115337754715,1.0,0.0,1.0,1.0,0.0,1.0
33,260,7.11096003951334,7.007377411614462,1.0,0.0,1.0,1.0,0.0,1.0
34,260,0.0,7.853998586976839,1.0,0.0,0.0,0.0,0.0,0.0
35,260,8.733275914940895,3.072186881022351,0.0,1.0,0.0,1.0,1.0,0.0
36,260,8.514308117853425,5.1775342759324126,0.0,0.0,0.0,1.0,1.0,1.0
37,260,8.311210872751104,5.355938412102301,1.0,1.0,0.0,1.0,0.0,0.0
38,260,9.544765110730271,12.0,0.0,1.0,1.0,1.0,0.0,1.0
39,260,9.549866852414327,5.829197588325577,0.0,0.0,0.0,0.0,0.0,0.0
0,265,8.039392582493814,5.277481964743598,0.0,1.0,0.0,1.0,1.0,0.0
1,265,8.807158340388384,2.6108808358630946,1.0,0.0,0.0,0.0,1.0,0.0
2,265,9.01740357312674,0.0010217298231907,0.0,0.0,0.0,0.0,0.0,1.0
3,265,12.0,12.0,0.0,0.0,0.0,1.0,1.0,1.0
4,265,7.493311952976434,5.793310124145512,0.0,0.0,1.0,0.0,0.0,0.0
5,265,1.0585807463616153,4.971765910333784,0.0,0.0,1.0,1.0,0.0,0.0
6,265,0.0,11.258395474321508,0.0,0.0,0.0,0.0,1.0,0.0
7,265,6.67906525018193,10.642657201174105,0.0,0.0,0.0,1.0,1.0,1.0
8,265,3.4222847420979274,6.926982297322192,0.0,1.0,0.0,0.0,0.0,0.0
9,265,0.0,2.6120231501920683,1.0,0.0,0.0,1.0,0.0,0.0
10,265,12.0,3.180175905791168,0.0,1.0,0.0,1.0,0.0,1.0
11,265,9.01436860049748,12.0,0.0,1.0,0.0,0.0,0.0,1.0
12,265,12.0,5.200291144950502,0.0,1.0,0.0,1.0,0.0,0.0
13,265,9.210789711696792,1.234832421741778,1.0,0.0,1.0,1.0,0.0,0.0
14,265,9.769624151192923,8.33936930370333,0.0,1.0,1.0,0.0,1.0,0.0
15,265,3.3945240175893154,2.586601317863827,1.0,0.0,0.0,0.0,0.0,0.0
16,265,2.3944766251350305,0.0,1.0,0.0,1.0,0.0,1.0,1.0
17,265,9.64541402839038,9.12417891460226,0.0,1.0,1.0,0.0,1.0,1.0
18,265,12.0,12.0,1.0,1.0,1.0,1.0,0.0,0.0
19,265,0.0,7.905948968625109,0.0,1.0,1.0,0.0,1.0,0.0
20,265,7.685431079371498,7.370185450632957,0.0,0.0,0.0,0.0,0.0,0.0
21,265,5.017496210253201,6.688513174982343,1.0,0.0,1.0,0.0,1.0,0.0
22,265,12.0,8.582048985233705,1.0,1.0,0.0,0.0,0.0,1.0
23,265,7.390813926413351,2.7538582154197,1.0,0.0,1.0,0.0,0.0,0.0
24,265,5.500942978834075,12.0,0.0,1.0,0.0,1.0,0.0,1.0
25,265,7.734783825319506,0.534348639011245,0.0,0.0,1.0,1.0,1.0,1.0
26,265,12.0,5.960245919739507,1.0,1.0,0.0,0.0,0.0,1.0
27,265,10.487826275877891,10.558535043138711,1.0,0.0,0.0,1.0,0.0,1.0
28,265,9.199250415182256,0.5165059275841413,0.0,1.0,0.0,0.0,1.0,1.0
29,265,11.264683951727998,6.854167871578693,0.0,1.0,1.0,0.0,0.0,0.0
30,265,6.318116974236667,12.0,0.0,1.0,0.0,0.0,0.0,0.0
31,265,3.839918162997419,4.54177372712348,1.0,0.0,1.0,0.0,0.0,1.0
32,265,11.027351000159152,3.701462704097614,1.0,0.0,1.0,1.0,0.0,1.0
33,265,7.155925575406287,7.112553862044969,1.0,0.0,1.0,1.0,0.0,1.0
34,265,0.0,7.813249391845295,1.0,0.0,0.0,0.0,0.0,0.0
35,265,8.615098155440034,3.0435545395046955,0.0,1.0,0.0,1.0,1.0,0.0
36,265,8.52148672046966,5.205519856715614,0.0,0.0,0.0,1.0,1.0,1.0
37,265,8.32616211147278,5.406447685116944,1.0,1.0,0.0,1.0,0.0,0.0
38,265,9.62668780109535,12.0,0.0,1.0,1.0,1.0,0.0,1.0
39,265,9.596738616756111,5.905056054788303,0.0,0.0,0.0,0.0,0.0,0.0
0,270,8.021541450771096,5.284192810111303,0.0,1.0,0.0,1.0,1.0,0.0
1,270,8.888829170530531,2.481873965022084,1.0,0.0,0.0,0.0,1.0,0.0
2,270,9.028082839209697,0.0022425884492117,0.0,0.0,0.0,0.0,0.0,1.0
3,270,12.0,12.0,0.0,0.0,0.0,1.0,1.0,1.0
4,270,7.491663037706187,5.79640584006413,0.0,0.0,1.0,0.0,0.0,0.0
5,270,1.0835209965039747,4.962726453855694,0.0,0.0,1.0,1.0,0.0,0.0
6,270,0.0,11.141713580321827,0.0,0.0,0.0,0.0,1.0,0.0
7,270,6.724302709421746,10.63146894567146,0.0,0.0,0.0,1.0,1.0,1.0
8,270,3.4204080215453,6.89745858161669,0.0,1.0,0.0,0.0,0.0,0.0
9,270,0.0,2.6269757924970705,1.0,0.0,0.0,1.0,0.0,0.0
10,270,12.0,3.148591894764089,0.0,1.0,0.0,1.0,0.0,1.0
11,270,8.936082900493858,12.0,0.0,1.0,0.0,0.0,0.0,1.0
12,270,12.0,5.187467216150101,0.0,1.0,0.0,1.0,0.0,0.0
13,270,9.208049573663583,1.2317302164533186,1.0,0.0,1.0,1.0,0.0,0.0
14,270,9.760903482023794,8.317413215881244,0.0,1.0,1.0,0.0,1.0,0.0
15,270,3.337818639418774,2.573941235806391,1.0,0.0,0.0,0.0,0.0,0.0
16,270,2.421316291797668,0.0,1.0,0.0,1.0,0.0,1.0,1.0
17,270,9.621874058057562,9.060782990328674,0.0,1.0,1.0,0.0,1.0,1.0
18,270,12.0,12.0,1.0,1.0,1.0,1.0,0.0,0.0
19,270,0.0,8.053881121727478,0.0,1.0,1.0,0.0,1.0,0.0
20,270,7.616376872230968,7.386457132377775,0.0,0.0,0.0,0.0,0.0,0.0
21,270,4.977552462441093,6.619329595763456,1.0,0.0,1.0,0.0,1.0,0.0
22,270,12.0,8.634874658120182,1.0,1.0,0.0,0.0,0.0,1.0
23,270,7.260349330709641,2.677398460425823,1.0,0.0,1.0,0.0,0.0,0.0
24,270,5.534359963893754,12.0,0.0,1.0,0.0,1.0,0.0,1.0
25,270,7.582349221160142,0.6022897588445129,0.0,0.0,1.0,1.0,1.0,1.0
26,270,12.0,5.938303548572484,1.0,1.0,0.0,0.0,0.0,1.0
27,270,10.710648321101829,10.66150266168048,1.0,0.0,0.0,1.0,0.0,1.0
28,270,9.26043865377148,0.5168575271765696,0.0,1.0,0.0,0.0,1.0,1.0
29,270,11.315340207872364,6.704661455816555,0.0,1.0,1.0,0.0,0.0,0.0
30,270,6.33924847675312,12.0,0.0,1.0,0.0,0.0,0.0,0.0
31,270,3.798120052218264,4.502270457106516,1.0,0.0,1.0,0.0,0.0,1.0
32,270,11.116978128379246,3.741501392259706,1.0,0.0,1.0,1.0,0.0,1.0
33,270,7.21233851176104,7.239874640344252,1.0,0.0,1.0,1.0,0.0,1.0
34,270,0.0,7.778108372325531,1.0,0.0,0.0,0.0,0.0,0.0
35,270,8.485199839970305,3.013097965420564,0.0,1.0,0.0,1.0,1.0,0.0
36,270,8.523907908988956,5.215416111928524,0.0,0.0,0.0,1.0,1.0,1.0
37,270,8.337162792532007,5.442549210932601,1.0,1.0,0.0,1.0,0.0,0.0
38,270,9.711114733080414,12.0,0.0,1.0,1.0,1.0,0.0,1.0
39,270,9.635128829582577,5.9692541860922175,0.0,0.0,0.0,0.0,0.0,0.0
0,275,8.022551998646575,5.283817435781471,0.0,1.0,0.0,1.0,1.0,0.0
1,275,8.982074402376568,2.3406762552919225,1.0,0.0,0.0,0.0,1.0,0.0
2,275,9.024827790933864,0.001869760558522,0.0,0.0,0.0,0.0,0.0,1.0
3,275,12.0,12.0,0.0,0.0,0.0,1.0,1.0,1.0
4,275,7.481795543710514,5.814148999676478,0.0,0.0,1.0,0.0,0.0,0.0
5,275,1.1117979280467,4.952414905942226,0.0,0.0,1.0,1.0,0.0,0.0
6,275,0.0,11.03100981232557,0.0,0.0,0.0,0.0,1.0,0.0
7,275,6.756783965608206,10.624081465251628,0.0,0.0,0.0,1.0,1.0,1.0
8,275,3.418835980901507,6.877276153097217,0.0,1.0,0.0,0.0,0.0,0.0
9,275,0.0,2.6677964560703864,1.0,0.0,0.0,1.0,0.0,0.0
10,275,12.0,3.1103827132300643,0.0,1.0,0.0,1.0,0.0,1.0
11,275,8.857593869258277,12.0,0.0,1.0,0.0,0.0,0.0,1.0
12,275,12.0,5.172495530140555,0.0,1.0,0.0,1.0,0.0,0.0
13,275,9.209416125492057,1.2333128980657129,1.0,0.0,1.0,1.0,0.0,0.0
14,275,9.74802155653138,8.285419070873488,0.0,1.0,1.0,0.0,1.0,0.0
15,275,3.2665943153242694,2.5594253798652744,1.0,0.0,0.0,0.0,0.0,0.0
16,275,2.4619365823496686,0.0,1.0,0.0,1.0,0.0,1.0,1.0
17,275,9.599245477033142,9.002176105507006,0.0,1.0,1.0,0.0,1.0,1.0
18,275,12.0,12.0,1.0,1.0,1.0,1.0,0.0,0.0
19,275,0.0,8.190681194672855,0.0,1.0,1.0,0.0,1.0,0.0
20,275,7.531763577588939,7.404002169378018,0.0,0.0,0.0,0.0,0.0,0.0
21,275,4.941499237107413,6.558436897729359,1.0,0.0,1.0,0.0,1.0,0.0
22,275,12.0,8.701665827921806,1.0,1.0,0.0,0.0,0.0,1.0
23,275,7.117787285883815,2.593367773344462,1.0,0.0,1.0,0.0,0.0,0.0
24,275,5.5638018922185495,12.0,0.0,1.0,0.0,1.0,0.0,1.0
25,275,7.438277200392831,0.6675872494244522,0.0,0.0,1.0,1.0,1.0,1.0
26,275,12.0,5.92025708975023,1.0,1.0,0.0,0.0,0.0,1.0
27,275,10.9455647029371,10.772386849773564,1.0,0.0,0.0,1.0,0.0,1.0
28,275,9.327855676618514,0.5165720452319015,0.0,1.0,0.0,0.0,1.0,1.0
29,275,11.365908383494158,6.56121889597509,0.0,1.0,1.0,0.0,0.0,0.0
30,275,6.360606544828286,12.0,0.0,1.0,0.0,0.0,0.0,0.0
31,275,3.738174076363431,4.443223356027614,1.0,0.0,1.0,0.0,0.0,1.0
32,275,11.221784158807909,3.7869744525830655,1.0,0.0,1.0,1.0,0.0,1.0
33,275,7.277747682809915,7.387096720174234,1.0,0.0,1.0,1.0,0.0,1.0
34,275,0.0,7.743859960891151,1.0,0.0,0.0,0.0,0.0,0.0
35,275,8.369156669077793,2.986049427759133,0.0,1.0,0.0,1.0,1.0,0.0
36,275,8.528983377848279,5.23288370953345,0.0,0.0,0.0,1.0,1.0,1.0
37,275,8.348657939284358,5.478680679927704,1.0,1.0,0.0,1.0,0.0,0.0
38,275,9.786158543105865,12.0,0.0,1.0,1.0,1.0,0.0,1.0
39,275,9.675539695311956,6.038271317782311,0.0,0.0,0.0,0.0,0.0,0.0
0,280,8.014296048909422,5.287022261954488,0.0,1.0,0.0,1.0,1.0,0.0
1,280,9.07792908781216,2.202346859751579,1.0,0.0,0.0,0.0,1.0,0.0
2,280,9.00165027509438,0.0,0.0,0.0,0.0,0.0,0.0,1.0
3,280,12.0,12.0,0.0,0.0,0.0,1.0,1.0,1.0
4,280,7.479383368674491,5.818356497666116,0.0,0.0,1.0,0.0,0.0,0.0
5,280,1.13533673845618,4.943847400479895,0.0,0.0,1.0,1.0,0.0,0.0
6,280,0.0,10.922482895243451,0.0,0.0,0.0,0.0,1.0,0.0
7,280,6.815519968010957,10.60876809272159,0.0,0.0,0.0,1.0,1.0,1.0
8,280,3.4185343845178098,6.870901316585314,0.0,1.0,0.0,0.0,0.0,0.0
9,280,0.0,2.6967378477574977,1.0,0.0,0.0,1.0,0.0,0.0
10,280,12.0,3.0745192204356213,0.0,1.0,0.0,1.0,0.0,1.0
11,280,8.76689413376147,12.0,0.0,1.0,0.0,0.0,0.0,1.0
12,280,12.0,5.158354324007504,0.0,1.0,0.0,1.0,0.0,0.0
13,280,9.22008260403125,1.245262010261487,1.0,0.0,1.0,1.0,0.0,0.0
14,280,9.738943638287504,8.262194072450807,0.0,1.0,1.0,0.0,1.0,0.0
15,280,3.201833272563485,2.547013458418385,1.0,0.0,0.0,0.0,0.0,0.0
16,280,2.496825645242732,0.0,1.0,0.0,1.0,0.0,1.0,1.0
17,280,9.570704678638917,8.932921287006735,0.0,1.0,1.0,0.0,1.0,1.0
18,280,12.0,12.0,1.0,1.0,1.0,1.0,0.0,0.0
19,280,0.0,8.30270507356166,0.0,1.0,1.0,0.0,1.0,0.0
20,280,7.4473088145804835,7.419057888837116,0.0,0.0,0.0,0.0,0.0,0.0
21,280,4.903448810424299,6.490649751665227,1.0,0.0,1.0,0.0,1.0,0.0
22,280,12.0,8.761370356174735,1.0,1.0,0.0,0.0,0.0,1.0
23,280,6.965725413675044,2.501299448784589,1.0,0.0,1.0,0.0,0.0,0.0
24,280,5.583160500307877,12.0,0.0,1.0,0.0,1.0,0.0,1.0
25,280,7.3153143012206225,0.7225189399287183,0.0,0.0,1.0,1.0,1.0,1.0
26,280,12.0,5.905600206459669,1.0,1.0,0.0,0.0,0.0,1.0
27,280,11.228917977268887,10.910183221313437,1.0,0.0,0.0,1.0,0.0,1.0
28,280,9.395890968407771,0.5169838723630983,0.0,1.0,0.0,0.0,1.0,1.0
29,280,11.421108152515153,6.406713940322319,0.0,1.0,1.0,0.0,0.0,0.0
30,280,6.384558929977403,12.0,0.0,1.0,0.0,0.0,0.0,0.0
31,280,3.66311575504376,4.367784836708017,1.0,0.0,1.0,0.0,0.0,1.0
32,280,11.335020443457925,3.8359248168197175,1.0,0.0,1.0,1.0,0.0,1.0
33,280,7.34923234498175,7.546403038147896,1.0,0.0,1.0,1.0,0.0,1.0
34,280,0.0,7.709075925671257,1.0,0.0,0.0,0.0,0.0,0.0
35,280,8.275765629628426,2.964606511402644,0.0,1.0,0.0,1.0,1.0,0.0
36,280,8.535913581012581,5.258375946628601,0.0,0.0,0.0,1.0,1.0,1.0
37,280,8.360449100647426,5.517515244487537,1.0,1.0,0.0,1.0,0.0,0.0
38,280,9.871745571300838,12.0,0.0,1.0,1.0,1.0,0.0,1.0
39,280,9.722052270777825,6.122628927555177,0.0,0.0,0.0,0.0,0.0,0.0
0,285,8.0164265468848,5.286225766148287,0.0,1.0,0.0,1.0,1.0,0.0
1,285,9.18659536725014,2.044502497839922,1.0,0.0,0.0,0.0,1.0,0.0
2,285,8.96520391233268,0.0,0.0,0.0,0.0,0.0,0.0,1.0
3,285,12.0,12.0,0.0,0.0,0.0,1.0,1.0,1.0
4,285,7.464633052923119,5.843672935261267,0.0,0.0,1.0,0.0,0.0,0.0
5,285,1.170765298662669,4.931777356337795,0.0,0.0,1.0,1.0,0.0,0.0
6,285,0.0,10.826072482769495,0.0,0.0,0.0,0.0,1.0,0.0
7,285,6.893535503315052,10.585945449863956,0.0,0.0,0.0,1.0,1.0,1.0
8,285,3.4188779032381773,6.87854519039503,0.0,1.0,0.0,0.0,0.0,0.0
9,285,0.0,2.7226686310709107,1.0,0.0,0.0,1.0,0.0,0.0
10,285,12.0,3.0251922691376736,0.0,1.0,0.0,1.0,0.0,1.0
11,285,8.697019242165684,12.0,0.0,1.0,0.0,0.0,0.0,1.0
12,285,12.0,5.143839550297244,0.0,1.0,0.0,1.0,0.0,0.0
13,285,9.22148136946921,1.2467825076923422,1.0,0.0,1.0,1.0,0.0,0.0
14,285,9.730890342863493,8.241951900149092,0.0,1.0,1.0,0.0,1.0,0.0
15,285,3.14366431189534,2.535016950174156,1.0,0.0,0.0,0.0,0.0,0.0
16,285,2.53424054246739,0.0,1.0,0.0,1.0,0.0,1.0,1.0
17,285,9.539499673322997,8.853722382268439,0.0,1.0,1.0,0.0,1.0,1.0
18,285,12.0,12.0,1.0,1.0,1.0,1.0,0.0,0.0
19,285,0.0,8.404675797085423,0.0,1.0,1.0,0.0,1.0,0.0
20,285,7.354016049075986,7.435752309258789,0.0,0.0,0.0,0.0,0.0,0.0
21,285,4.866929608653839,6.424971500229951,1.0,0.0,1.0,0.0,1.0,0.0
22,285,12.0,8.818647247242714,1.0,1.0,0.0,0.0,0.0,1.0
23,285,6.8214158603426345,2.42006558650551,1.0,0.0,1.0,0.0,0.0,0.0
24,285,5.593220431771302,12.0,0.0,1.0,0.0,1.0,0.0,1.0
25,285,7.189827456808461,0.7777746281756627,0.0,0.0,1.0,1.0,1.0,1.0
26,285,12.0,5.885663602635665,1.0,1.0,0.0,0.0,0.0,1.0
27,285,11.531669127929836,11.055772077310536,1.0,0.0,0.0,1.0,0.0,1.0
28,285,9.457223531271216,0.5166274460474553,0.0,1.0,0.0,0.0,1.0,1.0
29,285,11.477277501323927,6.2510069362733445,0.0,1.0,1.0,0.0,0.0,0.0
30,285,6.408242462989474,12.0,0.0,1.0,0.0,0.0,0.0,0.0
31,285,3.7347880551643096,4.299422883069936,1.0,0.0,1.0,0.0,0.0,1.0
32,285,11.431638128499891,3.877578066665484,1.0,0.0,1.0,1.0,0.0,1.0
33,285,7.422092976244859,7.706406476070582,1.0,0.0,1.0,1.0,0.0,1.0
34,285,0.0,7.666982973360401,1.0,0.0,0.0,0.0,0.0,0.0
35,285,8.165865674567618,2.9394465225811204,0.0,1.0,0.0,1.0,1.0,0.0
36,285,8.544901412378653,5.294682743586334,0.0,0.0,0.0,1.0,1.0,1.0
37,285,8.369625433433688,5.548357752767984,1.0,1.0,0.0,1.0,0.0,0.0
38,285,9.966033812428064,12.0,0.0,1.0,1.0,1.0,0.0,1.0
39,285,9.762972296850227,6.195531464634149,0.0,0.0,0.0,0.0,0.0,0.0
0,290,8.019315046343849,5.285185609378494,0.0,1.0,0.0,1.0,1.0,0.0
1,290,9.020513721988053,1.9334094396136383,1.0,0.0,0.0,0.0,1.0,0.0
2,290,8.92659837447009,0.0,0.0,0.0,0.0,0.0,0.0,1.0
3,290,12.0,12.0,0.0,0.0,0.0,1.0,1.0,1.0
4,290,7.446373622219281,5.875227226939804,0.0,0.0,1.0,0.0,0.0,0.0
5,290,1.1884750787333471,4.926032147084212,0.0,0.0,1.0,1.0,0.0,0.0
6,290,0.0,10.730486986526774,0.0,0.0,0.0,0.0,1.0,0.0
7,290,6.8701343271373565,10.513308176638294,0.0,0.0,0.0,1.0,1.0,1.0
8,290,3.4189541307622275,6.885994424504317,0.0,1.0,0.0,0.0,0.0,0.0
9,290,0.0,2.7548121344598706,1.0,0.0,0.0,1.0,0.0,0.0
10,290,12.0,2.9927730346994066,0.0,1.0,0.0,1.0,0.0,1.0
11,290,8.620432240085274,12.0,0.0,1.0,0.0,0.0,0.0,1.0
12,290,12.0,5.130790540707914,0.0,1.0,0.0,1.0,0.0,0.0
13,290,9.222645471899552,1.2481296756873943,1.0,0.0,1.0,1.0,0.0,0.0
14,290,9.72651134803882,8.230658262650397,0.0,1.0,1.0,0.0,1.0,0.0
15,290,3.0838177776579614,2.5230854384083026,1.0,0.0,0.0,0.0,0.0,0.0
16,290,2.5678216799996902,0.0,1.0,0.0,1.0,0.0,1.0,1.0
17,290,9.626239582460824,8.820084510407632,0.0,1.0,1.0,0.0,1.0,1.0
18,290,12.0,12.0,1.0,1.0,1.0,1.0,0.0,0.0
19,290,0.0,8.500361954671394,0.0,1.0,1.0,0.0,1.0,0.0
20,290,7.250399733454984,7.4543168840407805,0.0,0.0,0.0,0.0,0.0,0.0
21,290,4.826051523047577,6.353959408619199,1.0,0.0,1.0,0.0,1.0,0.0
22,290,12.0,8.864705940749051,1.0,1.0,0.0,0.0,0.0,1.0
23,290,6.687407107374511,2.3450870521704226,1.0,0.0,1.0,0.0,0.0,0.0
24,290,5.596006450951881,12.0,0.0,1.0,0.0,1.0,0.0,1.0
25,290,7.081732903982284,0.8264797358637155,0.0,0.0,1.0,1.0,1.0,1.0
26,290,12.0,5.858312452969445,1.0,1.0,0.0,0.0,0.0,1.0
27,290,11.851596710730334,11.21575490671453,1.0,0.0,0.0,1.0,0.0,1.0
28,290,9.51829465758462,0.514391977742862,0.0,1.0,0.0,0.0,1.0,1.0
29,290,11.535205440740407,6.088722129979013,0.0,1.0,1.0,0.0,0.0,0.0
30,290,6.428928800320424,12.0,0.0,1.0,0.0,0.0,0.0,0.0
31,290,3.8036258161741,4.232760695202325,1.0,0.0,1.0,0.0,0.0,1.0
32,290,11.535913419179543,3.92048615607678,1.0,0.0,1.0,1.0,0.0,1.0
33,290,7.491884880871132,7.860804575068484,1.0,0.0,1.0,1.0,0.0,1.0
34,290,0.0,7.625587016596242,1.0,0.0,0.0,0.0,0.0,0.0
35,290,8.061009102742108,2.914690133069139,0.0,1.0,0.0,1.0,1.0,0.0
36,290,8.552514578382443,5.328948607112307,0.0,0.0,0.0,1.0,1.0,1.0
37,290,8.376058254386232,5.570477666201551,1.0,1.0,0.0,1.0,0.0,0.0
38,290,10.056921777199827,12.0,0.0,1.0,1.0,1.0,0.0,1.0
39,290,9.805886021707478,6.266266235172495,0.0,0.0,0.0,0.0,0.0,0.0
0,295,8.023987817242412,5.283471966206601,0.0,1.0,0.0,1.0,1.0,0.0
1,295,8.854835314173082,1.8228682289803693,1.0,0.0,0.0,0.0,1.0,0.0
2,295,8.90573536398865,0.0,0.0,0.0,0.0,0.0,0.0,1.0
3,295,12.0,12.0,0.0,0.0,0.0,1.0,1.0,1.0
4,295,7.427536181096822,5.90823112992392,0.0,0.0,1.0,0.0,0.0,0.0
5,295,1.2308004107912058,4.912272141128631,0.0,0.0,1.0,1.0,0.0,0.0
6,295,0.0,10.632650058746009,0.0,0.0,0.0,0.0,1.0,0.0
7,295,6.848183479148586,10.443016784446614,0.0,0.0,0.0,1.0,1.0,1.0
8,295,3.4192894609452478,6.908639874874247,0.0,1.0,0.0,0.0,0.0,0.0
9,295,0.0,2.799712605594141,1.0,0.0,0.0,1.0,0.0,0.0
10,295,12.0,2.9561667502440265,0.0,1.0,0.0,1.0,0.0,1.0
11,295,8.554546864596752,12.0,0.0,1.0,0.0,0.0,0.0,1.0
12,295,12.0,5.118554969548005,0.0,1.0,0.0,1.0,0.0,0.0
13,295,9.226206638798034,1.2522270350443845,1.0,0.0,1.0,1.0,0.0,0.0
14,295,9.709479721209194,8.19036801394504,0.0,1.0,1.0,0.0,1.0,0.0
15,295,3.0408688838540154,2.515729537527182,1.0,0.0,0.0,0.0,0.0,0.0
16,295,2.596962455322513,0.0,1.0,0.0,1.0,0.0,1.0,1.0
17,295,9.714639278656204,8.782797360251754,0.0,1.0,1.0,0.0,1.0,1.0
18,295,12.0,12.0,1.0,1.0,1.0,1.0,0.0,0.0
19,295,0.0,8.601581087354353,0.0,1.0,1.0,0.0,1.0,0.0
20,295,7.135754647321557,7.474063027975622,0.0,0.0,0.0,0.0,0.0,0.0
21,295,4.792105340369474,6.294215392470828,1.0,0.0,1.0,0.0,1.0,0.0
22,295,12.0,8.908649810161759,1.0,1.0,0.0,0.0,0.0,1.0
23,295,6.552154236710979,2.271690980149914,1.0,0.0,1.0,0.0,0.0,0.0
24,295,5.601063246721943,12.0,0.0,1.0,0.0,1.0,0.0,1.0
25,295,6.9562111827297874,0.8779987637601994,0.0,0.0,1.0,1.0,1.0,1.0
26,295,12.0,5.82772552359511,1.0,1.0,0.0,0.0,0.0,1.0
27,295,12.0,11.37566762148454,1.0,0.0,0.0,1.0,0.0,1.0
28,295,9.552328451733969,0.5137729817501354,0.0,1.0,0.0,0.0,1.0,1.0
29,295,11.59504213654288,5.911405987341249,0.0,1.0,1.0,0.0,0.0,0.0
30,295,6.443176214742692,12.0,0.0,1.0,0.0,0.0,0.0,0.0
31,295,3.869737997646299,4.169849250430831,1.0,0.0,1.0,0.0,0.0,1.0
32,295,11.628775260248169,3.959741983653089,1.0,0.0,1.0,1.0,0.0,1.0
33,295,7.564979810236512,8.018333000938291,1.0,0.0,1.0,1.0,0.0,1.0
34,295,0.0,7.57872442788296,1.0,0.0,0.0,0.0,0.0,0.0
35,295,7.974504694484641,2.891248271568702,0.0,1.0,0.0,1.0,1.0,0.0
36,295,8.56173972329473,5.376056618012449,0.0,0.0,0.0,1.0,1.0,1.0
37,295,8.381323437019427,5.587958670011904,1.0,1.0,0.0,1.0,0.0,0.0
38,295,10.152583358796702,12.0,0.0,1.0,1.0,1.0,0.0,1.0
39,295,9.853404530643386,6.343314123180752,0.0,0.0,0.0,0.0,0.0,0.0
