0,0,4.007640787749967,10.040100190372026,0.0,1.0,0.0,0.0,0.0,1.0
1,0,0.0,3.9942408711554016,1.0,0.0,0.0,0.0,0.0,0.0
2,0,4.029803017287107,2.9567193874636613,1.0,0.0,0.0,0.0,0.0,0.0
3,0,11.987659047929958,2.952887063454045,1.0,0.0,1.0,1.0,0.0,0.0
4,0,3.062904492542467,1.0303591842971536,1.0,1.0,0.0,1.0,0.0,0.0
5,0,3.9533582262950193,0.0431014247847658,1.0,0.0,1.0,0.0,1.0,1.0
6,0,1.997961456411761,2.9311338135708147,0.0,0.0,1.0,1.0,0.0,0.0
7,0,11.9568773315715,8.972526093133299,1.0,0.0,0.0,1.0,0.0,1.0
8,0,0.0312242732996833,3.0595138244734,0.0,1.0,0.0,0.0,1.0,0.0
9,0,0.0559088747989831,7.970809606745958,1.0,0.0,0.0,0.0,0.0,1.0
10,0,3.963342420592224,7.969253630537496,0.0,1.0,0.0,1.0,1.0,1.0
11,0,12.0,0.0,0.0,0.0,1.0,0.0,0.0,0.0
12,0,0.0580595184398752,8.970299299532694,0.0,1.0,1.0,0.0,0.0,1.0
13,0,11.01765447319274,9.937078373897092,1.0,1.0,1.0,0.0,0.0,1.0
14,0,5.981622026873913,11.99752748690165,0.0,0.0,1.0,1.0,0.0,0.0
15,0,2.9857458429608226,0.9469717911188124,1.0,0.0,1.0,1.0,1.0,0.0
16,0,7.960329409588937,3.960786816192453,0.0,1.0,0.0,1.0,1.0,0.0
17,0,0.0,10.96822575579304,1.0,0.0,1.0,0.0,0.0,1.0
18,0,3.9317529233412167,4.0065912753215,0.0,0.0,0.0,0.0,0.0,1.0
19,0,5.986396309451832,1.9559683573598177,0.0,1.0,0.0,1.0,0.0,0.0
20,0,7.954249702452292,11.000970520957791,0.0,1.0,1.0,1.0,1.0,0.0
21,0,1.931885142397036,0.0219498896189706,1.0,0.0,0.0,0.0,1.0,0.0
22,0,0.0161223649836877,4.943565697992391,1.0,0.0,0.0,0.0,0.0,0.0
23,0,9.937641746612336,3.99694810553184,0.0,0.0,0.0,0.0,1.0,0.0
24,0,5.0548717387360895,2.0145935567154334,0.0,1.0,0.0,1.0,0.0,0.0
25,0,3.0105623360941505,9.056967331059337,0.0,0.0,1.0,1.0,0.0,1.0
26,0,7.072276433011025,5.961041245913325,1.0,0.0,0.0,0.0,0.0,0.0
27,0,8.96772429515891,1.96857338516849,0.0,1.0,0.0,1.0,0.0,1.0
28,0,3.024286660750435,1.9585993048826893,0.0,1.0,0.0,1.0,1.0,1.0
29,0,2.9765148992906334,4.965329546183815,1.0,0.0,0.0,1.0,0.0,0.0
30,0,1.9906683179757,7.033330458547479,1.0,0.0,1.0,0.0,1.0,0.0
31,0,5.019504646847748,4.051165686372256,1.0,1.0,1.0,1.0,0.0,0.0
32,0,5.958904594641781,10.99171618505563,0.0,0.0,0.0,1.0,0.0,1.0
33,0,2.950006974891688,0.9575025852126854,0.0,1.0,0.0,1.0,0.0,0.0
34,0,7.005046204603523,2.055999710447628,0.0,0.0,1.0,0.0,0.0,0.0
35,0,2.978907142234488,5.040383057084619,0.0,0.0,1.0,1.0,0.0,1.0
36,0,10.963623152630609,1.0405179436242744,0.0,1.0,0.0,0.0,0.0,1.0
37,0,0.9902663128305472,4.052252890727915,0.0,1.0,1.0,0.0,1.0,0.0
38,0,1.9871358723853096,5.947173448616099,0.0,1.0,0.0,0.0,1.0,1.0
39,0,10.0040217310552,6.960800459500404,0.0,0.0,1.0,1.0,1.0,0.0
0,5,4.014974510110305,10.082198525032762,0.0,1.0,0.0,0.0,0.0,1.0
1,5,0.0,3.987785993777552,1.0,0.0,0.0,0.0,0.0,0.0
2,5,4.059435060634713,2.9128514268873227,1.0,0.0,0.0,0.0,0.0,0.0
3,5,11.972165521019784,2.895247868091701,1.0,0.0,1.0,1.0,0.0,0.0
4,5,3.1310593915036096,1.0640055098171577,1.0,1.0,0.0,1.0,0.0,0.0
5,5,3.8977451092583433,0.0919197282398415,1.0,0.0,1.0,0.0,1.0,1.0
6,5,1.996324712309293,2.846744877854805,0.0,0.0,1.0,1.0,0.0,0.0
7,5,11.923383335202727,8.951981426675282,1.0,0.0,0.0,1.0,0.0,1.0
8,5,0.0596320533102883,3.1172540225069154,0.0,1.0,0.0,0.0,1.0,0.0
9,5,0.089358658512494,7.954707453067003,1.0,0.0,0.0,0.0,0.0,1.0
10,5,3.91871618645818,7.932844887986133,0.0,1.0,0.0,1.0,1.0,1.0
11,5,12.0,0.0,0.0,0.0,1.0,0.0,0.0,0.0
12,5,0.1148618947966916,8.942506696457414,0.0,1.0,1.0,0.0,0.0,1.0
13,5,11.033170551286965,9.883377027308825,1.0,1.0,1.0,0.0,0.0,1.0
14,5,5.95979002821985,11.994865458005426,0.0,0.0,1.0,1.0,0.0,0.0
15,5,2.973011489465549,0.8945785920132996,1.0,0.0,1.0,1.0,1.0,0.0
16,5,7.9344958848384355,3.9324762733122713,0.0,1.0,0.0,1.0,1.0,0.0
17,5,0.0,10.937102258124035,1.0,0.0,1.0,0.0,0.0,1.0
18,5,3.85486524580656,4.013547664073389,0.0,0.0,0.0,0.0,0.0,1.0
19,5,5.966907920294942,1.8930149667560003,0.0,1.0,0.0,1.0,0.0,0.0
20,5,7.898764663696109,11.002590763852492,0.0,1.0,1.0,1.0,1.0,0.0
21,5,1.8439029571965933,0.0504275412051276,1.0,0.0,0.0,0.0,1.0,0.0
22,5,0.03669979238614,4.870345798018598,1.0,0.0,0.0,0.0,0.0,0.0
23,5,9.854631844170347,3.991906160547669,0.0,0.0,0.0,0.0,1.0,0.0
24,5,5.103810776061904,2.028475418618929,0.0,1.0,0.0,1.0,0.0,0.0
25,5,3.023653571258297,9.129171791719465,0.0,0.0,1.0,1.0,0.0,1.0
26,5,7.151385901276774,5.916004315536198,1.0,0.0,0.0,0.0,0.0,0.0
27,5,8.937288767331314,1.939565158865868,0.0,1.0,0.0,1.0,0.0,1.0
28,5,3.0486737147109206,1.916672927900965,0.0,1.0,0.0,1.0,1.0,1.0
29,5,2.951763946246137,4.929389353511851,1.0,0.0,0.0,1.0,0.0,0.0
30,5,1.9781357357654663,7.075261868277785,1.0,0.0,1.0,0.0,1.0,0.0
31,5,5.038497471080917,4.102051972554542,1.0,1.0,1.0,1.0,0.0,0.0
32,5,5.923544214402932,10.98431487672298,0.0,0.0,0.0,1.0,0.0,1.0
33,5,2.900381380946554,0.9138043884750412,0.0,1.0,0.0,1.0,0.0,0.0
34,5,7.009063593600151,2.095557129935522,0.0,0.0,1.0,0.0,0.0,0.0
35,5,2.971065160247893,5.056408443615754,0.0,0.0,1.0,1.0,0.0,1.0
36,5,10.923510932040095,1.085764450147174,0.0,1.0,0.0,0.0,0.0,1.0
37,5,0.9793106317346624,4.110133967072091,0.0,1.0,1.0,0.0,1.0,0.0
38,5,1.9755227765334245,5.898157013534657,0.0,1.0,0.0,0.0,1.0,1.0
39,5,10.010071276874514,6.901253045408699,0.0,0.0,1.0,1.0,1.0,0.0
0,10,4.022250075837022,10.119282073908218,0.0,1.0,0.0,0.0,0.0,1.0
1,10,0.0,3.9832137869318176,1.0,0.0,0.0,0.0,0.0,0.0
2,10,4.103045854384698,2.8475754476864354,1.0,0.0,0.0,0.0,0.0,0.0
3,10,11.951913107170808,2.827181420042948,1.0,0.0,1.0,1.0,0.0,0.0
4,10,3.189610565366833,1.0904341496207972,1.0,1.0,0.0,1.0,0.0,0.0
5,10,3.839012532176778,0.144000341567952,1.0,0.0,1.0,0.0,1.0,1.0
6,10,1.9945294726884544,2.7751698765036554,0.0,0.0,1.0,1.0,0.0,0.0
7,10,11.907027834144994,8.941573639757397,1.0,0.0,0.0,1.0,0.0,1.0
8,10,0.0870532707044467,3.174614610953563,0.0,1.0,0.0,0.0,1.0,0.0
9,10,0.1131601918683384,7.942741603276814,1.0,0.0,0.0,0.0,0.0,1.0
10,10,3.8818194289367582,7.9019152553855,0.0,1.0,0.0,1.0,1.0,1.0
11,10,12.0,0.0,0.0,0.0,1.0,0.0,0.0,0.0
12,10,0.164425050234111,8.917997809689249,0.0,1.0,1.0,0.0,0.0,1.0
13,10,11.046173866437304,9.84272735555634,1.0,1.0,1.0,0.0,0.0,1.0
14,10,5.9420636913186495,11.992142317906056,0.0,0.0,1.0,1.0,0.0,0.0
15,10,2.954057722164345,0.8314404917289799,1.0,0.0,1.0,1.0,1.0,0.0
16,10,7.901072868969295,3.89513564821558,0.0,1.0,0.0,1.0,1.0,0.0
17,10,0.0,10.897729165505414,1.0,0.0,1.0,0.0,0.0,1.0
18,10,3.761219516163525,4.0188675777109,0.0,0.0,0.0,0.0,0.0,1.0
19,10,5.949188962727215,1.8374721986309184,0.0,1.0,0.0,1.0,0.0,0.0
20,10,7.857195596647879,11.003652262434144,0.0,1.0,1.0,1.0,1.0,0.0
21,10,1.7481955856204885,0.0841087814168446,1.0,0.0,0.0,0.0,1.0,0.0
22,10,0.0592121216099183,4.788356290483912,1.0,0.0,0.0,0.0,0.0,0.0
23,10,9.77830155643614,3.9887076424113785,0.0,0.0,0.0,0.0,1.0,0.0
24,10,5.160499661478157,2.044021400398186,0.0,1.0,0.0,1.0,0.0,0.0
25,10,3.0328521151892365,9.180746808711309,0.0,0.0,1.0,1.0,0.0,1.0
26,10,7.237235411639932,5.869947100283858,1.0,0.0,0.0,0.0,0.0,0.0
27,10,8.905696528956351,1.908642268332656,0.0,1.0,0.0,1.0,0.0,1.0
28,10,3.082419237261395,1.8574647819836296,0.0,1.0,0.0,1.0,1.0,1.0
29,10,2.9330396195384183,4.9012156408635565,1.0,0.0,0.0,1.0,0.0,0.0
30,10,1.968647768967115,7.108531206452108,1.0,0.0,1.0,0.0,1.0,0.0
31,10,5.060369219987265,4.164989374928485,1.0,1.0,1.0,1.0,0.0,0.0
32,10,5.888903012526924,10.977712501073189,0.0,0.0,0.0,1.0,0.0,1.0
33,10,2.8428133732281995,0.8652347523326827,0.0,1.0,0.0,1.0,0.0,0.0
34,10,7.011754159662083,2.128423764371023,0.0,0.0,1.0,0.0,0.0,0.0
35,10,2.961846875438271,5.075617355144813,0.0,0.0,1.0,1.0,0.0,1.0
36,10,10.886923141140675,1.127054799562715,0.0,1.0,0.0,0.0,0.0,1.0
37,10,0.9691382043175312,4.166733146731869,0.0,1.0,1.0,0.0,1.0,0.0
38,10,1.965921573557792,5.859585941274077,0.0,1.0,0.0,0.0,1.0,1.0
39,10,10.016025813011067,6.837437965036734,0.0,0.0,1.0,1.0,1.0,0.0
0,15,4.02581819945889,10.13467726839739,0.0,1.0,0.0,0.0,0.0,1.0
1,15,0.0,3.975812609269469,1.0,0.0,0.0,0.0,0.0,0.0
2,15,4.158735267393033,2.7583188785638653,1.0,0.0,0.0,0.0,0.0,0.0
3,15,11.938356186183537,2.787835010958289,1.0,0.0,1.0,1.0,0.0,0.0
4,15,3.2460741920057954,1.115403873261322,1.0,1.0,0.0,1.0,0.0,0.0
5,15,3.783670355077394,0.193876093535291,1.0,0.0,1.0,0.0,1.0,1.0
6,15,1.9941590696153717,2.730450868749933,0.0,0.0,1.0,1.0,0.0,0.0
7,15,11.902023655749064,8.938195807390564,1.0,0.0,0.0,1.0,0.0,1.0
8,15,0.1122584831696596,3.2256858763994125,0.0,1.0,0.0,0.0,1.0,0.0
9,15,0.1418628680801027,7.928993344851806,1.0,0.0,0.0,0.0,0.0,1.0
10,15,3.831956330992872,7.86134703495695,0.0,1.0,0.0,1.0,1.0,1.0
11,15,12.0,0.0,0.0,0.0,1.0,0.0,0.0,0.0
12,15,0.1990274110456253,8.901821899577891,0.0,1.0,1.0,0.0,0.0,1.0
13,15,11.065037753124496,9.784594728540528,1.0,1.0,1.0,0.0,0.0,1.0
14,15,5.902375716430071,11.98587658109879,0.0,0.0,1.0,1.0,0.0,0.0
15,15,2.9355657704817326,0.7687274619689887,1.0,0.0,1.0,1.0,1.0,0.0
16,15,7.874726005865499,3.863981251082085,0.0,1.0,0.0,1.0,1.0,0.0
17,15,0.0,10.858146851033188,1.0,0.0,1.0,0.0,0.0,1.0
18,15,3.651006989518265,4.025178370625079,0.0,0.0,0.0,0.0,0.0,1.0
19,15,5.934645583898885,1.7942769556057805,0.0,1.0,0.0,1.0,0.0,0.0
20,15,7.812943835915694,11.004711828920517,0.0,1.0,1.0,1.0,1.0,0.0
21,15,1.6343105528466824,0.1235594414208758,1.0,0.0,0.0,0.0,1.0,0.0
22,15,0.0858753527618441,4.697368892177336,1.0,0.0,0.0,0.0,0.0,0.0
23,15,9.690105425246063,3.98170218631516,0.0,0.0,0.0,0.0,1.0,0.0
24,15,5.236139811376392,2.0624624477238065,0.0,1.0,0.0,1.0,0.0,0.0
25,15,3.038544105605659,9.216880155506033,0.0,0.0,1.0,1.0,0.0,1.0
26,15,7.309649417530706,5.827631949299309,1.0,0.0,0.0,0.0,0.0,0.0
27,15,8.875111413003118,1.878789719673113,0.0,1.0,0.0,1.0,0.0,1.0
28,15,3.106955323860452,1.814005086676485,0.0,1.0,0.0,1.0,1.0,1.0
29,15,2.9111383911813378,4.869196602804752,1.0,0.0,0.0,1.0,0.0,0.0
30,15,1.9529880552547725,7.164771901944676,1.0,0.0,1.0,0.0,1.0,0.0
31,15,5.086645871247116,4.2349364910710845,1.0,1.0,1.0,1.0,0.0,0.0
32,15,5.843055643592098,10.96839311175453,0.0,0.0,0.0,1.0,0.0,1.0
33,15,2.793785171018746,0.8231454016036728,0.0,1.0,0.0,1.0,0.0,0.0
34,15,7.011924255972794,2.13043125798525,0.0,0.0,1.0,0.0,0.0,0.0
35,15,2.9555744978493848,5.088607397095763,0.0,0.0,1.0,1.0,0.0,1.0
36,15,10.84257814887226,1.1770199547617666,0.0,1.0,0.0,0.0,0.0,1.0
37,15,0.9574334855319646,4.228505653418335,0.0,1.0,1.0,0.0,1.0,0.0
38,15,1.9527025086244043,5.805660558193187,0.0,1.0,0.0,0.0,1.0,1.0
39,15,9.96611318569584,6.833371870957994,0.0,0.0,1.0,1.0,1.0,0.0
0,20,4.032615081419035,10.162090345030284,0.0,1.0,0.0,0.0,0.0,1.0
1,20,0.0,3.966821121502837,1.0,0.0,0.0,0.0,0.0,0.0
2,20,4.222579938307364,2.660071647085509,1.0,0.0,0.0,0.0,0.0,0.0
3,20,11.924196758327156,2.747676432228751,1.0,0.0,1.0,1.0,0.0,0.0
4,20,3.302084102082043,1.141564230926864,1.0,1.0,0.0,1.0,0.0,0.0
5,20,3.7292920279777566,0.2439958079513456,1.0,0.0,1.0,0.0,1.0,1.0
6,20,1.9929169358786856,2.6918836624268176,0.0,0.0,1.0,1.0,0.0,0.0
7,20,11.876759509759667,8.921500917268917,1.0,0.0,0.0,1.0,0.0,1.0
8,20,0.1355201412676994,3.2745545192225025,0.0,1.0,0.0,0.0,1.0,0.0
9,20,0.1669902411944727,7.917060408602841,1.0,0.0,0.0,0.0,0.0,1.0
10,20,3.783763823921609,7.818478790635411,0.0,1.0,0.0,1.0,1.0,1.0
11,20,12.0,0.0,0.0,0.0,1.0,0.0,0.0,0.0
12,20,0.2421164754568507,8.88171272872964,0.0,1.0,1.0,0.0,0.0,1.0
13,20,11.087046984332366,9.718703246796656,1.0,1.0,1.0,0.0,0.0,1.0
14,20,5.881642108283078,11.982724767890511,0.0,0.0,1.0,1.0,0.0,0.0
15,20,2.9171516622555265,0.7049406193389643,1.0,0.0,1.0,1.0,1.0,0.0
16,20,7.861040575931338,3.848519230262647,0.0,1.0,0.0,1.0,1.0,0.0
17,20,0.0,10.827698682360488,1.0,0.0,1.0,0.0,0.0,1.0
18,20,3.5433973920913946,4.030225522567003,0.0,0.0,0.0,0.0,0.0,1.0
19,20,5.926387839950534,1.7700660667391517,0.0,1.0,0.0,1.0,0.0,0.0
20,20,7.78887545564902,11.00453690549038,0.0,1.0,1.0,1.0,1.0,0.0
21,20,1.523974941054172,0.1568605709417348,1.0,0.0,0.0,0.0,1.0,0.0
22,20,0.1141986025870992,4.604596265242168,1.0,0.0,0.0,0.0,0.0,0.0
23,20,9.697081847794689,3.8865771565527063,0.0,0.0,0.0,0.0,1.0,0.0
24,20,5.301437630165689,2.0776571667521804,0.0,1.0,0.0,1.0,0.0,0.0
25,20,3.041873360035181,9.239366359773609,0.0,0.0,1.0,1.0,0.0,1.0
26,20,7.377690220123926,5.785253609049038,1.0,0.0,0.0,0.0,0.0,0.0
27,20,8.863786300896239,1.867896603944376,0.0,1.0,0.0,1.0,0.0,1.0
28,20,3.143075790280843,1.750494609782257,0.0,1.0,0.0,1.0,1.0,1.0
29,20,2.8747580373248205,4.812558026481969,1.0,0.0,0.0,1.0,0.0,0.0
30,20,1.9407451414911607,7.209580545738821,1.0,0.0,1.0,0.0,1.0,0.0
31,20,5.109860698397454,4.293898950967479,1.0,1.0,1.0,1.0,0.0,0.0
32,20,5.808938531548287,10.96221146017177,0.0,0.0,0.0,1.0,0.0,1.0
33,20,2.766780012508637,0.799617997467676,0.0,1.0,0.0,1.0,0.0,0.0
34,20,7.011026816687351,2.121065039832775,0.0,0.0,1.0,0.0,0.0,0.0
35,20,2.9503981721906536,5.0998373213718935,0.0,0.0,1.0,1.0,0.0,1.0
36,20,10.795109113780574,1.2302749826632169,0.0,1.0,0.0,0.0,0.0,1.0
37,20,0.9480477242278044,4.292200544724781,0.0,1.0,1.0,0.0,1.0,0.0
38,20,1.9365363853590136,5.738227790901082,0.0,1.0,0.0,0.0,1.0,1.0
39,20,9.937801910468972,6.830428948320101,0.0,0.0,1.0,1.0,1.0,0.0
0,25,4.028656244110658,10.16309405226145,0.0,1.0,0.0,0.0,0.0,1.0
1,25,0.0,3.9589270162555534,1.0,0.0,0.0,0.0,0.0,0.0
2,25,4.299948865002612,2.539198501182094,1.0,0.0,0.0,0.0,0.0,0.0
3,25,11.903014511081736,2.685096088429571,1.0,0.0,1.0,1.0,0.0,0.0
4,25,3.339316334945139,1.1608165443613017,1.0,1.0,0.0,1.0,0.0,0.0
5,25,3.6729684286414592,0.2990466799909408,1.0,0.0,1.0,0.0,1.0,1.0
6,25,1.9908227475255489,2.6321342524344664,0.0,0.0,1.0,1.0,0.0,0.0
7,25,11.844124464911976,8.900122524966958,1.0,0.0,0.0,1.0,0.0,1.0
8,25,0.1520687290741462,3.3098494312971423,0.0,1.0,0.0,0.0,1.0,0.0
9,25,0.2133406238771074,7.896574391458789,1.0,0.0,0.0,0.0,0.0,1.0
10,25,3.71857595653909,7.762730374417874,0.0,1.0,0.0,1.0,1.0,1.0
11,25,12.0,0.0,0.0,0.0,1.0,0.0,0.0,0.0
12,25,0.2892159875865927,8.861084142826158,0.0,1.0,1.0,0.0,0.0,1.0
13,25,11.110752749390288,9.651931918394084,1.0,1.0,1.0,0.0,0.0,1.0
14,25,5.862073422147152,11.980306061545564,0.0,0.0,1.0,1.0,0.0,0.0
15,25,2.9031368445464927,0.6562654957104318,1.0,0.0,1.0,1.0,1.0,0.0
16,25,7.831541941344987,3.8158244718148273,0.0,1.0,0.0,1.0,1.0,0.0
17,25,0.0,10.79939567960778,1.0,0.0,1.0,0.0,0.0,1.0
18,25,3.433447477524727,4.030846680622597,0.0,0.0,0.0,0.0,0.0,1.0
19,25,5.919386429892386,1.7524748711001708,0.0,1.0,0.0,1.0,0.0,0.0
20,25,7.766424459164213,11.004121247992677,0.0,1.0,1.0,1.0,1.0,0.0
21,25,1.42251146785705,0.1877451446563368,1.0,0.0,0.0,0.0,1.0,0.0
22,25,0.1406131261266971,4.516235986856942,1.0,0.0,0.0,0.0,0.0,0.0
23,25,9.70699401170238,3.78024490404611,0.0,0.0,0.0,0.0,1.0,0.0
24,25,5.3512772606880015,2.089804485999416,0.0,1.0,0.0,1.0,0.0,0.0
25,25,3.048438293524909,9.287685526902084,0.0,0.0,1.0,1.0,0.0,1.0
26,25,7.433574365795151,5.75071892035993,1.0,0.0,0.0,0.0,0.0,0.0
27,25,8.870269091149416,1.8742193216839087,0.0,1.0,0.0,1.0,0.0,1.0
28,25,3.1883785670912967,1.6737249225614514,0.0,1.0,0.0,1.0,1.0,1.0
29,25,2.8381097525846406,4.75078600408311,1.0,0.0,0.0,1.0,0.0,0.0
30,25,1.9293630324480688,7.254997584956479,1.0,0.0,1.0,0.0,1.0,0.0
31,25,5.132879670624067,4.346388705741472,1.0,1.0,1.0,1.0,0.0,0.0
32,25,5.766065795892257,10.955684232443057,0.0,0.0,0.0,1.0,0.0,1.0
33,25,2.749448869624148,0.7842993925702539,0.0,1.0,0.0,1.0,0.0,0.0
34,25,7.013162776375703,2.144877974032036,0.0,0.0,1.0,0.0,0.0,0.0
35,25,2.952587758316437,5.0945524874589,0.0,0.0,1.0,1.0,0.0,1.0
36,25,10.764104271592222,1.2640111641780678,0.0,1.0,0.0,0.0,0.0,1.0
37,25,0.9390654975821434,4.352178189724962,0.0,1.0,1.0,0.0,1.0,0.0
38,25,1.9185424386226213,5.653768804149346,0.0,1.0,0.0,0.0,1.0,1.0
39,25,9.9224717345659,6.828734511041499,0.0,0.0,1.0,1.0,1.0,0.0
0,30,4.026783206963232,10.163595522562888,0.0,1.0,0.0,0.0,0.0,1.0
1,30,0.0,3.9529633465299407,1.0,0.0,0.0,0.0,0.0,0.0
2,30,4.392228891294415,2.3985315216238265,1.0,0.0,0.0,0.0,0.0,0.0
3,30,11.873748623790672,2.593928044097701,1.0,0.0,1.0,1.0,0.0,0.0
4,30,3.3661274080510446,1.1749826597913786,1.0,1.0,0.0,1.0,0.0,0.0
5,30,3.593917259785272,0.374411848032928,1.0,0.0,1.0,0.0,1.0,1.0
6,30,1.98654716066181,2.5623188813596323,0.0,0.0,1.0,1.0,0.0,0.0
7,30,11.823581819115034,8.88622499396593,1.0,0.0,0.0,1.0,0.0,1.0
8,30,0.1599837159874396,3.3248443785878274,0.0,1.0,0.0,0.0,1.0,0.0
9,30,0.2720448891474072,7.868924501342921,1.0,0.0,0.0,0.0,0.0,1.0
10,30,3.6561218671041313,7.711290163656635,0.0,1.0,0.0,1.0,1.0,1.0
11,30,12.0,0.0,0.0,0.0,1.0,0.0,0.0,0.0
12,30,0.3647342740709479,8.829425567244442,0.0,1.0,1.0,0.0,0.0,1.0
13,30,11.13037504823332,9.595532857576163,1.0,1.0,1.0,0.0,0.0,1.0
14,30,5.8242138721299455,11.975575964108312,0.0,0.0,1.0,1.0,0.0,0.0
15,30,2.885768803430353,0.5946733964267895,1.0,0.0,1.0,1.0,1.0,0.0
16,30,7.804860635251999,3.788038426793506,0.0,1.0,0.0,1.0,1.0,0.0
17,30,0.0,10.771192733958737,1.0,0.0,1.0,0.0,0.0,1.0
18,30,3.320172430454721,4.029195860383954,0.0,0.0,0.0,0.0,0.0,1.0
19,30,5.904104606774743,1.7118417991749113,0.0,1.0,0.0,1.0,0.0,0.0
20,30,7.744531083728698,11.004276683523772,0.0,1.0,1.0,1.0,1.0,0.0
21,30,1.3399709468895271,0.2126366334987618,1.0,0.0,0.0,0.0,1.0,0.0
22,30,0.1661887154028187,4.426708233738814,1.0,0.0,0.0,0.0,0.0,0.0
23,30,9.720969905500596,3.6511895469206954,0.0,0.0,0.0,0.0,1.0,0.0
24,30,5.420595793987557,2.1069500663436416,0.0,1.0,0.0,1.0,0.0,0.0
25,30,3.0539523250663034,9.3320746214288,0.0,0.0,1.0,1.0,0.0,1.0
26,30,7.4855815981950045,5.718687697609541,1.0,0.0,0.0,0.0,0.0,0.0
27,30,8.877758337784687,1.88114402027714,0.0,1.0,0.0,1.0,0.0,1.0
28,30,3.2428621643991344,1.5827003040003191,0.0,1.0,0.0,1.0,1.0,1.0
29,30,2.804180187987041,4.6970805234650586,1.0,0.0,0.0,1.0,0.0,0.0
30,30,1.9175852269086568,7.305650908351528,1.0,0.0,1.0,0.0,1.0,0.0
31,30,5.147980122065635,4.38029151709944,1.0,1.0,1.0,1.0,0.0,0.0
32,30,5.723288430963339,10.949059883754126,0.0,0.0,0.0,1.0,0.0,1.0
33,30,2.716514152664925,0.754359261773857,0.0,1.0,0.0,1.0,0.0,0.0
34,30,7.014523906513737,2.156781290021765,0.0,0.0,1.0,0.0,0.0,0.0
35,30,2.97049801589098,5.052100069614718,0.0,0.0,1.0,1.0,0.0,1.0
36,30,10.719575461872916,1.3121848261449276,0.0,1.0,0.0,0.0,0.0,1.0
37,30,0.9311325877914204,4.412393940309594,0.0,1.0,1.0,0.0,1.0,0.0
38,30,1.906973891434984,5.596580265693449,0.0,1.0,0.0,0.0,1.0,1.0
39,30,9.911782947224497,6.827609257643951,0.0,0.0,1.0,1.0,1.0,0.0
0,35,4.0419729627804255,10.159643392283588,0.0,1.0,0.0,0.0,0.0,1.0
1,35,0.0,3.947373103022732,1.0,0.0,0.0,0.0,0.0,0.0
2,35,4.498876642267886,2.242687617624557,1.0,0.0,0.0,0.0,0.0,0.0
3,35,11.84278695067211,2.490788490830568,1.0,0.0,1.0,1.0,0.0,0.0
4,35,3.3853589857961937,1.1858367088131825,1.0,1.0,0.0,1.0,0.0,0.0
5,35,3.5168737355117825,0.4421142797988879,1.0,0.0,1.0,0.0,1.0,1.0
6,35,1.983939319015332,2.4974197372185705,0.0,0.0,1.0,1.0,0.0,0.0
7,35,11.777618575340028,8.853828008410662,1.0,0.0,0.0,1.0,0.0,1.0
8,35,0.1586216912696153,3.322242046475103,0.0,1.0,0.0,0.0,1.0,0.0
9,35,0.311984618696122,7.849700330780264,1.0,0.0,0.0,0.0,0.0,1.0
10,35,3.586779571807953,7.653329357244061,0.0,1.0,0.0,1.0,1.0,1.0
11,35,11.998873649189097,0.0017402494019487,0.0,0.0,1.0,0.0,0.0,0.0
12,35,0.4327705086526264,8.800271168765939,0.0,1.0,1.0,0.0,0.0,1.0
13,35,11.149971432472476,9.537934828643278,1.0,1.0,1.0,0.0,0.0,1.0
14,35,5.7775512885781,11.97000165790936,0.0,0.0,1.0,1.0,0.0,0.0
15,35,2.867060292270355,0.5294878992773351,1.0,0.0,1.0,1.0,1.0,0.0
16,35,7.783961879016131,3.765780256713386,0.0,1.0,0.0,1.0,1.0,0.0
17,35,0.0,10.74106689657717,1.0,0.0,1.0,0.0,0.0,1.0
18,35,3.212363588007605,4.027254956617187,0.0,0.0,0.0,0.0,0.0,1.0
19,35,5.894210008081975,1.68666647234232,0.0,1.0,0.0,1.0,0.0,0.0
20,35,7.744143365079383,10.984236517709164,0.0,1.0,1.0,1.0,1.0,0.0
21,35,1.2545241118526655,0.2409609742658517,1.0,0.0,0.0,0.0,1.0,0.0
22,35,0.1945452256583626,4.333805256831874,1.0,0.0,0.0,0.0,0.0,0.0
23,35,9.73467798922206,3.5214279459491,0.0,0.0,0.0,0.0,1.0,0.0
24,35,5.508733058075756,2.1279829052043806,0.0,1.0,0.0,1.0,0.0,0.0
25,35,3.060253130622897,9.386326007382651,0.0,0.0,1.0,1.0,0.0,1.0
26,35,7.546563574324693,5.68396543288911,1.0,0.0,0.0,0.0,0.0,0.0
27,35,8.88717389745649,1.8896841736668275,0.0,1.0,0.0,1.0,0.0,1.0
28,35,3.292625734650395,1.5018618678925773,0.0,1.0,0.0,1.0,1.0,1.0
29,35,2.7642568803734715,4.632941363325514,1.0,0.0,0.0,1.0,0.0,0.0
30,35,1.909576155170703,7.341585847455681,1.0,0.0,1.0,0.0,1.0,0.0
31,35,5.164911238441252,4.415823771997162,1.0,1.0,1.0,1.0,0.0,0.0
32,35,5.663762772405214,10.939101054540892,0.0,0.0,0.0,1.0,0.0,1.0
33,35,2.7031529512107144,0.7416214263373879,0.0,1.0,0.0,1.0,0.0,0.0
34,35,7.014312869533796,2.1551088318074965,0.0,0.0,1.0,0.0,0.0,0.0
35,35,2.9766399848093994,5.036576484238264,0.0,0.0,1.0,1.0,0.0,1.0
36,35,10.676422162402252,1.3601165176287675,0.0,1.0,0.0,0.0,0.0,1.0
37,35,0.9239911916448946,4.461612470067776,0.0,1.0,1.0,0.0,1.0,0.0
38,35,1.896272581657986,5.539982614780019,0.0,1.0,0.0,0.0,1.0,1.0
39,35,9.867937027456616,6.822165262751353,0.0,0.0,1.0,1.0,1.0,0.0
0,40,4.062328155829267,10.15410521542809,0.0,1.0,0.0,0.0,0.0,1.0
1,40,0.0,3.9413052213954023,1.0,0.0,0.0,0.0,0.0,0.0
2,40,4.608442876326647,2.083168139948446,1.0,0.0,0.0,0.0,0.0,0.0
3,40,11.81101653451682,2.385834674993003,1.0,0.0,1.0,1.0,0.0,0.0
4,40,3.3848847016670645,1.185575567631188,1.0,1.0,0.0,1.0,0.0,0.0
5,40,3.418620009646446,0.5242899797616443,1.0,0.0,1.0,0.0,1.0,1.0
6,40,1.982744930101672,2.4128286384172366,0.0,0.0,1.0,1.0,0.0,0.0
7,40,11.753486518958924,8.836334450968714,1.0,0.0,0.0,1.0,0.0,1.0
8,40,0.1572482131026452,3.319697168315824,0.0,1.0,0.0,0.0,1.0,0.0
9,40,0.3846576802733468,7.811579926302475,1.0,0.0,0.0,0.0,0.0,1.0
10,40,3.5299488334695988,7.606122714865495,0.0,1.0,0.0,1.0,1.0,1.0
11,40,11.999335893825906,0.00097601482777,0.0,0.0,1.0,0.0,0.0,0.0
12,40,0.4992659366889963,8.772953985667915,0.0,1.0,1.0,0.0,0.0,1.0
13,40,11.171388459965,9.476761202605347,1.0,1.0,1.0,0.0,0.0,1.0
14,40,5.720099081923277,11.963909391855395,0.0,0.0,1.0,1.0,0.0,0.0
15,40,2.8575931113498925,0.4956754708590319,1.0,0.0,1.0,1.0,1.0,0.0
16,40,7.751906433671926,3.7299712180760096,0.0,1.0,0.0,1.0,1.0,0.0
17,40,0.0,10.714440153064604,1.0,0.0,1.0,0.0,0.0,1.0
18,40,3.1200056579070843,4.028024903026559,0.0,0.0,0.0,0.0,0.0,1.0
19,40,5.881221434412879,1.6572870959542607,0.0,1.0,0.0,1.0,0.0,0.0
20,40,7.744001620813337,10.974268210463231,0.0,1.0,1.0,1.0,1.0,0.0
21,40,1.17414163543751,0.2674171300231417,1.0,0.0,0.0,0.0,1.0,0.0
22,40,0.2172334181733495,4.256172111237993,1.0,0.0,0.0,0.0,0.0,0.0
23,40,9.749486485094192,3.38742795202316,0.0,0.0,0.0,0.0,1.0,0.0
24,40,5.583913714551916,2.14848358180372,0.0,1.0,0.0,1.0,0.0,0.0
25,40,3.0673674412972365,9.446296653081692,0.0,0.0,1.0,1.0,0.0,1.0
26,40,7.6054152602154685,5.649087095880854,1.0,0.0,0.0,0.0,0.0,0.0
27,40,8.862323038462884,1.8671060681494376,0.0,1.0,0.0,1.0,0.0,1.0
28,40,3.3488690007555784,1.405378069671838,0.0,1.0,0.0,1.0,1.0,1.0
29,40,2.710071892234792,4.5473307934620175,1.0,0.0,0.0,1.0,0.0,0.0
30,40,1.904404263898488,7.361406584518526,1.0,0.0,1.0,0.0,1.0,0.0
31,40,5.18037259467617,4.446788031273514,1.0,1.0,1.0,1.0,0.0,0.0
32,40,5.594483496802715,10.926758084272825,0.0,0.0,0.0,1.0,0.0,1.0
33,40,2.683367009874819,0.7239303426667075,0.0,1.0,0.0,1.0,0.0,0.0
34,40,7.012584415420861,2.139900722701136,0.0,0.0,1.0,0.0,0.0,0.0
35,40,2.990774175817814,5.00198492412175,0.0,0.0,1.0,1.0,0.0,1.0
36,40,10.633473101456394,1.4056254092410745,0.0,1.0,0.0,0.0,0.0,1.0
37,40,0.916596613721992,4.512435041332068,0.0,1.0,1.0,0.0,1.0,0.0
38,40,1.8880500132443985,5.495981163705589,0.0,1.0,0.0,0.0,1.0,1.0
39,40,9.8408313019014,6.818857216540891,0.0,0.0,1.0,1.0,1.0,0.0
0,45,4.063256636024465,10.1538606989218,0.0,1.0,0.0,0.0,0.0,1.0
1,45,0.0,3.9358100553718818,1.0,0.0,0.0,0.0,0.0,0.0
2,45,4.725381239861428,1.9122594159878612,1.0,0.0,0.0,0.0,0.0,0.0
3,45,11.780347705272474,2.286992175137283,1.0,0.0,1.0,1.0,0.0,0.0
4,45,3.393821779918323,1.190410802743393,1.0,1.0,0.0,1.0,0.0,0.0
5,45,3.308816185435861,0.6179583472115469,1.0,0.0,1.0,0.0,1.0,1.0
6,45,1.9811867238360064,2.3530032412074986,0.0,0.0,1.0,1.0,0.0,0.0
7,45,11.72592402596942,8.814734453531129,1.0,0.0,0.0,1.0,0.0,1.0
8,45,0.1706960622769599,3.34478401048838,0.0,1.0,0.0,0.0,1.0,0.0
9,45,0.4549331482309409,7.771712844942009,1.0,0.0,0.0,0.0,0.0,1.0
10,45,3.471842336899784,7.557797133265824,0.0,1.0,0.0,1.0,1.0,1.0
11,45,11.9989038175924,0.0016839666021597,0.0,0.0,1.0,0.0,0.0,0.0
12,45,0.5767752120909153,8.740787384981777,0.0,1.0,1.0,0.0,0.0,1.0
13,45,11.190523466711111,9.426009403750191,1.0,1.0,1.0,0.0,0.0,1.0
14,45,5.679254512389522,11.95944062769933,0.0,0.0,1.0,1.0,0.0,0.0
15,45,2.8432094958041594,0.4436582112479226,1.0,0.0,1.0,1.0,1.0,0.0
16,45,7.713562056966192,3.68666409448537,0.0,1.0,0.0,1.0,1.0,0.0
17,45,0.0,10.693575461958591,1.0,0.0,1.0,0.0,0.0,1.0
18,45,3.036180285866165,4.02901368769446,0.0,0.0,0.0,0.0,0.0,1.0
19,45,5.863818934359673,1.6166681891939356,0.0,1.0,0.0,1.0,0.0,0.0
20,45,7.743794584323738,10.958224711575593,0.0,1.0,1.0,1.0,1.0,0.0
21,45,1.094260403561893,0.2938750176121636,1.0,0.0,0.0,0.0,1.0,0.0
22,45,0.2392197577927297,4.175006784368364,1.0,0.0,0.0,0.0,0.0,0.0
23,45,9.758705767511849,3.2707723107704614,0.0,0.0,0.0,0.0,1.0,0.0
24,45,5.664488186204402,2.1686278424414307,0.0,1.0,0.0,1.0,0.0,0.0
25,45,3.073396146673681,9.49117233063323,0.0,0.0,1.0,1.0,0.0,1.0
26,45,7.664040233243281,5.615053451055437,1.0,0.0,0.0,0.0,0.0,0.0
27,45,8.844743128087396,1.8518962047205412,0.0,1.0,0.0,1.0,0.0,1.0
28,45,3.40971254631908,1.3036888558779234,0.0,1.0,0.0,1.0,1.0,1.0
29,45,2.658401221049239,4.4634728135061446,1.0,0.0,0.0,1.0,0.0,0.0
30,45,1.9009533777337817,7.374055104415114,1.0,0.0,1.0,0.0,1.0,0.0
31,45,5.19547795932679,4.476170324595594,1.0,1.0,1.0,1.0,0.0,0.0
32,45,5.531934821058588,10.913197616892688,0.0,0.0,0.0,1.0,0.0,1.0
33,45,2.669103320136247,0.7111788122986072,0.0,1.0,0.0,1.0,0.0,0.0
34,45,7.009875040777883,2.115302525701446,0.0,0.0,1.0,0.0,0.0,0.0
35,45,3.0156029486576754,4.943348469680696,0.0,0.0,1.0,1.0,0.0,1.0
36,45,10.59657103567761,1.446341524868033,0.0,1.0,0.0,0.0,0.0,1.0
37,45,0.9081238558026614,4.562586278236089,0.0,1.0,1.0,0.0,1.0,0.0
38,45,1.8795423931243889,5.450968823659466,0.0,1.0,0.0,0.0,1.0,1.0
39,45,9.82045998602489,6.8156017762564005,0.0,0.0,1.0,1.0,1.0,0.0
0,50,4.056933841281511,10.155351146129927,0.0,1.0,0.0,0.0,0.0,1.0
1,50,0.0,3.930790415119771,1.0,0.0,0.0,0.0,0.0,0.0
2,50,4.853292645311866,1.7151357384629204,1.0,0.0,0.0,0.0,0.0,0.0
3,50,11.750899323598128,2.187459202682317,1.0,0.0,1.0,1.0,0.0,0.0
4,50,3.3920520941182524,1.1894296601043357,1.0,1.0,0.0,1.0,0.0,0.0
5,50,3.2032899271299726,0.7054496984591427,1.0,0.0,1.0,0.0,1.0,1.0
6,50,1.9786717619025285,2.281637430616037,0.0,0.0,1.0,1.0,0.0,0.0
7,50,11.720239018032926,8.810122540246322,1.0,0.0,0.0,1.0,0.0,1.0
8,50,0.1859294456470249,3.373774652917141,0.0,1.0,0.0,0.0,1.0,0.0
9,50,0.5113254751582613,7.7402005932773665,1.0,0.0,0.0,0.0,0.0,1.0
10,50,3.429799461701246,7.520931858030891,0.0,1.0,0.0,1.0,1.0,1.0
11,50,11.999390530248505,0.000838474053032,0.0,0.0,1.0,0.0,0.0,0.0
12,50,0.661371386257901,8.703362689107193,0.0,1.0,1.0,0.0,0.0,1.0
13,50,11.203507694821775,9.389405078826208,1.0,1.0,1.0,0.0,0.0,1.0
14,50,5.648021248544219,11.956236413037066,0.0,0.0,1.0,1.0,0.0,0.0
15,50,2.8286222355904584,0.3905112830314495,1.0,0.0,1.0,1.0,1.0,0.0
16,50,7.669944049555871,3.6369396157082794,0.0,1.0,0.0,1.0,1.0,0.0
17,50,0.0,10.680669795186883,1.0,0.0,1.0,0.0,0.0,1.0
18,50,2.964742728369972,4.029528317684981,0.0,0.0,0.0,0.0,0.0,1.0
19,50,5.850790130267972,1.585682530166792,0.0,1.0,0.0,1.0,0.0,0.0
20,50,7.743938932914558,10.940295926594215,0.0,1.0,1.0,1.0,1.0,0.0
21,50,1.0144595562039302,0.3187274225865603,1.0,0.0,0.0,0.0,1.0,0.0
22,50,0.2591234052370983,4.100194334471301,1.0,0.0,0.0,0.0,0.0,0.0
23,50,9.767882402225418,3.1677430619862257,0.0,0.0,0.0,0.0,1.0,0.0
24,50,5.739774456278748,2.1880345046919776,0.0,1.0,0.0,1.0,0.0,0.0
25,50,3.076218836583298,9.515638274408095,0.0,0.0,1.0,1.0,0.0,1.0
26,50,7.721775339200503,5.581000008381105,1.0,0.0,0.0,0.0,0.0,0.0
27,50,8.832516459181946,1.8407802019306785,0.0,1.0,0.0,1.0,0.0,1.0
28,50,3.4676116071951903,1.205976240628261,0.0,1.0,0.0,1.0,1.0,1.0
29,50,2.6050305615122897,4.379288860681659,1.0,0.0,0.0,1.0,0.0,0.0
30,50,1.8983171015039888,7.385771887785896,1.0,0.0,1.0,0.0,1.0,0.0
31,50,5.209813746414292,4.502401655679586,1.0,1.0,1.0,1.0,0.0,0.0
32,50,5.457516667473443,10.896325269466937,0.0,0.0,0.0,1.0,0.0,1.0
33,50,2.6701307722970946,0.7121550169777157,0.0,1.0,0.0,1.0,0.0,0.0
34,50,7.007402951156989,2.0899527670506464,0.0,0.0,1.0,0.0,0.0,0.0
35,50,3.040394567463891,4.887605612946536,0.0,0.0,1.0,1.0,0.0,1.0
36,50,10.586929461597869,1.4564771252130708,0.0,1.0,0.0,0.0,0.0,1.0
37,50,0.9027691052850564,4.5936472879053305,0.0,1.0,1.0,0.0,1.0,0.0
38,50,1.8696201390004916,5.399912600577577,0.0,1.0,0.0,0.0,1.0,1.0
39,50,9.781379301461362,6.809043050498079,0.0,0.0,1.0,1.0,1.0,0.0
0,55,4.02838242462542,10.161901753305218,0.0,1.0,0.0,0.0,0.0,1.0
1,55,0.0,3.927847796994233,1.0,0.0,0.0,0.0,0.0,0.0
2,55,4.987816048729538,1.505412503199642,1.0,0.0,0.0,0.0,0.0,0.0
3,55,11.715540790236377,2.0733496038592225,1.0,0.0,1.0,1.0,0.0,0.0
4,55,3.3739059419122164,1.1790993289207887,1.0,1.0,0.0,1.0,0.0,0.0
5,55,3.1044397640250265,0.7910406414931389,1.0,0.0,1.0,0.0,1.0,1.0
6,55,1.9760504992472336,2.1952100445791416,0.0,0.0,1.0,1.0,0.0,0.0
7,55,11.695910018722069,8.790663260158379,1.0,0.0,0.0,1.0,0.0,1.0
8,55,0.2087500144474718,3.420704036877688,0.0,1.0,0.0,0.0,1.0,0.0
9,55,0.5731776079352691,7.706092737331963,1.0,0.0,0.0,0.0,0.0,1.0
10,55,3.3832288980893206,7.479616142196354,0.0,1.0,0.0,1.0,1.0,1.0
11,55,12.0,0.0,0.0,0.0,1.0,0.0,0.0,0.0
12,55,0.7313854770459645,8.670756958439396,0.0,1.0,1.0,0.0,0.0,1.0
13,55,11.218418028538688,9.34659626547782,1.0,1.0,1.0,0.0,0.0,1.0
14,55,5.64093915907685,11.95536515492688,0.0,0.0,1.0,1.0,0.0,0.0
15,55,2.817669547440947,0.3517380769608237,1.0,0.0,1.0,1.0,1.0,0.0
16,55,7.618185788993266,3.5809768251474248,0.0,1.0,0.0,1.0,1.0,0.0
17,55,0.0,10.671601936229491,1.0,0.0,1.0,0.0,0.0,1.0
18,55,2.892696241974845,4.03055043015666,0.0,0.0,0.0,0.0,0.0,1.0
19,55,5.8393341861064405,1.5568616409780065,0.0,1.0,0.0,1.0,0.0,0.0
20,55,7.743957361881216,10.93981850309534,0.0,1.0,1.0,1.0,1.0,0.0
21,55,0.952347186082131,0.3381727201215513,1.0,0.0,0.0,0.0,1.0,0.0
22,55,0.2788903768653646,4.021410662557856,1.0,0.0,0.0,0.0,0.0,0.0
23,55,9.778135957415872,3.070594804304934,0.0,0.0,0.0,0.0,1.0,0.0
24,55,5.824296636172445,2.2115582751094998,0.0,1.0,0.0,1.0,0.0,0.0
25,55,3.0795656445802173,9.544819470482782,0.0,0.0,1.0,1.0,0.0,1.0
26,55,7.791460955851915,5.540240482042363,1.0,0.0,0.0,0.0,0.0,0.0
27,55,8.82201576556859,1.830827440681813,0.0,1.0,0.0,1.0,0.0,1.0
28,55,3.511190564023896,1.126993992817488,0.0,1.0,0.0,1.0,1.0,1.0
29,55,2.553536236572427,4.2982636937089005,1.0,0.0,0.0,1.0,0.0,0.0
30,55,1.8917143727909815,7.414199218018734,1.0,0.0,1.0,0.0,1.0,0.0
31,55,5.225463557927214,4.53223001071609,1.0,1.0,1.0,1.0,0.0,0.0
32,55,5.368596181329947,10.877327813209767,0.0,0.0,0.0,1.0,0.0,1.0
33,55,2.6622850720684235,0.7046881017689994,0.0,1.0,0.0,1.0,0.0,0.0
34,55,7.003167158505275,2.0564367029406454,0.0,0.0,1.0,0.0,0.0,0.0
35,55,3.0626066364393414,4.839201845340287,0.0,0.0,1.0,1.0,0.0,1.0
36,55,10.57391139692638,1.470262061627712,0.0,1.0,0.0,0.0,0.0,1.0
37,55,0.8946462633015754,4.636320773140405,0.0,1.0,1.0,0.0,1.0,0.0
38,55,1.8574271162554905,5.34424216259129,0.0,1.0,0.0,0.0,1.0,1.0
39,55,9.742685395426882,6.802566815309849,0.0,0.0,1.0,1.0,1.0,0.0
0,60,4.001913872568593,10.16841696774238,0.0,1.0,0.0,0.0,0.0,1.0
1,60,0.0,3.921866997921653,1.0,0.0,0.0,0.0,0.0,0.0
2,60,5.1254355591281815,1.2996035157992625,1.0,0.0,0.0,0.0,0.0,0.0
3,60,11.680362987498572,1.953831742283644,1.0,0.0,1.0,1.0,0.0,0.0
4,60,3.3534432983197004,1.1672149061053123,1.0,1.0,0.0,1.0,0.0,0.0
5,60,3.01116972273024,0.8752695349404682,1.0,0.0,1.0,0.0,1.0,1.0
6,60,1.9751605314327445,2.1011232650428777,0.0,0.0,1.0,1.0,0.0,0.0
7,60,11.663507993096609,8.765532858591541,1.0,0.0,0.0,1.0,0.0,1.0
8,60,0.2179145116268809,3.4378984304309816,0.0,1.0,0.0,0.0,1.0,0.0
9,60,0.627993459812226,7.674133446067345,1.0,0.0,0.0,0.0,0.0,1.0
10,60,3.3524557488434983,7.450649543835459,0.0,1.0,0.0,1.0,1.0,1.0
11,60,12.0,0.0,0.0,0.0,1.0,0.0,0.0,0.0
12,60,0.7880307593346721,8.64498611908805,0.0,1.0,1.0,0.0,0.0,1.0
13,60,11.235917812627296,9.291482008955962,1.0,1.0,1.0,0.0,0.0,1.0
14,60,5.631635611411041,11.95410810390403,0.0,0.0,1.0,1.0,0.0,0.0
15,60,2.8076393048462323,0.3170981103814752,1.0,0.0,1.0,1.0,1.0,0.0
16,60,7.568203112115938,3.5284634606744114,0.0,1.0,0.0,1.0,1.0,0.0
17,60,0.0,10.66757709497902,1.0,0.0,1.0,0.0,0.0,1.0
18,60,2.8931940034596395,4.095426304606371,0.0,0.0,0.0,0.0,0.0,1.0
19,60,5.833952906569143,1.5444877916487796,0.0,1.0,0.0,1.0,0.0,0.0
20,60,7.744096317858183,10.936122423879382,0.0,1.0,1.0,1.0,1.0,0.0
21,60,0.8900042767101388,0.360027016189652,1.0,0.0,0.0,0.0,1.0,0.0
22,60,0.2954281610278954,3.958614937201559,1.0,0.0,0.0,0.0,0.0,0.0
23,60,9.788977615172994,2.9756129947792265,0.0,0.0,0.0,0.0,1.0,0.0
24,60,5.90944622599478,2.233334650980343,0.0,1.0,0.0,1.0,0.0,0.0
25,60,3.0822042853214824,9.566272560001693,0.0,0.0,1.0,1.0,0.0,1.0
26,60,7.854071277151378,5.503932119062167,1.0,0.0,0.0,0.0,0.0,0.0
27,60,8.805798206645573,1.8159923876386244,0.0,1.0,0.0,1.0,0.0,1.0
28,60,3.5560729626791594,1.0478884766055487,0.0,1.0,0.0,1.0,1.0,1.0
29,60,2.5001475919951712,4.214522767470595,1.0,0.0,0.0,1.0,0.0,0.0
30,60,1.8877833796839192,7.429760532820323,1.0,0.0,1.0,0.0,1.0,0.0
31,60,5.232283610886325,4.545463879720678,1.0,1.0,1.0,1.0,0.0,0.0
32,60,5.281513252015468,10.8605883793604,0.0,0.0,0.0,1.0,0.0,1.0
33,60,2.656743755243616,0.6992123980127787,0.0,1.0,0.0,1.0,0.0,0.0
34,60,6.9971376135630186,2.0001159483452207,0.0,0.0,1.0,0.0,0.0,0.0
35,60,3.077520410012144,4.806807542677798,0.0,0.0,1.0,1.0,0.0,1.0
36,60,10.571526061364017,1.472747554149632,0.0,1.0,0.0,0.0,0.0,1.0
37,60,0.8867553639844533,4.679355155721554,0.0,1.0,1.0,0.0,1.0,0.0
38,60,1.8402947208241272,5.264013641235856,0.0,1.0,0.0,0.0,1.0,1.0
39,60,9.703883612150564,6.79482760124032,0.0,0.0,1.0,1.0,1.0,0.0
0,65,3.975047451457672,10.175596861240509,0.0,1.0,0.0,0.0,0.0,1.0
1,65,0.0,3.9163510612179806,1.0,0.0,0.0,0.0,0.0,0.0
2,65,5.277404001846421,1.083507172592823,1.0,0.0,0.0,0.0,0.0,0.0
3,65,11.642648088236404,1.821730861063062,1.0,0.0,1.0,1.0,0.0,0.0
4,65,3.337904557980186,1.1581327877533742,1.0,1.0,0.0,1.0,0.0,0.0
5,65,2.91015943072642,0.9631953031022554,1.0,0.0,1.0,0.0,1.0,1.0
6,65,1.9733632749017869,2.0092083464717927,0.0,0.0,1.0,1.0,0.0,0.0
7,65,11.631363667414128,8.742130515210743,1.0,0.0,0.0,1.0,0.0,1.0
8,65,0.2221404994308543,3.445110326585266,0.0,1.0,0.0,0.0,1.0,0.0
9,65,0.6522249471800682,7.660868247259098,1.0,0.0,0.0,0.0,0.0,1.0
10,65,3.327272383855562,7.428266199974009,0.0,1.0,0.0,1.0,1.0,1.0
11,65,12.0,0.0,0.0,0.0,1.0,0.0,0.0,0.0
12,65,0.8309208303760346,8.6264469196355,0.0,1.0,1.0,0.0,0.0,1.0
13,65,11.2550316976967,9.230828689771975,1.0,1.0,1.0,0.0,0.0,1.0
14,65,5.626159144398287,11.95350180342314,0.0,0.0,1.0,1.0,0.0,0.0
15,65,2.795485972880216,0.2755437212514103,1.0,0.0,1.0,1.0,1.0,0.0
16,65,7.522737494598353,3.479078313661871,0.0,1.0,0.0,1.0,1.0,0.0
17,65,0.0020276503204887,10.66876092098453,1.0,0.0,1.0,0.0,0.0,1.0
18,65,2.893854942547058,4.173385794380703,0.0,0.0,0.0,0.0,0.0,1.0
19,65,5.8328387551872565,1.5418684118065418,0.0,1.0,0.0,1.0,0.0,0.0
20,65,7.74374585235599,10.954988574714264,0.0,1.0,1.0,1.0,1.0,0.0
21,65,0.8329030333193969,0.3805520320682571,1.0,0.0,0.0,0.0,1.0,0.0
22,65,0.3106596666080773,3.897249408544117,1.0,0.0,0.0,0.0,0.0,0.0
23,65,9.798669320465605,2.8881833369974195,0.0,0.0,0.0,0.0,1.0,0.0
24,65,6.01755847246791,2.2576620155589318,0.0,1.0,0.0,1.0,0.0,0.0
25,65,3.0815650974268936,9.560890368353686,0.0,0.0,1.0,1.0,0.0,1.0
26,65,7.912561032273843,5.46715273859568,1.0,0.0,0.0,0.0,0.0,0.0
27,65,8.781831662555797,1.794586843235945,0.0,1.0,0.0,1.0,0.0,1.0
28,65,3.604561306629384,0.9629421104815312,0.0,1.0,0.0,1.0,1.0,1.0
29,65,2.448014648130373,4.135765087049625,1.0,0.0,0.0,1.0,0.0,0.0
30,65,1.886248743876136,7.436614116091471,1.0,0.0,1.0,0.0,1.0,0.0
31,65,5.2363523337817695,4.55307347258153,1.0,1.0,1.0,1.0,0.0,0.0
32,65,5.200887639783066,10.846061185301066,0.0,0.0,0.0,1.0,0.0,1.0
33,65,2.655744627950369,0.6981866610924515,0.0,1.0,0.0,1.0,0.0,0.0
34,65,6.990272538536497,1.945997941802917,0.0,0.0,1.0,0.0,0.0,0.0
35,65,3.1018201944364576,4.754105401868695,0.0,0.0,1.0,1.0,0.0,1.0
36,65,10.56822668190614,1.476409422965572,0.0,1.0,0.0,0.0,0.0,1.0
37,65,0.8813299597919468,4.7077358080566745,0.0,1.0,1.0,0.0,1.0,0.0
38,65,1.8226616545657264,5.192079234986202,0.0,1.0,0.0,0.0,1.0,1.0
39,65,9.671936661567008,6.7883300762106895,0.0,0.0,1.0,1.0,1.0,0.0
0,70,3.945191028512791,10.182780254164127,0.0,1.0,0.0,0.0,0.0,1.0
1,70,0.0,3.91054513808193,1.0,0.0,0.0,0.0,0.0,0.0
2,70,5.436247046401876,0.8680706845968365,1.0,0.0,0.0,0.0,0.0,0.0
3,70,11.602430351987978,1.6905302786526692,1.0,0.0,1.0,1.0,0.0,0.0
4,70,3.323192011048222,1.1494895721866116,1.0,1.0,0.0,1.0,0.0,0.0
5,70,2.8230865790302584,1.0403055635050713,1.0,0.0,1.0,0.0,1.0,1.0
6,70,1.9749497520093715,1.92022522698855,0.0,0.0,1.0,1.0,0.0,0.0
7,70,11.582526262262116,8.706092706710317,1.0,0.0,0.0,1.0,0.0,1.0
8,70,0.2194309441542404,3.4401246626464475,0.0,1.0,0.0,0.0,1.0,0.0
9,70,0.654808871180765,7.659429127333234,1.0,0.0,0.0,0.0,0.0,1.0
10,70,3.295008561854055,7.400324610960602,0.0,1.0,0.0,1.0,1.0,1.0
11,70,12.0,0.0,0.0,0.0,1.0,0.0,0.0,0.0
12,70,0.887800399462364,8.600017327053301,0.0,1.0,1.0,0.0,0.0,1.0
13,70,11.273002309697494,9.174300274842205,1.0,1.0,1.0,0.0,0.0,1.0
14,70,5.618726022289805,11.952710370511491,0.0,0.0,1.0,1.0,0.0,0.0
15,70,2.779385568171348,0.2208798370320902,1.0,0.0,1.0,1.0,1.0,0.0
16,70,7.461890788667888,3.412606203344443,0.0,1.0,0.0,1.0,1.0,0.0
17,70,0.0,10.666559835360433,1.0,0.0,1.0,0.0,0.0,1.0
18,70,2.8970079983823056,4.260158777263163,0.0,0.0,0.0,0.0,0.0,1.0
19,70,5.840786120145814,1.5611860145854195,0.0,1.0,0.0,1.0,0.0,0.0
20,70,7.743320063322313,10.969777178738648,0.0,1.0,1.0,1.0,1.0,0.0
21,70,0.7543567070962188,0.4078595451625834,1.0,0.0,0.0,0.0,1.0,0.0
22,70,0.3252506805451695,3.836961551781008,1.0,0.0,0.0,0.0,0.0,0.0
23,70,9.811642804628873,2.799362823810687,0.0,0.0,0.0,0.0,1.0,0.0
24,70,6.130878734366638,2.2843445096110027,0.0,1.0,0.0,1.0,0.0,0.0
25,70,3.0807889418309444,9.554414307616636,0.0,0.0,1.0,1.0,0.0,1.0
26,70,7.963680517295221,5.433960115856753,1.0,0.0,0.0,0.0,0.0,0.0
27,70,8.769715627290639,1.7841661565483786,0.0,1.0,0.0,1.0,0.0,1.0
28,70,3.6569988180413753,0.876275647772969,0.0,1.0,0.0,1.0,1.0,1.0
29,70,2.3968486977343364,4.059807083445556,1.0,0.0,0.0,1.0,0.0,0.0
30,70,1.8841439981727532,7.446828232588807,1.0,0.0,1.0,0.0,1.0,0.0
31,70,5.24694084424065,4.57209931621664,1.0,1.0,1.0,1.0,0.0,0.0
32,70,5.128564588894452,10.833553815255868,0.0,0.0,0.0,1.0,0.0,1.0
33,70,2.64593565161354,0.6879615086367102,0.0,1.0,0.0,1.0,0.0,0.0
34,70,6.980971053435367,1.8847029238697723,0.0,0.0,1.0,0.0,0.0,0.0
35,70,3.128629557704093,4.696195669500026,0.0,0.0,1.0,1.0,0.0,1.0
36,70,10.554368898880588,1.491906851742145,0.0,1.0,0.0,0.0,0.0,1.0
37,70,0.8742907916257565,4.745675134059397,0.0,1.0,1.0,0.0,1.0,0.0
38,70,1.800242814809353,5.114878862481024,0.0,1.0,0.0,0.0,1.0,1.0
39,70,9.632454891998762,6.779764725805493,0.0,0.0,1.0,1.0,1.0,0.0
0,75,3.9108872524067633,10.19110412410818,0.0,1.0,0.0,0.0,0.0,1.0
1,75,0.0,3.903156477232926,1.0,0.0,0.0,0.0,0.0,0.0
2,75,5.605434700049555,0.6354047994257312,1.0,0.0,0.0,0.0,0.0,0.0
3,75,11.569547583991312,1.576117420632427,1.0,0.0,1.0,1.0,0.0,0.0
4,75,3.299728375200439,1.1367959609922953,1.0,1.0,0.0,1.0,0.0,0.0
5,75,2.7368474674151604,1.1168274994538463,1.0,0.0,1.0,0.0,1.0,1.0
6,75,1.977719513288798,1.8425026120419763,0.0,0.0,1.0,1.0,0.0,0.0
7,75,11.530110652369656,8.665479897123372,1.0,0.0,0.0,1.0,0.0,1.0
8,75,0.2233421474577325,3.4471798987266493,0.0,1.0,0.0,0.0,1.0,0.0
9,75,0.6508322770413393,7.661548677860736,1.0,0.0,0.0,0.0,0.0,1.0
10,75,3.2754838342875514,7.382761083310134,0.0,1.0,0.0,1.0,1.0,1.0
11,75,12.0,0.0,0.0,0.0,1.0,0.0,0.0,0.0
12,75,0.9498992584782624,8.570841627692808,0.0,1.0,1.0,0.0,0.0,1.0
13,75,11.294067744528812,9.106962021827652,1.0,1.0,1.0,0.0,0.0,1.0
14,75,5.61000103605608,11.9522228119241,0.0,0.0,1.0,1.0,0.0,0.0
15,75,2.755662138666109,0.1424068368308746,1.0,0.0,1.0,1.0,1.0,0.0
16,75,7.403052209270069,3.3508889346141078,0.0,1.0,0.0,1.0,1.0,0.0
17,75,0.0,10.659980444978194,1.0,0.0,1.0,0.0,0.0,1.0
18,75,2.8990539868093608,4.345168762443455,0.0,0.0,0.0,0.0,0.0,1.0
19,75,5.841959468748143,1.564078200147606,0.0,1.0,0.0,1.0,0.0,0.0
20,75,7.742425795524041,10.9896624533397,0.0,1.0,1.0,1.0,1.0,0.0
21,75,0.6907908333520981,0.4297167683705413,1.0,0.0,0.0,0.0,1.0,0.0
22,75,0.335692003124607,3.792718955689804,1.0,0.0,0.0,0.0,0.0,0.0
23,75,9.82320140534648,2.712762437874949,0.0,0.0,0.0,0.0,1.0,0.0
24,75,6.233531840455276,2.3091253369707987,0.0,1.0,0.0,1.0,0.0,0.0
25,75,3.0808730324765192,9.555301111903711,0.0,0.0,1.0,1.0,0.0,1.0
26,75,8.011920472571795,5.404228770080103,1.0,0.0,0.0,0.0,0.0,0.0
27,75,8.744374286331857,1.7635935256006263,0.0,1.0,0.0,1.0,0.0,1.0
28,75,3.7087539283631954,0.7908700486307074,0.0,1.0,0.0,1.0,1.0,1.0
29,75,2.3360732879857227,3.977680831395077,1.0,0.0,0.0,1.0,0.0,0.0
30,75,1.8849711800271416,7.442602404505959,1.0,0.0,1.0,0.0,1.0,0.0
31,75,5.210371844205152,4.591821496187015,1.0,1.0,1.0,1.0,0.0,0.0
32,75,5.077609716182421,10.824701415987384,0.0,0.0,0.0,1.0,0.0,1.0
33,75,2.6495039509831124,0.6917397711030218,0.0,1.0,0.0,1.0,0.0,0.0
34,75,6.967012008643225,1.8041843497192125,0.0,0.0,1.0,0.0,0.0,0.0
35,75,3.150624346324034,4.649139204027184,0.0,0.0,1.0,1.0,0.0,1.0
36,75,10.541652087948338,1.5060497644976258,0.0,1.0,0.0,0.0,0.0,1.0
37,75,0.867173314529039,4.782515062462314,0.0,1.0,1.0,0.0,1.0,0.0
38,75,1.7846630571733193,5.057144444143756,0.0,1.0,0.0,0.0,1.0,1.0
39,75,9.60056587923525,6.772437558811896,0.0,0.0,1.0,1.0,1.0,0.0
0,80,3.8748688886391625,10.199674716983145,0.0,1.0,0.0,0.0,0.0,1.0
1,80,0.0,3.894000595241448,1.0,0.0,0.0,0.0,0.0,0.0
2,80,5.782929374407962,0.4104046500569243,1.0,0.0,0.0,0.0,0.0,0.0
3,80,11.535978417606342,1.4633693355430724,1.0,0.0,1.0,1.0,0.0,0.0
4,80,3.261423676170486,1.1154589187097397,1.0,1.0,0.0,1.0,0.0,0.0
5,80,2.6418768749371857,1.2051763908131945,1.0,0.0,1.0,0.0,1.0,1.0
6,80,1.9791034733598012,1.7438056833232622,0.0,0.0,1.0,1.0,0.0,0.0
7,80,11.480475922064494,8.625779711418453,1.0,0.0,0.0,1.0,0.0,1.0
8,80,0.244246157764502,3.483085102574024,0.0,1.0,0.0,0.0,1.0,0.0
9,80,0.6327983643177092,7.671071520560607,1.0,0.0,0.0,0.0,0.0,1.0
10,80,3.275995667108811,7.383211866455253,0.0,1.0,0.0,1.0,1.0,1.0
11,80,12.0,0.0,0.0,0.0,1.0,0.0,0.0,0.0
12,80,1.014063772181068,8.540211042773663,0.0,1.0,1.0,0.0,0.0,1.0
13,80,11.310501242566652,9.053580395019738,1.0,1.0,1.0,0.0,0.0,1.0
14,80,5.607738812668925,11.95209730295876,0.0,0.0,1.0,1.0,0.0,0.0
15,80,2.7339729852459995,0.0704183250080809,1.0,0.0,1.0,1.0,1.0,0.0
16,80,7.351242574353078,3.2944201728264573,0.0,1.0,0.0,1.0,1.0,0.0
17,80,0.0077368033485308,10.66419285147895,1.0,0.0,1.0,0.0,0.0,1.0
18,80,2.8158640406685107,4.347220644995735,0.0,0.0,0.0,0.0,0.0,1.0
19,80,5.836660304664069,1.5507475254755447,0.0,1.0,0.0,1.0,0.0,0.0
20,80,7.740417727988481,11.01549696720065,0.0,1.0,1.0,1.0,1.0,0.0
21,80,0.6504418295735721,0.4431431169228628,1.0,0.0,0.0,0.0,1.0,0.0
22,80,0.3466105170596548,3.7448674412717806,1.0,0.0,0.0,0.0,0.0,0.0
23,80,9.831818213444135,2.644434327446066,0.0,0.0,0.0,0.0,1.0,0.0
24,80,6.322771315631736,2.3327457485778385,0.0,1.0,0.0,1.0,0.0,0.0
25,80,3.079105808682669,9.539826817588208,0.0,0.0,1.0,1.0,0.0,1.0
26,80,8.03105957215285,5.392603081848248,1.0,0.0,0.0,0.0,0.0,0.0
27,80,8.726140879368922,1.748613249715694,0.0,1.0,0.0,1.0,0.0,1.0
28,80,3.762079302541888,0.7012764919904905,0.0,1.0,0.0,1.0,1.0,1.0
29,80,2.284749777881392,3.905828795851328,1.0,0.0,0.0,1.0,0.0,0.0
30,80,1.8857630683562032,7.438281221846692,1.0,0.0,1.0,0.0,1.0,0.0
31,80,5.162153729211185,4.618576960804967,1.0,1.0,1.0,1.0,0.0,0.0
32,80,5.017387849704175,10.81391105833013,0.0,0.0,0.0,1.0,0.0,1.0
33,80,2.6702090083658483,0.7137689054999314,0.0,1.0,0.0,1.0,0.0,0.0
34,80,6.947407309179079,1.7002849623461165,0.0,0.0,1.0,0.0,0.0,0.0
35,80,3.169754823208029,4.608497548935694,0.0,0.0,1.0,1.0,0.0,1.0
36,80,10.511874822275024,1.537940750977981,0.0,1.0,0.0,0.0,0.0,1.0
37,80,0.8618218466068651,4.806995067373113,0.0,1.0,1.0,0.0,1.0,0.0
38,80,1.7676338569422407,4.992291623566266,0.0,1.0,0.0,0.0,1.0,1.0
39,80,9.572255597142046,6.765807154309686,0.0,0.0,1.0,1.0,1.0,0.0
0,85,3.837496653382229,10.208455886240795,0.0,1.0,0.0,0.0,0.0,1.0
1,85,0.0,3.887007152220682,1.0,0.0,0.0,0.0,0.0,0.0
2,85,5.960563226809716,0.1899647148216169,1.0,0.0,0.0,0.0,0.0,0.0
3,85,11.501443809153928,1.341002299442786,1.0,0.0,1.0,1.0,0.0,0.0
4,85,3.2105396584000845,1.0840787447105062,1.0,1.0,0.0,1.0,0.0,0.0
5,85,2.5347863439864957,1.3034910231861454,1.0,0.0,1.0,0.0,1.0,1.0
6,85,1.979845078699881,1.653168595804184,0.0,0.0,1.0,1.0,0.0,0.0
7,85,11.440749676345686,8.594559062298154,1.0,0.0,0.0,1.0,0.0,1.0
8,85,0.2626559309945844,3.514643422515828,0.0,1.0,0.0,0.0,1.0,0.0
9,85,0.6178722103674997,7.678525730009497,1.0,0.0,0.0,0.0,0.0,1.0
10,85,3.290485408432147,7.396057459482793,0.0,1.0,0.0,1.0,1.0,1.0
11,85,12.0,0.0,0.0,0.0,1.0,0.0,0.0,0.0
12,85,1.0861422701523598,8.507416876402736,0.0,1.0,1.0,0.0,0.0,1.0
13,85,11.321477451833834,9.016940079768831,1.0,1.0,1.0,0.0,0.0,1.0
14,85,5.607341585107613,11.952089473299138,0.0,0.0,1.0,1.0,0.0,0.0
15,85,2.707973971698386,0.0,1.0,0.0,1.0,1.0,1.0,0.0
16,85,7.293362930530058,3.234470270119259,0.0,1.0,0.0,1.0,1.0,0.0
17,85,0.0074392919518607,10.664037211987807,1.0,0.0,1.0,0.0,0.0,1.0
18,85,2.720135095116787,4.348966339060604,0.0,0.0,0.0,0.0,0.0,1.0
19,85,5.832493702677979,1.5403231328789615,0.0,1.0,0.0,1.0,0.0,0.0
20,85,7.738778344259142,11.041101796176696,0.0,1.0,1.0,1.0,1.0,0.0
21,85,0.600009501158452,0.4589674930333604,1.0,0.0,0.0,0.0,1.0,0.0
22,85,0.3578599198196595,3.69351961476211,1.0,0.0,0.0,0.0,0.0,0.0
23,85,9.838138806112298,2.585126508560684,0.0,0.0,0.0,0.0,1.0,0.0
24,85,6.437342900654682,2.363822249243837,0.0,1.0,0.0,1.0,0.0,0.0
25,85,3.0762596410322907,9.517860544923549,0.0,0.0,1.0,1.0,0.0,1.0
26,85,8.061434391385491,5.374072158438936,1.0,0.0,0.0,0.0,0.0,0.0
27,85,8.740549384246593,1.7311803439740845,0.0,1.0,0.0,1.0,0.0,1.0
28,85,3.816318661755471,0.6129825209789987,0.0,1.0,0.0,1.0,1.0,1.0
29,85,2.218949775768354,3.813865744008469,1.0,0.0,0.0,1.0,0.0,0.0
30,85,1.8870024933590188,7.431533372898835,1.0,0.0,1.0,0.0,1.0,0.0
31,85,5.131167822043647,4.635712075788248,1.0,1.0,1.0,1.0,0.0,0.0
32,85,4.971526138982685,10.807258415098712,0.0,0.0,0.0,1.0,0.0,1.0
33,85,2.679711641926586,0.7236827300324825,0.0,1.0,0.0,1.0,0.0,0.0
34,85,6.920797942663227,1.5761159422726525,0.0,0.0,1.0,0.0,0.0,0.0
35,85,3.193006487109748,4.560171602421392,0.0,0.0,1.0,1.0,0.0,1.0
36,85,10.478125726943992,1.5735751293807398,0.0,1.0,0.0,0.0,0.0,1.0
37,85,0.8563012628183971,4.833971370463748,0.0,1.0,1.0,0.0,1.0,0.0
38,85,1.7493463090699382,4.92196362499399,0.0,1.0,0.0,0.0,1.0,1.0
39,85,9.533082924873057,6.756111566841349,0.0,0.0,1.0,1.0,1.0,0.0
0,90,3.792905294285037,10.219209476836305,0.0,1.0,0.0,0.0,0.0,1.0
1,90,0.0,3.879799358355797,1.0,0.0,0.0,0.0,0.0,0.0
2,90,6.134163525910855,0.0,1.0,0.0,0.0,0.0,0.0,0.0
3,90,11.625397917277107,1.3078428328614895,1.0,0.0,1.0,1.0,0.0,0.0
4,90,3.157577256358355,1.0487410437851616,1.0,1.0,0.0,1.0,0.0,0.0
5,90,2.4419240818518437,1.3893952931741975,1.0,0.0,1.0,0.0,1.0,1.0
6,90,1.976760019065474,1.5725150675785768,0.0,0.0,1.0,1.0,0.0,0.0
7,90,11.409953521247113,8.570515925330316,1.0,0.0,0.0,1.0,0.0,1.0
8,90,0.2790848085947584,3.5419570507947618,0.0,1.0,0.0,0.0,1.0,0.0
9,90,0.6019969423028148,7.686505136797201,1.0,0.0,0.0,0.0,0.0,1.0
10,90,3.297756946059992,7.402304876244915,0.0,1.0,0.0,1.0,1.0,1.0
11,90,12.0,0.0,0.0,0.0,1.0,0.0,0.0,0.0
12,90,1.137084757266523,8.483600802168253,0.0,1.0,1.0,0.0,0.0,1.0
13,90,11.332507770850327,8.977301768649536,1.0,1.0,1.0,0.0,0.0,1.0
14,90,5.599166557405229,11.95194221018901,0.0,0.0,1.0,1.0,0.0,0.0
15,90,2.680957929448422,0.0,1.0,0.0,1.0,1.0,1.0,0.0
16,90,7.231205426097416,3.1714012601741217,0.0,1.0,0.0,1.0,1.0,0.0
17,90,0.0041024848243473,10.662416072699132,1.0,0.0,1.0,0.0,0.0,1.0
18,90,2.622211353506059,4.353691857819152,0.0,0.0,0.0,0.0,0.0,1.0
19,90,5.8296568522690215,1.5330035631541938,0.0,1.0,0.0,1.0,0.0,0.0
20,90,7.73716008296328,11.071875973129949,0.0,1.0,1.0,1.0,1.0,0.0
21,90,0.5334495680903141,0.4823642320269851,1.0,0.0,0.0,0.0,1.0,0.0
22,90,0.3708378774599316,3.635036761455329,1.0,0.0,0.0,0.0,0.0,0.0
23,90,9.8465593891488,2.50904645671693,0.0,0.0,0.0,0.0,1.0,0.0
24,90,6.535050211593006,2.3890040643920822,0.0,1.0,0.0,1.0,0.0,0.0
25,90,3.062825284636021,9.519445561968244,0.0,0.0,1.0,1.0,0.0,1.0
26,90,8.08218291874871,5.361769619857503,1.0,0.0,0.0,0.0,0.0,0.0
27,90,8.736144128978495,1.7365272651770352,0.0,1.0,0.0,1.0,0.0,1.0
28,90,3.8673274234956176,0.5317993608775259,0.0,1.0,0.0,1.0,1.0,1.0
29,90,2.1559789955957807,3.7230444487368177,1.0,0.0,0.0,1.0,0.0,0.0
30,90,1.8877122455805049,7.427989023683187,1.0,0.0,1.0,0.0,1.0,0.0
31,90,5.128581801241477,4.637168223628035,1.0,1.0,1.0,1.0,0.0,0.0
32,90,4.919795158609266,10.800803099634065,0.0,0.0,0.0,1.0,0.0,1.0
33,90,2.6860038902983883,0.7304946862341738,0.0,1.0,0.0,1.0,0.0,0.0
34,90,6.892760049485216,1.4506905218383896,0.0,0.0,1.0,0.0,0.0,0.0
35,90,3.2272274730167227,4.493047849727269,0.0,0.0,1.0,1.0,0.0,1.0
36,90,10.45548956952741,1.5981350925325983,0.0,1.0,0.0,0.0,0.0,1.0
37,90,0.8482866858694887,4.875423510492102,0.0,1.0,1.0,0.0,1.0,0.0
38,90,1.729573200929193,4.847041405829397,0.0,1.0,0.0,0.0,1.0,1.0
39,90,9.517621689766596,6.751955938339,0.0,0.0,1.0,1.0,1.0,0.0
0,95,3.7332218673064537,10.232713409421024,0.0,1.0,0.0,0.0,0.0,1.0
1,95,0.0,3.874056463802718,1.0,0.0,0.0,0.0,0.0,0.0
2,95,6.354206658448733,0.1677545439504583,1.0,0.0,0.0,0.0,0.0,0.0
3,95,11.755953136520462,1.2727766710456718,1.0,0.0,1.0,1.0,0.0,0.0
4,95,3.097593535800832,1.0089272168999284,1.0,1.0,0.0,1.0,0.0,0.0
5,95,2.349382752663693,1.4738596254509897,1.0,0.0,1.0,0.0,1.0,1.0
6,95,1.9741696486539644,1.4991322605831123,0.0,0.0,1.0,1.0,0.0,0.0
7,95,11.388477413085964,8.553468941581734,1.0,0.0,0.0,1.0,0.0,1.0
8,95,0.2953690838738931,3.569659133962601,0.0,1.0,0.0,0.0,1.0,0.0
9,95,0.5726867347937374,7.703342827214676,1.0,0.0,0.0,0.0,0.0,1.0
10,95,3.2843657093294496,7.390665743430858,0.0,1.0,0.0,1.0,1.0,1.0
11,95,12.0,0.0,0.0,0.0,1.0,0.0,0.0,0.0
12,95,1.1927998030163929,8.458556269637509,0.0,1.0,1.0,0.0,0.0,1.0
13,95,11.340480418434868,8.948150810001103,1.0,1.0,1.0,0.0,0.0,1.0
14,95,5.593215041250843,11.951726508713756,0.0,0.0,1.0,1.0,0.0,0.0
15,95,2.655006715889259,0.0,1.0,0.0,1.0,1.0,1.0,0.0
16,95,7.1875234302899935,3.125467034288831,0.0,1.0,0.0,1.0,1.0,0.0
17,95,0.0159927655203483,10.668245662495424,1.0,0.0,1.0,0.0,0.0,1.0
18,95,2.524952438954032,4.360032984837065,0.0,0.0,0.0,0.0,0.0,1.0
19,95,5.824825702218754,1.5211036636178992,0.0,1.0,0.0,1.0,0.0,0.0
20,95,7.735196817901996,11.10860905984392,0.0,1.0,1.0,1.0,1.0,0.0
21,95,0.4799820281433744,0.5023049877118589,1.0,0.0,0.0,0.0,1.0,0.0
22,95,0.3818768623190268,3.579247816340969,1.0,0.0,0.0,0.0,0.0,0.0
23,95,9.855895258243736,2.4329808774367154,0.0,0.0,0.0,0.0,1.0,0.0
24,95,6.634049372479075,2.413871156972913,0.0,1.0,0.0,1.0,0.0,0.0
25,95,3.050016468968864,9.521345671670131,0.0,0.0,1.0,1.0,0.0,1.0
26,95,8.106030520587383,5.3484841272091534,1.0,0.0,0.0,0.0,0.0,0.0
27,95,8.710840522842924,1.7659304425548592,0.0,1.0,0.0,1.0,0.0,1.0
28,95,3.923489476522744,0.4440479992252543,0.0,1.0,0.0,1.0,1.0,1.0
29,95,2.09739451143036,3.636700667121232,1.0,0.0,0.0,1.0,0.0,0.0
30,95,1.8917233204394692,7.406684036974661,1.0,0.0,1.0,0.0,1.0,0.0
31,95,5.132578565217896,4.6349060871905206,1.0,1.0,1.0,1.0,0.0,0.0
32,95,4.858516078580833,10.79459401563357,0.0,0.0,0.0,1.0,0.0,1.0
33,95,2.7001407550180567,0.7467259180287498,0.0,1.0,0.0,1.0,0.0,0.0
34,95,6.86328086202376,1.32893753379525,0.0,0.0,1.0,0.0,0.0,0.0
35,95,3.2645170176467047,4.424447081742656,0.0,0.0,1.0,1.0,0.0,1.0
36,95,10.427410898389647,1.6287138947049191,0.0,1.0,0.0,0.0,0.0,1.0
37,95,0.8364545334167317,4.9302718381053285,0.0,1.0,1.0,0.0,1.0,0.0
38,95,1.7160064575697431,4.793308295717751,0.0,1.0,0.0,0.0,1.0,1.0
39,95,9.5142449775063,6.75117316751803,0.0,0.0,1.0,1.0,1.0,0.0
0,100,3.69364013498184,10.241834286774152,0.0,1.0,0.0,0.0,0.0,1.0
1,100,0.0,3.8696172927500143,1.0,0.0,0.0,0.0,0.0,0.0
2,100,6.555524698966589,0.3180988340352526,1.0,0.0,0.0,0.0,0.0,0.0
3,100,11.88748549911157,1.2414917628746087,1.0,0.0,1.0,1.0,0.0,0.0
4,100,3.023686984960184,0.9592820143169002,1.0,1.0,0.0,1.0,0.0,0.0
5,100,2.240989014610923,1.572448331842894,1.0,0.0,1.0,0.0,1.0,1.0
6,100,1.9705386555708728,1.4349869378483515,0.0,0.0,1.0,1.0,0.0,0.0
7,100,11.363909868163969,8.534325464812516,1.0,0.0,0.0,1.0,0.0,1.0
8,100,0.3044537785816387,3.585214992827178,0.0,1.0,0.0,0.0,1.0,0.0
9,100,0.5335675551506832,7.726246500842871,1.0,0.0,0.0,0.0,0.0,1.0
10,100,3.2674727143339037,7.376921098014295,0.0,1.0,0.0,1.0,1.0,1.0
11,100,12.0,0.0,0.0,0.0,1.0,0.0,0.0,0.0
12,100,1.244543535270915,8.43609753445044,0.0,1.0,1.0,0.0,0.0,1.0
13,100,11.348611575900504,8.91792735244374,1.0,1.0,1.0,0.0,0.0,1.0
14,100,5.591499291544519,11.951636509704167,0.0,0.0,1.0,1.0,0.0,0.0
15,100,2.63568018546296,0.0,1.0,0.0,1.0,1.0,1.0,0.0
16,100,7.129718060895818,3.0688022572359013,0.0,1.0,0.0,1.0,1.0,0.0
17,100,0.0277317312651206,10.673955338958072,1.0,0.0,1.0,0.0,0.0,1.0
18,100,2.416709638210647,4.366825056517542,0.0,0.0,0.0,0.0,0.0,1.0
19,100,5.812649632334439,1.488901039017085,0.0,1.0,0.0,1.0,0.0,0.0
20,100,7.733246580219411,11.141596804957969,0.0,1.0,1.0,1.0,1.0,0.0
21,100,0.4382631316115147,0.5179266491349828,1.0,0.0,0.0,0.0,1.0,0.0
22,100,0.3946877740621677,3.5169755319516995,1.0,0.0,0.0,0.0,0.0,0.0
23,100,9.865301986036531,2.3713997695609854,0.0,0.0,0.0,0.0,1.0,0.0
24,100,6.728046709952228,2.4353221081683003,0.0,1.0,0.0,1.0,0.0,0.0
25,100,3.033631653022791,9.52365975629591,0.0,0.0,1.0,1.0,0.0,1.0
26,100,8.115706278565291,5.343125528983558,1.0,0.0,0.0,0.0,0.0,0.0
27,100,8.677505626214538,1.803530815753677,0.0,1.0,0.0,1.0,0.0,1.0
28,100,3.981916973065828,0.3488817937402537,0.0,1.0,0.0,1.0,1.0,1.0
29,100,2.047590448975699,3.5619685255807423,1.0,0.0,0.0,1.0,0.0,0.0
30,100,1.8966557932945136,7.382577003623801,1.0,0.0,1.0,0.0,1.0,0.0
31,100,5.146560609936084,4.627176658935588,1.0,1.0,1.0,1.0,0.0,0.0
32,100,4.821162790810766,10.7911315403449,0.0,0.0,0.0,1.0,0.0,1.0
33,100,2.703730557373849,0.7509122276758596,0.0,1.0,0.0,1.0,0.0,0.0
34,100,6.829849171877803,1.1942328889676397,0.0,0.0,1.0,0.0,0.0,0.0
35,100,3.311540043761913,4.337560796747593,0.0,0.0,1.0,1.0,0.0,1.0
36,100,10.397047920672074,1.66168391325904,0.0,1.0,0.0,0.0,0.0,1.0
37,100,0.8220578872621421,4.994141893280703,0.0,1.0,1.0,0.0,1.0,0.0
38,100,1.702575511529743,4.743796856424437,0.0,1.0,0.0,0.0,1.0,1.0
39,100,9.534289384503552,6.755748012882818,0.0,0.0,1.0,1.0,1.0,0.0
0,105,3.6417379305954407,10.25336294354449,0.0,1.0,0.0,0.0,0.0,1.0
1,105,0.0,3.8639386699884537,1.0,0.0,0.0,0.0,0.0,0.0
2,105,6.773232101589338,0.4736879219521143,1.0,0.0,0.0,0.0,0.0,0.0
3,105,12.0,1.211412032630144,1.0,0.0,1.0,1.0,0.0,0.0
4,105,2.9652554807614213,0.9193322154118888,1.0,1.0,0.0,1.0,0.0,0.0
5,105,2.345635097262027,1.6861512505626035,1.0,0.0,1.0,0.0,1.0,1.0
6,105,1.9663348417664648,1.3814774737266164,0.0,0.0,1.0,1.0,0.0,0.0
7,105,11.342967256998932,8.518005001006484,1.0,0.0,0.0,1.0,0.0,1.0
8,105,0.3107418222351968,3.5963281807361787,0.0,1.0,0.0,0.0,1.0,0.0
9,105,0.4815035871820462,7.756422698059458,1.0,0.0,0.0,0.0,0.0,1.0
10,105,3.267242919310524,7.376726526215442,0.0,1.0,0.0,1.0,1.0,1.0
11,105,12.0,0.0,0.0,0.0,1.0,0.0,0.0,0.0
12,105,1.3190530345785572,8.404499047159547,0.0,1.0,1.0,0.0,0.0,1.0
13,105,11.357733440426058,8.886714236582726,1.0,1.0,1.0,0.0,0.0,1.0
14,105,5.5792934641772565,11.950762600051466,0.0,0.0,1.0,1.0,0.0,0.0
15,105,2.623486563063846,0.0,1.0,0.0,1.0,1.0,1.0,0.0
16,105,7.0498482560511535,2.992351531106756,0.0,1.0,0.0,1.0,1.0,0.0
17,105,0.045327768587577,10.682678048796786,1.0,0.0,1.0,0.0,0.0,1.0
18,105,2.326143122041673,4.3741356235078905,0.0,0.0,0.0,0.0,0.0,1.0
19,105,5.795842834204274,1.4399250161455086,0.0,1.0,0.0,1.0,0.0,0.0
20,105,7.732102256248448,11.158299421201784,0.0,1.0,1.0,1.0,1.0,0.0
21,105,0.4125441858024036,0.5267092777429007,1.0,0.0,0.0,0.0,1.0,0.0
22,105,0.4086704691441932,3.4473601399893417,1.0,0.0,0.0,0.0,0.0,0.0
23,105,9.876147610655082,2.310716388397072,0.0,0.0,0.0,0.0,1.0,0.0
24,105,6.82715107461543,2.454074440172305,0.0,1.0,0.0,1.0,0.0,0.0
25,105,3.005574305622787,9.527781938736975,0.0,0.0,1.0,1.0,0.0,1.0
26,105,8.111107162814449,5.34558532352807,1.0,0.0,0.0,0.0,0.0,0.0
27,105,8.645252450913036,1.840332013759556,0.0,1.0,0.0,1.0,0.0,1.0
28,105,4.046335841373179,0.250138747396711,0.0,1.0,0.0,1.0,1.0,1.0
29,105,1.9948049020383865,3.478846134943196,1.0,0.0,0.0,1.0,0.0,0.0
30,105,1.9064455185603333,7.344421314687006,1.0,0.0,1.0,0.0,1.0,0.0
31,105,5.167049780528448,4.61464402336595,1.0,1.0,1.0,1.0,0.0,0.0
32,105,4.800767488077491,10.788819674505897,0.0,0.0,0.0,1.0,0.0,1.0
33,105,2.699881830594409,0.746384583657717,0.0,1.0,0.0,1.0,0.0,0.0
34,105,6.79717964471672,1.061314330009412,0.0,0.0,1.0,0.0,0.0,0.0
35,105,3.3592931330466183,4.246321862238402,0.0,0.0,1.0,1.0,0.0,1.0
36,105,10.363238843252695,1.69943532563203,0.0,1.0,0.0,0.0,0.0,1.0
37,105,0.8058168860980047,5.058208375314239,0.0,1.0,1.0,0.0,1.0,0.0
38,105,1.6763238635039652,4.651632395598886,0.0,1.0,0.0,0.0,1.0,1.0
39,105,9.552439780674897,6.760024760322465,0.0,0.0,1.0,1.0,1.0,0.0
0,110,3.568038662962016,10.270257405447772,0.0,1.0,0.0,0.0,0.0,1.0
1,110,0.0,3.8583175602333175,1.0,0.0,0.0,0.0,0.0,0.0
2,110,6.987921214693939,0.6329319724840184,1.0,0.0,0.0,0.0,0.0,0.0
3,110,12.0,1.181057840661698,1.0,0.0,1.0,1.0,0.0,0.0
4,110,2.9179772760419174,0.8858936132496157,1.0,1.0,0.0,1.0,0.0,0.0
5,110,2.449987219989426,1.7914818651485331,1.0,0.0,1.0,0.0,1.0,1.0
6,110,1.958830619310829,1.3118306833965503,0.0,0.0,1.0,1.0,0.0,0.0
7,110,11.327939498299193,8.507001249008535,1.0,0.0,0.0,1.0,0.0,1.0
8,110,0.3169624720628973,3.60787051662697,0.0,1.0,0.0,0.0,1.0,0.0
9,110,0.424519957131499,7.788574907502014,1.0,0.0,0.0,0.0,0.0,1.0
10,110,3.2642722024312367,7.374209226988761,0.0,1.0,0.0,1.0,1.0,1.0
11,110,12.0,0.0,0.0,0.0,1.0,0.0,0.0,0.0
12,110,1.4074916123889694,8.367463592574419,0.0,1.0,1.0,0.0,0.0,1.0
13,110,11.368230099080552,8.854333754962978,1.0,1.0,1.0,0.0,0.0,1.0
14,110,5.581313964995142,11.950968681775873,0.0,0.0,1.0,1.0,0.0,0.0
15,110,2.6121496375264592,0.0,1.0,0.0,1.0,1.0,1.0,0.0
16,110,6.979478207520929,2.9210388255354767,0.0,1.0,0.0,1.0,1.0,0.0
17,110,0.0380781294266975,10.679361890331046,1.0,0.0,1.0,0.0,0.0,1.0
18,110,2.2503644476948383,4.382882216998325,0.0,0.0,0.0,0.0,0.0,1.0
19,110,5.78779007342162,1.4162621049004078,0.0,1.0,0.0,1.0,0.0,0.0
20,110,7.732052115413014,11.159091195403654,0.0,1.0,1.0,1.0,1.0,0.0
21,110,0.3737538456751434,0.5407088323616442,1.0,0.0,0.0,0.0,1.0,0.0
22,110,0.4222318796530016,3.3662130160507338,1.0,0.0,0.0,0.0,0.0,0.0
23,110,9.886158394578551,2.2569016633944003,0.0,0.0,0.0,0.0,1.0,0.0
24,110,6.953151568908004,2.474041953064398,0.0,1.0,0.0,1.0,0.0,0.0
25,110,2.9598564743465228,9.53429153802173,0.0,0.0,1.0,1.0,0.0,1.0
26,110,8.119843552777075,5.340685017427252,1.0,0.0,0.0,0.0,0.0,0.0
27,110,8.6092221291984,1.883180995660156,0.0,1.0,0.0,1.0,0.0,1.0
28,110,4.098116808001364,0.1702724024933686,0.0,1.0,0.0,1.0,1.0,1.0
29,110,1.936645803254466,3.384737563946871,1.0,0.0,0.0,1.0,0.0,0.0
30,110,1.9180775982949263,7.303763440956599,1.0,0.0,1.0,0.0,1.0,0.0
31,110,5.188408353301198,4.601093082600705,1.0,1.0,1.0,1.0,0.0,0.0
32,110,4.772201222248936,10.785223968183717,0.0,0.0,0.0,1.0,0.0,1.0
33,110,2.696566438105092,0.7424270407317175,0.0,1.0,0.0,1.0,0.0,0.0
34,110,6.763620690080273,0.9320105867724549,0.0,0.0,1.0,0.0,0.0,0.0
35,110,3.406270485773172,4.149400276749308,0.0,0.0,1.0,1.0,0.0,1.0
36,110,10.331061084255913,1.7373719916378292,0.0,1.0,0.0,0.0,0.0,1.0
37,110,0.782011935530792,5.141134745300271,0.0,1.0,1.0,0.0,1.0,0.0
38,110,1.650599806323992,4.56226671698044,0.0,1.0,0.0,0.0,1.0,1.0
39,110,9.570493998520748,6.764706648351007,0.0,0.0,1.0,1.0,1.0,0.0
0,115,3.4813664930260053,10.289319149474949,0.0,1.0,0.0,0.0,0.0,1.0
1,115,0.0,3.8546997436253,1.0,0.0,0.0,0.0,0.0,0.0
2,115,7.202260862006271,0.7989567682160865,1.0,0.0,0.0,0.0,0.0,0.0
3,115,12.0,1.1550702801044272,1.0,0.0,1.0,1.0,0.0,0.0
4,115,2.8809124119710914,0.8606695802151647,1.0,1.0,0.0,1.0,0.0,0.0
5,115,2.5525225544828745,1.893251350514836,1.0,0.0,1.0,0.0,1.0,1.0
6,115,1.954188636465334,1.2613755525082724,0.0,0.0,1.0,1.0,0.0,0.0
7,115,11.313805179138235,8.496296307531727,1.0,0.0,0.0,1.0,0.0,1.0
8,115,0.3258253146177692,3.6251459724288377,0.0,1.0,0.0,0.0,1.0,0.0
9,115,0.3600675803339582,7.823590127765256,1.0,0.0,0.0,0.0,0.0,1.0
10,115,3.245200510993018,7.35794284592707,0.0,1.0,0.0,1.0,1.0,1.0
11,115,12.0,0.0,0.0,0.0,1.0,0.0,0.0,0.0
12,115,1.4957547259218076,8.3337838216396,0.0,1.0,1.0,0.0,0.0,1.0
13,115,11.380390297656165,8.817779433834815,1.0,1.0,1.0,0.0,0.0,1.0
14,115,5.57324934569996,11.950436746105703,0.0,0.0,1.0,1.0,0.0,0.0
15,115,2.6049425654619687,0.0,1.0,0.0,1.0,1.0,1.0,0.0
16,115,6.905060527276329,2.8425768013932387,0.0,1.0,0.0,1.0,1.0,0.0
17,115,0.0316185497495795,10.67643194288198,1.0,0.0,1.0,0.0,0.0,1.0
18,115,2.18437678425867,4.390755186977111,0.0,0.0,0.0,0.0,0.0,1.0
19,115,5.785966593565606,1.410865308951297,0.0,1.0,0.0,1.0,0.0,0.0
20,115,7.731545217250244,11.167564467567171,0.0,1.0,1.0,1.0,1.0,0.0
21,115,0.3345290576408353,0.5538875340612263,1.0,0.0,0.0,0.0,1.0,0.0
22,115,0.4374171224354533,3.284778007687257,1.0,0.0,0.0,0.0,0.0,0.0
23,115,9.8936359430611,2.214759010450451,0.0,0.0,0.0,0.0,1.0,0.0
24,115,7.0786941552448095,2.4960460220275595,0.0,1.0,0.0,1.0,0.0,0.0
25,115,2.887946572695073,9.545389708863556,0.0,0.0,1.0,1.0,0.0,1.0
26,115,8.141782377477695,5.328018104151549,1.0,0.0,0.0,0.0,0.0,0.0
27,115,8.571641284442688,1.9258077637465985,0.0,1.0,0.0,1.0,0.0,1.0
28,115,4.145997231760649,0.1006016090851893,0.0,1.0,0.0,1.0,1.0,1.0
29,115,1.8854131452053864,3.3070894698136444,1.0,0.0,0.0,1.0,0.0,0.0
30,115,1.918454810615096,7.302507419420849,1.0,0.0,1.0,0.0,1.0,0.0
31,115,5.2113645679432,4.586929553606352,1.0,1.0,1.0,1.0,0.0,0.0
32,115,4.729130207697168,10.781475316668365,0.0,0.0,0.0,1.0,0.0,1.0
33,115,2.6840068189918886,0.7276428115265281,0.0,1.0,0.0,1.0,0.0,0.0
34,115,6.730043462800342,0.8126665535657325,0.0,0.0,1.0,0.0,0.0,0.0
35,115,3.4436001348847536,4.071463112213665,0.0,0.0,1.0,1.0,0.0,1.0
36,115,10.311470419403385,1.7609758672295182,0.0,1.0,0.0,0.0,0.0,1.0
37,115,0.7653943252092502,5.196165867779182,0.0,1.0,1.0,0.0,1.0,0.0
38,115,1.6289741381334824,4.479146982697453,0.0,1.0,0.0,0.0,1.0,1.0
39,115,9.601970712252614,6.773255420493422,0.0,0.0,1.0,1.0,1.0,0.0
0,120,3.406693580448068,10.307803915074103,0.0,1.0,0.0,0.0,0.0,1.0
1,120,0.0,3.851524409197689,1.0,0.0,0.0,0.0,0.0,0.0
2,120,7.423212642889526,0.9707304870235084,1.0,0.0,0.0,0.0,0.0,0.0
3,120,12.0,1.1308694114974516,1.0,0.0,1.0,1.0,0.0,0.0
4,120,2.836526805485573,0.8288676000362668,1.0,1.0,0.0,1.0,0.0,0.0
5,120,2.649201517256816,1.9878308345472784,1.0,0.0,1.0,0.0,1.0,1.0
6,120,1.9514538504120205,1.233270536731237,0.0,0.0,1.0,1.0,0.0,0.0
7,120,11.294544703210208,8.480468555841579,1.0,0.0,0.0,1.0,0.0,1.0
8,120,0.3390357272618283,3.653824664426221,0.0,1.0,0.0,0.0,1.0,0.0
9,120,0.2630065324759427,7.878240152751869,1.0,0.0,0.0,0.0,0.0,1.0
10,120,3.2344061786017324,7.34831342901868,0.0,1.0,0.0,1.0,1.0,1.0
11,120,12.0,0.0,0.0,0.0,1.0,0.0,0.0,0.0
12,120,1.5632080888954458,8.307882128959742,0.0,1.0,1.0,0.0,0.0,1.0
13,120,11.39095897118657,8.78297233043177,1.0,1.0,1.0,0.0,0.0,1.0
14,120,5.556735205715777,11.949427051023646,0.0,0.0,1.0,1.0,0.0,0.0
15,120,2.5937833645756228,0.0,1.0,0.0,1.0,1.0,1.0,0.0
16,120,6.830663260197105,2.764621829652791,0.0,1.0,0.0,1.0,1.0,0.0
17,120,0.0339318680763608,10.677452177815708,1.0,0.0,1.0,0.0,0.0,1.0
18,120,2.192107477522168,4.458643335767714,0.0,0.0,0.0,0.0,0.0,1.0
19,120,5.786123179617134,1.411309080428514,0.0,1.0,0.0,1.0,0.0,0.0
20,120,7.728681615411312,11.1975185339445,0.0,1.0,1.0,1.0,1.0,0.0
21,120,0.2890147159260197,0.568282714968309,1.0,0.0,0.0,0.0,1.0,0.0
22,120,0.4524958767354746,3.206039832001784,1.0,0.0,0.0,0.0,0.0,0.0
23,120,9.90015890118858,2.1736471768548777,0.0,0.0,0.0,0.0,1.0,0.0
24,120,7.198842729398258,2.518567356007701,0.0,1.0,0.0,1.0,0.0,0.0
25,120,2.844151182414356,9.55203015554887,0.0,0.0,1.0,1.0,0.0,1.0
26,120,8.185650185827594,5.30130240528077,1.0,0.0,0.0,0.0,0.0,0.0
27,120,8.530770245978259,1.9753653605359345,0.0,1.0,0.0,1.0,0.0,1.0
28,120,4.192130777051142,0.0343093495913886,0.0,1.0,0.0,1.0,1.0,1.0
29,120,1.82401290814816,3.211571504679229,1.0,0.0,0.0,1.0,0.0,0.0
30,120,1.91724700371305,7.306748988259032,1.0,0.0,1.0,0.0,1.0,0.0
31,120,5.229010722410622,4.575449995428592,1.0,1.0,1.0,1.0,0.0,0.0
32,120,4.6979939607398284,10.778901115102856,0.0,0.0,0.0,1.0,0.0,1.0
33,120,2.6557870255409037,0.6953716131376206,0.0,1.0,0.0,1.0,0.0,0.0
34,120,6.697273235598538,0.6923698646587767,0.0,0.0,1.0,0.0,0.0,0.0
35,120,3.483245749481358,3.9912283726566273,0.0,0.0,1.0,1.0,0.0,1.0
36,120,10.287946886392,1.7881041678837426,0.0,1.0,0.0,0.0,0.0,1.0
37,120,0.7401649192966545,5.280338173684338,0.0,1.0,1.0,0.0,1.0,0.0
38,120,1.6071546543217128,4.387613050793096,0.0,1.0,0.0,0.0,1.0,1.0
39,120,9.595622517814231,6.771657463530555,0.0,0.0,1.0,1.0,1.0,0.0
0,125,3.324290458403959,10.328438663339089,0.0,1.0,0.0,0.0,0.0,1.0
1,125,0.0,3.846489570270636,1.0,0.0,0.0,0.0,0.0,0.0
2,125,7.652173293659181,1.1451974952717594,1.0,0.0,0.0,0.0,0.0,0.0
3,125,12.0,1.10616540279453,1.0,0.0,1.0,1.0,0.0,0.0
4,125,2.792690282872923,0.7988368952665298,1.0,1.0,0.0,1.0,0.0,0.0
5,125,2.757866693047335,2.0952242857523378,1.0,0.0,1.0,0.0,1.0,1.0
6,125,1.9463521053305493,1.1815107092723456,0.0,0.0,1.0,1.0,0.0,0.0
7,125,11.282686541124743,8.470449001171652,1.0,0.0,0.0,1.0,0.0,1.0
8,125,0.342600217825836,3.660872610753755,0.0,1.0,0.0,0.0,1.0,0.0
9,125,0.1559701919562641,7.938163259268109,1.0,0.0,0.0,0.0,0.0,1.0
10,125,3.2408394485232197,7.3540990599929055,0.0,1.0,0.0,1.0,1.0,1.0
11,125,12.0,0.0,0.0,0.0,1.0,0.0,0.0,0.0
12,125,1.6255510962372672,8.285515013659644,0.0,1.0,1.0,0.0,0.0,1.0
13,125,11.409476678342722,8.723262530500097,1.0,1.0,1.0,0.0,0.0,1.0
14,125,5.539585379277635,11.948465626625843,0.0,0.0,1.0,1.0,0.0,0.0
15,125,2.582437037871726,0.0,1.0,0.0,1.0,1.0,1.0,0.0
16,125,6.750894485325346,2.68227653445381,0.0,1.0,0.0,1.0,1.0,0.0
17,125,0.0243280069696766,10.673092486291877,1.0,0.0,1.0,0.0,0.0,1.0
18,125,2.200223749891631,4.527012242942576,0.0,0.0,0.0,0.0,0.0,1.0
19,125,5.78520067547576,1.4086541588028616,0.0,1.0,0.0,1.0,0.0,0.0
20,125,7.723504874549208,11.244258871064917,0.0,1.0,1.0,1.0,1.0,0.0
21,125,0.2389782286835842,0.5829307875776889,1.0,0.0,0.0,0.0,1.0,0.0
22,125,0.466277773303357,3.131952103460716,1.0,0.0,0.0,0.0,0.0,0.0
23,125,9.90397907549525,2.1496753355120317,0.0,0.0,0.0,0.0,1.0,0.0
24,125,7.316789613204073,2.541184031798465,0.0,1.0,0.0,1.0,0.0,0.0
25,125,2.7928835768503046,9.559845319976883,0.0,0.0,1.0,1.0,0.0,1.0
26,125,8.238662438163978,5.270121154495134,1.0,0.0,0.0,0.0,0.0,0.0
27,125,8.490555148919997,2.025047488722368,0.0,1.0,0.0,1.0,0.0,1.0
28,125,4.242846208008809,0.0,0.0,1.0,0.0,1.0,1.0,1.0
29,125,1.765253974529616,3.121837262461989,1.0,0.0,0.0,1.0,0.0,0.0
30,125,1.9139238236296847,7.317947684909773,1.0,0.0,1.0,0.0,1.0,0.0
31,125,5.241675388195572,4.567436137493671,1.0,1.0,1.0,1.0,0.0,0.0
32,125,4.663398147509008,10.776618484242512,0.0,0.0,0.0,1.0,0.0,1.0
33,125,2.631601620889537,0.6672510321390299,0.0,1.0,0.0,1.0,0.0,0.0
34,125,6.66986065611457,0.5782078915407558,0.0,0.0,1.0,0.0,0.0,0.0
35,125,3.520829993576088,3.912691099939856,0.0,0.0,1.0,1.0,0.0,1.0
36,125,10.261458181545906,1.8188561915259716,0.0,1.0,0.0,0.0,0.0,1.0
37,125,0.7133199644977667,5.376687022568694,0.0,1.0,1.0,0.0,1.0,0.0
38,125,1.5826109434971365,4.292485792648534,0.0,1.0,0.0,0.0,1.0,1.0
39,125,9.580628318787165,6.7680948705749495,0.0,0.0,1.0,1.0,1.0,0.0
0,130,3.220029355982728,10.354572335531795,0.0,1.0,0.0,0.0,0.0,1.0
1,130,0.0,3.841698535531255,1.0,0.0,0.0,0.0,0.0,0.0
2,130,7.88370117477946,1.3208602496423767,1.0,0.0,0.0,0.0,0.0,0.0
3,130,12.0,1.084690398060954,1.0,0.0,1.0,1.0,0.0,0.0
4,130,2.771554670141668,0.7835172335043991,1.0,1.0,0.0,1.0,0.0,0.0
5,130,2.8608219034316678,2.195278507322119,1.0,0.0,1.0,0.0,1.0,1.0
6,130,1.9390623400327165,1.1174684922575344,0.0,0.0,1.0,1.0,0.0,0.0
7,130,11.26125035015162,8.452985653945172,1.0,0.0,0.0,1.0,0.0,1.0
8,130,0.3498573665865336,3.673834130548136,0.0,1.0,0.0,0.0,1.0,0.0
9,130,0.0410982668913343,7.999082887235511,1.0,0.0,0.0,0.0,0.0,1.0
10,130,3.2457635470986745,7.358279584956871,0.0,1.0,0.0,1.0,1.0,1.0
11,130,12.0,0.0,0.0,0.0,1.0,0.0,0.0,0.0
12,130,1.6910995482567794,8.260714838468264,0.0,1.0,1.0,0.0,0.0,1.0
13,130,11.43277838610762,8.654066863739779,1.0,1.0,1.0,0.0,0.0,1.0
14,130,5.5368849301119125,11.948340801663068,0.0,0.0,1.0,1.0,0.0,0.0
15,130,2.573566062965849,0.0,1.0,0.0,1.0,1.0,1.0,0.0
16,130,6.66662621603103,2.594946956098434,0.0,1.0,0.0,1.0,1.0,0.0
17,130,0.0,10.66089305218449,1.0,0.0,1.0,0.0,0.0,1.0
18,130,2.2087917050597223,4.600672342471351,0.0,0.0,0.0,0.0,0.0,1.0
19,130,5.781779725880559,1.398688799139558,0.0,1.0,0.0,1.0,0.0,0.0
20,130,7.718598635456835,11.29538293949615,0.0,1.0,1.0,1.0,1.0,0.0
21,130,0.1876163726622514,0.5991967540628699,1.0,0.0,0.0,0.0,1.0,0.0
22,130,0.4833113646460343,3.053385277166089,1.0,0.0,0.0,0.0,0.0,0.0
23,130,9.904488389998455,2.146968549835909,0.0,0.0,0.0,0.0,1.0,0.0
24,130,7.425242929775923,2.563881444382831,0.0,1.0,0.0,1.0,0.0,0.0
25,130,2.766159292931346,9.5636243133663,0.0,0.0,1.0,1.0,0.0,1.0
26,130,8.273950199456516,5.250205198005165,1.0,0.0,0.0,0.0,0.0,0.0
27,130,8.45877839964507,2.0635032831488824,0.0,1.0,0.0,1.0,0.0,1.0
28,130,4.309357775445155,0.0,0.0,1.0,0.0,1.0,1.0,1.0
29,130,1.6979738069468164,3.0187876399438567,1.0,0.0,0.0,1.0,0.0,0.0
30,130,1.9225001974726637,7.289403102016085,1.0,0.0,1.0,0.0,1.0,0.0
31,130,5.269400349362088,4.549921704373412,1.0,1.0,1.0,1.0,0.0,0.0
32,130,4.62872505585586,10.773448356058855,0.0,0.0,0.0,1.0,0.0,1.0
33,130,2.601626338458698,0.6311533046584742,0.0,1.0,0.0,1.0,0.0,0.0
34,130,6.634584804594545,0.4563135846243155,0.0,0.0,1.0,0.0,0.0,0.0
35,130,3.556174286726788,3.8397966582264127,0.0,0.0,1.0,1.0,0.0,1.0
36,130,10.226188879384502,1.8613455127608745,0.0,1.0,0.0,0.0,0.0,1.0
37,130,0.6824546645252088,5.489437002754665,0.0,1.0,1.0,0.0,1.0,0.0
38,130,1.558937078800107,4.184665316436158,0.0,1.0,0.0,0.0,1.0,1.0
39,130,9.562729524963355,6.76398106117959,0.0,0.0,1.0,1.0,1.0,0.0
0,135,3.13193528883186,10.375748143330082,0.0,1.0,0.0,0.0,0.0,1.0
1,135,0.0,3.838467527622131,1.0,0.0,0.0,0.0,0.0,0.0
2,135,8.134800654292661,1.509262636306934,1.0,0.0,0.0,0.0,0.0,0.0
3,135,12.0,1.0654066202170116,1.0,0.0,1.0,1.0,0.0,0.0
4,135,2.749319613979043,0.7674079991280639,1.0,1.0,0.0,1.0,0.0,0.0
5,135,2.9733388487560366,2.3028494083087976,1.0,0.0,1.0,0.0,1.0,1.0
6,135,1.9290622756061808,1.05083618993659,0.0,0.0,1.0,1.0,0.0,0.0
7,135,11.244324397423194,8.4387687998839,1.0,0.0,0.0,1.0,0.0,1.0
8,135,0.3471534542484879,3.6690408629359457,0.0,1.0,0.0,0.0,1.0,0.0
9,135,0.0,8.068688106679808,1.0,0.0,0.0,0.0,0.0,1.0
10,135,3.2531123665839514,7.3640435330446365,0.0,1.0,0.0,1.0,1.0,1.0
11,135,12.0,0.0,0.0,0.0,1.0,0.0,0.0,0.0
12,135,1.7781470203550704,8.227920823552594,0.0,1.0,1.0,0.0,0.0,1.0
13,135,11.455147968652795,8.584131504015017,1.0,1.0,1.0,0.0,0.0,1.0
14,135,5.538635799725166,11.948421799745317,0.0,0.0,1.0,1.0,0.0,0.0
15,135,2.565500283667717,0.0,1.0,0.0,1.0,1.0,1.0,0.0
16,135,6.58823196055809,2.516588039084371,0.0,1.0,0.0,1.0,1.0,0.0
17,135,0.0,10.639895540136656,1.0,0.0,1.0,0.0,0.0,1.0
18,135,2.219810888265415,4.688528339206194,0.0,0.0,0.0,0.0,0.0,1.0
19,135,5.777062785749663,1.3851876493506134,0.0,1.0,0.0,1.0,0.0,0.0
20,135,7.713994577532757,11.33247561372069,0.0,1.0,1.0,1.0,1.0,0.0
21,135,0.1655475133306217,0.6064414299413867,1.0,0.0,0.0,0.0,1.0,0.0
22,135,0.4978905682303529,2.9893179450478,1.0,0.0,0.0,0.0,0.0,0.0
23,135,9.911062607931113,2.114158190437458,0.0,0.0,0.0,0.0,1.0,0.0
24,135,7.533844585676192,2.5882593948781367,0.0,1.0,0.0,1.0,0.0,0.0
25,135,2.743721396537578,9.56715251665404,0.0,0.0,1.0,1.0,0.0,1.0
26,135,8.301482344005917,5.234635476311631,1.0,0.0,0.0,0.0,0.0,0.0
27,135,8.426718216597816,2.104270716749013,0.0,1.0,0.0,1.0,0.0,1.0
28,135,4.36943040497374,0.0,0.0,1.0,0.0,1.0,1.0,1.0
29,135,1.618215773997352,2.8997408051907487,1.0,0.0,0.0,1.0,0.0,0.0
30,135,1.9291497090310152,7.267809625381974,1.0,0.0,1.0,0.0,1.0,0.0
31,135,5.289611156910526,4.5797883073550505,1.0,1.0,1.0,1.0,0.0,0.0
32,135,4.59064380099596,10.768392478865133,0.0,0.0,0.0,1.0,0.0,1.0
33,135,2.5817637242532494,0.6078668901702278,0.0,1.0,0.0,1.0,0.0,0.0
34,135,6.599254692698406,0.3348729330405974,0.0,0.0,1.0,0.0,0.0,0.0
35,135,3.590056441222564,3.768770408058831,0.0,0.0,1.0,1.0,0.0,1.0
36,135,10.191408020851256,1.9028461979754363,0.0,1.0,0.0,0.0,0.0,1.0
37,135,0.6501190915043196,5.602134248991805,0.0,1.0,1.0,0.0,1.0,0.0
38,135,1.5380479232471291,4.088941035311166,0.0,1.0,0.0,0.0,1.0,1.0
39,135,9.558781067576104,6.763163479774984,0.0,0.0,1.0,1.0,1.0,0.0
0,140,3.0675022749313,10.38992122525796,0.0,1.0,0.0,0.0,0.0,1.0
1,140,0.0,3.8351794384115543,1.0,0.0,0.0,0.0,0.0,0.0
2,140,8.387831506255287,1.7011647454081211,1.0,0.0,0.0,0.0,0.0,0.0
3,140,12.0,1.0479863344625715,1.0,0.0,1.0,1.0,0.0,0.0
4,140,2.7146000637177674,0.7438159526276715,1.0,1.0,0.0,1.0,0.0,0.0
5,140,3.086011911228949,2.4108991087520004,1.0,0.0,1.0,0.0,1.0,1.0
6,140,1.9183298418955768,0.978376555657638,0.0,0.0,1.0,1.0,0.0,0.0
7,140,11.249782459079247,8.443334183958221,1.0,0.0,0.0,1.0,0.0,1.0
8,140,0.334920677592663,3.64656230026022,0.0,1.0,0.0,0.0,1.0,0.0
9,140,0.0,8.137267315330096,1.0,0.0,0.0,0.0,0.0,1.0
10,140,3.256395796182309,7.366674968911926,0.0,1.0,0.0,1.0,1.0,1.0
11,140,12.0,0.0,0.0,0.0,1.0,0.0,0.0,0.0
12,140,1.8643075959697224,8.197514827698207,0.0,1.0,1.0,0.0,0.0,1.0
13,140,11.480346263806648,8.507676149002357,1.0,1.0,1.0,0.0,0.0,1.0
14,140,5.553489644808024,11.94920157015763,0.0,0.0,1.0,1.0,0.0,0.0
15,140,2.561202221673532,0.0,1.0,0.0,1.0,1.0,1.0,0.0
16,140,6.507121269754048,2.4371430875126845,0.0,1.0,0.0,1.0,1.0,0.0
17,140,0.0,10.608766441014309,1.0,0.0,1.0,0.0,0.0,1.0
18,140,2.231593419824523,4.773405786448924,0.0,0.0,0.0,0.0,0.0,1.0
19,140,5.783243087411123,1.4036802818747467,0.0,1.0,0.0,1.0,0.0,0.0
20,140,7.709707819194085,11.374224591125886,0.0,1.0,1.0,1.0,1.0,0.0
21,140,0.1542581138648936,0.6102873801464215,1.0,0.0,0.0,0.0,1.0,0.0
22,140,0.5102784107712847,2.937488887954532,1.0,0.0,0.0,0.0,0.0,0.0
23,140,9.924592478978628,2.042640027164724,0.0,0.0,0.0,0.0,1.0,0.0
24,140,7.650950149125972,2.616419060135472,0.0,1.0,0.0,1.0,0.0,0.0
25,140,2.6939813534244665,9.576256769375354,0.0,0.0,1.0,1.0,0.0,1.0
26,140,8.357999229491647,5.20162802378129,1.0,0.0,0.0,0.0,0.0,0.0
27,140,8.380759939724495,2.162582475197316,0.0,1.0,0.0,1.0,0.0,1.0
28,140,4.440072743315079,0.0,0.0,1.0,0.0,1.0,1.0,1.0
29,140,1.524090010213975,2.751898074176842,1.0,0.0,0.0,1.0,0.0,0.0
30,140,1.9353502601404664,7.2453185684013395,1.0,0.0,1.0,0.0,1.0,0.0
31,140,5.311249018255327,4.610326423437001,1.0,1.0,1.0,1.0,0.0,0.0
32,140,4.561419756438989,10.763908733709023,0.0,0.0,0.0,1.0,0.0,1.0
33,140,2.5643539674754106,0.5882770475202722,0.0,1.0,0.0,1.0,0.0,0.0
34,140,6.565149959017664,0.2154990538568107,0.0,0.0,1.0,0.0,0.0,0.0
35,140,3.626928634862502,3.692295614733923,0.0,0.0,1.0,1.0,0.0,1.0
36,140,10.155140917467234,1.946193920983122,0.0,1.0,0.0,0.0,0.0,1.0
37,140,0.6131097377805864,5.72818193167228,0.0,1.0,1.0,0.0,1.0,0.0
38,140,1.5164834689024242,3.995495197711002,0.0,1.0,0.0,0.0,1.0,1.0
39,140,9.550494153424465,6.761379671440956,0.0,0.0,1.0,1.0,1.0,0.0
0,145,2.9913677303642467,10.406145537872522,0.0,1.0,0.0,0.0,0.0,1.0
1,145,0.0,3.834926070595948,1.0,0.0,0.0,0.0,0.0,0.0
2,145,8.62966872342401,1.88779656711078,1.0,0.0,0.0,0.0,0.0,0.0
3,145,12.0,1.03175073560367,1.0,0.0,1.0,1.0,0.0,0.0
4,145,2.6799470790615527,0.7204802023631823,1.0,1.0,0.0,1.0,0.0,0.0
5,145,3.197367948578825,2.299750743134062,1.0,0.0,1.0,0.0,1.0,1.0
6,145,1.909230003118088,0.9174381578564944,0.0,0.0,1.0,1.0,0.0,0.0
7,145,11.24289592561352,8.437475266372756,1.0,0.0,0.0,1.0,0.0,1.0
8,145,0.3164127162239918,3.6146332199109024,0.0,1.0,0.0,0.0,1.0,0.0
9,145,0.0,8.20400299841161,1.0,0.0,0.0,0.0,0.0,1.0
10,145,3.2809835286419213,7.38685298781972,0.0,1.0,0.0,1.0,1.0,1.0
11,145,12.0,0.0,0.0,0.0,1.0,0.0,0.0,0.0
12,145,1.9504715803361852,8.169537227454459,0.0,1.0,1.0,0.0,0.0,1.0
13,145,11.512695386041283,8.411986384677776,1.0,1.0,1.0,0.0,0.0,1.0
14,145,5.549489383967951,11.949029085930135,0.0,0.0,1.0,1.0,0.0,0.0
15,145,2.5597442382732902,0.0,1.0,0.0,1.0,1.0,1.0,0.0
16,145,6.42657884609714,2.3615479702442004,0.0,1.0,0.0,1.0,1.0,0.0
17,145,0.0,10.580681160441248,1.0,0.0,1.0,0.0,0.0,1.0
18,145,2.2435788501955285,4.84916847747237,0.0,0.0,0.0,0.0,0.0,1.0
19,145,5.786317531275203,1.4122966764825204,0.0,1.0,0.0,1.0,0.0,0.0
20,145,7.706539936452973,11.403637106205156,0.0,1.0,1.0,1.0,1.0,0.0
21,145,0.1437254700247742,0.6140114185570006,1.0,0.0,0.0,0.0,1.0,0.0
22,145,0.525190663061859,2.8734724469309847,1.0,0.0,0.0,0.0,0.0,0.0
23,145,9.93662873323296,1.9787475658362137,0.0,0.0,0.0,0.0,1.0,0.0
24,145,7.786264406788701,2.653941554354799,0.0,1.0,0.0,1.0,0.0,0.0
25,145,2.623124194249057,9.58978534617461,0.0,0.0,1.0,1.0,0.0,1.0
26,145,8.401725045045954,5.176286585503405,1.0,0.0,0.0,0.0,0.0,0.0
27,145,8.340365503362648,2.2186304322860675,0.0,1.0,0.0,1.0,0.0,1.0
28,145,4.503433435473658,0.0,0.0,1.0,0.0,1.0,1.0,1.0
29,145,1.4268981009664397,2.6014724356667087,1.0,0.0,0.0,1.0,0.0,0.0
30,145,1.94136371726196,7.2248347101287775,1.0,0.0,1.0,0.0,1.0,0.0
31,145,5.346075404685012,4.656853696865538,1.0,1.0,1.0,1.0,0.0,0.0
32,145,4.528966634895067,10.75856295316327,0.0,0.0,0.0,1.0,0.0,1.0
33,145,2.55536465594722,0.5786580415872798,0.0,1.0,0.0,1.0,0.0,0.0
34,145,6.531217356053563,0.0984044282319907,0.0,0.0,1.0,0.0,0.0,0.0
35,145,3.661992918444836,3.617778611616999,0.0,0.0,1.0,1.0,0.0,1.0
36,145,10.12113328097059,1.988706756655505,0.0,1.0,0.0,0.0,0.0,1.0
37,145,0.5738466307375832,5.852251104159976,0.0,1.0,1.0,0.0,1.0,0.0
38,145,1.4921329259770597,3.892999054054207,0.0,1.0,0.0,0.0,1.0,1.0
39,145,9.525184256492306,6.755877491084494,0.0,0.0,1.0,1.0,1.0,0.0
0,150,2.908563740662649,10.422130177645236,0.0,1.0,0.0,0.0,0.0,1.0
1,150,0.0,3.833977130011178,1.0,0.0,0.0,0.0,0.0,0.0
2,150,8.868096062661758,2.0747665887985294,1.0,0.0,0.0,0.0,0.0,0.0
3,150,12.0,1.0176041670978946,1.0,0.0,1.0,1.0,0.0,0.0
4,150,2.6501882421586527,0.7003574927070152,1.0,1.0,0.0,1.0,0.0,0.0
5,150,3.301488598299358,2.194154143384368,1.0,0.0,1.0,0.0,1.0,1.0
6,150,1.902168839999405,0.8656794183608406,0.0,0.0,1.0,1.0,0.0,0.0
7,150,11.253373471668423,8.4464867188843,1.0,0.0,0.0,1.0,0.0,1.0
8,150,0.3010479854224727,3.5882223295924494,0.0,1.0,0.0,0.0,1.0,0.0
9,150,0.0,8.262858370940267,1.0,0.0,0.0,0.0,0.0,1.0
10,150,3.315387490475504,7.416214771435107,0.0,1.0,0.0,1.0,1.0,1.0
11,150,12.0,0.0,0.0,0.0,1.0,0.0,0.0,0.0
12,150,2.0441892245354523,8.138304822086528,0.0,1.0,1.0,0.0,0.0,1.0
13,150,11.54019968774508,8.333638581855286,1.0,1.0,1.0,0.0,0.0,1.0
14,150,5.5298235362634935,11.948848342086428,0.0,0.0,1.0,1.0,0.0,0.0
15,150,2.5636950479815312,0.0126122628349676,1.0,0.0,1.0,1.0,1.0,0.0
16,150,6.347909861799919,2.2854342664968432,0.0,1.0,0.0,1.0,1.0,0.0
17,150,0.0,10.549888160973676,1.0,0.0,1.0,0.0,0.0,1.0
18,150,2.26088556435814,4.955995743255935,0.0,0.0,0.0,0.0,0.0,1.0
19,150,5.786815023203327,1.4136492130784817,0.0,1.0,0.0,1.0,0.0,0.0
20,150,7.704959935698885,11.4210592803943,0.0,1.0,1.0,1.0,1.0,0.0
21,150,0.1278431139384611,0.6195325974016034,1.0,0.0,0.0,0.0,1.0,0.0
22,150,0.539868612171865,2.8080672686861226,1.0,0.0,0.0,0.0,0.0,0.0
23,150,9.943392099259835,1.938520217975635,0.0,0.0,0.0,0.0,1.0,0.0
24,150,7.908833521035896,2.681867685023378,0.0,1.0,0.0,1.0,0.0,0.0
25,150,2.571675206807606,9.59883381903682,0.0,0.0,1.0,1.0,0.0,1.0
26,150,8.439387884429182,5.1536986367638775,1.0,0.0,0.0,0.0,0.0,0.0
27,150,8.305353632959921,2.2705209940695465,0.0,1.0,0.0,1.0,0.0,1.0
28,150,4.566521934676104,0.0,0.0,1.0,0.0,1.0,1.0,1.0
29,150,1.3237972424184947,2.4423517798510264,1.0,0.0,0.0,1.0,0.0,0.0
30,150,1.9419756530488463,7.222837053778613,1.0,0.0,1.0,0.0,1.0,0.0
31,150,5.390227609061642,4.713677756197684,1.0,1.0,1.0,1.0,0.0,0.0
32,150,4.494766424563273,10.75226321141963,0.0,0.0,0.0,1.0,0.0,1.0
33,150,2.544608668645733,0.566977058368734,0.0,1.0,0.0,1.0,0.0,0.0
34,150,6.489055462276672,0.0,0.0,0.0,1.0,0.0,0.0,0.0
35,150,3.697457755071921,3.540653267127838,0.0,0.0,1.0,1.0,0.0,1.0
36,150,10.0782447691087,2.040129289590056,0.0,1.0,0.0,0.0,0.0,1.0
37,150,0.5291554468859441,5.996407984643679,0.0,1.0,1.0,0.0,1.0,0.0
38,150,1.460842440120253,3.778891374349782,0.0,1.0,0.0,0.0,1.0,1.0
39,150,9.511367911048216,6.752741880808856,0.0,0.0,1.0,1.0,1.0,0.0
0,155,2.8124465322446577,10.440131906983634,0.0,1.0,0.0,0.0,0.0,1.0
1,155,0.0,3.8323131115209703,1.0,0.0,0.0,0.0,0.0,0.0
2,155,9.10714706565602,2.259954308568127,1.0,0.0,0.0,0.0,0.0,0.0
3,155,12.0,1.000665112528976,1.0,0.0,1.0,1.0,0.0,0.0
4,155,2.6176820894612813,0.6767341181441653,1.0,1.0,0.0,1.0,0.0,0.0
5,155,3.40331650030684,2.093471739396666,1.0,0.0,1.0,0.0,1.0,1.0
6,155,1.8974273007251177,0.8323907677459507,0.0,0.0,1.0,1.0,0.0,0.0
7,155,11.276322137989784,8.464501780153395,1.0,0.0,0.0,1.0,0.0,1.0
8,155,0.278213689421768,3.5476589618797525,0.0,1.0,0.0,0.0,1.0,0.0
9,155,0.0,8.321548657454848,1.0,0.0,0.0,0.0,0.0,1.0
10,155,3.352247476758739,7.4470313077076655,0.0,1.0,0.0,1.0,1.0,1.0
11,155,12.0,0.0,0.0,0.0,1.0,0.0,0.0,0.0
12,155,2.141354936118846,8.10645796762938,0.0,1.0,1.0,0.0,0.0,1.0
13,155,11.568405837946468,8.255787197672403,1.0,1.0,1.0,0.0,0.0,1.0
14,155,5.524172970613812,11.948723007972305,0.0,0.0,1.0,1.0,0.0,0.0
15,155,2.569383152898095,0.0297830855858945,1.0,0.0,1.0,1.0,1.0,0.0
16,155,6.270034485253625,2.2091633098384844,0.0,1.0,0.0,1.0,1.0,0.0
17,155,0.0,10.511773067972172,1.0,0.0,1.0,0.0,0.0,1.0
18,155,2.2802653697164965,5.064358933731866,0.0,0.0,0.0,0.0,0.0,1.0
19,155,5.792485607030415,1.429329534119269,0.0,1.0,0.0,1.0,0.0,0.0
20,155,7.7054221677893,11.414557337638966,0.0,1.0,1.0,1.0,1.0,0.0
21,155,0.1040035427688855,0.6286782574833917,1.0,0.0,0.0,0.0,1.0,0.0
22,155,0.5544988834207689,2.7324945930398776,1.0,0.0,0.0,0.0,0.0,0.0
23,155,9.94489112378119,1.928933364968864,0.0,0.0,0.0,0.0,1.0,0.0
24,155,8.049551678858219,2.7107234946563263,0.0,1.0,0.0,1.0,0.0,0.0
25,155,2.50809410603792,9.60926254532222,0.0,0.0,1.0,1.0,0.0,1.0
26,155,8.460292946607375,5.14160902030307,1.0,0.0,0.0,0.0,0.0,0.0
27,155,8.279165226421272,2.3111580790631097,0.0,1.0,0.0,1.0,0.0,1.0
28,155,4.634113620549796,0.0,0.0,1.0,0.0,1.0,1.0,1.0
29,155,1.2341979526568922,2.306719932382448,1.0,0.0,0.0,1.0,0.0,0.0
30,155,1.9382785740982689,7.234592740198996,1.0,0.0,1.0,0.0,1.0,0.0
31,155,5.445477674426629,4.787809202544931,1.0,1.0,1.0,1.0,0.0,0.0
32,155,4.447881443143887,10.74323090107948,0.0,0.0,0.0,1.0,0.0,1.0
33,155,2.54092574260782,0.5630699168745841,0.0,1.0,0.0,1.0,0.0,0.0
34,155,6.442205795549708,0.0,0.0,0.0,1.0,0.0,0.0,0.0
35,155,3.7347520477494096,3.463923112902493,0.0,0.0,1.0,1.0,0.0,1.0
36,155,10.029066623750769,2.098919717680666,0.0,1.0,0.0,0.0,0.0,1.0
37,155,0.4851232319382673,6.138507626664968,0.0,1.0,1.0,0.0,1.0,0.0
38,155,1.4305265488299117,3.675851257359432,0.0,1.0,0.0,0.0,1.0,1.0
39,155,9.476638935638803,6.744368845284746,0.0,0.0,1.0,1.0,1.0,0.0
0,160,2.716373150737963,10.459886600410458,0.0,1.0,0.0,0.0,0.0,1.0
1,160,0.0,3.832045691582769,1.0,0.0,0.0,0.0,0.0,0.0
2,160,9.361539481485284,2.4544902791672887,1.0,0.0,0.0,0.0,0.0,0.0
3,160,12.0,0.9847701729556848,1.0,0.0,1.0,1.0,0.0,0.0
4,160,2.5765419758078703,0.6465689877190869,1.0,1.0,0.0,1.0,0.0,0.0
5,160,3.510527727688183,1.9886156028082584,1.0,0.0,1.0,0.0,1.0,1.0
6,160,1.886850461189803,0.7824800119375743,0.0,0.0,1.0,1.0,0.0,0.0
7,160,11.293483788768874,8.477161703443286,1.0,0.0,0.0,1.0,0.0,1.0
8,160,0.2660669446858825,3.52547923070732,0.0,1.0,0.0,0.0,1.0,0.0
9,160,0.0,8.382228950702157,1.0,0.0,0.0,0.0,0.0,1.0
10,160,3.394539660092059,7.4807780098811,0.0,1.0,0.0,1.0,1.0,1.0
11,160,12.0,0.0,0.0,0.0,1.0,0.0,0.0,0.0
12,160,2.218222666006202,8.08333089850464,0.0,1.0,1.0,0.0,0.0,1.0
13,160,11.596348416339582,8.175116664714837,1.0,1.0,1.0,0.0,0.0,1.0
14,160,5.534295591115446,11.948652396323782,0.0,0.0,1.0,1.0,0.0,0.0
15,160,2.5833766978622594,0.0729124345455326,1.0,0.0,1.0,1.0,1.0,0.0
16,160,6.183857357093661,2.122993073289116,0.0,1.0,0.0,1.0,1.0,0.0
17,160,0.0,10.477445333365724,1.0,0.0,1.0,0.0,0.0,1.0
18,160,2.29353172079328,5.149920022925749,0.0,0.0,0.0,0.0,0.0,1.0
19,160,5.796924755880986,1.4412634217445215,0.0,1.0,0.0,1.0,0.0,0.0
20,160,7.708081030619406,11.391318114102113,0.0,1.0,1.0,1.0,1.0,0.0
21,160,0.0824673130396523,0.6366987290574613,1.0,0.0,0.0,0.0,1.0,0.0
22,160,0.5684726297069682,2.6416953065827067,1.0,0.0,0.0,0.0,0.0,0.0
23,160,9.94475064054816,1.9297296256547043,0.0,0.0,0.0,0.0,1.0,0.0
24,160,8.19954137796574,2.7448716635741555,0.0,1.0,0.0,1.0,0.0,0.0
25,160,2.44204281784616,9.621109565104266,0.0,0.0,1.0,1.0,0.0,1.0
26,160,8.483002582274132,5.12806354635106,1.0,0.0,0.0,0.0,0.0,0.0
27,160,8.253616656138227,2.3502070290014405,0.0,1.0,0.0,1.0,0.0,1.0
28,160,4.700584878145955,0.0,0.0,1.0,0.0,1.0,1.0,1.0
29,160,1.1294304849445558,2.144443515520785,1.0,0.0,0.0,1.0,0.0,0.0
30,160,1.938876918995971,7.23243195345181,1.0,0.0,1.0,0.0,1.0,0.0
31,160,5.501948389539655,4.859339030307483,1.0,1.0,1.0,1.0,0.0,0.0
32,160,4.406977790340071,10.735176012647653,0.0,0.0,0.0,1.0,0.0,1.0
33,160,2.534140910961752,0.5558752121462808,0.0,1.0,0.0,1.0,0.0,0.0
34,160,6.40289351840062,0.0,0.0,0.0,1.0,0.0,0.0,0.0
35,160,3.766671862770766,3.3977020762505643,0.0,0.0,1.0,1.0,0.0,1.0
36,160,9.984559034959355,2.1516226861431327,0.0,1.0,0.0,0.0,0.0,1.0
37,160,0.4518631801780483,6.261900861374841,0.0,1.0,1.0,0.0,1.0,0.0
38,160,1.3945674553017346,3.5603219533130632,0.0,1.0,0.0,0.0,1.0,1.0
39,160,9.420769929333408,6.731177172743038,0.0,0.0,1.0,1.0,1.0,0.0
0,165,2.5995778601640978,10.484106460912097,0.0,1.0,0.0,0.0,0.0,1.0
1,165,0.000660284518942,3.832117439847561,1.0,0.0,0.0,0.0,0.0,0.0
2,165,9.624288440402529,2.652707626295824,1.0,0.0,0.0,0.0,0.0,0.0
3,165,12.0,0.9725934254981388,1.0,0.0,1.0,1.0,0.0,0.0
4,165,2.542933706352557,0.6230705624052908,1.0,1.0,0.0,1.0,0.0,0.0
5,165,3.608673823324967,1.893106976853863,1.0,0.0,1.0,0.0,1.0,1.0
6,165,1.8713244978768309,0.7136327949233507,0.0,0.0,1.0,1.0,0.0,0.0
7,165,11.286818588058717,8.472118075356061,1.0,0.0,0.0,1.0,0.0,1.0
8,165,0.2584498875113373,3.511746440913276,0.0,1.0,0.0,0.0,1.0,0.0
9,165,0.0,8.433467739283,1.0,0.0,0.0,0.0,0.0,1.0
10,165,3.430466366694687,7.508082760570502,0.0,1.0,0.0,1.0,1.0,1.0
11,165,12.0,0.0,0.0,0.0,1.0,0.0,0.0,0.0
12,165,2.2964987751179087,8.058543714364315,0.0,1.0,1.0,0.0,0.0,1.0
13,165,11.617627481797538,8.111876344307895,1.0,1.0,1.0,0.0,0.0,1.0
14,165,5.540967423986109,11.948667980207766,0.0,0.0,1.0,1.0,0.0,0.0
15,165,2.595210030334383,0.1114383139672902,1.0,0.0,1.0,1.0,1.0,0.0
16,165,6.106087174326408,2.045184015781544,0.0,1.0,0.0,1.0,1.0,0.0
17,165,0.0,10.437041423552254,1.0,0.0,1.0,0.0,0.0,1.0
18,165,2.307315718526115,5.255449946754231,0.0,0.0,0.0,0.0,0.0,1.0
19,165,5.804900651969993,1.4619321748198688,0.0,1.0,0.0,1.0,0.0,0.0
20,165,7.708544039043606,11.38584310809082,0.0,1.0,1.0,1.0,1.0,0.0
21,165,0.0576579019168195,0.645511760254184,1.0,0.0,0.0,0.0,1.0,0.0
22,165,0.5791187809973624,2.541945821422474,1.0,0.0,0.0,0.0,0.0,0.0
23,165,9.945324473805416,1.926506332819529,0.0,0.0,0.0,0.0,1.0,0.0
24,165,8.336909812057604,2.7752153017743346,0.0,1.0,0.0,1.0,0.0,0.0
25,165,2.374862448989717,9.632379723931662,0.0,0.0,1.0,1.0,0.0,1.0
26,165,8.495974057681714,5.120339436840485,1.0,0.0,0.0,0.0,0.0,0.0
27,165,8.219309913825308,2.4038838972289724,0.0,1.0,0.0,1.0,0.0,1.0
28,165,4.764804939161326,0.0,0.0,1.0,0.0,1.0,1.0,1.0
29,165,1.019692308302138,1.9813985862111507,1.0,0.0,0.0,1.0,0.0,0.0
30,165,1.944749343451931,7.210654596966609,1.0,0.0,1.0,0.0,1.0,0.0
31,165,5.5520291230504695,4.9219190758235625,1.0,1.0,1.0,1.0,0.0,0.0
32,165,4.369376828895208,10.727651538864292,0.0,0.0,0.0,1.0,0.0,1.0
33,165,2.5334950817511066,0.5552102921600288,0.0,1.0,0.0,1.0,0.0,0.0
34,165,6.365024159527968,0.0,0.0,0.0,1.0,0.0,0.0,0.0
35,165,3.801932377821783,3.327044521435155,0.0,0.0,1.0,1.0,0.0,1.0
36,165,9.949812703372247,2.1931208376369966,0.0,1.0,0.0,0.0,0.0,1.0
37,165,0.4234127221734773,6.372559505674377,0.0,1.0,1.0,0.0,1.0,0.0
38,165,1.359328358775133,3.4488851538413647,0.0,1.0,0.0,0.0,1.0,1.0
39,165,9.364374997914169,6.717799433411518,0.0,0.0,1.0,1.0,1.0,0.0
0,170,2.50848283304286,10.504470477812015,0.0,1.0,0.0,0.0,0.0,1.0
1,170,0.0,3.8295823450936752,1.0,0.0,0.0,0.0,0.0,0.0
2,170,9.884031475413924,2.847865051231726,1.0,0.0,0.0,0.0,0.0,0.0
3,170,12.0,0.9653484648213057,1.0,0.0,1.0,1.0,0.0,0.0
4,170,2.510217684012256,0.6011071568326647,1.0,1.0,0.0,1.0,0.0,0.0
5,170,3.702940756466103,1.8069562796503185,1.0,0.0,1.0,0.0,1.0,1.0
6,170,1.8562338842646489,0.6446313653297979,0.0,0.0,1.0,1.0,0.0,0.0
7,170,11.270893329070976,8.460137663751699,1.0,0.0,0.0,1.0,0.0,1.0
8,170,0.2588784960980373,3.5124307077828263,0.0,1.0,0.0,0.0,1.0,0.0
9,170,0.0,8.491695017612994,1.0,0.0,0.0,0.0,0.0,1.0
10,170,3.4703690099470075,7.537929875162264,0.0,1.0,0.0,1.0,1.0,1.0
11,170,12.0,0.0,0.0,0.0,1.0,0.0,0.0,0.0
12,170,2.3655265178046525,8.038107705552266,0.0,1.0,1.0,0.0,0.0,1.0
13,170,11.639104944039094,8.042466422250323,1.0,1.0,1.0,0.0,0.0,1.0
14,170,5.549146949659399,11.948505259784309,0.0,0.0,1.0,1.0,0.0,0.0
15,170,2.610807066028832,0.1609312916453639,1.0,0.0,1.0,1.0,1.0,0.0
16,170,6.028555791266206,1.9688959975163791,0.0,1.0,0.0,1.0,1.0,0.0
17,170,0.0,10.40509902899,1.0,0.0,1.0,0.0,0.0,1.0
18,170,2.3245622424014063,5.376267892533367,0.0,0.0,0.0,0.0,0.0,1.0
19,170,5.81162293006269,1.4799175669273446,0.0,1.0,0.0,1.0,0.0,0.0
20,170,7.707759785602516,11.393713520895238,0.0,1.0,1.0,1.0,1.0,0.0
21,170,0.0183707857460246,0.6585606601204743,1.0,0.0,0.0,0.0,1.0,0.0
22,170,0.5893158582825626,2.434584919717918,1.0,0.0,0.0,0.0,0.0,0.0
23,170,9.949979483628558,1.9036749611936707,0.0,0.0,0.0,0.0,1.0,0.0
24,170,8.484001668442643,2.8010317327053675,0.0,1.0,0.0,1.0,0.0,0.0
25,170,2.293903201276718,9.646859946030968,0.0,0.0,1.0,1.0,0.0,1.0
26,170,8.503236993768544,5.116230318850837,1.0,0.0,0.0,0.0,0.0,0.0
27,170,8.17992803432126,2.466091881611327,0.0,1.0,0.0,1.0,0.0,1.0
28,170,4.827018086650283,0.0,0.0,1.0,0.0,1.0,1.0,1.0
29,170,0.9166953435917928,1.8288914928261424,1.0,0.0,0.0,1.0,0.0,0.0
30,170,1.9554477331025275,7.174381007684914,1.0,0.0,1.0,0.0,1.0,0.0
31,170,5.608408723167243,4.988221174998376,1.0,1.0,1.0,1.0,0.0,0.0
32,170,4.333650073792423,10.721695662000904,0.0,0.0,0.0,1.0,0.0,1.0
33,170,2.542114506436475,0.563905391568869,0.0,1.0,0.0,1.0,0.0,0.0
34,170,6.324889241976971,0.0,0.0,0.0,1.0,0.0,0.0,0.0
35,170,3.835337085881279,3.2642336046688465,0.0,0.0,1.0,1.0,0.0,1.0
36,170,9.902519008996109,2.250725330330328,0.0,1.0,0.0,0.0,0.0,1.0
37,170,0.3991088636082728,6.476573213961237,0.0,1.0,1.0,0.0,1.0,0.0
38,170,1.3218352689255413,3.3257283411247647,0.0,1.0,0.0,0.0,1.0,1.0
39,170,9.308777282633404,6.704334660549414,0.0,0.0,1.0,1.0,1.0,0.0
0,175,2.4109391572251035,10.527867183739891,0.0,1.0,0.0,0.0,0.0,1.0
1,175,0.0,3.827805469463609,1.0,0.0,0.0,0.0,0.0,0.0
2,175,10.140216555431378,3.049211329785414,1.0,0.0,0.0,0.0,0.0,0.0
3,175,12.0,0.9562846164164632,1.0,0.0,1.0,1.0,0.0,0.0
4,175,2.475799904859568,0.577374383812905,1.0,1.0,0.0,1.0,0.0,0.0
5,175,3.793455201454135,1.7279577557655983,1.0,0.0,1.0,0.0,1.0,1.0
6,175,1.8393041450736305,0.5747707346100667,0.0,0.0,1.0,1.0,0.0,0.0
7,175,11.263822980463074,8.45447364334465,1.0,0.0,0.0,1.0,0.0,1.0
8,175,0.2667061336255805,3.524674331417935,0.0,1.0,0.0,0.0,1.0,0.0
9,175,0.0,8.545797279002306,1.0,0.0,0.0,0.0,0.0,1.0
10,175,3.520137099165636,7.575814870446652,0.0,1.0,0.0,1.0,1.0,1.0
11,175,12.0,0.0,0.0,0.0,1.0,0.0,0.0,0.0
12,175,2.4193081541225934,8.022357290721985,0.0,1.0,1.0,0.0,0.0,1.0
13,175,11.660687417336462,7.968568456101592,1.0,1.0,1.0,0.0,0.0,1.0
14,175,5.532449368109313,11.948847572142297,0.0,0.0,1.0,1.0,0.0,0.0
15,175,2.630194031632078,0.2178729832467459,1.0,0.0,1.0,1.0,1.0,0.0
16,175,5.945122636730973,1.8872311588812296,0.0,1.0,0.0,1.0,1.0,0.0
17,175,0.0,10.374825592616714,1.0,0.0,1.0,0.0,0.0,1.0
18,175,2.3417453698845394,5.504303979042839,0.0,0.0,0.0,0.0,0.0,1.0
19,175,5.822836330308917,1.5131853577300882,0.0,1.0,0.0,1.0,0.0,0.0
20,175,7.709389022064487,11.376242377618418,0.0,1.0,1.0,1.0,1.0,0.0
21,175,0.0,0.6725883669006874,1.0,0.0,0.0,0.0,1.0,0.0
22,175,0.6024511116896545,2.322703235264346,1.0,0.0,0.0,0.0,0.0,0.0
23,175,9.95696893061983,1.8657375346341851,0.0,0.0,0.0,0.0,1.0,0.0
24,175,8.610440821157166,2.821506826682852,0.0,1.0,0.0,1.0,0.0,0.0
25,175,2.2158987766267115,9.66172786150489,0.0,0.0,1.0,1.0,0.0,1.0
26,175,8.516603033334057,5.108545885780965,1.0,0.0,0.0,0.0,0.0,0.0
27,175,8.135405451076249,2.5389605467438603,0.0,1.0,0.0,1.0,0.0,1.0
28,175,4.893843186562884,0.0,0.0,1.0,0.0,1.0,1.0,1.0
29,175,0.8150226184907616,1.682673329701294,1.0,0.0,0.0,1.0,0.0,0.0
30,175,1.9654841891247448,7.140401269428423,1.0,0.0,1.0,0.0,1.0,0.0
31,175,5.663536748896788,5.054216655395765,1.0,1.0,1.0,1.0,0.0,0.0
32,175,4.286820258826333,10.714289594325228,0.0,0.0,0.0,1.0,0.0,1.0
33,175,2.54379047728423,0.5656410854763022,0.0,1.0,0.0,1.0,0.0,0.0
34,175,6.287217205994684,0.0,0.0,0.0,1.0,0.0,0.0,0.0
35,175,3.88326012848362,3.173113231220343,0.0,0.0,1.0,1.0,0.0,1.0
36,175,9.861070515443364,2.3042927009606924,0.0,1.0,0.0,0.0,0.0,1.0
37,175,0.375550893018341,6.5787280104686365,0.0,1.0,1.0,0.0,1.0,0.0
38,175,1.2948413173153588,3.2363528570293405,0.0,1.0,0.0,0.0,1.0,1.0
39,175,9.24918704017399,6.689359713540712,0.0,0.0,1.0,1.0,1.0,0.0
0,180,2.3205013918035866,10.55018577081051,0.0,1.0,0.0,0.0,0.0,1.0
1,180,0.0,3.8277905514371615,1.0,0.0,0.0,0.0,0.0,0.0
2,180,10.390768137493223,3.2562469020824865,1.0,0.0,0.0,0.0,0.0,0.0
3,180,12.0,0.9506499844120526,1.0,0.0,1.0,1.0,0.0,0.0
4,180,2.448089882503225,0.5594408351771222,1.0,1.0,0.0,1.0,0.0,0.0
5,180,3.878305440115712,1.6538613639299014,1.0,0.0,1.0,0.0,1.0,1.0
6,180,1.818401726769969,0.4983467055150614,0.0,0.0,1.0,1.0,0.0,0.0
7,180,11.254584697076323,8.447266885370468,1.0,0.0,0.0,1.0,0.0,1.0
8,180,0.2758015830499559,3.53864778546877,0.0,1.0,0.0,0.0,1.0,0.0
9,180,0.0,8.603858895143649,1.0,0.0,0.0,0.0,0.0,1.0
10,180,3.554745154461242,7.602573247118516,0.0,1.0,0.0,1.0,1.0,1.0
11,180,12.0,0.0,0.0,0.0,1.0,0.0,0.0,0.0
12,180,2.472919435936905,8.008551693429176,0.0,1.0,1.0,0.0,0.0,1.0
13,180,11.685523456212572,7.878305947242824,1.0,1.0,1.0,0.0,0.0,1.0
14,180,5.519550723848388,11.948878334816554,0.0,0.0,1.0,1.0,0.0,0.0
15,180,2.6523413903257813,0.2779813472551259,1.0,0.0,1.0,1.0,1.0,0.0
16,180,5.873806222205452,1.8114327886754955,0.0,1.0,0.0,1.0,1.0,0.0
17,180,0.0,10.344741216915738,1.0,0.0,1.0,0.0,0.0,1.0
18,180,2.357731093778958,5.641066005344312,0.0,0.0,0.0,0.0,0.0,1.0
19,180,5.831160333323373,1.5391258861563524,0.0,1.0,0.0,1.0,0.0,0.0
20,180,7.71048430703389,11.3643592489931,0.0,1.0,1.0,1.0,1.0,0.0
21,180,0.0,0.6818190627408596,1.0,0.0,0.0,0.0,1.0,0.0
22,180,0.6135321583480257,2.2056028139177,1.0,0.0,0.0,0.0,0.0,0.0
23,180,9.965138586930705,1.8095971684930368,0.0,0.0,0.0,0.0,1.0,0.0
24,180,8.743344143364062,2.843969709602276,0.0,1.0,0.0,1.0,0.0,0.0
25,180,2.161139199288501,9.673255828302572,0.0,0.0,1.0,1.0,0.0,1.0
26,180,8.527106456352316,5.102436697151789,1.0,0.0,0.0,0.0,0.0,0.0
27,180,8.082494033620353,2.628893656382702,0.0,1.0,0.0,1.0,0.0,1.0
28,180,4.943681900478037,0.0,0.0,1.0,0.0,1.0,1.0,1.0
29,180,0.693421567554534,1.5054233564052888,1.0,0.0,0.0,1.0,0.0,0.0
30,180,1.9767937448664583,7.103115071981263,1.0,0.0,1.0,0.0,1.0,0.0
31,180,5.703819494141751,5.099740266282252,1.0,1.0,1.0,1.0,0.0,0.0
32,180,4.22833065965603,10.704877693816124,0.0,0.0,0.0,1.0,0.0,1.0
33,180,2.5586588157902934,0.5805362625029088,0.0,1.0,0.0,1.0,0.0,0.0
34,180,6.250612488276174,0.0,0.0,0.0,1.0,0.0,0.0,0.0
35,180,3.939789072285815,3.067829346514709,0.0,0.0,1.0,1.0,0.0,1.0
36,180,9.831873544220969,2.3407236463650487,0.0,1.0,0.0,0.0,0.0,1.0
37,180,0.3505512832266156,6.672242154624163,0.0,1.0,1.0,0.0,1.0,0.0
38,180,1.26548383412458,3.1369929762488624,0.0,1.0,0.0,0.0,1.0,1.0
39,180,9.19941616344834,6.677526948591056,0.0,0.0,1.0,1.0,1.0,0.0
0,185,2.2476067028220816,10.569317209611825,0.0,1.0,0.0,0.0,0.0,1.0
1,185,0.0126502607617804,3.828971505434629,1.0,0.0,0.0,0.0,0.0,0.0
2,185,10.633550853426854,3.455543195465289,1.0,0.0,0.0,0.0,0.0,0.0
3,185,12.0,0.9461191892860412,1.0,0.0,1.0,1.0,0.0,0.0
4,185,2.435758116786649,0.5514759782711587,1.0,1.0,0.0,1.0,0.0,0.0
5,185,3.965810268730551,1.576456246669632,1.0,0.0,1.0,0.0,1.0,1.0
6,185,1.80255832123676,0.4319282536248668,0.0,0.0,1.0,1.0,0.0,0.0
7,185,11.250893542886878,8.444426870930089,1.0,0.0,0.0,1.0,0.0,1.0
8,185,0.2806716147014789,3.546096318435296,0.0,1.0,0.0,0.0,1.0,0.0
9,185,0.0,8.672175869618467,1.0,0.0,0.0,0.0,0.0,1.0
10,185,3.57316579121521,7.616521577659049,0.0,1.0,0.0,1.0,1.0,1.0
11,185,12.0,0.0,0.0,0.0,1.0,0.0,0.0,0.0
12,185,2.5204013966769137,7.995471060644909,0.0,1.0,1.0,0.0,0.0,1.0
13,185,11.717155807753864,7.769697340703582,1.0,1.0,1.0,0.0,0.0,1.0
14,185,5.519368816436487,11.94887431165039,0.0,0.0,1.0,1.0,0.0,0.0
15,185,2.6779547316397823,0.3513458095067168,1.0,0.0,1.0,1.0,1.0,0.0
16,185,5.798477984679479,1.728110265455469,0.0,1.0,0.0,1.0,1.0,0.0
17,185,0.0,10.314604518240897,1.0,0.0,1.0,0.0,0.0,1.0
18,185,2.3757667082371823,5.774185430003358,0.0,0.0,0.0,0.0,0.0,1.0
19,185,5.834405933885406,1.5488703688471583,0.0,1.0,0.0,1.0,0.0,0.0
20,185,7.711068072229588,11.35677372482094,0.0,1.0,1.0,1.0,1.0,0.0
21,185,0.0,0.6956199810113839,1.0,0.0,0.0,0.0,1.0,0.0
22,185,0.6261697647645259,2.0774804808404146,1.0,0.0,0.0,0.0,0.0,0.0
23,185,9.977630108407949,1.7377780763706845,0.0,0.0,0.0,0.0,1.0,0.0
24,185,8.881964666096392,2.869653249142583,0.0,1.0,0.0,1.0,0.0,0.0
25,185,2.108671927198516,9.684333449687728,0.0,0.0,1.0,1.0,0.0,1.0
26,185,8.537488401707165,5.096978258479899,1.0,0.0,0.0,0.0,0.0,0.0
27,185,8.023162398023176,2.726412611114375,0.0,1.0,0.0,1.0,0.0,1.0
28,185,4.9950769384577285,0.0,0.0,1.0,0.0,1.0,1.0,1.0
29,185,0.57842399813723,1.3396765603446346,1.0,0.0,0.0,1.0,0.0,0.0
30,185,1.9839144979371195,7.081472713847916,1.0,0.0,1.0,0.0,1.0,0.0
31,185,5.722363244935297,5.120860196659067,1.0,1.0,1.0,1.0,0.0,0.0
32,185,4.148333617468815,10.692595526575111,0.0,0.0,0.0,1.0,0.0,1.0
33,185,2.5761322638416613,0.597597223734516,0.0,1.0,0.0,1.0,0.0,0.0
34,185,6.208804492630981,0.0,0.0,0.0,1.0,0.0,0.0,0.0
35,185,3.992549718074192,2.966148497391995,0.0,0.0,1.0,1.0,0.0,1.0
36,185,9.798606501545075,2.38461099843266,0.0,1.0,0.0,0.0,0.0,1.0
37,185,0.3198054143716884,6.785386270713239,0.0,1.0,1.0,0.0,1.0,0.0
38,185,1.2353675525421293,3.0327148858647024,0.0,1.0,0.0,0.0,1.0,1.0
39,185,9.13235168450226,6.664005143638802,0.0,0.0,1.0,1.0,1.0,0.0
0,190,2.161998290263299,10.590602562768035,0.0,1.0,0.0,0.0,0.0,1.0
1,190,0.0261227557758678,3.830239818306922,1.0,0.0,0.0,0.0,0.0,0.0
2,190,10.881571040203893,3.674706305351372,1.0,0.0,0.0,0.0,0.0,0.0
3,190,12.0,0.9423590576672716,1.0,0.0,1.0,1.0,0.0,0.0
4,190,2.417188628683897,0.53984970976216,1.0,1.0,0.0,1.0,0.0,0.0
5,190,4.0358499052938654,1.5110733824368594,1.0,0.0,1.0,0.0,1.0,1.0
6,190,1.7939673536440668,0.3960356399361075,0.0,0.0,1.0,1.0,0.0,0.0
7,190,11.256785380279693,8.449019480683427,1.0,0.0,0.0,1.0,0.0,1.0
8,190,0.301676206217384,3.576684043071617,0.0,1.0,0.0,0.0,1.0,0.0
9,190,0.0,8.743263693674361,1.0,0.0,0.0,0.0,0.0,1.0
10,190,3.5809369853370634,7.622382417758265,0.0,1.0,0.0,1.0,1.0,1.0
11,190,12.0,0.0,0.0,0.0,1.0,0.0,0.0,0.0
12,190,2.578596813438917,7.979737753600486,0.0,1.0,1.0,0.0,0.0,1.0
13,190,11.746413503179014,7.6731299398554205,1.0,1.0,1.0,0.0,0.0,1.0
14,190,5.516813423055338,11.948785715024307,0.0,0.0,1.0,1.0,0.0,0.0
15,190,2.7113198890742445,0.4572702100838875,1.0,0.0,1.0,1.0,1.0,0.0
16,190,5.724308010931534,1.647096176158403,0.0,1.0,0.0,1.0,1.0,0.0
17,190,0.0,10.271211743052838,1.0,0.0,1.0,0.0,0.0,1.0
18,190,2.3933190686488834,5.909098521138467,0.0,0.0,0.0,0.0,0.0,1.0
19,190,5.839543440621046,1.5625202446017608,0.0,1.0,0.0,1.0,0.0,0.0
20,190,7.711991008264373,11.345412665383112,0.0,1.0,1.0,1.0,1.0,0.0
21,190,0.0,0.7094812531802618,1.0,0.0,0.0,0.0,1.0,0.0
22,190,0.6420495881831517,1.9407772006638608,1.0,0.0,0.0,0.0,0.0,0.0
23,190,9.907919380261443,1.7278572606902618,0.0,0.0,0.0,0.0,1.0,0.0
24,190,9.035399833010688,2.899352619039368,0.0,1.0,0.0,1.0,0.0,0.0
25,190,2.054776350826076,9.696161605644846,0.0,0.0,1.0,1.0,0.0,1.0
26,190,8.55646901897699,5.087707249721187,1.0,0.0,0.0,0.0,0.0,0.0
27,190,7.966107325303019,2.8182185530038244,0.0,1.0,0.0,1.0,0.0,1.0
28,190,5.039545932055258,0.0,0.0,1.0,0.0,1.0,1.0,1.0
29,190,0.4785591585824051,1.2006809274018742,1.0,0.0,0.0,1.0,0.0,0.0
30,190,1.991620462857968,7.056004720673662,1.0,0.0,1.0,0.0,1.0,0.0
31,190,5.719673142877845,5.117774738006232,1.0,1.0,1.0,1.0,0.0,0.0
32,190,4.046893672693387,10.678031195654777,0.0,0.0,0.0,1.0,0.0,1.0
33,190,2.602650676224294,0.6244295762952767,0.0,1.0,0.0,1.0,0.0,0.0
34,190,6.173048677661423,0.0,0.0,0.0,1.0,0.0,0.0,0.0
35,190,4.030915417908081,2.8875237812856125,0.0,0.0,1.0,1.0,0.0,1.0
36,190,9.771302952969412,2.420878090760832,0.0,1.0,0.0,0.0,0.0,1.0
37,190,0.2880217028167706,6.897639665865331,0.0,1.0,1.0,0.0,1.0,0.0
38,190,1.1995618326363071,2.9174445028135074,0.0,1.0,0.0,0.0,1.0,1.0
39,190,9.062326893399064,6.649704762673131,0.0,0.0,1.0,1.0,1.0,0.0
0,195,2.076257303303813,10.61271138647622,0.0,1.0,0.0,0.0,0.0,1.0
1,195,0.0285461902618439,3.830463623999157,1.0,0.0,0.0,0.0,0.0,0.0
2,195,11.155116251271789,3.903389374998676,1.0,0.0,0.0,0.0,0.0,0.0
3,195,12.0,0.9387320410069137,1.0,0.0,1.0,1.0,0.0,0.0
4,195,2.393242252790034,0.5244820457528147,1.0,1.0,0.0,1.0,0.0,0.0
5,195,4.10506324746597,1.446019113386781,1.0,0.0,1.0,0.0,1.0,1.0
6,195,1.7836564208108563,0.3528023326806329,0.0,0.0,1.0,1.0,0.0,0.0
7,195,11.277828141188294,8.465845359532516,1.0,0.0,0.0,1.0,0.0,1.0
8,195,0.3281985412407638,3.614560072927101,0.0,1.0,0.0,0.0,1.0,0.0
9,195,0.0,8.813368298894463,1.0,0.0,0.0,0.0,0.0,1.0
10,195,3.58571478489925,7.625733830546106,0.0,1.0,0.0,1.0,1.0,1.0
11,195,12.0,0.0,0.0,0.0,1.0,0.0,0.0,0.0
12,195,2.6415335101251443,7.962688663149015,0.0,1.0,1.0,0.0,0.0,1.0
13,195,11.77328949226572,7.582800845077226,1.0,1.0,1.0,0.0,0.0,1.0
14,195,5.51507746801059,11.948725216352695,0.0,0.0,1.0,1.0,0.0,0.0
15,195,2.746920052437111,0.5657702614748948,1.0,0.0,1.0,1.0,1.0,0.0
16,195,5.638076146144512,1.5461594660868825,0.0,1.0,0.0,1.0,1.0,0.0
17,195,0.0,10.22051471075751,1.0,0.0,1.0,0.0,0.0,1.0
18,195,2.411142562299548,6.041922641649361,0.0,0.0,0.0,0.0,0.0,1.0
19,195,5.8480570894067805,1.584929799525688,0.0,1.0,0.0,1.0,0.0,0.0
20,195,7.7141659865862575,11.322071000363971,0.0,1.0,1.0,1.0,1.0,0.0
21,195,0.0,0.7265766258745185,1.0,0.0,0.0,0.0,1.0,0.0
22,195,0.6567838967792405,1.8065391110520648,1.0,0.0,0.0,0.0,0.0,0.0
23,195,9.82377498401588,1.717887491824692,0.0,0.0,0.0,0.0,1.0,0.0
24,195,9.209811989523145,2.9299926090435044,0.0,1.0,0.0,1.0,0.0,0.0
25,195,2.002326421600433,9.710190813586795,0.0,0.0,1.0,1.0,0.0,1.0
26,195,8.558707004887735,5.086583438355984,1.0,0.0,0.0,0.0,0.0,0.0
27,195,7.903076959502511,2.9179293828315047,0.0,1.0,0.0,1.0,0.0,1.0
28,195,5.08892976156018,0.0,0.0,1.0,0.0,1.0,1.0,1.0
29,195,0.3822611131869182,1.0630562973174156,1.0,0.0,0.0,1.0,0.0,0.0
30,195,1.997720798591723,7.034802850885483,1.0,0.0,1.0,0.0,1.0,0.0
31,195,5.709658580070292,5.105664164767108,1.0,1.0,1.0,1.0,0.0,0.0
32,195,3.939372483791368,10.662812215488644,0.0,0.0,0.0,1.0,0.0,1.0
33,195,2.616055128933586,0.6379637458465119,0.0,1.0,0.0,1.0,0.0,0.0
34,195,6.146465659477598,0.0,0.0,0.0,1.0,0.0,0.0,0.0
35,195,4.06296500016253,2.8233530539711884,0.0,0.0,1.0,1.0,0.0,1.0
36,195,9.7514378085247,2.446047869702473,0.0,1.0,0.0,0.0,0.0,1.0
37,195,0.2554595908388755,7.0107330516313775,0.0,1.0,1.0,0.0,1.0,0.0
38,195,1.1663463522344266,2.805834216086778,0.0,1.0,0.0,0.0,1.0,1.0
39,195,8.996771531321334,6.63571381296948,0.0,0.0,1.0,1.0,1.0,0.0
0,200,2.027969597622548,10.625239598393296,0.0,1.0,0.0,0.0,0.0,1.0
1,200,0.0331892075796404,3.8308254538614666,1.0,0.0,0.0,0.0,0.0,0.0
2,200,11.424091927743753,4.135152206131783,1.0,0.0,0.0,0.0,0.0,0.0
3,200,12.0,0.9359714746734796,1.0,0.0,1.0,1.0,0.0,0.0
4,200,2.3649886311812978,0.5064809300212981,1.0,1.0,0.0,1.0,0.0,0.0
5,200,4.182157947229025,1.3756727310659986,1.0,0.0,1.0,0.0,1.0,1.0
6,200,1.7724534260592295,0.308746570562228,0.0,0.0,1.0,1.0,0.0,0.0
7,200,11.282007443470285,8.46919726042026,1.0,0.0,0.0,1.0,0.0,1.0
8,200,0.3549179482630856,3.653143977555935,0.0,1.0,0.0,0.0,1.0,0.0
9,200,0.0,8.87317632227556,1.0,0.0,0.0,0.0,0.0,1.0
10,200,3.5821559846366693,7.623229171760729,0.0,1.0,0.0,1.0,1.0,1.0
11,200,12.0,0.0,0.0,0.0,1.0,0.0,0.0,0.0
12,200,2.6980632108310143,7.947562381578831,0.0,1.0,1.0,0.0,0.0,1.0
13,200,11.794052269527898,7.511507532288986,1.0,1.0,1.0,0.0,0.0,1.0
14,200,5.510718265204014,11.948522184294797,0.0,0.0,1.0,1.0,0.0,0.0
15,200,2.7829146938539004,0.677683951916163,1.0,0.0,1.0,1.0,1.0,0.0
16,200,5.545553346780616,1.443248514692132,0.0,1.0,0.0,1.0,1.0,0.0
17,200,0.0,10.164716780098148,1.0,0.0,1.0,0.0,0.0,1.0
18,200,2.425560932842107,6.159243453354593,0.0,0.0,0.0,0.0,0.0,1.0
19,200,5.84880841185863,1.586961510737978,0.0,1.0,0.0,1.0,0.0,0.0
20,200,7.717699188161632,11.289547420736971,0.0,1.0,1.0,1.0,1.0,0.0
21,200,0.0,0.7416991831120932,1.0,0.0,0.0,0.0,1.0,0.0
22,200,0.6691347872814797,1.6798287374820242,1.0,0.0,0.0,0.0,0.0,0.0
23,200,9.720905249799586,1.7048931193419794,0.0,0.0,0.0,0.0,1.0,0.0
24,200,9.238004586131089,2.759743916755645,0.0,1.0,0.0,1.0,0.0,0.0
25,200,1.9493609303462045,9.722743443882267,0.0,0.0,1.0,1.0,0.0,1.0
26,200,8.559183093191661,5.086335982078372,1.0,0.0,0.0,0.0,0.0,0.0
27,200,7.839794024163647,3.017934983250385,0.0,1.0,0.0,1.0,0.0,1.0
28,200,5.12920157927929,0.0,0.0,1.0,0.0,1.0,1.0,1.0
29,200,0.2781178250869788,0.9246544490519538,1.0,0.0,0.0,1.0,0.0,0.0
30,200,2.0129717986465185,6.978916981039095,1.0,0.0,1.0,0.0,1.0,0.0
31,200,5.694343115212525,5.087015960976034,1.0,1.0,1.0,1.0,0.0,0.0
32,200,3.811940377252777,10.64770674013343,0.0,0.0,0.0,1.0,0.0,1.0
33,200,2.6350658357470875,0.6579264387990473,0.0,1.0,0.0,1.0,0.0,0.0
34,200,6.117936387195414,0.0,0.0,0.0,1.0,0.0,0.0,0.0
35,200,4.102576100829978,2.7413878782610435,0.0,0.0,1.0,1.0,0.0,1.0
36,200,9.732771051726363,2.4698987145408227,0.0,1.0,0.0,0.0,0.0,1.0
37,200,0.2209880191676405,7.120618823794699,0.0,1.0,1.0,0.0,1.0,0.0
38,200,1.1313433403515702,2.687394793606709,0.0,1.0,0.0,0.0,1.0,1.0
39,200,8.92540475871078,6.62249234669804,0.0,0.0,1.0,1.0,1.0,0.0
0,205,1.9850353021827112,10.636269634743364,0.0,1.0,0.0,0.0,0.0,1.0
1,205,0.0219700893437037,3.829910619921892,1.0,0.0,0.0,0.0,0.0,0.0
2,205,11.69589259639092,4.369091999326462,1.0,0.0,0.0,0.0,0.0,0.0
3,205,12.0,0.9343237929903696,1.0,0.0,1.0,1.0,0.0,0.0
4,205,2.348403619172111,0.5323124604444341,1.0,1.0,0.0,1.0,0.0,0.0
5,205,4.253748434677165,1.3098964354438665,1.0,0.0,1.0,0.0,1.0,1.0
6,205,1.7614429332288244,0.2685740746171778,0.0,0.0,1.0,1.0,0.0,0.0
7,205,11.28930560987157,8.475167418643549,1.0,0.0,0.0,1.0,0.0,1.0
8,205,0.3885106287269272,3.697559820004903,0.0,1.0,0.0,0.0,1.0,0.0
9,205,0.0,8.93630655028361,1.0,0.0,0.0,0.0,0.0,1.0
10,205,3.5711104340853432,7.6156132400082,0.0,1.0,0.0,1.0,1.0,1.0
11,205,12.0,0.0,0.0,0.0,1.0,0.0,0.0,0.0
12,205,2.781551617114238,7.926297444628574,0.0,1.0,1.0,0.0,0.0,1.0
13,205,11.809000437976549,7.461072330326802,1.0,1.0,1.0,0.0,0.0,1.0
14,205,5.490689121799025,11.947645856718273,0.0,0.0,1.0,1.0,0.0,0.0
15,205,2.820092223857842,0.7917475394902014,1.0,0.0,1.0,1.0,1.0,0.0
16,205,5.454547030289923,1.344638407587117,0.0,1.0,0.0,1.0,1.0,0.0
17,205,0.0,10.10553302401651,1.0,0.0,1.0,0.0,0.0,1.0
18,205,2.4448518974054423,6.29157139287795,0.0,0.0,0.0,0.0,0.0,1.0
19,205,5.8433350884775495,1.5722360357629952,0.0,1.0,0.0,1.0,0.0,0.0
20,205,7.71965437381813,11.268945547370215,0.0,1.0,1.0,1.0,1.0,0.0
21,205,0.0,0.7555326052066345,1.0,0.0,0.0,0.0,1.0,0.0
22,205,0.684541607716654,1.5360726336759156,1.0,0.0,0.0,0.0,0.0,0.0
23,205,9.622771365913437,1.6904584214307397,0.0,0.0,0.0,0.0,1.0,0.0
24,205,9.269243054852708,2.580736058497804,0.0,1.0,0.0,1.0,0.0,0.0
25,205,1.9289679666486916,9.72733997596519,0.0,0.0,1.0,1.0,0.0,1.0
26,205,8.545484632366353,5.093176707970874,1.0,0.0,0.0,0.0,0.0,0.0
27,205,7.772375315342511,3.1264229899316875,0.0,1.0,0.0,1.0,0.0,1.0
28,205,5.170809131216775,0.0,0.0,1.0,0.0,1.0,1.0,1.0
29,205,0.1647405550138182,0.7794779067013833,1.0,0.0,0.0,1.0,0.0,0.0
30,205,2.0262969443647045,6.932094520304569,1.0,0.0,1.0,0.0,1.0,0.0
31,205,5.682512825542963,5.071650798388746,1.0,1.0,1.0,1.0,0.0,0.0
32,205,3.674502063496279,10.626766648476163,0.0,0.0,0.0,1.0,0.0,1.0
33,205,2.6551385025900145,0.6793556161107114,0.0,1.0,0.0,1.0,0.0,0.0
34,205,6.089491966501125,0.0,0.0,0.0,1.0,0.0,0.0,0.0
35,205,4.138846191417872,2.6654325233914333,0.0,0.0,1.0,1.0,0.0,1.0
36,205,9.71369923050406,2.4930508160267992,0.0,1.0,0.0,0.0,0.0,1.0
37,205,0.1843161264601313,7.232820489180334,0.0,1.0,1.0,0.0,1.0,0.0
38,205,1.09390752783795,2.562638895431909,0.0,1.0,0.0,0.0,1.0,1.0
39,205,8.85374131412413,6.608485129316059,0.0,0.0,1.0,1.0,1.0,0.0
0,210,1.953834244507944,10.64436023943326,0.0,1.0,0.0,0.0,0.0,1.0
1,210,0.009794850147996,3.829218880855665,1.0,0.0,0.0,0.0,0.0,0.0
2,210,11.96370628180932,4.601168277404863,1.0,0.0,0.0,0.0,0.0,0.0
3,210,12.0,0.932060604344407,1.0,0.0,1.0,1.0,0.0,0.0
4,210,2.3366382886035475,0.5506272561554719,1.0,1.0,0.0,1.0,0.0,0.0
5,210,4.326422644678872,1.2400975675697976,1.0,0.0,1.0,0.0,1.0,1.0
6,210,1.7535171776784404,0.2393740054501182,0.0,0.0,1.0,1.0,0.0,0.0
7,210,11.287650712717516,8.473806381084355,1.0,0.0,0.0,1.0,0.0,1.0
8,210,0.4101278135851199,3.7276390713466734,0.0,1.0,0.0,0.0,1.0,0.0
9,210,0.0,8.99251209454407,1.0,0.0,0.0,0.0,0.0,1.0
10,210,3.54344226993412,7.596152719632659,0.0,1.0,0.0,1.0,1.0,1.0
11,210,12.0,0.0,0.0,0.0,1.0,0.0,0.0,0.0
12,210,2.8699284150264925,7.905707693595229,0.0,1.0,1.0,0.0,0.0,1.0
13,210,11.820832017114691,7.41757576468685,1.0,1.0,1.0,0.0,0.0,1.0
14,210,5.478374372270502,11.946755808592751,0.0,0.0,1.0,1.0,0.0,0.0
15,210,2.8562759925053305,0.91067065416084,1.0,0.0,1.0,1.0,1.0,0.0
16,210,5.3842887282541225,1.2755649935965057,0.0,1.0,0.0,1.0,1.0,0.0
17,210,0.0,10.036999856578126,1.0,0.0,1.0,0.0,0.0,1.0
18,210,2.4605720716774337,6.417156869459981,0.0,0.0,0.0,0.0,0.0,1.0
19,210,5.83360932282252,1.5473148716531535,0.0,1.0,0.0,1.0,0.0,0.0
20,210,7.720078853814726,11.26405538938208,0.0,1.0,1.0,1.0,1.0,0.0
21,210,0.0,0.7686305477342067,1.0,0.0,0.0,0.0,1.0,0.0
22,210,0.6968656672776863,1.4058293760597702,1.0,0.0,0.0,0.0,0.0,0.0
23,210,9.527310715269127,1.6758792630711334,0.0,0.0,0.0,0.0,1.0,0.0
24,210,9.309292346050675,2.363506860022245,0.0,1.0,0.0,1.0,0.0,0.0
25,210,1.9042527170096928,9.732990479372656,0.0,0.0,1.0,1.0,0.0,1.0
26,210,8.529349520308337,5.101434837768073,1.0,0.0,0.0,0.0,0.0,0.0
27,210,7.698946499545463,3.246225101753877,0.0,1.0,0.0,1.0,0.0,1.0
28,210,5.215294518382472,0.0,0.0,1.0,0.0,1.0,1.0,1.0
29,210,0.0453479036823491,0.633126297993555,1.0,0.0,0.0,1.0,0.0,0.0
30,210,2.035955382538383,6.902157359004074,1.0,0.0,1.0,0.0,1.0,0.0
31,210,5.663878554889733,5.0469340672615015,1.0,1.0,1.0,1.0,0.0,0.0
32,210,3.54634693600701,10.604210332513851,0.0,0.0,0.0,1.0,0.0,1.0
33,210,2.67090968866384,0.6969884049948215,0.0,1.0,0.0,1.0,0.0,0.0
34,210,6.181784540506193,0.0,0.0,0.0,1.0,0.0,0.0,0.0
35,210,4.173529890725766,2.588987890556024,0.0,0.0,1.0,1.0,0.0,1.0
36,210,9.694507501252524,2.5157939627387944,0.0,1.0,0.0,0.0,0.0,1.0
37,210,0.147426571389182,7.3503352507508515,0.0,1.0,1.0,0.0,1.0,0.0
38,210,1.048155267168768,2.419590967242661,0.0,1.0,0.0,0.0,1.0,1.0
39,210,8.7787741937188,6.594406907274103,0.0,0.0,1.0,1.0,1.0,0.0
0,215,1.9307539731282477,10.64961560627649,0.0,1.0,0.0,0.0,0.0,1.0
1,215,0.0,3.828317242200457,1.0,0.0,0.0,0.0,0.0,0.0
2,215,12.0,4.836114915272982,1.0,0.0,0.0,0.0,0.0,0.0
3,215,12.0,0.927547563696915,1.0,0.0,1.0,1.0,0.0,0.0
4,215,2.3296695341728366,0.5627225889327654,1.0,1.0,0.0,1.0,0.0,0.0
5,215,4.391227251730672,1.177957422992822,1.0,0.0,1.0,0.0,1.0,1.0
6,215,1.744101555714257,0.2065530326692767,0.0,0.0,1.0,1.0,0.0,0.0
7,215,11.279265665693234,8.466605842407612,1.0,0.0,0.0,1.0,0.0,1.0
8,215,0.4444064395365139,3.776488472617952,0.0,1.0,0.0,0.0,1.0,0.0
9,215,0.0,9.050160726422211,1.0,0.0,0.0,0.0,0.0,1.0
10,215,3.515395622760725,7.577613816763889,0.0,1.0,0.0,1.0,1.0,1.0
11,215,12.0,0.0,0.0,0.0,1.0,0.0,0.0,0.0
12,215,2.970176192837356,7.880453865417693,0.0,1.0,1.0,0.0,0.0,1.0
13,215,11.840314196451784,7.352701842499038,1.0,1.0,1.0,0.0,0.0,1.0
14,215,5.449283793662378,11.944322894135892,0.0,0.0,1.0,1.0,0.0,0.0
15,215,2.8988612830672413,1.0347803835770852,1.0,0.0,1.0,1.0,1.0,0.0
16,215,5.346146552927346,1.2388229137649118,0.0,1.0,0.0,1.0,1.0,0.0
17,215,0.0,9.975841435624492,1.0,0.0,1.0,0.0,0.0,1.0
18,215,2.483082198025055,6.553546364767659,0.0,0.0,0.0,0.0,0.0,1.0
19,215,5.837487882698379,1.5572702571359995,0.0,1.0,0.0,1.0,0.0,0.0
20,215,7.721876141587235,11.236669037144686,0.0,1.0,1.0,1.0,1.0,0.0
21,215,0.0,0.7855543511447105,1.0,0.0,0.0,0.0,1.0,0.0
22,215,0.711301717091192,1.26155050086635,1.0,0.0,0.0,0.0,0.0,0.0
23,215,9.44848132627052,1.66422284038856,0.0,0.0,0.0,0.0,1.0,0.0
24,215,9.347475907726192,2.13063288004924,0.0,1.0,0.0,1.0,0.0,0.0
25,215,1.897541946768628,9.73457472618838,0.0,0.0,1.0,1.0,0.0,1.0
26,215,8.513209218154547,5.1091263302730905,1.0,0.0,0.0,0.0,0.0,0.0
27,215,7.628698399150557,3.360635825534856,0.0,1.0,0.0,1.0,0.0,1.0
28,215,5.261641931438421,0.0,0.0,1.0,0.0,1.0,1.0,1.0
29,215,0.0,0.4922904397829038,1.0,0.0,0.0,1.0,0.0,0.0
30,215,2.0462948405658925,6.872389198390391,1.0,0.0,1.0,0.0,1.0,0.0
31,215,5.64904696477662,5.027645036644935,1.0,1.0,1.0,1.0,0.0,0.0
32,215,3.40930652425895,10.579672380317866,0.0,0.0,0.0,1.0,0.0,1.0
33,215,2.7022225224566694,0.7322990162443394,0.0,1.0,0.0,1.0,0.0,0.0
34,215,6.276372648061216,0.0,0.0,0.0,1.0,0.0,0.0,0.0
35,215,4.20870759960252,2.511087256417653,0.0,0.0,1.0,1.0,0.0,1.0
36,215,9.679088667042397,2.5341016960429514,0.0,1.0,0.0,0.0,0.0,1.0
37,215,0.1131860173349577,7.458380876987312,0.0,1.0,1.0,0.0,1.0,0.0
38,215,1.0065097657034074,2.2879473768361813,0.0,1.0,0.0,0.0,1.0,1.0
39,215,8.70084821402786,6.580080723522649,0.0,0.0,1.0,1.0,1.0,0.0
0,220,1.9255668805165491,10.650700628399886,0.0,1.0,0.0,0.0,0.0,1.0
1,220,0.0,3.827536175947591,1.0,0.0,0.0,0.0,0.0,0.0
2,220,12.0,5.091809364097959,1.0,0.0,0.0,0.0,0.0,0.0
3,220,12.0,0.9245341611456126,1.0,0.0,1.0,1.0,0.0,0.0
4,220,2.341157930650412,0.5416301597488621,1.0,1.0,0.0,1.0,0.0,0.0
5,220,4.444709245626901,1.1279224450192789,1.0,0.0,1.0,0.0,1.0,1.0
6,220,1.7304785249174308,0.1583757081730278,0.0,0.0,1.0,1.0,0.0,0.0
7,220,11.27570990710215,8.46361261025853,1.0,0.0,0.0,1.0,0.0,1.0
8,220,0.4790444862828806,3.824277713007623,0.0,1.0,0.0,0.0,1.0,0.0
9,220,0.0,9.102192636309846,1.0,0.0,0.0,0.0,0.0,1.0
10,220,3.5072039587921604,7.5722115093541635,0.0,1.0,0.0,1.0,1.0,1.0
11,220,12.0,0.0,0.0,0.0,1.0,0.0,0.0,0.0
12,220,3.0784060596473464,7.852807014279482,0.0,1.0,1.0,0.0,0.0,1.0
13,220,11.85750593447966,7.294762244999243,1.0,1.0,1.0,0.0,0.0,1.0
14,220,5.441190209527766,11.943710488283797,0.0,0.0,1.0,1.0,0.0,0.0
15,220,2.9470900859907028,1.177316907975243,1.0,0.0,1.0,1.0,1.0,0.0
16,220,5.329057101112091,1.2219814449709605,0.0,1.0,0.0,1.0,1.0,0.0
17,220,0.0,9.917522094134588,1.0,0.0,1.0,0.0,0.0,1.0
18,220,2.5031003803443457,6.686205506860388,0.0,0.0,0.0,0.0,0.0,1.0
19,220,5.836951166461595,1.555932046159331,0.0,1.0,0.0,1.0,0.0,0.0
20,220,7.721827610973581,11.237317507186264,0.0,1.0,1.0,1.0,1.0,0.0
21,220,0.0,0.8089706286655517,1.0,0.0,0.0,0.0,1.0,0.0
22,220,0.7302430373349985,1.1043602858357366,1.0,0.0,0.0,0.0,0.0,0.0
23,220,9.386044249633304,1.6538253771402749,0.0,0.0,0.0,0.0,1.0,0.0
24,220,9.38721138301696,1.8813198726393403,0.0,1.0,0.0,1.0,0.0,0.0
25,220,1.8635714709175475,9.74358773857898,0.0,0.0,1.0,1.0,0.0,1.0
26,220,8.508151773870182,5.111396983828462,1.0,0.0,0.0,0.0,0.0,0.0
27,220,7.559082152689107,3.477540554121338,0.0,1.0,0.0,1.0,0.0,1.0
28,220,5.299946824267686,0.0,0.0,1.0,0.0,1.0,1.0,1.0
29,220,0.0,0.3650110074663738,1.0,0.0,0.0,1.0,0.0,0.0
30,220,2.055857991411458,6.846910687066839,1.0,0.0,1.0,0.0,1.0,0.0
31,220,5.638521150199352,5.014191589707123,1.0,1.0,1.0,1.0,0.0,0.0
32,220,3.293311207030784,10.561266015691883,0.0,0.0,0.0,1.0,0.0,1.0
33,220,2.7388185028329315,0.7717439260426892,0.0,1.0,0.0,1.0,0.0,0.0
34,220,6.378694348975922,0.0,0.0,0.0,1.0,0.0,0.0,0.0
35,220,4.235666383263924,2.446343347285872,0.0,0.0,1.0,1.0,0.0,1.0
36,220,9.68089914584004,2.532002102726908,0.0,1.0,0.0,0.0,0.0,1.0
37,220,0.0724686868516653,7.583994231746108,0.0,1.0,1.0,0.0,1.0,0.0
38,220,0.9661955781648291,2.1565068317384117,0.0,1.0,0.0,0.0,1.0,1.0
39,220,8.629456907616902,6.566684178384559,0.0,0.0,1.0,1.0,1.0,0.0
0,225,1.925825265796178,10.650646080421872,0.0,1.0,0.0,0.0,0.0,1.0
1,225,0.0,3.82697787043636,1.0,0.0,0.0,0.0,0.0,0.0
2,225,11.728820577132728,5.392827667171739,1.0,0.0,0.0,0.0,0.0,0.0
3,225,12.0,0.9165234476365868,1.0,0.0,1.0,1.0,0.0,0.0
4,225,2.3576912808218475,0.5107278648855799,1.0,1.0,0.0,1.0,0.0,0.0
5,225,4.481791514441007,1.0929585140285671,1.0,0.0,1.0,0.0,1.0,1.0
6,225,1.723084276174666,0.1311793208725556,0.0,0.0,1.0,1.0,0.0,0.0
7,225,11.271929198725356,8.46055819427068,1.0,0.0,0.0,1.0,0.0,1.0
8,225,0.5199001644056704,3.883032720565334,0.0,1.0,0.0,0.0,1.0,0.0
9,225,0.0,9.149252579514728,1.0,0.0,0.0,0.0,0.0,1.0
10,225,3.5183309618827936,7.579970951796978,0.0,1.0,0.0,1.0,1.0,1.0
11,225,12.0,0.0,0.0,0.0,1.0,0.0,0.0,0.0
12,225,3.197666209651576,7.825258408681367,0.0,1.0,1.0,0.0,0.0,1.0
13,225,11.871361087249172,7.248473638063003,1.0,1.0,1.0,0.0,0.0,1.0
14,225,5.444156003445141,11.943934465896206,0.0,0.0,1.0,1.0,0.0,0.0
15,225,2.998704479002857,1.3381060880490678,1.0,0.0,1.0,1.0,1.0,0.0
16,225,5.305614445496007,1.1980188509919434,0.0,1.0,0.0,1.0,1.0,0.0
17,225,0.0,9.861818058271496,1.0,0.0,1.0,0.0,0.0,1.0
18,225,2.5193609489023965,6.811251319049182,0.0,0.0,0.0,0.0,0.0,1.0
19,225,5.837640072823239,1.5576249042524626,0.0,1.0,0.0,1.0,0.0,0.0
20,225,7.722648015877971,11.223125235985687,0.0,1.0,1.0,1.0,1.0,0.0
21,225,0.0,0.8310100383357071,1.0,0.0,0.0,0.0,1.0,0.0
22,225,0.7449901659625455,0.9432478700900158,1.0,0.0,0.0,0.0,0.0,0.0
23,225,9.331119678146004,1.642217682253296,0.0,0.0,0.0,0.0,1.0,0.0
24,225,9.42833151792334,1.6243709635341204,0.0,1.0,0.0,1.0,0.0,0.0
25,225,1.8458189134034133,9.747883724895456,0.0,0.0,1.0,1.0,0.0,1.0
26,225,8.500759890180689,5.114732640931037,1.0,0.0,0.0,0.0,0.0,0.0
27,225,7.490913035923949,3.594710320827003,0.0,1.0,0.0,1.0,0.0,1.0
28,225,5.340699708677294,0.0,0.0,1.0,0.0,1.0,1.0,1.0
29,225,0.0,0.2324895726771191,1.0,0.0,0.0,1.0,0.0,0.0
30,225,2.070163190953003,6.810793898901473,1.0,0.0,1.0,0.0,1.0,0.0
31,225,5.624444664734464,4.996531194085733,1.0,1.0,1.0,1.0,0.0,0.0
32,225,3.171831043611584,10.543119725070644,0.0,0.0,0.0,1.0,0.0,1.0
33,225,2.77566732558938,0.8110529491850853,0.0,1.0,0.0,1.0,0.0,0.0
34,225,6.449698736102801,0.0,0.0,0.0,1.0,0.0,0.0,0.0
35,225,4.255040910090052,2.399251908889446,0.0,0.0,1.0,1.0,0.0,1.0
36,225,9.690198451951035,2.5216395999246752,0.0,1.0,0.0,0.0,0.0,1.0
37,225,0.0322279733826529,7.701677837851156,0.0,1.0,1.0,0.0,1.0,0.0
38,225,0.9282789338344528,2.022474766886106,0.0,1.0,0.0,0.0,1.0,1.0
39,225,8.56381869842088,6.553702154935091,0.0,0.0,1.0,1.0,1.0,0.0
0,230,1.930532751113452,10.64983599279283,0.0,1.0,0.0,0.0,0.0,1.0
1,230,0.0,3.8272688924113303,1.0,0.0,0.0,0.0,0.0,0.0
2,230,11.437530440699918,5.691963759396526,1.0,0.0,0.0,0.0,0.0,0.0
3,230,12.0,0.9096227922818688,1.0,0.0,1.0,1.0,0.0,0.0
4,230,2.3601868717344443,0.5057624488498832,1.0,1.0,0.0,1.0,0.0,0.0
5,230,4.521111367417769,1.0559528238608344,1.0,0.0,1.0,0.0,1.0,1.0
6,230,1.713539332415455,0.0974259150516007,0.0,0.0,1.0,1.0,0.0,0.0
7,230,11.251255497379145,8.444204061398814,1.0,0.0,0.0,1.0,0.0,1.0
8,230,0.5590845797627902,3.9368416530530506,0.0,1.0,0.0,0.0,1.0,0.0
9,230,0.0,9.188621205241876,1.0,0.0,0.0,0.0,0.0,1.0
10,230,3.5431093082225598,7.597771533092449,0.0,1.0,0.0,1.0,1.0,1.0
11,230,12.0,0.0,0.0,0.0,1.0,0.0,0.0,0.0
12,230,3.2252124403946514,7.944166474920349,0.0,1.0,1.0,0.0,0.0,1.0
13,230,11.882077167418643,7.210341653976436,1.0,1.0,1.0,0.0,0.0,1.0
14,230,5.453843998188604,11.944494358844548,0.0,0.0,1.0,1.0,0.0,0.0
15,230,3.0607708480509914,1.509812581404672,1.0,0.0,1.0,1.0,1.0,0.0
16,230,5.286894549657029,1.1794118714843826,0.0,1.0,0.0,1.0,1.0,0.0
17,230,0.0,9.80255875609907,1.0,0.0,1.0,0.0,0.0,1.0
18,230,2.5334364526868,6.911629836006727,0.0,0.0,0.0,0.0,0.0,1.0
19,230,5.838187314136183,1.5588660035362023,0.0,1.0,0.0,1.0,0.0,0.0
20,230,7.723519740626869,11.20505910853973,0.0,1.0,1.0,1.0,1.0,0.0
21,230,0.0,0.8599893760424787,1.0,0.0,0.0,0.0,1.0,0.0
22,230,0.7631039727322817,0.7692235585347384,1.0,0.0,0.0,0.0,0.0,0.0
23,230,9.293422306379204,1.6344248891763562,0.0,0.0,0.0,0.0,1.0,0.0
24,230,9.465789975982918,1.3840721080335532,0.0,1.0,0.0,1.0,0.0,0.0
25,230,1.8480304715045173,9.747387132744308,0.0,0.0,1.0,1.0,0.0,1.0
26,230,8.498613337320633,5.115662384961107,1.0,0.0,0.0,0.0,0.0,0.0
27,230,7.430333723387505,3.7010521052293903,0.0,1.0,0.0,1.0,0.0,1.0
28,230,5.386242973637736,0.0,0.0,1.0,0.0,1.0,1.0,1.0
29,230,0.0,0.1302943848831285,1.0,0.0,0.0,1.0,0.0,0.0
30,230,2.077617402702543,6.791740170108129,1.0,0.0,1.0,0.0,1.0,0.0
31,230,5.6073533898914905,4.9754760719618965,1.0,1.0,1.0,1.0,0.0,0.0
32,230,3.0691241339356683,10.526431268011288,0.0,0.0,0.0,1.0,0.0,1.0
33,230,2.824938368340808,0.8630503817015333,0.0,1.0,0.0,1.0,0.0,0.0
34,230,6.528096530176131,0.0,0.0,0.0,1.0,0.0,0.0,0.0
35,230,4.263291065367833,2.3780680491161057,0.0,0.0,1.0,1.0,0.0,1.0
36,230,9.714362610262649,2.494546450631291,0.0,1.0,0.0,0.0,0.0,1.0
37,230,0.0,7.828478688973425,0.0,1.0,1.0,0.0,1.0,0.0
38,230,0.8896618123701925,1.8855720885914824,0.0,1.0,0.0,0.0,1.0,1.0
39,230,8.514735364690614,6.543504723749555,0.0,0.0,1.0,1.0,1.0,0.0
0,235,1.9476286204863191,10.646415785098036,0.0,1.0,0.0,0.0,0.0,1.0
1,235,0.0,3.827264119719723,1.0,0.0,0.0,0.0,0.0,0.0
2,235,11.164290072152983,5.980667779098519,1.0,0.0,0.0,0.0,0.0,0.0
3,235,12.0,0.904852589963949,1.0,0.0,1.0,1.0,0.0,0.0
4,235,2.37138059118177,0.4843638486178233,1.0,1.0,0.0,1.0,0.0,0.0
5,235,4.55329116218408,1.025543714987995,1.0,0.0,1.0,0.0,1.0,1.0
6,235,1.7071238201948185,0.0740692383884061,0.0,0.0,1.0,1.0,0.0,0.0
7,235,11.24007161411315,8.435368244561342,1.0,0.0,0.0,1.0,0.0,1.0
8,235,0.5897048015009179,3.9810904087109913,0.0,1.0,0.0,0.0,1.0,0.0
9,235,0.0,9.229579270656943,1.0,0.0,0.0,0.0,0.0,1.0
10,235,3.571467514840374,7.618545177848399,0.0,1.0,0.0,1.0,1.0,1.0
11,235,12.0,0.0,0.0,0.0,1.0,0.0,0.0,0.0
12,235,3.2553217551860825,8.069624461205432,0.0,1.0,1.0,0.0,0.0,1.0
13,235,11.894585300464582,7.1631737556570805,1.0,1.0,1.0,0.0,0.0,1.0
14,235,5.441042927653652,11.9436516580151,0.0,0.0,1.0,1.0,0.0,0.0
15,235,3.1148651605856794,1.67105985422196,1.0,0.0,1.0,1.0,1.0,0.0
16,235,5.265192521833123,1.1580184210887243,0.0,1.0,0.0,1.0,1.0,0.0
17,235,0.0,9.738431765244282,1.0,0.0,1.0,0.0,0.0,1.0
18,235,2.552310098342573,7.02098544800532,0.0,0.0,0.0,0.0,0.0,1.0
19,235,5.837643895768669,1.5576096334326048,0.0,1.0,0.0,1.0,0.0,0.0
20,235,7.725152491090503,11.18257798828428,0.0,1.0,1.0,1.0,1.0,0.0
21,235,0.0,0.8863220160275596,1.0,0.0,0.0,0.0,1.0,0.0
22,235,0.7843636331341005,0.6027802538917604,1.0,0.0,0.0,0.0,0.0,0.0
23,235,9.25310633791674,1.6261698719389122,0.0,0.0,0.0,0.0,1.0,0.0
24,235,9.500386381693083,1.1404327583342386,0.0,1.0,0.0,1.0,0.0,0.0
25,235,1.8562346061040893,9.745587356078843,0.0,0.0,1.0,1.0,0.0,1.0
26,235,8.497137701587059,5.116309729169575,1.0,0.0,0.0,0.0,0.0,0.0
27,235,7.369166692163531,3.805861850396947,0.0,1.0,0.0,1.0,0.0,1.0
28,235,5.42684153309394,0.0,0.0,1.0,0.0,1.0,1.0,1.0
29,235,0.0,0.0387801092041162,1.0,0.0,0.0,1.0,0.0,0.0
30,235,2.0835547295237404,6.77687521210699,1.0,0.0,1.0,0.0,1.0,0.0
31,235,5.5887891774788026,4.951093975809044,1.0,1.0,1.0,1.0,0.0,0.0
32,235,2.960611994794456,10.509737643265426,0.0,0.0,0.0,1.0,0.0,1.0
33,235,2.8660874061433845,0.909384074163308,0.0,1.0,0.0,1.0,0.0,0.0
34,235,6.598705170098269,0.0,0.0,0.0,1.0,0.0,0.0,0.0
35,235,4.272807209348234,2.354501045802419,0.0,0.0,1.0,1.0,0.0,1.0
36,235,9.732362504979845,2.4742993443866386,0.0,1.0,0.0,0.0,0.0,1.0
37,235,0.0,7.956991220688583,0.0,1.0,1.0,0.0,1.0,0.0
38,235,0.8582947499199644,1.7703822533148323,0.0,1.0,0.0,0.0,1.0,1.0
39,235,8.472897493187574,6.53603760625818,0.0,0.0,1.0,1.0,1.0,0.0
0,240,1.9615842297602415,10.643278969807133,0.0,1.0,0.0,0.0,0.0,1.0
1,240,0.0,3.828015930721996,1.0,0.0,0.0,0.0,0.0,0.0
2,240,10.888070063369664,5.715363600126164,1.0,0.0,0.0,0.0,0.0,0.0
3,240,12.0,0.895691115888974,1.0,0.0,1.0,1.0,0.0,0.0
4,240,2.375373209297936,0.4768438566511352,1.0,1.0,0.0,1.0,0.0,0.0
5,240,4.577923288440605,1.0013536356677888,1.0,0.0,1.0,0.0,1.0,1.0
6,240,1.6993435219722592,0.0446221291973537,0.0,0.0,1.0,1.0,0.0,0.0
7,240,11.229923408869055,8.42745201961183,1.0,0.0,0.0,1.0,0.0,1.0
8,240,0.6273119992863408,4.035682039129248,0.0,1.0,0.0,0.0,1.0,0.0
9,240,0.0,9.276918816311442,1.0,0.0,0.0,0.0,0.0,1.0
10,240,3.5976536292568,7.637715808919803,0.0,1.0,0.0,1.0,1.0,1.0
11,240,12.0,0.0,0.0,0.0,1.0,0.0,0.0,0.0
12,240,3.2881439595309403,8.203080668667862,0.0,1.0,1.0,0.0,0.0,1.0
13,240,11.910185871876942,7.110782340911311,1.0,1.0,1.0,0.0,0.0,1.0
14,240,5.403161007488208,11.94115272895188,0.0,0.0,1.0,1.0,0.0,0.0
15,240,3.167652753632543,1.8198677168866364,1.0,0.0,1.0,1.0,1.0,0.0
16,240,5.243851943507837,1.1379804083795004,0.0,1.0,0.0,1.0,1.0,0.0
17,240,0.0,9.671450401396234,1.0,0.0,1.0,0.0,0.0,1.0
18,240,2.5717603795145902,7.12235791430656,0.0,0.0,0.0,0.0,0.0,1.0
19,240,5.839422598047904,1.5623362718572646,0.0,1.0,0.0,1.0,0.0,0.0
20,240,7.7251864225191,11.182042676171994,0.0,1.0,1.0,1.0,1.0,0.0
21,240,0.0,0.91332270398603,1.0,0.0,0.0,0.0,1.0,0.0
22,240,0.805588161819274,0.4370166857050926,1.0,0.0,0.0,0.0,0.0,0.0
23,240,9.209654791306331,1.617848756556821,0.0,0.0,0.0,0.0,1.0,0.0
24,240,9.525899160627914,0.8891484289395628,0.0,1.0,0.0,1.0,0.0,0.0
25,240,1.859803822411295,9.744757383076058,0.0,0.0,1.0,1.0,0.0,1.0
26,240,8.494085416044356,5.117700640422628,1.0,0.0,0.0,0.0,0.0,0.0
27,240,7.301620422314934,3.9227886108365575,0.0,1.0,0.0,1.0,0.0,1.0
28,240,5.467406702761754,0.0,0.0,1.0,0.0,1.0,1.0,1.0
29,240,0.0,0.0,1.0,0.0,0.0,1.0,0.0,0.0
30,240,2.092060072257571,6.756805632720348,1.0,0.0,1.0,0.0,1.0,0.0
31,240,5.588335885378484,4.950524758597329,1.0,1.0,1.0,1.0,0.0,0.0
32,240,2.8399255265336536,10.49148436357052,0.0,0.0,0.0,1.0,0.0,1.0
33,240,2.9184432703204437,0.9702623802647355,0.0,1.0,0.0,1.0,0.0,0.0
34,240,6.677783954538546,0.0,0.0,0.0,1.0,0.0,0.0,0.0
35,240,4.279819127362096,2.3372511449627678,0.0,0.0,1.0,1.0,0.0,1.0
36,240,9.759059192646776,2.444966601569413,0.0,1.0,0.0,0.0,0.0,1.0
37,240,0.0,8.091178511712338,0.0,1.0,1.0,0.0,1.0,0.0
38,240,0.8257194568044517,1.65447316884422,0.0,1.0,0.0,0.0,1.0,1.0
39,240,8.429818938387463,6.528330112560942,0.0,0.0,1.0,1.0,1.0,0.0
0,245,1.9504995862415004,10.589892592696572,0.0,1.0,0.0,0.0,0.0,1.0
1,245,0.0,3.8282664094179433,1.0,0.0,0.0,0.0,0.0,0.0
2,245,10.619132631954264,5.457531215539004,1.0,0.0,0.0,0.0,0.0,0.0
3,245,12.0,0.8885848366193935,1.0,0.0,1.0,1.0,0.0,0.0
4,245,2.3936456354596407,0.4435443028050516,1.0,1.0,0.0,1.0,0.0,0.0
5,245,4.592613384614884,0.9877458923714524,1.0,0.0,1.0,0.0,1.0,1.0
6,245,1.6848552441106,0.0,0.0,0.0,1.0,1.0,0.0,0.0
7,245,11.223854389647476,8.422797242296738,1.0,0.0,0.0,1.0,0.0,1.0
8,245,0.6768929581096634,4.106361833125652,0.0,1.0,0.0,0.0,1.0,0.0
9,245,0.0,9.321823083538437,1.0,0.0,0.0,0.0,0.0,1.0
10,245,3.6323436338155983,7.663273462542741,0.0,1.0,0.0,1.0,1.0,1.0
11,245,12.0,0.0,0.0,0.0,1.0,0.0,0.0,0.0
12,245,3.317017474306756,8.328761335227536,0.0,1.0,1.0,0.0,0.0,1.0
13,245,11.927118358913722,7.057911328286041,1.0,1.0,1.0,0.0,0.0,1.0
14,245,5.378864110298381,11.940478567395626,0.0,0.0,1.0,1.0,0.0,0.0
15,245,3.2163758529468587,1.9591014449830155,1.0,0.0,1.0,1.0,1.0,0.0
16,245,5.2214833910949245,1.116679166345274,0.0,1.0,0.0,1.0,1.0,0.0
17,245,0.0,9.617461017356788,1.0,0.0,1.0,0.0,0.0,1.0
18,245,2.5942883193239616,7.257611735608484,0.0,0.0,0.0,0.0,0.0,1.0
19,245,5.840335270104704,1.5647267821436357,0.0,1.0,0.0,1.0,0.0,0.0
20,245,7.7250132088401715,11.18469572781201,0.0,1.0,1.0,1.0,1.0,0.0
21,245,0.0,0.9395538247848336,1.0,0.0,0.0,0.0,1.0,0.0
22,245,0.8245355879965481,0.2798703597144686,1.0,0.0,0.0,0.0,0.0,0.0
23,245,9.15586794151953,1.6078792906444717,0.0,0.0,0.0,0.0,1.0,0.0
24,245,9.549158340363196,0.648055884122106,0.0,1.0,0.0,1.0,0.0,0.0
25,245,1.8719003667724123,9.741923446641811,0.0,0.0,1.0,1.0,0.0,1.0
26,245,8.490375071042788,5.11962374065593,1.0,0.0,0.0,0.0,0.0,0.0
27,245,7.235694969928372,4.037901247589751,0.0,1.0,0.0,1.0,0.0,1.0
28,245,5.516291461988007,0.0,0.0,1.0,0.0,1.0,1.0,1.0
29,245,0.0,0.0,1.0,0.0,0.0,1.0,0.0,0.0
30,245,2.104581573786423,6.724307746312814,1.0,0.0,1.0,0.0,1.0,0.0
31,245,5.576895992805031,4.936592673069765,1.0,1.0,1.0,1.0,0.0,0.0
32,245,2.702433446095306,10.469017275073591,0.0,0.0,0.0,1.0,0.0,1.0
33,245,2.976664359163383,1.037481610371226,0.0,1.0,0.0,1.0,0.0,0.0
34,245,6.753709026917887,0.0,0.0,0.0,1.0,0.0,0.0,0.0
35,245,4.290386308746391,2.3101800545467306,0.0,0.0,1.0,1.0,0.0,1.0
36,245,9.78313002184906,2.417716656186132,0.0,1.0,0.0,0.0,0.0,1.0
37,245,0.0,8.213530515953025,0.0,1.0,1.0,0.0,1.0,0.0
38,245,0.7956011802681812,1.5504815810612629,0.0,1.0,0.0,0.0,1.0,1.0
39,245,8.384619758754624,6.520907494151576,0.0,0.0,1.0,1.0,1.0,0.0
0,250,1.9337228961163224,10.500438421193708,0.0,1.0,0.0,0.0,0.0,1.0
1,250,0.0,3.828237466480096,1.0,0.0,0.0,0.0,0.0,0.0
2,250,10.355172030187346,5.212184691913529,1.0,0.0,0.0,0.0,0.0,0.0
3,250,12.0,0.877527472047936,1.0,0.0,1.0,1.0,0.0,0.0
4,250,2.4076758616648237,0.4163820785965685,1.0,1.0,0.0,1.0,0.0,0.0
5,250,4.609113860309129,0.973008043219836,1.0,0.0,1.0,0.0,1.0,1.0
6,250,1.669579270023292,0.0,0.0,0.0,1.0,1.0,0.0,0.0
7,250,11.201446416908988,8.406236223518786,1.0,0.0,0.0,1.0,0.0,1.0
8,250,0.7210514383122851,4.168990705126665,0.0,1.0,0.0,0.0,1.0,0.0
9,250,0.0,9.377601769339616,1.0,0.0,0.0,0.0,0.0,1.0
10,250,3.656285188211853,7.680823675976881,0.0,1.0,0.0,1.0,1.0,1.0
11,250,12.0,0.0,0.0,0.0,1.0,0.0,0.0,0.0
12,250,3.3479434384360363,8.449352304369771,0.0,1.0,1.0,0.0,0.0,1.0
13,250,11.939741983565233,7.018774110745556,1.0,1.0,1.0,0.0,0.0,1.0
14,250,5.349734781503801,11.939670899272452,0.0,0.0,1.0,1.0,0.0,0.0
15,250,3.2662395363281336,2.091688376871541,1.0,0.0,1.0,1.0,1.0,0.0
16,250,5.202014362814616,1.0985498577885082,0.0,1.0,0.0,1.0,1.0,0.0
17,250,0.0,9.567615343254628,1.0,0.0,1.0,0.0,0.0,1.0
18,250,2.613963040972704,7.380840782898878,0.0,0.0,0.0,0.0,0.0,1.0
19,250,5.8408211946212525,1.566003269046509,0.0,1.0,0.0,1.0,0.0,0.0
20,250,7.72683924425426,11.159871117892257,0.0,1.0,1.0,1.0,1.0,0.0
21,250,0.0,0.9605846528196272,1.0,0.0,0.0,0.0,1.0,0.0
22,250,0.8429745463696328,0.1154200368093891,1.0,0.0,0.0,0.0,0.0,0.0
23,250,9.105163572622832,1.597962191796272,0.0,0.0,0.0,0.0,1.0,0.0
24,250,9.572712500270091,0.4128691128566976,0.0,1.0,0.0,1.0,0.0,0.0
25,250,1.8810406412570797,9.739564416521263,0.0,0.0,1.0,1.0,0.0,1.0
26,250,8.491066538200856,5.119274397812524,1.0,0.0,0.0,0.0,0.0,0.0
27,250,7.174067904390793,4.143971497636844,0.0,1.0,0.0,1.0,0.0,1.0
28,250,5.566980417317637,0.0,0.0,1.0,0.0,1.0,1.0,1.0
29,250,0.0,0.0,1.0,0.0,0.0,1.0,0.0,0.0
30,250,2.114988270641845,6.697811450140401,1.0,0.0,1.0,0.0,1.0,0.0
31,250,5.560802590667213,4.918186599431878,1.0,1.0,1.0,1.0,0.0,0.0
32,250,2.5535801120909483,10.443474804135416,0.0,0.0,0.0,1.0,0.0,1.0
33,250,3.027492586701776,1.096143447006981,0.0,1.0,0.0,1.0,0.0,0.0
34,250,6.8275343681830165,0.0,0.0,0.0,1.0,0.0,0.0,0.0
35,250,4.292119044260535,2.305813028408931,0.0,0.0,1.0,1.0,0.0,1.0
36,250,9.813773177611887,2.3819661403878216,0.0,1.0,0.0,0.0,0.0,1.0
37,250,0.0,8.344665850963533,0.0,1.0,1.0,0.0,1.0,0.0
38,250,0.8903414003235409,1.5277474469858996,0.0,1.0,0.0,0.0,1.0,1.0
39,250,8.37192627526876,6.519005637296701,0.0,0.0,1.0,1.0,1.0,0.0
0,255,1.9162720274356857,10.38678836866998,0.0,1.0,0.0,0.0,0.0,1.0
1,255,0.0,3.827506427926407,1.0,0.0,0.0,0.0,0.0,0.0
2,255,10.084782033376818,4.959001073238243,1.0,0.0,0.0,0.0,0.0,0.0
3,255,12.0,0.8688183385721292,1.0,0.0,1.0,1.0,0.0,0.0
4,255,2.4332995208404538,0.3701859507305844,1.0,1.0,0.0,1.0,0.0,0.0
5,255,4.62679303017815,0.956992697772126,1.0,0.0,1.0,0.0,1.0,1.0
6,255,1.649786462645404,0.0,0.0,0.0,1.0,1.0,0.0,0.0
7,255,11.17601606314041,8.386936548292379,1.0,0.0,0.0,1.0,0.0,1.0
8,255,0.7646825082968857,4.231399149452367,0.0,1.0,0.0,0.0,1.0,0.0
9,255,0.0,9.43200467934276,1.0,0.0,0.0,0.0,0.0,1.0
10,255,3.6830304963460216,7.701562512693735,0.0,1.0,0.0,1.0,1.0,1.0
11,255,12.0,0.0,0.0,0.0,1.0,0.0,0.0,0.0
12,255,3.378424219624198,8.5689746363003,0.0,1.0,1.0,0.0,0.0,1.0
13,255,11.9579145088533,6.962651817697755,1.0,1.0,1.0,0.0,0.0,1.0
14,255,5.313933702836893,11.938770501819173,0.0,0.0,1.0,1.0,0.0,0.0
15,255,3.3153373055050173,2.2340765479839573,1.0,0.0,1.0,1.0,1.0,0.0
16,255,5.179712552973578,1.077820463420949,0.0,1.0,0.0,1.0,1.0,0.0
17,255,0.0,9.521276571083977,1.0,0.0,1.0,0.0,0.0,1.0
18,255,2.6293470753459345,7.477570206301584,0.0,0.0,0.0,0.0,0.0,1.0
19,255,5.8402329907953625,1.564423919375293,0.0,1.0,0.0,1.0,0.0,0.0
20,255,7.727905217001762,11.14556382824424,0.0,1.0,1.0,1.0,1.0,0.0
21,255,0.0,0.9764502093936688,1.0,0.0,0.0,0.0,1.0,0.0
22,255,0.8607614908054011,0.0,1.0,0.0,0.0,0.0,0.0,0.0
23,255,9.027139016653065,1.580422420661388,0.0,0.0,0.0,0.0,1.0,0.0
24,255,9.5973379509567,0.187571936042044,0.0,1.0,0.0,1.0,0.0,0.0
25,255,1.9009187644660075,9.734798961260903,0.0,0.0,1.0,1.0,0.0,1.0
26,255,8.493649525041217,5.117958978646544,1.0,0.0,0.0,0.0,0.0,0.0
27,255,7.106753557709572,4.2557807032183055,0.0,1.0,0.0,1.0,0.0,1.0
28,255,5.6113705853021125,0.0,0.0,1.0,0.0,1.0,1.0,1.0
29,255,0.0,0.0,1.0,0.0,0.0,1.0,0.0,0.0
30,255,2.121915903984235,6.68047304557107,1.0,0.0,1.0,0.0,1.0,0.0
31,255,5.55794787417409,4.914848169182874,1.0,1.0,1.0,1.0,0.0,0.0
32,255,2.404478061334983,10.421177934170284,0.0,0.0,0.0,1.0,0.0,1.0
33,255,3.095500767246371,1.174697787573275,0.0,1.0,0.0,1.0,0.0,0.0
34,255,6.94226126807407,0.0,0.0,0.0,1.0,0.0,0.0,0.0
35,255,4.305130521616047,2.275734603116993,0.0,0.0,1.0,1.0,0.0,1.0
36,255,9.855679746932182,2.3333220882233725,0.0,1.0,0.0,0.0,0.0,1.0
37,255,0.0,8.476373326383614,0.0,1.0,1.0,0.0,1.0,0.0
38,255,0.999752087333988,1.5050375717281077,0.0,1.0,0.0,0.0,1.0,1.0
39,255,8.360725350775995,6.517502928230195,0.0,0.0,1.0,1.0,1.0,0.0
0,260,1.8896022272223985,10.250091083712856,0.0,1.0,0.0,0.0,0.0,1.0
1,260,0.0,3.8266701590221768,1.0,0.0,0.0,0.0,0.0,0.0
2,260,9.820954485261224,4.702465898066678,1.0,0.0,0.0,0.0,0.0,0.0
3,260,12.0,0.8589857924728111,1.0,0.0,1.0,1.0,0.0,0.0
4,260,2.4677337516056674,0.307814075170051,1.0,1.0,0.0,1.0,0.0,0.0
5,260,4.650338904696312,0.935165686477154,1.0,0.0,1.0,0.0,1.0,1.0
6,260,1.6339063162777658,0.0,0.0,0.0,1.0,1.0,0.0,0.0
7,260,11.143468377352448,8.361842758106757,1.0,0.0,0.0,1.0,0.0,1.0
8,260,0.803700331022386,4.282347258433782,0.0,1.0,0.0,0.0,1.0,0.0
9,260,0.0,9.489155948477777,1.0,0.0,0.0,0.0,0.0,1.0
10,260,3.726913180637535,7.733300703791717,0.0,1.0,0.0,1.0,1.0,1.0
11,260,12.0,0.0,0.0,0.0,1.0,0.0,0.0,0.0
12,260,3.40645106739127,8.692081924737566,0.0,1.0,1.0,0.0,0.0,1.0
13,260,11.97913936796056,6.89964969603931,1.0,1.0,1.0,0.0,0.0,1.0
14,260,5.274798399496174,11.936379600615782,0.0,0.0,1.0,1.0,0.0,0.0
15,260,3.373234955247445,2.401238567646585,1.0,0.0,1.0,1.0,1.0,0.0
16,260,5.14831499767956,1.0503931299271778,0.0,1.0,0.0,1.0,1.0,0.0
17,260,0.0,9.469688432058405,1.0,0.0,1.0,0.0,0.0,1.0
18,260,2.6419086361348976,7.56237449370475,0.0,0.0,0.0,0.0,0.0,1.0
19,260,5.845785635400384,1.5789821773384558,0.0,1.0,0.0,1.0,0.0,0.0
20,260,7.729132244997936,11.126707466888414,0.0,1.0,1.0,1.0,1.0,0.0
21,260,0.0,0.9952738217546656,1.0,0.0,0.0,0.0,1.0,0.0
22,260,0.8817096131271144,0.0,1.0,0.0,0.0,0.0,0.0,0.0
23,260,8.965349659985247,1.5648618713177491,0.0,0.0,0.0,0.0,1.0,0.0
24,260,9.628352711323798,0.0,0.0,1.0,0.0,1.0,0.0,0.0
25,260,1.9032573455702595,9.73427615329748,0.0,0.0,1.0,1.0,0.0,1.0
26,260,8.521022727755353,5.103887735459795,1.0,0.0,0.0,0.0,0.0,0.0
27,260,7.029628164440746,4.377802777308223,0.0,1.0,0.0,1.0,0.0,1.0
28,260,5.659782984741474,0.0,0.0,1.0,0.0,1.0,1.0,1.0
29,260,0.0,0.0,1.0,0.0,0.0,1.0,0.0,0.0
30,260,2.1297923503919605,6.6614238581286855,1.0,0.0,1.0,0.0,1.0,0.0
31,260,5.566390038098068,4.92466214796806,1.0,1.0,1.0,1.0,0.0,0.0
32,260,2.253868612765776,10.39899716942881,0.0,0.0,0.0,1.0,0.0,1.0
33,260,3.1608268485329525,1.2463130263390825,0.0,1.0,0.0,1.0,0.0,0.0
34,260,7.062909182343795,0.0,0.0,0.0,1.0,0.0,0.0,0.0
35,260,4.31359181492287,2.2562767646280686,0.0,0.0,1.0,1.0,0.0,1.0
36,260,9.903832411693068,2.277717816557633,0.0,1.0,0.0,0.0,0.0,1.0
37,260,0.0,8.60548498875527,0.0,1.0,1.0,0.0,1.0,0.0
38,260,1.1273245506591618,1.4782466044472709,0.0,1.0,0.0,0.0,1.0,1.0
39,260,8.367542288640033,6.518454295649821,0.0,0.0,1.0,1.0,1.0,0.0
0,265,1.8630086232265024,10.1123702039782,0.0,1.0,0.0,0.0,0.0,1.0
1,265,0.0,3.827409483328423,1.0,0.0,0.0,0.0,0.0,0.0
2,265,9.546095855925778,4.423052314816684,1.0,0.0,0.0,0.0,0.0,0.0
3,265,12.0,0.8490114380717704,1.0,0.0,1.0,1.0,0.0,0.0
4,265,2.4946890172489105,0.2630169561172719,1.0,1.0,0.0,1.0,0.0,0.0
5,265,4.664210521058651,0.9225408812005196,1.0,0.0,1.0,0.0,1.0,1.0
6,265,1.618212064034726,0.0,0.0,0.0,1.0,1.0,0.0,0.0
7,265,11.122777988840326,8.345268867253493,1.0,0.0,0.0,1.0,0.0,1.0
8,265,0.8384409199515475,4.329952701648921,0.0,1.0,0.0,0.0,1.0,0.0
9,265,0.0,9.555064781160937,1.0,0.0,0.0,0.0,0.0,1.0
10,265,3.789412746210851,7.776069137764495,0.0,1.0,0.0,1.0,1.0,1.0
11,265,12.0,0.0,0.0,0.0,1.0,0.0,0.0,0.0
12,265,3.4368687757215537,8.82736463105024,0.0,1.0,1.0,0.0,0.0,1.0
13,265,12.0,6.827971594640829,1.0,1.0,1.0,0.0,0.0,1.0
14,265,5.212633903172597,11.93579960207742,0.0,0.0,1.0,1.0,0.0,0.0
15,265,3.430928489875647,2.5734973962306693,1.0,0.0,1.0,1.0,1.0,0.0
16,265,5.115918023428919,1.0220578109373446,0.0,1.0,0.0,1.0,1.0,0.0
17,265,0.0,9.419297461732931,1.0,0.0,1.0,0.0,0.0,1.0
18,265,2.655319801097059,7.636981585157904,0.0,0.0,0.0,0.0,0.0,1.0
19,265,5.850528801415752,1.5920633599119514,0.0,1.0,0.0,1.0,0.0,0.0
20,265,7.729349195802079,11.122857525763338,0.0,1.0,1.0,1.0,1.0,0.0
21,265,0.0,1.0138822538946433,1.0,0.0,0.0,0.0,1.0,0.0
22,265,0.904013623443899,0.0,1.0,0.0,0.0,0.0,0.0,0.0
23,265,8.932883383850593,1.556253207941482,0.0,0.0,0.0,0.0,1.0,0.0
24,265,9.655569622654989,0.0,0.0,1.0,0.0,1.0,0.0,0.0
25,265,1.883324724207383,9.738664196343038,0.0,0.0,1.0,1.0,0.0,1.0
26,265,8.568127787621117,5.081059036765204,1.0,0.0,0.0,0.0,0.0,0.0
27,265,6.940752230792319,4.522777148588252,0.0,1.0,0.0,1.0,0.0,1.0
28,265,5.70782885833443,0.0,0.0,1.0,0.0,1.0,1.0,1.0
29,265,0.0,0.0,1.0,0.0,0.0,1.0,0.0,0.0
30,265,2.138244742639205,6.63995577757786,1.0,0.0,1.0,0.0,1.0,0.0
31,265,5.583656334038705,4.943439777515242,1.0,1.0,1.0,1.0,0.0,0.0
32,265,2.1236860134810382,10.38052524780654,0.0,0.0,0.0,1.0,0.0,1.0
33,265,3.23638873410192,1.331270458932798,0.0,1.0,0.0,1.0,0.0,0.0
34,265,7.174565913194543,0.0,0.0,0.0,1.0,0.0,0.0,0.0
35,265,4.331416006136788,2.215624526960489,0.0,0.0,1.0,1.0,0.0,1.0
36,265,9.961057495023333,2.210192285036094,0.0,1.0,0.0,0.0,0.0,1.0
37,265,0.0,8.75424281053819,0.0,1.0,1.0,0.0,1.0,0.0
38,265,1.2732490213622372,1.4467499308206762,0.0,1.0,0.0,0.0,1.0,1.0
39,265,8.380241004183116,6.520107272252517,0.0,0.0,1.0,1.0,1.0,0.0
0,270,1.836305937856743,9.98119902324596,0.0,1.0,0.0,0.0,0.0,1.0
1,270,0.0,3.828106706628759,1.0,0.0,0.0,0.0,0.0,0.0
2,270,9.296474523150048,4.150187377036209,1.0,0.0,0.0,0.0,0.0,0.0
3,270,12.0,0.8379910980126491,1.0,0.0,1.0,1.0,0.0,0.0
4,270,2.5342132264154342,0.1982896703675412,1.0,1.0,0.0,1.0,0.0,0.0
5,270,4.668399957214627,0.9187747694732082,1.0,0.0,1.0,0.0,1.0,1.0
6,270,1.6002097445052903,0.0,0.0,0.0,1.0,1.0,0.0,0.0
7,270,11.096724025878745,8.32409947741429,1.0,0.0,0.0,1.0,0.0,1.0
8,270,0.8615110018243837,4.359669300597082,0.0,1.0,0.0,0.0,1.0,0.0
9,270,0.0,9.625814097303756,1.0,0.0,0.0,0.0,0.0,1.0
10,270,3.8393906189159424,7.811724468378081,0.0,1.0,0.0,1.0,1.0,1.0
11,270,12.0,0.0,0.0,0.0,1.0,0.0,0.0,0.0
12,270,3.4713045869220154,8.970963168999187,0.0,1.0,1.0,0.0,0.0,1.0
13,270,12.0,6.766086901409955,1.0,1.0,1.0,0.0,0.0,1.0
14,270,5.138696094251592,11.93532136818469,0.0,0.0,1.0,1.0,0.0,0.0
15,270,3.4876526437627606,2.7441107633864363,1.0,0.0,1.0,1.0,1.0,0.0
16,270,5.078009544994328,0.9872125535584736,0.0,1.0,0.0,1.0,1.0,0.0
17,270,0.0,9.366713709666891,1.0,0.0,1.0,0.0,0.0,1.0
18,270,2.6721749155897894,7.721354806281797,0.0,0.0,0.0,0.0,0.0,1.0
19,270,5.854999032317153,1.605111385491261,0.0,1.0,0.0,1.0,0.0,0.0
20,270,7.729707028199707,11.117532118373864,0.0,1.0,1.0,1.0,1.0,0.0
21,270,0.0,1.0322037391441097,1.0,0.0,0.0,0.0,1.0,0.0
22,270,0.9262741325838127,0.0,1.0,0.0,0.0,0.0,0.0,0.0
23,270,8.887176893545305,1.544410236906047,0.0,0.0,0.0,0.0,1.0,0.0
24,270,9.682224936723108,0.0,0.0,1.0,0.0,1.0,0.0,0.0
25,270,1.8523387273013432,9.744806073699758,0.0,0.0,1.0,1.0,0.0,1.0
26,270,8.633311189387626,5.0506090045100525,1.0,0.0,0.0,0.0,0.0,0.0
27,270,6.857626806355044,4.654949565409695,0.0,1.0,0.0,1.0,0.0,1.0
28,270,5.753086321851875,0.0,0.0,1.0,0.0,1.0,1.0,1.0
29,270,0.0,0.0,1.0,0.0,0.0,1.0,0.0,0.0
30,270,2.152724982154446,6.60460407953279,1.0,0.0,1.0,0.0,1.0,0.0
31,270,5.585681063187386,4.945436761007852,1.0,1.0,1.0,1.0,0.0,0.0
32,270,2.009611173692288,10.365898501254538,0.0,0.0,0.0,1.0,0.0,1.0
33,270,3.314956040837385,1.4221106606363332,0.0,1.0,0.0,1.0,0.0,0.0
34,270,7.281279078959981,0.0,0.0,0.0,1.0,0.0,0.0,0.0
35,270,4.3556253004064125,2.161389746132637,0.0,0.0,1.0,1.0,0.0,1.0
36,270,10.010537377574511,2.152802509819397,0.0,1.0,0.0,0.0,0.0,1.0
37,270,0.0,8.901894168041304,0.0,1.0,1.0,0.0,1.0,0.0
38,270,1.4487015425845424,1.4122114507152874,0.0,1.0,0.0,0.0,1.0,1.0
39,270,8.393443783452458,6.521582685956319,0.0,0.0,1.0,1.0,1.0,0.0
0,275,1.815622550257772,9.866883506661395,0.0,1.0,0.0,0.0,0.0,1.0
1,275,0.0,3.828538092234537,1.0,0.0,0.0,0.0,0.0,0.0
2,275,9.048582915640738,3.8901721547724746,1.0,0.0,0.0,0.0,0.0,0.0
3,275,12.0,0.8277018949293584,1.0,0.0,1.0,1.0,0.0,0.0
4,275,2.567089622586655,0.1458308781083717,1.0,1.0,0.0,1.0,0.0,0.0
5,275,4.666960445691886,0.920076409531389,1.0,0.0,1.0,0.0,1.0,1.0
6,275,1.5890031503373128,0.0,0.0,0.0,1.0,1.0,0.0,0.0
7,275,11.065218675432384,8.298850024299385,1.0,0.0,0.0,1.0,0.0,1.0
8,275,0.8897849866791804,4.395031212341603,0.0,1.0,0.0,0.0,1.0,0.0
9,275,0.0,9.683932886715684,1.0,0.0,0.0,0.0,0.0,1.0
10,275,3.894558587382123,7.8503518559818835,0.0,1.0,0.0,1.0,1.0,1.0
11,275,12.0,0.0,0.0,0.0,1.0,0.0,0.0,0.0
12,275,3.510025206806921,9.12015044765728,0.0,1.0,1.0,0.0,0.0,1.0
13,275,12.0,6.705512340800181,1.0,1.0,1.0,0.0,0.0,1.0
14,275,5.0842950899461865,11.936435599137663,0.0,0.0,1.0,1.0,0.0,0.0
15,275,3.542282898122769,2.8922967307786576,1.0,0.0,1.0,1.0,1.0,0.0
16,275,5.03813291881359,0.9507881202688376,0.0,1.0,0.0,1.0,1.0,0.0
17,275,0.0,9.30071034440357,1.0,0.0,1.0,0.0,0.0,1.0
18,275,2.686927642669877,7.79824187836719,0.0,0.0,0.0,0.0,0.0,1.0
19,275,5.863111349430494,1.6292340084479229,0.0,1.0,0.0,1.0,0.0,0.0
20,275,7.7299866697225985,11.109199931172244,0.0,1.0,1.0,1.0,1.0,0.0
21,275,0.0,1.0504270330145251,1.0,0.0,0.0,0.0,1.0,0.0
22,275,0.9554818307450388,0.0,1.0,0.0,0.0,0.0,0.0,0.0
23,275,8.852280395241113,1.5357875671769543,0.0,0.0,0.0,0.0,1.0,0.0
24,275,9.712593727742588,0.0,0.0,1.0,0.0,1.0,0.0,0.0
25,275,1.859923503022984,9.77880995343688,0.0,0.0,1.0,1.0,0.0,1.0
26,275,8.687901836882935,5.025465464935972,1.0,0.0,0.0,0.0,0.0,0.0
27,275,6.780401484385493,4.779541333616431,0.0,1.0,0.0,1.0,0.0,1.0
28,275,5.7882730552109,0.0,0.0,1.0,0.0,1.0,1.0,1.0
29,275,0.0,0.0,1.0,0.0,0.0,1.0,0.0,0.0
30,275,2.1666742872746183,6.569426949013401,1.0,0.0,1.0,0.0,1.0,0.0
31,275,5.568149193527611,4.927577249804909,1.0,1.0,1.0,1.0,0.0,0.0
32,275,1.876253340063326,10.34778389602922,0.0,0.0,0.0,1.0,0.0,1.0
33,275,3.378261579646825,1.4939273047378163,0.0,1.0,0.0,1.0,0.0,0.0
34,275,7.385011738889325,0.0,0.0,0.0,1.0,0.0,0.0,0.0
35,275,4.382814542833306,2.101182336983192,0.0,0.0,1.0,1.0,0.0,1.0
36,275,10.046393507870285,2.109779797020955,0.0,1.0,0.0,0.0,0.0,1.0
37,275,0.0,9.06199427417888,0.0,1.0,1.0,0.0,1.0,0.0
38,275,1.6049300495884404,1.380641876540175,0.0,1.0,0.0,0.0,1.0,1.0
39,275,8.414010604375108,6.523759498538931,0.0,0.0,1.0,1.0,1.0,0.0
0,280,1.798470219103364,9.763814896940543,0.0,1.0,0.0,0.0,0.0,1.0
1,280,0.0,3.8296039059129208,1.0,0.0,0.0,0.0,0.0,0.0
2,280,8.797332358698094,3.638687787070544,1.0,0.0,0.0,0.0,0.0,0.0
3,280,12.0,0.8191062187662962,1.0,0.0,1.0,1.0,0.0,0.0
4,280,2.599969328108138,0.0942711534010437,1.0,1.0,0.0,1.0,0.0,0.0
5,280,4.66374667600425,0.9230992123361724,1.0,0.0,1.0,0.0,1.0,1.0
6,280,1.5703526840733038,0.0,0.0,0.0,1.0,1.0,0.0,0.0
7,280,11.03258933989675,8.272100067800206,1.0,0.0,0.0,1.0,0.0,1.0
8,280,0.9306083265422768,4.449269573722539,0.0,1.0,0.0,0.0,1.0,0.0
9,280,0.0,9.74156983632257,1.0,0.0,0.0,0.0,0.0,1.0
10,280,3.9358485073210905,7.88148086309201,0.0,1.0,0.0,1.0,1.0,1.0
11,280,12.0,0.0,0.0,0.0,1.0,0.0,0.0,0.0
12,280,3.5464181587777075,9.266575339042522,0.0,1.0,1.0,0.0,0.0,1.0
13,280,12.0,6.624975472791812,1.0,1.0,1.0,0.0,0.0,1.0
14,280,5.036641116509701,11.936774457185969,0.0,0.0,1.0,1.0,0.0,0.0
15,280,3.6000047172816645,3.056515886973713,1.0,0.0,1.0,1.0,1.0,0.0
16,280,4.994791141747172,0.9120611448927324,0.0,1.0,0.0,1.0,1.0,0.0
17,280,0.0,9.2290902679426,1.0,0.0,1.0,0.0,0.0,1.0
18,280,2.6139267786809417,7.813468803936288,0.0,0.0,0.0,0.0,0.0,1.0
19,280,5.87492623710575,1.664918821623018,0.0,1.0,0.0,1.0,0.0,0.0
20,280,7.730935421971032,11.082328629675873,0.0,1.0,1.0,1.0,1.0,0.0
21,280,0.0,1.068184753835927,1.0,0.0,0.0,0.0,1.0,0.0
22,280,0.9891284355820712,0.0,1.0,0.0,0.0,0.0,0.0,0.0
23,280,8.823506639726984,1.5292281279824378,0.0,0.0,0.0,0.0,1.0,0.0
24,280,9.733950587954643,0.0,0.0,1.0,0.0,1.0,0.0,0.0
25,280,1.8640285027348131,9.79942927116242,0.0,0.0,1.0,1.0,0.0,1.0
26,280,8.722458409917708,5.010272894858457,1.0,0.0,0.0,0.0,0.0,0.0
27,280,6.6963387506428615,4.910679730698629,0.0,1.0,0.0,1.0,0.0,1.0
28,280,5.824455494662153,0.0,0.0,1.0,0.0,1.0,1.0,1.0
29,280,0.0,0.0,1.0,0.0,0.0,1.0,0.0,0.0
30,280,2.179961044701517,6.536756523346497,1.0,0.0,1.0,0.0,1.0,0.0
31,280,5.548418538949742,4.908727211560956,1.0,1.0,1.0,1.0,0.0,0.0
32,280,1.7676529378863788,10.33562817839541,0.0,0.0,0.0,1.0,0.0,1.0
33,280,3.4535507877001983,1.580616227245368,0.0,1.0,0.0,1.0,0.0,0.0
34,280,7.501979187251869,0.0,0.0,0.0,1.0,0.0,0.0,0.0
35,280,4.400782131411863,2.064520212534259,0.0,0.0,1.0,1.0,0.0,1.0
36,280,10.077250500068118,2.0719078813449867,0.0,1.0,0.0,0.0,0.0,1.0
37,280,0.0,9.2293378928898,0.0,1.0,1.0,0.0,1.0,0.0
38,280,1.762094055765221,1.3461931898330652,0.0,1.0,0.0,0.0,1.0,1.0
39,280,8.44043579785699,6.525654198840495,0.0,0.0,1.0,1.0,1.0,0.0
0,285,1.7813533132326036,9.67593342772431,0.0,1.0,0.0,0.0,0.0,1.0
1,285,0.0,3.831617974099296,1.0,0.0,0.0,0.0,0.0,0.0
2,285,8.544290520868923,3.383444640508809,1.0,0.0,0.0,0.0,0.0,0.0
3,285,12.0,0.8068377311316608,1.0,0.0,1.0,1.0,0.0,0.0
4,285,2.6257260599081302,0.055702661421181,1.0,1.0,0.0,1.0,0.0,0.0
5,285,4.662950255198239,0.923818654827476,1.0,0.0,1.0,0.0,1.0,1.0
6,285,1.5558081807864157,0.0,0.0,0.0,1.0,1.0,0.0,0.0
7,285,10.983246429208258,8.230096701355498,1.0,0.0,0.0,1.0,0.0,1.0
8,285,0.96527246495417,4.500766653262051,0.0,1.0,0.0,0.0,1.0,0.0
9,285,0.0,9.799518756258408,1.0,0.0,0.0,0.0,0.0,1.0
10,285,3.8990000715184503,7.931848398811351,0.0,1.0,0.0,1.0,1.0,1.0
11,285,12.0,0.0,0.0,0.0,1.0,0.0,0.0,0.0
12,285,3.584465049954421,9.420119766219356,0.0,1.0,1.0,0.0,0.0,1.0
13,285,12.0,6.560613592926811,1.0,1.0,1.0,0.0,0.0,1.0
14,285,5.001202878668169,11.93693289156138,0.0,0.0,1.0,1.0,0.0,0.0
15,285,3.649019678853622,3.213509480787137,1.0,0.0,1.0,1.0,1.0,0.0
16,285,4.964654759551918,0.8855014993925986,0.0,1.0,0.0,1.0,1.0,0.0
17,285,0.0,9.156732865666084,1.0,0.0,1.0,0.0,0.0,1.0
18,285,2.5179470669458337,7.833479814246845,0.0,0.0,0.0,0.0,0.0,1.0
19,285,5.884986303151096,1.700118302317659,0.0,1.0,0.0,1.0,0.0,0.0
20,285,7.733711976742132,11.03575487210736,0.0,1.0,1.0,1.0,1.0,0.0
21,285,0.0,1.0847985669551692,1.0,0.0,0.0,0.0,1.0,0.0
22,285,1.0208412524998447,0.0,1.0,0.0,0.0,0.0,0.0,0.0
23,285,8.811760246205525,1.5264459039661138,0.0,0.0,0.0,0.0,1.0,0.0
24,285,9.751971062789318,0.0,0.0,1.0,0.0,1.0,0.0,0.0
25,285,1.8666035924989388,9.811788381890915,0.0,0.0,1.0,1.0,0.0,1.0
26,285,8.735190041941275,5.004792880827243,1.0,0.0,0.0,0.0,0.0,0.0
27,285,6.624712861996441,5.018437264913479,0.0,1.0,0.0,1.0,0.0,1.0
28,285,5.863624073873887,0.0,0.0,1.0,0.0,1.0,1.0,1.0
29,285,0.0,0.0,1.0,0.0,0.0,1.0,0.0,0.0
30,285,2.1934878317195983,6.504986637167929,1.0,0.0,1.0,0.0,1.0,0.0
31,285,5.55055043465936,4.910783452403666,1.0,1.0,1.0,1.0,0.0,0.0
32,285,1.680805113369631,10.325498619407458,0.0,0.0,0.0,1.0,0.0,1.0
33,285,3.525508548908208,1.6639681213055049,0.0,1.0,0.0,1.0,0.0,0.0
34,285,7.59264903615019,0.0,0.0,0.0,1.0,0.0,0.0,0.0
35,285,4.412468854687918,2.0389666567415143,0.0,0.0,1.0,1.0,0.0,1.0
36,285,10.103065771655393,2.0384971662598272,0.0,1.0,0.0,0.0,0.0,1.0
37,285,0.0,9.406921153313537,0.0,1.0,1.0,0.0,1.0,0.0
38,285,1.91514665725094,1.3165552286762812,0.0,1.0,0.0,0.0,1.0,1.0
39,285,8.476112398313571,6.528519166219192,0.0,0.0,1.0,1.0,1.0,0.0
0,290,1.7653120640137956,9.592227968433772,0.0,1.0,0.0,0.0,0.0,1.0
1,290,0.0,3.833305800825922,1.0,0.0,0.0,0.0,0.0,0.0
2,290,8.290464245288252,3.1211140958091983,1.0,0.0,0.0,0.0,0.0,0.0
3,290,12.0,0.7937787868606645,1.0,0.0,1.0,1.0,0.0,0.0
4,290,2.6615034173255205,0.001251285503634,1.0,1.0,0.0,1.0,0.0,0.0
5,290,4.660041234822834,0.9265040365884096,1.0,0.0,1.0,0.0,1.0,1.0
6,290,1.53933643040806,0.0,0.0,0.0,1.0,1.0,0.0,0.0
7,290,10.93490150356734,8.190658901137466,1.0,0.0,0.0,1.0,0.0,1.0
8,290,1.0144406608548326,4.569394108051689,0.0,1.0,0.0,0.0,1.0,0.0
9,290,0.0,9.86338797505417,1.0,0.0,0.0,0.0,0.0,1.0
10,290,3.867146962574179,7.976284525620881,0.0,1.0,0.0,1.0,1.0,1.0
11,290,12.0,0.0,0.0,0.0,1.0,0.0,0.0,0.0
12,290,3.616066513744444,9.557774836431902,0.0,1.0,1.0,0.0,0.0,1.0
13,290,12.0,6.502666379824097,1.0,1.0,1.0,0.0,0.0,1.0
14,290,4.974142497887156,11.936937474133307,0.0,0.0,1.0,1.0,0.0,0.0
15,290,3.70280905254995,3.3855312240845947,1.0,0.0,1.0,1.0,1.0,0.0
16,290,4.931106338648037,0.8570318771545903,0.0,1.0,0.0,1.0,1.0,0.0
17,290,0.0,9.09280578198508,1.0,0.0,1.0,0.0,0.0,1.0
18,290,2.425781228363992,7.852544549427259,0.0,0.0,0.0,0.0,0.0,1.0
19,290,5.899322273831377,1.7484133207838926,0.0,1.0,0.0,1.0,0.0,0.0
20,290,7.737595291720592,10.988088432179726,0.0,1.0,1.0,1.0,1.0,0.0
21,290,0.0,1.0958243118816198,1.0,0.0,0.0,0.0,1.0,0.0
22,290,1.0561167776028042,0.0,1.0,0.0,0.0,0.0,0.0,0.0
23,290,8.799861672188156,1.5238130281216071,0.0,0.0,0.0,0.0,1.0,0.0
24,290,9.7667701539689,0.0,0.0,1.0,0.0,1.0,0.0,0.0
25,290,1.8690241416844275,9.82452432871314,0.0,0.0,1.0,1.0,0.0,1.0
26,290,8.757074761223564,4.994930543369409,1.0,0.0,0.0,0.0,0.0,0.0
27,290,6.559850072712209,5.1134678680573415,0.0,1.0,0.0,1.0,0.0,1.0
28,290,5.8995256830672,0.0,0.0,1.0,0.0,1.0,1.0,1.0
29,290,0.0,0.0,1.0,0.0,0.0,1.0,0.0,0.0
30,290,2.2076988885736304,6.472957840873034,1.0,0.0,1.0,0.0,1.0,0.0
31,290,5.551890586806184,4.912014545079038,1.0,1.0,1.0,1.0,0.0,0.0
32,290,1.5837886764277795,10.31199102483068,0.0,0.0,0.0,1.0,0.0,1.0
33,290,3.596379728623124,1.7466981375894206,0.0,1.0,0.0,1.0,0.0,0.0
34,290,7.642824506055268,0.0,0.0,0.0,1.0,0.0,0.0,0.0
35,290,4.426288321481404,2.009215549135069,0.0,0.0,1.0,1.0,0.0,1.0
36,290,10.12791058500915,2.0080540132927704,0.0,1.0,0.0,0.0,0.0,1.0
37,290,0.0,9.584155451939006,0.0,1.0,1.0,0.0,1.0,0.0
38,290,2.074207273695792,1.285962749621166,0.0,1.0,0.0,0.0,1.0,1.0
39,290,8.498809497664672,6.531210061353746,0.0,0.0,1.0,1.0,1.0,0.0
0,295,1.7473891386467724,9.510964490219497,0.0,1.0,0.0,0.0,0.0,1.0
1,295,0.0,3.833778752558017,1.0,0.0,0.0,0.0,0.0,0.0
2,295,8.03441028934133,2.8609857309118056,1.0,0.0,0.0,0.0,0.0,0.0
3,295,12.0,0.7741998653178312,1.0,0.0,1.0,1.0,0.0,0.0
4,295,2.7058253360297533,0.0,1.0,1.0,0.0,1.0,0.0,0.0
5,295,4.670806389603423,0.9167877224970908,1.0,0.0,1.0,0.0,1.0,1.0
6,295,1.5213738322607782,0.0,0.0,0.0,1.0,1.0,0.0,0.0
7,295,10.897258842925828,8.15981841282405,1.0,0.0,0.0,1.0,0.0,1.0
8,295,1.0579033360096537,4.629975639684805,0.0,1.0,0.0,0.0,1.0,0.0
9,295,0.0,9.925590225042024,1.0,0.0,0.0,0.0,0.0,1.0
10,295,3.839430409444213,8.017024493872176,0.0,1.0,0.0,1.0,1.0,1.0
11,295,12.0,0.0,0.0,0.0,1.0,0.0,0.0,0.0
12,295,3.650224838697477,9.722064479433314,0.0,1.0,1.0,0.0,0.0,1.0
13,295,12.0,6.427577819926833,1.0,1.0,1.0,0.0,0.0,1.0
14,295,4.93370495407736,11.936840400429457,0.0,0.0,1.0,1.0,0.0,0.0
15,295,3.75671297839415,3.557747164645736,1.0,0.0,1.0,1.0,1.0,0.0
16,295,4.878180891855435,0.8134594396540944,0.0,1.0,0.0,1.0,1.0,0.0
17,295,0.0,9.034771977191626,1.0,0.0,1.0,0.0,0.0,1.0
18,295,2.3361099099876586,7.868031091066932,0.0,0.0,0.0,0.0,0.0,1.0
19,295,5.908785821080805,1.781886985583295,0.0,1.0,0.0,1.0,0.0,0.0
20,295,7.742429716957737,10.926100717620058,0.0,1.0,1.0,1.0,1.0,0.0
21,295,0.0,1.1048698890422304,1.0,0.0,0.0,0.0,1.0,0.0
22,295,1.0991422601020735,0.0,1.0,0.0,0.0,0.0,0.0,0.0
23,295,8.803254228670356,1.5245715656375838,0.0,0.0,0.0,0.0,1.0,0.0
24,295,9.784436061517702,0.0,0.0,1.0,0.0,1.0,0.0,0.0
25,295,1.8709681089125365,9.83427175708309,0.0,0.0,1.0,1.0,0.0,1.0
26,295,8.782602929191144,4.982761114637385,1.0,0.0,0.0,0.0,0.0,0.0
27,295,6.489918463852331,5.218960623415344,0.0,1.0,0.0,1.0,0.0,1.0
28,295,5.943608145025161,0.0,0.0,1.0,0.0,1.0,1.0,1.0
29,295,0.0,0.0,1.0,0.0,0.0,1.0,0.0,0.0
30,295,2.2139374113710306,6.458478103604526,1.0,0.0,1.0,0.0,1.0,0.0
31,295,5.541654257291369,4.902370209413116,1.0,1.0,1.0,1.0,0.0,0.0
32,295,1.4849003722296297,10.298205923357086,0.0,0.0,0.0,1.0,0.0,1.0
33,295,3.677769003703752,1.8360332357237652,0.0,1.0,0.0,1.0,0.0,0.0
34,295,7.693919282582363,0.0,0.0,0.0,1.0,0.0,0.0,0.0
35,295,4.436613296305473,1.987965126637319,0.0,0.0,1.0,1.0,0.0,1.0
36,295,10.166787858143651,1.959441940178167,0.0,1.0,0.0,0.0,0.0,1.0
37,295,0.0,9.75057734754979,0.0,1.0,1.0,0.0,1.0,0.0
38,295,2.2104675788340566,1.26173113592537,0.0,1.0,0.0,0.0,1.0,1.0
39,295,8.510181803131687,6.532745362831571,0.0,0.0,1.0,1.0,1.0,0.0
