0,0,2.997046300314709,8.024315703400147,0.0,1.0,1.0,1.0,0.0,0.0
1,0,0.0526862166858135,8.999759408274038,1.0,0.0,0.0,0.0,0.0,1.0
2,0,8.045380725224433,0.0,0.0,0.0,1.0,0.0,0.0,0.0
3,0,5.038307344076596,5.0052560932279855,0.0,1.0,1.0,1.0,0.0,0.0
4,0,10.953551901708694,9.040744427047382,1.0,0.0,0.0,0.0,0.0,1.0
5,0,8.00534208221388,11.947680491701654,0.0,1.0,1.0,0.0,0.0,1.0
6,0,0.0,7.962453290813994,0.0,1.0,0.0,0.0,0.0,1.0
7,0,3.0184236816283807,8.045562852083044,1.0,1.0,0.0,1.0,1.0,1.0
8,0,3.044610767044507,12.0,1.0,0.0,1.0,0.0,0.0,0.0
9,0,12.0,11.046296633198397,0.0,1.0,1.0,1.0,1.0,0.0
10,0,7.018306553570875,10.025164169194552,0.0,0.0,0.0,1.0,1.0,1.0
11,0,12.0,0.973688101288308,0.0,0.0,1.0,1.0,0.0,1.0
12,0,6.027398261770616,3.022426340649518,0.0,1.0,1.0,0.0,0.0,0.0
13,0,7.97045353651096,3.9509333234421153,1.0,0.0,0.0,0.0,1.0,0.0
14,0,0.0416473101338737,10.988525165327122,1.0,0.0,0.0,0.0,0.0,0.0
15,0,11.043049400382316,8.99521175469186,0.0,1.0,0.0,0.0,0.0,1.0
16,0,0.969519693279388,10.037699182006298,0.0,0.0,0.0,0.0,0.0,0.0
17,0,12.0,8.956791777939639,1.0,0.0,1.0,0.0,0.0,1.0
18,0,3.001529109743195,0.0655371208787058,1.0,0.0,0.0,0.0,0.0,0.0
19,0,7.962516769939301,7.049070582850999,1.0,1.0,0.0,1.0,0.0,0.0
20,0,8.035342351701455,3.0450043654338246,1.0,0.0,0.0,0.0,0.0,1.0
21,0,5.062360221007368,2.993102285179744,0.0,0.0,0.0,1.0,1.0,0.0
22,0,7.051105859738604,2.9899120986720917,1.0,0.0,0.0,0.0,1.0,1.0
23,0,7.947735518529218,3.0391298488674927,0.0,1.0,0.0,0.0,0.0,1.0
24,0,8.993690555816256,6.000655431647951,1.0,1.0,0.0,1.0,0.0,0.0
25,0,11.04015302921621,6.011885643303829,0.0,0.0,1.0,1.0,1.0,0.0
26,0,8.954215773789864,2.032329468279274,0.0,0.0,0.0,0.0,1.0,0.0
27,0,6.990871013662026,6.073099226809295,0.0,0.0,0.0,1.0,0.0,1.0
28,0,8.935502520949003,2.003783521650692,0.0,1.0,0.0,1.0,0.0,1.0
29,0,0.004955724295775,5.948693322538356,1.0,0.0,1.0,0.0,1.0,1.0
30,0,5.980350744248206,11.021339968059356,0.0,0.0,1.0,0.0,0.0,1.0
31,0,2.980915825915044,6.067277042859169,0.0,1.0,0.0,0.0,0.0,1.0
32,0,11.946277055531787,10.014683028755751,0.0,1.0,0.0,0.0,1.0,0.0
33,0,8.012675243717016,2.0530732557780667,0.0,1.0,1.0,0.0,0.0,0.0
34,0,12.0,11.944348424072484,0.0,0.0,1.0,1.0,1.0,0.0
35,0,6.942635354795886,0.0,0.0,1.0,1.0,1.0,1.0,0.0
36,0,2.957384226056258,8.028786060187297,1.0,1.0,0.0,1.0,1.0,0.0
37,0,6.964797888729652,6.984018325343852,0.0,0.0,0.0,1.0,0.0,1.0
38,0,7.033600508750152,4.946174657764018,1.0,0.0,1.0,1.0,0.0,1.0
39,0,5.027606387362099,4.000103621769254,1.0,0.0,1.0,1.0,1.0,0.0
0,5,2.993550349037625,8.054194309540753,0.0,1.0,1.0,1.0,0.0,0.0
1,5,0.1239893699194353,8.998988630407803,1.0,0.0,0.0,0.0,0.0,1.0
2,5,8.092047028751598,0.0,0.0,0.0,1.0,0.0,0.0,0.0
3,5,5.089181654574639,5.0127457191183815,0.0,1.0,1.0,1.0,0.0,0.0
4,5,10.877129094340896,9.108495373872524,1.0,0.0,0.0,0.0,0.0,1.0
5,5,8.007535721346942,11.924332505526117,0.0,1.0,1.0,0.0,0.0,1.0
6,5,0.0,7.920594291452258,0.0,1.0,0.0,0.0,0.0,1.0
7,5,3.0678989674270887,8.025167212858792,1.0,1.0,0.0,1.0,1.0,1.0
8,5,3.0999865999729384,12.0,1.0,0.0,1.0,0.0,0.0,0.0
9,5,12.0,11.089699804276432,0.0,1.0,1.0,1.0,1.0,0.0
10,5,7.034049675932239,10.04800668530538,0.0,0.0,0.0,1.0,1.0,1.0
11,5,12.0,0.9377768163109153,0.0,0.0,1.0,1.0,0.0,1.0
12,5,6.061975054178142,3.0511485913180345,0.0,1.0,1.0,0.0,0.0,0.0
13,5,7.9451241485492,3.909819023219424,1.0,0.0,0.0,0.0,1.0,0.0
14,5,0.0854369236206281,10.976530879170198,1.0,0.0,0.0,0.0,0.0,0.0
15,5,11.110829971542143,8.989503796548023,0.0,1.0,0.0,0.0,0.0,1.0
16,5,0.9452510187848796,10.06833403984575,0.0,0.0,0.0,0.0,0.0,0.0
17,5,12.0,8.90773400054225,1.0,0.0,1.0,0.0,0.0,1.0
18,5,3.005314762058953,0.1429476432296505,1.0,0.0,0.0,0.0,0.0,0.0
19,5,7.905432734873403,7.119828831271438,1.0,1.0,0.0,1.0,0.0,0.0
20,5,8.065842553725496,3.083847814341649,1.0,0.0,0.0,0.0,0.0,1.0
21,5,5.120858081463395,2.9858734984605197,0.0,0.0,0.0,1.0,1.0,0.0
22,5,7.089291755277691,2.9831554959330324,1.0,0.0,0.0,0.0,1.0,1.0
23,5,7.90655422785798,3.0697760904251328,0.0,1.0,0.0,0.0,0.0,1.0
24,5,8.98021281418137,6.002143549019066,1.0,1.0,0.0,1.0,0.0,0.0
25,5,11.073847162341844,6.0223824760921305,0.0,0.0,1.0,1.0,1.0,0.0
26,5,8.904982195748323,2.0658118274155064,0.0,0.0,0.0,0.0,1.0,0.0
27,5,6.986488175567873,6.111684606582261,0.0,0.0,0.0,1.0,0.0,1.0
28,5,8.889951190946539,2.0068389572760776,0.0,1.0,0.0,1.0,0.0,1.0
29,5,0.0087447205291051,5.912809490498915,1.0,0.0,1.0,0.0,1.0,1.0
30,5,5.952907380748644,11.05150882727115,0.0,0.0,1.0,0.0,0.0,1.0
31,5,2.9617032374289223,6.133818340735302,0.0,1.0,0.0,0.0,0.0,1.0
32,5,11.910000736013927,10.024795096312465,0.0,1.0,0.0,0.0,1.0,0.0
33,5,8.027226913408814,2.1133344006238657,0.0,1.0,1.0,0.0,0.0,0.0
34,5,12.0,11.904375861119444,0.0,0.0,1.0,1.0,1.0,0.0
35,5,6.887238099107542,0.0,0.0,1.0,1.0,1.0,1.0,0.0
36,5,2.9155609434993384,8.05630932703536,1.0,1.0,0.0,1.0,1.0,0.0
37,5,6.928291184496655,6.966647995218322,0.0,0.0,0.0,1.0,0.0,1.0
38,5,7.0662319510161264,4.892302031881775,1.0,0.0,1.0,1.0,0.0,1.0
39,5,5.069323649501841,4.000914859870519,1.0,0.0,1.0,1.0,1.0,0.0
0,10,2.991797101297856,8.06785536377132,0.0,1.0,1.0,1.0,0.0,0.0
1,10,0.1927841564002503,8.998042421955113,1.0,0.0,0.0,0.0,0.0,1.0
2,10,8.143700848357696,0.0,0.0,0.0,1.0,0.0,0.0,0.0
3,10,5.131840811747461,5.019724092396048,0.0,1.0,1.0,1.0,0.0,0.0
4,10,10.799384648107653,9.175087541654364,1.0,0.0,0.0,0.0,0.0,1.0
5,10,8.01053485141846,11.887318398392942,0.0,1.0,1.0,0.0,0.0,1.0
6,10,0.0,7.898176842422528,0.0,1.0,0.0,0.0,0.0,1.0
7,10,3.106048029187585,8.008452469653932,1.0,1.0,0.0,1.0,1.0,1.0
8,10,3.164442602347364,12.0,1.0,0.0,1.0,0.0,0.0,0.0
9,10,12.0,11.11887775326234,0.0,1.0,1.0,1.0,1.0,0.0
10,10,7.045636642071103,10.065361683710568,0.0,0.0,0.0,1.0,1.0,1.0
11,10,12.0,0.9332646586564416,0.0,0.0,1.0,1.0,0.0,1.0
12,10,6.088259242899931,3.074199372578789,0.0,1.0,1.0,0.0,0.0,0.0
13,10,7.906246114603431,3.8489847402891977,1.0,0.0,0.0,0.0,1.0,0.0
14,10,0.128766092080276,10.965154550384923,1.0,0.0,0.0,0.0,0.0,0.0
15,10,11.190313809915096,8.982746658632081,0.0,1.0,0.0,0.0,0.0,1.0
16,10,0.9165839066737074,10.10476359771534,0.0,0.0,0.0,0.0,0.0,0.0
17,10,12.0,8.863979182797983,1.0,0.0,1.0,0.0,0.0,1.0
18,10,3.0093966156997416,0.2113485350963447,1.0,0.0,0.0,0.0,0.0,0.0
19,10,7.842172041794744,7.199423589538895,1.0,1.0,0.0,1.0,0.0,0.0
20,10,8.110376366534158,3.139674264939285,1.0,0.0,0.0,0.0,0.0,1.0
21,10,5.190054730043033,2.977280419411,0.0,0.0,0.0,1.0,1.0,0.0
22,10,7.109119161875612,2.979616766214945,1.0,0.0,0.0,0.0,1.0,1.0
23,10,7.880578737884751,3.089730453325504,0.0,1.0,0.0,0.0,0.0,1.0
24,10,8.972197637284339,6.003129947083653,1.0,1.0,0.0,1.0,0.0,0.0
25,10,11.1061160733683,6.031997831356953,0.0,0.0,1.0,1.0,1.0,0.0
26,10,8.858312413013707,2.0966072400727613,0.0,0.0,0.0,0.0,1.0,0.0
27,10,6.983590228993872,6.141421978163546,0.0,0.0,0.0,1.0,0.0,1.0
28,10,8.829823428245282,2.011181952081317,0.0,1.0,0.0,1.0,0.0,1.0
29,10,0.0137005495464516,5.872265991967161,1.0,0.0,1.0,0.0,1.0,1.0
30,10,5.911261278375904,11.099359751632395,0.0,0.0,1.0,0.0,0.0,1.0
31,10,2.9425316863910407,6.200573719531776,0.0,1.0,0.0,0.0,0.0,1.0
32,10,11.870961308164151,10.03560252381043,0.0,1.0,0.0,0.0,1.0,0.0
33,10,8.039576622135096,2.1641645122005446,0.0,1.0,1.0,0.0,0.0,0.0
34,10,12.0,11.86740169246703,0.0,0.0,1.0,1.0,1.0,0.0
35,10,6.828392539324584,0.0,0.0,1.0,1.0,1.0,1.0,0.0
36,10,2.874060182793347,8.08648743300363,1.0,1.0,0.0,1.0,1.0,0.0
37,10,6.889209381472783,6.948098844930926,0.0,0.0,0.0,1.0,0.0,1.0
38,10,7.106764667941286,4.829956223802347,1.0,0.0,1.0,1.0,0.0,1.0
39,10,5.119137820738139,4.002962487886727,1.0,0.0,1.0,1.0,1.0,0.0
0,15,2.9868853081964573,8.067227139760156,0.0,1.0,1.0,1.0,0.0,0.0
1,15,0.2540137997398703,8.997114979391691,1.0,0.0,0.0,0.0,0.0,1.0
2,15,8.182650937159659,0.0,0.0,0.0,1.0,0.0,0.0,0.0
3,15,5.160054799436158,5.02438735423525,0.0,1.0,1.0,1.0,0.0,0.0
4,15,10.722839971950265,9.241645787470825,1.0,0.0,0.0,0.0,0.0,1.0
5,15,8.013061954701785,11.842409400188512,0.0,1.0,1.0,0.0,0.0,1.0
6,15,0.0,7.874946397169177,0.0,1.0,0.0,0.0,0.0,1.0
7,15,3.1370126237657803,7.994707384184643,1.0,1.0,0.0,1.0,1.0,1.0
8,15,3.2112482907045425,12.0,1.0,0.0,1.0,0.0,0.0,0.0
9,15,12.0,11.13953228003516,0.0,1.0,1.0,1.0,1.0,0.0
10,15,7.056074814664096,10.080972348656076,0.0,0.0,0.0,1.0,1.0,1.0
11,15,12.0,0.9302286399065018,0.0,0.0,1.0,1.0,0.0,1.0
12,15,6.121962433177899,3.1045158242669046,0.0,1.0,1.0,0.0,0.0,0.0
13,15,7.864388166176283,3.781241225671376,1.0,0.0,0.0,0.0,1.0,0.0
14,15,0.1744908940028325,10.953133439013898,1.0,0.0,0.0,0.0,0.0,0.0
15,15,11.287650179615277,8.97446771254244,0.0,1.0,0.0,0.0,0.0,1.0
16,15,0.8758238492561239,10.15780823067296,0.0,0.0,0.0,0.0,0.0,0.0
17,15,12.0,8.810088523665952,1.0,0.0,1.0,0.0,0.0,1.0
18,15,3.014421352730049,0.2704892898927737,1.0,0.0,0.0,0.0,0.0,0.0
19,15,7.785894974545359,7.265963285059161,1.0,1.0,0.0,1.0,0.0,0.0
20,15,8.167479401367242,3.210392926033602,1.0,0.0,0.0,0.0,0.0,1.0
21,15,5.244090240236604,2.968987975347354,0.0,0.0,0.0,1.0,1.0,0.0
22,15,7.132858882717019,2.9753309888270985,1.0,0.0,0.0,0.0,1.0,1.0
23,15,7.864909974273478,3.102917161996404,0.0,1.0,0.0,0.0,0.0,1.0
24,15,8.965723832980695,6.004027359864068,1.0,1.0,0.0,1.0,0.0,0.0
25,15,11.146613514420414,6.044071937422715,0.0,0.0,1.0,1.0,1.0,0.0
26,15,8.815279027801528,2.1241521381645168,0.0,0.0,0.0,0.0,1.0,0.0
27,15,6.980082708605616,6.178440155682334,0.0,0.0,0.0,1.0,0.0,1.0
28,15,8.775836169589768,2.014032034283771,0.0,1.0,0.0,1.0,0.0,1.0
29,15,0.0193590522669535,5.8338241262604535,1.0,0.0,1.0,0.0,1.0,1.0
30,15,5.880494074011896,11.134352244550994,0.0,0.0,1.0,0.0,0.0,1.0
31,15,2.9219789505617104,6.268662698266105,0.0,1.0,0.0,0.0,0.0,1.0
32,15,11.845406514943496,10.043269957734372,0.0,1.0,0.0,0.0,1.0,0.0
33,15,8.053627733120301,2.224074633118791,0.0,1.0,1.0,0.0,0.0,0.0
34,15,12.0,11.850534306744766,0.0,0.0,1.0,1.0,1.0,0.0
35,15,6.767481179108427,0.0,0.0,1.0,1.0,1.0,1.0,0.0
36,15,2.830057506862353,8.11871662609592,1.0,1.0,0.0,1.0,1.0,0.0
37,15,6.848198652706459,6.928701233856272,0.0,0.0,0.0,1.0,0.0,1.0
38,15,7.155480040208091,4.753068225617247,1.0,0.0,1.0,1.0,0.0,1.0
39,15,5.151304761786407,4.003361659519969,1.0,0.0,1.0,1.0,1.0,0.0
0,20,2.977979356673223,8.066131586212988,0.0,1.0,1.0,1.0,0.0,0.0
1,20,0.3360064173580834,8.997075576619082,1.0,0.0,0.0,0.0,0.0,1.0
2,20,8.215740322662267,0.0,0.0,0.0,1.0,0.0,0.0,0.0
3,20,5.173826590773359,5.026336118638771,0.0,1.0,1.0,1.0,0.0,0.0
4,20,10.643818610785589,9.3128655969233,1.0,0.0,0.0,0.0,0.0,1.0
5,20,8.016786092822189,11.80004075284845,0.0,1.0,1.0,0.0,0.0,1.0
6,20,0.0,7.859006034099607,0.0,1.0,0.0,0.0,0.0,1.0
7,20,3.1654152445689268,7.982274463900515,1.0,1.0,0.0,1.0,1.0,1.0
8,20,3.2468440784721486,12.0,1.0,0.0,1.0,0.0,0.0,0.0
9,20,12.0,11.156016749849169,0.0,1.0,1.0,1.0,1.0,0.0
10,20,7.054989863847827,10.079419267843154,0.0,0.0,0.0,1.0,1.0,1.0
11,20,12.0,0.913513207891388,0.0,0.0,1.0,1.0,0.0,1.0
12,20,6.098093873456782,3.1313201956899155,0.0,1.0,1.0,0.0,0.0,0.0
13,20,7.816375815555266,3.7066419254463816,1.0,0.0,0.0,0.0,1.0,0.0
14,20,0.2067345323650852,10.9449090660502,1.0,0.0,0.0,0.0,0.0,0.0
15,20,11.36651528066602,8.96968534814661,0.0,1.0,0.0,0.0,0.0,1.0
16,20,0.8364625299577071,10.209941238461244,0.0,0.0,0.0,0.0,0.0,0.0
17,20,12.0,8.756350543459446,1.0,0.0,1.0,0.0,0.0,1.0
18,20,3.019868478336869,0.3382718143043227,1.0,0.0,0.0,0.0,0.0,0.0
19,20,7.7199689854073075,7.339779217516069,1.0,1.0,0.0,1.0,0.0,0.0
20,20,8.217533534589306,3.27477530042293,1.0,0.0,0.0,0.0,0.0,1.0
21,20,5.2810042406609,2.963831663339106,0.0,0.0,0.0,1.0,1.0,0.0
22,20,7.138255442685776,2.974209868468292,1.0,0.0,0.0,0.0,1.0,1.0
23,20,7.8416878206150065,3.1216340612011138,0.0,1.0,0.0,0.0,0.0,1.0
24,20,8.9546789422438,6.005819400780485,1.0,1.0,0.0,1.0,0.0,0.0
25,20,11.186475001853438,6.0548072149051615,0.0,0.0,1.0,1.0,1.0,0.0
26,20,8.776896874674208,2.1500472123407217,0.0,0.0,0.0,0.0,1.0,0.0
27,20,6.978201950743458,6.204816898657439,0.0,0.0,0.0,1.0,0.0,1.0
28,20,8.733057014445212,2.0162727474259245,0.0,1.0,0.0,1.0,0.0,1.0
29,20,0.0239647118509848,5.804850244868886,1.0,0.0,1.0,0.0,1.0,1.0
30,20,5.849332316837482,11.167504945744325,0.0,0.0,1.0,0.0,0.0,1.0
31,20,2.9109141123625686,6.3088823044779305,0.0,1.0,0.0,0.0,0.0,1.0
32,20,11.828309799166664,10.048260374424274,0.0,1.0,0.0,0.0,1.0,0.0
33,20,8.064034469269583,2.2712645166981043,0.0,1.0,1.0,0.0,0.0,0.0
34,20,12.0,11.833906244442112,0.0,0.0,1.0,1.0,1.0,0.0
35,20,6.717525089240172,0.0,0.0,1.0,1.0,1.0,1.0,0.0
36,20,2.7964040251840423,8.142929377076152,1.0,1.0,0.0,1.0,1.0,0.0
37,20,6.81330140320611,6.912554718656342,0.0,0.0,0.0,1.0,0.0,1.0
38,20,7.199515339233041,4.682169228931887,1.0,0.0,1.0,1.0,0.0,1.0
39,20,5.172826214250689,4.003884250828577,1.0,0.0,1.0,1.0,1.0,0.0
0,25,2.9598968016552263,8.06407041223207,0.0,1.0,1.0,1.0,0.0,0.0
1,25,0.4117914088005683,8.996625623996145,1.0,0.0,0.0,0.0,0.0,1.0
2,25,8.252563618966855,0.0,0.0,0.0,1.0,0.0,0.0,0.0
3,25,5.180678352239774,5.027240254669959,0.0,1.0,1.0,1.0,0.0,0.0
4,25,10.570739933670902,9.378422255666298,1.0,0.0,0.0,0.0,0.0,1.0
5,25,8.019675499951065,11.76456066336164,0.0,1.0,1.0,0.0,0.0,1.0
6,25,0.0,7.842341102904253,0.0,1.0,0.0,0.0,0.0,1.0
7,25,3.1918148210136783,7.9709603358168755,1.0,1.0,0.0,1.0,1.0,1.0
8,25,3.2645056397542875,12.0,1.0,0.0,1.0,0.0,0.0,0.0
9,25,12.0,11.188054753336909,0.0,1.0,1.0,1.0,1.0,0.0
10,25,7.044319693733287,10.064212059611208,0.0,0.0,0.0,1.0,1.0,1.0
11,25,12.0,0.8955043655152445,0.0,0.0,1.0,1.0,0.0,1.0
12,25,6.081432714383371,3.14997993450739,0.0,1.0,1.0,0.0,0.0,0.0
13,25,7.746317871735727,3.751738887487102,1.0,0.0,0.0,0.0,1.0,0.0
14,25,0.2515861594761986,10.933262414416726,1.0,0.0,0.0,0.0,0.0,0.0
15,25,11.430414888388432,8.96537627190402,0.0,1.0,0.0,0.0,0.0,1.0
16,25,0.7904813940454715,10.275161173428833,0.0,0.0,0.0,0.0,0.0,0.0
17,25,12.0,8.700729094123703,1.0,0.0,1.0,0.0,0.0,1.0
18,25,3.0265241908304183,0.4162586421820733,1.0,0.0,0.0,0.0,0.0,0.0
19,25,7.658117495723754,7.407134005018081,1.0,1.0,0.0,1.0,0.0,0.0
20,25,8.27271865916756,3.3443571352024306,1.0,0.0,0.0,0.0,0.0,1.0
21,25,5.317153016615226,2.957955996876172,0.0,0.0,0.0,1.0,1.0,0.0
22,25,7.1470810179529325,2.972477537220038,1.0,0.0,0.0,0.0,1.0,1.0
23,25,7.810165514419702,3.1477741027465616,0.0,1.0,0.0,0.0,0.0,1.0
24,25,8.94607797611929,6.007214151762898,1.0,1.0,0.0,1.0,0.0,0.0
25,25,11.22024834716749,6.063253466214905,0.0,0.0,1.0,1.0,1.0,0.0
26,25,8.756450014068282,2.1641201953901623,0.0,0.0,0.0,0.0,1.0,0.0
27,25,6.975479431211872,6.233581518871793,0.0,0.0,0.0,1.0,0.0,1.0
28,25,8.673621728089207,2.0183329079386616,0.0,1.0,0.0,1.0,0.0,1.0
29,25,0.0287447047209076,5.77295079082681,1.0,0.0,1.0,0.0,1.0,1.0
30,25,5.807498175304982,11.209433400998318,0.0,0.0,1.0,0.0,0.0,1.0
31,25,2.8997090256323186,6.351455194051529,0.0,1.0,0.0,0.0,0.0,1.0
32,25,11.793995366433288,10.059113071920915,0.0,1.0,0.0,0.0,1.0,0.0
33,25,8.070384652470308,2.298295629603724,0.0,1.0,1.0,0.0,0.0,0.0
34,25,12.0,11.806261462049251,0.0,0.0,1.0,1.0,1.0,0.0
35,25,6.668020567495362,0.0,0.0,1.0,1.0,1.0,1.0,0.0
36,25,2.771159849376116,8.161072166326582,1.0,1.0,0.0,1.0,1.0,0.0
37,25,6.793371089563769,6.902978605080662,0.0,0.0,0.0,1.0,0.0,1.0
38,25,7.234094146471659,4.629063577042596,1.0,0.0,1.0,1.0,0.0,1.0
39,25,5.182671498448352,4.004096112702878,1.0,0.0,1.0,1.0,1.0,0.0
0,30,2.943705436836132,8.062334538983196,0.0,1.0,1.0,1.0,0.0,0.0
1,30,0.4841022351911908,8.994930096558509,1.0,0.0,0.0,0.0,0.0,1.0
2,30,8.301220493336604,0.0,0.0,0.0,1.0,0.0,0.0,0.0
3,30,5.1890527465412815,5.02839633052384,0.0,1.0,1.0,1.0,0.0,0.0
4,30,10.492919522099273,9.44667427190809,1.0,0.0,0.0,0.0,0.0,1.0
5,30,8.021340980602966,11.740457745480125,0.0,1.0,1.0,0.0,0.0,1.0
6,30,0.0086529028278714,7.840064193206876,0.0,1.0,0.0,0.0,0.0,1.0
7,30,3.2346824129546503,7.953526245932437,1.0,1.0,0.0,1.0,1.0,1.0
8,30,3.2809778719191702,12.0,1.0,0.0,1.0,0.0,0.0,0.0
9,30,12.0,11.233441229274783,0.0,1.0,1.0,1.0,1.0,0.0
10,30,7.028965614536121,10.043814836677798,0.0,0.0,0.0,1.0,1.0,1.0
11,30,12.0,0.8602517978084065,0.0,0.0,1.0,1.0,0.0,1.0
12,30,6.054973140276786,3.1793878661059045,0.0,1.0,1.0,0.0,0.0,0.0
13,30,7.66187984961779,3.808410584596494,1.0,0.0,0.0,0.0,1.0,0.0
14,30,0.3054092054015304,10.917324557251582,1.0,0.0,0.0,0.0,0.0,0.0
15,30,11.4893226827667,8.961338795754372,0.0,1.0,0.0,0.0,0.0,1.0
16,30,0.8265275119771309,10.299156617199786,0.0,0.0,0.0,0.0,0.0,0.0
17,30,12.0,8.665221467516732,1.0,0.0,1.0,0.0,0.0,1.0
18,30,3.0349650041271548,0.5055529584336836,1.0,0.0,0.0,0.0,0.0,0.0
19,30,7.602662999152565,7.46786247937099,1.0,1.0,0.0,1.0,0.0,0.0
20,30,8.331008558607156,3.417397305992779,1.0,0.0,0.0,0.0,0.0,1.0
21,30,5.347825961149296,2.952488977974556,0.0,0.0,0.0,1.0,1.0,0.0
22,30,7.163751511682286,2.9692144715444413,1.0,0.0,0.0,0.0,1.0,1.0
23,30,7.797530807969067,3.1586170001370584,0.0,1.0,0.0,0.0,0.0,1.0
24,30,8.955789185070897,6.005756275692614,1.0,1.0,0.0,1.0,0.0,0.0
25,30,11.26511151801871,6.073517070255773,0.0,0.0,1.0,1.0,1.0,0.0
26,30,8.731752319001568,2.181884397318753,0.0,0.0,0.0,0.0,1.0,0.0
27,30,6.974782738590865,6.24017894280916,0.0,0.0,0.0,1.0,0.0,1.0
28,30,8.634069923614668,2.019796683075093,0.0,1.0,0.0,1.0,0.0,1.0
29,30,0.0322920586046551,5.751427280804431,1.0,0.0,1.0,0.0,1.0,1.0
30,30,5.7719744912080495,11.245982728365345,0.0,0.0,1.0,0.0,0.0,1.0
31,30,2.887897907568874,6.396964605387942,0.0,1.0,0.0,0.0,0.0,1.0
32,30,11.7390866929862,10.076983402602782,0.0,1.0,0.0,0.0,1.0,0.0
33,30,8.081607780553789,2.35090107657462,0.0,1.0,1.0,0.0,0.0,0.0
34,30,12.0,11.775146291213328,0.0,0.0,1.0,1.0,1.0,0.0
35,30,6.621367827177865,0.0,0.0,1.0,1.0,1.0,1.0,0.0
36,30,2.740763315671076,8.183940592312691,1.0,1.0,0.0,1.0,1.0,0.0
37,30,6.781171570002206,6.897120816197005,0.0,0.0,0.0,1.0,0.0,1.0
38,30,7.282452724462535,4.556743990762426,1.0,0.0,1.0,1.0,0.0,1.0
39,30,5.216322349460063,4.005000640351707,1.0,0.0,1.0,1.0,1.0,0.0
0,35,2.9210656258377505,8.060698292893719,0.0,1.0,1.0,1.0,0.0,0.0
1,35,0.5637583862526001,8.993307071436522,1.0,0.0,0.0,0.0,0.0,1.0
2,35,8.318446368172616,0.0,0.0,0.0,1.0,0.0,0.0,0.0
3,35,5.210087661826525,5.031694821099074,0.0,1.0,1.0,1.0,0.0,0.0
4,35,10.408185312573623,9.524935473521149,1.0,0.0,0.0,0.0,0.0,1.0
5,35,8.023937192515325,11.695141950441943,0.0,1.0,1.0,0.0,0.0,1.0
6,35,0.0273820266235828,7.835195887182425,0.0,1.0,0.0,0.0,0.0,1.0
7,35,3.289925279522828,7.931636225045762,1.0,1.0,0.0,1.0,1.0,1.0
8,35,3.300908761860553,12.0,1.0,0.0,1.0,0.0,0.0,0.0
9,35,12.0,11.280766072302734,0.0,1.0,1.0,1.0,1.0,0.0
10,35,7.0113061956580935,10.019240058907124,0.0,0.0,0.0,1.0,1.0,1.0
11,35,12.0,0.8321857170958062,0.0,0.0,1.0,1.0,0.0,1.0
12,35,6.050774719143604,3.1840081121941712,0.0,1.0,1.0,0.0,0.0,0.0
13,35,7.584946140967867,3.8591920275505434,1.0,0.0,0.0,0.0,1.0,0.0
14,35,0.359933703593881,10.899476358352572,1.0,0.0,0.0,0.0,0.0,0.0
15,35,11.562088346077974,8.955338853211902,0.0,1.0,0.0,0.0,0.0,1.0
16,35,0.8785306917783035,10.333585942664673,0.0,0.0,0.0,0.0,0.0,0.0
17,35,12.0,8.630596800633391,1.0,0.0,1.0,0.0,0.0,1.0
18,35,3.0459585159908844,0.6059058516328633,1.0,0.0,0.0,0.0,0.0,0.0
19,35,7.541079568684386,7.537477158814667,1.0,1.0,0.0,1.0,0.0,0.0
20,35,8.39196104562497,3.3664185252534526,1.0,0.0,0.0,0.0,0.0,1.0
21,35,5.390129515884055,2.944318787581429,0.0,0.0,0.0,1.0,1.0,0.0
22,35,7.18609221896382,2.9644329850803603,1.0,0.0,0.0,0.0,1.0,1.0
23,35,7.786699964756443,3.16770250346082,0.0,1.0,0.0,0.0,0.0,1.0
24,35,8.975875564655063,6.002428023058364,1.0,1.0,0.0,1.0,0.0,0.0
25,35,11.314130177032032,6.083382446916621,0.0,0.0,1.0,1.0,1.0,0.0
26,35,8.700570225816477,2.203305072641557,0.0,0.0,0.0,0.0,1.0,0.0
27,35,6.973466204228316,6.252761615010492,0.0,0.0,0.0,1.0,0.0,1.0
28,35,8.582553449673082,2.020916522713158,0.0,1.0,0.0,1.0,0.0,1.0
29,35,0.0332396479880477,5.745410837760877,1.0,0.0,1.0,0.0,1.0,1.0
30,35,5.739342573949621,11.279233564554822,0.0,0.0,1.0,0.0,0.0,1.0
31,35,2.8765279674877355,6.435123455684131,0.0,1.0,0.0,0.0,0.0,1.0
32,35,11.691948369978167,10.091360198580244,0.0,1.0,0.0,0.0,1.0,0.0
33,35,8.08870083760497,2.389585681626547,0.0,1.0,1.0,0.0,0.0,0.0
34,35,12.0,11.749469579488432,0.0,0.0,1.0,1.0,1.0,0.0
35,35,6.569472134888847,0.0,0.0,1.0,1.0,1.0,1.0,0.0
36,35,2.7194016140194237,8.199690601952891,1.0,1.0,0.0,1.0,1.0,0.0
37,35,6.777520972638339,6.8953471020862205,0.0,0.0,0.0,1.0,0.0,1.0
38,35,7.331661824972933,4.486955185567955,1.0,0.0,1.0,1.0,0.0,1.0
39,35,5.242789802041282,4.006156513528829,1.0,0.0,1.0,1.0,1.0,0.0
0,40,2.897458384888813,8.059058805705597,0.0,1.0,1.0,1.0,0.0,0.0
1,40,0.6650646727326504,8.99026986742566,1.0,0.0,0.0,0.0,0.0,1.0
2,40,8.337877110531604,0.0,0.0,0.0,1.0,0.0,0.0,0.0
3,40,5.231983665214731,5.034620887637543,0.0,1.0,1.0,1.0,0.0,0.0
4,40,10.302222015728267,9.620542061906884,1.0,0.0,0.0,0.0,0.0,1.0
5,40,8.025009007446936,11.67156634652591,0.0,1.0,1.0,0.0,0.0,1.0
6,40,0.0214356858586824,7.81192380313242,0.0,1.0,0.0,0.0,0.0,1.0
7,40,3.33306188599476,7.914417827510698,1.0,1.0,0.0,1.0,1.0,1.0
8,40,3.323461037666056,12.0,1.0,0.0,1.0,0.0,0.0,0.0
9,40,12.0,11.33104151050246,0.0,1.0,1.0,1.0,1.0,0.0
10,40,6.98559825762365,9.982825386506454,0.0,0.0,0.0,1.0,1.0,1.0
11,40,12.0,0.8136903618793422,0.0,0.0,1.0,1.0,0.0,1.0
12,40,6.042293882697068,3.193273557885408,0.0,1.0,1.0,0.0,0.0,0.0
13,40,7.512382763607374,3.904291630851992,1.0,0.0,0.0,0.0,1.0,0.0
14,40,0.4248864654353447,10.878965897618272,1.0,0.0,0.0,0.0,0.0,0.0
15,40,11.624441938444834,8.950368595030614,0.0,1.0,0.0,0.0,0.0,1.0
16,40,0.9446414830443932,10.379535481529908,0.0,0.0,0.0,0.0,0.0,0.0
17,40,12.0,8.59622852964437,1.0,0.0,1.0,0.0,0.0,1.0
18,40,3.05408988895262,0.6942919176619258,1.0,0.0,0.0,0.0,0.0,0.0
19,40,7.489454570920733,7.6009784801799105,1.0,1.0,0.0,1.0,0.0,0.0
20,40,8.462027159490342,3.305719411667312,1.0,0.0,0.0,0.0,0.0,1.0
21,40,5.4140216036518,2.938478356255946,0.0,0.0,0.0,1.0,1.0,0.0
22,40,7.198798040524896,2.961584957746292,1.0,0.0,0.0,0.0,1.0,1.0
23,40,7.776340651537216,3.1768199700762203,0.0,1.0,0.0,0.0,0.0,1.0
24,40,8.986073744210723,6.001039464976019,1.0,1.0,0.0,1.0,0.0,0.0
25,40,11.328016667670946,6.011501680420447,0.0,0.0,1.0,1.0,1.0,0.0
26,40,8.674158269024398,2.221628208686293,0.0,0.0,0.0,0.0,1.0,0.0
27,40,6.969558118451396,6.285330067133883,0.0,0.0,0.0,1.0,0.0,1.0
28,40,8.529614748084743,2.021413530640305,0.0,1.0,0.0,1.0,0.0,1.0
29,40,0.0318489017608571,5.752938538108573,1.0,0.0,1.0,0.0,1.0,1.0
30,40,5.709405951664079,11.30980349147909,0.0,0.0,1.0,0.0,0.0,1.0
31,40,2.864483539121451,6.480193643048205,0.0,1.0,0.0,0.0,0.0,1.0
32,40,11.648330034063823,10.105124066100396,0.0,1.0,0.0,0.0,1.0,0.0
33,40,8.099639489841257,2.4438448014708394,0.0,1.0,1.0,0.0,0.0,0.0
34,40,12.0,11.6957627776139,0.0,0.0,1.0,1.0,1.0,0.0
35,40,6.524635307936944,0.0,0.0,1.0,1.0,1.0,1.0,0.0
36,40,2.701211046908217,8.212857628230275,1.0,1.0,0.0,1.0,1.0,0.0
37,40,6.777332195770622,6.895254202542296,0.0,0.0,0.0,1.0,0.0,1.0
38,40,7.380886459291673,4.413380593698515,1.0,0.0,1.0,1.0,0.0,1.0
39,40,5.253012602375544,4.0066303405966135,1.0,0.0,1.0,1.0,1.0,0.0
0,45,2.862424462045218,8.057157981442497,0.0,1.0,1.0,1.0,0.0,0.0
1,45,0.7739788901696922,8.987311662920353,1.0,0.0,0.0,0.0,0.0,1.0
2,45,8.34444886101483,0.0,0.0,0.0,1.0,0.0,0.0,0.0
3,45,5.250014711660643,5.03753650065515,0.0,1.0,1.0,1.0,0.0,0.0
4,45,10.18772806893387,9.725201412722846,1.0,0.0,0.0,0.0,0.0,1.0
5,45,8.025932976058263,11.648834841593766,0.0,1.0,1.0,0.0,0.0,1.0
6,45,0.0123230936047217,7.773204913237542,0.0,1.0,0.0,0.0,0.0,1.0
7,45,3.3732888069539486,7.898567126947399,1.0,1.0,0.0,1.0,1.0,1.0
8,45,3.354123899926684,12.0,1.0,0.0,1.0,0.0,0.0,0.0
9,45,12.0,11.383287871349768,0.0,1.0,1.0,1.0,1.0,0.0
10,45,6.963984260231817,9.953218406408594,0.0,0.0,0.0,1.0,1.0,1.0
11,45,12.0,0.8042323338275689,0.0,0.0,1.0,1.0,0.0,1.0
12,45,6.036293281244109,3.2001136762113336,0.0,1.0,1.0,0.0,0.0,0.0
13,45,7.43998862229727,3.946379037616968,1.0,0.0,0.0,0.0,1.0,0.0
14,45,0.4714455922522492,10.862751367388858,1.0,0.0,0.0,0.0,0.0,0.0
15,45,11.61949386297943,8.886805884870046,0.0,1.0,0.0,0.0,0.0,1.0
16,45,1.0048930945060643,10.418128237542565,0.0,0.0,0.0,0.0,0.0,0.0
17,45,12.0,8.579361760718635,1.0,0.0,1.0,0.0,0.0,1.0
18,45,3.0620356832439644,0.7887936401449417,1.0,0.0,0.0,0.0,0.0,0.0
19,45,7.430351183887436,7.675142070390265,1.0,1.0,0.0,1.0,0.0,0.0
20,45,8.533220627176002,3.241540097687937,1.0,0.0,0.0,0.0,0.0,1.0
21,45,5.429865038014733,2.934953987710851,0.0,0.0,0.0,1.0,1.0,0.0
22,45,7.192760474293348,2.9625510042765515,1.0,0.0,0.0,0.0,1.0,1.0
23,45,7.778521991852823,3.1748141432465946,0.0,1.0,0.0,0.0,0.0,1.0
24,45,9.015821375340348,5.997445009960181,1.0,1.0,0.0,1.0,0.0,0.0
25,45,11.344440072656932,5.931682992639788,0.0,0.0,1.0,1.0,1.0,0.0
26,45,8.636226376464434,2.2489084026975137,0.0,0.0,0.0,0.0,1.0,0.0
27,45,6.961907962602547,6.342766051675696,0.0,0.0,0.0,1.0,0.0,1.0
28,45,8.493554703490197,2.021700682179562,0.0,1.0,0.0,1.0,0.0,1.0
29,45,0.0268554133095387,5.7757475422826765,1.0,0.0,1.0,0.0,1.0,1.0
30,45,5.682432860536936,11.337430947780568,0.0,0.0,1.0,0.0,0.0,1.0
31,45,2.85527221311274,6.513893432127133,0.0,1.0,0.0,0.0,0.0,1.0
32,45,11.595607933197966,10.121194848681302,0.0,1.0,0.0,0.0,1.0,0.0
33,45,8.111690665211718,2.504703786396463,0.0,1.0,1.0,0.0,0.0,0.0
34,45,12.0,11.635494806180878,0.0,0.0,1.0,1.0,1.0,0.0
35,45,6.471381724041743,0.0,0.0,1.0,1.0,1.0,1.0,0.0
36,45,2.656410244968572,8.24545482195269,1.0,1.0,0.0,1.0,1.0,0.0
37,45,6.779640413932075,6.896358607136958,0.0,0.0,0.0,1.0,0.0,1.0
38,45,7.432576803011848,4.341169756702217,1.0,0.0,1.0,1.0,0.0,1.0
39,45,5.278318068729929,4.008101574178681,1.0,0.0,1.0,1.0,1.0,0.0
0,50,2.8284139194971565,8.055048117618766,0.0,1.0,1.0,1.0,0.0,0.0
1,50,0.8977827181006872,8.98130788688021,1.0,0.0,0.0,0.0,0.0,1.0
2,50,8.340276012437045,0.0010900114468376,0.0,0.0,1.0,0.0,0.0,0.0
3,50,5.289480582876074,5.043191722990587,0.0,1.0,1.0,1.0,0.0,0.0
4,50,10.081275899866238,9.82477305511203,1.0,0.0,0.0,0.0,0.0,1.0
5,50,8.028211927408398,11.618532605654709,0.0,1.0,1.0,0.0,0.0,1.0
6,50,0.0051415903621365,7.741119583861977,0.0,1.0,0.0,0.0,0.0,1.0
7,50,3.412343950090006,7.8837564711534975,1.0,1.0,0.0,1.0,1.0,1.0
8,50,3.3740947836890958,12.0,1.0,0.0,1.0,0.0,0.0,0.0
9,50,12.0,11.455504009121944,0.0,1.0,1.0,1.0,1.0,0.0
10,50,6.947851354274964,9.932098286980176,0.0,0.0,0.0,1.0,1.0,1.0
11,50,12.0,0.7881617749623719,0.0,0.0,1.0,1.0,0.0,1.0
12,50,6.031642939900571,3.2051126127242284,0.0,1.0,1.0,0.0,0.0,0.0
13,50,7.384592471786266,3.976414378260469,1.0,0.0,0.0,0.0,1.0,0.0
14,50,0.5214704339079516,10.846081717247204,1.0,0.0,0.0,0.0,0.0,0.0
15,50,11.614878194334404,8.833937941449724,0.0,1.0,0.0,0.0,0.0,1.0
16,50,1.088796564454304,10.471234306599914,0.0,0.0,0.0,0.0,0.0,0.0
17,50,12.0,8.549036308044332,1.0,0.0,1.0,0.0,0.0,1.0
18,50,3.0713602786247347,0.87673940052492,1.0,0.0,0.0,0.0,0.0,0.0
19,50,7.361981801935277,7.759364639804527,1.0,1.0,0.0,1.0,0.0,0.0
20,50,8.604390695261694,3.1747610939309308,1.0,0.0,0.0,0.0,0.0,1.0
21,50,5.470970897452429,2.924858466445938,0.0,0.0,0.0,1.0,1.0,0.0
22,50,7.202399123496439,2.9605096028258875,1.0,0.0,0.0,0.0,1.0,1.0
23,50,7.776477042816507,3.1766485121043773,0.0,1.0,0.0,0.0,0.0,1.0
24,50,9.043721396943724,5.993107946985107,1.0,1.0,0.0,1.0,0.0,0.0
25,50,11.364133564551157,5.844545283365896,0.0,0.0,1.0,1.0,1.0,0.0
26,50,8.590228769736965,2.2814681451412366,0.0,0.0,0.0,0.0,1.0,0.0
27,50,6.95451540070984,6.391576473295658,0.0,0.0,0.0,1.0,0.0,1.0
28,50,8.472295282629114,2.0224462420023896,0.0,1.0,0.0,1.0,0.0,1.0
29,50,0.0231097136810205,5.794077048461364,1.0,0.0,1.0,0.0,1.0,1.0
30,50,5.643905707931924,11.378624008826664,0.0,0.0,1.0,0.0,0.0,1.0
31,50,2.8478612175598563,6.539706483523667,0.0,1.0,0.0,0.0,0.0,1.0
32,50,11.538062888650412,10.138721250241234,0.0,1.0,0.0,0.0,1.0,0.0
33,50,8.128174976531051,2.5735196321921845,0.0,1.0,1.0,0.0,0.0,0.0
34,50,12.0,11.59034855517263,0.0,0.0,1.0,1.0,1.0,0.0
35,50,6.421086007928761,0.0,0.0,1.0,1.0,1.0,1.0,0.0
36,50,2.6235651516224654,8.270462009716706,1.0,1.0,0.0,1.0,1.0,0.0
37,50,6.772338005773861,6.892874636564773,0.0,0.0,0.0,1.0,0.0,1.0
38,50,7.482713920856896,4.271985577215603,1.0,0.0,1.0,1.0,0.0,1.0
39,50,5.294967932121755,4.008937972430148,1.0,0.0,1.0,1.0,1.0,0.0
0,55,2.80841718613922,8.053527636228116,0.0,1.0,1.0,1.0,0.0,0.0
1,55,1.0392142264125808,8.971900698323417,1.0,0.0,0.0,0.0,0.0,1.0
2,55,8.344103074015505,0.0001438026312709,0.0,0.0,1.0,0.0,0.0,0.0
3,55,5.337091671980143,5.0510845376442415,0.0,1.0,1.0,1.0,0.0,0.0
4,55,9.973576833798749,9.92671410880595,1.0,0.0,0.0,0.0,0.0,1.0
5,55,8.029309987353244,11.605997662086564,0.0,1.0,1.0,0.0,0.0,1.0
6,55,0.0028745426445915,7.731586638094503,0.0,1.0,0.0,0.0,0.0,1.0
7,55,3.4681984865923763,7.86239454073191,1.0,1.0,0.0,1.0,1.0,1.0
8,55,3.378058465992801,12.0,1.0,0.0,1.0,0.0,0.0,0.0
9,55,12.0,11.536399916559876,0.0,1.0,1.0,1.0,1.0,0.0
10,55,6.927512392410969,9.90576425524647,0.0,0.0,0.0,1.0,1.0,1.0
11,55,12.0,0.7657982070979803,0.0,0.0,1.0,1.0,0.0,1.0
12,55,6.033500500964341,3.203123457642996,0.0,1.0,1.0,0.0,0.0,0.0
13,55,7.355728592369228,3.991479355690415,1.0,0.0,0.0,0.0,1.0,0.0
14,55,0.5669768426844648,10.831107700192849,1.0,0.0,0.0,0.0,0.0,0.0
15,55,11.60729943847416,8.759560935133678,0.0,1.0,0.0,0.0,0.0,1.0
16,55,1.1694330230250094,10.520331545367585,0.0,0.0,0.0,0.0,0.0,0.0
17,55,12.0,8.542227435912368,1.0,0.0,1.0,0.0,0.0,1.0
18,55,3.080681827919273,0.9558039034159974,1.0,0.0,0.0,0.0,0.0,0.0
19,55,7.285314995821705,7.857849596319177,1.0,1.0,0.0,1.0,0.0,0.0
20,55,8.678586337506372,3.102276532629512,1.0,0.0,0.0,0.0,0.0,1.0
21,55,5.523519756864006,2.912520753773049,0.0,0.0,0.0,1.0,1.0,0.0
22,55,7.196569046998985,2.9618682109213728,1.0,0.0,0.0,0.0,1.0,1.0
23,55,7.770443634312636,3.181695105680298,0.0,1.0,0.0,0.0,0.0,1.0
24,55,9.070002526564553,5.989593085638592,1.0,1.0,0.0,1.0,0.0,0.0
25,55,11.380592955619647,5.77681843325758,0.0,0.0,1.0,1.0,1.0,0.0
26,55,8.536768210599755,2.317998085002189,0.0,0.0,0.0,0.0,1.0,0.0
27,55,6.947218599766132,6.437461527973639,0.0,0.0,0.0,1.0,0.0,1.0
28,55,8.411793522197371,2.02598522522352,0.0,1.0,0.0,1.0,0.0,1.0
29,55,0.0215856606603535,5.801308995524233,1.0,0.0,1.0,0.0,1.0,1.0
30,55,5.5981723987732,11.430006559342049,0.0,0.0,1.0,0.0,0.0,1.0
31,55,2.8535429709150173,6.541515876648505,0.0,1.0,0.0,0.0,0.0,1.0
32,55,11.50044668834893,10.15136908374964,0.0,1.0,0.0,0.0,1.0,0.0
33,55,8.141096890213298,2.637498710545285,0.0,1.0,1.0,0.0,0.0,0.0
34,55,12.0,11.524266755660706,0.0,0.0,1.0,1.0,1.0,0.0
35,55,6.362087658802044,0.0,0.0,1.0,1.0,1.0,1.0,0.0
36,55,2.595505418983209,8.291785907157722,1.0,1.0,0.0,1.0,1.0,0.0
37,55,6.7711745515075785,6.892341855688885,0.0,0.0,0.0,1.0,0.0,1.0
38,55,7.525905352145227,4.210414522615947,1.0,0.0,1.0,1.0,0.0,1.0
39,55,5.310031458647668,4.009726065113983,1.0,0.0,1.0,1.0,1.0,0.0
0,60,2.794024571599412,8.052277529544826,0.0,1.0,1.0,1.0,0.0,0.0
1,60,1.1828607148069257,8.962846045859827,1.0,0.0,0.0,0.0,0.0,1.0
2,60,8.345917039469889,0.0,0.0,0.0,1.0,0.0,0.0,0.0
3,60,5.421172048032667,5.063681544397707,0.0,1.0,1.0,1.0,0.0,0.0
4,60,9.866024842906048,10.027137506401017,1.0,0.0,0.0,0.0,0.0,1.0
5,60,8.02940376056435,11.604677870215577,0.0,1.0,1.0,0.0,0.0,1.0
6,60,0.0,7.699214095099901,0.0,1.0,0.0,0.0,0.0,1.0
7,60,3.523539521331573,7.841362884610831,1.0,1.0,0.0,1.0,1.0,1.0
8,60,3.3820295054501037,12.0,1.0,0.0,1.0,0.0,0.0,0.0
9,60,12.0,11.632063251165633,0.0,1.0,1.0,1.0,1.0,0.0
10,60,6.90592651776774,9.876879434067185,0.0,0.0,0.0,1.0,1.0,1.0
11,60,12.0,0.739529957762864,0.0,0.0,1.0,1.0,0.0,1.0
12,60,6.043506076205566,3.192307237163073,0.0,1.0,1.0,0.0,0.0,0.0
13,60,7.322309877895344,4.009194305782124,1.0,0.0,0.0,0.0,1.0,0.0
14,60,0.6195001725113873,10.813356087894007,1.0,0.0,0.0,0.0,0.0,0.0
15,60,11.59742220111533,8.670583351078337,0.0,1.0,0.0,0.0,0.0,1.0
16,60,1.241494569675275,10.564461576129386,0.0,0.0,0.0,0.0,0.0,0.0
17,60,12.0,8.530485828850741,1.0,0.0,1.0,0.0,0.0,1.0
18,60,3.0883090122582626,1.0317415806421155,1.0,0.0,0.0,0.0,0.0,0.0
19,60,7.221939753905509,7.934900492656432,1.0,1.0,0.0,1.0,0.0,0.0
20,60,8.755749137046832,3.0306749736038854,1.0,0.0,0.0,0.0,0.0,1.0
21,60,5.578143559559659,2.8998234708497925,0.0,0.0,0.0,1.0,1.0,0.0
22,60,7.203611810156185,2.960294711170198,1.0,0.0,0.0,0.0,1.0,1.0
23,60,7.763010262086854,3.1878291938187204,0.0,1.0,0.0,0.0,0.0,1.0
24,60,9.10438940731471,5.985324404674074,1.0,1.0,0.0,1.0,0.0,0.0
25,60,11.398874586267103,5.705020693842917,0.0,0.0,1.0,1.0,1.0,0.0
26,60,8.487579057295472,2.3512612904177352,0.0,0.0,0.0,0.0,1.0,0.0
27,60,6.936055101233519,6.5060396031132175,0.0,0.0,0.0,1.0,0.0,1.0
28,60,8.334785280281832,2.0304692098612005,0.0,1.0,0.0,1.0,0.0,1.0
29,60,0.0217882665241639,5.800338253195337,1.0,0.0,1.0,0.0,1.0,1.0
30,60,5.555399201920995,11.47700647377065,0.0,0.0,1.0,0.0,0.0,1.0
31,60,2.877890802393761,6.5489525804124185,0.0,1.0,0.0,0.0,0.0,1.0
32,60,11.470695895477052,10.161904696786,0.0,1.0,0.0,0.0,1.0,0.0
33,60,8.152035350586106,2.688650175520055,0.0,1.0,1.0,0.0,0.0,0.0
34,60,12.0,11.456632043804373,0.0,0.0,1.0,1.0,1.0,0.0
35,60,6.323374503588803,0.0,0.0,1.0,1.0,1.0,1.0,0.0
36,60,2.556246570403751,8.32313628485895,1.0,1.0,0.0,1.0,1.0,0.0
37,60,6.773613800133147,6.893429144922433,0.0,0.0,0.0,1.0,0.0,1.0
38,60,7.562338300318798,4.159191726437106,1.0,0.0,1.0,1.0,0.0,1.0
39,60,5.340748890570692,4.012931792568141,1.0,0.0,1.0,1.0,1.0,0.0
0,65,2.7819148913948517,8.051130987370007,0.0,1.0,1.0,1.0,0.0,0.0
1,65,1.306907174282126,8.952868321826138,1.0,0.0,0.0,0.0,0.0,1.0
2,65,8.331953909483754,0.0031320208265136,0.0,0.0,1.0,0.0,0.0,0.0
3,65,5.510930143888499,5.076860472362252,0.0,1.0,1.0,1.0,0.0,0.0
4,65,9.775935458554136,10.109340745023813,1.0,0.0,0.0,0.0,0.0,1.0
5,65,8.028741981639579,11.61716060963187,0.0,1.0,1.0,0.0,0.0,1.0
6,65,0.0,7.665491776395852,0.0,1.0,0.0,0.0,0.0,1.0
7,65,3.5703951212511558,7.82435770740121,1.0,1.0,0.0,1.0,1.0,1.0
8,65,3.396633671755331,12.0,1.0,0.0,1.0,0.0,0.0,0.0
9,65,12.0,11.745962758924032,0.0,1.0,1.0,1.0,1.0,0.0
10,65,6.884959065525948,9.8484123308755,0.0,0.0,0.0,1.0,1.0,1.0
11,65,12.0,0.7073404275785046,0.0,0.0,1.0,1.0,0.0,1.0
12,65,6.046044739018496,3.189422186369272,0.0,1.0,1.0,0.0,0.0,0.0
13,65,7.302411858010749,4.019916067981227,1.0,0.0,0.0,0.0,1.0,0.0
14,65,0.6706003259315516,10.795155026010084,1.0,0.0,0.0,0.0,0.0,0.0
15,65,11.590587284605435,8.602483283260021,0.0,1.0,0.0,0.0,0.0,1.0
16,65,1.2929806532916717,10.594629764020262,0.0,0.0,0.0,0.0,0.0,0.0
17,65,12.0,8.507788799660187,1.0,0.0,1.0,0.0,0.0,1.0
18,65,3.0945509471092216,1.0806564907680551,1.0,0.0,0.0,0.0,0.0,0.0
19,65,7.143176705582732,8.031625643191756,1.0,1.0,0.0,1.0,0.0,0.0
20,65,8.83443823245687,2.953704960074784,1.0,0.0,0.0,0.0,0.0,1.0
21,65,5.61744399953238,2.891328436807372,0.0,0.0,0.0,1.0,1.0,0.0
22,65,7.201855694241532,2.9607487894031177,1.0,0.0,0.0,0.0,1.0,1.0
23,65,7.738306910980551,3.208887832260201,0.0,1.0,0.0,0.0,0.0,1.0
24,65,9.1460656032826,5.980606127374607,1.0,1.0,0.0,1.0,0.0,0.0
25,65,11.41246070142686,5.652553208362914,0.0,0.0,1.0,1.0,1.0,0.0
26,65,8.445770269301384,2.377285679450326,0.0,0.0,0.0,0.0,1.0,0.0
27,65,6.92812550274328,6.571080712570803,0.0,0.0,0.0,1.0,0.0,1.0
28,65,8.274548440282583,2.0341488876517846,0.0,1.0,0.0,1.0,0.0,1.0
29,65,0.0220820319625299,5.799064958006506,1.0,0.0,1.0,0.0,1.0,1.0
30,65,5.5074452993382,11.529894078764697,0.0,0.0,1.0,0.0,0.0,1.0
31,65,2.917521890249132,6.561261270554779,0.0,1.0,0.0,0.0,0.0,1.0
32,65,11.425077412381238,10.178300207765302,0.0,1.0,0.0,0.0,1.0,0.0
33,65,8.16328669347312,2.7377478937862687,0.0,1.0,1.0,0.0,0.0,0.0
34,65,12.0,11.3852670135474,0.0,0.0,1.0,1.0,1.0,0.0
35,65,6.288571353413236,0.0,0.0,1.0,1.0,1.0,1.0,0.0
36,65,2.5025068577213703,8.366122483445324,1.0,1.0,0.0,1.0,1.0,0.0
37,65,6.792128826744777,6.901357493912555,0.0,0.0,0.0,1.0,0.0,1.0
38,65,7.595887548993264,4.108775490463689,1.0,0.0,1.0,1.0,0.0,1.0
39,65,5.356456449286685,4.014682521626284,1.0,0.0,1.0,1.0,1.0,0.0
0,70,2.7976403475248315,8.052073337829626,0.0,1.0,1.0,1.0,0.0,0.0
1,70,1.438318455689282,8.93754599733183,1.0,0.0,0.0,0.0,0.0,1.0
2,70,8.318341061697456,0.006197189669527,0.0,0.0,1.0,0.0,0.0,0.0
3,70,5.605046515071126,5.091406613243,0.0,1.0,1.0,1.0,0.0,0.0
4,70,9.6875713263517,10.189548773241093,1.0,0.0,0.0,0.0,0.0,1.0
5,70,8.028265513975628,11.631603351134684,0.0,1.0,1.0,0.0,0.0,1.0
6,70,0.0,7.659695503701348,0.0,1.0,0.0,0.0,0.0,1.0
7,70,3.6407607998033775,7.796794024591243,1.0,1.0,0.0,1.0,1.0,1.0
8,70,3.410186396651958,12.0,1.0,0.0,1.0,0.0,0.0,0.0
9,70,12.0,11.862557566512832,0.0,1.0,1.0,1.0,1.0,0.0
10,70,6.875999283742151,9.836446679577612,0.0,0.0,0.0,1.0,1.0,1.0
11,70,12.0,0.6893876002877045,0.0,0.0,1.0,1.0,0.0,1.0
12,70,6.062943146614328,3.170076874210733,0.0,1.0,1.0,0.0,0.0,0.0
13,70,7.274868601352291,4.035382951265868,1.0,0.0,0.0,0.0,1.0,0.0
14,70,0.6896932367043278,10.787729700146553,1.0,0.0,0.0,0.0,0.0,0.0
15,70,11.581930730925048,8.501108487536442,0.0,1.0,0.0,0.0,0.0,1.0
16,70,1.3519366114400722,10.627694993785312,0.0,0.0,0.0,0.0,0.0,0.0
17,70,12.0,8.472764638898587,1.0,0.0,1.0,0.0,0.0,1.0
18,70,3.1012708260977915,1.1336755007424832,1.0,0.0,0.0,0.0,0.0,0.0
19,70,7.044573986954246,8.147502385216272,1.0,1.0,0.0,1.0,0.0,0.0
20,70,8.915765602812884,2.874205849260757,1.0,0.0,0.0,0.0,0.0,1.0
21,70,5.671853862233238,2.8778410985404093,0.0,0.0,0.0,1.0,1.0,0.0
22,70,7.228935316523199,2.953327424285311,1.0,0.0,0.0,0.0,1.0,1.0
23,70,7.714834686344003,3.228613367111369,0.0,1.0,0.0,0.0,0.0,1.0
24,70,9.198105760157702,5.975389352076581,1.0,1.0,0.0,1.0,0.0,0.0
25,70,11.424432145014704,5.601718753183421,0.0,0.0,1.0,1.0,1.0,0.0
26,70,8.394286839898632,2.407035649861881,0.0,0.0,0.0,0.0,1.0,0.0
27,70,6.918788729804604,6.644789171085215,0.0,0.0,0.0,1.0,0.0,1.0
28,70,8.218278841707471,2.036883967246937,0.0,1.0,0.0,1.0,0.0,1.0
29,70,0.0299158273822203,5.763688795419191,1.0,0.0,1.0,0.0,1.0,1.0
30,70,5.462542313655672,11.578750770093302,0.0,0.0,1.0,0.0,0.0,1.0
31,70,2.9504161293669853,6.571512517937865,0.0,1.0,0.0,0.0,0.0,1.0
32,70,11.377908975534783,10.19512392670796,0.0,1.0,0.0,0.0,1.0,0.0
33,70,8.17201037502453,2.774313493939866,0.0,1.0,1.0,0.0,0.0,0.0
34,70,12.0,11.304408169227864,0.0,0.0,1.0,1.0,1.0,0.0
35,70,6.261533888674075,0.0,0.0,1.0,1.0,1.0,1.0,0.0
36,70,2.436959917732597,8.417863081732545,1.0,1.0,0.0,1.0,1.0,0.0
37,70,6.82494577452246,6.914122788651508,0.0,0.0,0.0,1.0,0.0,1.0
38,70,7.622149856974554,4.069750541752283,1.0,0.0,1.0,1.0,0.0,1.0
39,70,5.401610217518595,4.020305708723219,1.0,0.0,1.0,1.0,1.0,0.0
0,75,2.7848785593176792,8.051262504308546,0.0,1.0,1.0,1.0,0.0,0.0
1,75,1.5445581033796991,8.926464985474112,1.0,0.0,0.0,0.0,0.0,1.0
2,75,8.308571622431225,0.0087315203572171,0.0,0.0,1.0,0.0,0.0,0.0
3,75,5.705997154920995,5.1067232813219325,0.0,1.0,1.0,1.0,0.0,0.0
4,75,9.589240410825704,10.273467212868985,1.0,0.0,0.0,0.0,0.0,1.0
5,75,8.028156779596323,11.643466823688724,0.0,1.0,1.0,0.0,0.0,1.0
6,75,0.0,7.649369802528059,0.0,1.0,0.0,0.0,0.0,1.0
7,75,3.7113894223734816,7.766961844821711,1.0,1.0,0.0,1.0,1.0,1.0
8,75,3.4167100594256903,12.0,1.0,0.0,1.0,0.0,0.0,0.0
9,75,12.0,11.984399983194962,0.0,1.0,1.0,1.0,1.0,0.0
10,75,6.866546409155155,9.823612784178929,0.0,0.0,0.0,1.0,1.0,1.0
11,75,12.0,0.6624593980815118,0.0,0.0,1.0,1.0,0.0,1.0
12,75,6.087367910343184,3.140849062122993,0.0,1.0,1.0,0.0,0.0,0.0
13,75,7.246324148503633,4.052038701270365,1.0,0.0,0.0,0.0,1.0,0.0
14,75,0.7265986626679327,10.772948370188171,1.0,0.0,0.0,0.0,0.0,0.0
15,75,11.571512896173848,8.38792808835522,0.0,1.0,0.0,0.0,0.0,1.0
16,75,1.4102298065739494,10.6603878276576,0.0,0.0,0.0,0.0,0.0,0.0
17,75,12.0,8.422518067732435,1.0,0.0,1.0,0.0,0.0,1.0
18,75,3.110442925229247,1.2002956186524742,1.0,0.0,0.0,0.0,0.0,0.0
19,75,6.958731172857484,8.068978847021377,1.0,1.0,0.0,1.0,0.0,0.0
20,75,8.998108780370991,2.793723480950149,1.0,0.0,0.0,0.0,0.0,1.0
21,75,5.7238988772430615,2.86456173931069,0.0,0.0,0.0,1.0,1.0,0.0
22,75,7.258304939029813,2.945952214492481,1.0,0.0,0.0,0.0,1.0,1.0
23,75,7.689752630145339,3.248118897538662,0.0,1.0,0.0,0.0,0.0,1.0
24,75,9.245268866244349,5.972076575761161,1.0,1.0,0.0,1.0,0.0,0.0
25,75,11.436957019894,5.552987493178435,0.0,0.0,1.0,1.0,1.0,0.0
26,75,8.345266611543527,2.4356886074694137,0.0,0.0,0.0,0.0,1.0,0.0
27,75,6.911524198293458,6.7202525672807925,0.0,0.0,0.0,1.0,0.0,1.0
28,75,8.157210577794235,2.0404609274752583,0.0,1.0,0.0,1.0,0.0,1.0
29,75,0.0384508651406605,5.718250731005749,1.0,0.0,1.0,0.0,1.0,1.0
30,75,5.415260370199933,11.63277286215524,0.0,0.0,1.0,0.0,0.0,1.0
31,75,3.011578920601276,6.59247922224246,0.0,1.0,0.0,0.0,0.0,1.0
32,75,11.316466317564505,10.21706159567374,0.0,1.0,0.0,0.0,1.0,0.0
33,75,8.177695255242465,2.799086577468409,0.0,1.0,1.0,0.0,0.0,0.0
34,75,12.0,11.21555600232948,0.0,0.0,1.0,1.0,1.0,0.0
35,75,6.223451269195003,0.0,0.0,1.0,1.0,1.0,1.0,0.0
36,75,2.3657726050283383,8.472996844280225,1.0,1.0,0.0,1.0,1.0,0.0
37,75,6.857838845984387,6.92523059525772,0.0,0.0,0.0,1.0,0.0,1.0
38,75,7.651613048724257,4.027122234263855,1.0,0.0,1.0,1.0,0.0,1.0
39,75,5.428152148869942,4.024347815193098,1.0,0.0,1.0,1.0,1.0,0.0
0,80,2.769078129700214,8.050045587780376,0.0,1.0,1.0,1.0,0.0,0.0
1,80,1.6452987608223135,8.917961636037887,1.0,0.0,0.0,0.0,0.0,1.0
2,80,8.290605860820982,0.0132809549614576,0.0,0.0,1.0,0.0,0.0,0.0
3,80,5.800128740108889,5.120555709171294,0.0,1.0,1.0,1.0,0.0,0.0
4,80,9.48900887260772,10.358147436437203,1.0,0.0,0.0,0.0,0.0,1.0
5,80,8.028176567656287,11.650183745780682,0.0,1.0,1.0,0.0,0.0,1.0
6,80,0.0,7.618930235666367,0.0,1.0,0.0,0.0,0.0,1.0
7,80,3.782249234308215,7.738235396216345,1.0,1.0,0.0,1.0,1.0,1.0
8,80,3.4099810996724096,11.997465881390118,1.0,0.0,1.0,0.0,0.0,0.0
9,80,12.0,12.0,0.0,1.0,1.0,1.0,1.0,0.0
10,80,6.85556884923671,9.808581253081476,0.0,0.0,0.0,1.0,1.0,1.0
11,80,12.0,0.6394237694285614,0.0,0.0,1.0,1.0,0.0,1.0
12,80,6.097981904966969,3.128370586952375,0.0,1.0,1.0,0.0,0.0,0.0
13,80,7.210157301438888,4.07204082405339,1.0,0.0,0.0,0.0,1.0,0.0
14,80,0.7428990000393807,10.765794259872996,1.0,0.0,0.0,0.0,0.0,0.0
15,80,11.561330810974043,8.268993240599329,0.0,1.0,0.0,0.0,0.0,1.0
16,80,1.4721940318465387,10.694758981805904,0.0,0.0,0.0,0.0,0.0,0.0
17,80,12.0,8.350380920112018,1.0,0.0,1.0,0.0,0.0,1.0
18,80,3.121206995605329,1.2714992621244956,1.0,0.0,0.0,0.0,0.0,0.0
19,80,6.867777022057455,7.985037192748481,1.0,1.0,0.0,1.0,0.0,0.0
20,80,9.088941146905327,2.710565524876922,1.0,0.0,0.0,0.0,0.0,1.0
21,80,5.772172611023907,2.852072776749416,0.0,0.0,0.0,1.0,1.0,0.0
22,80,7.284024213972246,2.9391780614282954,1.0,0.0,0.0,0.0,1.0,1.0
23,80,7.653696623542641,3.275772986259996,0.0,1.0,0.0,0.0,0.0,1.0
24,80,9.293693849274788,5.967828853838116,1.0,1.0,0.0,1.0,0.0,0.0
25,80,11.449078668619508,5.5063113615436,0.0,0.0,1.0,1.0,1.0,0.0
26,80,8.279956665260737,2.4771543110166823,0.0,0.0,0.0,0.0,1.0,0.0
27,80,6.903441422081771,6.7877862944261445,0.0,0.0,0.0,1.0,0.0,1.0
28,80,8.094251669462444,2.045319377366704,0.0,1.0,0.0,1.0,0.0,1.0
29,80,0.0473869438963114,5.670838663360708,1.0,0.0,1.0,0.0,1.0,1.0
30,80,5.360070553831132,11.69708635848123,0.0,0.0,1.0,0.0,0.0,1.0
31,80,3.037491408733279,6.601569238804792,0.0,1.0,0.0,0.0,0.0,1.0
32,80,11.243932207843654,10.24292617450646,0.0,1.0,0.0,0.0,1.0,0.0
33,80,8.183324741416712,2.8257117646741063,0.0,1.0,1.0,0.0,0.0,0.0
34,80,12.0,11.120361544969018,0.0,0.0,1.0,1.0,1.0,0.0
35,80,6.202939726033224,0.0,0.0,1.0,1.0,1.0,1.0,0.0
36,80,2.300495102258215,8.526411153001687,1.0,1.0,0.0,1.0,1.0,0.0
37,80,6.894232044421372,6.937214757457903,0.0,0.0,0.0,1.0,0.0,1.0
38,80,7.686459010062756,3.976855616437765,1.0,0.0,1.0,1.0,0.0,1.0
39,80,5.442432470398821,4.026717219070085,1.0,0.0,1.0,1.0,1.0,0.0
0,85,2.730062146387993,8.046315697779155,0.0,1.0,1.0,1.0,0.0,0.0
1,85,1.7499538851575789,8.905890103043843,1.0,0.0,0.0,0.0,0.0,1.0
2,85,8.28603145635539,0.0143407232399499,0.0,0.0,1.0,0.0,0.0,0.0
3,85,5.900438397370881,5.133221308717329,0.0,1.0,1.0,1.0,0.0,0.0
4,85,9.38310379866219,10.444412920382725,1.0,0.0,0.0,0.0,0.0,1.0
5,85,8.028043984495445,11.641005243434286,0.0,1.0,1.0,0.0,0.0,1.0
6,85,0.0,7.583773692698609,0.0,1.0,0.0,0.0,0.0,1.0
7,85,3.857726373183963,7.710563006164052,1.0,1.0,0.0,1.0,1.0,1.0
8,85,3.4137455179359057,11.998938888872054,1.0,0.0,1.0,0.0,0.0,0.0
9,85,12.0,12.0,0.0,1.0,1.0,1.0,1.0,0.0
10,85,6.883893979662069,9.787947110597573,0.0,0.0,0.0,1.0,1.0,1.0
11,85,12.0,0.6196912207421403,0.0,0.0,1.0,1.0,0.0,1.0
12,85,6.125234291610576,3.0971276974097783,0.0,1.0,1.0,0.0,0.0,0.0
13,85,7.187629498957875,4.084280918537169,1.0,0.0,0.0,0.0,1.0,0.0
14,85,0.7425412444180477,10.765939029638425,1.0,0.0,0.0,0.0,0.0,0.0
15,85,11.55035440989514,8.144840650601969,0.0,1.0,0.0,0.0,0.0,1.0
16,85,1.5322438505245377,10.728955222541066,0.0,0.0,0.0,0.0,0.0,0.0
17,85,12.0,8.257464047169456,1.0,0.0,1.0,0.0,0.0,1.0
18,85,3.129702012683488,1.323331109368292,1.0,0.0,0.0,0.0,0.0,0.0
19,85,6.786352949690582,7.911450294644184,1.0,1.0,0.0,1.0,0.0,0.0
20,85,9.174155698414436,2.624981338271019,1.0,0.0,0.0,0.0,0.0,1.0
21,85,5.812725884814944,2.841713670352605,0.0,0.0,0.0,1.0,1.0,0.0
22,85,7.288511028415595,2.9379490510899298,1.0,0.0,0.0,0.0,1.0,1.0
23,85,7.629053372497356,3.292601616930779,0.0,1.0,0.0,0.0,0.0,1.0
24,85,9.34524288788125,5.963480406794046,1.0,1.0,0.0,1.0,0.0,0.0
25,85,11.457223853039382,5.47666699091234,0.0,0.0,1.0,1.0,1.0,0.0
26,85,8.212372928436926,2.51993178685122,0.0,0.0,0.0,0.0,1.0,0.0
27,85,6.897254341436411,6.844802444444356,0.0,0.0,0.0,1.0,0.0,1.0
28,85,8.025927352750456,2.051164995655685,0.0,1.0,0.0,1.0,0.0,1.0
29,85,0.0534280690862018,5.640220819471573,1.0,0.0,1.0,0.0,1.0,1.0
30,85,5.317097312571439,11.751903797968517,0.0,0.0,1.0,0.0,0.0,1.0
31,85,3.057447902175088,6.608896231675576,0.0,1.0,0.0,0.0,0.0,1.0
32,85,11.175444583196686,10.26701928863364,0.0,1.0,0.0,0.0,1.0,0.0
33,85,8.191757703954126,2.8657127552503163,0.0,1.0,1.0,0.0,0.0,0.0
34,85,12.0,11.019294783176951,0.0,0.0,1.0,1.0,1.0,0.0
35,85,6.172897812017984,0.0,0.0,1.0,1.0,1.0,1.0,0.0
36,85,2.2386545939498497,8.577080771370513,1.0,1.0,0.0,1.0,1.0,0.0
37,85,6.92325217358132,6.946795330013105,0.0,0.0,0.0,1.0,0.0,1.0
38,85,7.724727044667116,3.922376572995756,1.0,0.0,1.0,1.0,0.0,1.0
39,85,5.440637634206857,4.026443370322517,1.0,0.0,1.0,1.0,1.0,0.0
0,90,2.700909130724175,8.043723613726579,0.0,1.0,1.0,1.0,0.0,0.0
1,90,1.8397708255888483,8.894784819974603,1.0,0.0,0.0,0.0,0.0,1.0
2,90,8.277406465998697,0.0161726037809867,0.0,0.0,1.0,0.0,0.0,0.0
3,90,6.022115129853101,5.149858521827518,0.0,1.0,1.0,1.0,0.0,0.0
4,90,9.283059152627205,10.53122660178621,1.0,0.0,0.0,0.0,0.0,1.0
5,90,8.027907160012836,11.629060430919417,0.0,1.0,1.0,0.0,0.0,1.0
6,90,0.0,7.526589425395882,0.0,1.0,0.0,0.0,0.0,1.0
7,90,3.925598654903163,7.684705943351324,1.0,1.0,0.0,1.0,1.0,1.0
8,90,3.390052459895569,11.9896495769434,1.0,0.0,1.0,0.0,0.0,0.0
9,90,12.0,12.0,0.0,1.0,1.0,1.0,1.0,0.0
10,90,6.910317530506306,9.76810664250366,0.0,0.0,0.0,1.0,1.0,1.0
11,90,12.0,0.5916014341971003,0.0,0.0,1.0,1.0,0.0,1.0
12,90,6.148088972136411,3.070506277721458,0.0,1.0,1.0,0.0,0.0,0.0
13,90,7.164169148977026,4.096462972174552,1.0,0.0,0.0,0.0,1.0,0.0
14,90,0.7609961332069716,10.758339256772029,1.0,0.0,0.0,0.0,0.0,0.0
15,90,11.540500149515465,8.037800407937446,0.0,1.0,0.0,0.0,0.0,1.0
16,90,1.5951582438670748,10.76259314623521,0.0,0.0,0.0,0.0,0.0,0.0
17,90,12.0,8.160761055517973,1.0,0.0,1.0,0.0,0.0,1.0
18,90,3.1347829556688858,1.353151333276914,1.0,0.0,0.0,0.0,0.0,0.0
19,90,6.70323229882423,7.837770995381596,1.0,1.0,0.0,1.0,0.0,0.0
20,90,9.257196147046242,2.5435778404649354,1.0,0.0,0.0,0.0,0.0,1.0
21,90,5.858454107586935,2.83255482656832,0.0,0.0,0.0,1.0,1.0,0.0
22,90,7.3025009433520145,2.934218380733969,1.0,0.0,0.0,0.0,1.0,1.0
23,90,7.621668539949401,3.29767137882249,0.0,1.0,0.0,0.0,0.0,1.0
24,90,9.415102023599085,5.956478268421773,1.0,1.0,0.0,1.0,0.0,0.0
25,90,11.467851523070308,5.438670976465069,0.0,0.0,1.0,1.0,1.0,0.0
26,90,8.134116692251558,2.56962328079517,0.0,0.0,0.0,0.0,1.0,0.0
27,90,6.894278795130743,6.870860849009636,0.0,0.0,0.0,1.0,0.0,1.0
28,90,7.9686769464571965,2.056635999724208,0.0,1.0,0.0,1.0,0.0,1.0
29,90,0.0567778073412502,5.623145733362245,1.0,0.0,1.0,0.0,1.0,1.0
30,90,5.280322049082642,11.798504968239516,0.0,0.0,1.0,0.0,0.0,1.0
31,90,3.1026309443229,6.62474247904962,0.0,1.0,0.0,0.0,0.0,1.0
32,90,11.089509426464772,10.299364333030352,0.0,1.0,0.0,0.0,1.0,0.0
33,90,8.201092387012004,2.904703441068145,0.0,1.0,1.0,0.0,0.0,0.0
34,90,12.0,10.893299893956527,0.0,0.0,1.0,1.0,1.0,0.0
35,90,6.136709924264312,0.0,0.0,1.0,1.0,1.0,1.0,0.0
36,90,2.175836817946263,8.62710264660184,1.0,1.0,0.0,1.0,1.0,0.0
37,90,6.961206401699471,6.958478967017633,0.0,0.0,0.0,1.0,0.0,1.0
38,90,7.76570739247597,3.862074562635762,1.0,0.0,1.0,1.0,0.0,1.0
39,90,5.427050446034519,4.024753240302308,1.0,0.0,1.0,1.0,1.0,0.0
0,95,2.66747089357074,8.039815613979588,0.0,1.0,1.0,1.0,0.0,0.0
1,95,1.9418391520710776,8.88310315451748,1.0,0.0,0.0,0.0,0.0,1.0
2,95,8.265939121324475,0.0188444146742074,0.0,0.0,1.0,0.0,0.0,0.0
3,95,6.140639119562106,5.168294637332779,0.0,1.0,1.0,1.0,0.0,0.0
4,95,9.177388996750755,10.629335443637215,1.0,0.0,0.0,0.0,0.0,1.0
5,95,8.027883930380584,11.618839173062485,0.0,1.0,1.0,0.0,0.0,1.0
6,95,0.0,7.462383404406209,0.0,1.0,0.0,0.0,0.0,1.0
7,95,3.997427640484301,7.6568096983623875,1.0,1.0,0.0,1.0,1.0,1.0
8,95,3.396547464821289,11.99210996640734,1.0,0.0,1.0,0.0,0.0,0.0
9,95,12.0,12.0,0.0,1.0,1.0,1.0,1.0,0.0
10,95,6.946018871597933,9.741660922178612,0.0,0.0,0.0,1.0,1.0,1.0
11,95,12.0,0.5667452835548117,0.0,0.0,1.0,1.0,0.0,1.0
12,95,6.186105250837772,3.0274948911394306,0.0,1.0,1.0,0.0,0.0,0.0
13,95,7.1277426566028295,4.115775895176759,1.0,0.0,0.0,0.0,1.0,0.0
14,95,0.7933285309044873,10.744306695888262,1.0,0.0,0.0,0.0,0.0,0.0
15,95,11.530888178510075,7.934858793098637,0.0,1.0,0.0,0.0,0.0,1.0
16,95,1.670682380814014,10.80524696482403,0.0,0.0,0.0,0.0,0.0,0.0
17,95,12.0,8.06098073287682,1.0,0.0,1.0,0.0,0.0,1.0
18,95,3.1402313131953985,1.3843169725508844,1.0,0.0,0.0,0.0,0.0,0.0
19,95,6.621354085424342,7.760196782652638,1.0,1.0,0.0,1.0,0.0,0.0
20,95,9.343883619511647,2.461124182665704,1.0,0.0,0.0,0.0,0.0,1.0
21,95,5.896226180656541,2.8249448385912115,0.0,0.0,0.0,1.0,1.0,0.0
22,95,7.316040551958599,2.930618426705326,1.0,0.0,0.0,0.0,1.0,1.0
23,95,7.633843665618568,3.289148147279065,0.0,1.0,0.0,0.0,0.0,1.0
24,95,9.462254678141186,5.9502953296113645,1.0,1.0,0.0,1.0,0.0,0.0
25,95,11.475221724901724,5.413107441011259,0.0,0.0,1.0,1.0,1.0,0.0
26,95,8.058510665992218,2.618553367703014,0.0,0.0,0.0,0.0,1.0,0.0
27,95,6.889806599099162,6.909099714103466,0.0,0.0,0.0,1.0,0.0,1.0
28,95,7.909202842586104,2.0615959601447997,0.0,1.0,0.0,1.0,0.0,1.0
29,95,0.0624441072893605,5.59714494767394,1.0,0.0,1.0,0.0,1.0,1.0
30,95,5.249438727945352,11.836779946741537,0.0,0.0,1.0,0.0,0.0,1.0
31,95,3.1586552384381146,6.64525911865959,0.0,1.0,0.0,0.0,0.0,1.0
32,95,11.018762696384368,10.323235028963945,0.0,1.0,0.0,0.0,1.0,0.0
33,95,8.21081808437668,2.952549026119597,0.0,1.0,1.0,0.0,0.0,0.0
34,95,12.0,10.75575904146045,0.0,0.0,1.0,1.0,1.0,0.0
35,95,6.100480294019783,0.0,0.0,1.0,1.0,1.0,1.0,0.0
36,95,2.106740003721104,8.688309391301468,1.0,1.0,0.0,1.0,1.0,0.0
37,95,7.002326215979871,6.97031001281039,0.0,0.0,0.0,1.0,0.0,1.0
38,95,7.807496848992534,3.802032042149839,1.0,0.0,1.0,1.0,0.0,1.0
39,95,5.40284412563651,4.0219251308650135,1.0,0.0,1.0,1.0,1.0,0.0
0,100,2.636017588183453,8.036313967258646,0.0,1.0,1.0,1.0,0.0,0.0
1,100,2.0365028904804445,8.874646151439931,1.0,0.0,0.0,0.0,0.0,1.0
2,100,8.256488722599109,0.0208104983802229,0.0,0.0,1.0,0.0,0.0,0.0
3,100,6.273835827021927,5.190848698644648,0.0,1.0,1.0,1.0,0.0,0.0
4,100,9.070741051628122,10.726050129766094,1.0,0.0,0.0,0.0,0.0,1.0
5,100,8.027876758561122,11.621295154892758,0.0,1.0,1.0,0.0,0.0,1.0
6,100,0.0,7.4279690909994365,0.0,1.0,0.0,0.0,0.0,1.0
7,100,4.059627898335349,7.632523159649759,1.0,1.0,0.0,1.0,1.0,1.0
8,100,3.403273103843579,11.994586203336263,1.0,0.0,1.0,0.0,0.0,0.0
9,100,12.0,12.0,0.0,1.0,1.0,1.0,1.0,0.0
10,100,6.986697499363711,9.713170539031095,0.0,0.0,0.0,1.0,1.0,1.0
11,100,12.0,0.5284392592401727,0.0,0.0,1.0,1.0,0.0,1.0
12,100,6.216964339144467,2.9933667847501164,0.0,1.0,1.0,0.0,0.0,0.0
13,100,7.103329647392589,4.127880562420148,1.0,0.0,0.0,0.0,1.0,0.0
14,100,0.816825972217346,10.734495461492155,1.0,0.0,0.0,0.0,0.0,0.0
15,100,11.523186628471397,7.855129652751355,0.0,1.0,0.0,0.0,0.0,1.0
16,100,1.745672809083401,10.84558479638689,0.0,0.0,0.0,0.0,0.0,0.0
17,100,12.0,7.967693667881468,1.0,0.0,1.0,0.0,0.0,1.0
18,100,3.1489147886025823,1.4362930895802497,1.0,0.0,0.0,0.0,0.0,0.0
19,100,6.533031256252566,7.678321337318213,1.0,1.0,0.0,1.0,0.0,0.0
20,100,9.438788159458795,2.36900341602366,1.0,0.0,0.0,0.0,0.0,1.0
21,100,5.930866972556874,2.817544360976753,0.0,0.0,0.0,1.0,1.0,0.0
22,100,7.339838871909694,2.9245838127985446,1.0,0.0,0.0,0.0,1.0,1.0
23,100,7.638002482086492,3.2861957258815324,0.0,1.0,0.0,0.0,0.0,1.0
24,100,9.49264540677699,5.946604688328269,1.0,1.0,0.0,1.0,0.0,0.0
25,100,11.482771084187329,5.3894462801125576,0.0,0.0,1.0,1.0,1.0,0.0
26,100,7.998623009967255,2.658182285503826,0.0,0.0,0.0,0.0,1.0,0.0
27,100,6.8828397301996365,6.96739475215843,0.0,0.0,0.0,1.0,0.0,1.0
28,100,7.831589892589753,2.0658038829279497,0.0,1.0,0.0,1.0,0.0,1.0
29,100,0.0748543145517532,5.536818127780996,1.0,0.0,1.0,0.0,1.0,1.0
30,100,5.219561710840335,11.875176864456895,0.0,0.0,1.0,0.0,0.0,1.0
31,100,3.215247090545286,6.66636875325872,0.0,1.0,0.0,0.0,0.0,1.0
32,100,10.952970878703107,10.346528532581004,0.0,1.0,0.0,0.0,1.0,0.0
33,100,8.222788675480286,3.0105233699023746,0.0,1.0,1.0,0.0,0.0,0.0
34,100,12.0,10.612617334570803,0.0,0.0,1.0,1.0,1.0,0.0
35,100,6.0794560185385205,0.0,0.0,1.0,1.0,1.0,1.0,0.0
36,100,2.044235601885973,8.743660486158706,1.0,1.0,0.0,1.0,1.0,0.0
37,100,7.061576407672612,6.987720673890754,0.0,0.0,0.0,1.0,0.0,1.0
38,100,7.848947942387556,3.7418810149074577,1.0,0.0,1.0,1.0,0.0,1.0
39,100,5.367900385947936,4.018292449440392,1.0,0.0,1.0,1.0,1.0,0.0
0,105,2.6251802176971277,8.035041042895758,0.0,1.0,1.0,1.0,0.0,0.0
1,105,2.1498455797079883,8.862147946453648,1.0,0.0,0.0,0.0,0.0,1.0
2,105,8.225003453348036,0.0279951627557215,0.0,0.0,1.0,0.0,0.0,0.0
3,105,6.406711020648313,5.215503703757153,0.0,1.0,1.0,1.0,0.0,0.0
4,105,8.958237228506873,10.832210301742943,1.0,0.0,0.0,0.0,0.0,1.0
5,105,8.027993196928575,11.6267397031833,0.0,1.0,1.0,0.0,0.0,1.0
6,105,0.0,7.38205038464802,0.0,1.0,0.0,0.0,0.0,1.0
7,105,4.107281172660135,7.6139062963502,1.0,1.0,0.0,1.0,1.0,1.0
8,105,3.419335004098224,12.0,1.0,0.0,1.0,0.0,0.0,0.0
9,105,12.0,12.0,0.0,1.0,1.0,1.0,1.0,0.0
10,105,7.042020752773021,9.673180281268191,0.0,0.0,0.0,1.0,1.0,1.0
11,105,12.0,0.4982560433427788,0.0,0.0,1.0,1.0,0.0,1.0
12,105,6.252466884448155,3.023929911602333,0.0,1.0,1.0,0.0,0.0,0.0
13,105,7.049611129497128,4.155125525176346,1.0,0.0,0.0,0.0,1.0,0.0
14,105,0.8459102065763839,10.722187256024514,1.0,0.0,0.0,0.0,0.0,0.0
15,105,11.512248459542665,7.757920947892773,0.0,1.0,0.0,0.0,0.0,1.0
16,105,1.8198216910786944,10.884361826021316,0.0,0.0,0.0,0.0,0.0,0.0
17,105,12.0,7.871702900173399,1.0,0.0,1.0,0.0,0.0,1.0
18,105,3.1561522962253443,1.4774093785337388,1.0,0.0,0.0,0.0,0.0,0.0
19,105,6.428605549520239,7.582328277703674,1.0,1.0,0.0,1.0,0.0,0.0
20,105,9.53493773357379,2.2745273881605894,1.0,0.0,0.0,0.0,0.0,1.0
21,105,5.974174636297404,2.8086899209439222,0.0,0.0,0.0,1.0,1.0,0.0
22,105,7.377145256595582,2.913613972077136,1.0,0.0,0.0,0.0,1.0,1.0
23,105,7.636588495457421,3.2872263660397083,0.0,1.0,0.0,0.0,0.0,1.0
24,105,9.526059879776978,5.942720340214181,1.0,1.0,0.0,1.0,0.0,0.0
25,105,11.485788029610967,5.379446480694411,0.0,0.0,1.0,1.0,1.0,0.0
26,105,7.925578870147819,2.704316140585316,0.0,0.0,0.0,0.0,1.0,0.0
27,105,6.876345415965744,7.022454633982016,0.0,0.0,0.0,1.0,0.0,1.0
28,105,7.756271651121675,2.070131339920451,0.0,1.0,0.0,1.0,0.0,1.0
29,105,0.0842017353490521,5.481465543811048,1.0,0.0,1.0,0.0,1.0,1.0
30,105,5.18055587929302,11.925286919207917,0.0,0.0,1.0,0.0,0.0,1.0
31,105,3.2696094435193546,6.686734450329734,0.0,1.0,0.0,0.0,0.0,1.0
32,105,10.887713847024605,10.370096796996917,0.0,1.0,0.0,0.0,1.0,0.0
33,105,8.234413931555983,3.073742098738448,0.0,1.0,1.0,0.0,0.0,0.0
34,105,12.0,10.47783426293128,0.0,0.0,1.0,1.0,1.0,0.0
35,105,6.060381069162176,0.0,0.0,1.0,1.0,1.0,1.0,0.0
36,105,1.9829802362568247,8.80052029299656,1.0,1.0,0.0,1.0,1.0,0.0
37,105,7.116821240139299,7.005167998544931,0.0,0.0,0.0,1.0,0.0,1.0
38,105,7.86822265048239,3.713689266611286,1.0,0.0,1.0,1.0,0.0,1.0
39,105,5.335862192028267,4.014545790446748,1.0,0.0,1.0,1.0,1.0,0.0
0,110,2.632030696847508,8.035961856382995,0.0,1.0,1.0,1.0,0.0,0.0
1,110,2.2679649885421598,8.849819979686,1.0,0.0,0.0,0.0,0.0,1.0
2,110,8.21952259045053,0.0293637848520454,0.0,0.0,1.0,0.0,0.0,0.0
3,110,6.540211374537449,5.240773200675946,0.0,1.0,1.0,1.0,0.0,0.0
4,110,8.838589400814083,10.947761165763266,1.0,0.0,0.0,0.0,0.0,1.0
5,110,8.028201016859386,11.639975864193447,0.0,1.0,1.0,0.0,0.0,1.0
6,110,0.0,7.34505773088626,0.0,1.0,0.0,0.0,0.0,1.0
7,110,4.151309409916088,7.598077573704307,1.0,1.0,0.0,1.0,1.0,1.0
8,110,3.4387706714019566,12.0,1.0,0.0,1.0,0.0,0.0,0.0
9,110,12.0,12.0,0.0,1.0,1.0,1.0,1.0,0.0
10,110,7.102240925974455,9.626982033659129,0.0,0.0,0.0,1.0,1.0,1.0
11,110,12.0,0.4555882442993271,0.0,0.0,1.0,1.0,0.0,1.0
12,110,6.298611584328587,3.0642576785513658,0.0,1.0,1.0,0.0,0.0,0.0
13,110,6.966591884048091,4.1982045793740985,1.0,0.0,0.0,0.0,1.0,0.0
14,110,0.884564078736896,10.705420799950383,1.0,0.0,0.0,0.0,0.0,0.0
15,110,11.496866916471314,7.639484164607488,0.0,1.0,0.0,0.0,0.0,1.0
16,110,1.8989191913574703,10.922312483671952,0.0,0.0,0.0,0.0,0.0,0.0
17,110,12.0,7.758246348072305,1.0,0.0,1.0,0.0,0.0,1.0
18,110,3.163096713703608,1.5146085226303962,1.0,0.0,0.0,0.0,0.0,0.0
19,110,6.325791447005715,7.4826439496564765,1.0,1.0,0.0,1.0,0.0,0.0
20,110,9.6288663781479,2.1844706340275386,1.0,0.0,0.0,0.0,0.0,1.0
21,110,6.0129395162046695,2.801205025269177,0.0,0.0,0.0,1.0,1.0,0.0
22,110,7.403553115795712,2.905700746959057,1.0,0.0,0.0,0.0,1.0,1.0
23,110,7.616575790729562,3.301760997858452,0.0,1.0,0.0,0.0,0.0,1.0
24,110,9.586192585868329,5.936084738239875,1.0,1.0,0.0,1.0,0.0,0.0
25,110,11.495860120910509,5.34862012325162,0.0,0.0,1.0,1.0,1.0,0.0
26,110,7.84819319097033,2.751888192633017,0.0,0.0,0.0,0.0,1.0,0.0
27,110,6.871898260854446,7.074560297944743,0.0,0.0,0.0,1.0,0.0,1.0
28,110,7.688961367048534,2.0724101641642707,0.0,1.0,0.0,1.0,0.0,1.0
29,110,0.0974803758580785,5.405847430032557,1.0,0.0,1.0,0.0,1.0,1.0
30,110,5.13478691470576,11.986205360632257,0.0,0.0,1.0,0.0,0.0,1.0
31,110,3.3187094130486234,6.707060484852706,0.0,1.0,0.0,0.0,0.0,1.0
32,110,10.841348368415206,10.386240772193904,0.0,1.0,0.0,0.0,1.0,0.0
33,110,8.24743851110219,3.138237396374417,0.0,1.0,1.0,0.0,0.0,0.0
34,110,12.0,10.35161619156765,0.0,0.0,1.0,1.0,1.0,0.0
35,110,6.0481701398212335,0.0,0.0,1.0,1.0,1.0,1.0,0.0
36,110,1.9403884794926107,8.839256667770934,1.0,1.0,0.0,1.0,1.0,0.0
37,110,7.161089564899182,7.018031723972863,0.0,0.0,0.0,1.0,0.0,1.0
38,110,7.895156373826573,3.67269276253044,1.0,0.0,1.0,1.0,0.0,1.0
39,110,5.288413369196627,4.008964792595766,1.0,0.0,1.0,1.0,1.0,0.0
0,115,2.6549213634472,8.038708602590786,0.0,1.0,1.0,1.0,0.0,0.0
1,115,2.386739237158509,8.836282665204227,1.0,0.0,0.0,0.0,0.0,1.0
2,115,8.219111161814471,0.0294567001191632,0.0,0.0,1.0,0.0,0.0,0.0
3,115,6.672963653333833,5.268701508544595,0.0,1.0,1.0,1.0,0.0,0.0
4,115,8.730993569813478,11.049247070387349,1.0,0.0,0.0,0.0,0.0,1.0
5,115,8.02807086203254,11.634465235299448,0.0,1.0,1.0,0.0,0.0,1.0
6,115,0.0,7.304516064021625,0.0,1.0,0.0,0.0,0.0,1.0
7,115,4.170930763075859,7.591842641528763,1.0,1.0,0.0,1.0,1.0,1.0
8,115,3.423099660340815,11.99487336182613,1.0,0.0,1.0,0.0,0.0,0.0
9,115,12.0,12.0,0.0,1.0,1.0,1.0,1.0,0.0
10,115,7.158672816706176,9.582715572176667,0.0,0.0,0.0,1.0,1.0,1.0
11,115,12.0,0.4023348220619923,0.0,0.0,1.0,1.0,0.0,1.0
12,115,6.35475617578333,3.113382055663499,0.0,1.0,1.0,0.0,0.0,0.0
13,115,6.8798740148992135,4.2445023923390846,1.0,0.0,0.0,0.0,1.0,0.0
14,115,0.9156641728020364,10.692614145862102,1.0,0.0,0.0,0.0,0.0,0.0
15,115,11.479883459017218,7.516696045296759,0.0,1.0,0.0,0.0,0.0,1.0
16,115,1.986379434845709,10.96448655351355,0.0,0.0,0.0,0.0,0.0,0.0
17,115,12.0,7.659828487626346,1.0,0.0,1.0,0.0,0.0,1.0
18,115,3.173109843364493,1.5658384540268968,1.0,0.0,0.0,0.0,0.0,0.0
19,115,6.224734130206449,7.385432774868562,1.0,1.0,0.0,1.0,0.0,0.0
20,115,9.729572672419112,2.085802489239678,1.0,0.0,0.0,0.0,0.0,1.0
21,115,6.101041073377485,2.784985704636368,0.0,0.0,0.0,1.0,1.0,0.0
22,115,7.4354340684099025,2.896410866173876,1.0,0.0,0.0,0.0,1.0,1.0
23,115,7.602572228478137,3.3114183444102663,0.0,1.0,0.0,0.0,0.0,1.0
24,115,9.623306906827908,5.931454154303423,1.0,1.0,0.0,1.0,0.0,0.0
25,115,11.506248729273873,5.314695267522318,0.0,0.0,1.0,1.0,1.0,0.0
26,115,7.7685793769721885,2.79886163835864,0.0,0.0,0.0,0.0,1.0,0.0
27,115,6.867506459787269,7.138122480044203,0.0,0.0,0.0,1.0,0.0,1.0
28,115,7.62970958168077,2.0748220469269123,0.0,1.0,0.0,1.0,0.0,1.0
29,115,0.1117978073299751,5.330831930160511,1.0,0.0,1.0,0.0,1.0,1.0
30,115,5.102412222949621,12.0,0.0,0.0,1.0,0.0,0.0,1.0
31,115,3.347338019442384,6.719232746485178,0.0,1.0,0.0,0.0,0.0,1.0
32,115,10.796064525858547,10.40086907963904,0.0,1.0,0.0,0.0,1.0,0.0
33,115,8.261334343584576,3.2114213143904395,0.0,1.0,1.0,0.0,0.0,0.0
34,115,12.0,10.241584326362418,0.0,0.0,1.0,1.0,1.0,0.0
35,115,6.050958505674933,0.001841182383505,0.0,1.0,1.0,1.0,1.0,0.0
36,115,1.8990413957646768,8.876740475407528,1.0,1.0,0.0,1.0,1.0,0.0
37,115,7.193875538623371,7.028119489648019,0.0,0.0,0.0,1.0,0.0,1.0
38,115,7.914422491262954,3.6437401423118634,1.0,0.0,1.0,1.0,0.0,1.0
39,115,5.236875026215446,4.004216762313679,1.0,0.0,1.0,1.0,1.0,0.0
0,120,2.6708726304391384,8.040598042488588,0.0,1.0,1.0,1.0,0.0,0.0
1,120,2.4947480317481654,8.825549370585174,1.0,0.0,0.0,0.0,0.0,1.0
2,120,8.204767213393698,0.0328689826755247,0.0,0.0,1.0,0.0,0.0,0.0
3,120,6.809921619554804,5.297915506128457,0.0,1.0,1.0,1.0,0.0,0.0
4,120,8.6326986896889,11.138592889177044,1.0,0.0,0.0,0.0,0.0,1.0
5,120,8.02835185238771,11.652603321150384,0.0,1.0,1.0,0.0,0.0,1.0
6,120,0.0,7.24644025245643,0.0,1.0,0.0,0.0,0.0,1.0
7,120,4.190365080280372,7.585657214976813,1.0,1.0,0.0,1.0,1.0,1.0
8,120,3.390696112445988,11.984076031583962,1.0,0.0,1.0,0.0,0.0,0.0
9,120,12.0,12.0,0.0,1.0,1.0,1.0,1.0,0.0
10,120,7.224258734785256,9.533237859739677,0.0,0.0,0.0,1.0,1.0,1.0
11,120,12.0,0.3437427674670793,0.0,0.0,1.0,1.0,0.0,1.0
12,120,6.405051747520895,3.1579484323069704,0.0,1.0,1.0,0.0,0.0,0.0
13,120,6.783054751182164,4.292054032702608,1.0,0.0,0.0,0.0,1.0,0.0
14,120,0.9347056179968112,10.685266595105128,1.0,0.0,0.0,0.0,0.0,0.0
15,120,11.468418760416236,7.402152022987778,0.0,1.0,0.0,0.0,0.0,1.0
16,120,2.0641716489650834,11.002239128176482,0.0,0.0,0.0,0.0,0.0,0.0
17,120,12.0,7.552911776285216,1.0,0.0,1.0,0.0,0.0,1.0
18,120,3.1815566120454526,1.6076258252366125,1.0,0.0,0.0,0.0,0.0,0.0
19,120,6.12235906473861,7.293117668266999,1.0,1.0,0.0,1.0,0.0,0.0
20,120,9.821926226330746,1.9947866431730417,1.0,0.0,0.0,0.0,0.0,1.0
21,120,6.187900332898425,2.7690506419072345,0.0,0.0,0.0,1.0,1.0,0.0
22,120,7.465060813377265,2.8884408164659603,1.0,0.0,0.0,0.0,1.0,1.0
23,120,7.581781440572754,3.3265876361070297,0.0,1.0,0.0,0.0,0.0,1.0
24,120,9.662536146961628,5.927149582324056,1.0,1.0,0.0,1.0,0.0,0.0
25,120,11.513850451273784,5.288236790344796,0.0,0.0,1.0,1.0,1.0,0.0
26,120,7.69627404000842,2.8408892597172746,0.0,0.0,0.0,0.0,1.0,0.0
27,120,6.862565535524411,7.209338688904516,0.0,0.0,0.0,1.0,0.0,1.0
28,120,7.568209440301208,2.0784887836956267,0.0,1.0,0.0,1.0,0.0,1.0
29,120,0.1247641736643229,5.261947340093817,1.0,0.0,1.0,0.0,1.0,1.0
30,120,5.078047592641616,12.0,0.0,0.0,1.0,0.0,0.0,1.0
31,120,3.378679308217977,6.732046659950318,0.0,1.0,0.0,0.0,0.0,1.0
32,120,10.721329558206325,10.424181972080564,0.0,1.0,0.0,0.0,1.0,0.0
33,120,8.271552570219665,3.2742641505448176,0.0,1.0,1.0,0.0,0.0,0.0
34,120,12.0,10.13544542463695,0.0,0.0,1.0,1.0,1.0,0.0
35,120,6.055051389232876,0.004580751059316,0.0,1.0,1.0,1.0,1.0,0.0
36,120,1.869230695117178,8.904164677764955,1.0,1.0,0.0,1.0,1.0,0.0
37,120,7.222926126454999,7.037173281481962,0.0,0.0,0.0,1.0,0.0,1.0
38,120,7.935404729746397,3.613220508245649,1.0,0.0,1.0,1.0,0.0,1.0
39,120,5.199452389297894,4.001343603727788,1.0,0.0,1.0,1.0,1.0,0.0
0,125,2.6865312927259435,8.042442554979267,0.0,1.0,1.0,1.0,0.0,0.0
1,125,2.614151524569617,8.81624674801835,1.0,0.0,0.0,0.0,0.0,1.0
2,125,8.178248752331227,0.0392828178154324,0.0,0.0,1.0,0.0,0.0,0.0
3,125,6.928337910926092,5.32109609312842,0.0,1.0,1.0,1.0,0.0,0.0
4,125,8.544530368428006,11.219264808707925,1.0,0.0,0.0,0.0,0.0,1.0
5,125,8.028417825237513,11.680229274351865,0.0,1.0,1.0,0.0,0.0,1.0
6,125,0.0,7.207647420777257,0.0,1.0,0.0,0.0,0.0,1.0
7,125,4.206942825248806,7.580487551507878,1.0,1.0,0.0,1.0,1.0,1.0
8,125,3.3598950173835385,11.974057815654662,1.0,0.0,1.0,0.0,0.0,0.0
9,125,12.0,12.0,0.0,1.0,1.0,1.0,1.0,0.0
10,125,7.253840586982913,9.51147026555781,0.0,0.0,0.0,1.0,1.0,1.0
11,125,12.0,0.2782144337785056,0.0,0.0,1.0,1.0,0.0,1.0
12,125,6.455736295483876,3.204107467168376,0.0,1.0,1.0,0.0,0.0,0.0
13,125,6.688721801205645,4.336529370210209,1.0,0.0,0.0,0.0,1.0,0.0
14,125,0.9831016430132938,10.667025536590208,1.0,0.0,0.0,0.0,0.0,0.0
15,125,11.456632382485529,7.29696825096441,0.0,1.0,0.0,0.0,0.0,1.0
16,125,2.13940250480202,11.039161065099028,0.0,0.0,0.0,0.0,0.0,0.0
17,125,12.0,7.455143063968405,1.0,0.0,1.0,0.0,0.0,1.0
18,125,3.189845060151258,1.6437149457126294,1.0,0.0,0.0,0.0,0.0,0.0
19,125,6.01101392615961,7.193499925606763,1.0,1.0,0.0,1.0,0.0,0.0
20,125,9.914004173195202,1.906085467572249,1.0,0.0,0.0,0.0,0.0,1.0
21,125,6.249249817288097,2.7594893146072126,0.0,0.0,0.0,1.0,1.0,0.0
22,125,7.492369862408596,2.881154086139671,1.0,0.0,0.0,0.0,1.0,1.0
23,125,7.559714871436524,3.342795548557162,0.0,1.0,0.0,0.0,0.0,1.0
24,125,9.727692521198424,5.919106315277053,1.0,1.0,0.0,1.0,0.0,0.0
25,125,11.520194593138074,5.26353227189652,0.0,0.0,1.0,1.0,1.0,0.0
26,125,7.612801489845842,2.8900149068910137,0.0,0.0,0.0,0.0,1.0,0.0
27,125,6.859108788210366,7.262834683213885,0.0,0.0,0.0,1.0,0.0,1.0
28,125,7.496312392354067,2.081481253191761,0.0,1.0,0.0,1.0,0.0,1.0
29,125,0.1366922161778096,5.199087969650178,1.0,0.0,1.0,0.0,1.0,1.0
30,125,5.045892960892971,12.0,0.0,0.0,1.0,0.0,0.0,1.0
31,125,3.412702845601981,6.745558140718358,0.0,1.0,0.0,0.0,0.0,1.0
32,125,10.64019154935813,10.44698199186182,0.0,1.0,0.0,0.0,1.0,0.0
33,125,8.280638942391777,3.339928436197081,0.0,1.0,1.0,0.0,0.0,0.0
34,125,12.0,10.00993849457118,0.0,0.0,1.0,1.0,1.0,0.0
35,125,6.053205225728783,0.0032709231853399,0.0,1.0,1.0,1.0,1.0,0.0
36,125,1.8300812043716896,8.941437151259988,1.0,1.0,0.0,1.0,1.0,0.0
37,125,7.2563901491817,7.047895021624381,0.0,0.0,0.0,1.0,0.0,1.0
38,125,7.955079485068782,3.585121525772102,1.0,0.0,1.0,1.0,0.0,1.0
39,125,5.16170981250557,3.998124787182944,1.0,0.0,1.0,1.0,1.0,0.0
0,130,2.694668486908585,8.043577642415155,0.0,1.0,1.0,1.0,0.0,0.0
1,130,2.740039263168701,8.810370258198718,1.0,0.0,0.0,0.0,0.0,1.0
2,130,8.14060536802515,0.0492979102240071,0.0,0.0,1.0,0.0,0.0,0.0
3,130,7.068746810322597,5.348335271538995,0.0,1.0,1.0,1.0,0.0,0.0
4,130,8.452061263747794,11.311684728332896,1.0,0.0,0.0,0.0,0.0,1.0
5,130,8.02869422271724,11.703800606438872,0.0,1.0,1.0,0.0,0.0,1.0
6,130,0.0,7.152901472923309,0.0,1.0,0.0,0.0,0.0,1.0
7,130,4.257853255757299,7.565390518671809,1.0,1.0,0.0,1.0,1.0,1.0
8,130,3.3293284232589944,11.96361066743416,1.0,0.0,1.0,0.0,0.0,0.0
9,130,12.0,12.0,0.0,1.0,1.0,1.0,1.0,0.0
10,130,7.278910261630342,9.492654175596666,0.0,0.0,0.0,1.0,1.0,1.0
11,130,12.0,0.2041292272936581,0.0,0.0,1.0,1.0,0.0,1.0
12,130,6.517928340155979,3.261300147408628,0.0,1.0,1.0,0.0,0.0,0.0
13,130,6.59584822435235,4.3800602584928985,1.0,0.0,0.0,0.0,1.0,0.0
14,130,1.0196694138757203,10.653640473466089,1.0,0.0,0.0,0.0,0.0,0.0
15,130,11.444410480703272,7.199607820170458,0.0,1.0,0.0,0.0,0.0,1.0
16,130,2.205100330865553,11.071603262898746,0.0,0.0,0.0,0.0,0.0,0.0
17,130,12.0,7.362515098256739,1.0,0.0,1.0,0.0,0.0,1.0
18,130,3.199810572569265,1.6793115209632756,1.0,0.0,0.0,0.0,0.0,0.0
19,130,5.90065638691422,7.091870717244341,1.0,1.0,0.0,1.0,0.0,0.0
20,130,10.0130102467042,1.8116794862019971,1.0,0.0,0.0,0.0,0.0,1.0
21,130,6.311577208648569,2.7494491993126604,0.0,0.0,0.0,1.0,1.0,0.0
22,130,7.53319658277034,2.8703626531538773,1.0,0.0,0.0,0.0,1.0,1.0
23,130,7.553912937845345,3.346742919397675,0.0,1.0,0.0,0.0,0.0,1.0
24,130,9.812326644243049,5.911413613626023,1.0,1.0,0.0,1.0,0.0,0.0
25,130,11.52429298502269,5.248289961026864,0.0,0.0,1.0,1.0,1.0,0.0
26,130,7.519965152135468,2.944143376808273,0.0,0.0,0.0,0.0,1.0,0.0
27,130,6.85451151746255,7.3156845615282515,0.0,0.0,0.0,1.0,0.0,1.0
28,130,7.437320003950715,2.082047711474861,0.0,1.0,0.0,1.0,0.0,1.0
29,130,0.1472496998866281,5.14288029093917,1.0,0.0,1.0,0.0,1.0,1.0
30,130,5.008594008697597,12.0,0.0,0.0,1.0,0.0,0.0,1.0
31,130,3.437907275798372,6.75577934328159,0.0,1.0,0.0,0.0,0.0,1.0
32,130,10.567525597810508,10.464863960635125,0.0,1.0,0.0,0.0,1.0,0.0
33,130,8.292877074924649,3.416920328603636,0.0,1.0,1.0,0.0,0.0,0.0
34,130,12.0,9.891014280010776,0.0,0.0,1.0,1.0,1.0,0.0
35,130,6.043165848302549,0.0,0.0,1.0,1.0,1.0,1.0,0.0
36,130,1.7873032163815532,8.982981630168545,1.0,1.0,0.0,1.0,1.0,0.0
37,130,7.270375100118981,7.052310593924296,0.0,0.0,0.0,1.0,0.0,1.0
38,130,7.967549561252526,3.5659908718038,1.0,0.0,1.0,1.0,0.0,1.0
39,130,5.0920820015378645,3.9932982897561033,1.0,0.0,1.0,1.0,1.0,0.0
0,135,2.712690517543324,8.046025052408682,0.0,1.0,1.0,1.0,0.0,0.0
1,135,2.861609545241554,8.806741860275222,1.0,0.0,0.0,0.0,0.0,1.0
2,135,8.120589320978688,0.0545655444596134,0.0,0.0,1.0,0.0,0.0,0.0
3,135,7.193580202440278,5.375385607177746,0.0,1.0,1.0,1.0,0.0,0.0
4,135,8.363848826473555,11.40218707141195,1.0,0.0,0.0,0.0,0.0,1.0
5,135,8.028924448923668,11.708969263455783,0.0,1.0,1.0,0.0,0.0,1.0
6,135,0.0,7.098019749337944,0.0,1.0,0.0,0.0,0.0,1.0
7,135,4.297117938346173,7.552879859313304,1.0,1.0,0.0,1.0,1.0,1.0
8,135,3.3011657312253044,11.9551420694515,1.0,0.0,1.0,0.0,0.0,0.0
9,135,12.0,12.0,0.0,1.0,1.0,1.0,1.0,0.0
10,135,7.290809150437423,9.483667371368911,0.0,0.0,0.0,1.0,1.0,1.0
11,135,12.0,0.1356991551501596,0.0,0.0,1.0,1.0,0.0,1.0
12,135,6.584035063811777,3.3210482442494174,0.0,1.0,1.0,0.0,0.0,0.0
13,135,6.492115431537242,4.427830259069182,1.0,0.0,0.0,0.0,1.0,0.0
14,135,1.0820130284611884,10.63220759721556,1.0,0.0,0.0,0.0,0.0,0.0
15,135,11.427817543413257,7.074550076217697,0.0,1.0,0.0,0.0,0.0,1.0
16,135,2.2559506663655133,11.096375878904132,0.0,0.0,0.0,0.0,0.0,0.0
17,135,12.0,7.282634808764593,1.0,0.0,1.0,0.0,0.0,1.0
18,135,3.206702779048581,1.704062283521726,1.0,0.0,0.0,0.0,0.0,0.0
19,135,5.782641493381095,6.985088055032311,1.0,1.0,0.0,1.0,0.0,0.0
20,135,10.109392646780648,1.7183848067078422,1.0,0.0,0.0,0.0,0.0,1.0
21,135,6.354540535441871,2.742281131004148,0.0,0.0,0.0,1.0,1.0,0.0
22,135,7.58846520148375,2.8556039931901616,1.0,0.0,0.0,0.0,1.0,1.0
23,135,7.548426937133598,3.3505983771679944,0.0,1.0,0.0,0.0,0.0,1.0
24,135,9.903485970641391,5.904007175087557,1.0,1.0,0.0,1.0,0.0,0.0
25,135,11.528403680863724,5.232229194106097,0.0,0.0,1.0,1.0,1.0,0.0
26,135,7.421003437709975,3.002835470540875,0.0,0.0,0.0,0.0,1.0,0.0
27,135,6.851705800809696,7.345713241134346,0.0,0.0,0.0,1.0,0.0,1.0
28,135,7.3958628521236545,2.081678193291016,0.0,1.0,0.0,1.0,0.0,1.0
29,135,0.1568623065919941,5.094530851666449,1.0,0.0,1.0,0.0,1.0,1.0
30,135,4.9790741484995324,12.0,0.0,0.0,1.0,0.0,0.0,1.0
31,135,3.4484856423700805,6.760421384043823,0.0,1.0,0.0,0.0,0.0,1.0
32,135,10.474125857108003,10.487689022125664,0.0,1.0,0.0,0.0,1.0,0.0
33,135,8.302284000554614,3.483332655954939,0.0,1.0,1.0,0.0,0.0,0.0
34,135,12.0,9.744246006436942,0.0,0.0,1.0,1.0,1.0,0.0
35,135,6.02972037063806,0.0,0.0,1.0,1.0,1.0,1.0,0.0
36,135,1.731485048361929,9.036780323711662,1.0,1.0,0.0,1.0,1.0,0.0
37,135,7.274753603714761,7.053710872884689,0.0,0.0,0.0,1.0,0.0,1.0
38,135,7.971687847422223,3.559298806295585,1.0,0.0,1.0,1.0,0.0,1.0
39,135,5.008155518809821,3.984240263797215,1.0,0.0,1.0,1.0,1.0,0.0
0,140,2.753630494689692,8.05091670446609,0.0,1.0,1.0,1.0,0.0,0.0
1,140,2.99463758197001,8.800139561525127,1.0,0.0,0.0,0.0,0.0,1.0
2,140,8.105155378883014,0.058805142482251,0.0,0.0,1.0,0.0,0.0,0.0
3,140,7.3249664938188275,5.403077911450056,0.0,1.0,1.0,1.0,0.0,0.0
4,140,8.282871481968012,11.484537043073408,1.0,0.0,0.0,0.0,0.0,1.0
5,140,8.02961398271395,11.72915625901105,0.0,1.0,1.0,0.0,0.0,1.0
6,140,0.0,7.045493597454598,0.0,1.0,0.0,0.0,0.0,1.0
7,140,4.325126241982694,7.543262626722601,1.0,1.0,0.0,1.0,1.0,1.0
8,140,3.2975130448570185,11.953886511591875,1.0,0.0,1.0,0.0,0.0,0.0
9,140,12.0,12.0,0.0,1.0,1.0,1.0,1.0,0.0
10,140,7.323010163254875,9.458784485066593,0.0,0.0,0.0,1.0,1.0,1.0
11,140,12.0,0.0578688722229075,0.0,0.0,1.0,1.0,0.0,1.0
12,140,6.647959274271878,3.3797308068263985,0.0,1.0,1.0,0.0,0.0,0.0
13,140,6.362920897189746,4.487970591671869,1.0,0.0,0.0,0.0,1.0,0.0
14,140,1.1570196441484812,10.60801244718736,1.0,0.0,0.0,0.0,0.0,0.0
15,140,11.413934850569268,6.947863063507911,0.0,1.0,0.0,0.0,0.0,1.0
16,140,2.3026460946635665,11.120917916936026,0.0,0.0,0.0,0.0,0.0,0.0
17,140,12.0,7.187217493405191,1.0,0.0,1.0,0.0,0.0,1.0
18,140,3.216868306774652,1.7379737983118215,1.0,0.0,0.0,0.0,0.0,0.0
19,140,5.653022324482312,6.8620231046219065,1.0,1.0,0.0,1.0,0.0,0.0
20,140,10.21962430124355,1.6183117458060758,1.0,0.0,0.0,0.0,0.0,1.0
21,140,6.424141053180333,2.7319259529933264,0.0,0.0,0.0,1.0,1.0,0.0
22,140,7.6385663930960925,2.843247649371329,1.0,0.0,0.0,0.0,1.0,1.0
23,140,7.536882431529309,3.358997666147276,0.0,1.0,0.0,0.0,0.0,1.0
24,140,9.998195022441,5.892327557609844,1.0,1.0,0.0,1.0,0.0,0.0
25,140,11.532995399968344,5.214706072230667,0.0,0.0,1.0,1.0,1.0,0.0
26,140,7.322104791783633,3.0614601967899286,0.0,0.0,0.0,0.0,1.0,0.0
27,140,6.848591124825732,7.377562053615558,0.0,0.0,0.0,1.0,0.0,1.0
28,140,7.332128594880046,2.081276206337176,0.0,1.0,0.0,1.0,0.0,1.0
29,140,0.1675872201412583,5.043294224337306,1.0,0.0,1.0,0.0,1.0,1.0
30,140,4.956653566670578,12.0,0.0,0.0,1.0,0.0,0.0,1.0
31,140,3.463045161158567,6.767093744346934,0.0,1.0,0.0,0.0,0.0,1.0
32,140,10.400827056518706,10.50541559125916,0.0,1.0,0.0,0.0,1.0,0.0
33,140,8.307098562403034,3.53413570880997,0.0,1.0,1.0,0.0,0.0,0.0
34,140,12.0,9.594148707164615,0.0,0.0,1.0,1.0,1.0,0.0
35,140,6.009684759294244,0.0,0.0,1.0,1.0,1.0,1.0,0.0
36,140,1.6937663243870464,9.072862329795091,1.0,1.0,0.0,1.0,1.0,0.0
37,140,7.296475705178499,7.060992126754676,0.0,0.0,0.0,1.0,0.0,1.0
38,140,7.986287149310264,3.536177930708155,1.0,0.0,1.0,1.0,0.0,1.0
39,140,4.93565377917332,3.975985576063624,1.0,0.0,1.0,1.0,1.0,0.0
0,145,2.8004823490986723,8.057312338169387,0.0,1.0,1.0,1.0,0.0,0.0
1,145,3.1213200745421124,8.79832751114725,1.0,0.0,0.0,0.0,0.0,1.0
2,145,8.0891184126378,0.0631058083871275,0.0,0.0,1.0,0.0,0.0,0.0
3,145,7.461356280815541,5.43425838491939,0.0,1.0,1.0,1.0,0.0,0.0
4,145,8.197640524347406,11.56986352576464,1.0,0.0,0.0,0.0,0.0,1.0
5,145,8.029630716718364,11.731999653039388,0.0,1.0,1.0,0.0,0.0,1.0
6,145,0.0,6.99731959173097,0.0,1.0,0.0,0.0,0.0,1.0
7,145,4.362876558211942,7.530166678646888,1.0,1.0,0.0,1.0,1.0,1.0
8,145,3.3173026771542813,11.960803371370831,1.0,0.0,1.0,0.0,0.0,0.0
9,145,12.0,12.0,0.0,1.0,1.0,1.0,1.0,0.0
10,145,7.347340968044058,9.44071244266896,0.0,0.0,0.0,1.0,1.0,1.0
11,145,12.0,0.0,0.0,0.0,1.0,1.0,0.0,1.0
12,145,6.729291020001476,3.4567745282969176,0.0,1.0,1.0,0.0,0.0,0.0
13,145,6.224013643177914,4.55153929741655,1.0,0.0,0.0,0.0,1.0,0.0
14,145,1.2334165339637784,10.582104073497447,1.0,0.0,0.0,0.0,0.0,0.0
15,145,11.399128397686448,6.821103621339846,0.0,1.0,0.0,0.0,0.0,1.0
16,145,2.3566277493407077,11.149423308845336,0.0,0.0,0.0,0.0,0.0,0.0
17,145,12.0,7.084549518719467,1.0,0.0,1.0,0.0,0.0,1.0
18,145,3.225040883574359,1.7626326644879695,1.0,0.0,0.0,0.0,0.0,0.0
19,145,5.527423790827644,6.731255839370558,1.0,1.0,0.0,1.0,0.0,0.0
20,145,10.339180334545569,1.502092704347504,1.0,0.0,0.0,0.0,0.0,1.0
21,145,6.496295646301569,2.7212593899487656,0.0,0.0,0.0,1.0,1.0,0.0
22,145,7.688859909222706,2.8297490525021702,1.0,0.0,0.0,0.0,1.0,1.0
23,145,7.518813926799106,3.372112553615527,0.0,1.0,0.0,0.0,0.0,1.0
24,145,10.081951377960854,5.880685484898672,1.0,1.0,0.0,1.0,0.0,0.0
25,145,11.534780901156235,5.207001647569416,0.0,0.0,1.0,1.0,1.0,0.0
26,145,7.235862905206881,3.110892003125813,0.0,0.0,0.0,0.0,1.0,0.0
27,145,6.845170377414105,7.411749480064823,0.0,0.0,0.0,1.0,0.0,1.0
28,145,7.275959788269636,2.080705848880817,0.0,1.0,0.0,1.0,0.0,1.0
29,145,0.1748701286138481,5.004260506512913,1.0,0.0,1.0,0.0,1.0,1.0
30,145,4.931434556589921,12.0,0.0,0.0,1.0,0.0,0.0,1.0
31,145,3.4876249218767628,6.779020891089114,0.0,1.0,0.0,0.0,0.0,1.0
32,145,10.31297147537371,10.523014630653597,0.0,1.0,0.0,0.0,1.0,0.0
33,145,8.312867031196289,3.588390144192277,0.0,1.0,1.0,0.0,0.0,0.0
34,145,12.0,9.452812701568895,0.0,0.0,1.0,1.0,1.0,0.0
35,145,6.0018755732325,0.0,0.0,1.0,1.0,1.0,1.0,0.0
36,145,1.6537113553565317,9.111814380691508,1.0,1.0,0.0,1.0,1.0,0.0
37,145,7.312872167881629,7.066451159328811,0.0,0.0,0.0,1.0,0.0,1.0
38,145,7.998844070755112,3.515195329718685,1.0,0.0,1.0,1.0,0.0,1.0
39,145,4.868803879677723,3.968014036590593,1.0,0.0,1.0,1.0,1.0,0.0
0,150,2.846985491730436,8.062514609081783,0.0,1.0,1.0,1.0,0.0,0.0
1,150,3.237917453372628,8.798656681891996,1.0,0.0,0.0,0.0,0.0,1.0
2,150,8.070522393216876,0.0681094760988688,0.0,0.0,1.0,0.0,0.0,0.0
3,150,7.5840148178545395,5.461718265929632,0.0,1.0,1.0,1.0,0.0,0.0
4,150,8.110811878922112,11.65668891963246,1.0,0.0,0.0,0.0,0.0,1.0
5,150,8.029633502264701,11.73479224991314,0.0,1.0,1.0,0.0,0.0,1.0
6,150,0.0,6.958193866845676,0.0,1.0,0.0,0.0,0.0,1.0
7,150,4.400883367144512,7.516592563234278,1.0,1.0,0.0,1.0,1.0,1.0
8,150,3.3516956771406248,11.973873526098496,1.0,0.0,1.0,0.0,0.0,0.0
9,150,12.0,12.0,0.0,1.0,1.0,1.0,1.0,0.0
10,150,7.367998622148863,9.425141999991611,0.0,0.0,0.0,1.0,1.0,1.0
11,150,12.0,0.0,0.0,0.0,1.0,1.0,0.0,1.0
12,150,6.803184533096645,3.525669226191398,0.0,1.0,1.0,0.0,0.0,0.0
13,150,6.085106934837859,4.610895618934144,1.0,0.0,0.0,0.0,1.0,0.0
14,150,1.3182156054242822,10.555436752005557,1.0,0.0,0.0,0.0,0.0,0.0
15,150,11.382641159558492,6.697099992159843,0.0,1.0,0.0,0.0,0.0,1.0
16,150,2.4013552293156275,11.17202096230887,0.0,0.0,0.0,0.0,0.0,0.0
17,150,12.0,6.9796288524206105,1.0,0.0,1.0,0.0,0.0,1.0
18,150,3.235505637023765,1.7954684193360733,1.0,0.0,0.0,0.0,0.0,0.0
19,150,5.37512985895448,6.570186725921492,1.0,1.0,0.0,1.0,0.0,0.0
20,150,10.474458361189118,1.3691844819266832,1.0,0.0,0.0,0.0,0.0,1.0
21,150,6.5759142983919645,2.7086198135571795,0.0,0.0,0.0,1.0,1.0,0.0
22,150,7.74563700687457,2.8141784915047907,1.0,0.0,0.0,0.0,1.0,1.0
23,150,7.483434332430561,3.398050491736577,0.0,1.0,0.0,0.0,0.0,1.0
24,150,10.155048423629417,5.872855924743449,1.0,1.0,0.0,1.0,0.0,0.0
25,150,11.538590559646126,5.188419620671421,0.0,0.0,1.0,1.0,1.0,0.0
26,150,7.141698093916473,3.165428409592681,0.0,0.0,0.0,0.0,1.0,0.0
27,150,6.84165038414446,7.441047342881404,0.0,0.0,0.0,1.0,0.0,1.0
28,150,7.24165863845514,2.0812596377374275,0.0,1.0,0.0,1.0,0.0,1.0
29,150,0.1810714262345687,4.964089896754493,1.0,0.0,1.0,0.0,1.0,1.0
30,150,4.890644818979813,12.0,0.0,0.0,1.0,0.0,0.0,1.0
31,150,3.520004282546497,6.794599616522704,0.0,1.0,0.0,0.0,0.0,1.0
32,150,10.226894809165229,10.541034716410325,0.0,1.0,0.0,0.0,1.0,0.0
33,150,8.316808498504157,3.624336123314954,0.0,1.0,1.0,0.0,0.0,0.0
34,150,12.0,9.301524243550524,0.0,0.0,1.0,1.0,1.0,0.0
35,150,6.005471467006642,0.0025923378002875,0.0,1.0,1.0,1.0,1.0,0.0
36,150,1.6138063236014473,9.150970130777084,1.0,1.0,0.0,1.0,1.0,0.0
37,150,7.328727857394064,7.071754127014062,0.0,0.0,0.0,1.0,0.0,1.0
38,150,8.011613997553807,3.4944958880561177,1.0,0.0,1.0,1.0,0.0,1.0
39,150,4.805006798718793,3.9598741473084993,1.0,0.0,1.0,1.0,1.0,0.0
0,155,2.8837141770786605,8.067016536214934,0.0,1.0,1.0,1.0,0.0,0.0
1,155,3.3639836509415724,8.794177705372501,1.0,0.0,0.0,0.0,0.0,1.0
2,155,8.076648811546438,0.0661027201901729,0.0,0.0,1.0,0.0,0.0,0.0
3,155,7.683368102927432,5.482928770381309,0.0,1.0,1.0,1.0,0.0,0.0
4,155,8.045954257029214,11.723113354439947,1.0,0.0,0.0,0.0,0.0,1.0
5,155,8.029462993301928,11.76275437845417,0.0,1.0,1.0,0.0,0.0,1.0
6,155,0.0,6.918072527852196,0.0,1.0,0.0,0.0,0.0,1.0
7,155,4.459847853918842,7.496137727077244,1.0,1.0,0.0,1.0,1.0,1.0
8,155,3.396641880697324,11.991147247968298,1.0,0.0,1.0,0.0,0.0,0.0
9,155,12.0,12.0,0.0,1.0,1.0,1.0,1.0,0.0
10,155,7.376350062670486,9.419271152341723,0.0,0.0,0.0,1.0,1.0,1.0
11,155,12.0,0.0,0.0,0.0,1.0,1.0,0.0,1.0
12,155,6.874280573181208,3.5922215594864,0.0,1.0,1.0,0.0,0.0,0.0
13,155,5.959451596033889,4.665553703871742,1.0,0.0,0.0,0.0,1.0,0.0
14,155,1.3448222060064576,10.640241136042636,1.0,0.0,0.0,0.0,0.0,0.0
15,155,11.367751411792886,6.567724665785331,0.0,1.0,0.0,0.0,0.0,1.0
16,155,2.4492222153054497,11.196272268045185,0.0,0.0,0.0,0.0,0.0,0.0
17,155,12.0,6.8715549706176295,1.0,0.0,1.0,0.0,0.0,1.0
18,155,3.247933781359829,1.833431002653188,1.0,0.0,0.0,0.0,0.0,0.0
19,155,5.223230771142599,6.402372945368492,1.0,1.0,0.0,1.0,0.0,0.0
20,155,10.594772378533152,1.2536978959230494,1.0,0.0,0.0,0.0,0.0,1.0
21,155,6.6271493167976825,2.6991058403369683,0.0,0.0,0.0,1.0,1.0,0.0
22,155,7.80245161848363,2.7987270738475902,1.0,0.0,0.0,0.0,1.0,1.0
23,155,7.455394110004039,3.4185025616171107,0.0,1.0,0.0,0.0,0.0,1.0
24,155,10.23552230274638,5.862885903316843,1.0,1.0,0.0,1.0,0.0,0.0
25,155,11.539319264056196,5.185018559142348,0.0,0.0,1.0,1.0,1.0,0.0
26,155,7.058477594879493,3.2183050202721333,0.0,0.0,0.0,0.0,1.0,0.0
27,155,6.833889152856843,7.49843083775171,0.0,0.0,0.0,1.0,0.0,1.0
28,155,7.213082970534906,2.0811536079045263,0.0,1.0,0.0,1.0,0.0,1.0
29,155,0.1883859865731773,4.906009181764229,1.0,0.0,1.0,0.0,1.0,1.0
30,155,4.855860224892012,12.0,0.0,0.0,1.0,0.0,0.0,1.0
31,155,3.547755634461484,6.8078408095305925,0.0,1.0,0.0,0.0,0.0,1.0
32,155,10.13790005332704,10.5589175154268,0.0,1.0,0.0,0.0,1.0,0.0
33,155,8.320914741944222,3.6613259171688566,0.0,1.0,1.0,0.0,0.0,0.0
34,155,12.0,9.136148085154735,0.0,0.0,1.0,1.0,1.0,0.0
35,155,6.02617492114639,0.0168763775831469,0.0,1.0,1.0,1.0,1.0,0.0
36,155,1.5576826338353174,9.203477341819278,1.0,1.0,0.0,1.0,1.0,0.0
37,155,7.35250669196945,7.07940287158505,0.0,0.0,0.0,1.0,0.0,1.0
38,155,8.01894091399742,3.483432700956728,1.0,0.0,1.0,1.0,0.0,1.0
39,155,4.716273057231899,3.9457577140397455,1.0,0.0,1.0,1.0,1.0,0.0
0,160,2.911338947832318,8.070611424599495,0.0,1.0,1.0,1.0,0.0,0.0
1,160,3.487632410511893,8.788502711879813,1.0,0.0,0.0,0.0,0.0,1.0
2,160,8.083178782091414,0.0639683119370977,0.0,0.0,1.0,0.0,0.0,0.0
3,160,7.7806507334421,5.502865153371331,0.0,1.0,1.0,1.0,0.0,0.0
4,160,7.975206672363803,11.794158177278788,1.0,0.0,0.0,0.0,0.0,1.0
5,160,8.029113418029917,11.793255784225153,0.0,1.0,1.0,0.0,0.0,1.0
6,160,0.0,6.90016646812233,0.0,1.0,0.0,0.0,0.0,1.0
7,160,4.522383132859677,7.4736234502974,1.0,1.0,0.0,1.0,1.0,1.0
8,160,3.4287493822967594,12.0,1.0,0.0,1.0,0.0,0.0,0.0
9,160,12.0,12.0,0.0,1.0,1.0,1.0,1.0,0.0
10,160,7.3707904752318045,9.423231919504518,0.0,0.0,0.0,1.0,1.0,1.0
11,160,12.0,0.0,0.0,0.0,1.0,1.0,0.0,1.0
12,160,6.947669813257396,3.6604526738746994,0.0,1.0,1.0,0.0,0.0,0.0
13,160,5.818094065528009,4.728972854905935,1.0,0.0,0.0,0.0,1.0,0.0
14,160,1.3705121046733288,10.717942497319552,1.0,0.0,0.0,0.0,0.0,0.0
15,160,11.35198041296889,6.423287281808018,0.0,1.0,0.0,0.0,0.0,1.0
16,160,2.5123206353210525,11.227798134687845,0.0,0.0,0.0,0.0,0.0,0.0
17,160,12.0,6.77149555122361,1.0,0.0,1.0,0.0,0.0,1.0
18,160,3.2574099307241644,1.8615738002677036,1.0,0.0,0.0,0.0,0.0,0.0
19,160,5.067120259589384,6.221601682774681,1.0,1.0,0.0,1.0,0.0,0.0
20,160,10.717706772066316,1.136987873185504,1.0,0.0,0.0,0.0,0.0,1.0
21,160,6.670052322886745,2.6915006986754912,0.0,0.0,0.0,1.0,1.0,0.0
22,160,7.889393033008406,2.775422111657853,1.0,0.0,0.0,0.0,1.0,1.0
23,160,7.436380104982277,3.4324084458258235,0.0,1.0,0.0,0.0,0.0,1.0
24,160,10.308049693790627,5.854494873523467,1.0,1.0,0.0,1.0,0.0,0.0
25,160,11.544379668551052,5.160332973300075,0.0,0.0,1.0,1.0,1.0,0.0
26,160,6.984795760476708,3.263832485635042,0.0,0.0,0.0,0.0,1.0,0.0
27,160,6.822456852886382,7.573333648975346,0.0,0.0,0.0,1.0,0.0,1.0
28,160,7.2134988725536,2.1075428915724883,0.0,1.0,0.0,1.0,0.0,1.0
29,160,0.1952862902163746,4.849660175643941,1.0,0.0,1.0,0.0,1.0,1.0
30,160,4.818026649223221,12.0,0.0,0.0,1.0,0.0,0.0,1.0
31,160,3.560278455427374,6.81393353211017,0.0,1.0,0.0,0.0,0.0,1.0
32,160,10.051402553424593,10.578829545664938,0.0,1.0,0.0,0.0,1.0,0.0
33,160,8.324445869026833,3.689620150573136,0.0,1.0,1.0,0.0,0.0,0.0
34,160,12.0,8.982752412440453,0.0,0.0,1.0,1.0,1.0,0.0
35,160,6.04686228090361,0.0315290594606502,0.0,1.0,1.0,1.0,1.0,0.0
36,160,1.5043593425963138,9.254993224138689,1.0,1.0,0.0,1.0,1.0,0.0
37,160,7.371536185756047,7.085199047675528,0.0,0.0,0.0,1.0,0.0,1.0
38,160,8.040060159084609,3.450154233871858,1.0,0.0,1.0,1.0,0.0,1.0
39,160,4.619841452237444,3.927313521171452,1.0,0.0,1.0,1.0,1.0,0.0
0,165,2.942927233931732,8.075354936548514,0.0,1.0,1.0,1.0,0.0,0.0
1,165,3.59995008066378,8.782626554677764,1.0,0.0,0.0,0.0,0.0,1.0
2,165,8.093707595121213,0.0607318922145578,0.0,0.0,1.0,0.0,0.0,0.0
3,165,7.899312389300276,5.524951653880586,0.0,1.0,1.0,1.0,0.0,0.0
4,165,7.917115733017223,11.84964696554754,1.0,0.0,0.0,0.0,0.0,1.0
5,165,8.029232023912982,11.80599559536148,0.0,1.0,1.0,0.0,0.0,1.0
6,165,0.0042481986291143,6.914291876640452,0.0,1.0,0.0,0.0,0.0,1.0
7,165,4.582844088216598,7.450221051900918,1.0,1.0,0.0,1.0,1.0,1.0
8,165,3.4581065072021606,12.0,1.0,0.0,1.0,0.0,0.0,0.0
9,165,12.0,12.0,0.0,1.0,1.0,1.0,1.0,0.0
10,165,7.374158448224425,9.420854253847924,0.0,0.0,0.0,1.0,1.0,1.0
11,165,12.0,0.0,0.0,0.0,1.0,1.0,0.0,1.0
12,165,7.0162917736782,3.723887767841136,0.0,1.0,1.0,0.0,0.0,0.0
13,165,5.693267242968163,4.784828759569554,1.0,0.0,0.0,0.0,1.0,0.0
14,165,1.3962154338023915,10.785187447470166,1.0,0.0,0.0,0.0,0.0,0.0
15,165,11.33676521417283,6.298206529395711,0.0,1.0,0.0,0.0,0.0,1.0
16,165,2.58055356163143,11.258971656339918,0.0,0.0,0.0,0.0,0.0,0.0
17,165,12.0,6.664424211081966,1.0,0.0,1.0,0.0,0.0,1.0
18,165,3.272930618231721,1.905554018955546,1.0,0.0,0.0,0.0,0.0,0.0
19,165,4.916238476035287,6.04470793009138,1.0,1.0,0.0,1.0,0.0,0.0
20,165,10.832681801799792,1.022472279740783,1.0,0.0,0.0,0.0,0.0,1.0
21,165,6.703875548119784,2.685447976137716,0.0,0.0,0.0,1.0,1.0,0.0
22,165,7.97984739016423,2.7491063569435785,1.0,0.0,0.0,0.0,1.0,1.0
23,165,7.423920849778694,3.44221762819236,0.0,1.0,0.0,0.0,0.0,1.0
24,165,10.401895035777963,5.842762499638878,1.0,1.0,0.0,1.0,0.0,0.0
25,165,11.549047290772792,5.134556890377767,0.0,0.0,1.0,1.0,1.0,0.0
26,165,6.910050007641061,3.310831572061348,0.0,0.0,0.0,0.0,1.0,0.0
27,165,6.806722303225718,7.675352153008726,0.0,0.0,0.0,1.0,0.0,1.0
28,165,7.213585843446287,2.114648228759007,0.0,1.0,0.0,1.0,0.0,1.0
29,165,0.2029296371611299,4.795573524609845,1.0,0.0,1.0,0.0,1.0,1.0
30,165,4.780821266513775,12.0,0.0,0.0,1.0,0.0,0.0,1.0
31,165,3.561496874494923,6.814560731217497,0.0,1.0,0.0,0.0,0.0,1.0
32,165,9.974747727329335,10.597697865750623,0.0,1.0,0.0,0.0,1.0,0.0
33,165,8.329623066456394,3.7289037364441375,0.0,1.0,1.0,0.0,0.0,0.0
34,165,12.0,8.855795076224078,0.0,0.0,1.0,1.0,1.0,0.0
35,165,6.0778771212815,0.0539922729844798,0.0,1.0,1.0,1.0,1.0,0.0
36,165,1.4443847628161417,9.316822688428504,1.0,1.0,0.0,1.0,1.0,0.0
37,165,7.391706582067298,7.091504791239227,0.0,0.0,0.0,1.0,0.0,1.0
38,165,8.056832668765997,3.4226162692187923,1.0,0.0,1.0,1.0,0.0,1.0
39,165,4.519755659446552,3.906219849835221,1.0,0.0,1.0,1.0,1.0,0.0
0,170,2.9863082948726114,8.08214317504559,0.0,1.0,1.0,1.0,0.0,0.0
1,170,3.7123023812530014,8.7743997360938,1.0,0.0,0.0,0.0,0.0,1.0
2,170,8.11498935691644,0.0542957353214912,0.0,0.0,1.0,0.0,0.0,0.0
3,170,8.025992471346665,5.548427340812268,0.0,1.0,1.0,1.0,0.0,0.0
4,170,7.877653231497506,11.886297387986405,1.0,0.0,0.0,0.0,0.0,1.0
5,170,8.02923529649431,11.811911773838306,0.0,1.0,1.0,0.0,0.0,1.0
6,170,0.0099736800564052,6.933859754949511,0.0,1.0,0.0,0.0,0.0,1.0
7,170,4.627970913581556,7.433052788169292,1.0,1.0,0.0,1.0,1.0,1.0
8,170,3.4795157886573325,12.0,1.0,0.0,1.0,0.0,0.0,0.0
9,170,12.0,12.0,0.0,1.0,1.0,1.0,1.0,0.0
10,170,7.387470499307754,9.411901921539837,0.0,0.0,0.0,1.0,1.0,1.0
11,170,12.0,0.0,0.0,0.0,1.0,1.0,0.0,1.0
12,170,7.075327711718306,3.781444052978231,0.0,1.0,1.0,0.0,0.0,0.0
13,170,5.550786365288756,4.846016376666654,1.0,0.0,0.0,0.0,1.0,0.0
14,170,1.4319603258461933,10.871356665068443,1.0,0.0,0.0,0.0,0.0,0.0
15,170,11.328217224622597,6.198025559551794,0.0,1.0,0.0,0.0,0.0,1.0
16,170,2.6311934470041005,11.283088950630548,0.0,0.0,0.0,0.0,0.0,0.0
17,170,12.0,6.539384514613461,1.0,0.0,1.0,0.0,0.0,1.0
18,170,3.2942091038648917,1.9690979342105344,1.0,0.0,0.0,0.0,0.0,0.0
19,170,4.776127055576592,5.878428132938609,1.0,1.0,0.0,1.0,0.0,0.0
20,170,10.958729956719894,0.8996815242505034,1.0,0.0,0.0,0.0,0.0,1.0
21,170,6.736619696190272,2.680071880130814,0.0,0.0,0.0,1.0,1.0,0.0
22,170,8.066747820226869,2.7239673052843982,1.0,0.0,0.0,0.0,1.0,1.0
23,170,7.433085281553988,3.4348772612513976,0.0,1.0,0.0,0.0,0.0,1.0
24,170,10.484676195059487,5.831211004321149,1.0,1.0,0.0,1.0,0.0,0.0
25,170,11.548897232701783,5.135320754186615,0.0,0.0,1.0,1.0,1.0,0.0
26,170,6.842344424655439,3.3537275112460505,0.0,0.0,0.0,0.0,1.0,0.0
27,170,6.789529212884086,7.794922825353627,0.0,0.0,0.0,1.0,0.0,1.0
28,170,7.213109876018243,2.138052573603438,0.0,1.0,0.0,1.0,0.0,1.0
29,170,0.2121211004109481,4.732750407934062,1.0,0.0,1.0,0.0,1.0,1.0
30,170,4.742863770741985,12.0,0.0,0.0,1.0,0.0,0.0,1.0
31,170,3.558404733139926,6.812978739560877,0.0,1.0,0.0,0.0,0.0,1.0
32,170,9.904937318936412,10.615706899350135,0.0,1.0,0.0,0.0,1.0,0.0
33,170,8.33295618147181,3.762188426451824,0.0,1.0,1.0,0.0,0.0,0.0
34,170,12.0,8.693647089972544,0.0,0.0,1.0,1.0,1.0,0.0
35,170,6.107609267572044,0.0744245147189904,0.0,1.0,1.0,1.0,1.0,0.0
36,170,1.3653811645276002,9.394732585766151,1.0,1.0,0.0,1.0,1.0,0.0
37,170,7.408089827423522,7.096323012984353,0.0,0.0,0.0,1.0,0.0,1.0
38,170,8.062284880701219,3.412172644987228,1.0,0.0,1.0,1.0,0.0,1.0
39,170,4.39078787370539,3.882039929943491,1.0,0.0,1.0,1.0,1.0,0.0
0,175,3.0355478456202563,8.090033945695996,0.0,1.0,1.0,1.0,0.0,0.0
1,175,3.833592396458809,8.76531581773506,1.0,0.0,0.0,0.0,0.0,1.0
2,175,8.14677264505783,0.0448057482913792,0.0,0.0,1.0,0.0,0.0,0.0
3,175,8.141788397565223,5.5704024513060455,0.0,1.0,1.0,1.0,0.0,0.0
4,175,7.823767873044326,11.937109708869974,1.0,0.0,0.0,0.0,0.0,1.0
5,175,8.029300670634845,11.82215550758104,0.0,1.0,1.0,0.0,0.0,1.0
6,175,0.0246824863395278,6.987321971073174,0.0,1.0,0.0,0.0,0.0,1.0
7,175,4.657880704884187,7.420847199556771,1.0,1.0,0.0,1.0,1.0,1.0
8,175,3.511550413583909,12.0,1.0,0.0,1.0,0.0,0.0,0.0
9,175,12.0,12.0,0.0,1.0,1.0,1.0,1.0,0.0
10,175,7.384034856431611,9.414223754599842,0.0,0.0,0.0,1.0,1.0,1.0
11,175,12.0,0.0,0.0,0.0,1.0,1.0,0.0,1.0
12,175,7.117357999811435,3.82330654753623,0.0,1.0,1.0,0.0,0.0,0.0
13,175,5.402280174105405,4.910725855877945,1.0,0.0,0.0,0.0,1.0,0.0
14,175,1.4679183915785166,10.960107543886451,1.0,0.0,0.0,0.0,0.0,0.0
15,175,11.319991632165216,6.104194936808492,0.0,1.0,0.0,0.0,0.0,1.0
16,175,2.66415563336511,11.300265305629525,0.0,0.0,0.0,0.0,0.0,0.0
17,175,12.0,6.4171682953877545,1.0,0.0,1.0,0.0,0.0,1.0
18,175,3.3203532612221047,2.0432035374789947,1.0,0.0,0.0,0.0,0.0,0.0
19,175,4.630427077985897,5.698391853625815,1.0,1.0,0.0,1.0,0.0,0.0
20,175,11.080015942411029,0.7773308060869086,1.0,0.0,0.0,0.0,0.0,1.0
21,175,6.777063272361636,2.673419455113739,0.0,0.0,0.0,1.0,1.0,0.0
22,175,8.164456994986281,2.696451476991001,1.0,0.0,0.0,0.0,1.0,1.0
23,175,7.463624338729003,3.410265585437068,0.0,1.0,0.0,0.0,0.0,1.0
24,175,10.591587886367249,5.817071723370081,1.0,1.0,0.0,1.0,0.0,0.0
25,175,11.554375678923016,5.106783525641311,0.0,0.0,1.0,1.0,1.0,0.0
26,175,6.766329058250414,3.399980599095102,0.0,0.0,0.0,0.0,1.0,0.0
27,175,6.775534807328719,7.906466349346778,0.0,0.0,0.0,1.0,0.0,1.0
28,175,7.213049659758767,2.1701113137317765,0.0,1.0,0.0,1.0,0.0,1.0
29,175,0.220435725032961,4.667982506631378,1.0,0.0,1.0,0.0,1.0,1.0
30,175,4.709178425797774,12.0,0.0,0.0,1.0,0.0,0.0,1.0
31,175,3.561493597861028,6.814572136036569,0.0,1.0,0.0,0.0,0.0,1.0
32,175,9.863194057488952,10.626346742497972,0.0,1.0,0.0,0.0,1.0,0.0
33,175,8.338073468190162,3.807157523330656,0.0,1.0,1.0,0.0,0.0,0.0
34,175,12.0,8.546116897353999,0.0,0.0,1.0,1.0,1.0,0.0
35,175,6.141711101791236,0.0993421737187641,0.0,1.0,1.0,1.0,1.0,0.0
36,175,1.2877419375072132,9.466183043845728,1.0,1.0,0.0,1.0,1.0,0.0
37,175,7.430816252725125,7.103131852253245,0.0,0.0,0.0,1.0,0.0,1.0
38,175,8.059250438461671,3.41834583404898,1.0,0.0,1.0,1.0,0.0,1.0
39,175,4.2419703976034056,3.850515189857839,1.0,0.0,1.0,1.0,1.0,0.0
0,180,3.0833896134652283,8.097376703300826,0.0,1.0,1.0,1.0,0.0,0.0
1,180,3.964714115850271,8.755273691849508,1.0,0.0,0.0,0.0,0.0,1.0
2,180,8.170571612725182,0.0381846048814615,0.0,0.0,1.0,0.0,0.0,0.0
3,180,8.243412497462986,5.590680851821412,0.0,1.0,1.0,1.0,0.0,0.0
4,180,7.748277821749756,12.0,1.0,0.0,0.0,0.0,0.0,1.0
5,180,8.029543880653483,11.832478125105837,0.0,1.0,1.0,0.0,0.0,1.0
6,180,0.0365653903805374,7.031805900340348,0.0,1.0,0.0,0.0,0.0,1.0
7,180,4.709538535437746,7.399305419856148,1.0,1.0,0.0,1.0,1.0,1.0
8,180,3.5462908407533544,12.0,1.0,0.0,1.0,0.0,0.0,0.0
9,180,12.0,12.0,0.0,1.0,1.0,1.0,1.0,0.0
10,180,7.383488819989227,9.41458416826826,0.0,0.0,0.0,1.0,1.0,1.0
11,180,12.0,0.0,0.0,0.0,1.0,1.0,0.0,1.0
12,180,7.146538425841335,3.8518792829038855,0.0,1.0,1.0,0.0,0.0,0.0
13,180,5.266805989160415,4.969328976586686,1.0,0.0,0.0,0.0,1.0,0.0
14,180,1.506357919327298,11.050979114523988,1.0,0.0,0.0,0.0,0.0,0.0
15,180,11.316667218452114,6.025309175909405,0.0,1.0,0.0,0.0,0.0,1.0
16,180,2.7276978538705388,11.332648294825004,0.0,0.0,0.0,0.0,0.0,0.0
17,180,12.0,6.279517759129599,1.0,0.0,1.0,0.0,0.0,1.0
18,180,3.3584976903873844,2.142910358098351,1.0,0.0,0.0,0.0,0.0,0.0
19,180,4.4826664145060064,5.519551286678489,1.0,1.0,0.0,1.0,0.0,0.0
20,180,11.195601802577338,0.6571572892247333,1.0,0.0,0.0,0.0,0.0,1.0
21,180,6.815238402648625,2.6664486338614517,0.0,0.0,0.0,1.0,1.0,0.0
22,180,8.248731819919923,2.671753672254336,1.0,0.0,0.0,0.0,1.0,1.0
23,180,7.489065959371188,3.3891082341777654,0.0,1.0,0.0,0.0,0.0,1.0
24,180,10.694282892067074,5.803934052134762,1.0,1.0,0.0,1.0,0.0,0.0
25,180,11.560685666778165,5.068726653813618,0.0,0.0,1.0,1.0,1.0,0.0
26,180,6.685794738169816,3.4493516392511867,0.0,0.0,0.0,0.0,1.0,0.0
27,180,6.758086726066717,8.049211150045588,0.0,0.0,0.0,1.0,0.0,1.0
28,180,7.212372912925982,2.198352707456033,0.0,1.0,0.0,1.0,0.0,1.0
29,180,0.2253373148147467,4.62116545754375,1.0,0.0,1.0,0.0,1.0,1.0
30,180,4.68036586291476,12.0,0.0,0.0,1.0,0.0,0.0,1.0
31,180,3.5608124272967085,6.814220784288634,0.0,1.0,0.0,0.0,0.0,1.0
32,180,9.82037749242282,10.637098107374936,0.0,1.0,0.0,0.0,1.0,0.0
33,180,8.343613581900179,3.8618116398380056,0.0,1.0,1.0,0.0,0.0,0.0
34,180,12.0,8.396712648535726,0.0,0.0,1.0,1.0,1.0,0.0
35,180,6.176575669708402,0.1232946092880093,0.0,1.0,1.0,1.0,1.0,0.0
36,180,1.2205582893999665,9.527502075378925,1.0,1.0,0.0,1.0,1.0,0.0
37,180,7.478033126972834,7.116765747751368,0.0,0.0,0.0,1.0,0.0,1.0
38,180,8.044414498047818,3.449502334188516,1.0,0.0,1.0,1.0,0.0,1.0
39,180,4.099484368496988,3.8208894141667473,1.0,0.0,1.0,1.0,1.0,0.0
0,185,3.1290911653867592,8.104178242283071,0.0,1.0,1.0,1.0,0.0,0.0
1,185,4.094062556173504,8.7437081190799,1.0,0.0,0.0,0.0,0.0,1.0
2,185,8.17546584001062,0.0368965237020265,0.0,0.0,1.0,0.0,0.0,0.0
3,185,8.354215744836681,5.613411588968596,0.0,1.0,1.0,1.0,0.0,0.0
4,185,7.678745979789613,12.0,1.0,0.0,0.0,0.0,0.0,1.0
5,185,8.029407130240095,11.850596684500507,0.0,1.0,1.0,0.0,0.0,1.0
6,185,0.0437187843867602,7.056841898509682,0.0,1.0,0.0,0.0,0.0,1.0
7,185,4.759870141668694,7.377840612855846,1.0,1.0,0.0,1.0,1.0,1.0
8,185,3.552556060904423,12.0,1.0,0.0,1.0,0.0,0.0,0.0
9,185,12.0,12.0,0.0,1.0,1.0,1.0,1.0,0.0
10,185,7.39422119292743,9.407747744611893,0.0,0.0,0.0,1.0,1.0,1.0
11,185,12.0,0.0,0.0,0.0,1.0,1.0,0.0,1.0
12,185,7.157730264057872,3.86317962603846,0.0,1.0,1.0,0.0,0.0,0.0
13,185,5.133866972594947,5.029048796472469,1.0,0.0,0.0,0.0,1.0,0.0
14,185,1.5414675492521916,11.13503525601468,1.0,0.0,0.0,0.0,0.0,0.0
15,185,11.313782123980497,5.949588254807583,0.0,1.0,0.0,0.0,0.0,1.0
16,185,2.803136555331285,11.373252533269756,0.0,0.0,0.0,0.0,0.0,0.0
17,185,12.0,6.121286300085633,1.0,0.0,1.0,0.0,0.0,1.0
18,185,3.408000039460525,2.279777060759581,1.0,0.0,0.0,0.0,0.0,0.0
19,185,4.332792801390269,5.347186632226034,1.0,1.0,0.0,1.0,0.0,0.0
20,185,11.326232633982446,0.5139918869692086,1.0,0.0,0.0,0.0,0.0,1.0
21,185,6.845995618685597,2.6605467495473256,0.0,0.0,0.0,1.0,1.0,0.0
22,185,8.31163439912726,2.655729614962397,1.0,0.0,0.0,0.0,1.0,1.0
23,185,7.52185843000507,3.363704981914049,0.0,1.0,0.0,0.0,0.0,1.0
24,185,10.814997070753387,5.791864370263128,1.0,1.0,0.0,1.0,0.0,0.0
25,185,11.56726466706928,5.028328908817609,0.0,0.0,1.0,1.0,1.0,0.0
26,185,6.591879494801652,3.504513734677715,0.0,0.0,0.0,0.0,1.0,0.0
27,185,6.74510057786898,8.172525084332204,0.0,0.0,0.0,1.0,0.0,1.0
28,185,7.210141956579701,2.2554747121139176,0.0,1.0,0.0,1.0,0.0,1.0
29,185,0.2315696997472221,4.562086308333009,1.0,0.0,1.0,0.0,1.0,1.0
30,185,4.652459494133871,12.0,0.0,0.0,1.0,0.0,0.0,1.0
31,185,3.5532727819104646,6.810385511133519,0.0,1.0,0.0,0.0,0.0,1.0
32,185,9.77072610591878,10.65013986135452,0.0,1.0,0.0,0.0,1.0,0.0
33,185,8.347999933403408,3.895311592306245,0.0,1.0,1.0,0.0,0.0,0.0
34,185,12.0,8.247427363477465,0.0,0.0,1.0,1.0,1.0,0.0
35,185,6.208604577566769,0.1462664616541318,0.0,1.0,1.0,1.0,1.0,0.0
36,185,1.151256869897076,9.58946360908824,1.0,1.0,0.0,1.0,1.0,0.0
37,185,7.498342018746554,7.123235197159649,0.0,0.0,0.0,1.0,0.0,1.0
38,185,8.038218560756334,3.4630654273457853,1.0,0.0,1.0,1.0,0.0,1.0
39,185,3.951689003213583,3.787335624282121,1.0,0.0,1.0,1.0,1.0,0.0
0,190,3.1728287900106014,8.110803487830907,0.0,1.0,1.0,1.0,0.0,0.0
1,190,4.245948097400274,8.72659277276619,1.0,0.0,0.0,0.0,0.0,1.0
2,190,8.201088413261484,0.0295480101353447,0.0,0.0,1.0,0.0,0.0,0.0
3,190,8.44508895814057,5.6320541492992975,0.0,1.0,1.0,1.0,0.0,0.0
4,190,7.612683404164877,12.0,1.0,0.0,0.0,0.0,0.0,1.0
5,190,8.029379158800644,11.853471455637498,0.0,1.0,1.0,0.0,0.0,1.0
6,190,0.0525436400219007,7.087637288710546,0.0,1.0,0.0,0.0,0.0,1.0
7,190,4.812866426518997,7.355938696081889,1.0,1.0,0.0,1.0,1.0,1.0
8,190,3.5611546521179838,12.0,1.0,0.0,1.0,0.0,0.0,0.0
9,190,12.0,12.0,0.0,1.0,1.0,1.0,1.0,0.0
10,190,7.387575562939701,9.411992634337432,0.0,0.0,0.0,1.0,1.0,1.0
11,190,12.0,0.0,0.0,0.0,1.0,1.0,0.0,1.0
12,190,7.17532225104498,3.880058416045432,0.0,1.0,1.0,0.0,0.0,0.0
13,190,5.022656721649763,5.075981086240991,1.0,0.0,0.0,0.0,1.0,0.0
14,190,1.5827895515658092,11.233195489709669,1.0,0.0,0.0,0.0,0.0,0.0
15,190,11.307937674988986,5.852732462255079,0.0,1.0,0.0,0.0,0.0,1.0
16,190,2.873763900123586,11.410364422738011,0.0,0.0,0.0,0.0,0.0,0.0
17,190,12.0,5.956272149570662,1.0,0.0,1.0,0.0,0.0,1.0
18,190,3.457738150645679,2.4184091653845665,1.0,0.0,0.0,0.0,0.0,0.0
19,190,4.182926400686687,5.172234452482561,1.0,1.0,0.0,1.0,0.0,0.0
20,190,11.460332850203889,0.371359194057964,1.0,0.0,0.0,0.0,0.0,1.0
21,190,6.911433652736229,2.648432871331777,0.0,0.0,0.0,1.0,1.0,0.0
22,190,8.37959913363592,2.6390082251141656,1.0,0.0,0.0,0.0,1.0,1.0
23,190,7.547574403994719,3.3435818739307432,0.0,1.0,0.0,0.0,0.0,1.0
24,190,10.920968924128148,5.778322363574495,1.0,1.0,0.0,1.0,0.0,0.0
25,190,11.574429902237943,4.989980977189676,0.0,0.0,1.0,1.0,1.0,0.0
26,190,6.511867481579903,3.551508069848504,0.0,0.0,0.0,0.0,1.0,0.0
27,190,6.733648954839656,8.290202113011944,0.0,0.0,0.0,1.0,0.0,1.0
28,190,7.206767159733977,2.309704630499533,0.0,1.0,0.0,1.0,0.0,1.0
29,190,0.2382858680146306,4.505715187072542,1.0,0.0,1.0,0.0,1.0,1.0
30,190,4.620969958663142,12.0,0.0,0.0,1.0,0.0,0.0,1.0
31,190,3.541304603381473,6.804694614311838,0.0,1.0,0.0,0.0,0.0,1.0
32,190,9.709162186131971,10.665272904023414,0.0,1.0,0.0,0.0,1.0,0.0
33,190,8.35553215725377,3.944339512010166,0.0,1.0,1.0,0.0,0.0,0.0
34,190,12.0,8.100704018020512,0.0,0.0,1.0,1.0,1.0,0.0
35,190,6.221139877910028,0.1548006284694054,0.0,1.0,1.0,1.0,1.0,0.0
36,190,1.0866698462089674,9.646756327883333,1.0,1.0,0.0,1.0,1.0,0.0
37,190,7.525913483151328,7.132124216798342,0.0,0.0,0.0,1.0,0.0,1.0
38,190,8.02394423135398,3.4946408194004723,1.0,0.0,1.0,1.0,0.0,1.0
39,190,3.803934279768477,3.75483199718574,1.0,0.0,1.0,1.0,1.0,0.0
0,195,3.21251959646708,8.11550353352565,0.0,1.0,1.0,1.0,0.0,0.0
1,195,4.397981149713008,8.718978166818866,1.0,0.0,0.0,0.0,0.0,1.0
2,195,8.2353897028544,0.0195187205331505,0.0,0.0,1.0,0.0,0.0,0.0
3,195,8.558292484869728,5.653749115332234,0.0,1.0,1.0,1.0,0.0,0.0
4,195,7.548100396495803,12.0,1.0,0.0,0.0,0.0,0.0,1.0
5,195,8.028505617740032,11.87788373612545,0.0,1.0,1.0,0.0,0.0,1.0
6,195,0.0601618526243841,7.117329470677344,0.0,1.0,0.0,0.0,0.0,1.0
7,195,4.863320373330307,7.334856471482811,1.0,1.0,0.0,1.0,1.0,1.0
8,195,3.589499838718942,12.0,1.0,0.0,1.0,0.0,0.0,0.0
9,195,12.0,12.0,0.0,1.0,1.0,1.0,1.0,0.0
10,195,7.384647613495375,9.41382899952906,0.0,0.0,0.0,1.0,1.0,1.0
11,195,12.0,0.0,0.0,0.0,1.0,1.0,0.0,1.0
12,195,7.193781805717718,3.8976305095707615,0.0,1.0,1.0,0.0,0.0,0.0
13,195,4.910613422050576,5.126160413194378,1.0,0.0,0.0,0.0,1.0,0.0
14,195,1.618390202863184,11.316443286222846,1.0,0.0,0.0,0.0,0.0,0.0
15,195,11.30156412199071,5.759687687795674,0.0,1.0,0.0,0.0,0.0,1.0
16,195,2.944209126331514,11.449950974868075,0.0,0.0,0.0,0.0,0.0,0.0
17,195,12.0,5.797090621503005,1.0,0.0,1.0,0.0,0.0,1.0
18,195,3.516381440252715,2.5713026789803908,1.0,0.0,0.0,0.0,0.0,0.0
19,195,4.023132682847126,4.982376026473843,1.0,1.0,0.0,1.0,0.0,0.0
20,195,11.604529287066072,0.2227445931958359,1.0,0.0,0.0,0.0,0.0,1.0
21,195,6.985111421397677,2.634018760092471,0.0,0.0,0.0,1.0,1.0,0.0
22,195,8.440794705680243,2.624437002109333,1.0,0.0,0.0,0.0,1.0,1.0
23,195,7.569200331828386,3.326782658217333,0.0,1.0,0.0,0.0,0.0,1.0
24,195,11.023770620656084,5.764255627812686,1.0,1.0,0.0,1.0,0.0,0.0
25,195,11.587436165153708,4.924414351511813,0.0,0.0,1.0,1.0,1.0,0.0
26,195,6.422923665322642,3.605782560748038,0.0,0.0,0.0,0.0,1.0,0.0
27,195,6.721567073795777,8.410581367284102,0.0,0.0,0.0,1.0,0.0,1.0
28,195,7.202140230612476,2.3776046839229,0.0,1.0,0.0,1.0,0.0,1.0
29,195,0.2497645634139703,4.417820469658245,1.0,0.0,1.0,0.0,1.0,1.0
30,195,4.585743732425935,12.0,0.0,0.0,1.0,0.0,0.0,1.0
31,195,3.5283546636390244,6.7982518629191,0.0,1.0,0.0,0.0,0.0,1.0
32,195,9.648953018225338,10.68144046014064,0.0,1.0,0.0,0.0,1.0,0.0
33,195,8.364363160035838,4.008813365928842,0.0,1.0,1.0,0.0,0.0,0.0
34,195,12.0,8.147909080186963,0.0,0.0,1.0,1.0,1.0,0.0
35,195,6.231227946852084,0.1613184230184814,0.0,1.0,1.0,1.0,1.0,0.0
36,195,1.036300540799035,9.691277568127209,1.0,1.0,0.0,1.0,1.0,0.0
37,195,7.57082129189585,7.144822544810421,0.0,0.0,0.0,1.0,0.0,1.0
38,195,8.013992144090507,3.518328529048672,1.0,0.0,1.0,1.0,0.0,1.0
39,195,3.633440287279356,3.707842094676236,1.0,0.0,1.0,1.0,1.0,0.0
0,200,3.2550325190055243,8.12054734304262,0.0,1.0,1.0,1.0,0.0,0.0
1,200,4.540582318332964,8.710154862912956,1.0,0.0,0.0,0.0,0.0,1.0
2,200,8.274461663883196,0.0074152821755007,0.0,0.0,1.0,0.0,0.0,0.0
3,200,8.67637389657478,5.676151859577431,0.0,1.0,1.0,1.0,0.0,0.0
4,200,7.505170246435373,12.0,1.0,0.0,0.0,0.0,0.0,1.0
5,200,8.027550550178603,11.903328952207858,0.0,1.0,1.0,0.0,0.0,1.0
6,200,0.0652270337974003,7.137462180342334,0.0,1.0,0.0,0.0,0.0,1.0
7,200,4.900432073800133,7.318238482652711,1.0,1.0,0.0,1.0,1.0,1.0
8,200,3.6192215872993274,12.0,1.0,0.0,1.0,0.0,0.0,0.0
9,200,11.88201553217413,12.0,0.0,1.0,1.0,1.0,1.0,0.0
10,200,7.386024398539668,9.412996354265704,0.0,0.0,0.0,1.0,1.0,1.0
11,200,12.0,0.0,0.0,0.0,1.0,1.0,0.0,1.0
12,200,7.220197586752095,3.922843038459194,0.0,1.0,1.0,0.0,0.0,0.0
13,200,4.805494469210346,5.177618482443592,1.0,0.0,0.0,0.0,1.0,0.0
14,200,1.6548366291126992,11.400733947033896,1.0,0.0,0.0,0.0,0.0,0.0
15,200,11.294293104223456,5.657500030122584,0.0,1.0,0.0,0.0,0.0,1.0
16,200,2.98717997101381,11.374512318429838,0.0,0.0,0.0,0.0,0.0,0.0
17,200,12.0,5.647023127264672,1.0,0.0,1.0,0.0,0.0,1.0
18,200,3.5636750955768504,2.7210135690276163,1.0,0.0,0.0,0.0,0.0,0.0
19,200,3.859308112197557,4.782119592964149,1.0,1.0,0.0,1.0,0.0,0.0
20,200,11.751615003375914,0.0677456711871221,1.0,0.0,0.0,0.0,0.0,1.0
21,200,7.061102862795876,2.6186992905692565,0.0,0.0,0.0,1.0,1.0,0.0
22,200,8.499300168578396,2.608175279699964,1.0,0.0,0.0,0.0,1.0,1.0
23,200,7.578805328730437,3.3191995510336283,0.0,1.0,0.0,0.0,0.0,1.0
24,200,11.115109664649191,5.752562555482426,1.0,1.0,0.0,1.0,0.0,0.0
25,200,11.598896808775915,4.860350492456797,0.0,0.0,1.0,1.0,1.0,0.0
26,200,6.363334330419384,3.643424850440793,0.0,0.0,0.0,0.0,1.0,0.0
27,200,6.710934810030413,8.535341105850296,0.0,0.0,0.0,1.0,0.0,1.0
28,200,7.1980702217927615,2.4327571526215475,0.0,1.0,0.0,1.0,0.0,1.0
29,200,0.2607480317113047,4.325724271342601,1.0,0.0,1.0,0.0,1.0,1.0
30,200,4.5374789466922,12.0,0.0,0.0,1.0,0.0,0.0,1.0
31,200,3.509417351209006,6.7882200393709855,0.0,1.0,0.0,0.0,0.0,1.0
32,200,9.59901641929534,10.69578764419865,0.0,1.0,0.0,0.0,1.0,0.0
33,200,8.375233726772608,4.077816900307804,0.0,1.0,1.0,0.0,0.0,0.0
34,200,12.0,8.195261538177487,0.0,0.0,1.0,1.0,1.0,0.0
35,200,6.233810011345553,0.1629810478792391,0.0,1.0,1.0,1.0,1.0,0.0
36,200,0.9858946743100276,9.735000820591996,1.0,1.0,0.0,1.0,1.0,0.0
37,200,7.625109040868773,7.159584928977576,0.0,0.0,0.0,1.0,0.0,1.0
38,200,8.001076807314966,3.548184340159196,1.0,0.0,1.0,1.0,0.0,1.0
39,200,3.4709483558597305,3.661788116632828,1.0,0.0,1.0,1.0,1.0,0.0
0,205,3.3011605583328363,8.124184068940297,0.0,1.0,1.0,1.0,0.0,0.0
1,205,4.688638385146407,8.700612702148156,1.0,0.0,0.0,0.0,0.0,1.0
2,205,8.321495895345606,0.0,0.0,0.0,1.0,0.0,0.0,0.0
3,205,8.79995670483255,5.699363743115528,0.0,1.0,1.0,1.0,0.0,0.0
4,205,7.474572352180787,12.0,1.0,0.0,0.0,0.0,0.0,1.0
5,205,8.026988924159738,11.923758010953824,0.0,1.0,1.0,0.0,0.0,1.0
6,205,0.0670081358274955,7.145466995542469,0.0,1.0,0.0,0.0,0.0,1.0
7,205,4.914856800426292,7.311790514739596,1.0,1.0,0.0,1.0,1.0,1.0
8,205,3.6546548551579514,12.0,1.0,0.0,1.0,0.0,0.0,0.0
9,205,11.774598769523662,12.0,0.0,1.0,1.0,1.0,1.0,0.0
10,205,7.387687740649448,9.41188181992074,0.0,0.0,0.0,1.0,1.0,1.0
11,205,12.0,0.0,0.0,0.0,1.0,1.0,0.0,1.0
12,205,7.246905890635211,3.9497138072211793,0.0,1.0,1.0,0.0,0.0,0.0
13,205,4.693903783440432,5.229620368247442,1.0,0.0,0.0,0.0,1.0,0.0
14,205,1.6971935760568209,11.500625277111034,1.0,0.0,0.0,0.0,0.0,0.0
15,205,11.287681057311804,5.552210945991922,0.0,1.0,0.0,0.0,0.0,1.0
16,205,3.0190597691515024,11.320916974421449,0.0,0.0,0.0,0.0,0.0,0.0
17,205,12.0,5.486790304096361,1.0,0.0,1.0,0.0,0.0,1.0
18,205,3.622640871249511,2.887830350578644,1.0,0.0,0.0,0.0,0.0,0.0
19,205,3.692266459669488,4.5799549050477175,1.0,1.0,0.0,1.0,0.0,0.0
20,205,11.911024313891376,0.0,1.0,0.0,0.0,0.0,0.0,1.0
21,205,7.148859069121246,2.600825957133172,0.0,0.0,0.0,1.0,1.0,0.0
22,205,8.562209366426957,2.588477029563885,1.0,0.0,0.0,0.0,1.0,1.0
23,205,7.599923164701336,3.3026604488417863,0.0,1.0,0.0,0.0,0.0,1.0
24,205,11.21942815227936,5.737933413225589,1.0,1.0,0.0,1.0,0.0,0.0
25,205,11.60810521627266,4.800717778987192,0.0,0.0,1.0,1.0,1.0,0.0
26,205,6.310038764985788,3.67444888200722,0.0,0.0,0.0,0.0,1.0,0.0
27,205,6.699826796602802,8.643618307119388,0.0,0.0,0.0,1.0,0.0,1.0
28,205,7.194520987471932,2.492170497544649,0.0,1.0,0.0,1.0,0.0,1.0
29,205,0.2711956843711067,4.229209574555521,1.0,0.0,1.0,0.0,1.0,1.0
30,205,4.479031214403909,12.0,0.0,0.0,1.0,0.0,0.0,1.0
31,205,3.494552580846118,6.7802650365720805,0.0,1.0,0.0,0.0,0.0,1.0
32,205,9.542181699286337,10.712894236628292,0.0,1.0,0.0,0.0,1.0,0.0
33,205,8.385035327155364,4.137604107931749,0.0,1.0,1.0,0.0,0.0,0.0
34,205,12.0,8.231986872609085,0.0,0.0,1.0,1.0,1.0,0.0
35,205,6.251320709698242,0.1739181575490796,0.0,1.0,1.0,1.0,1.0,0.0
36,205,0.9424745912939272,9.770201156261022,1.0,1.0,0.0,1.0,1.0,0.0
37,205,7.67698759879119,7.174608664427484,0.0,0.0,0.0,1.0,0.0,1.0
38,205,7.98524057816061,3.5803935387203776,1.0,0.0,1.0,1.0,0.0,1.0
39,205,3.315866729374651,3.616611063507236,1.0,0.0,1.0,1.0,1.0,0.0
0,210,3.351493918208838,8.127479082167445,0.0,1.0,1.0,1.0,0.0,0.0
1,210,4.841288150768715,8.690702652703742,1.0,0.0,0.0,0.0,0.0,1.0
2,210,8.380754549243697,0.0,0.0,0.0,1.0,0.0,0.0,0.0
3,210,8.823657212382612,5.57565922481056,0.0,1.0,1.0,1.0,0.0,0.0
4,210,7.4458297225511,12.0,1.0,0.0,0.0,0.0,0.0,1.0
5,210,8.02599075971171,11.94010103013356,0.0,1.0,1.0,0.0,0.0,1.0
6,210,0.0710568761968201,7.163070975043699,0.0,1.0,0.0,0.0,0.0,1.0
7,210,4.942060974133922,7.300357762438918,1.0,1.0,0.0,1.0,1.0,1.0
8,210,3.685313722031264,12.0,1.0,0.0,1.0,0.0,0.0,0.0
9,210,11.672205997223202,12.0,0.0,1.0,1.0,1.0,1.0,0.0
10,210,7.38488661724478,9.41384201550598,0.0,0.0,0.0,1.0,1.0,1.0
11,210,12.0,0.0,0.0,0.0,1.0,1.0,0.0,1.0
12,210,7.270195567820997,3.974652373772461,0.0,1.0,1.0,0.0,0.0,0.0
13,210,4.590008806571859,5.2786381671603,1.0,0.0,0.0,0.0,1.0,0.0
14,210,1.7452744936062083,11.616870127614789,1.0,0.0,0.0,0.0,0.0,0.0
15,210,11.281339650429604,5.458402692485207,0.0,1.0,0.0,0.0,0.0,1.0
16,210,3.0591181932295792,11.258129044657418,0.0,0.0,0.0,0.0,0.0,0.0
17,210,12.0,5.35912070296792,1.0,0.0,1.0,0.0,0.0,1.0
18,210,3.680776929059665,3.050386739199016,1.0,0.0,0.0,0.0,0.0,0.0
19,210,3.524547075780168,4.390617847089674,1.0,1.0,0.0,1.0,0.0,0.0
20,210,12.0,0.0,1.0,0.0,0.0,0.0,0.0,1.0
21,210,7.228505708595636,2.585833850274108,0.0,0.0,0.0,1.0,1.0,0.0
22,210,8.635729926092864,2.5654226675673524,1.0,0.0,0.0,0.0,1.0,1.0
23,210,7.633405002424494,3.275364110470813,0.0,1.0,0.0,0.0,0.0,1.0
24,210,11.341960939666151,5.721532492346776,1.0,1.0,0.0,1.0,0.0,0.0
25,210,11.613932863147843,4.753635490245663,0.0,0.0,1.0,1.0,1.0,0.0
26,210,6.2512421289501,3.7087008031688327,0.0,0.0,0.0,0.0,1.0,0.0
27,210,6.690300484687179,8.751622861402849,0.0,0.0,0.0,1.0,0.0,1.0
28,210,7.190651710894927,2.552365976598838,0.0,1.0,0.0,1.0,0.0,1.0
29,210,0.281119895353489,4.121606726324795,1.0,0.0,1.0,0.0,1.0,1.0
30,210,4.411173481963885,12.0,0.0,0.0,1.0,0.0,0.0,1.0
31,210,3.4637780791261363,6.763527775658974,0.0,1.0,0.0,0.0,0.0,1.0
32,210,9.474661392521757,10.732570338828127,0.0,1.0,0.0,0.0,1.0,0.0
33,210,8.388955787524024,4.163491054439542,0.0,1.0,1.0,0.0,0.0,0.0
34,210,12.0,8.261930613431202,0.0,0.0,1.0,1.0,1.0,0.0
35,210,6.261376916074888,0.1798372812364199,0.0,1.0,1.0,1.0,1.0,0.0
36,210,0.9005307656574699,9.805028283640192,1.0,1.0,0.0,1.0,1.0,0.0
37,210,7.732290021837922,7.1907955940843244,0.0,0.0,0.0,1.0,0.0,1.0
38,210,7.962796068247951,3.629266284238328,1.0,0.0,1.0,1.0,0.0,1.0
39,210,3.1498876958407718,3.5643673834192766,1.0,0.0,1.0,1.0,1.0,0.0
0,215,3.399778517438712,8.130866676506342,0.0,1.0,1.0,1.0,0.0,0.0
1,215,4.955800406117062,8.683803957238972,1.0,0.0,0.0,0.0,0.0,1.0
2,215,8.430834094905165,0.0,0.0,0.0,1.0,0.0,0.0,0.0
3,215,8.847454164191694,5.44999219336843,0.0,1.0,1.0,1.0,0.0,0.0
4,215,7.409968928581609,12.0,1.0,0.0,0.0,0.0,0.0,1.0
5,215,8.025590090023599,11.946803742769749,0.0,1.0,1.0,0.0,0.0,1.0
6,215,0.0674642356364653,7.149534646145313,0.0,1.0,0.0,0.0,0.0,1.0
7,215,4.9558116536220025,7.29473996863393,1.0,1.0,0.0,1.0,1.0,1.0
8,215,3.716523116923106,12.0,1.0,0.0,1.0,0.0,0.0,0.0
9,215,11.564193916426118,12.0,0.0,1.0,1.0,1.0,1.0,0.0
10,215,7.38699682806813,9.412417814118497,0.0,0.0,0.0,1.0,1.0,1.0
11,215,12.0,0.0,0.0,0.0,1.0,1.0,0.0,1.0
12,215,7.292886262755179,3.999285238397048,0.0,1.0,1.0,0.0,0.0,0.0
13,215,4.484989175950025,5.327268780059994,1.0,0.0,0.0,0.0,1.0,0.0
14,215,1.7931737616940795,11.72801443511756,1.0,0.0,0.0,0.0,0.0,0.0
15,215,11.276841342604104,5.376336803425442,0.0,1.0,0.0,0.0,0.0,1.0
16,215,3.0924309193761887,11.202015819024552,0.0,0.0,0.0,0.0,0.0,0.0
17,215,12.0,5.234020242436689,1.0,0.0,1.0,0.0,0.0,1.0
18,215,3.740571611281504,3.2175030208240414,1.0,0.0,0.0,0.0,0.0,0.0
19,215,3.3553594933690944,4.197309095317228,1.0,1.0,0.0,1.0,0.0,0.0
20,215,12.0,0.0,1.0,0.0,0.0,0.0,0.0,1.0
21,215,7.312284372658894,2.573100399307814,0.0,0.0,0.0,1.0,1.0,0.0
22,215,8.712422401190992,2.5415980652325523,1.0,0.0,0.0,0.0,1.0,1.0
23,215,7.655891355067569,3.2567600709122586,0.0,1.0,0.0,0.0,0.0,1.0
24,215,11.479451794596836,5.701713440483633,1.0,1.0,0.0,1.0,0.0,0.0
25,215,11.61734152511364,4.728626277473894,0.0,0.0,1.0,1.0,1.0,0.0
26,215,6.270463294218551,3.744582625439372,0.0,0.0,0.0,0.0,1.0,0.0
27,215,6.679378530761049,8.869953735835395,0.0,0.0,0.0,1.0,0.0,1.0
28,215,7.1841367726081256,2.6338797282952084,0.0,1.0,0.0,1.0,0.0,1.0
29,215,0.2895486529318462,4.015273687984967,1.0,0.0,1.0,0.0,1.0,1.0
30,215,4.335801512001775,12.0,0.0,0.0,1.0,0.0,0.0,1.0
31,215,3.436716173340418,6.7492185582649205,0.0,1.0,0.0,0.0,0.0,1.0
32,215,9.399262828799332,10.755548207055671,0.0,1.0,0.0,0.0,1.0,0.0
33,215,8.392050780281775,4.181395367967607,0.0,1.0,1.0,0.0,0.0,0.0
34,215,12.0,8.298804743470503,0.0,0.0,1.0,1.0,1.0,0.0
35,215,6.257791506766621,0.1777550869652777,0.0,1.0,1.0,1.0,1.0,0.0
36,215,0.8504345048351831,9.84643948926378,1.0,1.0,0.0,1.0,1.0,0.0
37,215,7.792694317892046,7.208858357715307,0.0,0.0,0.0,1.0,0.0,1.0
38,215,7.949126738274471,3.6592977028431446,1.0,0.0,1.0,1.0,0.0,1.0
39,215,3.0070035805383637,3.5191009252644085,1.0,0.0,1.0,1.0,1.0,0.0
0,220,3.4627925173555067,8.1354059428793,0.0,1.0,1.0,1.0,0.0,0.0
1,220,5.089343562760702,8.671966034947232,1.0,0.0,0.0,0.0,0.0,1.0
2,220,8.469035373541347,0.0,0.0,0.0,1.0,0.0,0.0,0.0
3,220,8.868098289374796,5.315878691276247,0.0,1.0,1.0,1.0,0.0,0.0
4,220,7.368852371281895,12.0,1.0,0.0,0.0,0.0,0.0,1.0
5,220,8.025361237931122,11.951098462063976,0.0,1.0,1.0,0.0,0.0,1.0
6,220,0.0628207330138627,7.1330007533660655,0.0,1.0,0.0,0.0,0.0,1.0
7,220,4.971554633718646,7.288749526917686,1.0,1.0,0.0,1.0,1.0,1.0
8,220,3.7425880726810297,12.0,1.0,0.0,1.0,0.0,0.0,0.0
9,220,11.45833635738227,12.0,0.0,1.0,1.0,1.0,1.0,0.0
10,220,7.384873418482469,9.41382002596145,0.0,0.0,0.0,1.0,1.0,1.0
11,220,12.0,0.0,0.0,0.0,1.0,1.0,0.0,1.0
12,220,7.313152909007704,4.023135857125091,0.0,1.0,1.0,0.0,0.0,0.0
13,220,4.39563788359064,5.366888446677414,1.0,0.0,0.0,0.0,1.0,0.0
14,220,1.838505911738054,11.832000285684543,1.0,0.0,0.0,0.0,0.0,0.0
15,220,11.271958888575456,5.298916603312154,0.0,1.0,0.0,0.0,0.0,1.0
16,220,3.1267048131457185,11.144266564793192,0.0,0.0,0.0,0.0,0.0,0.0
17,220,12.0,5.109773766057046,1.0,0.0,1.0,0.0,0.0,1.0
18,220,3.7991549430886966,3.3763992512691363,1.0,0.0,0.0,0.0,0.0,0.0
19,220,3.176279916470245,4.011769004210396,1.0,1.0,0.0,1.0,0.0,0.0
20,220,12.0,0.0,1.0,0.0,0.0,0.0,0.0,1.0
21,220,7.373158799514761,2.5643690909199024,0.0,0.0,0.0,1.0,1.0,0.0
22,220,8.791249484041728,2.517421184979346,1.0,0.0,0.0,0.0,1.0,1.0
23,220,7.675631012704418,3.239369619511029,0.0,1.0,0.0,0.0,0.0,1.0
24,220,11.635403579638654,5.6784618055329,1.0,1.0,0.0,1.0,0.0,0.0
25,220,11.62080528472772,4.704786476879811,0.0,0.0,1.0,1.0,1.0,0.0
26,220,6.291589793950665,3.78377823781672,0.0,0.0,0.0,0.0,1.0,0.0
27,220,6.669554056359627,8.97193168913374,0.0,0.0,0.0,1.0,0.0,1.0
28,220,7.177782952700156,2.718251701462563,0.0,1.0,0.0,1.0,0.0,1.0
29,220,0.299524454293529,3.896173652874191,1.0,0.0,1.0,0.0,1.0,1.0
30,220,4.257612662730096,12.0,0.0,0.0,1.0,0.0,0.0,1.0
31,220,3.4291141948491517,6.763588444099292,0.0,1.0,0.0,0.0,0.0,1.0
32,220,9.323943826133366,10.778904545858204,0.0,1.0,0.0,0.0,1.0,0.0
33,220,8.395624360760367,4.200505218516279,0.0,1.0,1.0,0.0,0.0,0.0
34,220,12.0,8.340203332008688,0.0,0.0,1.0,1.0,1.0,0.0
35,220,6.2683708931906255,0.183667864174009,0.0,1.0,1.0,1.0,1.0,0.0
36,220,0.8032058051526874,9.887122482718762,1.0,1.0,0.0,1.0,1.0,0.0
37,220,7.865999687836054,7.230233059295264,0.0,0.0,0.0,1.0,0.0,1.0
38,220,7.933672462130824,3.6917579101053097,1.0,0.0,1.0,1.0,0.0,1.0
39,220,2.868697595288628,3.475479515739385,1.0,0.0,1.0,1.0,1.0,0.0
0,225,3.5291351694194644,8.138313327867971,0.0,1.0,1.0,1.0,0.0,0.0
1,225,5.227535229825391,8.660007384517359,1.0,0.0,0.0,0.0,0.0,1.0
2,225,8.51042583761392,0.0,0.0,0.0,1.0,0.0,0.0,0.0
3,225,8.889744284004887,5.185402381656673,0.0,1.0,1.0,1.0,0.0,0.0
4,225,7.317957790614909,12.0,1.0,0.0,0.0,0.0,0.0,1.0
5,225,8.024776297413935,11.96088734354133,0.0,1.0,1.0,0.0,0.0,1.0
6,225,0.0550050089658537,7.106560489543324,0.0,1.0,0.0,0.0,0.0,1.0
7,225,4.980162726646447,7.285399392425688,1.0,1.0,0.0,1.0,1.0,1.0
8,225,3.757916881998189,12.0,1.0,0.0,1.0,0.0,0.0,0.0
9,225,11.357060026854723,12.0,0.0,1.0,1.0,1.0,1.0,0.0
10,225,7.386264344883876,9.412919688401628,0.0,0.0,0.0,1.0,1.0,1.0
11,225,12.0,0.0,0.0,0.0,1.0,1.0,0.0,1.0
12,225,7.333228213198684,4.046768676514016,0.0,1.0,1.0,0.0,0.0,0.0
13,225,4.309250172610388,5.404584062676263,1.0,0.0,0.0,0.0,1.0,0.0
14,225,1.8876769310608323,11.944985021154622,1.0,0.0,0.0,0.0,0.0,0.0
15,225,11.267519492978405,5.240014237944758,0.0,1.0,0.0,0.0,0.0,1.0
16,225,3.1531419077017966,11.101280660613066,0.0,0.0,0.0,0.0,0.0,0.0
17,225,12.0,4.983246203414184,1.0,0.0,1.0,0.0,0.0,1.0
18,225,3.853985145937268,3.5218459589283904,1.0,0.0,0.0,0.0,0.0,0.0
19,225,3.0037533334192816,3.838833904607281,1.0,1.0,0.0,1.0,0.0,0.0
20,225,12.0,0.0,1.0,0.0,0.0,0.0,0.0,1.0
21,225,7.432699505343853,2.5568759626612927,0.0,0.0,0.0,1.0,1.0,0.0
22,225,8.859076889789193,2.494561921246748,1.0,0.0,0.0,0.0,1.0,1.0
23,225,7.68683832145927,3.230164141711462,0.0,1.0,0.0,0.0,0.0,1.0
24,225,11.806843723881906,5.65201293550177,1.0,1.0,0.0,1.0,0.0,0.0
25,225,11.621466118643346,4.700048246979454,0.0,0.0,1.0,1.0,1.0,0.0
26,225,6.304865596729636,3.807789165585113,0.0,0.0,0.0,0.0,1.0,0.0
27,225,6.659701155636228,9.096210901612029,0.0,0.0,0.0,1.0,0.0,1.0
28,225,7.171401179697626,2.7873389009291403,0.0,1.0,0.0,1.0,0.0,1.0
29,225,0.3096312727465081,3.755946220717068,1.0,0.0,1.0,0.0,1.0,1.0
30,225,4.177830973243328,12.0,0.0,0.0,1.0,0.0,0.0,1.0
31,225,3.418396215453196,6.783704594821112,0.0,1.0,0.0,0.0,0.0,1.0
32,225,9.247613783910849,10.805033349928635,0.0,1.0,0.0,0.0,1.0,0.0
33,225,8.404582511147503,4.243892285694342,0.0,1.0,1.0,0.0,0.0,0.0
34,225,12.0,8.380599781270407,0.0,0.0,1.0,1.0,1.0,0.0
35,225,6.282350145038259,0.1918030295840842,0.0,1.0,1.0,1.0,1.0,0.0
36,225,0.7463186247938782,9.934593442258436,1.0,1.0,0.0,1.0,1.0,0.0
37,225,7.935373128080329,7.251632582636852,0.0,0.0,0.0,1.0,0.0,1.0
38,225,7.917258088145899,3.726218773554843,1.0,0.0,1.0,1.0,0.0,1.0
39,225,2.736011021832957,3.4329598527108547,1.0,0.0,1.0,1.0,1.0,0.0
0,230,3.6044428573035847,8.140381607201617,0.0,1.0,1.0,1.0,0.0,0.0
1,230,5.365788209934229,8.646623501668024,1.0,0.0,0.0,0.0,0.0,1.0
2,230,8.546321379701315,0.0,0.0,0.0,1.0,0.0,0.0,0.0
3,230,8.90830186586763,5.066764459909567,0.0,1.0,1.0,1.0,0.0,0.0
4,230,7.262073050788681,12.0,1.0,0.0,0.0,0.0,0.0,1.0
5,230,8.024541530950701,11.964606105125355,0.0,1.0,1.0,0.0,0.0,1.0
6,230,0.0547149674543739,7.105603315287677,0.0,1.0,0.0,0.0,0.0,1.0
7,230,5.011724834151305,7.273065168457991,1.0,1.0,0.0,1.0,1.0,1.0
8,230,3.767861886834496,12.0,1.0,0.0,1.0,0.0,0.0,0.0
9,230,11.259066505321607,12.0,0.0,1.0,1.0,1.0,1.0,0.0
10,230,7.387879619853585,9.415340765124238,0.0,0.0,0.0,1.0,1.0,1.0
11,230,12.0,0.0,0.0,0.0,1.0,1.0,0.0,1.0
12,230,7.343752649602765,4.0593720915146765,0.0,1.0,1.0,0.0,0.0,0.0
13,230,4.271458567454581,5.32159788961793,1.0,0.0,0.0,0.0,1.0,0.0
14,230,1.9291046806066476,12.0,1.0,0.0,0.0,0.0,0.0,0.0
15,230,11.26291320499092,5.187027280396783,0.0,1.0,0.0,0.0,0.0,1.0
16,230,3.187034672288086,11.043761779489884,0.0,0.0,0.0,0.0,0.0,0.0
17,230,12.0,4.849912758511024,1.0,0.0,1.0,0.0,0.0,1.0
18,230,3.903260952022082,3.665113174560482,1.0,0.0,0.0,0.0,0.0,0.0
19,230,2.836919508666579,3.676709273653284,1.0,1.0,0.0,1.0,0.0,0.0
20,230,12.0,0.0,1.0,0.0,0.0,0.0,0.0,1.0
21,230,7.499387116241487,2.5498764766535533,0.0,0.0,0.0,1.0,1.0,0.0
22,230,8.935496419437602,2.468653714559322,1.0,0.0,0.0,0.0,1.0,1.0
23,230,7.689682638163682,3.2276804287204754,0.0,1.0,0.0,0.0,0.0,1.0
24,230,11.9727010128089,5.627775686786081,1.0,1.0,0.0,1.0,0.0,0.0
25,230,11.621804531275709,4.697539594969228,0.0,0.0,1.0,1.0,1.0,0.0
26,230,6.31998792335913,3.837339885273954,0.0,0.0,0.0,0.0,1.0,0.0
27,230,6.652237274462832,9.210193085463091,0.0,0.0,0.0,1.0,0.0,1.0
28,230,7.168481238324499,2.8680711321559493,0.0,1.0,0.0,1.0,0.0,1.0
29,230,0.3275620190764316,3.5849889330474056,1.0,0.0,1.0,0.0,1.0,1.0
30,230,4.090836866107766,12.0,0.0,0.0,1.0,0.0,0.0,1.0
31,230,3.415806763489013,6.788321483523361,0.0,1.0,0.0,0.0,0.0,1.0
32,230,9.173762047333868,10.832203245214451,0.0,1.0,0.0,0.0,1.0,0.0
33,230,8.416816408587211,4.298616058523703,0.0,1.0,1.0,0.0,0.0,0.0
34,230,12.0,8.419406125066065,0.0,0.0,1.0,1.0,1.0,0.0
35,230,6.293826719742859,0.198426794063651,0.0,1.0,1.0,1.0,1.0,0.0
36,230,0.693530316838078,9.97724477462527,1.0,1.0,0.0,1.0,1.0,0.0
37,230,8.003499827690895,7.271323456711115,0.0,0.0,0.0,1.0,0.0,1.0
38,230,7.894248875863958,3.77452388291855,1.0,0.0,1.0,1.0,0.0,1.0
39,230,2.629106088511004,3.3994977221067626,1.0,0.0,1.0,1.0,1.0,0.0
0,235,3.6843870509734127,8.143892191839283,0.0,1.0,1.0,1.0,0.0,0.0
1,235,5.51345456093337,8.634211313114253,1.0,0.0,0.0,0.0,0.0,1.0
2,235,8.571681058724383,0.0,0.0,0.0,1.0,0.0,0.0,0.0
3,235,8.928550219101519,4.9492111723127366,0.0,1.0,1.0,1.0,0.0,0.0
4,235,7.218627000662667,12.0,1.0,0.0,0.0,0.0,0.0,1.0
5,235,8.024161450993812,11.97077479645722,0.0,1.0,1.0,0.0,0.0,1.0
6,235,0.0625279699409025,7.128348296317838,0.0,1.0,0.0,0.0,0.0,1.0
7,235,5.048721859770902,7.25771105756057,1.0,1.0,0.0,1.0,1.0,1.0
8,235,3.776028147332405,11.980279956505916,1.0,0.0,1.0,0.0,0.0,0.0
9,235,11.15991300376902,12.0,0.0,1.0,1.0,1.0,1.0,0.0
10,235,7.40214740521012,9.43824933831644,0.0,0.0,0.0,1.0,1.0,1.0
11,235,12.0,0.0,0.0,0.0,1.0,1.0,0.0,1.0
12,235,7.363782594913364,4.083911375832378,0.0,1.0,1.0,0.0,0.0,0.0
13,235,4.230840096445871,5.231640095806823,1.0,0.0,0.0,0.0,1.0,0.0
14,235,1.9667065021122203,12.0,1.0,0.0,0.0,0.0,0.0,0.0
15,235,11.259032313745516,5.128118389221775,0.0,1.0,0.0,0.0,0.0,1.0
16,235,3.220836475693969,10.983466644152513,0.0,0.0,0.0,0.0,0.0,0.0
17,235,12.0,4.712343265525352,1.0,0.0,1.0,0.0,0.0,1.0
18,235,3.962148089064673,3.8312903496584583,1.0,0.0,0.0,0.0,0.0,0.0
19,235,2.6425249317814687,3.4941534540179395,1.0,1.0,0.0,1.0,0.0,0.0
20,235,12.0,0.0,1.0,0.0,0.0,0.0,0.0,1.0
21,235,7.545910907197128,2.5437935098482165,0.0,0.0,0.0,1.0,1.0,0.0
22,235,9.020504948265266,2.440919402099049,1.0,0.0,0.0,0.0,1.0,1.0
23,235,7.692574229025296,3.2251494648013925,0.0,1.0,0.0,0.0,0.0,1.0
24,235,12.0,5.601826322896329,1.0,1.0,0.0,1.0,0.0,0.0
25,235,11.624055123911456,4.676746802529555,0.0,0.0,1.0,1.0,1.0,0.0
26,235,6.3390189327438335,3.871311335269509,0.0,0.0,0.0,0.0,1.0,0.0
27,235,6.650100422901182,9.304227898877516,0.0,0.0,0.0,1.0,0.0,1.0
28,235,7.168829820352954,2.950489006789236,0.0,1.0,0.0,1.0,0.0,1.0
29,235,0.3452148496440691,3.4103783536956365,1.0,0.0,1.0,0.0,1.0,1.0
30,235,3.9996849576855222,12.0,0.0,0.0,1.0,0.0,0.0,1.0
31,235,3.412982056465146,6.792948868981584,0.0,1.0,0.0,0.0,0.0,1.0
32,235,9.077392346512283,10.867557081553294,0.0,1.0,0.0,0.0,1.0,0.0
33,235,8.431037350012701,4.36073886081843,0.0,1.0,1.0,0.0,0.0,0.0
34,235,12.0,8.456441020512512,0.0,0.0,1.0,1.0,1.0,0.0
35,235,6.317305536964185,0.2125583567596425,0.0,1.0,1.0,1.0,1.0,0.0
36,235,0.6462019295984924,10.01436452557544,1.0,1.0,0.0,1.0,1.0,0.0
37,235,8.079087430128562,7.292242028472328,0.0,0.0,0.0,1.0,0.0,1.0
38,235,7.877433116231117,3.8100295310048096,1.0,0.0,1.0,1.0,0.0,1.0
39,235,2.527202612775031,3.369489771216713,1.0,0.0,1.0,1.0,1.0,0.0
0,240,3.7663856949113255,8.146803359959456,0.0,1.0,1.0,1.0,0.0,0.0
1,240,5.666037505785434,8.622235566135469,1.0,0.0,0.0,0.0,0.0,1.0
2,240,8.6027867771394,0.0,0.0,0.0,1.0,0.0,0.0,0.0
3,240,8.952489360097662,4.818562428163117,0.0,1.0,1.0,1.0,0.0,0.0
4,240,7.182381012551533,12.0,1.0,0.0,0.0,0.0,0.0,1.0
5,240,8.023339495361537,11.9873405072141,0.0,1.0,1.0,0.0,0.0,1.0
6,240,0.0728988760570144,7.156695275463628,0.0,1.0,0.0,0.0,0.0,1.0
7,240,5.091704110420036,7.23971810467372,1.0,1.0,0.0,1.0,1.0,1.0
8,240,3.782435117548886,11.963840887339638,1.0,0.0,1.0,0.0,0.0,0.0
9,240,11.053601679413932,12.0,0.0,1.0,1.0,1.0,1.0,0.0
10,240,7.414256773662673,9.458048238339767,0.0,0.0,0.0,1.0,1.0,1.0
11,240,12.0,0.0,0.0,0.0,1.0,1.0,0.0,1.0
12,240,7.380767188792436,4.104564438154741,0.0,1.0,1.0,0.0,0.0,0.0
13,240,4.190497606876489,5.142627104164226,1.0,0.0,0.0,0.0,1.0,0.0
14,240,2.010331432078052,12.0,1.0,0.0,0.0,0.0,0.0,0.0
15,240,11.25690912438293,5.08181662192945,0.0,1.0,0.0,0.0,0.0,1.0
16,240,3.2544505920806177,10.92142870406204,0.0,0.0,0.0,0.0,0.0,0.0
17,240,12.0,4.5707919880308125,1.0,0.0,1.0,0.0,0.0,1.0
18,240,4.02389559888903,4.01169069144784,1.0,0.0,0.0,0.0,0.0,0.0
19,240,2.452385879552913,3.3065130816628137,1.0,1.0,0.0,1.0,0.0,0.0
20,240,12.0,0.0,1.0,0.0,0.0,0.0,0.0,1.0
21,240,7.590011683971011,2.5372072064776936,0.0,0.0,0.0,1.0,1.0,0.0
22,240,9.102200586552817,2.416026875798434,1.0,0.0,0.0,0.0,1.0,1.0
23,240,7.696074577204442,3.221958864512528,0.0,1.0,0.0,0.0,0.0,1.0
24,240,12.0,5.579323799320568,1.0,1.0,0.0,1.0,0.0,0.0
25,240,11.641057543578947,4.6787550458724025,0.0,0.0,1.0,1.0,1.0,0.0
26,240,6.38293848092317,3.955468708090553,0.0,0.0,0.0,0.0,1.0,0.0
27,240,6.646378413289771,9.382664484337846,0.0,0.0,0.0,1.0,0.0,1.0
28,240,7.16924165237719,3.0303087352375013,0.0,1.0,0.0,1.0,0.0,1.0
29,240,0.3597156507992269,3.2266386745346707,1.0,0.0,1.0,0.0,1.0,1.0
30,240,3.903086751316213,12.0,0.0,0.0,1.0,0.0,0.0,1.0
31,240,3.4047266610933216,6.8078265115002505,0.0,1.0,0.0,0.0,0.0,1.0
32,240,8.990447395178414,10.900734938889494,0.0,1.0,0.0,0.0,1.0,0.0
33,240,8.44337773088223,4.414340411621145,0.0,1.0,1.0,0.0,0.0,0.0
34,240,12.0,8.49294268760983,0.0,0.0,1.0,1.0,1.0,0.0
35,240,6.34037950179102,0.2265771914711072,0.0,1.0,1.0,1.0,1.0,0.0
36,240,0.5847205153236181,10.062062878545444,1.0,1.0,0.0,1.0,1.0,0.0
37,240,8.159853090811648,7.315576324989202,0.0,0.0,0.0,1.0,0.0,1.0
38,240,7.871501183317975,3.823227157250999,1.0,0.0,1.0,1.0,0.0,1.0
39,240,2.406208946205865,3.332371000941079,1.0,0.0,1.0,1.0,1.0,0.0
0,245,3.862679983872168,8.149190240196875,0.0,1.0,1.0,1.0,0.0,0.0
1,245,5.811683783638134,8.608709765686905,1.0,0.0,0.0,0.0,0.0,1.0
2,245,8.612758052091788,0.0,0.0,0.0,1.0,0.0,0.0,0.0
3,245,8.97817560072646,4.673514462914096,0.0,1.0,1.0,1.0,0.0,0.0
4,245,7.15607881294433,12.0,1.0,0.0,0.0,0.0,0.0,1.0
5,245,8.022726529102755,12.0,0.0,1.0,1.0,0.0,0.0,1.0
6,245,0.0880598096616748,7.196924542361076,0.0,1.0,0.0,0.0,0.0,1.0
7,245,5.134238621711622,7.221499201962949,1.0,1.0,0.0,1.0,1.0,1.0
8,245,3.791864223619744,11.938582669139205,1.0,0.0,1.0,0.0,0.0,0.0
9,245,10.935915733007436,12.0,0.0,1.0,1.0,1.0,1.0,0.0
10,245,7.419618071243426,9.467156552891868,0.0,0.0,0.0,1.0,1.0,1.0
11,245,12.0,0.0,0.0,0.0,1.0,1.0,0.0,1.0
12,245,7.394861524029203,4.121392809629754,0.0,1.0,1.0,0.0,0.0,0.0
13,245,4.148765990505412,5.059043027497095,1.0,0.0,0.0,0.0,1.0,0.0
14,245,2.062942599400593,12.0,1.0,0.0,0.0,0.0,0.0,0.0
15,245,11.253694188035206,5.0272879610057135,0.0,1.0,0.0,0.0,0.0,1.0
16,245,3.280230416839147,10.874044730667842,0.0,0.0,0.0,0.0,0.0,0.0
17,245,12.0,4.436760727163111,1.0,0.0,1.0,0.0,0.0,1.0
18,245,4.087939234056839,4.184010842325239,1.0,0.0,0.0,0.0,0.0,0.0
19,245,2.271546126374244,3.1232897458705016,1.0,1.0,0.0,1.0,0.0,0.0
20,245,12.0,0.0,1.0,0.0,0.0,0.0,0.0,1.0
21,245,7.6526458810342275,2.528091472562084,0.0,0.0,0.0,1.0,1.0,0.0
22,245,9.178328736917784,2.392607661757702,1.0,0.0,0.0,0.0,1.0,1.0
23,245,7.708505945147048,3.2111699000613543,0.0,1.0,0.0,0.0,0.0,1.0
24,245,12.0,5.556523779476426,1.0,1.0,0.0,1.0,0.0,0.0
25,245,11.644680919576052,4.679247169775231,0.0,0.0,1.0,1.0,1.0,0.0
26,245,6.426687952608428,4.0374674049750565,0.0,0.0,0.0,0.0,1.0,0.0
27,245,6.641669448175962,9.44720493019775,0.0,0.0,0.0,1.0,0.0,1.0
28,245,7.167380756568217,3.1037705916519727,0.0,1.0,0.0,1.0,0.0,1.0
29,245,0.3731152505579314,3.0262887724079985,1.0,0.0,1.0,0.0,1.0,1.0
30,245,3.820525601160013,12.0,0.0,0.0,1.0,0.0,0.0,1.0
31,245,3.415421121733532,6.813403650877383,0.0,1.0,0.0,0.0,0.0,1.0
32,245,8.889440488440801,10.938649720280518,0.0,1.0,0.0,0.0,1.0,0.0
33,245,8.454755662602503,4.462702133730742,0.0,1.0,1.0,0.0,0.0,0.0
34,245,12.0,8.532493092270014,0.0,0.0,1.0,1.0,1.0,0.0
35,245,6.355399962891738,0.2362518075540254,0.0,1.0,1.0,1.0,1.0,0.0
36,245,0.5293313614602412,10.106933579003346,1.0,1.0,0.0,1.0,1.0,0.0
37,245,8.243800440849967,7.33910231280459,0.0,0.0,0.0,1.0,0.0,1.0
38,245,7.862123417435018,3.84412827096486,1.0,0.0,1.0,1.0,0.0,1.0
39,245,2.288902234522569,3.29578699768826,1.0,0.0,1.0,1.0,1.0,0.0
0,250,3.967699741222144,8.151991038808887,0.0,1.0,1.0,1.0,0.0,0.0
1,250,5.977525658504173,8.585840514038225,1.0,0.0,0.0,0.0,0.0,1.0
2,250,8.595027565581104,0.0047387388927552,0.0,0.0,1.0,0.0,0.0,0.0
3,250,9.004136557361978,4.538566740478429,0.0,1.0,1.0,1.0,0.0,0.0
4,250,7.119158604187841,12.0,1.0,0.0,0.0,0.0,0.0,1.0
5,250,8.022670806428039,12.0,0.0,1.0,1.0,0.0,0.0,1.0
6,250,0.0938720227545042,7.211884773211481,0.0,1.0,0.0,0.0,0.0,1.0
7,250,5.160764437957168,7.209690271452732,1.0,1.0,0.0,1.0,1.0,1.0
8,250,3.801546264719506,11.915442650419136,1.0,0.0,1.0,0.0,0.0,0.0
9,250,10.80276300845542,12.0,0.0,1.0,1.0,1.0,1.0,0.0
10,250,7.426065078258818,9.478703928343,0.0,0.0,0.0,1.0,1.0,1.0
11,250,12.0,0.0,0.0,0.0,1.0,1.0,0.0,1.0
12,250,7.4244480782087,4.154916628050915,0.0,1.0,1.0,0.0,0.0,0.0
13,250,4.108077709211289,4.973200950600561,1.0,0.0,0.0,0.0,1.0,0.0
14,250,2.113810078091832,12.0,1.0,0.0,0.0,0.0,0.0,0.0
15,250,11.250588111598567,4.947797215011305,0.0,1.0,0.0,0.0,0.0,1.0
16,250,3.308544388329562,10.822225773064032,0.0,0.0,0.0,0.0,0.0,0.0
17,250,12.0,4.303340572049893,1.0,0.0,1.0,0.0,0.0,1.0
18,250,4.163149486050589,4.388145148817793,1.0,0.0,0.0,0.0,0.0,0.0
19,250,2.0948500001681385,2.9321456100907977,1.0,1.0,0.0,1.0,0.0,0.0
20,250,12.0,0.0,1.0,0.0,0.0,0.0,0.0,1.0
21,250,7.701935012656404,2.519844716540548,0.0,0.0,0.0,1.0,1.0,0.0
22,250,9.258985185988642,2.364681301297966,1.0,0.0,0.0,0.0,1.0,1.0
23,250,7.714837464096269,3.2056167154779613,0.0,1.0,0.0,0.0,0.0,1.0
24,250,12.0,5.532860381517448,1.0,1.0,0.0,1.0,0.0,0.0
25,250,11.650975062193965,4.679929435944955,0.0,0.0,1.0,1.0,1.0,0.0
26,250,6.474711615063717,4.125404037803273,0.0,0.0,0.0,0.0,1.0,0.0
27,250,6.636257982356314,9.527789653376262,0.0,0.0,0.0,1.0,0.0,1.0
28,250,7.166838746478498,3.164087066671981,0.0,1.0,0.0,1.0,0.0,1.0
29,250,0.388599467485362,2.812830968056351,1.0,0.0,1.0,0.0,1.0,1.0
30,250,3.738778456269536,12.0,0.0,0.0,1.0,0.0,0.0,1.0
31,250,3.4092476340210878,6.810194369981181,0.0,1.0,0.0,0.0,0.0,1.0
32,250,8.768592084856822,10.985482113985388,0.0,1.0,0.0,0.0,1.0,0.0
33,250,8.467327030383002,4.514929003677095,0.0,1.0,1.0,0.0,0.0,0.0
34,250,12.0,8.57465294474409,0.0,0.0,1.0,1.0,1.0,0.0
35,250,6.373441319640636,0.2478614189372223,0.0,1.0,1.0,1.0,1.0,0.0
36,250,0.4678140001162272,10.157787831543107,1.0,1.0,0.0,1.0,1.0,0.0
37,250,8.318096035595358,7.35964489317885,0.0,0.0,0.0,1.0,0.0,1.0
38,250,7.855572901448264,3.8598864324556663,1.0,0.0,1.0,1.0,0.0,1.0
39,250,2.16531700872909,3.255050462146056,1.0,0.0,1.0,1.0,1.0,0.0
0,255,4.063039856154211,8.15337757106482,0.0,1.0,1.0,1.0,0.0,0.0
1,255,6.155333897131508,8.55826591864029,1.0,0.0,0.0,0.0,0.0,1.0
2,255,8.561808241048507,0.0136174118799448,0.0,0.0,1.0,0.0,0.0,0.0
3,255,9.023759248602232,4.425796323161556,0.0,1.0,1.0,1.0,0.0,0.0
4,255,7.088358321562765,12.0,1.0,0.0,0.0,0.0,0.0,1.0
5,255,8.022897230917996,12.0,0.0,1.0,1.0,0.0,0.0,1.0
6,255,0.090110037345532,7.201644258905166,0.0,1.0,0.0,0.0,0.0,1.0
7,255,5.192320918229726,7.195599001844814,1.0,1.0,0.0,1.0,1.0,1.0
8,255,3.810777511844628,11.894245873743934,1.0,0.0,1.0,0.0,0.0,0.0
9,255,10.685076659971076,12.0,0.0,1.0,1.0,1.0,1.0,0.0
10,255,7.430232112551835,9.486458339118776,0.0,0.0,0.0,1.0,1.0,1.0
11,255,12.0,0.0,0.0,0.0,1.0,1.0,0.0,1.0
12,255,7.467638650978379,4.205432046630795,0.0,1.0,1.0,0.0,0.0,0.0
13,255,4.064998545652854,4.875006891992443,1.0,0.0,0.0,0.0,1.0,0.0
14,255,2.1597027690395003,12.0,1.0,0.0,0.0,0.0,0.0,0.0
15,255,11.24745935257885,4.862512924524376,0.0,1.0,0.0,0.0,0.0,1.0
16,255,3.329350555072293,10.782144183452838,0.0,0.0,0.0,0.0,0.0,0.0
17,255,12.0,4.169481334538929,1.0,0.0,1.0,0.0,0.0,1.0
18,255,4.230336394045192,4.571674525912127,1.0,0.0,0.0,0.0,0.0,0.0
19,255,1.925051471341933,2.742269212810095,1.0,1.0,0.0,1.0,0.0,0.0
20,255,12.0,0.0,1.0,0.0,0.0,0.0,0.0,1.0
21,255,7.752955729859346,2.509395670319702,0.0,0.0,0.0,1.0,1.0,0.0
22,255,9.321167586169675,2.3427950617201003,1.0,0.0,0.0,0.0,1.0,1.0
23,255,7.724508397876124,3.1968556663109595,0.0,1.0,0.0,0.0,0.0,1.0
24,255,12.0,5.509618885193049,1.0,1.0,0.0,1.0,0.0,0.0
25,255,11.659173135850054,4.680599228293632,0.0,0.0,1.0,1.0,1.0,0.0
26,255,6.52878752215702,4.220619642426587,0.0,0.0,0.0,0.0,1.0,0.0
27,255,6.634674070969851,9.613232186385211,0.0,0.0,0.0,1.0,0.0,1.0
28,255,7.1690095688643805,3.230209534871149,0.0,1.0,0.0,1.0,0.0,1.0
29,255,0.3689783357446265,3.03188858957366,1.0,0.0,1.0,0.0,1.0,1.0
30,255,3.664676898298586,12.0,0.0,0.0,1.0,0.0,0.0,1.0
31,255,3.37068451495529,6.791062117574497,0.0,1.0,0.0,0.0,0.0,1.0
32,255,8.643769792854997,11.034890785496216,0.0,1.0,0.0,0.0,1.0,0.0
33,255,8.485426425654511,4.597403728721995,0.0,1.0,1.0,0.0,0.0,0.0
34,255,12.0,8.623637466863897,0.0,0.0,1.0,1.0,1.0,0.0
35,255,6.405234339248797,0.269183017521986,0.0,1.0,1.0,1.0,1.0,0.0
36,255,0.4086058308992227,10.206588632244792,1.0,1.0,0.0,1.0,1.0,0.0
37,255,8.388051207792325,7.378932631458309,0.0,0.0,0.0,1.0,0.0,1.0
38,255,7.849421235963871,3.875234851172935,1.0,0.0,1.0,1.0,0.0,1.0
39,255,2.031704398171301,3.210437861927175,1.0,0.0,1.0,1.0,1.0,0.0
0,260,4.171806821784752,8.157218842015475,0.0,1.0,1.0,1.0,0.0,0.0
1,260,6.319558126138723,8.531330405157219,1.0,0.0,0.0,0.0,0.0,1.0
2,260,8.509567056497017,0.0286030522764581,0.0,0.0,1.0,0.0,0.0,0.0
3,260,9.044958423934736,4.308603578827144,0.0,1.0,1.0,1.0,0.0,0.0
4,260,7.047216694950839,12.0,1.0,0.0,0.0,0.0,0.0,1.0
5,260,8.02306257980898,12.0,0.0,1.0,1.0,0.0,0.0,1.0
6,260,0.08191707266944,7.17917957779352,0.0,1.0,0.0,0.0,0.0,1.0
7,260,5.2244411746734745,7.180807495448825,1.0,1.0,0.0,1.0,1.0,1.0
8,260,3.8267308960582014,11.858202223491377,1.0,0.0,1.0,0.0,0.0,0.0
9,260,10.570336460363253,12.0,0.0,1.0,1.0,1.0,1.0,0.0
10,260,7.442252058470119,9.509613816927116,0.0,0.0,0.0,1.0,1.0,1.0
11,260,12.0,0.0,0.0,0.0,1.0,1.0,0.0,1.0
12,260,7.503971616228956,4.250209284593594,0.0,1.0,1.0,0.0,0.0,0.0
13,260,4.018136334025788,4.769843845897874,1.0,0.0,0.0,0.0,1.0,0.0
14,260,2.218171729956808,12.0,1.0,0.0,0.0,0.0,0.0,0.0
15,260,11.243394618862052,4.789396515874882,0.0,1.0,0.0,0.0,0.0,1.0
16,260,3.3572678704259262,10.726475178835107,0.0,0.0,0.0,0.0,0.0,0.0
17,260,12.0,4.055349833191999,1.0,0.0,1.0,0.0,0.0,1.0
18,260,4.294030611908822,4.738200827772903,1.0,0.0,0.0,0.0,0.0,0.0
19,260,1.753584027253321,2.5498462125441046,1.0,1.0,0.0,1.0,0.0,0.0
20,260,12.0,0.0,1.0,0.0,0.0,0.0,0.0,1.0
21,260,7.7904177050184575,2.5031908631571507,0.0,0.0,0.0,1.0,1.0,0.0
22,260,9.3829300251134,2.3201230076300403,1.0,0.0,0.0,0.0,1.0,1.0
23,260,7.739524881175566,3.182356140912867,0.0,1.0,0.0,0.0,0.0,1.0
24,260,12.0,5.484971642692102,1.0,1.0,0.0,1.0,0.0,0.0
25,260,11.66975079519898,4.68148601391548,0.0,0.0,1.0,1.0,1.0,0.0
26,260,6.577967698996561,4.305356854044816,0.0,0.0,0.0,0.0,1.0,0.0
27,260,6.631751722929435,9.714129124571157,0.0,0.0,0.0,1.0,0.0,1.0
28,260,7.1697121453159305,3.2991271535361144,0.0,1.0,0.0,1.0,0.0,1.0
29,260,0.352991145361765,3.224022628218112,1.0,0.0,1.0,0.0,1.0,1.0
30,260,3.596737579105067,12.0,0.0,0.0,1.0,0.0,0.0,1.0
31,260,3.329989549351586,6.770671205873932,0.0,1.0,0.0,0.0,0.0,1.0
32,260,8.508639635300842,11.086157104351813,0.0,1.0,0.0,0.0,1.0,0.0
33,260,8.503242523475695,4.674017694011071,0.0,1.0,1.0,0.0,0.0,0.0
34,260,12.0,8.669017245317542,0.0,0.0,1.0,1.0,1.0,0.0
35,260,6.45620048894347,0.3021177488099844,0.0,1.0,1.0,1.0,1.0,0.0
36,260,0.3549012138857593,10.251149053105204,1.0,1.0,0.0,1.0,1.0,0.0
37,260,8.453093202163956,7.397048337445512,0.0,0.0,0.0,1.0,0.0,1.0
38,260,7.845143197919843,3.885687818218505,1.0,0.0,1.0,1.0,0.0,1.0
39,260,1.890566171631379,3.16622956494768,1.0,0.0,1.0,1.0,1.0,0.0
0,265,4.287522592912199,8.156714341689801,0.0,1.0,1.0,1.0,0.0,0.0
1,265,6.495334748185443,8.50277515388644,1.0,0.0,0.0,0.0,0.0,1.0
2,265,8.472501623766364,0.0398836151189247,0.0,0.0,1.0,0.0,0.0,0.0
3,265,9.072431970651053,4.173792497905752,0.0,1.0,1.0,1.0,0.0,0.0
4,265,6.999593597631818,12.0,1.0,0.0,0.0,0.0,0.0,1.0
5,265,8.023294722999523,12.0,0.0,1.0,1.0,0.0,0.0,1.0
6,265,0.0736965906182058,7.156776964828856,0.0,1.0,0.0,0.0,0.0,1.0
7,265,5.241405690227585,7.173336008562902,1.0,1.0,0.0,1.0,1.0,1.0
8,265,3.841521537847753,11.8219486601125,1.0,0.0,1.0,0.0,0.0,0.0
9,265,10.462484978801909,12.0,0.0,1.0,1.0,1.0,1.0,0.0
10,265,7.436986576002665,9.512091810752684,0.0,0.0,0.0,1.0,1.0,1.0
11,265,12.0,0.0,0.0,0.0,1.0,1.0,0.0,1.0
12,265,7.547255508064273,4.303258844038739,0.0,1.0,1.0,0.0,0.0,0.0
13,265,3.9692681588882177,4.657175830166827,1.0,0.0,0.0,0.0,1.0,0.0
14,265,2.2705785897294994,12.0,1.0,0.0,0.0,0.0,0.0,0.0
15,265,11.238396579130187,4.717386228547706,0.0,1.0,0.0,0.0,0.0,1.0
16,265,3.380408896833333,10.677977219638144,0.0,0.0,0.0,0.0,0.0,0.0
17,265,12.0,3.930092880553854,1.0,0.0,1.0,0.0,0.0,1.0
18,265,4.367041794840234,4.9140934055435,1.0,0.0,0.0,0.0,0.0,0.0
19,265,1.5751213482649409,2.353821457326949,1.0,1.0,0.0,1.0,0.0,0.0
20,265,12.0,0.0,1.0,0.0,0.0,0.0,0.0,1.0
21,265,7.814612752228884,2.499270600499795,0.0,0.0,0.0,1.0,1.0,0.0
22,265,9.445901719112616,2.297094335521302,1.0,0.0,0.0,0.0,1.0,1.0
23,265,7.757232315145356,3.166169306375618,0.0,1.0,0.0,0.0,0.0,1.0
24,265,12.0,5.45138559581496,1.0,1.0,0.0,1.0,0.0,0.0
25,265,11.686232963255852,4.682965962840971,0.0,0.0,1.0,1.0,1.0,0.0
26,265,6.617321882722243,4.371917040048182,0.0,0.0,0.0,0.0,1.0,0.0
27,265,6.627152310527317,9.820414217827944,0.0,0.0,0.0,1.0,0.0,1.0
28,265,7.169623761877125,3.3851235704931657,0.0,1.0,0.0,1.0,0.0,1.0
29,265,0.3387293116646246,3.39842843537219,1.0,0.0,1.0,0.0,1.0,1.0
30,265,3.523946265420174,12.0,0.0,0.0,1.0,0.0,0.0,1.0
31,265,3.293812367566412,6.752179505142474,0.0,1.0,0.0,0.0,0.0,1.0
32,265,8.381301049174365,11.133584565765018,0.0,1.0,0.0,0.0,1.0,0.0
33,265,8.520196744409974,4.756448924584049,0.0,1.0,1.0,0.0,0.0,0.0
34,265,12.0,8.713149448409748,0.0,0.0,1.0,1.0,1.0,0.0
35,265,6.489164671781111,0.3237925673764865,0.0,1.0,1.0,1.0,1.0,0.0
36,265,0.2970822481155732,10.29813160302429,1.0,1.0,0.0,1.0,1.0,0.0
37,265,8.528207305706324,7.4176861250255,0.0,0.0,0.0,1.0,0.0,1.0
38,265,7.84049719997168,3.896916131979845,1.0,0.0,1.0,1.0,0.0,1.0
39,265,1.7534149709916729,3.116902299213664,1.0,0.0,1.0,1.0,1.0,0.0
0,270,4.405773705852361,8.155414025277269,0.0,1.0,1.0,1.0,0.0,0.0
1,270,6.671374077391088,8.469245036602826,1.0,0.0,0.0,0.0,0.0,1.0
2,270,8.426598138346392,0.0534722423598818,0.0,0.0,1.0,0.0,0.0,0.0
3,270,9.102639263099594,4.0312600666486444,0.0,1.0,1.0,1.0,0.0,0.0
4,270,6.954165152125177,12.0,1.0,0.0,0.0,0.0,0.0,1.0
5,270,8.023600098962971,12.0,0.0,1.0,1.0,0.0,0.0,1.0
6,270,0.0675372616739313,7.139606035512498,0.0,1.0,0.0,0.0,0.0,1.0
7,270,5.267750245325689,7.161544789083775,1.0,1.0,0.0,1.0,1.0,1.0
8,270,3.8530383655639135,11.793649212140048,1.0,0.0,1.0,0.0,0.0,0.0
9,270,10.346180298209106,12.0,0.0,1.0,1.0,1.0,1.0,0.0
10,270,7.435097481350672,9.512936826268673,0.0,0.0,0.0,1.0,1.0,1.0
11,270,12.0,0.0,0.0,0.0,1.0,1.0,0.0,1.0
12,270,7.58501796889811,4.3462064385730255,0.0,1.0,1.0,0.0,0.0,0.0
13,270,3.92803167676796,4.559898875553225,1.0,0.0,0.0,0.0,1.0,0.0
14,270,2.3168991263351177,12.0,1.0,0.0,0.0,0.0,0.0,0.0
15,270,11.233965075603187,4.653864022425707,0.0,1.0,0.0,0.0,0.0,1.0
16,270,3.403639220351147,10.629024633535415,0.0,0.0,0.0,0.0,0.0,0.0
17,270,12.0,3.800012586194733,1.0,0.0,1.0,0.0,0.0,1.0
18,270,4.439303924567015,5.08671482198214,1.0,0.0,0.0,0.0,0.0,0.0
19,270,1.3913624808882814,2.161820940640057,1.0,1.0,0.0,1.0,0.0,0.0
20,270,12.0,0.0,1.0,0.0,0.0,0.0,0.0,1.0
21,270,7.828359641887256,2.496806944167655,0.0,0.0,0.0,1.0,1.0,0.0
22,270,9.506164198664218,2.2752538795438806,1.0,0.0,0.0,0.0,1.0,1.0
23,270,7.757972593686613,3.16550267440254,0.0,1.0,0.0,0.0,0.0,1.0
24,270,12.0,5.420749343188228,1.0,1.0,0.0,1.0,0.0,0.0
25,270,11.704262813428947,4.684769801866154,0.0,0.0,1.0,1.0,1.0,0.0
26,270,6.661475284140584,4.445657920548842,0.0,0.0,0.0,0.0,1.0,0.0
27,270,6.628081466441032,9.925211653513816,0.0,0.0,0.0,1.0,0.0,1.0
28,270,7.170337264650158,3.456153191852683,0.0,1.0,0.0,1.0,0.0,1.0
29,270,0.3277049924517926,3.5697085374356794,1.0,0.0,1.0,0.0,1.0,1.0
30,270,3.4679289591736167,12.0,0.0,0.0,1.0,0.0,0.0,1.0
31,270,3.2444728262840647,6.728127836520115,0.0,1.0,0.0,0.0,0.0,1.0
32,270,8.244944918062647,11.18296999353048,0.0,1.0,0.0,0.0,1.0,0.0
33,270,8.543733629814112,4.869106185327998,0.0,1.0,1.0,0.0,0.0,0.0
34,270,12.0,8.751329912743573,0.0,0.0,1.0,1.0,1.0,0.0
35,270,6.456246617288247,0.3753837924722217,0.0,1.0,1.0,1.0,1.0,0.0
36,270,0.2493498810246805,10.336312018519893,1.0,1.0,0.0,1.0,1.0,0.0
37,270,8.579689687227457,7.432238084072433,0.0,0.0,0.0,1.0,0.0,1.0
38,270,7.835707201590998,3.9084683807809615,1.0,0.0,1.0,1.0,0.0,1.0
39,270,1.607662465643555,3.066875839685552,1.0,0.0,1.0,1.0,1.0,0.0
0,275,4.515748799531108,8.15348820218698,0.0,1.0,1.0,1.0,0.0,0.0
1,275,6.85418967689239,8.434042464287687,1.0,0.0,0.0,0.0,0.0,1.0
2,275,8.369713941231826,0.0716494608687701,0.0,0.0,1.0,0.0,0.0,0.0
3,275,9.129854032942198,3.896844962234399,0.0,1.0,1.0,1.0,0.0,0.0
4,275,6.897125879485996,12.0,1.0,0.0,0.0,0.0,0.0,1.0
5,275,8.023567267592092,12.0,0.0,1.0,1.0,0.0,0.0,1.0
6,275,0.0721820709171737,7.153357672179613,0.0,1.0,0.0,0.0,0.0,1.0
7,275,5.295229823909568,7.148926691952854,1.0,1.0,0.0,1.0,1.0,1.0
8,275,3.8633365223308656,11.769708972316195,1.0,0.0,1.0,0.0,0.0,0.0
9,275,10.237107929250648,12.0,0.0,1.0,1.0,1.0,1.0,0.0
10,275,7.436178419338758,9.51243448288951,0.0,0.0,0.0,1.0,1.0,1.0
11,275,12.0,0.0,0.0,0.0,1.0,1.0,0.0,1.0
12,275,7.613026314817109,4.376686202440964,0.0,1.0,1.0,0.0,0.0,0.0
13,275,3.891475938407012,4.473696609772806,1.0,0.0,0.0,0.0,1.0,0.0
14,275,2.36121807069152,12.0,1.0,0.0,0.0,0.0,0.0,0.0
15,275,11.228952549575974,4.599390097835316,0.0,1.0,0.0,0.0,0.0,1.0
16,275,3.428992292911498,10.576491390673544,0.0,0.0,0.0,0.0,0.0,0.0
17,275,12.0,3.6575616921930254,1.0,0.0,1.0,0.0,0.0,1.0
18,275,4.505241408910284,5.244079449216381,1.0,0.0,0.0,0.0,0.0,0.0
19,275,1.2184861636645032,1.9764540253607532,1.0,1.0,0.0,1.0,0.0,0.0
20,275,12.0,0.0,1.0,0.0,0.0,0.0,0.0,1.0
21,275,7.844657350411346,2.4940364805486617,0.0,0.0,0.0,1.0,1.0,0.0
22,275,9.558540912043329,2.258228512048676,1.0,0.0,0.0,0.0,1.0,1.0
23,275,7.755386547127653,3.16779151697025,0.0,1.0,0.0,0.0,0.0,1.0
24,275,12.0,5.392279908166686,1.0,1.0,0.0,1.0,0.0,0.0
25,275,11.719277532915024,4.686263346558909,0.0,0.0,1.0,1.0,1.0,0.0
26,275,6.695848726839282,4.502352057940352,0.0,0.0,0.0,0.0,1.0,0.0
27,275,6.630134503074134,10.03193930953655,0.0,0.0,0.0,1.0,0.0,1.0
28,275,7.168980877617223,3.540086903153443,0.0,1.0,0.0,1.0,0.0,1.0
29,275,0.3219988363701034,3.7267337987077,1.0,0.0,1.0,0.0,1.0,1.0
30,275,3.405988309904017,12.0,0.0,0.0,1.0,0.0,0.0,1.0
31,275,3.215521890217352,6.71403545589419,0.0,1.0,0.0,0.0,0.0,1.0
32,275,8.109276764851908,11.237575332036393,0.0,1.0,0.0,0.0,1.0,0.0
33,275,8.562664055284836,4.970216577442386,0.0,1.0,1.0,0.0,0.0,0.0
34,275,12.0,8.792078535987176,0.0,0.0,1.0,1.0,1.0,0.0
35,275,6.429746447204304,0.4144237852301951,0.0,1.0,1.0,1.0,1.0,0.0
36,275,0.2100280966140746,10.367228508590877,1.0,1.0,0.0,1.0,1.0,0.0
37,275,8.649474838481286,7.453256484630572,0.0,0.0,0.0,1.0,0.0,1.0
38,275,7.836377477144972,3.906990029876128,1.0,0.0,1.0,1.0,0.0,1.0
39,275,1.4735710486437053,3.0177608058312835,1.0,0.0,1.0,1.0,1.0,0.0
0,280,4.6345253887169,8.153950421094983,0.0,1.0,1.0,1.0,0.0,0.0
1,280,7.034570966721988,8.401216518194316,1.0,0.0,0.0,0.0,0.0,1.0
2,280,8.322378957618147,0.0868827517942826,0.0,0.0,1.0,0.0,0.0,0.0
3,280,9.155257694800918,3.774221269559797,0.0,1.0,1.0,1.0,0.0,0.0
4,280,6.829149016813475,12.0,1.0,0.0,0.0,0.0,0.0,1.0
5,280,8.02355301725374,12.0,0.0,1.0,1.0,0.0,0.0,1.0
6,280,0.0785968309191294,7.171473023960654,0.0,1.0,0.0,0.0,0.0,1.0
7,280,5.338685096658876,7.128986943225323,1.0,1.0,0.0,1.0,1.0,1.0
8,280,3.8747667377463415,11.741700244033051,1.0,0.0,1.0,0.0,0.0,0.0
9,280,10.12198741277031,12.0,0.0,1.0,1.0,1.0,1.0,0.0
10,280,7.46002544430604,9.50149007471384,0.0,0.0,0.0,1.0,1.0,1.0
11,280,12.0,0.0,0.0,0.0,1.0,1.0,0.0,1.0
12,280,7.651083571257692,4.4214774368358025,0.0,1.0,1.0,0.0,0.0,0.0
13,280,3.846711302751546,4.377038614137986,1.0,0.0,0.0,0.0,1.0,0.0
14,280,2.4034059067828197,12.0,1.0,0.0,0.0,0.0,0.0,0.0
15,280,11.224227663684868,4.560886834963521,0.0,1.0,0.0,0.0,0.0,1.0
16,280,3.457568188438789,10.517703266757836,0.0,0.0,0.0,0.0,0.0,0.0
17,280,12.0,3.514503610743762,1.0,0.0,1.0,0.0,0.0,1.0
18,280,4.568736327331799,5.397072701494698,1.0,0.0,0.0,0.0,0.0,0.0
19,280,1.042413677687298,1.782462218999517,1.0,1.0,0.0,1.0,0.0,0.0
20,280,12.0,0.0,1.0,0.0,0.0,0.0,0.0,1.0
21,280,7.873811021899291,2.4898566044941552,0.0,0.0,0.0,1.0,1.0,0.0
22,280,9.6025623055821,2.2443149933497564,1.0,0.0,0.0,0.0,1.0,1.0
23,280,7.732377500038646,3.1882854749043754,0.0,1.0,0.0,0.0,0.0,1.0
24,280,12.0,5.366862320818793,1.0,1.0,0.0,1.0,0.0,0.0
25,280,11.72639437825667,4.686823725101711,0.0,0.0,1.0,1.0,1.0,0.0
26,280,6.726363790763064,4.55317541789118,0.0,0.0,0.0,0.0,1.0,0.0
27,280,6.63218954448235,10.129642741483428,0.0,0.0,0.0,1.0,0.0,1.0
28,280,7.165577482050667,3.5980729288013107,0.0,1.0,0.0,1.0,0.0,1.0
29,280,0.3184461220013594,3.900465470317883,1.0,0.0,1.0,0.0,1.0,1.0
30,280,3.3357665695934258,12.0,0.0,0.0,1.0,0.0,0.0,1.0
31,280,3.208128531242348,6.710655707681918,0.0,1.0,0.0,0.0,0.0,1.0
32,280,7.9659672454131805,11.29392518550289,0.0,1.0,0.0,0.0,1.0,0.0
33,280,8.581515226689133,5.077585565366977,0.0,1.0,1.0,0.0,0.0,0.0
34,280,12.0,8.836412277524008,0.0,0.0,1.0,1.0,1.0,0.0
35,280,6.414563904353513,0.4370908540524242,0.0,1.0,1.0,1.0,1.0,0.0
36,280,0.1860944269896537,10.385307913162704,1.0,1.0,0.0,1.0,1.0,0.0
37,280,8.707540531867886,7.46962682898155,0.0,0.0,0.0,1.0,0.0,1.0
38,280,7.833641826027402,3.91348370198704,1.0,0.0,1.0,1.0,0.0,1.0
39,280,1.3601937509025124,2.9732011423356117,1.0,0.0,1.0,1.0,1.0,0.0
0,285,4.7266867938452455,8.154058239212743,0.0,1.0,1.0,1.0,0.0,0.0
1,285,7.214960506183307,8.368116576292511,1.0,0.0,0.0,0.0,0.0,1.0
2,285,8.282081210446256,0.1000453604887457,0.0,0.0,1.0,0.0,0.0,0.0
3,285,9.17754073945428,3.6577199257234594,0.0,1.0,1.0,1.0,0.0,0.0
4,285,6.771454101120079,12.0,1.0,0.0,0.0,0.0,0.0,1.0
5,285,8.023472185680696,12.0,0.0,1.0,1.0,0.0,0.0,1.0
6,285,0.0789214399677365,7.172380775090456,0.0,1.0,0.0,0.0,0.0,1.0
7,285,5.389657355338155,7.106113269114888,1.0,1.0,0.0,1.0,1.0,1.0
8,285,3.887258908647656,11.714807907219644,1.0,0.0,1.0,0.0,0.0,0.0
9,285,10.0222362913899,12.0,0.0,1.0,1.0,1.0,1.0,0.0
10,285,7.472413264401549,9.495740253904394,0.0,0.0,0.0,1.0,1.0,1.0
11,285,12.0,0.0,0.0,0.0,1.0,1.0,0.0,1.0
12,285,7.670684742028283,4.4444069560892405,0.0,1.0,1.0,0.0,0.0,0.0
13,285,3.7978171339795286,4.263227062602742,1.0,0.0,0.0,0.0,1.0,0.0
14,285,2.449203174261796,12.0,1.0,0.0,0.0,0.0,0.0,0.0
15,285,11.218605580482889,4.513015926675522,0.0,1.0,0.0,0.0,0.0,1.0
16,285,3.481451761245415,10.46751469205972,0.0,0.0,0.0,0.0,0.0,0.0
17,285,12.0,3.375156758793497,1.0,0.0,1.0,0.0,0.0,1.0
18,285,4.629264013393224,5.546423356382472,1.0,0.0,0.0,0.0,0.0,0.0
19,285,0.862112089725541,1.5775169282656956,1.0,1.0,0.0,1.0,0.0,0.0
20,285,12.0,0.0,1.0,0.0,0.0,0.0,0.0,1.0
21,285,7.903271688296398,2.48609534138704,0.0,0.0,0.0,1.0,1.0,0.0
22,285,9.653357699529671,2.227625858661749,1.0,0.0,0.0,0.0,1.0,1.0
23,285,7.712512017728467,3.2064113238970267,0.0,1.0,0.0,0.0,0.0,1.0
24,285,12.0,5.344682865407755,1.0,1.0,0.0,1.0,0.0,0.0
25,285,11.724339435374532,4.686638115449807,0.0,0.0,1.0,1.0,1.0,0.0
26,285,6.764212898276316,4.61273885181088,0.0,0.0,0.0,0.0,1.0,0.0
27,285,6.634439736506134,10.228790171290564,0.0,0.0,0.0,1.0,0.0,1.0
28,285,7.161528994629275,3.640237561615645,0.0,1.0,0.0,1.0,0.0,1.0
29,285,0.3172928879256088,4.069407721943013,1.0,0.0,1.0,0.0,1.0,1.0
30,285,3.2713517788951663,12.0,0.0,0.0,1.0,0.0,0.0,1.0
31,285,3.2028023357487405,6.708282036269956,0.0,1.0,0.0,0.0,0.0,1.0
32,285,7.821754667177519,11.349137427337665,0.0,1.0,0.0,0.0,1.0,0.0
33,285,8.603376169633394,5.192263041754345,0.0,1.0,1.0,0.0,0.0,0.0
34,285,12.0,8.877098007121988,0.0,0.0,1.0,1.0,1.0,0.0
35,285,6.4078677157623165,0.4472146050903987,0.0,1.0,1.0,1.0,1.0,0.0
36,285,0.1646914939259251,10.401637923815414,1.0,1.0,0.0,1.0,1.0,0.0
37,285,8.783681705280658,7.493322231564563,0.0,0.0,0.0,1.0,0.0,1.0
38,285,7.829427578885274,3.923392987019604,1.0,0.0,1.0,1.0,0.0,1.0
39,285,1.2434891225823792,2.927996724140985,1.0,0.0,1.0,1.0,1.0,0.0
0,290,4.829785786473424,8.152774159570196,0.0,1.0,1.0,1.0,0.0,0.0
1,290,7.420582595961026,8.33046831994773,1.0,0.0,0.0,0.0,0.0,1.0
2,290,8.225517857933554,0.1179868917585961,0.0,0.0,1.0,0.0,0.0,0.0
3,290,9.195252784354382,3.554001401568577,0.0,1.0,1.0,1.0,0.0,0.0
4,290,6.714289936470405,12.0,1.0,0.0,0.0,0.0,0.0,1.0
5,290,8.02337185930866,12.0,0.0,1.0,1.0,0.0,0.0,1.0
6,290,0.0767266964809002,7.166367407730909,0.0,1.0,0.0,0.0,0.0,1.0
7,290,5.45994154387633,7.073919560142312,1.0,1.0,0.0,1.0,1.0,1.0
8,290,3.90667521176364,11.674694587687862,1.0,0.0,1.0,0.0,0.0,0.0
9,290,9.907793051121969,12.0,0.0,1.0,1.0,1.0,1.0,0.0
10,290,7.473421249870243,9.495232026639732,0.0,0.0,0.0,1.0,1.0,1.0
11,290,12.0,0.0,0.0,0.0,1.0,1.0,0.0,1.0
12,290,7.688610583095936,4.464559125922462,0.0,1.0,1.0,0.0,0.0,0.0
13,290,3.7494225998427777,4.152767061544441,1.0,0.0,0.0,0.0,1.0,0.0
14,290,2.491760664179803,12.0,1.0,0.0,0.0,0.0,0.0,0.0
15,290,11.209950898696002,4.445718364755904,0.0,1.0,0.0,0.0,0.0,1.0
16,290,3.507557461089968,10.417773658950871,0.0,0.0,0.0,0.0,0.0,0.0
17,290,12.0,3.254108312440574,1.0,0.0,1.0,0.0,0.0,1.0
18,290,4.698475639727698,5.719910640593777,1.0,0.0,0.0,0.0,0.0,0.0
19,290,0.7045465284220336,1.397684593535074,1.0,1.0,0.0,1.0,0.0,0.0
20,290,12.0,0.0,1.0,0.0,0.0,0.0,0.0,1.0
21,290,7.932189870615002,2.481776645757792,0.0,0.0,0.0,1.0,1.0,0.0
22,290,9.706478477581772,2.2124677558578703,1.0,0.0,0.0,0.0,1.0,1.0
23,290,7.697599192461188,3.2201698303291444,0.0,1.0,0.0,0.0,0.0,1.0
24,290,12.0,5.314989330686141,1.0,1.0,0.0,1.0,0.0,0.0
25,290,11.704107630293052,4.6850702378262055,0.0,0.0,1.0,1.0,1.0,0.0
26,290,6.6938799327111145,4.65840567256078,0.0,0.0,0.0,0.0,1.0,0.0
27,290,6.634895204786856,10.330198432601426,0.0,0.0,0.0,1.0,0.0,1.0
28,290,7.155277543163807,3.688089586674785,0.0,1.0,0.0,1.0,0.0,1.0
29,290,0.3197074295710552,4.231751442168605,1.0,0.0,1.0,0.0,1.0,1.0
30,290,3.206622997024211,12.0,0.0,0.0,1.0,0.0,0.0,1.0
31,290,3.189869642693027,6.702455091725529,0.0,1.0,0.0,0.0,0.0,1.0
32,290,7.690242134336953,11.401038933184491,0.0,1.0,0.0,0.0,1.0,0.0
33,290,8.625469479316195,5.333821388454622,0.0,1.0,1.0,0.0,0.0,0.0
34,290,12.0,8.92393793558116,0.0,0.0,1.0,1.0,1.0,0.0
35,290,6.401487405173996,0.4574731808256275,0.0,1.0,1.0,1.0,1.0,0.0
36,290,0.1243321167709447,10.43121643311421,1.0,1.0,0.0,1.0,1.0,0.0
37,290,8.856392645424053,7.51485632874604,0.0,0.0,0.0,1.0,0.0,1.0
38,290,7.828143644947442,3.926447300193225,1.0,0.0,1.0,1.0,0.0,1.0
39,290,1.126312394281875,2.8794693568108443,1.0,0.0,1.0,1.0,1.0,0.0
0,295,4.931892445744881,8.153319519872817,0.0,1.0,1.0,1.0,0.0,0.0
1,295,7.62570334748545,8.29559090304117,1.0,0.0,0.0,0.0,0.0,1.0
2,295,8.158328436548116,0.1380512477860127,0.0,0.0,1.0,0.0,0.0,0.0
3,295,9.212120289738962,3.453013657269961,0.0,1.0,1.0,1.0,0.0,0.0
4,295,6.648315440140456,12.0,1.0,0.0,0.0,0.0,0.0,1.0
5,295,8.023190203871168,12.0,0.0,1.0,1.0,0.0,0.0,1.0
6,295,0.0666707869189208,7.137085338574539,0.0,1.0,0.0,0.0,0.0,1.0
7,295,5.537576035109691,7.038324419909133,1.0,1.0,0.0,1.0,1.0,1.0
8,295,3.929030167275687,11.62695780363778,1.0,0.0,1.0,0.0,0.0,0.0
9,295,9.80007820957636,12.0,0.0,1.0,1.0,1.0,1.0,0.0
10,295,7.471320278260464,9.496269451666466,0.0,0.0,0.0,1.0,1.0,1.0
11,295,12.0,0.0,0.0,0.0,1.0,1.0,0.0,1.0
12,295,7.70797754708449,4.486387071473075,0.0,1.0,1.0,0.0,0.0,0.0
13,295,3.700779307529445,4.045051987877915,1.0,0.0,0.0,0.0,1.0,0.0
14,295,2.5353896634987514,12.0,1.0,0.0,0.0,0.0,0.0,0.0
15,295,11.200884893457596,4.381111149482984,0.0,1.0,0.0,0.0,0.0,1.0
16,295,3.5353996920816635,10.363615554090533,0.0,0.0,0.0,0.0,0.0,0.0
17,295,12.0,3.13330119756228,1.0,0.0,1.0,0.0,0.0,1.0
18,295,4.769525896629555,5.898238779095993,1.0,0.0,0.0,0.0,0.0,0.0
19,295,0.5315689389134546,1.1988884894002418,1.0,1.0,0.0,1.0,0.0,0.0
20,295,12.0,0.0,1.0,0.0,0.0,0.0,0.0,1.0
21,295,7.968080188597461,2.4766603133828404,0.0,0.0,0.0,1.0,1.0,0.0
22,295,9.75627625294309,2.1986270851089245,1.0,0.0,0.0,0.0,1.0,1.0
23,295,7.683422010336015,3.2334478439811187,0.0,1.0,0.0,0.0,0.0,1.0
24,295,12.0,5.286722627736256,1.0,1.0,0.0,1.0,0.0,0.0
25,295,11.698290388595048,4.684707342134339,0.0,0.0,1.0,1.0,1.0,0.0
26,295,6.630357414001008,4.700998378988037,0.0,0.0,0.0,0.0,1.0,0.0
27,295,6.6380783387985325,10.443406647024212,0.0,0.0,0.0,1.0,0.0,1.0
28,295,7.146742371914251,3.7461698943903112,0.0,1.0,0.0,1.0,0.0,1.0
29,295,0.3255747997689917,4.412090829440915,1.0,0.0,1.0,0.0,1.0,1.0
30,295,3.14166136529755,12.0,0.0,0.0,1.0,0.0,0.0,1.0
31,295,3.1939070785369315,6.704441114207504,0.0,1.0,0.0,0.0,0.0,1.0
32,295,7.55979113747878,11.453567674819809,0.0,1.0,0.0,0.0,1.0,0.0
33,295,8.642992078305925,5.470799309307224,0.0,1.0,1.0,0.0,0.0,0.0
34,295,12.0,8.976518424998863,0.0,0.0,1.0,1.0,1.0,0.0
35,295,6.383679361020146,0.4864764090611133,0.0,1.0,1.0,1.0,1.0,0.0
36,295,0.0843713088354385,10.460434813668464,1.0,1.0,0.0,1.0,1.0,0.0
37,295,8.934216466297794,7.536842124158752,0.0,0.0,0.0,1.0,0.0,1.0
38,295,7.823987231649903,3.935502044191163,1.0,0.0,1.0,1.0,0.0,1.0
39,295,1.0066447031830958,2.826005920271774,1.0,0.0,1.0,1.0,1.0,0.0
