0,0,3.0823317560561594,0.9977876668850874,0.0,1.0,1.0,0.0,1.0,0.0
1,0,0.979601052879355,5.980737361561387,1.0,0.0,0.0,0.0,1.0,0.0
2,0,9.026769102997909,4.0366110077913815,0.0,0.0,0.0,1.0,0.0,0.0
3,0,0.0,8.964346540505332,0.0,0.0,0.0,1.0,0.0,0.0
4,0,7.958703330897011,1.9757401602013367,0.0,0.0,1.0,0.0,0.0,0.0
5,0,5.947520555869075,10.974232605856344,0.0,1.0,0.0,0.0,0.0,0.0
6,0,4.966439269578217,5.94477704099436,0.0,1.0,0.0,0.0,0.0,0.0
7,0,3.061329252285995,2.0034854089327827,0.0,0.0,0.0,0.0,0.0,0.0
8,0,2.9536491465195347,0.9751795008702868,1.0,1.0,0.0,0.0,0.0,0.0
9,0,0.0,0.0,1.0,0.0,0.0,0.0,0.0,1.0
10,0,9.018142835614269,12.0,1.0,0.0,0.0,1.0,1.0,1.0
11,0,9.056480168445477,10.035189488227504,0.0,0.0,0.0,0.0,1.0,1.0
12,0,5.044750209821218,6.04227554623214,1.0,0.0,0.0,1.0,0.0,0.0
13,0,8.068033820045871,5.9586568142636205,0.0,1.0,1.0,1.0,1.0,0.0
14,0,7.020243125395337,4.940338290937457,0.0,1.0,0.0,0.0,0.0,0.0
15,0,6.957032167043716,0.0137537481662767,1.0,0.0,1.0,1.0,1.0,1.0
16,0,10.994202205082782,10.036809192182863,1.0,0.0,0.0,0.0,0.0,1.0
17,0,5.045311946389883,2.027355107702539,1.0,1.0,0.0,0.0,0.0,0.0
18,0,5.011965027956169,6.043536920006342,1.0,0.0,0.0,0.0,0.0,1.0
19,0,0.944095830814028,6.022955501125521,0.0,1.0,0.0,0.0,1.0,0.0
20,0,0.9877205257852804,11.065369431875792,1.0,0.0,1.0,1.0,1.0,1.0
21,0,0.0,2.98643841086215,1.0,0.0,1.0,1.0,0.0,0.0
22,0,1.0553573165976673,7.974076576473629,0.0,0.0,1.0,1.0,0.0,0.0
23,0,0.0,2.9680116654983664,0.0,0.0,1.0,0.0,0.0,1.0
24,0,0.9596699591852994,8.968377442081762,0.0,0.0,1.0,0.0,0.0,0.0
25,0,10.041062340947017,11.976689568994775,1.0,1.0,1.0,0.0,0.0,1.0
26,0,11.942556277659037,8.010637981887957,0.0,0.0,0.0,1.0,1.0,0.0
27,0,6.996972939268735,8.93846533034201,1.0,0.0,0.0,0.0,1.0,0.0
28,0,9.023011671385891,2.039150055103475,1.0,1.0,1.0,0.0,0.0,0.0
29,0,12.0,3.082106714785543,0.0,0.0,1.0,0.0,0.0,1.0
30,0,5.03356076969045,3.0321072649721668,0.0,1.0,0.0,1.0,0.0,1.0
31,0,0.9477763298948412,2.0470976249079285,0.0,1.0,1.0,0.0,0.0,0.0
32,0,11.94720478395046,0.999794209672454,0.0,1.0,1.0,1.0,1.0,1.0
33,0,11.026474408759931,3.032708692624616,1.0,0.0,0.0,1.0,0.0,1.0
34,0,4.007446303624055,5.057810936429569,0.0,0.0,1.0,1.0,0.0,1.0
35,0,0.0348639359210552,8.94599012411017,0.0,0.0,0.0,1.0,0.0,0.0
36,0,4.9428540307214766,11.991170599968669,1.0,1.0,1.0,0.0,0.0,0.0
37,0,5.048838051069401,7.002551441182818,1.0,1.0,0.0,1.0,0.0,1.0
38,0,6.019707302173894,0.045019574827842,0.0,0.0,1.0,1.0,0.0,0.0
39,0,0.947569833170089,7.009380937372719,0.0,1.0,0.0,0.0,0.0,1.0
0,5,3.173685065381577,0.9973202583256332,0.0,1.0,1.0,0.0,1.0,0.0
1,5,0.9561222754215,5.959653006492775,1.0,0.0,0.0,0.0,1.0,0.0
2,5,9.05926883296429,4.079574687688004,0.0,0.0,0.0,1.0,0.0,0.0
3,5,0.0,8.906941560437259,0.0,0.0,0.0,1.0,0.0,0.0
4,5,7.934357449628919,1.961179643319364,0.0,0.0,1.0,0.0,0.0,0.0
5,5,5.897950613112869,10.950896229330352,0.0,1.0,0.0,0.0,0.0,0.0
6,5,4.927618528480857,5.883001317449801,0.0,1.0,0.0,0.0,0.0,0.0
7,5,3.096907314319272,2.0073440704833856,0.0,0.0,0.0,0.0,0.0,0.0
8,5,2.9274102164952964,0.9614219465923428,1.0,1.0,0.0,0.0,0.0,0.0
9,5,0.0,0.0,1.0,0.0,0.0,0.0,0.0,1.0
10,5,9.027984228164136,12.0,1.0,0.0,0.0,1.0,1.0,1.0
11,5,9.119588579417234,10.074557504964623,0.0,0.0,0.0,0.0,1.0,1.0
12,5,5.074859229909809,6.069143879995893,1.0,0.0,0.0,1.0,0.0,0.0
13,5,8.134690419864725,5.919914980512849,0.0,1.0,1.0,1.0,1.0,0.0
14,5,7.042613982671871,4.877308867676235,0.0,1.0,0.0,0.0,0.0,0.0
15,5,6.913998398324681,0.0278565534350713,1.0,0.0,1.0,1.0,1.0,1.0
16,5,10.989819852118568,10.061339443024586,1.0,0.0,0.0,0.0,0.0,1.0
17,5,5.083550837761974,2.048429543979482,1.0,1.0,0.0,0.0,0.0,0.0
18,5,5.023486096976875,6.080927915757426,1.0,0.0,0.0,0.0,0.0,1.0
19,5,0.8842472813087381,6.047524634284099,0.0,1.0,0.0,0.0,1.0,0.0
20,5,0.9769375309490608,11.115576365227858,1.0,0.0,1.0,1.0,1.0,1.0
21,5,0.0,2.974374156136124,1.0,0.0,1.0,1.0,0.0,0.0
22,5,1.132717496784711,7.937484224233949,0.0,0.0,1.0,1.0,0.0,0.0
23,5,0.0001852611756779,2.953277610321484,0.0,0.0,1.0,0.0,0.0,1.0
24,5,0.917249922025906,8.937623330960182,0.0,0.0,1.0,0.0,0.0,0.0
25,5,10.084449688266366,11.953114947613749,1.0,1.0,1.0,0.0,0.0,1.0
26,5,11.870958901977104,8.025719756133306,0.0,0.0,0.0,1.0,1.0,0.0
27,5,6.99407915586295,8.896354281517535,1.0,0.0,0.0,0.0,1.0,0.0
28,5,9.045070041519272,2.076900317781329,1.0,1.0,1.0,0.0,0.0,0.0
29,5,12.0,3.1551796109395664,0.0,0.0,1.0,0.0,0.0,1.0
30,5,5.069399494322763,3.0657650766790816,0.0,1.0,0.0,1.0,0.0,1.0
31,5,0.8969945919463286,2.0951645623438746,0.0,1.0,1.0,0.0,0.0,0.0
32,5,11.892678278551308,0.9981963420787316,0.0,1.0,1.0,1.0,1.0,1.0
33,5,11.045243134796078,3.0557426149122526,1.0,0.0,0.0,1.0,0.0,1.0
34,5,4.015917956676192,5.133558859244381,0.0,0.0,1.0,1.0,0.0,1.0
35,5,0.0717054626770129,8.890218353150882,0.0,0.0,0.0,1.0,0.0,0.0
36,5,4.870845594548164,11.97894268254926,1.0,1.0,1.0,0.0,0.0,0.0
37,5,5.129485455118861,7.006846608580287,1.0,1.0,0.0,1.0,0.0,1.0
38,5,6.046807899362908,0.1054600702270211,0.0,0.0,1.0,1.0,0.0,0.0
39,5,0.8889809385689954,7.020264079217111,0.0,1.0,0.0,0.0,0.0,1.0
0,10,3.2449526555459407,0.9981356868559028,0.0,1.0,1.0,0.0,1.0,0.0
1,10,0.9401683663807744,5.945061084506263,1.0,0.0,0.0,0.0,1.0,0.0
2,10,9.090192410369452,4.120965530571877,0.0,0.0,0.0,1.0,0.0,0.0
3,10,0.0,8.836285894445526,0.0,0.0,0.0,1.0,0.0,0.0
4,10,7.91165834599076,1.9473275219606865,0.0,0.0,1.0,0.0,0.0,0.0
5,10,5.842480901953341,10.924198127240482,0.0,1.0,0.0,0.0,0.0,0.0
6,10,4.87531259698546,5.797982980442511,0.0,1.0,0.0,0.0,0.0,0.0
7,10,3.119495759908747,2.009839479915642,0.0,0.0,0.0,0.0,0.0,0.0
8,10,2.907400308162313,0.9506942579691506,1.0,1.0,0.0,0.0,0.0,0.0
9,10,0.0,0.0,1.0,0.0,0.0,0.0,0.0,1.0
10,10,9.03728645553965,12.0,1.0,0.0,0.0,1.0,1.0,1.0
11,10,9.184794905039878,10.114298740948332,0.0,0.0,0.0,0.0,1.0,1.0
12,10,5.116892649136624,6.106890523619117,1.0,0.0,0.0,1.0,0.0,0.0
13,10,8.202900065492644,5.877866972480416,0.0,1.0,1.0,1.0,1.0,0.0
14,10,7.065591329995018,4.807615133475921,0.0,1.0,0.0,0.0,0.0,0.0
15,10,6.894572530986959,0.0343249436086474,1.0,0.0,1.0,1.0,1.0,1.0
16,10,10.986653575496444,10.07954406029222,1.0,0.0,0.0,0.0,0.0,1.0
17,10,5.119543499260922,2.06816862873592,1.0,1.0,0.0,0.0,0.0,0.0
18,10,5.03176892768434,6.109026991605544,1.0,0.0,0.0,0.0,0.0,1.0
19,10,0.8389393829140256,6.065243226246761,0.0,1.0,0.0,0.0,1.0,0.0
20,10,0.9674308542313612,11.160748257269214,1.0,0.0,1.0,1.0,1.0,1.0
21,10,0.0,2.96670422044097,1.0,0.0,1.0,1.0,0.0,0.0
22,10,1.224168957776022,7.89198618088036,0.0,0.0,1.0,1.0,0.0,0.0
23,10,0.0002027221207907,2.951284684262967,0.0,0.0,1.0,0.0,0.0,1.0
24,10,0.8589017397590827,8.89461542171643,0.0,0.0,1.0,0.0,0.0,0.0
25,10,10.122072890320212,11.933228186392055,1.0,1.0,1.0,0.0,0.0,1.0
26,10,11.796299294042855,8.042742775187612,0.0,0.0,0.0,1.0,1.0,0.0
27,10,6.991494031507432,8.87161128696899,1.0,0.0,0.0,0.0,1.0,0.0
28,10,9.080462451818626,2.138679383079536,1.0,1.0,1.0,0.0,0.0,0.0
29,10,12.0,3.221133171125046,0.0,0.0,1.0,0.0,0.0,1.0
30,10,5.121537520089683,3.1147836886754643,0.0,1.0,0.0,1.0,0.0,1.0
31,10,0.8462832965855099,2.143076040741806,0.0,1.0,1.0,0.0,0.0,0.0
32,10,11.806270519822109,0.99494048976344,0.0,1.0,1.0,1.0,1.0,1.0
33,10,11.080145681212334,3.0994041393293714,1.0,0.0,0.0,1.0,0.0,1.0
34,10,4.028454338669554,5.2216448246714045,0.0,0.0,1.0,1.0,0.0,1.0
35,10,0.1152248732336742,8.823652973750047,0.0,0.0,0.0,1.0,0.0,0.0
36,10,4.784369935754902,11.96305305154079,1.0,1.0,1.0,0.0,0.0,0.0
37,10,5.203017375310265,7.010776410986784,1.0,1.0,0.0,1.0,0.0,1.0
38,10,6.075549433536022,0.1692127345097803,0.0,0.0,1.0,1.0,0.0,0.0
39,10,0.8255811029010482,7.0319434598629815,0.0,1.0,0.0,0.0,0.0,1.0
0,15,3.325832905103154,0.9978133071230054,0.0,1.0,1.0,0.0,1.0,0.0
1,15,0.9292621128827966,5.934724947323223,1.0,0.0,0.0,0.0,1.0,0.0
2,15,9.105322644977194,4.140980804674528,0.0,0.0,0.0,1.0,0.0,0.0
3,15,0.0,8.757916947697511,0.0,0.0,0.0,1.0,0.0,0.0
4,15,7.90751332022798,1.9448429891259835,0.0,0.0,1.0,0.0,0.0,0.0
5,15,5.801176995663967,10.904110104216276,0.0,1.0,0.0,0.0,0.0,0.0
6,15,4.816564099124222,5.705824676407067,0.0,1.0,0.0,0.0,0.0,0.0
7,15,3.1272883385365478,2.01064110218129,0.0,0.0,0.0,0.0,0.0,0.0
8,15,2.871702347671717,0.9309971996688828,1.0,1.0,0.0,0.0,0.0,0.0
9,15,0.0,0.0,1.0,0.0,0.0,0.0,0.0,1.0
10,15,9.04741362333221,12.0,1.0,0.0,0.0,1.0,1.0,1.0
11,15,9.253271106862536,10.156014587196632,0.0,0.0,0.0,0.0,1.0,1.0
12,15,5.178502169270318,6.161530716187983,1.0,0.0,0.0,1.0,0.0,0.0
13,15,8.261183439064459,5.841316555268536,0.0,1.0,1.0,1.0,1.0,0.0
14,15,7.08503658302421,4.739458405071424,0.0,1.0,0.0,0.0,0.0,0.0
15,15,6.891028761911352,0.0355298233587984,1.0,0.0,1.0,1.0,1.0,1.0
16,15,10.98433590010598,10.094211954119883,1.0,0.0,0.0,0.0,0.0,1.0
17,15,5.168551594300889,2.093579612430437,1.0,1.0,0.0,0.0,0.0,0.0
18,15,5.037606991454759,6.129745728812868,1.0,0.0,0.0,0.0,0.0,1.0
19,15,0.7917105597682809,6.082697709552077,0.0,1.0,0.0,0.0,1.0,0.0
20,15,0.9559287779935924,11.217255128334331,1.0,0.0,1.0,1.0,1.0,1.0
21,15,0.0,2.958182006128781,1.0,0.0,1.0,1.0,0.0,0.0
22,15,1.3443478129319235,7.834201732360385,0.0,0.0,1.0,1.0,0.0,0.0
23,15,0.0001846563127227,2.953152534251354,0.0,0.0,1.0,0.0,0.0,1.0
24,15,0.8041706676325906,8.856026453784079,0.0,0.0,1.0,0.0,0.0,0.0
25,15,10.19305403413736,11.893034984943355,1.0,1.0,1.0,0.0,0.0,1.0
26,15,11.708455460303036,8.063148168116074,0.0,0.0,0.0,1.0,1.0,0.0
27,15,6.987715978277623,8.83229508798772,1.0,0.0,0.0,0.0,1.0,0.0
28,15,9.12832725809973,2.220152978700205,1.0,1.0,1.0,0.0,0.0,0.0
29,15,12.0,3.2727298033645624,0.0,0.0,1.0,0.0,0.0,1.0
30,15,5.180495505333334,3.168337474858849,0.0,1.0,0.0,1.0,0.0,1.0
31,15,0.7904102428739634,2.195573702399534,0.0,1.0,1.0,0.0,0.0,0.0
32,15,11.718404306949909,0.9900822823594916,0.0,1.0,1.0,1.0,1.0,1.0
33,15,11.108104516395436,3.135723009451961,1.0,0.0,0.0,1.0,0.0,1.0
34,15,4.041926143223986,5.326439703488337,0.0,0.0,1.0,1.0,0.0,1.0
35,15,0.1478214536639889,8.774033920556919,0.0,0.0,0.0,1.0,0.0,0.0
36,15,4.692764308732728,11.94489789596368,1.0,1.0,1.0,0.0,0.0,0.0
37,15,5.298938372409794,7.014115217624423,1.0,1.0,0.0,1.0,0.0,1.0
38,15,6.103050896128855,0.233714611344387,0.0,0.0,1.0,1.0,0.0,0.0
39,15,0.7734287805855424,7.042003624984898,0.0,1.0,0.0,0.0,0.0,1.0
0,20,3.428318899413338,0.9995110318425566,0.0,1.0,1.0,0.0,1.0,0.0
1,20,0.9389622601701656,5.944036687904699,1.0,0.0,0.0,0.0,1.0,0.0
2,20,9.134650808628273,4.181582289443131,0.0,0.0,0.0,1.0,0.0,0.0
3,20,0.0,8.656863928485675,0.0,0.0,0.0,1.0,0.0,0.0
4,20,7.896706739289733,1.9382501648992023,0.0,0.0,1.0,0.0,0.0,0.0
5,20,5.771607905044634,10.88949233894076,0.0,1.0,0.0,0.0,0.0,0.0
6,20,4.761110434375551,5.616806138926594,0.0,1.0,0.0,0.0,0.0,0.0
7,20,3.109175728302348,2.009066298503729,0.0,0.0,0.0,0.0,0.0,0.0
8,20,2.8510840191840767,0.9200288308313664,1.0,1.0,0.0,0.0,0.0,0.0
9,20,0.0,0.0,1.0,0.0,0.0,0.0,0.0,1.0
10,20,9.06293005233195,12.0,1.0,0.0,0.0,1.0,1.0,1.0
11,20,9.336330339203544,10.209524333926488,0.0,0.0,0.0,0.0,1.0,1.0
12,20,5.257670545556219,6.229749653014986,1.0,0.0,0.0,1.0,0.0,0.0
13,20,8.336783303477732,5.793288449633813,0.0,1.0,1.0,1.0,1.0,0.0
14,20,7.10811113493468,4.658188862579623,0.0,1.0,0.0,0.0,0.0,0.0
15,20,6.90124774731706,0.0321712494880788,1.0,0.0,1.0,1.0,1.0,1.0
16,20,10.980215461752364,10.133975123949975,1.0,0.0,0.0,0.0,0.0,1.0
17,20,5.216006532986909,2.1186979896459994,1.0,1.0,0.0,0.0,0.0,0.0
18,20,5.04505897714707,6.155829637137729,1.0,0.0,0.0,0.0,0.0,1.0
19,20,0.7336018286570973,6.104569340740069,0.0,1.0,0.0,0.0,1.0,0.0
20,20,0.9426760710392906,11.281907506967348,1.0,0.0,1.0,1.0,1.0,1.0
21,20,0.0,2.9534592176561447,1.0,0.0,1.0,1.0,0.0,0.0
22,20,1.4611524470575317,7.775537805428055,0.0,0.0,1.0,1.0,0.0,0.0
23,20,0.0002024880982056,2.947752702522791,0.0,0.0,1.0,0.0,0.0,1.0
24,20,0.7368482483031588,8.805531030505167,0.0,0.0,1.0,0.0,0.0,0.0
25,20,10.271433478989504,11.848547568727891,1.0,1.0,1.0,0.0,0.0,1.0
26,20,11.632014051483186,8.080074304085528,0.0,0.0,0.0,1.0,1.0,0.0
27,20,6.982130714677095,8.779299335240282,1.0,0.0,0.0,0.0,1.0,0.0
28,20,9.18309097448423,2.307068098406969,1.0,1.0,1.0,0.0,0.0,0.0
29,20,12.0,3.311170383393768,0.0,0.0,1.0,0.0,0.0,1.0
30,20,5.2270569150828505,3.211654445668696,0.0,1.0,0.0,1.0,0.0,1.0
31,20,0.7310433975999484,2.2514373455304457,0.0,1.0,1.0,0.0,0.0,0.0
32,20,11.656476735789925,0.9865722019034868,0.0,1.0,1.0,1.0,1.0,1.0
33,20,11.138821881996376,3.177407705711812,1.0,0.0,0.0,1.0,0.0,1.0
34,20,4.054216734807867,5.4364381233823735,0.0,0.0,1.0,1.0,0.0,1.0
35,20,0.1870749383018827,8.715127947551485,0.0,0.0,0.0,1.0,0.0,0.0
36,20,4.606789039252315,11.92852035869778,1.0,1.0,1.0,0.0,0.0,0.0
37,20,5.37081910547538,7.017456181968569,1.0,1.0,0.0,1.0,0.0,1.0
38,20,6.124752782926404,0.2828631118681259,0.0,0.0,1.0,1.0,0.0,0.0
39,20,0.7269429405319914,7.050153656321118,0.0,1.0,0.0,0.0,0.0,1.0
0,25,3.522119006951697,1.0011762009200147,0.0,1.0,1.0,0.0,1.0,0.0
1,25,0.9504681670969642,5.955228506425552,1.0,0.0,0.0,0.0,1.0,0.0
2,25,9.168959962727495,4.229255228562129,0.0,0.0,0.0,1.0,0.0,0.0
3,25,0.0,8.551430398985639,0.0,0.0,0.0,1.0,0.0,0.0
4,25,7.877779412722436,1.926529573725021,0.0,0.0,1.0,0.0,0.0,0.0
5,25,5.763107627077969,10.885234178623138,0.0,1.0,0.0,0.0,0.0,0.0
6,25,4.709136471951221,5.531494771936128,0.0,1.0,0.0,0.0,0.0,0.0
7,25,3.084854549659042,2.00766159292103,0.0,0.0,0.0,0.0,0.0,0.0
8,25,2.824308824824356,0.9052159065825652,1.0,1.0,0.0,0.0,0.0,0.0
9,25,0.0,0.0,1.0,0.0,0.0,0.0,0.0,1.0
10,25,9.075892992623787,12.0,1.0,0.0,0.0,1.0,1.0,1.0
11,25,9.409149793880506,10.255820775815804,0.0,0.0,0.0,0.0,1.0,1.0
12,25,5.338147271127966,6.304131684116948,1.0,0.0,0.0,1.0,0.0,0.0
13,25,8.423938614470062,5.737202157535775,0.0,1.0,1.0,1.0,1.0,0.0
14,25,7.136601533593053,4.561669468024101,0.0,1.0,0.0,0.0,0.0,0.0
15,25,6.897418222761493,0.0333628920377602,1.0,0.0,1.0,1.0,1.0,1.0
16,25,10.975825635406938,10.18145014726118,1.0,0.0,0.0,0.0,0.0,1.0
17,25,5.266837356792652,2.1441578303896502,1.0,1.0,0.0,0.0,0.0,0.0
18,25,5.052845802505805,6.181481304859858,1.0,0.0,0.0,0.0,0.0,1.0
19,25,0.657493039744535,6.134173383093004,0.0,1.0,0.0,0.0,1.0,0.0
20,25,0.927866471922724,11.354283987655082,1.0,0.0,1.0,1.0,1.0,1.0
21,25,0.0,2.947536591753078,1.0,0.0,1.0,1.0,0.0,0.0
22,25,1.5941680974753163,7.714160798335309,0.0,0.0,1.0,1.0,0.0,0.0
23,25,0.0002041524781972,2.945076013246705,0.0,0.0,1.0,0.0,0.0,1.0
24,25,0.6809784930412746,8.763960385343308,0.0,0.0,1.0,0.0,0.0,0.0
25,25,10.331215688784589,11.81595519749067,1.0,1.0,1.0,0.0,0.0,1.0
26,25,11.573087660768648,8.092658862933039,0.0,0.0,0.0,1.0,1.0,0.0
27,25,6.975663276466295,8.719864183343905,1.0,0.0,0.0,0.0,1.0,0.0
28,25,9.232104109652468,2.385102623231441,1.0,1.0,1.0,0.0,0.0,0.0
29,25,12.0,3.376369275839436,0.0,0.0,1.0,0.0,0.0,1.0
30,25,5.264574392336439,3.2453269928906074,0.0,1.0,0.0,1.0,0.0,1.0
31,25,0.6663346009273373,2.3121738453680183,0.0,1.0,1.0,0.0,0.0,0.0
32,25,11.582795187093552,0.9826845275867736,0.0,1.0,1.0,1.0,1.0,1.0
33,25,11.164773481540758,3.21448917747774,1.0,0.0,0.0,1.0,0.0,1.0
34,25,4.063925405791424,5.523906309380302,0.0,0.0,1.0,1.0,0.0,1.0
35,25,0.2225240985639027,8.660015545422581,0.0,0.0,0.0,1.0,0.0,0.0
36,25,4.515284270422859,11.91097512872371,1.0,1.0,1.0,0.0,0.0,0.0
37,25,5.43030049819827,7.019628081450776,1.0,1.0,0.0,1.0,0.0,1.0
38,25,6.153807742125477,0.3504463911663091,0.0,0.0,1.0,1.0,0.0,0.0
39,25,0.682419432071696,7.059322935204427,0.0,1.0,0.0,0.0,0.0,1.0
0,30,3.587838376123704,1.0008359814610124,0.0,1.0,1.0,0.0,1.0,0.0
1,30,0.9525485756055978,5.957243548402091,1.0,0.0,0.0,0.0,1.0,0.0
2,30,9.20232615864234,4.277531497575331,0.0,0.0,0.0,1.0,0.0,0.0
3,30,0.0,8.450580516438475,0.0,0.0,0.0,1.0,0.0,0.0
4,30,7.880429109794669,1.9280672080658277,0.0,0.0,1.0,0.0,0.0,0.0
5,30,5.763162770678535,10.885262341029469,0.0,1.0,0.0,0.0,0.0,0.0
6,30,4.670177993538291,5.466787240231318,0.0,1.0,0.0,0.0,0.0,0.0
7,30,3.053619584162311,2.0057485057777136,0.0,0.0,0.0,0.0,0.0,0.0
8,30,2.7935035017910432,0.8881354451827344,1.0,1.0,0.0,0.0,0.0,0.0
9,30,0.0,0.0,1.0,0.0,0.0,0.0,0.0,1.0
10,30,9.090400121561265,12.0,1.0,0.0,0.0,1.0,1.0,1.0
11,30,9.477569341597368,10.300185194404072,0.0,0.0,0.0,0.0,1.0,1.0
12,30,5.424025654323136,6.385391264864008,1.0,0.0,0.0,1.0,0.0,0.0
13,30,8.510348566815601,5.678395040545637,0.0,1.0,1.0,1.0,1.0,0.0
14,30,7.163728747505473,4.474152409451751,0.0,1.0,0.0,0.0,0.0,0.0
15,30,6.876783104745107,0.0395688910231946,1.0,0.0,1.0,1.0,1.0,1.0
16,30,10.9706962302893,10.239979818023272,1.0,0.0,0.0,0.0,0.0,1.0
17,30,5.311044697560432,2.166386543319246,1.0,1.0,0.0,0.0,0.0,0.0
18,30,5.06510701320942,6.222786435206373,1.0,0.0,0.0,0.0,0.0,1.0
19,30,0.5826487022249601,6.162509055311176,0.0,1.0,0.0,0.0,1.0,0.0
20,30,0.9151554328223308,11.414745964288144,1.0,0.0,1.0,1.0,1.0,1.0
21,30,0.0,2.981759630586009,1.0,0.0,1.0,1.0,0.0,0.0
22,30,1.7243455941242931,7.654248916001244,0.0,0.0,1.0,1.0,0.0,0.0
23,30,0.0001278432144294,2.940536801292497,0.0,0.0,1.0,0.0,0.0,1.0
24,30,0.6268561528462313,8.724152242295595,0.0,0.0,1.0,0.0,0.0,0.0
25,30,10.379180124089046,11.78934868525966,1.0,1.0,1.0,0.0,0.0,1.0
26,30,11.52028389464786,8.103686818652902,0.0,0.0,0.0,1.0,1.0,0.0
27,30,6.96998299646779,8.6758833360066,1.0,0.0,0.0,0.0,1.0,0.0
28,30,9.29205011159917,2.4773682949172606,1.0,1.0,1.0,0.0,0.0,0.0
29,30,12.0,3.3675835473599176,0.0,0.0,1.0,0.0,0.0,1.0
30,30,5.32175246028886,3.2981070464570466,0.0,1.0,0.0,1.0,0.0,1.0
31,30,0.6014357286488214,2.373307590371169,0.0,1.0,1.0,0.0,0.0,0.0
32,30,11.530552189734722,0.9811471259357164,0.0,1.0,1.0,1.0,1.0,1.0
33,30,11.202904666409928,3.265698643933041,1.0,0.0,0.0,1.0,0.0,1.0
34,30,4.071661481966653,5.608538160341711,0.0,0.0,1.0,1.0,0.0,1.0
35,30,0.268955377238066,8.589636961890971,0.0,0.0,0.0,1.0,0.0,0.0
36,30,4.429217204498807,11.892889670774416,1.0,1.0,1.0,0.0,0.0,0.0
37,30,5.494540293219977,7.022753276357431,1.0,1.0,0.0,1.0,0.0,1.0
38,30,6.178503135172532,0.4079034666593276,0.0,0.0,1.0,1.0,0.0,0.0
39,30,0.6528170090496794,7.065368956840374,0.0,1.0,0.0,0.0,0.0,1.0
0,35,3.63354107206213,1.0001905148492216,0.0,1.0,1.0,0.0,1.0,0.0
1,35,0.9456702597462762,5.950108755894916,1.0,0.0,0.0,0.0,1.0,0.0
2,35,9.238398953231329,4.329239527079984,0.0,0.0,0.0,1.0,0.0,0.0
3,35,0.0,8.35113053652352,0.0,0.0,0.0,1.0,0.0,0.0
4,35,7.885644322218527,1.9312541750596013,0.0,0.0,1.0,0.0,0.0,0.0
5,35,5.744129037338259,10.874729094224593,0.0,1.0,0.0,0.0,0.0,0.0
6,35,4.630598407222072,5.401522276170237,0.0,1.0,0.0,0.0,0.0,0.0
7,35,3.033233586252748,2.004746314723617,0.0,0.0,0.0,0.0,0.0,0.0
8,35,2.7809859036511257,0.8812063305608085,1.0,1.0,0.0,0.0,0.0,0.0
9,35,0.0,0.0,1.0,0.0,0.0,0.0,0.0,1.0
10,35,9.10532790079608,12.0,1.0,0.0,0.0,1.0,1.0,1.0
11,35,9.562904755611596,10.353111828716198,0.0,0.0,0.0,0.0,1.0,1.0
12,35,5.517300803524514,6.474111488114781,1.0,0.0,0.0,1.0,0.0,0.0
13,35,8.614747561268484,5.609212271677675,0.0,1.0,1.0,1.0,1.0,0.0
14,35,7.188460167258155,4.387787092027037,0.0,1.0,0.0,0.0,0.0,0.0
15,35,6.838063227196352,0.0512271897559065,1.0,0.0,1.0,1.0,1.0,1.0
16,35,10.965997624321936,10.2890068877418,1.0,0.0,0.0,0.0,0.0,1.0
17,35,5.346305857353559,2.1834495209321703,1.0,1.0,0.0,0.0,0.0,0.0
18,35,5.075138593020252,6.259013617028143,1.0,0.0,0.0,0.0,0.0,1.0
19,35,0.4856656438392863,6.198627909202206,0.0,1.0,0.0,0.0,1.0,0.0
20,35,0.8967219718271472,11.498466007652551,1.0,0.0,1.0,1.0,1.0,1.0
21,35,0.0,3.024398390211501,1.0,0.0,1.0,1.0,0.0,0.0
22,35,1.6530194219934278,7.5070795164271935,0.0,0.0,1.0,1.0,0.0,0.0
23,35,0.0001948679759584,2.9018055041037782,0.0,0.0,1.0,0.0,0.0,1.0
24,35,0.5794439911642936,8.68873974557812,0.0,0.0,1.0,0.0,0.0,0.0
25,35,10.43469085961297,11.758403449173482,1.0,1.0,1.0,0.0,0.0,1.0
26,35,11.453431273968146,8.118591120043893,0.0,0.0,0.0,1.0,1.0,0.0
27,35,6.963795126630807,8.621417346176845,1.0,0.0,0.0,0.0,1.0,0.0
28,35,9.37245819778977,2.594959058350314,1.0,1.0,1.0,0.0,0.0,0.0
29,35,12.0,3.359302330967526,0.0,0.0,1.0,0.0,0.0,1.0
30,35,5.364643053846605,3.3381467187247216,0.0,1.0,0.0,1.0,0.0,1.0
31,35,0.5446029061496038,2.429279065212192,0.0,1.0,1.0,0.0,0.0,0.0
32,35,11.464184490941935,0.976667342044966,0.0,1.0,1.0,1.0,1.0,1.0
33,35,11.25082193899499,3.330485615544519,1.0,0.0,0.0,1.0,0.0,1.0
34,35,4.079176282846915,5.680005181017825,0.0,0.0,1.0,1.0,0.0,1.0
35,35,0.3019979675886576,8.537031379196257,0.0,0.0,0.0,1.0,0.0,0.0
36,35,4.326132704851609,11.872172140795254,1.0,1.0,1.0,0.0,0.0,0.0
37,35,5.583334977563567,7.026217720271172,1.0,1.0,0.0,1.0,0.0,1.0
38,35,6.21874946973477,0.5049244742539237,0.0,0.0,1.0,1.0,0.0,0.0
39,35,0.6217267937486394,7.072334584078491,0.0,1.0,0.0,0.0,0.0,1.0
0,40,3.681630083136811,1.00041575187672,0.0,1.0,1.0,0.0,1.0,0.0
1,40,0.9305114278053516,5.933855361579824,1.0,0.0,0.0,0.0,1.0,0.0
2,40,9.265630520493549,4.366755218564966,0.0,0.0,0.0,1.0,0.0,0.0
3,40,0.0,8.283878237301003,0.0,0.0,0.0,1.0,0.0,0.0
4,40,7.896980464585573,1.9380383706263795,0.0,0.0,1.0,0.0,0.0,0.0
5,40,5.716581106396336,10.86061669741552,0.0,1.0,0.0,0.0,0.0,0.0
6,40,4.580312735010383,5.3193239470082885,0.0,1.0,0.0,0.0,0.0,0.0
7,40,3.016546578843283,2.004193714177681,0.0,0.0,0.0,0.0,0.0,0.0
8,40,2.774104035535095,0.877318965933978,1.0,1.0,0.0,0.0,0.0,0.0
9,40,0.0,0.0,1.0,0.0,0.0,0.0,0.0,1.0
10,40,9.122216752357945,12.0,1.0,0.0,0.0,1.0,1.0,1.0
11,40,9.653793741518768,10.410109580548829,0.0,0.0,0.0,0.0,1.0,1.0
12,40,5.584551231905352,6.539949015110876,1.0,0.0,0.0,1.0,0.0,0.0
13,40,8.723187091371907,5.5343424940799215,0.0,1.0,1.0,1.0,1.0,0.0
14,40,7.215552329322291,4.2960884840345255,0.0,1.0,0.0,0.0,0.0,0.0
15,40,6.789248334886116,0.0673356212871857,1.0,0.0,1.0,1.0,1.0,1.0
16,40,10.961897602771444,10.320142716249158,1.0,0.0,0.0,0.0,0.0,1.0
17,40,5.374533347724505,2.197881025913485,1.0,1.0,0.0,0.0,0.0,0.0
18,40,5.076556747125503,6.263645861379297,1.0,0.0,0.0,0.0,0.0,1.0
19,40,0.3744373691943359,6.241206539374951,0.0,1.0,0.0,0.0,1.0,0.0
20,40,0.8766692323647369,11.582996539624776,1.0,0.0,1.0,1.0,1.0,1.0
21,40,0.0,3.0538336495523493,1.0,0.0,1.0,1.0,0.0,0.0
22,40,1.579531207551765,7.355850640169339,0.0,0.0,1.0,1.0,0.0,0.0
23,40,0.0013920056022514,2.8491058663394098,0.0,0.0,1.0,0.0,0.0,1.0
24,40,0.5260001695100374,8.649287376085713,0.0,0.0,1.0,0.0,0.0,0.0
25,40,10.503475196450976,11.719397132355612,1.0,1.0,1.0,0.0,0.0,1.0
26,40,11.394128963861773,8.132213326262129,0.0,0.0,0.0,1.0,1.0,0.0
27,40,6.959247881235066,8.573094376065471,1.0,0.0,0.0,0.0,1.0,0.0
28,40,9.450444824918026,2.7053398614323143,1.0,1.0,1.0,0.0,0.0,0.0
29,40,12.0,3.3506389227766995,0.0,0.0,1.0,0.0,0.0,1.0
30,40,5.407034655528805,3.376821345867083,0.0,1.0,0.0,1.0,0.0,1.0
31,40,0.4847601222704859,2.489383960794847,0.0,1.0,1.0,0.0,0.0,0.0
32,40,11.399915314763737,0.970421713655812,0.0,1.0,1.0,1.0,1.0,1.0
33,40,11.29628315303022,3.3906252917393265,1.0,0.0,0.0,1.0,0.0,1.0
34,40,4.087530158321906,5.760204314342051,0.0,0.0,1.0,1.0,0.0,1.0
35,40,0.3348778543701974,8.481150273692418,0.0,0.0,0.0,1.0,0.0,0.0
36,40,4.227467268433464,11.851085295105817,1.0,1.0,1.0,0.0,0.0,0.0
37,40,5.7001989816491445,7.031982658033651,1.0,1.0,0.0,1.0,0.0,1.0
38,40,6.263104997814744,0.6130751794115138,0.0,0.0,1.0,1.0,0.0,0.0
39,40,0.5930413835868261,7.07876479321734,0.0,1.0,0.0,0.0,0.0,1.0
0,45,3.7643676497826712,1.0026867649306694,0.0,1.0,1.0,0.0,1.0,0.0
1,45,0.9184306206382262,5.920703373832897,1.0,0.0,0.0,0.0,1.0,0.0
2,45,9.294431759009273,4.40366787452418,0.0,0.0,0.0,1.0,0.0,0.0
3,45,0.0,8.196795012027383,0.0,0.0,0.0,1.0,0.0,0.0
4,45,7.8987604425945825,1.9390139704814795,0.0,0.0,1.0,0.0,0.0,0.0
5,45,5.714029840432333,10.85936013662326,0.0,1.0,0.0,0.0,0.0,0.0
6,45,4.530716053267179,5.238669013996156,0.0,1.0,0.0,0.0,0.0,0.0
7,45,3.013448215002002,2.004098270686044,0.0,0.0,0.0,0.0,0.0,0.0
8,45,2.777707353123995,0.8710918515004296,1.0,1.0,0.0,0.0,0.0,0.0
9,45,0.0,0.0,1.0,0.0,0.0,0.0,0.0,1.0
10,45,9.13842943617447,12.0,1.0,0.0,0.0,1.0,1.0,1.0
11,45,9.743192514302052,10.465380824860434,0.0,0.0,0.0,0.0,1.0,1.0
12,45,5.670992202761502,6.624085925987612,1.0,0.0,0.0,1.0,0.0,0.0
13,45,8.822148746700895,5.460817158040495,0.0,1.0,1.0,1.0,1.0,0.0
14,45,7.243220038425224,4.208243804354688,0.0,1.0,0.0,0.0,0.0,0.0
15,45,6.740613094410405,0.0823134084108856,1.0,0.0,1.0,1.0,1.0,1.0
16,45,10.960290717328228,10.340945190436797,1.0,0.0,0.0,0.0,0.0,1.0
17,45,5.4078746973029626,2.213939577950703,1.0,1.0,0.0,0.0,0.0,0.0
18,45,5.077137768628145,6.26553132573583,1.0,0.0,0.0,0.0,0.0,1.0
19,45,0.2595131541959974,6.2826006480012,0.0,1.0,0.0,0.0,1.0,0.0
20,45,0.8574586236555398,11.664628281922376,1.0,0.0,1.0,1.0,1.0,1.0
21,45,0.0,3.0638670656843248,1.0,0.0,1.0,1.0,0.0,0.0
22,45,1.5051550016183626,7.206335630382883,0.0,0.0,1.0,1.0,0.0,0.0
23,45,0.0020874694826577,2.7979667344757813,0.0,0.0,1.0,0.0,0.0,1.0
24,45,0.4792891434921553,8.612944726907434,0.0,0.0,1.0,0.0,0.0,0.0
25,45,10.587693744013922,11.67278044828572,1.0,1.0,1.0,0.0,0.0,1.0
26,45,11.325234534837907,8.14911064853498,0.0,0.0,0.0,1.0,1.0,0.0
27,45,6.956124932779777,8.525011429712933,1.0,0.0,0.0,0.0,1.0,0.0
28,45,9.520760351286214,2.8037141109762285,1.0,1.0,1.0,0.0,0.0,0.0
29,45,12.0,3.343363641459012,0.0,0.0,1.0,0.0,0.0,1.0
30,45,5.455563156252857,3.421836403632531,0.0,1.0,0.0,1.0,0.0,1.0
31,45,0.4197315921346014,2.555282571323217,0.0,1.0,1.0,0.0,0.0,0.0
32,45,11.344540547698797,0.964831816346349,0.0,1.0,1.0,1.0,1.0,1.0
33,45,11.351210274606103,3.468497549400232,1.0,0.0,0.0,1.0,0.0,1.0
34,45,4.093238594084991,5.816827207302241,0.0,0.0,1.0,1.0,0.0,1.0
35,45,0.373051733327862,8.419774780927401,0.0,0.0,0.0,1.0,0.0,0.0
36,45,4.139032625792557,11.832065605527646,1.0,1.0,1.0,0.0,0.0,0.0
37,45,5.821834414282715,7.036048600073127,1.0,1.0,0.0,1.0,0.0,1.0
38,45,6.30131137516343,0.7078966755904974,0.0,0.0,1.0,1.0,0.0,0.0
39,45,0.5451713161416556,7.089780806462747,0.0,1.0,0.0,0.0,0.0,1.0
0,50,3.8264203835408734,1.005122056053727,0.0,1.0,1.0,0.0,1.0,0.0
1,50,0.9112371937740492,5.91259286575596,1.0,0.0,0.0,0.0,1.0,0.0
2,50,9.320797310886354,4.436689289441276,0.0,0.0,0.0,1.0,0.0,0.0
3,50,0.0,8.227785272460865,0.0,0.0,0.0,1.0,0.0,0.0
4,50,7.873919218155563,1.925670590575645,0.0,0.0,1.0,0.0,0.0,0.0
5,50,5.725440059170557,10.864969417000518,0.0,1.0,0.0,0.0,0.0,0.0
6,50,4.47637005727503,5.1479130617190965,0.0,1.0,0.0,0.0,0.0,0.0
7,50,3.007249022366464,2.003927793745261,0.0,0.0,0.0,0.0,0.0,0.0
8,50,2.7749315994391845,0.87593714730067,1.0,1.0,0.0,0.0,0.0,0.0
9,50,0.0,0.0,1.0,0.0,0.0,0.0,0.0,1.0
10,50,9.15938334903562,12.0,1.0,0.0,0.0,1.0,1.0,1.0
11,50,9.81891566112217,10.511543113929584,0.0,0.0,0.0,0.0,1.0,1.0
12,50,5.778176495844712,6.725126757831955,1.0,0.0,0.0,1.0,0.0,0.0
13,50,8.912551941644645,5.393493344882985,0.0,1.0,1.0,1.0,1.0,0.0
14,50,7.271390321182908,4.120676238997196,0.0,1.0,0.0,0.0,0.0,0.0
15,50,6.684900170713743,0.1007262301227971,1.0,0.0,1.0,1.0,1.0,1.0
16,50,10.959829348881614,10.348915970770989,1.0,0.0,0.0,0.0,0.0,1.0
17,50,5.430798218328492,2.225290807873621,1.0,1.0,0.0,0.0,0.0,0.0
18,50,5.077040090172936,6.265168674036911,1.0,0.0,0.0,0.0,0.0,1.0
19,50,0.1499535519505532,6.318088122482966,0.0,1.0,0.0,0.0,1.0,0.0
20,50,0.840772886097129,11.731579112540183,1.0,0.0,1.0,1.0,1.0,1.0
21,50,0.0,3.078834797307043,1.0,0.0,1.0,1.0,0.0,0.0
22,50,1.434886497684848,7.070282913821888,0.0,0.0,1.0,1.0,0.0,0.0
23,50,0.0028768728286103,2.742223584539754,0.0,0.0,1.0,0.0,0.0,1.0
24,50,0.4348846154911037,8.577159659853853,0.0,0.0,1.0,0.0,0.0,0.0
25,50,10.68341728271564,11.623692400478728,1.0,1.0,1.0,0.0,0.0,1.0
26,50,11.254367966807054,8.16783276495554,0.0,0.0,0.0,1.0,1.0,0.0
27,50,6.953369835816635,8.484132651987544,1.0,0.0,0.0,0.0,1.0,0.0
28,50,9.587314418231092,2.899470925486535,1.0,1.0,1.0,0.0,0.0,0.0
29,50,12.0,3.335850688771635,0.0,0.0,1.0,0.0,0.0,1.0
30,50,5.515014204097408,3.4737530360231554,0.0,1.0,0.0,1.0,0.0,1.0
31,50,0.3543583534630592,2.6216434024195125,0.0,1.0,1.0,0.0,0.0,0.0
32,50,11.311199782527922,0.9618938710520544,0.0,1.0,1.0,1.0,1.0,1.0
33,50,11.402402762898502,3.5401988938522138,1.0,0.0,0.0,1.0,0.0,1.0
34,50,4.102321168273211,5.884551070924977,0.0,0.0,1.0,1.0,0.0,1.0
35,50,0.410650528697092,8.359915538169789,0.0,0.0,0.0,1.0,0.0,0.0
36,50,4.04136693389338,11.810612801533653,1.0,1.0,1.0,0.0,0.0,0.0
37,50,5.9685709297040415,7.041637103123924,1.0,1.0,0.0,1.0,0.0,1.0
38,50,6.333459047533116,0.7883151041715358,0.0,0.0,1.0,1.0,0.0,0.0
39,50,0.4762873500839588,7.105805769004606,0.0,1.0,0.0,0.0,0.0,1.0
0,55,3.829170185065621,0.9486500415741476,0.0,1.0,1.0,0.0,1.0,0.0
1,55,0.8963018039342456,5.89421621318299,1.0,0.0,0.0,0.0,1.0,0.0
2,55,9.35437312862639,4.479937828001018,0.0,0.0,0.0,1.0,0.0,0.0
3,55,0.0,8.257477014687401,0.0,0.0,0.0,1.0,0.0,0.0
4,55,7.835467197736103,1.903175779892536,0.0,0.0,1.0,0.0,0.0,0.0
5,55,5.720957349467208,10.862781124042543,0.0,1.0,0.0,0.0,0.0,0.0
6,55,4.430172008405557,5.067723906575361,0.0,1.0,0.0,0.0,0.0,0.0
7,55,3.0118840688155077,2.004032862939632,0.0,0.0,0.0,0.0,0.0,0.0
8,55,2.7736377374346177,0.8783319015921961,1.0,1.0,0.0,0.0,0.0,0.0
9,55,0.0,0.0,1.0,0.0,0.0,0.0,0.0,1.0
10,55,9.172378231167569,12.0,1.0,0.0,0.0,1.0,1.0,1.0
11,55,9.896547236311104,10.562078650891776,0.0,0.0,0.0,0.0,1.0,1.0
12,55,5.900735668076711,6.8350939920475415,1.0,0.0,0.0,1.0,0.0,0.0
13,55,8.99898668757628,5.332761470354404,0.0,1.0,1.0,1.0,1.0,0.0
14,55,7.298901202791439,4.03190523687233,0.0,1.0,0.0,0.0,0.0,0.0
15,55,6.625891909203582,0.1217562940533132,1.0,0.0,1.0,1.0,1.0,1.0
16,55,10.95912319282254,10.357738490502598,1.0,0.0,0.0,0.0,0.0,1.0
17,55,5.45042321816907,2.235029159383561,1.0,1.0,0.0,0.0,0.0,0.0
18,55,5.075443913900353,6.259225030355153,1.0,0.0,0.0,0.0,0.0,1.0
19,55,0.044994159688955,6.353751379153034,0.0,1.0,0.0,0.0,1.0,0.0
20,55,0.827456183881029,11.784054303576436,1.0,0.0,1.0,1.0,1.0,1.0
21,55,0.0,3.104360789878145,1.0,0.0,1.0,1.0,0.0,0.0
22,55,1.3537786658104534,6.9236066963101495,0.0,0.0,1.0,1.0,0.0,0.0
23,55,0.0038042063710101,2.6959894767264587,0.0,0.0,1.0,0.0,0.0,1.0
24,55,0.3793267201206022,8.533124613831736,0.0,0.0,1.0,0.0,0.0,0.0
25,55,10.7671791953273,11.577286023730514,1.0,1.0,1.0,0.0,0.0,1.0
26,55,11.179128089606436,8.185177848225607,0.0,0.0,0.0,1.0,1.0,0.0
27,55,6.951153262249791,8.450379119165548,1.0,0.0,0.0,0.0,1.0,0.0
28,55,9.655866599207783,2.9970988228509805,1.0,1.0,1.0,0.0,0.0,0.0
29,55,12.0,3.325805775249597,0.0,0.0,1.0,0.0,0.0,1.0
30,55,5.448952413137412,3.551993233781942,0.0,1.0,0.0,1.0,0.0,1.0
31,55,0.293199403430833,2.680079961495305,0.0,1.0,1.0,0.0,0.0,0.0
32,55,11.267446384619891,0.9575334723051993,0.0,1.0,1.0,1.0,1.0,1.0
33,55,11.448389428563624,3.606548146653523,1.0,0.0,0.0,1.0,0.0,1.0
34,55,4.108948217762485,5.928882657474389,0.0,0.0,1.0,1.0,0.0,1.0
35,55,0.4418946479992957,8.311667255900364,0.0,0.0,0.0,1.0,0.0,0.0
36,55,3.9555222996562143,11.792679499666653,1.0,1.0,1.0,0.0,0.0,0.0
37,55,6.094782343512562,7.046717925294379,1.0,1.0,0.0,1.0,0.0,1.0
38,55,6.3606111356881465,0.8547957501102749,0.0,0.0,1.0,1.0,0.0,0.0
39,55,0.3885066714377105,7.12673686385982,0.0,1.0,0.0,0.0,0.0,1.0
0,60,3.831855466384065,0.9133333821003964,0.0,1.0,1.0,0.0,1.0,0.0
1,60,0.8845357950788939,5.880089658423201,1.0,0.0,0.0,0.0,1.0,0.0
2,60,9.392933861687704,4.531334341143996,0.0,0.0,0.0,1.0,0.0,0.0
3,60,0.0,8.294510679907471,0.0,0.0,0.0,1.0,0.0,0.0
4,60,7.8055933230615375,1.885985993715849,0.0,0.0,1.0,0.0,0.0,0.0
5,60,5.745637271322407,10.87471672180093,0.0,1.0,0.0,0.0,0.0,0.0
6,60,4.377916871405247,4.973544437263751,0.0,1.0,0.0,0.0,0.0,0.0
7,60,3.014635086382747,2.004099069366042,0.0,0.0,0.0,0.0,0.0,0.0
8,60,2.771209882889642,0.882525901553106,1.0,1.0,0.0,0.0,0.0,0.0
9,60,0.0,0.0,1.0,0.0,0.0,0.0,0.0,1.0
10,60,9.188644731123029,12.0,1.0,0.0,0.0,1.0,1.0,1.0
11,60,9.972998437286511,10.611564438397336,0.0,0.0,0.0,0.0,1.0,1.0
12,60,6.023610363757284,6.94633501793985,1.0,0.0,0.0,1.0,0.0,0.0
13,60,9.0744230726106,5.279696765070399,0.0,1.0,1.0,1.0,1.0,0.0
14,60,7.332142694866117,3.931340644036573,0.0,1.0,0.0,0.0,0.0,0.0
15,60,6.576485246020237,0.139709419254388,1.0,0.0,1.0,1.0,1.0,1.0
16,60,10.959515561578012,10.353098192357256,1.0,0.0,0.0,0.0,0.0,1.0
17,60,5.440980790819263,2.2541590522034887,1.0,1.0,0.0,0.0,0.0,0.0
18,60,5.075138439027574,6.257897988718804,1.0,0.0,0.0,0.0,0.0,1.0
19,60,0.0,6.385777310540741,0.0,1.0,0.0,0.0,1.0,0.0
20,60,0.8148620904359507,11.836255232752425,1.0,0.0,1.0,1.0,1.0,1.0
21,60,0.0,3.1316768601844047,1.0,0.0,1.0,1.0,0.0,0.0
22,60,1.2685266361174596,6.7696292215957135,0.0,0.0,1.0,1.0,0.0,0.0
23,60,0.0042875062352482,2.663619595985508,0.0,0.0,1.0,0.0,0.0,1.0
24,60,0.3258849188019262,8.49161461329074,0.0,0.0,1.0,0.0,0.0,0.0
25,60,10.835932149032429,11.540617067410892,1.0,1.0,1.0,0.0,0.0,1.0
26,60,11.11401278619791,8.200252396549157,0.0,0.0,0.0,1.0,1.0,0.0
27,60,6.949421536812931,8.411213652178544,1.0,0.0,0.0,0.0,1.0,0.0
28,60,9.724842175175796,3.103474662147032,1.0,1.0,1.0,0.0,0.0,0.0
29,60,12.0,3.3141568236733496,0.0,0.0,1.0,0.0,0.0,1.0
30,60,5.373070674776485,3.6376348146650166,0.0,1.0,0.0,1.0,0.0,1.0
31,60,0.2344546869978408,2.7353152920556387,0.0,1.0,1.0,0.0,0.0,0.0
32,60,11.233206388339362,0.9537902332259722,0.0,1.0,1.0,1.0,1.0,1.0
33,60,11.49668153090274,3.6738289096417382,1.0,0.0,0.0,1.0,0.0,1.0
34,60,4.116537370072464,5.980732975992087,0.0,0.0,1.0,1.0,0.0,1.0
35,60,0.4644057871396575,8.276846335676431,0.0,0.0,0.0,1.0,0.0,0.0
36,60,3.893582327108455,11.7810174360017,1.0,1.0,1.0,0.0,0.0,0.0
37,60,6.219793118390679,7.055093292765075,1.0,1.0,0.0,1.0,0.0,1.0
38,60,6.382307568424946,0.9055380647233991,0.0,0.0,1.0,1.0,0.0,0.0
39,60,0.3081330872527854,7.148451611887901,0.0,1.0,0.0,0.0,0.0,1.0
0,65,3.8331049957004137,0.8855097841656115,0.0,1.0,1.0,0.0,1.0,0.0
1,65,0.8613630771393084,5.852083685483543,1.0,0.0,0.0,0.0,1.0,0.0
2,65,9.422887301409366,4.571348697583442,0.0,0.0,0.0,1.0,0.0,0.0
3,65,0.0,8.329028151298614,0.0,0.0,0.0,1.0,0.0,0.0
4,65,7.781402758620548,1.8720443816528545,0.0,0.0,1.0,0.0,0.0,0.0
5,65,5.803195440995876,10.904555583695563,0.0,1.0,0.0,0.0,0.0,0.0
6,65,4.317605517720063,4.867000461884243,0.0,1.0,0.0,0.0,0.0,0.0
7,65,3.033245225903892,2.004523840040094,0.0,0.0,0.0,0.0,0.0,0.0
8,65,2.764780224937464,0.8929232778499858,1.0,1.0,0.0,0.0,0.0,0.0
9,65,0.0,0.0,1.0,0.0,0.0,0.0,0.0,1.0
10,65,9.205199742934822,12.0,1.0,0.0,0.0,1.0,1.0,1.0
11,65,10.024272094519995,10.64566644121211,0.0,0.0,0.0,0.0,1.0,1.0
12,65,6.141738376618938,7.05068751275267,1.0,0.0,0.0,1.0,0.0,0.0
13,65,9.160646045799217,5.222643967359398,0.0,1.0,1.0,1.0,1.0,0.0
14,65,7.363048153563853,3.8393450086085994,0.0,1.0,0.0,0.0,0.0,0.0
15,65,6.538288182391198,0.1548639159414849,1.0,0.0,1.0,1.0,1.0,1.0
16,65,10.958773652940115,10.363528946530366,1.0,0.0,0.0,0.0,0.0,1.0
17,65,5.431171448770371,2.2737462129784296,1.0,1.0,0.0,0.0,0.0,0.0
18,65,5.07277131657375,6.247105591313767,1.0,0.0,0.0,0.0,0.0,1.0
19,65,0.0,6.424449807470142,0.0,1.0,0.0,0.0,1.0,0.0
20,65,0.8018646621228624,11.889290460923007,1.0,0.0,1.0,1.0,1.0,1.0
21,65,0.0,3.1645278885399546,1.0,0.0,1.0,1.0,0.0,0.0
22,65,1.1713531632031948,6.598299705501491,0.0,0.0,1.0,1.0,0.0,0.0
23,65,0.0049052746396951,2.6427894988373946,0.0,0.0,1.0,0.0,0.0,1.0
24,65,0.272606236198806,8.448752532823447,0.0,0.0,1.0,0.0,0.0,0.0
25,65,10.91143256540198,11.500382297044233,1.0,1.0,1.0,0.0,0.0,1.0
26,65,11.05233167073853,8.211447602692854,0.0,0.0,0.0,1.0,1.0,0.0
27,65,6.947203529790692,8.369162530687548,1.0,0.0,0.0,0.0,1.0,0.0
28,65,9.801704401441205,3.215579431116143,1.0,1.0,1.0,0.0,0.0,0.0
29,65,12.0,3.3021045445170603,0.0,0.0,1.0,0.0,0.0,1.0
30,65,5.291941005449179,3.72430300049237,0.0,1.0,0.0,1.0,0.0,1.0
31,65,0.1867984707887762,2.7811178493046147,0.0,1.0,1.0,0.0,0.0,0.0
32,65,11.219697216539716,0.9518893741168988,0.0,1.0,1.0,1.0,1.0,1.0
33,65,11.53691437039969,3.727672059196335,1.0,0.0,0.0,1.0,0.0,1.0
34,65,4.121033343205584,6.014056973081257,0.0,0.0,1.0,1.0,0.0,1.0
35,65,0.507004704852168,8.212483593120151,0.0,0.0,0.0,1.0,0.0,0.0
36,65,3.829490825386939,11.770738083833354,1.0,1.0,1.0,0.0,0.0,0.0
37,65,6.330194038903912,7.061802621223704,1.0,1.0,0.0,1.0,0.0,1.0
38,65,6.413455839591023,0.97812070564752,0.0,0.0,1.0,1.0,0.0,0.0
39,65,0.2126524219646136,7.173783128627079,0.0,1.0,0.0,0.0,0.0,1.0
0,70,3.836656656690508,0.8285852759718358,0.0,1.0,1.0,0.0,1.0,0.0
1,70,0.8231468344393634,5.807143809652315,1.0,0.0,0.0,0.0,1.0,0.0
2,70,9.451627418988537,4.611347786521804,0.0,0.0,0.0,1.0,0.0,0.0
3,70,0.0,8.366658304180296,0.0,0.0,0.0,1.0,0.0,0.0
4,70,7.778821090776192,1.870573102082836,0.0,0.0,1.0,0.0,0.0,0.0
5,70,5.865794959417974,10.93416858617912,0.0,1.0,0.0,0.0,0.0,0.0
6,70,4.2617230926743614,4.761283654763892,0.0,1.0,0.0,0.0,0.0,0.0
7,70,3.041885589301058,2.0043923749712675,0.0,0.0,0.0,0.0,0.0,0.0
8,70,2.768048152679624,0.887764115721014,1.0,1.0,0.0,0.0,0.0,0.0
9,70,0.0,0.0,1.0,0.0,0.0,0.0,0.0,1.0
10,70,9.211975430006705,12.0,1.0,0.0,0.0,1.0,1.0,1.0
11,70,10.09754180575906,10.691726821348306,0.0,0.0,0.0,0.0,1.0,1.0
12,70,6.244577366451536,7.144017974729938,1.0,0.0,0.0,1.0,0.0,0.0
13,70,9.256601202968522,5.160308532066894,0.0,1.0,1.0,1.0,1.0,0.0
14,70,7.387325702616135,3.7709392926364176,0.0,1.0,0.0,0.0,0.0,0.0
15,70,6.510929064791665,0.1645447693505482,1.0,0.0,1.0,1.0,1.0,1.0
16,70,10.958067968145716,10.378419969385517,1.0,0.0,0.0,0.0,0.0,1.0
17,70,5.412216162828718,2.31185095717207,1.0,1.0,0.0,0.0,0.0,0.0
18,70,5.070621431008004,6.237136304536649,1.0,0.0,0.0,0.0,0.0,1.0
19,70,0.0,6.463138749823475,0.0,1.0,0.0,0.0,1.0,0.0
20,70,0.7931625850256862,11.925588799912797,1.0,0.0,1.0,1.0,1.0,1.0
21,70,0.0,3.2044461532740143,1.0,0.0,1.0,1.0,0.0,0.0
22,70,1.0734426338102263,6.412331718109487,0.0,0.0,1.0,1.0,0.0,0.0
23,70,0.0052795010369879,2.6344073152846468,0.0,0.0,1.0,0.0,0.0,1.0
24,70,0.2162302708328238,8.403569219987507,0.0,0.0,1.0,0.0,0.0,0.0
25,70,10.981446794015026,11.46171571752829,1.0,1.0,1.0,0.0,0.0,1.0
26,70,10.974302975807436,8.226477556741239,0.0,0.0,0.0,1.0,1.0,0.0
27,70,6.943276290574619,8.317006176854953,1.0,0.0,0.0,0.0,1.0,0.0
28,70,9.879434963352692,3.337099986767217,1.0,1.0,1.0,0.0,0.0,0.0
29,70,12.0,3.291288712221043,0.0,0.0,1.0,0.0,0.0,1.0
30,70,5.195963591389159,3.824708605094928,0.0,1.0,0.0,1.0,0.0,1.0
31,70,0.1319512816751161,2.8345920773033924,0.0,1.0,1.0,0.0,0.0,0.0
32,70,11.20807179431609,0.9502727123796256,0.0,1.0,1.0,1.0,1.0,1.0
33,70,11.562338601779189,3.760126300799285,1.0,0.0,0.0,1.0,0.0,1.0
34,70,4.126856215006293,6.063592287458364,0.0,0.0,1.0,1.0,0.0,1.0
35,70,0.5537162866042152,8.139544729409339,0.0,0.0,0.0,1.0,0.0,0.0
36,70,3.7643709003310697,11.758691617178858,1.0,1.0,1.0,0.0,0.0,0.0
37,70,6.466025985285414,7.07215681555499,1.0,1.0,0.0,1.0,0.0,1.0
38,70,6.450515782490825,1.0660451274042353,0.0,0.0,1.0,1.0,0.0,0.0
39,70,0.1370678460873317,7.192702085251812,0.0,1.0,0.0,0.0,0.0,1.0
0,75,3.8407661353304263,0.7747333120463629,0.0,1.0,1.0,0.0,1.0,0.0
1,75,0.7764613978516678,5.75424636552972,1.0,0.0,0.0,0.0,1.0,0.0
2,75,9.490347041459902,4.663939790560202,0.0,0.0,0.0,1.0,0.0,0.0
3,75,0.0,8.400100522010135,0.0,0.0,0.0,1.0,0.0,0.0
4,75,7.75820453732728,1.8589659876255296,0.0,0.0,1.0,0.0,0.0,0.0
5,75,5.916158720418701,10.9585733408525,0.0,1.0,0.0,0.0,0.0,0.0
6,75,4.2005358947679055,4.643412605619212,0.0,1.0,0.0,0.0,0.0,0.0
7,75,3.0464915320716,2.004147916600884,0.0,0.0,0.0,0.0,0.0,0.0
8,75,2.757032161519579,0.904907108792679,1.0,1.0,0.0,0.0,0.0,0.0
9,75,0.0,0.0,1.0,0.0,0.0,0.0,0.0,1.0
10,75,9.215989356121458,12.0,1.0,0.0,0.0,1.0,1.0,1.0
11,75,10.16216031139846,10.734372018888138,0.0,0.0,0.0,0.0,1.0,1.0
12,75,6.329040245637229,7.2202428278531965,1.0,0.0,0.0,1.0,0.0,0.0
13,75,9.338661370472131,5.105449202518971,0.0,1.0,1.0,1.0,1.0,0.0
14,75,7.415962561763823,3.689475366179917,0.0,1.0,0.0,0.0,0.0,0.0
15,75,6.477983513510944,0.1759813184591818,1.0,0.0,1.0,1.0,1.0,1.0
16,75,10.957407258795008,10.393887547372218,1.0,0.0,0.0,0.0,0.0,1.0
17,75,5.396065336476434,2.3435568187499927,1.0,1.0,0.0,0.0,0.0,0.0
18,75,5.073374275166852,6.249957761939526,1.0,0.0,0.0,0.0,0.0,1.0
19,75,0.0,6.499627307808698,0.0,1.0,0.0,0.0,1.0,0.0
20,75,0.7881920542108783,11.9476822759784,1.0,0.0,1.0,1.0,1.0,1.0
21,75,0.0,3.264191134376769,1.0,0.0,1.0,1.0,0.0,0.0
22,75,0.9695517915191234,6.222857690473394,0.0,0.0,1.0,1.0,0.0,0.0
23,75,0.0060107373620238,2.621140499759525,0.0,0.0,1.0,0.0,0.0,1.0
24,75,0.1505251480022962,8.346531794896997,0.0,0.0,1.0,0.0,0.0,0.0
25,75,11.04350597660391,11.427115032070182,1.0,1.0,1.0,0.0,0.0,1.0
26,75,10.88622963470291,8.242912818138674,0.0,0.0,0.0,1.0,1.0,0.0
27,75,6.939360915668011,8.27156871315462,1.0,0.0,0.0,0.0,1.0,0.0
28,75,9.960827940820613,3.4618098924511926,1.0,1.0,1.0,0.0,0.0,0.0
29,75,12.0,3.280864480474297,0.0,0.0,1.0,0.0,0.0,1.0
30,75,5.1031002592816135,3.922214747772775,0.0,1.0,0.0,1.0,0.0,1.0
31,75,0.0755103119239142,2.8936838726028338,0.0,1.0,1.0,0.0,0.0,0.0
32,75,11.193695540209152,0.9485632232727608,0.0,1.0,1.0,1.0,1.0,1.0
33,75,11.584541162683408,3.787369779675832,1.0,0.0,0.0,1.0,0.0,1.0
34,75,4.131462502062577,6.103809682787661,0.0,0.0,1.0,1.0,0.0,1.0
35,75,0.5955945032420922,8.078048613723045,0.0,0.0,0.0,1.0,0.0,0.0
36,75,3.679430047164246,11.745941962667954,1.0,1.0,1.0,0.0,0.0,0.0
37,75,6.597473670305244,7.081948067736718,1.0,1.0,0.0,1.0,0.0,1.0
38,75,6.494060680671306,1.1682305677430973,0.0,0.0,1.0,1.0,0.0,0.0
39,75,0.0754196301016729,7.20626579113456,0.0,1.0,0.0,0.0,0.0,1.0
0,80,3.844505153039999,0.7190138990808245,0.0,1.0,1.0,0.0,1.0,0.0
1,80,0.7345587658117998,5.704556712683722,1.0,0.0,0.0,0.0,1.0,0.0
2,80,9.530303359072146,4.718562186486981,0.0,0.0,0.0,1.0,0.0,0.0
3,80,0.0,8.428182249845571,0.0,0.0,0.0,1.0,0.0,0.0
4,80,7.744570505934972,1.850902971174064,0.0,0.0,1.0,0.0,0.0,0.0
5,80,5.9705781637498,10.983778430010997,0.0,1.0,0.0,0.0,0.0,0.0
6,80,4.1374874546522245,4.521349400550493,0.0,1.0,0.0,0.0,0.0,0.0
7,80,3.0371966444856704,2.0048050766615884,0.0,0.0,0.0,0.0,0.0,0.0
8,80,2.741271853233533,0.9283646431726944,1.0,1.0,0.0,0.0,0.0,0.0
9,80,0.0,0.0,1.0,0.0,0.0,0.0,0.0,1.0
10,80,9.219671876953509,12.0,1.0,0.0,0.0,1.0,1.0,1.0
11,80,10.217102202255797,10.771027829849814,0.0,0.0,0.0,0.0,1.0,1.0
12,80,6.408724987187326,7.292717096454689,1.0,0.0,0.0,1.0,0.0,0.0
13,80,9.404911251518383,5.0612418454255055,0.0,1.0,1.0,1.0,1.0,0.0
14,80,7.442820494615541,3.605432606334826,0.0,1.0,0.0,0.0,0.0,0.0
15,80,6.457665152831535,0.1826890790558733,1.0,0.0,1.0,1.0,1.0,1.0
16,80,10.956931529007615,10.403435928195677,1.0,0.0,0.0,0.0,0.0,1.0
17,80,5.43988952850963,2.3650462531650587,1.0,1.0,0.0,0.0,0.0,0.0
18,80,5.077547487521858,6.267970898395522,1.0,0.0,0.0,0.0,0.0,1.0
19,80,0.0,6.532789036743912,0.0,1.0,0.0,0.0,1.0,0.0
20,80,0.7864282152998595,11.954855585508325,1.0,0.0,1.0,1.0,1.0,1.0
21,80,0.0,3.310883518678151,1.0,0.0,1.0,1.0,0.0,0.0
22,80,0.867696148761456,6.031171341559164,0.0,0.0,1.0,1.0,0.0,0.0
23,80,0.0076188479388665,2.5777517043870466,0.0,0.0,1.0,0.0,0.0,1.0
24,80,0.0680986475553218,8.274113187998399,0.0,0.0,1.0,0.0,0.0,0.0
25,80,11.10583936329568,11.392525608807102,1.0,1.0,1.0,0.0,0.0,1.0
26,80,10.770708505168916,8.265500713682814,0.0,0.0,0.0,1.0,1.0,0.0
27,80,6.936297505140432,8.230660047074112,1.0,0.0,0.0,0.0,1.0,0.0
28,80,10.042808939900466,3.5861488449734504,1.0,1.0,1.0,0.0,0.0,0.0
29,80,12.0,3.2709339374863915,0.0,0.0,1.0,0.0,0.0,1.0
30,80,5.018121950998424,4.017107513495437,0.0,1.0,0.0,1.0,0.0,1.0
31,80,0.0247053084336391,2.9454039100978764,0.0,1.0,1.0,0.0,0.0,0.0
32,80,11.163739626967637,0.9452103383491938,0.0,1.0,1.0,1.0,1.0,1.0
33,80,11.621217460372034,3.833440319653278,1.0,0.0,0.0,1.0,0.0,1.0
34,80,4.135475853620245,6.153822557960701,0.0,0.0,1.0,1.0,0.0,1.0
35,80,0.639145399582633,8.018524223798487,0.0,0.0,0.0,1.0,0.0,0.0
36,80,3.589467954256232,11.729617717162627,1.0,1.0,1.0,0.0,0.0,0.0
37,80,6.741891768138452,7.094116391561193,1.0,1.0,0.0,1.0,0.0,1.0
38,80,6.533541724856913,1.2665226677219823,0.0,0.0,1.0,1.0,0.0,0.0
39,80,0.0064053537631259,7.221488663192735,0.0,1.0,0.0,0.0,0.0,1.0
0,85,3.847897677256356,0.6733824890788683,0.0,1.0,1.0,0.0,1.0,0.0
1,85,0.6904601376512277,5.651382712261397,1.0,0.0,0.0,0.0,1.0,0.0
2,85,9.57109460001071,4.7712228022161245,0.0,0.0,0.0,1.0,0.0,0.0
3,85,0.0,8.45826829178249,0.0,0.0,0.0,1.0,0.0,0.0
4,85,7.739663421761668,1.847877496698044,0.0,0.0,1.0,0.0,0.0,0.0
5,85,6.014840450346221,11.003972393143316,0.0,1.0,0.0,0.0,0.0,0.0
6,85,4.076696369208586,4.4012335066375705,0.0,1.0,0.0,0.0,0.0,0.0
7,85,3.0358734364667246,2.0048687807837853,0.0,0.0,0.0,0.0,0.0,0.0
8,85,2.720472746367287,0.9607710817582742,1.0,1.0,0.0,0.0,0.0,0.0
9,85,0.0,0.0,1.0,0.0,0.0,0.0,0.0,1.0
10,85,9.223917522099176,12.0,1.0,0.0,0.0,1.0,1.0,1.0
11,85,10.266417027088416,10.80442982206071,0.0,0.0,0.0,0.0,1.0,1.0
12,85,6.495852039507764,7.372949649448298,1.0,0.0,0.0,1.0,0.0,0.0
13,85,9.48021956690866,5.009539935999029,0.0,1.0,1.0,1.0,1.0,0.0
14,85,7.477055558823193,3.500165674708964,0.0,1.0,0.0,0.0,0.0,0.0
15,85,6.435734861495231,0.189830013589959,1.0,0.0,1.0,1.0,1.0,1.0
16,85,10.958035142401476,10.3866750436683,1.0,0.0,0.0,0.0,0.0,1.0
17,85,5.4740594584590765,2.3817117461084925,1.0,1.0,0.0,0.0,0.0,0.0
18,85,5.075121742830539,6.2582402660393095,1.0,0.0,0.0,0.0,0.0,1.0
19,85,0.0,6.562283863621782,0.0,1.0,0.0,0.0,1.0,0.0
20,85,0.7801157397411782,11.980662328478672,1.0,0.0,1.0,1.0,1.0,1.0
21,85,0.0,3.349819372994656,1.0,0.0,1.0,1.0,0.0,0.0
22,85,0.7615049803486645,5.827698965976772,0.0,0.0,1.0,1.0,0.0,0.0
23,85,0.0081373681332145,2.5150031176300915,0.0,0.0,1.0,0.0,0.0,1.0
24,85,0.0,8.192370110532684,0.0,0.0,1.0,0.0,0.0,0.0
25,85,11.156577937170043,11.364437446755966,1.0,1.0,1.0,0.0,0.0,1.0
26,85,10.651566361075798,8.290150053862494,0.0,0.0,0.0,1.0,1.0,0.0
27,85,6.934171989498334,8.204042203349037,1.0,0.0,0.0,0.0,1.0,0.0
28,85,10.130328770503292,3.721305425834621,1.0,1.0,1.0,0.0,0.0,0.0
29,85,12.0,3.259577540678009,0.0,0.0,1.0,0.0,0.0,1.0
30,85,4.925701619520017,3.934090419420596,0.0,1.0,0.0,1.0,0.0,1.0
31,85,0.0,3.005124106728916,0.0,1.0,1.0,0.0,0.0,0.0
32,85,11.12764534159145,0.9419557873647082,0.0,1.0,1.0,1.0,1.0,1.0
33,85,11.653266737956413,3.87468931494321,1.0,0.0,0.0,1.0,0.0,1.0
34,85,4.137630300767548,6.196033482266229,0.0,0.0,1.0,1.0,0.0,1.0
35,85,0.686532656765558,7.955816948981689,0.0,0.0,0.0,1.0,0.0,0.0
36,85,3.479456162493173,11.710196344654594,1.0,1.0,1.0,0.0,0.0,0.0
37,85,6.90532709271439,7.107962725324608,1.0,1.0,0.0,1.0,0.0,1.0
38,85,6.570184927183185,1.3609749721349331,0.0,0.0,1.0,1.0,0.0,0.0
39,85,0.0,7.23369306941492,0.0,1.0,0.0,0.0,0.0,1.0
0,90,3.852090618052389,0.6063004015581202,0.0,1.0,1.0,0.0,1.0,0.0
1,90,0.6473885988275787,5.597825951946262,1.0,0.0,0.0,0.0,1.0,0.0
2,90,9.600352258704902,4.809971893262749,0.0,0.0,0.0,1.0,0.0,0.0
3,90,0.0,8.494811375305742,0.0,0.0,0.0,1.0,0.0,0.0
4,90,7.721936033803556,1.83782472988314,0.0,0.0,1.0,0.0,0.0,0.0
5,90,6.054444619252482,11.02177575655686,0.0,1.0,0.0,0.0,0.0,0.0
6,90,4.023101874501439,4.3014901484105605,0.0,1.0,0.0,0.0,0.0,0.0
7,90,3.021340306972061,2.0055802796398177,0.0,0.0,0.0,0.0,0.0,0.0
8,90,2.705145338207969,0.9852388782796648,1.0,1.0,0.0,0.0,0.0,0.0
9,90,0.0,0.0,1.0,0.0,0.0,0.0,0.0,1.0
10,90,9.226219925800024,12.0,1.0,0.0,0.0,1.0,1.0,1.0
11,90,10.320118579096402,10.841509733358649,0.0,0.0,0.0,0.0,1.0,1.0
12,90,6.581872533817617,7.279299310682539,1.0,0.0,0.0,1.0,0.0,0.0
13,90,9.554404616298248,4.959772496107398,0.0,1.0,1.0,1.0,1.0,0.0
14,90,7.515086385565171,3.3909435724372603,0.0,1.0,0.0,0.0,0.0,0.0
15,90,6.402626026768125,0.2010038776923353,1.0,0.0,1.0,1.0,1.0,1.0
16,90,10.95965330809294,10.355940785207071,1.0,0.0,0.0,0.0,0.0,1.0
17,90,5.507281700261269,2.3986876957739125,1.0,1.0,0.0,0.0,0.0,0.0
18,90,5.066126437987464,6.219898309117906,1.0,0.0,0.0,0.0,0.0,1.0
19,90,0.0,6.600457119557171,0.0,1.0,0.0,0.0,1.0,0.0
20,90,0.7841642722099355,11.96470003939319,1.0,0.0,1.0,1.0,1.0,1.0
21,90,0.0,3.409827397251371,1.0,0.0,1.0,1.0,0.0,0.0
22,90,0.6562338125485377,5.633759605843118,0.0,0.0,1.0,1.0,0.0,0.0
23,90,0.0091256087404331,2.461094480642584,0.0,0.0,1.0,0.0,0.0,1.0
24,90,0.0,8.114415954283912,0.0,0.0,1.0,0.0,0.0,0.0
25,90,11.1994116486094,11.340049194458077,1.0,1.0,1.0,0.0,0.0,1.0
26,90,10.54270975419337,8.312503648994163,0.0,0.0,0.0,1.0,1.0,0.0
27,90,6.933070127280612,8.189825785729235,1.0,0.0,0.0,0.0,1.0,0.0
28,90,10.212390890421734,3.842079510359463,1.0,1.0,1.0,0.0,0.0,0.0
29,90,12.0,3.2516931061333456,0.0,0.0,1.0,0.0,0.0,1.0
30,90,4.827169462242717,3.84372866736665,0.0,1.0,0.0,1.0,0.0,1.0
31,90,0.0,3.055105505731353,0.0,1.0,1.0,0.0,0.0,0.0
32,90,11.109513355677104,0.9402371317020228,0.0,1.0,1.0,1.0,1.0,1.0
33,90,11.687426405525828,3.918450688559026,1.0,0.0,0.0,1.0,0.0,1.0
34,90,4.138847694038309,6.231770268627024,0.0,0.0,1.0,1.0,0.0,1.0
35,90,0.7271768200889523,7.901019832946922,0.0,0.0,0.0,1.0,0.0,0.0
36,90,3.372146821358016,11.691715612582858,1.0,1.0,1.0,0.0,0.0,0.0
37,90,7.065287360425648,7.117113954867024,1.0,1.0,0.0,1.0,0.0,1.0
38,90,6.613671489753729,1.4665647292171249,0.0,0.0,1.0,1.0,0.0,0.0
39,90,0.0,7.248213545016474,0.0,1.0,0.0,0.0,0.0,1.0
0,95,3.85750922501974,0.5139958368131514,0.0,1.0,1.0,0.0,1.0,0.0
1,95,0.6034729395203741,5.541382246103953,1.0,0.0,0.0,0.0,1.0,0.0
2,95,9.628793749235422,4.846086002243139,0.0,0.0,0.0,1.0,0.0,0.0
3,95,0.0,8.526169375065253,0.0,0.0,0.0,1.0,0.0,0.0
4,95,7.7045818125053565,1.828609417231297,0.0,0.0,1.0,0.0,0.0,0.0
5,95,6.104501232342863,11.04522710261847,0.0,1.0,0.0,0.0,0.0,0.0
6,95,3.97706803308702,4.210950612249409,0.0,1.0,0.0,0.0,0.0,0.0
7,95,3.0083553549930344,2.006388810563109,0.0,0.0,0.0,0.0,0.0,0.0
8,95,2.699020498959622,0.9943972001587456,1.0,1.0,0.0,0.0,0.0,0.0
9,95,0.0,0.0,1.0,0.0,0.0,0.0,0.0,1.0
10,95,9.221521657002665,11.98706394367138,1.0,0.0,0.0,1.0,1.0,1.0
11,95,10.382139473687117,10.884119811709288,0.0,0.0,0.0,0.0,1.0,1.0
12,95,6.667022907406934,7.179695146660984,1.0,0.0,0.0,1.0,0.0,0.0
13,95,9.623503791163644,4.914767626986734,0.0,1.0,1.0,1.0,1.0,0.0
14,95,7.559861725315248,3.2620431743453837,0.0,1.0,0.0,0.0,0.0,0.0
15,95,6.348172909685874,0.2195706280220358,1.0,0.0,1.0,1.0,1.0,1.0
16,95,10.960731992447698,10.33793882610222,1.0,0.0,0.0,0.0,0.0,1.0
17,95,5.537353339910044,2.414514899274685,1.0,1.0,0.0,0.0,0.0,0.0
18,95,5.054988845460379,6.176269364371628,1.0,0.0,0.0,0.0,0.0,1.0
19,95,0.0,6.644626853103688,0.0,1.0,0.0,0.0,1.0,0.0
20,95,0.7862554445585617,11.955358384372516,1.0,0.0,1.0,1.0,1.0,1.0
21,95,0.0,3.4434990854020597,1.0,0.0,1.0,1.0,0.0,0.0
22,95,0.5592161769966768,5.460847211488674,0.0,0.0,1.0,1.0,0.0,0.0
23,95,0.0100552651452387,2.409971350650351,0.0,0.0,1.0,0.0,0.0,1.0
24,95,0.0,8.028410674045714,0.0,0.0,1.0,0.0,0.0,0.0
25,95,11.272402198106532,11.300198871743442,1.0,1.0,1.0,0.0,0.0,1.0
26,95,10.442148692992944,8.332529125289136,0.0,0.0,0.0,1.0,1.0,0.0
27,95,6.931642652175084,8.172623370201665,1.0,0.0,0.0,0.0,1.0,0.0
28,95,10.289967553891138,3.954992097151137,1.0,1.0,1.0,0.0,0.0,0.0
29,95,12.0,3.244526414627316,0.0,0.0,1.0,0.0,0.0,1.0
30,95,4.737455844726154,3.762864509021431,0.0,1.0,0.0,1.0,0.0,1.0
31,95,0.0,3.117517189875486,0.0,1.0,1.0,0.0,0.0,0.0
32,95,11.07136158439234,0.9363842796636042,0.0,1.0,1.0,1.0,1.0,1.0
33,95,11.71537015429794,3.9532694714488503,1.0,0.0,0.0,1.0,0.0,1.0
34,95,4.139637351989698,6.274814849491993,0.0,0.0,1.0,1.0,0.0,1.0
35,95,0.7673174706643191,7.84743477028664,0.0,0.0,0.0,1.0,0.0,0.0
36,95,3.277226597340219,11.67820006518766,1.0,1.0,1.0,0.0,0.0,0.0
37,95,7.2113191623644415,7.124768683144619,1.0,1.0,0.0,1.0,0.0,1.0
38,95,6.656548192281225,1.5664122287322628,0.0,0.0,1.0,1.0,0.0,0.0
39,95,0.0,7.261805230943331,0.0,1.0,0.0,0.0,0.0,1.0
0,100,3.864973663753137,0.4110967988194955,0.0,1.0,1.0,0.0,1.0,0.0
1,100,0.561602953985877,5.490452217133491,1.0,0.0,0.0,0.0,1.0,0.0
2,100,9.662058291172317,4.884455070089231,0.0,0.0,0.0,1.0,0.0,0.0
3,100,0.0,8.553237211919942,0.0,0.0,0.0,1.0,0.0,0.0
4,100,7.662928356408925,1.8059610939703483,0.0,0.0,1.0,0.0,0.0,0.0
5,100,6.181463213222824,11.080983976950147,0.0,1.0,0.0,0.0,0.0,0.0
6,100,3.912745469983226,4.085606224675462,0.0,1.0,0.0,0.0,0.0,0.0
7,100,2.9840558191448547,2.0075132370021493,0.0,0.0,0.0,0.0,0.0,0.0
8,100,2.689126889609716,1.008815032170118,1.0,1.0,0.0,0.0,0.0,0.0
9,100,0.0,0.0,1.0,0.0,0.0,0.0,0.0,1.0
10,100,9.220348013424056,11.98401337139434,1.0,0.0,0.0,1.0,1.0,1.0
11,100,10.443818806492748,10.924666458489732,0.0,0.0,0.0,0.0,1.0,1.0
12,100,6.735228071705684,7.096116616183664,1.0,0.0,0.0,1.0,0.0,0.0
13,100,9.708052859533073,4.864739832767473,0.0,1.0,1.0,1.0,1.0,0.0
14,100,7.605171034324578,3.126909719349803,0.0,1.0,0.0,0.0,0.0,0.0
15,100,6.292340275183205,0.2403882850899695,1.0,0.0,1.0,1.0,1.0,1.0
16,100,10.963419791491797,10.302357445125024,1.0,0.0,0.0,0.0,0.0,1.0
17,100,5.557510610519003,2.4252611771486405,1.0,1.0,0.0,0.0,0.0,0.0
18,100,5.045280285980056,6.13700396026725,1.0,0.0,0.0,0.0,0.0,1.0
19,100,0.0,6.688918948470934,0.0,1.0,0.0,0.0,1.0,0.0
20,100,0.7907414952003754,11.933001385448858,1.0,0.0,1.0,1.0,1.0,1.0
21,100,0.0,3.4774840302422647,1.0,0.0,1.0,1.0,0.0,0.0
22,100,0.4639270029511848,5.300336450449539,0.0,0.0,1.0,1.0,0.0,0.0
23,100,0.0122488708339643,2.3333067840549404,0.0,0.0,1.0,0.0,0.0,1.0
24,100,0.0,7.943297591114433,0.0,0.0,1.0,0.0,0.0,0.0
25,100,11.356275224133215,11.254827076928043,1.0,1.0,1.0,0.0,0.0,1.0
26,100,10.340554250450582,8.35183883509566,0.0,0.0,0.0,1.0,1.0,0.0
27,100,6.931460053408166,8.170838356498205,1.0,0.0,0.0,0.0,1.0,0.0
28,100,10.373487758943504,4.07444808740403,1.0,1.0,1.0,0.0,0.0,0.0
29,100,12.0,3.2344480535390487,0.0,0.0,1.0,0.0,0.0,1.0
30,100,4.64287958491038,3.681507704744404,0.0,1.0,0.0,1.0,0.0,1.0
31,100,0.0,3.158626352613977,0.0,1.0,1.0,0.0,0.0,0.0
32,100,11.024782178503354,0.932422480486151,0.0,1.0,1.0,1.0,1.0,1.0
33,100,11.741541917626114,3.985744139585048,1.0,0.0,0.0,1.0,0.0,1.0
34,100,4.1404597145128506,6.297485835149969,0.0,0.0,1.0,1.0,0.0,1.0
35,100,0.8162602480480267,7.77896460026325,0.0,0.0,0.0,1.0,0.0,0.0
36,100,3.184742269199909,11.66410876051986,1.0,1.0,1.0,0.0,0.0,0.0
37,100,7.359172638745624,7.131402827291295,1.0,1.0,0.0,1.0,0.0,1.0
38,100,6.696185956785987,1.6560281091036773,0.0,0.0,1.0,1.0,0.0,0.0
39,100,0.0,7.2772709396238415,0.0,1.0,0.0,0.0,0.0,1.0
0,105,3.8690978378598895,0.338733399155376,0.0,1.0,1.0,0.0,1.0,0.0
1,105,0.5220830631714874,5.442582180375219,1.0,0.0,0.0,0.0,1.0,0.0
2,105,9.69891004401788,4.926630087241461,0.0,0.0,0.0,1.0,0.0,0.0
3,105,0.0,8.58433559773243,0.0,0.0,0.0,1.0,0.0,0.0
4,105,7.616046483225514,1.7796695884636031,0.0,0.0,1.0,0.0,0.0,0.0
5,105,6.265520152451207,11.119952841756165,0.0,1.0,0.0,0.0,0.0,0.0
6,105,3.8549318410830815,3.9789798727968537,0.0,1.0,0.0,0.0,0.0,0.0
7,105,2.961545059438401,2.0085260176994453,0.0,0.0,0.0,0.0,0.0,0.0
8,105,2.6802968615132623,1.0216786261316846,1.0,1.0,0.0,0.0,0.0,0.0
9,105,0.0,0.0,1.0,0.0,0.0,0.0,0.0,1.0
10,105,9.224221822767632,11.99455061302677,1.0,0.0,0.0,1.0,1.0,1.0
11,105,10.491619848058498,10.95687138236472,0.0,0.0,0.0,0.0,1.0,1.0
12,105,6.806977426504285,7.002990807402675,1.0,0.0,0.0,1.0,0.0,0.0
13,105,9.798825277483504,4.808268944002224,0.0,1.0,1.0,1.0,1.0,0.0
14,105,7.647049817268001,3.001306963925896,0.0,1.0,0.0,0.0,0.0,0.0
15,105,6.215163477071681,0.2690583236946864,1.0,0.0,1.0,1.0,1.0,1.0
16,105,10.967965699255387,10.244893130292487,1.0,0.0,0.0,0.0,0.0,1.0
17,105,5.572325373771686,2.433900562815752,1.0,1.0,0.0,0.0,0.0,0.0
18,105,5.03429596050724,6.092890599102436,1.0,0.0,0.0,0.0,0.0,1.0
19,105,0.0,6.737008923892612,0.0,1.0,0.0,0.0,1.0,0.0
20,105,0.7930145593125161,11.920248715777369,1.0,0.0,1.0,1.0,1.0,1.0
21,105,0.0,3.536132487216024,1.0,0.0,1.0,1.0,0.0,0.0
22,105,0.3625376758346198,5.127464416078773,0.0,0.0,1.0,1.0,0.0,0.0
23,105,0.0167453187212325,2.246156363883404,0.0,0.0,1.0,0.0,0.0,1.0
24,105,0.0,7.848540040835927,0.0,0.0,1.0,0.0,0.0,0.0
25,105,11.442031897879737,11.204255210712953,1.0,1.0,1.0,0.0,0.0,1.0
26,105,10.247485313893083,8.369715348160915,0.0,0.0,0.0,1.0,1.0,0.0
27,105,6.93166248986655,8.172686854229593,1.0,0.0,0.0,0.0,1.0,0.0
28,105,10.44681396777072,4.174749296253559,1.0,1.0,1.0,0.0,0.0,0.0
29,105,12.0,3.226431318264326,0.0,0.0,1.0,0.0,0.0,1.0
30,105,4.551188421500335,3.6035508088888974,0.0,1.0,0.0,1.0,0.0,1.0
31,105,0.0,3.1993146486294752,0.0,1.0,1.0,0.0,0.0,0.0
32,105,11.00161334568326,0.9310299520305988,0.0,1.0,1.0,1.0,1.0,1.0
33,105,11.760215804574203,4.00704126987874,1.0,0.0,0.0,1.0,0.0,1.0
34,105,4.1412198447107045,6.32821602173502,0.0,0.0,1.0,1.0,0.0,1.0
35,105,0.8696123024108504,7.704299351273383,0.0,0.0,0.0,1.0,0.0,0.0
36,105,3.095247117036462,11.649207216865404,1.0,1.0,1.0,0.0,0.0,0.0
37,105,7.518050518577074,7.138426796139931,1.0,1.0,0.0,1.0,0.0,1.0
38,105,6.736950514748123,1.74935735208722,0.0,0.0,1.0,1.0,0.0,0.0
39,105,0.0,7.289285751568991,0.0,1.0,0.0,0.0,0.0,1.0
0,110,3.873936895794411,0.2651564725122136,0.0,1.0,1.0,0.0,1.0,0.0
1,110,0.494806267349357,5.407607807870117,1.0,0.0,0.0,0.0,1.0,0.0
2,110,9.740972170788815,4.973851439388618,0.0,0.0,0.0,1.0,0.0,0.0
3,110,0.0,8.61690224951105,0.0,0.0,0.0,1.0,0.0,0.0
4,110,7.574200735787675,1.7579909730226466,0.0,0.0,1.0,0.0,0.0,0.0
5,110,6.369090213266385,11.169896605139998,0.0,1.0,0.0,0.0,0.0,0.0
6,110,3.786783702740601,3.854647202322764,0.0,1.0,0.0,0.0,0.0,0.0
7,110,2.921082757538438,2.0121340771804817,0.0,0.0,0.0,0.0,0.0,0.0
8,110,2.67299817509455,1.0313542633670274,1.0,1.0,0.0,0.0,0.0,0.0
9,110,0.0,0.0,1.0,0.0,0.0,0.0,0.0,1.0
10,110,9.23481733394453,12.0,1.0,0.0,0.0,1.0,1.0,1.0
11,110,10.54310160402816,10.992444935575495,0.0,0.0,0.0,0.0,1.0,1.0
12,110,6.881687659137511,6.905081494636981,1.0,0.0,0.0,1.0,0.0,0.0
13,110,9.891795256228695,4.749910576647719,0.0,1.0,1.0,1.0,1.0,0.0
14,110,7.688617372089609,2.875583291750793,0.0,1.0,0.0,0.0,0.0,0.0
15,110,6.153228499819451,0.2932780030886915,1.0,0.0,1.0,1.0,1.0,1.0
16,110,10.972995073750424,10.187045667651478,1.0,0.0,0.0,0.0,0.0,1.0
17,110,5.600489267350298,2.4498027326105034,1.0,1.0,0.0,0.0,0.0,0.0
18,110,5.024772317017634,6.055341493829404,1.0,0.0,0.0,0.0,0.0,1.0
19,110,0.0,6.779588301908588,0.0,1.0,0.0,0.0,1.0,0.0
20,110,0.7929063378846581,11.920791639519436,1.0,0.0,1.0,1.0,1.0,1.0
21,110,0.0,3.6059467329401382,1.0,0.0,1.0,1.0,0.0,0.0
22,110,0.2574786020595065,4.9574522133247125,0.0,0.0,1.0,1.0,0.0,0.0
23,110,0.0220008669517491,2.1733333937947057,0.0,0.0,1.0,0.0,0.0,1.0
24,110,0.0,7.761589262282447,0.0,0.0,1.0,0.0,0.0,0.0
25,110,11.523547300395522,11.158375420244166,1.0,1.0,1.0,0.0,0.0,1.0
26,110,10.165955910394509,8.38683817280737,0.0,0.0,0.0,1.0,1.0,0.0
27,110,6.933887397270163,8.19304084803398,1.0,0.0,0.0,0.0,1.0,0.0
28,110,10.509951953675635,4.261067134241472,1.0,1.0,1.0,0.0,0.0,0.0
29,110,12.0,3.217580854249356,0.0,0.0,1.0,0.0,0.0,1.0
30,110,4.46185782275533,3.526610823073268,0.0,1.0,0.0,1.0,0.0,1.0
31,110,0.0,3.260410343730761,0.0,1.0,1.0,0.0,0.0,0.0
32,110,10.994294840231415,0.9304921400932392,0.0,1.0,1.0,1.0,1.0,1.0
33,110,11.784194314746202,4.034106083892256,1.0,0.0,0.0,1.0,0.0,1.0
34,110,4.143293464543872,6.365257569528292,0.0,0.0,1.0,1.0,0.0,1.0
35,110,0.9263556700512704,7.62546476543146,0.0,0.0,0.0,1.0,0.0,0.0
36,110,3.0122459110797486,11.635635776296615,1.0,1.0,1.0,0.0,0.0,0.0
37,110,7.653790359414535,7.144772094396076,1.0,1.0,0.0,1.0,0.0,1.0
38,110,6.785639850782699,1.8588625445834692,0.0,0.0,1.0,1.0,0.0,0.0
39,110,0.0,7.306180083672521,0.0,1.0,0.0,0.0,0.0,1.0
0,115,3.879353807008556,0.1572929426823929,0.0,1.0,1.0,0.0,1.0,0.0
1,115,0.4565692927225053,5.358053717896805,1.0,0.0,0.0,0.0,1.0,0.0
2,115,9.793342119373364,5.031267459992091,0.0,0.0,0.0,1.0,0.0,0.0
3,115,0.0,8.654095624397318,0.0,0.0,0.0,1.0,0.0,0.0
4,115,7.558929688776182,1.7499731047504388,0.0,0.0,1.0,0.0,0.0,0.0
5,115,6.466501217865364,11.215573848738147,0.0,1.0,0.0,0.0,0.0,0.0
6,115,3.70217564406968,3.705095981172629,0.0,1.0,0.0,0.0,0.0,0.0
7,115,2.8874472502269817,2.015503735851122,0.0,0.0,0.0,0.0,0.0,0.0
8,115,2.660736795393807,1.0474781268458249,1.0,1.0,0.0,0.0,0.0,0.0
9,115,0.0,0.0,1.0,0.0,0.0,0.0,0.0,1.0
10,115,9.258768330202251,12.0,1.0,0.0,0.0,1.0,1.0,1.0
11,115,10.59943408202428,11.030496598004756,0.0,0.0,0.0,0.0,1.0,1.0
12,115,6.947217901524564,6.816742881998112,1.0,0.0,0.0,1.0,0.0,0.0
13,115,9.985418166601509,4.695959893867968,0.0,1.0,1.0,1.0,1.0,0.0
14,115,7.729793700675626,2.7535949338222023,0.0,1.0,0.0,0.0,0.0,0.0
15,115,6.1040304420935385,0.3127462271270754,1.0,0.0,1.0,1.0,1.0,1.0
16,115,10.97808694977205,10.139248765960335,1.0,0.0,0.0,0.0,0.0,1.0
17,115,5.62754092920933,2.4646638099886613,1.0,1.0,0.0,0.0,0.0,0.0
18,115,5.010769762981872,5.996538419578832,1.0,0.0,0.0,0.0,0.0,1.0
19,115,0.0,6.827456748148638,0.0,1.0,0.0,0.0,1.0,0.0
20,115,0.7939369907344063,11.915856874986115,1.0,0.0,1.0,1.0,1.0,1.0
21,115,0.0,3.668018740592635,1.0,0.0,1.0,1.0,0.0,0.0
22,115,0.1699698510734891,4.817600783809283,0.0,0.0,1.0,1.0,0.0,0.0
23,115,0.0276119800542927,2.076945525769543,0.0,0.0,1.0,0.0,0.0,1.0
24,115,0.0,7.68194792995568,0.0,0.0,1.0,0.0,0.0,0.0
25,115,11.61788854703979,11.10452098738796,1.0,1.0,1.0,0.0,0.0,1.0
26,115,10.106714226169016,8.398240788285932,0.0,0.0,0.0,1.0,1.0,0.0
27,115,6.935873086577895,8.214596151823187,1.0,0.0,0.0,0.0,1.0,0.0
28,115,10.579832565327244,4.361739032600939,1.0,1.0,1.0,0.0,0.0,0.0
29,115,12.0,3.2094241110611628,0.0,0.0,1.0,0.0,0.0,1.0
30,115,4.370583303602125,3.445545168513064,0.0,1.0,0.0,1.0,0.0,1.0
31,115,0.0,3.300736119976038,0.0,1.0,1.0,0.0,0.0,0.0
32,115,11.004466339205274,0.9312570734468644,0.0,1.0,1.0,1.0,1.0,1.0
33,115,11.815611687349572,4.069826637288864,1.0,0.0,0.0,1.0,0.0,1.0
34,115,4.144311455098266,6.396091043367445,0.0,0.0,1.0,1.0,0.0,1.0
35,115,0.9895254388575262,7.538247318485671,0.0,0.0,0.0,1.0,0.0,0.0
36,115,2.9437506811925065,11.623687537767635,1.0,1.0,1.0,0.0,0.0,0.0
37,115,7.799035970043973,7.151702771858578,1.0,1.0,0.0,1.0,0.0,1.0
38,115,6.840506417647756,1.9767573031118024,0.0,0.0,1.0,1.0,0.0,0.0
39,115,0.0,7.3255879892316305,0.0,1.0,0.0,0.0,0.0,1.0
0,120,3.884329278697877,0.0667918443682761,0.0,1.0,1.0,0.0,1.0,0.0
1,120,0.4218620071344641,5.311972733236813,1.0,0.0,0.0,0.0,1.0,0.0
2,120,9.846947568214668,5.085636157286841,0.0,0.0,0.0,1.0,0.0,0.0
3,120,0.0,8.699460473468624,0.0,0.0,0.0,1.0,0.0,0.0
4,120,7.543649642730344,1.742510632521054,0.0,0.0,1.0,0.0,0.0,0.0
5,120,6.581709896929099,11.26988688131863,0.0,1.0,0.0,0.0,0.0,0.0
6,120,3.619673725631865,3.5528125823262244,0.0,1.0,0.0,0.0,0.0,0.0
7,120,2.864012027752433,2.017785548560315,0.0,0.0,0.0,0.0,0.0,0.0
8,120,2.6486890985295517,1.0631626360175197,1.0,1.0,0.0,0.0,0.0,0.0
9,120,0.0,0.0,1.0,0.0,0.0,0.0,0.0,1.0
10,120,9.294191334975554,12.0,1.0,0.0,0.0,1.0,1.0,1.0
11,120,10.642374563195228,11.059324584087296,0.0,0.0,0.0,0.0,1.0,1.0
12,120,7.01403464839108,6.721482156703324,1.0,0.0,0.0,1.0,0.0,0.0
13,120,10.092804948631748,4.635664670483651,0.0,1.0,1.0,1.0,1.0,0.0
14,120,7.772606898181352,2.623496914493208,0.0,1.0,0.0,0.0,0.0,0.0
15,120,6.074315622666565,0.3246751483957343,1.0,0.0,1.0,1.0,1.0,1.0
16,120,10.980611788713722,10.108694351126491,1.0,0.0,0.0,0.0,0.0,1.0
17,120,5.663996111798975,2.483821051436012,1.0,1.0,0.0,0.0,0.0,0.0
18,120,5.001320705418527,5.952207335667088,1.0,0.0,0.0,0.0,0.0,1.0
19,120,0.0,6.878634849342618,0.0,1.0,0.0,0.0,1.0,0.0
20,120,0.7928080806071124,11.920675404928213,1.0,0.0,1.0,1.0,1.0,1.0
21,120,0.0,3.705096811762477,1.0,0.0,1.0,1.0,0.0,0.0
22,120,0.0769114959334875,4.662653930958594,0.0,0.0,1.0,1.0,0.0,0.0
23,120,0.0334675778960739,1.9793659057204265,0.0,0.0,1.0,0.0,0.0,1.0
24,120,0.0,7.599543355673448,0.0,0.0,1.0,0.0,0.0,0.0
25,120,11.736731920060354,11.04015192072374,1.0,1.0,1.0,0.0,0.0,1.0
26,120,10.050805985947685,8.409733560068231,0.0,0.0,0.0,1.0,1.0,0.0
27,120,6.93778578071262,8.230577017946183,1.0,0.0,0.0,0.0,1.0,0.0
28,120,10.664819474359872,4.489848046796394,1.0,1.0,1.0,0.0,0.0,0.0
29,120,12.0,3.2025570633101443,0.0,0.0,1.0,0.0,0.0,1.0
30,120,4.286504348991797,3.3677666047105603,0.0,1.0,0.0,1.0,0.0,1.0
31,120,0.0,3.355074507278689,0.0,1.0,1.0,0.0,0.0,0.0
32,120,11.01443329735672,0.9320050280680902,0.0,1.0,1.0,1.0,1.0,1.0
33,120,11.837171910224294,4.09241056942607,1.0,0.0,0.0,1.0,0.0,1.0
34,120,4.146547382030348,6.434156837758877,0.0,0.0,1.0,1.0,0.0,1.0
35,120,1.0435875429581034,7.469779747680479,0.0,0.0,0.0,1.0,0.0,0.0
36,120,2.883347868062024,11.61313754246872,1.0,1.0,1.0,0.0,0.0,0.0
37,120,7.953546134763486,7.16195780779322,1.0,1.0,0.0,1.0,0.0,1.0
38,120,6.879662343792108,2.0631004318323725,0.0,0.0,1.0,1.0,0.0,0.0
39,120,0.0,7.347978621571242,0.0,1.0,0.0,0.0,0.0,1.0
0,125,3.889315520887836,0.0,0.0,1.0,1.0,0.0,1.0,0.0
1,125,0.396247289321297,5.277576020710797,1.0,0.0,0.0,0.0,1.0,0.0
2,125,9.90287442660208,5.143549077449444,0.0,0.0,0.0,1.0,0.0,0.0
3,125,0.0,8.756510293871719,0.0,0.0,0.0,1.0,0.0,0.0
4,125,7.507923236266614,1.7236873988100272,0.0,0.0,1.0,0.0,0.0,0.0
5,125,6.7134945212596815,11.33013905522658,0.0,1.0,0.0,0.0,0.0,0.0
6,125,3.536144512650114,3.403735676052201,0.0,1.0,0.0,0.0,0.0,0.0
7,125,2.819566021236034,2.0210438629067524,0.0,0.0,0.0,0.0,0.0,0.0
8,125,2.6400825110279382,1.0745901274480736,1.0,1.0,0.0,0.0,0.0,0.0
9,125,0.0,0.0,1.0,0.0,0.0,0.0,0.0,1.0
10,125,9.333394798834826,12.0,1.0,0.0,0.0,1.0,1.0,1.0
11,125,10.690505356690965,11.092335414966398,0.0,0.0,0.0,0.0,1.0,1.0
12,125,7.076021054690862,6.631085342068162,1.0,0.0,0.0,1.0,0.0,0.0
13,125,10.221399237845596,4.566982759930863,0.0,1.0,1.0,1.0,1.0,0.0
14,125,7.821940253079079,2.4857733188723503,0.0,1.0,0.0,0.0,0.0,0.0
15,125,6.055204099091533,0.332574548387,1.0,0.0,1.0,1.0,1.0,1.0
16,125,10.986117815342071,10.038532202042632,1.0,0.0,0.0,0.0,0.0,1.0
17,125,5.703763004847871,2.5056712838862305,1.0,1.0,0.0,0.0,0.0,0.0
18,125,4.988607195056038,5.886362434875857,1.0,0.0,0.0,0.0,0.0,1.0
19,125,0.0,6.926292805820958,0.0,1.0,0.0,0.0,1.0,0.0
20,125,0.7904684282869522,11.93135759175462,1.0,0.0,1.0,1.0,1.0,1.0
21,125,0.0,3.719679993846008,1.0,0.0,1.0,1.0,0.0,0.0
22,125,0.0,4.51426791309493,0.0,0.0,1.0,1.0,0.0,0.0
23,125,0.0382635009313586,1.879321512290504,0.0,0.0,1.0,0.0,0.0,1.0
24,125,0.0,7.514580887446558,0.0,0.0,1.0,0.0,0.0,0.0
25,125,11.86705430258992,10.967981163355716,1.0,1.0,1.0,0.0,0.0,1.0
26,125,9.972106703297984,8.425169316348754,0.0,0.0,0.0,1.0,1.0,0.0
27,125,6.9419566096677245,8.25961202961592,1.0,0.0,0.0,0.0,1.0,0.0
28,125,10.7510688425502,4.620331038304968,1.0,1.0,1.0,0.0,0.0,0.0
29,125,12.0,3.196489441297999,0.0,0.0,1.0,0.0,0.0,1.0
30,125,4.215029189707352,3.298951375934202,0.0,1.0,0.0,1.0,0.0,1.0
31,125,0.0,3.399262230570697,0.0,1.0,1.0,0.0,0.0,0.0
32,125,11.014391712015913,0.9329548410866576,0.0,1.0,1.0,1.0,1.0,1.0
33,125,11.861592142087542,4.118775435050074,1.0,0.0,0.0,1.0,0.0,1.0
34,125,4.148939402892325,6.4913551660931725,0.0,0.0,1.0,1.0,0.0,1.0
35,125,1.0936161748446611,7.408203669925419,0.0,0.0,0.0,1.0,0.0,0.0
36,125,2.84140828832594,11.605096540196188,1.0,1.0,1.0,0.0,0.0,0.0
37,125,8.111214819786124,7.171522735127231,1.0,1.0,0.0,1.0,0.0,1.0
38,125,6.930134669882606,2.169569233097314,0.0,0.0,1.0,1.0,0.0,0.0
39,125,0.0,7.367337730566405,0.0,1.0,0.0,0.0,0.0,1.0
0,130,3.893456209376385,0.0,0.0,1.0,1.0,0.0,1.0,0.0
1,130,0.388566213868141,5.266606228733551,1.0,0.0,0.0,0.0,1.0,0.0
2,130,9.956086013989587,5.1999948504910405,0.0,0.0,0.0,1.0,0.0,0.0
3,130,0.0,8.807854550289798,0.0,0.0,0.0,1.0,0.0,0.0
4,130,7.449708470066579,1.6949839698068625,0.0,0.0,1.0,0.0,0.0,0.0
5,130,6.868300955912685,11.399400186615557,0.0,1.0,0.0,0.0,0.0,0.0
6,130,3.450039358012802,3.251634558317542,0.0,1.0,0.0,0.0,0.0,0.0
7,130,2.7679662993243177,2.024418020578779,0.0,0.0,0.0,0.0,0.0,0.0
8,130,2.6282995434175667,1.090709304329014,1.0,1.0,0.0,0.0,0.0,0.0
9,130,0.0,0.0,1.0,0.0,0.0,0.0,0.0,1.0
10,130,9.372142567022548,12.0,1.0,0.0,0.0,1.0,1.0,1.0
11,130,10.723722810028343,11.115852972791595,0.0,0.0,0.0,0.0,1.0,1.0
12,130,7.136073690796682,6.542100305722907,1.0,0.0,0.0,1.0,0.0,0.0
13,130,10.356871651133876,4.493321798366634,0.0,1.0,1.0,1.0,1.0,0.0
14,130,7.8677899123841,2.3596760210289123,0.0,1.0,0.0,0.0,0.0,0.0
15,130,6.050426755491951,0.3345221511856066,1.0,0.0,1.0,1.0,1.0,1.0
16,130,10.994194605737023,9.951581054838684,1.0,0.0,0.0,0.0,0.0,1.0
17,130,5.751886729366071,2.5326012966193394,1.0,1.0,0.0,0.0,0.0,0.0
18,130,4.973533526468785,5.800756217901619,1.0,0.0,0.0,0.0,0.0,1.0
19,130,0.0,6.979298649021889,0.0,1.0,0.0,0.0,1.0,0.0
20,130,0.7799452985298087,11.92910718010534,1.0,0.0,1.0,1.0,1.0,1.0
21,130,0.0,3.736345092656481,1.0,0.0,1.0,1.0,0.0,0.0
22,130,0.0,4.371939945463842,0.0,0.0,1.0,1.0,0.0,0.0
23,130,0.0395923765282681,1.8032977321935837,0.0,0.0,1.0,0.0,0.0,1.0
24,130,0.0,7.448637741690674,0.0,0.0,1.0,0.0,0.0,0.0
25,130,11.98387725232385,10.90143779556276,1.0,1.0,1.0,0.0,0.0,1.0
26,130,9.885771088012596,8.442454709088775,0.0,0.0,0.0,1.0,1.0,0.0
27,130,6.94604687489764,8.283029044587572,1.0,0.0,0.0,0.0,1.0,0.0
28,130,10.834247975558108,4.753686384322458,1.0,1.0,1.0,0.0,0.0,0.0
29,130,12.0,3.189583990972057,0.0,0.0,1.0,0.0,0.0,1.0
30,130,4.132378913111037,3.2215116629064755,0.0,1.0,0.0,1.0,0.0,1.0
31,130,0.0,3.45881847756768,0.0,1.0,1.0,0.0,0.0,0.0
32,130,11.01453322447872,0.931366736456784,0.0,1.0,1.0,1.0,1.0,1.0
33,130,11.889166558486268,4.148143467059073,1.0,0.0,0.0,1.0,0.0,1.0
34,130,4.150514925854643,6.544923573011361,0.0,0.0,1.0,1.0,0.0,1.0
35,130,1.1457924353209892,7.344119281180239,0.0,0.0,0.0,1.0,0.0,0.0
36,130,2.7885789859955725,11.59563854494859,1.0,1.0,1.0,0.0,0.0,0.0
37,130,8.26018210133156,7.177350459238494,1.0,1.0,0.0,1.0,0.0,1.0
38,130,6.978865070452367,2.270915332865424,0.0,0.0,1.0,1.0,0.0,0.0
39,130,0.0,7.383917814214103,0.0,1.0,0.0,0.0,0.0,1.0
0,135,3.897908689129817,0.0,0.0,1.0,1.0,0.0,1.0,0.0
1,135,0.380067864624304,5.25520677028701,1.0,0.0,0.0,0.0,1.0,0.0
2,135,10.003719987733504,5.250034651894782,0.0,0.0,0.0,1.0,0.0,0.0
3,135,0.0,8.850311761345889,0.0,0.0,0.0,1.0,0.0,0.0
4,135,7.410318453900334,1.675112259297975,0.0,0.0,1.0,0.0,0.0,0.0
5,135,7.047247634858216,11.476918164052757,0.0,1.0,0.0,0.0,0.0,0.0
6,135,3.379726148758974,3.1351733220311324,0.0,1.0,0.0,0.0,0.0,0.0
7,135,2.7029293227065003,2.0275344910169517,0.0,0.0,0.0,0.0,0.0,0.0
8,135,2.619015453306613,1.1031054385299797,1.0,1.0,0.0,0.0,0.0,0.0
9,135,0.0,0.0,1.0,0.0,0.0,0.0,0.0,1.0
10,135,9.407019299993117,12.0,1.0,0.0,0.0,1.0,1.0,1.0
11,135,10.76919688101733,11.150164348472748,0.0,0.0,0.0,0.0,1.0,1.0
12,135,7.212852670245651,6.4375283986670375,1.0,0.0,0.0,1.0,0.0,0.0
13,135,10.488945552848948,4.4212432366474586,0.0,1.0,1.0,1.0,1.0,0.0
14,135,7.915502436185007,2.2418478154784163,0.0,1.0,0.0,0.0,0.0,0.0
15,135,6.037557336308383,0.3395808058393917,1.0,0.0,1.0,1.0,1.0,1.0
16,135,10.999123461430408,9.861677898269638,1.0,0.0,0.0,0.0,0.0,1.0
17,135,5.81132501066452,2.566059709067335,1.0,1.0,0.0,0.0,0.0,0.0
18,135,4.953061333222798,5.689962875248834,1.0,0.0,0.0,0.0,0.0,1.0
19,135,0.0,7.029511775684642,0.0,1.0,0.0,0.0,1.0,0.0
20,135,0.7771731773447563,11.92851024076234,1.0,0.0,1.0,1.0,1.0,1.0
21,135,0.0,3.745433165462245,1.0,0.0,1.0,1.0,0.0,0.0
22,135,0.0,4.204206002997945,0.0,0.0,1.0,1.0,0.0,0.0
23,135,0.0377452915840431,1.7103586171502472,0.0,0.0,1.0,0.0,0.0,1.0
24,135,0.0,7.387349545209577,0.0,0.0,1.0,0.0,0.0,0.0
25,135,12.0,10.836452467243245,1.0,1.0,1.0,0.0,0.0,1.0
26,135,9.809312999059076,8.458498458192217,0.0,0.0,0.0,1.0,1.0,0.0
27,135,6.949139272393064,8.30066283848736,1.0,0.0,0.0,0.0,1.0,0.0
28,135,10.912461624217206,4.881623717985363,1.0,1.0,1.0,0.0,0.0,0.0
29,135,12.0,3.1808290252268328,0.0,0.0,1.0,0.0,0.0,1.0
30,135,4.046348615878396,3.1415528951875853,0.0,1.0,0.0,1.0,0.0,1.0
31,135,0.0,3.5142221232614754,0.0,1.0,1.0,0.0,0.0,0.0
32,135,11.013705478915629,0.9441844105680244,0.0,1.0,1.0,1.0,1.0,1.0
33,135,11.908639425452328,4.169660934816442,1.0,0.0,0.0,1.0,0.0,1.0
34,135,4.151736569593439,6.611311066207668,0.0,0.0,1.0,1.0,0.0,1.0
35,135,1.1845538431692064,7.298519220819241,0.0,0.0,0.0,1.0,0.0,0.0
36,135,2.735065642833304,11.585707566819176,1.0,1.0,1.0,0.0,0.0,0.0
37,135,8.410132195084149,7.17858676940643,1.0,1.0,0.0,1.0,0.0,1.0
38,135,7.023704943604879,2.3657297508837245,0.0,0.0,1.0,1.0,0.0,0.0
39,135,0.0,7.401733719092522,0.0,1.0,0.0,0.0,0.0,1.0
0,140,3.905545665147223,0.0,0.0,1.0,1.0,0.0,1.0,0.0
1,140,0.3689784160313461,5.240218801762057,1.0,0.0,0.0,0.0,1.0,0.0
2,140,10.043826366751247,5.292553878291733,0.0,0.0,0.0,1.0,0.0,0.0
3,140,0.0,8.886728453267466,0.0,0.0,0.0,1.0,0.0,0.0
4,140,7.359868242498389,1.649101743760697,0.0,0.0,1.0,0.0,0.0,0.0
5,140,7.223521190986763,11.557855114903788,0.0,1.0,0.0,0.0,0.0,0.0
6,140,3.308356485019191,3.014177945845228,0.0,1.0,0.0,0.0,0.0,0.0
7,140,2.6402163119381687,2.0320771989246,0.0,0.0,0.0,0.0,0.0,0.0
8,140,2.6134573016625287,1.11040630058514,1.0,1.0,0.0,0.0,0.0,0.0
9,140,0.0,0.0,1.0,0.0,0.0,0.0,0.0,1.0
10,140,9.444202155172285,12.0,1.0,0.0,0.0,1.0,1.0,1.0
11,140,10.82684090849249,11.194253914177413,0.0,0.0,0.0,0.0,1.0,1.0
12,140,7.29509988917401,6.327718703059854,1.0,0.0,0.0,1.0,0.0,0.0
13,140,10.598127486188682,4.358734866327912,0.0,1.0,1.0,1.0,1.0,0.0
14,140,7.956035987446616,2.14676566692393,0.0,1.0,0.0,0.0,0.0,0.0
15,140,6.019919611076892,0.3463582100674267,1.0,0.0,1.0,1.0,1.0,1.0
16,140,11.004170445590336,9.755018712917156,1.0,0.0,0.0,0.0,0.0,1.0
17,140,5.859564077694605,2.593785732370669,1.0,1.0,0.0,0.0,0.0,0.0
18,140,4.929873641637083,5.57864762920144,1.0,0.0,0.0,0.0,0.0,1.0
19,140,0.0,7.081566028193501,0.0,1.0,0.0,0.0,1.0,0.0
20,140,0.7844013729752461,11.930160560473835,1.0,0.0,1.0,1.0,1.0,1.0
21,140,0.0,3.769515523979611,1.0,0.0,1.0,1.0,0.0,0.0
22,140,0.0,4.035831275296764,0.0,0.0,1.0,1.0,0.0,0.0
23,140,0.0355265698846712,1.6448157150781186,0.0,0.0,1.0,0.0,0.0,1.0
24,140,0.0,7.315388422708926,0.0,0.0,1.0,0.0,0.0,0.0
25,140,12.0,10.78456337123677,1.0,1.0,1.0,0.0,0.0,1.0
26,140,9.736637848607751,8.472488447504114,0.0,0.0,0.0,1.0,1.0,0.0
27,140,6.9516238203146425,8.313220469754436,1.0,0.0,0.0,0.0,1.0,0.0
28,140,11.045061402453586,4.802826223977156,1.0,1.0,1.0,0.0,0.0,0.0
29,140,12.0,3.172818356765013,0.0,0.0,1.0,0.0,0.0,1.0
30,140,3.979429267835748,3.076875249714098,0.0,1.0,0.0,1.0,0.0,1.0
31,140,0.0,3.5811870076891554,0.0,1.0,1.0,0.0,0.0,0.0
32,140,11.012809668841252,0.9596925314851922,0.0,1.0,1.0,1.0,1.0,1.0
33,140,11.927108999598511,4.1894326288250605,1.0,0.0,0.0,1.0,0.0,1.0
34,140,4.153478505666543,6.67058796804394,0.0,0.0,1.0,1.0,0.0,1.0
35,140,1.233708155050566,7.242321312301279,0.0,0.0,0.0,1.0,0.0,0.0
36,140,2.674670770858369,11.575230214238356,1.0,1.0,1.0,0.0,0.0,0.0
37,140,8.561419228914536,7.175631780432876,1.0,1.0,0.0,1.0,0.0,1.0
38,140,7.0567055385015305,2.4412310320317783,0.0,0.0,1.0,1.0,0.0,0.0
39,140,0.0,7.423896835331366,0.0,1.0,0.0,0.0,0.0,1.0
0,145,3.910302334000869,0.0,0.0,1.0,1.0,0.0,1.0,0.0
1,145,0.3609766044399966,5.229480291519063,1.0,0.0,0.0,0.0,1.0,0.0
2,145,10.082200894886464,5.335002388191453,0.0,0.0,0.0,1.0,0.0,0.0
3,145,0.0,8.914899200385383,0.0,0.0,0.0,1.0,0.0,0.0
4,145,7.301432416015367,1.6193271390914132,0.0,0.0,1.0,0.0,0.0,0.0
5,145,7.409076007011487,11.63401604381392,0.0,1.0,0.0,0.0,0.0,0.0
6,145,3.244364438619048,2.9083070030373857,0.0,1.0,0.0,0.0,0.0,0.0
7,145,2.5819291446255725,2.0351330743425406,0.0,0.0,0.0,0.0,0.0,0.0
8,145,2.603478708449192,1.1235291135134493,1.0,1.0,0.0,0.0,0.0,0.0
9,145,0.0,0.0,1.0,0.0,0.0,0.0,0.0,1.0
10,145,9.483141738255034,12.0,1.0,0.0,0.0,1.0,1.0,1.0
11,145,10.87693142036741,11.229717212671533,0.0,0.0,0.0,0.0,1.0,1.0
12,145,7.365052251376891,6.237594438427032,1.0,0.0,0.0,1.0,0.0,0.0
13,145,10.708754153225216,4.295137167692309,0.0,1.0,1.0,1.0,1.0,0.0
14,145,7.992209255629545,2.0610307355609043,0.0,1.0,0.0,0.0,0.0,0.0
15,145,5.999084927387386,0.354486940718507,1.0,0.0,1.0,1.0,1.0,1.0
16,145,11.009495845302348,9.669624433185378,1.0,0.0,0.0,0.0,0.0,1.0
17,145,5.918716965260362,2.626449745868988,1.0,1.0,0.0,0.0,0.0,0.0
18,145,4.908587992053426,5.47531930213594,1.0,0.0,0.0,0.0,0.0,1.0
19,145,0.0,7.129865184962124,0.0,1.0,0.0,0.0,1.0,0.0
20,145,0.8144221288231175,11.936289954869554,1.0,0.0,1.0,1.0,1.0,1.0
21,145,0.0,3.798899745278216,1.0,0.0,1.0,1.0,0.0,0.0
22,145,0.0,3.864414058379967,0.0,0.0,1.0,1.0,0.0,0.0
23,145,0.0329810829773011,1.5717563877987055,0.0,0.0,1.0,0.0,0.0,1.0
24,145,0.0,7.253919912637347,0.0,0.0,1.0,0.0,0.0,0.0
25,145,12.0,10.736302863061525,1.0,1.0,1.0,0.0,0.0,1.0
26,145,9.658223046096278,8.486262961465654,0.0,0.0,0.0,1.0,1.0,0.0
27,145,6.953532594723527,8.321212830331735,1.0,0.0,0.0,0.0,1.0,0.0
28,145,11.175759903882076,4.72612387213519,1.0,1.0,1.0,0.0,0.0,0.0
29,145,12.0,3.1620409105779053,0.0,0.0,1.0,0.0,0.0,1.0
30,145,3.915482360964041,3.015209014876223,0.0,1.0,0.0,1.0,0.0,1.0
31,145,0.0,3.6433836608471566,0.0,1.0,1.0,0.0,0.0,0.0
32,145,11.009957938573876,0.9994897246792612,0.0,1.0,1.0,1.0,1.0,1.0
33,145,11.94818602833964,4.2123721916291785,1.0,0.0,0.0,1.0,0.0,1.0
34,145,4.15452456875396,6.724132154344686,0.0,0.0,1.0,1.0,0.0,1.0
35,145,1.2800913799341722,7.187963164508566,0.0,0.0,0.0,1.0,0.0,0.0
36,145,2.607554494683106,11.563408788365768,1.0,1.0,1.0,0.0,0.0,0.0
37,145,8.719500757958293,7.173631726964293,1.0,1.0,0.0,1.0,0.0,1.0
38,145,7.081295815484971,2.5070888876409336,0.0,0.0,1.0,1.0,0.0,0.0
39,145,0.0,7.444453989242613,0.0,1.0,0.0,0.0,0.0,1.0
0,150,3.915786010258216,0.0,0.0,1.0,1.0,0.0,1.0,0.0
1,150,0.3568948128656745,5.223966831999433,1.0,0.0,0.0,0.0,1.0,0.0
2,150,10.121928938542498,5.383266378927109,0.0,0.0,0.0,1.0,0.0,0.0
3,150,0.0,8.950728406714651,0.0,0.0,0.0,1.0,0.0,0.0
4,150,7.256802358113049,1.5972195209273354,0.0,0.0,1.0,0.0,0.0,0.0
5,150,7.590808686565508,11.710846259487136,0.0,1.0,0.0,0.0,0.0,0.0
6,150,3.1907071856274705,2.8190378767370365,0.0,1.0,0.0,0.0,0.0,0.0
7,150,2.537222562330921,2.036905379147501,0.0,0.0,0.0,0.0,0.0,0.0
8,150,2.593641543940097,1.13629554232777,1.0,1.0,0.0,0.0,0.0,0.0
9,150,0.0,0.0,1.0,0.0,0.0,0.0,0.0,1.0
10,150,9.517287881426942,12.0,1.0,0.0,0.0,1.0,1.0,1.0
11,150,10.935690807862656,11.272329891666397,0.0,0.0,0.0,0.0,1.0,1.0
12,150,7.43738788180749,6.139981925760769,1.0,0.0,0.0,1.0,0.0,0.0
13,150,10.840764344028196,4.220993785902683,0.0,1.0,1.0,1.0,1.0,0.0
14,150,8.020708845126444,1.995071933602736,0.0,1.0,0.0,0.0,0.0,0.0
15,150,6.001915052243115,0.3532644169772388,1.0,0.0,1.0,1.0,1.0,1.0
16,150,11.0145747652723,9.598867972991885,1.0,0.0,0.0,0.0,0.0,1.0
17,150,5.975469458806412,2.6570196669348967,1.0,1.0,0.0,0.0,0.0,0.0
18,150,4.892986965851295,5.391967530567459,1.0,0.0,0.0,0.0,0.0,1.0
19,150,0.0,7.183818559211026,0.0,1.0,0.0,0.0,1.0,0.0
20,150,0.8642543118402441,11.947267382209484,1.0,0.0,1.0,1.0,1.0,1.0
21,150,0.0,3.831706047024136,1.0,0.0,1.0,1.0,0.0,0.0
22,150,0.0,3.6911427820145417,0.0,0.0,1.0,1.0,0.0,0.0
23,150,0.0325956840181753,1.4865989997144216,0.0,0.0,1.0,0.0,0.0,1.0
24,150,0.0,7.19427828582086,0.0,0.0,1.0,0.0,0.0,0.0
25,150,12.0,10.686782529266528,1.0,1.0,1.0,0.0,0.0,1.0
26,150,9.566901234764895,8.50247889749448,0.0,0.0,0.0,1.0,1.0,0.0
27,150,6.958996825947694,8.344094759239853,1.0,0.0,0.0,0.0,1.0,0.0
28,150,11.304207980657194,4.656280745667099,1.0,1.0,1.0,0.0,0.0,0.0
29,150,12.0,3.154810413606717,0.0,0.0,1.0,0.0,0.0,1.0
30,150,3.839721216919513,2.9468095227572,0.0,1.0,0.0,1.0,0.0,1.0
31,150,0.0,3.731389107806309,0.0,1.0,1.0,0.0,0.0,0.0
32,150,11.006445611671134,1.041548261425899,0.0,1.0,1.0,1.0,1.0,1.0
33,150,11.974122227454483,4.238706151333177,1.0,0.0,0.0,1.0,0.0,1.0
34,150,4.155583563867322,6.752760767374924,0.0,0.0,1.0,1.0,0.0,1.0
35,150,1.3313087475567926,7.128366078248735,0.0,0.0,0.0,1.0,0.0,0.0
36,150,2.5277414418407305,11.548709610657047,1.0,1.0,1.0,0.0,0.0,0.0
37,150,8.893266377806704,7.171804002776204,1.0,1.0,0.0,1.0,0.0,1.0
38,150,7.09665511773127,2.5471524135583303,0.0,0.0,1.0,1.0,0.0,0.0
39,150,0.0,7.464153986736945,0.0,1.0,0.0,0.0,0.0,1.0
0,155,3.920647712897923,0.0,0.0,1.0,1.0,0.0,1.0,0.0
1,155,0.3528394288593854,5.218420548768039,1.0,0.0,0.0,0.0,1.0,0.0
2,155,10.156547143251013,5.425857816640054,0.0,0.0,0.0,1.0,0.0,0.0
3,155,0.0,8.987810226899777,0.0,0.0,0.0,1.0,0.0,0.0
4,155,7.203073279284937,1.5695931731444683,0.0,0.0,1.0,0.0,0.0,0.0
5,155,7.792492646711901,11.794077541937972,0.0,1.0,0.0,0.0,0.0,0.0
6,155,3.139914768062404,2.7291316875362623,0.0,1.0,0.0,0.0,0.0,0.0
7,155,2.478545272942203,2.0395885862173,0.0,0.0,0.0,0.0,0.0,0.0
8,155,2.574623107923767,1.1605681104275485,1.0,1.0,0.0,0.0,0.0,0.0
9,155,0.0,0.0,1.0,0.0,0.0,0.0,0.0,1.0
10,155,9.554196658027909,12.0,1.0,0.0,0.0,1.0,1.0,1.0
11,155,10.98866386115105,11.310073082703434,0.0,0.0,0.0,0.0,1.0,1.0
12,155,7.515766264755057,6.035371168081363,1.0,0.0,0.0,1.0,0.0,0.0
13,155,10.977887707317423,4.143710786337068,0.0,1.0,1.0,1.0,1.0,0.0
14,155,8.03829583222046,1.9526386242348772,0.0,1.0,0.0,0.0,0.0,0.0
15,155,5.999018563667291,0.354441417882754,1.0,0.0,1.0,1.0,1.0,1.0
16,155,11.01680496002373,9.52747447607315,1.0,0.0,0.0,0.0,0.0,1.0
17,155,6.007430311253759,2.675299060836585,1.0,1.0,0.0,0.0,0.0,0.0
18,155,4.879091789791056,5.3018009650248015,1.0,0.0,0.0,0.0,0.0,1.0
19,155,0.0,7.240702226131821,0.0,1.0,0.0,0.0,1.0,0.0
20,155,0.9071245121930316,11.956766407819602,1.0,0.0,1.0,1.0,1.0,1.0
21,155,0.0,3.8678782695872176,1.0,0.0,1.0,1.0,0.0,0.0
22,155,0.0,3.5291595261050763,0.0,0.0,1.0,1.0,0.0,0.0
23,155,0.0315514958242583,1.4094676926437353,0.0,0.0,1.0,0.0,0.0,1.0
24,155,0.0,7.12509736187674,0.0,0.0,1.0,0.0,0.0,0.0
25,155,12.0,10.648746375896105,1.0,1.0,1.0,0.0,0.0,1.0
26,155,9.46787500541163,8.519342003472062,0.0,0.0,0.0,1.0,1.0,0.0
27,155,6.959094826360245,8.344536403718692,1.0,0.0,0.0,0.0,1.0,0.0
28,155,11.449144251197753,4.5741533768012514,1.0,1.0,1.0,0.0,0.0,0.0
29,155,12.0,3.147239781355356,0.0,0.0,1.0,0.0,0.0,1.0
30,155,3.770297027694827,2.884584864658677,0.0,1.0,0.0,1.0,0.0,1.0
31,155,0.0,3.832304878549353,0.0,1.0,1.0,0.0,0.0,0.0
32,155,11.00267603774996,1.0951441666023916,0.0,1.0,1.0,1.0,1.0,1.0
33,155,11.994108973114118,4.25878028433891,1.0,0.0,0.0,1.0,0.0,1.0
34,155,4.155599050458527,6.771607405289532,0.0,0.0,1.0,1.0,0.0,1.0
35,155,1.388278539232002,7.061581174993661,0.0,0.0,0.0,1.0,0.0,0.0
36,155,2.4581533334372105,11.538581908154168,1.0,1.0,1.0,0.0,0.0,0.0
37,155,9.045953066578322,7.168789992576864,1.0,1.0,0.0,1.0,0.0,1.0
38,155,7.111585548774174,2.5872990551303183,0.0,0.0,1.0,1.0,0.0,0.0
39,155,0.0,7.484008382249836,0.0,1.0,0.0,0.0,0.0,1.0
0,160,3.924360090005099,0.0,0.0,1.0,1.0,0.0,1.0,0.0
1,160,0.3445083203614532,5.207391875989478,1.0,0.0,0.0,0.0,1.0,0.0
2,160,10.186856346854457,5.464269496624973,0.0,0.0,0.0,1.0,0.0,0.0
3,160,0.0,9.021298066604976,0.0,0.0,0.0,1.0,0.0,0.0
4,160,7.137493066215371,1.537459949658634,0.0,0.0,1.0,0.0,0.0,0.0
5,160,7.999394413789689,11.878886502415227,0.0,1.0,0.0,0.0,0.0,0.0
6,160,3.088644205662577,2.638775211113024,0.0,1.0,0.0,0.0,0.0,0.0
7,160,2.436049177385488,2.041283872921085,0.0,0.0,0.0,0.0,0.0,0.0
8,160,2.547415886853881,1.192834853570875,1.0,1.0,0.0,0.0,0.0,0.0
9,160,0.0,0.0,1.0,0.0,0.0,0.0,0.0,1.0
10,160,9.583159605443765,12.0,1.0,0.0,0.0,1.0,1.0,1.0
11,160,11.041560855341585,11.348841002935515,0.0,0.0,0.0,0.0,1.0,1.0
12,160,7.570112340845615,5.966686889141777,1.0,0.0,0.0,1.0,0.0,0.0
13,160,11.111167183981111,4.063467294466875,0.0,1.0,1.0,1.0,1.0,0.0
14,160,8.052915138983975,1.915394106355271,0.0,1.0,0.0,0.0,0.0,0.0
15,160,5.994692276838587,0.3562907612310048,1.0,0.0,1.0,1.0,1.0,1.0
16,160,11.016476853818414,9.467426022113598,1.0,0.0,0.0,0.0,0.0,1.0
17,160,6.029865852786095,2.687556825936973,1.0,1.0,0.0,0.0,0.0,0.0
18,160,4.8670360169767335,5.211368327950429,1.0,0.0,0.0,0.0,0.0,1.0
19,160,0.0,7.316589147515268,0.0,1.0,0.0,0.0,1.0,0.0
20,160,0.9383097083894564,11.963209440727317,1.0,0.0,1.0,1.0,1.0,1.0
21,160,0.0,3.8963993580981,1.0,0.0,1.0,1.0,0.0,0.0
22,160,0.0,3.340371488690803,0.0,0.0,1.0,1.0,0.0,0.0
23,160,0.0305120551220806,1.3356514231127314,0.0,0.0,1.0,0.0,0.0,1.0
24,160,0.0,7.063540339289292,0.0,0.0,1.0,0.0,0.0,0.0
25,160,12.0,10.610348007765795,1.0,1.0,1.0,0.0,0.0,1.0
26,160,9.40002138896805,8.529471273032193,0.0,0.0,0.0,1.0,1.0,0.0
27,160,6.960593747192741,8.350677456686977,1.0,0.0,0.0,0.0,1.0,0.0
28,160,11.606244874862146,4.482136471309172,1.0,1.0,1.0,0.0,0.0,0.0
29,160,12.0,3.142136032506638,0.0,0.0,1.0,0.0,0.0,1.0
30,160,3.712794959770288,2.8352180944682703,0.0,1.0,0.0,1.0,0.0,1.0
31,160,0.0,3.922429044751552,0.0,1.0,1.0,0.0,0.0,0.0
32,160,10.998903122778062,1.1384637880309962,0.0,1.0,1.0,1.0,1.0,1.0
33,160,12.0,4.271538074171036,1.0,0.0,0.0,1.0,0.0,1.0
34,160,4.155199486699631,6.795677888694965,0.0,0.0,1.0,1.0,0.0,1.0
35,160,1.4387940394605052,7.002768921814279,0.0,0.0,0.0,1.0,0.0,0.0
36,160,2.382834476092647,11.528921050087176,1.0,1.0,1.0,0.0,0.0,0.0
37,160,9.190419182091512,7.162356774413168,1.0,1.0,0.0,1.0,0.0,1.0
38,160,7.124586832345066,2.623234752434332,0.0,0.0,1.0,1.0,0.0,0.0
39,160,0.0,7.503597312688573,0.0,1.0,0.0,0.0,0.0,1.0
0,165,3.9256837665132767,0.0,0.0,1.0,1.0,0.0,1.0,0.0
1,165,0.3507885619156131,5.215854430752421,1.0,0.0,0.0,0.0,1.0,0.0
2,165,10.231667080661916,5.520854502155827,0.0,0.0,0.0,1.0,0.0,0.0
3,165,0.0,9.042516475726156,0.0,0.0,0.0,1.0,0.0,0.0
4,165,7.073668826992745,1.5066466955922733,0.0,0.0,1.0,0.0,0.0,0.0
5,165,8.209275652476462,11.963166899682715,0.0,1.0,0.0,0.0,0.0,0.0
6,165,3.0427871495777032,2.560444202232822,0.0,1.0,0.0,0.0,0.0,0.0
7,165,2.4143309531052823,2.042102243401038,0.0,0.0,0.0,0.0,0.0,0.0
8,165,2.531262607545772,1.2129631876787337,1.0,1.0,0.0,0.0,0.0,0.0
9,165,0.0,0.0,1.0,0.0,0.0,0.0,0.0,1.0
10,165,9.600291889774562,12.0,1.0,0.0,0.0,1.0,1.0,1.0
11,165,11.063439183264872,11.363961945278673,0.0,0.0,0.0,0.0,1.0,1.0
12,165,7.622113826748983,5.901918768347923,1.0,0.0,0.0,1.0,0.0,0.0
13,165,11.276594568873849,3.9668868552548897,0.0,1.0,1.0,1.0,1.0,0.0
14,165,8.06676042376226,1.879585253637262,0.0,1.0,0.0,0.0,0.0,0.0
15,165,5.992015116295236,0.3575472336603841,1.0,0.0,1.0,1.0,1.0,1.0
16,165,11.016424750911812,9.392656667983948,1.0,0.0,0.0,0.0,0.0,1.0
17,165,6.05624519902621,2.702452723027138,1.0,1.0,0.0,0.0,0.0,0.0
18,165,4.856437715659523,5.118876932286909,1.0,0.0,0.0,0.0,0.0,1.0
19,165,0.0,7.393775163802132,0.0,1.0,0.0,0.0,1.0,0.0
20,165,0.9551522748771016,11.966326102518297,1.0,0.0,1.0,1.0,1.0,1.0
21,165,0.0011997224548039,3.893414573659291,1.0,0.0,1.0,1.0,0.0,0.0
22,165,0.0,3.164309013255145,0.0,0.0,1.0,1.0,0.0,0.0
23,165,0.0280239838425327,1.2477433997317184,0.0,0.0,1.0,0.0,0.0,1.0
24,165,0.0,7.004050730561007,0.0,0.0,1.0,0.0,0.0,0.0
25,165,12.0,10.575941099723162,1.0,1.0,1.0,0.0,0.0,1.0
26,165,9.34239390494765,8.535968308341396,0.0,0.0,0.0,1.0,1.0,0.0
27,165,6.959481565197604,8.345787513591173,1.0,0.0,0.0,0.0,1.0,0.0
28,165,11.779902484987272,4.380937071075122,1.0,1.0,1.0,0.0,0.0,0.0
29,165,12.0,3.1376467139730595,0.0,0.0,1.0,0.0,0.0,1.0
30,165,3.677311682036839,2.8044711049124365,0.0,1.0,0.0,1.0,0.0,1.0
31,165,0.0,4.000403501612952,0.0,1.0,1.0,0.0,0.0,0.0
32,165,10.992995242760616,1.2000473126060605,0.0,1.0,1.0,1.0,1.0,1.0
33,165,11.993988080810832,4.265143405495948,1.0,0.0,0.0,1.0,0.0,1.0
34,165,4.155765268530156,6.828453735412929,0.0,0.0,1.0,1.0,0.0,1.0
35,165,1.4862761255701724,6.948920471759334,0.0,0.0,0.0,1.0,0.0,0.0
36,165,2.302384715864896,11.517048393422352,1.0,1.0,1.0,0.0,0.0,0.0
37,165,9.343828819159972,7.156361523552031,1.0,1.0,0.0,1.0,0.0,1.0
38,165,7.141178081360866,2.6709127561940686,0.0,0.0,1.0,1.0,0.0,0.0
39,165,0.0,7.523023224939727,0.0,1.0,0.0,0.0,0.0,1.0
0,170,3.928930178411474,0.0,0.0,1.0,1.0,0.0,1.0,0.0
1,170,0.3573482373362274,5.225098283241253,1.0,0.0,0.0,0.0,1.0,0.0
2,170,10.275406573020252,5.579462608136607,0.0,0.0,0.0,1.0,0.0,0.0
3,170,0.0,9.06078727516634,0.0,0.0,0.0,1.0,0.0,0.0
4,170,7.038235987199413,1.4900702883571868,0.0,0.0,1.0,0.0,0.0,0.0
5,170,8.41308328871752,12.0,0.0,1.0,0.0,0.0,0.0,0.0
6,170,3.0062706701253723,2.4949075551921567,0.0,1.0,0.0,0.0,0.0,0.0
7,170,2.401059560728413,2.042661739216041,0.0,0.0,0.0,0.0,0.0,0.0
8,170,2.518007845528763,1.229478984528192,1.0,1.0,0.0,0.0,0.0,0.0
9,170,0.0,0.0,1.0,0.0,0.0,0.0,0.0,1.0
10,170,9.621943185775397,12.0,1.0,0.0,0.0,1.0,1.0,1.0
11,170,11.074470011571956,11.347579364404083,0.0,0.0,0.0,0.0,1.0,1.0
12,170,7.686690248517285,5.823058699057676,1.0,0.0,0.0,1.0,0.0,0.0
13,170,11.461039154295406,3.863944107773448,0.0,1.0,1.0,1.0,1.0,0.0
14,170,8.084815830617043,1.8355680734988835,0.0,1.0,0.0,0.0,0.0,0.0
15,170,6.009346287800042,0.3492925789231116,1.0,0.0,1.0,1.0,1.0,1.0
16,170,11.018473559588507,9.308864543050715,1.0,0.0,0.0,0.0,0.0,1.0
17,170,6.078907365133612,2.7147965607939173,1.0,1.0,0.0,0.0,0.0,0.0
18,170,4.847232523751208,5.025943505586624,1.0,0.0,0.0,0.0,0.0,1.0
19,170,0.0,7.467439935613884,0.0,1.0,0.0,0.0,1.0,0.0
20,170,0.9484457913331672,11.964901362959257,1.0,0.0,1.0,1.0,1.0,1.0
21,170,0.0068940650056696,3.88023664951836,1.0,0.0,1.0,1.0,0.0,0.0
22,170,0.0,2.989451043610908,0.0,0.0,1.0,1.0,0.0,0.0
23,170,0.0245342587560435,1.1602340103560655,0.0,0.0,1.0,0.0,0.0,1.0
24,170,0.0,6.951251800219552,0.0,0.0,1.0,0.0,0.0,0.0
25,170,12.0,10.53897055850356,1.0,1.0,1.0,0.0,0.0,1.0
26,170,9.291200471773331,8.541085883935242,0.0,0.0,0.0,1.0,1.0,0.0
27,170,6.955070809686591,8.322687876620751,1.0,0.0,0.0,0.0,1.0,0.0
28,170,11.877514922923588,4.55813086720948,1.0,1.0,1.0,0.0,0.0,0.0
29,170,12.0,3.130524241028002,0.0,0.0,1.0,0.0,0.0,1.0
30,170,3.645185178437941,2.7780023119539106,0.0,1.0,0.0,1.0,0.0,1.0
31,170,0.0,4.075465648425731,0.0,1.0,1.0,0.0,0.0,0.0
32,170,10.98504225385322,1.2667212218036448,0.0,1.0,1.0,1.0,1.0,1.0
33,170,11.966072683741002,4.235687648880336,1.0,0.0,0.0,1.0,0.0,1.0
34,170,4.1563404836680045,6.858310991613332,0.0,0.0,1.0,1.0,0.0,1.0
35,170,1.527331399504766,6.902668069621478,0.0,0.0,0.0,1.0,0.0,0.0
36,170,2.2400495191476346,11.509348810793506,1.0,1.0,1.0,0.0,0.0,0.0
37,170,9.489743338853067,7.157078280525541,1.0,1.0,0.0,1.0,0.0,1.0
38,170,7.15771965620195,2.720477082996985,0.0,0.0,1.0,1.0,0.0,0.0
39,170,0.0,7.543584378843601,0.0,1.0,0.0,0.0,0.0,1.0
0,175,3.933581072553709,0.0,0.0,1.0,1.0,0.0,1.0,0.0
1,175,0.3693481843152041,5.241495131238785,1.0,0.0,0.0,0.0,1.0,0.0
2,175,10.33367986577842,5.660236959361676,0.0,0.0,0.0,1.0,0.0,0.0
3,175,0.0,9.071555894673187,0.0,0.0,0.0,1.0,0.0,0.0
4,175,6.999416629671961,1.4711297868259043,0.0,0.0,1.0,0.0,0.0,0.0
5,175,8.635219002475553,12.0,0.0,1.0,0.0,0.0,0.0,0.0
6,175,2.9718790973330576,2.4350642322886213,0.0,1.0,0.0,0.0,0.0,0.0
7,175,2.4067605630036706,2.042296319454329,0.0,0.0,0.0,0.0,0.0,0.0
8,175,2.512193448551713,1.2367926552229822,1.0,1.0,0.0,0.0,0.0,0.0
9,175,0.0,0.0,1.0,0.0,0.0,0.0,0.0,1.0
10,175,9.645216036894988,12.0,1.0,0.0,0.0,1.0,1.0,1.0
11,175,11.089060965903409,11.325425581849458,0.0,0.0,0.0,0.0,1.0,1.0
12,175,7.75400166485954,5.739074504946988,1.0,0.0,0.0,1.0,0.0,0.0
13,175,11.639485550658634,3.765608428212051,0.0,1.0,1.0,1.0,1.0,0.0
14,175,8.107499118897609,1.7817474707936414,0.0,1.0,0.0,0.0,0.0,0.0
15,175,6.016175480205468,0.3460854604775573,1.0,0.0,1.0,1.0,1.0,1.0
16,175,11.021830767160324,9.227382188950203,1.0,0.0,0.0,0.0,0.0,1.0
17,175,6.088847495673968,2.7203742397078585,1.0,1.0,0.0,0.0,0.0,0.0
18,175,4.829681828830387,4.901962346540555,1.0,0.0,0.0,0.0,0.0,1.0
19,175,0.0,7.541532290567886,0.0,1.0,0.0,0.0,1.0,0.0
20,175,0.9446029678167044,11.964147515619906,1.0,0.0,1.0,1.0,1.0,1.0
21,175,0.0109602819208035,3.869994079421802,1.0,0.0,1.0,1.0,0.0,0.0
22,175,0.0,2.80789141729033,0.0,0.0,1.0,1.0,0.0,0.0
23,175,0.0229948501776948,1.085061482599873,0.0,0.0,1.0,0.0,0.0,1.0
24,175,0.0,6.887394503355582,0.0,0.0,1.0,0.0,0.0,0.0
25,175,12.0,10.493387662424883,1.0,1.0,1.0,0.0,0.0,1.0
26,175,9.256976114399384,8.54484008679202,0.0,0.0,0.0,1.0,1.0,0.0
27,175,6.951412093511203,8.304880155585161,1.0,0.0,0.0,0.0,1.0,0.0
28,175,11.977672365853197,4.73622336087173,1.0,1.0,1.0,0.0,0.0,0.0
29,175,12.0,3.1253388414015277,0.0,0.0,1.0,0.0,0.0,1.0
30,175,3.617878325309099,2.7562111599888213,0.0,1.0,0.0,1.0,0.0,1.0
31,175,0.0,4.165589723336817,0.0,1.0,1.0,0.0,0.0,0.0
32,175,10.9755232754141,1.3403420774726396,0.0,1.0,1.0,1.0,1.0,1.0
33,175,11.934345224792686,4.20456209056943,1.0,0.0,0.0,1.0,0.0,1.0
34,175,4.156261871397427,6.884380295832751,0.0,0.0,1.0,1.0,0.0,1.0
35,175,1.5761582003062116,6.84727712822675,0.0,0.0,0.0,1.0,0.0,0.0
36,175,2.1729386663049937,11.50123661107714,1.0,1.0,1.0,0.0,0.0,0.0
37,175,9.627966361756188,7.15345964691447,1.0,1.0,0.0,1.0,0.0,1.0
38,175,7.172586637204861,2.7626981479408954,0.0,0.0,1.0,1.0,0.0,0.0
39,175,0.0,7.557565270589768,0.0,1.0,0.0,0.0,0.0,1.0
0,180,3.936960869205329,0.0,0.0,1.0,1.0,0.0,1.0,0.0
1,180,0.3819960975556212,5.258461995234618,1.0,0.0,0.0,0.0,1.0,0.0
2,180,10.3769856942621,5.721055521362884,0.0,0.0,0.0,1.0,0.0,0.0
3,180,0.0,9.077061989825546,0.0,0.0,0.0,1.0,0.0,0.0
4,180,6.958540874965523,1.4513194153755242,0.0,0.0,1.0,0.0,0.0,0.0
5,180,8.855627120586405,12.0,0.0,1.0,0.0,0.0,0.0,0.0
6,180,2.9465978785206905,2.389385545723164,0.0,1.0,0.0,0.0,0.0,0.0
7,180,2.423258167294747,2.0412404424769224,0.0,0.0,0.0,0.0,0.0,0.0
8,180,2.511131942050545,1.2380993346063929,1.0,1.0,0.0,0.0,0.0,0.0
9,180,0.0,0.0,1.0,0.0,0.0,0.0,0.0,1.0
10,180,9.665084504351398,12.0,1.0,0.0,0.0,1.0,1.0,1.0
11,180,11.100879223492644,11.30855824112462,0.0,0.0,0.0,0.0,1.0,1.0
12,180,7.834498417677661,5.6362470899970285,1.0,0.0,0.0,1.0,0.0,0.0
13,180,11.80467549792303,3.676766583467925,0.0,1.0,1.0,1.0,1.0,0.0
14,180,8.127682357985373,1.734793156393659,0.0,1.0,0.0,0.0,0.0,0.0
15,180,6.027547903353407,0.3409634622284924,1.0,0.0,1.0,1.0,1.0,1.0
16,180,11.023668404493227,9.138839062367628,1.0,0.0,0.0,0.0,0.0,1.0
17,180,6.100233199865286,2.726329363623476,1.0,1.0,0.0,0.0,0.0,0.0
18,180,4.813913330984629,4.795467694238575,1.0,0.0,0.0,0.0,0.0,1.0
19,180,0.0,7.609152202539841,0.0,1.0,0.0,0.0,1.0,0.0
20,180,0.938427220509779,11.963039993329229,1.0,0.0,1.0,1.0,1.0,1.0
21,180,0.0209030590878901,3.8437132500459743,1.0,0.0,1.0,1.0,0.0,0.0
22,180,0.0,2.6277536040683147,0.0,0.0,1.0,1.0,0.0,0.0
23,180,0.0209997400001198,1.0075667916175468,0.0,0.0,1.0,0.0,0.0,1.0
24,180,0.0,6.82037608253552,0.0,0.0,1.0,0.0,0.0,0.0
25,180,12.0,10.451586325047908,1.0,1.0,1.0,0.0,0.0,1.0
26,180,9.22124210826862,8.548509207890193,0.0,0.0,0.0,1.0,1.0,0.0
27,180,6.953947970776273,8.315955828955083,1.0,0.0,0.0,0.0,1.0,0.0
28,180,12.0,4.897385918016862,1.0,1.0,1.0,0.0,0.0,0.0
29,180,12.0,3.119958742884622,0.0,0.0,1.0,0.0,0.0,1.0
30,180,3.585097939963066,2.7295920599989154,0.0,1.0,0.0,1.0,0.0,1.0
31,180,0.0,4.243152531779297,0.0,1.0,1.0,0.0,0.0,0.0
32,180,10.966740526878622,1.414662218633787,0.0,1.0,1.0,1.0,1.0,1.0
33,180,11.903934053629577,4.173032034748353,1.0,0.0,0.0,1.0,0.0,1.0
34,180,4.156232322683106,6.900040948368375,0.0,0.0,1.0,1.0,0.0,1.0
35,180,1.6188979007096114,6.800099684283228,0.0,0.0,0.0,1.0,0.0,0.0
36,180,2.1001356506538915,11.49385907966234,1.0,1.0,1.0,0.0,0.0,0.0
37,180,9.753544079321404,7.148148982299016,1.0,1.0,0.0,1.0,0.0,1.0
38,180,7.189722047816474,2.8123207600407816,0.0,0.0,1.0,1.0,0.0,0.0
39,180,0.0,7.572288771946806,0.0,1.0,0.0,0.0,0.0,1.0
0,185,3.93947430553287,0.0,0.0,1.0,1.0,0.0,1.0,0.0
1,185,0.398041440207868,5.280347437468076,1.0,0.0,0.0,0.0,1.0,0.0
2,185,10.430996996616296,5.798976059611837,0.0,0.0,0.0,1.0,0.0,0.0
3,185,0.0,9.079884785719772,0.0,0.0,0.0,1.0,0.0,0.0
4,185,6.906756003297264,1.4257564902031998,0.0,0.0,1.0,0.0,0.0,0.0
5,185,9.063096965383936,12.0,0.0,1.0,0.0,0.0,0.0,0.0
6,185,2.92782589078964,2.3542550986013318,0.0,1.0,0.0,0.0,0.0,0.0
7,185,2.4596007119381884,2.04023406822007,0.0,0.0,0.0,0.0,0.0,0.0
8,185,2.5026738713684007,1.2491449723786967,1.0,1.0,0.0,0.0,0.0,0.0
9,185,0.0,0.0,1.0,0.0,0.0,0.0,0.0,1.0
10,185,9.678109832219576,12.0,1.0,0.0,0.0,1.0,1.0,1.0
11,185,11.114079511212523,11.288268249716456,0.0,0.0,0.0,0.0,1.0,1.0
12,185,7.913207843250701,5.539389262741207,1.0,0.0,0.0,1.0,0.0,0.0
13,185,11.974188763288984,3.589843752750835,0.0,1.0,1.0,1.0,1.0,0.0
14,185,8.146147784811353,1.6912493807819022,0.0,1.0,0.0,0.0,0.0,0.0
15,185,6.02502045495598,0.342119854436598,1.0,0.0,1.0,1.0,1.0,1.0
16,185,11.026740387666743,9.044756596728146,1.0,0.0,0.0,0.0,0.0,1.0
17,185,6.1177915782752885,2.735818829673688,1.0,1.0,0.0,0.0,0.0,0.0
18,185,4.794538107296186,4.663334801920584,1.0,0.0,0.0,0.0,0.0,1.0
19,185,0.0,7.673313378252911,0.0,1.0,0.0,0.0,1.0,0.0
20,185,0.914453714024658,11.958728952897289,1.0,0.0,1.0,1.0,1.0,1.0
21,185,0.033632730462841,3.811472349238172,1.0,0.0,1.0,1.0,0.0,0.0
22,185,0.0,2.45945822336268,0.0,0.0,1.0,1.0,0.0,0.0
23,185,0.0180772007057089,0.9212982858595176,0.0,0.0,1.0,0.0,0.0,1.0
24,185,0.0,6.750006550766851,0.0,0.0,1.0,0.0,0.0,0.0
25,185,12.0,10.402990155685028,1.0,1.0,1.0,0.0,0.0,1.0
26,185,9.186551937870622,8.553137241724011,0.0,0.0,0.0,1.0,1.0,0.0
27,185,6.95244111657979,8.310197227709915,1.0,0.0,0.0,0.0,1.0,0.0
28,185,12.0,5.059781763240387,1.0,1.0,1.0,0.0,0.0,0.0
29,185,12.0,3.116862280769812,0.0,0.0,1.0,0.0,0.0,1.0
30,185,3.5565287764192197,2.7062143620170387,0.0,1.0,0.0,1.0,0.0,1.0
31,185,0.0,4.340280187253699,0.0,1.0,1.0,0.0,0.0,0.0
32,185,10.958820106399592,1.4859149024479006,0.0,1.0,1.0,1.0,1.0,1.0
33,185,11.884954202548816,4.153873698872851,1.0,0.0,0.0,1.0,0.0,1.0
34,185,4.15612652229016,6.908539300235082,0.0,0.0,1.0,1.0,0.0,1.0
35,185,1.6772156813599166,6.735347936481809,0.0,0.0,0.0,1.0,0.0,0.0
36,185,2.0174101577761143,11.484451122350396,1.0,1.0,1.0,0.0,0.0,0.0
37,185,9.886384150823655,7.143991446664676,1.0,1.0,0.0,1.0,0.0,1.0
38,185,7.212454025233833,2.8730478433233,0.0,0.0,1.0,1.0,0.0,0.0
39,185,0.0,7.588056784589063,0.0,1.0,0.0,0.0,0.0,1.0
0,190,3.942364232582152,0.0,0.0,1.0,1.0,0.0,1.0,0.0
1,190,0.4260248105307099,5.319482093956254,1.0,0.0,0.0,0.0,1.0,0.0
2,190,10.503989157652946,5.897876675482658,0.0,0.0,0.0,1.0,0.0,0.0
3,190,0.005476854350691,9.077787430498294,0.0,0.0,0.0,1.0,0.0,0.0
4,190,6.870252870873478,1.406932887917525,0.0,0.0,1.0,0.0,0.0,0.0
5,190,9.276247590059397,12.0,0.0,1.0,0.0,0.0,0.0,0.0
6,190,2.9052080636530344,2.312077200341702,0.0,1.0,0.0,0.0,0.0,0.0
7,190,2.4820588715227063,2.039522645326322,0.0,0.0,0.0,0.0,0.0,0.0
8,190,2.502585064489167,1.2492671168746976,1.0,1.0,0.0,0.0,0.0,0.0
9,190,0.0,0.0,1.0,0.0,0.0,0.0,0.0,1.0
10,190,9.688009826955035,12.0,1.0,0.0,0.0,1.0,1.0,1.0
11,190,11.117902591116778,11.282224832225848,0.0,0.0,0.0,0.0,1.0,1.0
12,190,7.996631325040232,5.440192483637639,1.0,0.0,0.0,1.0,0.0,0.0
13,190,12.0,3.48940715521321,0.0,1.0,1.0,1.0,1.0,0.0
14,190,8.159727290441644,1.6603495409859028,0.0,1.0,0.0,0.0,0.0,0.0
15,190,6.022095254223156,0.3434715122667168,1.0,0.0,1.0,1.0,1.0,1.0
16,190,11.03145893822362,8.948382524175209,1.0,0.0,0.0,0.0,0.0,1.0
17,190,6.12872180806166,2.741682491591205,1.0,1.0,0.0,0.0,0.0,0.0
18,190,4.776366640006499,4.536652064589606,1.0,0.0,0.0,0.0,0.0,1.0
19,190,0.0,7.734715984427299,0.0,1.0,0.0,0.0,1.0,0.0
20,190,0.8987879434996948,11.95625792462522,1.0,0.0,1.0,1.0,1.0,1.0
21,190,0.0450617965753457,3.780886114803661,1.0,0.0,1.0,1.0,0.0,0.0
22,190,0.0,2.2933542362785304,0.0,0.0,1.0,1.0,0.0,0.0
23,190,0.0167789513656752,0.8436839042116778,0.0,0.0,1.0,0.0,0.0,1.0
24,190,0.0,6.674867108981619,0.0,0.0,1.0,0.0,0.0,0.0
25,190,12.0,10.349301998025728,1.0,1.0,1.0,0.0,0.0,1.0
26,190,9.14700318975814,8.558802273912173,0.0,0.0,0.0,1.0,1.0,0.0
27,190,6.954847650557167,8.319423146886027,1.0,0.0,0.0,0.0,1.0,0.0
28,190,12.0,5.211855181867373,1.0,1.0,1.0,0.0,0.0,0.0
29,190,12.0,3.11206819969911,0.0,0.0,1.0,0.0,0.0,1.0
30,190,3.527025233588422,2.681796706318289,0.0,1.0,0.0,1.0,0.0,1.0
31,190,0.0,4.435190541134315,0.0,1.0,1.0,0.0,0.0,0.0
32,190,10.950334223874355,1.5461412586662069,0.0,1.0,1.0,1.0,1.0,1.0
33,190,11.860897381650531,4.130496824164495,1.0,0.0,0.0,1.0,0.0,1.0
34,190,4.155982663892843,6.928195865085261,0.0,0.0,1.0,1.0,0.0,1.0
35,190,1.7300147400214196,6.674542638412346,0.0,0.0,0.0,1.0,0.0,0.0
36,190,1.958758794110156,11.47686604210711,1.0,1.0,1.0,0.0,0.0,0.0
37,190,10.02386275438436,7.139991712994712,1.0,1.0,0.0,1.0,0.0,1.0
38,190,7.241534682381305,2.949662376992092,0.0,0.0,1.0,1.0,0.0,0.0
39,190,0.0,7.6010938415504,0.0,1.0,0.0,0.0,0.0,1.0
0,195,3.946839316035261,0.0,0.0,1.0,1.0,0.0,1.0,0.0
1,195,0.450228825033762,5.353898052416993,1.0,0.0,0.0,0.0,1.0,0.0
2,195,10.564517339839009,5.981599385649472,0.0,0.0,0.0,1.0,0.0,0.0
3,195,0.0,9.0806437040751,0.0,0.0,0.0,1.0,0.0,0.0
4,195,6.81947384507521,1.3810603468126137,0.0,0.0,1.0,0.0,0.0,0.0
5,195,9.51119696282298,12.0,0.0,1.0,0.0,0.0,0.0,0.0
6,195,2.891144587782952,2.2866772165069245,0.0,1.0,0.0,0.0,0.0,0.0
7,195,2.500165896595555,2.038724977287901,0.0,0.0,0.0,0.0,0.0,0.0
8,195,2.5173447270916083,1.2276472551494302,1.0,1.0,0.0,0.0,0.0,0.0
9,195,0.0,0.0,1.0,0.0,0.0,0.0,0.0,1.0
10,195,9.69753227851692,12.0,1.0,0.0,0.0,1.0,1.0,1.0
11,195,11.123555254725607,11.273229214240253,0.0,0.0,0.0,0.0,1.0,1.0
12,195,8.068260417320966,5.350734182996639,1.0,0.0,0.0,1.0,0.0,0.0
13,195,11.8953374646981,3.301658975095299,0.0,1.0,1.0,1.0,1.0,0.0
14,195,8.169720466063279,1.6387297698019772,0.0,1.0,0.0,0.0,0.0,0.0
15,195,6.009674681456516,0.3490915124723075,1.0,0.0,1.0,1.0,1.0,1.0
16,195,11.036832212977968,8.838448418015908,1.0,0.0,0.0,0.0,0.0,1.0
17,195,6.159992372199742,2.758506015250095,1.0,1.0,0.0,0.0,0.0,0.0
18,195,4.7517740989917305,4.396454897007274,1.0,0.0,0.0,0.0,0.0,1.0
19,195,0.0,7.802988282729007,0.0,1.0,0.0,0.0,1.0,0.0
20,195,0.8703354216290039,11.952623221862735,1.0,0.0,1.0,1.0,1.0,1.0
21,195,0.0584931574984344,3.743798108988944,1.0,0.0,1.0,1.0,0.0,0.0
22,195,0.0,2.143326018704191,0.0,0.0,1.0,1.0,0.0,0.0
23,195,0.0165400123387786,0.7797498988415587,0.0,0.0,1.0,0.0,0.0,1.0
24,195,0.0,6.6154284638253,0.0,0.0,1.0,0.0,0.0,0.0
25,195,12.0,10.290332400167976,1.0,1.0,1.0,0.0,0.0,1.0
26,195,9.10777178663667,8.56438480229269,0.0,0.0,0.0,1.0,1.0,0.0
27,195,6.956474247715925,8.326022610819033,1.0,0.0,0.0,0.0,1.0,0.0
28,195,12.0,5.353142994836139,1.0,1.0,1.0,0.0,0.0,0.0
29,195,12.0,3.1080564935019472,0.0,0.0,1.0,0.0,0.0,1.0
30,195,3.483767636171027,2.6463383755696483,0.0,1.0,0.0,1.0,0.0,1.0
31,195,0.0,4.556439143950203,0.0,1.0,1.0,0.0,0.0,0.0
32,195,10.946211833975733,1.579897506262314,0.0,1.0,1.0,1.0,1.0,1.0
33,195,11.832297028788624,4.102999268992082,1.0,0.0,0.0,1.0,0.0,1.0
34,195,4.156090280101128,6.921871451993894,0.0,0.0,1.0,1.0,0.0,1.0
35,195,1.797928352514754,6.596590475278329,0.0,0.0,0.0,1.0,0.0,0.0
36,195,1.882315218893536,11.467666066852711,1.0,1.0,1.0,0.0,0.0,0.0
37,195,10.146319939877165,7.134555885187215,1.0,1.0,0.0,1.0,0.0,1.0
38,195,7.263143215020031,3.0062267781144083,0.0,0.0,1.0,1.0,0.0,0.0
39,195,0.0,7.617432192486625,0.0,1.0,0.0,0.0,0.0,1.0
0,200,3.9507526978535785,0.0,0.0,1.0,1.0,0.0,1.0,0.0
1,200,0.481810151237239,5.397087440542355,1.0,0.0,0.0,0.0,1.0,0.0
2,200,10.62544600083914,6.067649337333629,0.0,0.0,0.0,1.0,0.0,0.0
3,200,0.0,9.088154278394166,0.0,0.0,0.0,1.0,0.0,0.0
4,200,6.758269111522355,1.3473659887991043,0.0,0.0,1.0,0.0,0.0,0.0
5,200,9.733123407236096,12.0,0.0,1.0,0.0,0.0,0.0,0.0
6,200,2.879549900281745,2.2666207733641723,0.0,1.0,0.0,0.0,0.0,0.0
7,200,2.5106074146967545,2.037998439300174,0.0,0.0,0.0,0.0,0.0,0.0
8,200,2.5358199539690864,1.2001495569990184,1.0,1.0,0.0,0.0,0.0,0.0
9,200,0.0,0.0,1.0,0.0,0.0,0.0,0.0,1.0
10,200,9.709486757066964,12.0,1.0,0.0,0.0,1.0,1.0,1.0
11,200,11.1214692606306,11.27686471983634,0.0,0.0,0.0,0.0,1.0,1.0
12,200,8.128709193987866,5.274311716104366,1.0,0.0,0.0,1.0,0.0,0.0
13,200,11.792170597380126,3.109386810928603,0.0,1.0,1.0,1.0,1.0,0.0
14,200,8.182551587860226,1.6124694581194323,0.0,1.0,0.0,0.0,0.0,0.0
15,200,5.989901248208061,0.3582371629144323,1.0,0.0,1.0,1.0,1.0,1.0
16,200,11.040174763714225,8.722110495307788,1.0,0.0,0.0,0.0,0.0,1.0
17,200,6.192671653877002,2.7759905542786085,1.0,1.0,0.0,0.0,0.0,0.0
18,200,4.734783135744028,4.269955247166678,1.0,0.0,0.0,0.0,0.0,1.0
19,200,0.0,7.866299408607527,0.0,1.0,0.0,0.0,1.0,0.0
20,200,0.8357867695287379,11.948279599375718,1.0,0.0,1.0,1.0,1.0,1.0
21,200,0.0771160530049197,3.694247369576586,1.0,0.0,1.0,1.0,0.0,0.0
22,200,0.0,1.9845926389862447,0.0,0.0,1.0,1.0,0.0,0.0
23,200,0.0163838893904882,0.7079557531290206,0.0,0.0,1.0,0.0,0.0,1.0
24,200,0.0,6.566761801127571,0.0,0.0,1.0,0.0,0.0,0.0
25,200,12.0,10.219205120833202,1.0,1.0,1.0,0.0,0.0,1.0
26,200,9.084941941524908,8.567436121035167,0.0,0.0,0.0,1.0,1.0,0.0
27,200,6.957089949031838,8.328717402548477,1.0,0.0,0.0,0.0,1.0,0.0
28,200,12.0,5.518480683813122,1.0,1.0,1.0,0.0,0.0,0.0
29,200,12.0,3.1038875535847805,0.0,0.0,1.0,0.0,0.0,1.0
30,200,3.448935029952932,2.6171179969027705,0.0,1.0,0.0,1.0,0.0,1.0
31,200,0.0,4.683706848822255,0.0,1.0,1.0,0.0,0.0,0.0
32,200,10.942508457819471,1.623228775370117,0.0,1.0,1.0,1.0,1.0,1.0
33,200,11.811981891582084,4.083437447003585,1.0,0.0,0.0,1.0,0.0,1.0
34,200,4.156072027084504,6.90227312565329,0.0,0.0,1.0,1.0,0.0,1.0
35,200,1.8601391914709653,6.526478154860961,0.0,0.0,0.0,1.0,0.0,0.0
36,200,1.8001342300413368,11.458228543600388,1.0,1.0,1.0,0.0,0.0,0.0
37,200,10.265753659705265,7.128214267528405,1.0,1.0,0.0,1.0,0.0,1.0
38,200,7.283706471846846,3.0598110658361817,0.0,0.0,1.0,1.0,0.0,0.0
39,200,0.0,7.633950928649203,0.0,1.0,0.0,0.0,0.0,1.0
0,205,3.952468206221814,0.0,0.0,1.0,1.0,0.0,1.0,0.0
1,205,0.5258979054055939,5.457372244972897,1.0,0.0,0.0,0.0,1.0,0.0
2,205,10.681519391319217,6.145981513666323,0.0,0.0,0.0,1.0,0.0,0.0
3,205,0.0,9.090411660722108,0.0,0.0,0.0,1.0,0.0,0.0
4,205,6.696539596844551,1.3140524688045694,0.0,0.0,1.0,0.0,0.0,0.0
5,205,9.966184476621562,12.0,0.0,1.0,0.0,0.0,0.0,0.0
6,205,2.8766091548924244,2.2615681062182333,0.0,1.0,0.0,0.0,0.0,0.0
7,205,2.510055920109172,2.0380413685973204,0.0,0.0,0.0,0.0,0.0,0.0
8,205,2.5437206703348467,1.18816709847203,1.0,1.0,0.0,0.0,0.0,0.0
9,205,0.0,0.0,1.0,0.0,0.0,0.0,0.0,1.0
10,205,9.711571565971472,12.0,1.0,0.0,0.0,1.0,1.0,1.0
11,205,11.109272691868812,11.297575297041712,0.0,0.0,0.0,0.0,1.0,1.0
12,205,8.187895845701528,5.203582923044795,1.0,0.0,0.0,1.0,0.0,0.0
13,205,11.698203407066224,2.9367945489334315,0.0,1.0,1.0,1.0,1.0,0.0
14,205,8.190551233634848,1.596510722817944,0.0,1.0,0.0,0.0,0.0,0.0
15,205,5.9680896831105965,0.3682719786118065,1.0,0.0,1.0,1.0,1.0,1.0
16,205,11.042126761766848,8.622349250795935,1.0,0.0,0.0,0.0,0.0,1.0
17,205,6.249177946315832,2.8049542357020627,1.0,1.0,0.0,0.0,0.0,0.0
18,205,4.715845575234387,4.145944567365329,1.0,0.0,0.0,0.0,0.0,1.0
19,205,0.0,7.935055076937325,0.0,1.0,0.0,0.0,1.0,0.0
20,205,0.8160055501531546,11.946136491889122,1.0,0.0,1.0,1.0,1.0,1.0
21,205,0.0974776878607404,3.640556859321351,1.0,0.0,1.0,1.0,0.0,0.0
22,205,0.0,1.821776717090647,0.0,0.0,1.0,1.0,0.0,0.0
23,205,0.0174914182230066,0.622452631600955,0.0,0.0,1.0,0.0,0.0,1.0
24,205,0.0,6.512062045255728,0.0,0.0,1.0,0.0,0.0,0.0
25,205,12.0,10.148655741465909,1.0,1.0,1.0,0.0,0.0,1.0
26,205,9.070447454567711,8.569314360086734,0.0,0.0,0.0,1.0,1.0,0.0
27,205,6.959460011252582,8.337515591775071,1.0,0.0,0.0,0.0,1.0,0.0
28,205,12.0,5.706837968517003,1.0,1.0,1.0,0.0,0.0,0.0
29,205,12.0,3.09803647341428,0.0,0.0,1.0,0.0,0.0,1.0
30,205,3.423205785037559,2.596509621647776,0.0,1.0,0.0,1.0,0.0,1.0
31,205,0.0,4.831866850121863,0.0,1.0,1.0,0.0,0.0,0.0
32,205,10.93991856087728,1.6506013208950774,0.0,1.0,1.0,1.0,1.0,1.0
33,205,11.794119488739549,4.06709560200098,1.0,0.0,0.0,1.0,0.0,1.0
34,205,4.156227064502677,6.896657191617741,0.0,0.0,1.0,1.0,0.0,1.0
35,205,1.924905606075633,6.452698326845104,0.0,0.0,0.0,1.0,0.0,0.0
36,205,1.6860250412408206,11.447785021804084,1.0,1.0,1.0,0.0,0.0,0.0
37,205,10.383428006886504,7.120368946674504,1.0,1.0,0.0,1.0,0.0,1.0
38,205,7.308450987021168,3.125882228503811,0.0,0.0,1.0,1.0,0.0,0.0
39,205,0.0,7.647244376114068,0.0,1.0,0.0,0.0,0.0,1.0
0,210,3.954477610072225,0.0,0.0,1.0,1.0,0.0,1.0,0.0
1,210,0.5683389769762298,5.5172129339580405,1.0,0.0,0.0,0.0,1.0,0.0
2,210,10.73681581703795,6.22243989659038,0.0,0.0,0.0,1.0,0.0,0.0
3,210,0.0,9.094523308067975,0.0,0.0,0.0,1.0,0.0,0.0
4,210,6.636160705895475,1.2817879127808622,0.0,0.0,1.0,0.0,0.0,0.0
5,210,10.21089336670262,12.0,0.0,1.0,0.0,0.0,0.0,0.0
6,210,2.890917204093954,2.2871963458761275,0.0,1.0,0.0,0.0,0.0,0.0
7,210,2.499073292311023,2.0393858750204865,0.0,0.0,0.0,0.0,0.0,0.0
8,210,2.5485076385569423,1.1812060729131888,1.0,1.0,0.0,0.0,0.0,0.0
9,210,0.0,0.0,1.0,0.0,0.0,0.0,0.0,1.0
10,210,9.71316945018398,12.0,1.0,0.0,0.0,1.0,1.0,1.0
11,210,11.09748179403533,11.316659594556368,0.0,0.0,0.0,0.0,1.0,1.0
12,210,8.2450454878832,5.131030035972531,1.0,0.0,0.0,1.0,0.0,0.0
13,210,11.596471364911707,2.7433975573363694,0.0,1.0,1.0,1.0,1.0,0.0
14,210,8.206737544218912,1.5650239326025497,0.0,1.0,0.0,0.0,0.0,0.0
15,210,5.941045287891764,0.3808849741083497,1.0,0.0,1.0,1.0,1.0,1.0
16,210,11.0409837858809,8.502485183291864,1.0,0.0,0.0,0.0,0.0,1.0
17,210,6.304334009750898,2.8340354395018714,1.0,1.0,0.0,0.0,0.0,0.0
18,210,4.699359510486074,4.008936002712375,1.0,0.0,0.0,0.0,0.0,1.0
19,210,0.0,8.005027095233062,0.0,1.0,0.0,0.0,1.0,0.0
20,210,0.804228908667378,11.944858435016949,1.0,0.0,1.0,1.0,1.0,1.0
21,210,0.1197473804301548,3.5827840311502324,1.0,0.0,1.0,1.0,0.0,0.0
22,210,0.0,1.6459678151730643,0.0,0.0,1.0,1.0,0.0,0.0
23,210,0.0187648895612008,0.5596888553579881,0.0,0.0,1.0,0.0,0.0,1.0
24,210,0.0,6.465824669638165,0.0,0.0,1.0,0.0,0.0,0.0
25,210,12.0,10.07412352293596,1.0,1.0,1.0,0.0,0.0,1.0
26,210,9.042418312414355,8.573691764222056,0.0,0.0,0.0,1.0,1.0,0.0
27,210,6.961371290404641,8.345008976533762,1.0,0.0,0.0,0.0,1.0,0.0
28,210,12.0,5.874448754028158,1.0,1.0,1.0,0.0,0.0,0.0
29,210,12.0,3.091552490901873,0.0,0.0,1.0,0.0,0.0,1.0
30,210,3.391133547537357,2.569845019374195,0.0,1.0,0.0,1.0,0.0,1.0
31,210,0.0,4.990077332381526,0.0,1.0,1.0,0.0,0.0,0.0
32,210,10.93814213503748,1.6715039280325243,0.0,1.0,1.0,1.0,1.0,1.0
33,210,11.76799147575638,4.0411777986134085,1.0,0.0,0.0,1.0,0.0,1.0
34,210,4.1561759717543625,6.899043969686436,0.0,0.0,1.0,1.0,0.0,1.0
35,210,1.97919627763709,6.390410011356496,0.0,0.0,0.0,1.0,0.0,0.0
36,210,1.584091026059677,11.437318309586743,1.0,1.0,1.0,0.0,0.0,0.0
37,210,10.505605210165037,7.112688863208481,1.0,1.0,0.0,1.0,0.0,1.0
38,210,7.337885455635069,3.197315619343421,0.0,0.0,1.0,1.0,0.0,0.0
39,210,0.0,7.660003661432007,0.0,1.0,0.0,0.0,0.0,1.0
0,215,3.955780257043992,0.0,0.0,1.0,1.0,0.0,1.0,0.0
1,215,0.6180150417168733,5.587025554899983,1.0,0.0,0.0,0.0,1.0,0.0
2,215,10.784629637922697,6.287740792650115,0.0,0.0,0.0,1.0,0.0,0.0
3,215,0.0,9.097600911712442,0.0,0.0,0.0,1.0,0.0,0.0
4,215,6.592863821820994,1.2581864391835302,0.0,0.0,1.0,0.0,0.0,0.0
5,215,10.443009375869494,12.0,0.0,1.0,0.0,0.0,0.0,0.0
6,215,2.910585983520607,2.3241670803828045,0.0,1.0,0.0,0.0,0.0,0.0
7,215,2.4952446519866367,2.039837106475661,0.0,0.0,0.0,0.0,0.0,0.0
8,215,2.569366696179668,1.151031219141838,1.0,1.0,0.0,0.0,0.0,0.0
9,215,0.0,0.0,1.0,0.0,0.0,0.0,0.0,1.0
10,215,9.708467483470272,11.987111800855438,1.0,0.0,0.0,1.0,1.0,1.0
11,215,11.091509482113432,11.326073418123018,0.0,0.0,0.0,0.0,1.0,1.0
12,215,8.317457734145288,5.041450324999094,1.0,0.0,0.0,1.0,0.0,0.0
13,215,11.492476407427626,2.555985450627438,0.0,1.0,1.0,1.0,1.0,0.0
14,215,8.225814532150137,1.5271830642559834,0.0,1.0,0.0,0.0,0.0,0.0
15,215,5.9066275577368295,0.3964244765781392,1.0,0.0,1.0,1.0,1.0,1.0
16,215,11.043453745501612,8.394452670498316,1.0,0.0,0.0,0.0,0.0,1.0
17,215,6.34241681789301,2.854551279194156,1.0,1.0,0.0,0.0,0.0,0.0
18,215,4.684052820234735,3.8880887191200992,1.0,0.0,0.0,0.0,0.0,1.0
19,215,0.0,8.066605051237842,0.0,1.0,0.0,0.0,1.0,0.0
20,215,0.8130416877632002,11.94600200046874,1.0,0.0,1.0,1.0,1.0,1.0
21,215,0.1415720484595957,3.521362336064301,1.0,0.0,1.0,1.0,0.0,0.0
22,215,0.0,1.4617115291316811,0.0,0.0,1.0,1.0,0.0,0.0
23,215,0.0198001283687642,0.5111387921277272,0.0,0.0,1.0,0.0,0.0,1.0
24,215,0.0,6.422532808106088,0.0,0.0,1.0,0.0,0.0,0.0
25,215,12.0,10.00490737682666,1.0,1.0,1.0,0.0,0.0,1.0
26,215,9.020331856553057,8.577351435461676,0.0,0.0,0.0,1.0,1.0,0.0
27,215,6.961146433793052,8.344145293024432,1.0,0.0,0.0,0.0,1.0,0.0
28,215,12.0,6.048678039575739,1.0,1.0,1.0,0.0,0.0,0.0
29,215,12.0,3.0797565456111804,0.0,0.0,1.0,0.0,0.0,1.0
30,215,3.3445474401496327,2.529669773775034,0.0,1.0,0.0,1.0,0.0,1.0
31,215,0.0,5.140503378734285,0.0,1.0,1.0,0.0,0.0,0.0
32,215,10.936475469647592,1.701881557976607,0.0,1.0,1.0,1.0,1.0,1.0
33,215,11.754389499059409,4.027166456838576,1.0,0.0,0.0,1.0,0.0,1.0
34,215,4.155703976839029,6.909263229642127,0.0,0.0,1.0,1.0,0.0,1.0
35,215,2.0479168478523304,6.312171267318708,0.0,0.0,0.0,1.0,0.0,0.0
36,215,1.4842300159741313,11.42859117246154,1.0,1.0,1.0,0.0,0.0,0.0
37,215,10.598494335109567,7.107102399615366,1.0,1.0,0.0,1.0,0.0,1.0
38,215,7.362980083259291,3.2588389585729027,0.0,0.0,1.0,1.0,0.0,0.0
39,215,0.0,7.675095270049677,0.0,1.0,0.0,0.0,0.0,1.0
0,220,3.9566123781564926,0.0,0.0,1.0,1.0,0.0,1.0,0.0
1,220,0.6498328767725283,5.631770652105546,1.0,0.0,0.0,0.0,1.0,0.0
2,220,10.834747793332085,6.354305913249791,0.0,0.0,0.0,1.0,0.0,0.0
3,220,0.0,9.10176556947995,0.0,0.0,0.0,1.0,0.0,0.0
4,220,6.571294387719775,1.2469144688920313,0.0,0.0,1.0,0.0,0.0,0.0
5,220,10.674763795339729,12.0,0.0,1.0,0.0,0.0,0.0,0.0
6,220,2.929916501677948,2.3599365879532,0.0,1.0,0.0,0.0,0.0,0.0
7,220,2.5001679890163917,2.0392746085255484,0.0,0.0,0.0,0.0,0.0,0.0
8,220,2.596555772647034,1.110815244155939,1.0,1.0,0.0,0.0,0.0,0.0
9,220,0.0,0.0,1.0,0.0,0.0,0.0,0.0,1.0
10,220,9.705158443538576,11.978448410414511,1.0,0.0,0.0,1.0,1.0,1.0
11,220,11.086568381954676,11.33441200300748,0.0,0.0,0.0,0.0,1.0,1.0
12,220,8.40268102613523,4.940021199394237,1.0,0.0,0.0,1.0,0.0,0.0
13,220,11.376922680377188,2.3545870638813606,0.0,1.0,1.0,1.0,1.0,0.0
14,220,8.25775686870618,1.4688280018949,0.0,1.0,0.0,0.0,0.0,0.0
15,220,5.850307916709578,0.4241384202312558,1.0,0.0,1.0,1.0,1.0,1.0
16,220,11.04281293988365,8.283211967864363,1.0,0.0,0.0,0.0,0.0,1.0
17,220,6.381892623374992,2.878781708666313,1.0,1.0,0.0,0.0,0.0,0.0
18,220,4.664471895089169,3.763575400324122,1.0,0.0,0.0,0.0,0.0,1.0
19,220,0.0,8.1251503889052,0.0,1.0,0.0,0.0,1.0,0.0
20,220,0.8200992245653219,11.946644559413444,1.0,0.0,1.0,1.0,1.0,1.0
21,220,0.1540364442774613,3.4829997999207665,1.0,0.0,1.0,1.0,0.0,0.0
22,220,0.0,1.2752584380055343,0.0,0.0,1.0,1.0,0.0,0.0
23,220,0.021534275740447,0.4693400629251623,0.0,0.0,1.0,0.0,0.0,1.0
24,220,0.0,6.382020685638464,0.0,0.0,1.0,0.0,0.0,0.0
25,220,12.0,9.938295561095996,1.0,1.0,1.0,0.0,0.0,1.0
26,220,8.982265339779305,8.58481368944663,0.0,0.0,0.0,1.0,1.0,0.0
27,220,6.959284934569528,8.337380764258477,1.0,0.0,0.0,0.0,1.0,0.0
28,220,12.0,6.2198166027765245,1.0,1.0,1.0,0.0,0.0,0.0
29,220,12.0,3.0660123235892094,0.0,0.0,1.0,0.0,0.0,1.0
30,220,3.2981191106971144,2.489000521879269,0.0,1.0,0.0,1.0,0.0,1.0
31,220,0.0,5.285762056490063,0.0,1.0,1.0,0.0,0.0,0.0
32,220,10.935008284789872,1.733780300769369,0.0,1.0,1.0,1.0,1.0,1.0
33,220,11.744050904817009,4.017117378138267,1.0,0.0,0.0,1.0,0.0,1.0
34,220,4.154726178103188,6.922288889089999,0.0,0.0,1.0,1.0,0.0,1.0
35,220,2.1224114155852027,6.228663426255325,0.0,0.0,0.0,1.0,0.0,0.0
36,220,1.3943119106814608,11.4235482038314,1.0,1.0,1.0,0.0,0.0,0.0
37,220,10.602433169215647,7.207215699541624,1.0,1.0,0.0,1.0,0.0,1.0
38,220,7.391605103913073,3.3332004344207515,0.0,0.0,1.0,1.0,0.0,0.0
39,220,0.0,7.695399468868372,0.0,1.0,0.0,0.0,0.0,1.0
0,225,3.958798758371558,0.0,0.0,1.0,1.0,0.0,1.0,0.0
1,225,0.6972402702463094,5.697402953557385,1.0,0.0,0.0,0.0,1.0,0.0
2,225,10.893535532771152,6.434051715430129,0.0,0.0,0.0,1.0,0.0,0.0
3,225,0.0,9.110603647467872,0.0,0.0,0.0,1.0,0.0,0.0
4,225,6.554008025232816,1.237488531089692,0.0,0.0,1.0,0.0,0.0,0.0
5,225,10.902507358876711,12.0,0.0,1.0,0.0,0.0,0.0,0.0
6,225,2.940853793583444,2.381597876661216,0.0,1.0,0.0,0.0,0.0,0.0
7,225,2.5009111893005094,2.0391970064243705,0.0,0.0,0.0,0.0,0.0,0.0
8,225,2.626904885852329,1.0660406783382308,1.0,1.0,0.0,0.0,0.0,0.0
9,225,0.0,0.0,1.0,0.0,0.0,0.0,0.0,1.0
10,225,9.711997177770398,11.996480861629768,1.0,0.0,0.0,1.0,1.0,1.0
11,225,11.077116511728908,11.35116909501935,0.0,0.0,0.0,0.0,1.0,1.0
12,225,8.4958525679425,4.832522259358772,1.0,0.0,0.0,1.0,0.0,0.0
13,225,11.267898233810982,2.15999591245572,0.0,1.0,1.0,1.0,1.0,0.0
14,225,8.301538824605153,1.3919761476249608,0.0,1.0,0.0,0.0,0.0,0.0
15,225,5.803524425141361,0.4468099151523443,1.0,0.0,1.0,1.0,1.0,1.0
16,225,11.041016191152854,8.156826033139915,1.0,0.0,0.0,0.0,0.0,1.0
17,225,6.411402045798286,2.897194068261105,1.0,1.0,0.0,0.0,0.0,0.0
18,225,4.638094883738083,3.621711162683614,1.0,0.0,0.0,0.0,0.0,1.0
19,225,0.0,8.18469674581325,0.0,1.0,0.0,0.0,1.0,0.0
20,225,0.8426172131086666,11.948526604944632,1.0,0.0,1.0,1.0,1.0,1.0
21,225,0.1681353881565548,3.4395746974782937,1.0,0.0,1.0,1.0,0.0,0.0
22,225,0.0,1.0820379210789894,0.0,0.0,1.0,1.0,0.0,0.0
23,225,0.0226977080239597,0.4261942167347521,0.0,0.0,1.0,0.0,0.0,1.0
24,225,0.0,6.349923440658366,0.0,0.0,1.0,0.0,0.0,0.0
25,225,12.0,9.872871684317978,1.0,1.0,1.0,0.0,0.0,1.0
26,225,8.93819386054106,8.593918966052065,0.0,0.0,0.0,1.0,1.0,0.0
27,225,6.956444730002112,8.327489139636777,1.0,0.0,0.0,0.0,1.0,0.0
28,225,12.0,6.396373097079191,1.0,1.0,1.0,0.0,0.0,0.0
29,225,12.0,3.053709853999297,0.0,0.0,1.0,0.0,0.0,1.0
30,225,3.270030046025537,2.465393790769624,0.0,1.0,0.0,1.0,0.0,1.0
31,225,0.0,5.438443760486329,0.0,1.0,1.0,0.0,0.0,0.0
32,225,10.934384184846632,1.7742333902421177,0.0,1.0,1.0,1.0,1.0,1.0
33,225,11.73258028306378,4.006118230201468,1.0,0.0,0.0,1.0,0.0,1.0
34,225,4.153184119812485,6.941325930509698,0.0,0.0,1.0,1.0,0.0,1.0
35,225,2.039515086775402,6.157658560686104,0.0,0.0,0.0,1.0,0.0,0.0
36,225,1.2901693035588402,11.417893181013392,1.0,1.0,1.0,0.0,0.0,0.0
37,225,10.60494761800792,7.312828366809214,1.0,1.0,0.0,1.0,0.0,1.0
38,225,7.416028535351699,3.3914064125455576,0.0,0.0,1.0,1.0,0.0,0.0
39,225,0.0,7.7159963143472545,0.0,1.0,0.0,0.0,0.0,1.0
0,230,3.961541385198791,0.0,0.0,1.0,1.0,0.0,1.0,0.0
1,230,0.7298349701251183,5.743351836240076,1.0,0.0,0.0,0.0,1.0,0.0
2,230,10.95242135116813,6.515616590312503,0.0,0.0,0.0,1.0,0.0,0.0
3,230,0.0,9.116471775835196,0.0,0.0,0.0,1.0,0.0,0.0
4,230,6.553176796627101,1.237040651517246,0.0,0.0,1.0,0.0,0.0,0.0
5,230,11.112799537798232,12.0,0.0,1.0,0.0,0.0,0.0,0.0
6,230,2.94489199619032,2.389899880719732,0.0,1.0,0.0,0.0,0.0,0.0
7,230,2.5040668575483425,2.0388855750661925,0.0,0.0,0.0,0.0,0.0,0.0
8,230,2.655128854025898,1.0262075886522086,1.0,1.0,0.0,0.0,0.0,0.0
9,230,0.0,0.0,1.0,0.0,0.0,0.0,0.0,1.0
10,230,9.726443576546965,12.0,1.0,0.0,0.0,1.0,1.0,1.0
11,230,11.072512779384416,11.35978000800292,0.0,0.0,0.0,0.0,1.0,1.0
12,230,8.587677230596068,4.72760012198022,1.0,0.0,0.0,1.0,0.0,0.0
13,230,11.15912631082606,1.962042407381748,0.0,1.0,1.0,1.0,1.0,0.0
14,230,8.351665126275844,1.2970637541612944,0.0,1.0,0.0,0.0,0.0,0.0
15,230,5.756642255778778,0.4694307724456585,1.0,0.0,1.0,1.0,1.0,1.0
16,230,11.037895163618275,8.05750566777146,1.0,0.0,0.0,0.0,0.0,1.0
17,230,6.449162079205895,2.9210608209471736,1.0,1.0,0.0,0.0,0.0,0.0
18,230,4.611117419328905,3.489731231688989,1.0,0.0,0.0,0.0,0.0,1.0
19,230,0.0,8.236670278595122,0.0,1.0,0.0,0.0,1.0,0.0
20,230,0.8480663513602934,11.948948726517932,1.0,0.0,1.0,1.0,1.0,1.0
21,230,0.1807593421139845,3.40101023359572,1.0,0.0,1.0,1.0,0.0,0.0
22,230,0.0,0.8927925208830811,0.0,0.0,1.0,1.0,0.0,0.0
23,230,0.0238128423276428,0.3967994795793265,0.0,0.0,1.0,0.0,0.0,1.0
24,230,0.0,6.316306165613512,0.0,0.0,1.0,0.0,0.0,0.0
25,230,12.0,9.809628628917729,1.0,1.0,1.0,0.0,0.0,1.0
26,230,8.898659764537106,8.602544114660517,0.0,0.0,0.0,1.0,1.0,0.0
27,230,6.957638897039291,8.331648525711229,1.0,0.0,0.0,0.0,1.0,0.0
28,230,12.0,6.576360691926833,1.0,1.0,1.0,0.0,0.0,0.0
29,230,12.0,3.0419603147432905,0.0,0.0,1.0,0.0,0.0,1.0
30,230,3.235402048079407,2.4366442822888223,0.0,1.0,0.0,1.0,0.0,1.0
31,230,0.0,5.60384788144547,0.0,1.0,1.0,0.0,0.0,0.0
32,230,10.932735698918496,1.8213154963672251,0.0,1.0,1.0,1.0,1.0,1.0
33,230,11.732961335047245,4.006496780919648,1.0,0.0,0.0,1.0,0.0,1.0
34,230,4.150844416463593,6.969059898695925,0.0,0.0,1.0,1.0,0.0,1.0
35,230,1.9602303262178369,6.08726728737847,0.0,0.0,0.0,1.0,0.0,0.0
36,230,1.190051849568296,11.408899909731764,1.0,1.0,1.0,0.0,0.0,0.0
37,230,10.607015307073,7.4222525941355055,1.0,1.0,0.0,1.0,0.0,1.0
38,230,7.439632091999234,3.445265155234968,0.0,0.0,1.0,1.0,0.0,0.0
39,230,0.0,7.736247719833248,0.0,1.0,0.0,0.0,0.0,1.0
0,235,3.965721359191522,0.0,0.0,1.0,1.0,0.0,1.0,0.0
1,235,0.7696851065313072,5.799813413251576,1.0,0.0,0.0,0.0,1.0,0.0
2,235,11.000237681505038,6.580816937304762,0.0,0.0,0.0,1.0,0.0,0.0
3,235,0.0,9.117390238741171,0.0,0.0,0.0,1.0,0.0,0.0
4,235,6.551104847042595,1.235888480862951,0.0,0.0,1.0,0.0,0.0,0.0
5,235,11.30743659728629,12.0,0.0,1.0,0.0,0.0,0.0,0.0
6,235,2.9476683877622407,2.396051401606175,0.0,1.0,0.0,0.0,0.0,0.0
7,235,2.511480533264014,2.038270715154776,0.0,0.0,0.0,0.0,0.0,0.0
8,235,2.684265322378562,0.98662767130929,1.0,1.0,0.0,0.0,0.0,0.0
9,235,0.0,0.0,1.0,0.0,0.0,0.0,0.0,1.0
10,235,9.74108346011676,12.0,1.0,0.0,0.0,1.0,1.0,1.0
11,235,11.061720634615048,11.378462788698274,0.0,0.0,0.0,0.0,1.0,1.0
12,235,8.692637977619269,4.599946698741714,1.0,0.0,0.0,1.0,0.0,0.0
13,235,11.0549188120169,1.7519104406367614,0.0,1.0,1.0,1.0,1.0,0.0
14,235,8.397161435793551,1.2069616357829296,0.0,1.0,0.0,0.0,0.0,0.0
15,235,5.711861378987318,0.4898786535988039,1.0,0.0,1.0,1.0,1.0,1.0
16,235,11.031763912958668,7.964312508219951,1.0,0.0,0.0,0.0,0.0,1.0
17,235,6.490370227055476,2.947186190749885,1.0,1.0,0.0,0.0,0.0,0.0
18,235,4.580449151961727,3.339257623649388,1.0,0.0,0.0,0.0,0.0,1.0
19,235,0.0,8.282702902322834,0.0,1.0,0.0,0.0,1.0,0.0
20,235,0.8601410848608388,11.949633517641503,1.0,0.0,1.0,1.0,1.0,1.0
21,235,0.1897184318683164,3.3738648002590383,1.0,0.0,1.0,1.0,0.0,0.0
22,235,0.0,0.7030330447950934,0.0,0.0,1.0,1.0,0.0,0.0
23,235,0.0246779486964673,0.3769234860379453,0.0,0.0,1.0,0.0,0.0,1.0
24,235,0.0,6.275042703765981,0.0,0.0,1.0,0.0,0.0,0.0
25,235,12.0,9.729271651920095,1.0,1.0,1.0,0.0,0.0,1.0
26,235,8.86882441066686,8.608733466034352,0.0,0.0,0.0,1.0,1.0,0.0
27,235,6.961887676524661,8.345097477363186,1.0,0.0,0.0,0.0,1.0,0.0
28,235,12.0,6.780822824563557,1.0,1.0,1.0,0.0,0.0,0.0
29,235,12.0,3.0294272887872165,0.0,0.0,1.0,0.0,0.0,1.0
30,235,3.205810944485331,2.4122448304295254,0.0,1.0,0.0,1.0,0.0,1.0
31,235,0.0,5.77054347299845,0.0,1.0,1.0,0.0,0.0,0.0
32,235,10.93096218461404,1.8788580619852524,0.0,1.0,1.0,1.0,1.0,1.0
33,235,11.719814909983304,3.992814968336085,1.0,0.0,0.0,1.0,0.0,1.0
34,235,4.149066830849418,6.994091821790641,0.0,0.0,1.0,1.0,0.0,1.0
35,235,1.864924430302671,6.003826554067784,0.0,0.0,0.0,1.0,0.0,0.0
36,235,1.072160981238706,11.39940161691878,1.0,1.0,1.0,0.0,0.0,0.0
37,235,10.609394960563383,7.548835903188669,1.0,1.0,0.0,1.0,0.0,1.0
38,235,7.472490092440886,3.515783349865838,0.0,0.0,1.0,1.0,0.0,0.0
39,235,0.0,7.753592959665795,0.0,1.0,0.0,0.0,0.0,1.0
0,240,3.9688416342163513,0.0,0.0,1.0,1.0,0.0,1.0,0.0
1,240,0.803635257434372,5.8469912611520645,1.0,0.0,0.0,0.0,1.0,0.0
2,240,11.051250277588714,6.64765998766152,0.0,0.0,0.0,1.0,0.0,0.0
3,240,0.0055646119273019,9.115946542549477,0.0,0.0,0.0,1.0,0.0,0.0
4,240,6.539514773924287,1.2290259981003524,0.0,0.0,1.0,0.0,0.0,0.0
5,240,11.500670159724944,12.0,0.0,1.0,0.0,0.0,0.0,0.0
6,240,2.943948976076035,2.387802796439074,0.0,1.0,0.0,0.0,0.0,0.0
7,240,2.5346083605921206,2.037115961384412,0.0,0.0,0.0,0.0,0.0,0.0
8,240,2.718533593707916,0.9376121951775392,1.0,1.0,0.0,0.0,0.0,0.0
9,240,0.0,0.0,1.0,0.0,0.0,0.0,0.0,1.0
10,240,9.755188116533208,12.0,1.0,0.0,0.0,1.0,1.0,1.0
11,240,11.05186976667022,11.3958582568312,0.0,0.0,0.0,0.0,1.0,1.0
12,240,8.794909029086442,4.478165650577148,1.0,0.0,0.0,1.0,0.0,0.0
13,240,10.944000814228694,1.524922319987558,0.0,1.0,1.0,1.0,1.0,0.0
14,240,8.439848717753089,1.1165183098849432,0.0,1.0,0.0,0.0,0.0,0.0
15,240,5.680549554339133,0.5050376364231836,1.0,0.0,1.0,1.0,1.0,1.0
16,240,11.025718215341527,7.875755555274832,1.0,0.0,0.0,0.0,0.0,1.0
17,240,6.522728511967691,2.967118914356675,1.0,1.0,0.0,0.0,0.0,0.0
18,240,4.546122011176271,3.1981801991836325,1.0,0.0,0.0,0.0,0.0,1.0
19,240,0.0,8.33311007226863,0.0,1.0,0.0,0.0,1.0,0.0
20,240,0.8707308408383903,11.950450185673043,1.0,0.0,1.0,1.0,1.0,1.0
21,240,0.2037761751701015,3.3297323933149814,1.0,0.0,1.0,1.0,0.0,0.0
22,240,0.0,0.503249776996945,0.0,0.0,1.0,1.0,0.0,0.0
23,240,0.0245862566841081,0.3800264486736937,0.0,0.0,1.0,0.0,0.0,1.0
24,240,0.0,6.228525703987943,0.0,0.0,1.0,0.0,0.0,0.0
25,240,12.0,9.642686042907153,1.0,1.0,1.0,0.0,0.0,1.0
26,240,8.853673193806232,8.612096737618034,0.0,0.0,0.0,1.0,1.0,0.0
27,240,6.965057538607107,8.354866247308378,1.0,0.0,0.0,0.0,1.0,0.0
28,240,12.0,6.99508995613314,1.0,1.0,1.0,0.0,0.0,0.0
29,240,12.0,3.017794456362772,0.0,0.0,1.0,0.0,0.0,1.0
30,240,3.175207743399721,2.387380447425724,0.0,1.0,0.0,1.0,0.0,1.0
31,240,0.0,5.943357334064902,0.0,1.0,1.0,0.0,0.0,0.0
32,240,10.929219322606446,1.933688375990088,0.0,1.0,1.0,1.0,1.0,1.0
33,240,11.698008105541357,3.970267089461682,1.0,0.0,0.0,1.0,0.0,1.0
34,240,4.148658813959857,7.001913010481036,0.0,0.0,1.0,1.0,0.0,1.0
35,240,1.771614787136743,5.920696005001836,0.0,0.0,0.0,1.0,0.0,0.0
36,240,0.953066184855582,11.387537247345692,1.0,1.0,1.0,0.0,0.0,0.0
37,240,10.612542103730243,7.685167655614106,1.0,1.0,0.0,1.0,0.0,1.0
38,240,7.509129332697589,3.589745286836916,0.0,0.0,1.0,1.0,0.0,0.0
39,240,0.0,7.774215322615547,0.0,1.0,0.0,0.0,0.0,1.0
0,245,3.9734156455621226,0.0,0.0,1.0,1.0,0.0,1.0,0.0
1,245,0.8214455643452657,5.871074719483118,1.0,0.0,0.0,0.0,1.0,0.0
2,245,11.108555962145113,6.720260202310055,0.0,0.0,0.0,1.0,0.0,0.0
3,245,0.0207590069675503,9.11183922240376,0.0,0.0,0.0,1.0,0.0,0.0
4,245,6.541931458187545,1.2250710714906066,0.0,0.0,1.0,0.0,0.0,0.0
5,245,11.693008479756092,12.0,0.0,1.0,0.0,0.0,0.0,0.0
6,245,2.936561528613532,2.370820662962155,0.0,1.0,0.0,0.0,0.0,0.0
7,245,2.5568848594277704,2.0353359700479268,0.0,0.0,0.0,0.0,0.0,0.0
8,245,2.7433258197577213,0.9001603756703351,1.0,1.0,0.0,0.0,0.0,0.0
9,245,0.0,0.0,1.0,0.0,0.0,0.0,0.0,1.0
10,245,9.772994497854384,12.0,1.0,0.0,0.0,1.0,1.0,1.0
11,245,11.044997223075894,11.408252331731344,0.0,0.0,0.0,0.0,1.0,1.0
12,245,8.898919456221646,4.355162843392875,1.0,0.0,0.0,1.0,0.0,0.0
13,245,10.821684810186005,1.2836426789117918,0.0,1.0,1.0,1.0,1.0,0.0
14,245,8.480303752343996,1.02858921349754,0.0,1.0,0.0,0.0,0.0,0.0
15,245,5.647721356653358,0.5212952333480279,1.0,0.0,1.0,1.0,1.0,1.0
16,245,11.020801781481763,7.775683502819289,1.0,0.0,0.0,0.0,0.0,1.0
17,245,6.557784597009575,2.987855485766461,1.0,1.0,0.0,0.0,0.0,0.0
18,245,4.514195020757872,3.0587909839425858,1.0,0.0,0.0,0.0,0.0,1.0
19,245,0.0,8.389636660844086,0.0,1.0,0.0,0.0,1.0,0.0
20,245,0.8733152746113818,11.95060646847714,1.0,0.0,1.0,1.0,1.0,1.0
21,245,0.2158502687557728,3.295824312080669,1.0,0.0,1.0,1.0,0.0,0.0
22,245,0.0,0.2863788155572846,0.0,0.0,1.0,1.0,0.0,0.0
23,245,0.0246574773599611,0.378163998711444,0.0,0.0,1.0,0.0,0.0,1.0
24,245,0.0,6.174361842578165,0.0,0.0,1.0,0.0,0.0,0.0
25,245,12.0,9.557774430717036,1.0,1.0,1.0,0.0,0.0,1.0
26,245,8.841127179605607,8.61435844594494,0.0,0.0,0.0,1.0,1.0,0.0
27,245,6.9675112988687005,8.36260981615448,1.0,0.0,0.0,0.0,1.0,0.0
28,245,12.0,7.200043581738809,1.0,1.0,1.0,0.0,0.0,0.0
29,245,12.0,3.0086290686005914,0.0,0.0,1.0,0.0,0.0,1.0
30,245,3.119518305155266,2.343886593816446,0.0,1.0,0.0,1.0,0.0,1.0
31,245,0.0,6.118792443100921,0.0,1.0,1.0,0.0,0.0,0.0
32,245,10.92735494795511,1.9916802445024968,0.0,1.0,1.0,1.0,1.0,1.0
33,245,11.68794142563234,3.95930590643428,1.0,0.0,0.0,1.0,0.0,1.0
34,245,4.147312968718349,7.023267709709155,0.0,0.0,1.0,1.0,0.0,1.0
35,245,1.6769686004921058,5.8287792785167705,0.0,0.0,0.0,1.0,0.0,0.0
36,245,0.812101204127424,11.373943433951249,1.0,1.0,1.0,0.0,0.0,0.0
37,245,10.614104026642874,7.814678323211491,1.0,1.0,0.0,1.0,0.0,1.0
38,245,7.546338056126995,3.661832621673015,0.0,0.0,1.0,1.0,0.0,0.0
39,245,0.0,7.797582813572049,0.0,1.0,0.0,0.0,0.0,1.0
0,250,3.976753168358775,0.0,0.0,1.0,1.0,0.0,1.0,0.0
1,250,0.8398426430485576,5.895267497847952,1.0,0.0,0.0,0.0,1.0,0.0
2,250,11.152294316276247,6.7749408986415816,0.0,0.0,0.0,1.0,0.0,0.0
3,250,0.0315009702065745,9.109187112303816,0.0,0.0,0.0,1.0,0.0,0.0
4,250,6.543554914165427,1.2225385764790282,0.0,0.0,1.0,0.0,0.0,0.0
5,250,11.88035502889251,12.0,0.0,1.0,0.0,0.0,0.0,0.0
6,250,2.925843068213932,2.342723631097273,0.0,1.0,0.0,0.0,0.0,0.0
7,250,2.579134443578831,2.0328973319320163,0.0,0.0,0.0,0.0,0.0,0.0
8,250,2.785946321848684,0.833979781272234,1.0,1.0,0.0,0.0,0.0,0.0
9,250,0.0,0.0,1.0,0.0,0.0,0.0,0.0,1.0
10,250,9.786390908772674,12.0,1.0,0.0,0.0,1.0,1.0,1.0
11,250,11.03432439219172,11.42724316913827,0.0,0.0,0.0,0.0,1.0,1.0
12,250,9.007207267970848,4.227159588804315,1.0,0.0,0.0,1.0,0.0,0.0
13,250,10.693648721622823,1.0442728747267045,0.0,1.0,1.0,1.0,1.0,0.0
14,250,8.526314360488422,0.9333634353244784,0.0,1.0,0.0,0.0,0.0,0.0
15,250,5.5952329941140375,0.5475363728243712,1.0,0.0,1.0,1.0,1.0,1.0
16,250,11.013679364182725,7.67653407178541,1.0,0.0,0.0,0.0,0.0,1.0
17,250,6.604107215447708,3.0157957967788467,1.0,1.0,0.0,0.0,0.0,0.0
18,250,4.48355579786641,2.9183538044035244,1.0,0.0,0.0,0.0,0.0,1.0
19,250,0.0,8.441304147202743,0.0,1.0,0.0,0.0,1.0,0.0
20,250,0.8826064957705232,11.951133901416677,1.0,0.0,1.0,1.0,1.0,1.0
21,250,0.2259453237005581,3.269078452439202,1.0,0.0,1.0,1.0,0.0,0.0
22,250,0.0,0.0651437576434565,0.0,0.0,1.0,1.0,0.0,0.0
23,250,0.025139772034185,0.3652838110012267,0.0,0.0,1.0,0.0,0.0,1.0
24,250,0.0,6.12687503328204,0.0,0.0,1.0,0.0,0.0,0.0
25,250,12.0,9.484566288384666,1.0,1.0,1.0,0.0,0.0,1.0
26,250,8.824395976452351,8.617050979354307,0.0,0.0,0.0,1.0,1.0,0.0
27,250,6.9716222928836125,8.37635604921015,1.0,0.0,0.0,0.0,1.0,0.0
28,250,12.0,7.39271291147922,1.0,1.0,1.0,0.0,0.0,0.0
29,250,12.0,2.998749930909316,0.0,0.0,1.0,0.0,0.0,1.0
30,250,3.056770310237221,2.293205347859949,0.0,1.0,0.0,1.0,0.0,1.0
31,250,0.0,6.294616376675508,0.0,1.0,1.0,0.0,0.0,0.0
32,250,10.925418635369097,2.073583059664067,0.0,1.0,1.0,1.0,1.0,1.0
33,250,11.683338191927096,3.953956579320764,1.0,0.0,0.0,1.0,0.0,1.0
34,250,4.147143569855631,7.025711885159272,0.0,0.0,1.0,1.0,0.0,1.0
35,250,1.5784927973100005,5.732535983477243,0.0,0.0,0.0,1.0,0.0,0.0
36,250,0.6895424529127322,11.361091691565976,1.0,1.0,1.0,0.0,0.0,0.0
37,250,10.617562592111062,7.9290361402422,1.0,1.0,0.0,1.0,0.0,1.0
38,250,7.58484402062504,3.7404464012705256,0.0,0.0,1.0,1.0,0.0,0.0
39,250,0.0,7.828604572074011,0.0,1.0,0.0,0.0,0.0,1.0
0,255,3.980660435307583,0.0,0.0,1.0,1.0,0.0,1.0,0.0
1,255,0.8516941391545099,5.910269447860768,1.0,0.0,0.0,0.0,1.0,0.0
2,255,11.201986753231967,6.8335527030554415,0.0,0.0,0.0,1.0,0.0,0.0
3,255,0.0399447722702508,9.107014353067408,0.0,0.0,0.0,1.0,0.0,0.0
4,255,6.547722059395774,1.2157529837106882,0.0,0.0,1.0,0.0,0.0,0.0
5,255,12.0,12.0,0.0,1.0,0.0,0.0,0.0,0.0
6,255,2.9102962953682865,2.3016393503942223,0.0,1.0,0.0,0.0,0.0,0.0
7,255,2.5954896956356266,2.0308817155718466,0.0,0.0,0.0,0.0,0.0,0.0
8,255,2.824076274656829,0.7750855562840109,1.0,1.0,0.0,0.0,0.0,0.0
9,255,0.0,0.0,1.0,0.0,0.0,0.0,0.0,1.0
10,255,9.798314293556103,12.0,1.0,0.0,0.0,1.0,1.0,1.0
11,255,11.01667911113796,11.463632903646022,0.0,0.0,0.0,0.0,1.0,1.0
12,255,9.131276860146148,4.08135326253537,1.0,0.0,0.0,1.0,0.0,0.0
13,255,10.574498820907962,0.8151512288381522,0.0,1.0,1.0,1.0,1.0,0.0
14,255,8.570581182169766,0.8421486186423075,0.0,1.0,0.0,0.0,0.0,0.0
15,255,5.55432338836972,0.5686943502608601,1.0,0.0,1.0,1.0,1.0,1.0
16,255,11.009102736527622,7.576793541719031,1.0,0.0,0.0,0.0,0.0,1.0
17,255,6.641514054395292,3.0374523336716703,1.0,1.0,0.0,0.0,0.0,0.0
18,255,4.455994293698748,2.7827566673263804,1.0,0.0,0.0,0.0,0.0,1.0
19,255,0.0,8.48729458214801,0.0,1.0,0.0,0.0,1.0,0.0
20,255,0.8788937573782398,11.950850776799994,1.0,0.0,1.0,1.0,1.0,1.0
21,255,0.2336678260066075,3.248016181110506,1.0,0.0,1.0,1.0,0.0,0.0
22,255,0.0,0.0,0.0,0.0,1.0,1.0,0.0,0.0
23,255,0.0253229564508075,0.3593150039680592,0.0,0.0,1.0,0.0,0.0,1.0
24,255,0.0,6.086500051564877,0.0,0.0,1.0,0.0,0.0,0.0
25,255,12.0,9.414955053202892,1.0,1.0,1.0,0.0,0.0,1.0
26,255,8.801832773590775,8.620016706499534,0.0,0.0,0.0,1.0,1.0,0.0
27,255,6.972594900756383,8.380085052446375,1.0,0.0,0.0,0.0,1.0,0.0
28,255,12.0,7.566775286232867,1.0,1.0,1.0,0.0,0.0,0.0
29,255,12.0,2.993143221949996,0.0,0.0,1.0,0.0,0.0,1.0
30,255,3.005895513481789,2.255758186665926,0.0,1.0,0.0,1.0,0.0,1.0
31,255,0.0,6.478602877662661,0.0,1.0,1.0,0.0,0.0,0.0
32,255,10.924095195772797,2.135664879009933,0.0,1.0,1.0,1.0,1.0,1.0
33,255,11.689139646608444,3.960795271708301,1.0,0.0,0.0,1.0,0.0,1.0
34,255,4.147277076877888,7.02315042036613,0.0,0.0,1.0,1.0,0.0,1.0
35,255,1.4711022566415406,5.633528019341352,0.0,0.0,0.0,1.0,0.0,0.0
36,255,0.5662983057229002,11.349439052551128,1.0,1.0,1.0,0.0,0.0,0.0
37,255,10.618441077147414,8.050411226843979,1.0,1.0,0.0,1.0,0.0,1.0
38,255,7.628417059068479,3.826865294519064,0.0,0.0,1.0,1.0,0.0,0.0
39,255,0.0,7.853927722338716,0.0,1.0,0.0,0.0,0.0,1.0
0,260,3.987197106792993,0.0,0.0,1.0,1.0,0.0,1.0,0.0
1,260,0.8492447205922259,5.90722011876633,1.0,0.0,0.0,0.0,1.0,0.0
2,260,11.257650420513302,6.898858344798012,0.0,0.0,0.0,1.0,0.0,0.0
3,260,0.0707645815344894,9.099143707539268,0.0,0.0,0.0,1.0,0.0,0.0
4,260,6.549903703205247,1.212196312615014,0.0,0.0,1.0,0.0,0.0,0.0
5,260,12.0,12.0,0.0,1.0,0.0,0.0,0.0,0.0
6,260,2.8868287756454567,2.2398902663105003,0.0,1.0,0.0,0.0,0.0,0.0
7,260,2.5940315758676675,2.0310692577574447,0.0,0.0,0.0,0.0,0.0,0.0
8,260,2.8469908214444377,0.7410258406584552,1.0,1.0,0.0,0.0,0.0,0.0
9,260,0.0,0.0,1.0,0.0,0.0,0.0,0.0,1.0
10,260,9.812738741634636,12.0,1.0,0.0,0.0,1.0,1.0,1.0
11,260,10.996110771829006,11.510447423677858,0.0,0.0,0.0,0.0,1.0,1.0
12,260,9.257193503213292,3.924745773612418,1.0,0.0,0.0,1.0,0.0,0.0
13,260,10.457121384283289,0.5938247361741735,0.0,1.0,1.0,1.0,1.0,0.0
14,260,8.611209248885686,0.7607490808648532,0.0,1.0,0.0,0.0,0.0,0.0
15,260,5.52185459533022,0.5850437288804323,1.0,0.0,1.0,1.0,1.0,1.0
16,260,11.006522665554998,7.499913790431216,1.0,0.0,0.0,0.0,0.0,1.0
17,260,6.679230446553276,3.0607457645097678,1.0,1.0,0.0,0.0,0.0,0.0
18,260,4.430363758172427,2.6424324354105533,1.0,0.0,0.0,0.0,0.0,1.0
19,260,0.0,8.527445409370454,0.0,1.0,0.0,0.0,1.0,0.0
20,260,0.865783899601858,11.94943281006321,1.0,0.0,1.0,1.0,1.0,1.0
21,260,0.241790186034123,3.227946024622728,1.0,0.0,1.0,1.0,0.0,0.0
22,260,0.0,0.0,0.0,0.0,1.0,1.0,0.0,0.0
23,260,0.0254993726597898,0.3548767488397714,0.0,0.0,1.0,0.0,0.0,1.0
24,260,0.0,6.047640710003407,0.0,0.0,1.0,0.0,0.0,0.0
25,260,12.0,9.360680640104858,1.0,1.0,1.0,0.0,0.0,1.0
26,260,8.782665253156164,8.62262381856292,0.0,0.0,0.0,1.0,1.0,0.0
27,260,6.974535564493956,8.387554069252127,1.0,0.0,0.0,0.0,1.0,0.0
28,260,12.0,7.758480349630838,1.0,1.0,1.0,0.0,0.0,0.0
29,260,12.0,2.986201249825444,0.0,0.0,1.0,0.0,0.0,1.0
30,260,2.961347089849955,2.221260466850651,0.0,1.0,0.0,1.0,0.0,1.0
31,260,0.0,6.675191551578482,0.0,1.0,1.0,0.0,0.0,0.0
32,260,10.92461475185724,2.204588390186688,0.0,1.0,1.0,1.0,1.0,1.0
33,260,11.689527576793884,3.9612472606177698,1.0,0.0,0.0,1.0,0.0,1.0
34,260,4.145942857382442,7.041048730857646,0.0,0.0,1.0,1.0,0.0,1.0
35,260,1.3533633261552347,5.523937065775381,0.0,0.0,0.0,1.0,0.0,0.0
36,260,0.4350969262100554,11.340443417170462,1.0,1.0,1.0,0.0,0.0,0.0
37,260,10.617927620646032,8.168330723423118,1.0,1.0,0.0,1.0,0.0,1.0
38,260,7.675394149101209,3.920075594042587,0.0,0.0,1.0,1.0,0.0,0.0
39,260,0.0,7.881305100437061,0.0,1.0,0.0,0.0,0.0,1.0
0,265,3.996454200255524,0.0,0.0,1.0,1.0,0.0,1.0,0.0
1,265,0.8469681350880247,5.904474581279254,1.0,0.0,0.0,0.0,1.0,0.0
2,265,11.3166604604495,6.968816964582075,0.0,0.0,0.0,1.0,0.0,0.0
3,265,0.087416177893465,9.094928745280797,0.0,0.0,0.0,1.0,0.0,0.0
4,265,6.556453929487219,1.20169684225557,0.0,0.0,1.0,0.0,0.0,0.0
5,265,12.0,12.0,0.0,1.0,0.0,0.0,0.0,0.0
6,265,2.8585316243293195,2.169864213526217,0.0,1.0,0.0,0.0,0.0,0.0
7,265,2.577847811671347,2.0329998304191648,0.0,0.0,0.0,0.0,0.0,0.0
8,265,2.862097418709315,0.7189710022292616,1.0,1.0,0.0,0.0,0.0,0.0
9,265,0.0,0.0,1.0,0.0,0.0,0.0,0.0,1.0
10,265,9.829640252408218,12.0,1.0,0.0,0.0,1.0,1.0,1.0
11,265,10.964081654040765,11.587412301646236,0.0,0.0,0.0,0.0,1.0,1.0
12,265,9.384058350996789,3.772800327829994,1.0,0.0,0.0,1.0,0.0,0.0
13,265,10.337205296801358,0.376116577393135,0.0,1.0,1.0,1.0,1.0,0.0
14,265,8.653912531299778,0.6801488162846399,0.0,1.0,0.0,0.0,0.0,0.0
15,265,5.493843949669027,0.5979238688639408,1.0,0.0,1.0,1.0,1.0,1.0
16,265,11.001740235504007,7.41957957744444,1.0,0.0,0.0,0.0,0.0,1.0
17,265,6.718202571873106,3.0836879373233903,1.0,1.0,0.0,0.0,0.0,0.0
18,265,4.408356973045313,2.505787637115735,1.0,0.0,0.0,0.0,0.0,1.0
19,265,0.0,8.57477922920463,0.0,1.0,0.0,0.0,1.0,0.0
20,265,0.8560617877692408,11.948571453108908,1.0,0.0,1.0,1.0,1.0,1.0
21,265,0.2544177297789767,3.1963179202502467,1.0,0.0,1.0,1.0,0.0,0.0
22,265,0.0,0.0,0.0,0.0,1.0,1.0,0.0,0.0
23,265,0.0255144870082785,0.3535008630089084,0.0,0.0,1.0,0.0,0.0,1.0
24,265,0.0,6.004556343803454,0.0,0.0,1.0,0.0,0.0,0.0
25,265,12.0,9.304867151661146,1.0,1.0,1.0,0.0,0.0,1.0
26,265,8.785976528010963,8.646422805906273,0.0,0.0,0.0,1.0,1.0,0.0
27,265,6.9741382894620365,8.38616678116926,1.0,0.0,0.0,0.0,1.0,0.0
28,265,12.0,7.934422361018519,1.0,1.0,1.0,0.0,0.0,0.0
29,265,12.0,2.979083931543875,0.0,0.0,1.0,0.0,0.0,1.0
30,265,2.906011237184127,2.1782775568100394,0.0,1.0,0.0,1.0,0.0,1.0
31,265,0.0,6.866864943084525,0.0,1.0,1.0,0.0,0.0,0.0
32,265,10.92494367014772,2.26044254681265,0.0,1.0,1.0,1.0,1.0,1.0
33,265,11.693721603804532,3.9658572333047664,1.0,0.0,0.0,1.0,0.0,1.0
34,265,4.143785888164263,7.063231683897011,0.0,0.0,1.0,1.0,0.0,1.0
35,265,1.2492786248562593,5.429503991469653,0.0,0.0,0.0,1.0,0.0,0.0
36,265,0.3136216271783477,11.333173655956422,1.0,1.0,1.0,0.0,0.0,0.0
37,265,10.613612589180152,8.303565657534525,1.0,1.0,0.0,1.0,0.0,1.0
38,265,7.730115549929884,4.030229272013868,0.0,0.0,1.0,1.0,0.0,0.0
39,265,0.0,7.910681289537899,0.0,1.0,0.0,0.0,0.0,1.0
0,270,4.011499265551793,0.0,0.0,1.0,1.0,0.0,1.0,0.0
1,270,0.8504628337240285,5.908413755054821,1.0,0.0,0.0,0.0,1.0,0.0
2,270,11.379744023357237,7.044515094103336,0.0,0.0,0.0,1.0,0.0,0.0
3,270,0.0906097645254922,9.094155446347038,0.0,0.0,0.0,1.0,0.0,0.0
4,270,6.556491437797438,1.201638217592114,0.0,0.0,1.0,0.0,0.0,0.0
5,270,12.0,12.0,0.0,1.0,0.0,0.0,0.0,0.0
6,270,2.84214501343264,2.130378026845386,0.0,1.0,0.0,0.0,0.0,0.0
7,270,2.5860477243452427,2.0321732248121687,0.0,0.0,0.0,0.0,0.0,0.0
8,270,2.87724791517015,0.6966268514690813,1.0,1.0,0.0,0.0,0.0,0.0
9,270,0.0,0.0,1.0,0.0,0.0,0.0,0.0,1.0
10,270,9.848518654302271,12.0,1.0,0.0,0.0,1.0,1.0,1.0
11,270,10.926558548990627,11.67032972696788,0.0,0.0,0.0,0.0,1.0,1.0
12,270,9.516079042749816,3.616735278262883,1.0,0.0,0.0,1.0,0.0,0.0
13,270,10.216531852724572,0.1550921549341388,0.0,1.0,1.0,1.0,1.0,0.0
14,270,8.691005452481768,0.6120538117285779,0.0,1.0,0.0,0.0,0.0,0.0
15,270,5.453854034267798,0.6168234764599388,1.0,0.0,1.0,1.0,1.0,1.0
16,270,10.99783497562566,7.314390967165228,1.0,0.0,0.0,0.0,0.0,1.0
17,270,6.763866899561232,3.109562446970348,1.0,1.0,0.0,0.0,0.0,0.0
18,270,4.386663454368603,2.357141631959562,1.0,0.0,0.0,0.0,0.0,1.0
19,270,0.0,8.62631606137123,0.0,1.0,0.0,0.0,1.0,0.0
20,270,0.848331373882132,11.948013100689236,1.0,0.0,1.0,1.0,1.0,1.0
21,270,0.2634301184573925,3.173284654749691,1.0,0.0,1.0,1.0,0.0,0.0
22,270,0.0,0.0,0.0,0.0,1.0,1.0,0.0,0.0
23,270,0.0254244548062267,0.3569072730207674,0.0,0.0,1.0,0.0,0.0,1.0
24,270,0.0,5.959785901663564,0.0,0.0,1.0,0.0,0.0,0.0
25,270,12.0,9.238307656438472,1.0,1.0,1.0,0.0,0.0,1.0
26,270,8.789510119265485,8.673459574646175,0.0,0.0,0.0,1.0,1.0,0.0
27,270,6.972064717076116,8.378494869566916,1.0,0.0,0.0,0.0,1.0,0.0
28,270,12.0,8.114775891263267,1.0,1.0,1.0,0.0,0.0,0.0
29,270,12.0,2.9732639558832217,0.0,0.0,1.0,0.0,0.0,1.0
30,270,2.9570007448619884,2.1138686259831543,0.0,1.0,0.0,1.0,0.0,1.0
31,270,0.0,7.058195441999013,0.0,1.0,1.0,0.0,0.0,0.0
32,270,10.926042981933357,2.3066625520954247,0.0,1.0,1.0,1.0,1.0,1.0
33,270,11.694737569403925,3.966871074385888,1.0,0.0,0.0,1.0,0.0,1.0
34,270,4.142217945921582,7.079281394120267,0.0,0.0,1.0,1.0,0.0,1.0
35,270,1.1546398432088765,5.342251253603928,0.0,0.0,0.0,1.0,0.0,0.0
36,270,0.178927555107926,11.32158062366384,1.0,1.0,1.0,0.0,0.0,0.0
37,270,10.607001856799512,8.442898677316274,1.0,1.0,0.0,1.0,0.0,1.0
38,270,7.787626629662479,4.141876244999774,0.0,0.0,1.0,1.0,0.0,0.0
39,270,0.0,7.938985902410799,0.0,1.0,0.0,0.0,0.0,1.0
0,275,4.024911875392377,0.0,0.0,1.0,1.0,0.0,1.0,0.0
1,275,0.8596729203394333,5.91827371516068,1.0,0.0,0.0,0.0,1.0,0.0
2,275,11.43867348498797,7.11058489551049,0.0,0.0,0.0,1.0,0.0,0.0
3,275,0.0742979272403171,9.098048626928705,0.0,0.0,0.0,1.0,0.0,0.0
4,275,6.556703300100559,1.2012871535885563,0.0,0.0,1.0,0.0,0.0,0.0
5,275,12.0,12.0,0.0,1.0,0.0,0.0,0.0,0.0
6,275,2.8323668092307366,2.1067103104094715,0.0,1.0,0.0,0.0,0.0,0.0
7,275,2.5910828172197835,2.0315145122129583,0.0,0.0,0.0,0.0,0.0,0.0
8,275,2.90007705405446,0.6628188992308214,1.0,1.0,0.0,0.0,0.0,0.0
9,275,0.0,0.0,1.0,0.0,0.0,0.0,0.0,1.0
10,275,9.861757533656988,12.0,1.0,0.0,0.0,1.0,1.0,1.0
11,275,10.89528496981076,11.745277668958195,0.0,0.0,0.0,0.0,1.0,1.0
12,275,9.644214516307285,3.4663286522806303,1.0,0.0,0.0,1.0,0.0,0.0
13,275,10.084882079796156,0.0,0.0,1.0,1.0,1.0,1.0,0.0
14,275,8.725629270163752,0.5478348397923161,0.0,1.0,0.0,0.0,0.0,0.0
15,275,5.395895159349773,0.6427319110912219,1.0,0.0,1.0,1.0,1.0,1.0
16,275,10.996510629644728,7.214985911022894,1.0,0.0,0.0,0.0,0.0,1.0
17,275,6.814529645786315,3.1391869101838275,1.0,1.0,0.0,0.0,0.0,0.0
18,275,4.373996600978032,2.219235674349831,1.0,0.0,0.0,0.0,0.0,1.0
19,275,0.0,8.680669999420298,0.0,1.0,0.0,0.0,1.0,0.0
20,275,0.8350428908118279,11.947253807252556,1.0,0.0,1.0,1.0,1.0,1.0
21,275,0.2768126074260719,3.136406835892224,1.0,0.0,1.0,1.0,0.0,0.0
22,275,0.0,0.0,0.0,0.0,1.0,1.0,0.0,0.0
23,275,0.0259421117677563,0.3447279916603277,0.0,0.0,1.0,0.0,0.0,1.0
24,275,0.0,5.909865806717576,0.0,0.0,1.0,0.0,0.0,0.0
25,275,12.0,9.179894460570786,1.0,1.0,1.0,0.0,0.0,1.0
26,275,8.791719051993422,8.691455332248244,0.0,0.0,0.0,1.0,1.0,0.0
27,275,6.962744915472527,8.345814509083649,1.0,0.0,0.0,0.0,1.0,0.0
28,275,12.0,8.29023967308724,1.0,1.0,1.0,0.0,0.0,0.0
29,275,12.0,2.9662149630469825,0.0,0.0,1.0,0.0,0.0,1.0
30,275,3.014370945211707,2.0437112467835257,0.0,1.0,0.0,1.0,0.0,1.0
31,275,0.0,7.257932401880416,0.0,1.0,1.0,0.0,0.0,0.0
32,275,10.926817454719416,2.358750861479836,0.0,1.0,1.0,1.0,1.0,1.0
33,275,11.695600864365051,3.967734134023649,1.0,0.0,0.0,1.0,0.0,1.0
34,275,4.141140121915712,7.093345294279805,0.0,0.0,1.0,1.0,0.0,1.0
35,275,1.0468033093590858,5.24369655199734,0.0,0.0,0.0,1.0,0.0,0.0
36,275,0.0687973648118181,11.313095368563117,1.0,1.0,1.0,0.0,0.0,0.0
37,275,10.601554779448808,8.597298606030884,1.0,1.0,0.0,1.0,0.0,1.0
38,275,7.86176750924207,4.29107679827187,0.0,0.0,1.0,1.0,0.0,0.0
39,275,0.0,7.967981789411623,0.0,1.0,0.0,0.0,0.0,1.0
0,280,4.035347572759646,0.0,0.0,1.0,1.0,0.0,1.0,0.0
1,280,0.8612027982774764,5.91985196579643,1.0,0.0,0.0,0.0,1.0,0.0
2,280,11.5070328530652,7.185931203018571,0.0,0.0,0.0,1.0,0.0,0.0
3,280,0.0609601885083638,9.101484993705274,0.0,0.0,0.0,1.0,0.0,0.0
4,280,6.558555987057962,1.198287431615277,0.0,0.0,1.0,0.0,0.0,0.0
5,280,12.0,12.0,0.0,1.0,0.0,0.0,0.0,0.0
6,280,2.8174852196222013,2.072870645700964,0.0,1.0,0.0,0.0,0.0,0.0
7,280,2.5875611042683926,2.032047662772941,0.0,0.0,0.0,0.0,0.0,0.0
8,280,2.929731945593776,0.6195180192227134,1.0,1.0,0.0,0.0,0.0,0.0
9,280,0.0,0.0,1.0,0.0,0.0,0.0,0.0,1.0
10,280,9.865125285709052,12.0,1.0,0.0,0.0,1.0,1.0,1.0
11,280,10.856946997197351,11.836357399276704,0.0,0.0,0.0,0.0,1.0,1.0
12,280,9.762049966151192,3.3244834005127064,1.0,0.0,0.0,1.0,0.0,0.0
13,280,9.964227220241265,0.0,0.0,1.0,1.0,1.0,1.0,0.0
14,280,8.760107004133413,0.4877212412172041,0.0,1.0,0.0,0.0,0.0,0.0
15,280,5.329298660270807,0.6731755163087526,1.0,0.0,1.0,1.0,1.0,1.0
16,280,10.994374678092708,7.12419737307372,1.0,0.0,0.0,0.0,0.0,1.0
17,280,6.865773683992037,3.1683499508508715,1.0,1.0,0.0,0.0,0.0,0.0
18,280,4.3607979834219925,2.084077331949446,1.0,0.0,0.0,0.0,0.0,1.0
19,280,0.0,8.736919736929083,0.0,1.0,0.0,0.0,1.0,0.0
20,280,0.8189961250511667,11.946326567319394,1.0,0.0,1.0,1.0,1.0,1.0
21,280,0.2896004107202446,3.1019401503745447,1.0,0.0,1.0,1.0,0.0,0.0
22,280,0.0,0.0,0.0,0.0,1.0,1.0,0.0,0.0
23,280,0.0278608411163148,0.3165568822819808,0.0,0.0,1.0,0.0,0.0,1.0
24,280,0.0,5.847002654966216,0.0,0.0,1.0,0.0,0.0,0.0
25,280,12.0,9.122826134097302,1.0,1.0,1.0,0.0,0.0,1.0
26,280,8.788729683414275,8.691847367253278,0.0,0.0,0.0,1.0,1.0,0.0
27,280,6.957116777298451,8.32623654918145,1.0,0.0,0.0,0.0,1.0,0.0
28,280,12.0,8.471893460481981,1.0,1.0,1.0,0.0,0.0,0.0
29,280,12.0,2.960375304874288,0.0,0.0,1.0,0.0,0.0,1.0
30,280,3.0737653016631925,1.968135891008819,0.0,1.0,0.0,1.0,0.0,1.0
31,280,0.0,7.472755413350331,0.0,1.0,1.0,0.0,0.0,0.0
32,280,10.929576880485245,2.421692654228719,0.0,1.0,1.0,1.0,1.0,1.0
33,280,11.707214185816122,3.956132338133586,1.0,0.0,0.0,1.0,0.0,1.0
34,280,4.13885343726411,7.120684841676329,0.0,0.0,1.0,1.0,0.0,1.0
35,280,0.9419784899856232,5.145576957573544,0.0,0.0,0.0,1.0,0.0,0.0
36,280,0.0,11.306972547266367,1.0,1.0,1.0,0.0,0.0,0.0
37,280,10.587982574503371,8.757477282367557,1.0,1.0,0.0,1.0,0.0,1.0
38,280,7.949737141990265,4.468556023611732,0.0,0.0,1.0,1.0,0.0,0.0
39,280,0.0,7.998409751150347,0.0,1.0,0.0,0.0,0.0,1.0
0,285,4.047284826741745,0.0,0.0,1.0,1.0,0.0,1.0,0.0
1,285,0.8835019624909036,5.942462229289312,1.0,0.0,0.0,0.0,1.0,0.0
2,285,11.581682214524484,7.266878897019527,0.0,0.0,0.0,1.0,0.0,0.0
3,285,0.0821103059880818,9.095557585729074,0.0,0.0,0.0,1.0,0.0,0.0
4,285,6.57934224110312,1.1667045819538997,0.0,0.0,1.0,0.0,0.0,0.0
5,285,12.0,12.0,0.0,1.0,0.0,0.0,0.0,0.0
6,285,2.7916921931245464,2.016351510005112,0.0,1.0,0.0,0.0,0.0,0.0
7,285,2.6009386059460686,2.0297755626558924,0.0,0.0,0.0,0.0,0.0,0.0
8,285,2.961608122308577,0.573357432029098,1.0,1.0,0.0,0.0,0.0,0.0
9,285,0.0,0.0,1.0,0.0,0.0,0.0,0.0,1.0
10,285,9.85490105881273,11.97626012983156,1.0,0.0,0.0,1.0,1.0,1.0
11,285,10.814062790362344,11.946379127659018,0.0,0.0,0.0,0.0,1.0,1.0
12,285,9.863599591994902,3.2011945680110103,1.0,0.0,0.0,1.0,0.0,0.0
13,285,9.845556561245786,0.0,0.0,1.0,1.0,1.0,1.0,0.0
14,285,8.799810650285908,0.4180330822891899,0.0,1.0,0.0,0.0,0.0,0.0
15,285,5.270084381685566,0.7010674003613684,1.0,0.0,1.0,1.0,1.0,1.0
16,285,10.991319658136089,7.037169056937072,1.0,0.0,0.0,0.0,0.0,1.0
17,285,6.934694625620207,3.2100757006992247,1.0,1.0,0.0,0.0,0.0,0.0
18,285,4.346913086875958,1.9536952986190437,1.0,0.0,0.0,0.0,0.0,1.0
19,285,0.0,8.79356000179107,0.0,1.0,0.0,0.0,1.0,0.0
20,285,0.7761276834765773,11.943041623571514,1.0,0.0,1.0,1.0,1.0,1.0
21,285,0.2986190611539455,3.0763057599976804,1.0,0.0,1.0,1.0,0.0,0.0
22,285,0.0,0.0,0.0,0.0,1.0,1.0,0.0,0.0
23,285,0.0297006361366996,0.2929197581878083,0.0,0.0,1.0,0.0,0.0,1.0
24,285,0.0,5.769549622581501,0.0,0.0,1.0,0.0,0.0,0.0
25,285,12.0,9.072146416897382,1.0,1.0,1.0,0.0,0.0,1.0
26,285,8.79562269068762,8.691019061361843,0.0,0.0,0.0,1.0,1.0,0.0
27,285,6.958962468374233,8.33243354112383,1.0,0.0,0.0,0.0,1.0,0.0
28,285,12.0,8.655218305779355,1.0,1.0,1.0,0.0,0.0,0.0
29,285,12.0,2.954207084043092,0.0,0.0,1.0,0.0,0.0,1.0
30,285,3.1247317060514934,1.9058640163503375,0.0,1.0,0.0,1.0,0.0,1.0
31,285,0.0,7.6850256482357615,0.0,1.0,1.0,0.0,0.0,0.0
32,285,10.929642978209028,2.4908330428388066,0.0,1.0,1.0,1.0,1.0,1.0
33,285,11.717829452593104,3.9453947952657047,1.0,0.0,0.0,1.0,0.0,1.0
34,285,4.1378379564680925,7.137655899060214,0.0,0.0,1.0,1.0,0.0,1.0
35,285,0.8418866101419543,5.048454922733326,0.0,0.0,0.0,1.0,0.0,0.0
36,285,0.0,11.30426304820297,1.0,1.0,1.0,0.0,0.0,0.0
37,285,10.566994791144763,8.946477292521829,1.0,1.0,0.0,1.0,0.0,1.0
38,285,8.034373386399416,4.651485112589411,0.0,0.0,1.0,1.0,0.0,0.0
39,285,0.0,8.032286989522527,0.0,1.0,0.0,0.0,0.0,1.0
0,290,4.055512161609383,0.0,0.0,1.0,1.0,0.0,1.0,0.0
1,290,0.9225111768939064,5.984698059921179,1.0,0.0,0.0,0.0,1.0,0.0
2,290,11.661527889424926,7.351825120875005,0.0,0.0,0.0,1.0,0.0,0.0
3,290,0.106179127489974,9.08822538003733,0.0,0.0,0.0,1.0,0.0,0.0
4,290,6.596830277664367,1.1401609747893884,0.0,0.0,1.0,0.0,0.0,0.0
5,290,12.0,12.0,0.0,1.0,0.0,0.0,0.0,0.0
6,290,2.7608872995576763,1.953454668605641,0.0,1.0,0.0,0.0,0.0,0.0
7,290,2.6192473914496905,2.0271176707523293,0.0,0.0,0.0,0.0,0.0,0.0
8,290,2.9900425426643222,0.5327041604025704,1.0,1.0,0.0,0.0,0.0,0.0
9,290,0.0,0.0,1.0,0.0,0.0,0.0,0.0,1.0
10,290,9.850615386545217,11.966348936456193,1.0,0.0,0.0,1.0,1.0,1.0
11,290,10.764576723545336,12.0,0.0,0.0,0.0,0.0,1.0,1.0
12,290,9.975790707329429,3.076778808839385,1.0,0.0,0.0,1.0,0.0,0.0
13,290,9.722257775872372,0.0,0.0,1.0,1.0,1.0,1.0,0.0
14,290,8.849010829829053,0.3291903930739032,0.0,1.0,0.0,0.0,0.0,0.0
15,290,5.203182143699556,0.7323013265399164,1.0,0.0,1.0,1.0,1.0,1.0
16,290,10.98903807026916,6.955592791927852,1.0,0.0,0.0,0.0,0.0,1.0
17,290,7.014324715858884,3.261905678874104,1.0,1.0,0.0,0.0,0.0,0.0
18,290,4.336158348353317,1.816226725703854,1.0,0.0,0.0,0.0,0.0,1.0
19,290,0.0,8.85607320369318,0.0,1.0,0.0,0.0,1.0,0.0
20,290,0.7385072003296851,11.941295941887688,1.0,0.0,1.0,1.0,1.0,1.0
21,290,0.3082776839635505,3.049960015340519,1.0,0.0,1.0,1.0,0.0,0.0
22,290,0.0,0.0,0.0,0.0,1.0,1.0,0.0,0.0
23,290,0.0325675690360928,0.2617166431181627,0.0,0.0,1.0,0.0,0.0,1.0
24,290,0.0,5.694974332944362,0.0,0.0,1.0,0.0,0.0,0.0
25,290,12.0,9.018919084512689,1.0,1.0,1.0,0.0,0.0,1.0
26,290,8.797593816436514,8.690788986564092,0.0,0.0,0.0,1.0,1.0,0.0
27,290,6.959783118366564,8.33527522361119,1.0,0.0,0.0,0.0,1.0,0.0
28,290,12.0,8.857263188388819,1.0,1.0,1.0,0.0,0.0,0.0
29,290,12.0,2.9480037883688235,0.0,0.0,1.0,0.0,0.0,1.0
30,290,3.1910771609321955,1.825701354013554,0.0,1.0,0.0,1.0,0.0,1.0
31,290,0.0,7.902632569493397,0.0,1.0,1.0,0.0,0.0,0.0
32,290,10.929306691974014,2.5508957139980035,0.0,1.0,1.0,1.0,1.0,1.0
33,290,11.72396675527388,3.951676610843332,1.0,0.0,0.0,1.0,0.0,1.0
34,290,4.136831756876591,7.156901231808408,0.0,0.0,1.0,1.0,0.0,1.0
35,290,0.7476145051202256,4.955171531240292,0.0,0.0,0.0,1.0,0.0,0.0
36,290,0.0,11.302663255792789,1.0,1.0,1.0,0.0,0.0,0.0
37,290,10.548616174786192,9.137660552179064,1.0,1.0,0.0,1.0,0.0,1.0
38,290,8.131776468152484,4.857796062289923,0.0,0.0,1.0,1.0,0.0,0.0
39,290,0.0,8.062358018252567,0.0,1.0,0.0,0.0,0.0,1.0
0,295,4.063015182543166,0.0,0.0,1.0,1.0,0.0,1.0,0.0
1,295,0.9593674408380302,6.025382775950859,1.0,0.0,0.0,0.0,1.0,0.0
2,295,11.740235646139276,7.434526113701304,0.0,0.0,0.0,1.0,0.0,0.0
3,295,0.1345391573105298,9.080402306400844,0.0,0.0,0.0,1.0,0.0,0.0
4,295,6.6257396657098,1.0975223321750345,0.0,0.0,1.0,0.0,0.0,0.0
5,295,12.0,12.0,0.0,1.0,0.0,0.0,0.0,0.0
6,295,2.725893000382738,1.877199836570437,0.0,1.0,0.0,0.0,0.0,0.0
7,295,2.6408779283883224,2.024457376208688,0.0,0.0,0.0,0.0,0.0,0.0
8,295,3.0138123481076176,0.4973174726088134,1.0,1.0,0.0,0.0,0.0,0.0
9,295,0.0,0.0,1.0,0.0,0.0,0.0,0.0,1.0
10,295,9.84190970831578,11.945093354092435,1.0,0.0,0.0,1.0,1.0,1.0
11,295,10.715092627457503,12.0,0.0,0.0,0.0,0.0,1.0,1.0
12,295,10.075255186183442,2.9653380638882485,1.0,0.0,0.0,1.0,0.0,0.0
13,295,9.607075072804577,0.0,0.0,1.0,1.0,1.0,1.0,0.0
14,295,8.898910311712378,0.2438328878735352,0.0,1.0,0.0,0.0,0.0,0.0
15,295,5.126474100955528,0.7673470476138352,1.0,0.0,1.0,1.0,1.0,1.0
16,295,10.986130641847195,6.874379370728642,1.0,0.0,0.0,0.0,0.0,1.0
17,295,7.103669742068727,3.318693334704797,1.0,1.0,0.0,0.0,0.0,0.0
18,295,4.3254179723048205,1.6836372973999298,1.0,0.0,0.0,0.0,0.0,1.0
19,295,0.0,8.919114123682942,0.0,1.0,0.0,0.0,1.0,0.0
20,295,0.6936865779176578,11.940429662525505,1.0,0.0,1.0,1.0,1.0,1.0
21,295,0.31745864198704,3.025031597306459,1.0,0.0,1.0,1.0,0.0,0.0
22,295,0.0,0.0,0.0,0.0,1.0,1.0,0.0,0.0
23,295,0.0354213178787533,0.233870329697658,0.0,0.0,1.0,0.0,0.0,1.0
24,295,0.0,5.62877493102473,0.0,0.0,1.0,0.0,0.0,0.0
25,295,12.0,8.963604402489539,1.0,1.0,1.0,0.0,0.0,1.0
26,295,8.8062604314117,8.68992808907967,0.0,0.0,0.0,1.0,1.0,0.0
27,295,6.961217632016028,8.340225123751368,1.0,0.0,0.0,0.0,1.0,0.0
28,295,12.0,9.02711669060498,1.0,1.0,1.0,0.0,0.0,0.0
29,295,12.0,2.9434474619932667,0.0,0.0,1.0,0.0,0.0,1.0
30,295,3.2529844215420747,1.7521726416187016,0.0,1.0,0.0,1.0,0.0,1.0
31,295,0.0,8.109783078808796,0.0,1.0,1.0,0.0,0.0,0.0
32,295,10.92954212348121,2.617437048898025,0.0,1.0,1.0,1.0,1.0,1.0
33,295,11.747189557559702,3.9744408195145504,1.0,0.0,0.0,1.0,0.0,1.0
34,295,4.134969714690013,7.192456759057131,0.0,0.0,1.0,1.0,0.0,1.0
35,295,0.6532987364495012,4.86538391412235,0.0,0.0,0.0,1.0,0.0,0.0
36,295,0.0,11.306117522145414,1.0,1.0,1.0,0.0,0.0,0.0
37,295,10.528750734106373,9.32479877647749,1.0,1.0,0.0,1.0,0.0,1.0
38,295,8.210946820589184,5.031209796779358,0.0,0.0,1.0,1.0,0.0,0.0
39,295,0.0,8.095990488020542,0.0,1.0,0.0,0.0,0.0,1.0
