0,0,9.962381508367852,1.00771037518006,1.0,0.0,1.0,0.0,0.0,1.0
1,0,7.9145893580544175,5.976103664593298,1.0,0.0,0.0,1.0,1.0,0.0
2,0,5.91843828150875,3.017455084043524,0.0,0.0,0.0,0.0,1.0,1.0
3,0,2.971076629357586,10.96073124266651,1.0,0.0,0.0,0.0,0.0,0.0
4,0,4.988905742940854,5.032714022059326,0.0,0.0,1.0,0.0,0.0,1.0
5,0,7.989845916601071,3.9354039483527856,0.0,1.0,1.0,0.0,0.0,0.0
6,0,7.971147843922066,7.94894718288791,0.0,0.0,0.0,0.0,1.0,1.0
7,0,3.0170217153791707,0.0575374028005679,1.0,0.0,0.0,0.0,0.0,1.0
8,0,5.0827605678547965,9.97056957801938,0.0,1.0,1.0,1.0,0.0,1.0
9,0,11.925370538594066,0.0,0.0,0.0,0.0,0.0,1.0,1.0
10,0,4.051740137980628,4.997572352490233,1.0,0.0,0.0,0.0,0.0,0.0
11,0,2.9946404304866165,6.92213752315616,0.0,1.0,1.0,0.0,0.0,1.0
12,0,5.991797291332393,12.0,1.0,0.0,1.0,0.0,1.0,1.0
13,0,7.945022327367751,9.958794231070108,0.0,1.0,1.0,1.0,1.0,0.0
14,0,4.997723519103012,6.951324138393997,0.0,1.0,0.0,1.0,0.0,0.0
15,0,12.0,4.987931409483801,0.0,0.0,0.0,0.0,1.0,1.0
16,0,1.9507912320941072,4.961253868936997,1.0,1.0,1.0,0.0,0.0,0.0
17,0,9.931099730222336,5.991468457434214,1.0,0.0,0.0,1.0,1.0,1.0
18,0,11.04786476616676,9.008031355697623,1.0,1.0,0.0,0.0,0.0,1.0
19,0,3.9372224014594135,3.963344407949056,1.0,1.0,1.0,0.0,0.0,0.0
20,0,3.968247383544461,5.074129200150338,0.0,0.0,1.0,1.0,1.0,0.0
21,0,4.942846130298175,6.998430134107035,1.0,0.0,1.0,0.0,0.0,1.0
22,0,3.976283422949885,2.9650713006616334,0.0,1.0,1.0,1.0,0.0,1.0
23,0,10.930915265134669,3.01964880383159,0.0,0.0,0.0,0.0,0.0,0.0
24,0,9.0575814916181,6.994176945144123,0.0,0.0,1.0,1.0,0.0,0.0
25,0,2.0246070665123463,7.970258490582587,0.0,0.0,0.0,0.0,0.0,1.0
26,0,3.962501465990645,10.03618499536297,0.0,0.0,0.0,0.0,1.0,0.0
27,0,9.94944715237676,0.0107042892398678,0.0,1.0,0.0,0.0,0.0,1.0
28,0,0.0,3.987591203858953,1.0,1.0,0.0,1.0,0.0,1.0
29,0,5.078013202023081,0.0071056305961034,0.0,0.0,0.0,0.0,0.0,0.0
30,0,5.021921421629833,3.0522107023698597,0.0,0.0,1.0,1.0,0.0,0.0
31,0,11.96361748498765,11.958197676725652,0.0,0.0,0.0,0.0,0.0,1.0
32,0,4.015747026894834,0.9553862993701012,1.0,1.0,0.0,0.0,0.0,0.0
33,0,4.956544253882255,9.0745734439621,1.0,1.0,0.0,0.0,1.0,0.0
34,0,2.987948203175514,1.0329495490325782,0.0,0.0,0.0,1.0,0.0,0.0
35,0,10.06649768097233,2.037956891946095,1.0,1.0,1.0,0.0,0.0,1.0
36,0,8.997158025960594,0.9603501012828932,0.0,1.0,0.0,1.0,0.0,0.0
37,0,3.953041437271607,2.954488535205177,0.0,1.0,0.0,0.0,0.0,0.0
38,0,11.96701196418553,0.0420233383614102,1.0,0.0,0.0,1.0,0.0,0.0
39,0,6.027517529604332,0.0,1.0,1.0,1.0,1.0,0.0,0.0
0,5,9.915416865648517,1.0161898705262329,1.0,0.0,1.0,0.0,0.0,1.0
1,5,7.807754159501499,5.948205049950828,1.0,0.0,0.0,1.0,1.0,0.0
2,5,5.815235939765098,3.04011571234229,0.0,0.0,0.0,0.0,1.0,1.0
3,5,2.950499575037257,10.933102766724788,1.0,0.0,0.0,0.0,0.0,0.0
4,5,4.981234013077329,5.0549403616244994,0.0,0.0,1.0,0.0,0.0,1.0
5,5,7.979794355332271,3.866133782224841,0.0,1.0,1.0,0.0,0.0,0.0
6,5,7.9417271342807,7.898141456282168,0.0,0.0,0.0,0.0,1.0,1.0
7,5,3.029477567346992,0.1000243652210758,1.0,0.0,0.0,0.0,0.0,1.0
8,5,5.160031603089649,9.942926201097748,0.0,1.0,1.0,1.0,0.0,1.0
9,5,11.858499272855113,0.0,0.0,0.0,0.0,0.0,1.0,1.0
10,5,4.131709054181186,4.993134162544891,1.0,0.0,0.0,0.0,0.0,0.0
11,5,2.9869651106088897,6.831609924198414,0.0,1.0,1.0,0.0,0.0,1.0
12,5,5.984452167512618,12.0,1.0,0.0,1.0,0.0,1.0,1.0
13,5,7.871135255170341,9.9009998472184,0.0,1.0,1.0,1.0,1.0,0.0
14,5,4.994787557648986,6.884278144386323,0.0,1.0,0.0,1.0,0.0,0.0
15,5,12.0,4.972037013016695,0.0,0.0,0.0,0.0,1.0,1.0
16,5,1.912785420712016,4.931434559013226,1.0,1.0,1.0,0.0,0.0,0.0
17,5,9.87859110327912,5.983534931024511,1.0,0.0,0.0,1.0,1.0,1.0
18,5,11.084849572473406,9.015870955155792,1.0,1.0,0.0,0.0,0.0,1.0
19,5,3.863370423166376,3.918736557341144,1.0,1.0,1.0,0.0,0.0,0.0
20,5,3.933232629392475,5.172136020129069,0.0,0.0,1.0,1.0,1.0,0.0
21,5,4.8916111360512335,6.995912998720735,1.0,0.0,1.0,0.0,0.0,1.0
22,5,3.953168175253417,2.9297145608165875,0.0,1.0,1.0,1.0,0.0,1.0
23,5,10.869413725270288,3.03655847862882,0.0,0.0,0.0,0.0,0.0,0.0
24,5,9.125249776828152,6.986822284231439,0.0,0.0,1.0,1.0,0.0,0.0
25,5,2.0428403826423938,7.948849941342916,0.0,0.0,0.0,0.0,0.0,1.0
26,5,3.9343796932998423,10.063617037924171,0.0,0.0,0.0,0.0,1.0,0.0
27,5,9.89442368020315,0.0220317001879495,0.0,1.0,0.0,0.0,0.0,1.0
28,5,0.0,3.979593791067285,1.0,1.0,0.0,1.0,0.0,1.0
29,5,5.14471051671464,0.0130776724479761,0.0,0.0,0.0,0.0,0.0,0.0
30,5,5.046448178974343,3.1121128411290457,0.0,0.0,1.0,1.0,0.0,0.0
31,5,11.929129120722548,11.919857109483242,0.0,0.0,0.0,0.0,0.0,1.0
32,5,4.029147873535561,0.9183258214476678,1.0,1.0,0.0,0.0,0.0,0.0
33,5,4.902970169571637,9.163214640718495,1.0,1.0,0.0,0.0,1.0,0.0
34,5,2.976995487467178,1.0623486261436657,0.0,0.0,0.0,1.0,0.0,0.0
35,5,10.123542360900975,2.07187959642679,1.0,1.0,1.0,0.0,0.0,1.0
36,5,8.995170630124726,0.929672682918056,0.0,1.0,0.0,1.0,0.0,0.0
37,5,3.9046739899965432,2.905211414020537,0.0,1.0,0.0,0.0,0.0,0.0
38,5,11.931130939474514,0.0882634199417816,1.0,0.0,0.0,1.0,0.0,0.0
39,5,6.053426486623757,0.0,1.0,1.0,1.0,1.0,0.0,0.0
0,10,9.86584151309436,1.0234771739339903,1.0,0.0,1.0,0.0,0.0,1.0
1,10,7.690720614042976,5.917143376915763,1.0,0.0,0.0,1.0,1.0,0.0
2,10,5.743933996796921,3.055979216445888,0.0,0.0,0.0,0.0,1.0,1.0
3,10,2.931539714292232,10.90734851423723,1.0,0.0,0.0,0.0,0.0,0.0
4,10,4.9756905961207885,5.070296686029085,0.0,0.0,1.0,0.0,0.0,1.0
5,10,7.972232499889655,3.811641510827506,0.0,1.0,1.0,0.0,0.0,0.0
6,10,7.914185889814471,7.851709871759366,0.0,0.0,0.0,0.0,1.0,1.0
7,10,3.0372187005866382,0.1293941513572619,1.0,0.0,0.0,0.0,0.0,1.0
8,10,5.249955644600727,9.911996031100363,0.0,1.0,1.0,1.0,0.0,1.0
9,10,11.766989750186578,0.0,0.0,0.0,0.0,0.0,1.0,1.0
10,10,4.196806647244507,4.989207644505555,1.0,0.0,0.0,0.0,0.0,0.0
11,10,2.879756379803705,6.840761465221566,0.0,1.0,1.0,0.0,0.0,1.0
12,10,5.978963153714035,12.0,1.0,0.0,1.0,0.0,1.0,1.0
13,10,7.790857478606662,9.842801322205483,0.0,1.0,1.0,1.0,1.0,0.0
14,10,4.993025678716931,6.818540272271239,0.0,1.0,0.0,1.0,0.0,0.0
15,10,12.0,4.961448096169076,0.0,0.0,0.0,0.0,1.0,1.0
16,10,1.867880755231721,4.896079379435121,1.0,1.0,1.0,0.0,0.0,0.0
17,10,9.826783708168,5.976736521069526,1.0,0.0,0.0,1.0,1.0,1.0
18,10,11.115810415181697,9.0224321333187,1.0,1.0,0.0,0.0,0.0,1.0
19,10,3.796567608957487,3.877807323535019,1.0,1.0,1.0,0.0,0.0,0.0
20,10,3.8995118756760982,5.266262681025276,0.0,0.0,1.0,1.0,1.0,0.0
21,10,4.831888912755794,6.993974813005413,1.0,0.0,1.0,0.0,0.0,1.0
22,10,3.9327621397107024,2.899328031479454,0.0,1.0,1.0,1.0,0.0,1.0
23,10,10.819734036483878,3.0499353964072324,0.0,0.0,0.0,0.0,0.0,0.0
24,10,9.189803889404162,6.978285731567762,0.0,0.0,1.0,1.0,0.0,0.0
25,10,2.0543356888203608,7.935389254952967,0.0,0.0,0.0,0.0,0.0,1.0
26,10,3.90847367004043,10.088590061742591,0.0,0.0,0.0,0.0,1.0,0.0
27,10,9.837362799547586,0.0327632896220179,0.0,1.0,0.0,0.0,0.0,1.0
28,10,0.0,3.9691114225076967,1.0,1.0,0.0,1.0,0.0,1.0
29,10,5.198395439072822,0.0180962322372027,0.0,0.0,0.0,0.0,0.0,0.0
30,10,5.067340012605778,3.165071877409852,0.0,0.0,1.0,1.0,0.0,0.0
31,10,11.893864601725893,11.881104369101775,0.0,0.0,0.0,0.0,0.0,1.0
32,10,4.036417614803926,0.899296269705612,1.0,1.0,0.0,0.0,0.0,0.0
33,10,4.844377605177874,9.256801538596283,1.0,1.0,0.0,0.0,1.0,0.0
34,10,2.9653611152374784,1.0927570200057053,0.0,0.0,0.0,1.0,0.0,0.0
35,10,10.18081698397992,2.106947858178536,1.0,1.0,1.0,0.0,0.0,1.0
36,10,8.993555457703382,0.9071474824375476,0.0,1.0,0.0,1.0,0.0,0.0
37,10,3.859369829114722,2.8571994991957577,0.0,1.0,0.0,0.0,0.0,0.0
38,10,11.893180991805792,0.1357723289324066,1.0,0.0,0.0,1.0,0.0,0.0
39,10,6.080038538831508,0.0,1.0,1.0,1.0,1.0,0.0,0.0
0,15,9.788979230954554,1.0342076281142991,1.0,0.0,1.0,0.0,0.0,1.0
1,15,7.577918530924277,5.886866642088564,1.0,0.0,0.0,1.0,1.0,0.0
2,15,5.67958322387887,3.070658104671118,0.0,0.0,0.0,0.0,1.0,1.0
3,15,2.90607380948009,10.872571694932716,1.0,0.0,0.0,0.0,0.0,0.0
4,15,4.978123295194608,5.06380891477756,0.0,0.0,1.0,0.0,0.0,1.0
5,15,7.966453473238984,3.773099238675285,0.0,1.0,1.0,0.0,0.0,0.0
6,15,7.889503285525198,7.813759152520999,0.0,0.0,0.0,0.0,1.0,1.0
7,15,3.041839171885395,0.1481349483068492,1.0,0.0,0.0,0.0,0.0,1.0
8,15,5.337025539526459,9.8793414905527,0.0,1.0,1.0,1.0,0.0,1.0
9,15,11.667506249511977,0.0,0.0,0.0,0.0,0.0,1.0,1.0
10,15,4.241658114405514,4.985884779452217,1.0,0.0,0.0,0.0,0.0,0.0
11,15,2.7849032375833493,6.848030064207707,0.0,1.0,1.0,0.0,0.0,1.0
12,15,5.9735253453562525,12.0,1.0,0.0,1.0,0.0,1.0,1.0
13,15,7.722628859815546,9.795472097086392,0.0,1.0,1.0,1.0,1.0,0.0
14,15,4.99246754919339,6.75270061404961,0.0,1.0,0.0,1.0,0.0,0.0
15,15,12.0,4.952365370143251,0.0,0.0,0.0,0.0,1.0,1.0
16,15,1.821832053267813,4.860592936728796,1.0,1.0,1.0,0.0,0.0,0.0
17,15,9.770065707426582,5.970943203360334,1.0,0.0,0.0,1.0,1.0,1.0
18,15,11.146319189477722,9.02918412722792,1.0,1.0,0.0,0.0,0.0,1.0
19,15,3.713247199651298,3.827522465268769,1.0,1.0,1.0,0.0,0.0,0.0
20,15,3.857961589986469,5.369955387990466,0.0,0.0,1.0,1.0,1.0,0.0
21,15,4.772537603854305,6.9916715510671175,1.0,0.0,1.0,0.0,0.0,1.0
22,15,3.9187885757321097,2.879269033193254,0.0,1.0,1.0,1.0,0.0,1.0
23,15,10.772797131209964,3.06033991405779,0.0,0.0,0.0,0.0,0.0,0.0
24,15,9.267570384763628,6.968805895473273,0.0,0.0,1.0,1.0,0.0,0.0
25,15,2.0633694536599063,7.924784781813457,0.0,0.0,0.0,0.0,0.0,1.0
26,15,3.9017987878527993,10.095015231795694,0.0,0.0,0.0,0.0,1.0,0.0
27,15,9.79272751753834,0.0390198185276028,0.0,1.0,0.0,0.0,0.0,1.0
28,15,0.0,3.9599211506822303,1.0,1.0,0.0,1.0,0.0,1.0
29,15,5.237407283485335,0.0207977823096845,0.0,0.0,0.0,0.0,0.0,0.0
30,15,5.022202691756728,3.182946549617101,0.0,0.0,1.0,1.0,0.0,0.0
31,15,11.872215196875358,11.85708481247251,0.0,0.0,0.0,0.0,0.0,1.0
32,15,4.046259955882894,0.8740782674840324,1.0,1.0,0.0,0.0,0.0,0.0
33,15,4.792193939428662,9.341039940522666,1.0,1.0,0.0,0.0,1.0,0.0
34,15,2.954451242973351,1.1218984766067233,0.0,0.0,0.0,1.0,0.0,0.0
35,15,10.218407775802543,2.1301386135617943,1.0,1.0,1.0,0.0,0.0,1.0
36,15,8.965678456133649,0.9098683972106208,0.0,1.0,0.0,1.0,0.0,0.0
37,15,3.8069851222739497,2.802469892623865,0.0,1.0,0.0,0.0,0.0,0.0
38,15,11.83562506031817,0.20370738566911,1.0,0.0,0.0,1.0,0.0,0.0
39,15,6.109229379360879,0.0,1.0,1.0,1.0,1.0,0.0,0.0
0,20,9.740381586828992,1.0428248902886497,1.0,0.0,1.0,0.0,0.0,1.0
1,20,7.452205781432955,5.849589613491034,1.0,0.0,0.0,1.0,1.0,0.0
2,20,5.629137185016931,3.081539829192852,0.0,0.0,0.0,0.0,1.0,1.0
3,20,2.886558321299295,10.844672006636806,1.0,0.0,0.0,0.0,0.0,0.0
4,20,4.974802559354754,5.072220691780722,0.0,0.0,1.0,0.0,0.0,1.0
5,20,7.960265074781208,3.731913227695445,0.0,1.0,1.0,0.0,0.0,0.0
6,20,7.874092730061287,7.791344857131893,0.0,0.0,0.0,0.0,1.0,1.0
7,20,3.048350927070817,0.17474895114666,1.0,0.0,0.0,0.0,0.0,1.0
8,20,5.41440822301575,9.849970106882264,0.0,1.0,1.0,1.0,0.0,1.0
9,20,11.55717837748996,0.0,0.0,0.0,0.0,0.0,1.0,1.0
10,20,4.287460699592558,4.982244283491614,1.0,0.0,0.0,0.0,0.0,0.0
11,20,2.6996892671066703,6.855026884645079,0.0,1.0,1.0,0.0,0.0,1.0
12,20,5.967506787414814,12.0,1.0,0.0,1.0,0.0,1.0,1.0
13,20,7.65876744085094,9.748184191614769,0.0,1.0,1.0,1.0,1.0,0.0
14,20,4.9924358203714885,6.698112061418925,0.0,1.0,0.0,1.0,0.0,0.0
15,20,12.0,4.942331955088335,0.0,0.0,0.0,0.0,1.0,1.0
16,20,1.7638163532719415,4.813939117299876,1.0,1.0,1.0,0.0,0.0,0.0
17,20,9.726180088836104,5.966930343612981,1.0,0.0,0.0,1.0,1.0,1.0
18,20,11.179732053521969,9.037137449666636,1.0,1.0,0.0,0.0,0.0,1.0
19,20,3.626787394121624,3.7737043747013055,1.0,1.0,1.0,0.0,0.0,0.0
20,20,3.816957446792412,5.472908314189636,0.0,0.0,1.0,1.0,1.0,0.0
21,20,4.721007473780389,6.988639149207126,1.0,0.0,1.0,0.0,0.0,1.0
22,20,3.8937109534736942,2.8429329828297174,0.0,1.0,1.0,1.0,0.0,1.0
23,20,10.72732570260186,3.069975718306963,0.0,0.0,0.0,0.0,0.0,0.0
24,20,9.344445715406035,6.960571416459774,0.0,0.0,1.0,1.0,0.0,0.0
25,20,2.077713461974494,7.908153397061058,0.0,0.0,0.0,0.0,0.0,1.0
26,20,3.880714566696545,10.114174680254132,0.0,0.0,0.0,0.0,1.0,0.0
27,20,9.75115166461877,0.0450306241206414,0.0,1.0,0.0,0.0,0.0,1.0
28,20,0.0,3.955637323432207,1.0,1.0,0.0,1.0,0.0,1.0
29,20,5.29565696066489,0.0244630769978819,0.0,0.0,0.0,0.0,0.0,0.0
30,20,4.975026473466725,3.2008359932750183,0.0,0.0,1.0,1.0,0.0,0.0
31,20,11.845539697475116,11.827117120536698,0.0,0.0,0.0,0.0,0.0,1.0
32,20,4.049175866660749,0.8665709285726687,1.0,1.0,0.0,0.0,0.0,0.0
33,20,4.744081211460702,9.41753662250674,1.0,1.0,0.0,0.0,1.0,0.0
34,20,2.9344379893587265,1.1733714532999826,0.0,0.0,0.0,1.0,0.0,0.0
35,20,10.258231947708818,2.154837405638784,1.0,1.0,1.0,0.0,0.0,1.0
36,20,8.932815723629693,0.9139341969635384,0.0,1.0,0.0,1.0,0.0,0.0
37,20,3.7470583680922327,2.7406750093522856,0.0,1.0,0.0,0.0,0.0,0.0
38,20,11.787442708782134,0.2568491818505316,1.0,0.0,0.0,1.0,0.0,0.0
39,20,6.132248933440812,0.0,1.0,1.0,1.0,1.0,0.0,0.0
0,25,9.686765857918797,1.052321662980221,1.0,0.0,1.0,0.0,0.0,1.0
1,25,7.342724623601457,5.814853688362004,1.0,0.0,0.0,1.0,1.0,0.0
2,25,5.595112371628485,3.0886082477743684,0.0,0.0,0.0,0.0,1.0,1.0
3,25,2.867341547137689,10.818081449213665,1.0,0.0,0.0,0.0,0.0,0.0
4,25,4.975847250626601,5.069471082991061,0.0,0.0,1.0,0.0,0.0,1.0
5,25,7.955872934278009,3.701853464614604,0.0,1.0,1.0,0.0,0.0,0.0
6,25,7.875762127284622,7.793647967441601,0.0,0.0,0.0,0.0,1.0,1.0
7,25,3.0566330244755084,0.20523526530647,1.0,0.0,0.0,0.0,0.0,1.0
8,25,5.49555547059986,9.819397219900958,0.0,1.0,1.0,1.0,0.0,1.0
9,25,11.462959610898238,0.0,0.0,0.0,0.0,0.0,1.0,1.0
10,25,4.334032656493653,4.977254186022023,1.0,0.0,0.0,0.0,0.0,0.0
11,25,2.6227106586520774,6.859140414388941,0.0,1.0,1.0,0.0,0.0,1.0
12,25,5.963229553407795,12.0,1.0,0.0,1.0,0.0,1.0,1.0
13,25,7.586730361746232,9.695091474818138,0.0,1.0,1.0,1.0,1.0,0.0
14,25,4.993208504075066,6.637874219291454,0.0,1.0,0.0,1.0,0.0,0.0
15,25,12.0,4.937183155320883,0.0,0.0,0.0,0.0,1.0,1.0
16,25,1.7031956595955908,4.767767749052245,1.0,1.0,1.0,0.0,0.0,0.0
17,25,9.681227639741916,5.962444718293482,1.0,0.0,0.0,1.0,1.0,1.0
18,25,11.228847483779006,9.050867794985438,1.0,1.0,0.0,0.0,0.0,1.0
19,25,3.5570664455388545,3.7339295406711823,1.0,1.0,1.0,0.0,0.0,0.0
20,25,3.769556251552263,5.590480573014003,0.0,0.0,1.0,1.0,1.0,0.0
21,25,4.693812399216397,6.987092707080824,1.0,0.0,1.0,0.0,0.0,1.0
22,25,3.858758934129424,2.7931491313389616,0.0,1.0,1.0,1.0,0.0,1.0
23,25,10.678482150033965,3.0805823821309395,0.0,0.0,0.0,0.0,0.0,0.0
24,25,9.413012981351764,6.953565259444543,0.0,0.0,1.0,1.0,0.0,0.0
25,25,2.072345347967252,7.914099777824122,0.0,0.0,0.0,0.0,0.0,1.0
26,25,3.8607048130868895,10.131824842798862,0.0,0.0,0.0,0.0,1.0,0.0
27,25,9.708554331038073,0.0501963113294498,0.0,1.0,0.0,0.0,0.0,1.0
28,25,0.0,3.9486658185107695,1.0,1.0,0.0,1.0,0.0,1.0
29,25,5.360612637053312,0.0270733611754101,0.0,0.0,0.0,0.0,0.0,0.0
30,25,4.93926091261785,3.213700810270931,0.0,0.0,1.0,1.0,0.0,0.0
31,25,11.8143783835814,11.792860686220475,0.0,0.0,0.0,0.0,0.0,1.0
32,25,4.049566804114212,0.8654452375365138,1.0,1.0,0.0,0.0,0.0,0.0
33,25,4.680929522153123,9.513678023374842,1.0,1.0,0.0,0.0,1.0,0.0
34,25,2.914693456133109,1.22447282343263,0.0,0.0,0.0,1.0,0.0,0.0
35,25,10.295360477932917,2.17833854641608,1.0,1.0,1.0,0.0,0.0,1.0
36,25,8.905701397046165,0.9169864395035632,0.0,1.0,0.0,1.0,0.0,0.0
37,25,3.6758931401546286,2.663354600164009,0.0,1.0,0.0,0.0,0.0,0.0
38,25,11.75441580231952,0.2915230954179241,1.0,0.0,0.0,1.0,0.0,0.0
39,25,6.158505663236667,0.0,1.0,1.0,1.0,1.0,0.0,0.0
0,30,9.634436147020946,1.060998647759364,1.0,0.0,1.0,0.0,0.0,1.0
1,30,7.223965018909084,5.7727204529084775,1.0,0.0,0.0,1.0,1.0,0.0
2,30,5.5494669656350215,3.0974306629777515,0.0,0.0,0.0,0.0,1.0,1.0
3,30,2.849841356395312,10.793504452098963,1.0,0.0,0.0,0.0,0.0,0.0
4,30,4.975754250280019,5.069709574108122,0.0,0.0,1.0,0.0,0.0,1.0
5,30,7.954640468599356,3.6933331316146014,0.0,1.0,1.0,0.0,0.0,0.0
6,30,7.874751030894023,7.792274994979077,0.0,0.0,0.0,0.0,1.0,1.0
7,30,3.0654260169995244,0.2353103740899183,1.0,0.0,0.0,0.0,0.0,1.0
8,30,5.592426899163381,9.781523082913663,0.0,1.0,1.0,1.0,0.0,1.0
9,30,11.355375346903593,0.0,0.0,0.0,0.0,0.0,1.0,1.0
10,30,4.363342390191784,4.974776890111389,1.0,0.0,0.0,0.0,0.0,0.0
11,30,2.530059841295132,6.864349004481197,0.0,1.0,1.0,0.0,0.0,1.0
12,30,5.956869271930139,12.0,1.0,0.0,1.0,0.0,1.0,1.0
13,30,7.475631241862237,9.610312240490892,0.0,1.0,1.0,1.0,1.0,0.0
14,30,4.99309589469581,6.570156855209516,0.0,1.0,0.0,1.0,0.0,0.0
15,30,12.0,4.934915222636254,0.0,0.0,0.0,0.0,1.0,1.0
16,30,1.6460922039355343,4.725267285969293,1.0,1.0,1.0,0.0,0.0,0.0
17,30,9.647833210099282,5.95859944704354,1.0,0.0,0.0,1.0,1.0,1.0
18,30,11.270657595182074,9.062254510636253,1.0,1.0,0.0,0.0,0.0,1.0
19,30,3.503189423880959,3.702199342431928,1.0,1.0,1.0,0.0,0.0,0.0
20,30,3.7227481959402087,5.7097052597755935,0.0,0.0,1.0,1.0,1.0,0.0
21,30,4.661086192406329,6.985112353075889,1.0,0.0,1.0,0.0,0.0,1.0
22,30,3.824574776055591,2.7451354492269533,0.0,1.0,1.0,1.0,0.0,1.0
23,30,10.62470768150184,3.0921112923626017,0.0,0.0,0.0,0.0,0.0,0.0
24,30,9.484824451416449,6.945764665754012,0.0,0.0,1.0,1.0,0.0,0.0
25,30,2.0469782698756696,7.942313718510901,0.0,0.0,0.0,0.0,0.0,1.0
26,30,3.843899625048719,10.147199425601691,0.0,0.0,0.0,0.0,1.0,0.0
27,30,9.642342375410498,0.0576321265879532,0.0,1.0,0.0,0.0,0.0,1.0
28,30,0.0,3.940856938436689,1.0,1.0,0.0,1.0,0.0,1.0
29,30,5.416924746311366,0.0297317352163931,0.0,0.0,0.0,0.0,0.0,0.0
30,30,4.891133545230946,3.2305946023239454,0.0,0.0,1.0,1.0,0.0,0.0
31,30,11.780340187032287,11.757016197990971,0.0,0.0,0.0,0.0,0.0,1.0
32,30,4.055218700391543,0.8469861428684827,1.0,1.0,0.0,0.0,0.0,0.0
33,30,4.626754026410162,9.592944878691696,1.0,1.0,0.0,0.0,1.0,0.0
34,30,2.8953368923271663,1.2706855820382996,0.0,0.0,0.0,1.0,0.0,0.0
35,30,10.337120103848012,2.205200601477402,1.0,1.0,1.0,0.0,0.0,1.0
36,30,8.886222403540106,0.9190750112607976,0.0,1.0,0.0,1.0,0.0,0.0
37,30,3.6158105119396073,2.595535721439025,0.0,1.0,0.0,0.0,0.0,0.0
38,30,11.723617628839214,0.3214232863678141,1.0,0.0,0.0,1.0,0.0,0.0
39,30,6.180904857243589,0.0,1.0,1.0,1.0,1.0,0.0,0.0
0,35,9.598643740885814,1.0655059591840936,1.0,0.0,1.0,0.0,0.0,1.0
1,35,7.116262844993614,5.734488706044392,1.0,0.0,0.0,1.0,1.0,0.0
2,35,5.485527452818659,3.1107116295854267,0.0,0.0,0.0,0.0,1.0,1.0
3,35,2.835050484312389,10.773001904287332,1.0,0.0,0.0,0.0,0.0,0.0
4,35,4.977734315857735,5.064668702978632,0.0,0.0,1.0,0.0,0.0,1.0
5,35,7.952681157601877,3.6808319255493775,0.0,1.0,1.0,0.0,0.0,0.0
6,35,7.871739654330572,7.788082938776846,0.0,0.0,0.0,0.0,1.0,1.0
7,35,3.079531327142981,0.2835285427981363,1.0,0.0,0.0,0.0,0.0,1.0
8,35,5.706122068405184,9.735982204485182,0.0,1.0,1.0,1.0,0.0,1.0
9,35,11.248822113199523,0.0,0.0,0.0,0.0,0.0,1.0,1.0
10,35,4.379799630804063,4.973214496512554,1.0,0.0,0.0,0.0,0.0,0.0
11,35,2.4310162138852336,6.870829710955465,0.0,1.0,1.0,0.0,0.0,1.0
12,35,5.952980830277377,12.0,1.0,0.0,1.0,0.0,1.0,1.0
13,35,7.372470560275488,9.527409996496496,0.0,1.0,1.0,1.0,1.0,0.0
14,35,4.994611112017909,6.499923703172761,0.0,1.0,0.0,1.0,0.0,0.0
15,35,12.0,4.932081852671161,0.0,0.0,0.0,0.0,1.0,1.0
16,35,1.600826327092747,4.690138578226823,1.0,1.0,1.0,0.0,0.0,0.0
17,35,9.60516203702288,5.9540225742794,1.0,0.0,0.0,1.0,1.0,1.0
18,35,11.32230021605559,9.075942137879782,1.0,1.0,0.0,0.0,0.0,1.0
19,35,3.454098058757264,3.674186664161092,1.0,1.0,1.0,0.0,0.0,0.0
20,35,3.6751798380660032,5.830362181320159,0.0,0.0,1.0,1.0,1.0,0.0
21,35,4.660388662989472,7.021210421463252,1.0,0.0,1.0,0.0,0.0,1.0
22,35,3.791676598573401,2.699475840480716,0.0,1.0,1.0,1.0,0.0,1.0
23,35,10.58159742461131,3.101443091771267,0.0,0.0,0.0,0.0,0.0,0.0
24,35,9.552380335331575,6.938483886218978,0.0,0.0,1.0,1.0,0.0,0.0
25,35,2.030121069806276,7.960050002195513,0.0,0.0,0.0,0.0,0.0,1.0
26,35,3.824696763529533,10.16585846734218,0.0,0.0,0.0,0.0,1.0,0.0
27,35,9.574802078389975,0.0662950881867902,0.0,1.0,0.0,0.0,0.0,1.0
28,35,0.0,3.9343946734512647,1.0,1.0,0.0,1.0,0.0,1.0
29,35,5.462755394390214,0.0300653561939799,0.0,0.0,0.0,0.0,0.0,0.0
30,35,4.846194446498622,3.24676181455613,0.0,0.0,1.0,1.0,0.0,0.0
31,35,11.767558760073426,11.743003857768812,0.0,0.0,0.0,0.0,0.0,1.0
32,35,4.055727207412333,0.8452860998111329,1.0,1.0,0.0,0.0,0.0,0.0
33,35,4.569576420156492,9.681794994309591,1.0,1.0,0.0,0.0,1.0,0.0
34,35,2.8733218817095767,1.320238032526068,0.0,0.0,0.0,1.0,0.0,0.0
35,35,10.37775540405667,2.230851002584189,1.0,1.0,1.0,0.0,0.0,1.0
36,35,8.883151111947589,0.8929534335964051,0.0,1.0,0.0,1.0,0.0,0.0
37,35,3.550596055558876,2.5180702022438077,0.0,1.0,0.0,0.0,0.0,0.0
38,35,11.6946372393334,0.3503431954013177,1.0,0.0,0.0,1.0,0.0,0.0
39,35,6.202694773342939,0.0,1.0,1.0,1.0,1.0,0.0,0.0
0,40,9.55979163487862,1.0691387448990124,1.0,0.0,1.0,0.0,0.0,1.0
1,40,6.9989191464527245,5.689981543973475,1.0,0.0,0.0,1.0,1.0,0.0
2,40,5.405198881315174,3.1274253737123416,0.0,0.0,0.0,0.0,1.0,1.0
3,40,2.8022759241184,10.726526300013465,1.0,0.0,0.0,0.0,0.0,0.0
4,40,4.98139835577816,5.055417805703553,0.0,0.0,1.0,0.0,0.0,1.0
5,40,7.946313303302063,3.6466392218096697,0.0,1.0,1.0,0.0,0.0,0.0
6,40,7.8805211285783905,7.80016535682227,0.0,0.0,0.0,0.0,1.0,1.0
7,40,3.0894810732060507,0.3198897672973209,1.0,0.0,0.0,0.0,0.0,1.0
8,40,5.809114380900302,9.695454912629732,0.0,1.0,1.0,1.0,0.0,1.0
9,40,11.139224207837424,0.0,0.0,0.0,0.0,0.0,1.0,1.0
10,40,4.387953681886465,4.972411701514644,1.0,0.0,0.0,0.0,0.0,0.0
11,40,2.3063850774375987,6.877380654882147,0.0,1.0,1.0,0.0,0.0,1.0
12,40,5.946790842987106,12.0,1.0,0.0,1.0,0.0,1.0,1.0
13,40,7.26681419310924,9.442220560035572,0.0,1.0,1.0,1.0,1.0,0.0
14,40,4.996705544525419,6.415753536295018,0.0,1.0,0.0,1.0,0.0,0.0
15,40,12.0,4.929662025388983,0.0,0.0,0.0,0.0,1.0,1.0
16,40,1.5479779707503254,4.648287285407013,1.0,1.0,1.0,0.0,0.0,0.0
17,40,9.53222591108023,5.946877807858415,1.0,0.0,0.0,1.0,1.0,1.0
18,40,11.3665362909489,9.0866040858462,1.0,1.0,0.0,0.0,0.0,1.0
19,40,3.39042554356753,3.6363237977474703,1.0,1.0,1.0,0.0,0.0,0.0
20,40,3.631343248341031,5.937852489044407,0.0,0.0,1.0,1.0,1.0,0.0
21,40,4.661247131955308,7.0619405575613525,1.0,0.0,1.0,0.0,0.0,1.0
22,40,3.772488232597682,2.67443216184768,0.0,1.0,1.0,1.0,0.0,1.0
23,40,10.523169558680497,3.1155854669895824,0.0,0.0,0.0,0.0,0.0,0.0
24,40,9.605338227328485,6.933003565080003,0.0,0.0,1.0,1.0,0.0,0.0
25,40,1.9984285789524436,7.994075151136413,0.0,0.0,0.0,0.0,0.0,1.0
26,40,3.799292205348032,10.190943419819122,0.0,0.0,0.0,0.0,1.0,0.0
27,40,9.493576817310426,0.0768838715704199,0.0,1.0,0.0,0.0,0.0,1.0
28,40,0.0,3.928726376742523,1.0,1.0,0.0,1.0,0.0,1.0
29,40,5.518179927625623,0.0308935539623642,0.0,0.0,0.0,0.0,0.0,0.0
30,40,4.772957432463252,3.273117921079904,0.0,0.0,1.0,1.0,0.0,0.0
31,40,11.742858462562458,11.716738608597687,0.0,0.0,0.0,0.0,0.0,1.0
32,40,4.057390229448439,0.8397467446232361,1.0,1.0,0.0,0.0,0.0,0.0
33,40,4.517476581351647,9.761439342565744,1.0,1.0,0.0,0.0,1.0,0.0
34,40,2.853333712521089,1.3640474474972,0.0,0.0,0.0,1.0,0.0,0.0
35,40,10.435428631843354,2.26920444477016,1.0,1.0,1.0,0.0,0.0,1.0
36,40,8.88004223328089,0.8676212210363028,0.0,1.0,0.0,1.0,0.0,0.0
37,40,3.494032311596899,2.4460580726731416,0.0,1.0,0.0,0.0,0.0,0.0
38,40,11.679629891004671,0.3653442305938906,1.0,0.0,0.0,1.0,0.0,0.0
39,40,6.236354328131441,0.0,1.0,1.0,1.0,1.0,0.0,0.0
0,45,9.530728470975756,1.071676398721663,1.0,0.0,1.0,0.0,0.0,1.0
1,45,6.877912527540758,5.649526318699282,1.0,0.0,0.0,1.0,1.0,0.0
2,45,5.317519655089913,3.1439303379095187,0.0,0.0,0.0,0.0,1.0,1.0
3,45,2.769748931677322,10.679787882829563,1.0,0.0,0.0,0.0,0.0,0.0
4,45,4.98064097935595,5.057570949813503,0.0,0.0,1.0,0.0,0.0,1.0
5,45,7.941134469205988,3.6216173286681834,0.0,1.0,1.0,0.0,0.0,0.0
6,45,7.9112816187960675,7.84429277807522,0.0,0.0,0.0,0.0,1.0,1.0
7,45,3.102736999361264,0.3702789781385288,1.0,0.0,0.0,0.0,0.0,1.0
8,45,5.904186936421504,9.657948623221705,0.0,1.0,1.0,1.0,0.0,1.0
9,45,11.030494268579885,0.0,0.0,0.0,0.0,0.0,1.0,1.0
10,45,4.392028371631605,4.972068174391643,1.0,0.0,0.0,0.0,0.0,0.0
11,45,2.186891566326752,6.880504079105507,0.0,1.0,1.0,0.0,0.0,1.0
12,45,5.941602398315419,12.0,1.0,0.0,1.0,0.0,1.0,1.0
13,45,7.16046239188813,9.36014119079629,0.0,1.0,1.0,1.0,1.0,0.0
14,45,4.999762695021164,6.317093732463307,0.0,1.0,0.0,1.0,0.0,0.0
15,45,12.0,4.928877904812551,0.0,0.0,0.0,0.0,1.0,1.0
16,45,1.4831001060437758,4.597522359924915,1.0,1.0,1.0,0.0,0.0,0.0
17,45,9.4755431259384,5.941020928901616,1.0,0.0,0.0,1.0,1.0,1.0
18,45,11.397615986113864,9.094428528143563,1.0,1.0,0.0,0.0,0.0,1.0
19,45,3.315669045855596,3.5917274410884823,1.0,1.0,1.0,0.0,0.0,0.0
20,45,3.595516617902512,6.036327613412712,0.0,0.0,1.0,1.0,1.0,0.0
21,45,4.661804696811984,7.091502791564844,1.0,0.0,1.0,0.0,0.0,1.0
22,45,3.766167633523712,2.6663758114701994,0.0,1.0,1.0,1.0,0.0,1.0
23,45,10.468098389733548,3.129314714199382,0.0,0.0,0.0,0.0,0.0,0.0
24,45,9.64604298699114,6.92916326936459,0.0,0.0,1.0,1.0,0.0,0.0
25,45,1.9715404840462296,8.022983014928615,0.0,0.0,0.0,0.0,0.0,1.0
26,45,3.771863267599244,10.21705312441216,0.0,0.0,0.0,0.0,1.0,0.0
27,45,9.416340153829232,0.0874003870169628,0.0,1.0,0.0,0.0,0.0,1.0
28,45,0.0,3.921851113402148,1.0,1.0,0.0,1.0,0.0,1.0
29,45,5.581058719619629,0.0325723165239099,0.0,0.0,0.0,0.0,0.0,0.0
30,45,4.711762341420216,3.293179836626725,0.0,0.0,1.0,1.0,0.0,0.0
31,45,11.716493021156303,11.688198506947472,0.0,0.0,0.0,0.0,0.0,1.0
32,45,4.053678078383005,0.8528232047612102,1.0,1.0,0.0,0.0,0.0,0.0
33,45,4.470541608484289,9.832852647402865,1.0,1.0,0.0,0.0,1.0,0.0
34,45,2.8451746365066404,1.382795044153336,0.0,0.0,0.0,1.0,0.0,0.0
35,45,10.502366269260763,2.3150014073590524,1.0,1.0,1.0,0.0,0.0,1.0
36,45,8.875683916771592,0.8381437172913946,0.0,1.0,0.0,1.0,0.0,0.0
37,45,3.435476289809015,2.3751180760536004,0.0,1.0,0.0,0.0,0.0,0.0
38,45,11.673891670197875,0.3711893250820833,1.0,0.0,0.0,1.0,0.0,0.0
39,45,6.252658748852232,0.0,1.0,1.0,1.0,1.0,0.0,0.0
0,50,9.4948253121997,1.0751937640663023,1.0,0.0,1.0,0.0,0.0,1.0
1,50,6.730606093159128,5.603531526320213,1.0,0.0,0.0,1.0,1.0,0.0
2,50,5.247245160261064,3.156897364082508,0.0,0.0,0.0,0.0,1.0,1.0
3,50,2.7410388648557524,10.6377873491527,1.0,0.0,0.0,0.0,0.0,0.0
4,50,4.978942755567453,5.062922791205313,0.0,0.0,1.0,0.0,0.0,1.0
5,50,7.938772838317876,3.611011631809705,0.0,1.0,1.0,0.0,0.0,0.0
6,50,7.9348891622509,7.877506193145976,0.0,0.0,0.0,0.0,1.0,1.0
7,50,3.112887789809869,0.4093423674451069,1.0,0.0,0.0,0.0,0.0,1.0
8,50,6.003513296681141,9.620477146250012,0.0,1.0,1.0,1.0,0.0,1.0
9,50,10.916755091746776,0.0,0.0,0.0,0.0,0.0,1.0,1.0
10,50,4.387319212639905,4.972363423800279,1.0,0.0,0.0,0.0,0.0,0.0
11,50,2.0814427127806825,6.881732250417252,0.0,1.0,1.0,0.0,0.0,1.0
12,50,5.936237995077618,12.0,1.0,0.0,1.0,0.0,1.0,1.0
13,50,7.046131496858409,9.270610846401652,0.0,1.0,1.0,1.0,1.0,0.0
14,50,5.003552566516377,6.226002036072457,0.0,1.0,0.0,1.0,0.0,0.0
15,50,12.0,4.9269024903241325,0.0,0.0,0.0,0.0,1.0,1.0
16,50,1.4079198586802202,4.536592673566723,1.0,1.0,1.0,0.0,0.0,0.0
17,50,9.455619824981875,5.938622789684506,1.0,0.0,0.0,1.0,1.0,1.0
18,50,11.410544510882504,9.098061741293474,1.0,1.0,0.0,0.0,0.0,1.0
19,50,3.2258469485727903,3.5386234317086163,1.0,1.0,1.0,0.0,0.0,0.0
20,50,3.557652860532859,6.144347726519965,0.0,0.0,1.0,1.0,1.0,0.0
21,50,4.663886651348839,7.1541497603857405,1.0,0.0,1.0,0.0,0.0,1.0
22,50,3.76930917325698,2.6704336890928992,0.0,1.0,1.0,1.0,0.0,1.0
23,50,10.414894525903607,3.1418381603448684,0.0,0.0,0.0,0.0,0.0,0.0
24,50,9.69590908890984,6.925938444523645,0.0,0.0,1.0,1.0,0.0,0.0
25,50,1.950809715052504,8.045928888171634,0.0,0.0,0.0,0.0,0.0,1.0
26,50,3.7377343276018937,10.248715780642383,0.0,0.0,0.0,0.0,1.0,0.0
27,50,9.329996788991458,0.1002974933073445,0.0,1.0,0.0,0.0,0.0,1.0
28,50,0.0,3.914383084807721,1.0,1.0,0.0,1.0,0.0,1.0
29,50,5.64981588893578,0.0341559335390239,0.0,0.0,0.0,0.0,0.0,0.0
30,50,4.641959585749541,3.3154052510634475,0.0,0.0,1.0,1.0,0.0,0.0
31,50,11.683375729345569,11.652672844670942,0.0,0.0,0.0,0.0,0.0,1.0
32,50,4.0401863617021,0.9008868746463252,1.0,1.0,0.0,0.0,0.0,0.0
33,50,4.426761480083764,9.897909905527408,1.0,1.0,0.0,0.0,1.0,0.0
34,50,2.840655576662585,1.3940906572356977,0.0,0.0,0.0,1.0,0.0,0.0
35,50,10.581174038556965,2.368380377753318,1.0,1.0,1.0,0.0,0.0,1.0
36,50,8.877230493823134,0.8480618841365597,0.0,1.0,0.0,1.0,0.0,0.0
37,50,3.367214066360462,2.2930356844252078,0.0,1.0,0.0,0.0,0.0,0.0
38,50,11.670829344314482,0.3744593361477464,1.0,0.0,0.0,1.0,0.0,0.0
39,50,6.269345864692562,0.0,1.0,1.0,1.0,1.0,0.0,0.0
0,55,9.445503588425083,1.080413728797728,1.0,0.0,1.0,0.0,0.0,1.0
1,55,6.576823430749151,5.559222807864543,1.0,0.0,0.0,1.0,1.0,0.0
2,55,5.186150963924973,3.170656219578369,0.0,0.0,0.0,0.0,1.0,1.0
3,55,2.7175080604640547,10.604997905539667,1.0,0.0,0.0,0.0,0.0,0.0
4,55,4.979667967216042,5.060628869810982,0.0,0.0,1.0,0.0,0.0,1.0
5,55,7.93487367062243,3.5962144730111385,0.0,1.0,1.0,0.0,0.0,0.0
6,55,7.949351432167245,7.897389383415817,0.0,0.0,0.0,0.0,1.0,1.0
7,55,3.1234545986993365,0.4501238513231404,1.0,0.0,0.0,0.0,0.0,1.0
8,55,6.106347134533928,9.577674326437506,0.0,1.0,1.0,1.0,0.0,1.0
9,55,10.803501877894323,0.0,0.0,0.0,0.0,0.0,1.0,1.0
10,55,4.387801206020201,4.972320837254517,1.0,0.0,0.0,0.0,0.0,0.0
11,55,1.972157116869825,6.882777413929005,0.0,1.0,1.0,0.0,0.0,1.0
12,55,5.9311036010917455,12.0,1.0,0.0,1.0,0.0,1.0,1.0
13,55,6.934711095864825,9.187925780918462,0.0,1.0,1.0,1.0,1.0,0.0
14,55,5.011978478212543,6.113666657581496,0.0,1.0,0.0,1.0,0.0,0.0
15,55,12.0,4.920329352534865,0.0,0.0,0.0,0.0,1.0,1.0
16,55,1.3073992238512389,4.459904310558224,1.0,1.0,1.0,0.0,0.0,0.0
17,55,9.45286498428448,5.938218702649879,1.0,0.0,0.0,1.0,1.0,1.0
18,55,11.427396290663369,9.10308693656328,1.0,1.0,0.0,0.0,0.0,1.0
19,55,3.1203966857205137,3.473526317933418,1.0,1.0,1.0,0.0,0.0,0.0
20,55,3.5294062695950528,6.235260069551915,0.0,0.0,1.0,1.0,1.0,0.0
21,55,4.667248667807927,7.223983090853366,1.0,0.0,1.0,0.0,0.0,1.0
22,55,3.781446364587515,2.6864715373281305,0.0,1.0,1.0,1.0,0.0,1.0
23,55,10.374188369369724,3.150300938857573,0.0,0.0,0.0,0.0,0.0,0.0
24,55,9.749192826072946,6.921621428105072,0.0,0.0,1.0,1.0,0.0,0.0
25,55,1.9227830130774928,8.075007992022542,0.0,0.0,0.0,0.0,0.0,1.0
26,55,3.705903167494109,10.277297937569116,0.0,0.0,0.0,0.0,1.0,0.0
27,55,9.225267128612243,0.1168988199374044,0.0,1.0,0.0,0.0,0.0,1.0
28,55,0.0,3.905083054510917,1.0,1.0,0.0,1.0,0.0,1.0
29,55,5.719184362928562,0.0348144610053276,0.0,0.0,0.0,0.0,0.0,0.0
30,55,4.576058379408597,3.3380494471464184,0.0,0.0,1.0,1.0,0.0,0.0
31,55,11.642062945785687,11.609907545992224,0.0,0.0,0.0,0.0,0.0,1.0
32,55,4.0326769680620975,0.9275392954410392,1.0,1.0,0.0,0.0,0.0,0.0
33,55,4.384450795713503,9.958644786781122,1.0,1.0,0.0,0.0,1.0,0.0
34,55,2.8323082551302714,1.4141561686501192,0.0,0.0,0.0,1.0,0.0,0.0
35,55,10.664184433911648,2.426604653266043,1.0,1.0,1.0,0.0,0.0,1.0
36,55,8.876728306082816,0.8446284426693272,0.0,1.0,0.0,1.0,0.0,0.0
37,55,3.2889037906179386,2.1995739944791453,0.0,1.0,0.0,0.0,0.0,0.0
38,55,11.673670805763804,0.3712807075842933,1.0,0.0,0.0,1.0,0.0,0.0
39,55,6.28712111189643,0.0,1.0,1.0,1.0,1.0,0.0,0.0
0,60,9.382877787750864,1.0869239200936194,1.0,0.0,1.0,0.0,0.0,1.0
1,60,6.417829641063725,5.515350176971719,1.0,0.0,0.0,1.0,1.0,0.0
2,60,5.137960812164695,3.182517103375817,0.0,0.0,0.0,0.0,1.0,1.0
3,60,2.6889054102461283,10.56688819501828,1.0,0.0,0.0,0.0,0.0,0.0
4,60,4.980211830177497,5.058874886965546,0.0,0.0,1.0,0.0,0.0,1.0
5,60,7.930004911133178,3.578862110004386,0.0,1.0,1.0,0.0,0.0,0.0
6,60,7.960886619388864,7.913510338084673,0.0,0.0,0.0,0.0,1.0,1.0
7,60,3.132737095341675,0.4836927279644812,1.0,0.0,0.0,0.0,0.0,1.0
8,60,6.214327086689706,9.532852467000934,0.0,1.0,1.0,1.0,0.0,1.0
9,60,10.689042266396672,0.0,0.0,0.0,0.0,0.0,1.0,1.0
10,60,4.396084270115949,4.971642741605312,1.0,0.0,0.0,0.0,0.0,0.0
11,60,1.8457449684350813,6.884199277788147,0.0,1.0,1.0,0.0,0.0,1.0
12,60,5.929084639382027,12.0,1.0,0.0,1.0,0.0,1.0,1.0
13,60,6.809603702863937,9.09782247264192,0.0,1.0,1.0,1.0,1.0,0.0
14,60,5.020812868803122,5.999443954592068,0.0,1.0,0.0,1.0,0.0,0.0
15,60,12.0,4.914277912365107,0.0,0.0,0.0,0.0,1.0,1.0
16,60,1.2197341075304966,4.395754934373422,1.0,1.0,1.0,0.0,0.0,0.0
17,60,9.456625694770818,5.938798153007084,1.0,0.0,0.0,1.0,1.0,1.0
18,60,11.429104923746516,9.103556142484264,1.0,1.0,0.0,0.0,0.0,1.0
19,60,3.0159765546770965,3.407682554725321,1.0,1.0,1.0,0.0,0.0,0.0
20,60,3.506658383048029,6.318300196436822,0.0,0.0,1.0,1.0,1.0,0.0
21,60,4.67257523471621,7.316900825634626,1.0,0.0,1.0,0.0,0.0,1.0
22,60,3.795733820368462,2.705813610798201,0.0,1.0,1.0,1.0,0.0,1.0
23,60,10.32494147307182,3.160819169472538,0.0,0.0,0.0,0.0,0.0,0.0
24,60,9.792116746730372,6.91684518802424,0.0,0.0,1.0,1.0,0.0,0.0
25,60,1.8965868576854903,8.103645382549221,0.0,0.0,0.0,0.0,0.0,1.0
26,60,3.674975140370559,10.305137286390927,0.0,0.0,0.0,0.0,1.0,0.0
27,60,9.121630450622094,0.1326482852670656,0.0,1.0,0.0,0.0,0.0,1.0
28,60,0.0,3.8927923232979698,1.0,1.0,0.0,1.0,0.0,1.0
29,60,5.774322352664149,0.0351755550372432,0.0,0.0,0.0,0.0,0.0,0.0
30,60,4.534748848208455,3.352185478034623,0.0,0.0,1.0,1.0,0.0,0.0
31,60,11.602973770025258,11.568731243648958,0.0,0.0,0.0,0.0,0.0,1.0
32,60,4.021660463326104,0.9696083423600086,1.0,1.0,0.0,0.0,0.0,0.0
33,60,4.345950132354502,10.01441008921802,1.0,1.0,0.0,0.0,1.0,0.0
34,60,2.832779504062765,1.4131009894962334,0.0,0.0,0.0,1.0,0.0,0.0
35,60,10.742794612384484,2.480071201718695,1.0,1.0,1.0,0.0,0.0,1.0
36,60,8.878663595023298,0.8609304583566704,0.0,1.0,0.0,1.0,0.0,0.0
37,60,3.2132836926094868,2.113385212685939,0.0,1.0,0.0,0.0,0.0,0.0
38,60,11.682231282553618,0.3614008811251407,1.0,0.0,0.0,1.0,0.0,0.0
39,60,6.315886087696764,0.0,1.0,1.0,1.0,1.0,0.0,0.0
0,65,9.318802888919754,1.0926075741017514,1.0,0.0,1.0,0.0,0.0,1.0
1,65,6.253236981369651,5.467180458702747,1.0,0.0,0.0,1.0,1.0,0.0
2,65,5.070825341831704,3.1970405803246886,0.0,0.0,0.0,0.0,1.0,1.0
3,65,2.656183709164536,10.52086491420878,1.0,0.0,0.0,0.0,0.0,0.0
4,65,4.983348699198868,5.048402503885702,0.0,0.0,1.0,0.0,0.0,1.0
5,65,7.949833903848888,3.573687083070222,0.0,1.0,1.0,0.0,0.0,0.0
6,65,7.9746126248398115,7.932159753818265,0.0,0.0,0.0,0.0,1.0,1.0
7,65,3.1451862156617296,0.534069850226498,1.0,0.0,0.0,0.0,0.0,1.0
8,65,6.31716391011162,9.490804275142532,0.0,1.0,1.0,1.0,0.0,1.0
9,65,10.551533995107018,0.0,0.0,0.0,0.0,0.0,1.0,1.0
10,65,4.410279289766669,4.970681351684904,1.0,0.0,0.0,0.0,0.0,0.0
11,65,1.7175113367099204,6.883202108631781,0.0,1.0,1.0,0.0,0.0,1.0
12,65,5.927886147940482,12.0,1.0,0.0,1.0,0.0,1.0,1.0
13,65,6.7116018151998365,9.03189635554824,0.0,1.0,1.0,1.0,1.0,0.0
14,65,5.027375988708728,5.915237562519543,0.0,1.0,0.0,1.0,0.0,0.0
15,65,12.0,4.901108001885357,0.0,0.0,0.0,0.0,1.0,1.0
16,65,1.1566274068027285,4.349520732238952,1.0,1.0,1.0,0.0,0.0,0.0
17,65,9.483368692821328,5.942977758622863,1.0,0.0,0.0,1.0,1.0,1.0
18,65,11.440055067305716,9.106603405104575,1.0,1.0,0.0,0.0,0.0,1.0
19,65,2.893327152313752,3.3341334381576746,1.0,1.0,1.0,0.0,0.0,0.0
20,65,3.4848036189778187,6.395077794916816,0.0,0.0,1.0,1.0,1.0,0.0
21,65,4.677144120317711,7.393406110544374,1.0,0.0,1.0,0.0,0.0,1.0
22,65,3.7993954154088847,2.710586968649929,0.0,1.0,1.0,1.0,0.0,1.0
23,65,10.275045840172568,3.171723437391248,0.0,0.0,0.0,0.0,0.0,0.0
24,65,9.854459333689505,6.909772217389882,0.0,0.0,1.0,1.0,0.0,0.0
25,65,1.8788852799931848,8.123218008823208,0.0,0.0,0.0,0.0,0.0,1.0
26,65,3.656279139086261,10.321343124925797,0.0,0.0,0.0,0.0,1.0,0.0
27,65,9.005308233412313,0.1493195159077053,0.0,1.0,0.0,0.0,0.0,1.0
28,65,0.0,3.8801051283532537,1.0,1.0,0.0,1.0,0.0,1.0
29,65,5.848760164998494,0.035811857563215,0.0,0.0,0.0,0.0,0.0,0.0
30,65,4.483590573183692,3.3698191187793696,0.0,0.0,1.0,1.0,0.0,0.0
31,65,11.574151845800378,11.5393907595164,0.0,0.0,0.0,0.0,0.0,1.0
32,65,4.009112429549348,1.014937702845345,1.0,1.0,0.0,0.0,0.0,0.0
33,65,4.312701542206638,10.062511446595355,1.0,1.0,0.0,0.0,1.0,0.0
34,65,2.837432687504822,1.403358066436126,0.0,0.0,0.0,1.0,0.0,0.0
35,65,10.820387862445186,2.5324564900575783,1.0,1.0,1.0,0.0,0.0,1.0
36,65,8.880100151986294,0.8733834544131727,0.0,1.0,0.0,1.0,0.0,0.0
37,65,3.141216057362534,2.0257544955935085,0.0,1.0,0.0,0.0,0.0,0.0
38,65,11.704684119123725,0.3352139928432507,1.0,0.0,0.0,1.0,0.0,0.0
39,65,6.331597531413716,0.0,1.0,1.0,1.0,1.0,0.0,0.0
0,70,9.22975222134969,1.0989121592974571,1.0,0.0,1.0,0.0,0.0,1.0
1,70,6.080745560236132,5.413130226896114,1.0,0.0,0.0,1.0,1.0,0.0
2,70,4.985559877061403,3.2146631950326903,0.0,0.0,0.0,0.0,1.0,1.0
3,70,2.62698159942592,10.478649841686448,1.0,0.0,0.0,0.0,0.0,0.0
4,70,4.982616916273478,5.050946972588942,0.0,0.0,1.0,0.0,0.0,1.0
5,70,7.979630851056976,3.5664859684543955,0.0,1.0,1.0,0.0,0.0,0.0
6,70,7.990953053860565,7.954594247225505,0.0,0.0,0.0,0.0,1.0,1.0
7,70,3.1560377333337546,0.576782655199316,1.0,0.0,0.0,0.0,0.0,1.0
8,70,6.4395352204773095,9.442171989422183,0.0,1.0,1.0,1.0,0.0,1.0
9,70,10.39762490882328,0.0,0.0,0.0,0.0,0.0,1.0,1.0
10,70,4.400642520661055,4.971469765806688,1.0,0.0,0.0,0.0,0.0,0.0
11,70,1.592400209420492,6.881415201783391,0.0,1.0,1.0,0.0,0.0,1.0
12,70,5.929907409731506,11.987525131408196,1.0,0.0,1.0,0.0,1.0,1.0
13,70,6.614964391026973,8.967197671099745,0.0,1.0,1.0,1.0,1.0,0.0
14,70,5.037947911209935,5.821355892613335,0.0,1.0,0.0,1.0,0.0,0.0
15,70,12.0,4.889692681991386,0.0,0.0,0.0,0.0,1.0,1.0
16,70,1.0961294385393547,4.305183395479286,1.0,1.0,1.0,0.0,0.0,0.0
17,70,9.497165756203184,5.945078068121062,1.0,0.0,0.0,1.0,1.0,1.0
18,70,11.435932643792295,9.105361721964831,1.0,1.0,0.0,0.0,0.0,1.0
19,70,2.777718218325923,3.2634075974730585,1.0,1.0,1.0,0.0,0.0,0.0
20,70,3.468453175413241,6.458236309064478,0.0,0.0,1.0,1.0,1.0,0.0
21,70,4.682379978065674,7.454457222679522,1.0,0.0,1.0,0.0,0.0,1.0
22,70,3.812999977397908,2.727689687911247,0.0,1.0,1.0,1.0,0.0,1.0
23,70,10.285216286456002,3.222518305805324,0.0,0.0,0.0,0.0,0.0,0.0
24,70,9.913919420755224,6.903630810699367,0.0,0.0,1.0,1.0,0.0,0.0
25,70,1.85898977485421,8.145201203116054,0.0,0.0,0.0,0.0,0.0,1.0
26,70,3.641730698495941,10.333942794642091,0.0,0.0,0.0,0.0,1.0,0.0
27,70,8.883945712679632,0.1681241869441496,0.0,1.0,0.0,0.0,0.0,1.0
28,70,0.0,3.8690819633627433,1.0,1.0,0.0,1.0,0.0,1.0
29,70,5.93189914891584,0.0369843218444674,0.0,0.0,0.0,0.0,0.0,0.0
30,70,4.446212684202053,3.383374246428795,0.0,0.0,1.0,1.0,0.0,0.0
31,70,11.520306981011132,11.48348585231988,0.0,0.0,0.0,0.0,0.0,1.0
32,70,3.992867465304777,1.0744871951010222,1.0,1.0,0.0,0.0,0.0,0.0
33,70,4.274735883073413,10.113052249086596,1.0,1.0,0.0,0.0,1.0,0.0
34,70,2.8342621960327765,1.4098464795574197,0.0,0.0,0.0,1.0,0.0,0.0
35,70,10.885800667148947,2.5764253946871163,1.0,1.0,1.0,0.0,0.0,1.0
36,70,8.881885565175677,0.8879953528663199,0.0,1.0,0.0,1.0,0.0,0.0
37,70,3.065893846438555,1.940416704938079,0.0,1.0,0.0,0.0,0.0,0.0
38,70,11.727462795798608,0.3096314953573516,1.0,0.0,0.0,1.0,0.0,0.0
39,70,6.361034199713524,0.0,1.0,1.0,1.0,1.0,0.0,0.0
0,75,9.152279252103664,1.1027789256413871,1.0,0.0,1.0,0.0,0.0,1.0
1,75,5.915188016081214,5.360272095965554,1.0,0.0,0.0,1.0,1.0,0.0
2,75,4.906841993644223,3.230377916578821,0.0,0.0,0.0,0.0,1.0,1.0
3,75,2.6091211248503465,10.45212596593938,1.0,0.0,0.0,0.0,0.0,0.0
4,75,4.983244754113984,5.048558289747701,0.0,0.0,1.0,0.0,0.0,1.0
5,75,7.995580653869261,3.5624352829125514,0.0,1.0,1.0,0.0,0.0,0.0
6,75,8.01479405747539,7.989368744039774,0.0,0.0,0.0,0.0,1.0,1.0
7,75,3.1644062266451,0.6110639375618179,1.0,0.0,0.0,0.0,0.0,1.0
8,75,6.573160632930428,9.390698363904413,0.0,1.0,1.0,1.0,0.0,1.0
9,75,10.257603948077348,0.0,0.0,0.0,0.0,0.0,1.0,1.0
10,75,4.39189708527099,4.9721160466025625,1.0,0.0,0.0,0.0,0.0,0.0
11,75,1.4773304886513283,6.873982054228654,0.0,1.0,1.0,0.0,0.0,1.0
12,75,5.935005894136902,11.949528802993507,1.0,0.0,1.0,0.0,1.0,1.0
13,75,6.529437909648691,8.911622893837835,0.0,1.0,1.0,1.0,1.0,0.0
14,75,5.047788423887402,5.743362438038998,0.0,1.0,0.0,1.0,0.0,0.0
15,75,12.0,4.87772949005042,0.0,0.0,0.0,0.0,1.0,1.0
16,75,1.0353777246716525,4.262581049041559,1.0,1.0,1.0,0.0,0.0,0.0
17,75,9.513566208408308,5.947629276928725,1.0,0.0,0.0,1.0,1.0,1.0
18,75,11.442206300591304,9.107140755073024,1.0,1.0,0.0,0.0,0.0,1.0
19,75,2.661420261727018,3.19070373606776,1.0,1.0,1.0,0.0,0.0,0.0
20,75,3.45648498581329,6.508050268431184,0.0,0.0,1.0,1.0,1.0,0.0
21,75,4.688277344835232,7.5333042441566365,1.0,0.0,1.0,0.0,0.0,1.0
22,75,3.8278608497909303,2.746936339028269,0.0,1.0,1.0,1.0,0.0,1.0
23,75,10.293287884430269,3.2666122492808363,0.0,0.0,0.0,0.0,0.0,0.0
24,75,9.981656905260444,6.898449469709743,0.0,0.0,1.0,1.0,0.0,0.0
25,75,1.8354812983912163,8.169322918331273,0.0,0.0,0.0,0.0,0.0,1.0
26,75,3.662690137129766,10.316455555706648,0.0,0.0,0.0,0.0,1.0,0.0
27,75,8.749141676810684,0.1880866201142197,0.0,1.0,0.0,0.0,0.0,1.0
28,75,0.0,3.862069622371424,1.0,1.0,0.0,1.0,0.0,1.0
29,75,6.016293888598176,0.0375049598774137,0.0,0.0,0.0,0.0,0.0,0.0
30,75,4.4159310286926,3.393172549462649,0.0,0.0,1.0,1.0,0.0,0.0
31,75,11.474991898531052,11.43497937953284,0.0,0.0,0.0,0.0,0.0,1.0
32,75,4.062016190636252,1.0907581779222235,1.0,1.0,0.0,0.0,0.0,0.0
33,75,4.247214832157948,10.149410833801822,1.0,1.0,0.0,0.0,1.0,0.0
34,75,2.8428382734614326,1.393465360429163,0.0,0.0,0.0,1.0,0.0,0.0
35,75,10.954182756789123,2.6235884471467243,1.0,1.0,1.0,0.0,0.0,1.0
36,75,8.88299503097943,0.897138044066865,0.0,1.0,0.0,1.0,0.0,0.0
37,75,2.965399820866164,1.8234039133886928,0.0,1.0,0.0,0.0,0.0,0.0
38,75,11.744986452873034,0.2902659947484453,1.0,0.0,0.0,1.0,0.0,0.0
39,75,6.391884170586669,0.0,1.0,1.0,1.0,1.0,0.0,0.0
0,80,9.055765745266946,1.1056027105366553,1.0,0.0,1.0,0.0,0.0,1.0
1,80,5.740470542116844,5.307387103412293,1.0,0.0,0.0,1.0,1.0,0.0
2,80,4.81879738331246,3.248557306636148,0.0,0.0,0.0,0.0,1.0,1.0
3,80,2.597899891149258,10.435070583401856,1.0,0.0,0.0,0.0,0.0,0.0
4,80,4.982003460191831,5.053258594340619,0.0,0.0,1.0,0.0,0.0,1.0
5,80,8.02740612613906,3.554242615631973,0.0,1.0,1.0,0.0,0.0,0.0
6,80,8.038383699551126,8.024624513386652,0.0,0.0,0.0,0.0,1.0,1.0
7,80,3.172751417697639,0.6405506377177728,1.0,0.0,0.0,0.0,0.0,1.0
8,80,6.688463595532445,9.34758805076423,0.0,1.0,1.0,1.0,0.0,1.0
9,80,10.236124048698796,0.1369576576833249,0.0,0.0,0.0,0.0,1.0,1.0
10,80,4.375266674119315,4.97342170730038,1.0,0.0,0.0,0.0,0.0,0.0
11,80,1.330411415585459,6.867605096045903,0.0,1.0,1.0,0.0,0.0,1.0
12,80,5.940473228415819,11.904516707404438,1.0,0.0,1.0,0.0,1.0,1.0
13,80,6.44436719859327,8.857902182902684,0.0,1.0,1.0,1.0,1.0,0.0
14,80,5.0553283517282095,5.683162063753148,0.0,1.0,0.0,1.0,0.0,0.0
15,80,12.0,4.868400373296343,0.0,0.0,0.0,0.0,1.0,1.0
16,80,0.9769216878226236,4.220391537758731,1.0,1.0,1.0,0.0,0.0,0.0
17,80,9.531975672848043,5.950699124972224,1.0,0.0,0.0,1.0,1.0,1.0
18,80,11.422538947193472,9.101744288380097,1.0,1.0,0.0,0.0,0.0,1.0
19,80,2.5764378783776016,3.139891972747816,1.0,1.0,1.0,0.0,0.0,0.0
20,80,3.4390796054084545,6.586808112892946,0.0,0.0,1.0,1.0,1.0,0.0
21,80,4.696176356492599,7.628542802264626,1.0,0.0,1.0,0.0,0.0,1.0
22,80,3.8533935985388936,2.779020822794245,0.0,1.0,1.0,1.0,0.0,1.0
23,80,10.302731128184153,3.31958953206118,0.0,0.0,0.0,0.0,0.0,0.0
24,80,10.076400419223704,6.893623149108687,0.0,0.0,1.0,1.0,0.0,0.0
25,80,1.8011342999188356,8.204357252963783,0.0,0.0,0.0,0.0,0.0,1.0
26,80,3.683055309267356,10.299567127682844,0.0,0.0,0.0,0.0,1.0,0.0
27,80,8.607925178368337,0.2107755211145754,0.0,1.0,0.0,0.0,0.0,1.0
28,80,0.0,3.85407633502392,1.0,1.0,0.0,1.0,0.0,1.0
29,80,6.118139351455176,0.035657822752434,0.0,0.0,0.0,0.0,0.0,0.0
30,80,4.397374164250642,3.3987968513711166,0.0,0.0,1.0,1.0,0.0,0.0
31,80,11.4252097817196,11.376986556793426,0.0,0.0,0.0,0.0,0.0,1.0
32,80,4.135955475740516,1.1102535822885395,1.0,1.0,0.0,0.0,0.0,0.0
33,80,4.223988888918536,10.179838910858724,1.0,1.0,0.0,0.0,1.0,0.0
34,80,2.8410188019160816,1.3970372392323456,0.0,0.0,0.0,1.0,0.0,0.0
35,80,11.043341881603183,2.6856459570624933,1.0,1.0,1.0,0.0,0.0,1.0
36,80,8.884968003042287,0.9113457764985238,0.0,1.0,0.0,1.0,0.0,0.0
37,80,2.866416616451532,1.70694749475611,0.0,1.0,0.0,0.0,0.0,0.0
38,80,11.75347998260368,0.2809141733462518,1.0,0.0,0.0,1.0,0.0,0.0
39,80,6.427475758681067,0.0,1.0,1.0,1.0,1.0,0.0,0.0
0,85,8.96772158121912,1.1081946398936178,1.0,0.0,1.0,0.0,0.0,1.0
1,85,5.5786651209901255,5.260035033311219,1.0,0.0,0.0,1.0,1.0,0.0
2,85,4.71589076259074,3.2666172797996973,0.0,0.0,0.0,0.0,1.0,1.0
3,85,2.5818260075907915,10.410899225197074,1.0,0.0,0.0,0.0,0.0,0.0
4,85,4.98208493051892,5.052862259293282,0.0,0.0,1.0,0.0,0.0,1.0
5,85,8.10182368547857,3.5329471300347928,0.0,1.0,1.0,0.0,0.0,0.0
6,85,8.05484195352528,8.04880548200537,0.0,0.0,0.0,0.0,1.0,1.0
7,85,3.1760847278562903,0.652305736480441,1.0,0.0,0.0,0.0,0.0,1.0
8,85,6.795215421390944,9.30846907642782,0.0,1.0,1.0,1.0,0.0,1.0
9,85,10.21506269958014,0.2786513357990168,0.0,0.0,0.0,0.0,1.0,1.0
10,85,4.366509190396375,4.974246641190591,1.0,0.0,0.0,0.0,0.0,0.0
11,85,1.1857304767061176,6.86179442418442,0.0,1.0,1.0,0.0,0.0,1.0
12,85,5.946813120586691,11.847885126931812,1.0,0.0,1.0,0.0,1.0,1.0
13,85,6.353176761511572,8.79939781924561,0.0,1.0,1.0,1.0,1.0,0.0
14,85,5.06297599996281,5.626136984399064,0.0,1.0,0.0,1.0,0.0,0.0
15,85,12.0,4.865852826376675,0.0,0.0,0.0,0.0,1.0,1.0
16,85,0.9059087860119742,4.166572631071269,1.0,1.0,1.0,0.0,0.0,0.0
17,85,9.554473278118518,5.954527909756554,1.0,0.0,0.0,1.0,1.0,1.0
18,85,11.401226142222876,9.09526950462582,1.0,1.0,0.0,0.0,0.0,1.0
19,85,2.4771544261290237,3.0796811465101954,1.0,1.0,1.0,0.0,0.0,0.0
20,85,3.4191144052542883,6.690866974155068,0.0,0.0,1.0,1.0,1.0,0.0
21,85,4.702270295629544,7.723614539390143,1.0,0.0,1.0,0.0,0.0,1.0
22,85,3.8837098205315854,2.817616184431897,0.0,1.0,1.0,1.0,0.0,1.0
23,85,10.317563857058152,3.3955790292653147,0.0,0.0,0.0,0.0,0.0,0.0
24,85,10.17750504856209,6.886756816217668,0.0,0.0,1.0,1.0,0.0,0.0
25,85,1.7692575540923845,8.23619173964942,0.0,0.0,0.0,0.0,0.0,1.0
26,85,3.705030858358481,10.280658567839884,0.0,0.0,0.0,0.0,1.0,0.0
27,85,8.476217147807095,0.234604183363232,0.0,1.0,0.0,0.0,0.0,1.0
28,85,0.0,3.8476801677272254,1.0,1.0,0.0,1.0,0.0,1.0
29,85,6.212573102756009,0.0348593282336793,0.0,0.0,0.0,0.0,0.0,0.0
30,85,4.372640846969005,3.4068960440554417,0.0,0.0,1.0,1.0,0.0,0.0
31,85,11.364616708630768,11.305982573123115,0.0,0.0,0.0,0.0,0.0,1.0
32,85,4.196850089298602,1.1287032594083677,1.0,1.0,0.0,0.0,0.0,0.0
33,85,4.211464344826341,10.195894272379896,1.0,1.0,0.0,0.0,1.0,0.0
34,85,2.8343450394081184,1.4107966664395324,0.0,0.0,0.0,1.0,0.0,0.0
35,85,11.12760299157338,2.7474342341496887,1.0,1.0,1.0,0.0,0.0,1.0
36,85,8.886655814319536,0.9213061300807756,0.0,1.0,0.0,1.0,0.0,0.0
37,85,2.7502664010103453,1.566510535804697,0.0,1.0,0.0,0.0,0.0,0.0
38,85,11.766746331327976,0.265368741196343,1.0,0.0,0.0,1.0,0.0,0.0
39,85,6.466420733898376,0.0,1.0,1.0,1.0,1.0,0.0,0.0
0,90,8.87800171024463,1.1128596167437557,1.0,0.0,1.0,0.0,0.0,1.0
1,90,5.411301586323457,5.207504589770253,1.0,0.0,0.0,1.0,1.0,0.0
2,90,4.619113285834976,3.284992775503807,0.0,0.0,0.0,0.0,1.0,1.0
3,90,2.5606602895989194,10.380245395750402,1.0,0.0,0.0,0.0,0.0,0.0
4,90,4.983095484394269,5.047903018254684,0.0,0.0,1.0,0.0,0.0,1.0
5,90,8.187336732222823,3.512039178441428,0.0,1.0,1.0,0.0,0.0,0.0
6,90,8.072590301254255,8.075169602380935,0.0,0.0,0.0,0.0,1.0,1.0
7,90,3.176583738807053,0.6540855650810119,1.0,0.0,0.0,0.0,0.0,1.0
8,90,6.896920148327606,9.270372074449368,0.0,1.0,1.0,1.0,0.0,1.0
9,90,10.192945033343603,0.417491324753411,0.0,0.0,0.0,0.0,1.0,1.0
10,90,4.359645735442792,4.974764488521248,1.0,0.0,0.0,0.0,0.0,0.0
11,90,1.045475267116354,6.8611607880258125,0.0,1.0,1.0,0.0,0.0,1.0
12,90,5.95553000123657,11.778568205871442,1.0,0.0,1.0,0.0,1.0,1.0
13,90,6.259232285359253,8.740856332535966,0.0,1.0,1.0,1.0,1.0,0.0
14,90,5.0700403301747325,5.577399911357444,0.0,1.0,0.0,1.0,0.0,0.0
15,90,12.0,4.8594896183976415,0.0,0.0,0.0,0.0,1.0,1.0
16,90,0.8456205466184887,4.121305352706619,1.0,1.0,1.0,0.0,0.0,0.0
17,90,9.569041554216856,5.956637717708402,1.0,0.0,0.0,1.0,1.0,1.0
18,90,11.397374522671631,9.094048383517867,1.0,1.0,0.0,0.0,0.0,1.0
19,90,2.3830178582504447,3.024501076664605,1.0,1.0,1.0,0.0,0.0,0.0
20,90,3.396504835714155,6.796656859642803,0.0,0.0,1.0,1.0,1.0,0.0
21,90,4.70820634614721,7.807691927396384,1.0,0.0,1.0,0.0,0.0,1.0
22,90,3.92454397642656,2.870185652760017,0.0,1.0,1.0,1.0,0.0,1.0
23,90,10.335923270109417,3.482680548347487,0.0,0.0,0.0,0.0,0.0,0.0
24,90,10.26752287581249,6.882540267669772,0.0,0.0,1.0,1.0,0.0,0.0
25,90,1.7320262106738926,8.273519359577145,0.0,0.0,0.0,0.0,0.0,1.0
26,90,3.72014007126929,10.268060391813597,0.0,0.0,0.0,0.0,1.0,0.0
27,90,8.334216038317177,0.2616850890390112,0.0,1.0,0.0,0.0,0.0,1.0
28,90,0.0,3.8321793314704458,1.0,1.0,0.0,1.0,0.0,1.0
29,90,6.323782939589792,0.0323356088419887,0.0,0.0,0.0,0.0,0.0,0.0
30,90,4.346532435965549,3.414762965296297,0.0,0.0,1.0,1.0,0.0,0.0
31,90,11.299802520995732,11.23466349708163,0.0,0.0,0.0,0.0,0.0,1.0
32,90,4.259215878771226,1.145921595122413,1.0,1.0,0.0,0.0,0.0,0.0
33,90,4.199169393455582,10.212352047583574,1.0,1.0,0.0,0.0,1.0,0.0
34,90,2.830689438759583,1.418375722485612,0.0,0.0,0.0,1.0,0.0,0.0
35,90,11.219239042472404,2.8140235105802707,1.0,1.0,1.0,0.0,0.0,1.0
36,90,8.886108100300802,0.9185511790482914,0.0,1.0,0.0,1.0,0.0,0.0
37,90,2.624773063148337,1.415308431417193,0.0,1.0,0.0,0.0,0.0,0.0
38,90,11.784339382956922,0.2441715499985496,1.0,0.0,0.0,1.0,0.0,0.0
39,90,6.518807106573704,0.0,1.0,1.0,1.0,1.0,0.0,0.0
0,95,8.776131554181886,1.121019295876278,1.0,0.0,1.0,0.0,0.0,1.0
1,95,5.234233659550244,5.152465581526622,1.0,0.0,0.0,1.0,1.0,0.0
2,95,4.524369699372666,3.3019665520846133,0.0,0.0,0.0,0.0,1.0,1.0
3,95,2.543970939538023,10.355062405548454,1.0,0.0,0.0,0.0,0.0,0.0
4,95,4.989443472338075,5.014906262960282,0.0,0.0,1.0,0.0,0.0,1.0
5,95,8.268402007745546,3.4942631247789744,0.0,1.0,1.0,0.0,0.0,0.0
6,95,8.101513794225413,8.117161685084156,0.0,0.0,0.0,0.0,1.0,1.0
7,95,3.175444288593511,0.6500639911749218,1.0,0.0,0.0,0.0,0.0,1.0
8,95,6.986860473891713,9.237615957168844,0.0,1.0,1.0,1.0,0.0,1.0
9,95,10.175409961585652,0.5578366614985829,0.0,0.0,0.0,0.0,1.0,1.0
10,95,4.340019173152988,4.976745493957486,1.0,0.0,0.0,0.0,0.0,0.0
11,95,0.9020621398860004,6.860976981788269,0.0,1.0,1.0,0.0,0.0,1.0
12,95,5.960636607024651,11.722360476109642,1.0,0.0,1.0,0.0,1.0,1.0
13,95,6.1773362537113,8.685931855980286,0.0,1.0,1.0,1.0,1.0,0.0
14,95,5.079874001436321,5.519234576412946,0.0,1.0,0.0,1.0,0.0,0.0
15,95,12.0,4.856008277898071,0.0,0.0,0.0,0.0,1.0,1.0
16,95,0.7942403353697733,4.08383263171206,1.0,1.0,1.0,0.0,0.0,0.0
17,95,9.579566891891515,5.958323682779136,1.0,0.0,0.0,1.0,1.0,1.0
18,95,11.406676997827796,9.0971484408165,1.0,1.0,0.0,0.0,0.0,1.0
19,95,2.2709550795973694,2.95927432249407,1.0,1.0,1.0,0.0,0.0,0.0
20,95,3.3729878633729165,6.902813111424381,0.0,0.0,1.0,1.0,1.0,0.0
21,95,4.613623229518,7.814169415944594,1.0,0.0,1.0,0.0,0.0,1.0
22,95,3.968801884506536,2.928152024594304,0.0,1.0,1.0,1.0,0.0,1.0
23,95,10.361075272456302,3.588640550471906,0.0,0.0,0.0,0.0,0.0,0.0
24,95,10.367092832247405,6.877027128850295,0.0,0.0,1.0,1.0,0.0,0.0
25,95,1.6829552672226955,8.320024560658785,0.0,0.0,0.0,0.0,0.0,1.0
26,95,3.727004690178071,10.262050009306009,0.0,0.0,0.0,0.0,1.0,0.0
27,95,8.180086856858148,0.2914029444418344,0.0,1.0,0.0,0.0,0.0,1.0
28,95,0.0,3.815123288422984,1.0,1.0,0.0,1.0,0.0,1.0
29,95,6.420947785529098,0.0312702691018951,0.0,0.0,0.0,0.0,0.0,0.0
30,95,4.304307883537319,3.427465489166472,0.0,0.0,1.0,1.0,0.0,0.0
31,95,11.244307298754244,11.172404915303405,0.0,0.0,0.0,0.0,0.0,1.0
32,95,4.333284669021975,1.167582328737558,1.0,1.0,0.0,0.0,0.0,0.0
33,95,4.191214881496155,10.223203615511316,1.0,1.0,0.0,0.0,1.0,0.0
34,95,2.83647039096717,1.4068666661323128,0.0,0.0,0.0,1.0,0.0,0.0
35,95,11.315329490977952,2.8822510081451704,1.0,1.0,1.0,0.0,0.0,1.0
36,95,8.882485785582388,0.8995428639131994,0.0,1.0,0.0,1.0,0.0,0.0
37,95,2.5036203909779164,1.2611769160869315,0.0,1.0,0.0,0.0,0.0,0.0
38,95,11.77523039505754,0.2557639257791468,1.0,0.0,0.0,1.0,0.0,0.0
39,95,6.576581535057557,0.0,1.0,1.0,1.0,1.0,0.0,0.0
0,100,8.687144339605911,1.130052665684446,1.0,0.0,1.0,0.0,0.0,1.0
1,100,5.055215485156012,5.098058689676663,1.0,0.0,0.0,1.0,1.0,0.0
2,100,4.446440436472368,3.3167982767586346,0.0,0.0,0.0,0.0,1.0,1.0
3,100,2.5274458157946893,10.329518151692398,1.0,0.0,0.0,0.0,0.0,0.0
4,100,4.992998967201205,4.997289738271886,0.0,0.0,1.0,0.0,0.0,1.0
5,100,8.342749770379427,3.4766220183036487,0.0,1.0,1.0,0.0,0.0,0.0
6,100,8.134049270487754,8.164240914268007,0.0,0.0,0.0,0.0,1.0,1.0
7,100,3.174354422475074,0.6465317367653954,1.0,0.0,0.0,0.0,0.0,1.0
8,100,7.081416913334443,9.202535744397494,0.0,1.0,1.0,1.0,0.0,1.0
9,100,10.158670660883937,0.7020402786210219,0.0,0.0,0.0,0.0,1.0,1.0
10,100,4.30871217584234,4.980071083115741,1.0,0.0,0.0,0.0,0.0,0.0
11,100,0.7448692314021458,6.864882212929793,0.0,1.0,1.0,0.0,0.0,1.0
12,100,5.96432744431729,11.68200426921786,1.0,0.0,1.0,0.0,1.0,1.0
13,100,6.095417847185471,8.631625363976807,0.0,1.0,1.0,1.0,1.0,0.0
14,100,5.088473500064871,5.466566790292009,0.0,1.0,0.0,1.0,0.0,0.0
15,100,11.998204162889978,4.856472536257383,0.0,0.0,0.0,0.0,1.0,1.0
16,100,0.7272509232591396,4.034003897980309,1.0,1.0,1.0,0.0,0.0,0.0
17,100,9.589699592318848,5.959938167381079,1.0,0.0,0.0,1.0,1.0,1.0
18,100,11.4085652396059,9.097732433178871,1.0,1.0,0.0,0.0,0.0,1.0
19,100,2.1740224084160773,2.904609091095295,1.0,1.0,1.0,0.0,0.0,0.0
20,100,3.351196915552772,6.9911260986073485,0.0,0.0,1.0,1.0,1.0,0.0
21,100,4.518176654326787,7.8197456687346705,1.0,0.0,1.0,0.0,0.0,1.0
22,100,4.031606110019326,3.00623671042574,0.0,1.0,1.0,1.0,0.0,1.0
23,100,10.394011900168133,3.7121389248175416,0.0,0.0,0.0,0.0,0.0,0.0
24,100,10.475885834908077,6.869705037269026,0.0,0.0,1.0,1.0,0.0,0.0
25,100,1.6284363116541225,8.372643132313188,0.0,0.0,0.0,0.0,0.0,1.0
26,100,3.7449633216971847,10.246327445379508,0.0,0.0,0.0,0.0,1.0,0.0
27,100,8.042386547315274,0.3185808517941059,0.0,1.0,0.0,0.0,0.0,1.0
28,100,0.0,3.800333935112821,1.0,1.0,0.0,1.0,0.0,1.0
29,100,6.526871752793612,0.0292771124885436,0.0,0.0,0.0,0.0,0.0,0.0
30,100,4.260415652940194,3.439289223691415,0.0,0.0,1.0,1.0,0.0,0.0
31,100,11.196559859406053,11.120831005684604,0.0,0.0,0.0,0.0,0.0,1.0
32,100,4.395725929860366,1.18412661891178,1.0,1.0,0.0,0.0,0.0,0.0
33,100,4.198333279154798,10.213603298793275,1.0,1.0,0.0,0.0,1.0,0.0
34,100,2.849228004639979,1.3808900330010034,0.0,0.0,0.0,1.0,0.0,0.0
35,100,11.406819040574256,2.947201303749724,1.0,1.0,1.0,0.0,0.0,1.0
36,100,8.879458712161265,0.8830520585243323,0.0,1.0,0.0,1.0,0.0,0.0
37,100,2.389800079796585,1.1156689345050237,0.0,1.0,0.0,0.0,0.0,0.0
38,100,11.770960723394673,0.2609920695480782,1.0,0.0,0.0,1.0,0.0,0.0
39,100,6.651044435570902,0.0,1.0,1.0,1.0,1.0,0.0,0.0
0,105,8.597767599829716,1.1394764255978875,1.0,0.0,1.0,0.0,0.0,1.0
1,105,4.867625343491468,5.0352513913769,1.0,0.0,0.0,1.0,1.0,0.0
2,105,4.347010219979505,3.335040334084072,0.0,0.0,0.0,0.0,1.0,1.0
3,105,2.498015245546903,10.285603059107244,1.0,0.0,0.0,0.0,0.0,0.0
4,105,4.994974146969366,4.987158019253391,0.0,0.0,1.0,0.0,0.0,1.0
5,105,8.412381162055045,3.4623590103682838,0.0,1.0,1.0,0.0,0.0,0.0
6,105,8.156103683212887,8.19777398668698,0.0,0.0,0.0,0.0,1.0,1.0
7,105,3.1678551235601238,0.6243179538017535,1.0,0.0,0.0,0.0,0.0,1.0
8,105,7.155201833282149,9.174725851180312,0.0,1.0,1.0,1.0,0.0,1.0
9,105,10.145823918877678,0.8359077704575208,0.0,0.0,0.0,0.0,1.0,1.0
10,105,4.274512602849857,4.983648831117455,1.0,0.0,0.0,0.0,0.0,0.0
11,105,0.5868206426692524,6.872701616412917,0.0,1.0,1.0,0.0,0.0,1.0
12,105,5.969335979820802,11.623016273384147,1.0,0.0,1.0,0.0,1.0,1.0
13,105,6.002762635938634,8.571405804255303,0.0,1.0,1.0,1.0,1.0,0.0
14,105,5.100692247792918,5.397868950474182,0.0,1.0,0.0,1.0,0.0,0.0
15,105,11.988822091438736,4.858719283170202,0.0,0.0,0.0,0.0,1.0,1.0
16,105,0.671795345075006,3.9925638130107615,1.0,1.0,1.0,0.0,0.0,0.0
17,105,9.618531923278804,5.963653620222649,1.0,0.0,0.0,1.0,1.0,1.0
18,105,11.39361596805234,9.093317201766888,1.0,1.0,0.0,0.0,0.0,1.0
19,105,2.058745767892168,2.843670557032319,1.0,1.0,1.0,0.0,0.0,0.0
20,105,3.3278433903566778,7.085799024180276,0.0,0.0,1.0,1.0,1.0,0.0
21,105,4.430821055690342,7.823875694600052,1.0,0.0,1.0,0.0,0.0,1.0
22,105,4.102283694140267,3.0911260661502147,0.0,1.0,1.0,1.0,0.0,1.0
23,105,10.424810800447796,3.8407505694891935,0.0,0.0,0.0,0.0,0.0,0.0
24,105,10.56795481338355,6.859940067247622,0.0,0.0,1.0,1.0,0.0,0.0
25,105,1.5866152390659618,8.413500316165226,0.0,0.0,0.0,0.0,0.0,1.0
26,105,3.7585464696328295,10.234301936725169,0.0,0.0,0.0,0.0,1.0,0.0
27,105,7.916908316787146,0.342786603359983,0.0,1.0,0.0,0.0,0.0,1.0
28,105,0.0,3.783677968676865,1.0,1.0,0.0,1.0,0.0,1.0
29,105,6.628969943789822,0.0270461865237584,0.0,0.0,0.0,0.0,0.0,0.0
30,105,4.229580058454793,3.4474607210498043,0.0,0.0,1.0,1.0,0.0,0.0
31,105,11.143747842693472,11.061876239942183,0.0,0.0,0.0,0.0,0.0,1.0
32,105,4.463258525783161,1.2016946999512728,1.0,1.0,0.0,0.0,0.0,0.0
33,105,4.205603497353229,10.203638775697,1.0,1.0,0.0,0.0,1.0,0.0
34,105,2.8613866167634674,1.3543153534990866,0.0,0.0,0.0,1.0,0.0,0.0
35,105,11.503740814364448,3.0154640643236967,1.0,1.0,1.0,0.0,0.0,1.0
36,105,8.877566935131831,0.872256766583296,0.0,1.0,0.0,1.0,0.0,0.0
37,105,2.266831246805154,0.9675095849330246,0.0,1.0,0.0,0.0,0.0,0.0
38,105,11.769412177175663,0.2628796280911621,1.0,0.0,0.0,1.0,0.0,0.0
39,105,6.723058576857659,0.0,1.0,1.0,1.0,1.0,0.0,0.0
0,110,8.507751613591514,1.1486878580117907,1.0,0.0,1.0,0.0,0.0,1.0
1,110,4.6941200278713495,4.980003384827168,1.0,0.0,0.0,1.0,1.0,0.0
2,110,4.218283451413017,3.3559213858634167,0.0,0.0,0.0,0.0,1.0,1.0
3,110,2.450727269044876,10.217833743490724,1.0,0.0,0.0,0.0,0.0,0.0
4,110,4.996883421544704,4.977937695143282,0.0,0.0,1.0,0.0,0.0,1.0
5,110,8.48172986171084,3.449664845962464,0.0,1.0,1.0,0.0,0.0,0.0
6,110,8.17154480233859,8.221800066862142,0.0,0.0,0.0,0.0,1.0,1.0
7,110,3.161475854788516,0.6011134469150804,1.0,0.0,0.0,0.0,0.0,1.0
8,110,7.218327607041245,9.152266653470178,0.0,1.0,1.0,1.0,0.0,1.0
9,110,10.135965756305769,0.9660816982861578,0.0,0.0,0.0,0.0,1.0,1.0
10,110,4.246992047392445,4.986382209262708,1.0,0.0,0.0,0.0,0.0,0.0
11,110,0.4055077221837994,6.880743221589077,0.0,1.0,1.0,0.0,0.0,1.0
12,110,5.97385321410757,11.562923961333349,1.0,0.0,1.0,0.0,1.0,1.0
13,110,5.896809195848473,8.507473354648655,0.0,1.0,1.0,1.0,1.0,0.0
14,110,5.111227352308356,5.3346324723449685,0.0,1.0,0.0,1.0,0.0,0.0
15,110,11.98234808749002,4.860340547575481,0.0,0.0,0.0,0.0,1.0,1.0
16,110,0.6254971027211409,3.9566243779156833,1.0,1.0,1.0,0.0,0.0,0.0
17,110,9.642663596819428,5.9668870245365335,1.0,0.0,0.0,1.0,1.0,1.0
18,110,11.405871702363662,9.096720751075184,1.0,1.0,0.0,0.0,0.0,1.0
19,110,1.950115007173976,2.784970163984415,1.0,1.0,1.0,0.0,0.0,0.0
20,110,3.307592234469698,7.170911874113291,0.0,0.0,1.0,1.0,1.0,0.0
21,110,4.338151508688072,7.830792832035721,1.0,0.0,1.0,0.0,0.0,1.0
22,110,4.189026334012507,3.1927653836196974,0.0,1.0,1.0,1.0,0.0,1.0
23,110,10.453741911837373,3.9613638091563255,0.0,0.0,0.0,0.0,0.0,0.0
24,110,10.65705498711263,6.851538464147058,0.0,0.0,1.0,1.0,0.0,0.0
25,110,1.5378167366413409,8.458267790691707,0.0,0.0,0.0,0.0,0.0,1.0
26,110,3.748016962177056,10.243889780543611,0.0,0.0,0.0,0.0,1.0,0.0
27,110,7.785604078124784,0.3643250457301371,0.0,1.0,0.0,0.0,0.0,1.0
28,110,0.0,3.768426732192307,1.0,1.0,0.0,1.0,0.0,1.0
29,110,6.720789383516634,0.0268025238011714,0.0,0.0,0.0,0.0,0.0,0.0
30,110,4.197252416765816,3.4559844547519307,0.0,0.0,1.0,1.0,0.0,0.0
31,110,11.089419517088904,10.998130325704109,0.0,0.0,0.0,0.0,0.0,1.0
32,110,4.538876779065935,1.2218552854171012,1.0,1.0,0.0,0.0,0.0,0.0
33,110,4.209254981724476,10.198907896434546,1.0,1.0,0.0,0.0,1.0,0.0
34,110,2.87091788596092,1.3339777625280322,0.0,0.0,0.0,1.0,0.0,0.0
35,110,11.594210420476868,3.07736105314489,1.0,1.0,1.0,0.0,0.0,1.0
36,110,8.87626268032628,0.8651685495598125,0.0,1.0,0.0,1.0,0.0,0.0
37,110,2.1440407205848584,0.813048316978209,0.0,1.0,0.0,0.0,0.0,0.0
38,110,11.776347384463538,0.2544198222024947,1.0,0.0,0.0,1.0,0.0,0.0
39,110,6.81467087572188,0.0,1.0,1.0,1.0,1.0,0.0,0.0
0,115,8.434972635990851,1.1562526048413346,1.0,0.0,1.0,0.0,0.0,1.0
1,115,4.524746938533087,4.926186161895601,1.0,0.0,0.0,1.0,1.0,0.0
2,115,4.2350536260287335,3.485403254944988,0.0,0.0,0.0,0.0,1.0,1.0
3,115,2.4167413467314995,10.16958017137743,1.0,0.0,0.0,0.0,0.0,0.0
4,115,4.998698720718474,4.968931458503051,0.0,0.0,1.0,0.0,0.0,1.0
5,115,8.544647970778668,3.439948009653348,0.0,1.0,1.0,0.0,0.0,0.0
6,115,8.1875315117563,8.247103504880513,0.0,0.0,0.0,0.0,1.0,1.0
7,115,3.156642428915085,0.5839649143308824,1.0,0.0,0.0,0.0,0.0,1.0
8,115,7.28272984808633,9.128418162762168,0.0,1.0,1.0,1.0,0.0,1.0
9,115,10.124578320943495,1.1110135603036957,0.0,0.0,0.0,0.0,1.0,1.0
10,115,4.219918951874584,4.988526594732577,1.0,0.0,0.0,0.0,0.0,0.0
11,115,0.2157783202560652,6.88538748549536,0.0,1.0,1.0,0.0,0.0,1.0
12,115,5.9779165048194045,11.511562717763528,1.0,0.0,1.0,0.0,1.0,1.0
13,115,5.79535248739428,8.444452457218095,0.0,1.0,1.0,1.0,1.0,0.0
14,115,5.1192667202467765,5.277014656354624,0.0,1.0,0.0,1.0,0.0,0.0
15,115,11.967982261644948,4.863964425277887,0.0,0.0,0.0,0.0,1.0,1.0
16,115,0.5853245547207845,3.925996252512834,1.0,1.0,1.0,0.0,0.0,0.0
17,115,9.648525768263855,5.96761638913356,1.0,0.0,0.0,1.0,1.0,1.0
18,115,11.407986855111751,9.097345522809915,1.0,1.0,0.0,0.0,0.0,1.0
19,115,1.832623955723605,2.718170181604591,1.0,1.0,1.0,0.0,0.0,0.0
20,115,3.2821137741311426,7.277934491480447,0.0,0.0,1.0,1.0,1.0,0.0
21,115,4.243642788559661,7.839807478237257,1.0,0.0,1.0,0.0,0.0,1.0
22,115,4.267047773881863,3.2876096989831898,0.0,1.0,1.0,1.0,0.0,1.0
23,115,10.481831052797398,4.092176827555162,0.0,0.0,0.0,0.0,0.0,0.0
24,115,10.7483657103697,6.843945756403429,0.0,0.0,1.0,1.0,0.0,0.0
25,115,1.474718009891289,8.518840540847753,0.0,0.0,0.0,0.0,0.0,1.0
26,115,3.733608784663456,10.256826658300648,0.0,0.0,0.0,0.0,1.0,0.0
27,115,7.655377755578444,0.3846835621958977,0.0,1.0,0.0,0.0,0.0,1.0
28,115,0.0,3.754238978176978,1.0,1.0,0.0,1.0,0.0,1.0
29,115,6.806399527258393,0.0278166373537049,0.0,0.0,0.0,0.0,0.0,0.0
30,115,4.177773471120668,3.46047367632035,0.0,0.0,1.0,1.0,0.0,0.0
31,115,11.046547940398517,10.944005512560796,0.0,0.0,0.0,0.0,0.0,1.0
32,115,4.623260908905194,1.2421855120592735,1.0,1.0,0.0,0.0,0.0,0.0
33,115,4.210214355091855,10.197675474712948,1.0,1.0,0.0,0.0,1.0,0.0
34,115,2.8738819083640075,1.3275401879977518,0.0,0.0,0.0,1.0,0.0,0.0
35,115,11.711430936347108,3.163032877905718,1.0,1.0,1.0,0.0,0.0,1.0
36,115,8.875224879107803,0.8601943356093326,0.0,1.0,0.0,1.0,0.0,0.0
37,115,2.0301888984244427,0.6673954952210552,0.0,1.0,0.0,0.0,0.0,0.0
38,115,11.781396824252502,0.2481053629932654,1.0,0.0,0.0,1.0,0.0,0.0
39,115,6.89972288400618,0.0,1.0,1.0,1.0,1.0,0.0,0.0
0,120,8.369757657572494,1.1622049605308389,1.0,0.0,1.0,0.0,0.0,1.0
1,120,4.3694974346760445,4.8776477225536885,1.0,0.0,0.0,1.0,1.0,0.0
2,120,4.248656925002741,3.5946944579458258,0.0,0.0,0.0,0.0,1.0,1.0
3,120,2.3834205309227,10.123974801494802,1.0,0.0,0.0,0.0,0.0,0.0
4,120,5.001408420438684,4.956543077598182,0.0,0.0,1.0,0.0,0.0,1.0
5,120,8.62640908892415,3.4256633111075607,0.0,1.0,1.0,0.0,0.0,0.0
6,120,8.206482078157139,8.2762003687654,0.0,0.0,0.0,0.0,1.0,1.0
7,120,3.153401058463324,0.5725491160448823,1.0,0.0,0.0,0.0,0.0,1.0
8,120,7.342542953447658,9.10524383963527,0.0,1.0,1.0,1.0,0.0,1.0
9,120,9.996964291203772,1.1042717186997295,0.0,0.0,0.0,0.0,1.0,1.0
10,120,4.185695329712585,4.991752564218215,1.0,0.0,0.0,0.0,0.0,0.0
11,120,0.0217161340961174,6.887795212197421,0.0,1.0,1.0,0.0,0.0,1.0
12,120,5.981106822481466,11.470140836012297,1.0,0.0,1.0,0.0,1.0,1.0
13,120,5.716760393229291,8.397343475802495,0.0,1.0,1.0,1.0,1.0,0.0
14,120,5.126360269343131,5.217172622906472,0.0,1.0,0.0,1.0,0.0,0.0
15,120,11.961262675290348,4.865688697915774,0.0,0.0,0.0,0.0,1.0,1.0
16,120,0.5524619558422739,3.900414187954863,1.0,1.0,1.0,0.0,0.0,0.0
17,120,9.649958417903274,5.967779466797112,1.0,0.0,0.0,1.0,1.0,1.0
18,120,11.402317157453744,9.095770845195364,1.0,1.0,0.0,0.0,0.0,1.0
19,120,1.7251778449108626,2.6578621662198647,1.0,1.0,1.0,0.0,0.0,0.0
20,120,3.257543652964135,7.383140993302999,0.0,0.0,1.0,1.0,1.0,0.0
21,120,4.151534989648122,7.848154304878998,1.0,0.0,1.0,0.0,0.0,1.0
22,120,4.35660850591768,3.391109697040652,0.0,1.0,1.0,1.0,0.0,1.0
23,120,10.509361500134634,4.22156188426866,0.0,0.0,0.0,0.0,0.0,0.0
24,120,10.851915368635312,6.836011648305668,0.0,0.0,1.0,1.0,0.0,0.0
25,120,1.411384990892133,8.452957086654775,0.0,0.0,0.0,0.0,0.0,1.0
26,120,3.732687812014904,10.257657180100177,0.0,0.0,0.0,0.0,1.0,0.0
27,120,7.535935082466582,0.4036405824875297,0.0,1.0,0.0,0.0,0.0,1.0
28,120,0.0,3.743976194493102,1.0,1.0,0.0,1.0,0.0,1.0
29,120,6.887192828275983,0.0283957991480419,0.0,0.0,0.0,0.0,0.0,0.0
30,120,4.169745999936521,3.4621242796498595,0.0,0.0,1.0,1.0,0.0,0.0
31,120,11.011672541954464,10.900676903334244,0.0,0.0,0.0,0.0,0.0,1.0
32,120,4.722974308359038,1.266031725067754,1.0,1.0,0.0,0.0,0.0,0.0
33,120,4.200501701221577,10.20938665572471,1.0,1.0,0.0,0.0,1.0,0.0
34,120,2.87320508472088,1.328913966109648,0.0,0.0,0.0,1.0,0.0,0.0
35,120,11.812951890955596,3.240816880055348,1.0,1.0,1.0,0.0,0.0,1.0
36,120,8.87411873926578,0.8552221097582089,0.0,1.0,0.0,1.0,0.0,0.0
37,120,1.9244660186392055,0.5276303094442004,0.0,1.0,0.0,0.0,0.0,0.0
38,120,11.789085141084795,0.2382010349624801,1.0,0.0,0.0,1.0,0.0,0.0
39,120,7.009130739081634,0.0,1.0,1.0,1.0,1.0,0.0,0.0
0,125,8.309256184966232,1.1673199124711853,1.0,0.0,1.0,0.0,0.0,1.0
1,125,4.209592915224408,4.832614063854049,1.0,0.0,0.0,1.0,1.0,0.0
2,125,4.26545897536013,3.712401004682769,0.0,0.0,0.0,0.0,1.0,1.0
3,125,2.34629837681618,10.076204817800113,1.0,0.0,0.0,0.0,0.0,0.0
4,125,5.005882364125647,4.9324014439431005,0.0,0.0,1.0,0.0,0.0,1.0
5,125,8.714644512466835,3.4113308770043567,0.0,1.0,1.0,0.0,0.0,0.0
6,125,8.207623445581074,8.27797988785258,0.0,0.0,0.0,0.0,1.0,1.0
7,125,3.15535591949781,0.5792687711752189,1.0,0.0,0.0,0.0,0.0,1.0
8,125,7.416183643585581,9.075952666468847,0.0,1.0,1.0,1.0,0.0,1.0
9,125,9.84402727864281,1.099350532519607,0.0,0.0,0.0,0.0,1.0,1.0
10,125,4.187020829482392,4.991615589181434,1.0,0.0,0.0,0.0,0.0,0.0
11,125,0.0,6.886355541917178,0.0,1.0,1.0,0.0,0.0,1.0
12,125,5.985236089458302,11.422980096499316,1.0,0.0,1.0,0.0,1.0,1.0
13,125,5.640678838471593,8.352260782352891,0.0,1.0,1.0,1.0,1.0,0.0
14,125,5.131949750061309,5.168053972286096,0.0,1.0,0.0,1.0,0.0,0.0
15,125,11.957004127673065,4.866840656225554,0.0,0.0,0.0,0.0,1.0,1.0
16,125,0.52093405775485,3.877260478830192,1.0,1.0,1.0,0.0,0.0,0.0
17,125,9.659356538344896,5.9689269770763165,1.0,0.0,0.0,1.0,1.0,1.0
18,125,11.41190668088902,9.09848767709796,1.0,1.0,0.0,0.0,0.0,1.0
19,125,1.6293113028836257,2.606181938535417,1.0,1.0,1.0,0.0,0.0,0.0
20,125,3.231236251868576,7.4797677323345955,0.0,0.0,1.0,1.0,1.0,0.0
21,125,4.056491727505519,7.8597320371314785,1.0,0.0,1.0,0.0,0.0,1.0
22,125,4.438564725162617,3.489714704512517,0.0,1.0,1.0,1.0,0.0,1.0
23,125,10.537472584322872,4.355936271685697,0.0,0.0,0.0,0.0,0.0,0.0
24,125,10.977153089693411,6.825702338870379,0.0,0.0,1.0,1.0,0.0,0.0
25,125,1.3369486561672608,8.373031555758642,0.0,0.0,0.0,0.0,0.0,1.0
26,125,3.732480867533636,10.257851631679562,0.0,0.0,0.0,0.0,1.0,0.0
27,125,7.555061757959282,0.5280723595061096,0.0,1.0,0.0,0.0,0.0,1.0
28,125,0.0,3.732170530773387,1.0,1.0,0.0,1.0,0.0,1.0
29,125,6.9652173980386936,0.0318689578174198,0.0,0.0,0.0,0.0,0.0,0.0
30,125,4.173039626710065,3.461399474438855,0.0,0.0,1.0,1.0,0.0,0.0
31,125,10.990958938241178,10.87410814740769,0.0,0.0,0.0,0.0,0.0,1.0
32,125,4.841897296802801,1.2938594837521304,1.0,1.0,0.0,0.0,0.0,0.0
33,125,4.206410172757959,10.202580111761844,1.0,1.0,0.0,0.0,1.0,0.0
34,125,2.8818804146874526,1.311914171106062,0.0,0.0,0.0,1.0,0.0,0.0
35,125,11.911325839967624,3.317759869288922,1.0,1.0,1.0,0.0,0.0,1.0
36,125,8.87110733837754,0.8400612535384026,0.0,1.0,0.0,1.0,0.0,0.0
37,125,1.8273502573888265,0.3974057797829555,0.0,1.0,0.0,0.0,0.0,0.0
38,125,11.7935708046047,0.2322765749728773,1.0,0.0,0.0,1.0,0.0,0.0
39,125,7.109943658359747,0.0,1.0,1.0,1.0,1.0,0.0,0.0
0,130,8.269495989673484,1.1717154381909245,1.0,0.0,1.0,0.0,0.0,1.0
1,130,4.031227664231009,4.781795134665385,1.0,0.0,0.0,1.0,1.0,0.0
2,130,4.282632511842472,3.836687723595808,0.0,0.0,0.0,0.0,1.0,1.0
3,130,2.3026803330036523,10.020817864519518,1.0,0.0,0.0,0.0,0.0,0.0
4,130,5.006652559069318,4.9283020620662095,0.0,0.0,1.0,0.0,0.0,1.0
5,130,8.80200959940555,3.394650426996788,0.0,1.0,1.0,0.0,0.0,0.0
6,130,8.213133054919062,8.287052491279391,0.0,0.0,0.0,0.0,1.0,1.0
7,130,3.146882736422398,0.5467446449558351,1.0,0.0,0.0,0.0,0.0,1.0
8,130,7.494968773159507,9.043504916646263,0.0,1.0,1.0,1.0,0.0,1.0
9,130,9.68773993834818,1.0934919858332777,0.0,0.0,0.0,0.0,1.0,1.0
10,130,4.183224457455829,4.992002398766558,1.0,0.0,0.0,0.0,0.0,0.0
11,130,0.0,6.87893127743286,0.0,1.0,1.0,0.0,0.0,1.0
12,130,5.9907243490623605,11.372572278000272,1.0,0.0,1.0,0.0,1.0,1.0
13,130,5.548565013135563,8.298084001275145,0.0,1.0,1.0,1.0,1.0,0.0
14,130,5.13716787117474,5.121939828763974,0.0,1.0,0.0,1.0,0.0,0.0
15,130,11.956560942502149,4.866952276740314,0.0,0.0,0.0,0.0,1.0,1.0
16,130,0.4886062119792974,3.854054983295175,1.0,1.0,1.0,0.0,0.0,0.0
17,130,9.6562928020793,5.968541547880275,1.0,0.0,0.0,1.0,1.0,1.0
18,130,11.42479413246947,9.101967121084511,1.0,1.0,0.0,0.0,0.0,1.0
19,130,1.524905640154267,2.552501360063027,1.0,1.0,1.0,0.0,0.0,0.0
20,130,3.207623440216482,7.566985985710628,0.0,0.0,1.0,1.0,1.0,0.0
21,130,3.9543760683503497,7.867895675113374,1.0,0.0,1.0,0.0,0.0,1.0
22,130,4.538295598160393,3.6179516364715374,0.0,1.0,1.0,1.0,0.0,1.0
23,130,10.566703506889576,4.48926630106302,0.0,0.0,0.0,0.0,0.0,0.0
24,130,11.1201643857543,6.817762855487884,0.0,0.0,1.0,1.0,0.0,0.0
25,130,1.2690940464156866,8.304512523755259,0.0,0.0,0.0,0.0,0.0,1.0
26,130,3.726728603150901,10.263142580234982,0.0,0.0,0.0,0.0,1.0,0.0
27,130,7.568674982154503,0.6454450834023218,0.0,1.0,0.0,0.0,0.0,1.0
28,130,0.0,3.7220873921969537,1.0,1.0,0.0,1.0,0.0,1.0
29,130,7.0586578840816045,0.0349703893076933,0.0,0.0,0.0,0.0,0.0,0.0
30,130,4.175122866330091,3.460963282800249,0.0,0.0,1.0,1.0,0.0,0.0
31,130,10.969588219968614,10.845664651812989,0.0,0.0,0.0,0.0,0.0,1.0
32,130,4.94789342388891,1.3154419862644442,1.0,1.0,0.0,0.0,0.0,0.0
33,130,4.208225184600875,10.200463127636018,1.0,1.0,0.0,0.0,1.0,0.0
34,130,2.8910104964134047,1.2948033821720977,0.0,0.0,0.0,1.0,0.0,0.0
35,130,11.998094864565909,3.380333181294481,1.0,1.0,1.0,0.0,0.0,1.0
36,130,8.874219273850798,0.8550598880382937,0.0,1.0,0.0,1.0,0.0,0.0
37,130,1.7139546912511607,0.2407814280131173,0.0,1.0,0.0,0.0,0.0,0.0
38,130,11.802364800135132,0.2208766586519276,1.0,0.0,0.0,1.0,0.0,0.0
39,130,7.202697284476691,0.0,1.0,1.0,1.0,1.0,0.0,0.0
0,135,8.2124788544726,1.1787262857519312,1.0,0.0,1.0,0.0,0.0,1.0
1,135,3.841750202299772,4.729698962489595,1.0,0.0,0.0,1.0,1.0,0.0
2,135,4.299810041938113,3.962763508682959,0.0,0.0,0.0,0.0,1.0,1.0
3,135,2.247113269019672,9.952279959329534,1.0,0.0,0.0,0.0,0.0,0.0
4,135,5.008623284993185,4.919155241145918,0.0,0.0,1.0,0.0,0.0,1.0
5,135,8.890873595119238,3.3779025909582927,0.0,1.0,1.0,0.0,0.0,0.0
6,135,8.223454669945784,8.303843233627425,0.0,0.0,0.0,0.0,1.0,1.0
7,135,3.13995552049938,0.5217538701979879,1.0,0.0,0.0,0.0,0.0,1.0
8,135,7.581068757814176,9.00899607316122,0.0,1.0,1.0,1.0,0.0,1.0
9,135,9.69082246985332,0.931562709580551,0.0,0.0,0.0,0.0,1.0,1.0
10,135,4.170553902884106,4.9932128197604335,1.0,0.0,0.0,0.0,0.0,0.0
11,135,0.0,6.871183061924402,0.0,1.0,1.0,0.0,0.0,1.0
12,135,5.995322702197958,11.328261852568314,1.0,0.0,1.0,0.0,1.0,1.0
13,135,5.465664121958212,8.247511886529235,0.0,1.0,1.0,1.0,1.0,0.0
14,135,5.141652080901232,5.0736267123153205,0.0,1.0,0.0,1.0,0.0,0.0
15,135,11.954482259983,4.867529111559603,0.0,0.0,0.0,0.0,1.0,1.0
16,135,0.4519968218417752,3.827576774307666,1.0,1.0,1.0,0.0,0.0,0.0
17,135,9.658971066006716,5.968829746805496,1.0,0.0,0.0,1.0,1.0,1.0
18,135,11.436304735154865,9.104869166175614,1.0,1.0,0.0,0.0,0.0,1.0
19,135,1.3964127002168691,2.4868746229743546,1.0,1.0,1.0,0.0,0.0,0.0
20,135,3.1891778921104743,7.634952461339223,0.0,0.0,1.0,1.0,1.0,0.0
21,135,3.845751982738989,7.878302506920863,1.0,0.0,1.0,0.0,0.0,1.0
22,135,4.6430918839319375,3.75868007533167,0.0,1.0,1.0,1.0,0.0,1.0
23,135,10.599433561256545,4.63924232798305,0.0,0.0,0.0,0.0,0.0,0.0
24,135,11.263829618321214,6.809917200695773,0.0,0.0,1.0,1.0,0.0,0.0
25,135,1.2031706020373656,8.241222931493873,0.0,0.0,0.0,0.0,0.0,1.0
26,135,3.7283097627400097,10.261664914273943,0.0,0.0,0.0,0.0,1.0,0.0
27,135,7.580287585291689,0.7456780582955758,0.0,1.0,0.0,0.0,0.0,1.0
28,135,0.0,3.713036935606759,1.0,1.0,0.0,1.0,0.0,1.0
29,135,7.131810413102016,0.0369710079574985,0.0,0.0,0.0,0.0,0.0,0.0
30,135,4.179620649896422,3.459944804171929,0.0,0.0,1.0,1.0,0.0,0.0
31,135,10.94197957213992,10.807504785536144,0.0,0.0,0.0,0.0,0.0,1.0
32,135,5.068825808984498,1.3416590203331802,1.0,1.0,0.0,0.0,0.0,0.0
33,135,4.217792521831984,10.189704796390965,1.0,1.0,0.0,0.0,1.0,0.0
34,135,2.9010551599286454,1.2758571510002896,0.0,0.0,0.0,1.0,0.0,0.0
35,135,12.0,3.452438082245082,1.0,1.0,1.0,0.0,0.0,1.0
36,135,8.880091411422985,0.8810836991818837,0.0,1.0,0.0,1.0,0.0,0.0
37,135,1.604434924573442,0.0949691455207859,0.0,1.0,0.0,0.0,0.0,0.0
38,135,11.809321239333828,0.2120344922852469,1.0,0.0,0.0,1.0,0.0,0.0
39,135,7.287891832810112,0.0,1.0,1.0,1.0,1.0,0.0,0.0
0,140,8.151933997078581,1.1873867045530575,1.0,0.0,1.0,0.0,0.0,1.0
1,140,3.633420607832116,4.671347682265428,1.0,0.0,0.0,1.0,1.0,0.0
2,140,4.314716914276895,4.089558625484572,0.0,0.0,0.0,0.0,1.0,1.0
3,140,2.193021993421404,9.88681635884988,1.0,0.0,0.0,0.0,0.0,0.0
4,140,5.006365801731491,4.929447433790607,0.0,0.0,1.0,0.0,0.0,1.0
5,140,8.95845254738821,3.366960956337905,0.0,1.0,1.0,0.0,0.0,0.0
6,140,8.222893522503899,8.302964053525505,0.0,0.0,0.0,0.0,1.0,1.0
7,140,3.139420906947929,0.5197606640047107,1.0,0.0,0.0,0.0,0.0,1.0
8,140,7.670285218867212,8.973900559342386,0.0,1.0,1.0,1.0,0.0,1.0
9,140,9.694742363492482,0.8013048960403713,0.0,0.0,0.0,0.0,1.0,1.0
10,140,4.160744554935969,4.993700858519039,1.0,0.0,0.0,0.0,0.0,0.0
11,140,0.0,6.861800168388461,0.0,1.0,1.0,0.0,0.0,1.0
12,140,5.997693348223319,11.289734536639951,1.0,0.0,1.0,0.0,1.0,1.0
13,140,5.377743231853454,8.191678913108023,0.0,1.0,1.0,1.0,1.0,0.0
14,140,5.147710669330393,5.00877723361831,0.0,1.0,0.0,1.0,0.0,0.0
15,140,11.96392197176796,4.8648730578473245,0.0,0.0,0.0,0.0,1.0,1.0
16,140,0.4199793804234988,3.8043193545848086,1.0,1.0,1.0,0.0,0.0,0.0
17,140,9.67428874892881,5.97028519654216,1.0,0.0,0.0,1.0,1.0,1.0
18,140,11.440649722619645,9.10605782726276,1.0,1.0,0.0,0.0,0.0,1.0
19,140,1.2755363771727053,2.4228993900084714,1.0,1.0,1.0,0.0,0.0,0.0
20,140,3.1671929205561558,7.708519137904907,0.0,0.0,1.0,1.0,1.0,0.0
21,140,3.752300825192813,7.889416920048789,1.0,0.0,1.0,0.0,0.0,1.0
22,140,4.746918494825196,3.900848503189956,0.0,1.0,1.0,1.0,0.0,1.0
23,140,10.632959991958025,4.794079359700102,0.0,0.0,0.0,0.0,0.0,0.0
24,140,11.409670089493396,6.802696095057402,0.0,0.0,1.0,1.0,0.0,0.0
25,140,1.132298747189874,8.174212600896956,0.0,0.0,0.0,0.0,0.0,1.0
26,140,3.721189495341037,10.26790820746464,0.0,0.0,0.0,0.0,1.0,0.0
27,140,7.592533120643452,0.8392551521150177,0.0,1.0,0.0,0.0,0.0,1.0
28,140,0.0,3.70659628031488,1.0,1.0,0.0,1.0,0.0,1.0
29,140,7.191316306394172,0.0390920137889718,0.0,0.0,0.0,0.0,0.0,0.0
30,140,4.185287978139154,3.458760799132773,0.0,0.0,1.0,1.0,0.0,0.0
31,140,10.905487602043642,10.75467387960156,0.0,0.0,0.0,0.0,0.0,1.0
32,140,5.191031624885835,1.3725528551333877,1.0,1.0,0.0,0.0,0.0,0.0
33,140,4.221904659797631,10.185026952330936,1.0,1.0,0.0,0.0,1.0,0.0
34,140,2.917696576031985,1.2413436544605874,0.0,0.0,0.0,1.0,0.0,0.0
35,140,12.0,3.511898224519017,1.0,1.0,1.0,0.0,0.0,1.0
36,140,8.881969486036244,0.888404956387862,0.0,1.0,0.0,1.0,0.0,0.0
37,140,1.504816215868472,0.0,0.0,1.0,0.0,0.0,0.0,0.0
38,140,11.805620954418083,0.2168359388532781,1.0,0.0,0.0,1.0,0.0,0.0
39,140,7.379394645325166,0.0,1.0,1.0,1.0,1.0,0.0,0.0
0,145,8.071867295329312,1.1977637676379824,1.0,0.0,1.0,0.0,0.0,1.0
1,145,3.431615094361072,4.609862664789577,1.0,0.0,0.0,1.0,1.0,0.0
2,145,4.326874484682288,4.200258655765188,0.0,0.0,0.0,0.0,1.0,1.0
3,145,2.14608757509602,9.827081591925694,1.0,0.0,0.0,0.0,0.0,0.0
4,145,5.006464697339074,4.9290330611394175,0.0,0.0,1.0,0.0,0.0,1.0
5,145,9.052428372757667,3.3521132399286,0.0,1.0,1.0,0.0,0.0,0.0
6,145,8.233024415324909,8.318527172969171,0.0,0.0,0.0,0.0,1.0,1.0
7,145,3.1415806955485914,0.5280353566368645,1.0,0.0,0.0,0.0,0.0,1.0
8,145,7.76528152109296,8.934166708274791,0.0,1.0,1.0,1.0,0.0,1.0
9,145,9.702092011767038,0.6780837106773934,0.0,0.0,0.0,0.0,1.0,1.0
10,145,4.159264834962993,4.993757549041828,1.0,0.0,0.0,0.0,0.0,0.0
11,145,0.0,6.852593918801128,0.0,1.0,1.0,0.0,0.0,1.0
12,145,5.998912907015869,11.266471047880282,1.0,0.0,1.0,0.0,1.0,1.0
13,145,5.291609683214733,8.137008328347038,0.0,1.0,1.0,1.0,1.0,0.0
14,145,5.155255062862472,4.923861976870255,0.0,1.0,0.0,1.0,0.0,0.0
15,145,11.942424461458684,4.87020092025618,0.0,0.0,0.0,0.0,1.0,1.0
16,145,0.4046821785650816,3.7928607150484,1.0,1.0,1.0,0.0,0.0,0.0
17,145,9.67224996886437,5.970139272163645,1.0,0.0,0.0,1.0,1.0,1.0
18,145,11.43063263077235,9.10324702129294,1.0,1.0,0.0,0.0,0.0,1.0
19,145,1.1595612724131443,2.3622103864961983,1.0,1.0,1.0,0.0,0.0,0.0
20,145,3.1494934704741686,7.772969081795482,0.0,0.0,1.0,1.0,1.0,0.0
21,145,3.678085993065868,7.8984156400706205,1.0,0.0,1.0,0.0,0.0,1.0
22,145,4.839388707379486,4.034832162173966,0.0,1.0,1.0,1.0,0.0,1.0
23,145,10.66584594003237,4.961530040281777,0.0,0.0,0.0,0.0,0.0,0.0
24,145,11.5684913157037,6.795538632558833,0.0,0.0,1.0,1.0,0.0,0.0
25,145,1.0739728581245933,8.11816889732709,0.0,0.0,0.0,0.0,0.0,1.0
26,145,3.702322298914929,10.285025050060124,0.0,0.0,0.0,0.0,1.0,0.0
27,145,7.604242811867421,0.9237102054225323,0.0,1.0,0.0,0.0,0.0,1.0
28,145,0.0,3.700112499785872,1.0,1.0,0.0,1.0,0.0,1.0
29,145,7.260951389459866,0.0396502296404147,0.0,0.0,0.0,0.0,0.0,0.0
30,145,4.161593144785544,3.4639996694194566,0.0,0.0,1.0,1.0,0.0,0.0
31,145,10.863310337910091,10.696735919321709,0.0,0.0,0.0,0.0,0.0,1.0
32,145,5.316579750677057,1.4050237137988428,1.0,1.0,0.0,0.0,0.0,0.0
33,145,4.221999350364917,10.184920905537652,1.0,1.0,0.0,0.0,1.0,0.0
34,145,2.944258914043617,1.187212805154513,0.0,0.0,0.0,1.0,0.0,0.0
35,145,12.0,3.58803381525871,1.0,1.0,1.0,0.0,0.0,1.0
36,145,8.885957844487699,0.9042070305658976,0.0,1.0,0.0,1.0,0.0,0.0
37,145,1.385453592578055,0.0,0.0,1.0,0.0,0.0,0.0,0.0
38,145,11.801718791120646,0.2220012909827809,1.0,0.0,0.0,1.0,0.0,0.0
39,145,7.473609759197565,0.0,1.0,1.0,1.0,1.0,0.0,0.0
0,150,7.99020384749336,1.2091309223196285,1.0,0.0,1.0,0.0,0.0,1.0
1,150,3.241492481981033,4.550220231356448,1.0,0.0,0.0,1.0,1.0,0.0
2,150,4.343233884710224,4.322802872485433,0.0,0.0,0.0,0.0,1.0,1.0
3,150,2.1038724547093985,9.775799102134249,1.0,0.0,0.0,0.0,0.0,0.0
4,150,5.007165137653055,4.92586132611396,0.0,0.0,1.0,0.0,0.0,1.0
5,150,9.13496121913901,3.3394552271078397,0.0,1.0,1.0,0.0,0.0,0.0
6,150,8.258990805606901,8.358116122190934,0.0,0.0,0.0,0.0,1.0,1.0
7,150,3.1453608388632044,0.5426705741756962,1.0,0.0,0.0,0.0,0.0,1.0
8,150,7.839542866664283,8.902943541470004,0.0,1.0,1.0,1.0,0.0,1.0
9,150,9.70994619914853,0.5396611215891169,0.0,0.0,0.0,0.0,1.0,1.0
10,150,4.177830407453533,4.993188718320484,1.0,0.0,0.0,0.0,0.0,0.0
11,150,0.0,6.845567897195418,0.0,1.0,1.0,0.0,0.0,1.0
12,150,6.001065854912845,11.229484258365554,1.0,0.0,1.0,0.0,1.0,1.0
13,150,5.23316805972124,8.099632681360392,0.0,1.0,1.0,1.0,1.0,0.0
14,150,5.167478363447016,4.809016311701077,0.0,1.0,0.0,1.0,0.0,0.0
15,150,11.90567746233314,4.878970483926937,0.0,0.0,0.0,0.0,1.0,1.0
16,150,0.424978674053704,3.765716094662851,1.0,1.0,1.0,0.0,0.0,0.0
17,150,9.656437361363386,5.968874461314864,1.0,0.0,0.0,1.0,1.0,1.0
18,150,11.407609651755903,9.096966951404196,1.0,1.0,0.0,0.0,0.0,1.0
19,150,1.0522300458878522,2.304675982666228,1.0,1.0,1.0,0.0,0.0,0.0
20,150,3.1325408154510104,7.8331009958164035,0.0,0.0,1.0,1.0,1.0,0.0
21,150,3.61329957128841,7.9057373125607215,1.0,0.0,1.0,0.0,0.0,1.0
22,150,4.934099025496715,4.167421312694586,0.0,1.0,1.0,1.0,0.0,1.0
23,150,10.485818774558547,4.998332824417095,0.0,0.0,0.0,0.0,0.0,0.0
24,150,11.72524927767476,6.791143841206625,0.0,0.0,1.0,1.0,0.0,0.0
25,150,1.0148274383142026,8.059457992587948,0.0,0.0,0.0,0.0,0.0,1.0
26,150,3.682073715369759,10.304675691201076,0.0,0.0,0.0,0.0,1.0,0.0
27,150,7.615545016895197,1.0080232543100336,0.0,1.0,0.0,0.0,0.0,1.0
28,150,0.0,3.696843584237554,1.0,1.0,0.0,1.0,0.0,1.0
29,150,7.335582561822526,0.0397881589768292,0.0,0.0,0.0,0.0,0.0,0.0
30,150,4.140615341120777,3.4685978878820607,0.0,0.0,1.0,1.0,0.0,0.0
31,150,10.822460861812726,10.637438101171666,0.0,0.0,0.0,0.0,0.0,1.0
32,150,5.436655756948844,1.4358923742193517,1.0,1.0,0.0,0.0,0.0,0.0
33,150,4.219764184780619,10.18747165121088,1.0,1.0,0.0,0.0,1.0,0.0
34,150,2.970055590539325,1.1340351912288456,0.0,0.0,0.0,1.0,0.0,0.0
35,150,12.0,3.6522457544915823,1.0,1.0,1.0,0.0,0.0,1.0
36,150,8.889313714698284,0.9175906194658472,0.0,1.0,0.0,1.0,0.0,0.0
37,150,1.28119519800101,0.0,0.0,1.0,0.0,0.0,0.0,0.0
38,150,11.811063552049506,0.2091004557486749,1.0,0.0,0.0,1.0,0.0,0.0
39,150,7.560617058570345,0.0,1.0,1.0,1.0,1.0,0.0,0.0
0,155,7.914696097172789,1.220317524586452,1.0,0.0,1.0,0.0,0.0,1.0
1,155,3.078748692210056,4.50036602904949,1.0,0.0,0.0,1.0,1.0,0.0
2,155,4.359312577541898,4.435537275388111,0.0,0.0,0.0,0.0,1.0,1.0
3,155,2.057176851069847,9.72074554430726,1.0,0.0,0.0,0.0,0.0,0.0
4,155,5.001793704490922,4.950223135479761,0.0,0.0,1.0,0.0,0.0,1.0
5,155,9.199886302198651,3.3290035134375904,0.0,1.0,1.0,0.0,0.0,0.0
6,155,8.27592579258244,8.384501994458903,0.0,0.0,0.0,0.0,1.0,1.0
7,155,3.0891449168683414,0.5565696950306948,1.0,0.0,0.0,0.0,0.0,1.0
8,155,7.911446054684912,8.871053582437172,0.0,1.0,1.0,1.0,0.0,1.0
9,155,9.715270905758652,0.4120875363781902,0.0,0.0,0.0,0.0,1.0,1.0
10,155,4.1782798144723925,5.008696931465925,1.0,0.0,0.0,0.0,0.0,0.0
11,155,0.0,6.843672925315271,0.0,1.0,1.0,0.0,0.0,1.0
12,155,6.002669094117881,11.197828358904175,1.0,0.0,1.0,0.0,1.0,1.0
13,155,5.178041661223416,8.06369738602065,0.0,1.0,1.0,1.0,1.0,0.0
14,155,5.1780765919660166,4.689733262566313,0.0,1.0,0.0,1.0,0.0,0.0
15,155,11.85536558527833,4.891194475584368,0.0,0.0,0.0,0.0,1.0,1.0
16,155,0.4381885241129169,3.748474725122743,1.0,1.0,1.0,0.0,0.0,0.0
17,155,9.65348787415898,5.9686476981809005,1.0,0.0,0.0,1.0,1.0,1.0
18,155,11.358791706551278,9.083609592028326,1.0,1.0,0.0,0.0,0.0,1.0
19,155,0.9283859941284576,2.2367641479515608,1.0,1.0,1.0,0.0,0.0,0.0
20,155,3.120983202150895,7.869680296679598,0.0,0.0,1.0,1.0,1.0,0.0
21,155,3.568702706527385,7.910086224447599,1.0,0.0,1.0,0.0,0.0,1.0
22,155,5.024445661981294,4.296877192571984,0.0,1.0,1.0,1.0,0.0,1.0
23,155,10.295777583019207,5.0388306359577,0.0,0.0,0.0,0.0,0.0,0.0
24,155,11.886695030219894,6.784898280555931,0.0,0.0,1.0,1.0,0.0,0.0
25,155,0.971282973966327,8.0171158851689,0.0,0.0,0.0,0.0,0.0,1.0
26,155,3.6576278680578542,10.32839723136428,0.0,0.0,0.0,0.0,1.0,0.0
27,155,7.627171595029248,1.0888093297984631,0.0,1.0,0.0,0.0,0.0,1.0
28,155,0.0,3.695337818198268,1.0,1.0,0.0,1.0,0.0,1.0
29,155,7.40683883404666,0.0414535937755473,0.0,0.0,0.0,0.0,0.0,0.0
30,155,4.113514108151579,3.4743614484743417,0.0,0.0,1.0,1.0,0.0,0.0
31,155,10.780341664946317,10.577078962925594,0.0,0.0,0.0,0.0,0.0,1.0
32,155,5.569358259597529,1.4695468182410014,1.0,1.0,0.0,0.0,0.0,0.0
33,155,4.210192148591478,10.198253851451978,1.0,1.0,0.0,0.0,1.0,0.0
34,155,3.0023202396542787,1.0724048846427972,0.0,0.0,0.0,1.0,0.0,0.0
35,155,12.0,3.715881587714709,1.0,1.0,1.0,0.0,0.0,1.0
36,155,8.896039253510354,0.9421509432458222,0.0,1.0,0.0,1.0,0.0,0.0
37,155,1.1829071603939434,0.0,0.0,1.0,0.0,0.0,0.0,0.0
38,155,11.820232869769692,0.1966789584091666,1.0,0.0,0.0,1.0,0.0,0.0
39,155,7.668101258349587,0.0,1.0,1.0,1.0,1.0,0.0,0.0
0,160,7.850516150144057,1.2309679804572713,1.0,0.0,1.0,0.0,0.0,1.0
1,160,2.908801601811711,4.446561635534216,1.0,0.0,0.0,1.0,1.0,0.0
2,160,4.3728013030366935,4.534618904824478,0.0,0.0,0.0,0.0,1.0,1.0
3,160,2.0210903570026093,9.677493203533446,1.0,0.0,0.0,0.0,0.0,0.0
4,160,4.998303783140404,4.96622711812499,0.0,0.0,1.0,0.0,0.0,1.0
5,160,9.25117968635038,3.32104115748408,0.0,1.0,1.0,0.0,0.0,0.0
6,160,8.291173044593783,8.40999980365135,0.0,0.0,0.0,0.0,1.0,1.0
7,160,3.0446729031203965,0.5665936332237628,1.0,0.0,0.0,0.0,0.0,1.0
8,160,8.002763888911938,8.832638251831602,0.0,1.0,1.0,1.0,0.0,1.0
9,160,9.718911194978704,0.2609441752459742,0.0,0.0,0.0,0.0,1.0,1.0
10,160,4.17846490381516,5.039516962562125,1.0,0.0,0.0,0.0,0.0,0.0
11,160,0.0,6.848576098628379,0.0,1.0,1.0,0.0,0.0,1.0
12,160,6.006256839218784,11.141374501588976,1.0,0.0,1.0,0.0,1.0,1.0
13,160,5.124780635150782,8.028535061249054,0.0,1.0,1.0,1.0,1.0,0.0
14,160,5.1869389545180535,4.565576854019631,0.0,1.0,0.0,1.0,0.0,0.0
15,160,11.820536877136837,4.900170021681037,0.0,0.0,0.0,0.0,1.0,1.0
16,160,0.4614517840823164,3.7167451978473554,1.0,1.0,1.0,0.0,0.0,0.0
17,160,9.65381488994197,5.968673201688881,1.0,0.0,0.0,1.0,1.0,1.0
18,160,11.320130174916445,9.073460669564586,1.0,1.0,0.0,0.0,0.0,1.0
19,160,0.8177920562440534,2.175397886776688,1.0,1.0,1.0,0.0,0.0,0.0
20,160,3.105190834876577,7.918946401012396,0.0,0.0,1.0,1.0,1.0,0.0
21,160,3.511156436291126,7.915147568046884,1.0,0.0,1.0,0.0,0.0,1.0
22,160,5.123615671403634,4.4379682083215775,0.0,1.0,1.0,1.0,0.0,1.0
23,160,10.121100553334704,5.081590084142386,0.0,0.0,0.0,0.0,0.0,0.0
24,160,12.0,6.778133943238285,0.0,0.0,1.0,1.0,0.0,0.0
25,160,0.9284702735951904,7.977157843354151,0.0,0.0,0.0,0.0,0.0,1.0
26,160,3.628214945536455,10.358314117579315,0.0,0.0,0.0,0.0,1.0,0.0
27,160,7.639652525022276,1.1624770046945103,0.0,1.0,0.0,0.0,0.0,1.0
28,160,0.0,3.6923942757867656,1.0,1.0,0.0,1.0,0.0,1.0
29,160,7.49460067228923,0.0423585031063205,0.0,0.0,0.0,0.0,0.0,0.0
30,160,4.09514305014282,3.4782789580843483,0.0,0.0,1.0,1.0,0.0,0.0
31,160,10.741085537322062,10.521162423411376,0.0,0.0,0.0,0.0,0.0,1.0
32,160,5.708010439169234,1.505300831722445,1.0,1.0,0.0,0.0,0.0,0.0
33,160,4.198816271538533,10.211141108357852,1.0,1.0,0.0,0.0,1.0,0.0
34,160,3.0259510012128485,1.0249000271286175,0.0,0.0,0.0,1.0,0.0,0.0
35,160,12.0,3.7867870959203698,1.0,1.0,1.0,0.0,0.0,1.0
36,160,8.907657335382428,0.98605858396724,0.0,1.0,0.0,1.0,0.0,0.0
37,160,1.0935745652143012,0.0,0.0,1.0,0.0,0.0,0.0,0.0
38,160,11.82837001589616,0.1856200682012415,1.0,0.0,0.0,1.0,0.0,0.0
39,160,7.768457945646912,0.0,1.0,1.0,1.0,1.0,0.0,0.0
0,165,7.765455007362651,1.2446252780449787,1.0,0.0,1.0,0.0,0.0,1.0
1,165,2.716952279813776,4.387284469965899,1.0,0.0,0.0,1.0,1.0,0.0
2,165,4.388714350362609,4.624799831529546,0.0,0.0,0.0,0.0,1.0,1.0
3,165,1.9923917116928251,9.641845986094616,1.0,0.0,0.0,0.0,0.0,0.0
4,165,4.9922614801385095,4.994583775182517,0.0,0.0,1.0,0.0,0.0,1.0
5,165,9.267124349401586,3.3186036336695985,0.0,1.0,1.0,0.0,0.0,0.0
6,165,8.31314010366786,8.44780626386349,0.0,0.0,0.0,0.0,1.0,1.0
7,165,3.005174932278713,0.5746717378040482,1.0,0.0,0.0,0.0,0.0,1.0
8,165,8.119338281015466,8.784158572364765,0.0,1.0,1.0,1.0,0.0,1.0
9,165,9.721967308475534,0.0733284756251344,0.0,0.0,0.0,0.0,1.0,1.0
10,165,4.177244297859267,5.084388638316231,1.0,0.0,0.0,0.0,0.0,0.0
11,165,0.0,6.849403963510367,0.0,1.0,1.0,0.0,0.0,1.0
12,165,6.011342193451363,11.068978842780396,1.0,0.0,1.0,0.0,1.0,1.0
13,165,5.164821102224067,7.966667645036523,0.0,1.0,1.0,1.0,1.0,0.0
14,165,5.198376880522668,4.427395698001427,0.0,1.0,0.0,1.0,0.0,0.0
15,165,11.79483012462288,4.906977008159967,0.0,0.0,0.0,0.0,1.0,1.0
16,165,0.4903209134548805,3.676013768811965,1.0,1.0,1.0,0.0,0.0,0.0
17,165,9.640684507265812,5.967774157307257,1.0,0.0,0.0,1.0,1.0,1.0
18,165,11.270939959323917,9.061041679194624,1.0,1.0,0.0,0.0,0.0,1.0
19,165,0.7125643507180677,2.119751213628848,1.0,1.0,1.0,0.0,0.0,0.0
20,165,3.08351860912244,7.984214139393518,0.0,0.0,1.0,1.0,1.0,0.0
21,165,3.465298910907344,7.918118344298272,1.0,0.0,1.0,0.0,0.0,1.0
22,165,5.224680127787552,4.571087091674858,0.0,1.0,1.0,1.0,0.0,1.0
23,165,9.944399614684905,5.124846290369863,0.0,0.0,0.0,0.0,0.0,0.0
24,165,12.0,6.766626137026727,0.0,0.0,1.0,1.0,0.0,0.0
25,165,0.872639591378823,7.9263890842539455,0.0,0.0,0.0,0.0,0.0,1.0
26,165,3.5950121912915103,10.393774491149214,0.0,0.0,0.0,0.0,1.0,0.0
27,165,7.6503317743974355,1.2328593106585657,0.0,1.0,0.0,0.0,0.0,1.0
28,165,0.0,3.690287407618449,1.0,1.0,0.0,1.0,0.0,1.0
29,165,7.588601963756501,0.0443554971333487,0.0,0.0,0.0,0.0,0.0,0.0
30,165,4.030428591838593,3.4916848854034037,0.0,0.0,1.0,1.0,0.0,0.0
31,165,10.691782405771514,10.45012127930024,0.0,0.0,0.0,0.0,0.0,1.0
32,165,5.84558718993986,1.5405048105532697,1.0,1.0,0.0,0.0,0.0,0.0
33,165,4.183184414535861,10.22870682217728,1.0,1.0,0.0,0.0,1.0,0.0
34,165,3.043100788424351,0.9881976744691328,0.0,0.0,0.0,1.0,0.0,0.0
35,165,12.0,3.865669533994093,1.0,1.0,1.0,0.0,0.0,1.0
36,165,8.917037677456333,1.0230623580849278,0.0,1.0,0.0,1.0,0.0,0.0
37,165,1.01371287905692,0.0,0.0,1.0,0.0,0.0,0.0,0.0
38,165,11.82809051206014,0.1859972457005181,1.0,0.0,0.0,1.0,0.0,0.0
39,165,7.881425989505768,0.0,1.0,1.0,1.0,1.0,0.0,0.0
0,170,7.656636252228927,1.2610081989909616,1.0,0.0,1.0,0.0,0.0,1.0
1,170,2.5105495359606493,4.322148476035714,1.0,0.0,0.0,1.0,1.0,0.0
2,170,4.404330949865804,4.712235526496538,0.0,0.0,0.0,0.0,1.0,1.0
3,170,1.955679063627488,9.598421703039447,1.0,0.0,0.0,0.0,0.0,0.0
4,170,4.990935970120951,5.001450651797272,0.0,0.0,1.0,0.0,0.0,1.0
5,170,9.283768235646733,3.315566677833148,0.0,1.0,1.0,0.0,0.0,0.0
6,170,8.331395754412917,8.479937308794078,0.0,0.0,0.0,0.0,1.0,1.0
7,170,2.983420346111241,0.5798943871872783,1.0,0.0,0.0,0.0,0.0,1.0
8,170,8.23265161283476,8.74204812643325,0.0,1.0,1.0,1.0,0.0,1.0
9,170,9.72675815286511,0.0,0.0,0.0,0.0,0.0,1.0,1.0
10,170,4.177631127949466,5.148216486790718,1.0,0.0,0.0,0.0,0.0,0.0
11,170,0.0,6.845437335781956,0.0,1.0,1.0,0.0,0.0,1.0
12,170,6.018692698824935,10.98647087988788,1.0,0.0,1.0,0.0,1.0,1.0
13,170,5.208457714290857,7.895947756999652,0.0,1.0,1.0,1.0,1.0,0.0
14,170,5.211010215350864,4.257764810175361,0.0,1.0,0.0,1.0,0.0,0.0
15,170,11.758594150388005,4.915670446586391,0.0,0.0,0.0,0.0,1.0,1.0
16,170,0.5300135359675482,3.620519734180841,1.0,1.0,1.0,0.0,0.0,0.0
17,170,9.622291476907725,5.965518100140724,1.0,0.0,0.0,1.0,1.0,1.0
18,170,11.215149203791777,9.045620467906266,1.0,1.0,0.0,0.0,0.0,1.0
19,170,0.6182387986296298,2.068001282062217,1.0,1.0,1.0,0.0,0.0,0.0
20,170,3.060069786011413,8.057288954378787,0.0,0.0,1.0,1.0,1.0,0.0
21,170,3.4183723425251085,7.921129258994654,1.0,0.0,1.0,0.0,0.0,1.0
22,170,5.330667287335339,4.714679102651984,0.0,1.0,1.0,1.0,0.0,1.0
23,170,9.748042091817346,5.177930692756156,0.0,0.0,0.0,0.0,0.0,0.0
24,170,12.0,6.757417556090637,0.0,0.0,1.0,1.0,0.0,0.0
25,170,0.848198466882436,7.903279188730933,0.0,0.0,0.0,0.0,0.0,1.0
26,170,3.5581512256510304,10.43486333104693,0.0,0.0,0.0,0.0,1.0,0.0
27,170,7.665447105559755,1.3147984274059277,0.0,1.0,0.0,0.0,0.0,1.0
28,170,0.0,3.689819115386236,1.0,1.0,0.0,1.0,0.0,1.0
29,170,7.692672982098045,0.0462279716342944,0.0,0.0,0.0,0.0,0.0,0.0
30,170,3.9651753591950833,3.50208267840177,0.0,0.0,1.0,1.0,0.0,0.0
31,170,10.641822771276605,10.376190826922969,0.0,0.0,0.0,0.0,0.0,1.0
32,170,5.965156350021016,1.5720115395925245,1.0,1.0,0.0,0.0,0.0,0.0
33,170,4.163259476067771,10.251692416776772,1.0,1.0,0.0,0.0,1.0,0.0
34,170,3.0558636722190204,0.9620150165345428,0.0,0.0,0.0,1.0,0.0,0.0
35,170,12.0,3.9326372262626768,1.0,1.0,1.0,0.0,0.0,1.0
36,170,8.93081517083376,1.0837452367780442,0.0,1.0,0.0,1.0,0.0,0.0
37,170,0.9336782714803786,0.0,0.0,1.0,0.0,0.0,0.0,0.0
38,170,11.830461652684846,0.1826816133094743,1.0,0.0,0.0,1.0,0.0,0.0
39,170,7.991050854928535,0.0,1.0,1.0,1.0,1.0,0.0,0.0
0,175,7.548040881842069,1.2728859894113425,1.0,0.0,1.0,0.0,0.0,1.0
1,175,2.2994853393044377,4.244881565737482,1.0,0.0,0.0,1.0,1.0,0.0
2,175,4.421947684587231,4.8081431921660185,0.0,0.0,0.0,0.0,1.0,1.0
3,175,1.9123797043879132,9.548871331195816,1.0,0.0,0.0,0.0,0.0,0.0
4,175,4.988448970760397,5.013472173163083,0.0,0.0,1.0,0.0,0.0,1.0
5,175,9.310693384956808,3.3109573011863955,0.0,1.0,1.0,0.0,0.0,0.0
6,175,8.35356804125723,8.517070763965009,0.0,0.0,0.0,0.0,1.0,1.0
7,175,2.9796396506775165,0.5807539126047541,1.0,0.0,0.0,0.0,0.0,1.0
8,175,8.32578229690428,8.706636918962035,0.0,1.0,1.0,1.0,0.0,1.0
9,175,9.732661064174971,0.0,0.0,0.0,0.0,0.0,1.0,1.0
10,175,4.179265557701984,5.214411447356634,1.0,0.0,0.0,0.0,0.0,0.0
11,175,0.0,6.845771673013544,0.0,1.0,1.0,0.0,0.0,1.0
12,175,6.0304264618913015,10.884152250171466,1.0,0.0,1.0,0.0,1.0,1.0
13,175,5.252694528496962,7.827251014886796,0.0,1.0,1.0,1.0,1.0,0.0
14,175,5.222445934776661,4.094964323898701,0.0,1.0,0.0,1.0,0.0,0.0
15,175,11.715533825498914,4.925862542869526,0.0,0.0,0.0,0.0,1.0,1.0
16,175,0.5661248286434243,3.562315341091681,1.0,1.0,1.0,0.0,0.0,0.0
17,175,9.588072021434106,5.961525053440256,1.0,0.0,0.0,1.0,1.0,1.0
18,175,11.151874768573284,9.02783168409317,1.0,1.0,0.0,0.0,0.0,1.0
19,175,0.5301412508316925,2.0152980173122264,1.0,1.0,1.0,0.0,0.0,0.0
20,175,3.0292334119817266,8.145364338094597,0.0,0.0,1.0,1.0,1.0,0.0
21,175,3.3681734822457927,7.925529780348617,1.0,0.0,1.0,0.0,0.0,1.0
22,175,5.4388594598373095,4.856091958431586,0.0,1.0,1.0,1.0,0.0,1.0
23,175,9.554974917688323,5.22423151821718,0.0,0.0,0.0,0.0,0.0,0.0
24,175,12.0,6.7465195848901,0.0,0.0,1.0,1.0,0.0,0.0
25,175,0.8296742492835154,7.885577378506098,0.0,0.0,0.0,0.0,0.0,1.0
26,175,3.517006718655158,10.47976038312872,0.0,0.0,0.0,0.0,1.0,0.0
27,175,7.677613628645611,1.3834120276540438,0.0,1.0,0.0,0.0,0.0,1.0
28,175,0.0,3.690845337680889,1.0,1.0,0.0,1.0,0.0,1.0
29,175,7.775091009910702,0.0460024738968579,0.0,0.0,0.0,0.0,0.0,0.0
30,175,3.916056302354865,3.5122247435406746,0.0,0.0,1.0,1.0,0.0,0.0
31,175,10.5966717404958,10.31445282681658,0.0,0.0,0.0,0.0,0.0,1.0
32,175,6.082418346298768,1.605839646824062,1.0,1.0,0.0,0.0,0.0,0.0
33,175,4.1386187200661855,10.28065535622294,1.0,1.0,0.0,0.0,1.0,0.0
34,175,3.0665484277784065,0.9396603203179078,0.0,0.0,0.0,1.0,0.0,0.0
35,175,12.0,4.005561377746934,1.0,1.0,1.0,0.0,0.0,1.0
36,175,8.951384222854998,1.1609877671219229,0.0,1.0,0.0,1.0,0.0,0.0
37,175,0.8523219199115015,0.0,0.0,1.0,0.0,0.0,0.0,0.0
38,175,11.83663094568342,0.173878212600451,1.0,0.0,0.0,1.0,0.0,0.0
39,175,8.089609848098204,0.0,1.0,1.0,1.0,1.0,0.0,0.0
0,180,7.472162753119384,1.2827996126415224,1.0,0.0,1.0,0.0,0.0,1.0
1,180,2.076288689288898,4.15377077104853,1.0,0.0,0.0,1.0,1.0,0.0
2,180,4.442706192629291,4.911406781233505,0.0,0.0,0.0,0.0,1.0,1.0
3,180,1.867879026842033,9.499026626077514,1.0,0.0,0.0,0.0,0.0,0.0
4,180,4.989036258668901,5.010845974666653,0.0,0.0,1.0,0.0,0.0,1.0
5,180,9.369813249263052,3.3001293609830857,0.0,1.0,1.0,0.0,0.0,0.0
6,180,8.382841153803678,8.563971930841463,0.0,0.0,0.0,0.0,1.0,1.0
7,180,2.961552301168439,0.5842902505318425,1.0,0.0,0.0,0.0,0.0,1.0
8,180,8.437629701287008,8.663373232009917,0.0,1.0,1.0,1.0,0.0,1.0
9,180,9.738451797226045,0.0,0.0,0.0,0.0,0.0,1.0,1.0
10,180,4.182341170555704,5.280677799394704,1.0,0.0,0.0,0.0,0.0,0.0
11,180,0.0,6.846789429509158,0.0,1.0,1.0,0.0,0.0,1.0
12,180,6.042581934654172,10.770604114253672,1.0,0.0,1.0,0.0,1.0,1.0
13,180,5.292006639303822,7.763789548049082,0.0,1.0,1.0,1.0,1.0,0.0
14,180,5.230470299446933,3.944147016742085,0.0,1.0,0.0,1.0,0.0,0.0
15,180,11.66209076957786,4.938680332485272,0.0,0.0,0.0,0.0,1.0,1.0
16,180,0.6019712663831637,3.50535958974477,1.0,1.0,1.0,0.0,0.0,0.0
17,180,9.561591607566683,5.957707270252552,1.0,0.0,0.0,1.0,1.0,1.0
18,180,11.080220310044002,9.009996787937684,1.0,1.0,0.0,0.0,0.0,1.0
19,180,0.4222937618712696,1.950418308667157,1.0,1.0,1.0,0.0,0.0,0.0
20,180,3.0093487768278204,8.209690864501596,0.0,0.0,1.0,1.0,1.0,0.0
21,180,3.3180864180136878,7.931181023468006,1.0,0.0,1.0,0.0,0.0,1.0
22,180,5.537062150991419,4.981802726992802,0.0,1.0,1.0,1.0,0.0,1.0
23,180,9.351486722657656,5.271370924100557,0.0,0.0,0.0,0.0,0.0,0.0
24,180,12.0,6.733274889429344,0.0,0.0,1.0,1.0,0.0,0.0
25,180,0.8107260773014249,7.867928750629034,0.0,0.0,0.0,0.0,0.0,1.0
26,180,3.4713657602702983,10.52706388297883,0.0,0.0,0.0,0.0,1.0,0.0
27,180,7.694572899395051,1.4696565701369408,0.0,1.0,0.0,0.0,0.0,1.0
28,180,0.0,3.6893647265430127,1.0,1.0,0.0,1.0,0.0,1.0
29,180,7.850516896749466,0.0469512799697393,0.0,0.0,0.0,0.0,0.0,0.0
30,180,3.894272625157896,3.5160808384893856,0.0,0.0,1.0,1.0,0.0,0.0
31,180,10.551669045754906,10.256835684114511,0.0,0.0,0.0,0.0,0.0,1.0
32,180,6.204537645960766,1.639068451785025,1.0,1.0,0.0,0.0,0.0,0.0
33,180,4.094285141179377,10.330627744618518,1.0,1.0,0.0,0.0,1.0,0.0
34,180,3.088505316978578,0.8941541368291648,0.0,0.0,0.0,1.0,0.0,0.0
35,180,12.0,4.073723448560379,1.0,1.0,1.0,0.0,0.0,1.0
36,180,8.967862395729153,1.234062587258276,0.0,1.0,0.0,1.0,0.0,0.0
37,180,0.7702597383220264,0.0,0.0,1.0,0.0,0.0,0.0,0.0
38,180,11.83662113403714,0.1738927105781599,1.0,0.0,0.0,1.0,0.0,0.0
39,180,8.187776604955124,0.0,1.0,1.0,1.0,1.0,0.0,0.0
0,185,7.391527092229322,1.2907445913600433,1.0,0.0,1.0,0.0,0.0,1.0
1,185,1.8532822926082535,4.067509291882051,1.0,0.0,0.0,1.0,1.0,0.0
2,185,4.461130080968164,5.00404400301765,0.0,0.0,0.0,0.0,1.0,1.0
3,185,1.830050562889471,9.4559836023252,1.0,0.0,0.0,0.0,0.0,0.0
4,185,4.992052569677248,4.998464119886511,0.0,0.0,1.0,0.0,0.0,1.0
5,185,9.423775087204875,3.290305033802304,0.0,1.0,1.0,0.0,0.0,0.0
6,185,8.408565979910678,8.609825147621276,0.0,0.0,0.0,0.0,1.0,1.0
7,185,2.945906615728996,0.586977091050769,1.0,0.0,0.0,0.0,0.0,1.0
8,185,8.562514220495997,8.61474855912907,0.0,1.0,1.0,1.0,0.0,1.0
9,185,9.748004609155313,0.0,0.0,0.0,0.0,0.0,1.0,1.0
10,185,4.183566930191182,5.354329250538145,1.0,0.0,0.0,0.0,0.0,0.0
11,185,0.0,6.850356467592217,0.0,1.0,1.0,0.0,0.0,1.0
12,185,6.052720963336416,10.677902440309404,1.0,0.0,1.0,0.0,1.0,1.0
13,185,5.334599762921467,7.69285897270426,0.0,1.0,1.0,1.0,1.0,0.0
14,185,5.242074567907866,3.7784630581629455,0.0,1.0,0.0,1.0,0.0,0.0
15,185,11.622774178080332,4.947699520320428,0.0,0.0,0.0,0.0,1.0,1.0
16,185,0.6460462580004921,3.4381971938566496,1.0,1.0,1.0,0.0,0.0,0.0
17,185,9.564495625297138,5.958162229700919,1.0,0.0,0.0,1.0,1.0,1.0
18,185,11.011181024446282,8.990243557444504,1.0,1.0,0.0,0.0,0.0,1.0
19,185,0.3235472764635365,1.8922596892394588,1.0,1.0,1.0,0.0,0.0,0.0
20,185,2.9933963583475607,8.262110598964922,0.0,0.0,1.0,1.0,1.0,0.0
21,185,3.288871860559535,7.934161159852324,1.0,0.0,1.0,0.0,0.0,1.0
22,185,5.650732401038228,5.117124398317151,0.0,1.0,1.0,1.0,0.0,1.0
23,185,9.1585233982686,5.315486697084976,0.0,0.0,0.0,0.0,0.0,0.0
24,185,12.0,6.719995580244216,0.0,0.0,1.0,1.0,0.0,0.0
25,185,0.798596727743897,7.856042795172993,0.0,0.0,0.0,0.0,0.0,1.0
26,185,3.4373785827873,10.560930529180864,0.0,0.0,0.0,0.0,1.0,0.0
27,185,7.713180617120226,1.565379179013702,0.0,1.0,0.0,0.0,0.0,1.0
28,185,0.0,3.691436336708889,1.0,1.0,0.0,1.0,0.0,1.0
29,185,7.918429629322589,0.0490607554520045,0.0,0.0,0.0,0.0,0.0,0.0
30,185,3.85636232113024,3.522117206057174,0.0,0.0,1.0,1.0,0.0,0.0
31,185,10.511365008621548,10.203032037890504,0.0,0.0,0.0,0.0,0.0,1.0
32,185,6.3613028564836185,1.6805862233937632,1.0,1.0,0.0,0.0,0.0,0.0
33,185,4.035144822484274,10.4011481525288,1.0,1.0,0.0,0.0,1.0,0.0
34,185,3.111616422240763,0.8474299911483215,0.0,0.0,0.0,1.0,0.0,0.0
35,185,12.0,4.144560250753644,1.0,1.0,1.0,0.0,0.0,1.0
36,185,8.984291768556517,1.3137607763726706,0.0,1.0,0.0,1.0,0.0,0.0
37,185,0.6786340558199352,0.0,0.0,1.0,0.0,0.0,0.0,0.0
38,185,11.85259792068632,0.150316430240627,1.0,0.0,0.0,1.0,0.0,0.0
39,185,8.279087533339275,0.0,1.0,1.0,1.0,1.0,0.0,0.0
0,190,7.30486044438197,1.29831891378203,1.0,0.0,1.0,0.0,0.0,1.0
1,190,1.612426354331136,3.977322260232664,1.0,0.0,0.0,1.0,1.0,0.0
2,190,4.473589510448129,5.065816454953295,0.0,0.0,0.0,0.0,1.0,1.0
3,190,1.7822268656552969,9.403395218910612,1.0,0.0,0.0,0.0,0.0,0.0
4,190,4.990774521466279,5.003581331458341,0.0,0.0,1.0,0.0,0.0,1.0
5,190,9.45957399522475,3.284081179012184,0.0,1.0,1.0,0.0,0.0,0.0
6,190,8.429099235943475,8.645930319738792,0.0,0.0,0.0,0.0,1.0,1.0
7,190,2.9398416183944827,0.5880246486531491,1.0,0.0,0.0,0.0,0.0,1.0
8,190,8.67265678800271,8.573999819757073,0.0,1.0,1.0,1.0,0.0,1.0
9,190,9.756005117086882,0.0,0.0,0.0,0.0,0.0,1.0,1.0
10,190,4.183254530313878,5.405781418969186,1.0,0.0,0.0,0.0,0.0,0.0
11,190,0.0,6.845805150939079,0.0,1.0,1.0,0.0,0.0,1.0
12,190,6.067360333719896,10.563067097963982,1.0,0.0,1.0,0.0,1.0,1.0
13,190,5.362812625027184,7.646488377345487,0.0,1.0,1.0,1.0,1.0,0.0
14,190,5.2467118727639095,3.6090290558388,0.0,1.0,0.0,1.0,0.0,0.0
15,190,11.565525466624598,4.960666212279148,0.0,0.0,0.0,0.0,1.0,1.0
16,190,0.5783796964975093,3.393411191899945,1.0,1.0,1.0,0.0,0.0,0.0
17,190,9.585061349948557,5.961679523367924,1.0,0.0,0.0,1.0,1.0,1.0
18,190,10.954589383088075,8.972316556723857,1.0,1.0,0.0,0.0,0.0,1.0
19,190,0.2220161222176074,1.8316210363679943,1.0,1.0,1.0,0.0,0.0,0.0
20,190,2.976130701452598,8.316683240828542,0.0,0.0,1.0,1.0,1.0,0.0
21,190,3.256298105917029,7.938331720511542,1.0,0.0,1.0,0.0,0.0,1.0
22,190,5.79216193075424,5.2862754982940015,0.0,1.0,1.0,1.0,0.0,1.0
23,190,8.938888870552328,5.364324202004522,0.0,0.0,0.0,0.0,0.0,0.0
24,190,12.0,6.704707162193217,0.0,0.0,1.0,1.0,0.0,0.0
25,190,0.7865372203940358,7.84485177061263,0.0,0.0,0.0,0.0,0.0,1.0
26,190,3.4140354168485145,10.585270616443523,0.0,0.0,0.0,0.0,1.0,0.0
27,190,7.727887315779421,1.6495760928962124,0.0,1.0,0.0,0.0,0.0,1.0
28,190,0.0,3.6926239191523114,1.0,1.0,0.0,1.0,0.0,1.0
29,190,7.986110221082007,0.0504810180646246,0.0,0.0,0.0,0.0,0.0,0.0
30,190,3.8075404256837935,3.5302467100152137,0.0,0.0,1.0,1.0,0.0,0.0
31,190,10.469868467163264,10.146023040059283,0.0,0.0,0.0,0.0,0.0,1.0
32,190,6.51087143415585,1.7209515721046411,1.0,1.0,0.0,0.0,0.0,0.0
33,190,3.970531963027901,10.47730103320217,1.0,1.0,0.0,0.0,1.0,0.0
34,190,3.1345031768686344,0.8026252760228199,0.0,0.0,0.0,1.0,0.0,0.0
35,190,12.0,4.227607400865002,1.0,1.0,1.0,0.0,0.0,1.0
36,190,8.999339564601689,1.389987914787685,0.0,1.0,0.0,1.0,0.0,0.0
37,190,0.5805856722609385,0.0,0.0,1.0,0.0,0.0,0.0,0.0
38,190,11.86922046569598,0.1258672753326282,1.0,0.0,0.0,1.0,0.0,0.0
39,190,8.352584287614121,0.0,1.0,1.0,1.0,1.0,0.0,0.0
0,195,7.198364567015686,1.3081437651824004,1.0,0.0,1.0,0.0,0.0,1.0
1,195,1.3548519755087858,3.888741912181424,1.0,0.0,0.0,1.0,1.0,0.0
2,195,4.484024541640112,5.11834104831086,0.0,0.0,0.0,0.0,1.0,1.0
3,195,1.732815324702899,9.349097048096407,1.0,0.0,0.0,0.0,0.0,0.0
4,195,4.985968114801777,5.02620481222179,0.0,0.0,1.0,0.0,0.0,1.0
5,195,9.49678624667767,3.2780234326216515,0.0,1.0,1.0,0.0,0.0,0.0
6,195,8.442140911194846,8.66933960720608,0.0,0.0,0.0,0.0,1.0,1.0
7,195,2.9302951079780697,0.5896717447503145,1.0,0.0,0.0,0.0,0.0,1.0
8,195,8.77508688097411,8.539750407412017,0.0,1.0,1.0,1.0,0.0,1.0
9,195,9.764922806761875,0.0,0.0,0.0,0.0,0.0,1.0,1.0
10,195,4.181480180666764,5.472925024110529,1.0,0.0,0.0,0.0,0.0,0.0
11,195,0.0,6.842564490709012,0.0,1.0,1.0,0.0,0.0,1.0
12,195,6.082785570991895,10.456768360103364,1.0,0.0,1.0,0.0,1.0,1.0
13,195,5.39388554403438,7.595410349342858,0.0,1.0,1.0,1.0,1.0,0.0
14,195,5.252144296223753,3.4527501910850464,0.0,1.0,0.0,1.0,0.0,0.0
15,195,11.50836599377269,4.972945356444659,0.0,0.0,0.0,0.0,1.0,1.0
16,195,0.4987704221646599,3.3411021563922114,1.0,1.0,1.0,0.0,0.0,0.0
17,195,9.615084933148328,5.966860672852031,1.0,0.0,0.0,1.0,1.0,1.0
18,195,10.899215945937897,8.953253743550057,1.0,1.0,0.0,0.0,0.0,1.0
19,195,0.1515179868254828,1.7913786506512546,1.0,1.0,1.0,0.0,0.0,0.0
20,195,2.95454240548776,8.380669628638005,0.0,0.0,1.0,1.0,1.0,0.0
21,195,3.189963369251813,7.9448053101107075,1.0,0.0,1.0,0.0,0.0,1.0
22,195,5.920054409004939,5.442755230907213,0.0,1.0,1.0,1.0,0.0,1.0
23,195,8.70836107109267,5.417994559221831,0.0,0.0,0.0,0.0,0.0,0.0
24,195,12.0,6.692207848853004,0.0,0.0,1.0,1.0,0.0,0.0
25,195,0.7816692245232866,7.8402769304051745,0.0,0.0,0.0,0.0,0.0,1.0
26,195,3.373170718370094,10.625065461461656,0.0,0.0,0.0,0.0,1.0,0.0
27,195,7.738084157471566,1.7059250769162797,0.0,1.0,0.0,0.0,0.0,1.0
28,195,0.0,3.69194887413528,1.0,1.0,0.0,1.0,0.0,1.0
29,195,8.058124664453645,0.052688947696286,0.0,0.0,0.0,0.0,0.0,0.0
30,195,3.771535462623064,3.535657642089321,0.0,0.0,1.0,1.0,0.0,0.0
31,195,10.43820873338504,10.102243493615266,0.0,0.0,0.0,0.0,0.0,1.0
32,195,6.654432391484339,1.7626550198124828,1.0,1.0,0.0,0.0,0.0,0.0
33,195,3.892075079071499,10.572992799807086,1.0,1.0,0.0,0.0,1.0,0.0
34,195,3.155592369684688,0.7627749897351384,0.0,0.0,0.0,1.0,0.0,0.0
35,195,12.0,4.288060492747978,1.0,1.0,1.0,0.0,0.0,1.0
36,195,9.015894468042546,1.4719199454348306,0.0,1.0,0.0,1.0,0.0,0.0
37,195,0.4975894329267326,0.0,0.0,1.0,0.0,0.0,0.0,0.0
38,195,11.880682357115363,0.1090198813770428,1.0,0.0,0.0,1.0,0.0,0.0
39,195,8.431448642940746,0.0,1.0,1.0,1.0,1.0,0.0,0.0
0,200,7.071539476466268,1.3202173182127614,1.0,0.0,1.0,0.0,0.0,1.0
1,200,1.097236500434942,3.800978649046993,1.0,0.0,0.0,1.0,1.0,0.0
2,200,4.493483996815419,5.16456739863644,0.0,0.0,0.0,0.0,1.0,1.0
3,200,1.6716665579980878,9.28251000151965,1.0,0.0,0.0,0.0,0.0,0.0
4,200,4.980772830801023,5.050766471595788,0.0,0.0,1.0,0.0,0.0,1.0
5,200,9.522049442860366,3.27343658560261,0.0,1.0,1.0,0.0,0.0,0.0
6,200,8.450132819606782,8.683679987855498,0.0,0.0,0.0,0.0,1.0,1.0
7,200,2.931951624226809,0.5893573678634421,1.0,0.0,0.0,0.0,0.0,1.0
8,200,8.89412950927306,8.500338975736387,0.0,1.0,1.0,1.0,0.0,1.0
9,200,9.77333037086741,0.0,0.0,0.0,0.0,0.0,1.0,1.0
10,200,4.178161827517173,5.538179391513362,1.0,0.0,0.0,0.0,0.0,0.0
11,200,0.0,6.839754597398958,0.0,1.0,1.0,0.0,0.0,1.0
12,200,5.980769420617041,10.440998479195471,1.0,0.0,1.0,0.0,1.0,1.0
13,200,5.425592596233302,7.543349730490949,0.0,1.0,1.0,1.0,1.0,0.0
14,200,5.256158102149618,3.3108304738108387,0.0,1.0,0.0,1.0,0.0,0.0
15,200,11.45925312788265,4.983016716888408,0.0,0.0,0.0,0.0,1.0,1.0
16,200,0.4025907578814143,3.2787582358281067,1.0,1.0,1.0,0.0,0.0,0.0
17,200,9.648562567379312,5.97273074271602,1.0,0.0,0.0,1.0,1.0,1.0
18,200,10.854343176554073,8.939144056818563,1.0,1.0,0.0,0.0,0.0,1.0
19,200,0.0811377465427177,1.748575676466772,1.0,1.0,1.0,0.0,0.0,0.0
20,200,2.926941656588959,8.460202538142763,0.0,0.0,1.0,1.0,1.0,0.0
21,200,3.154553667020006,7.947343387526743,1.0,0.0,1.0,0.0,0.0,1.0
22,200,6.049910209642871,5.5984425861793135,0.0,1.0,1.0,1.0,0.0,1.0
23,200,8.497409208296064,5.46637871525485,0.0,0.0,0.0,0.0,0.0,0.0
24,200,12.0,6.683417928750663,0.0,0.0,1.0,1.0,0.0,0.0
25,200,0.7686288134650608,7.828622604262027,0.0,0.0,0.0,0.0,0.0,1.0
26,200,3.337203918318828,10.65806920109928,0.0,0.0,0.0,0.0,1.0,0.0
27,200,7.749403220242469,1.7599208970279183,0.0,1.0,0.0,0.0,0.0,1.0
28,200,0.0,3.690683441290908,1.0,1.0,0.0,1.0,0.0,1.0
29,200,8.133962696125224,0.0553894042494513,0.0,0.0,0.0,0.0,0.0,0.0
30,200,3.731781249723479,3.541586571034917,0.0,0.0,1.0,1.0,0.0,0.0
31,200,10.402005013795582,10.05160398576058,0.0,0.0,0.0,0.0,0.0,1.0
32,200,6.783391486916251,1.7957616083923038,1.0,1.0,0.0,0.0,0.0,0.0
33,200,3.8033058084083113,10.681018967155545,1.0,1.0,0.0,0.0,1.0,0.0
34,200,3.1893278606891324,0.7048138627845691,0.0,0.0,0.0,1.0,0.0,0.0
35,200,12.0,4.3462504257886,1.0,1.0,1.0,0.0,0.0,1.0
36,200,9.031998746372508,1.5465983514031068,0.0,1.0,0.0,1.0,0.0,0.0
37,200,0.4109541306979191,0.0,0.0,1.0,0.0,0.0,0.0,0.0
38,200,11.897774042772165,0.0845964297286907,1.0,0.0,0.0,1.0,0.0,0.0
39,200,8.49821688608193,0.0,1.0,1.0,1.0,1.0,0.0,0.0
0,205,6.951252657374171,1.3333942621404364,1.0,0.0,1.0,0.0,0.0,1.0
1,205,0.8454267323216876,3.71480189892759,1.0,0.0,0.0,1.0,1.0,0.0
2,205,4.5053490394102935,5.219037435711367,0.0,0.0,0.0,0.0,1.0,1.0
3,205,1.6195893339365497,9.223562477881076,1.0,0.0,0.0,0.0,0.0,0.0
4,205,4.971484194995155,5.093721540515194,0.0,0.0,1.0,0.0,0.0,1.0
5,205,9.544049137233175,3.2696452928530064,0.0,1.0,1.0,0.0,0.0,0.0
6,205,8.472689272499979,8.724996895289316,0.0,0.0,0.0,0.0,1.0,1.0
7,205,2.91891619291109,0.5923411097054505,1.0,0.0,0.0,0.0,0.0,1.0
8,205,9.003269457667663,8.463938118138143,0.0,1.0,1.0,1.0,0.0,1.0
9,205,9.779965529018218,0.0,0.0,0.0,0.0,0.0,1.0,1.0
10,205,4.176334917597751,5.599260653773265,1.0,0.0,0.0,0.0,0.0,0.0
11,205,0.0,6.8325264597224455,0.0,1.0,1.0,0.0,0.0,1.0
12,205,5.87998274163493,10.426101819114503,1.0,0.0,1.0,0.0,1.0,1.0
13,205,5.447624152090888,7.506896313417707,0.0,1.0,1.0,1.0,1.0,0.0
14,205,5.260315638161122,3.166411392388797,0.0,1.0,0.0,1.0,0.0,0.0
15,205,11.40532680692687,4.992458932422093,0.0,0.0,0.0,0.0,1.0,1.0
16,205,0.309738332813222,3.217493772179694,1.0,1.0,1.0,0.0,0.0,0.0
17,205,9.685857486915616,5.979275513821115,1.0,0.0,0.0,1.0,1.0,1.0
18,205,10.823541169223962,8.929297914341442,1.0,1.0,0.0,0.0,0.0,1.0
19,205,0.0257746720009683,1.7140203738164772,1.0,1.0,1.0,0.0,0.0,0.0
20,205,2.8969434062891795,8.547891578539108,0.0,0.0,1.0,1.0,1.0,0.0
21,205,3.1021463827166977,7.951709755594175,1.0,0.0,1.0,0.0,0.0,1.0
22,205,6.173215378210485,5.74479881899934,0.0,1.0,1.0,1.0,0.0,1.0
23,205,8.272351700596872,5.512381440877469,0.0,0.0,0.0,0.0,0.0,0.0
24,205,12.0,6.675504492238097,0.0,0.0,1.0,1.0,0.0,0.0
25,205,0.7614284112765339,7.822170075426798,0.0,0.0,0.0,0.0,0.0,1.0
26,205,3.3108601385328407,10.681051870983303,0.0,0.0,0.0,0.0,1.0,0.0
27,205,7.761136021497765,1.811861469686583,0.0,1.0,0.0,0.0,0.0,1.0
28,205,0.0,3.689224998110928,1.0,1.0,0.0,1.0,0.0,1.0
29,205,8.213676144145065,0.0616384769812346,0.0,0.0,0.0,0.0,0.0,0.0
30,205,3.7093440230109143,3.5450925796128003,0.0,0.0,1.0,1.0,0.0,0.0
31,205,10.360203985906889,9.996037586839382,0.0,0.0,0.0,0.0,0.0,1.0
32,205,6.903395635201783,1.833184905809676,1.0,1.0,0.0,0.0,0.0,0.0
33,205,3.702245745144102,10.803824387256022,1.0,1.0,0.0,0.0,1.0,0.0
34,205,3.1983689695155064,0.688928362802033,0.0,0.0,0.0,1.0,0.0,0.0
35,205,12.0,4.410617506416964,1.0,1.0,1.0,0.0,0.0,1.0
36,205,9.044754225611598,1.6088817521395762,0.0,1.0,0.0,1.0,0.0,0.0
37,205,0.3363433631456402,0.0,0.0,1.0,0.0,0.0,0.0,0.0
38,205,11.922326517640665,0.0505832193626067,1.0,0.0,0.0,1.0,0.0,0.0
39,205,8.560593190993398,0.0,1.0,1.0,1.0,1.0,0.0,0.0
0,210,6.814658131589803,1.3500301604855929,1.0,0.0,1.0,0.0,0.0,1.0
1,210,0.5887812596612203,3.619911036265565,1.0,0.0,0.0,1.0,1.0,0.0
2,210,4.512985805374127,5.252871145092842,0.0,0.0,0.0,0.0,1.0,1.0
3,210,1.578777996106722,9.17487297628692,1.0,0.0,0.0,0.0,0.0,0.0
4,210,4.958896159211733,5.15353730631285,0.0,0.0,1.0,0.0,0.0,1.0
5,210,9.57997609705233,3.262679376427484,0.0,1.0,1.0,0.0,0.0,0.0
6,210,8.498729272961064,8.7712440042484,0.0,0.0,0.0,0.0,1.0,1.0
7,210,2.897918968920364,0.5979765034234803,1.0,0.0,0.0,0.0,0.0,1.0
8,210,9.118605578018366,8.422470129096917,0.0,1.0,1.0,1.0,0.0,1.0
9,210,9.786773175352533,0.0,0.0,0.0,0.0,0.0,1.0,1.0
10,210,4.17463112956243,5.656778797638305,1.0,0.0,0.0,0.0,0.0,0.0
11,210,0.0,6.830009475768616,0.0,1.0,1.0,0.0,0.0,1.0
12,210,5.894611752478493,10.306424003438249,1.0,0.0,1.0,0.0,1.0,1.0
13,210,5.465327757804294,7.478097093936961,0.0,1.0,1.0,1.0,1.0,0.0
14,210,5.2608743592733775,3.043881849608658,0.0,1.0,0.0,1.0,0.0,0.0
15,210,11.367219354093772,4.997532875268853,0.0,0.0,0.0,0.0,1.0,1.0
16,210,0.2087634871221454,3.154553529825098,1.0,1.0,1.0,0.0,0.0,0.0
17,210,9.712060605375791,5.982722502283103,1.0,0.0,0.0,1.0,1.0,1.0
18,210,10.780646929240232,8.915459376347835,1.0,1.0,0.0,0.0,0.0,1.0
19,210,0.0,1.6664861229948147,1.0,1.0,1.0,0.0,0.0,0.0
20,210,2.8671900847594585,8.636170441517082,0.0,0.0,1.0,1.0,1.0,0.0
21,210,3.053844481208043,7.955692461900519,1.0,0.0,1.0,0.0,0.0,1.0
22,210,6.295507287095697,5.8912237824782,0.0,1.0,1.0,1.0,0.0,1.0
23,210,8.036986037091186,5.556294290322077,0.0,0.0,0.0,0.0,0.0,0.0
24,210,12.0,6.669449356097786,0.0,0.0,1.0,1.0,0.0,0.0
25,210,0.7406743884024404,7.803252205861145,0.0,0.0,0.0,0.0,0.0,1.0
26,210,3.29939641607235,10.691021915586802,0.0,0.0,0.0,0.0,1.0,0.0
27,210,7.774314051451865,1.8649710782618292,0.0,1.0,0.0,0.0,0.0,1.0
28,210,0.0,3.689472311351072,1.0,1.0,0.0,1.0,0.0,1.0
29,210,8.27710132495514,0.0658445904137684,0.0,0.0,0.0,0.0,0.0,0.0
30,210,3.65412276121242,3.555419351292938,0.0,0.0,1.0,1.0,0.0,0.0
31,210,10.305912984981967,9.923061798736043,0.0,0.0,0.0,0.0,0.0,1.0
32,210,7.023461788157211,1.870347646526708,1.0,1.0,0.0,0.0,0.0,0.0
33,210,3.6104307814372367,10.915983174410428,1.0,1.0,0.0,0.0,1.0,0.0
34,210,3.2044638372298024,0.6778445249635611,0.0,0.0,0.0,1.0,0.0,0.0
35,210,12.0,4.463100376430071,1.0,1.0,1.0,0.0,0.0,1.0
36,210,9.05953430165106,1.679147014320756,0.0,1.0,0.0,1.0,0.0,0.0
37,210,0.2603639191169831,0.0,0.0,1.0,0.0,0.0,0.0,0.0
38,210,11.95263002535062,0.0095281660632516,1.0,0.0,0.0,1.0,0.0,0.0
39,210,8.615723036704043,0.0,1.0,1.0,1.0,1.0,0.0,0.0
0,215,6.662064044699616,1.3640728290998037,1.0,0.0,1.0,0.0,0.0,1.0
1,215,0.3479232838548403,3.525241439989057,1.0,0.0,0.0,1.0,1.0,0.0
2,215,4.5204900929641045,5.284951754062486,0.0,0.0,0.0,0.0,1.0,1.0
3,215,1.531424204825145,9.118951423624576,1.0,0.0,0.0,0.0,0.0,0.0
4,215,4.905193312866984,5.142692452720939,0.0,0.0,1.0,0.0,0.0,1.0
5,215,9.630191464731489,3.2538674063306057,0.0,1.0,1.0,0.0,0.0,0.0
6,215,8.52485439729848,8.815056031305394,0.0,0.0,0.0,0.0,1.0,1.0
7,215,2.850343135933687,0.610371882724135,1.0,0.0,0.0,0.0,0.0,1.0
8,215,9.224512375664675,8.38335577971901,0.0,1.0,1.0,1.0,0.0,1.0
9,215,9.793643615708245,0.0,0.0,0.0,0.0,0.0,1.0,1.0
10,215,4.174419553512625,5.714131162773398,1.0,0.0,0.0,0.0,0.0,0.0
11,215,0.0,6.823523513681531,0.0,1.0,1.0,0.0,0.0,1.0
12,215,5.906825659230252,10.195083019564684,1.0,0.0,1.0,0.0,1.0,1.0
13,215,5.476441328421563,7.460832015910738,0.0,1.0,1.0,1.0,1.0,0.0
14,215,5.260059709949158,2.927155026967738,0.0,1.0,0.0,1.0,0.0,0.0
15,215,11.331065366977882,5.001417833632942,0.0,0.0,0.0,0.0,1.0,1.0
16,215,0.1158974435349915,3.094281169296065,1.0,1.0,1.0,0.0,0.0,0.0
17,215,9.741860461674234,5.986618902302828,1.0,0.0,0.0,1.0,1.0,1.0
18,215,10.726405911128458,8.896585735197046,1.0,1.0,0.0,0.0,0.0,1.0
19,215,0.0,1.629633131243272,1.0,1.0,1.0,0.0,0.0,0.0
20,215,2.837699702877126,8.71968431736222,0.0,0.0,1.0,1.0,1.0,0.0
21,215,2.9919121568095184,7.960673683494444,1.0,0.0,1.0,0.0,0.0,1.0
22,215,6.4140970170160445,6.03654903476611,0.0,1.0,1.0,1.0,0.0,1.0
23,215,7.808216860203294,5.596529690755008,0.0,0.0,0.0,0.0,0.0,0.0
24,215,12.0,6.66625050707207,0.0,0.0,1.0,1.0,0.0,0.0
25,215,0.7224477777929185,7.787059646829877,0.0,0.0,0.0,0.0,0.0,1.0
26,215,3.2832235205886406,10.705624289394397,0.0,0.0,0.0,0.0,1.0,0.0
27,215,7.795752487183922,1.945692804952704,0.0,1.0,0.0,0.0,0.0,1.0
28,215,0.0,3.688124728154939,1.0,1.0,0.0,1.0,0.0,1.0
29,215,8.346313389559969,0.0687421138842108,0.0,0.0,0.0,0.0,0.0,0.0
30,215,3.614797778042943,3.5634658042400584,0.0,0.0,1.0,1.0,0.0,0.0
31,215,10.263231072020195,9.866342459787344,0.0,0.0,0.0,0.0,0.0,1.0
32,215,7.139907835362092,1.905392074531552,1.0,1.0,0.0,0.0,0.0,0.0
33,215,3.5222180280391635,11.02151631124722,1.0,1.0,0.0,0.0,1.0,0.0
34,215,3.2106106078803567,0.6666572787381182,0.0,0.0,0.0,1.0,0.0,0.0
35,215,12.0,4.509033766505754,1.0,1.0,1.0,0.0,0.0,1.0
36,215,9.075886096177996,1.754784933374839,0.0,1.0,0.0,1.0,0.0,0.0
37,215,0.1840693749639717,0.0,0.0,1.0,0.0,0.0,0.0,0.0
38,215,11.985804689854714,0.0,1.0,0.0,0.0,1.0,0.0,0.0
39,215,8.68201629890375,0.0,1.0,1.0,1.0,1.0,0.0,0.0
0,220,6.5246071628390245,1.378390122366412,1.0,0.0,1.0,0.0,0.0,1.0
1,220,0.1015304101456769,3.4376906970925045,1.0,0.0,0.0,1.0,1.0,0.0
2,220,4.518976217583944,5.278526784939036,0.0,0.0,0.0,0.0,1.0,1.0
3,220,1.4845218832388758,9.065782205140035,1.0,0.0,0.0,0.0,0.0,0.0
4,220,4.862324748916769,5.134215958594012,0.0,0.0,1.0,0.0,0.0,1.0
5,220,9.690323727023292,3.2432390727385765,0.0,1.0,1.0,0.0,0.0,0.0
6,220,8.556097497564961,8.864281871635765,0.0,0.0,0.0,0.0,1.0,1.0
7,220,2.8113308120585887,0.6201347205164222,1.0,0.0,0.0,0.0,0.0,1.0
8,220,9.324899644278617,8.34768686831525,0.0,1.0,1.0,1.0,0.0,1.0
9,220,9.801036116982196,0.0,0.0,0.0,0.0,0.0,1.0,1.0
10,220,4.174511815397761,5.775558587814318,1.0,0.0,0.0,0.0,0.0,0.0
11,220,0.0,6.814026812577639,0.0,1.0,1.0,0.0,0.0,1.0
12,220,5.918013071113716,10.088841690044664,1.0,0.0,1.0,0.0,1.0,1.0
13,220,5.47757490529296,7.459026283087732,0.0,1.0,1.0,1.0,1.0,0.0
14,220,5.261076572820397,2.818075045529568,0.0,1.0,0.0,1.0,0.0,0.0
15,220,11.296751198998368,5.005435744384319,0.0,0.0,0.0,0.0,1.0,1.0
16,220,0.0185085053202954,3.029472558728166,1.0,1.0,1.0,0.0,0.0,0.0
17,220,9.746770615525245,5.950646270679544,1.0,0.0,0.0,1.0,1.0,1.0
18,220,10.65400667414283,8.872271579042327,1.0,1.0,0.0,0.0,0.0,1.0
19,220,0.0,1.596200672519643,1.0,1.0,1.0,0.0,0.0,0.0
20,220,2.7952848223223308,8.834781168788927,0.0,0.0,1.0,1.0,1.0,0.0
21,220,2.919485457090467,7.966456155716061,1.0,0.0,1.0,0.0,0.0,1.0
22,220,6.537609400857436,6.192679436804079,0.0,1.0,1.0,1.0,0.0,1.0
23,220,7.5779560419581395,5.632530802451778,0.0,0.0,0.0,0.0,0.0,0.0
24,220,12.0,6.662459836068427,0.0,0.0,1.0,1.0,0.0,0.0
25,220,0.6890945408461631,7.7578944596661215,0.0,0.0,0.0,0.0,0.0,1.0
26,220,3.273180812983143,10.715028685989672,0.0,0.0,0.0,0.0,1.0,0.0
27,220,7.810485851016915,1.9981722296753128,0.0,1.0,0.0,0.0,0.0,1.0
28,220,0.0,3.685482806055482,1.0,1.0,0.0,1.0,0.0,1.0
29,220,8.442985948641995,0.0710242796884321,0.0,0.0,0.0,0.0,0.0,0.0
30,220,3.5609937399987945,3.572439206634962,0.0,0.0,1.0,1.0,0.0,0.0
31,220,10.220174974117528,9.810558162442245,0.0,0.0,0.0,0.0,0.0,1.0
32,220,7.267184505474447,1.943232002491936,1.0,1.0,0.0,0.0,0.0,0.0
33,220,3.4393034077600424,11.122529044582144,1.0,1.0,0.0,0.0,1.0,0.0
34,220,3.225570855203137,0.6391438307083512,0.0,0.0,0.0,1.0,0.0,0.0
35,220,12.0,4.558375823186923,1.0,1.0,1.0,0.0,0.0,1.0
36,220,9.088507267186186,1.8159588332976209,0.0,1.0,0.0,1.0,0.0,0.0
37,220,0.1195851627228988,0.0,0.0,1.0,0.0,0.0,0.0,0.0
38,220,12.0,0.0,1.0,0.0,0.0,1.0,0.0,0.0
39,220,8.749349353513475,0.0,1.0,1.0,1.0,1.0,0.0,0.0
0,225,6.4072363373489845,1.39496729810565,1.0,0.0,1.0,0.0,0.0,1.0
1,225,0.0,3.34742105468576,1.0,0.0,0.0,1.0,1.0,0.0
2,225,4.522686057805922,5.2946941041929625,0.0,0.0,0.0,0.0,1.0,1.0
3,225,1.4505478188149994,9.028796942049786,1.0,0.0,0.0,0.0,0.0,0.0
4,225,4.820742490956364,5.125364433796587,0.0,0.0,1.0,0.0,0.0,1.0
5,225,9.752489743963547,3.2322668857157604,0.0,1.0,1.0,0.0,0.0,0.0
6,225,8.589994944272012,8.916464783289431,0.0,0.0,0.0,0.0,1.0,1.0
7,225,2.7662618682372915,0.6316643323671288,1.0,0.0,0.0,0.0,0.0,1.0
8,225,9.419898111456083,8.31353443040659,0.0,1.0,1.0,1.0,0.0,1.0
9,225,9.80719950034742,0.0,0.0,0.0,0.0,0.0,1.0,1.0
10,225,4.173949782569919,5.83761110878862,1.0,0.0,0.0,0.0,0.0,0.0
11,225,0.0,6.798705616129868,0.0,1.0,1.0,0.0,0.0,1.0
12,225,5.9281076567477,9.999547567512275,1.0,0.0,1.0,0.0,1.0,1.0
13,225,5.493314389944097,7.433023541699021,0.0,1.0,1.0,1.0,1.0,0.0
14,225,5.261227676943897,2.748079020775253,0.0,1.0,0.0,1.0,0.0,0.0
15,225,11.26022598184331,5.0092913390591205,0.0,0.0,0.0,0.0,1.0,1.0
16,225,0.0,2.9777674112710115,1.0,1.0,1.0,0.0,0.0,0.0
17,225,9.751567625387311,5.906194905207045,1.0,0.0,0.0,1.0,1.0,1.0
18,225,10.557450457074117,8.83893250348141,1.0,1.0,0.0,0.0,0.0,1.0
19,225,0.0,1.5654495774593626,1.0,1.0,1.0,0.0,0.0,0.0
20,225,2.7498178411329115,8.957948203143625,0.0,0.0,1.0,1.0,1.0,0.0
21,225,2.8740780532111447,7.970696550182089,1.0,0.0,1.0,0.0,0.0,1.0
22,225,6.655897783690717,6.339873529494853,0.0,1.0,1.0,1.0,0.0,1.0
23,225,7.358093118596395,5.673916199040226,0.0,0.0,0.0,0.0,0.0,0.0
24,225,12.0,6.660987028071723,0.0,0.0,1.0,1.0,0.0,0.0
25,225,0.6370753253480442,7.711346898738715,0.0,0.0,0.0,0.0,0.0,1.0
26,225,3.258665944660008,10.728145784785555,0.0,0.0,0.0,0.0,1.0,0.0
27,225,7.827665757879584,2.0656987864538374,0.0,1.0,0.0,0.0,0.0,1.0
28,225,0.0,3.685198229798448,1.0,1.0,0.0,1.0,0.0,1.0
29,225,8.561206049589225,0.0715851649577267,0.0,0.0,0.0,0.0,0.0,0.0
30,225,3.5118913370309426,3.581103141352428,0.0,0.0,1.0,1.0,0.0,0.0
31,225,10.180471395368087,9.758116474034583,0.0,0.0,0.0,0.0,0.0,1.0
32,225,7.441383119428664,1.9977807258702007,1.0,1.0,0.0,0.0,0.0,0.0
33,225,3.3716978734681327,11.203824179595838,1.0,1.0,0.0,0.0,1.0,0.0
34,225,3.2418512614222994,0.6086207551841232,0.0,0.0,0.0,1.0,0.0,0.0
35,225,12.0,4.612328752716731,1.0,1.0,1.0,0.0,0.0,1.0
36,225,9.099778396773774,1.873992266956548,0.0,1.0,0.0,1.0,0.0,0.0
37,225,0.0568454238620262,0.0,0.0,1.0,0.0,0.0,0.0,0.0
38,225,12.0,0.0,1.0,0.0,0.0,1.0,0.0,0.0
39,225,8.811939622361209,0.0,1.0,1.0,1.0,1.0,0.0,0.0
0,230,6.273872770556154,1.4128914996454427,1.0,0.0,1.0,0.0,0.0,1.0
1,230,0.0,3.262149749770473,1.0,0.0,0.0,1.0,1.0,0.0
2,230,4.530332210407957,5.322414942030537,0.0,0.0,0.0,0.0,1.0,1.0
3,230,1.4235380413918486,8.999243514891898,1.0,0.0,0.0,0.0,0.0,0.0
4,230,4.78651796614887,5.117023657788354,0.0,0.0,1.0,0.0,0.0,1.0
5,230,9.83875355345283,3.217436861992263,0.0,1.0,1.0,0.0,0.0,0.0
6,230,8.628075090325202,8.971812443404628,0.0,0.0,0.0,0.0,1.0,1.0
7,230,2.71562890481772,0.6447193814976383,1.0,0.0,0.0,0.0,0.0,1.0
8,230,9.528734193882132,8.277093128426554,0.0,1.0,1.0,1.0,0.0,1.0
9,230,9.814740204259616,0.0,0.0,0.0,0.0,0.0,1.0,1.0
10,230,4.174233718844561,5.912318112805116,1.0,0.0,0.0,0.0,0.0,0.0
11,230,0.0,6.784281442693857,0.0,1.0,1.0,0.0,0.0,1.0
12,230,6.029758385290458,10.01163457491876,1.0,0.0,1.0,0.0,1.0,1.0
13,230,5.500099371414216,7.421579152754334,0.0,1.0,1.0,1.0,1.0,0.0
14,230,5.2609289315122485,2.682972377134054,0.0,1.0,0.0,1.0,0.0,0.0
15,230,11.21957312814497,5.014345516476131,0.0,0.0,0.0,0.0,1.0,1.0
16,230,0.0,2.9246059832831803,1.0,1.0,1.0,0.0,0.0,0.0
17,230,9.7559570717735,5.85750822237685,1.0,0.0,0.0,1.0,1.0,1.0
18,230,10.474561691405178,8.81220230256811,1.0,1.0,0.0,0.0,0.0,1.0
19,230,0.0,1.5323617327469077,1.0,1.0,1.0,0.0,0.0,0.0
20,230,2.706407853815377,9.082444011510349,0.0,0.0,1.0,1.0,1.0,0.0
21,230,2.816544756092384,7.975659462706992,1.0,0.0,1.0,0.0,0.0,1.0
22,230,6.776515090091388,6.492064392526324,0.0,1.0,1.0,1.0,0.0,1.0
23,230,7.137145955649195,5.711435618071331,0.0,0.0,0.0,0.0,0.0,0.0
24,230,12.0,6.663851351263718,0.0,0.0,1.0,1.0,0.0,0.0
25,230,0.58226455482294,7.662312115776864,0.0,0.0,0.0,0.0,0.0,1.0
26,230,3.250708709151449,10.73544014018224,0.0,0.0,0.0,0.0,1.0,0.0
27,230,7.841325871208307,2.1178431102350017,0.0,1.0,0.0,0.0,0.0,1.0
28,230,0.0,3.6833941622864903,1.0,1.0,0.0,1.0,0.0,1.0
29,230,8.685000409672032,0.0745852473412965,0.0,0.0,0.0,0.0,0.0,0.0
30,230,3.4737650445546486,3.588711850036872,0.0,0.0,1.0,1.0,0.0,0.0
31,230,10.13498277697261,9.698515595206016,0.0,0.0,0.0,0.0,0.0,1.0
32,230,7.598416388206683,2.0573194649651496,1.0,1.0,0.0,0.0,0.0,0.0
33,230,3.307214860351133,11.282840775567864,1.0,1.0,0.0,0.0,1.0,0.0
34,230,3.2614670408446966,0.5696028382635824,0.0,0.0,0.0,1.0,0.0,0.0
35,230,12.0,4.659400975674791,1.0,1.0,1.0,0.0,0.0,1.0
36,230,9.109971998688149,1.926188409701384,0.0,1.0,0.0,1.0,0.0,0.0
37,230,0.0,0.0,0.0,1.0,0.0,0.0,0.0,0.0
38,230,12.0,0.0,1.0,0.0,0.0,1.0,0.0,0.0
39,230,8.876461921459189,0.0,1.0,1.0,1.0,1.0,0.0,0.0
0,235,6.154584698463959,1.4289539713553538,1.0,0.0,1.0,0.0,0.0,1.0
1,235,0.0,3.1809881602561063,1.0,0.0,0.0,1.0,1.0,0.0
2,235,4.534456018302819,5.339252713506232,0.0,0.0,0.0,0.0,1.0,1.0
3,235,1.39421529723833,8.967309655654985,1.0,0.0,0.0,0.0,0.0,0.0
4,235,4.756950067189393,5.109265382021774,0.0,0.0,1.0,0.0,0.0,1.0
5,235,9.936962759173523,3.19884862895492,0.0,1.0,1.0,0.0,0.0,0.0
6,235,8.67214489582789,9.035130316174463,0.0,0.0,0.0,0.0,1.0,1.0
7,235,2.664257545245415,0.6555620082372908,1.0,0.0,0.0,0.0,0.0,1.0
8,235,9.626474418082408,8.242247365737981,0.0,1.0,1.0,1.0,0.0,1.0
9,235,9.819913796559431,0.0,0.0,0.0,0.0,0.0,1.0,1.0
10,235,4.17685388965934,5.989354797036026,1.0,0.0,0.0,0.0,0.0,0.0
11,235,0.0,6.774376842923467,0.0,1.0,1.0,0.0,0.0,1.0
12,235,6.140222884433735,10.02720798757032,1.0,0.0,1.0,0.0,1.0,1.0
13,235,5.514548702962168,7.396822962134733,0.0,1.0,1.0,1.0,1.0,0.0
14,235,5.259443574306724,2.628263394419991,0.0,1.0,0.0,1.0,0.0,0.0
15,235,11.180766008509112,5.018946569168814,0.0,0.0,0.0,0.0,1.0,1.0
16,235,0.0,2.883276261265024,1.0,1.0,1.0,0.0,0.0,0.0
17,235,9.759391695431605,5.809950204032068,1.0,0.0,0.0,1.0,1.0,1.0
18,235,10.409949248829962,8.79202435176668,1.0,1.0,0.0,0.0,0.0,1.0
19,235,0.0,1.5069912089653472,1.0,1.0,1.0,0.0,0.0,0.0
20,235,2.659215482006294,9.223002333203514,0.0,0.0,1.0,1.0,1.0,0.0
21,235,2.7424451206807734,7.981183686308148,1.0,0.0,1.0,0.0,0.0,1.0
22,235,6.890124451997975,6.637211976126862,0.0,1.0,1.0,1.0,0.0,1.0
23,235,6.901728445360561,5.74877993431338,0.0,0.0,0.0,0.0,0.0,0.0
24,235,12.0,6.663692135623815,0.0,0.0,1.0,1.0,0.0,0.0
25,235,0.5344320208739223,7.619256817386218,0.0,0.0,0.0,0.0,0.0,1.0
26,235,3.234939641600745,10.750242911864833,0.0,0.0,0.0,0.0,1.0,0.0
27,235,7.855430120019513,2.177530096782463,0.0,1.0,0.0,0.0,0.0,1.0
28,235,0.0,3.68251551290404,1.0,1.0,0.0,1.0,0.0,1.0
29,235,8.80481787606225,0.0758085702156739,0.0,0.0,0.0,0.0,0.0,0.0
30,235,3.4091040099893672,3.6037447544866574,0.0,0.0,1.0,1.0,0.0,0.0
31,235,10.068554123156094,9.606749545532656,0.0,0.0,0.0,0.0,0.0,1.0
32,235,7.754748209279693,2.12290258265024,1.0,1.0,0.0,0.0,0.0,0.0
33,235,3.2383111761103542,11.373988292530992,1.0,1.0,0.0,0.0,1.0,0.0
34,235,3.2833648757953964,0.5234126495794236,0.0,0.0,0.0,1.0,0.0,0.0
35,235,12.0,4.724394948281992,1.0,1.0,1.0,0.0,0.0,1.0
36,235,9.11418254045818,1.9470910540258184,0.0,1.0,0.0,1.0,0.0,0.0
37,235,0.0,0.0,0.0,1.0,0.0,0.0,0.0,0.0
38,235,12.0,0.0,1.0,0.0,0.0,1.0,0.0,0.0
39,235,8.934540868274876,0.0,1.0,1.0,1.0,1.0,0.0,0.0
0,240,6.037763890920299,1.4446105138999623,1.0,0.0,1.0,0.0,0.0,1.0
1,240,0.0,3.087541147346757,1.0,0.0,0.0,1.0,1.0,0.0
2,240,4.541215909165276,5.337634787174859,0.0,0.0,0.0,0.0,1.0,1.0
3,240,1.3681131522089574,8.937846303389042,1.0,0.0,0.0,0.0,0.0,0.0
4,240,4.728260975966719,5.1018660414178205,0.0,0.0,1.0,0.0,0.0,1.0
5,240,10.021806051175192,3.1834146933585576,0.0,1.0,1.0,0.0,0.0,0.0
6,240,8.723758356452809,9.109378158167276,0.0,0.0,0.0,0.0,1.0,1.0
7,240,2.623020975113549,0.6646673508626773,1.0,0.0,0.0,0.0,0.0,1.0
8,240,9.708480398448115,8.211759673394454,0.0,1.0,1.0,1.0,0.0,1.0
9,240,9.826160813860763,0.0,0.0,0.0,0.0,0.0,1.0,1.0
10,240,4.179150567527863,6.066670388241942,1.0,0.0,0.0,0.0,0.0,0.0
11,240,0.0,6.765873687131215,0.0,1.0,1.0,0.0,0.0,1.0
12,240,6.279865401898712,10.048756147698017,1.0,0.0,1.0,0.0,1.0,1.0
13,240,5.532809282862728,7.364186452638265,0.0,1.0,1.0,1.0,1.0,0.0
14,240,5.258259447679242,2.568632140120913,0.0,1.0,0.0,1.0,0.0,0.0
15,240,11.1343457517268,5.023768207869606,0.0,0.0,0.0,0.0,1.0,1.0
16,240,0.0,2.8396697754484,1.0,1.0,1.0,0.0,0.0,0.0
17,240,9.76385756548058,5.757783617974574,1.0,0.0,0.0,1.0,1.0,1.0
18,240,10.360643352379553,8.777971746561875,1.0,1.0,0.0,0.0,0.0,1.0
19,240,0.0,1.4785461245095628,1.0,1.0,1.0,0.0,0.0,0.0
20,240,2.614515632787946,9.35875466434369,0.0,0.0,1.0,1.0,1.0,0.0
21,240,2.64386260755996,7.990226658106486,1.0,0.0,1.0,0.0,0.0,1.0
22,240,7.000494364522436,6.782894257584234,0.0,1.0,1.0,1.0,0.0,1.0
23,240,6.6628309074570735,5.782178397145645,0.0,0.0,0.0,0.0,0.0,0.0
24,240,12.0,6.66160715821762,0.0,0.0,1.0,1.0,0.0,0.0
25,240,0.4703141031796735,7.559459890615485,0.0,0.0,0.0,0.0,0.0,1.0
26,240,3.2288172727322126,10.755909585955257,0.0,0.0,0.0,0.0,1.0,0.0
27,240,7.870128957219485,2.232940757905175,0.0,1.0,0.0,0.0,0.0,1.0
28,240,0.0,3.681413509035585,1.0,1.0,0.0,1.0,0.0,1.0
29,240,8.924645583668966,0.0788838627951721,0.0,0.0,0.0,0.0,0.0,0.0
30,240,3.321479856802956,3.621356635749203,0.0,0.0,1.0,1.0,0.0,0.0
31,240,10.011697811871496,9.52523673259817,0.0,0.0,0.0,0.0,0.0,1.0
32,240,7.886686903773633,2.179786323494322,1.0,1.0,0.0,0.0,0.0,0.0
33,240,3.1671774378049427,11.469849520759498,1.0,1.0,0.0,0.0,1.0,0.0
34,240,3.315043127179965,0.4604783133730967,0.0,0.0,0.0,1.0,0.0,0.0
35,240,12.0,4.802209611625657,1.0,1.0,1.0,0.0,0.0,1.0
36,240,9.11608162047508,1.955724915695746,0.0,1.0,0.0,1.0,0.0,0.0
37,240,0.0,0.0,0.0,1.0,0.0,0.0,0.0,0.0
38,240,12.0,0.0,1.0,0.0,0.0,1.0,0.0,0.0
39,240,8.9644674093185,0.0,1.0,1.0,1.0,1.0,0.0,0.0
0,245,5.912519262239276,1.4601307014365832,1.0,0.0,1.0,0.0,0.0,1.0
1,245,0.0,3.001075564567031,1.0,0.0,0.0,1.0,1.0,0.0
2,245,4.537778175613392,5.338540408280468,0.0,0.0,0.0,0.0,1.0,1.0
3,245,1.3463761408471022,8.912975713660853,1.0,0.0,0.0,0.0,0.0,0.0
4,245,4.708882836977544,5.096891130847758,0.0,0.0,1.0,0.0,0.0,1.0
5,245,10.114307452401087,3.166401335280766,0.0,1.0,1.0,0.0,0.0,0.0
6,245,8.76843703247455,9.173246082242194,0.0,0.0,0.0,0.0,1.0,1.0
7,245,2.5749990680534487,0.6748964187476234,1.0,0.0,0.0,0.0,0.0,1.0
8,245,9.785554872705566,8.183724373393753,0.0,1.0,1.0,1.0,0.0,1.0
9,245,9.83336155679113,0.0,0.0,0.0,0.0,0.0,1.0,1.0
10,245,4.18228718083225,6.1569746686941285,1.0,0.0,0.0,0.0,0.0,0.0
11,245,0.0,6.7577090764991725,0.0,1.0,1.0,0.0,0.0,1.0
12,245,6.412650349563685,10.067724370902775,1.0,0.0,1.0,0.0,1.0,1.0
13,245,5.542257168108411,7.347492940472219,0.0,1.0,1.0,1.0,1.0,0.0
14,245,5.25637167181064,2.5025682190276206,0.0,1.0,0.0,1.0,0.0,0.0
15,245,11.083794548268612,5.030219714801439,0.0,0.0,0.0,0.0,1.0,1.0
16,245,0.0,2.791543471863434,1.0,1.0,1.0,0.0,0.0,0.0
17,245,9.766695128534147,5.722736453715113,1.0,0.0,0.0,1.0,1.0,1.0
18,245,10.29973411488738,8.758975948570251,1.0,1.0,0.0,0.0,0.0,1.0
19,245,0.0,1.4549483523486366,1.0,1.0,1.0,0.0,0.0,0.0
20,245,2.566594729300732,9.497998035549312,0.0,0.0,1.0,1.0,1.0,0.0
21,245,2.550632613221605,7.9985063019096705,1.0,0.0,1.0,0.0,0.0,1.0
22,245,7.101109243171666,6.920262184704853,0.0,1.0,1.0,1.0,0.0,1.0
23,245,6.404704402910663,5.816292549402452,0.0,0.0,0.0,0.0,0.0,0.0
24,245,12.0,6.658955723113061,0.0,0.0,1.0,1.0,0.0,0.0
25,245,0.4098571118993319,7.502032275200963,0.0,0.0,0.0,0.0,0.0,1.0
26,245,3.214286981207372,10.769534012938504,0.0,0.0,0.0,0.0,1.0,0.0
27,245,7.893097888842169,2.315802121504629,0.0,1.0,0.0,0.0,0.0,1.0
28,245,0.0,3.681068395764805,1.0,1.0,0.0,1.0,0.0,1.0
29,245,9.037665243725517,0.0821442731221307,0.0,0.0,0.0,0.0,0.0,0.0
30,245,3.2524267116407684,3.633973842374314,0.0,0.0,1.0,1.0,0.0,0.0
31,245,9.943880461827424,9.43239899469994,0.0,0.0,0.0,0.0,0.0,1.0
32,245,8.009485224683624,2.233507597976785,1.0,1.0,0.0,0.0,0.0,0.0
33,245,3.0999213263683894,11.556130067521082,1.0,1.0,0.0,0.0,1.0,0.0
34,245,3.3418000572837663,0.4070444935252995,0.0,0.0,0.0,1.0,0.0,0.0
35,245,12.0,4.879975905675471,1.0,1.0,1.0,0.0,0.0,1.0
36,245,9.118630792487618,1.968018074647487,0.0,1.0,0.0,1.0,0.0,0.0
37,245,0.0,0.0,0.0,1.0,0.0,0.0,0.0,0.0
38,245,12.0,0.0,1.0,0.0,0.0,1.0,0.0,0.0
39,245,8.98311797357782,0.0,1.0,1.0,1.0,1.0,0.0,0.0
0,250,5.791744917177132,1.4702950518129332,1.0,0.0,1.0,0.0,0.0,1.0
1,250,0.0,2.8995546333170847,1.0,0.0,0.0,1.0,1.0,0.0
2,250,4.525642812494288,5.341626894527866,0.0,0.0,0.0,0.0,1.0,1.0
3,250,1.319364772612622,8.882474137686353,1.0,0.0,0.0,0.0,0.0,0.0
4,250,4.688788851901758,5.092059601928225,0.0,0.0,1.0,0.0,0.0,1.0
5,250,10.220629358861853,3.147625767462027,0.0,1.0,1.0,0.0,0.0,0.0
6,250,8.82859645273417,9.259116037044258,0.0,0.0,0.0,0.0,1.0,1.0
7,250,2.5496586938857564,0.6800800267108462,1.0,0.0,0.0,0.0,0.0,1.0
8,250,9.864108164505206,8.15512021845542,0.0,1.0,1.0,1.0,0.0,1.0
9,250,9.838688114824174,0.0,0.0,0.0,0.0,0.0,1.0,1.0
10,250,4.186141165539119,6.226244815398623,1.0,0.0,0.0,0.0,0.0,0.0
11,250,0.0,6.745594725117545,0.0,1.0,1.0,0.0,0.0,1.0
12,250,6.518378908912039,10.08335604678555,1.0,0.0,1.0,0.0,1.0,1.0
13,250,5.550445890102639,7.332977905462387,0.0,1.0,1.0,1.0,1.0,0.0
14,250,5.257028181200799,2.419841015381684,0.0,1.0,0.0,1.0,0.0,0.0
15,250,11.006767394857194,5.03937806538412,0.0,0.0,0.0,0.0,1.0,1.0
16,250,0.0,2.738910089774007,1.0,1.0,1.0,0.0,0.0,0.0
17,250,9.769822450616855,5.678688277380305,1.0,0.0,0.0,1.0,1.0,1.0
18,250,10.235000774599357,8.738941124864773,1.0,1.0,0.0,0.0,0.0,1.0
19,250,0.0,1.4287550992800426,1.0,1.0,1.0,0.0,0.0,0.0
20,250,2.5168302014863784,9.642633707568836,0.0,0.0,1.0,1.0,1.0,0.0
21,250,2.4554187337537057,8.005877698047794,1.0,0.0,1.0,0.0,0.0,1.0
22,250,7.195301846427929,7.050207272181473,0.0,1.0,1.0,1.0,0.0,1.0
23,250,6.1477655536727,5.849140172115331,0.0,0.0,0.0,0.0,0.0,0.0
24,250,12.0,6.656391985136314,0.0,0.0,1.0,1.0,0.0,0.0
25,250,0.3427391179134303,7.436452701617397,0.0,0.0,0.0,0.0,0.0,1.0
26,250,3.209040050081804,10.76388980424148,0.0,0.0,0.0,0.0,1.0,0.0
27,250,7.913863407157796,2.393267031070461,0.0,1.0,0.0,0.0,0.0,1.0
28,250,0.0,3.681968786416571,1.0,1.0,0.0,1.0,0.0,1.0
29,250,9.131543990547206,0.0857740301954228,0.0,0.0,0.0,0.0,0.0,0.0
30,250,3.186578262629228,3.644608647233242,0.0,0.0,1.0,1.0,0.0,0.0
31,250,9.860818586630966,9.320441907719706,0.0,0.0,0.0,0.0,0.0,1.0
32,250,8.137380452503606,2.290666757691264,1.0,1.0,0.0,0.0,0.0,0.0
33,250,3.0239415062702824,11.650414273278065,1.0,1.0,0.0,0.0,1.0,0.0
34,250,3.3619473852153225,0.3668358733165022,0.0,0.0,0.0,1.0,0.0,0.0
35,250,12.0,4.961144733397496,1.0,1.0,1.0,0.0,0.0,1.0
36,250,9.119266789044268,1.9712365444660076,0.0,1.0,0.0,1.0,0.0,0.0
37,250,0.0,0.0,0.0,1.0,0.0,0.0,0.0,0.0
38,250,12.0,0.0,1.0,0.0,0.0,1.0,0.0,0.0
39,250,9.013251337069404,0.0,1.0,1.0,1.0,1.0,0.0,0.0
0,255,5.670353714692405,1.475250577591515,1.0,0.0,1.0,0.0,0.0,1.0
1,255,0.0,2.790402536909347,1.0,0.0,0.0,1.0,1.0,0.0
2,255,4.497395954739802,5.348565776597356,0.0,0.0,0.0,0.0,1.0,1.0
3,255,1.296795727343365,8.859439701028066,1.0,0.0,0.0,0.0,0.0,0.0
4,255,4.673485816595262,5.088296992009276,0.0,0.0,1.0,0.0,0.0,1.0
5,255,10.324381673889713,3.130710987347726,0.0,1.0,1.0,0.0,0.0,0.0
6,255,8.888426903549364,9.33992618560195,0.0,0.0,0.0,0.0,1.0,1.0
7,255,2.527138796428169,0.685025408451602,1.0,0.0,0.0,0.0,0.0,1.0
8,255,9.928488841375444,8.13127767241287,0.0,1.0,1.0,1.0,0.0,1.0
9,255,9.844012991167762,0.0,0.0,0.0,0.0,0.0,1.0,1.0
10,255,4.187876711367671,6.265108975084505,1.0,0.0,0.0,0.0,0.0,0.0
11,255,0.0,6.73354719195861,0.0,1.0,1.0,0.0,0.0,1.0
12,255,6.61384881513573,10.097411656496664,1.0,0.0,1.0,0.0,1.0,1.0
13,255,5.566025370419096,7.305960104194745,0.0,1.0,1.0,1.0,1.0,0.0
14,255,5.258661478070795,2.329261591423885,0.0,1.0,0.0,1.0,0.0,0.0
15,255,10.940703870193992,5.047523649730561,0.0,0.0,0.0,0.0,1.0,1.0
16,255,0.0,2.686156348373736,1.0,1.0,1.0,0.0,0.0,0.0
17,255,9.772613683888803,5.647655947261608,1.0,0.0,0.0,1.0,1.0,1.0
18,255,10.16052729841147,8.715138571605276,1.0,1.0,0.0,0.0,0.0,1.0
19,255,0.0,1.4067892403385402,1.0,1.0,1.0,0.0,0.0,0.0
20,255,2.4711193053825498,9.780831644268352,0.0,0.0,1.0,1.0,1.0,0.0
21,255,2.3586964766308034,8.013475977183393,1.0,0.0,1.0,0.0,0.0,1.0
22,255,7.28131178362876,7.168662831651139,0.0,1.0,1.0,1.0,0.0,1.0
23,255,5.890396622624158,5.883082542519794,0.0,0.0,0.0,0.0,0.0,0.0
24,255,12.0,6.648979143456336,0.0,0.0,1.0,1.0,0.0,0.0
25,255,0.2822244364173938,7.376727762017082,0.0,0.0,0.0,0.0,0.0,1.0
26,255,3.2003470046000824,10.75416300318201,0.0,0.0,0.0,0.0,1.0,0.0
27,255,7.935957298221064,2.476281104126156,0.0,1.0,0.0,0.0,0.0,1.0
28,255,0.0,3.683307589742255,1.0,1.0,0.0,1.0,0.0,1.0
29,255,9.214908958669907,0.0895178095946321,0.0,0.0,0.0,0.0,0.0,0.0
30,255,3.107881242530396,3.658506770643412,0.0,0.0,1.0,1.0,0.0,0.0
31,255,9.770735406542608,9.19917568146494,0.0,0.0,0.0,0.0,0.0,1.0
32,255,8.247273994600558,2.341320035032471,1.0,1.0,0.0,0.0,0.0,0.0
33,255,2.9650288032479817,11.724116631570125,1.0,1.0,0.0,0.0,1.0,0.0
34,255,3.384643434326107,0.3206509577866385,0.0,0.0,0.0,1.0,0.0,0.0
35,255,12.0,5.040731018939584,1.0,1.0,1.0,0.0,0.0,1.0
36,255,9.116367107524365,1.9566024179394756,0.0,1.0,0.0,1.0,0.0,0.0
37,255,0.0,0.0,0.0,1.0,0.0,0.0,0.0,0.0
38,255,12.0,0.0,1.0,0.0,0.0,1.0,0.0,0.0
39,255,9.048005141248357,0.0,1.0,1.0,1.0,1.0,0.0,0.0
0,260,5.555366727051879,1.4801503589464904,1.0,0.0,1.0,0.0,0.0,1.0
1,260,0.0,2.679062075969556,1.0,0.0,0.0,1.0,1.0,0.0
2,260,4.452498367113924,5.35955951256358,0.0,0.0,0.0,0.0,1.0,1.0
3,260,1.2592189044413091,8.820558439152242,1.0,0.0,0.0,0.0,0.0,0.0
4,260,4.675140853706272,5.088697994124616,0.0,0.0,1.0,0.0,0.0,1.0
5,260,10.430507448487448,3.113500452770916,0.0,1.0,1.0,0.0,0.0,0.0
6,260,8.936645257995249,9.4035407400895,0.0,0.0,0.0,0.0,1.0,1.0
7,260,2.5157364920510803,0.6875028384716934,1.0,0.0,0.0,0.0,0.0,1.0
8,260,9.992314788210736,8.107511687946747,0.0,1.0,1.0,1.0,0.0,1.0
9,260,9.847660543839956,0.0,0.0,0.0,0.0,0.0,1.0,1.0
10,260,4.188423638204539,6.293366568217759,1.0,0.0,0.0,0.0,0.0,0.0
11,260,0.0,6.722598624953774,0.0,1.0,1.0,0.0,0.0,1.0
12,260,6.706662239244964,10.112113576593629,1.0,0.0,1.0,0.0,1.0,1.0
13,260,5.572969313988376,7.293730496902938,0.0,1.0,1.0,1.0,1.0,0.0
14,260,5.258441168464948,2.2613734018119245,0.0,1.0,0.0,1.0,0.0,0.0
15,260,10.848106724099916,5.0605444720199175,0.0,0.0,0.0,0.0,1.0,1.0
16,260,0.0,2.630278867051824,1.0,1.0,1.0,0.0,0.0,0.0
17,260,9.775908566011358,5.599715296459327,1.0,0.0,0.0,1.0,1.0,1.0
18,260,10.07679297297651,8.689458143330102,1.0,1.0,0.0,0.0,0.0,1.0
19,260,0.0,1.3773211692831673,1.0,1.0,1.0,0.0,0.0,0.0
20,260,2.419027144686809,9.934080218475962,0.0,0.0,1.0,1.0,1.0,0.0
21,260,2.226096509223255,8.027615829019279,1.0,0.0,1.0,0.0,0.0,1.0
22,260,7.373547635540905,7.291776126879633,0.0,1.0,1.0,1.0,0.0,1.0
23,260,5.6515436708984215,5.920955129466319,0.0,0.0,0.0,0.0,0.0,0.0
24,260,12.0,6.646140893359211,0.0,0.0,1.0,1.0,0.0,0.0
25,260,0.2148716603294369,7.310490545940116,0.0,0.0,0.0,0.0,0.0,1.0
26,260,3.188327122230922,10.740814262181312,0.0,0.0,0.0,0.0,1.0,0.0
27,260,7.964985522041832,2.5749401509014787,0.0,1.0,0.0,0.0,0.0,1.0
28,260,0.0,3.684348363725496,1.0,1.0,0.0,1.0,0.0,1.0
29,260,9.28270162999786,0.0918448452093078,0.0,0.0,0.0,0.0,0.0,0.0
30,260,3.019000527812496,3.674701310597349,0.0,0.0,1.0,1.0,0.0,0.0
31,260,9.67896995575731,9.082868448361936,0.0,0.0,0.0,0.0,0.0,1.0
32,260,8.349661591487976,2.385964210082621,1.0,1.0,0.0,0.0,0.0,0.0
33,260,2.897413205065558,11.809560463708586,1.0,1.0,0.0,0.0,1.0,0.0
34,260,3.416141666592869,0.2599605083412784,0.0,0.0,0.0,1.0,0.0,0.0
35,260,12.0,5.116095498377948,1.0,1.0,1.0,0.0,0.0,1.0
36,260,9.114923114491797,1.949125896451072,0.0,1.0,0.0,1.0,0.0,0.0
37,260,0.0,0.0,0.0,1.0,0.0,0.0,0.0,0.0
38,260,12.0,0.0,1.0,0.0,0.0,1.0,0.0,0.0
39,260,9.07975933688409,0.0,1.0,1.0,1.0,1.0,0.0,0.0
0,265,5.439546190511971,1.485777428757051,1.0,0.0,1.0,0.0,0.0,1.0
1,265,0.0,2.563335168806176,1.0,0.0,0.0,1.0,1.0,0.0
2,265,4.387477781836689,5.375311059658002,0.0,0.0,0.0,0.0,1.0,1.0
3,265,1.220177091441886,8.778487470317334,1.0,0.0,0.0,0.0,0.0,0.0
4,265,4.701231617929414,5.094834223303699,0.0,0.0,1.0,0.0,0.0,1.0
5,265,10.552620417466416,3.0935145207030668,0.0,1.0,1.0,0.0,0.0,0.0
6,265,8.987095504580408,9.46961327675456,0.0,0.0,0.0,0.0,1.0,1.0
7,265,2.5198444400177022,0.6867505112860185,1.0,0.0,0.0,0.0,0.0,1.0
8,265,10.076073212518398,8.07730306104584,0.0,1.0,1.0,1.0,0.0,1.0
9,265,9.850196977877175,0.0,0.0,0.0,0.0,0.0,1.0,1.0
10,265,4.189515375567899,6.3256065463564815,1.0,0.0,0.0,0.0,0.0,0.0
11,265,0.0,6.711469819676763,0.0,1.0,1.0,0.0,0.0,1.0
12,265,6.81382123149933,10.129703172057654,1.0,0.0,1.0,0.0,1.0,1.0
13,265,5.568150255838456,7.302266824157613,0.0,1.0,1.0,1.0,1.0,0.0
14,265,5.2587068536683805,2.196295893979653,0.0,1.0,0.0,1.0,0.0,0.0
15,265,10.75430700272955,5.072474770423644,0.0,0.0,0.0,0.0,1.0,1.0
16,265,0.0,2.5719743687749244,1.0,1.0,1.0,0.0,0.0,0.0
17,265,9.780924979056635,5.526971912539652,1.0,0.0,0.0,1.0,1.0,1.0
18,265,9.981275332995905,8.658795930904448,1.0,1.0,0.0,0.0,0.0,1.0
19,265,0.0,1.3415374726600366,1.0,1.0,1.0,0.0,0.0,0.0
20,265,2.3595290245736944,10.092283337343588,0.0,0.0,1.0,1.0,1.0,0.0
21,265,2.080504351744094,8.040295142282513,1.0,0.0,1.0,0.0,0.0,1.0
22,265,7.45769169937568,7.406938605187657,0.0,1.0,1.0,1.0,0.0,1.0
23,265,5.399577113081136,5.965552287132907,0.0,0.0,0.0,0.0,0.0,0.0
24,265,12.0,6.651050044184692,0.0,0.0,1.0,1.0,0.0,0.0
25,265,0.1490798679242527,7.24882689901054,0.0,0.0,0.0,0.0,0.0,1.0
26,265,3.1861664806772128,10.73840038560824,0.0,0.0,0.0,0.0,1.0,0.0
27,265,7.989840468581659,2.6673321425900776,0.0,1.0,0.0,0.0,0.0,1.0
28,265,0.0,3.685479437936426,1.0,1.0,0.0,1.0,0.0,1.0
29,265,9.346728159950583,0.0939502997532145,0.0,0.0,0.0,0.0,0.0,0.0
30,265,2.9301612048373555,3.6928743735973617,0.0,0.0,1.0,1.0,0.0,0.0
31,265,9.595959813862397,8.978276753659017,0.0,0.0,0.0,0.0,0.0,1.0
32,265,8.468169936777404,2.4381767363789963,1.0,1.0,0.0,0.0,0.0,0.0
33,265,2.8192754942616944,11.908271833555334,1.0,1.0,0.0,0.0,1.0,0.0
34,265,3.4482952929386,0.1954137210036832,0.0,0.0,0.0,1.0,0.0,0.0
35,265,12.0,5.188903620671066,1.0,1.0,1.0,0.0,0.0,1.0
36,265,9.1120021155082,1.9323510232090757,0.0,1.0,0.0,1.0,0.0,0.0
37,265,0.0,0.0,0.0,1.0,0.0,0.0,0.0,0.0
38,265,12.0,0.0,1.0,0.0,0.0,1.0,0.0,0.0
39,265,9.11253540115772,0.0,1.0,1.0,1.0,1.0,0.0,0.0
0,270,5.325959281654543,1.4913982236075822,1.0,0.0,1.0,0.0,0.0,1.0
1,270,0.0,2.4460019380413387,1.0,0.0,0.0,1.0,1.0,0.0
2,270,4.311154760110304,5.392858969719595,0.0,0.0,0.0,0.0,1.0,1.0
3,270,1.1929964943287334,8.750116105942334,1.0,0.0,0.0,0.0,0.0,0.0
4,270,4.742150569667581,5.104170324962156,0.0,0.0,1.0,0.0,0.0,1.0
5,270,10.677678894881923,3.0724737346504627,0.0,1.0,1.0,0.0,0.0,0.0
6,270,9.02460040934881,9.520089063903429,0.0,0.0,0.0,0.0,1.0,1.0
7,270,2.514533784927334,0.6876160134050525,1.0,0.0,0.0,0.0,0.0,1.0
8,270,10.147629735281413,8.051845557548358,0.0,1.0,1.0,1.0,0.0,1.0
9,270,9.852518401664916,0.0,0.0,0.0,0.0,0.0,1.0,1.0
10,270,4.191979163462315,6.353543375748352,1.0,0.0,0.0,0.0,0.0,0.0
11,270,0.0,6.69900166486308,0.0,1.0,1.0,0.0,0.0,1.0
12,270,6.920177431618415,10.14861682729711,1.0,0.0,1.0,0.0,1.0,1.0
13,270,5.575201869722876,7.289113015994188,0.0,1.0,1.0,1.0,1.0,0.0
14,270,5.258253583466153,2.1420398789033017,0.0,1.0,0.0,1.0,0.0,0.0
15,270,10.65684958077204,5.085132563863096,0.0,0.0,0.0,0.0,1.0,1.0
16,270,0.0,2.4971731442453766,1.0,1.0,1.0,0.0,0.0,0.0
17,270,9.787772411518642,5.428092012789829,1.0,0.0,0.0,1.0,1.0,1.0
18,270,9.905657883195897,8.634628526440716,1.0,1.0,0.0,0.0,0.0,1.0
19,270,0.0,1.3037145267184584,1.0,1.0,1.0,0.0,0.0,0.0
20,270,2.286791922642477,10.275778205385336,0.0,0.0,1.0,1.0,1.0,0.0
21,270,1.9327063370941115,8.053664521080629,1.0,0.0,1.0,0.0,0.0,1.0
22,270,7.541811319218857,7.522557273387085,0.0,1.0,1.0,1.0,0.0,1.0
23,270,5.152286272207705,6.013080327997356,0.0,0.0,0.0,0.0,0.0,0.0
24,270,12.0,6.654567897476484,0.0,0.0,1.0,1.0,0.0,0.0
25,270,0.2135497300534811,7.178699927642466,0.0,0.0,0.0,0.0,0.0,1.0
26,270,3.1845851461374246,10.73663933184361,0.0,0.0,0.0,0.0,1.0,0.0
27,270,8.01019870333071,2.7434024233496768,0.0,1.0,0.0,0.0,0.0,1.0
28,270,0.0,3.6860994494956585,1.0,1.0,0.0,1.0,0.0,1.0
29,270,9.40678000824319,0.0956318249431577,0.0,0.0,0.0,0.0,0.0,0.0
30,270,2.8563352939034665,3.705716802644848,0.0,0.0,1.0,1.0,0.0,0.0
31,270,9.518225497585618,8.882646662839882,0.0,0.0,0.0,0.0,0.0,1.0
32,270,8.578733478175268,2.486892343887776,1.0,1.0,0.0,0.0,0.0,0.0
33,270,2.7485356992548837,11.994186658437064,1.0,1.0,0.0,0.0,1.0,0.0
34,270,3.468588132053422,0.1572623394905274,0.0,0.0,0.0,1.0,0.0,0.0
35,270,12.0,5.257832694050585,1.0,1.0,1.0,0.0,0.0,1.0
36,270,9.107707733346231,1.907170170256946,0.0,1.0,0.0,1.0,0.0,0.0
37,270,0.0,0.0,0.0,1.0,0.0,0.0,0.0,0.0
38,270,12.0,0.0,1.0,0.0,0.0,1.0,0.0,0.0
39,270,9.141672398693062,0.0,1.0,1.0,1.0,1.0,0.0,0.0
0,275,5.209796543637786,1.4976845032857478,1.0,0.0,1.0,0.0,0.0,1.0
1,275,0.0,2.336275326173792,1.0,0.0,0.0,1.0,1.0,0.0
2,275,4.237844934913071,5.409900396483544,0.0,0.0,0.0,0.0,1.0,1.0
3,275,1.153707686057248,8.709420915176208,1.0,0.0,0.0,0.0,0.0,0.0
4,275,4.778165180913829,5.112101358280693,0.0,0.0,1.0,0.0,0.0,1.0
5,275,10.82561697527268,3.045284448581949,0.0,1.0,1.0,0.0,0.0,0.0
6,275,9.061733515204947,9.569648964439338,0.0,0.0,0.0,0.0,1.0,1.0
7,275,2.489658736556612,0.6916569028029423,1.0,0.0,0.0,0.0,0.0,1.0
8,275,10.214987025231071,8.028407816933813,0.0,1.0,1.0,1.0,0.0,1.0
9,275,9.856299231732242,0.0,0.0,0.0,0.0,0.0,1.0,1.0
10,275,4.194364727501215,6.379315642425892,1.0,0.0,0.0,0.0,0.0,0.0
11,275,0.0,6.6882334464776605,0.0,1.0,1.0,0.0,0.0,1.0
12,275,7.030469741184064,10.166283495579163,1.0,0.0,1.0,0.0,1.0,1.0
13,275,5.57834115667686,7.2832458404962095,0.0,1.0,1.0,1.0,1.0,0.0
14,275,5.256743879392725,2.1018993276255244,0.0,1.0,0.0,1.0,0.0,0.0
15,275,10.547459620541108,5.098554810248916,0.0,0.0,0.0,0.0,1.0,1.0
16,275,0.0,2.432680133516409,1.0,1.0,1.0,0.0,0.0,0.0
17,275,9.79597269082576,5.326520186984717,1.0,0.0,0.0,1.0,1.0,1.0
18,275,9.832658327134112,8.609034197365567,1.0,1.0,0.0,0.0,0.0,1.0
19,275,0.0,1.2554802937488256,1.0,1.0,1.0,0.0,0.0,0.0
20,275,2.211937546180275,10.460745853047602,0.0,0.0,1.0,1.0,1.0,0.0
21,275,1.7985649257032033,8.063235936332902,1.0,0.0,1.0,0.0,0.0,1.0
22,275,7.62618628334195,7.640701829006603,0.0,1.0,1.0,1.0,0.0,1.0
23,275,4.886584480106757,6.054861349878565,0.0,0.0,0.0,0.0,0.0,0.0
24,275,12.0,6.662027905991248,0.0,0.0,1.0,1.0,0.0,0.0
25,275,0.2734354656647554,7.11220318607082,0.0,0.0,0.0,0.0,0.0,1.0
26,275,3.182328248457724,10.734285971028848,0.0,0.0,0.0,0.0,1.0,0.0
27,275,8.02335014671443,2.7898792770221608,0.0,1.0,0.0,0.0,0.0,1.0
28,275,0.0,3.6861705448657966,1.0,1.0,0.0,1.0,0.0,1.0
29,275,9.473373044242042,0.0986395906980671,0.0,0.0,0.0,0.0,0.0,0.0
30,275,2.7940434479721734,3.716663588153225,0.0,0.0,1.0,1.0,0.0,0.0
31,275,9.441157587654446,8.7889036156653,0.0,0.0,0.0,0.0,0.0,1.0
32,275,8.681482205779169,2.5329647726143514,1.0,1.0,0.0,0.0,0.0,0.0
33,275,2.676663327160359,12.0,1.0,1.0,0.0,0.0,1.0,0.0
34,275,3.4923085927573,0.1127967117893659,0.0,0.0,0.0,1.0,0.0,0.0
35,275,12.0,5.329232909567134,1.0,1.0,1.0,0.0,0.0,1.0
36,275,9.10449458865889,1.891139414654099,0.0,1.0,0.0,1.0,0.0,0.0
37,275,0.0,0.0,0.0,1.0,0.0,0.0,0.0,0.0
38,275,12.0,0.0,1.0,0.0,0.0,1.0,0.0,0.0
39,275,9.183241061416624,0.0,1.0,1.0,1.0,1.0,0.0,0.0
0,280,5.068507212756283,1.5050489827339406,1.0,0.0,1.0,0.0,0.0,1.0
1,280,0.1266818101711796,2.122976742256172,1.0,0.0,0.0,1.0,1.0,0.0
2,280,4.185983934236693,5.422192691394767,0.0,0.0,0.0,0.0,1.0,1.0
3,280,1.1125488201385898,8.665714851015439,1.0,0.0,0.0,0.0,0.0,0.0
4,280,4.814301642096552,5.119428656945068,0.0,0.0,1.0,0.0,0.0,1.0
5,280,10.990493099003038,3.011605038052465,0.0,1.0,1.0,0.0,0.0,0.0
6,280,9.109951864458706,9.63586303360098,0.0,0.0,0.0,0.0,1.0,1.0
7,280,2.45307332762111,0.6971456945436069,1.0,0.0,0.0,0.0,0.0,1.0
8,280,10.276208537966276,8.008390549473198,0.0,1.0,1.0,1.0,0.0,1.0
9,280,9.859971387407995,0.0,0.0,0.0,0.0,0.0,1.0,1.0
10,280,4.195866099164308,6.406595885088926,1.0,0.0,0.0,0.0,0.0,0.0
11,280,0.0,6.675176649218352,0.0,1.0,1.0,0.0,0.0,1.0
12,280,7.130904165167318,10.183699118937504,1.0,0.0,1.0,0.0,1.0,1.0
13,280,5.576626018271405,7.286382052048478,0.0,1.0,1.0,1.0,1.0,0.0
14,280,5.255751942306992,2.0527073347606595,0.0,1.0,0.0,1.0,0.0,0.0
15,280,10.532915413161792,4.971423065553397,0.0,0.0,0.0,0.0,1.0,1.0
16,280,0.0,2.371854897764647,1.0,1.0,1.0,0.0,0.0,0.0
17,280,9.803637298279158,5.23241134204002,1.0,0.0,0.0,1.0,1.0,1.0
18,280,9.76236071659208,8.584607598001558,1.0,1.0,0.0,0.0,0.0,1.0
19,280,0.0,1.2062621093494652,1.0,1.0,1.0,0.0,0.0,0.0
20,280,2.1352340195120543,10.637230746328072,0.0,0.0,1.0,1.0,1.0,0.0
21,280,1.6718017126478135,8.071879971171176,1.0,0.0,1.0,0.0,0.0,1.0
22,280,7.706184723909868,7.753126961642399,0.0,1.0,1.0,1.0,0.0,1.0
23,280,4.644789646482567,6.090782776673078,0.0,0.0,0.0,0.0,0.0,0.0
24,280,12.0,6.666515985808785,0.0,0.0,1.0,1.0,0.0,0.0
25,280,0.3339786896830989,7.04534982727658,0.0,0.0,0.0,0.0,0.0,1.0
26,280,3.1690019217221264,10.719872116246671,0.0,0.0,0.0,0.0,1.0,0.0
27,280,8.03005663655587,2.8133042785828266,0.0,1.0,0.0,0.0,0.0,1.0
28,280,0.0,3.68630881443375,1.0,1.0,0.0,1.0,0.0,1.0
29,280,9.542455460021944,0.1013798054459956,0.0,0.0,0.0,0.0,0.0,0.0
30,280,2.780180482059845,3.646492684536263,0.0,0.0,1.0,1.0,0.0,0.0
31,280,9.38459724400525,8.719019697614554,0.0,0.0,0.0,0.0,0.0,1.0
32,280,8.7757966415993,2.577908213490301,1.0,1.0,0.0,0.0,0.0,0.0
33,280,2.6170667589362533,12.0,1.0,1.0,0.0,0.0,1.0,0.0
34,280,3.5105952096269557,0.0785176349111736,0.0,0.0,0.0,1.0,0.0,0.0
35,280,12.0,5.388016493236826,1.0,1.0,1.0,0.0,0.0,1.0
36,280,9.10198810011647,1.8784768002507977,0.0,1.0,0.0,1.0,0.0,0.0
37,280,0.0,0.0,0.0,1.0,0.0,0.0,0.0,0.0
38,280,12.0,0.0,1.0,0.0,0.0,1.0,0.0,0.0
39,280,9.199226963780696,0.0,1.0,1.0,1.0,1.0,0.0,0.0
0,285,4.9485680490196025,1.5098286963462524,1.0,0.0,1.0,0.0,0.0,1.0
1,285,0.2546300338957563,1.89986569187302,1.0,0.0,0.0,1.0,1.0,0.0
2,285,4.13000386578338,5.434735990303592,0.0,0.0,0.0,0.0,1.0,1.0
3,285,1.0694085942059082,8.620635589027748,1.0,0.0,0.0,0.0,0.0,0.0
4,285,4.8142915287105605,5.1194262465250056,0.0,0.0,1.0,0.0,0.0,1.0
5,285,11.158911288199455,2.9823683868994517,0.0,1.0,1.0,0.0,0.0,0.0
6,285,9.167880547685815,9.712352780431589,0.0,0.0,0.0,0.0,1.0,1.0
7,285,2.383846743955389,0.7084542723776279,1.0,0.0,0.0,0.0,0.0,1.0
8,285,10.366310947144363,7.980896137944947,0.0,1.0,1.0,1.0,0.0,1.0
9,285,9.867073619142824,0.0,0.0,0.0,0.0,0.0,1.0,1.0
10,285,4.195323713487624,6.3982560843497245,1.0,0.0,0.0,0.0,0.0,0.0
11,285,0.0,6.663437636405078,0.0,1.0,1.0,0.0,0.0,1.0
12,285,7.228791207691356,10.199521712208716,1.0,0.0,1.0,0.0,1.0,1.0
13,285,5.57386488239959,7.291384045478995,0.0,1.0,1.0,1.0,1.0,0.0
14,285,5.255026210217696,2.0108124528191635,0.0,1.0,0.0,1.0,0.0,0.0
15,285,10.522954760892343,4.86477078334055,0.0,0.0,0.0,0.0,1.0,1.0
16,285,0.0,2.2990038576366247,1.0,1.0,1.0,0.0,0.0,0.0
17,285,9.813387836307951,5.120368027638166,1.0,0.0,0.0,1.0,1.0,1.0
18,285,9.702506511549192,8.565215690802182,1.0,1.0,0.0,0.0,0.0,1.0
19,285,0.0,1.1545811820821406,1.0,1.0,1.0,0.0,0.0,0.0
20,285,2.0592681168936515,10.826348779258648,0.0,0.0,1.0,1.0,1.0,0.0
21,285,1.6803239258647251,8.210467216073845,1.0,0.0,1.0,0.0,0.0,1.0
22,285,7.780286766205604,7.857423683293172,0.0,1.0,1.0,1.0,0.0,1.0
23,285,4.407327191011142,6.124007531402709,0.0,0.0,0.0,0.0,0.0,0.0
24,285,12.0,6.671052402218037,0.0,0.0,1.0,1.0,0.0,0.0
25,285,0.3731373842997855,7.000654652093466,0.0,0.0,0.0,0.0,0.0,1.0
26,285,3.145940323529473,10.694778644495816,0.0,0.0,0.0,0.0,1.0,0.0
27,285,8.035403158071341,2.83239535523134,0.0,1.0,0.0,0.0,0.0,1.0
28,285,0.0005367145628196,3.686299362943223,1.0,1.0,0.0,1.0,0.0,1.0
29,285,9.589439023090517,0.1032766721799599,0.0,0.0,0.0,0.0,0.0,0.0
30,285,2.7699212374057263,3.589376337526541,0.0,0.0,1.0,1.0,0.0,0.0
31,285,9.32695101592274,8.644285482541292,0.0,0.0,0.0,0.0,0.0,1.0
32,285,8.86874654562147,2.62355281273996,1.0,1.0,0.0,0.0,0.0,0.0
33,285,2.527159385438984,12.0,1.0,1.0,0.0,0.0,1.0,0.0
34,285,3.5288637793354045,0.0443664776408138,0.0,0.0,0.0,1.0,0.0,0.0
35,285,12.0,5.437652673266254,1.0,1.0,1.0,0.0,0.0,1.0
36,285,9.103766554891134,1.8781200638758984,0.0,1.0,0.0,1.0,0.0,0.0
37,285,0.0,0.0,0.0,1.0,0.0,0.0,0.0,0.0
38,285,12.0,0.0,1.0,0.0,0.0,1.0,0.0,0.0
39,285,9.219765818463069,0.0,1.0,1.0,1.0,1.0,0.0,0.0
0,290,4.819164090629908,1.5117984833874374,1.0,0.0,1.0,0.0,0.0,1.0
1,290,0.3877533691348607,1.6805439489377318,1.0,0.0,0.0,1.0,1.0,0.0
2,290,4.073996998954917,5.447786051499958,0.0,0.0,0.0,0.0,1.0,1.0
3,290,1.019072313193241,8.569676381870485,1.0,0.0,0.0,0.0,0.0,0.0
4,290,4.810014995461821,5.118119988292976,0.0,0.0,1.0,0.0,0.0,1.0
5,290,11.328571295203751,2.956141078353766,0.0,1.0,1.0,0.0,0.0,0.0
6,290,9.231780400739815,9.794607194336145,0.0,0.0,0.0,0.0,1.0,1.0
7,290,2.321061956290776,0.7190348208267913,1.0,0.0,0.0,0.0,0.0,1.0
8,290,10.455982383567902,7.952704666890388,0.0,1.0,1.0,1.0,0.0,1.0
9,290,9.871865398103791,0.0,0.0,0.0,0.0,0.0,1.0,1.0
10,290,4.194989601059919,6.391070380615015,1.0,0.0,0.0,0.0,0.0,0.0
11,290,0.0,6.654646754292813,0.0,1.0,1.0,0.0,0.0,1.0
12,290,7.342992682208242,10.217964565903712,1.0,0.0,1.0,0.0,1.0,1.0
13,290,5.56452187418353,7.307682033885099,0.0,1.0,1.0,1.0,1.0,0.0
14,290,5.254207778164517,1.9616498598882388,0.0,1.0,0.0,1.0,0.0,0.0
15,290,10.513341950317576,4.764396964100945,0.0,0.0,0.0,0.0,1.0,1.0
16,290,0.0,2.237633288942438,1.0,1.0,1.0,0.0,0.0,0.0
17,290,9.820016300304763,5.017279913548836,1.0,0.0,0.0,1.0,1.0,1.0
18,290,9.633943529783515,8.543649076005275,1.0,1.0,0.0,0.0,0.0,1.0
19,290,0.0,1.10993901551536,1.0,1.0,1.0,0.0,0.0,0.0
20,290,1.978515451658794,11.016805755363574,0.0,0.0,1.0,1.0,1.0,0.0
21,290,1.688271442210953,8.36027653254367,1.0,0.0,1.0,0.0,0.0,1.0
22,290,7.846271321954927,7.952132028214401,0.0,1.0,1.0,1.0,0.0,1.0
23,290,4.147055190426521,6.156437760253153,0.0,0.0,0.0,0.0,0.0,0.0
24,290,12.0,6.675508752655383,0.0,0.0,1.0,1.0,0.0,0.0
25,290,0.4261056210775428,6.9408905191011945,0.0,0.0,0.0,0.0,0.0,1.0
26,290,3.118114945168397,10.664133510586757,0.0,0.0,0.0,0.0,1.0,0.0
27,290,8.041467061379455,2.855223213805115,0.0,1.0,0.0,0.0,0.0,1.0
28,290,0.0,3.68628313540012,1.0,1.0,0.0,1.0,0.0,1.0
29,290,9.639409799305744,0.1054985378910409,0.0,0.0,0.0,0.0,0.0,0.0
30,290,2.762485566381089,3.5475406864328485,0.0,0.0,1.0,1.0,0.0,0.0
31,290,9.249944300617727,8.543847226552852,0.0,0.0,0.0,0.0,0.0,1.0
32,290,8.916021930987862,2.5212643207266883,1.0,1.0,0.0,0.0,0.0,0.0
33,290,2.4412006340566994,12.0,1.0,1.0,0.0,0.0,1.0,0.0
34,290,3.546310052841008,0.0128355659823905,0.0,0.0,0.0,1.0,0.0,0.0
35,290,12.0,5.491042092624851,1.0,1.0,1.0,0.0,0.0,1.0
36,290,9.088842890972945,1.881087482084801,0.0,1.0,0.0,1.0,0.0,0.0
37,290,0.0,0.0,0.0,1.0,0.0,0.0,0.0,0.0
38,290,12.0,0.0,1.0,0.0,0.0,1.0,0.0,0.0
39,290,9.24252683301951,0.0,1.0,1.0,1.0,1.0,0.0,0.0
0,295,4.698914202710673,1.5142089044341915,1.0,0.0,1.0,0.0,0.0,1.0
1,295,0.5086760491231546,1.4913324510758748,1.0,0.0,0.0,1.0,1.0,0.0
2,295,4.0117102953666,5.463109943358395,0.0,0.0,0.0,0.0,1.0,1.0
3,295,0.9789619625875868,8.528693361611731,1.0,0.0,0.0,0.0,0.0,0.0
4,295,4.789269119010967,5.111459843934499,0.0,0.0,1.0,0.0,0.0,1.0
5,295,11.525901530408742,2.9248375150383654,0.0,1.0,1.0,0.0,0.0,0.0
6,295,9.295062436592175,9.87984271835837,0.0,0.0,0.0,0.0,1.0,1.0
7,295,2.261043210815609,0.7287418881358493,1.0,0.0,0.0,0.0,0.0,1.0
8,295,10.545937309128483,7.922522256697436,0.0,1.0,1.0,1.0,0.0,1.0
9,295,9.876834059005423,0.0,0.0,0.0,0.0,0.0,1.0,1.0
10,295,4.192065956440534,6.359045916989896,1.0,0.0,0.0,0.0,0.0,0.0
11,295,0.0,6.644886252007824,0.0,1.0,1.0,0.0,0.0,1.0
12,295,7.454671482213508,10.2370247125819,1.0,0.0,1.0,0.0,1.0,1.0
13,295,5.568513193660248,7.300667903660106,0.0,1.0,1.0,1.0,1.0,0.0
14,295,5.253220299672251,1.915013341945326,0.0,1.0,0.0,1.0,0.0,0.0
15,295,10.502717473789197,4.654776866587656,0.0,0.0,0.0,0.0,1.0,1.0
16,295,0.0,2.18176371042372,1.0,1.0,1.0,0.0,0.0,0.0
17,295,9.831044227275816,4.900898933381795,1.0,0.0,0.0,1.0,1.0,1.0
18,295,9.542038208147272,8.513015830283472,1.0,1.0,0.0,0.0,0.0,1.0
19,295,0.0,1.0576263497600975,1.0,1.0,1.0,0.0,0.0,0.0
20,295,1.9047726652231,11.22222317488778,0.0,0.0,1.0,1.0,1.0,0.0
21,295,1.693117674707569,8.512324291737489,1.0,0.0,1.0,0.0,0.0,1.0
22,295,7.905473518953828,8.036621959888718,0.0,1.0,1.0,1.0,0.0,1.0
23,295,3.881875815135011,6.188448618910701,0.0,0.0,0.0,0.0,0.0,0.0
24,295,12.0,6.6819629054880085,0.0,0.0,1.0,1.0,0.0,0.0
25,295,0.4873804428287991,6.87113314071694,0.0,0.0,0.0,0.0,0.0,1.0
26,295,3.089986186307001,10.633394341625012,0.0,0.0,0.0,0.0,1.0,0.0
27,295,8.048538949121404,2.881918035720517,0.0,1.0,0.0,0.0,0.0,1.0
28,295,0.0,3.686279694742053,1.0,1.0,0.0,1.0,0.0,1.0
29,295,9.695180769767878,0.107222528334544,0.0,0.0,0.0,0.0,0.0,0.0
30,295,2.7527907596695376,3.4906011870690574,0.0,0.0,1.0,1.0,0.0,0.0
31,295,9.186302866722652,8.463631819083746,0.0,0.0,0.0,0.0,0.0,1.0
32,295,8.958676229566665,2.431139318318261,1.0,1.0,0.0,0.0,0.0,0.0
33,295,2.3471005586253857,12.0,1.0,1.0,0.0,0.0,1.0,0.0
34,295,3.561139814029565,0.0,0.0,0.0,0.0,1.0,0.0,0.0
35,295,12.0,5.543025961834052,1.0,1.0,1.0,0.0,0.0,1.0
36,295,9.097868980418385,1.8789955604724584,0.0,1.0,0.0,1.0,0.0,0.0
37,295,0.0,0.0,0.0,1.0,0.0,0.0,0.0,0.0
38,295,12.0,0.0,1.0,0.0,0.0,1.0,0.0,0.0
39,295,9.2615973216528,0.0,1.0,1.0,1.0,1.0,0.0,0.0
