0,0,5.039809707264942,3.033194302795389,1.0,0.0,1.0,0.0,1.0,0.0
1,0,9.056872972022164,6.983882990208109,0.0,1.0,0.0,0.0,0.0,0.0
2,0,11.058947630787364,11.026932348315029,0.0,0.0,1.0,0.0,0.0,1.0
3,0,10.039435347376005,2.952315008864593,1.0,0.0,1.0,1.0,0.0,0.0
4,0,12.0,2.0317895850267527,0.0,0.0,1.0,1.0,0.0,1.0
5,0,10.024499103336804,3.977754015384547,0.0,1.0,0.0,0.0,0.0,1.0
6,0,9.056759671981332,2.9560661736112874,0.0,1.0,1.0,0.0,1.0,0.0
7,0,5.024539838948373,8.020565187569876,1.0,0.0,1.0,0.0,1.0,0.0
8,0,10.029670630104569,2.943614314087401,0.0,0.0,0.0,0.0,0.0,0.0
9,0,5.030595109723539,1.9497025791829323,0.0,0.0,0.0,0.0,1.0,0.0
10,0,5.016654614728951,3.958649487362784,1.0,1.0,1.0,0.0,0.0,0.0
11,0,2.9930256469852288,10.960276179727009,1.0,0.0,0.0,0.0,0.0,1.0
12,0,10.9779512409662,0.9516827573078904,0.0,1.0,1.0,0.0,1.0,0.0
13,0,2.9636595546448405,7.055498291170932,1.0,0.0,0.0,0.0,1.0,0.0
14,0,11.93266001091839,0.0,0.0,1.0,0.0,1.0,0.0,1.0
15,0,10.962336214527737,6.027111673297505,1.0,1.0,0.0,0.0,1.0,1.0
16,0,11.077048761831117,1.0340000558142517,0.0,0.0,1.0,0.0,1.0,0.0
17,0,5.94763930465186,8.966956577075063,1.0,1.0,0.0,1.0,0.0,0.0
18,0,6.954557413793261,2.02631702705384,1.0,0.0,0.0,1.0,0.0,0.0
19,0,3.011416007998555,2.0690705431227445,0.0,0.0,0.0,0.0,0.0,0.0
20,0,7.041426436182084,2.9622959409157468,0.0,1.0,1.0,1.0,1.0,0.0
21,0,4.017626877263857,2.045786620449835,1.0,1.0,0.0,1.0,1.0,0.0
22,0,12.0,7.005198971339174,1.0,1.0,0.0,0.0,0.0,1.0
23,0,4.002002606716513,11.026905693991315,0.0,0.0,0.0,0.0,0.0,1.0
24,0,5.057939676962752,9.037593078666754,0.0,0.0,1.0,0.0,1.0,0.0
25,0,1.9786822614802089,11.964739415265376,1.0,0.0,1.0,0.0,1.0,0.0
26,0,12.0,8.973999797847076,0.0,0.0,0.0,1.0,1.0,0.0
27,0,1.0233095666369243,8.070562918658304,0.0,0.0,0.0,0.0,0.0,0.0
28,0,2.050017389638516,5.00959256922234,1.0,0.0,0.0,0.0,1.0,0.0
29,0,6.039147810663019,8.042053826120306,0.0,0.0,1.0,0.0,1.0,1.0
30,0,6.948196263015629,2.0311119724446254,0.0,0.0,1.0,0.0,0.0,0.0
31,0,3.029984817509125,2.060837907533047,0.0,1.0,0.0,0.0,1.0,0.0
32,0,7.94740624547032,7.039038335701443,1.0,1.0,1.0,0.0,1.0,1.0
33,0,6.014335332679637,6.940446821018148,1.0,1.0,1.0,1.0,0.0,0.0
34,0,10.056838203360131,6.950304996286546,0.0,1.0,0.0,0.0,0.0,0.0
35,0,2.0284693653342045,0.0,0.0,0.0,0.0,1.0,1.0,0.0
36,0,11.954762566696196,7.011947613986965,1.0,1.0,1.0,0.0,0.0,0.0
37,0,6.0724451568883175,10.977033341014913,0.0,0.0,0.0,0.0,0.0,1.0
38,0,3.9502045558247,0.0222501687803712,0.0,1.0,0.0,0.0,1.0,0.0
39,0,3.038046598505005,4.935044755530064,0.0,0.0,0.0,0.0,1.0,0.0
0,5,5.090435185260895,3.078661043495993,1.0,0.0,1.0,0.0,1.0,0.0
1,5,9.106712981279708,6.970689201594146,0.0,1.0,0.0,0.0,0.0,0.0
2,5,11.12690126961256,11.05642724172676,0.0,0.0,1.0,0.0,0.0,1.0
3,5,10.066001039520485,2.918020345525392,1.0,0.0,1.0,1.0,0.0,0.0
4,5,12.0,2.0476692430169527,0.0,0.0,1.0,1.0,0.0,1.0
5,5,10.042214206967945,3.9613918532619943,0.0,1.0,0.0,0.0,0.0,1.0
6,5,9.13454102679846,2.895847794075088,0.0,1.0,1.0,0.0,1.0,0.0
7,5,5.052119003315807,8.042526739194562,1.0,0.0,1.0,0.0,1.0,0.0
8,5,10.059321557937242,2.883452997469893,0.0,0.0,0.0,0.0,0.0,0.0
9,5,5.077913146083055,1.8770043958537383,0.0,0.0,0.0,0.0,1.0,0.0
10,5,5.04109644977706,3.904991844835632,1.0,1.0,1.0,0.0,0.0,0.0
11,5,2.9809191754262474,10.892228654037146,1.0,0.0,0.0,0.0,0.0,1.0
12,5,10.95051334215779,0.8896791173653912,0.0,1.0,1.0,0.0,1.0,0.0
13,5,2.922435952247731,7.117949096086856,1.0,0.0,0.0,0.0,1.0,0.0
14,5,11.875305714179758,0.0,0.0,1.0,0.0,1.0,0.0,1.0
15,5,10.91412509764782,6.062742188741482,1.0,1.0,0.0,0.0,1.0,1.0
16,5,11.16119419230609,1.0704500456830774,0.0,0.0,1.0,0.0,1.0,0.0
17,5,5.899808759006747,8.936667181269913,1.0,1.0,0.0,1.0,0.0,0.0
18,5,6.883804307707143,2.068960659382122,1.0,0.0,0.0,1.0,0.0,0.0
19,5,3.024651930662993,2.1584840965130545,0.0,0.0,0.0,0.0,0.0,0.0
20,5,7.07815986969338,2.9289190965440346,0.0,1.0,1.0,1.0,1.0,0.0
21,5,4.029065592841317,2.0766363515173123,1.0,1.0,0.0,1.0,1.0,0.0
22,5,12.0,7.009748128344154,1.0,1.0,0.0,0.0,0.0,1.0
23,5,4.003853090563351,11.056857148125156,0.0,0.0,0.0,0.0,0.0,1.0
24,5,5.114927441876343,9.074599553031428,0.0,0.0,1.0,0.0,1.0,0.0
25,5,1.9529120149204025,11.91958720362633,1.0,0.0,1.0,0.0,1.0,0.0
26,5,12.0,8.939481399537666,0.0,0.0,0.0,1.0,1.0,0.0
27,5,1.046726911215654,8.141988603530326,0.0,0.0,0.0,0.0,0.0,0.0
28,5,2.089588532270335,5.016199409465161,1.0,0.0,0.0,0.0,1.0,0.0
29,5,6.097244541721277,8.107096536782066,0.0,0.0,1.0,0.0,1.0,1.0
30,5,6.901361220131973,2.061522232839235,0.0,0.0,1.0,0.0,0.0,0.0
31,5,3.055772224130658,2.10642380632021,0.0,1.0,0.0,0.0,1.0,0.0
32,5,7.893412404419661,7.077425642683877,1.0,1.0,1.0,0.0,1.0,1.0
33,5,6.027823850133658,6.886340417515358,1.0,1.0,1.0,1.0,0.0,0.0
34,5,10.12451247115076,6.892152181316571,0.0,1.0,0.0,0.0,0.0,0.0
35,5,2.0736374285825727,0.0,0.0,0.0,0.0,1.0,1.0,0.0
36,5,11.903099694387809,7.024513424798903,1.0,1.0,1.0,0.0,0.0,0.0
37,5,6.144275248468524,10.952406577745164,0.0,0.0,0.0,0.0,0.0,1.0
38,5,3.907269561697806,0.0417802976221994,0.0,1.0,0.0,0.0,1.0,0.0
39,5,3.0854238819473947,4.857178433954306,0.0,0.0,0.0,0.0,1.0,0.0
0,10,5.138666879294721,3.120812796672576,1.0,0.0,1.0,0.0,1.0,0.0
1,10,9.126459227274744,6.965102146409511,0.0,1.0,0.0,0.0,0.0,0.0
2,10,11.190603329557147,11.083333391771031,0.0,0.0,1.0,0.0,0.0,1.0
3,10,10.086623419037052,2.890856897286652,1.0,0.0,1.0,1.0,0.0,0.0
4,10,12.0,2.0653428887088925,0.0,0.0,1.0,1.0,0.0,1.0
5,10,10.045059213886104,3.958714528862063,0.0,1.0,0.0,0.0,0.0,1.0
6,10,9.218643558454277,2.8304664231732897,0.0,1.0,1.0,0.0,1.0,0.0
7,10,5.088706781368729,8.071319306645817,1.0,0.0,1.0,0.0,1.0,0.0
8,10,10.078503152122147,2.838275660341837,0.0,0.0,0.0,0.0,0.0,0.0
9,10,5.126902559807266,1.8048919683890448,0.0,0.0,0.0,0.0,1.0,0.0
10,10,5.070919134821185,3.83558338396404,1.0,1.0,1.0,0.0,0.0,0.0
11,10,2.972196761838827,10.832521622262224,1.0,0.0,0.0,0.0,0.0,1.0
12,10,10.929950447588848,0.8444500922007574,0.0,1.0,1.0,0.0,1.0,0.0
13,10,2.87335329407615,7.191994561551232,1.0,0.0,0.0,0.0,1.0,0.0
14,10,11.830165668422808,0.0,0.0,1.0,0.0,1.0,0.0,1.0
15,10,10.864037679460704,6.099986943896883,1.0,1.0,0.0,0.0,1.0,1.0
16,10,11.270206425194257,1.117636359005167,0.0,0.0,1.0,0.0,1.0,0.0
17,10,5.834869717815816,8.894103224385308,1.0,1.0,0.0,1.0,0.0,0.0
18,10,6.818525127585771,2.10864878705908,1.0,0.0,0.0,1.0,0.0,0.0
19,10,3.040651232460353,2.2547780888940787,0.0,0.0,0.0,0.0,0.0,0.0
20,10,7.103157352142617,2.905533076430982,0.0,1.0,1.0,1.0,1.0,0.0
21,10,4.038680996364056,2.1034250761879605,1.0,1.0,0.0,1.0,1.0,0.0
22,10,12.0,7.016552790516371,1.0,1.0,0.0,0.0,0.0,1.0
23,10,4.005906203285098,11.090209893810307,0.0,0.0,0.0,0.0,0.0,1.0
24,10,5.189080835505801,9.122879316774302,0.0,0.0,1.0,0.0,1.0,0.0
25,10,1.928847518202555,11.876973371240702,1.0,0.0,1.0,0.0,1.0,0.0
26,10,12.0,8.906996252859143,0.0,0.0,0.0,1.0,1.0,0.0
27,10,1.0748198382993552,8.231227869948928,0.0,0.0,0.0,0.0,0.0,0.0
28,10,2.120734111984029,5.020674258812227,1.0,0.0,0.0,0.0,1.0,0.0
29,10,6.159507174724034,8.17348208449007,0.0,0.0,1.0,0.0,1.0,1.0
30,10,6.85660344123391,2.090892748245615,0.0,0.0,1.0,0.0,0.0,0.0
31,10,3.0788836818877847,2.147416296429536,0.0,1.0,0.0,0.0,1.0,0.0
32,10,7.940322480154312,7.141806108749111,1.0,1.0,1.0,0.0,1.0,1.0
33,10,6.041732215024376,6.823451878757723,1.0,1.0,1.0,1.0,0.0,0.0
34,10,10.194400937399667,6.831362957325026,0.0,1.0,0.0,0.0,0.0,0.0
35,10,2.1200108125496127,0.0,0.0,0.0,0.0,1.0,1.0,0.0
36,10,11.872372587586336,7.030985271213822,1.0,1.0,1.0,0.0,0.0,0.0
37,10,6.202361430660873,10.93353322926538,0.0,0.0,0.0,0.0,0.0,1.0
38,10,3.855245395869856,0.0623973388118856,0.0,1.0,0.0,0.0,1.0,0.0
39,10,3.1338697010857177,4.776747075496151,0.0,0.0,0.0,0.0,1.0,0.0
0,15,5.188523741740701,3.1642894287370686,1.0,0.0,1.0,0.0,1.0,0.0
1,15,9.155214963090502,6.957722649208163,0.0,1.0,0.0,0.0,0.0,0.0
2,15,11.254679407121092,11.110206416810572,0.0,0.0,1.0,0.0,0.0,1.0
3,15,10.11321773653587,2.853888777281836,1.0,0.0,1.0,1.0,0.0,0.0
4,15,12.0,2.0675827593717635,0.0,0.0,1.0,1.0,0.0,1.0
5,15,10.046902426006367,3.9570069215431856,0.0,1.0,0.0,0.0,0.0,1.0
6,15,9.282876899054273,2.7802910219501014,0.0,1.0,1.0,0.0,1.0,0.0
7,15,5.139176592492235,8.11269684789385,1.0,0.0,1.0,0.0,1.0,0.0
8,15,10.099893104747396,2.7898605499392333,0.0,0.0,0.0,0.0,0.0,0.0
9,15,5.203491006941371,1.855418210819372,0.0,0.0,0.0,0.0,1.0,0.0
10,15,5.100001945965498,3.769924159943808,1.0,1.0,1.0,0.0,0.0,0.0
11,15,2.9640807085085528,10.78167090372494,1.0,0.0,0.0,0.0,0.0,1.0
12,15,10.90018444350719,0.7803263929934546,0.0,1.0,1.0,0.0,1.0,0.0
13,15,2.816908031373956,7.282275351577757,1.0,0.0,0.0,0.0,1.0,0.0
14,15,11.788541799301909,0.0,0.0,1.0,0.0,1.0,0.0,1.0
15,15,10.813725759290747,6.137999709318106,1.0,1.0,0.0,0.0,1.0,1.0
16,15,11.39191531144614,1.1730693096277176,0.0,0.0,1.0,0.0,1.0,0.0
17,15,5.764441658263176,8.85039724042218,1.0,1.0,0.0,1.0,0.0,0.0
18,15,6.766757529064984,2.1410914145996096,1.0,0.0,0.0,1.0,0.0,0.0
19,15,3.056995446671006,2.348494066993727,0.0,0.0,0.0,0.0,0.0,0.0
20,15,7.134073285256657,2.877343973166443,0.0,1.0,1.0,1.0,1.0,0.0
21,15,4.051800690494297,2.138891901331634,1.0,1.0,0.0,1.0,1.0,0.0
22,15,12.0,7.023770934196866,1.0,1.0,0.0,0.0,0.0,1.0
23,15,4.007981288067866,11.112528671321732,0.0,0.0,0.0,0.0,0.0,1.0
24,15,5.248089194501883,9.0316406772609,0.0,0.0,1.0,0.0,1.0,0.0
25,15,1.9075423607209592,11.840138034273874,1.0,0.0,1.0,0.0,1.0,0.0
26,15,12.0,8.868440477423839,0.0,0.0,0.0,1.0,1.0,0.0
27,15,1.0951105520010191,8.303958389418568,0.0,0.0,0.0,0.0,0.0,0.0
28,15,2.1448127562306967,5.024272396393545,1.0,0.0,0.0,0.0,1.0,0.0
29,15,6.234720307519409,8.25138932480439,0.0,0.0,1.0,0.0,1.0,1.0
30,15,6.819877497171652,2.115421379919933,0.0,0.0,1.0,0.0,0.0,0.0
31,15,3.102110977944908,2.1893719927754978,0.0,1.0,0.0,0.0,1.0,0.0
32,15,7.9920267802467,7.211504840913149,1.0,1.0,1.0,0.0,1.0,1.0
33,15,5.979917215543896,6.8098432319432565,1.0,1.0,1.0,1.0,0.0,0.0
34,15,10.27812873946448,6.762273745513405,0.0,1.0,0.0,0.0,0.0,0.0
35,15,2.150234699738484,0.0,0.0,0.0,0.0,1.0,1.0,0.0
36,15,11.854802841957436,7.034214028366297,1.0,1.0,1.0,0.0,0.0,0.0
37,15,6.275735176521628,10.91033376181977,0.0,0.0,0.0,0.0,0.0,1.0
38,15,3.7827875993287776,0.0928784537954479,0.0,1.0,0.0,0.0,1.0,0.0
39,15,3.1782702369403237,4.696522285622878,0.0,0.0,0.0,0.0,1.0,0.0
0,20,5.230309167206308,3.202815189481468,1.0,0.0,1.0,0.0,1.0,0.0
1,20,9.178391693677426,6.952018546484216,0.0,1.0,0.0,0.0,0.0,0.0
2,20,11.324868515851058,11.14030548073308,0.0,0.0,1.0,0.0,0.0,1.0
3,20,10.14945266052589,2.8059616267745007,1.0,0.0,1.0,1.0,0.0,0.0
4,20,12.0,2.072705457414397,0.0,0.0,1.0,1.0,0.0,1.0
5,20,10.050689187820344,3.953593178540419,0.0,1.0,0.0,0.0,0.0,1.0
6,20,9.34043907788839,2.73474603827503,0.0,1.0,1.0,0.0,1.0,0.0
7,20,5.197452167364748,8.159935416252738,1.0,0.0,1.0,0.0,1.0,0.0
8,20,10.116350248193768,2.7508312832462862,0.0,0.0,0.0,0.0,0.0,0.0
9,20,5.268983709174044,1.900734438018811,0.0,0.0,0.0,0.0,1.0,0.0
10,20,5.131241004771866,3.69722743170236,1.0,1.0,1.0,0.0,0.0,0.0
11,20,2.9560557516085337,10.727209550568224,1.0,0.0,0.0,0.0,0.0,1.0
12,20,10.869166687163975,0.7137411129850845,0.0,1.0,1.0,0.0,1.0,0.0
13,20,2.759717752829673,7.369331494018109,1.0,0.0,0.0,0.0,1.0,0.0
14,20,11.748064986297225,0.0,0.0,1.0,0.0,1.0,0.0,1.0
15,20,10.76737742866467,6.173777680279042,1.0,1.0,0.0,0.0,1.0,1.0
16,20,11.52402836152346,1.234656864365087,0.0,0.0,1.0,0.0,1.0,0.0
17,20,5.703012679521023,8.811966305344427,1.0,1.0,0.0,1.0,0.0,0.0
18,20,6.707981128418374,2.177679794231905,1.0,0.0,0.0,1.0,0.0,0.0
19,20,3.071619140712232,2.4282819869277064,0.0,0.0,0.0,0.0,0.0,0.0
20,20,7.158599069691537,2.855157587559201,0.0,1.0,1.0,1.0,1.0,0.0
21,20,4.065067126783883,2.174652915969144,1.0,1.0,0.0,1.0,1.0,0.0
22,20,12.0,7.031347849377554,1.0,1.0,0.0,0.0,0.0,1.0
23,20,3.986883758556126,11.114709050479648,0.0,0.0,0.0,0.0,0.0,1.0
24,20,5.308911950960207,8.937503717695703,0.0,0.0,1.0,0.0,1.0,0.0
25,20,1.883287975593122,11.799940251471805,1.0,0.0,1.0,0.0,1.0,0.0
26,20,12.0,8.840120301441852,0.0,0.0,0.0,1.0,1.0,0.0
27,20,1.1145947353899666,8.369676350404267,0.0,0.0,0.0,0.0,0.0,0.0
28,20,2.1633689024918192,5.026837901675586,1.0,0.0,0.0,0.0,1.0,0.0
29,20,6.303001198872038,8.321046103811977,0.0,0.0,1.0,0.0,1.0,1.0
30,20,6.790355147619091,2.1354600742911614,0.0,0.0,1.0,0.0,0.0,0.0
31,20,3.1382258936160805,2.2541737579725214,0.0,1.0,0.0,0.0,1.0,0.0
32,20,8.049730819511353,7.288756102103576,1.0,1.0,1.0,0.0,1.0,1.0
33,20,5.919962747330634,6.797936818755673,1.0,1.0,1.0,1.0,0.0,0.0
34,20,10.35623487008108,6.698296095720512,0.0,1.0,0.0,0.0,0.0,0.0
35,20,2.176965643537939,0.0,0.0,0.0,0.0,1.0,1.0,0.0
36,20,11.82457118322512,7.039130073947834,1.0,1.0,1.0,0.0,0.0,0.0
37,20,6.32990513862002,10.893110712145816,0.0,0.0,0.0,0.0,0.0,1.0
38,20,3.7194701723482826,0.1193458560943584,0.0,1.0,0.0,0.0,1.0,0.0
39,20,3.212020845224842,4.6369438474177525,0.0,0.0,0.0,0.0,1.0,0.0
0,25,5.277188963495943,3.244485051825764,1.0,0.0,1.0,0.0,1.0,0.0
1,25,9.218849902895984,6.942160758885926,0.0,1.0,0.0,0.0,0.0,0.0
2,25,11.38368216262804,11.168114194476589,0.0,0.0,1.0,0.0,0.0,1.0
3,25,10.202303325530064,2.8458372096006026,1.0,0.0,1.0,1.0,0.0,0.0
4,25,12.0,2.095319904054264,0.0,0.0,1.0,1.0,0.0,1.0
5,25,10.05966087856222,3.945895545151196,0.0,1.0,0.0,0.0,0.0,1.0
6,25,9.39733621374672,2.689713578816471,0.0,1.0,1.0,0.0,1.0,0.0
7,25,5.239156546966337,8.196820923066726,1.0,0.0,1.0,0.0,1.0,0.0
8,25,10.141199362563714,2.694745451221081,0.0,0.0,0.0,0.0,0.0,0.0
9,25,5.33656410689827,1.9462938636811515,0.0,0.0,0.0,0.0,1.0,0.0
10,25,5.166614019963524,3.6187617467719777,1.0,1.0,1.0,0.0,0.0,0.0
11,25,3.005417703501286,10.71972465505606,1.0,0.0,0.0,0.0,0.0,1.0
12,25,10.833665906648305,0.6338722297692524,0.0,1.0,1.0,0.0,1.0,0.0
13,25,2.688899182926096,7.47700783665297,1.0,0.0,0.0,0.0,1.0,0.0
14,25,11.71491632152341,0.0,0.0,1.0,0.0,1.0,0.0,1.0
15,25,10.72170475991523,6.209861368472766,1.0,1.0,0.0,0.0,1.0,1.0
16,25,11.667884456045266,1.2983058985778908,0.0,0.0,1.0,0.0,1.0,0.0
17,25,5.644220059467526,8.776147948708267,1.0,1.0,0.0,1.0,0.0,0.0
18,25,6.652251895621166,2.211507569675512,1.0,0.0,0.0,1.0,0.0,0.0
19,25,3.0867866630474023,2.51083031244854,0.0,0.0,0.0,0.0,0.0,0.0
20,25,7.182979708670637,2.8336018106076755,0.0,1.0,1.0,1.0,1.0,0.0
21,25,4.071005067641969,2.189661582362211,1.0,1.0,0.0,1.0,1.0,0.0
22,25,12.0,7.038582153508667,1.0,1.0,0.0,0.0,0.0,1.0
23,25,3.94676037857243,11.117858092709136,0.0,0.0,0.0,0.0,0.0,1.0
24,25,5.375402288406592,8.8376077167313,0.0,0.0,1.0,0.0,1.0,0.0
25,25,1.8524252199259204,11.751443487456427,1.0,0.0,1.0,0.0,1.0,0.0
26,25,12.0,8.802408729212555,0.0,0.0,0.0,1.0,1.0,0.0
27,25,1.1380411329941054,8.447931466595506,0.0,0.0,0.0,0.0,0.0,0.0
28,25,2.160258054715324,5.02633758968248,1.0,0.0,0.0,0.0,1.0,0.0
29,25,6.378614349856144,8.397708452875763,0.0,0.0,1.0,0.0,1.0,1.0
30,25,6.750545443856268,2.164190493350336,0.0,0.0,1.0,0.0,0.0,0.0
31,25,3.1694097242302224,2.3120605669546577,0.0,1.0,0.0,0.0,1.0,0.0
32,25,8.078657849829703,7.329486299229521,1.0,1.0,1.0,0.0,1.0,1.0
33,25,5.85805166227478,6.783908069360373,1.0,1.0,1.0,1.0,0.0,0.0
34,25,10.452431408665715,6.614990159841044,0.0,1.0,0.0,0.0,0.0,0.0
35,25,2.215008702631096,0.0,0.0,0.0,0.0,1.0,1.0,0.0
36,25,11.78268063991926,7.046161083681843,1.0,1.0,1.0,0.0,0.0,0.0
37,25,6.376386500862909,10.878732190484362,0.0,0.0,0.0,0.0,0.0,1.0
38,25,3.620508279657383,0.1619242214403312,0.0,1.0,0.0,0.0,1.0,0.0
39,25,3.249817211533795,4.570753372609583,0.0,0.0,0.0,0.0,1.0,0.0
0,30,5.324270009090262,3.2852847522460453,1.0,0.0,1.0,0.0,1.0,0.0
1,30,9.23692820406405,6.937651228687996,0.0,1.0,0.0,0.0,0.0,0.0
2,30,11.442837370687398,11.19853182451457,0.0,0.0,1.0,0.0,0.0,1.0
3,30,10.244499306458666,2.8784203408871964,1.0,0.0,1.0,1.0,0.0,0.0
4,30,12.0,2.1131678343473794,0.0,0.0,1.0,1.0,0.0,1.0
5,30,10.069713112403557,3.937076630597384,0.0,1.0,0.0,0.0,0.0,1.0
6,30,9.45532188388735,2.64696381343227,0.0,1.0,1.0,0.0,1.0,0.0
7,30,5.2767162228735325,8.229503241119142,1.0,0.0,1.0,0.0,1.0,0.0
8,30,10.169016223977229,2.6364096803721173,0.0,0.0,0.0,0.0,0.0,0.0
9,30,5.3965478890762375,1.9870598575472336,0.0,0.0,0.0,0.0,1.0,0.0
10,30,5.201510863489053,3.540944322369992,1.0,1.0,1.0,0.0,0.0,0.0
11,30,3.0462446236296734,10.71253713266089,1.0,0.0,0.0,0.0,0.0,1.0
12,30,10.802693211013828,0.5674328078928101,0.0,1.0,1.0,0.0,1.0,0.0
13,30,2.6043702617387727,7.606168292839641,1.0,0.0,0.0,0.0,1.0,0.0
14,30,11.6776725458067,0.0,0.0,1.0,0.0,1.0,0.0,1.0
15,30,10.671344027803777,6.247168741059253,1.0,1.0,0.0,0.0,1.0,1.0
16,30,11.829406687049133,1.3700132528165272,0.0,0.0,1.0,0.0,1.0,0.0
17,30,5.5979869475363815,8.747000967638904,1.0,1.0,0.0,1.0,0.0,0.0
18,30,6.585422217354769,2.2488041567738963,1.0,0.0,0.0,1.0,0.0,0.0
19,30,3.0975103516470246,2.5657093458915656,0.0,0.0,0.0,0.0,0.0,0.0
20,30,7.204846082968808,2.8132747668279365,0.0,1.0,1.0,1.0,1.0,0.0
21,30,4.077069636695192,2.204323491413406,1.0,1.0,0.0,1.0,1.0,0.0
22,30,12.0,7.045405417368548,1.0,1.0,0.0,0.0,0.0,1.0
23,30,3.907671378454035,11.121092662380768,0.0,0.0,0.0,0.0,0.0,1.0
24,30,5.4443986423213495,8.73520003060758,0.0,0.0,1.0,0.0,1.0,0.0
25,30,1.8220732715332333,11.70595261470713,1.0,0.0,1.0,0.0,1.0,0.0
26,30,12.0,8.758767164898295,0.0,0.0,0.0,1.0,1.0,0.0
27,30,1.1593828460698152,8.524573661156651,0.0,0.0,0.0,0.0,0.0,0.0
28,30,2.159520401558192,5.026223601753049,1.0,0.0,0.0,0.0,1.0,0.0
29,30,6.440873022979605,8.461949973588325,0.0,0.0,1.0,0.0,1.0,1.0
30,30,6.697521010181919,2.2027455854546414,0.0,0.0,1.0,0.0,0.0,0.0
31,30,3.192889751798175,2.357224169054565,0.0,1.0,0.0,0.0,1.0,0.0
32,30,8.107572009925628,7.369061248696955,1.0,1.0,1.0,0.0,1.0,1.0
33,30,5.7931577457902,6.770812763495643,1.0,1.0,1.0,1.0,0.0,0.0
34,30,10.560680687173782,6.5231984138394425,0.0,1.0,0.0,0.0,0.0,0.0
35,30,2.24227642538583,0.0,0.0,0.0,0.0,1.0,1.0,0.0
36,30,11.728210943632412,7.055223131298772,1.0,1.0,1.0,0.0,0.0,0.0
37,30,6.44354940677092,10.85816163882595,0.0,0.0,0.0,0.0,0.0,1.0
38,30,3.5176550055424443,0.2060900203226473,0.0,1.0,0.0,0.0,1.0,0.0
39,30,3.2776830275280635,4.518552096898628,0.0,0.0,0.0,0.0,1.0,0.0
0,35,5.396696011595519,3.3472361251277185,1.0,0.0,1.0,0.0,1.0,0.0
1,35,9.248259255630538,6.934815925450512,0.0,1.0,0.0,0.0,0.0,0.0
2,35,11.508600522094516,11.233594675043348,0.0,0.0,1.0,0.0,0.0,1.0
3,35,10.29861176807359,2.9220606989598163,1.0,0.0,1.0,1.0,0.0,0.0
4,35,12.0,2.142034896551176,0.0,0.0,1.0,1.0,0.0,1.0
5,35,10.085766260464712,3.923287244534488,0.0,1.0,0.0,0.0,0.0,1.0
6,35,9.499198986873171,2.6153468461150147,0.0,1.0,1.0,0.0,1.0,0.0
7,35,5.304276622837023,8.253624483537573,1.0,0.0,1.0,0.0,1.0,0.0
8,35,10.20020481251168,2.56631165170299,0.0,0.0,0.0,0.0,0.0,0.0
9,35,5.449888341781973,2.0238779512914618,0.0,0.0,0.0,0.0,1.0,0.0
10,35,5.227788300179602,3.4756338658002712,1.0,1.0,1.0,0.0,0.0,0.0
11,35,3.0984581007201304,10.702772638414167,1.0,0.0,0.0,0.0,0.0,1.0
12,35,10.775472831937604,0.5110491124649719,0.0,1.0,1.0,0.0,1.0,0.0
13,35,2.513939957545263,7.739628555885946,1.0,0.0,0.0,0.0,1.0,0.0
14,35,11.642531179964392,0.0,0.0,1.0,0.0,1.0,0.0,1.0
15,35,10.627049386497598,6.27866072134486,1.0,1.0,0.0,0.0,1.0,1.0
16,35,11.977663391935918,1.439023571312823,0.0,0.0,1.0,0.0,1.0,0.0
17,35,5.543734157754032,8.712993340789126,1.0,1.0,0.0,1.0,0.0,0.0
18,35,6.518827077358017,2.28470263913692,1.0,0.0,0.0,1.0,0.0,0.0
19,35,3.11012255986541,2.629850598389405,0.0,0.0,0.0,0.0,0.0,0.0
20,35,7.224436513807023,2.7948383802326737,0.0,1.0,1.0,1.0,1.0,0.0
21,35,4.080309036739581,2.2121368512473576,1.0,1.0,0.0,1.0,1.0,0.0
22,35,12.0,7.0511692132355925,1.0,1.0,0.0,0.0,0.0,1.0
23,35,3.898487709967229,11.121949365161134,0.0,0.0,0.0,0.0,0.0,1.0
24,35,5.523057667865153,8.6092594471796,0.0,0.0,1.0,0.0,1.0,0.0
25,35,1.7800808066014684,11.643098758900337,1.0,0.0,1.0,0.0,1.0,0.0
26,35,12.0,8.715811757478965,0.0,0.0,0.0,1.0,1.0,0.0
27,35,1.1830349054635392,8.612597409942193,0.0,0.0,0.0,0.0,0.0,0.0
28,35,2.1411206700533043,5.023025443033966,1.0,0.0,0.0,0.0,1.0,0.0
29,35,6.51149881039421,8.53533612243252,0.0,0.0,1.0,0.0,1.0,1.0
30,35,6.645981798000559,2.2395541266995984,0.0,0.0,1.0,0.0,0.0,0.0
31,35,3.2081254849660623,2.386368732517047,0.0,1.0,0.0,0.0,1.0,0.0
32,35,8.129030048274355,7.397736603188821,1.0,1.0,1.0,0.0,1.0,1.0
33,35,5.711123743622735,6.7561034418039885,1.0,1.0,1.0,1.0,0.0,0.0
34,35,10.676446512550454,6.420116446477387,0.0,1.0,0.0,0.0,0.0,0.0
35,35,2.2666374018033766,0.0,0.0,0.0,0.0,1.0,1.0,0.0
36,35,11.672873961401155,7.065134336800496,1.0,1.0,1.0,0.0,0.0,0.0
37,35,6.50034767065124,10.842009085602925,0.0,0.0,0.0,0.0,0.0,1.0
38,35,3.4169890512617904,0.2482983710704393,0.0,1.0,0.0,0.0,1.0,0.0
39,35,3.307355694992541,4.462249153280498,0.0,0.0,0.0,0.0,1.0,0.0
0,40,5.466875185609204,3.4063530318806823,1.0,0.0,1.0,0.0,1.0,0.0
1,40,9.269145877316513,6.92901858365415,0.0,1.0,0.0,0.0,0.0,0.0
2,40,11.567293431685256,11.262345010014046,0.0,0.0,1.0,0.0,0.0,1.0
3,40,10.354924748097346,2.969684871242531,1.0,0.0,1.0,1.0,0.0,0.0
4,40,12.0,2.1698577799900987,0.0,0.0,1.0,1.0,0.0,1.0
5,40,10.09162957411719,3.918373037945375,0.0,1.0,0.0,0.0,0.0,1.0
6,40,9.535860747353205,2.5885337016287777,0.0,1.0,1.0,0.0,1.0,0.0
7,40,5.324927362748954,8.271733722790318,1.0,0.0,1.0,0.0,1.0,0.0
8,40,10.22318255505149,2.512497342198919,0.0,0.0,0.0,0.0,0.0,0.0
9,40,5.5003406409260815,2.059469168380547,0.0,0.0,0.0,0.0,1.0,0.0
10,40,5.258721129279287,3.400192459155399,1.0,1.0,1.0,0.0,0.0,0.0
11,40,3.1340269215474343,10.695764431135569,1.0,0.0,0.0,0.0,0.0,1.0
12,40,10.747772034644996,0.4538040743098679,0.0,1.0,1.0,0.0,1.0,0.0
13,40,2.423544002332521,7.873301698376546,1.0,0.0,0.0,0.0,1.0,0.0
14,40,11.635334622908095,0.0,0.0,1.0,0.0,1.0,0.0,1.0
15,40,10.587258364049468,6.307870432652599,1.0,1.0,0.0,0.0,1.0,1.0
16,40,12.0,1.5021573936878183,0.0,0.0,1.0,0.0,1.0,0.0
17,40,5.502621495704785,8.68549793928651,1.0,1.0,0.0,1.0,0.0,0.0
18,40,6.456467122233736,2.3193110745126355,1.0,0.0,0.0,1.0,0.0,0.0
19,40,3.1298668329104617,2.7145349372580445,0.0,0.0,0.0,0.0,0.0,0.0
20,40,7.244923838421424,2.774900408943464,0.0,1.0,1.0,1.0,1.0,0.0
21,40,4.087286911395267,2.2278939639817232,1.0,1.0,0.0,1.0,1.0,0.0
22,40,12.0,7.058320391410677,1.0,1.0,0.0,0.0,0.0,1.0
23,40,3.876496115140999,11.124505573453323,0.0,0.0,0.0,0.0,0.0,1.0
24,40,5.61113934356504,8.47754923737807,0.0,0.0,1.0,0.0,1.0,0.0
25,40,1.7423786604050044,11.586213946927469,1.0,0.0,1.0,0.0,1.0,0.0
26,40,12.0,8.679597021996383,0.0,0.0,0.0,1.0,1.0,0.0
27,40,1.2052474353343194,8.696256012219271,0.0,0.0,0.0,0.0,0.0,0.0
28,40,2.123438385047332,5.0197601447348585,1.0,0.0,0.0,0.0,1.0,0.0
29,40,6.588745834249165,8.612509794563234,0.0,0.0,1.0,0.0,1.0,1.0
30,40,6.589159322441168,2.280137167062584,0.0,0.0,1.0,0.0,0.0,0.0
31,40,3.2134832977060004,2.39650064567664,0.0,1.0,0.0,0.0,1.0,0.0
32,40,8.16762110845246,7.449404450806316,1.0,1.0,1.0,0.0,1.0,1.0
33,40,5.632674953316505,6.7414246362254335,1.0,1.0,1.0,1.0,0.0,0.0
34,40,10.795311262948507,6.314536161257381,0.0,1.0,0.0,0.0,0.0,0.0
35,40,2.2915409753785525,0.0,0.0,0.0,0.0,1.0,1.0,0.0
36,40,11.613060409234585,7.076555463649586,1.0,1.0,1.0,0.0,0.0,0.0
37,40,6.559000705844892,10.826021309508883,0.0,0.0,0.0,0.0,0.0,1.0
38,40,3.333016294187344,0.2829633371157392,0.0,1.0,0.0,0.0,1.0,0.0
39,40,3.3422292615769216,4.393824500821303,0.0,0.0,0.0,0.0,1.0,0.0
0,45,5.546608805476318,3.475784261144836,1.0,0.0,1.0,0.0,1.0,0.0
1,45,9.284532304007897,6.92500378116833,0.0,1.0,0.0,0.0,0.0,0.0
2,45,11.595656794406846,11.277301794731336,0.0,0.0,1.0,0.0,0.0,1.0
3,45,10.409569856395532,3.016473636770686,1.0,0.0,1.0,1.0,0.0,0.0
4,45,12.0,2.204305174216341,0.0,0.0,1.0,1.0,0.0,1.0
5,45,10.092067780052009,3.918006304629069,0.0,1.0,0.0,0.0,0.0,1.0
6,45,9.565443041867349,2.566534484615683,0.0,1.0,1.0,0.0,1.0,0.0
7,45,5.3517684849437925,8.296557851557907,1.0,0.0,1.0,0.0,1.0,0.0
8,45,10.24679175494358,2.458158760291909,0.0,0.0,0.0,0.0,0.0,0.0
9,45,5.5342757190489,2.084350536908677,0.0,0.0,0.0,0.0,1.0,0.0
10,45,5.286145314542793,3.336000473469346,1.0,1.0,1.0,0.0,0.0,0.0
11,45,3.18294553959989,10.685370946031275,1.0,0.0,0.0,0.0,0.0,1.0
12,45,10.712795186315889,0.3873997146708841,0.0,1.0,1.0,0.0,1.0,0.0
13,45,2.3339589813381285,8.006550090183323,1.0,0.0,0.0,0.0,1.0,0.0
14,45,11.603820941821636,0.0,0.0,1.0,0.0,1.0,0.0,1.0
15,45,10.551281627680613,6.334213401073557,1.0,1.0,0.0,0.0,1.0,1.0
16,45,12.0,1.5709698099341924,0.0,0.0,1.0,0.0,1.0,0.0
17,45,5.477788480162093,8.668758638379714,1.0,1.0,0.0,1.0,0.0,0.0
18,45,6.380259220105548,2.3590789476502234,1.0,0.0,0.0,1.0,0.0,0.0
19,45,3.143291228908582,2.786781046825188,0.0,0.0,0.0,0.0,0.0,0.0
20,45,7.25153412634689,2.7683200751131505,0.0,1.0,1.0,1.0,1.0,0.0
21,45,4.094524715285294,2.245714302736796,1.0,1.0,0.0,1.0,1.0,0.0
22,45,12.0,7.0617339405553485,1.0,1.0,0.0,0.0,0.0,1.0
23,45,3.869926642460053,11.125482700268604,0.0,0.0,0.0,0.0,0.0,1.0
24,45,5.696982233255057,8.345618956285994,0.0,0.0,1.0,0.0,1.0,0.0
25,45,1.7038691406663684,11.52916913461306,1.0,0.0,1.0,0.0,1.0,0.0
26,45,12.0,8.638577146334717,0.0,0.0,0.0,1.0,1.0,0.0
27,45,1.2255299245400588,8.772133862280837,0.0,0.0,0.0,0.0,0.0,0.0
28,45,2.091427805100385,5.0140655337525954,1.0,0.0,0.0,0.0,1.0,0.0
29,45,6.654485070441327,8.681127619532257,0.0,0.0,1.0,0.0,1.0,1.0
30,45,6.534452405215555,2.3207824733017923,0.0,0.0,1.0,0.0,0.0,0.0
31,45,3.213615534444525,2.3967617097006886,0.0,1.0,0.0,0.0,1.0,0.0
32,45,8.213216274414172,7.510674082061422,1.0,1.0,1.0,0.0,1.0,1.0
33,45,5.564015120343772,6.728157588022204,1.0,1.0,1.0,1.0,0.0,0.0
34,45,10.921178133543735,6.201448102615513,0.0,1.0,0.0,0.0,0.0,0.0
35,45,2.3113331270646373,0.0,0.0,0.0,0.0,1.0,1.0,0.0
36,45,11.5500492695515,7.088324557232918,1.0,1.0,1.0,0.0,0.0,0.0
37,45,6.619686639831299,10.810201674868928,0.0,0.0,0.0,0.0,0.0,1.0
38,45,3.252428176842092,0.3175945848328335,0.0,1.0,0.0,0.0,1.0,0.0
39,45,3.377975953816807,4.325871046588298,0.0,0.0,0.0,0.0,1.0,0.0
0,50,5.631500662541495,3.548090585777834,1.0,0.0,1.0,0.0,1.0,0.0
1,50,9.306113430509363,6.919295956726719,0.0,1.0,0.0,0.0,0.0,0.0
2,50,11.62806119322595,11.294701943802044,0.0,0.0,1.0,0.0,0.0,1.0
3,50,10.462155118771951,3.0606947306141308,1.0,0.0,1.0,1.0,0.0,0.0
4,50,12.0,2.2456296727143257,0.0,0.0,1.0,1.0,0.0,1.0
5,50,10.097207882590943,3.9138108019159623,0.0,1.0,0.0,0.0,0.0,1.0
6,50,9.59805973025574,2.5428567747369057,0.0,1.0,1.0,0.0,1.0,0.0
7,50,5.387209638104631,8.329554448761105,1.0,0.0,1.0,0.0,1.0,0.0
8,50,10.270599046758392,2.405692120206289,0.0,0.0,0.0,0.0,0.0,0.0
9,50,5.54152668831302,2.0898075649218537,0.0,0.0,0.0,0.0,1.0,0.0
10,50,5.309816064207753,3.280242502674013,1.0,1.0,1.0,0.0,0.0,0.0
11,50,3.232850206697224,10.675604895797909,1.0,0.0,0.0,0.0,0.0,1.0
12,50,10.67007898014504,0.3123982850975042,0.0,1.0,1.0,0.0,1.0,0.0
13,50,2.242431949908162,8.14514708727304,1.0,0.0,0.0,0.0,1.0,0.0
14,50,11.574504484548337,0.0,0.0,1.0,0.0,1.0,0.0,1.0
15,50,10.53252030916821,6.348079937670405,1.0,1.0,0.0,0.0,1.0,1.0
16,50,12.0,1.6237485832552627,0.0,0.0,1.0,0.0,1.0,0.0
17,50,5.446196844021773,8.645548739353902,1.0,1.0,0.0,1.0,0.0,0.0
18,50,6.281586877367302,2.40749401664628,1.0,0.0,0.0,1.0,0.0,0.0
19,50,3.15915811949575,2.871105173564364,0.0,0.0,0.0,0.0,0.0,0.0
20,50,7.257921292658939,2.762108375145846,0.0,1.0,1.0,1.0,1.0,0.0
21,50,4.09249443197222,2.2406075536191272,1.0,1.0,0.0,1.0,1.0,0.0
22,50,12.0,7.066095909353261,1.0,1.0,0.0,0.0,0.0,1.0
23,50,3.8942142967352873,11.1218571499161,0.0,0.0,0.0,0.0,0.0,1.0
24,50,5.78161536151949,8.204728029915957,0.0,0.0,1.0,0.0,1.0,0.0
25,50,1.658599469840436,11.460137367832656,1.0,0.0,1.0,0.0,1.0,0.0
26,50,12.0,8.597118854376964,0.0,0.0,0.0,1.0,1.0,0.0
27,50,1.245713255086194,8.853721215569754,0.0,0.0,0.0,0.0,0.0,0.0
28,50,2.0448645204454494,5.00588009746315,1.0,0.0,0.0,0.0,1.0,0.0
29,50,6.7312779520006325,8.608795410777603,0.0,0.0,1.0,0.0,1.0,1.0
30,50,6.481837698476357,2.3592228909883337,0.0,0.0,1.0,0.0,0.0,0.0
31,50,3.200782638930699,2.3710346991104783,0.0,1.0,0.0,0.0,1.0,0.0
32,50,8.264873739889703,7.5790604154558,1.0,1.0,1.0,0.0,1.0,1.0
33,50,5.482156728380103,6.714243884656998,1.0,1.0,1.0,1.0,0.0,0.0
34,50,11.052138491704593,6.077956071783654,0.0,1.0,0.0,0.0,0.0,0.0
35,50,2.3376128423045506,0.0,0.0,0.0,0.0,1.0,1.0,0.0
36,50,11.473651128499334,7.101467636252932,1.0,1.0,1.0,0.0,0.0,0.0
37,50,6.662607210269213,10.79877819402572,0.0,0.0,0.0,0.0,0.0,1.0
38,50,3.1833108951538387,0.3487625073688846,0.0,1.0,0.0,0.0,1.0,0.0
39,50,3.424096664754796,4.236772384286327,0.0,0.0,0.0,0.0,1.0,0.0
0,55,5.7164004654663465,3.620674454616354,1.0,0.0,1.0,0.0,1.0,0.0
1,55,9.32553208938672,6.913135072755083,0.0,1.0,0.0,0.0,0.0,0.0
2,55,11.662149123822848,11.314311562894552,0.0,0.0,1.0,0.0,0.0,1.0
3,55,10.506218732454316,3.096598323020362,1.0,0.0,1.0,1.0,0.0,0.0
4,55,12.0,2.2891082949761303,0.0,0.0,1.0,1.0,0.0,1.0
5,55,10.101342674397532,3.910571985428981,0.0,1.0,0.0,0.0,0.0,1.0
6,55,9.617879942178453,2.528488037435492,0.0,1.0,1.0,0.0,1.0,0.0
7,55,5.431618543853314,8.368413191731044,1.0,0.0,1.0,0.0,1.0,0.0
8,55,10.294688816252162,2.351658077952794,0.0,0.0,0.0,0.0,0.0,0.0
9,55,5.539996644766994,2.088629975152917,0.0,0.0,0.0,0.0,1.0,0.0
10,55,5.341436008468778,3.202796718100894,1.0,1.0,1.0,0.0,0.0,0.0
11,55,3.3055131583843003,10.661660729348949,1.0,0.0,0.0,0.0,0.0,1.0
12,55,10.623564635924977,0.2322293324658045,0.0,1.0,1.0,0.0,1.0,0.0
13,55,2.143378158195889,8.293639509845347,1.0,0.0,0.0,0.0,1.0,0.0
14,55,11.544436712811248,0.0,0.0,1.0,0.0,1.0,0.0,1.0
15,55,10.508835122132508,6.365579394423683,1.0,1.0,0.0,0.0,1.0,1.0
16,55,12.0,1.6740738084107745,0.0,0.0,1.0,0.0,1.0,0.0
17,55,5.435669139357417,8.660050307706918,1.0,1.0,0.0,1.0,0.0,0.0
18,55,6.187139294666442,2.449613102833958,1.0,0.0,0.0,1.0,0.0,0.0
19,55,3.174973657052562,2.9496188469339533,0.0,0.0,0.0,0.0,0.0,0.0
20,55,7.271174102030206,2.749084411761474,0.0,1.0,1.0,1.0,1.0,0.0
21,55,4.091610609664052,2.238636736898303,1.0,1.0,0.0,1.0,1.0,0.0
22,55,12.0,7.071115790527781,1.0,1.0,0.0,0.0,0.0,1.0
23,55,3.918503639207565,11.11758864478809,0.0,0.0,0.0,0.0,0.0,1.0
24,55,5.865898181188754,8.064186890988552,0.0,0.0,1.0,0.0,1.0,0.0
25,55,1.6043174408085497,11.373796922794442,1.0,0.0,1.0,0.0,1.0,0.0
26,55,12.0,8.548045259564507,0.0,0.0,0.0,1.0,1.0,0.0
27,55,1.2645766832388878,8.927144762726952,0.0,0.0,0.0,0.0,0.0,0.0
28,55,1.9983024619893688,4.99717361512803,1.0,0.0,0.0,0.0,1.0,0.0
29,55,6.793922797586051,8.54711783644661,0.0,0.0,1.0,0.0,1.0,1.0
30,55,6.416542039648203,2.406153145023433,0.0,0.0,1.0,0.0,0.0,0.0
31,55,3.1896847443975007,2.348917394399422,0.0,1.0,0.0,0.0,1.0,0.0
32,55,8.317604759872985,7.644896278432994,1.0,1.0,1.0,0.0,1.0,1.0
33,55,5.414028231779176,6.702563417021205,1.0,1.0,1.0,1.0,0.0,0.0
34,55,11.188269562695112,5.954530976084483,0.0,1.0,0.0,0.0,0.0,0.0
35,55,2.3643436849392296,0.0,0.0,0.0,0.0,1.0,1.0,0.0
36,55,11.370288635376095,7.119773298051696,1.0,1.0,1.0,0.0,0.0,0.0
37,55,6.716040568513422,10.783540561884651,0.0,0.0,0.0,0.0,0.0,1.0
38,55,3.1471178341283306,0.3662016536005819,0.0,1.0,0.0,0.0,1.0,0.0
39,55,3.4651322912576576,4.156601907829948,0.0,0.0,0.0,0.0,1.0,0.0
0,60,5.79426229312572,3.690353676683062,1.0,0.0,1.0,0.0,1.0,0.0
1,60,9.339805410023285,6.908880355859386,0.0,1.0,0.0,0.0,0.0,0.0
2,60,11.695626276063464,11.333066614070042,0.0,0.0,1.0,0.0,0.0,1.0
3,60,10.55471971844346,3.137924682084231,1.0,0.0,1.0,1.0,0.0,0.0
4,60,12.0,2.3191118069213537,0.0,0.0,1.0,1.0,0.0,1.0
5,60,10.100070344899844,3.9115626003794617,0.0,1.0,0.0,0.0,0.0,1.0
6,60,9.62652697903378,2.521862739052403,0.0,1.0,1.0,0.0,1.0,0.0
7,60,5.468788865760696,8.40037389634217,1.0,0.0,1.0,0.0,1.0,0.0
8,60,10.320438271412447,2.2921188484008934,0.0,0.0,0.0,0.0,0.0,0.0
9,60,5.54016470424686,2.088757124466456,0.0,0.0,0.0,0.0,1.0,0.0
10,60,5.271358884667996,3.171813695978257,1.0,1.0,1.0,0.0,0.0,0.0
11,60,3.388263554232539,10.646277756957684,1.0,0.0,0.0,0.0,0.0,1.0
12,60,10.56821951104686,0.1412145010003969,0.0,1.0,1.0,0.0,1.0,0.0
13,60,2.0277945391561563,8.455788247188487,1.0,0.0,0.0,0.0,1.0,0.0
14,60,11.486379593806484,0.0,0.0,1.0,0.0,1.0,0.0,1.0
15,60,10.461239234790227,6.401101894790649,1.0,1.0,0.0,0.0,1.0,1.0
16,60,12.0,1.7218880280489852,0.0,0.0,1.0,0.0,1.0,0.0
17,60,5.432065249547569,8.665049552467343,1.0,1.0,0.0,1.0,0.0,0.0
18,60,6.105099489731705,2.4864625979528885,1.0,0.0,0.0,1.0,0.0,0.0
19,60,3.1885068308828424,3.0245319495203984,0.0,0.0,0.0,0.0,0.0,0.0
20,60,7.290349574182259,2.729669913616622,0.0,1.0,1.0,1.0,1.0,0.0
21,60,4.092089248028017,2.239778907133337,1.0,1.0,0.0,1.0,1.0,0.0
22,60,12.0,7.075796611294365,1.0,1.0,0.0,0.0,0.0,1.0
23,60,3.944729754362914,11.113207833337434,0.0,0.0,0.0,0.0,0.0,1.0
24,60,5.951858691296616,7.924029408979829,0.0,0.0,1.0,0.0,1.0,0.0
25,60,1.5459104776324002,11.282238144396288,1.0,0.0,1.0,0.0,1.0,0.0
26,60,12.0,8.509417418944254,0.0,0.0,0.0,1.0,1.0,0.0
27,60,1.2813200144953478,8.99514616202024,0.0,0.0,0.0,0.0,0.0,0.0
28,60,1.9512468792910351,4.987633438716755,1.0,0.0,0.0,0.0,1.0,0.0
29,60,6.847642339884623,8.497074105620163,0.0,0.0,1.0,0.0,1.0,1.0
30,60,6.370261025632916,2.4388557358682807,0.0,0.0,1.0,0.0,0.0,0.0
31,60,3.171273767967514,2.3123210367116145,0.0,1.0,0.0,0.0,1.0,0.0
32,60,8.373502262186182,7.713922917213136,1.0,1.0,1.0,0.0,1.0,1.0
33,60,5.348843867271805,6.69099433811047,1.0,1.0,1.0,1.0,0.0,0.0
34,60,11.330893420908676,5.822629282736052,0.0,1.0,0.0,0.0,0.0,0.0
35,60,2.374676492154836,0.0,0.0,0.0,0.0,1.0,1.0,0.0
36,60,11.271777436489794,7.137246447317687,1.0,1.0,1.0,0.0,0.0,0.0
37,60,6.776156856247363,10.76796631652849,0.0,0.0,0.0,0.0,0.0,1.0
38,60,3.1681806583057903,0.4106562915017959,0.0,1.0,0.0,0.0,1.0,0.0
39,60,3.50841994072847,4.073251827587104,0.0,0.0,0.0,0.0,1.0,0.0
0,65,5.873359074907704,3.759970812667793,1.0,0.0,1.0,0.0,1.0,0.0
1,65,9.360330127395144,6.9027847798158986,0.0,1.0,0.0,0.0,0.0,0.0
2,65,11.740195075867248,11.357576919404918,0.0,0.0,1.0,0.0,0.0,1.0
3,65,10.614319151672534,3.1874660258350684,1.0,0.0,1.0,1.0,0.0,0.0
4,65,12.0,2.352038619775254,0.0,0.0,1.0,1.0,0.0,1.0
5,65,10.105436477457395,3.9074506550372448,0.0,1.0,0.0,0.0,0.0,1.0
6,65,9.623496489618717,2.524100602792944,0.0,1.0,1.0,0.0,1.0,0.0
7,65,5.498503984905444,8.424503529702765,1.0,0.0,1.0,0.0,1.0,0.0
8,65,10.344783040728665,2.230779501962779,0.0,0.0,0.0,0.0,0.0,0.0
9,65,5.544622396941573,2.092066659045276,0.0,0.0,0.0,0.0,1.0,0.0
10,65,5.2060762939663565,3.1428365251431893,1.0,1.0,1.0,0.0,0.0,0.0
11,65,3.4793449748459206,10.627607554656624,1.0,0.0,0.0,0.0,0.0,1.0
12,65,10.517999849287374,0.0564347704032729,0.0,1.0,1.0,0.0,1.0,0.0
13,65,1.9054077687046505,8.61909426828107,1.0,0.0,0.0,0.0,1.0,0.0
14,65,11.45353830245777,0.0587069952079075,0.0,1.0,0.0,1.0,0.0,1.0
15,65,10.425755950228089,6.427772415838339,1.0,1.0,0.0,0.0,1.0,1.0
16,65,12.0,1.761084740333766,0.0,0.0,1.0,0.0,1.0,0.0
17,65,5.429585012752851,8.668531757835915,1.0,1.0,0.0,1.0,0.0,0.0
18,65,6.025638408601583,2.519983601970275,1.0,0.0,0.0,1.0,0.0,0.0
19,65,3.1981970851904067,3.0905166793277274,0.0,0.0,0.0,0.0,0.0,0.0
20,65,7.303424201087629,2.7167379759185826,0.0,1.0,1.0,1.0,1.0,0.0
21,65,4.100186093982875,2.261450093446497,1.0,1.0,0.0,1.0,1.0,0.0
22,65,12.0,7.081993538184226,1.0,1.0,0.0,0.0,0.0,1.0
23,65,3.9863993783394736,11.107537916026184,0.0,0.0,0.0,0.0,0.0,1.0
24,65,6.033909119902972,7.794734382663805,0.0,0.0,1.0,0.0,1.0,0.0
25,65,1.4984036605638305,11.213225822262311,1.0,0.0,1.0,0.0,1.0,0.0
26,65,12.0,8.488797543011273,0.0,0.0,0.0,1.0,1.0,0.0
27,65,1.2966937327075871,9.053195726740624,0.0,0.0,0.0,0.0,0.0,0.0
28,65,1.9331657952668004,4.984045222606477,1.0,0.0,0.0,0.0,1.0,0.0
29,65,6.885693610433503,8.46054092641565,0.0,0.0,1.0,0.0,1.0,1.0
30,65,6.329377784857078,2.468040805013666,0.0,0.0,1.0,0.0,0.0,0.0
31,65,3.156522035993928,2.2843903315477143,0.0,1.0,0.0,0.0,1.0,0.0
32,65,8.43987313018127,7.789385970600776,1.0,1.0,1.0,0.0,1.0,1.0
33,65,5.276979953336654,6.679615896742219,1.0,1.0,1.0,1.0,0.0,0.0
34,65,11.474125080591763,5.689307161569343,0.0,1.0,0.0,0.0,0.0,0.0
35,65,2.3966422595844974,0.0,0.0,0.0,0.0,1.0,1.0,0.0
36,65,11.165201137290012,7.157524723415964,1.0,1.0,1.0,0.0,0.0,0.0
37,65,6.840140489829683,10.752718695780796,0.0,0.0,0.0,0.0,0.0,1.0
38,65,3.1896268996343515,0.455104456751536,0.0,1.0,0.0,0.0,1.0,0.0
39,65,3.557843282398089,3.970918761932605,0.0,0.0,0.0,0.0,1.0,0.0
0,70,5.957879538841863,3.8393228801010166,1.0,0.0,1.0,0.0,1.0,0.0
1,70,9.38747556989624,6.8956846667690925,0.0,1.0,0.0,0.0,0.0,0.0
2,70,11.801742926661175,11.39288465799344,0.0,0.0,1.0,0.0,0.0,1.0
3,70,10.665117107666784,3.233946819735648,1.0,0.0,1.0,1.0,0.0,0.0
4,70,12.0,2.400801434424746,0.0,0.0,1.0,1.0,0.0,1.0
5,70,10.109363342870378,3.904445479175621,0.0,1.0,0.0,0.0,0.0,1.0
6,70,9.612308511483889,2.531950343154159,0.0,1.0,1.0,0.0,1.0,0.0
7,70,5.535462887198801,8.454608091318786,1.0,0.0,1.0,0.0,1.0,0.0
8,70,10.371419674503192,2.1630080562610208,0.0,0.0,0.0,0.0,0.0,0.0
9,70,5.563062790175066,2.1060562164457077,0.0,0.0,0.0,0.0,1.0,0.0
10,70,5.131824430180709,3.112026583080799,1.0,1.0,1.0,0.0,0.0,0.0
11,70,3.5708531076040093,10.607164852815297,1.0,0.0,0.0,0.0,0.0,1.0
12,70,10.467223145757448,0.0,0.0,1.0,1.0,0.0,1.0,0.0
13,70,1.7875713958351942,8.784320159525043,1.0,0.0,0.0,0.0,1.0,0.0
14,70,11.417641065455594,0.1256439216136373,0.0,1.0,0.0,1.0,0.0,1.0
15,70,10.375366019761463,6.464980377101281,1.0,1.0,0.0,0.0,1.0,1.0
16,70,12.0,1.8023913821033923,0.0,0.0,1.0,0.0,1.0,0.0
17,70,5.414392492596494,8.688582611173517,1.0,1.0,0.0,1.0,0.0,0.0
18,70,5.937517392878747,2.555857164010796,1.0,0.0,0.0,1.0,0.0,0.0
19,70,3.2065842742608903,3.137995257214833,0.0,0.0,0.0,0.0,0.0,0.0
20,70,7.325378884549125,2.695514875206088,0.0,1.0,1.0,1.0,1.0,0.0
21,70,4.106961021838852,2.2796013206742107,1.0,1.0,0.0,1.0,1.0,0.0
22,70,12.0,7.087450849927286,1.0,1.0,0.0,0.0,0.0,1.0
23,70,4.030254340326961,11.104443256766745,0.0,0.0,0.0,0.0,0.0,1.0
24,70,6.123628259846201,7.657243717002163,0.0,0.0,1.0,0.0,1.0,0.0
25,70,1.4545161230912194,11.151856608901678,1.0,0.0,1.0,0.0,1.0,0.0
26,70,12.0,8.466626016889052,0.0,0.0,0.0,1.0,1.0,0.0
27,70,1.3161716050583492,9.122592297862806,0.0,0.0,0.0,0.0,0.0,0.0
28,70,1.9116410771730568,4.979890995666058,1.0,0.0,0.0,0.0,1.0,0.0
29,70,6.922751418154578,8.423889672052333,0.0,0.0,1.0,0.0,1.0,1.0
30,70,6.289845833447078,2.497092024546479,0.0,0.0,1.0,0.0,0.0,0.0
31,70,3.1475367001816377,2.266787619933982,0.0,1.0,0.0,0.0,1.0,0.0
32,70,8.50397137689765,7.861457329976541,1.0,1.0,1.0,0.0,1.0,1.0
33,70,5.215691916015362,6.671656538392291,1.0,1.0,1.0,1.0,0.0,0.0
34,70,11.6108924763294,5.57327012367285,0.0,1.0,0.0,0.0,0.0,0.0
35,70,2.4293208470552576,0.0,0.0,0.0,0.0,1.0,1.0,0.0
36,70,11.04981617523135,7.181419443571016,1.0,1.0,1.0,0.0,0.0,0.0
37,70,6.912155517176688,10.735719353887902,0.0,0.0,0.0,0.0,0.0,1.0
38,70,3.204171719723715,0.4856067845239945,0.0,1.0,0.0,0.0,1.0,0.0
39,70,3.6027084806531584,3.8718616954419183,0.0,0.0,0.0,0.0,1.0,0.0
0,75,6.067407168900312,3.9385298567644687,1.0,0.0,1.0,0.0,1.0,0.0
1,75,9.436396112301107,6.883284626144445,0.0,1.0,0.0,0.0,0.0,0.0
2,75,11.85535433492172,11.424783369628848,0.0,0.0,1.0,0.0,0.0,1.0
3,75,10.737561055806076,3.3030766426443883,1.0,0.0,1.0,1.0,0.0,0.0
4,75,12.0,2.4676986954820115,0.0,0.0,1.0,1.0,0.0,1.0
5,75,10.106763195855809,3.906447190785874,0.0,1.0,0.0,0.0,0.0,1.0
6,75,9.606448592944256,2.5359620486347074,0.0,1.0,1.0,0.0,1.0,0.0
7,75,5.560465702863892,8.475024945416859,1.0,0.0,1.0,0.0,1.0,0.0
8,75,10.398467888957653,2.099489325435289,0.0,0.0,0.0,0.0,0.0,0.0
9,75,5.564214532250902,2.1069692428083955,0.0,0.0,0.0,0.0,1.0,0.0
10,75,5.043618923478804,3.0745462418352694,1.0,1.0,1.0,0.0,0.0,0.0
11,75,3.55165677064456,10.526939612318332,1.0,0.0,0.0,0.0,0.0,1.0
12,75,10.42023597418721,0.0,0.0,1.0,1.0,0.0,1.0,0.0
13,75,1.663809740711622,8.957450439984003,1.0,0.0,0.0,0.0,1.0,0.0
14,75,11.384394370666085,0.1875131126418341,0.0,1.0,0.0,1.0,0.0,1.0
15,75,10.338079952794008,6.494355059817716,1.0,1.0,0.0,0.0,1.0,1.0
16,75,12.0,1.8419975989487605,0.0,0.0,1.0,0.0,1.0,0.0
17,75,5.407260594098082,8.697997765637853,1.0,1.0,0.0,1.0,0.0,0.0
18,75,5.856307251072634,2.5865385564933265,1.0,0.0,0.0,1.0,0.0,0.0
19,75,3.220777189576301,3.2023797288128826,0.0,0.0,0.0,0.0,0.0,0.0
20,75,7.332606229204038,2.68860385927103,0.0,1.0,1.0,1.0,1.0,0.0
21,75,4.110078403436621,2.2876893582918933,1.0,1.0,0.0,1.0,1.0,0.0
22,75,12.0,7.092995722780638,1.0,1.0,0.0,0.0,0.0,1.0
23,75,4.051743805003041,11.102795940854277,0.0,0.0,0.0,0.0,0.0,1.0
24,75,6.223155779156329,7.499265843766597,0.0,0.0,1.0,0.0,1.0,0.0
25,75,1.41418578871067,11.093137906862877,1.0,0.0,1.0,0.0,1.0,0.0
26,75,12.0,8.437118133267365,0.0,0.0,0.0,1.0,1.0,0.0
27,75,1.3321740212482052,9.17853701802262,0.0,0.0,0.0,0.0,0.0,0.0
28,75,1.9041754274478004,4.978370836287003,1.0,0.0,0.0,0.0,1.0,0.0
29,75,6.9606788256865055,8.385513645459413,0.0,0.0,1.0,0.0,1.0,1.0
30,75,6.250148124893086,2.5256248498914915,0.0,0.0,1.0,0.0,0.0,0.0
31,75,3.129003405171816,2.2307248302928446,0.0,1.0,0.0,0.0,1.0,0.0
32,75,8.560519401713021,7.920829296478273,1.0,1.0,1.0,0.0,1.0,1.0
33,75,5.141983717096339,6.6620340955756845,1.0,1.0,1.0,1.0,0.0,0.0
34,75,11.722798959591575,5.483971615961131,0.0,1.0,0.0,0.0,0.0,0.0
35,75,2.4559401857141148,0.0,0.0,0.0,0.0,1.0,1.0,0.0
36,75,10.91091027352765,7.209217682873668,1.0,1.0,1.0,0.0,0.0,0.0
37,75,6.997788975631893,10.715720528918906,0.0,0.0,0.0,0.0,0.0,1.0
38,75,3.1728403253616526,0.5014199120992702,0.0,1.0,0.0,0.0,1.0,0.0
39,75,3.648617220592135,3.767109523345203,0.0,0.0,0.0,0.0,1.0,0.0
0,80,6.186865357087842,4.049604744106142,1.0,0.0,1.0,0.0,1.0,0.0
1,80,9.499826486751608,6.866359051703775,0.0,1.0,0.0,0.0,0.0,0.0
2,80,11.898221100940791,11.449714733752808,0.0,0.0,1.0,0.0,0.0,1.0
3,80,10.820868968267048,3.386248536644072,1.0,0.0,1.0,1.0,0.0,0.0
4,80,12.0,2.523705384909346,0.0,0.0,1.0,1.0,0.0,1.0
5,80,10.09621855422529,3.91461487822666,0.0,1.0,0.0,0.0,0.0,1.0
6,80,9.61674887122924,2.528691549861636,0.0,1.0,1.0,0.0,1.0,0.0
7,80,5.572943181935944,8.48495040927253,1.0,0.0,1.0,0.0,1.0,0.0
8,80,10.425668708389766,2.033974412830179,0.0,0.0,0.0,0.0,0.0,0.0
9,80,5.565328801104296,2.107862900405141,0.0,0.0,0.0,0.0,1.0,0.0
10,80,4.965296324551213,3.0443306528598484,1.0,1.0,1.0,0.0,0.0,0.0
11,80,3.541123596838504,10.482134656898175,1.0,0.0,0.0,0.0,0.0,1.0
12,80,10.36295843678193,0.0,0.0,1.0,1.0,0.0,1.0,0.0
13,80,1.529412011330475,9.128416355636183,1.0,0.0,0.0,0.0,1.0,0.0
14,80,11.350879184512598,0.2479543391165575,0.0,1.0,0.0,1.0,0.0,1.0
15,80,10.295351932320392,6.526909116152236,1.0,1.0,0.0,0.0,1.0,1.0
16,80,12.0,1.8776318356480872,0.0,0.0,1.0,0.0,1.0,0.0
17,80,5.405057593513232,8.700837360137193,1.0,1.0,0.0,1.0,0.0,0.0
18,80,5.780596789325832,2.6151353102289483,1.0,0.0,0.0,1.0,0.0,0.0
19,80,3.2381916721596484,3.279032274437121,0.0,0.0,0.0,0.0,0.0,0.0
20,80,7.330683393369774,2.6905777569997102,0.0,1.0,1.0,1.0,1.0,0.0
21,80,4.116846870579236,2.303950594190098,1.0,1.0,0.0,1.0,1.0,0.0
22,80,11.996199587955903,7.117493758840106,1.0,1.0,0.0,0.0,0.0,1.0
23,80,4.0727005011603,11.10146195453328,0.0,0.0,0.0,0.0,0.0,1.0
24,80,6.32583105299677,7.340640177473097,0.0,0.0,1.0,0.0,1.0,0.0
25,80,1.3668956454615082,11.01974174296344,1.0,0.0,1.0,0.0,1.0,0.0
26,80,12.0,8.394334915923087,0.0,0.0,0.0,1.0,1.0,0.0
27,80,1.340795744166676,9.21210878327689,0.0,0.0,0.0,0.0,0.0,0.0
28,80,1.8882917250459128,4.975394058211845,1.0,0.0,0.0,0.0,1.0,0.0
29,80,6.997215544761645,8.34699924635295,0.0,0.0,1.0,0.0,1.0,1.0
30,80,6.19257828492658,2.5684629629238533,0.0,0.0,1.0,0.0,0.0,0.0
31,80,3.109356800590402,2.192185862347463,0.0,1.0,0.0,0.0,1.0,0.0
32,80,8.625531555019531,7.991972482370393,1.0,1.0,1.0,0.0,1.0,1.0
33,80,5.069897193883285,6.652914898402081,1.0,1.0,1.0,1.0,0.0,0.0
34,80,11.849342565906955,5.39145196184092,0.0,1.0,0.0,0.0,0.0,0.0
35,80,2.4812534316131583,0.0,0.0,0.0,0.0,1.0,1.0,0.0
36,80,10.756829596509773,7.236661404098242,1.0,1.0,1.0,0.0,0.0,0.0
37,80,7.063847681684642,10.69918386188932,0.0,0.0,0.0,0.0,0.0,1.0
38,80,3.137922141313666,0.519138478982854,0.0,1.0,0.0,0.0,1.0,0.0
39,80,3.690228664447742,3.674573569777028,0.0,0.0,0.0,0.0,1.0,0.0
0,85,6.298971398415974,4.162012649606615,1.0,0.0,1.0,0.0,1.0,0.0
1,85,9.560706578029428,6.847974658820124,0.0,1.0,0.0,0.0,0.0,0.0
2,85,11.944744334220047,11.47797531517517,0.0,0.0,1.0,0.0,0.0,1.0
3,85,10.895709906363502,3.3118748822378,1.0,0.0,1.0,1.0,0.0,0.0
4,85,12.0,2.5868457744267146,0.0,0.0,1.0,1.0,0.0,1.0
5,85,10.096422304978589,3.914460450345584,0.0,1.0,0.0,0.0,0.0,1.0
6,85,9.63520842617612,2.5162403119724406,0.0,1.0,1.0,0.0,1.0,0.0
7,85,5.585219162924456,8.494816522713727,1.0,0.0,1.0,0.0,1.0,0.0
8,85,10.44771580953432,1.981555535318421,0.0,0.0,0.0,0.0,0.0,0.0
9,85,5.566514236253831,2.10878113204274,0.0,0.0,0.0,0.0,1.0,0.0
10,85,4.88439142310924,3.012052797213804,1.0,1.0,1.0,0.0,0.0,0.0
11,85,3.534164575958935,10.449202889256718,1.0,0.0,0.0,0.0,0.0,1.0
12,85,10.301074382480168,0.0,0.0,1.0,1.0,0.0,1.0,0.0
13,85,1.4022627013773197,9.29566861950361,1.0,0.0,0.0,0.0,1.0,0.0
14,85,11.314308683654795,0.3155913168323457,0.0,1.0,0.0,1.0,0.0,1.0
15,85,10.27156939975853,6.5438468833006,1.0,1.0,0.0,0.0,1.0,1.0
16,85,12.0,1.9086209142484265,0.0,0.0,1.0,0.0,1.0,0.0
17,85,5.39060656376115,8.719475460848438,1.0,1.0,0.0,1.0,0.0,0.0
18,85,5.727409443238289,2.636359671150607,1.0,0.0,0.0,1.0,0.0,0.0
19,85,3.2533980024155853,3.3460905975371205,0.0,0.0,0.0,0.0,0.0,0.0
20,85,7.335034384351515,2.6860303509310204,0.0,1.0,1.0,1.0,1.0,0.0
21,85,4.124033591277343,2.320721695068413,1.0,1.0,0.0,1.0,1.0,0.0
22,85,11.991861477486273,7.142578794499087,1.0,1.0,0.0,0.0,0.0,1.0
23,85,4.104681249560785,11.099495782073594,0.0,0.0,0.0,0.0,0.0,1.0
24,85,6.421016193521424,7.192265295422338,0.0,0.0,1.0,0.0,1.0,0.0
25,85,1.3254989216052444,10.95736413377845,1.0,0.0,1.0,0.0,1.0,0.0
26,85,12.0,8.353398346296604,0.0,0.0,0.0,1.0,1.0,0.0
27,85,1.3425305842541917,9.21906496971318,0.0,0.0,0.0,0.0,0.0,0.0
28,85,1.8624198055638688,4.970122407171184,1.0,0.0,0.0,0.0,1.0,0.0
29,85,7.025526603227975,8.316104006957286,0.0,0.0,1.0,0.0,1.0,1.0
30,85,6.14200712505921,2.605227307944821,0.0,0.0,1.0,0.0,0.0,0.0
31,85,3.089919491960562,2.1542753596360806,0.0,1.0,0.0,0.0,1.0,0.0
32,85,8.699571713392709,8.072174967864498,1.0,1.0,1.0,0.0,1.0,1.0
33,85,5.009216674261473,6.643610300446108,1.0,1.0,1.0,1.0,0.0,0.0
34,85,11.933999528583508,5.5100205937812285,0.0,1.0,0.0,0.0,0.0,0.0
35,85,2.503332189821174,0.0,0.0,0.0,0.0,1.0,1.0,0.0
36,85,10.597575444079157,7.263292893706258,1.0,1.0,1.0,0.0,0.0,0.0
37,85,7.12613040377289,10.68318073203855,0.0,0.0,0.0,0.0,0.0,1.0
38,85,3.1051051017647358,0.5367394877100558,0.0,1.0,0.0,0.0,1.0,0.0
39,85,3.740815579774527,3.5603338586209032,0.0,0.0,0.0,0.0,1.0,0.0
0,90,6.422875639192656,4.280106378715582,1.0,0.0,1.0,0.0,1.0,0.0
1,90,9.62830382170657,6.828653515793053,0.0,1.0,0.0,0.0,0.0,0.0
2,90,11.986485055325462,11.504316587985407,0.0,0.0,1.0,0.0,0.0,1.0
3,90,10.97083404522761,3.2349050861656683,1.0,0.0,1.0,1.0,0.0,0.0
4,90,12.0,2.6539930999602857,0.0,0.0,1.0,1.0,0.0,1.0
5,90,10.08966231129122,3.919282420787695,0.0,1.0,0.0,0.0,0.0,1.0
6,90,9.655334907131662,2.502663983203154,0.0,1.0,1.0,0.0,1.0,0.0
7,90,5.604679404668002,8.509806246541647,1.0,0.0,1.0,0.0,1.0,0.0
8,90,10.467926084687848,1.9317571054532592,0.0,0.0,0.0,0.0,0.0,0.0
9,90,5.552437783652837,2.0974925646898424,0.0,0.0,0.0,0.0,1.0,0.0
10,90,4.815315846321662,2.983814948469501,1.0,1.0,1.0,0.0,0.0,0.0
11,90,3.527601745764044,10.42023577999488,1.0,0.0,0.0,0.0,0.0,1.0
12,90,10.240481959012609,0.0,0.0,1.0,1.0,0.0,1.0,0.0
13,90,1.2699656852387309,9.463550146426638,1.0,0.0,0.0,0.0,1.0,0.0
14,90,11.28036038583001,0.3747675685578587,0.0,1.0,0.0,1.0,0.0,1.0
15,90,10.251310283782049,6.559042745961762,1.0,1.0,0.0,0.0,1.0,1.0
16,90,12.0,1.9350939313400044,0.0,0.0,1.0,0.0,1.0,0.0
17,90,5.377891581830897,8.736387851229583,1.0,1.0,0.0,1.0,0.0,0.0
18,90,5.651277064251126,2.666706435067664,1.0,0.0,0.0,1.0,0.0,0.0
19,90,3.269123222065319,3.4115030064896485,0.0,0.0,0.0,0.0,0.0,0.0
20,90,7.345473731697989,2.674023326982241,0.0,1.0,1.0,1.0,1.0,0.0
21,90,4.126524099668789,2.3277222992152025,1.0,1.0,0.0,1.0,1.0,0.0
22,90,11.9844126432502,7.182543776397952,1.0,1.0,0.0,0.0,0.0,1.0
23,90,4.14173269208183,11.096457514225351,0.0,0.0,0.0,0.0,0.0,1.0
24,90,6.518205230706519,7.034176037334558,0.0,0.0,1.0,0.0,1.0,0.0
25,90,1.2979594635290963,10.913748100892557,1.0,0.0,1.0,0.0,1.0,0.0
26,90,12.0,8.317277499699232,0.0,0.0,0.0,1.0,1.0,0.0
27,90,1.3465640930180978,9.234753576922312,0.0,0.0,0.0,0.0,0.0,0.0
28,90,1.815710345551984,4.960612407453439,1.0,0.0,0.0,0.0,1.0,0.0
29,90,7.050172781724198,8.286141716893903,0.0,0.0,1.0,0.0,1.0,1.0
30,90,6.084537932753517,2.6459312654732616,0.0,0.0,1.0,0.0,0.0,0.0
31,90,3.067736909395347,2.1082279798383823,0.0,1.0,0.0,0.0,1.0,0.0
32,90,8.779538576034875,8.160035527304116,1.0,1.0,1.0,0.0,1.0,1.0
33,90,4.945761581314626,6.632359948842821,1.0,1.0,1.0,1.0,0.0,0.0
34,90,12.0,5.61089919456714,0.0,1.0,0.0,0.0,0.0,0.0
35,90,2.527480731225858,0.0,0.0,0.0,0.0,1.0,1.0,0.0
36,90,10.446444693894705,7.287000549535477,1.0,1.0,1.0,0.0,0.0,0.0
37,90,7.170014911121041,10.672502528354842,0.0,0.0,0.0,0.0,0.0,1.0
38,90,3.0815447113987693,0.5488279597530964,0.0,1.0,0.0,0.0,1.0,0.0
39,90,3.791797974605452,3.437100629033511,0.0,0.0,0.0,0.0,1.0,0.0
0,95,6.550523136105284,4.392099523333857,1.0,0.0,1.0,0.0,1.0,0.0
1,95,9.715629317996894,6.803037994423867,0.0,1.0,0.0,0.0,0.0,0.0
2,95,12.0,11.53165204879484,0.0,0.0,1.0,0.0,0.0,1.0
3,95,11.053447668473794,3.147732511318771,1.0,0.0,1.0,1.0,0.0,0.0
4,95,12.0,2.73201081202828,0.0,0.0,1.0,1.0,0.0,1.0
5,95,10.073592095864562,3.9314265899975354,0.0,1.0,0.0,0.0,0.0,1.0
6,95,9.676021542953636,2.4894860109493218,0.0,1.0,1.0,0.0,1.0,0.0
7,95,5.619505083148187,8.521404592921526,1.0,0.0,1.0,0.0,1.0,0.0
8,95,10.433943677847664,1.9172917372786984,0.0,0.0,0.0,0.0,0.0,0.0
9,95,5.541997958647076,2.088746147100115,0.0,0.0,0.0,0.0,1.0,0.0
10,95,4.735838706521915,2.9527297680298954,1.0,1.0,1.0,0.0,0.0,0.0
11,95,3.512936781768327,10.361542415803951,1.0,0.0,0.0,0.0,0.0,1.0
12,95,10.180487945038594,0.0,0.0,1.0,1.0,0.0,1.0,0.0
13,95,1.1313107259298891,9.651653463131897,1.0,0.0,0.0,0.0,1.0,0.0
14,95,11.255710080474229,0.4150335753372377,0.0,1.0,0.0,1.0,0.0,1.0
15,95,10.214603542654253,6.587542995149385,1.0,1.0,0.0,0.0,1.0,1.0
16,95,12.0,1.9587720928334669,0.0,0.0,1.0,0.0,1.0,0.0
17,95,5.381064478888391,8.732218574640699,1.0,1.0,0.0,1.0,0.0,0.0
18,95,5.582593616374498,2.6963207488116097,1.0,0.0,0.0,1.0,0.0,0.0
19,95,3.287598831683316,3.485576978859716,0.0,0.0,0.0,0.0,0.0,0.0
20,95,7.352176247920986,2.665942018234165,0.0,1.0,1.0,1.0,1.0,0.0
21,95,4.132019730355671,2.343236201558432,1.0,1.0,0.0,1.0,1.0,0.0
22,95,11.973874737272986,7.237805030096981,1.0,1.0,0.0,0.0,0.0,1.0
23,95,4.1733625271183215,11.09419236140132,0.0,0.0,0.0,0.0,0.0,1.0
24,95,6.623407225891393,6.866182610836549,0.0,0.0,1.0,0.0,1.0,0.0
25,95,1.2757127450910133,10.880649311562244,1.0,0.0,1.0,0.0,1.0,0.0
26,95,12.0,8.26702026330438,0.0,0.0,0.0,1.0,1.0,0.0
27,95,1.3519130501295789,9.253362328695482,0.0,0.0,0.0,0.0,0.0,0.0
28,95,1.7388139987139362,4.945236418435094,1.0,0.0,0.0,0.0,1.0,0.0
29,95,7.068627667541583,8.264698273074568,0.0,0.0,1.0,0.0,1.0,1.0
30,95,6.028630471883969,2.684533625514313,0.0,0.0,1.0,0.0,0.0,0.0
31,95,3.0358328913480253,2.0434640575084195,0.0,1.0,0.0,0.0,1.0,0.0
32,95,8.86688898264949,8.256553911184508,1.0,1.0,1.0,0.0,1.0,1.0
33,95,4.881797091022616,6.621081771913589,1.0,1.0,1.0,1.0,0.0,0.0
34,95,12.0,5.717967733297215,0.0,1.0,0.0,0.0,0.0,0.0
35,95,2.557936962590809,0.0,0.0,0.0,0.0,1.0,1.0,0.0
36,95,10.314009540301642,7.310058019496186,1.0,1.0,1.0,0.0,0.0,0.0
37,95,7.218621164732696,10.66129491101095,0.0,0.0,0.0,0.0,0.0,1.0
38,95,3.0453982577627854,0.5665904934073815,0.0,1.0,0.0,0.0,1.0,0.0
39,95,3.836915384562989,3.333754753414867,0.0,0.0,0.0,0.0,1.0,0.0
0,100,6.673980651065109,4.4957282384378825,1.0,0.0,1.0,0.0,1.0,0.0
1,100,9.819122535915003,6.77320285240742,0.0,1.0,0.0,0.0,0.0,0.0
2,100,12.0,11.563404476362962,0.0,0.0,1.0,0.0,0.0,1.0
3,100,11.13407828566231,3.065426893288973,1.0,0.0,1.0,1.0,0.0,0.0
4,100,12.0,2.8156041880839497,0.0,0.0,1.0,1.0,0.0,1.0
5,100,10.070832153705227,3.933361344806028,0.0,1.0,0.0,0.0,0.0,1.0
6,100,9.66995495708761,2.4933355152967103,0.0,1.0,1.0,0.0,1.0,0.0
7,100,5.6350666352149545,8.53477193300992,1.0,0.0,1.0,0.0,1.0,0.0
8,100,10.395308989559336,1.9008403088246733,0.0,0.0,0.0,0.0,0.0,0.0
9,100,5.540178597943204,2.087190142793805,0.0,0.0,0.0,0.0,1.0,0.0
10,100,4.661494574093366,2.9240791035851266,1.0,1.0,1.0,0.0,0.0,0.0
11,100,3.496847609970967,10.295041624295145,1.0,0.0,0.0,0.0,0.0,1.0
12,100,10.117926818845133,0.0,0.0,1.0,1.0,0.0,1.0,0.0
13,100,0.9934243691059322,9.833554768760283,1.0,0.0,0.0,0.0,1.0,0.0
14,100,11.235571281237728,0.4481806089843555,0.0,1.0,0.0,1.0,0.0,1.0
15,100,10.171547126669202,6.619420194953985,1.0,1.0,0.0,0.0,1.0,1.0
16,100,12.0,1.97594969067905,0.0,0.0,1.0,0.0,1.0,0.0
17,100,5.395397063392132,8.713980631569251,1.0,1.0,0.0,1.0,0.0,0.0
18,100,5.52501247933128,2.722423977443216,1.0,0.0,0.0,1.0,0.0,0.0
19,100,3.310561627977528,3.5696481743915927,0.0,0.0,0.0,0.0,0.0,0.0
20,100,7.366378137055933,2.6486378983835115,0.0,1.0,1.0,1.0,1.0,0.0
21,100,4.135898752011324,2.354595395315186,1.0,1.0,0.0,1.0,1.0,0.0
22,100,11.965515615138289,7.281446998561509,1.0,1.0,0.0,0.0,0.0,1.0
23,100,4.191440777058329,11.093303270594514,0.0,0.0,0.0,0.0,0.0,1.0
24,100,6.726780735127696,6.692142709157262,0.0,0.0,1.0,0.0,1.0,0.0
25,100,1.2607698945255827,10.857314623102727,1.0,0.0,1.0,0.0,1.0,0.0
26,100,12.0,8.21857904277532,0.0,0.0,0.0,1.0,1.0,0.0
27,100,1.3546795156516152,9.263284337256144,0.0,0.0,0.0,0.0,0.0,0.0
28,100,1.6736927436898157,4.930639215076672,1.0,0.0,0.0,0.0,1.0,0.0
29,100,7.088934553387088,8.24096511773587,0.0,0.0,1.0,0.0,1.0,1.0
30,100,5.963056970327556,2.72972500443765,0.0,0.0,1.0,0.0,0.0,0.0
31,100,3.0119832877959083,1.995891879116681,0.0,1.0,0.0,0.0,1.0,0.0
32,100,8.962313464159807,8.36109843340561,1.0,1.0,1.0,0.0,1.0,1.0
33,100,4.837154016642168,6.613608186322703,1.0,1.0,1.0,1.0,0.0,0.0
34,100,12.0,5.817460543028294,0.0,1.0,0.0,0.0,0.0,0.0
35,100,2.591652228845013,0.0,0.0,0.0,0.0,1.0,1.0,0.0
36,100,10.18833438103006,7.332660568329556,1.0,1.0,1.0,0.0,0.0,0.0
37,100,7.27916459997631,10.645547420428963,0.0,0.0,0.0,0.0,0.0,1.0
38,100,3.0333412499778167,0.5724313629535702,0.0,1.0,0.0,0.0,1.0,0.0
39,100,3.8767949081113264,3.238450684936124,0.0,0.0,0.0,0.0,1.0,0.0
0,105,6.795691870389925,4.600729478471109,1.0,0.0,1.0,0.0,1.0,0.0
1,105,9.9317603672537,6.741618419559919,0.0,1.0,0.0,0.0,0.0,0.0
2,105,12.0,11.584528010406856,0.0,0.0,1.0,0.0,0.0,1.0
3,105,11.209085699248751,2.989346119262028,1.0,0.0,1.0,1.0,0.0,0.0
4,105,12.0,2.8930823703497333,0.0,0.0,1.0,1.0,0.0,1.0
5,105,10.064483500108636,3.937456124798801,0.0,1.0,0.0,0.0,0.0,1.0
6,105,9.669360494463936,2.4924043403030893,0.0,1.0,1.0,0.0,1.0,0.0
7,105,5.645102708069957,8.543646874995776,1.0,0.0,1.0,0.0,1.0,0.0
8,105,10.36120019002118,1.8868250616572828,0.0,0.0,0.0,0.0,0.0,0.0
9,105,5.531528705786405,2.0798007002902703,0.0,0.0,0.0,0.0,1.0,0.0
10,105,4.559538741391751,2.888838375067435,1.0,1.0,1.0,0.0,0.0,0.0
11,105,3.47901928127199,10.225296097699657,1.0,0.0,0.0,0.0,0.0,1.0
12,105,10.05397742084624,0.0,0.0,1.0,1.0,0.0,1.0,0.0
13,105,0.8447443464821102,10.02423720916609,1.0,0.0,0.0,0.0,1.0,0.0
14,105,11.216027188994556,0.4798610328419873,0.0,1.0,0.0,1.0,0.0,1.0
15,105,10.125605295484991,6.654571421016639,1.0,1.0,0.0,0.0,1.0,1.0
16,105,12.0,1.9862818330749752,0.0,0.0,1.0,0.0,1.0,0.0
17,105,5.416435536213475,8.688260819659384,1.0,1.0,0.0,1.0,0.0,0.0
18,105,5.460310090410019,2.7533286286760794,1.0,0.0,0.0,1.0,0.0,0.0
19,105,3.330695154321252,3.647280956528708,0.0,0.0,0.0,0.0,0.0,0.0
20,105,7.373886208918913,2.639886362798558,0.0,1.0,1.0,1.0,1.0,0.0
21,105,4.14153613330132,2.371700522162613,1.0,1.0,0.0,1.0,1.0,0.0
22,105,11.959957593150214,7.309150712958058,1.0,1.0,0.0,0.0,0.0,1.0
23,105,4.21871408867672,11.092757146592694,0.0,0.0,0.0,0.0,0.0,1.0
24,105,6.824286985986826,6.533641254004052,0.0,0.0,1.0,0.0,1.0,0.0
25,105,1.234218909796684,10.817186772161747,1.0,0.0,1.0,0.0,1.0,0.0
26,105,12.0,8.177833622870299,0.0,0.0,0.0,1.0,1.0,0.0
27,105,1.364935974400198,9.296329942577428,0.0,0.0,0.0,0.0,0.0,0.0
28,105,1.6096185636207392,4.915309689048417,1.0,0.0,0.0,0.0,1.0,0.0
29,105,7.10124884325705,8.226660958903963,0.0,0.0,1.0,0.0,1.0,1.0
30,105,5.901769363210043,2.7720017046988605,0.0,0.0,1.0,0.0,0.0,0.0
31,105,2.98747476331924,1.947076742973592,0.0,1.0,0.0,0.0,1.0,0.0
32,105,9.048000081424938,8.453563585535603,1.0,1.0,1.0,0.0,1.0,1.0
33,105,4.777271905990316,6.604923675749659,1.0,1.0,1.0,1.0,0.0,0.0
34,105,12.0,5.92562233771553,0.0,1.0,0.0,0.0,0.0,0.0
35,105,2.6118572325139047,0.0,0.0,0.0,0.0,1.0,1.0,0.0
36,105,10.050365734630716,7.356153189252369,1.0,1.0,1.0,0.0,0.0,0.0
37,105,7.348335297824246,10.627564607597629,0.0,0.0,0.0,0.0,0.0,1.0
38,105,3.015044351806724,0.5817893978507176,0.0,1.0,0.0,0.0,1.0,0.0
39,105,3.917515726875394,3.140473320975377,0.0,0.0,0.0,0.0,1.0,0.0
0,110,6.921650944540634,4.70259599959028,1.0,0.0,1.0,0.0,1.0,0.0
1,110,10.0566925981617,6.706861229371144,0.0,1.0,0.0,0.0,0.0,0.0
2,110,12.0,11.600299267680162,0.0,0.0,1.0,0.0,0.0,1.0
3,110,11.280735204334706,2.917180617714136,1.0,0.0,1.0,1.0,0.0,0.0
4,110,12.0,2.9849038065497977,0.0,0.0,1.0,1.0,0.0,1.0
5,110,10.067875798094065,3.93518673723657,0.0,1.0,0.0,0.0,0.0,1.0
6,110,9.665868489976193,2.4870764068722817,0.0,1.0,1.0,0.0,1.0,0.0
7,110,5.665912536797776,8.56188666395591,1.0,0.0,1.0,0.0,1.0,0.0
8,110,10.32655592962718,1.8733897524022127,0.0,0.0,0.0,0.0,0.0,0.0
9,110,5.539388590856229,2.0866364548953467,0.0,0.0,0.0,0.0,1.0,0.0
10,110,4.456708923993995,2.8534338915907167,1.0,1.0,1.0,0.0,0.0,0.0
11,110,3.466711172334309,10.172051344844553,1.0,0.0,0.0,0.0,0.0,1.0
12,110,9.976397473930117,0.0,0.0,1.0,1.0,0.0,1.0,0.0
13,110,0.6995329351983076,10.22114795697091,1.0,0.0,0.0,0.0,1.0,0.0
14,110,11.192348448223962,0.5174532632648903,0.0,1.0,0.0,1.0,0.0,1.0
15,110,10.088767662680125,6.684276740969749,1.0,1.0,0.0,0.0,1.0,1.0
16,110,12.0,1.9923450496697088,0.0,0.0,1.0,0.0,1.0,0.0
17,110,5.430574064933898,8.671312741278518,1.0,1.0,0.0,1.0,0.0,0.0
18,110,5.389291112944427,2.787059939239952,1.0,0.0,0.0,1.0,0.0,0.0
19,110,3.3498088357681124,3.7182767489481257,0.0,0.0,0.0,0.0,0.0,0.0
20,110,7.370352622580599,2.644186870048377,0.0,1.0,1.0,1.0,1.0,0.0
21,110,4.149124870044483,2.394886702401599,1.0,1.0,0.0,1.0,1.0,0.0
22,110,11.955489500062518,7.329673886771314,1.0,1.0,0.0,0.0,0.0,1.0
23,110,4.227270146075603,11.092570457160486,0.0,0.0,0.0,0.0,0.0,1.0
24,110,6.922525698282318,6.371126531457463,0.0,0.0,1.0,0.0,1.0,0.0
25,110,1.21217272508797,10.785377776020722,1.0,0.0,1.0,0.0,1.0,0.0
26,110,12.0,8.140132127986762,0.0,0.0,0.0,1.0,1.0,0.0
27,110,1.3740683848059905,9.328476818978888,0.0,0.0,0.0,0.0,0.0,0.0
28,110,1.5622829594999377,4.9046436888623575,1.0,0.0,0.0,0.0,1.0,0.0
29,110,7.110949199419715,8.215367072851265,0.0,0.0,1.0,0.0,1.0,1.0
30,110,5.839834623366265,2.8149042695200293,0.0,0.0,1.0,0.0,0.0,0.0
31,110,2.963005346609095,1.9017515168698156,0.0,1.0,0.0,0.0,1.0,0.0
32,110,9.121636677876536,8.534201899974654,1.0,1.0,1.0,0.0,1.0,1.0
33,110,4.705472244295399,6.593275614551422,1.0,1.0,1.0,1.0,0.0,0.0
34,110,12.0,6.036248719022828,0.0,1.0,0.0,0.0,0.0,0.0
35,110,2.652737524778804,0.0,0.0,0.0,0.0,1.0,1.0,0.0
36,110,9.9069395765184,7.380340503470021,1.0,1.0,1.0,0.0,0.0,0.0
37,110,7.420237644885011,10.611161230164942,0.0,0.0,0.0,0.0,0.0,1.0
38,110,3.0055304122916104,0.5866325809214799,0.0,1.0,0.0,0.0,1.0,0.0
39,110,3.960950804312474,3.0362082137231794,0.0,0.0,0.0,0.0,1.0,0.0
0,115,7.044288571356219,4.804108675675332,1.0,0.0,1.0,0.0,1.0,0.0
1,115,10.190834955911267,6.664898389036009,0.0,1.0,0.0,0.0,0.0,0.0
2,115,12.0,11.613459940153096,0.0,0.0,1.0,0.0,0.0,1.0
3,115,11.34076664027882,2.858594859602184,1.0,0.0,1.0,1.0,0.0,0.0
4,115,12.0,3.073728767172703,0.0,0.0,1.0,1.0,0.0,1.0
5,115,10.063595898554384,3.937932643029145,0.0,1.0,0.0,0.0,0.0,1.0
6,115,9.65896013324922,2.4767777270058544,0.0,1.0,1.0,0.0,1.0,0.0
7,115,5.694301669034474,8.58570844519789,1.0,0.0,1.0,0.0,1.0,0.0
8,115,10.283492148987955,1.8563880846681369,0.0,0.0,0.0,0.0,0.0,0.0
9,115,5.537825294435291,2.085266246344421,0.0,0.0,0.0,0.0,1.0,0.0
10,115,4.354729177855949,2.814380320575524,1.0,1.0,1.0,0.0,0.0,0.0
11,115,3.4554083053009004,10.129947185453878,1.0,0.0,0.0,0.0,0.0,1.0
12,115,9.89632479359108,0.0,0.0,1.0,1.0,0.0,1.0,0.0
13,115,0.5490393047895626,10.426684685004808,1.0,0.0,0.0,0.0,1.0,0.0
14,115,11.171644637690733,0.5522318094750815,0.0,1.0,0.0,1.0,0.0,1.0
15,115,10.038046972297712,6.723052490024856,1.0,1.0,0.0,0.0,1.0,1.0
16,115,12.0,2.000968592340018,0.0,0.0,1.0,0.0,1.0,0.0
17,115,5.432063699909017,8.669385183024913,1.0,1.0,0.0,1.0,0.0,0.0
18,115,5.31221080349912,2.8266601662694537,1.0,0.0,0.0,1.0,0.0,0.0
19,115,3.3688264322833823,3.782493184188044,0.0,0.0,0.0,0.0,0.0,0.0
20,115,7.353885317423408,2.663100365523577,0.0,1.0,1.0,1.0,1.0,0.0
21,115,4.155952823789893,2.413393823875682,1.0,1.0,0.0,1.0,1.0,0.0
22,115,11.955991047080383,7.327604032588045,1.0,1.0,0.0,0.0,0.0,1.0
23,115,4.235182688132023,11.092619024723788,0.0,0.0,0.0,0.0,0.0,1.0
24,115,6.7745710190042265,6.27740250856912,0.0,0.0,1.0,0.0,1.0,0.0
25,115,1.1828032222689355,10.74438965847531,1.0,0.0,1.0,0.0,1.0,0.0
26,115,12.0,8.109622119684666,0.0,0.0,0.0,1.0,1.0,0.0
27,115,1.3834504426661405,9.36170695477873,0.0,0.0,0.0,0.0,0.0,0.0
28,115,1.525421257692129,4.896018632042002,1.0,0.0,0.0,0.0,1.0,0.0
29,115,7.1279667899947095,8.196001579076176,0.0,0.0,1.0,0.0,1.0,1.0
30,115,5.779265472858136,2.8537088771702974,0.0,0.0,1.0,0.0,0.0,0.0
31,115,2.931316142828497,1.846053081435464,0.0,1.0,0.0,0.0,1.0,0.0
32,115,9.20177870620329,8.624332807346535,1.0,1.0,1.0,0.0,1.0,1.0
33,115,4.620377390902402,6.582410455979604,1.0,1.0,1.0,1.0,0.0,0.0
34,115,12.0,6.151632087624264,0.0,1.0,0.0,0.0,0.0,0.0
35,115,2.692520320874298,0.0,0.0,0.0,0.0,1.0,1.0,0.0
36,115,9.771838121763924,7.404534075806958,1.0,1.0,1.0,0.0,0.0,0.0
37,115,7.49018743702721,10.594426086429518,0.0,0.0,0.0,0.0,0.0,1.0
38,115,2.997674429668568,0.5905165207860802,0.0,1.0,0.0,0.0,1.0,0.0
39,115,3.9982830198191777,2.9517330818880936,0.0,0.0,0.0,0.0,1.0,0.0
0,120,7.1820811467479695,4.91842939672863,1.0,0.0,1.0,0.0,1.0,0.0
1,120,10.333389526460564,6.623176743703447,0.0,1.0,0.0,0.0,0.0,0.0
2,120,12.0,11.627356687132378,0.0,0.0,1.0,0.0,0.0,1.0
3,120,11.403822043906096,2.796284654295797,1.0,0.0,1.0,1.0,0.0,0.0
4,120,12.0,3.1692842345788588,0.0,0.0,1.0,1.0,0.0,1.0
5,120,10.067659428680162,3.935383566564893,0.0,1.0,0.0,0.0,0.0,1.0
6,120,9.65015516781197,2.4635763285236383,0.0,1.0,1.0,0.0,1.0,0.0
7,120,5.708015601161899,8.597013472657805,1.0,0.0,1.0,0.0,1.0,0.0
8,120,10.237865258295892,1.8383416203118812,0.0,0.0,0.0,0.0,0.0,0.0
9,120,5.548047876145571,2.094683587153495,0.0,0.0,0.0,0.0,1.0,0.0
10,120,4.247008696509048,2.7715759624057483,1.0,1.0,1.0,0.0,0.0,0.0
11,120,3.43993795463822,10.06839216197142,1.0,0.0,0.0,0.0,0.0,1.0
12,120,9.825795881357982,0.0,0.0,1.0,1.0,0.0,1.0,0.0
13,120,0.3970063366717358,10.623756264660932,1.0,0.0,0.0,0.0,1.0,0.0
14,120,11.151051467755176,0.5872776600759457,0.0,1.0,0.0,1.0,0.0,1.0
15,120,9.97633506175515,6.770292078408093,1.0,1.0,0.0,0.0,1.0,1.0
16,120,12.0,2.0132196688592283,0.0,0.0,1.0,0.0,1.0,0.0
17,120,5.443644516859579,8.654892945560968,1.0,1.0,0.0,1.0,0.0,0.0
18,120,5.23257625966119,2.867972427471176,1.0,0.0,0.0,1.0,0.0,0.0
19,120,3.392879893557208,3.8633989092626697,0.0,0.0,0.0,0.0,0.0,0.0
20,120,7.340862032817269,2.6778816988475937,0.0,1.0,1.0,1.0,1.0,0.0
21,120,4.155039896754879,2.410938335880132,1.0,1.0,0.0,1.0,1.0,0.0
22,120,11.951357086165473,7.346473474356409,1.0,1.0,0.0,0.0,0.0,1.0
23,120,4.234932033580077,11.092616159938316,0.0,0.0,0.0,0.0,0.0,1.0
24,120,6.635182294719621,6.186848258605672,0.0,0.0,1.0,0.0,1.0,0.0
25,120,1.1547771393987185,10.705305035720906,1.0,0.0,1.0,0.0,1.0,0.0
26,120,12.0,8.07464282997243,0.0,0.0,0.0,1.0,1.0,0.0
27,120,1.3929848141186547,9.393858589599358,0.0,0.0,0.0,0.0,0.0,0.0
28,120,1.468324445305854,4.882708926658215,1.0,0.0,0.0,0.0,1.0,0.0
29,120,7.129666862398885,8.197497913583367,0.0,0.0,1.0,0.0,1.0,1.0
30,120,5.72359427754362,2.8899910915490983,0.0,0.0,1.0,0.0,0.0,0.0
31,120,2.903098059457062,1.7973699934796818,0.0,1.0,0.0,0.0,1.0,0.0
32,120,9.270484411330342,8.703297304995699,1.0,1.0,1.0,0.0,1.0,1.0
33,120,4.560844440293137,6.574801433372634,1.0,1.0,1.0,1.0,0.0,0.0
34,120,12.0,6.266070832833556,0.0,1.0,0.0,0.0,0.0,0.0
35,120,2.729638507369226,0.0,0.0,0.0,0.0,1.0,1.0,0.0
36,120,9.63463849914238,7.430701454711106,1.0,1.0,1.0,0.0,0.0,0.0
37,120,7.562431352553937,10.577429493386232,0.0,0.0,0.0,0.0,0.0,1.0
38,120,2.995951276503596,0.591421810079224,0.0,1.0,0.0,0.0,1.0,0.0
39,120,4.035781835503194,2.862882133303293,0.0,0.0,0.0,0.0,1.0,0.0
0,125,7.316512656739518,5.032198299021449,1.0,0.0,1.0,0.0,1.0,0.0
1,125,10.493716126072608,6.580947862407536,0.0,1.0,0.0,0.0,0.0,0.0
2,125,12.0,11.644215895103596,0.0,0.0,1.0,0.0,0.0,1.0
3,125,11.463538383936632,2.738232059286263,1.0,0.0,1.0,1.0,0.0,0.0
4,125,12.0,3.2576569200992944,0.0,0.0,1.0,1.0,0.0,1.0
5,125,10.090482283707328,3.919417881937712,0.0,1.0,0.0,0.0,0.0,1.0
6,125,9.639072058177952,2.447098781999354,0.0,1.0,1.0,0.0,1.0,0.0
7,125,5.71016829686806,8.598774379974081,1.0,0.0,1.0,0.0,1.0,0.0
8,125,10.256200955974606,1.792217528432838,0.0,0.0,0.0,0.0,0.0,0.0
9,125,5.5533473348216855,2.0995978588617468,0.0,0.0,0.0,0.0,1.0,0.0
10,125,4.138967457710669,2.731223402763709,1.0,1.0,1.0,0.0,0.0,0.0
11,125,3.486470183216082,10.05634895206694,1.0,0.0,0.0,0.0,0.0,1.0
12,125,9.749948822366733,0.0,0.0,1.0,1.0,0.0,1.0,0.0
13,125,0.2596913170995751,10.809166838724977,1.0,0.0,0.0,0.0,1.0,0.0
14,125,11.121118405122749,0.6347425318674184,0.0,1.0,0.0,1.0,0.0,1.0
15,125,9.902166392197037,6.828207292293001,1.0,1.0,0.0,0.0,1.0,1.0
16,125,12.0,2.0168110050903887,0.0,0.0,1.0,0.0,1.0,0.0
17,125,5.463176383628478,8.630007159235246,1.0,1.0,0.0,1.0,0.0,0.0
18,125,5.147804199677123,2.912812910410428,1.0,0.0,0.0,1.0,0.0,0.0
19,125,3.4246813541626344,3.967287331706434,0.0,0.0,0.0,0.0,0.0,0.0
20,125,7.326862984740147,2.693093727622748,0.0,1.0,1.0,1.0,1.0,0.0
21,125,4.150127925893892,2.3980820208838,1.0,1.0,0.0,1.0,1.0,0.0
22,125,11.952694628707487,7.341104239466401,1.0,1.0,0.0,0.0,0.0,1.0
23,125,4.221325546506932,11.092391078522654,0.0,0.0,0.0,0.0,0.0,1.0
24,125,6.49894033709351,6.101134639462449,0.0,0.0,1.0,0.0,1.0,0.0
25,125,1.1314717435504384,10.671584818426066,1.0,0.0,1.0,0.0,1.0,0.0
26,125,12.0,8.043034563724575,0.0,0.0,0.0,1.0,1.0,0.0
27,125,1.3969828643525832,9.406578330669088,0.0,0.0,0.0,0.0,0.0,0.0
28,125,1.4063599664314093,4.868459370681472,1.0,0.0,0.0,0.0,1.0,0.0
29,125,7.1275454545352845,8.19560403115107,0.0,0.0,1.0,0.0,1.0,1.0
30,125,5.667224313396552,2.9248900901132373,0.0,0.0,1.0,0.0,0.0,0.0
31,125,2.877473633880037,1.7503073869126171,0.0,1.0,0.0,0.0,1.0,0.0
32,125,9.333020124108588,8.775587511384623,1.0,1.0,1.0,0.0,1.0,1.0
33,125,4.489425135319545,6.566673062943962,1.0,1.0,1.0,1.0,0.0,0.0
34,125,12.0,6.382037834247802,0.0,1.0,0.0,0.0,0.0,0.0
35,125,2.770034834024195,0.0,0.0,0.0,0.0,1.0,1.0,0.0
36,125,9.484174520557264,7.465209534560451,1.0,1.0,1.0,0.0,0.0,0.0
37,125,7.630341250215979,10.558884494696269,0.0,0.0,0.0,0.0,0.0,1.0
38,125,3.018445164523594,0.5796023453520763,0.0,1.0,0.0,0.0,1.0,0.0
39,125,4.071827228480061,2.7761002683827263,0.0,0.0,0.0,0.0,1.0,0.0
0,130,7.442147460446153,5.143626063502429,1.0,0.0,1.0,0.0,1.0,0.0
1,130,10.659601137797203,6.537679097850058,0.0,1.0,0.0,0.0,0.0,0.0
2,130,12.0,11.654851168923702,0.0,0.0,1.0,0.0,0.0,1.0
3,130,11.516145505721688,2.686726525527866,1.0,0.0,1.0,1.0,0.0,0.0
4,130,12.0,3.347472213717662,0.0,0.0,1.0,1.0,0.0,1.0
5,130,10.096688043752714,3.9151615976769,0.0,1.0,0.0,0.0,0.0,1.0
6,130,9.613394095398988,2.4074615425115304,0.0,1.0,1.0,0.0,1.0,0.0
7,130,5.718807483940945,8.605980249964121,1.0,0.0,1.0,0.0,1.0,0.0
8,130,10.273326321050138,1.7507899565638498,0.0,0.0,0.0,0.0,0.0,0.0
9,130,5.546540802530012,2.0933858682617434,0.0,0.0,0.0,0.0,1.0,0.0
10,130,4.010035878260111,2.6866947101254697,1.0,1.0,1.0,0.0,0.0,0.0
11,130,3.532161623209989,10.043595326828148,1.0,0.0,0.0,0.0,0.0,1.0
12,130,9.66130388630986,0.0,0.0,1.0,1.0,0.0,1.0,0.0
13,130,0.1276234366447259,10.996786269207387,1.0,0.0,0.0,0.0,1.0,0.0
14,130,11.09324203360062,0.6803924076863926,0.0,1.0,0.0,1.0,0.0,1.0
15,130,9.829067682088407,6.885318522081815,1.0,1.0,0.0,0.0,1.0,1.0
16,130,12.0,2.0244872508713345,0.0,0.0,1.0,0.0,1.0,0.0
17,130,5.4910723763692335,8.595578409164983,1.0,1.0,0.0,1.0,0.0,0.0
18,130,5.062242972057432,2.9607967499400867,1.0,0.0,0.0,1.0,0.0,0.0
19,130,3.457384417377718,4.068232814622551,0.0,0.0,0.0,0.0,0.0,0.0
20,130,7.3277310084631555,2.692145435528761,0.0,1.0,1.0,1.0,1.0,0.0
21,130,4.141793856088346,2.376085817684212,1.0,1.0,0.0,1.0,1.0,0.0
22,130,11.95675952955184,7.324212398357683,1.0,1.0,0.0,0.0,0.0,1.0
23,130,4.1981639000421245,11.092346256892087,0.0,0.0,0.0,0.0,0.0,1.0
24,130,6.370747168138033,6.016890484949657,0.0,0.0,1.0,0.0,1.0,0.0
25,130,1.1147531103415598,10.647054009018628,1.0,0.0,1.0,0.0,1.0,0.0
26,130,12.0,7.996935846541794,0.0,0.0,0.0,1.0,1.0,0.0
27,130,1.3978969716117542,9.409327552029255,0.0,0.0,0.0,0.0,0.0,0.0
28,130,1.3282103430260572,4.847803435441861,1.0,0.0,0.0,0.0,1.0,0.0
29,130,7.110730898631934,8.18027648314121,0.0,0.0,1.0,0.0,1.0,1.0
30,130,5.625286945622108,2.9507015534478995,0.0,0.0,1.0,0.0,0.0,0.0
31,130,2.855412864617029,1.7087535523909851,0.0,1.0,0.0,0.0,1.0,0.0
32,130,9.389772872288086,8.839869805141438,1.0,1.0,1.0,0.0,1.0,1.0
33,130,4.408886937476977,6.55725698209148,1.0,1.0,1.0,1.0,0.0,0.0
34,130,12.0,6.295851790995061,0.0,1.0,0.0,0.0,0.0,0.0
35,130,2.800065480982384,0.0,0.0,0.0,0.0,1.0,1.0,0.0
36,130,9.3284526977453,7.50101627481954,1.0,1.0,1.0,0.0,0.0,0.0
37,130,7.679111466580044,10.544523076663948,0.0,0.0,0.0,0.0,0.0,1.0
38,130,3.045601165237676,0.5652066939006086,0.0,1.0,0.0,0.0,1.0,0.0
39,130,4.105504010611675,2.689875997620338,0.0,0.0,0.0,0.0,1.0,0.0
0,135,7.583856414756595,5.2709010901341005,1.0,0.0,1.0,0.0,1.0,0.0
1,135,10.840689884621394,6.4915101472711685,0.0,1.0,0.0,0.0,0.0,0.0
2,135,12.0,11.665519116658016,0.0,0.0,1.0,0.0,0.0,1.0
3,135,11.554341462815565,2.648993605905434,1.0,0.0,1.0,1.0,0.0,0.0
4,135,12.0,3.440075509290915,0.0,0.0,1.0,1.0,0.0,1.0
5,135,10.114850128685491,3.902732223117361,0.0,1.0,0.0,0.0,0.0,1.0
6,135,9.579208977333094,2.358406934143162,0.0,1.0,1.0,0.0,1.0,0.0
7,135,5.702747703686161,8.592492728983366,1.0,0.0,1.0,0.0,1.0,0.0
8,135,10.29740288567284,1.697519077833549,0.0,0.0,0.0,0.0,0.0,0.0
9,135,5.53815139556665,2.0862241286140546,0.0,0.0,0.0,0.0,1.0,0.0
10,135,3.8752818817466927,2.6382199764960386,1.0,1.0,1.0,0.0,0.0,0.0
11,135,3.568949314963178,10.034213151098353,1.0,0.0,0.0,0.0,0.0,1.0
12,135,9.566146123194583,0.0,0.0,1.0,1.0,0.0,1.0,0.0
13,135,0.0,11.2064474682755,1.0,0.0,0.0,0.0,1.0,0.0
14,135,11.055929755428023,0.743711682158761,0.0,1.0,0.0,1.0,0.0,1.0
15,135,9.770016658944526,6.933449345089419,1.0,1.0,0.0,0.0,1.0,1.0
16,135,12.0,2.028455388237317,0.0,0.0,1.0,0.0,1.0,0.0
17,135,5.515124326365054,8.566449040959347,1.0,1.0,0.0,1.0,0.0,0.0
18,135,4.98612778110724,3.002125938262376,1.0,0.0,0.0,1.0,0.0,0.0
19,135,3.4943955327330944,4.18426888541582,0.0,0.0,0.0,0.0,0.0,0.0
20,135,7.337269609167639,2.6819455243558714,0.0,1.0,1.0,1.0,1.0,0.0
21,135,4.135790689536822,2.359635129792897,1.0,1.0,0.0,1.0,1.0,0.0
22,135,11.963366966262637,7.298443792134807,1.0,1.0,0.0,0.0,0.0,1.0
23,135,4.173104550319877,11.092177077962296,0.0,0.0,0.0,0.0,0.0,1.0
24,135,6.249848958873415,5.937313079437226,0.0,0.0,1.0,0.0,1.0,0.0
25,135,1.1054690981086197,10.63326048053263,1.0,0.0,1.0,0.0,1.0,0.0
26,135,12.0,7.969620280595467,0.0,0.0,0.0,1.0,1.0,0.0
27,135,1.3918639572111922,9.392217651581866,0.0,0.0,0.0,0.0,0.0,0.0
28,135,1.274467588064461,4.83298462663366,1.0,0.0,0.0,0.0,1.0,0.0
29,135,7.090372447336847,8.161220496892152,0.0,0.0,1.0,0.0,1.0,1.0
30,135,5.569382859335491,2.9837011789562573,0.0,0.0,1.0,0.0,0.0,0.0
31,135,2.83449106319647,1.6704250096074889,0.0,1.0,0.0,0.0,1.0,0.0
32,135,9.441763015322213,8.895579409132237,1.0,1.0,1.0,0.0,1.0,1.0
33,135,4.312940180713357,6.545396276420036,1.0,1.0,1.0,1.0,0.0,0.0
34,135,12.0,6.211320569831512,0.0,1.0,0.0,0.0,0.0,0.0
35,135,2.8389438899978323,0.0,0.0,0.0,0.0,1.0,1.0,0.0
36,135,9.183221112045176,7.532892525891508,1.0,1.0,1.0,0.0,0.0,0.0
37,135,7.731778216557908,10.52804481065988,0.0,0.0,0.0,0.0,0.0,1.0
38,135,3.073973303419071,0.5487918507164155,0.0,1.0,0.0,0.0,1.0,0.0
39,135,4.140659603860042,2.5980515479096304,0.0,0.0,0.0,0.0,1.0,0.0
0,140,7.7351602158681345,5.401804651459921,1.0,0.0,1.0,0.0,1.0,0.0
1,140,11.047970477003112,6.440222098284119,0.0,1.0,0.0,0.0,0.0,0.0
2,140,11.993022349263644,11.6766832558527,0.0,0.0,1.0,0.0,0.0,1.0
3,140,11.594483538472335,2.606528278660615,1.0,0.0,1.0,1.0,0.0,0.0
4,140,12.0,3.5287241780208274,0.0,0.0,1.0,1.0,0.0,1.0
5,140,10.14006612387479,3.885656516171601,0.0,1.0,0.0,0.0,0.0,1.0
6,140,9.552679088835346,2.318260445392532,0.0,1.0,1.0,0.0,1.0,0.0
7,140,5.706061150658232,8.595428011749307,1.0,0.0,1.0,0.0,1.0,0.0
8,140,10.322660534901466,1.642331019720467,0.0,0.0,0.0,0.0,0.0,0.0
9,140,5.528943969595146,2.0780022619906435,0.0,0.0,0.0,0.0,1.0,0.0
10,140,3.746931947515406,2.5906437596103142,1.0,1.0,1.0,0.0,0.0,0.0
11,140,3.614887252854329,10.021312127059396,1.0,0.0,0.0,0.0,0.0,1.0
12,140,9.475179675200378,0.0,0.0,1.0,1.0,0.0,1.0,0.0
13,140,0.0,11.410133730601007,1.0,0.0,0.0,0.0,1.0,0.0
14,140,11.022436595355996,0.8062804176060341,0.0,1.0,0.0,1.0,0.0,1.0
15,140,9.690331319887768,6.99623452908143,1.0,1.0,0.0,0.0,1.0,1.0
16,140,12.0,2.0360394459381643,0.0,0.0,1.0,0.0,1.0,0.0
17,140,5.551987814852886,8.525110410109754,1.0,1.0,0.0,1.0,0.0,0.0
18,140,4.917653715890641,3.040106430690013,1.0,0.0,0.0,1.0,0.0,0.0
19,140,3.528178669531949,4.290103886728573,0.0,0.0,0.0,0.0,0.0,0.0
20,140,7.331480181414983,2.688234059443485,0.0,1.0,1.0,1.0,1.0,0.0
21,140,4.12522630217265,2.327731063926185,1.0,1.0,0.0,1.0,1.0,0.0
22,140,11.965154717251698,7.291080973410052,1.0,1.0,0.0,0.0,0.0,1.0
23,140,4.159190715814644,11.09198910832693,0.0,0.0,0.0,0.0,0.0,1.0
24,140,6.125176684659889,5.84880592344059,0.0,0.0,1.0,0.0,1.0,0.0
25,140,1.0957489708850037,10.618908890942826,1.0,0.0,1.0,0.0,1.0,0.0
26,140,12.0,7.948225993187337,0.0,0.0,0.0,1.0,1.0,0.0
27,140,1.3869671167048514,9.37846515230981,0.0,0.0,0.0,0.0,0.0,0.0
28,140,1.2146470773125742,4.818299720163613,1.0,0.0,0.0,0.0,1.0,0.0
29,140,7.057562669550481,8.130029162297808,0.0,0.0,1.0,0.0,1.0,1.0
30,140,5.523558219488716,3.012254918741574,0.0,0.0,1.0,0.0,0.0,0.0
31,140,2.8154197235872163,1.636328482968512,0.0,1.0,0.0,0.0,1.0,0.0
32,140,9.50127720257943,8.959450866237324,1.0,1.0,1.0,0.0,1.0,1.0
33,140,4.203453966549456,6.53386043117497,1.0,1.0,1.0,1.0,0.0,0.0
34,140,12.0,6.120205321390068,0.0,1.0,0.0,0.0,0.0,0.0
35,140,2.858162372957979,0.0,0.0,0.0,0.0,1.0,1.0,0.0
36,140,9.043730036640154,7.5684416078487,1.0,1.0,1.0,0.0,0.0,0.0
37,140,7.774215272944038,10.515602606503425,0.0,0.0,0.0,0.0,0.0,1.0
38,140,3.113270729809724,0.5260461826271244,0.0,1.0,0.0,0.0,1.0,0.0
39,140,4.175566996330772,2.5076363139302327,0.0,0.0,0.0,0.0,1.0,0.0
0,145,7.904750838101931,5.539378441585275,1.0,0.0,1.0,0.0,1.0,0.0
1,145,11.24792255543889,6.393369078533893,0.0,1.0,0.0,0.0,0.0,0.0
2,145,11.98448474202714,11.69054751290322,0.0,0.0,1.0,0.0,0.0,1.0
3,145,11.626286617734388,2.5748374947552146,1.0,0.0,1.0,1.0,0.0,0.0
4,145,12.0,3.625792553095424,0.0,0.0,1.0,1.0,0.0,1.0
5,145,10.157502069441536,3.873517982967891,0.0,1.0,0.0,0.0,0.0,1.0
6,145,9.523752927615307,2.273994733361816,0.0,1.0,1.0,0.0,1.0,0.0
7,145,5.7112195490979145,8.600120020347342,1.0,0.0,1.0,0.0,1.0,0.0
8,145,10.349882016309977,1.5864856080947705,0.0,0.0,0.0,0.0,0.0,0.0
9,145,5.5105914847113455,2.0615126306015648,0.0,0.0,0.0,0.0,1.0,0.0
10,145,3.611300744600971,2.5404471408634963,1.0,1.0,1.0,0.0,0.0,0.0
11,145,3.679446833072085,10.00484508775363,1.0,0.0,0.0,0.0,0.0,1.0
12,145,9.395682491419324,0.0,0.0,1.0,1.0,0.0,1.0,0.0
13,145,0.0,11.618486122621574,1.0,0.0,0.0,0.0,1.0,0.0
14,145,10.988585508867354,0.8669512546403692,0.0,1.0,0.0,1.0,0.0,1.0
15,145,9.619918739138669,7.051465614889622,1.0,1.0,0.0,0.0,1.0,1.0
16,145,12.0,2.043142772139501,0.0,0.0,1.0,0.0,1.0,0.0
17,145,5.567714352320166,8.506806604661282,1.0,1.0,0.0,1.0,0.0,0.0
18,145,4.8389971298039525,3.08741651199163,1.0,0.0,0.0,1.0,0.0,0.0
19,145,3.558085492796325,4.388912304294455,0.0,0.0,0.0,0.0,0.0,0.0
20,145,7.3183868067428115,2.7019576111531363,0.0,1.0,1.0,1.0,1.0,0.0
21,145,4.115440493867499,2.2965507822093123,1.0,1.0,0.0,1.0,1.0,0.0
22,145,11.968637687195228,7.275589747359703,1.0,1.0,0.0,0.0,0.0,1.0
23,145,4.163827549947086,11.09210052310735,0.0,0.0,0.0,0.0,0.0,1.0
24,145,5.985638931505013,5.747383239444921,0.0,0.0,1.0,0.0,1.0,0.0
25,145,1.0878538329312646,10.607766060636695,1.0,0.0,1.0,0.0,1.0,0.0
26,145,12.0,7.9128332351800035,0.0,0.0,0.0,1.0,1.0,0.0
27,145,1.3853277056621105,9.37441328160312,0.0,0.0,0.0,0.0,0.0,0.0
28,145,1.172660067823087,4.80873792327331,1.0,0.0,0.0,0.0,1.0,0.0
29,145,7.029900365726181,8.10366916339574,0.0,0.0,1.0,0.0,1.0,1.0
30,145,5.477177782044524,3.042259192095337,0.0,0.0,1.0,0.0,0.0,0.0
31,145,2.7896556040674905,1.5893697155807267,0.0,1.0,0.0,0.0,1.0,0.0
32,145,9.564661611422782,9.026228559672845,1.0,1.0,1.0,0.0,1.0,1.0
33,145,4.095618236846591,6.523882201479179,1.0,1.0,1.0,1.0,0.0,0.0
34,145,12.0,6.038190340162986,0.0,1.0,0.0,0.0,0.0,0.0
35,145,2.868327756648115,0.0,0.0,0.0,0.0,1.0,1.0,0.0
36,145,8.915725182333542,7.600399340083023,1.0,1.0,1.0,0.0,0.0,0.0
37,145,7.816654070231351,10.503901591552811,0.0,0.0,0.0,0.0,0.0,1.0
38,145,3.128095949160877,0.5173073165730984,0.0,1.0,0.0,0.0,1.0,0.0
39,145,4.221972409787209,2.38883107786158,0.0,0.0,0.0,0.0,1.0,0.0
0,150,8.088395786123899,5.684104307168349,1.0,0.0,1.0,0.0,1.0,0.0
1,150,11.460235754633652,6.351147536019585,0.0,1.0,0.0,0.0,0.0,0.0
2,150,11.985445694874512,11.68895880555602,0.0,0.0,1.0,0.0,0.0,1.0
3,150,11.661566677572072,2.5393215509248503,1.0,0.0,1.0,1.0,0.0,0.0
4,150,12.0,3.734377677824696,0.0,0.0,1.0,1.0,0.0,1.0
5,150,10.198780694661815,3.844238118571169,0.0,1.0,0.0,0.0,0.0,1.0
6,150,9.495122165267553,2.231272679799321,0.0,1.0,1.0,0.0,1.0,0.0
7,150,5.702781861838434,8.59182414907404,1.0,0.0,1.0,0.0,1.0,0.0
8,150,10.369957739237789,1.5459258610489073,0.0,0.0,0.0,0.0,0.0,0.0
9,150,5.513860563039137,2.064360316250764,0.0,0.0,0.0,0.0,1.0,0.0
10,150,3.4841837985240494,2.4921436219614783,1.0,1.0,1.0,0.0,0.0,0.0
11,150,3.704636366852641,9.997870111447725,1.0,0.0,0.0,0.0,0.0,1.0
12,150,9.319895931040309,0.0,0.0,1.0,1.0,0.0,1.0,0.0
13,150,0.0,11.81916116084095,1.0,0.0,0.0,0.0,1.0,0.0
14,150,10.948553812089134,0.9348709369107592,0.0,1.0,0.0,1.0,0.0,1.0
15,150,9.544953845138844,7.111267719595922,1.0,1.0,0.0,0.0,1.0,1.0
16,150,12.0,2.055021721809497,0.0,0.0,1.0,0.0,1.0,0.0
17,150,5.57880413479207,8.493090748673179,1.0,1.0,0.0,1.0,0.0,0.0
18,150,4.768438567615116,3.128730670978263,1.0,0.0,0.0,1.0,0.0,0.0
19,150,3.5827808168384654,4.465473412885601,0.0,0.0,0.0,0.0,0.0,0.0
20,150,7.29521475962482,2.72780903665462,0.0,1.0,1.0,1.0,1.0,0.0
21,150,4.110362528239297,2.2806057066442884,1.0,1.0,0.0,1.0,1.0,0.0
22,150,11.973100336828113,7.2559750345344,1.0,1.0,0.0,0.0,0.0,1.0
23,150,4.164743217422843,11.092100859832945,0.0,0.0,0.0,0.0,0.0,1.0
24,150,5.847026003967379,5.644655778878017,0.0,0.0,1.0,0.0,1.0,0.0
25,150,1.0783675235407486,10.594239809675283,1.0,0.0,1.0,0.0,1.0,0.0
26,150,12.0,7.879174516825519,0.0,0.0,0.0,1.0,1.0,0.0
27,150,1.3886961850335866,9.38238557037575,0.0,0.0,0.0,0.0,0.0,0.0
28,150,1.1241946880604072,4.7965537851287445,1.0,0.0,0.0,0.0,1.0,0.0
29,150,6.999618929971282,8.075204698985305,0.0,0.0,1.0,0.0,1.0,1.0
30,150,5.4254767126283605,3.075814530293848,0.0,0.0,1.0,0.0,0.0,0.0
31,150,2.774521554095793,1.5620851165749987,0.0,1.0,0.0,0.0,1.0,0.0
32,150,9.62886002308293,9.093387710359885,1.0,1.0,1.0,0.0,1.0,1.0
33,150,3.981501217637165,6.513333591864601,1.0,1.0,1.0,1.0,0.0,0.0
34,150,12.0,5.9501128107983465,0.0,1.0,0.0,0.0,0.0,0.0
35,150,2.8946152771874054,0.0,0.0,0.0,0.0,1.0,1.0,0.0
36,150,8.796981075139927,7.631946583795993,1.0,1.0,1.0,0.0,0.0,0.0
37,150,7.884875620103603,10.486066024131082,0.0,0.0,0.0,0.0,0.0,1.0
38,150,3.1557351834704974,0.5011494603460076,0.0,1.0,0.0,0.0,1.0,0.0
39,150,4.261980235875584,2.279590646128109,0.0,0.0,0.0,0.0,1.0,0.0
0,155,8.283934645039832,5.831656669065422,1.0,0.0,1.0,0.0,1.0,0.0
1,155,11.639208131235844,6.316273881292039,0.0,1.0,0.0,0.0,0.0,0.0
2,155,11.975916940264808,11.70506783596359,0.0,0.0,1.0,0.0,0.0,1.0
3,155,11.692323725454717,2.507564404795804,1.0,0.0,1.0,1.0,0.0,0.0
4,155,12.0,3.846138492442477,0.0,0.0,1.0,1.0,0.0,1.0
5,155,10.228405362441912,3.8234133719342944,0.0,1.0,0.0,0.0,0.0,1.0
6,155,9.463501102803816,2.1839664060383064,0.0,1.0,1.0,0.0,1.0,0.0
7,155,5.660129790543858,8.548611787658603,1.0,0.0,1.0,0.0,1.0,0.0
8,155,10.390474578832462,1.5047497755936012,0.0,0.0,0.0,0.0,0.0,0.0
9,155,5.519821430188414,2.069358390126686,0.0,0.0,0.0,0.0,1.0,0.0
10,155,3.360347951709429,2.450018905767026,1.0,1.0,1.0,0.0,0.0,0.0
11,155,3.725508355364475,9.992528353602562,1.0,0.0,0.0,0.0,0.0,1.0
12,155,9.245641102210651,0.0,0.0,1.0,1.0,0.0,1.0,0.0
13,155,0.0,12.0,1.0,0.0,0.0,0.0,1.0,0.0
14,155,10.893495553367812,1.0212829888324726,0.0,1.0,0.0,1.0,0.0,1.0
15,155,9.46729723936898,7.176852146827195,1.0,1.0,0.0,0.0,1.0,1.0
16,155,12.0,2.07548597769734,0.0,0.0,1.0,0.0,1.0,0.0
17,155,5.595984769304874,8.47087921036434,1.0,1.0,0.0,1.0,0.0,0.0
18,155,4.698921090372112,3.169355367374373,1.0,0.0,0.0,1.0,0.0,0.0
19,155,3.600902190731257,4.529350586451682,0.0,0.0,0.0,0.0,0.0,0.0
20,155,7.267327799052838,2.7600720757026584,0.0,1.0,1.0,1.0,1.0,0.0
21,155,4.100404489393561,2.251584085159387,1.0,1.0,0.0,1.0,1.0,0.0
22,155,11.973512125294414,7.253884308804379,1.0,1.0,0.0,0.0,0.0,1.0
23,155,4.158197491771792,11.092046244099238,0.0,0.0,0.0,0.0,0.0,1.0
24,155,5.710842078271788,5.541835834560546,0.0,0.0,1.0,0.0,1.0,0.0
25,155,1.0630077618174385,10.573470363634726,1.0,0.0,1.0,0.0,1.0,0.0
26,155,12.0,7.838853543379192,0.0,0.0,0.0,1.0,1.0,0.0
27,155,1.3931695509094564,9.393136577897277,0.0,0.0,0.0,0.0,0.0,0.0
28,155,1.0965134993462209,4.789167371420093,1.0,0.0,0.0,0.0,1.0,0.0
29,155,6.950982374536236,8.029481979360458,0.0,0.0,1.0,0.0,1.0,1.0
30,155,5.362170450499456,3.11638951635656,0.0,0.0,1.0,0.0,0.0,0.0
31,155,2.7621840333218253,1.539508270355487,0.0,1.0,0.0,0.0,1.0,0.0
32,155,9.685725316109083,9.155224398831676,1.0,1.0,1.0,0.0,1.0,1.0
33,155,3.861550551957056,6.502652046273901,1.0,1.0,1.0,1.0,0.0,0.0
34,155,12.0,5.86706685815746,0.0,1.0,0.0,0.0,0.0,0.0
35,155,2.910087369770065,0.0,0.0,0.0,0.0,1.0,1.0,0.0
36,155,8.674513584153981,7.664729760628671,1.0,1.0,1.0,0.0,0.0,0.0
37,155,7.947464595481663,10.46939478811282,0.0,0.0,0.0,0.0,0.0,1.0
38,155,3.1829687128843998,0.485203709058341,0.0,1.0,0.0,0.0,1.0,0.0
39,155,4.313129776239784,2.144801150890791,0.0,0.0,0.0,0.0,1.0,0.0
0,160,8.474642344014347,5.975182747813856,1.0,0.0,1.0,0.0,1.0,0.0
1,160,11.82893526000253,6.279818437013609,0.0,1.0,0.0,0.0,0.0,0.0
2,160,11.970287533185155,11.715341355179948,0.0,0.0,1.0,0.0,0.0,1.0
3,160,11.73493748795116,2.464160088660803,1.0,0.0,1.0,1.0,0.0,0.0
4,160,12.0,3.953648752300013,0.0,0.0,1.0,1.0,0.0,1.0
5,160,10.259924020564188,3.801078279533225,0.0,1.0,0.0,0.0,0.0,1.0
6,160,9.42934864840998,2.132998910075482,0.0,1.0,1.0,0.0,1.0,0.0
7,160,5.619334286879875,8.506742694887132,1.0,0.0,1.0,0.0,1.0,0.0
8,160,10.400819728799682,1.485381574853804,0.0,0.0,0.0,0.0,0.0,0.0
9,160,5.520395087054477,2.069857078994455,0.0,0.0,0.0,0.0,1.0,0.0
10,160,3.2178401147355293,2.402259329241648,1.0,1.0,1.0,0.0,0.0,0.0
11,160,3.746934300887378,9.986934683969302,1.0,0.0,0.0,0.0,0.0,1.0
12,160,9.175416265822047,0.0,0.0,1.0,1.0,0.0,1.0,0.0
13,160,0.0,12.0,1.0,0.0,0.0,0.0,1.0,0.0
14,160,10.810874680093066,0.9664988835165348,0.0,1.0,0.0,1.0,0.0,1.0
15,160,9.406790306742431,7.229607645422206,1.0,1.0,0.0,0.0,1.0,1.0
16,160,12.0,2.08718039675165,0.0,0.0,1.0,0.0,1.0,0.0
17,160,5.609613670523133,8.453133271645939,1.0,1.0,0.0,1.0,0.0,0.0
18,160,4.612033143082622,3.2205382860337446,1.0,0.0,0.0,1.0,0.0,0.0
19,160,3.625379724623771,4.611926583853248,0.0,0.0,0.0,0.0,0.0,0.0
20,160,7.25448732230928,2.776107872496158,0.0,1.0,1.0,1.0,1.0,0.0
21,160,4.091392881552154,2.227722454382448,1.0,1.0,0.0,1.0,1.0,0.0
22,160,11.973877545066983,7.252140775041208,1.0,1.0,0.0,0.0,0.0,1.0
23,160,4.137165115494442,11.091603353279904,0.0,0.0,0.0,0.0,0.0,1.0
24,160,5.569183354058281,5.431053821002871,0.0,0.0,1.0,0.0,1.0,0.0
25,160,1.0388413268286538,10.541518134628184,1.0,0.0,1.0,0.0,1.0,0.0
26,160,12.0,7.798389077343407,0.0,0.0,0.0,1.0,1.0,0.0
27,160,1.3960049454013097,9.399773924464943,0.0,0.0,0.0,0.0,0.0,0.0
28,160,1.1013167489905256,4.769969506929434,1.0,0.0,0.0,0.0,1.0,0.0
29,160,6.906694105977726,7.987591802636431,0.0,0.0,1.0,0.0,1.0,1.0
30,160,5.303550919061481,3.153523502283465,0.0,0.0,1.0,0.0,0.0,0.0
31,160,2.7544044152655496,1.525061389551173,0.0,1.0,0.0,0.0,1.0,0.0
32,160,9.745325924396411,9.220919333613258,1.0,1.0,1.0,0.0,1.0,1.0
33,160,3.721232241119405,6.490492510216346,1.0,1.0,1.0,1.0,0.0,0.0
34,160,12.0,5.784155020236586,0.0,1.0,0.0,0.0,0.0,0.0
35,160,2.909139663796098,0.0008755895497321,0.0,0.0,0.0,1.0,1.0,0.0
36,160,8.548767729566746,7.698962674947362,1.0,1.0,1.0,0.0,0.0,0.0
37,160,8.0247545541961,10.449425090591312,0.0,0.0,0.0,0.0,0.0,1.0
38,160,3.209797940949482,0.468400202245208,0.0,1.0,0.0,0.0,1.0,0.0
39,160,4.358115658904102,2.021574208134844,0.0,0.0,0.0,0.0,1.0,0.0
0,165,8.680000423567877,6.127936423332506,1.0,0.0,1.0,0.0,1.0,0.0
1,165,12.0,6.2373796539329405,0.0,1.0,0.0,0.0,0.0,0.0
2,165,11.97905614352016,11.698756554217866,0.0,0.0,1.0,0.0,0.0,1.0
3,165,11.765464586044493,2.432012412322082,1.0,0.0,1.0,1.0,0.0,0.0
4,165,12.0,4.0490387663707175,0.0,0.0,1.0,1.0,0.0,1.0
5,165,10.269184170525296,3.794537954771116,0.0,1.0,0.0,0.0,0.0,1.0
6,165,9.399624580769176,2.086039571576516,0.0,1.0,1.0,0.0,1.0,0.0
7,165,5.575548446403289,8.552832578215677,1.0,0.0,1.0,0.0,1.0,0.0
8,165,10.409967945705054,1.4687026609861702,0.0,0.0,0.0,0.0,0.0,0.0
9,165,5.528500167986932,2.077077203889801,0.0,0.0,0.0,0.0,1.0,0.0
10,165,3.0558016057274573,2.351379241068207,1.0,1.0,1.0,0.0,0.0,0.0
11,165,3.776768469521076,9.979363911238028,1.0,0.0,0.0,0.0,0.0,1.0
12,165,9.114979056038663,0.0,0.0,1.0,1.0,0.0,1.0,0.0
13,165,0.0,12.0,1.0,0.0,0.0,0.0,1.0,0.0
14,165,10.729971088881308,0.9112894539125964,0.0,1.0,0.0,1.0,0.0,1.0
15,165,9.347763670278937,7.285144125608068,1.0,1.0,0.0,0.0,1.0,1.0
16,165,12.0,2.0967019255213133,0.0,0.0,1.0,0.0,1.0,0.0
17,165,5.63530526802979,8.418700062882499,1.0,1.0,0.0,1.0,0.0,0.0
18,165,4.532970573422098,3.269152252952011,1.0,0.0,0.0,1.0,0.0,0.0
19,165,3.651844219671351,4.691893257743751,0.0,0.0,0.0,0.0,0.0,0.0
20,165,7.242869784624244,2.790160953513121,0.0,1.0,1.0,1.0,1.0,0.0
21,165,4.083272735551148,2.204257898172867,1.0,1.0,0.0,1.0,1.0,0.0
22,165,11.969314230322404,7.277206638248654,1.0,1.0,0.0,0.0,0.0,1.0
23,165,4.115924398179299,11.09128887701479,0.0,0.0,0.0,0.0,0.0,1.0
24,165,5.418816877370427,5.305243930081748,0.0,0.0,1.0,0.0,1.0,0.0
25,165,1.0189817138638395,10.515190045618992,1.0,0.0,1.0,0.0,1.0,0.0
26,165,12.0,7.761089998101252,0.0,0.0,0.0,1.0,1.0,0.0
27,165,1.410206052195521,9.430826317047766,0.0,0.0,0.0,0.0,0.0,0.0
28,165,1.1057965404832517,4.753210908311637,1.0,0.0,0.0,0.0,1.0,0.0
29,165,6.865630659602286,7.950125542257316,0.0,0.0,1.0,0.0,1.0,1.0
30,165,5.250822590821517,3.1890944148872817,0.0,0.0,1.0,0.0,0.0,0.0
31,165,2.749874833821146,1.5165861085442267,0.0,1.0,0.0,0.0,1.0,0.0
32,165,9.803525338161569,9.284982626984196,1.0,1.0,1.0,0.0,1.0,1.0
33,165,3.567310585292346,6.4822889300529045,1.0,1.0,1.0,1.0,0.0,0.0
34,165,12.0,5.710635231994227,0.0,1.0,0.0,0.0,0.0,0.0
35,165,2.9154477198018127,0.0,0.0,0.0,0.0,1.0,1.0,0.0
36,165,8.44279634268602,7.727907903888484,1.0,1.0,1.0,0.0,0.0,0.0
37,165,8.109210234442061,10.428533774022036,0.0,0.0,0.0,0.0,0.0,1.0
38,165,3.2439071556886674,0.4478668118728762,0.0,1.0,0.0,0.0,1.0,0.0
39,165,4.402154621889137,1.906516796648492,0.0,0.0,0.0,0.0,1.0,0.0
0,170,8.88903610702713,6.280769549197906,1.0,0.0,1.0,0.0,1.0,0.0
1,170,12.0,6.194196235925901,0.0,1.0,0.0,0.0,0.0,0.0
2,170,11.980185879236272,11.696663279507328,0.0,0.0,1.0,0.0,0.0,1.0
3,170,11.806826368598172,2.388470154322163,1.0,0.0,1.0,1.0,0.0,0.0
4,170,12.0,4.149200381713536,0.0,0.0,1.0,1.0,0.0,1.0
5,170,10.27741487801904,3.788783495865698,0.0,1.0,0.0,0.0,0.0,1.0
6,170,9.381477770965985,2.0566188624380417,0.0,1.0,1.0,0.0,1.0,0.0
7,170,5.524390248000566,8.60889330321764,1.0,0.0,1.0,0.0,1.0,0.0
8,170,10.42285455193704,1.444831644768686,0.0,0.0,0.0,0.0,0.0,0.0
9,170,5.526527889590592,2.075308169725881,0.0,0.0,0.0,0.0,1.0,0.0
10,170,2.897699244464196,2.3055611027495764,1.0,1.0,1.0,0.0,0.0,0.0
11,170,3.804120947365246,9.972983012570996,1.0,0.0,0.0,0.0,0.0,1.0
12,170,9.058229908484003,0.0,0.0,1.0,1.0,0.0,1.0,0.0
13,170,0.0,12.0,1.0,0.0,0.0,0.0,1.0,0.0
14,170,10.6341049440563,0.8449601357112618,0.0,1.0,0.0,1.0,0.0,1.0
15,170,9.280348431031843,7.346915495716999,1.0,1.0,0.0,0.0,1.0,1.0
16,170,12.0,2.1117982962672093,0.0,0.0,1.0,0.0,1.0,0.0
17,170,5.661272303682357,8.38542286329689,1.0,1.0,0.0,1.0,0.0,0.0
18,170,4.469683317109202,3.307554878979114,1.0,0.0,0.0,1.0,0.0,0.0
19,170,3.677692073893985,4.768157281994329,0.0,0.0,0.0,0.0,0.0,0.0
20,170,7.229843188405481,2.8063729403557667,0.0,1.0,1.0,1.0,1.0,0.0
21,170,4.071929194472477,2.172136530451214,1.0,1.0,0.0,1.0,1.0,0.0
22,170,11.966224254247969,7.296195714561861,1.0,1.0,0.0,0.0,0.0,1.0
23,170,4.085463663696853,11.09078431571618,0.0,0.0,0.0,0.0,0.0,1.0
24,170,5.281528905056058,5.191788509048357,0.0,0.0,1.0,0.0,1.0,0.0
25,170,0.9883684357640666,10.474261949186603,1.0,0.0,1.0,0.0,1.0,0.0
26,170,12.0,7.7124623645508334,0.0,0.0,0.0,1.0,1.0,0.0
27,170,1.4125838641616335,9.436503971069833,0.0,0.0,0.0,0.0,0.0,0.0
28,170,1.107947399595314,4.745724647820266,1.0,0.0,0.0,0.0,1.0,0.0
29,170,6.847626389609767,7.934104647292133,0.0,0.0,1.0,0.0,1.0,1.0
30,170,5.208791909425639,3.2171986098886878,0.0,0.0,1.0,0.0,0.0,0.0
31,170,2.7383048596734687,1.4937840509944065,0.0,1.0,0.0,0.0,1.0,0.0
32,170,9.878588591257172,9.370107081897654,1.0,1.0,1.0,0.0,1.0,1.0
33,170,3.3864819424531785,6.466277146494171,1.0,1.0,1.0,1.0,0.0,0.0
34,170,12.0,5.634494980695451,0.0,1.0,0.0,0.0,0.0,0.0
35,170,2.9295507303333808,0.0,0.0,0.0,0.0,1.0,1.0,0.0
36,170,8.332329633786935,7.756360947961528,1.0,1.0,1.0,0.0,0.0,0.0
37,170,8.195291478236678,10.40750914711924,0.0,0.0,0.0,0.0,0.0,1.0
38,170,3.284167934087167,0.4243380077115603,0.0,1.0,0.0,0.0,1.0,0.0
39,170,4.448263389422988,1.7824920040715468,0.0,0.0,0.0,0.0,1.0,0.0
0,175,9.101138396795788,6.442238810971396,1.0,0.0,1.0,0.0,1.0,0.0
1,175,12.0,6.148916172547834,0.0,1.0,0.0,0.0,0.0,0.0
2,175,11.974250564120206,11.707090892895264,0.0,0.0,1.0,0.0,0.0,1.0
3,175,11.852200251600586,2.337390073697005,1.0,0.0,1.0,1.0,0.0,0.0
4,175,12.0,4.261394829387958,0.0,0.0,1.0,1.0,0.0,1.0
5,175,10.293854485445836,3.7778190647853074,0.0,1.0,0.0,0.0,0.0,1.0
6,175,9.355616716334444,2.0140871398550586,0.0,1.0,1.0,0.0,1.0,0.0
7,175,5.484466185583655,8.652233474478617,1.0,0.0,1.0,0.0,1.0,0.0
8,175,10.405862012013758,1.4359510810765217,0.0,0.0,0.0,0.0,0.0,0.0
9,175,5.534618098190728,2.082225019271936,0.0,0.0,0.0,0.0,1.0,0.0
10,175,2.710611084835521,2.257062280941008,1.0,1.0,1.0,0.0,0.0,0.0
11,175,3.832174329008553,9.966183442599291,1.0,0.0,0.0,0.0,0.0,1.0
12,175,9.005497615636642,0.0,0.0,1.0,1.0,0.0,1.0,0.0
13,175,0.0,12.0,1.0,0.0,0.0,0.0,1.0,0.0
14,175,10.5322709922323,0.7760950204855193,0.0,1.0,0.0,1.0,0.0,1.0
15,175,9.212250510731812,7.408128299977031,1.0,1.0,0.0,0.0,1.0,1.0
16,175,12.0,2.128478485616839,0.0,0.0,1.0,0.0,1.0,0.0
17,175,5.697283837223906,8.339248573043655,1.0,1.0,0.0,1.0,0.0,0.0
18,175,4.421915355022271,3.335793441712412,1.0,0.0,0.0,1.0,0.0,0.0
19,175,3.697051024192124,4.822876947768363,0.0,0.0,0.0,0.0,0.0,0.0
20,175,7.217857973450847,2.8215946024535388,0.0,1.0,1.0,1.0,1.0,0.0
21,175,4.065153488409525,2.152343089121741,1.0,1.0,0.0,1.0,1.0,0.0
22,175,11.96461988239802,7.306006764269861,1.0,1.0,0.0,0.0,0.0,1.0
23,175,4.082169485287196,11.090760860899644,0.0,0.0,0.0,0.0,0.0,1.0
24,175,5.156984755912226,5.091417094323187,0.0,0.0,1.0,0.0,1.0,0.0
25,175,0.967667432078568,10.44634762248379,1.0,0.0,1.0,0.0,1.0,0.0
26,175,12.0,7.653503795497102,0.0,0.0,0.0,1.0,1.0,0.0
27,175,1.4221668201145286,9.459878948267784,0.0,0.0,0.0,0.0,0.0,0.0
28,175,1.1147887509905243,4.723677453405475,1.0,0.0,0.0,0.0,1.0,0.0
29,175,6.8557142779254825,7.941304206561304,0.0,0.0,1.0,0.0,1.0,1.0
30,175,5.150515216628955,3.2548077096180887,0.0,0.0,1.0,0.0,0.0,0.0
31,175,2.723997545641317,1.4671907404833997,0.0,1.0,0.0,0.0,1.0,0.0
32,175,9.955371665478005,9.45496515814253,1.0,1.0,1.0,0.0,1.0,1.0
33,175,3.166881228642653,6.4504216109509445,1.0,1.0,1.0,1.0,0.0,0.0
34,175,12.0,5.5630796970354695,0.0,1.0,0.0,0.0,0.0,0.0
35,175,2.9367858091794696,0.0,0.0,0.0,0.0,1.0,1.0,0.0
36,175,8.21463130231357,7.784269877317223,1.0,1.0,1.0,0.0,0.0,0.0
37,175,8.277281766402972,10.386215189898104,0.0,0.0,0.0,0.0,0.0,1.0
38,175,3.317777262282985,0.4049623113174906,0.0,1.0,0.0,0.0,1.0,0.0
39,175,4.497569226276728,1.6476743643335958,0.0,0.0,0.0,0.0,1.0,0.0
0,180,9.310314340857518,6.602441217963204,1.0,0.0,1.0,0.0,1.0,0.0
1,180,12.0,6.099529049476546,0.0,1.0,0.0,0.0,0.0,0.0
2,180,11.96040580245756,11.729958998200727,0.0,0.0,1.0,0.0,0.0,1.0
3,180,11.901584413508123,2.284745597720049,1.0,0.0,1.0,1.0,0.0,0.0
4,180,12.0,4.36543193986383,0.0,0.0,1.0,1.0,0.0,1.0
5,180,10.30697210744584,3.768620050430098,0.0,1.0,0.0,0.0,0.0,1.0
6,180,9.316056082194804,1.9490682838555828,0.0,1.0,1.0,0.0,1.0,0.0
7,180,5.433832586462887,8.706689500920607,1.0,0.0,1.0,0.0,1.0,0.0
8,180,10.386518421824718,1.4260644534967373,0.0,0.0,0.0,0.0,0.0,0.0
9,180,5.5279337395252055,2.0765196140424003,0.0,0.0,0.0,0.0,1.0,0.0
10,180,2.548886781012044,2.2161980393690057,1.0,1.0,1.0,0.0,0.0,0.0
11,180,3.860880011297029,9.95984740397442,1.0,0.0,0.0,0.0,0.0,1.0
12,180,8.947951596295681,0.0,0.0,1.0,1.0,0.0,1.0,0.0
13,180,0.0,12.0,1.0,0.0,0.0,0.0,1.0,0.0
14,180,10.423868936453962,0.7005380496637629,0.0,1.0,0.0,1.0,0.0,1.0
15,180,9.123858858493112,7.48360198972601,1.0,1.0,0.0,0.0,1.0,1.0
16,180,12.0,2.1482646638745706,0.0,0.0,1.0,0.0,1.0,0.0
17,180,5.736077157293425,8.283599762193402,1.0,1.0,0.0,1.0,0.0,0.0
18,180,4.376099427966077,3.3625048846376235,1.0,0.0,0.0,1.0,0.0,0.0
19,180,3.638590888555481,4.842005206712148,0.0,0.0,0.0,0.0,0.0,0.0
20,180,7.208208389582753,2.8343704869373454,0.0,1.0,1.0,1.0,1.0,0.0
21,180,4.056398198394593,2.127731031261959,1.0,1.0,0.0,1.0,1.0,0.0
22,180,11.962004424577016,7.323065793185661,1.0,1.0,0.0,0.0,0.0,1.0
23,180,4.104675960396002,11.090691611788476,0.0,0.0,0.0,0.0,0.0,1.0
24,180,5.032957733682841,4.994174672199491,0.0,0.0,1.0,0.0,1.0,0.0
25,180,0.9532727799377778,10.42859632665498,1.0,0.0,1.0,0.0,1.0,0.0
26,180,12.0,7.583305975164303,0.0,0.0,0.0,1.0,1.0,0.0
27,180,1.4333441686350932,9.486965151853664,0.0,0.0,0.0,0.0,0.0,0.0
28,180,1.124013277271259,4.692930670559697,1.0,0.0,0.0,0.0,1.0,0.0
29,180,6.882167381407153,7.964735169233802,0.0,0.0,1.0,0.0,1.0,1.0
30,180,5.187622980130752,3.3111863813859763,0.0,0.0,1.0,0.0,0.0,0.0
31,180,2.718714226677453,1.4577511063749276,0.0,1.0,0.0,0.0,1.0,0.0
32,180,10.034232455446592,9.53894404417539,1.0,1.0,1.0,0.0,1.0,1.0
33,180,3.147864199704756,6.668065771360845,1.0,1.0,1.0,1.0,0.0,0.0
34,180,12.0,5.501114392044305,0.0,1.0,0.0,0.0,0.0,0.0
35,180,2.937558200432888,0.0,0.0,0.0,0.0,1.0,1.0,0.0
36,180,8.104264688101681,7.812596223954166,1.0,1.0,1.0,0.0,0.0,0.0
37,180,8.347430974825713,10.367351383477612,0.0,0.0,0.0,0.0,0.0,1.0
38,180,3.3464142918259423,0.3882142871456404,0.0,1.0,0.0,0.0,1.0,0.0
39,180,4.555421734602387,1.4940594031361014,0.0,0.0,0.0,0.0,1.0,0.0
0,185,9.154911786624016,6.800048281709744,1.0,0.0,1.0,0.0,1.0,0.0
1,185,12.0,6.054069868639372,0.0,1.0,0.0,0.0,0.0,0.0
2,185,11.950604100807515,11.746198299341737,0.0,0.0,1.0,0.0,0.0,1.0
3,185,11.953551632110242,2.228490534806939,1.0,0.0,1.0,1.0,0.0,0.0
4,185,12.0,4.486239880706163,0.0,0.0,1.0,1.0,0.0,1.0
5,185,10.286925489437964,3.739288340141891,0.0,1.0,0.0,0.0,0.0,1.0
6,185,9.275555458593775,1.879228981066304,0.0,1.0,1.0,0.0,1.0,0.0
7,185,5.371855347405441,8.772211475578757,1.0,0.0,1.0,0.0,1.0,0.0
8,185,10.346782708034926,1.4058685561656907,0.0,0.0,0.0,0.0,0.0,0.0
9,185,5.517200694669897,2.06735575961775,0.0,0.0,0.0,0.0,1.0,0.0
10,185,2.375901343063409,2.1678593053651087,1.0,1.0,1.0,0.0,0.0,0.0
11,185,3.8769924617591824,9.956171940146238,1.0,0.0,0.0,0.0,0.0,1.0
12,185,8.892056013247455,0.0,0.0,1.0,1.0,0.0,1.0,0.0
13,185,0.0,12.0,1.0,0.0,0.0,0.0,1.0,0.0
14,185,10.336339918251278,0.6395254557163239,0.0,1.0,0.0,1.0,0.0,1.0
15,185,9.028991519046494,7.55658385340433,1.0,1.0,0.0,0.0,1.0,1.0
16,185,12.0,2.168956080156385,0.0,0.0,1.0,0.0,1.0,0.0
17,185,5.769969264158906,8.235046007960202,1.0,1.0,0.0,1.0,0.0,0.0
18,185,4.321620092520246,3.392856997221707,1.0,0.0,0.0,1.0,0.0,0.0
19,185,3.594545843106331,4.856974511868744,0.0,0.0,0.0,0.0,0.0,0.0
20,185,7.2047532796534295,2.838732236586357,0.0,1.0,1.0,1.0,1.0,0.0
21,185,4.05689902504784,2.129098175323892,1.0,1.0,0.0,1.0,1.0,0.0
22,185,11.962426388679065,7.320612716809723,1.0,1.0,0.0,0.0,0.0,1.0
23,185,4.110490313734521,11.090680771744632,0.0,0.0,0.0,0.0,0.0,1.0
24,185,4.925602730533405,4.908134730478767,0.0,0.0,1.0,0.0,1.0,0.0
25,185,0.9378969056520196,10.409965937652654,1.0,0.0,1.0,0.0,1.0,0.0
26,185,12.0,7.515636564146931,0.0,0.0,0.0,1.0,1.0,0.0
27,185,1.4432155177554196,9.51206288345022,0.0,0.0,0.0,0.0,0.0,0.0
28,185,1.1312534212585197,4.670640777686987,1.0,0.0,0.0,0.0,1.0,0.0
29,185,6.916310533165586,7.994221109079293,0.0,0.0,1.0,0.0,1.0,1.0
30,185,5.227507533453441,3.3712999199347107,0.0,0.0,1.0,0.0,0.0,0.0
31,185,2.708019482914096,1.4379602802749771,0.0,1.0,0.0,0.0,1.0,0.0
32,185,10.100542267574614,9.605934469438276,1.0,1.0,1.0,0.0,1.0,1.0
33,185,3.121741488926037,6.903411294358861,1.0,1.0,1.0,1.0,0.0,0.0
34,185,12.0,5.449069566588225,0.0,1.0,0.0,0.0,0.0,0.0
35,185,2.946170408034036,0.0,0.0,0.0,0.0,1.0,1.0,0.0
36,185,7.990916980343409,7.8434140795776734,1.0,1.0,1.0,0.0,0.0,0.0
37,185,8.415673685352118,10.348649413039968,0.0,0.0,0.0,0.0,0.0,1.0
38,185,3.396294899171856,0.3601706745897114,0.0,1.0,0.0,0.0,1.0,0.0
39,185,4.606651473692512,1.3462189921804053,0.0,0.0,0.0,0.0,1.0,0.0
0,190,9.015140709235885,6.989020279011941,1.0,0.0,1.0,0.0,1.0,0.0
1,190,12.0,6.01237746843263,0.0,1.0,0.0,0.0,0.0,0.0
2,190,11.943537452657525,11.758364336618628,0.0,0.0,1.0,0.0,0.0,1.0
3,190,11.994113523837438,2.184220498456652,1.0,0.0,1.0,1.0,0.0,0.0
4,190,12.0,4.615913593082202,0.0,0.0,1.0,1.0,0.0,1.0
5,190,10.266404915946332,3.7095326783187192,0.0,1.0,0.0,0.0,0.0,1.0
6,190,9.22647131016486,1.7935005521523255,0.0,1.0,1.0,0.0,1.0,0.0
7,190,5.30420588971152,8.84416062771921,1.0,0.0,1.0,0.0,1.0,0.0
8,190,10.30769012542356,1.3856591611631244,0.0,0.0,0.0,0.0,0.0,0.0
9,190,5.51940068342634,2.069318012262238,0.0,0.0,0.0,0.0,1.0,0.0
10,190,2.214122749486249,2.1187899975845848,1.0,1.0,1.0,0.0,0.0,0.0
11,190,3.907237093344336,9.949469009762735,1.0,0.0,0.0,0.0,0.0,1.0
12,190,8.831267480162989,0.0,0.0,1.0,1.0,0.0,1.0,0.0
13,190,0.0,12.0,1.0,0.0,0.0,0.0,1.0,0.0
14,190,10.265035406380566,0.588368322958663,0.0,1.0,0.0,1.0,0.0,1.0
15,190,8.929051834883534,7.625837153466054,1.0,1.0,0.0,0.0,1.0,1.0
16,190,12.0,2.1959009974485264,0.0,0.0,1.0,0.0,1.0,0.0
17,190,5.795256891717868,8.201183168752179,1.0,1.0,0.0,1.0,0.0,0.0
18,190,4.266439053697106,3.423989174412646,1.0,0.0,0.0,1.0,0.0,0.0
19,190,3.56429029345948,4.866711195961528,0.0,0.0,0.0,0.0,0.0,0.0
20,190,7.209850506761268,2.832346251255004,0.0,1.0,1.0,1.0,1.0,0.0
21,190,4.052476097156499,2.117531159273809,1.0,1.0,0.0,1.0,1.0,0.0
22,190,11.963075272676557,7.316884014365355,1.0,1.0,0.0,0.0,0.0,1.0
23,190,4.103920162964656,11.090859287632696,0.0,0.0,0.0,0.0,0.0,1.0
24,190,4.815123948070073,4.818405812628322,0.0,0.0,1.0,0.0,1.0,0.0
25,190,0.9274355731396636,10.39718895910763,1.0,0.0,1.0,0.0,1.0,0.0
26,190,12.0,7.446602919854349,0.0,0.0,0.0,1.0,1.0,0.0
27,190,1.4497589187339777,9.528589715948373,0.0,0.0,0.0,0.0,0.0,0.0
28,190,1.1470458656295623,4.622811537947572,1.0,0.0,0.0,0.0,1.0,0.0
29,190,6.975526995279986,8.044046320817989,0.0,0.0,1.0,0.0,1.0,1.0
30,190,5.267158927876645,3.427959092125323,0.0,0.0,1.0,0.0,0.0,0.0
31,190,2.7048124594070178,1.431961907559705,0.0,1.0,0.0,0.0,1.0,0.0
32,190,10.162295570018625,9.666989599298416,1.0,1.0,1.0,0.0,1.0,1.0
33,190,3.0927789061404054,7.150066680347671,1.0,1.0,1.0,1.0,0.0,0.0
34,190,12.0,5.390527007702056,0.0,1.0,0.0,0.0,0.0,0.0
35,190,2.955550028472643,0.0,0.0,0.0,0.0,1.0,1.0,0.0
36,190,7.895747194151432,7.870125785986834,1.0,1.0,1.0,0.0,0.0,0.0
37,190,8.486798582942729,10.32906617769546,0.0,0.0,0.0,0.0,0.0,1.0
38,190,3.453670814227378,0.3301357346859722,0.0,1.0,0.0,0.0,1.0,0.0
39,190,4.655399055492564,1.1939324755397491,0.0,0.0,0.0,0.0,1.0,0.0
0,195,8.881699957019316,7.183416000218308,1.0,0.0,1.0,0.0,1.0,0.0
1,195,12.0,5.971959474649016,0.0,1.0,0.0,0.0,0.0,0.0
2,195,11.933350016556524,11.77692962390706,0.0,0.0,1.0,0.0,0.0,1.0
3,195,12.0,2.1339607184862253,1.0,0.0,1.0,1.0,0.0,0.0
4,195,12.0,4.736085187441989,0.0,0.0,1.0,1.0,0.0,1.0
5,195,10.24529825104042,3.678693457167952,0.0,1.0,0.0,0.0,0.0,1.0
6,195,9.178868608493037,1.7042591853637603,0.0,1.0,1.0,0.0,1.0,0.0
7,195,5.227077135063944,8.924038106030835,1.0,0.0,1.0,0.0,1.0,0.0
8,195,10.256662936247883,1.3572527761066122,0.0,0.0,0.0,0.0,0.0,0.0
9,195,5.531040953915288,2.0795144812639705,0.0,0.0,0.0,0.0,1.0,0.0
10,195,2.059414764796573,2.074689776233767,1.0,1.0,1.0,0.0,0.0,0.0
11,195,3.91656232453138,9.947436673203484,1.0,0.0,0.0,0.0,0.0,1.0
12,195,8.775957597066201,0.0,0.0,1.0,1.0,0.0,1.0,0.0
13,195,0.0,12.0,1.0,0.0,0.0,0.0,1.0,0.0
14,195,10.188480441537898,0.534894654899104,0.0,1.0,0.0,1.0,0.0,1.0
15,195,8.844506533204196,7.6847268114301395,1.0,1.0,0.0,0.0,1.0,1.0
16,195,12.0,2.215503533555391,0.0,0.0,1.0,0.0,1.0,0.0
17,195,5.799636282395412,8.195687808534984,1.0,1.0,0.0,1.0,0.0,0.0
18,195,4.238537863386664,3.4399198115082745,1.0,0.0,0.0,1.0,0.0,0.0
19,195,3.525603505301919,4.87962410572091,0.0,0.0,0.0,0.0,0.0,0.0
20,195,7.207996837345136,2.834655839348072,0.0,1.0,1.0,1.0,1.0,0.0
21,195,4.0463289878157305,2.1011682218276766,1.0,1.0,0.0,1.0,1.0,0.0
22,195,11.964419227980883,7.309945502030279,1.0,1.0,0.0,0.0,0.0,1.0
23,195,4.106540546920543,11.090811567672516,0.0,0.0,0.0,0.0,0.0,1.0
24,195,4.721971755408235,4.7482804511194425,0.0,0.0,1.0,0.0,1.0,0.0
25,195,0.917858043728348,10.385512011462382,1.0,0.0,1.0,0.0,1.0,0.0
26,195,12.0,7.368316522090172,0.0,0.0,0.0,1.0,1.0,0.0
27,195,1.4624400094637258,9.56010075541236,0.0,0.0,0.0,0.0,0.0,0.0
28,195,1.1563143423126574,4.59530529961584,1.0,0.0,0.0,0.0,1.0,0.0
29,195,7.021113663352488,8.083305049294859,0.0,0.0,1.0,0.0,1.0,1.0
30,195,5.299188896973623,3.473450703355544,0.0,0.0,1.0,0.0,0.0,0.0
31,195,2.680996494368458,1.4445411640039885,0.0,1.0,0.0,0.0,1.0,0.0
32,195,10.219429970384343,9.723140748974789,1.0,1.0,1.0,0.0,1.0,1.0
33,195,3.061305866512805,7.392372874328752,1.0,1.0,1.0,1.0,0.0,0.0
34,195,12.0,5.332550744072652,0.0,1.0,0.0,0.0,0.0,0.0
35,195,2.9674785358411437,0.0,0.0,0.0,0.0,1.0,1.0,0.0
36,195,7.782019514923457,7.901061826089841,1.0,1.0,1.0,0.0,0.0,0.0
37,195,8.460019150489531,10.234774957653132,0.0,0.0,0.0,0.0,0.0,1.0
38,195,3.499685222704689,0.3053966640889674,0.0,1.0,0.0,0.0,1.0,0.0
39,195,4.704951097040805,1.0447961300093684,0.0,0.0,0.0,0.0,1.0,0.0
0,200,8.74842508485612,7.37683432996921,1.0,0.0,1.0,0.0,1.0,0.0
1,200,12.0,5.931790217006087,0.0,1.0,0.0,0.0,0.0,0.0
2,200,11.909617425873638,11.818314268990116,0.0,0.0,1.0,0.0,0.0,1.0
3,200,12.0,2.0782845950983937,1.0,0.0,1.0,1.0,0.0,0.0
4,200,12.0,4.848840211601963,0.0,0.0,1.0,1.0,0.0,1.0
5,200,10.224044444748168,3.649223076966268,0.0,1.0,0.0,0.0,0.0,1.0
6,200,9.13006652922446,1.605963976069071,0.0,1.0,1.0,0.0,1.0,0.0
7,200,5.150169971711756,9.009873009548544,1.0,0.0,1.0,0.0,1.0,0.0
8,200,10.19495912210607,1.3243146234991845,0.0,0.0,0.0,0.0,0.0,0.0
9,200,5.532696698276799,2.080931121807882,0.0,0.0,0.0,0.0,1.0,0.0
10,200,1.905111896541016,2.0368298747951687,1.0,1.0,1.0,0.0,0.0,0.0
11,200,3.932087741217643,9.944160504592285,1.0,0.0,0.0,0.0,0.0,1.0
12,200,8.729583984504236,0.0,0.0,1.0,1.0,0.0,1.0,0.0
13,200,0.0,12.0,1.0,0.0,0.0,0.0,1.0,0.0
14,200,10.108926623587896,0.4825182176894733,0.0,1.0,0.0,1.0,0.0,1.0
15,200,8.754585997682025,7.750143406982404,1.0,1.0,0.0,0.0,1.0,1.0
16,200,12.0,2.2382462537767327,0.0,0.0,1.0,0.0,1.0,0.0
17,200,5.808953209074338,8.184267629457743,1.0,1.0,0.0,1.0,0.0,0.0
18,200,4.227936654616084,3.4458710515442594,1.0,0.0,0.0,1.0,0.0,0.0
19,200,3.473868954892795,4.896196546488285,0.0,0.0,0.0,0.0,0.0,0.0
20,200,7.224804863999196,2.8128783363083807,0.0,1.0,1.0,1.0,1.0,0.0
21,200,4.0428867286799175,2.0915260405404537,1.0,1.0,0.0,1.0,1.0,0.0
22,200,11.967827700608993,7.286889059473085,1.0,1.0,0.0,0.0,0.0,1.0
23,200,4.109409646341721,11.090831244573335,0.0,0.0,0.0,0.0,0.0,1.0
24,200,4.62659630768264,4.675215062378558,0.0,0.0,1.0,0.0,1.0,0.0
25,200,0.910489984559636,10.376386388576648,1.0,0.0,1.0,0.0,1.0,0.0
26,200,12.0,7.293049140950538,0.0,0.0,0.0,1.0,1.0,0.0
27,200,1.4745821107587245,9.590659519478612,0.0,0.0,0.0,0.0,0.0,0.0
28,200,1.164307076689341,4.572519297527312,1.0,0.0,0.0,0.0,1.0,0.0
29,200,7.07414131997406,8.12825276025778,0.0,0.0,1.0,0.0,1.0,1.0
30,200,5.338154728354843,3.5292300717262743,0.0,0.0,1.0,0.0,0.0,0.0
31,200,2.633687324611181,1.469825823422779,0.0,1.0,0.0,0.0,1.0,0.0
32,200,10.291772418453151,9.795299226116036,1.0,1.0,1.0,0.0,1.0,1.0
33,200,3.025993346495288,7.617122067972595,1.0,1.0,1.0,1.0,0.0,0.0
34,200,12.0,5.261017407400866,0.0,1.0,0.0,0.0,0.0,0.0
35,200,2.966119924820718,0.0015133504423549,0.0,0.0,0.0,1.0,1.0,0.0
36,200,7.668175888908915,7.930165094253809,1.0,1.0,1.0,0.0,0.0,0.0
37,200,8.427439189015118,10.124575254568288,0.0,0.0,0.0,0.0,0.0,1.0
38,200,3.5552813822275247,0.2766647108560339,0.0,1.0,0.0,0.0,1.0,0.0
39,200,4.752874453118818,0.8867892704140591,0.0,0.0,0.0,0.0,1.0,0.0
0,205,8.6235184875925,7.559340965013841,1.0,0.0,1.0,0.0,1.0,0.0
1,205,12.0,5.889625418230911,0.0,1.0,0.0,0.0,0.0,0.0
2,205,11.871755765305329,11.88324818111907,0.0,0.0,1.0,0.0,0.0,1.0
3,205,12.0,2.005192354165158,1.0,0.0,1.0,1.0,0.0,0.0
4,205,12.0,4.973358724208757,0.0,0.0,1.0,1.0,0.0,1.0
5,205,10.200795131648908,3.617966945049069,0.0,1.0,0.0,0.0,0.0,1.0
6,205,9.076425645622871,1.4994775374064455,0.0,1.0,1.0,0.0,1.0,0.0
7,205,5.074683282955044,9.099036984489166,1.0,0.0,1.0,0.0,1.0,0.0
8,205,10.127436170712429,1.2874680881181668,0.0,0.0,0.0,0.0,0.0,0.0
9,205,5.541269241136336,2.088417941582472,0.0,0.0,0.0,0.0,1.0,0.0
10,205,1.7597425066312768,1.998775618510832,1.0,1.0,1.0,0.0,0.0,0.0
11,205,3.9475970985793047,9.94078402810027,1.0,0.0,0.0,0.0,0.0,1.0
12,205,8.680435674836014,0.0,0.0,1.0,1.0,0.0,1.0,0.0
13,205,0.0,12.0,1.0,0.0,0.0,0.0,1.0,0.0
14,205,10.045288557181498,0.4402123708858554,0.0,1.0,0.0,1.0,0.0,1.0
15,205,8.654612053450508,7.821801730095628,1.0,1.0,0.0,0.0,1.0,1.0
16,205,12.0,2.2584812731240613,0.0,0.0,1.0,0.0,1.0,0.0
17,205,5.815042176782881,8.176930400805341,1.0,1.0,0.0,1.0,0.0,0.0
18,205,4.209438694611156,3.455714230479565,1.0,0.0,0.0,1.0,0.0,0.0
19,205,3.4252420229874536,4.911285557012535,0.0,0.0,0.0,0.0,0.0,0.0
20,205,7.226514394061093,2.810742061101932,0.0,1.0,1.0,1.0,1.0,0.0
21,205,4.042185623448894,2.08955329596134,1.0,1.0,0.0,1.0,1.0,0.0
22,205,11.970313505738716,7.2683022256137875,1.0,1.0,0.0,0.0,0.0,1.0
23,205,4.117401266982549,11.091046358755367,0.0,0.0,0.0,0.0,0.0,1.0
24,205,4.5287256065815376,4.597654471305673,0.0,0.0,1.0,0.0,1.0,0.0
25,205,0.8942648562938162,10.35688856701036,1.0,0.0,1.0,0.0,1.0,0.0
26,205,12.0,7.208959044842373,0.0,0.0,0.0,1.0,1.0,0.0
27,205,1.4810730562504897,9.605289960503804,0.0,0.0,0.0,0.0,0.0,0.0
28,205,1.1680443519185268,4.561400918499094,1.0,0.0,0.0,0.0,1.0,0.0
29,205,7.139892789328756,8.186186003421234,0.0,0.0,1.0,0.0,1.0,1.0
30,205,5.368721714233255,3.571989269778848,0.0,0.0,1.0,0.0,0.0,0.0
31,205,2.5756062184214623,1.501408911075045,0.0,1.0,0.0,0.0,1.0,0.0
32,205,10.347530784946406,9.849491447546004,1.0,1.0,1.0,0.0,1.0,1.0
33,205,2.991818572802853,7.828642577867824,1.0,1.0,1.0,1.0,0.0,0.0
34,205,12.0,5.199503835298564,0.0,1.0,0.0,0.0,0.0,0.0
35,205,2.961567644405505,0.0065464976028488,0.0,0.0,0.0,1.0,1.0,0.0
36,205,7.563550448383829,7.952258106162961,1.0,1.0,1.0,0.0,0.0,0.0
37,205,8.399244876916205,10.031072429490695,0.0,0.0,0.0,0.0,0.0,1.0
38,205,3.608256922828262,0.2505492214547123,0.0,1.0,0.0,0.0,1.0,0.0
39,205,4.792766714777739,0.7396532423155194,0.0,0.0,0.0,0.0,1.0,0.0
0,210,8.495430995855186,7.747754245828903,1.0,0.0,1.0,0.0,1.0,0.0
1,210,12.0,5.848930138367598,0.0,1.0,0.0,0.0,0.0,0.0
2,210,11.824060441487427,11.966589069143865,0.0,0.0,1.0,0.0,0.0,1.0
3,210,12.0,1.9278028836488064,1.0,0.0,1.0,1.0,0.0,0.0
4,210,12.0,5.090143895579844,0.0,0.0,1.0,1.0,0.0,1.0
5,210,10.184692036629944,3.5959531701909304,0.0,1.0,0.0,0.0,0.0,1.0
6,210,9.029100321557724,1.4082972903957514,0.0,1.0,1.0,0.0,1.0,0.0
7,210,5.002525252451018,9.18579513773829,1.0,0.0,1.0,0.0,1.0,0.0
8,210,10.08357620915574,1.263674891023961,0.0,0.0,0.0,0.0,0.0,0.0
9,210,5.558624136184389,2.1034231824761767,0.0,0.0,0.0,0.0,1.0,0.0
10,210,1.5982113466506869,1.959067572759063,1.0,1.0,1.0,0.0,0.0,0.0
11,210,3.961654684336102,9.93790108635053,1.0,0.0,0.0,0.0,0.0,1.0
12,210,8.623204984814013,0.0,0.0,1.0,1.0,0.0,1.0,0.0
13,210,0.0,12.0,1.0,0.0,0.0,0.0,1.0,0.0
14,210,9.978881904234632,0.3973887267640728,0.0,1.0,0.0,1.0,0.0,1.0
15,210,8.561163125584773,7.890084961049484,1.0,1.0,0.0,0.0,1.0,1.0
16,210,12.0,2.278272118960897,0.0,0.0,1.0,0.0,1.0,0.0
17,210,5.838179716296681,8.150499631132313,1.0,1.0,0.0,1.0,0.0,0.0
18,210,4.1940774534351055,3.4634050227661675,1.0,0.0,0.0,1.0,0.0,0.0
19,210,3.375131906144152,4.927060173296384,0.0,0.0,0.0,0.0,0.0,0.0
20,210,7.245643669945869,2.7848542276633363,0.0,1.0,1.0,1.0,1.0,0.0
21,210,4.03936927066854,2.0823464934530542,1.0,1.0,0.0,1.0,1.0,0.0
22,210,11.97316176541601,7.248454575402575,1.0,1.0,0.0,0.0,0.0,1.0
23,210,4.116818121939518,11.091009222253229,0.0,0.0,0.0,0.0,0.0,1.0
24,210,4.43018665924289,4.523077132754612,0.0,0.0,1.0,0.0,1.0,0.0
25,210,0.8737164270226985,10.33312782495704,1.0,0.0,1.0,0.0,1.0,0.0
26,210,12.0,7.134999225926806,0.0,0.0,0.0,1.0,1.0,0.0
27,210,1.487364944882383,9.618806978439538,0.0,0.0,0.0,0.0,0.0,0.0
28,210,1.171759026286707,4.550897376921272,1.0,0.0,0.0,0.0,1.0,0.0
29,210,7.203867902246546,8.238849462836319,0.0,0.0,1.0,0.0,1.0,1.0
30,210,5.395854144789568,3.6101262611497766,0.0,0.0,1.0,0.0,0.0,0.0
31,210,2.5026078516728867,1.540759275303369,0.0,1.0,0.0,0.0,1.0,0.0
32,210,10.414822301772777,9.914891654020794,1.0,1.0,1.0,0.0,1.0,1.0
33,210,2.955860027765331,8.024697305548237,1.0,1.0,1.0,1.0,0.0,0.0
34,210,12.0,5.141066696780335,0.0,1.0,0.0,0.0,0.0,0.0
35,210,2.9497093164010644,0.0,0.0,0.0,0.0,1.0,1.0,0.0
36,210,7.437195715072473,7.983552558184407,1.0,1.0,1.0,0.0,0.0,0.0
37,210,8.369422960027235,9.933328649179044,0.0,0.0,0.0,0.0,0.0,1.0
38,210,3.640653635065761,0.2340272348321786,0.0,1.0,0.0,0.0,1.0,0.0
39,210,4.834298859269621,0.5823699834644298,0.0,0.0,0.0,0.0,1.0,0.0
0,215,8.376247041457457,7.923779563189709,1.0,0.0,1.0,0.0,1.0,0.0
1,215,12.0,5.810866718508071,0.0,1.0,0.0,0.0,0.0,0.0
2,215,11.770783589905363,12.0,0.0,0.0,1.0,0.0,0.0,1.0
3,215,12.0,1.968786414370289,1.0,0.0,1.0,1.0,0.0,0.0
4,215,12.0,5.204660236724891,0.0,0.0,1.0,1.0,0.0,1.0
5,215,10.157971986346524,3.558529042058556,0.0,1.0,0.0,0.0,0.0,1.0
6,215,8.981530632008006,1.3126877666702643,0.0,1.0,1.0,0.0,1.0,0.0
7,215,4.946269434699532,9.256238449550189,1.0,0.0,1.0,0.0,1.0,0.0
8,215,10.037310988634909,1.2379258098849046,0.0,0.0,0.0,0.0,0.0,0.0
9,215,5.576957753584759,2.118292364562121,0.0,0.0,0.0,0.0,1.0,0.0
10,215,1.4490837064363735,1.923373641639297,1.0,1.0,1.0,0.0,0.0,0.0
11,215,3.962883500294942,9.937656657714651,1.0,0.0,0.0,0.0,0.0,1.0
12,215,8.580167805838903,0.0,0.0,1.0,1.0,0.0,1.0,0.0
13,215,0.0,12.0,1.0,0.0,0.0,0.0,1.0,0.0
14,215,9.915198312186591,0.3587423150121581,0.0,1.0,0.0,1.0,0.0,1.0
15,215,8.464752673912084,7.95944618187519,1.0,1.0,0.0,0.0,1.0,1.0
16,215,12.0,2.296670359471359,0.0,0.0,1.0,0.0,1.0,0.0
17,215,5.856824412270496,8.128062933413315,1.0,1.0,0.0,1.0,0.0,0.0
18,215,4.162911759377542,3.478261794794956,1.0,0.0,0.0,1.0,0.0,0.0
19,215,3.318910188443186,4.945383507392208,0.0,0.0,0.0,0.0,0.0,0.0
20,215,7.256425919669475,2.7713817043310267,0.0,1.0,1.0,1.0,1.0,0.0
21,215,4.045607718761177,2.0976952913303872,1.0,1.0,0.0,1.0,1.0,0.0
22,215,11.972776276669832,7.251181106006544,1.0,1.0,0.0,0.0,0.0,1.0
23,215,4.132158701732701,11.09173133060784,0.0,0.0,0.0,0.0,0.0,1.0
24,215,4.344260552697855,4.46159352849505,0.0,0.0,1.0,0.0,1.0,0.0
25,215,0.8413110758505602,10.294575471238767,1.0,0.0,1.0,0.0,1.0,0.0
26,215,12.0,7.0567203888983085,0.0,0.0,0.0,1.0,1.0,0.0
27,215,1.495006910955183,9.634684140824026,0.0,0.0,0.0,0.0,0.0,0.0
28,215,1.183050448597753,4.520320877104335,1.0,0.0,0.0,0.0,1.0,0.0
29,215,7.256942626700474,8.28084991091496,0.0,0.0,1.0,0.0,1.0,1.0
30,215,5.423217656910474,3.647912337289333,0.0,0.0,1.0,0.0,0.0,0.0
31,215,2.432756297399271,1.5776869100471127,0.0,1.0,0.0,0.0,1.0,0.0
32,215,10.47768706695451,9.975470242625486,1.0,1.0,1.0,0.0,1.0,1.0
33,215,2.9225967580225136,8.210880681527918,1.0,1.0,1.0,1.0,0.0,0.0
34,215,12.0,5.092285486838517,0.0,1.0,0.0,0.0,0.0,0.0
35,215,2.9601087851818857,0.0,0.0,0.0,0.0,1.0,1.0,0.0
36,215,7.338526741807202,8.006902586036633,1.0,1.0,1.0,0.0,0.0,0.0
37,215,8.33944474067569,9.830806114436832,0.0,0.0,0.0,0.0,0.0,1.0
38,215,3.682703275996372,0.2126796707118183,0.0,1.0,0.0,0.0,1.0,0.0
39,215,4.874729849225944,0.4237763709333728,0.0,0.0,0.0,0.0,1.0,0.0
0,220,8.25221528056416,8.093546826517558,1.0,0.0,1.0,0.0,1.0,0.0
1,220,12.0,5.773668538716843,0.0,1.0,0.0,0.0,0.0,0.0
2,220,11.71658419008529,12.0,0.0,0.0,1.0,0.0,0.0,1.0
3,220,12.0,2.007647618985489,1.0,0.0,1.0,1.0,0.0,0.0
4,220,12.0,5.312117004578567,0.0,0.0,1.0,1.0,0.0,1.0
5,220,10.122472547268137,3.5074132456128555,0.0,1.0,0.0,0.0,0.0,1.0
6,220,8.940342991536742,1.2326558268823713,0.0,1.0,1.0,0.0,1.0,0.0
7,220,4.893270150599683,9.321681363512008,1.0,0.0,1.0,0.0,1.0,0.0
8,220,9.991242062174395,1.2120049167799904,0.0,0.0,0.0,0.0,0.0,0.0
9,220,5.5966447767563965,2.1338274155472083,0.0,0.0,0.0,0.0,1.0,0.0
10,220,1.303491229033383,1.8872875687193096,1.0,1.0,1.0,0.0,0.0,0.0
11,220,3.9927185697971943,9.932101326132427,1.0,0.0,0.0,0.0,0.0,1.0
12,220,8.538083203145295,0.0,0.0,1.0,1.0,0.0,1.0,0.0
13,220,0.0,12.0,1.0,0.0,0.0,0.0,1.0,0.0
14,220,9.851977511378118,0.3190035282551665,0.0,1.0,0.0,1.0,0.0,1.0
15,220,8.37655163535758,8.0207947729018,1.0,1.0,0.0,0.0,1.0,1.0
16,220,12.0,2.3155179036267417,0.0,0.0,1.0,0.0,1.0,0.0
17,220,5.886701029461324,8.092240065767529,1.0,1.0,0.0,1.0,0.0,0.0
18,220,4.115581798994067,3.5006444066053426,1.0,0.0,0.0,1.0,0.0,0.0
19,220,3.2750221248357554,4.9594363204626655,0.0,0.0,0.0,0.0,0.0,0.0
20,220,7.278618980616232,2.7430315228833484,0.0,1.0,1.0,1.0,1.0,0.0
21,220,4.053960323325253,2.117403133030892,1.0,1.0,0.0,1.0,1.0,0.0
22,220,11.970048056151352,7.250813915601501,1.0,1.0,0.0,0.0,0.0,1.0
23,220,4.147706505175424,11.091817059965672,0.0,0.0,0.0,0.0,0.0,1.0
24,220,4.249002039725194,4.394206188196227,0.0,0.0,1.0,0.0,1.0,0.0
25,220,0.810687164184425,10.258716006286058,1.0,0.0,1.0,0.0,1.0,0.0
26,220,12.0,6.977271829657901,0.0,0.0,0.0,1.0,1.0,0.0
27,220,1.5008380319872736,9.647047155000289,0.0,0.0,0.0,0.0,0.0,0.0
28,220,1.1935528540435394,4.489021471587104,1.0,0.0,0.0,0.0,1.0,0.0
29,220,7.318045922285648,8.328658453147876,0.0,0.0,1.0,0.0,1.0,1.0
30,220,5.445353700773695,3.676787757506869,0.0,0.0,1.0,0.0,0.0,0.0
31,220,2.36384319507213,1.6123307216765328,0.0,1.0,0.0,0.0,1.0,0.0
32,220,10.434755336655767,10.02037539700741,1.0,1.0,1.0,0.0,1.0,1.0
33,220,2.897308761137193,8.395223157499524,1.0,1.0,1.0,1.0,0.0,0.0
34,220,12.0,5.045485183379924,0.0,1.0,0.0,0.0,0.0,0.0
35,220,2.957964151122136,0.0024411673748144,0.0,0.0,0.0,1.0,1.0,0.0
36,220,7.249092311906155,8.028987867600712,1.0,1.0,1.0,0.0,0.0,0.0
37,220,8.312140157193532,9.740009732201347,0.0,0.0,0.0,0.0,0.0,1.0
38,220,3.742035189573459,0.1815721358343144,0.0,1.0,0.0,0.0,1.0,0.0
39,220,4.9189364847173485,0.2493362609407463,0.0,0.0,0.0,0.0,1.0,0.0
0,225,8.141952408723746,8.251449602297958,1.0,0.0,1.0,0.0,1.0,0.0
1,225,12.0,5.739160636150894,0.0,1.0,0.0,0.0,0.0,0.0
2,225,11.66904006417818,12.0,0.0,0.0,1.0,0.0,0.0,1.0
3,225,12.0,2.044233927210161,1.0,0.0,1.0,1.0,0.0,0.0
4,225,12.0,5.4105681135261054,0.0,0.0,1.0,1.0,0.0,1.0
5,225,10.094473247614218,3.467683230296194,0.0,1.0,0.0,0.0,0.0,1.0
6,225,8.900117994211225,1.1523980275661423,0.0,1.0,1.0,0.0,1.0,0.0
7,225,4.836253343487913,9.388498419545153,1.0,0.0,1.0,0.0,1.0,0.0
8,225,9.944030036700685,1.185082714742331,0.0,0.0,0.0,0.0,0.0,0.0
9,225,5.611981569412438,2.1454167444022456,0.0,0.0,0.0,0.0,1.0,0.0
10,225,1.161203006409406,1.854447178041156,1.0,1.0,1.0,0.0,0.0,0.0
11,225,4.029687707814929,9.926116154559365,1.0,0.0,0.0,0.0,0.0,1.0
12,225,8.498588643457111,0.0,0.0,1.0,1.0,0.0,1.0,0.0
13,225,0.0,12.0,1.0,0.0,0.0,0.0,1.0,0.0
14,225,9.786282529734144,0.277734961625296,0.0,1.0,0.0,1.0,0.0,1.0
15,225,8.281807105064741,8.08797130642782,1.0,1.0,0.0,0.0,1.0,1.0
16,225,12.0,2.339388406130785,0.0,0.0,1.0,0.0,1.0,0.0
17,225,5.916761503700149,8.05740378020048,1.0,1.0,0.0,1.0,0.0,0.0
18,225,4.06938878415341,3.5219310716993264,1.0,0.0,0.0,1.0,0.0,0.0
19,225,3.220806151032161,4.9782856991898825,0.0,0.0,0.0,0.0,0.0,0.0
20,225,7.305283768758375,2.7089921628196696,0.0,1.0,1.0,1.0,1.0,0.0
21,225,4.07080311069579,2.158815783164401,1.0,1.0,0.0,1.0,1.0,0.0
22,225,11.973340960991306,7.251294171228293,1.0,1.0,0.0,0.0,0.0,1.0
23,225,4.149931994027441,11.09185379016737,0.0,0.0,0.0,0.0,0.0,1.0
24,225,4.157487639537033,4.329621157798547,0.0,0.0,1.0,0.0,1.0,0.0
25,225,0.7689741188968798,10.211644378135093,1.0,0.0,1.0,0.0,1.0,0.0
26,225,12.0,6.9179642329928,0.0,0.0,0.0,1.0,1.0,0.0
27,225,1.509276757235536,9.6642048324697,0.0,0.0,0.0,0.0,0.0,0.0
28,225,1.2042200272377326,4.454479325941448,1.0,0.0,0.0,0.0,1.0,0.0
29,225,7.385033167383458,8.380570576042063,0.0,0.0,1.0,0.0,1.0,1.0
30,225,5.462585817938325,3.7000512859063015,0.0,0.0,1.0,0.0,0.0,0.0
31,225,2.2854176179283923,1.6489781627802331,0.0,1.0,0.0,0.0,1.0,0.0
32,225,10.395858334402158,10.059701070813976,1.0,1.0,1.0,0.0,1.0,1.0
33,225,2.8760107844125864,8.587867546395056,1.0,1.0,1.0,1.0,0.0,0.0
34,225,12.0,5.000334417973965,0.0,1.0,0.0,0.0,0.0,0.0
35,225,2.951814762968044,0.00981919053089,0.0,0.0,0.0,1.0,1.0,0.0
36,225,7.156806992987792,8.050710434230913,1.0,1.0,1.0,0.0,0.0,0.0
37,225,8.284728185442056,9.66153378769732,0.0,0.0,0.0,0.0,0.0,1.0
38,225,3.7865849171263535,0.1576387273240223,0.0,1.0,0.0,0.0,1.0,0.0
39,225,4.960134681713238,0.0683450272358834,0.0,0.0,0.0,0.0,1.0,0.0
0,230,8.026983814645911,8.41628033430215,1.0,0.0,1.0,0.0,1.0,0.0
1,230,12.0,5.70288554803738,0.0,1.0,0.0,0.0,0.0,0.0
2,230,11.613675173188886,12.0,0.0,0.0,1.0,0.0,0.0,1.0
3,230,12.0,2.078361555836541,1.0,0.0,1.0,1.0,0.0,0.0
4,230,12.0,5.508305206541738,0.0,0.0,1.0,1.0,0.0,1.0
5,230,10.055158483764115,3.414529482799007,0.0,1.0,0.0,0.0,0.0,1.0
6,230,8.857068664591493,1.069211037580238,0.0,1.0,1.0,0.0,1.0,0.0
7,230,4.774552317357868,9.46766080799724,1.0,0.0,1.0,0.0,1.0,0.0
8,230,9.883563236374576,1.1494543726526787,0.0,0.0,0.0,0.0,0.0,0.0
9,230,5.605597563032405,2.1408109257022554,0.0,0.0,0.0,0.0,1.0,0.0
10,230,1.0132043784035851,1.8219680199059427,1.0,1.0,1.0,0.0,0.0,0.0
11,230,4.053932388546739,9.923073577671868,1.0,0.0,0.0,0.0,0.0,1.0
12,230,8.46936102913092,0.0,0.0,1.0,1.0,0.0,1.0,0.0
13,230,0.0,12.0,1.0,0.0,0.0,0.0,1.0,0.0
14,230,9.708250677708994,0.2324456813078302,0.0,1.0,0.0,1.0,0.0,1.0
15,230,8.181053171632659,8.154409091525682,1.0,1.0,0.0,0.0,1.0,1.0
16,230,12.0,2.3600573731319727,0.0,0.0,1.0,0.0,1.0,0.0
17,230,5.941237644049083,8.029971223367532,1.0,1.0,0.0,1.0,0.0,0.0
18,230,4.039931794756901,3.535468114429542,1.0,0.0,0.0,1.0,0.0,0.0
19,230,3.1643947676913124,4.997480327763139,0.0,0.0,0.0,0.0,0.0,0.0
20,230,7.342339372478272,2.661964524948361,0.0,1.0,1.0,1.0,1.0,0.0
21,230,4.0918074659036,2.2076611408762843,1.0,1.0,0.0,1.0,1.0,0.0
22,230,11.967214803746325,7.250470964248519,1.0,1.0,0.0,0.0,0.0,1.0
23,230,4.135037991503078,11.091617975773923,0.0,0.0,0.0,0.0,0.0,1.0
24,230,4.058844717802538,4.258833377412664,0.0,0.0,1.0,0.0,1.0,0.0
25,230,0.721593017151018,10.15745822705981,1.0,0.0,1.0,0.0,1.0,0.0
26,230,12.0,6.854211965005723,0.0,0.0,0.0,1.0,1.0,0.0
27,230,1.5227369011011558,9.69168872166047,0.0,0.0,0.0,0.0,0.0,0.0
28,230,1.2149501294008034,4.419779346532913,1.0,0.0,0.0,0.0,1.0,0.0
29,230,7.451216170244469,8.43251446033088,0.0,0.0,1.0,0.0,1.0,1.0
30,230,5.467363518538471,3.706456145491303,0.0,0.0,1.0,0.0,0.0,0.0
31,230,2.2110885792754176,1.6884323423320682,0.0,1.0,0.0,0.0,1.0,0.0
32,230,10.354501965902823,10.104061501338723,1.0,1.0,1.0,0.0,1.0,1.0
33,230,2.858948087425361,8.760989028964849,1.0,1.0,1.0,1.0,0.0,0.0
34,230,12.0,4.965077005925773,0.0,1.0,0.0,0.0,0.0,0.0
35,230,2.955636909280832,0.005179775144128,0.0,0.0,0.0,1.0,1.0,0.0
36,230,7.037936121584976,8.078053570670287,1.0,1.0,1.0,0.0,0.0,0.0
37,230,8.253916505066526,9.580339304224216,0.0,0.0,0.0,0.0,0.0,1.0
38,230,3.829746789160027,0.1352336400517517,0.0,1.0,0.0,0.0,1.0,0.0
39,230,5.003037067182059,0.0,0.0,0.0,0.0,0.0,1.0,0.0
0,235,7.924910905044209,8.574902365165299,1.0,0.0,1.0,0.0,1.0,0.0
1,235,12.0,5.669568557975629,0.0,1.0,0.0,0.0,0.0,0.0
2,235,11.551564464753756,12.0,0.0,0.0,1.0,0.0,0.0,1.0
3,235,12.0,2.1150113833427624,1.0,0.0,1.0,1.0,0.0,0.0
4,235,12.0,5.599799450322067,0.0,0.0,1.0,1.0,0.0,1.0
5,235,10.01522777587897,3.3602127832059594,0.0,1.0,0.0,0.0,0.0,1.0
6,235,8.81453015909387,0.9868999064207736,0.0,1.0,1.0,0.0,1.0,0.0
7,235,4.705415811985174,9.551334660427628,1.0,0.0,1.0,0.0,1.0,0.0
8,235,9.822321737277392,1.1118536594912949,0.0,0.0,0.0,0.0,0.0,0.0
9,235,5.5944157134459775,2.1331632917276653,0.0,0.0,0.0,0.0,1.0,0.0
10,235,0.8691678291515851,1.790270083709992,1.0,1.0,1.0,0.0,0.0,0.0
11,235,4.063413748839023,9.92250290094825,1.0,0.0,0.0,0.0,0.0,1.0
12,235,8.434689650296859,0.0,0.0,1.0,1.0,0.0,1.0,0.0
13,235,0.0,12.0,1.0,0.0,0.0,0.0,1.0,0.0
14,235,9.6602445368817,0.2047544377587163,0.0,1.0,0.0,1.0,0.0,1.0
15,235,8.08029895637404,8.218770086548739,1.0,1.0,0.0,0.0,1.0,1.0
16,235,12.0,2.382679094997749,0.0,0.0,1.0,0.0,1.0,0.0
17,235,5.959114665499136,8.010536403773639,1.0,1.0,0.0,1.0,0.0,0.0
18,235,4.00731831268889,3.550227554889332,1.0,0.0,0.0,1.0,0.0,0.0
19,235,3.096543327719076,5.0213017315984985,0.0,0.0,0.0,0.0,0.0,0.0
20,235,7.381909159168826,2.6119472135953994,0.0,1.0,1.0,1.0,1.0,0.0
21,235,4.107377474456247,2.2417376875120567,1.0,1.0,0.0,1.0,1.0,0.0
22,235,11.951422302994752,7.248199602414802,1.0,1.0,0.0,0.0,0.0,1.0
23,235,4.119611407026015,11.091331876146208,0.0,0.0,0.0,0.0,0.0,1.0
24,235,3.9632193116385377,4.188386576601072,0.0,0.0,1.0,0.0,1.0,0.0
25,235,0.6859202421778944,10.116764778586305,1.0,0.0,1.0,0.0,1.0,0.0
26,235,12.0,6.794576868115578,0.0,0.0,0.0,1.0,1.0,0.0
27,235,1.5387274760044318,9.722856118329748,0.0,0.0,0.0,0.0,0.0,0.0
28,235,1.233712982240871,4.36056063695932,1.0,0.0,0.0,0.0,1.0,0.0
29,235,7.519633822725906,8.488196938998891,0.0,0.0,1.0,0.0,1.0,1.0
30,235,5.484066432822403,3.7294369392789015,0.0,0.0,1.0,0.0,0.0,0.0
31,235,2.123346389452788,1.735591645081714,0.0,1.0,0.0,0.0,1.0,0.0
32,235,10.30947118410983,10.15290191630648,1.0,1.0,1.0,0.0,1.0,1.0
33,235,2.8404669296198914,8.951526955339869,1.0,1.0,1.0,1.0,0.0,0.0
34,235,12.0,4.928279234278387,0.0,1.0,0.0,0.0,0.0,0.0
35,235,2.966117788958793,0.0,0.0,0.0,0.0,1.0,1.0,0.0
36,235,6.926662801576503,8.105265444273382,1.0,1.0,1.0,0.0,0.0,0.0
37,235,8.218560762444815,9.481316949149525,0.0,0.0,0.0,0.0,0.0,1.0
38,235,3.876818405893058,0.11003484328969,0.0,1.0,0.0,0.0,1.0,0.0
39,235,5.04984700156537,0.0,0.0,0.0,0.0,0.0,1.0,0.0
0,240,7.822151937806942,8.739792761251913,1.0,0.0,1.0,0.0,1.0,0.0
1,240,12.0,5.635820735738879,0.0,1.0,0.0,0.0,0.0,0.0
2,240,11.485044964914644,12.0,0.0,0.0,1.0,0.0,0.0,1.0
3,240,12.0,2.1452278421469653,1.0,0.0,1.0,1.0,0.0,0.0
4,240,12.0,5.6939500854375495,0.0,0.0,1.0,1.0,0.0,1.0
5,240,9.962415496315284,3.2863807982165154,0.0,1.0,0.0,0.0,0.0,1.0
6,240,8.761020008251524,0.880078996936468,0.0,1.0,1.0,0.0,1.0,0.0
7,240,4.624781850102968,9.645261584176223,1.0,0.0,1.0,0.0,1.0,0.0
8,240,9.75512086092507,1.071796807686462,0.0,0.0,0.0,0.0,0.0,0.0
9,240,5.593840316396683,2.132774756748047,0.0,0.0,0.0,0.0,1.0,0.0
10,240,0.7228653173560678,1.757780294618396,1.0,1.0,1.0,0.0,0.0,0.0
11,240,4.083305793164082,9.921608300072638,1.0,0.0,0.0,0.0,0.0,1.0
12,240,8.412502643598199,0.0,0.0,1.0,1.0,0.0,1.0,0.0
13,240,0.0,12.0,1.0,0.0,0.0,0.0,1.0,0.0
14,240,9.622986918842033,0.1828222234848146,0.0,1.0,0.0,1.0,0.0,1.0
15,240,7.966373389418857,8.294704926860563,1.0,1.0,0.0,0.0,1.0,1.0
16,240,12.0,2.407438872466664,0.0,0.0,1.0,0.0,1.0,0.0
17,240,5.983436714243332,7.983932249991499,1.0,1.0,0.0,1.0,0.0,0.0
18,240,3.9807148390020375,3.562785655087383,1.0,0.0,0.0,1.0,0.0,0.0
19,240,3.013424921663216,5.050668014745697,0.0,0.0,0.0,0.0,0.0,0.0
20,240,7.43345602311641,2.5493792158530857,0.0,1.0,1.0,1.0,1.0,0.0
21,240,4.115217326373933,2.259010316521096,1.0,1.0,0.0,1.0,1.0,0.0
22,240,11.932165087004638,7.245549146599846,1.0,1.0,0.0,0.0,0.0,1.0
23,240,4.110921621664411,11.09117305008022,0.0,0.0,0.0,0.0,0.0,1.0
24,240,3.869675920522235,4.120856160744718,0.0,0.0,1.0,0.0,1.0,0.0
25,240,0.6559582045694241,10.08277773984948,1.0,0.0,1.0,0.0,1.0,0.0
26,240,12.0,6.75299705706847,0.0,0.0,0.0,1.0,1.0,0.0
27,240,1.5584499139360015,9.7641895839921,0.0,0.0,0.0,0.0,0.0,0.0
28,240,1.259175007834069,4.275691468386276,1.0,0.0,0.0,0.0,1.0,0.0
29,240,7.453927490437061,8.57281991394707,0.0,0.0,1.0,0.0,1.0,1.0
30,240,5.4949497439770285,3.7443555549663,0.0,0.0,1.0,0.0,0.0,0.0
31,240,2.058204104684232,1.7687684070189775,0.0,1.0,0.0,0.0,1.0,0.0
32,240,10.270802952798846,10.19578819862276,1.0,1.0,1.0,0.0,1.0,1.0
33,240,2.822092098181489,9.136790975527749,1.0,1.0,1.0,1.0,0.0,0.0
34,240,12.0,4.896102489583857,0.0,1.0,0.0,0.0,0.0,0.0
35,240,2.97418332901425,0.0,0.0,0.0,0.0,1.0,1.0,0.0
36,240,6.812172565989748,8.134620421578342,1.0,1.0,1.0,0.0,0.0,0.0
37,240,8.182173554012712,9.386690512124916,0.0,0.0,0.0,0.0,0.0,1.0
38,240,3.927849290733012,0.0789476999493094,0.0,1.0,0.0,0.0,1.0,0.0
39,240,5.098888894109935,0.0,0.0,0.0,0.0,0.0,1.0,0.0
0,245,7.709154935784797,8.92146137213549,1.0,0.0,1.0,0.0,1.0,0.0
1,245,12.0,5.596682359720111,0.0,1.0,0.0,0.0,0.0,0.0
2,245,11.41620401212142,12.0,0.0,0.0,1.0,0.0,0.0,1.0
3,245,12.0,2.169914197898944,1.0,0.0,1.0,1.0,0.0,0.0
4,245,12.0,5.793053766365811,0.0,0.0,1.0,1.0,0.0,1.0
5,245,9.911721660852734,3.212878834415178,0.0,1.0,0.0,0.0,0.0,1.0
6,245,8.707830352190006,0.7793475237752998,0.0,1.0,1.0,0.0,1.0,0.0
7,245,4.566817786864971,9.712280143401175,1.0,0.0,1.0,0.0,1.0,0.0
8,245,9.665520417121924,1.017182847530739,0.0,0.0,0.0,0.0,0.0,0.0
9,245,5.587368387640797,2.1283709567421623,0.0,0.0,0.0,0.0,1.0,0.0
10,245,0.578463282513394,1.724723707812603,1.0,1.0,1.0,0.0,0.0,0.0
11,245,4.103060402925971,9.920909789924002,1.0,0.0,0.0,0.0,0.0,1.0
12,245,8.382419014258645,0.0,0.0,1.0,1.0,0.0,1.0,0.0
13,245,0.0,12.0,1.0,0.0,0.0,0.0,1.0,0.0
14,245,9.578325879351196,0.1563781825598202,0.0,1.0,0.0,1.0,0.0,1.0
15,245,7.867435527306249,8.362587620185234,1.0,1.0,0.0,0.0,1.0,1.0
16,245,12.0,2.4363912371740843,0.0,0.0,1.0,0.0,1.0,0.0
17,245,5.998084020757699,7.967680656528309,1.0,1.0,0.0,1.0,0.0,0.0
18,245,3.9399704418059662,3.5812006325379544,1.0,0.0,0.0,1.0,0.0,0.0
19,245,2.918488923047549,5.0885419248952095,0.0,0.0,0.0,0.0,0.0,0.0
20,245,7.491378070567418,2.4782015354412503,0.0,1.0,1.0,1.0,1.0,0.0
21,245,4.113603349951996,2.255276580345424,1.0,1.0,0.0,1.0,1.0,0.0
22,245,11.897621763677948,7.240861865374104,1.0,1.0,0.0,0.0,0.0,1.0
23,245,4.110999536036514,11.091176144841777,0.0,0.0,0.0,0.0,0.0,1.0
24,245,3.787623711340317,4.064975516866022,0.0,0.0,1.0,0.0,1.0,0.0
25,245,0.625458263761689,10.048598119866762,1.0,0.0,1.0,0.0,1.0,0.0
26,245,12.0,6.730148578215672,0.0,0.0,0.0,1.0,1.0,0.0
27,245,1.5720696144749575,9.79238793129258,0.0,0.0,0.0,0.0,0.0,0.0
28,245,1.2890241701388847,4.175551287410103,1.0,0.0,0.0,0.0,1.0,0.0
29,245,7.388784151436898,8.659401780967457,0.0,0.0,1.0,0.0,1.0,1.0
30,245,5.503583598067123,3.756433609888334,0.0,0.0,1.0,0.0,0.0,0.0
31,245,1.9958954550287629,1.799242513264276,0.0,1.0,0.0,0.0,1.0,0.0
32,245,10.229334387426553,10.240254891435296,1.0,1.0,1.0,0.0,1.0,1.0
33,245,2.807784019357982,9.313877349011404,1.0,1.0,1.0,1.0,0.0,0.0
34,245,12.0,4.8625169207120384,0.0,1.0,0.0,0.0,0.0,0.0
35,245,2.979031689764121,0.0,0.0,0.0,0.0,1.0,1.0,0.0
36,245,6.697746734019224,8.16178340252834,1.0,1.0,1.0,0.0,0.0,0.0
37,245,8.151822085804069,9.307722697463316,0.0,0.0,0.0,0.0,0.0,1.0
38,245,3.986021952430375,0.0403277684632143,0.0,1.0,0.0,0.0,1.0,0.0
39,245,5.155001790111445,0.0,0.0,0.0,0.0,0.0,1.0,0.0
0,250,7.591596499960458,9.11068737534961,1.0,0.0,1.0,0.0,1.0,0.0
1,250,12.0,5.550121625086404,0.0,1.0,0.0,0.0,0.0,0.0
2,250,11.34692748142792,12.0,0.0,0.0,1.0,0.0,0.0,1.0
3,250,12.0,2.171160247916494,1.0,0.0,1.0,1.0,0.0,0.0
4,250,11.889764409491532,5.9509790472712805,0.0,0.0,1.0,1.0,0.0,1.0
5,250,9.84866409612096,3.123815664858717,0.0,1.0,0.0,0.0,0.0,1.0
6,250,8.664277797059347,0.6941504363444707,0.0,1.0,1.0,0.0,1.0,0.0
7,250,4.522309003531913,9.764485791071,1.0,0.0,1.0,0.0,1.0,0.0
8,250,9.582335467676009,0.972639702715834,0.0,0.0,0.0,0.0,0.0,0.0
9,250,5.580223367961416,2.1236459768042906,0.0,0.0,0.0,0.0,1.0,0.0
10,250,0.4348240507449071,1.6895281860545144,1.0,1.0,1.0,0.0,0.0,0.0
11,250,4.108075050711758,9.920747455935333,1.0,0.0,0.0,0.0,0.0,1.0
12,250,8.361888705191221,0.0,0.0,1.0,1.0,0.0,1.0,0.0
13,250,0.0,12.0,1.0,0.0,0.0,0.0,1.0,0.0
14,250,9.53176986617862,0.1292109350201467,0.0,1.0,0.0,1.0,0.0,1.0
15,250,7.761423274608547,8.428213103961125,1.0,1.0,0.0,0.0,1.0,1.0
16,250,12.0,2.4640082091429427,0.0,0.0,1.0,0.0,1.0,0.0
17,250,6.016881307216826,7.945653240153547,1.0,1.0,0.0,1.0,0.0,0.0
18,250,3.911757079831184,3.594181791513764,1.0,0.0,0.0,1.0,0.0,0.0
19,250,2.8666363092477654,5.110177864362097,0.0,0.0,0.0,0.0,0.0,0.0
20,250,7.532202659278582,2.427801896022732,0.0,1.0,1.0,1.0,1.0,0.0
21,250,4.105425456687938,2.2365861825142948,1.0,1.0,0.0,1.0,1.0,0.0
22,250,11.864574146411355,7.236275808039227,1.0,1.0,0.0,0.0,0.0,1.0
23,250,4.125558390058515,11.09194275021522,0.0,0.0,0.0,0.0,0.0,1.0
24,250,3.721268021077751,4.016253590501054,0.0,0.0,1.0,0.0,1.0,0.0
25,250,0.590759647285441,10.00950066185468,1.0,0.0,1.0,0.0,1.0,0.0
26,250,12.0,6.71835885989307,0.0,0.0,0.0,1.0,1.0,0.0
27,250,1.5826259691423086,9.815939436364664,0.0,0.0,0.0,0.0,0.0,0.0
28,250,1.3178814203948643,4.071819554990656,1.0,0.0,0.0,0.0,1.0,0.0
29,250,7.311496364476467,8.602257643499073,0.0,0.0,1.0,0.0,1.0,1.0
30,250,5.506167295992214,3.760091275294367,0.0,0.0,1.0,0.0,0.0,0.0
31,250,1.929585665051672,1.832590714186749,0.0,1.0,0.0,0.0,1.0,0.0
32,250,10.184020929040468,10.288050744933877,1.0,1.0,1.0,0.0,1.0,1.0
33,250,2.790508911516865,9.49570968058174,1.0,1.0,1.0,1.0,0.0,0.0
34,250,12.0,4.826396346648024,0.0,1.0,0.0,0.0,0.0,0.0
35,250,2.9871640008720237,0.0,0.0,0.0,0.0,1.0,1.0,0.0
36,250,6.587568731046567,8.188117726568963,1.0,1.0,1.0,0.0,0.0,0.0
37,250,8.1223062758538,9.235856671681791,0.0,0.0,0.0,0.0,0.0,1.0
38,250,4.0648400052284455,0.0,0.0,1.0,0.0,0.0,1.0,0.0
39,250,5.207791923956941,0.0,0.0,0.0,0.0,0.0,1.0,0.0
0,255,7.48624923100374,9.279642053271674,1.0,0.0,1.0,0.0,1.0,0.0
1,255,12.0,5.501626761125426,0.0,1.0,0.0,0.0,0.0,0.0
2,255,11.26947028629242,12.0,0.0,0.0,1.0,0.0,0.0,1.0
3,255,11.9968054409681,2.167829482397915,1.0,0.0,1.0,1.0,0.0,0.0
4,255,11.789072798714065,6.09052793159279,0.0,0.0,1.0,1.0,0.0,1.0
5,255,9.798293433260865,3.052691170700144,0.0,1.0,0.0,0.0,0.0,1.0
6,255,8.62026575516069,0.6000974031150603,0.0,1.0,1.0,0.0,1.0,0.0
7,255,4.475547892327012,9.819564733089631,1.0,0.0,1.0,0.0,1.0,0.0
8,255,9.497439250695605,0.9264663962720936,0.0,0.0,0.0,0.0,0.0,0.0
9,255,5.581303220478581,2.124362893094126,0.0,0.0,0.0,0.0,1.0,0.0
10,255,0.2991571890055231,1.65611604074523,1.0,1.0,1.0,0.0,0.0,0.0
11,255,4.107931734743776,9.903105853274688,1.0,0.0,0.0,0.0,0.0,1.0
12,255,8.34371373364252,0.0,0.0,1.0,1.0,0.0,1.0,0.0
13,255,0.0,12.0,1.0,0.0,0.0,0.0,1.0,0.0
14,255,9.480247970330788,0.0999178784719844,0.0,1.0,0.0,1.0,0.0,1.0
15,255,7.648061455135357,8.496372495447224,1.0,1.0,0.0,0.0,1.0,1.0
16,255,12.0,2.4961453021660067,0.0,0.0,1.0,0.0,1.0,0.0
17,255,6.034752224801316,7.924719900820619,1.0,1.0,0.0,1.0,0.0,0.0
18,255,3.8741228094715217,3.609930755492013,1.0,0.0,0.0,1.0,0.0,0.0
19,255,2.822202583436198,5.128775178339198,0.0,0.0,0.0,0.0,0.0,0.0
20,255,7.579367570892481,2.369707368389709,0.0,1.0,1.0,1.0,1.0,0.0
21,255,4.0968630728872855,2.2173935946682866,1.0,1.0,0.0,1.0,1.0,0.0
22,255,11.83870635699568,7.233048708688816,1.0,1.0,0.0,0.0,0.0,1.0
23,255,4.131053551086652,11.09203357522104,0.0,0.0,0.0,0.0,0.0,1.0
24,255,3.654632500033756,3.965761265040764,0.0,0.0,1.0,0.0,1.0,0.0
25,255,0.5589247880097575,9.973837540449306,1.0,0.0,1.0,0.0,1.0,0.0
26,255,12.0,6.709423830567298,0.0,0.0,0.0,1.0,1.0,0.0
27,255,1.597845360247648,9.852945271715877,0.0,0.0,0.0,0.0,0.0,0.0
28,255,1.347947529880687,3.9749787067139137,1.0,0.0,0.0,0.0,1.0,0.0
29,255,7.242946552325088,8.55015242478792,0.0,0.0,1.0,0.0,1.0,1.0
30,255,5.508150902787554,3.762967683763779,0.0,0.0,1.0,0.0,0.0,0.0
31,255,1.861700284861499,1.8675333858346372,0.0,1.0,0.0,0.0,1.0,0.0
32,255,10.139868735052266,10.335981325079825,1.0,1.0,1.0,0.0,1.0,1.0
33,255,2.7767010817987607,9.653631251246916,1.0,1.0,1.0,1.0,0.0,0.0
34,255,12.0,4.80262028725953,0.0,1.0,0.0,0.0,0.0,0.0
35,255,2.998159069906309,0.0,0.0,0.0,0.0,1.0,1.0,0.0
36,255,6.484953080830389,8.212185094031513,1.0,1.0,1.0,0.0,0.0,0.0
37,255,8.095474236246977,9.171805124927133,0.0,0.0,0.0,0.0,0.0,1.0
38,255,4.163978518272742,0.0,0.0,1.0,0.0,0.0,1.0,0.0
39,255,5.269114263251864,0.0,0.0,0.0,0.0,0.0,1.0,0.0
0,260,7.382681403414686,9.446561026157438,1.0,0.0,1.0,0.0,1.0,0.0
1,260,12.0,5.452722552096952,0.0,1.0,0.0,0.0,0.0,0.0
2,260,11.180967939560611,12.0,0.0,0.0,1.0,0.0,0.0,1.0
3,260,11.986625521287944,2.1574271852767857,1.0,0.0,1.0,1.0,0.0,0.0
4,260,11.68189940587914,6.234108292003019,0.0,0.0,1.0,1.0,0.0,1.0
5,260,9.754156019875827,2.9896889174519194,0.0,1.0,0.0,0.0,0.0,1.0
6,260,8.575753778808807,0.5043591148002748,0.0,1.0,1.0,0.0,1.0,0.0
7,260,4.427934900129049,9.87354296553637,1.0,0.0,1.0,0.0,1.0,0.0
8,260,9.430024842631584,0.8901892637912567,0.0,0.0,0.0,0.0,0.0,0.0
9,260,5.574418322454886,2.119902007166295,0.0,0.0,0.0,0.0,1.0,0.0
10,260,0.174931825559103,1.6255744162391297,1.0,1.0,1.0,0.0,0.0,0.0
11,260,4.107921366977033,9.895620937933986,1.0,0.0,0.0,0.0,0.0,1.0
12,260,8.316064986006893,0.0,0.0,1.0,1.0,0.0,1.0,0.0
13,260,0.0,12.0,1.0,0.0,0.0,0.0,1.0,0.0
14,260,9.442556159907596,0.0778228225368517,0.0,1.0,0.0,1.0,0.0,1.0
15,260,7.524916449065686,8.57590475912872,1.0,1.0,0.0,0.0,1.0,1.0
16,260,12.0,2.5288354232964263,0.0,0.0,1.0,0.0,1.0,0.0
17,260,6.053935810792559,7.903369406669975,1.0,1.0,0.0,1.0,0.0,0.0
18,260,3.8390249268364447,3.6244503307501135,1.0,0.0,0.0,1.0,0.0,0.0
19,260,2.78301970297937,5.145693419018306,0.0,0.0,0.0,0.0,0.0,0.0
20,260,7.631933744374409,2.3065472527175226,0.0,1.0,1.0,1.0,1.0,0.0
21,260,4.096321073089671,2.216229899169714,1.0,1.0,0.0,1.0,1.0,0.0
22,260,11.820186873587632,7.23079431317743,1.0,1.0,0.0,0.0,0.0,1.0
23,260,4.131200954939243,11.061314935063027,0.0,0.0,0.0,0.0,0.0,1.0
24,260,3.5797598051337616,3.910529809726832,0.0,0.0,1.0,0.0,1.0,0.0
25,260,0.5222971261039887,9.9294829304177,1.0,0.0,1.0,0.0,1.0,0.0
26,260,12.0,6.695829202790736,0.0,0.0,0.0,1.0,1.0,0.0
27,260,1.6193407349403233,9.906095170442098,0.0,0.0,0.0,0.0,0.0,0.0
28,260,1.3781497599548085,3.876430884267817,1.0,0.0,0.0,0.0,1.0,0.0
29,260,7.179700198592689,8.502484054637131,0.0,0.0,1.0,0.0,1.0,1.0
30,260,5.498570008222305,3.7482105598814295,0.0,0.0,1.0,0.0,0.0,0.0
31,260,1.8859615679630768,1.920370387257268,0.0,1.0,0.0,0.0,1.0,0.0
32,260,10.105554908999558,10.373749059222654,1.0,1.0,1.0,0.0,1.0,1.0
33,260,2.765552426169772,9.77444108559423,1.0,1.0,1.0,1.0,0.0,0.0
34,260,12.0,4.772921609614352,0.0,1.0,0.0,0.0,0.0,0.0
35,260,3.022603273704853,0.0,0.0,0.0,0.0,1.0,1.0,0.0
36,260,6.386882992339243,8.234586635204105,1.0,1.0,1.0,0.0,0.0,0.0
37,260,8.071697978613885,9.115453903573036,0.0,0.0,0.0,0.0,0.0,1.0
38,260,4.276624935747486,0.0,0.0,1.0,0.0,0.0,1.0,0.0
39,260,5.321244911054565,0.0,0.0,0.0,0.0,0.0,1.0,0.0
0,265,7.280904392525034,9.61093131198805,1.0,0.0,1.0,0.0,1.0,0.0
1,265,12.0,5.3977206598464536,0.0,1.0,0.0,0.0,0.0,0.0
2,265,11.092467456023066,12.0,0.0,0.0,1.0,0.0,0.0,1.0
3,265,11.965251980094424,2.1362361209016094,1.0,0.0,1.0,1.0,0.0,0.0
4,265,11.57024530733182,6.375071272568819,0.0,0.0,1.0,1.0,0.0,1.0
5,265,9.699932643484448,2.92268327010389,0.0,1.0,0.0,0.0,0.0,1.0
6,265,8.528242652818495,0.3965806566734352,0.0,1.0,1.0,0.0,1.0,0.0
7,265,4.372201671747899,9.938540581199488,1.0,0.0,1.0,0.0,1.0,0.0
8,265,9.355756305525338,0.8498889721417905,0.0,0.0,0.0,0.0,0.0,0.0
9,265,5.549889177574432,2.103547672830456,0.0,0.0,0.0,0.0,1.0,0.0
10,265,0.0535519456772851,1.595020030804258,1.0,1.0,1.0,0.0,0.0,0.0
11,265,4.107905930275604,9.880035622265344,1.0,0.0,0.0,0.0,0.0,1.0
12,265,8.28987959615459,0.0,0.0,1.0,1.0,0.0,1.0,0.0
13,265,0.0,12.0,1.0,0.0,0.0,0.0,1.0,0.0
14,265,9.401321272011977,0.0526733540231528,0.0,1.0,0.0,1.0,0.0,1.0
15,265,7.394705293324164,8.658738701453428,1.0,1.0,0.0,0.0,1.0,1.0
16,265,12.0,2.563486092143293,0.0,0.0,1.0,0.0,1.0,0.0
17,265,6.088133099072169,7.8656952852287345,1.0,1.0,0.0,1.0,0.0,0.0
18,265,3.807714284425116,3.638178601083844,1.0,0.0,0.0,1.0,0.0,0.0
19,265,2.7460669740372463,5.161907588655637,0.0,0.0,0.0,0.0,0.0,0.0
20,265,7.683230938119909,2.243157223344101,0.0,1.0,1.0,1.0,1.0,0.0
21,265,4.101655116789439,2.226917935566702,1.0,1.0,0.0,1.0,1.0,0.0
22,265,11.812774355110776,7.229935355655162,1.0,1.0,0.0,0.0,0.0,1.0
23,265,4.131423557097813,11.04125724457294,0.0,0.0,0.0,0.0,0.0,1.0
24,265,3.5093980334208013,3.859802312126885,0.0,0.0,1.0,0.0,1.0,0.0
25,265,0.4854426455483419,9.881604338207056,1.0,0.0,1.0,0.0,1.0,0.0
26,265,12.0,6.682963051181593,0.0,0.0,0.0,1.0,1.0,0.0
27,265,1.6368089986311305,9.948993018675283,0.0,0.0,0.0,0.0,0.0,0.0
28,265,1.4081691391153897,3.772541519268905,1.0,0.0,0.0,0.0,1.0,0.0
29,265,7.111330182153719,8.450146322947804,0.0,0.0,1.0,0.0,1.0,1.0
30,265,5.482978422318429,3.7231754498433225,0.0,0.0,1.0,0.0,0.0,0.0
31,265,1.897606949251851,1.9470310332997,0.0,1.0,0.0,0.0,1.0,0.0
32,265,10.05993099212087,10.42506164066324,1.0,1.0,1.0,0.0,1.0,1.0
33,265,2.7523476506050244,9.895120875057511,1.0,1.0,1.0,1.0,0.0,0.0
34,265,12.0,4.727963871211167,0.0,1.0,0.0,0.0,0.0,0.0
35,265,3.0563576584506924,0.0,0.0,0.0,0.0,1.0,1.0,0.0
36,265,6.282077668494347,8.257425912750364,1.0,1.0,1.0,0.0,0.0,0.0
37,265,8.049571755466884,9.06568701548201,0.0,0.0,0.0,0.0,0.0,1.0
38,265,4.388592206557652,0.0,0.0,1.0,0.0,0.0,1.0,0.0
39,265,5.37077753806627,0.0,0.0,0.0,0.0,0.0,1.0,0.0
0,270,7.18190753947268,9.771936700193706,1.0,0.0,1.0,0.0,1.0,0.0
1,270,12.0,5.345129965588365,0.0,1.0,0.0,0.0,0.0,0.0
2,270,11.008149901734402,12.0,0.0,0.0,1.0,0.0,0.0,1.0
3,270,11.939465866357503,2.109320814358332,1.0,0.0,1.0,1.0,0.0,0.0
4,270,11.446326616742168,6.5307089760682215,0.0,0.0,1.0,1.0,0.0,1.0
5,270,9.639855011916136,2.848155312921321,0.0,1.0,0.0,0.0,0.0,1.0
6,270,8.48605154945545,0.2947990564024988,0.0,1.0,1.0,0.0,1.0,0.0
7,270,4.325942707390523,9.992894467374157,1.0,0.0,1.0,0.0,1.0,0.0
8,270,9.28591421371246,0.8115597747082671,0.0,0.0,0.0,0.0,0.0,0.0
9,270,5.528760353442132,2.089838385085297,0.0,0.0,0.0,0.0,1.0,0.0
10,270,0.0,1.5661886937775886,1.0,1.0,1.0,0.0,0.0,0.0
11,270,4.107886797997634,9.861867280166466,1.0,0.0,0.0,0.0,0.0,1.0
12,270,8.354732422669203,0.0,0.0,1.0,1.0,0.0,1.0,0.0
13,270,0.0,12.0,1.0,0.0,0.0,0.0,1.0,0.0
14,270,9.38238532268708,0.041635198834613,0.0,1.0,0.0,1.0,0.0,1.0
15,270,7.2466627708991345,8.753014050525325,1.0,1.0,0.0,0.0,1.0,1.0
16,270,12.0,2.5938854764269754,0.0,0.0,1.0,0.0,1.0,0.0
17,270,6.12691272800601,7.823863848397575,1.0,1.0,0.0,1.0,0.0,0.0
18,270,3.791380105628301,3.6449521804721,1.0,0.0,0.0,1.0,0.0,0.0
19,270,2.7177905108613745,5.174934659548166,0.0,0.0,0.0,0.0,0.0,0.0
20,270,7.732091708570741,2.181984083041689,0.0,1.0,1.0,1.0,1.0,0.0
21,270,4.102195986669577,2.2280405130706944,1.0,1.0,0.0,1.0,1.0,0.0
22,270,11.812943613558392,7.229953359079467,1.0,1.0,0.0,0.0,0.0,1.0
23,270,4.13144213329414,11.013571187425368,0.0,0.0,0.0,0.0,0.0,1.0
24,270,3.444521035970693,3.8103778071376846,0.0,0.0,1.0,0.0,1.0,0.0
25,270,0.4562444679010498,9.842117783395294,1.0,0.0,1.0,0.0,1.0,0.0
26,270,12.0,6.675240575973408,0.0,0.0,0.0,1.0,1.0,0.0
27,270,1.6552651325832797,9.99498062450277,0.0,0.0,0.0,0.0,0.0,0.0
28,270,1.4409941178348231,3.66241998996177,1.0,0.0,0.0,0.0,1.0,0.0
29,270,7.050524546994923,8.405038721671152,0.0,0.0,1.0,0.0,1.0,1.0
30,270,5.463294791119302,3.6906579334782834,0.0,0.0,1.0,0.0,0.0,0.0
31,270,1.907416809780054,1.970479042556653,0.0,1.0,0.0,0.0,1.0,0.0
32,270,10.017271176068704,10.475564548881383,1.0,1.0,1.0,0.0,1.0,1.0
33,270,2.739911304280953,10.022810241129305,1.0,1.0,1.0,1.0,0.0,0.0
34,270,12.0,4.6875835913192105,0.0,1.0,0.0,0.0,0.0,0.0
35,270,3.0925926849223995,0.0,0.0,0.0,0.0,1.0,1.0,0.0
36,270,6.181251847046319,8.282343379140142,1.0,1.0,1.0,0.0,0.0,0.0
37,270,8.030499098033868,9.025991481086802,0.0,0.0,0.0,0.0,0.0,1.0
38,270,4.501012142531134,0.0,0.0,1.0,0.0,0.0,1.0,0.0
39,270,5.42158925595834,0.0,0.0,0.0,0.0,0.0,1.0,0.0
0,275,7.072361573004999,9.955053166476167,1.0,0.0,1.0,0.0,1.0,0.0
1,275,12.0,5.291151569678837,0.0,1.0,0.0,0.0,0.0,0.0
2,275,10.907165324420644,12.0,0.0,0.0,1.0,0.0,0.0,1.0
3,275,11.916851551739168,2.0847274200343104,1.0,0.0,1.0,1.0,0.0,0.0
4,275,11.320157632119235,6.696501617815791,0.0,0.0,1.0,1.0,0.0,1.0
5,275,9.566569585070768,2.7520534176405627,0.0,1.0,0.0,0.0,0.0,1.0
6,275,8.436835284288243,0.1827269170702387,0.0,1.0,1.0,0.0,1.0,0.0
7,275,4.28008782837506,10.045569396137983,1.0,0.0,1.0,0.0,1.0,0.0
8,275,9.206729572734874,0.7694445030185062,0.0,0.0,0.0,0.0,0.0,0.0
9,275,5.547632251901114,2.102422900161096,0.0,0.0,0.0,0.0,1.0,0.0
10,275,0.0,1.5362710220967914,1.0,1.0,1.0,0.0,0.0,0.0
11,275,4.107893229424881,9.85143407738572,1.0,0.0,0.0,0.0,0.0,1.0
12,275,8.432514386676926,0.0,0.0,1.0,1.0,0.0,1.0,0.0
13,275,0.0,12.0,1.0,0.0,0.0,0.0,1.0,0.0
14,275,9.355581556315943,0.025867629239234,0.0,1.0,0.0,1.0,0.0,1.0
15,275,7.084846772293577,8.855144847625782,1.0,1.0,0.0,0.0,1.0,1.0
16,275,12.0,2.627078752396987,0.0,0.0,1.0,0.0,1.0,0.0
17,275,6.1731434689567415,7.775453651989926,1.0,1.0,0.0,1.0,0.0,0.0
18,275,3.770918300261119,3.6539975058462217,1.0,0.0,0.0,1.0,0.0,0.0
19,275,2.6826533227706038,5.190679706907975,0.0,0.0,0.0,0.0,0.0,0.0
20,275,7.772348343648852,2.1338888379196943,0.0,1.0,1.0,1.0,1.0,0.0
21,275,4.098984601762151,2.2214634448164485,1.0,1.0,0.0,1.0,1.0,0.0
22,275,11.808982151639825,7.229530274739712,1.0,1.0,0.0,0.0,0.0,1.0
23,275,4.1308301414349975,10.99715565290536,0.0,0.0,0.0,0.0,0.0,1.0
24,275,3.374071693595296,3.75793665549415,0.0,0.0,1.0,0.0,1.0,0.0
25,275,0.4387350807511748,9.816658024507166,1.0,0.0,1.0,0.0,1.0,0.0
26,275,12.0,6.668931821366955,0.0,0.0,0.0,1.0,1.0,0.0
27,275,1.6747774208104158,10.044745035132314,0.0,0.0,0.0,0.0,0.0,0.0
28,275,1.4774602344876555,3.5306782399166527,1.0,0.0,0.0,0.0,1.0,0.0
29,275,6.993719225925537,8.361584690387396,0.0,0.0,1.0,0.0,1.0,1.0
30,275,5.445692686685474,3.6623954342576215,0.0,0.0,1.0,0.0,0.0,0.0
31,275,1.909045653128372,1.9742243091618377,0.0,1.0,0.0,0.0,1.0,0.0
32,275,9.96795911666733,10.533543043013548,1.0,1.0,1.0,0.0,1.0,1.0
33,275,2.728606701528132,10.141361316254878,1.0,1.0,1.0,1.0,0.0,0.0
34,275,12.0,4.64138263926744,0.0,1.0,0.0,0.0,0.0,0.0
35,275,3.131311983343177,0.0,0.0,0.0,0.0,1.0,1.0,0.0
36,275,6.092819828265452,8.302082222980925,1.0,1.0,1.0,0.0,0.0,0.0
37,275,8.001090636160985,8.959764800034504,0.0,0.0,0.0,0.0,0.0,1.0
38,275,4.62123153637983,0.0,0.0,1.0,0.0,0.0,1.0,0.0
39,275,5.239727570186524,0.0,0.0,0.0,0.0,0.0,1.0,0.0
0,280,6.970813350881572,10.130774572754332,1.0,0.0,1.0,0.0,1.0,0.0
1,280,12.0,5.239625953525612,0.0,1.0,0.0,0.0,0.0,0.0
2,280,10.794533355694384,12.0,0.0,0.0,1.0,0.0,0.0,1.0
3,280,11.89744683251265,2.062175101068061,1.0,0.0,1.0,1.0,0.0,0.0
4,280,11.203294212095296,6.856866922216593,0.0,0.0,1.0,1.0,0.0,1.0
5,280,9.493722517006365,2.660666558086348,0.0,1.0,0.0,0.0,0.0,1.0
6,280,8.383628861265386,0.0619361218092996,0.0,1.0,1.0,0.0,1.0,0.0
7,280,4.220784976329811,10.117362975206762,1.0,0.0,1.0,0.0,1.0,0.0
8,280,9.127511219119237,0.7277983676362326,0.0,0.0,0.0,0.0,0.0,0.0
9,280,5.561639303716762,2.111386046685033,0.0,0.0,0.0,0.0,1.0,0.0
10,280,0.0,1.5075146977490488,1.0,1.0,1.0,0.0,0.0,0.0
11,280,4.107868426581535,9.830967178737692,1.0,0.0,0.0,0.0,0.0,1.0
12,280,8.522203964286565,0.0,0.0,1.0,1.0,0.0,1.0,0.0
13,280,0.0,12.0,1.0,0.0,0.0,0.0,1.0,0.0
14,280,9.345549127589257,0.0199104151984969,0.0,1.0,0.0,1.0,0.0,1.0
15,280,6.92837759243297,8.946132973726117,1.0,1.0,0.0,0.0,1.0,1.0
16,280,12.0,2.6530143226035983,0.0,0.0,1.0,0.0,1.0,0.0
17,280,6.222450211684872,7.72126485346253,1.0,1.0,0.0,1.0,0.0,0.0
18,280,3.737756296931448,3.668842481300546,1.0,0.0,0.0,1.0,0.0,0.0
19,280,2.65756182915867,5.20138866201645,0.0,0.0,0.0,0.0,0.0,0.0
20,280,7.817956192184696,2.0798262485171537,0.0,1.0,1.0,1.0,1.0,0.0
21,280,4.088358932047296,2.199578748109466,1.0,1.0,0.0,1.0,1.0,0.0
22,280,11.80493842890812,7.229088015677649,1.0,1.0,0.0,0.0,0.0,1.0
23,280,4.1308352679890765,10.998031671413964,0.0,0.0,0.0,0.0,0.0,1.0
24,280,3.282989851216685,3.6888914889526383,0.0,0.0,1.0,0.0,1.0,0.0
25,280,0.4264066062894424,9.799372048101512,1.0,0.0,1.0,0.0,1.0,0.0
26,280,12.0,6.664062354639476,0.0,0.0,0.0,1.0,1.0,0.0
27,280,1.701092655950364,10.110474899341911,0.0,0.0,0.0,0.0,0.0,0.0
28,280,1.5150884170752734,3.387936398099977,1.0,0.0,0.0,0.0,1.0,0.0
29,280,6.944643933854454,8.324939628839754,0.0,0.0,1.0,0.0,1.0,1.0
30,280,5.433789862861448,3.642900381166595,0.0,0.0,1.0,0.0,0.0,0.0
31,280,1.9086813363508888,1.9733770744661527,0.0,1.0,0.0,0.0,1.0,0.0
32,280,9.92177743346516,10.58496544695564,1.0,1.0,1.0,0.0,1.0,1.0
33,280,2.7156892271190936,10.262613323310454,1.0,1.0,1.0,1.0,0.0,0.0
34,280,12.0,4.596714777813862,0.0,1.0,0.0,0.0,0.0,0.0
35,280,3.1854544362923893,0.0,0.0,0.0,0.0,1.0,1.0,0.0
36,280,6.016562686282803,8.318685311155697,1.0,1.0,1.0,0.0,0.0,0.0
37,280,7.971737591041403,8.895485736194798,0.0,0.0,0.0,0.0,0.0,1.0
38,280,4.744363715347283,0.0,0.0,1.0,0.0,0.0,1.0,0.0
39,280,5.06260782044992,0.0,0.0,0.0,0.0,0.0,1.0,0.0
0,285,6.875533197157132,10.310818425374,1.0,0.0,1.0,0.0,1.0,0.0
1,285,12.0,5.191251679831043,0.0,1.0,0.0,0.0,0.0,0.0
2,285,10.680413120470275,12.0,0.0,0.0,1.0,0.0,0.0,1.0
3,285,11.890189211568837,2.053599995055849,1.0,0.0,1.0,1.0,0.0,0.0
4,285,11.088515879897155,7.005155266234216,0.0,0.0,1.0,1.0,0.0,1.0
5,285,9.413035325336406,2.562711097587654,0.0,1.0,0.0,0.0,0.0,1.0
6,285,8.323408427681473,0.0,0.0,1.0,1.0,0.0,1.0,0.0
7,285,4.162615227748906,10.184215367538515,1.0,0.0,1.0,0.0,1.0,0.0
8,285,9.034344938512332,0.6779516801241009,0.0,0.0,0.0,0.0,0.0,0.0
9,285,5.58139396528404,2.1251927128616126,0.0,0.0,0.0,0.0,1.0,0.0
10,285,0.0,1.4717806935678226,1.0,1.0,1.0,0.0,0.0,0.0
11,285,4.107362708324082,9.798606102444056,1.0,0.0,0.0,0.0,0.0,1.0
12,285,8.62213830468543,0.0,0.0,1.0,1.0,0.0,1.0,0.0
13,285,0.0,12.0,1.0,0.0,0.0,0.0,1.0,0.0
14,285,9.32895464610748,0.0104550760527177,0.0,1.0,0.0,1.0,0.0,1.0
15,285,6.773003723379644,9.034379758097682,1.0,1.0,0.0,0.0,1.0,1.0
16,285,12.0,2.682660764924351,0.0,0.0,1.0,0.0,1.0,0.0
17,285,6.274170239325586,7.664596437351419,1.0,1.0,0.0,1.0,0.0,0.0
18,285,3.680617690545687,3.6928058269041104,1.0,0.0,0.0,1.0,0.0,0.0
19,285,2.644510857863789,5.207047052689574,0.0,0.0,0.0,0.0,0.0,0.0
20,285,7.874668872045103,2.015050209941796,0.0,1.0,1.0,1.0,1.0,0.0
21,285,4.080481333800651,2.183806613934187,1.0,1.0,0.0,1.0,1.0,0.0
22,285,11.789510201240295,7.227467519221829,1.0,1.0,0.0,0.0,0.0,1.0
23,285,4.1308408879696845,11.00063756812647,0.0,0.0,0.0,0.0,0.0,1.0
24,285,3.2014191266380507,3.628163373823164,0.0,0.0,1.0,0.0,1.0,0.0
25,285,0.4117022082581212,9.777704257528638,1.0,0.0,1.0,0.0,1.0,0.0
26,285,12.0,6.662807548254003,0.0,0.0,0.0,1.0,1.0,0.0
27,285,1.727785959068809,10.174139071399772,0.0,0.0,0.0,0.0,0.0,0.0
28,285,1.5521330169090972,3.240364515715549,1.0,0.0,0.0,0.0,1.0,0.0
29,285,6.875456869879101,8.275403949906616,0.0,0.0,1.0,0.0,1.0,1.0
30,285,5.42281573511343,3.6253145638967728,0.0,0.0,1.0,0.0,0.0,0.0
31,285,1.9043456664627283,1.9628348586924471,0.0,1.0,0.0,0.0,1.0,0.0
32,285,9.868419717314335,10.64473413307776,1.0,1.0,1.0,0.0,1.0,1.0
33,285,2.7020524362429907,10.39612949650014,1.0,1.0,1.0,1.0,0.0,0.0
34,285,12.0,4.558693592049381,0.0,1.0,0.0,0.0,0.0,0.0
35,285,3.2432172143975437,0.0,0.0,0.0,0.0,1.0,1.0,0.0
36,285,5.94055732013987,8.335663375928544,1.0,1.0,1.0,0.0,0.0,0.0
37,285,7.939316824485386,8.829068267740599,0.0,0.0,0.0,0.0,0.0,1.0
38,285,4.854929672079787,0.0,0.0,1.0,0.0,0.0,1.0,0.0
39,285,4.906087146131245,0.0,0.0,0.0,0.0,0.0,1.0,0.0
0,290,6.77467057759835,10.504635344487442,1.0,0.0,1.0,0.0,1.0,0.0
1,290,12.0,5.152348084059758,0.0,1.0,0.0,0.0,0.0,0.0
2,290,10.557743780915116,12.0,0.0,0.0,1.0,0.0,0.0,1.0
3,290,11.871687397021873,2.0308124177988094,1.0,0.0,1.0,1.0,0.0,0.0
4,290,10.960807713515708,7.170256757073994,0.0,0.0,1.0,1.0,0.0,1.0
5,290,9.32700531759994,2.45575935233992,0.0,1.0,0.0,0.0,0.0,1.0
6,290,8.275380824030094,0.0,0.0,1.0,1.0,0.0,1.0,0.0
7,290,4.0934852220817,10.26204442769485,1.0,0.0,1.0,0.0,1.0,0.0
8,290,8.922956644907739,0.6217357220199505,0.0,0.0,0.0,0.0,0.0,0.0
9,290,5.599467650402536,2.1376591034029184,0.0,0.0,0.0,0.0,1.0,0.0
10,290,0.0,1.4395267521973492,1.0,1.0,1.0,0.0,0.0,0.0
11,290,4.107169430904129,9.765082037050655,1.0,0.0,0.0,0.0,0.0,1.0
12,290,8.718112546267806,0.0,0.0,1.0,1.0,0.0,1.0,0.0
13,290,0.0,12.0,1.0,0.0,0.0,0.0,1.0,0.0
14,290,9.341875340072884,0.0,0.0,1.0,0.0,1.0,0.0,1.0
15,290,6.621726663776411,9.119696377764454,1.0,1.0,0.0,0.0,1.0,1.0
16,290,12.0,2.713242473854837,0.0,0.0,1.0,0.0,1.0,0.0
17,290,6.31663808314268,7.615772170890574,1.0,1.0,0.0,1.0,0.0,0.0
18,290,3.618632059190128,3.718546720632009,1.0,0.0,0.0,1.0,0.0,0.0
19,290,2.628017909315832,5.213942427077244,0.0,0.0,0.0,0.0,0.0,0.0
20,290,7.928603404077071,1.94966833715742,0.0,1.0,1.0,1.0,1.0,0.0
21,290,4.064140218334935,2.1504580323258184,1.0,1.0,0.0,1.0,1.0,0.0
22,290,11.763639707634905,7.224893285887592,1.0,1.0,0.0,0.0,0.0,1.0
23,290,4.130741019877284,10.991317471579436,0.0,0.0,0.0,0.0,0.0,1.0
24,290,3.1335836156414585,3.579643290250016,0.0,0.0,1.0,0.0,1.0,0.0
25,290,0.4011394831922476,9.763071416462246,1.0,0.0,1.0,0.0,1.0,0.0
26,290,12.0,6.649793476073779,0.0,0.0,0.0,1.0,1.0,0.0
27,290,1.7569009264937137,10.243467925956883,0.0,0.0,0.0,0.0,0.0,0.0
28,290,1.588286553401555,3.096167886374911,1.0,0.0,0.0,0.0,1.0,0.0
29,290,6.811074345873336,8.231623850333689,0.0,0.0,1.0,0.0,1.0,1.0
30,290,5.4110834801623415,3.6082774894963694,0.0,0.0,1.0,0.0,0.0,0.0
31,290,1.8984999163734133,1.9492958853836664,0.0,1.0,0.0,0.0,1.0,0.0
32,290,9.814959831661042,10.702871645275632,1.0,1.0,1.0,0.0,1.0,1.0
33,290,2.6888642377860337,10.529877752355253,1.0,1.0,1.0,1.0,0.0,0.0
34,290,12.0,4.527553441426272,0.0,1.0,0.0,0.0,0.0,0.0
35,290,3.29762594128564,0.0,0.0,0.0,0.0,1.0,1.0,0.0
36,290,5.882008301574351,8.348740416811863,1.0,1.0,1.0,0.0,0.0,0.0
37,290,7.905972562020981,8.760333959060281,0.0,0.0,0.0,0.0,0.0,1.0
38,290,4.978555772583261,0.0,0.0,1.0,0.0,0.0,1.0,0.0
39,290,4.748388703532508,0.0,0.0,0.0,0.0,0.0,1.0,0.0
0,295,6.67137562953868,10.70004419881423,1.0,0.0,1.0,0.0,1.0,0.0
1,295,12.0,5.100998664356395,0.0,1.0,0.0,0.0,0.0,0.0
2,295,10.433584530335608,12.0,0.0,0.0,1.0,0.0,0.0,1.0
3,295,11.858502764063,2.0147316275842595,1.0,0.0,1.0,1.0,0.0,0.0
4,295,10.82632317390492,7.349333178296119,0.0,0.0,1.0,1.0,0.0,1.0
5,295,9.245345969491698,2.350622369052489,0.0,1.0,0.0,0.0,0.0,1.0
6,295,8.221146391892228,0.0,0.0,1.0,1.0,0.0,1.0,0.0
7,295,4.016588769341986,10.346186845746203,1.0,0.0,1.0,0.0,1.0,0.0
8,295,8.8012351081863,0.5653460468087268,0.0,0.0,0.0,0.0,0.0,0.0
9,295,5.625598284976378,2.1558369988956234,0.0,0.0,0.0,0.0,1.0,0.0
10,295,0.0,1.4066773754153006,1.0,1.0,1.0,0.0,0.0,0.0
11,295,4.107393069034517,9.73199252000794,1.0,0.0,0.0,0.0,0.0,1.0
12,295,8.809571624586296,0.0,0.0,1.0,1.0,0.0,1.0,0.0
13,295,0.0,12.0,1.0,0.0,0.0,0.0,1.0,0.0
14,295,9.355104254681343,0.0,0.0,1.0,0.0,1.0,0.0,1.0
15,295,6.459520265330083,9.207222851450371,1.0,1.0,0.0,0.0,1.0,1.0
16,295,12.0,2.7492027489916087,0.0,0.0,1.0,0.0,1.0,0.0
17,295,6.367627684155921,7.557069335314485,1.0,1.0,0.0,1.0,0.0,0.0
18,295,3.5238899965076693,3.756419734076939,1.0,0.0,0.0,1.0,0.0,0.0
19,295,2.6319314099720947,5.212381574464215,0.0,0.0,0.0,0.0,0.0,0.0
20,295,7.978071899157841,1.8885863850376696,0.0,1.0,1.0,1.0,1.0,0.0
21,295,4.053606265265823,2.130803842023333,1.0,1.0,0.0,1.0,1.0,0.0
22,295,11.721819503499267,7.22097036072471,1.0,1.0,0.0,0.0,0.0,1.0
23,295,4.130227783393743,10.961954566135333,0.0,0.0,0.0,0.0,0.0,1.0
24,295,3.0517480642634407,3.5218598407576893,0.0,0.0,1.0,0.0,1.0,0.0
25,295,0.3926329354519557,9.75189157517819,1.0,0.0,1.0,0.0,1.0,0.0
26,295,12.0,6.647168942627129,0.0,0.0,0.0,1.0,1.0,0.0
27,295,1.787627540516786,10.319213085713566,0.0,0.0,0.0,0.0,0.0,0.0
28,295,1.6245698086583982,2.960777647136533,1.0,0.0,0.0,0.0,1.0,0.0
29,295,6.757902285689929,8.1985498523116,0.0,0.0,1.0,0.0,1.0,1.0
30,295,5.394694345863612,3.585529022695796,0.0,0.0,1.0,0.0,0.0,0.0
31,295,1.8947681893118289,1.9402096684270231,0.0,1.0,0.0,0.0,1.0,0.0
32,295,9.876867011790566,10.759487169685634,1.0,1.0,1.0,0.0,1.0,1.0
33,295,2.6755404029067504,10.664235855918433,1.0,1.0,1.0,1.0,0.0,0.0
34,295,12.0,4.4911183909778,0.0,1.0,0.0,0.0,0.0,0.0
35,295,3.360925271105822,0.0,0.0,0.0,0.0,1.0,1.0,0.0
36,295,5.8179501694448295,8.361658534002757,1.0,1.0,1.0,0.0,0.0,0.0
37,295,7.869399772280757,8.684614551524113,0.0,0.0,0.0,0.0,0.0,1.0
38,295,5.109408174695837,0.0,0.0,1.0,0.0,0.0,1.0,0.0
39,295,4.585877764115616,0.0,0.0,0.0,0.0,0.0,1.0,0.0
