0,0,2.001133106445216,3.94918029049353,0.0,0.0,0.0,0.0,1.0,1.0
1,0,11.96827520221173,7.962763483494592,0.0,0.0,1.0,0.0,0.0,0.0
2,0,2.9574836582703954,0.995516190095384,0.0,1.0,0.0,1.0,1.0,1.0
3,0,10.930577525993828,3.9956506276329886,0.0,0.0,0.0,0.0,0.0,0.0
4,0,3.998748079143141,10.05551649774024,0.0,1.0,1.0,0.0,0.0,1.0
5,0,10.98887951256515,10.944323463163824,0.0,1.0,1.0,0.0,1.0,0.0
6,0,0.050107438195679,0.0,1.0,0.0,0.0,0.0,0.0,0.0
7,0,8.948497486219765,0.9749705386631176,0.0,1.0,1.0,1.0,1.0,1.0
8,0,5.069187221262995,8.975454617921203,0.0,1.0,0.0,0.0,0.0,0.0
9,0,9.991200082615867,11.933304180592105,0.0,1.0,1.0,1.0,0.0,0.0
10,0,8.985708765404054,9.055452248467711,0.0,0.0,0.0,0.0,0.0,1.0
11,0,9.96972200136229,8.042432657404861,1.0,1.0,0.0,1.0,1.0,0.0
12,0,9.90924559780277,10.969004144555852,1.0,0.0,1.0,0.0,0.0,0.0
13,0,8.947465705877944,1.951085388137629,0.0,0.0,0.0,0.0,1.0,0.0
14,0,7.034015209478239,7.97406095547739,1.0,0.0,0.0,1.0,1.0,0.0
15,0,5.01284851000394,10.94370688998158,1.0,0.0,0.0,1.0,1.0,0.0
16,0,1.982547932737328,10.04147361399204,1.0,1.0,0.0,1.0,0.0,0.0
17,0,1.0275849340406733,5.949246375955939,0.0,0.0,0.0,0.0,0.0,0.0
18,0,11.04762274998688,10.05327795962426,1.0,0.0,0.0,0.0,0.0,1.0
19,0,11.979893672308824,5.046867622194321,0.0,0.0,1.0,0.0,0.0,0.0
20,0,9.968080057730246,6.953029520249726,1.0,0.0,0.0,1.0,1.0,0.0
21,0,4.044130293858088,5.002531354897245,0.0,0.0,0.0,0.0,1.0,0.0
22,0,9.987872262481542,5.9729936856834005,1.0,0.0,0.0,0.0,0.0,1.0
23,0,4.002090017088708,11.95328499854259,0.0,1.0,1.0,0.0,0.0,1.0
24,0,7.012315632951688,4.970072250586425,0.0,0.0,0.0,0.0,0.0,0.0
25,0,8.04685832281751,4.045493548802629,0.0,1.0,1.0,0.0,0.0,1.0
26,0,1.0597286043057708,9.997379912061229,1.0,0.0,1.0,0.0,1.0,1.0
27,0,7.96800010285516,11.046201083390384,0.0,0.0,0.0,1.0,0.0,0.0
28,0,11.972795532657548,3.033385869520999,1.0,0.0,0.0,1.0,0.0,0.0
29,0,5.92666277084449,8.017603272687468,0.0,1.0,1.0,1.0,0.0,0.0
30,0,6.9899411204024045,1.0480618213133162,0.0,0.0,1.0,0.0,0.0,0.0
31,0,1.9716315600041263,11.007138994514508,0.0,1.0,1.0,1.0,1.0,1.0
32,0,12.0,3.0776196099188304,1.0,1.0,0.0,0.0,0.0,0.0
33,0,0.027640991485214,4.93541763566533,0.0,1.0,1.0,0.0,0.0,1.0
34,0,5.063401357772329,10.990781707516108,1.0,0.0,0.0,0.0,0.0,1.0
35,0,3.0596483816458644,9.0242791511873,1.0,0.0,0.0,1.0,1.0,0.0
36,0,6.0079397646032655,0.9179492341904174,0.0,0.0,1.0,1.0,0.0,1.0
37,0,8.951913580365492,12.0,0.0,1.0,1.0,1.0,0.0,0.0
38,0,6.056103947378999,4.02645552632843,1.0,1.0,1.0,1.0,0.0,1.0
39,0,7.035554552101473,12.0,1.0,1.0,0.0,0.0,0.0,0.0
0,5,2.003497719101077,3.8833958607219383,0.0,0.0,0.0,0.0,1.0,1.0
1,5,11.954862106892405,7.946912220865069,0.0,0.0,1.0,0.0,0.0,0.0
2,5,2.901065696902611,0.9898483810126946,0.0,1.0,0.0,1.0,1.0,1.0
3,5,10.869007173263984,3.9916491232879063,0.0,0.0,0.0,0.0,0.0,0.0
4,5,3.9964033527705816,10.120118425263083,0.0,1.0,1.0,0.0,0.0,1.0
5,5,10.980704146879276,10.908285107634908,0.0,1.0,1.0,0.0,1.0,0.0
6,5,0.1192471250833519,0.0,1.0,0.0,0.0,0.0,0.0,0.0
7,5,8.898186046070165,0.9510231556063192,0.0,1.0,1.0,1.0,1.0,1.0
8,5,5.158985297386533,8.945266573432974,0.0,1.0,0.0,0.0,0.0,0.0
9,5,9.980715711538796,11.863089683812287,0.0,1.0,1.0,1.0,0.0,0.0
10,5,8.975330809904651,9.096076520373318,0.0,0.0,0.0,0.0,0.0,1.0
11,5,9.943923791969263,8.076085520172775,1.0,1.0,0.0,1.0,1.0,0.0
12,5,9.82786331797165,10.942200718875842,1.0,0.0,1.0,0.0,0.0,0.0
13,5,8.911238463492014,1.9191999047320407,0.0,0.0,0.0,0.0,1.0,0.0
14,5,7.073048362882331,7.944676705868379,1.0,0.0,0.0,1.0,1.0,0.0
15,5,5.023302694088113,10.896466448082178,1.0,0.0,0.0,1.0,1.0,0.0
16,5,1.9682415208482824,10.074090413090952,1.0,1.0,0.0,1.0,0.0,0.0
17,5,1.0462721371167334,5.914987847341647,0.0,0.0,0.0,0.0,0.0,0.0
18,5,11.09971263447484,10.10993133964806,1.0,0.0,0.0,0.0,0.0,1.0
19,5,11.965054450892088,5.082352186666645,0.0,0.0,1.0,0.0,0.0,0.0
20,5,9.932613090738291,6.896176404833802,1.0,0.0,0.0,1.0,1.0,0.0
21,5,4.048777608154443,4.927790599654925,0.0,0.0,0.0,0.0,1.0,0.0
22,5,9.978843132841464,5.953975332829762,1.0,0.0,0.0,0.0,0.0,1.0
23,5,4.005622290038153,11.886283912638255,0.0,1.0,1.0,0.0,0.0,1.0
24,5,7.031083449206155,4.928714764887513,0.0,0.0,0.0,0.0,0.0,0.0
25,5,8.104721833081726,4.103666374082016,0.0,1.0,1.0,0.0,0.0,1.0
26,5,1.0648269748491097,10.070869001996153,1.0,0.0,1.0,0.0,1.0,1.0
27,5,7.939392307257969,11.087768079164094,0.0,0.0,0.0,1.0,0.0,0.0
28,5,11.949970430076467,3.06075959060872,1.0,0.0,0.0,1.0,0.0,0.0
29,5,5.84307003013806,8.03541790818105,0.0,1.0,1.0,1.0,0.0,0.0
30,5,6.9775824739993855,1.1042356464263388,0.0,0.0,1.0,0.0,0.0,0.0
31,5,1.9608011081640289,11.00987151780631,0.0,1.0,1.0,1.0,1.0,1.0
32,5,12.0,3.152183583473658,1.0,1.0,0.0,0.0,0.0,0.0
33,5,0.0561435764748801,4.869195399190513,0.0,1.0,1.0,0.0,0.0,1.0
34,5,5.121432194282827,10.984203300177336,1.0,0.0,0.0,0.0,0.0,1.0
35,5,3.1306716075554823,9.053049169760362,1.0,0.0,0.0,1.0,1.0,0.0
36,5,5.917204193501379,0.9079686426855184,0.0,0.0,1.0,1.0,0.0,1.0
37,5,8.918662563779817,12.0,0.0,1.0,1.0,1.0,0.0,0.0
38,5,6.129373172421703,4.06139088052244,1.0,1.0,1.0,1.0,0.0,1.0
39,5,7.053607487507159,12.0,1.0,1.0,0.0,0.0,0.0,0.0
0,10,2.0041755743952905,3.846109825145743,0.0,0.0,0.0,0.0,1.0,1.0
1,10,11.942778666792346,7.9324053793280465,0.0,0.0,1.0,0.0,0.0,0.0
2,10,2.8638700964905133,0.9846151300855138,0.0,1.0,0.0,1.0,1.0,1.0
3,10,10.800693195384907,3.9864774470695856,0.0,0.0,0.0,0.0,0.0,0.0
4,10,3.9942951535818696,10.174314483087397,0.0,1.0,1.0,0.0,0.0,1.0
5,10,10.977424135535328,10.89417506918336,0.0,1.0,1.0,0.0,1.0,0.0
6,10,0.2015319118267536,0.0,1.0,0.0,0.0,0.0,0.0,0.0
7,10,8.832142032792994,0.9193139904901664,0.0,1.0,1.0,1.0,1.0,1.0
8,10,5.235848421759244,8.91996438789851,0.0,1.0,0.0,0.0,0.0,0.0
9,10,9.967354341162164,11.752560615131598,0.0,1.0,1.0,1.0,0.0,0.0
10,10,8.963025252397797,9.148091069804243,0.0,0.0,0.0,0.0,0.0,1.0
11,10,9.92189961012092,8.105523818557362,1.0,1.0,0.0,1.0,1.0,0.0
12,10,9.738536740960374,10.916848181888446,1.0,0.0,1.0,0.0,0.0,0.0
13,10,8.871424779814422,1.8867474870136596,0.0,0.0,0.0,0.0,1.0,0.0
14,10,7.115379554761733,7.915031979769668,1.0,0.0,0.0,1.0,1.0,0.0
15,10,5.033462467602038,10.845615459634882,1.0,0.0,0.0,1.0,1.0,0.0
16,10,1.9506048988064204,10.11372349369644,1.0,1.0,0.0,1.0,0.0,0.0
17,10,1.0693472486836588,5.873217552389654,0.0,0.0,0.0,0.0,0.0,0.0
18,10,11.154682730865025,10.166460436128611,1.0,0.0,0.0,0.0,0.0,1.0
19,10,11.946610350971584,5.126238682968736,0.0,0.0,1.0,0.0,0.0,0.0
20,10,9.88730518815207,6.820564653244979,1.0,0.0,0.0,1.0,1.0,0.0
21,10,4.0536869202243855,4.86135533007808,0.0,0.0,0.0,0.0,1.0,0.0
22,10,9.97788081938609,5.951819229499273,1.0,0.0,0.0,0.0,0.0,1.0
23,10,4.00877200559736,11.80608036975512,0.0,1.0,1.0,0.0,0.0,1.0
24,10,7.055579112721318,4.876303122718944,0.0,0.0,0.0,0.0,0.0,0.0
25,10,8.163641143998092,4.164958243209873,0.0,1.0,1.0,0.0,0.0,1.0
26,10,1.0711303058010977,10.157474297183992,1.0,0.0,1.0,0.0,1.0,1.0
27,10,7.896095772667531,11.151157121071067,0.0,0.0,0.0,1.0,0.0,0.0
28,10,11.917393523998802,3.1013254038318223,1.0,0.0,0.0,1.0,0.0,0.0
29,10,5.75859617098725,8.055935321029006,0.0,1.0,1.0,1.0,0.0,0.0
30,10,6.963087867579487,1.1704511634069592,0.0,0.0,1.0,0.0,0.0,0.0
31,10,1.9370506773251523,11.015492232461066,0.0,1.0,1.0,1.0,1.0,1.0
32,10,12.0,3.2415240899284328,1.0,1.0,0.0,0.0,0.0,0.0
33,10,0.0797094791487799,4.813454434137072,0.0,1.0,1.0,0.0,0.0,1.0
34,10,5.167826866398636,10.976963082494324,1.0,0.0,0.0,0.0,0.0,1.0
35,10,3.221175939683023,9.09221293633409,1.0,0.0,0.0,1.0,1.0,0.0
36,10,5.82107211676522,0.8964801454536796,0.0,0.0,1.0,1.0,0.0,1.0
37,10,8.888565726902408,11.99993386725303,0.0,1.0,1.0,1.0,0.0,0.0
38,10,6.206087458883008,4.097632476297711,1.0,1.0,1.0,1.0,0.0,1.0
39,10,7.080484429352437,12.0,1.0,1.0,0.0,0.0,0.0,0.0
0,15,2.0055109937475164,3.79607034094388,0.0,0.0,0.0,0.0,1.0,1.0
1,15,11.927716710803244,7.914627817795242,0.0,0.0,1.0,0.0,0.0,0.0
2,15,2.822184609375185,0.978467378768306,0.0,1.0,0.0,1.0,1.0,1.0
3,15,10.741968424175884,3.982662167412855,0.0,0.0,0.0,0.0,0.0,0.0
4,15,3.993346676793789,10.232962169691364,0.0,1.0,1.0,0.0,0.0,1.0
5,15,10.974581295246374,10.88186443867232,0.0,1.0,1.0,0.0,1.0,0.0
6,15,0.2973857178717608,0.0,1.0,0.0,0.0,0.0,0.0,0.0
7,15,8.757328800021615,0.8833795877149786,0.0,1.0,1.0,1.0,1.0,1.0
8,15,5.335664825282292,8.889127535720249,0.0,1.0,0.0,0.0,0.0,0.0
9,15,9.95217782858646,11.628551733254932,0.0,1.0,1.0,1.0,0.0,0.0
10,15,8.948423825563495,9.208548156502916,0.0,0.0,0.0,0.0,0.0,1.0
11,15,9.89649605481456,8.138830326681886,1.0,1.0,0.0,1.0,1.0,0.0
12,15,9.649747885104258,10.89297509599505,1.0,0.0,1.0,0.0,0.0,0.0
13,15,8.854066023634763,1.8724345126382056,0.0,0.0,0.0,0.0,1.0,0.0
14,15,7.167836501933927,7.877359703078168,1.0,0.0,0.0,1.0,1.0,0.0
15,15,5.043726545605795,10.79225892265143,1.0,0.0,0.0,1.0,1.0,0.0
16,15,1.925165722619412,10.169970221414404,1.0,1.0,0.0,1.0,0.0,0.0
17,15,1.0951439130482588,5.824969196668498,0.0,0.0,0.0,0.0,0.0,0.0
18,15,11.213804993617863,10.231276239901351,1.0,0.0,0.0,0.0,0.0,1.0
19,15,11.927987312113943,5.172737036031484,0.0,0.0,1.0,0.0,0.0,0.0
20,15,9.836963781190391,6.739078836706742,1.0,0.0,0.0,1.0,1.0,0.0
21,15,4.057836314098516,4.811526053073385,0.0,0.0,0.0,0.0,1.0,0.0
22,15,9.973356521528824,5.941517523535124,1.0,0.0,0.0,0.0,0.0,1.0
23,15,4.01142207782994,11.708575951432918,0.0,1.0,1.0,0.0,0.0,1.0
24,15,7.082072450836154,4.819168939559605,0.0,0.0,0.0,0.0,0.0,0.0
25,15,8.216796522269533,4.222171812182393,0.0,1.0,1.0,0.0,0.0,1.0
26,15,1.0738731707614746,10.235836666025197,1.0,0.0,1.0,0.0,1.0,1.0
27,15,7.853769146191239,11.218060809796826,0.0,0.0,0.0,1.0,0.0,0.0
28,15,11.886746365158787,3.138644751531,1.0,0.0,0.0,1.0,0.0,0.0
29,15,5.736799188237413,7.9673080924286035,0.0,1.0,1.0,1.0,0.0,0.0
30,15,6.947948824788834,1.2387629255788353,0.0,0.0,1.0,0.0,0.0,0.0
31,15,1.926838079336311,11.017847344350532,0.0,1.0,1.0,1.0,1.0,1.0
32,15,12.0,3.330316886895345,1.0,1.0,0.0,0.0,0.0,0.0
33,15,0.1055048303788639,4.753586487764702,0.0,1.0,1.0,0.0,0.0,1.0
34,15,5.20634567986007,10.97140046237734,1.0,0.0,0.0,0.0,0.0,1.0
35,15,3.310068597902119,9.130087111180238,1.0,0.0,0.0,1.0,1.0,0.0
36,15,5.727396700221354,0.8856539070008626,0.0,0.0,1.0,1.0,0.0,1.0
37,15,8.87581822730688,11.999687509952992,0.0,1.0,1.0,1.0,0.0,0.0
38,15,6.290930919496685,4.141805598439972,1.0,1.0,1.0,1.0,0.0,1.0
39,15,7.111199044763611,12.0,1.0,1.0,0.0,0.0,0.0,0.0
0,20,2.007085620697375,3.7544498938963793,0.0,0.0,0.0,0.0,1.0,1.0
1,20,11.916668220750786,7.901724106212569,0.0,0.0,1.0,0.0,0.0,0.0
2,20,2.798436822652041,0.9758561985246644,0.0,1.0,0.0,1.0,1.0,1.0
3,20,10.687840821521572,3.977944701370682,0.0,0.0,0.0,0.0,0.0,0.0
4,20,3.9927066034715977,10.277971422285836,0.0,1.0,1.0,0.0,0.0,1.0
5,20,10.967258080273623,10.85168747222692,0.0,1.0,1.0,0.0,1.0,0.0
6,20,0.378513368088715,0.0,1.0,0.0,0.0,0.0,0.0,0.0
7,20,8.691735321987261,0.8514501281507997,0.0,1.0,1.0,1.0,1.0,1.0
8,20,5.460987667952172,8.848350109108821,0.0,1.0,0.0,0.0,0.0,0.0
9,20,9.932445354167236,11.48463337161127,0.0,1.0,1.0,1.0,0.0,0.0
10,20,8.934131912436492,9.266829233993883,0.0,0.0,0.0,0.0,0.0,1.0
11,20,9.867819707247891,8.174370791750167,1.0,1.0,0.0,1.0,1.0,0.0
12,20,9.583611330385684,10.877308574382615,1.0,0.0,1.0,0.0,0.0,0.0
13,20,8.85389785575752,1.872297729258172,0.0,0.0,0.0,0.0,1.0,0.0
14,20,7.215130959503,7.844219039227004,1.0,0.0,0.0,1.0,1.0,0.0
15,20,5.052652142681637,10.746563399772633,1.0,0.0,0.0,1.0,1.0,0.0
16,20,1.897430842036737,10.229083646354402,1.0,1.0,0.0,1.0,0.0,0.0
17,20,1.1324208083092475,5.758290361192925,0.0,0.0,0.0,0.0,0.0,0.0
18,20,11.288365454435857,10.310138618007256,1.0,0.0,0.0,0.0,0.0,1.0
19,20,11.916960705777646,5.200062753672279,0.0,0.0,1.0,0.0,0.0,0.0
20,20,9.786809412182611,6.6542505102287866,1.0,0.0,0.0,1.0,1.0,0.0
21,20,4.06241194861379,4.7555848249099775,0.0,0.0,0.0,0.0,1.0,0.0
22,20,9.966717799262712,5.925455991397463,1.0,0.0,0.0,0.0,0.0,1.0
23,20,4.014238363046644,11.585016948789995,0.0,1.0,1.0,0.0,0.0,1.0
24,20,7.116089207269753,4.740448500115943,0.0,0.0,0.0,0.0,0.0,0.0
25,20,8.273318837589406,4.287686801542641,0.0,1.0,1.0,0.0,0.0,1.0
26,20,1.076593110373483,10.295524898641592,1.0,0.0,1.0,0.0,1.0,1.0
27,20,7.799020631309188,11.299401005503476,0.0,0.0,0.0,1.0,0.0,0.0
28,20,11.86320225564475,3.1682838018029567,1.0,0.0,0.0,1.0,0.0,0.0
29,20,5.719968304060838,7.896274543530032,0.0,1.0,1.0,1.0,0.0,0.0
30,20,6.936149114315852,1.2976510826299086,0.0,0.0,1.0,0.0,0.0,0.0
31,20,1.9335793696853345,11.01627032335,0.0,1.0,1.0,1.0,1.0,1.0
32,20,12.0,3.413414347074668,1.0,1.0,0.0,0.0,0.0,0.0
33,20,0.1344596526251872,4.685982069829024,0.0,1.0,1.0,0.0,0.0,1.0
34,20,5.233768742298762,10.966555979813393,1.0,0.0,0.0,0.0,0.0,1.0
35,20,3.3833295736567908,9.162385265950816,1.0,0.0,0.0,1.0,1.0,0.0
36,20,5.641472190555757,0.8791737500182595,0.0,0.0,1.0,1.0,0.0,1.0
37,20,8.841235934956288,11.99892452835592,0.0,1.0,1.0,1.0,0.0,0.0
38,20,6.383729153607505,4.186611079709835,1.0,1.0,1.0,1.0,0.0,1.0
39,20,7.14396376204757,12.0,1.0,1.0,0.0,0.0,0.0,0.0
0,25,2.0093316510738037,3.71311938195769,0.0,0.0,0.0,0.0,1.0,1.0
1,25,11.89749395780595,7.919357141579913,0.0,0.0,1.0,0.0,0.0,0.0
2,25,2.7911467053277987,0.9750365411788424,0.0,1.0,0.0,1.0,1.0,1.0
3,25,10.618512825975916,3.970479725451921,0.0,0.0,0.0,0.0,0.0,0.0
4,25,3.9923850473320055,10.306661223737551,0.0,1.0,1.0,0.0,0.0,1.0
5,25,10.966259992296004,10.847245852713844,0.0,1.0,1.0,0.0,1.0,0.0
6,25,0.4513144417956359,0.0,1.0,0.0,0.0,0.0,0.0,0.0
7,25,8.61889361154718,0.8162903548949296,0.0,1.0,1.0,1.0,1.0,1.0
8,25,5.597189747159535,8.803244015839564,0.0,1.0,0.0,0.0,0.0,0.0
9,25,9.915652815617388,11.351786761617957,0.0,1.0,1.0,1.0,0.0,0.0
10,25,8.916469343704273,9.337014469766563,0.0,0.0,0.0,0.0,0.0,1.0
11,25,9.824490874534929,8.229725746707071,1.0,1.0,0.0,1.0,1.0,0.0
12,25,9.508839497238426,10.859845603029225,1.0,0.0,1.0,0.0,0.0,0.0
13,25,8.848221178408963,1.8675798683483475,0.0,0.0,0.0,0.0,1.0,0.0
14,25,7.293821393809788,7.794893415338405,1.0,0.0,0.0,1.0,1.0,0.0
15,25,5.060999340605684,10.703188541916257,1.0,0.0,0.0,1.0,1.0,0.0
16,25,1.8763902966582016,10.274604116669094,1.0,1.0,0.0,1.0,0.0,0.0
17,25,1.1697825674274036,5.688972787539443,0.0,0.0,0.0,0.0,0.0,0.0
18,25,11.348558081824509,10.371075341537852,1.0,0.0,0.0,0.0,0.0,1.0
19,25,11.90086532690436,5.234378582996073,0.0,0.0,1.0,0.0,0.0,0.0
20,25,9.741751425509854,6.573916091535633,1.0,0.0,0.0,1.0,1.0,0.0
21,25,4.06490110045471,4.7104476928379935,0.0,0.0,0.0,0.0,1.0,0.0
22,25,9.968417041791,5.929411108941992,1.0,0.0,0.0,0.0,0.0,1.0
23,25,4.017934726459006,11.45270114887872,0.0,1.0,1.0,0.0,0.0,1.0
24,25,7.153425244922641,4.653991582181522,0.0,0.0,0.0,0.0,0.0,0.0
25,25,8.32976173679145,4.352731357709623,0.0,1.0,1.0,0.0,0.0,1.0
26,25,1.0778729205058355,10.350804059412832,1.0,0.0,1.0,0.0,1.0,1.0
27,25,7.732715606773076,11.401185562274998,0.0,0.0,0.0,1.0,0.0,0.0
28,25,11.843222971066004,3.192777114405856,1.0,0.0,0.0,1.0,0.0,0.0
29,25,5.7043967183480255,7.829619989891878,0.0,1.0,1.0,1.0,0.0,0.0
30,25,6.92487658900823,1.351901433586062,0.0,0.0,1.0,0.0,0.0,0.0
31,25,1.9478413034545292,11.012233910867128,0.0,1.0,1.0,1.0,1.0,1.0
32,25,12.0,3.402881784470284,1.0,1.0,0.0,0.0,0.0,0.0
33,25,0.1682683730719087,4.60009801890487,0.0,1.0,1.0,0.0,0.0,1.0
34,25,5.245449348478183,10.964741083746002,1.0,0.0,0.0,0.0,0.0,1.0
35,25,3.4642896328404955,9.197731329158572,1.0,0.0,0.0,1.0,1.0,0.0
36,25,5.536619923193408,0.8728195914880552,0.0,0.0,1.0,1.0,0.0,1.0
37,25,8.793346047681984,11.997482001949514,0.0,1.0,1.0,1.0,0.0,0.0
38,25,6.467541613111757,4.229600681627285,1.0,1.0,1.0,1.0,0.0,1.0
39,25,7.168815863085169,12.0,1.0,1.0,0.0,0.0,0.0,0.0
0,30,2.012312125677239,3.6642977317096497,0.0,0.0,0.0,0.0,1.0,1.0
1,30,11.880864885970563,7.934542783665958,0.0,0.0,1.0,0.0,0.0,0.0
2,30,2.77141089048519,0.9731186986358984,0.0,1.0,0.0,1.0,1.0,1.0
3,30,10.532733011372724,3.958849811640325,0.0,0.0,0.0,0.0,0.0,0.0
4,30,3.991739839093969,10.355238678200983,0.0,1.0,1.0,0.0,0.0,1.0
5,30,10.971858991254193,10.876018046295556,0.0,1.0,1.0,0.0,1.0,0.0
6,30,0.5530612501440604,0.0,1.0,0.0,0.0,0.0,0.0,0.0
7,30,8.545615489144238,0.7820899508056846,0.0,1.0,1.0,1.0,1.0,1.0
8,30,5.746054176555435,8.754545191592255,0.0,1.0,0.0,0.0,0.0,0.0
9,30,10.054153386715894,11.334003983757585,0.0,1.0,1.0,1.0,0.0,0.0
10,30,8.900429468050168,9.403314489056225,0.0,0.0,0.0,0.0,0.0,1.0
11,30,9.785809485276488,8.27916994796366,1.0,1.0,0.0,1.0,1.0,0.0
12,30,9.455774709929315,10.84906217052794,1.0,0.0,1.0,0.0,0.0,0.0
13,30,8.83028262410731,1.8530859544371423,0.0,0.0,0.0,0.0,1.0,0.0
14,30,7.37922044776293,7.739415528393921,1.0,0.0,0.0,1.0,1.0,0.0
15,30,5.067515493378886,10.666531454502111,1.0,0.0,0.0,1.0,1.0,0.0
16,30,1.8539044982692496,10.32642160954027,1.0,1.0,0.0,1.0,0.0,0.0
17,30,1.203353848226293,5.626650227521593,0.0,0.0,0.0,0.0,0.0,0.0
18,30,11.416080986184376,10.441563584568224,1.0,0.0,0.0,0.0,0.0,1.0
19,30,11.8798471845329,5.280833511808259,0.0,0.0,1.0,0.0,0.0,0.0
20,30,9.696636217316264,6.4941653991612185,1.0,0.0,0.0,1.0,1.0,0.0
21,30,4.067395138883409,4.644687493012889,0.0,0.0,0.0,0.0,1.0,0.0
22,30,9.977950088526107,5.952112957653768,1.0,0.0,0.0,0.0,0.0,1.0
23,30,4.023019742557941,11.326941898462472,0.0,1.0,1.0,0.0,0.0,1.0
24,30,7.190834419359741,4.571459863987121,0.0,0.0,0.0,0.0,0.0,0.0
25,30,8.381515321927935,4.411600225131156,0.0,1.0,1.0,0.0,0.0,1.0
26,30,1.0788982822465074,10.39440967422332,1.0,0.0,1.0,0.0,1.0,1.0
27,30,7.669176341907123,11.499094190703689,0.0,0.0,0.0,1.0,0.0,0.0
28,30,11.82702915907534,3.2130428147082206,1.0,0.0,0.0,1.0,0.0,0.0
29,30,5.691216246165366,7.76810944851779,0.0,1.0,1.0,1.0,0.0,0.0
30,30,6.915753199628604,1.4010341201698449,0.0,0.0,1.0,0.0,0.0,0.0
31,30,1.948329105369175,11.012117696003038,0.0,1.0,1.0,1.0,1.0,1.0
32,30,12.0,3.391777343517389,1.0,1.0,0.0,0.0,0.0,0.0
33,30,0.2020843867064183,4.506446696668734,0.0,1.0,1.0,0.0,0.0,1.0
34,30,5.239939234351094,10.965516515249,1.0,0.0,0.0,0.0,0.0,1.0
35,30,3.5547289523676184,9.237121053351306,1.0,0.0,0.0,1.0,1.0,0.0
36,30,5.412560870557574,0.8640311030321861,0.0,0.0,1.0,1.0,0.0,1.0
37,30,8.795406094248444,11.959494691097108,0.0,1.0,1.0,1.0,0.0,0.0
38,30,6.554497057575375,4.274551994358412,1.0,1.0,1.0,1.0,0.0,1.0
39,30,7.196022341978339,12.0,1.0,1.0,0.0,0.0,0.0,0.0
0,35,2.0165386636832734,3.603120471138634,0.0,0.0,0.0,0.0,1.0,1.0
1,35,11.862140578744976,7.950943945080025,0.0,0.0,1.0,0.0,0.0,0.0
2,35,2.7566953644160264,0.9716668131087354,0.0,1.0,0.0,1.0,1.0,1.0
3,35,10.458046019289082,3.947847467740231,0.0,0.0,0.0,0.0,0.0,0.0
4,35,3.991572901456738,10.404699711631311,0.0,1.0,1.0,0.0,0.0,1.0
5,35,10.975968721258658,10.895706107994616,0.0,1.0,1.0,0.0,1.0,0.0
6,35,0.6515504369907082,0.0,1.0,0.0,0.0,0.0,0.0,0.0
7,35,8.47767901957095,0.7519649138062585,0.0,1.0,1.0,1.0,1.0,1.0
8,35,5.9019651850479935,8.699416671515491,0.0,1.0,0.0,0.0,0.0,0.0
9,35,10.181066078748284,11.316111804393488,0.0,1.0,1.0,1.0,0.0,0.0
10,35,8.885005728279374,9.469477839720858,0.0,0.0,0.0,0.0,0.0,1.0
11,35,9.74685529982889,8.32993986352657,1.0,1.0,0.0,1.0,1.0,0.0
12,35,9.381500096654095,10.83637180337676,1.0,0.0,1.0,0.0,0.0,0.0
13,35,8.809002972540867,1.8360730694807612,0.0,0.0,0.0,0.0,1.0,0.0
14,35,7.470080735150563,7.683920226407121,1.0,0.0,0.0,1.0,1.0,0.0
15,35,5.076080444199501,10.620676864560844,1.0,0.0,0.0,1.0,1.0,0.0
16,35,1.8318382817207437,10.375837511503404,1.0,1.0,0.0,1.0,0.0,0.0
17,35,1.2413140319893037,5.560084239356158,0.0,0.0,0.0,0.0,0.0,0.0
18,35,11.495175669723803,10.525150463196656,1.0,0.0,0.0,0.0,0.0,1.0
19,35,11.8631421617648,5.3210088138328295,0.0,0.0,1.0,0.0,0.0,0.0
20,35,9.66053702580459,6.43051826250822,1.0,0.0,0.0,1.0,1.0,0.0
21,35,4.070872653906092,4.579414155242894,0.0,0.0,0.0,0.0,1.0,0.0
22,35,9.986457929889813,5.973294393007211,1.0,0.0,0.0,0.0,0.0,1.0
23,35,4.025640339071207,11.223934079902511,0.0,1.0,1.0,0.0,0.0,1.0
24,35,7.225895322025483,4.486797546581623,0.0,0.0,0.0,0.0,0.0,0.0
25,35,8.445667795167964,4.484479428636575,0.0,1.0,1.0,0.0,0.0,1.0
26,35,1.079720275122452,10.431348090770806,1.0,0.0,1.0,0.0,1.0,1.0
27,35,7.609549769800689,11.58910845091944,0.0,0.0,0.0,1.0,0.0,0.0
28,35,11.80355576555032,3.243092244593256,1.0,0.0,0.0,1.0,0.0,0.0
29,35,5.67903834824012,7.709201422088782,0.0,1.0,1.0,1.0,0.0,0.0
30,35,6.9083720631063406,1.449355500396911,0.0,0.0,1.0,0.0,0.0,0.0
31,35,1.9607988803272105,11.008916994126208,0.0,1.0,1.0,1.0,1.0,1.0
32,35,12.0,3.3820944716406385,1.0,1.0,0.0,0.0,0.0,0.0
33,35,0.2438526870286386,4.3951705289460286,0.0,1.0,1.0,0.0,0.0,1.0
34,35,5.261711310326827,10.962260082174602,1.0,0.0,0.0,0.0,0.0,1.0
35,35,3.653167113411453,9.276754990080562,1.0,0.0,0.0,1.0,1.0,0.0
36,35,5.26770293065502,0.8552114906758498,0.0,0.0,1.0,1.0,0.0,1.0
37,35,8.79638549226346,11.9448747825632,0.0,1.0,1.0,1.0,0.0,0.0
38,35,6.638881407531837,4.320652533364179,1.0,1.0,1.0,1.0,0.0,1.0
39,35,7.227220416087272,12.0,1.0,1.0,0.0,0.0,0.0,0.0
0,40,2.0205278914789444,3.540978047971967,0.0,0.0,0.0,0.0,1.0,1.0
1,40,11.834166196000774,7.975025531663856,0.0,0.0,1.0,0.0,0.0,0.0
2,40,2.726915115936564,0.969546194540925,0.0,1.0,0.0,1.0,1.0,1.0
3,40,10.384349812216843,3.9372871809249017,0.0,0.0,0.0,0.0,0.0,0.0
4,40,3.9929046231345,10.465305911568183,0.0,1.0,1.0,0.0,0.0,1.0
5,40,10.97761813004393,10.903056511308144,0.0,1.0,1.0,0.0,1.0,0.0
6,40,0.7569189682350899,0.0,1.0,0.0,0.0,0.0,0.0,0.0
7,40,8.408213738423882,0.7214530647510484,0.0,1.0,1.0,1.0,1.0,1.0
8,40,6.036551474309783,8.651803636033103,0.0,1.0,0.0,0.0,0.0,0.0
9,40,10.28716486535042,11.29932391902284,0.0,1.0,1.0,1.0,0.0,0.0
10,40,8.86756941763249,9.54745995503462,0.0,0.0,0.0,0.0,0.0,1.0
11,40,9.70321753513014,8.388111522821571,1.0,1.0,0.0,1.0,1.0,0.0
12,40,9.299167229081752,10.820589899512196,1.0,0.0,1.0,0.0,0.0,0.0
13,40,8.777038261785822,1.8107571724985148,0.0,0.0,0.0,0.0,1.0,0.0
14,40,7.573267297125484,7.622814607270355,1.0,0.0,0.0,1.0,1.0,0.0
15,40,5.087678120859192,10.562440118921009,1.0,0.0,0.0,1.0,1.0,0.0
16,40,1.813850244904747,10.416391017924049,1.0,1.0,0.0,1.0,0.0,0.0
17,40,1.2795764238563616,5.496197041150705,0.0,0.0,0.0,0.0,0.0,0.0
18,40,11.56138366634473,10.595508439798646,1.0,0.0,0.0,0.0,0.0,1.0
19,40,11.8435689597984,5.368259160699776,0.0,0.0,1.0,0.0,0.0,0.0
20,40,9.618679362723816,6.360976201694657,1.0,0.0,0.0,1.0,1.0,0.0
21,40,4.073160233923256,4.531678314441293,0.0,0.0,0.0,0.0,1.0,0.0
22,40,9.98958029582161,5.980813266516004,1.0,0.0,0.0,0.0,0.0,1.0
23,40,4.029655643284441,11.11292722430808,0.0,1.0,1.0,0.0,0.0,1.0
24,40,7.25479618651619,4.411625041793569,0.0,0.0,0.0,0.0,0.0,0.0
25,40,8.51699898474469,4.562617507827382,0.0,1.0,1.0,0.0,0.0,1.0
26,40,1.0805585929972648,10.470745244417314,1.0,0.0,1.0,0.0,1.0,1.0
27,40,7.547070292786004,11.687067103756783,0.0,0.0,0.0,1.0,0.0,0.0
28,40,11.788407532672098,3.261822388224468,1.0,0.0,0.0,1.0,0.0,0.0
29,40,5.671261879608792,7.670314162002024,0.0,1.0,1.0,1.0,0.0,0.0
30,40,6.900660325313458,1.4910042617543418,0.0,0.0,1.0,0.0,0.0,0.0
31,40,1.939606265133636,11.014317434845248,0.0,1.0,1.0,1.0,1.0,1.0
32,40,12.0,3.3730083440417107,1.0,1.0,0.0,0.0,0.0,0.0
33,40,0.2858714472498866,4.272859966822728,0.0,1.0,1.0,0.0,0.0,1.0
34,40,5.290395438065727,10.95849245866814,1.0,0.0,0.0,0.0,0.0,1.0
35,40,3.7479470668055455,9.311730762594037,1.0,0.0,0.0,1.0,1.0,0.0
36,40,5.14924416340131,0.8472081865523088,0.0,0.0,1.0,1.0,0.0,1.0
37,40,8.79945717889465,11.91223671988841,0.0,1.0,1.0,1.0,0.0,0.0
38,40,6.703202021104957,4.355802776071587,1.0,1.0,1.0,1.0,0.0,1.0
39,40,7.264193595699774,12.0,1.0,1.0,0.0,0.0,0.0,0.0
0,45,2.0226635087695644,3.500969875382471,0.0,0.0,0.0,0.0,1.0,1.0
1,45,11.826757893201185,7.981093741522546,0.0,0.0,1.0,0.0,0.0,0.0
2,45,2.700934374508416,0.968895484853222,0.0,1.0,0.0,1.0,1.0,1.0
3,45,10.316142189884028,3.9282852257778864,0.0,0.0,0.0,0.0,0.0,0.0
4,45,3.993684725156596,10.517283404839567,0.0,1.0,1.0,0.0,0.0,1.0
5,45,10.981664474444791,10.9274172718953,0.0,1.0,1.0,0.0,1.0,0.0
6,45,0.8659432903506445,0.0,1.0,0.0,0.0,0.0,0.0,0.0
7,45,8.344637500906146,0.6938267851631585,0.0,1.0,1.0,1.0,1.0,1.0
8,45,6.178189093932173,8.603537757367583,0.0,1.0,0.0,0.0,0.0,0.0
9,45,10.400987411067415,11.279806405146273,0.0,1.0,1.0,1.0,0.0,0.0
10,45,8.849682545365228,9.634496652644604,0.0,0.0,0.0,0.0,0.0,1.0
11,45,9.678926903406822,8.420081588386445,1.0,1.0,0.0,1.0,1.0,0.0
12,45,9.234505540060985,10.809719504792394,1.0,0.0,1.0,0.0,0.0,0.0
13,45,8.750027451124458,1.7887179123656043,0.0,0.0,0.0,0.0,1.0,0.0
14,45,7.634745762314797,7.72015253904887,1.0,0.0,0.0,1.0,1.0,0.0
15,45,5.09412638360871,10.517336075779506,1.0,0.0,0.0,1.0,1.0,0.0
16,45,1.799291776518621,10.45093905862598,1.0,1.0,0.0,1.0,0.0,0.0
17,45,1.3236818167268554,5.425594953258284,0.0,0.0,0.0,0.0,0.0,0.0
18,45,11.627721432265446,10.668616205567588,1.0,0.0,0.0,0.0,0.0,1.0
19,45,11.823983274825192,5.414628500185985,0.0,0.0,1.0,0.0,0.0,0.0
20,45,9.569086341513144,6.282671685302963,1.0,0.0,0.0,1.0,1.0,0.0
21,45,4.076303770184913,4.487237794222174,0.0,0.0,0.0,0.0,1.0,0.0
22,45,9.991323181298457,5.984949809691143,1.0,0.0,0.0,0.0,0.0,1.0
23,45,4.033302200449684,11.02205139797078,0.0,1.0,1.0,0.0,0.0,1.0
24,45,7.27555986301979,4.356527272170903,0.0,0.0,0.0,0.0,0.0,0.0
25,45,8.603659374434537,4.654818988608157,0.0,1.0,1.0,0.0,0.0,1.0
26,45,1.0818579838522937,10.518830575197727,1.0,0.0,1.0,0.0,1.0,1.0
27,45,7.480220594555858,11.78944920971576,0.0,0.0,0.0,1.0,0.0,0.0
28,45,11.772620903607226,3.281989125677478,1.0,0.0,0.0,1.0,0.0,0.0
29,45,5.662234626798611,7.615942901144023,0.0,1.0,1.0,1.0,0.0,0.0
30,45,6.893238083682522,1.5297306510926,0.0,0.0,1.0,0.0,0.0,0.0
31,45,1.8922131627420005,11.025344655675854,0.0,1.0,1.0,1.0,1.0,1.0
32,45,12.0,3.3629961205678702,1.0,1.0,0.0,0.0,0.0,0.0
33,45,0.3274417273164239,4.154494409896222,0.0,1.0,1.0,0.0,0.0,1.0
34,45,5.309553201148725,10.9562176863568,1.0,0.0,0.0,0.0,0.0,1.0
35,45,3.8650984984100463,9.35519870451778,1.0,0.0,0.0,1.0,1.0,0.0
36,45,5.028872654813769,0.8413221129002022,0.0,0.0,1.0,1.0,0.0,1.0
37,45,8.802288833418066,11.879926736590743,0.0,1.0,1.0,1.0,0.0,0.0
38,45,6.765253264832912,4.3911336703982,1.0,1.0,1.0,1.0,0.0,1.0
39,45,7.2971540159838,12.0,1.0,1.0,0.0,0.0,0.0,0.0
0,50,2.023422719256146,3.467368434438045,0.0,0.0,0.0,0.0,1.0,1.0
1,50,11.824350020885712,7.982984345234343,0.0,0.0,1.0,0.0,0.0,0.0
2,50,2.691079130623106,0.9684395006171423,0.0,1.0,0.0,1.0,1.0,1.0
3,50,10.270995297009623,3.9219159517041153,0.0,0.0,0.0,0.0,0.0,0.0
4,50,3.994339735810724,10.582631189380088,0.0,1.0,1.0,0.0,0.0,1.0
5,50,10.987577093225656,10.959818137636075,0.0,1.0,1.0,0.0,1.0,0.0
6,50,0.9676420440057724,0.0,1.0,0.0,0.0,0.0,0.0,0.0
7,50,8.277395457667119,0.6641574273422115,0.0,1.0,1.0,1.0,1.0,1.0
8,50,6.304796562047957,8.56344793713552,0.0,1.0,0.0,0.0,0.0,0.0
9,50,10.519950642871494,11.257274572197067,0.0,1.0,1.0,1.0,0.0,0.0
10,50,8.832536326346167,9.719808448643874,0.0,0.0,0.0,0.0,0.0,1.0
11,50,9.652747647482876,8.454112366102574,1.0,1.0,0.0,1.0,1.0,0.0
12,50,9.181788691916424,10.80081594677734,1.0,0.0,1.0,0.0,0.0,0.0
13,50,8.714646792703956,1.7586408143482135,0.0,0.0,0.0,0.0,1.0,0.0
14,50,7.688174096899192,7.804471383047581,1.0,0.0,0.0,1.0,1.0,0.0
15,50,5.10062846469606,10.468693626839473,1.0,0.0,0.0,1.0,1.0,0.0
16,50,1.7951231600698234,10.461063861633097,1.0,1.0,0.0,1.0,0.0,0.0
17,50,1.372625280748431,5.346984372119577,0.0,0.0,0.0,0.0,0.0,0.0
18,50,11.695298727471048,10.744099571231692,1.0,0.0,0.0,0.0,0.0,1.0
19,50,11.801639109491612,5.46662070707051,0.0,0.0,1.0,0.0,0.0,0.0
20,50,9.5150751702104,6.198735012609297,1.0,0.0,0.0,1.0,1.0,0.0
21,50,4.079885860344485,4.43655256121292,0.0,0.0,0.0,0.0,1.0,0.0
22,50,9.993810978536926,5.990721532345591,1.0,0.0,0.0,0.0,0.0,1.0
23,50,4.034990609229533,10.92984246918354,0.0,1.0,1.0,0.0,0.0,1.0
24,50,7.30161289203645,4.292574179957857,0.0,0.0,0.0,0.0,0.0,0.0
25,50,8.679512818567698,4.736525632039893,0.0,1.0,1.0,0.0,0.0,1.0
26,50,1.0824430852040772,10.57466457864409,1.0,0.0,1.0,0.0,1.0,1.0
27,50,7.412638029557473,11.890438012030405,0.0,0.0,0.0,1.0,0.0,0.0
28,50,11.750674075096915,3.308749673474117,1.0,0.0,0.0,1.0,0.0,0.0
29,50,5.653883102145579,7.562924688041382,0.0,1.0,1.0,1.0,0.0,0.0
30,50,6.890146052429081,1.548089609070531,0.0,0.0,1.0,0.0,0.0,0.0
31,50,1.8231547847156755,11.041710665714564,0.0,1.0,1.0,1.0,1.0,1.0
32,50,12.0,3.3548451718728285,1.0,1.0,0.0,0.0,0.0,0.0
33,50,0.3700236424321418,4.027478875778373,0.0,1.0,1.0,0.0,0.0,1.0
34,50,5.330141028097702,10.953594934633612,1.0,0.0,0.0,0.0,0.0,1.0
35,50,4.000457267816248,9.406758804510794,1.0,0.0,0.0,1.0,1.0,0.0
36,50,4.904126061335744,0.83404651241405,0.0,0.0,1.0,1.0,0.0,1.0
37,50,8.804296333007688,11.856777858840614,0.0,1.0,1.0,1.0,0.0,0.0
38,50,6.846149808615747,4.438186044694233,1.0,1.0,1.0,1.0,0.0,1.0
39,50,7.320922999591229,12.0,1.0,1.0,0.0,0.0,0.0,0.0
0,55,2.0249832155881298,3.417894367770731,0.0,0.0,0.0,0.0,1.0,1.0
1,55,11.820385110388411,7.985923304733018,0.0,0.0,1.0,0.0,0.0,0.0
2,55,2.675021136644077,0.9677700106746808,0.0,1.0,0.0,1.0,1.0,1.0
3,55,10.217657818621236,3.911240244193953,0.0,0.0,0.0,0.0,0.0,0.0
4,55,3.999013462144338,10.64084212832493,0.0,1.0,1.0,0.0,0.0,1.0
5,55,10.992401512516295,10.986640635716512,0.0,1.0,1.0,0.0,1.0,0.0
6,55,1.0790591125001932,0.0,1.0,0.0,0.0,0.0,0.0,0.0
7,55,8.201670024984008,0.6271970223497312,0.0,1.0,1.0,1.0,1.0,1.0
8,55,6.43955284754164,8.520795749127506,0.0,1.0,0.0,0.0,0.0,0.0
9,55,10.651349369567503,11.233448219801208,0.0,1.0,1.0,1.0,0.0,0.0
10,55,8.81926458726099,9.788283173154973,0.0,0.0,0.0,0.0,0.0,1.0
11,55,9.623970177135002,8.490678871688234,1.0,1.0,0.0,1.0,1.0,0.0
12,55,9.11275318611492,10.788017802253762,1.0,0.0,1.0,0.0,0.0,0.0
13,55,8.695023800643717,1.742103601567894,0.0,0.0,0.0,0.0,1.0,0.0
14,55,7.755526433755448,7.913285994291048,1.0,0.0,0.0,1.0,1.0,0.0
15,55,5.112151983242052,10.408182825325376,1.0,0.0,0.0,1.0,1.0,0.0
16,55,1.7939923733602292,10.46403978702514,1.0,1.0,0.0,1.0,0.0,0.0
17,55,1.440687105555198,5.247300801108323,0.0,0.0,0.0,0.0,0.0,0.0
18,55,11.76100594113574,10.818931713071942,1.0,0.0,0.0,0.0,0.0,1.0
19,55,11.783504231347266,5.509600879052699,0.0,0.0,1.0,0.0,0.0,0.0
20,55,9.46056104017558,6.117614439609009,1.0,0.0,0.0,1.0,1.0,0.0
21,55,4.081352597027268,4.415970628110662,0.0,0.0,0.0,0.0,1.0,0.0
22,55,10.001618317149097,6.007948244671423,1.0,0.0,0.0,0.0,0.0,1.0
23,55,4.035123203120052,10.844272726872363,0.0,1.0,1.0,0.0,0.0,1.0
24,55,7.330389617359418,4.220769352333519,0.0,0.0,0.0,0.0,0.0,0.0
25,55,8.735445775512165,4.801121519379795,0.0,1.0,1.0,0.0,0.0,1.0
26,55,1.0822716152134992,10.601957259844175,1.0,0.0,1.0,0.0,1.0,1.0
27,55,7.347338764663812,11.985757563300307,0.0,0.0,0.0,1.0,0.0,0.0
28,55,11.730839996872948,3.3341840072456272,1.0,0.0,0.0,1.0,0.0,0.0
29,55,5.645348093337656,7.505593824261695,0.0,1.0,1.0,1.0,0.0,0.0
30,55,6.886492077211862,1.5687499143043575,0.0,0.0,1.0,0.0,0.0,0.0
31,55,1.7404415955629011,11.060416009146795,0.0,1.0,1.0,1.0,1.0,1.0
32,55,11.993917433335165,3.283180460942607,1.0,1.0,0.0,0.0,0.0,0.0
33,55,0.4168667415486116,3.883673594690313,0.0,1.0,1.0,0.0,0.0,1.0
34,55,5.366775508690725,10.94876457279296,1.0,0.0,0.0,0.0,0.0,1.0
35,55,4.149639065872885,9.458650856875003,1.0,0.0,0.0,1.0,1.0,0.0
36,55,4.768203405994068,0.8253236207478988,0.0,0.0,1.0,1.0,0.0,1.0
37,55,8.806552331262033,11.8316565838713,0.0,1.0,1.0,1.0,0.0,0.0
38,55,6.961386745782808,4.50263801208378,1.0,1.0,1.0,1.0,0.0,1.0
39,55,7.366987636427529,11.974159333909688,1.0,1.0,0.0,0.0,0.0,0.0
0,60,2.0260186650075447,3.3659859510075703,0.0,0.0,0.0,0.0,1.0,1.0
1,60,11.808020907212136,7.9952618171225245,0.0,0.0,1.0,0.0,0.0,0.0
2,60,2.6501711894936064,0.966814349904677,0.0,1.0,0.0,1.0,1.0,1.0
3,60,10.164033580465675,3.8999992049940726,0.0,0.0,0.0,0.0,0.0,0.0
4,60,4.003250848219566,10.698428023697891,0.0,1.0,1.0,0.0,0.0,1.0
5,60,10.997588983339032,11.015912446781236,0.0,1.0,1.0,0.0,1.0,0.0
6,60,1.185750162763876,0.0,1.0,0.0,0.0,0.0,0.0,0.0
7,60,8.124228252425093,0.5899553170172617,0.0,1.0,1.0,1.0,1.0,1.0
8,60,6.565373857854842,8.478742332542188,0.0,1.0,0.0,0.0,0.0,0.0
9,60,10.73957343960851,11.21910263577634,0.0,1.0,1.0,1.0,0.0,0.0
10,60,8.807062344059682,9.85641533189142,0.0,0.0,0.0,0.0,0.0,1.0
11,60,9.587617281960618,8.533410454857542,1.0,1.0,0.0,1.0,1.0,0.0
12,60,9.058595124904713,10.777230566480425,1.0,0.0,1.0,0.0,0.0,0.0
13,60,8.674811351633698,1.7256895050607268,0.0,0.0,0.0,0.0,1.0,0.0
14,60,7.829227689635302,8.033199057962868,1.0,0.0,0.0,1.0,1.0,0.0
15,60,5.121704380764219,10.362014565010533,1.0,0.0,0.0,1.0,1.0,0.0
16,60,1.794584024198355,10.462500199929062,1.0,1.0,0.0,1.0,0.0,0.0
17,60,1.5129278836041546,5.148790261293908,0.0,0.0,0.0,0.0,0.0,0.0
18,60,11.829726536399606,10.900495502344857,1.0,0.0,0.0,0.0,0.0,1.0
19,60,11.764471980824371,5.551360295454675,0.0,0.0,1.0,0.0,0.0,0.0
20,60,9.53091399244422,6.072725573225041,1.0,0.0,0.0,1.0,1.0,0.0
21,60,4.082610850947137,4.398139039902133,0.0,0.0,0.0,0.0,1.0,0.0
22,60,10.00352295516806,6.011907109334682,1.0,0.0,0.0,0.0,0.0,1.0
23,60,4.036544815031412,10.739661194597698,0.0,1.0,1.0,0.0,0.0,1.0
24,60,7.365509777542203,4.131390276820238,0.0,0.0,0.0,0.0,0.0,0.0
25,60,8.776977897897249,4.846243480144314,0.0,1.0,1.0,0.0,0.0,1.0
26,60,1.082561858675571,10.6300005514779,1.0,0.0,1.0,0.0,1.0,1.0
27,60,7.277298075504613,12.0,0.0,0.0,0.0,1.0,0.0,0.0
28,60,11.71060420169272,3.359851415351207,1.0,0.0,0.0,1.0,0.0,0.0
29,60,5.634272170038871,7.430209608590407,0.0,1.0,1.0,1.0,0.0,0.0
30,60,6.8847217403868415,1.5798940787639368,0.0,0.0,1.0,0.0,0.0,0.0
31,60,1.6364314249841885,11.083893917946124,0.0,1.0,1.0,1.0,1.0,1.0
32,60,11.989031346166623,3.2104280996920176,1.0,1.0,0.0,0.0,0.0,0.0
33,60,0.4578638691042554,3.7583864720732927,0.0,1.0,1.0,0.0,0.0,1.0
34,60,5.382729583100481,10.947224256500805,1.0,0.0,0.0,0.0,0.0,1.0
35,60,4.297772126782541,9.505270903289455,1.0,0.0,0.0,1.0,1.0,0.0
36,60,4.644088475808671,0.8149697805656185,0.0,0.0,1.0,1.0,0.0,1.0
37,60,8.808472667894852,11.797187364267844,0.0,1.0,1.0,1.0,0.0,0.0
38,60,7.08403863558461,4.576066006913536,1.0,1.0,1.0,1.0,0.0,1.0
39,60,7.40925833874169,11.94840834974354,1.0,1.0,0.0,0.0,0.0,0.0
0,65,2.0279686972765525,3.310489902960493,0.0,0.0,0.0,0.0,1.0,1.0
1,65,11.786817416722595,8.011460270356977,0.0,0.0,1.0,0.0,0.0,0.0
2,65,2.6365446311448038,0.966352744675658,0.0,1.0,0.0,1.0,1.0,1.0
3,65,10.119020050357324,3.8905569990554056,0.0,0.0,0.0,0.0,0.0,0.0
4,65,4.010624210583672,10.782639366487244,0.0,1.0,1.0,0.0,0.0,1.0
5,65,11.003657015563473,11.059419321486033,0.0,1.0,1.0,0.0,1.0,0.0
6,65,1.3015226957423542,0.0,1.0,0.0,0.0,0.0,0.0,0.0
7,65,8.046393476851039,0.553433478520095,0.0,1.0,1.0,1.0,1.0,1.0
8,65,6.686392392226052,8.43515052907092,0.0,1.0,0.0,0.0,0.0,0.0
9,65,10.84836392174341,11.20330590265735,0.0,1.0,1.0,1.0,0.0,0.0
10,65,8.793295669807152,9.928638820283211,0.0,0.0,0.0,0.0,0.0,1.0
11,65,9.557350655502908,8.568486655293892,1.0,1.0,0.0,1.0,1.0,0.0
12,65,8.986577225272239,10.76330222243915,1.0,0.0,1.0,0.0,0.0,0.0
13,65,8.66209695073394,1.7150015838821715,0.0,0.0,0.0,0.0,1.0,0.0
14,65,7.898041806302148,8.138242512312576,1.0,0.0,0.0,1.0,1.0,0.0
15,65,5.1265836784485455,10.334216330223338,1.0,0.0,0.0,1.0,1.0,0.0
16,65,1.802017878940839,10.44236273302532,1.0,1.0,0.0,1.0,0.0,0.0
17,65,1.582229531365274,5.056244301773331,0.0,0.0,0.0,0.0,0.0,0.0
18,65,11.888866391581606,10.967384254667598,1.0,0.0,0.0,0.0,0.0,1.0
19,65,11.746493943061372,5.588483527223926,0.0,0.0,1.0,0.0,0.0,0.0
20,65,9.589318489613676,6.037476480216387,1.0,0.0,0.0,1.0,1.0,0.0
21,65,4.084488836111507,4.370267131600669,0.0,0.0,0.0,0.0,1.0,0.0
22,65,10.009756424951537,6.025814776607045,1.0,0.0,0.0,0.0,0.0,1.0
23,65,4.039407822282639,10.626746752018088,0.0,1.0,1.0,0.0,0.0,1.0
24,65,7.398489907530013,4.044234172701031,0.0,0.0,0.0,0.0,0.0,0.0
25,65,8.825086515261852,4.900272208169347,0.0,1.0,1.0,0.0,0.0,1.0
26,65,1.082690286013866,10.672775383019989,1.0,0.0,1.0,0.0,1.0,1.0
27,65,7.214222519352316,12.0,0.0,0.0,0.0,1.0,0.0,0.0
28,65,11.69573552286921,3.3778700766463565,1.0,0.0,0.0,1.0,0.0,0.0
29,65,5.622556459939491,7.3519451696627645,0.0,1.0,1.0,1.0,0.0,0.0
30,65,6.883278989893997,1.5894846056243777,0.0,0.0,1.0,0.0,0.0,0.0
31,65,1.5491335416678047,11.104719297362506,0.0,1.0,1.0,1.0,1.0,1.0
32,65,11.985009862265994,3.14725275672828,1.0,1.0,0.0,0.0,0.0,0.0
33,65,0.4953750492214872,3.6388475242863936,0.0,1.0,1.0,0.0,0.0,1.0
34,65,5.381121232497571,10.947389558857596,1.0,0.0,0.0,0.0,0.0,1.0
35,65,4.425974377974004,9.545891272504972,1.0,0.0,0.0,1.0,1.0,0.0
36,65,4.51567382012141,0.8059094086350764,0.0,0.0,1.0,1.0,0.0,1.0
37,65,8.811273282007901,11.760626990842066,0.0,1.0,1.0,1.0,0.0,0.0
38,65,7.20285231147694,4.65040331315503,1.0,1.0,1.0,1.0,0.0,1.0
39,65,7.442390997619577,11.92801345300626,1.0,1.0,0.0,0.0,0.0,0.0
0,70,2.0297021653410505,3.256161255059681,0.0,0.0,0.0,0.0,1.0,1.0
1,70,11.766167376913042,8.027051260596664,0.0,0.0,1.0,0.0,0.0,0.0
2,70,2.636632874829574,0.9663556258264432,0.0,1.0,0.0,1.0,1.0,1.0
3,70,10.07206134274457,3.881204734741841,0.0,0.0,0.0,0.0,0.0,0.0
4,70,4.016690259000803,10.862358321353648,0.0,1.0,1.0,0.0,0.0,1.0
5,70,11.01146854556089,11.104569868752945,0.0,1.0,1.0,0.0,1.0,0.0
6,70,1.4074875496980914,0.0,1.0,0.0,0.0,0.0,0.0,0.0
7,70,7.975854882548027,0.5190235076165737,0.0,1.0,1.0,1.0,1.0,1.0
8,70,6.820114130922114,8.39084387119102,0.0,1.0,0.0,0.0,0.0,0.0
9,70,10.958928208779136,11.186788184785511,0.0,1.0,1.0,1.0,0.0,0.0
10,70,8.782167311174097,9.990859592551626,0.0,0.0,0.0,0.0,0.0,1.0
11,70,9.502483951797611,8.62986842536246,1.0,1.0,0.0,1.0,1.0,0.0
12,70,8.909055173247701,10.747397611894993,1.0,0.0,1.0,0.0,0.0,0.0
13,70,8.642097299804771,1.6981640975587744,0.0,0.0,0.0,0.0,1.0,0.0
14,70,7.975523393591897,8.25408973402191,1.0,0.0,0.0,1.0,1.0,0.0
15,70,5.132925072620507,10.296648106026506,1.0,0.0,0.0,1.0,1.0,0.0
16,70,1.805830774860708,10.43201586017816,1.0,1.0,0.0,1.0,0.0,0.0
17,70,1.6626098568457912,4.95228557024016,0.0,0.0,0.0,0.0,0.0,0.0
18,70,11.949481444742233,11.030250787326157,1.0,0.0,0.0,0.0,0.0,1.0
19,70,11.727587563551072,5.628037345248573,0.0,0.0,1.0,0.0,0.0,0.0
20,70,9.645991950598573,6.001844440986154,1.0,0.0,0.0,1.0,1.0,0.0
21,70,4.086640689888062,4.345968414954491,0.0,0.0,0.0,0.0,1.0,0.0
22,70,10.018900190771047,6.0453926573081445,1.0,0.0,0.0,0.0,0.0,1.0
23,70,4.039642391927937,10.517020565697305,0.0,1.0,1.0,0.0,0.0,1.0
24,70,7.441495412443651,3.9379477403012313,0.0,0.0,0.0,0.0,0.0,0.0
25,70,8.872496267889632,4.95292464068302,0.0,1.0,1.0,0.0,0.0,1.0
26,70,1.0826194513399614,10.724429921696714,1.0,0.0,1.0,0.0,1.0,1.0
27,70,7.148651880095524,12.0,0.0,0.0,0.0,1.0,0.0,0.0
28,70,11.702603929028829,3.368923501068428,1.0,0.0,0.0,1.0,0.0,0.0
29,70,5.603189125531783,7.24045674404936,0.0,1.0,1.0,1.0,0.0,0.0
30,70,6.878142649692607,1.6221053972616413,0.0,0.0,1.0,0.0,0.0,0.0
31,70,1.455421893980691,11.126536259026487,0.0,1.0,1.0,1.0,1.0,1.0
32,70,11.979517057606168,3.067251412059416,1.0,1.0,0.0,0.0,0.0,0.0
33,70,0.5269852852561958,3.5157321274373645,0.0,1.0,1.0,0.0,0.0,1.0
34,70,5.375839680431203,10.948011467887683,1.0,0.0,0.0,0.0,0.0,1.0
35,70,4.538879708125468,9.581804232718024,1.0,0.0,0.0,1.0,1.0,0.0
36,70,4.39991270900953,0.7992780235841878,0.0,0.0,1.0,1.0,0.0,1.0
37,70,8.812492878841311,11.736436957843193,0.0,1.0,1.0,1.0,0.0,0.0
38,70,7.3152199060526275,4.72183794620938,1.0,1.0,1.0,1.0,0.0,1.0
39,70,7.475051497720198,11.907666364590794,1.0,1.0,0.0,0.0,0.0,0.0
0,75,2.0314241120816163,3.2082051750103115,0.0,0.0,0.0,0.0,1.0,1.0
1,75,11.726481918541769,8.057120463923468,0.0,0.0,1.0,0.0,0.0,0.0
2,75,2.657762229454143,0.9670747012324756,0.0,1.0,0.0,1.0,1.0,1.0
3,75,10.016235953969794,3.869649231749063,0.0,0.0,0.0,0.0,0.0,0.0
4,75,4.029251752310397,10.96713957720484,0.0,1.0,1.0,0.0,0.0,1.0
5,75,11.019802347177118,11.152419563669453,0.0,1.0,1.0,0.0,1.0,0.0
6,75,1.5102087150903525,0.0,1.0,0.0,0.0,0.0,0.0,0.0
7,75,7.924568913636092,0.4940341832535984,0.0,1.0,1.0,1.0,1.0,1.0
8,75,6.955768394096993,8.34873449916768,0.0,1.0,0.0,0.0,0.0,0.0
9,75,11.083805475815156,11.169601362920336,0.0,1.0,1.0,1.0,0.0,0.0
10,75,8.767339715449554,10.061153767401628,0.0,0.0,0.0,0.0,0.0,1.0
11,75,9.459619327154298,8.677235722508044,1.0,1.0,0.0,1.0,1.0,0.0
12,75,8.852816167868049,10.736751086630647,1.0,0.0,1.0,0.0,0.0,0.0
13,75,8.624307727865016,1.6844488465063534,0.0,0.0,0.0,0.0,1.0,0.0
14,75,8.05243418769297,8.369095420720525,1.0,0.0,0.0,1.0,1.0,0.0
15,75,5.138544084942062,10.268542520257803,1.0,0.0,0.0,1.0,1.0,0.0
16,75,1.8091372549792084,10.422856324483568,1.0,1.0,0.0,1.0,0.0,0.0
17,75,1.7416534830832595,4.854983649758887,0.0,0.0,0.0,0.0,0.0,0.0
18,75,12.0,11.10049865235482,1.0,0.0,0.0,0.0,0.0,1.0
19,75,11.71067419008712,5.665674599010979,0.0,0.0,1.0,0.0,0.0,0.0
20,75,9.704405906565912,5.965058348113817,1.0,0.0,0.0,1.0,1.0,0.0
21,75,4.087818813664937,4.328891874439276,0.0,0.0,0.0,0.0,1.0,0.0
22,75,10.022445807235597,6.053333434944725,1.0,0.0,0.0,0.0,0.0,1.0
23,75,4.038629058956711,10.405760845823773,0.0,1.0,1.0,0.0,0.0,1.0
24,75,7.487347325430624,3.822278112689787,0.0,0.0,0.0,0.0,0.0,0.0
25,75,8.909742224667767,4.994330645145022,0.0,1.0,1.0,0.0,0.0,1.0
26,75,1.083170836515075,10.76520019881487,1.0,0.0,1.0,0.0,1.0,1.0
27,75,7.089360171180142,12.0,0.0,0.0,0.0,1.0,0.0,0.0
28,75,11.70404460381338,3.3670845588149336,1.0,0.0,0.0,1.0,0.0,0.0
29,75,5.585216709560861,7.124757918362722,0.0,1.0,1.0,1.0,0.0,0.0
30,75,6.875041888982172,1.6438647806395037,0.0,0.0,1.0,0.0,0.0,0.0
31,75,1.332171531184923,11.157045200812547,0.0,1.0,1.0,1.0,1.0,1.0
32,75,11.974455110822378,2.9887123175987558,1.0,1.0,0.0,0.0,0.0,0.0
33,75,0.5582530001714772,3.397633090428783,0.0,1.0,1.0,0.0,0.0,1.0
34,75,5.368946068327406,10.94898853619572,1.0,0.0,0.0,0.0,0.0,1.0
35,75,4.643951575524651,9.616348414600624,1.0,0.0,0.0,1.0,1.0,0.0
36,75,4.263599086141257,0.7912921364613155,0.0,0.0,1.0,1.0,0.0,1.0
37,75,8.81239014920293,11.738645877291937,0.0,1.0,1.0,1.0,0.0,0.0
38,75,7.4244291605488915,4.790249652049652,1.0,1.0,1.0,1.0,0.0,1.0
39,75,7.501375617125611,11.891028902018837,1.0,1.0,0.0,0.0,0.0,0.0
0,80,2.033316524588738,3.1645896317092683,0.0,0.0,0.0,0.0,1.0,1.0
1,80,11.68071643589651,8.092245566432831,0.0,0.0,1.0,0.0,0.0,0.0
2,80,2.690746707829722,0.9690071168231132,0.0,1.0,0.0,1.0,1.0,1.0
3,80,9.951551485044648,3.85483606956785,0.0,0.0,0.0,0.0,0.0,0.0
4,80,4.042615207805868,11.056861235321522,0.0,1.0,1.0,0.0,0.0,1.0
5,80,11.030854270462209,11.22004097596328,0.0,1.0,1.0,0.0,1.0,0.0
6,80,1.6260514317392012,0.0,1.0,0.0,0.0,0.0,0.0,0.0
7,80,7.894878879094917,0.4792661507878092,0.0,1.0,1.0,1.0,1.0,1.0
8,80,7.089531052026979,8.309407644393518,0.0,1.0,0.0,0.0,0.0,0.0
9,80,11.207555708709014,11.157958044282868,0.0,1.0,1.0,1.0,0.0,0.0
10,80,8.755673014104286,10.12776316551435,0.0,0.0,0.0,0.0,0.0,1.0
11,80,9.416401559140482,8.725463630012039,1.0,1.0,0.0,1.0,1.0,0.0
12,80,8.78757555664065,10.723615657779998,1.0,0.0,1.0,0.0,0.0,0.0
13,80,8.606160453380262,1.6705715839594306,0.0,0.0,0.0,0.0,1.0,0.0
14,80,8.126980370108233,8.48184754421577,1.0,0.0,0.0,1.0,1.0,0.0
15,80,5.169564242562841,10.274741761309173,1.0,0.0,0.0,1.0,1.0,0.0
16,80,1.8047023021228936,10.436145479583988,1.0,1.0,0.0,1.0,0.0,0.0
17,80,1.8215504527627635,4.757121257257099,0.0,0.0,0.0,0.0,0.0,0.0
18,80,12.0,11.16628610437736,1.0,0.0,0.0,0.0,0.0,1.0
19,80,11.685871815377554,5.72236594330566,0.0,0.0,1.0,0.0,0.0,0.0
20,80,9.786012594242209,5.91388283603928,1.0,0.0,0.0,1.0,1.0,0.0
21,80,4.088324478758029,4.317592807933396,0.0,0.0,0.0,0.0,1.0,0.0
22,80,10.031999835593874,6.074543290012957,1.0,0.0,0.0,0.0,0.0,1.0
23,80,4.038809543744922,10.284717578296949,0.0,1.0,1.0,0.0,0.0,1.0
24,80,7.532561480525556,3.706225583826902,0.0,0.0,0.0,0.0,0.0,0.0
25,80,8.948701568019844,5.034956145011698,0.0,1.0,1.0,0.0,0.0,1.0
26,80,1.085396763548354,10.818248360557517,1.0,0.0,1.0,0.0,1.0,1.0
27,80,7.029752114635962,12.0,0.0,0.0,0.0,1.0,0.0,0.0
28,80,11.710957248191654,3.358281526018833,1.0,0.0,0.0,1.0,0.0,0.0
29,80,5.570142168445512,7.015004094956881,0.0,1.0,1.0,1.0,0.0,0.0
30,80,6.873401648537107,1.6572957038899907,0.0,0.0,1.0,0.0,0.0,0.0
31,80,1.233514007816667,11.181845428209488,0.0,1.0,1.0,1.0,1.0,1.0
32,80,11.970898178091836,2.903935454439364,1.0,1.0,0.0,0.0,0.0,0.0
33,80,0.5829761049808495,3.29219195421064,0.0,1.0,1.0,0.0,0.0,1.0
34,80,5.375783115863453,10.947849804991163,1.0,0.0,0.0,0.0,0.0,1.0
35,80,4.763036164604359,9.654033874958994,1.0,0.0,0.0,1.0,1.0,0.0
36,80,4.1236101990880325,0.7847703897701112,0.0,0.0,1.0,1.0,0.0,1.0
37,80,8.813128353461657,11.71868455868638,0.0,1.0,1.0,1.0,0.0,0.0
38,80,7.521180223402215,4.852255075425374,1.0,1.0,1.0,1.0,0.0,1.0
39,80,7.521780410668802,11.878420539882764,1.0,1.0,0.0,0.0,0.0,0.0
0,85,2.034244811814934,3.121604057617678,0.0,0.0,0.0,0.0,1.0,1.0
1,85,11.622886598236198,8.136983584363456,0.0,0.0,1.0,0.0,0.0,0.0
2,85,2.7210244069298017,0.9707486177047568,0.0,1.0,0.0,1.0,1.0,1.0
3,85,9.905782714296496,3.843353141829014,0.0,0.0,0.0,0.0,0.0,0.0
4,85,4.055596287112611,11.14973985145506,0.0,1.0,1.0,0.0,0.0,1.0
5,85,11.04486959466552,11.307464862078794,0.0,1.0,1.0,0.0,1.0,0.0
6,85,1.7483770896112245,0.0,1.0,0.0,0.0,0.0,0.0,0.0
7,85,7.849295288532093,0.4559524283256841,0.0,1.0,1.0,1.0,1.0,1.0
8,85,7.228511286768209,8.269650336830393,0.0,1.0,0.0,0.0,0.0,0.0
9,85,11.334077523852454,11.140774853587434,0.0,1.0,1.0,1.0,0.0,0.0
10,85,8.74459048397273,10.198406841388886,0.0,0.0,0.0,0.0,0.0,1.0
11,85,9.382613492512135,8.763839869908303,1.0,1.0,0.0,1.0,1.0,0.0
12,85,8.717013101874867,10.707888896377163,1.0,0.0,1.0,0.0,0.0,0.0
13,85,8.59095577195061,1.6589658432184449,0.0,0.0,0.0,0.0,1.0,0.0
14,85,8.200616476828271,8.593352229787115,1.0,0.0,0.0,1.0,1.0,0.0
15,85,5.193296494117807,10.279222369211842,1.0,0.0,0.0,1.0,1.0,0.0
16,85,1.804328992557129,10.437172219917592,1.0,1.0,0.0,1.0,0.0,0.0
17,85,1.8783007715461053,4.687129871536505,0.0,0.0,0.0,0.0,0.0,0.0
18,85,12.0,11.217388574080855,1.0,0.0,0.0,0.0,0.0,1.0
19,85,11.727798069258949,5.74017265692554,0.0,0.0,1.0,0.0,0.0,0.0
20,85,9.873058617932356,5.8617454351296585,1.0,0.0,0.0,1.0,1.0,0.0
21,85,4.088767686376858,4.308247234347714,0.0,0.0,0.0,0.0,1.0,0.0
22,85,10.051568441483724,6.119217658255402,1.0,0.0,0.0,0.0,0.0,1.0
23,85,4.040710601298208,10.157855347448605,0.0,1.0,1.0,0.0,0.0,1.0
24,85,7.5834886877879715,3.5698979856143205,0.0,0.0,0.0,0.0,0.0,0.0
25,85,8.99491683160764,5.083790486570341,0.0,1.0,1.0,0.0,0.0,1.0
26,85,1.086415490306446,10.86746351569371,1.0,0.0,1.0,0.0,1.0,1.0
27,85,6.985029604221625,12.0,0.0,0.0,0.0,1.0,0.0,0.0
28,85,11.70537285374558,3.3655987943005856,1.0,0.0,0.0,1.0,0.0,0.0
29,85,5.681059157620636,6.997298357893166,0.0,1.0,1.0,1.0,0.0,0.0
30,85,6.872589509767628,1.6662722874682685,0.0,0.0,1.0,0.0,0.0,0.0
31,85,1.1519907418183903,11.204762764850509,0.0,1.0,1.0,1.0,1.0,1.0
32,85,11.968590561761916,2.8392833215959072,1.0,1.0,0.0,0.0,0.0,0.0
33,85,0.6092443846057245,3.1757384618769167,0.0,1.0,1.0,0.0,0.0,1.0
34,85,5.388356585934685,10.94601030270704,1.0,0.0,0.0,0.0,0.0,1.0
35,85,4.890404966281799,9.694664091516804,1.0,0.0,0.0,1.0,1.0,0.0
36,85,3.992580106745137,0.7834802313233121,0.0,0.0,1.0,1.0,0.0,1.0
37,85,8.813529713686934,11.689168570406654,0.0,1.0,1.0,1.0,0.0,0.0
38,85,7.611901416391546,4.911380016565787,1.0,1.0,1.0,1.0,0.0,1.0
39,85,7.555973408072129,11.856947335902474,1.0,1.0,0.0,0.0,0.0,0.0
0,90,2.0356532639963056,3.0904095995002723,0.0,0.0,0.0,0.0,1.0,1.0
1,90,11.560671215248494,8.185793045503917,0.0,0.0,1.0,0.0,0.0,0.0
2,90,2.7247512725406984,0.9708803725151286,0.0,1.0,0.0,1.0,1.0,1.0
3,90,9.850689830547756,3.829482496639376,0.0,0.0,0.0,0.0,0.0,0.0
4,90,4.06550494953822,11.227611660596846,0.0,1.0,1.0,0.0,0.0,1.0
5,90,11.057758510360392,11.39849673254662,0.0,1.0,1.0,0.0,1.0,0.0
6,90,1.872334861493276,0.0,1.0,0.0,0.0,0.0,0.0,0.0
7,90,7.834815604422196,0.4481649804717092,0.0,1.0,1.0,1.0,1.0,1.0
8,90,7.360576643715384,8.235317338402847,0.0,1.0,0.0,0.0,0.0,0.0
9,90,11.459937452659702,11.12336003116182,0.0,1.0,1.0,1.0,0.0,0.0
10,90,8.732285741314396,10.278290116637296,0.0,0.0,0.0,0.0,0.0,1.0
11,90,9.35263766345706,8.79643350390457,1.0,1.0,0.0,1.0,1.0,0.0
12,90,8.642119075387185,10.690780684588724,1.0,0.0,1.0,0.0,0.0,0.0
13,90,8.566156483644933,1.6389844748482143,0.0,0.0,0.0,0.0,1.0,0.0
14,90,8.287014550891644,8.719313267131286,1.0,0.0,0.0,1.0,1.0,0.0
15,90,5.226522491416493,10.28526058379278,1.0,0.0,0.0,1.0,1.0,0.0
16,90,1.813672124282844,10.410092922330843,1.0,1.0,0.0,1.0,0.0,0.0
17,90,1.937323646391439,4.610919552449626,0.0,0.0,0.0,0.0,0.0,0.0
18,90,12.0,11.26036272690137,1.0,0.0,0.0,0.0,0.0,1.0
19,90,11.765419843280128,5.75502247853999,0.0,0.0,1.0,0.0,0.0,0.0
20,90,9.968333489121664,5.801526460793286,1.0,0.0,0.0,1.0,1.0,0.0
21,90,4.089449584403292,4.298314559934025,0.0,0.0,0.0,0.0,1.0,0.0
22,90,10.068366855411693,6.159383556021557,1.0,0.0,0.0,0.0,0.0,1.0
23,90,4.043223131925789,10.020800655135128,0.0,1.0,1.0,0.0,0.0,1.0
24,90,7.638392685239849,3.4320803299503067,0.0,0.0,0.0,0.0,0.0,0.0
25,90,9.028165076896071,5.119376946472278,0.0,1.0,1.0,0.0,0.0,1.0
26,90,1.0879909219966186,10.919021056145588,1.0,0.0,1.0,0.0,1.0,1.0
27,90,6.943851589780159,12.0,0.0,0.0,0.0,1.0,0.0,0.0
28,90,11.697672250170942,3.3756412839320364,1.0,0.0,0.0,1.0,0.0,0.0
29,90,5.793640125797143,6.977926112766244,0.0,1.0,1.0,1.0,0.0,0.0
30,90,6.8723482899310895,1.6681821326955506,0.0,0.0,1.0,0.0,0.0,0.0
31,90,1.0717550644060874,11.227799958542862,0.0,1.0,1.0,1.0,1.0,1.0
32,90,11.96694429992513,2.786685425355159,1.0,1.0,0.0,0.0,0.0,0.0
33,90,0.6406105793505767,3.04566407647946,0.0,1.0,1.0,0.0,0.0,1.0
34,90,5.385846042531976,10.946332180447817,1.0,0.0,0.0,0.0,0.0,1.0
35,90,5.013936176335931,9.729439955833428,1.0,0.0,0.0,1.0,1.0,0.0
36,90,3.878885562753527,0.7777969050043163,0.0,0.0,1.0,1.0,0.0,1.0
37,90,8.813965825147386,11.663288892120278,0.0,1.0,1.0,1.0,0.0,0.0
38,90,7.717713839057987,4.981702678007396,1.0,1.0,1.0,1.0,0.0,1.0
39,90,7.585625257509831,11.83874515281061,1.0,1.0,0.0,0.0,0.0,0.0
0,95,2.037086505061678,3.0453402660558577,0.0,0.0,0.0,0.0,1.0,1.0
1,95,11.503108836340491,8.233871908556795,0.0,0.0,1.0,0.0,0.0,0.0
2,95,2.7494278307737985,0.9726267023389212,0.0,1.0,0.0,1.0,1.0,1.0
3,95,9.80286334750656,3.816100747541783,0.0,0.0,0.0,0.0,0.0,0.0
4,95,4.078594384315622,11.32963203658722,0.0,1.0,1.0,0.0,0.0,1.0
5,95,11.067236484626047,11.48148157604262,0.0,1.0,1.0,0.0,1.0,0.0
6,95,2.00313817465616,0.0,1.0,0.0,0.0,0.0,0.0,0.0
7,95,7.823757490467464,0.4414695341882086,0.0,1.0,1.0,1.0,1.0,1.0
8,95,7.504425638712729,8.197182607222217,0.0,1.0,0.0,0.0,0.0,0.0
9,95,11.59435233457981,11.104631967219026,0.0,1.0,1.0,1.0,0.0,0.0
10,95,8.723949466710447,10.332254324653777,0.0,0.0,0.0,0.0,0.0,1.0
11,95,9.339139764604823,8.810674167946182,1.0,1.0,0.0,1.0,1.0,0.0
12,95,8.549774174037646,10.671906654708284,1.0,0.0,1.0,0.0,0.0,0.0
13,95,8.551762474523525,1.6278977763985791,0.0,0.0,0.0,0.0,1.0,0.0
14,95,8.362525433069953,8.825148931312922,1.0,0.0,0.0,1.0,1.0,0.0
15,95,5.272052460485243,10.29484853066923,1.0,0.0,0.0,1.0,1.0,0.0
16,95,1.8296507878180333,10.367133559507057,1.0,1.0,0.0,1.0,0.0,0.0
17,95,1.9973437231398423,4.534792634444301,0.0,0.0,0.0,0.0,0.0,0.0
18,95,12.0,11.303167352444996,1.0,0.0,0.0,0.0,0.0,1.0
19,95,11.807984483402944,5.773304519780159,0.0,0.0,1.0,0.0,0.0,0.0
20,95,10.080331285433957,5.729670916917747,1.0,0.0,0.0,1.0,1.0,0.0
21,95,4.088245176250799,4.31257131449732,0.0,0.0,0.0,0.0,1.0,0.0
22,95,10.092765278008862,6.220535121514758,1.0,0.0,0.0,0.0,0.0,1.0
23,95,4.050656881462396,9.876964816390643,0.0,1.0,1.0,0.0,0.0,1.0
24,95,7.684042751470921,3.309402696570436,0.0,0.0,0.0,0.0,0.0,0.0
25,95,9.06876840895237,5.166063018448895,0.0,1.0,1.0,0.0,0.0,1.0
26,95,1.0902282346542649,10.9677136112286,1.0,0.0,1.0,0.0,1.0,1.0
27,95,6.885112562173848,12.0,0.0,0.0,0.0,1.0,0.0,0.0
28,95,11.695462707116892,3.3785358423668024,1.0,0.0,0.0,1.0,0.0,0.0
29,95,5.906319702759228,6.958183318793785,0.0,1.0,1.0,1.0,0.0,0.0
30,95,6.872208700192633,1.6691998253485223,0.0,0.0,1.0,0.0,0.0,0.0
31,95,0.996316445661448,11.249356255100553,0.0,1.0,1.0,1.0,1.0,1.0
32,95,11.963436723246923,2.717059470685877,1.0,1.0,0.0,0.0,0.0,0.0
33,95,0.6739295449263576,2.9063983751148057,0.0,1.0,1.0,0.0,0.0,1.0
34,95,5.386219557937534,10.94628530706826,1.0,0.0,0.0,0.0,0.0,1.0
35,95,5.120813028939952,9.759794447352634,1.0,0.0,0.0,1.0,1.0,0.0
36,95,3.7543728535966343,0.7731383777839206,0.0,0.0,1.0,1.0,0.0,1.0
37,95,8.814784957037869,11.626927183155502,0.0,1.0,1.0,1.0,0.0,0.0
38,95,7.822797035381416,5.051900014553267,1.0,1.0,1.0,1.0,0.0,1.0
39,95,7.620528381036966,11.816938506747729,1.0,1.0,0.0,0.0,0.0,0.0
0,100,2.0392355413984444,2.9867735353324987,0.0,0.0,0.0,0.0,1.0,1.0
1,100,11.445022364397463,8.284606042660485,0.0,0.0,1.0,0.0,0.0,0.0
2,100,2.7842590396657587,0.9747207492206044,0.0,1.0,0.0,1.0,1.0,1.0
3,100,9.747899299594804,3.800672618099591,0.0,0.0,0.0,0.0,0.0,0.0
4,100,4.096982568407949,11.45825994126221,0.0,1.0,1.0,0.0,0.0,1.0
5,100,11.07507901442344,11.549032034940954,0.0,1.0,1.0,0.0,1.0,0.0
6,100,2.1422806264616603,0.0,1.0,0.0,0.0,0.0,0.0,0.0
7,100,7.819584202874551,0.4391330258543243,0.0,1.0,1.0,1.0,1.0,1.0
8,100,7.66238160912313,8.154877275810087,0.0,1.0,0.0,0.0,0.0,0.0
9,100,11.740338353959292,11.081842604868685,0.0,1.0,1.0,1.0,0.0,0.0
10,100,8.715464823879955,10.386550453409336,0.0,0.0,0.0,0.0,0.0,1.0
11,100,9.331876458755836,8.81852021630518,1.0,1.0,0.0,1.0,1.0,0.0
12,100,8.472461323522255,10.656112705821364,1.0,0.0,1.0,0.0,0.0,0.0
13,100,8.524079454890966,1.6063814934528649,0.0,0.0,0.0,0.0,1.0,0.0
14,100,8.443373630805203,8.944025518806857,1.0,0.0,0.0,1.0,1.0,0.0
15,100,5.328917164553336,10.305921444850132,1.0,0.0,0.0,1.0,1.0,0.0
16,100,1.8514898086823333,10.310668007289076,1.0,1.0,0.0,1.0,0.0,0.0
17,100,1.91602615064018,4.467900152105887,0.0,0.0,0.0,0.0,0.0,0.0
18,100,12.0,11.351020273581424,1.0,0.0,0.0,0.0,0.0,1.0
19,100,11.839126859737194,5.787302368548087,0.0,0.0,1.0,0.0,0.0,0.0
20,100,10.179594984114749,5.664112863136706,1.0,0.0,0.0,1.0,1.0,0.0
21,100,4.084946554743967,4.352585133185432,0.0,0.0,0.0,0.0,1.0,0.0
22,100,10.110140108339364,6.265995039669426,1.0,0.0,0.0,0.0,0.0,1.0
23,100,4.06169459429214,9.716091010601824,0.0,1.0,1.0,0.0,0.0,1.0
24,100,7.722994919107974,3.2029682452429333,0.0,0.0,0.0,0.0,0.0,0.0
25,100,9.119310715847666,5.22273957071677,0.0,1.0,1.0,0.0,0.0,1.0
26,100,1.092569047247638,11.027171725474492,1.0,0.0,1.0,0.0,1.0,1.0
27,100,6.8266461086508015,12.0,0.0,0.0,0.0,1.0,0.0,0.0
28,100,11.69449910180502,3.3797606573071275,1.0,0.0,0.0,1.0,0.0,0.0
29,100,6.050832501696699,6.936305162479213,0.0,1.0,1.0,1.0,0.0,0.0
30,100,6.874228602393024,1.651674198898831,0.0,0.0,1.0,0.0,0.0,0.0
31,100,0.9233540521280784,11.26768427345754,0.0,1.0,1.0,1.0,1.0,1.0
32,100,11.96221773392106,2.6730897395661666,1.0,1.0,0.0,0.0,0.0,0.0
33,100,0.7081759892530984,2.764125706700027,0.0,1.0,1.0,0.0,0.0,1.0
34,100,5.390975966445692,10.945774663986366,1.0,0.0,0.0,0.0,0.0,1.0
35,100,5.253632487418312,9.79914460280696,1.0,0.0,0.0,1.0,1.0,0.0
36,100,3.634963669112897,0.7640780010370574,0.0,0.0,1.0,1.0,0.0,1.0
37,100,8.815839443586524,11.580338384556317,0.0,1.0,1.0,1.0,0.0,0.0
38,100,7.925338441024788,5.118811837489667,1.0,1.0,1.0,1.0,0.0,1.0
39,100,7.650471263268536,11.798622246292949,1.0,1.0,0.0,0.0,0.0,0.0
0,105,2.040120716562789,2.9569665721602574,0.0,0.0,0.0,0.0,1.0,1.0
1,105,11.377835353145889,8.342933028330263,0.0,0.0,1.0,0.0,0.0,0.0
2,105,2.829834291266012,0.9768865812523232,0.0,1.0,0.0,1.0,1.0,1.0
3,105,9.707733716193465,3.7899380178430375,0.0,0.0,0.0,0.0,0.0,0.0
4,105,4.114271678440892,11.57606074738419,0.0,1.0,1.0,0.0,0.0,1.0
5,105,11.083213218990348,11.612015918539443,0.0,1.0,1.0,0.0,1.0,0.0
6,105,2.26398641551744,0.0,1.0,0.0,0.0,0.0,0.0,0.0
7,105,7.815352922449065,0.4365208172590338,0.0,1.0,1.0,1.0,1.0,1.0
8,105,7.828678963564202,8.117184669534627,0.0,1.0,0.0,0.0,0.0,0.0
9,105,11.885415510506633,11.061484532713145,0.0,1.0,1.0,1.0,0.0,0.0
10,105,8.71074380166402,10.416475253626244,0.0,0.0,0.0,0.0,0.0,1.0
11,105,9.315147470786732,8.836353423101764,1.0,1.0,0.0,1.0,1.0,0.0
12,105,8.390985664977935,10.63802409734128,1.0,0.0,1.0,0.0,0.0,0.0
13,105,8.499840792053082,1.5880524851664726,0.0,0.0,0.0,0.0,1.0,0.0
14,105,8.512912650983681,9.049450378575392,1.0,0.0,0.0,1.0,1.0,0.0
15,105,5.390436488974523,10.316517357089875,1.0,0.0,0.0,1.0,1.0,0.0
16,105,1.8737915697349812,10.251331733848357,1.0,1.0,0.0,1.0,0.0,0.0
17,105,1.8665020879466483,4.428251301717633,0.0,0.0,0.0,0.0,0.0,0.0
18,105,12.0,11.391121702240232,1.0,0.0,0.0,0.0,0.0,1.0
19,105,11.839707526159676,5.78755090389277,0.0,0.0,1.0,0.0,0.0,0.0
20,105,10.288845944680494,5.592059689703475,1.0,0.0,0.0,1.0,1.0,0.0
21,105,4.08324739295027,4.384380833237622,0.0,0.0,0.0,0.0,1.0,0.0
22,105,10.11492398060162,6.279302020619294,1.0,0.0,0.0,0.0,0.0,1.0
23,105,4.070834466462819,9.534171400631788,0.0,1.0,1.0,0.0,0.0,1.0
24,105,7.766416508108664,3.088262639826424,0.0,0.0,0.0,0.0,0.0,0.0
25,105,9.174959510405335,5.283592998792633,0.0,1.0,1.0,0.0,0.0,1.0
26,105,1.0931701439269468,11.060722533795246,1.0,0.0,1.0,0.0,1.0,1.0
27,105,6.771871760943384,12.0,0.0,0.0,0.0,1.0,0.0,0.0
28,105,11.683895884317838,3.3934386844944777,1.0,0.0,0.0,1.0,0.0,0.0
29,105,6.199619016193299,6.914999213865295,0.0,1.0,1.0,1.0,0.0,0.0
30,105,6.873713797440018,1.6561390081821104,0.0,0.0,1.0,0.0,0.0,0.0
31,105,0.8414149429062591,11.290282071010449,0.0,1.0,1.0,1.0,1.0,1.0
32,105,11.961625297998095,2.64830243759425,1.0,1.0,0.0,0.0,0.0,0.0
33,105,0.7370945737318004,2.632762781072814,0.0,1.0,1.0,0.0,0.0,1.0
34,105,5.408891633338,10.943774718798016,1.0,0.0,0.0,0.0,0.0,1.0
35,105,5.414457141257632,9.843939126559988,1.0,0.0,0.0,1.0,1.0,0.0
36,105,3.523777963120107,0.7555896986824285,0.0,0.0,1.0,1.0,0.0,1.0
37,105,8.81612862563042,11.540867130774515,0.0,1.0,1.0,1.0,0.0,0.0
38,105,8.05641985485536,5.19907650351378,1.0,1.0,1.0,1.0,0.0,1.0
39,105,7.680961807107101,11.780329993296473,1.0,1.0,0.0,0.0,0.0,0.0
0,110,2.042228442451295,2.9026900463286465,0.0,0.0,0.0,0.0,1.0,1.0
1,110,11.306533191087071,8.402722612999884,0.0,0.0,1.0,0.0,0.0,0.0
2,110,2.828330757894522,1.0068560252616512,0.0,1.0,0.0,1.0,1.0,1.0
3,110,9.669876987990255,3.778935912548429,0.0,0.0,0.0,0.0,0.0,0.0
4,110,4.133057221923092,11.707277389489931,0.0,1.0,1.0,0.0,0.0,1.0
5,110,11.091646848812076,11.670464357948273,0.0,1.0,1.0,0.0,1.0,0.0
6,110,2.3952372884553093,0.0,1.0,0.0,0.0,0.0,0.0,0.0
7,110,7.8218948648351025,0.4405898529025732,0.0,1.0,1.0,1.0,1.0,1.0
8,110,7.980812827074718,8.079661105429352,0.0,1.0,0.0,0.0,0.0,0.0
9,110,12.0,11.042326128638914,0.0,1.0,1.0,1.0,0.0,0.0
10,110,8.704524208848365,10.452520342115385,0.0,0.0,0.0,0.0,0.0,1.0
11,110,9.30408818783331,8.847754553503863,1.0,1.0,0.0,1.0,1.0,0.0
12,110,8.304952353435105,10.619613676246152,1.0,0.0,1.0,0.0,0.0,0.0
13,110,8.47948776624294,1.5727746434048584,0.0,0.0,0.0,0.0,1.0,0.0
14,110,8.58009519665121,9.153390746438465,1.0,0.0,0.0,1.0,1.0,0.0
15,110,5.46224620803029,10.328073276650214,1.0,0.0,0.0,1.0,1.0,0.0
16,110,1.9078330980655889,10.156765085484873,1.0,1.0,0.0,1.0,0.0,0.0
17,110,1.8181199909762575,4.389549875231712,0.0,0.0,0.0,0.0,0.0,0.0
18,110,12.0,11.416295005095993,1.0,0.0,0.0,0.0,0.0,1.0
19,110,11.80732561797926,5.774413670468284,0.0,0.0,1.0,0.0,0.0,0.0
20,110,10.394817777191816,5.517633437491174,1.0,0.0,0.0,1.0,1.0,0.0
21,110,4.080653962036349,4.435663191659325,0.0,0.0,0.0,0.0,1.0,0.0
22,110,10.119643268461862,6.292704129114156,1.0,0.0,0.0,0.0,0.0,1.0
23,110,4.076219501746912,9.353616929949784,0.0,1.0,1.0,0.0,0.0,1.0
24,110,7.805198564658466,2.982102167025183,0.0,0.0,0.0,0.0,0.0,0.0
25,110,9.226510324759154,5.341831068138354,0.0,1.0,1.0,0.0,0.0,1.0
26,110,1.0934742303262586,11.087619049185731,1.0,0.0,1.0,0.0,1.0,1.0
27,110,6.72871297222154,12.0,0.0,0.0,0.0,1.0,0.0,0.0
28,110,11.673186044303623,3.406915788664017,1.0,0.0,0.0,1.0,0.0,0.0
29,110,6.373514648369871,6.88947339472196,0.0,1.0,1.0,1.0,0.0,0.0
30,110,6.873076360151432,1.66197902327084,0.0,0.0,1.0,0.0,0.0,0.0
31,110,0.771321749262137,11.312062992152857,0.0,1.0,1.0,1.0,1.0,1.0
32,110,11.962056012303364,2.609435885696037,1.0,1.0,0.0,0.0,0.0,0.0
33,110,0.7693729504016493,2.50482069993593,0.0,1.0,1.0,0.0,0.0,1.0
34,110,5.424565828473558,10.942230947484584,1.0,0.0,0.0,0.0,0.0,1.0
35,110,5.558795321729173,9.886614360950205,1.0,0.0,0.0,1.0,1.0,0.0
36,110,3.424213930154975,0.7520115603506708,0.0,0.0,1.0,1.0,0.0,1.0
37,110,8.815820893827036,11.512499774244704,0.0,1.0,1.0,1.0,0.0,0.0
38,110,8.183714695096976,5.281584081526435,1.0,1.0,1.0,1.0,0.0,1.0
39,110,7.717201388594733,11.759393481002451,1.0,1.0,0.0,0.0,0.0,0.0
0,115,2.0465735432463945,2.8385239974387053,0.0,0.0,0.0,0.0,1.0,1.0
1,115,11.25689096355175,8.44635350438315,0.0,0.0,1.0,0.0,0.0,0.0
2,115,2.8277293289051824,1.015636838084619,0.0,1.0,0.0,1.0,1.0,1.0
3,115,9.625363903864727,3.7654648525202647,0.0,0.0,0.0,0.0,0.0,0.0
4,115,4.148419597515831,11.830385354980914,0.0,1.0,1.0,0.0,0.0,1.0
5,115,11.101910922718677,11.73809954486168,0.0,1.0,1.0,0.0,1.0,0.0
6,115,2.5137574260453825,0.0,1.0,0.0,0.0,0.0,0.0,0.0
7,115,7.832670095156814,0.4474775613972229,0.0,1.0,1.0,1.0,1.0,1.0
8,115,8.117378144155893,8.047875339015363,0.0,1.0,0.0,0.0,0.0,0.0
9,115,12.0,11.026274166001054,0.0,1.0,1.0,1.0,0.0,0.0
10,115,8.696175484200287,10.499517871846766,0.0,0.0,0.0,0.0,0.0,1.0
11,115,9.286281285437674,8.865593437793658,1.0,1.0,0.0,1.0,1.0,0.0
12,115,8.225732540403989,10.599932430554867,1.0,0.0,1.0,0.0,0.0,0.0
13,115,8.46413989949457,1.5612895753687668,0.0,0.0,0.0,0.0,1.0,0.0
14,115,8.648933508937654,9.260795416594323,1.0,0.0,0.0,1.0,1.0,0.0
15,115,5.554787304519861,10.341283336874474,1.0,0.0,0.0,1.0,1.0,0.0
16,115,1.9465516299778616,10.050183848890397,1.0,1.0,0.0,1.0,0.0,0.0
17,115,1.7612202011709182,4.343063941431374,0.0,0.0,0.0,0.0,0.0,0.0
18,115,12.0,11.429058446312098,1.0,0.0,0.0,0.0,0.0,1.0
19,115,11.792927726424818,5.76913668646644,0.0,0.0,1.0,0.0,0.0,0.0
20,115,10.497022490282156,5.450166362728815,1.0,0.0,0.0,1.0,1.0,0.0
21,115,4.07974701677412,4.4604149127043735,0.0,0.0,0.0,0.0,1.0,0.0
22,115,10.131482781687073,6.325943839064333,1.0,0.0,0.0,0.0,0.0,1.0
23,115,4.080407031201896,9.18542803759815,0.0,1.0,1.0,0.0,0.0,1.0
24,115,7.836355160551526,2.8939082345611364,0.0,0.0,0.0,0.0,0.0,0.0
25,115,9.25855211853986,5.38064507441728,0.0,1.0,1.0,0.0,0.0,1.0
26,115,1.093429262212063,11.084996581600969,1.0,0.0,1.0,0.0,1.0,1.0
27,115,6.699798182245854,12.0,0.0,0.0,0.0,1.0,0.0,0.0
28,115,11.670706643586971,3.410001558211824,1.0,0.0,0.0,1.0,0.0,0.0
29,115,6.546909861205054,6.862087711137136,0.0,1.0,1.0,1.0,0.0,0.0
30,115,6.871928670708016,1.671387970529163,0.0,0.0,1.0,0.0,0.0,0.0
31,115,0.6759171727206692,11.341675430895254,0.0,1.0,1.0,1.0,1.0,1.0
32,115,11.963034276641016,2.5637756314076627,1.0,1.0,0.0,0.0,0.0,0.0
33,115,0.8054477950062726,2.3595216150649856,0.0,1.0,1.0,0.0,0.0,1.0
34,115,5.449175501307669,10.93927154387746,1.0,0.0,0.0,0.0,0.0,1.0
35,115,5.69053744639246,9.926213442554586,1.0,0.0,0.0,1.0,1.0,0.0
36,115,3.341251933602668,0.7526214789052867,0.0,0.0,1.0,1.0,0.0,1.0
37,115,8.81567389313399,11.488375085215305,0.0,1.0,1.0,1.0,0.0,0.0
38,115,8.316891627848996,5.369600142858843,1.0,1.0,1.0,1.0,0.0,1.0
39,115,7.700634140454765,11.732778181400995,1.0,1.0,0.0,0.0,0.0,0.0
0,120,2.0515877742690987,2.7692917898493032,0.0,0.0,0.0,0.0,1.0,1.0
1,120,11.218625616890272,8.480840419885618,0.0,0.0,1.0,0.0,0.0,0.0
2,120,2.8279691646429166,1.0121220569249287,0.0,1.0,0.0,1.0,1.0,1.0
3,120,9.5926471344682,3.75502037596941,0.0,0.0,0.0,0.0,0.0,0.0
4,120,4.163443114818727,11.95230590409262,0.0,1.0,1.0,0.0,0.0,1.0
5,120,11.107349744838608,11.786942221478329,0.0,1.0,1.0,0.0,1.0,0.0
6,120,2.648337344472394,0.0,1.0,0.0,0.0,0.0,0.0,0.0
7,120,7.839076497508099,0.451674625144124,0.0,1.0,1.0,1.0,1.0,1.0
8,120,8.26180119258474,8.01885495863907,0.0,1.0,0.0,0.0,0.0,0.0
9,120,12.0,11.003739389826547,0.0,1.0,1.0,1.0,0.0,0.0
10,120,8.689990433440158,10.545985868913528,0.0,0.0,0.0,0.0,0.0,1.0
11,120,9.278208354100462,8.874070793325064,1.0,1.0,0.0,1.0,1.0,0.0
12,120,8.13199361358246,10.576571736944052,1.0,0.0,1.0,0.0,0.0,0.0
13,120,8.44388182991955,1.5456687203586867,0.0,0.0,0.0,0.0,1.0,0.0
14,120,8.719992863894326,9.368825310172928,1.0,0.0,0.0,1.0,1.0,0.0
15,120,5.630643904256536,10.352163862606222,1.0,0.0,0.0,1.0,1.0,0.0
16,120,1.9864974333115493,9.938338363575184,1.0,1.0,0.0,1.0,0.0,0.0
17,120,1.711449718095286,4.302273714986384,0.0,0.0,0.0,0.0,0.0,0.0
18,120,12.0,11.44639373905211,1.0,0.0,0.0,0.0,0.0,1.0
19,120,11.774327872435322,5.762189171918897,0.0,0.0,1.0,0.0,0.0,0.0
20,120,10.611890864625588,5.375703274235049,1.0,0.0,0.0,1.0,1.0,0.0
21,120,4.07864914513554,4.495328998565462,0.0,0.0,0.0,0.0,1.0,0.0
22,120,10.147254014334544,6.372556812373336,1.0,0.0,0.0,0.0,0.0,1.0
23,120,4.078847155116966,9.040443124276129,0.0,1.0,1.0,0.0,0.0,1.0
24,120,7.86989797794388,2.8029451161324044,0.0,0.0,0.0,0.0,0.0,0.0
25,120,9.295979943321251,5.428117605815952,0.0,1.0,1.0,0.0,0.0,1.0
26,120,1.0934998853911668,11.07750247452742,1.0,0.0,1.0,0.0,1.0,1.0
27,120,6.658498471894668,12.0,0.0,0.0,0.0,1.0,0.0,0.0
28,120,11.67436323189326,3.4052411686398703,1.0,0.0,0.0,1.0,0.0,0.0
29,120,6.709023437655994,6.835919073486371,0.0,1.0,1.0,1.0,0.0,0.0
30,120,6.871436810539976,1.67523504261795,0.0,0.0,1.0,0.0,0.0,0.0
31,120,0.5897847773613601,11.369847216341542,0.0,1.0,1.0,1.0,1.0,1.0
32,120,11.965014484784737,2.50263079871138,1.0,1.0,0.0,0.0,0.0,0.0
33,120,0.841361356147773,2.2061576972022605,0.0,1.0,1.0,0.0,0.0,1.0
34,120,5.476544787269549,10.936209880224276,1.0,0.0,0.0,0.0,0.0,1.0
35,120,5.823994700699382,9.964569126182592,1.0,0.0,0.0,1.0,1.0,0.0
36,120,3.240666310062321,0.7534967868858706,0.0,0.0,1.0,1.0,0.0,1.0
37,120,8.815629250543253,11.466963261274548,0.0,1.0,1.0,1.0,0.0,0.0
38,120,8.43904701913977,5.458744950873045,1.0,1.0,1.0,1.0,0.0,1.0
39,120,7.700493904305881,11.732554198539589,1.0,1.0,0.0,0.0,0.0,0.0
0,125,2.057193545489264,2.6902118801537687,0.0,0.0,0.0,0.0,1.0,1.0
1,125,11.18411457629644,8.511288593582599,0.0,0.0,1.0,0.0,0.0,0.0
2,125,2.828047368593874,1.0109114092985343,0.0,1.0,0.0,1.0,1.0,1.0
3,125,9.574476407023084,3.748847720961274,0.0,0.0,0.0,0.0,0.0,0.0
4,125,4.176519137384814,12.0,0.0,1.0,1.0,0.0,0.0,1.0
5,125,11.118978131413543,11.862282588748574,0.0,1.0,1.0,0.0,1.0,0.0
6,125,2.7841966518720778,0.0,1.0,0.0,0.0,0.0,0.0,0.0
7,125,7.848386351449088,0.4578640509717255,0.0,1.0,1.0,1.0,1.0,1.0
8,125,8.414784482719051,7.991364631453578,0.0,1.0,0.0,0.0,0.0,0.0
9,125,12.0,10.977584605923017,0.0,1.0,1.0,1.0,0.0,0.0
10,125,8.684219367255837,10.596809168474223,0.0,0.0,0.0,0.0,0.0,1.0
11,125,9.29164910905274,8.859426454894953,1.0,1.0,0.0,1.0,1.0,0.0
12,125,8.03061480791512,10.54736674965753,1.0,0.0,1.0,0.0,0.0,0.0
13,125,8.434706928952536,1.5384861184591152,0.0,0.0,0.0,0.0,1.0,0.0
14,125,8.800948207274667,9.486506532800648,1.0,0.0,0.0,1.0,1.0,0.0
15,125,5.689483095235199,10.361549542750032,1.0,0.0,0.0,1.0,1.0,0.0
16,125,2.035147515028484,9.805488785625029,1.0,1.0,0.0,1.0,0.0,0.0
17,125,1.6365609846269378,4.242257455498177,0.0,0.0,0.0,0.0,0.0,0.0
18,125,12.0,11.468569640567674,1.0,0.0,0.0,0.0,0.0,1.0
19,125,11.749717566178296,5.753135267376772,0.0,0.0,1.0,0.0,0.0,0.0
20,125,10.7202782525832,5.307714415158276,1.0,0.0,0.0,1.0,1.0,0.0
21,125,4.078631849660384,4.503248720763926,0.0,0.0,0.0,0.0,1.0,0.0
22,125,10.160100541385743,6.403267985189088,1.0,0.0,0.0,0.0,0.0,1.0
23,125,4.078140467301028,8.897739295392382,0.0,1.0,1.0,0.0,0.0,1.0
24,125,7.896263484502681,2.7282266048999007,0.0,0.0,0.0,0.0,0.0,0.0
25,125,9.326048565801294,5.468856489798602,0.0,1.0,1.0,0.0,0.0,1.0
26,125,1.0934328609116426,11.079813712969594,1.0,0.0,1.0,0.0,1.0,1.0
27,125,6.614094634299402,12.0,0.0,0.0,0.0,1.0,0.0,0.0
28,125,11.679677761979402,3.398022281676602,1.0,0.0,0.0,1.0,0.0,0.0
29,125,6.891269551050039,6.806152510016619,0.0,1.0,1.0,1.0,0.0,0.0
30,125,6.87177966595485,1.672198544444742,0.0,0.0,1.0,0.0,0.0,0.0
31,125,0.4961069289509177,11.398265809435967,0.0,1.0,1.0,1.0,1.0,1.0
32,125,11.964199916426038,2.4274834402051044,1.0,1.0,0.0,0.0,0.0,0.0
33,125,0.8782414866514977,2.0509161815194967,0.0,1.0,1.0,0.0,0.0,1.0
34,125,5.476986337325964,10.94136414938994,1.0,0.0,0.0,0.0,0.0,1.0
35,125,5.943976305450198,9.995195692216024,1.0,0.0,0.0,1.0,1.0,0.0
36,125,3.158016585437412,0.7554399389531966,0.0,0.0,1.0,1.0,0.0,1.0
37,125,8.815631985541224,11.453980544308711,0.0,1.0,1.0,1.0,0.0,0.0
38,125,8.558237817755039,5.54777571648908,1.0,1.0,1.0,1.0,0.0,1.0
39,125,7.701891945255391,11.734732690497236,1.0,1.0,0.0,0.0,0.0,0.0
0,130,2.0608917228549744,2.625817386860904,0.0,0.0,0.0,0.0,1.0,1.0
1,130,11.1304921241859,8.557034839112802,0.0,0.0,1.0,0.0,0.0,0.0
2,130,2.8272443107999528,1.029375039998511,0.0,1.0,0.0,1.0,1.0,1.0
3,130,9.569098811019284,3.7469744207742175,0.0,0.0,0.0,0.0,0.0,0.0
4,130,4.189971323205906,12.0,0.0,1.0,1.0,0.0,0.0,1.0
5,130,11.13350512353917,11.938764110332896,0.0,1.0,1.0,0.0,1.0,0.0
6,130,2.919001452938078,0.0,1.0,0.0,0.0,0.0,0.0,0.0
7,130,7.872262799147774,0.4739848109746139,0.0,1.0,1.0,1.0,1.0,1.0
8,130,8.591994360621095,7.95703210344719,0.0,1.0,0.0,0.0,0.0,0.0
9,130,12.0,10.949130603449913,0.0,1.0,1.0,1.0,0.0,0.0
10,130,8.676296395172084,10.667602497494164,0.0,0.0,0.0,0.0,0.0,1.0
11,130,9.3136615633143,8.83581851423474,1.0,1.0,0.0,1.0,1.0,0.0
12,130,7.913907846969042,10.517025842242568,1.0,0.0,1.0,0.0,0.0,0.0
13,130,8.427876546385768,1.5331255425685315,0.0,0.0,0.0,0.0,1.0,0.0
14,130,8.887002842370888,9.609873808633614,1.0,0.0,0.0,1.0,1.0,0.0
15,130,5.75316795165303,10.369747261714211,1.0,0.0,0.0,1.0,1.0,0.0
16,130,2.0794842702060627,9.673328210897918,1.0,1.0,0.0,1.0,0.0,0.0
17,130,1.551667945405397,4.1761465674410045,0.0,0.0,0.0,0.0,0.0,0.0
18,130,12.0,11.491847165270434,1.0,0.0,0.0,0.0,0.0,1.0
19,130,11.715177668762369,5.740496195364032,0.0,0.0,1.0,0.0,0.0,0.0
20,130,10.83592942373106,5.234209111875861,1.0,0.0,0.0,1.0,1.0,0.0
21,130,4.077774391305083,4.527586957868101,0.0,0.0,0.0,0.0,1.0,0.0
22,130,10.17192273836887,6.430865358967627,1.0,0.0,0.0,0.0,0.0,1.0
23,130,4.077967905018269,8.744827448254163,0.0,1.0,1.0,0.0,0.0,1.0
24,130,7.921768463358082,2.661637234984789,0.0,0.0,0.0,0.0,0.0,0.0
25,130,9.362627138883616,5.51850038368988,0.0,1.0,1.0,0.0,0.0,1.0
26,130,1.0953368314488936,11.047200487931743,1.0,0.0,1.0,0.0,1.0,1.0
27,130,6.564666320601244,12.0,0.0,0.0,0.0,1.0,0.0,0.0
28,130,11.688586737541716,3.3862216982260254,1.0,0.0,0.0,1.0,0.0,0.0
29,130,7.057057937641551,6.780225591987212,0.0,1.0,1.0,1.0,0.0,0.0
30,130,6.871172236794994,1.6784926302705483,0.0,0.0,1.0,0.0,0.0,0.0
31,130,0.3991592701014951,11.42636016749215,0.0,1.0,1.0,1.0,1.0,1.0
32,130,11.964226972520937,2.368461932746423,1.0,1.0,0.0,0.0,0.0,0.0
33,130,0.9164882922546675,1.8999762022379276,0.0,1.0,1.0,0.0,0.0,1.0
34,130,5.477274586637374,10.945875757178236,1.0,0.0,0.0,0.0,0.0,1.0
35,130,6.065575364522269,10.02492897442561,1.0,0.0,0.0,1.0,1.0,0.0
36,130,3.0647794293544948,0.7571513753182804,0.0,0.0,1.0,1.0,0.0,1.0
37,130,8.816479975613941,11.429648916431532,0.0,1.0,1.0,1.0,0.0,0.0
38,130,8.6761064797755,5.6322517268253245,1.0,1.0,1.0,1.0,0.0,1.0
39,130,7.697500998123308,11.727553059677858,1.0,1.0,0.0,0.0,0.0,0.0
0,135,2.063776183488543,2.5683354547744743,0.0,0.0,0.0,0.0,1.0,1.0
1,135,11.08485584710284,8.59640585319369,0.0,0.0,1.0,0.0,0.0,0.0
2,135,2.8258990477353847,1.05159151819841,0.0,1.0,0.0,1.0,1.0,1.0
3,135,9.563821867122073,3.745178785353956,0.0,0.0,0.0,0.0,0.0,0.0
4,135,4.199898423697536,12.0,0.0,1.0,1.0,0.0,0.0,1.0
5,135,11.05275671407451,11.954010446736609,0.0,1.0,1.0,0.0,1.0,0.0
6,135,3.0492874979788325,0.0,1.0,0.0,0.0,0.0,0.0,0.0
7,135,7.891598833170824,0.4867183869817574,0.0,1.0,1.0,1.0,1.0,1.0
8,135,8.775862588345962,7.92241443949489,0.0,1.0,0.0,0.0,0.0,0.0
9,135,12.0,10.91795242014685,0.0,1.0,1.0,1.0,0.0,0.0
10,135,8.66905377665588,10.738020070992151,0.0,0.0,0.0,0.0,0.0,1.0
11,135,9.326277802961965,8.822300229947787,1.0,1.0,0.0,1.0,1.0,0.0
12,135,7.815342914335146,10.489065031211366,1.0,0.0,1.0,0.0,0.0,0.0
13,135,8.431999203822901,1.5363954084413252,0.0,0.0,0.0,0.0,1.0,0.0
14,135,8.9755400252537,9.735352958894714,1.0,0.0,0.0,1.0,1.0,0.0
15,135,5.830760828757822,10.379834003325485,1.0,0.0,0.0,1.0,1.0,0.0
16,135,2.1277610420478137,9.537642618046574,1.0,1.0,0.0,1.0,0.0,0.0
17,135,1.4498078373388448,4.096972691300274,0.0,0.0,0.0,0.0,0.0,0.0
18,135,12.0,11.525710428619671,1.0,0.0,0.0,0.0,0.0,1.0
19,135,11.681566265701944,5.728314721466467,0.0,0.0,1.0,0.0,0.0,0.0
20,135,10.936800579412406,5.168404952967583,1.0,0.0,0.0,1.0,1.0,0.0
21,135,4.076707635087908,4.560980160495879,0.0,0.0,0.0,0.0,1.0,0.0
22,135,10.184384997150532,6.458015661313013,1.0,0.0,0.0,0.0,0.0,1.0
23,135,4.073458415148752,8.604278140827411,0.0,1.0,1.0,0.0,0.0,1.0
24,135,7.940421644289723,2.613438546490685,0.0,0.0,0.0,0.0,0.0,0.0
25,135,9.392317817926276,5.5586402933724735,0.0,1.0,1.0,0.0,0.0,1.0
26,135,1.0983006691874744,11.004824211993482,1.0,0.0,1.0,0.0,1.0,1.0
27,135,6.523101810094564,12.0,0.0,0.0,0.0,1.0,0.0,0.0
28,135,11.707613605936755,3.3619401689926804,1.0,0.0,0.0,1.0,0.0,0.0
29,135,7.209281833923094,6.756371742590114,0.0,1.0,1.0,1.0,0.0,0.0
30,135,6.869995044629581,1.692038965625,0.0,0.0,1.0,0.0,0.0,0.0
31,135,0.2986648986176448,11.454764377486953,0.0,1.0,1.0,1.0,1.0,1.0
32,135,11.96385365560399,2.2919780071174265,1.0,1.0,0.0,0.0,0.0,0.0
33,135,0.9578700899938176,1.726154949484514,0.0,1.0,1.0,0.0,0.0,1.0
34,135,5.4780980218043895,10.956903067589195,1.0,0.0,0.0,0.0,0.0,1.0
35,135,6.162483312611723,10.050266135163804,1.0,0.0,0.0,1.0,1.0,0.0
36,135,2.962384408275017,0.7607538601343169,0.0,0.0,1.0,1.0,0.0,1.0
37,135,8.817178935395333,11.404771173199215,0.0,1.0,1.0,1.0,0.0,0.0
38,135,8.80681385060254,5.725291843859819,1.0,1.0,1.0,1.0,0.0,1.0
39,135,7.682631148864475,11.702893807575444,1.0,1.0,0.0,0.0,0.0,0.0
0,140,2.066931441827529,2.5095170132127755,0.0,0.0,0.0,0.0,1.0,1.0
1,140,11.037668878237346,8.637113162717172,0.0,0.0,1.0,0.0,0.0,0.0
2,140,2.8251735254732417,1.0680237956817042,0.0,1.0,0.0,1.0,1.0,1.0
3,140,9.571597324912442,3.747960517871789,0.0,0.0,0.0,0.0,0.0,0.0
4,140,4.211629678783406,12.0,0.0,1.0,1.0,0.0,0.0,1.0
5,140,10.96811166333502,11.971647156150109,0.0,1.0,1.0,0.0,1.0,0.0
6,140,3.186976971565255,0.0,1.0,0.0,0.0,0.0,0.0,0.0
7,140,7.920420881897527,0.5054210084193775,0.0,1.0,1.0,1.0,1.0,1.0
8,140,8.969526261068022,7.884429163814077,0.0,1.0,0.0,0.0,0.0,0.0
9,140,12.0,10.877199194122936,0.0,1.0,1.0,1.0,0.0,0.0
10,140,8.658991906508408,10.818227943734506,0.0,0.0,0.0,0.0,0.0,1.0
11,140,9.34885871946824,8.797987799993086,1.0,1.0,0.0,1.0,1.0,0.0
12,140,7.721708288920829,10.46562349621166,1.0,0.0,1.0,0.0,0.0,0.0
13,140,8.451401560974867,1.5516433131105445,0.0,0.0,0.0,0.0,1.0,0.0
14,140,9.073571084979486,9.872657598189049,1.0,0.0,0.0,1.0,1.0,0.0
15,140,5.880109688341681,10.386938854685893,1.0,0.0,0.0,1.0,1.0,0.0
16,140,2.1920785084029117,9.368531105862017,1.0,1.0,0.0,1.0,0.0,0.0
17,140,1.347537008749789,4.011904678700832,0.0,0.0,0.0,0.0,0.0,0.0
18,140,12.0,11.55934610034106,1.0,0.0,0.0,0.0,0.0,1.0
19,140,11.6393872430332,5.712797149231272,0.0,0.0,1.0,0.0,0.0,0.0
20,140,11.019283612564251,5.113054521836106,1.0,0.0,0.0,1.0,1.0,0.0
21,140,4.0758682986841706,4.592755278317875,0.0,0.0,0.0,0.0,1.0,0.0
22,140,10.20729945089937,6.508682589440963,1.0,0.0,0.0,0.0,0.0,1.0
23,140,4.067947644914801,8.466787286292464,0.0,1.0,1.0,0.0,0.0,1.0
24,140,7.957019456076369,2.567578445205174,0.0,0.0,0.0,0.0,0.0,0.0
25,140,9.441619769414547,5.623861287022079,0.0,1.0,1.0,0.0,0.0,1.0
26,140,1.1010003694367028,10.954847209458942,1.0,0.0,1.0,0.0,1.0,1.0
27,140,6.477434881464507,12.0,0.0,0.0,0.0,1.0,0.0,0.0
28,140,11.733571385898262,3.3314952201920933,1.0,0.0,0.0,1.0,0.0,0.0
29,140,7.332916690862601,6.735334876082945,0.0,1.0,1.0,1.0,0.0,0.0
30,140,6.868431458629038,1.7151044986626929,0.0,0.0,1.0,0.0,0.0,0.0
31,140,0.230489877936762,11.473018695292769,0.0,1.0,1.0,1.0,1.0,1.0
32,140,11.96282764913946,2.2396727837832104,1.0,1.0,0.0,0.0,0.0,0.0
33,140,0.9986134661616036,1.54992060494159,0.0,1.0,1.0,0.0,0.0,1.0
34,140,5.477996680854449,10.955476635281578,1.0,0.0,0.0,0.0,0.0,1.0
35,140,6.238078736911517,10.072167709189925,1.0,0.0,0.0,1.0,1.0,0.0
36,140,2.862084312102215,0.7677174447331883,0.0,0.0,1.0,1.0,0.0,1.0
37,140,8.817821874326324,11.388583920305363,0.0,1.0,1.0,1.0,0.0,0.0
38,140,8.939209788025794,5.817042409750614,1.0,1.0,1.0,1.0,0.0,1.0
39,140,7.662592358354494,11.669556930433815,1.0,1.0,0.0,0.0,0.0,0.0
0,145,2.069377208960656,2.455015651719212,0.0,0.0,0.0,0.0,1.0,1.0
1,145,10.989266811558842,8.67731644491313,0.0,0.0,1.0,0.0,0.0,0.0
2,145,2.824891914676189,1.0803401264611578,0.0,1.0,0.0,1.0,1.0,1.0
3,145,9.580190053510645,3.751274107854664,0.0,0.0,0.0,0.0,0.0,0.0
4,145,4.222250566053611,12.0,0.0,1.0,1.0,0.0,0.0,1.0
5,145,10.899332903279698,11.98560024032524,0.0,1.0,1.0,0.0,1.0,0.0
6,145,3.320213943863936,0.0,1.0,0.0,0.0,0.0,0.0,0.0
7,145,7.936161094894271,0.5158778695337873,0.0,1.0,1.0,1.0,1.0,1.0
8,145,9.146494349190736,7.844152821300743,0.0,1.0,0.0,0.0,0.0,0.0
9,145,12.0,10.834199212210896,0.0,1.0,1.0,1.0,0.0,0.0
10,145,8.645405570902936,10.907853024772368,0.0,0.0,0.0,0.0,0.0,1.0
11,145,9.366646410475653,8.777844082929743,1.0,1.0,0.0,1.0,1.0,0.0
12,145,7.61538251036728,10.439846275756596,1.0,0.0,1.0,0.0,0.0,0.0
13,145,8.478540702861883,1.572914145612256,0.0,0.0,0.0,0.0,1.0,0.0
14,145,9.17364926982792,10.014127204692354,1.0,0.0,0.0,1.0,1.0,0.0
15,145,5.922258674288343,10.392287520987948,1.0,0.0,0.0,1.0,1.0,0.0
16,145,2.2580321894823494,9.198625294362072,1.0,1.0,0.0,1.0,0.0,0.0
17,145,1.2463643368382868,3.934560366400762,0.0,0.0,0.0,0.0,0.0,0.0
18,145,12.0,11.590081630657211,1.0,0.0,0.0,0.0,0.0,1.0
19,145,11.596520094777196,5.696599932728714,0.0,0.0,1.0,0.0,0.0,0.0
20,145,11.116508346139284,5.048325942897278,1.0,0.0,0.0,1.0,1.0,0.0
21,145,4.074879501589575,4.625099637337108,0.0,0.0,0.0,0.0,1.0,0.0
22,145,10.223665120341195,6.545826599679885,1.0,0.0,0.0,0.0,0.0,1.0
23,145,4.061462685676768,8.32405916787219,0.0,1.0,1.0,0.0,0.0,1.0
24,145,7.969545045886957,2.5349674901084467,0.0,0.0,0.0,0.0,0.0,0.0
25,145,9.494192254811797,5.692922258730089,0.0,1.0,1.0,0.0,0.0,1.0
26,145,1.1024045321561116,10.924839758179797,1.0,0.0,1.0,0.0,1.0,1.0
27,145,6.422657831599131,12.0,0.0,0.0,0.0,1.0,0.0,0.0
28,145,11.745256276628693,3.3180523251438703,1.0,0.0,0.0,1.0,0.0,0.0
29,145,7.470227611780021,6.709660250285317,0.0,1.0,1.0,1.0,0.0,0.0
30,145,6.796758022820078,1.7106977477045608,0.0,0.0,1.0,0.0,0.0,0.0
31,145,0.1765151787944362,11.48890186734512,0.0,1.0,1.0,1.0,1.0,1.0
32,145,11.962088721976135,2.207925072942428,1.0,1.0,0.0,0.0,0.0,0.0
33,145,1.045514873643286,1.3396615178430935,0.0,1.0,1.0,0.0,0.0,1.0
34,145,5.478958494001795,10.972473283134924,1.0,0.0,0.0,0.0,0.0,1.0
35,145,6.293052625381566,10.088731809391836,1.0,0.0,0.0,1.0,1.0,0.0
36,145,2.7302528677232574,0.7758988628074225,0.0,0.0,1.0,1.0,0.0,1.0
37,145,8.817758510001035,11.372646388588311,0.0,1.0,1.0,1.0,0.0,0.0
38,145,9.084928050385924,5.920373726135308,1.0,1.0,1.0,1.0,0.0,1.0
39,145,7.644663910503344,11.639575876384493,1.0,1.0,0.0,0.0,0.0,0.0
0,150,2.072439391583491,2.3927592120902066,0.0,0.0,0.0,0.0,1.0,1.0
1,150,10.926215718914152,8.728924023319028,0.0,0.0,1.0,0.0,0.0,0.0
2,150,2.8254329148965907,1.106830702393888,0.0,1.0,0.0,1.0,1.0,1.0
3,150,9.591007004713846,3.7552592562552256,0.0,0.0,0.0,0.0,0.0,0.0
4,150,4.230774019923604,12.0,0.0,1.0,1.0,0.0,0.0,1.0
5,150,10.827350530469202,12.0,0.0,1.0,1.0,0.0,1.0,0.0
6,150,3.4757107682038475,0.0,1.0,0.0,0.0,0.0,0.0,0.0
7,150,7.956571198760304,0.5292547358798017,0.0,1.0,1.0,1.0,1.0,1.0
8,150,9.32240465981316,7.803925141337979,0.0,1.0,0.0,0.0,0.0,0.0
9,150,12.0,10.792483026560626,0.0,1.0,1.0,1.0,0.0,0.0
10,150,8.633066309899332,10.985053540255397,0.0,0.0,0.0,0.0,0.0,1.0
11,150,9.378235987771925,8.764608156810748,1.0,1.0,0.0,1.0,1.0,0.0
12,150,7.521903862712685,10.413986652602985,1.0,0.0,1.0,0.0,0.0,0.0
13,150,8.498194735913957,1.5882131314782413,0.0,0.0,0.0,0.0,1.0,0.0
14,150,9.270061043087962,10.162570105107546,1.0,0.0,0.0,1.0,1.0,0.0
15,150,5.963008930582444,10.39682506176002,1.0,0.0,0.0,1.0,1.0,0.0
16,150,2.3294556595775626,9.01712051421269,1.0,1.0,0.0,1.0,0.0,0.0
17,150,1.1301958037307047,3.845762635718176,0.0,0.0,0.0,0.0,0.0,0.0
18,150,12.0,11.628172205037773,1.0,0.0,0.0,0.0,0.0,1.0
19,150,11.58926357419278,5.693920494693555,0.0,0.0,1.0,0.0,0.0,0.0
20,150,11.212379408537355,4.986698373182498,1.0,0.0,0.0,1.0,1.0,0.0
21,150,4.073618285175668,4.658069231181616,0.0,0.0,0.0,0.0,1.0,0.0
22,150,10.249922019132873,6.606668729767594,1.0,0.0,0.0,0.0,0.0,1.0
23,150,4.053140914679809,8.182063692502101,0.0,1.0,1.0,0.0,0.0,1.0
24,150,7.985160126749312,2.495239296554919,0.0,0.0,0.0,0.0,0.0,0.0
25,150,9.537699501740333,5.750173634439718,0.0,1.0,1.0,0.0,0.0,1.0
26,150,1.1057228720077836,10.882923322099693,1.0,0.0,1.0,0.0,1.0,1.0
27,150,6.3591510269311255,12.0,0.0,0.0,0.0,1.0,0.0,0.0
28,150,11.761360690581888,3.3005830542375034,1.0,0.0,0.0,1.0,0.0,0.0
29,150,7.618762876327656,6.6835951401137255,0.0,1.0,1.0,1.0,0.0,0.0
30,150,6.747519257030581,1.7074346925511572,0.0,0.0,1.0,0.0,0.0,0.0
31,150,0.1051159610692087,11.508565932153108,0.0,1.0,1.0,1.0,1.0,1.0
32,150,11.960410263508471,2.161653621995589,1.0,1.0,0.0,0.0,0.0,0.0
33,150,1.0968443070097202,1.122124524620381,0.0,1.0,1.0,0.0,0.0,1.0
34,150,5.479377503610458,10.97916652659328,1.0,0.0,0.0,0.0,0.0,1.0
35,150,6.335449013461045,10.10217389382127,1.0,0.0,0.0,1.0,1.0,0.0
36,150,2.608063756077404,0.7831366870738788,0.0,0.0,1.0,1.0,0.0,1.0
37,150,8.817846284951637,11.35198680135173,0.0,1.0,1.0,1.0,0.0,0.0
38,150,9.237461377030698,6.0342496549445785,1.0,1.0,1.0,1.0,0.0,1.0
39,150,7.633081820845556,11.619722246170593,1.0,1.0,0.0,0.0,0.0,0.0
0,155,2.076985723064571,2.317510947465575,0.0,0.0,0.0,0.0,1.0,1.0
1,155,10.851102441617137,8.790663630695487,0.0,0.0,1.0,0.0,0.0,0.0
2,155,2.8263546226536413,1.1393234001574968,0.0,1.0,0.0,1.0,1.0,1.0
3,155,9.613035870042694,3.763488159250365,0.0,0.0,0.0,0.0,0.0,0.0
4,155,4.236240944150692,12.0,0.0,1.0,1.0,0.0,0.0,1.0
5,155,10.761472358247913,12.0,0.0,1.0,1.0,0.0,1.0,0.0
6,155,3.632202212451792,0.0,1.0,0.0,0.0,0.0,0.0,0.0
7,155,7.98222066302004,0.5456516681413647,0.0,1.0,1.0,1.0,1.0,1.0
8,155,9.488395736381095,7.770794635832154,0.0,1.0,0.0,0.0,0.0,0.0
9,155,12.0,10.745101127884562,0.0,1.0,1.0,1.0,0.0,0.0
10,155,8.617111323819584,11.082399777499475,0.0,0.0,0.0,0.0,0.0,1.0
11,155,9.392471965770213,8.74862294137166,1.0,1.0,0.0,1.0,1.0,0.0
12,155,7.438944012146234,10.390248785098118,1.0,0.0,1.0,0.0,0.0,0.0
13,155,8.507101732875455,1.5958835897977357,0.0,0.0,0.0,0.0,1.0,0.0
14,155,9.380738176756354,10.324412071018552,1.0,0.0,0.0,1.0,1.0,0.0
15,155,5.993177989377846,10.399850438349556,1.0,0.0,0.0,1.0,1.0,0.0
16,155,2.402186340934531,8.817015547273378,1.0,1.0,0.0,1.0,0.0,0.0
17,155,1.014772026933929,3.758676991042144,0.0,0.0,0.0,0.0,0.0,0.0
18,155,12.0,11.663863722225797,1.0,0.0,0.0,0.0,0.0,1.0
19,155,11.579238591043064,5.689832007560329,0.0,0.0,1.0,0.0,0.0,0.0
20,155,11.315473338802263,4.919338368798393,1.0,0.0,0.0,1.0,1.0,0.0
21,155,4.070879308614894,4.693840758336414,0.0,0.0,0.0,0.0,1.0,0.0
22,155,10.26930660388853,6.655289723796049,1.0,0.0,0.0,0.0,0.0,1.0
23,155,4.039311993723014,8.02554667407301,0.0,1.0,1.0,0.0,0.0,1.0
24,155,7.998854690226337,2.458399618764384,0.0,0.0,0.0,0.0,0.0,0.0
25,155,9.591126640883653,5.81971675295542,0.0,1.0,1.0,0.0,0.0,1.0
26,155,1.1091128484791417,10.84136647724886,1.0,0.0,1.0,0.0,1.0,1.0
27,155,6.291946835884674,12.0,0.0,0.0,0.0,1.0,0.0,0.0
28,155,11.774639716795049,3.2868860204342027,1.0,0.0,0.0,1.0,0.0,0.0
29,155,7.7729201006308575,6.653765938357075,0.0,1.0,1.0,1.0,0.0,0.0
30,155,6.690008751507737,1.7019267739671349,0.0,0.0,1.0,0.0,0.0,0.0
31,155,0.0331848671997446,11.5280268661487,0.0,1.0,1.0,1.0,1.0,1.0
32,155,11.957272076678295,2.104290368268181,1.0,1.0,0.0,0.0,0.0,0.0
33,155,1.1434023689184865,0.922396166751041,0.0,1.0,1.0,0.0,0.0,1.0
34,155,5.480574575167398,11.002973577301844,1.0,0.0,0.0,0.0,0.0,1.0
35,155,6.397958937308514,10.12346244484162,1.0,0.0,0.0,1.0,1.0,0.0
36,155,2.480072868599774,0.790818921507885,0.0,0.0,1.0,1.0,0.0,1.0
37,155,8.817693888000775,11.3402992299634,0.0,1.0,1.0,1.0,0.0,0.0
38,155,9.404278801603184,6.160798861386148,1.0,1.0,1.0,1.0,0.0,1.0
39,155,7.616595421708429,11.590622531897347,1.0,1.0,0.0,0.0,0.0,0.0
0,160,2.0819563877075025,2.2261779090138747,0.0,0.0,0.0,0.0,1.0,1.0
1,160,10.764370381883086,8.861491404836016,0.0,0.0,1.0,0.0,0.0,0.0
2,160,2.8278428917648832,1.1816716522219135,0.0,1.0,0.0,1.0,1.0,1.0
3,160,9.638309585369573,3.7739773803766328,0.0,0.0,0.0,0.0,0.0,0.0
4,160,4.241405846465795,12.0,0.0,1.0,1.0,0.0,0.0,1.0
5,160,10.675326916248917,12.0,0.0,1.0,1.0,0.0,1.0,0.0
6,160,3.785229443946433,0.0,1.0,0.0,0.0,0.0,0.0,0.0
7,160,8.002350154219222,0.558817539279808,0.0,1.0,1.0,1.0,1.0,1.0
8,160,9.66481288511031,7.736040009878825,0.0,1.0,0.0,0.0,0.0,0.0
9,160,12.0,10.69802070162616,0.0,1.0,1.0,1.0,0.0,0.0
10,160,8.600350675939868,11.188475421664227,0.0,0.0,0.0,0.0,0.0,1.0
11,160,9.398904874698047,8.740751956693638,1.0,1.0,0.0,1.0,1.0,0.0
12,160,7.360773640418389,10.36949644091165,1.0,0.0,1.0,0.0,0.0,0.0
13,160,8.52842548730546,1.6145488743458198,0.0,0.0,0.0,0.0,1.0,0.0
14,160,9.490176804817954,10.486932250915125,1.0,0.0,0.0,1.0,1.0,0.0
15,160,6.046482463019484,10.405484330826836,1.0,0.0,0.0,1.0,1.0,0.0
16,160,2.4682264924598862,8.6310986626071,1.0,1.0,0.0,1.0,0.0,0.0
17,160,0.8840102157141907,3.658506941545772,0.0,0.0,0.0,0.0,0.0,0.0
18,160,12.0,11.709922949759326,1.0,0.0,0.0,0.0,0.0,1.0
19,160,11.562745095249037,5.683126199843191,0.0,0.0,1.0,0.0,0.0,0.0
20,160,11.44445421837206,4.836310914099556,1.0,0.0,0.0,1.0,1.0,0.0
21,160,4.067336492052957,4.740714020169104,0.0,0.0,0.0,0.0,1.0,0.0
22,160,10.289733783252654,6.701649665252176,1.0,0.0,0.0,0.0,0.0,1.0
23,160,4.020379829113987,7.861732353967483,0.0,1.0,1.0,0.0,0.0,1.0
24,160,8.009955836172017,2.4294526256985205,0.0,0.0,0.0,0.0,0.0,0.0
25,160,9.628946954744253,5.870170973652523,0.0,1.0,1.0,0.0,0.0,1.0
26,160,1.1134010460225665,10.800383315645009,1.0,0.0,1.0,0.0,1.0,1.0
27,160,6.22916104281655,12.0,0.0,0.0,0.0,1.0,0.0,0.0
28,160,11.78459254306776,3.277161765395621,1.0,0.0,0.0,1.0,0.0,0.0
29,160,7.919126688035918,6.62377046621579,0.0,1.0,1.0,1.0,0.0,0.0
30,160,6.635880392549537,1.6970960705646894,0.0,0.0,1.0,0.0,0.0,0.0
31,160,0.0,11.548477609625388,0.0,1.0,1.0,1.0,1.0,1.0
32,160,11.953714265419382,2.043089063763871,1.0,1.0,0.0,0.0,0.0,0.0
33,160,1.1901079945897235,0.7191839016628254,0.0,1.0,1.0,0.0,0.0,1.0
34,160,5.481107162142813,11.02181978490631,1.0,0.0,0.0,0.0,0.0,1.0
35,160,6.454117321079955,10.141376583722996,1.0,0.0,0.0,1.0,1.0,0.0
36,160,2.3756872398527284,0.7963483587279473,0.0,0.0,1.0,1.0,0.0,1.0
37,160,8.817663520007782,11.337091756821588,0.0,1.0,1.0,1.0,0.0,0.0
38,160,9.576842063370163,6.296098655470723,1.0,1.0,1.0,1.0,0.0,1.0
39,160,7.601078126176412,11.563605861269192,1.0,1.0,0.0,0.0,0.0,0.0
0,165,2.087270462621124,2.14006303324098,0.0,0.0,0.0,0.0,1.0,1.0
1,165,10.68312434269424,8.92450946173027,0.0,0.0,1.0,0.0,0.0,0.0
2,165,2.8281738454575827,1.2234201586002813,0.0,1.0,0.0,1.0,1.0,1.0
3,165,9.659480847725222,3.782607961660799,0.0,0.0,0.0,0.0,0.0,0.0
4,165,4.247197506055457,12.0,0.0,1.0,1.0,0.0,0.0,1.0
5,165,10.603360916140652,12.0,0.0,1.0,1.0,0.0,1.0,0.0
6,165,3.9511669867892194,0.0,1.0,0.0,0.0,0.0,0.0,0.0
7,165,8.020097011767795,0.5705512536955517,0.0,1.0,1.0,1.0,1.0,1.0
8,165,9.834520509827444,7.703362149262212,0.0,1.0,0.0,0.0,0.0,0.0
9,165,12.0,10.651581088486912,0.0,1.0,1.0,1.0,0.0,0.0
10,165,8.586341415247675,11.290207509175028,0.0,0.0,0.0,0.0,0.0,1.0
11,165,9.391998794194803,8.749060113872838,1.0,1.0,0.0,1.0,1.0,0.0
12,165,7.27784508107779,10.347008031350008,1.0,0.0,1.0,0.0,0.0,0.0
13,165,8.55147687279403,1.63552684420584,0.0,0.0,0.0,0.0,1.0,0.0
14,165,9.595442006268671,10.64433183329024,1.0,0.0,0.0,1.0,1.0,0.0
15,165,6.112501988394324,10.412675180658612,1.0,0.0,0.0,1.0,1.0,0.0
16,165,2.530357239464596,8.468760682421447,1.0,1.0,0.0,1.0,0.0,0.0
17,165,0.7459918103994507,3.554314912997548,0.0,0.0,0.0,0.0,0.0,0.0
18,165,12.0,11.769183717699187,1.0,0.0,0.0,0.0,0.0,1.0
19,165,11.560503404071152,5.68227609829996,0.0,0.0,1.0,0.0,0.0,0.0
20,165,11.561446681992315,4.763044944162492,1.0,0.0,0.0,1.0,1.0,0.0
21,165,4.062645611060303,4.794571692144363,0.0,0.0,0.0,0.0,1.0,0.0
22,165,10.316089060535475,6.76091600955676,1.0,0.0,0.0,0.0,0.0,1.0
23,165,4.003934181555329,7.698417873941355,0.0,1.0,1.0,0.0,0.0,1.0
24,165,8.026012995565411,2.3873128730808477,0.0,0.0,0.0,0.0,0.0,0.0
25,165,9.66951483565069,5.923403305356627,0.0,1.0,1.0,0.0,0.0,1.0
26,165,1.1157539435381243,10.772270517526447,1.0,0.0,1.0,0.0,1.0,1.0
27,165,6.171822382939529,12.0,0.0,0.0,0.0,1.0,0.0,0.0
28,165,11.799874495201188,3.2627852307116845,1.0,0.0,0.0,1.0,0.0,0.0
29,165,8.061210749194304,6.59489398852579,0.0,1.0,1.0,1.0,0.0,0.0
30,165,6.580652215963631,1.6931564692990586,0.0,0.0,1.0,0.0,0.0,0.0
31,165,0.0,11.572589553145582,0.0,1.0,1.0,1.0,1.0,1.0
32,165,11.950154663660484,1.9737223703204207,1.0,1.0,0.0,0.0,0.0,0.0
33,165,1.2412142472733774,0.4978424942148538,0.0,1.0,1.0,0.0,0.0,1.0
34,165,5.481874249856761,11.04196406545084,1.0,0.0,0.0,0.0,0.0,1.0
35,165,6.506938908020534,10.15863883343212,1.0,0.0,0.0,1.0,1.0,0.0
36,165,2.257517095556956,0.7995645124625473,0.0,0.0,1.0,1.0,0.0,1.0
37,165,8.81736907980977,11.319088342380676,0.0,1.0,1.0,1.0,0.0,0.0
38,165,9.755930691356868,6.429189998681561,1.0,1.0,1.0,1.0,0.0,1.0
39,165,7.582831747906825,11.532467444456984,1.0,1.0,0.0,0.0,0.0,0.0
0,170,2.0922103042839595,2.036763935101351,0.0,0.0,0.0,0.0,1.0,1.0
1,170,10.606127273514067,8.984146409103243,0.0,0.0,1.0,0.0,0.0,0.0
2,170,2.8286792905663027,1.2894752952483914,0.0,1.0,0.0,1.0,1.0,1.0
3,170,9.678611720997443,3.7905456073980464,0.0,0.0,0.0,0.0,0.0,0.0
4,170,4.251462190384295,12.0,0.0,1.0,1.0,0.0,0.0,1.0
5,170,10.544753560262157,12.0,0.0,1.0,1.0,0.0,1.0,0.0
6,170,4.11419708289535,0.0,1.0,0.0,0.0,0.0,0.0,0.0
7,170,8.034477238417663,0.579799348076247,0.0,1.0,1.0,1.0,1.0,1.0
8,170,10.015381890593646,7.668622061569507,0.0,1.0,0.0,0.0,0.0,0.0
9,170,12.0,10.809695170591466,0.0,1.0,1.0,1.0,0.0,0.0
10,170,8.574069327839158,11.364621899662048,0.0,0.0,0.0,0.0,0.0,1.0
11,170,9.376711772117988,8.767898510196087,1.0,1.0,0.0,1.0,1.0,0.0
12,170,7.207045900658907,10.327238628350392,1.0,0.0,1.0,0.0,0.0,0.0
13,170,8.575028850803113,1.6575554646427793,0.0,0.0,0.0,0.0,1.0,0.0
14,170,9.698010178300162,10.79001740934933,1.0,0.0,0.0,1.0,1.0,0.0
15,170,6.191546359266072,10.421726373941222,1.0,0.0,0.0,1.0,1.0,0.0
16,170,2.6770840381944807,8.528970910911264,1.0,1.0,0.0,1.0,0.0,0.0
17,170,0.5918597750678722,3.439417651226684,0.0,0.0,0.0,0.0,0.0,0.0
18,170,12.0,11.840015014839937,1.0,0.0,0.0,0.0,0.0,1.0
19,170,11.567779634998343,5.685048752370239,0.0,0.0,1.0,0.0,0.0,0.0
20,170,11.705726339535364,4.677364099418035,1.0,0.0,0.0,1.0,1.0,0.0
21,170,4.058177899973135,4.852484949964654,0.0,0.0,0.0,0.0,1.0,0.0
22,170,10.338021790196294,6.808631933534472,1.0,0.0,0.0,0.0,0.0,1.0
23,170,3.98818378241436,7.524597626832384,0.0,1.0,1.0,0.0,0.0,1.0
24,170,8.041311090634588,2.348433520939522,0.0,0.0,0.0,0.0,0.0,0.0
25,170,9.707069620768577,5.9709215311851445,0.0,1.0,1.0,0.0,0.0,1.0
26,170,1.1191667777325451,10.739186014398184,1.0,0.0,1.0,0.0,1.0,1.0
27,170,6.109769496325539,12.0,0.0,0.0,0.0,1.0,0.0,0.0
28,170,11.832043395355448,3.231073192751744,1.0,0.0,0.0,1.0,0.0,0.0
29,170,8.194566017784492,6.569130874414425,0.0,1.0,1.0,1.0,0.0,0.0
30,170,6.5402008646077885,1.6908448705455112,0.0,0.0,1.0,0.0,0.0,0.0
31,170,0.0,11.595937710786067,0.0,1.0,1.0,1.0,1.0,1.0
32,170,11.946226409854736,1.9012842202881624,1.0,1.0,0.0,0.0,0.0,0.0
33,170,1.291027360553885,0.264846262547675,0.0,1.0,1.0,0.0,0.0,1.0
34,170,5.426326569215597,11.042894368390307,1.0,0.0,0.0,0.0,0.0,1.0
35,170,6.552758134515199,10.172633710933397,1.0,0.0,0.0,1.0,1.0,0.0
36,170,2.146505879252952,0.8001612396478909,0.0,0.0,1.0,1.0,0.0,1.0
37,170,8.817363619282226,11.318202496715996,0.0,1.0,1.0,1.0,0.0,0.0
38,170,9.931789319357224,6.557441118258352,1.0,1.0,1.0,1.0,0.0,1.0
39,170,7.567086944872517,11.50688232569487,1.0,1.0,0.0,0.0,0.0,0.0
0,175,2.0981689321958976,1.9277043272042975,0.0,0.0,0.0,0.0,1.0,1.0
1,175,10.538784598228188,9.037067401890798,0.0,0.0,1.0,0.0,0.0,0.0
2,175,2.829155167202145,1.3417982312511307,0.0,1.0,0.0,1.0,1.0,1.0
3,175,9.695916706578773,3.797672117613323,0.0,0.0,0.0,0.0,0.0,0.0
4,175,4.254650119890046,12.0,0.0,1.0,1.0,0.0,0.0,1.0
5,175,10.48148370622934,12.0,0.0,1.0,1.0,0.0,1.0,0.0
6,175,4.297512471635852,0.0,1.0,0.0,0.0,0.0,0.0,0.0
7,175,8.044555307250873,0.5859441529941691,0.0,1.0,1.0,1.0,1.0,1.0
8,175,10.18038332231589,7.635994839819707,0.0,1.0,0.0,0.0,0.0,0.0
9,175,12.0,10.975150367372402,0.0,1.0,1.0,1.0,0.0,0.0
10,175,8.562190133295616,11.448872924640106,0.0,0.0,0.0,0.0,0.0,1.0
11,175,9.37629828533544,8.768423088326625,1.0,1.0,0.0,1.0,1.0,0.0
12,175,7.128944396944871,10.30387899626603,1.0,0.0,1.0,0.0,0.0,0.0
13,175,8.601999738900734,1.684700459007496,0.0,0.0,0.0,0.0,1.0,0.0
14,175,9.794851700957723,10.930085287160258,1.0,0.0,0.0,1.0,1.0,0.0
15,175,6.281973366905468,10.432477779029288,1.0,0.0,0.0,1.0,1.0,0.0
16,175,2.8111225818038186,8.584077421226484,1.0,1.0,0.0,1.0,0.0,0.0
17,175,0.4312751259800542,3.324304634315719,0.0,0.0,0.0,0.0,0.0,0.0
18,175,12.0,11.921604778760388,1.0,0.0,0.0,0.0,0.0,1.0
19,175,11.609639723625452,5.701006020583745,0.0,0.0,1.0,0.0,0.0,0.0
20,175,11.847792485567972,4.589866317554088,1.0,0.0,0.0,1.0,1.0,0.0
21,175,4.055334499708712,4.901652781583,0.0,0.0,0.0,0.0,1.0,0.0
22,175,10.359321606892594,6.854960524156855,1.0,0.0,0.0,0.0,0.0,1.0
23,175,4.167365978566357,7.505676742653053,0.0,1.0,1.0,0.0,0.0,1.0
24,175,8.053837646836373,2.3152614328286374,0.0,0.0,0.0,0.0,0.0,0.0
25,175,9.73829344605132,6.011247001312253,0.0,1.0,1.0,0.0,0.0,1.0
26,175,1.1231050702297238,10.704573509912969,1.0,0.0,1.0,0.0,1.0,1.0
27,175,6.0500690792047225,12.0,0.0,0.0,0.0,1.0,0.0,0.0
28,175,11.881900901672015,3.181580246720863,1.0,0.0,0.0,1.0,0.0,0.0
29,175,8.30992147598115,6.544412293325048,0.0,1.0,1.0,1.0,0.0,0.0
30,175,6.483330142428654,1.6892468875416813,0.0,0.0,1.0,0.0,0.0,0.0
31,175,0.0,11.616843567210385,0.0,1.0,1.0,1.0,1.0,1.0
32,175,11.940459534644583,1.802211923867106,1.0,1.0,0.0,0.0,0.0,0.0
33,175,1.3390015490633744,0.0368849810394635,0.0,1.0,1.0,0.0,0.0,1.0
34,175,5.3696460456288,11.04351692610825,1.0,0.0,0.0,0.0,0.0,1.0
35,175,6.603696653581871,10.188187253326474,1.0,0.0,0.0,1.0,1.0,0.0
36,175,2.0527878348648176,0.7989861332532348,0.0,0.0,1.0,1.0,0.0,1.0
37,175,8.81745235338689,11.326088588200582,0.0,1.0,1.0,1.0,0.0,0.0
38,175,10.127763625736684,6.703934554967812,1.0,1.0,1.0,1.0,0.0,1.0
39,175,7.543054111770749,11.46757472594555,1.0,1.0,0.0,0.0,0.0,0.0
0,180,2.102580032265315,1.8351965497249063,0.0,0.0,0.0,0.0,1.0,1.0
1,180,10.481735020117672,9.082437637158767,0.0,0.0,1.0,0.0,0.0,0.0
2,180,2.8313853901361696,1.402588524478643,0.0,1.0,0.0,1.0,1.0,1.0
3,180,9.69895347907646,3.799036902938112,0.0,0.0,0.0,0.0,0.0,0.0
4,180,4.256592217467793,12.0,0.0,1.0,1.0,0.0,0.0,1.0
5,180,10.440898662027946,12.0,0.0,1.0,1.0,0.0,1.0,0.0
6,180,4.501238392217157,0.0,1.0,0.0,0.0,0.0,0.0,0.0
7,180,8.050274150962716,0.589461234241506,0.0,1.0,1.0,1.0,1.0,1.0
8,180,10.357976546964828,7.600884931208442,0.0,1.0,0.0,0.0,0.0,0.0
9,180,12.0,11.127264867603776,0.0,1.0,1.0,1.0,0.0,0.0
10,180,8.551467591608954,11.537345735878745,0.0,0.0,0.0,0.0,0.0,1.0
11,180,9.380565115733068,8.762940973920578,1.0,1.0,0.0,1.0,1.0,0.0
12,180,7.047604157319624,10.280186750788776,1.0,0.0,1.0,0.0,0.0,0.0
13,180,8.628843418662258,1.711561206344594,0.0,0.0,0.0,0.0,1.0,0.0
14,180,9.892854018605142,11.081022717349873,1.0,0.0,0.0,1.0,1.0,0.0
15,180,6.389271989076335,10.446106688894352,1.0,0.0,0.0,1.0,1.0,0.0
16,180,2.9536493023211605,8.642391166320458,1.0,1.0,0.0,1.0,0.0,0.0
17,180,0.2631681131983448,3.205865674307839,0.0,0.0,0.0,0.0,0.0,0.0
18,180,12.0,12.0,1.0,0.0,0.0,0.0,0.0,1.0
19,180,11.656679695922554,5.71757784420648,0.0,0.0,1.0,0.0,0.0,0.0
20,180,12.0,4.493044822642484,1.0,0.0,0.0,1.0,1.0,0.0
21,180,4.053855835580163,4.953146367113413,0.0,0.0,0.0,0.0,1.0,0.0
22,180,10.36924556472837,6.877691059010614,1.0,0.0,0.0,0.0,0.0,1.0
23,180,4.352678241513881,7.486656149450761,0.0,1.0,1.0,0.0,0.0,1.0
24,180,8.07587816419858,2.257119396567237,0.0,0.0,0.0,0.0,0.0,0.0
25,180,9.751113420582088,6.028367490850655,0.0,1.0,1.0,0.0,0.0,1.0
26,180,1.1284020921787834,10.6550370128401,1.0,0.0,1.0,0.0,1.0,1.0
27,180,5.985429423678022,12.0,0.0,0.0,0.0,1.0,0.0,0.0
28,180,11.946802271617154,3.118177015871234,1.0,0.0,0.0,1.0,0.0,0.0
29,180,8.416279855783188,6.524878333453093,0.0,1.0,1.0,1.0,0.0,0.0
30,180,6.404441868837834,1.6863869458419272,0.0,0.0,1.0,0.0,0.0,0.0
31,180,0.0,11.634672413570865,0.0,1.0,1.0,1.0,1.0,1.0
32,180,11.936273020614706,1.6936065477736035,1.0,1.0,0.0,0.0,0.0,0.0
33,180,1.393283038518267,0.0,0.0,1.0,1.0,0.0,0.0,1.0
34,180,5.296435151682233,11.045979626425412,1.0,0.0,0.0,0.0,0.0,1.0
35,180,6.670063988342116,10.209768225144808,1.0,0.0,0.0,1.0,1.0,0.0
36,180,1.973914371388892,0.7989143370321931,0.0,0.0,1.0,1.0,0.0,1.0
37,180,8.81762075986572,11.316001629016329,0.0,1.0,1.0,1.0,0.0,0.0
38,180,10.333412710926495,6.860073489855173,1.0,1.0,1.0,1.0,0.0,1.0
39,180,7.523945986162226,11.435451242028646,1.0,1.0,0.0,0.0,0.0,0.0
0,185,2.1073341564096184,1.7609711307257625,0.0,0.0,0.0,0.0,1.0,1.0
1,185,10.409591402472996,9.13957369729197,0.0,0.0,1.0,0.0,0.0,0.0
2,185,2.834537354087671,1.4583956304499803,0.0,1.0,0.0,1.0,1.0,1.0
3,185,9.727843527630684,3.811925819153722,0.0,0.0,0.0,0.0,0.0,0.0
4,185,4.257932769051829,12.0,0.0,1.0,1.0,0.0,0.0,1.0
5,185,10.41010437954414,12.0,0.0,1.0,1.0,0.0,1.0,0.0
6,185,4.717476301066512,0.0,1.0,0.0,0.0,0.0,0.0,0.0
7,185,8.039141153361909,0.5822685079553808,0.0,1.0,1.0,1.0,1.0,1.0
8,185,10.50556674096411,7.573316189715124,0.0,1.0,0.0,0.0,0.0,0.0
9,185,12.0,11.290252825357346,0.0,1.0,1.0,1.0,0.0,0.0
10,185,8.540721110678412,11.611329926422195,0.0,0.0,0.0,0.0,0.0,1.0
11,185,9.390079833297412,8.751213419440361,1.0,1.0,0.0,1.0,1.0,0.0
12,185,6.951203605191555,10.251774665102312,1.0,0.0,1.0,0.0,0.0,0.0
13,185,8.643959032564231,1.7264773854498907,0.0,0.0,0.0,0.0,1.0,0.0
14,185,9.996335702771086,11.239102566068524,1.0,0.0,0.0,1.0,1.0,0.0
15,185,6.5078725732168685,10.460381316724227,1.0,0.0,0.0,1.0,1.0,0.0
16,185,3.116243790525643,8.711175462043744,1.0,1.0,0.0,1.0,0.0,0.0
17,185,0.0948945378994918,3.093386632285876,0.0,0.0,0.0,0.0,0.0,0.0
18,185,12.0,12.0,1.0,0.0,0.0,0.0,0.0,1.0
19,185,11.69608480922308,5.730091481244103,0.0,0.0,1.0,0.0,0.0,0.0
20,185,12.0,4.404850512546925,1.0,0.0,0.0,1.0,1.0,0.0
21,185,4.05235893892546,4.9884590349367945,0.0,0.0,0.0,0.0,1.0,0.0
22,185,10.384169353924689,6.912303005585814,1.0,0.0,0.0,0.0,0.0,1.0
23,185,4.515510837369255,7.469336308753489,0.0,1.0,1.0,0.0,0.0,1.0
24,185,8.091872105307015,2.209900724516104,0.0,0.0,0.0,0.0,0.0,0.0
25,185,9.768606455640448,6.053409794782136,0.0,1.0,1.0,0.0,0.0,1.0
26,185,1.1396589483845967,10.564601520529576,1.0,0.0,1.0,0.0,1.0,1.0
27,185,5.925816966474184,12.0,0.0,0.0,0.0,1.0,0.0,0.0
28,185,12.0,3.0324169495189266,1.0,0.0,0.0,1.0,0.0,0.0
29,185,8.540287113920561,6.501546075539097,0.0,1.0,1.0,1.0,0.0,0.0
30,185,6.307299446069683,1.683004099469449,0.0,0.0,1.0,0.0,0.0,0.0
31,185,0.0,11.655456965029524,0.0,1.0,1.0,1.0,1.0,1.0
32,185,11.932411814939572,1.593033961065442,1.0,1.0,0.0,0.0,0.0,0.0
33,185,1.4475651424552642,0.0,0.0,1.0,1.0,0.0,0.0,1.0
34,185,5.197473515029596,11.05107186621598,1.0,0.0,0.0,0.0,0.0,1.0
35,185,6.73816267032708,10.229669584569514,1.0,0.0,0.0,1.0,1.0,0.0
36,185,1.889440315268092,0.7974362851704689,0.0,0.0,1.0,1.0,0.0,1.0
37,185,8.818005295560837,11.301269668975875,0.0,1.0,1.0,1.0,0.0,0.0
38,185,10.52689840297737,7.000150360813305,1.0,1.0,1.0,1.0,0.0,1.0
39,185,7.4916990271368595,11.38357195438454,1.0,1.0,0.0,0.0,0.0,0.0
0,190,2.109739769190217,1.6942257172367337,0.0,0.0,0.0,0.0,1.0,1.0
1,190,10.322429036258534,9.21173075016384,0.0,0.0,1.0,0.0,0.0,0.0
2,190,2.8370236520182512,1.5168886695828447,0.0,1.0,0.0,1.0,1.0,1.0
3,190,9.782530716397078,3.8398209005063686,0.0,0.0,0.0,0.0,0.0,0.0
4,190,4.258606393184081,12.0,0.0,1.0,1.0,0.0,0.0,1.0
5,190,10.395585631358095,12.0,0.0,1.0,1.0,0.0,1.0,0.0
6,190,4.933129621684978,0.0,1.0,0.0,0.0,0.0,0.0,0.0
7,190,8.020213683091455,0.5695091982617494,0.0,1.0,1.0,1.0,1.0,1.0
8,190,10.648856590018392,7.5489298723301905,0.0,1.0,0.0,0.0,0.0,0.0
9,190,12.0,11.427444466748844,0.0,1.0,1.0,1.0,0.0,0.0
10,190,8.528969989668441,11.69151588151654,0.0,0.0,0.0,0.0,0.0,1.0
11,190,9.38277896416049,8.760191616300437,1.0,1.0,0.0,1.0,1.0,0.0
12,190,6.847729681965051,10.221897303109165,1.0,0.0,1.0,0.0,0.0,0.0
13,190,8.662839823509048,1.7070336052643036,0.0,0.0,0.0,0.0,1.0,0.0
14,190,10.152000407563374,11.132359893837462,1.0,0.0,0.0,1.0,1.0,0.0
15,190,6.630424250486856,10.47396497007296,1.0,0.0,0.0,1.0,1.0,0.0
16,190,3.274761515367869,8.781169942317492,1.0,1.0,0.0,1.0,0.0,0.0
17,190,0.0,2.9789428332276557,0.0,0.0,0.0,0.0,0.0,0.0
18,190,12.0,12.0,1.0,0.0,0.0,0.0,0.0,1.0
19,190,11.738385126958963,5.743598288964361,0.0,0.0,1.0,0.0,0.0,0.0
20,190,12.0,4.311144040848935,1.0,0.0,0.0,1.0,1.0,0.0
21,190,4.050371650072036,5.027691416285087,0.0,0.0,0.0,0.0,1.0,0.0
22,190,10.398378835588558,6.944329361546236,1.0,0.0,0.0,0.0,0.0,1.0
23,190,4.689696083081112,7.456952224375258,0.0,1.0,1.0,0.0,0.0,1.0
24,190,8.101601548581414,2.182263958871388,0.0,0.0,0.0,0.0,0.0,0.0
25,190,9.78020773659013,6.070161972405572,0.0,1.0,1.0,0.0,0.0,1.0
26,190,1.1469675709814182,10.503604488792607,1.0,0.0,1.0,0.0,1.0,1.0
27,190,5.868600706557175,12.0,0.0,0.0,0.0,1.0,0.0,0.0
28,190,12.0,2.932092304424751,1.0,0.0,0.0,1.0,0.0,0.0
29,190,8.65898228438294,6.477916803754802,0.0,1.0,1.0,1.0,0.0,0.0
30,190,6.206064409178523,1.6812266325541214,0.0,0.0,1.0,0.0,0.0,0.0
31,190,0.0,11.68163017747489,0.0,1.0,1.0,1.0,1.0,1.0
32,190,11.924192743147108,1.478631534370113,1.0,1.0,0.0,0.0,0.0,0.0
33,190,1.5049261226216055,0.0,0.0,1.0,1.0,0.0,0.0,1.0
34,190,5.101843139325012,11.054380461759896,1.0,0.0,0.0,0.0,0.0,1.0
35,190,6.774354092056544,10.240084953466567,1.0,0.0,0.0,1.0,1.0,0.0
36,190,1.8213954534403825,0.796892938666284,0.0,0.0,1.0,1.0,0.0,1.0
37,190,8.818168543715949,11.283750950942704,0.0,1.0,1.0,1.0,0.0,0.0
38,190,10.717111598634258,7.145667538754713,1.0,1.0,1.0,1.0,0.0,1.0
39,190,7.440542569772149,11.304847554472587,1.0,1.0,0.0,0.0,0.0,0.0
0,195,2.112539781854442,1.6474050051290017,0.0,0.0,0.0,0.0,1.0,1.0
1,195,10.237769790174667,9.285461986388064,0.0,0.0,1.0,0.0,0.0,0.0
2,195,2.837679905937976,1.560446531385232,0.0,1.0,0.0,1.0,1.0,1.0
3,195,9.819433150608177,3.860123167494012,0.0,0.0,0.0,0.0,0.0,0.0
4,195,4.259299586089558,12.0,0.0,1.0,1.0,0.0,0.0,1.0
5,195,10.382836492475311,12.0,0.0,1.0,1.0,0.0,1.0,0.0
6,195,5.1703559589328965,0.0,1.0,0.0,0.0,0.0,0.0,0.0
7,195,8.025107038106215,0.5726879430510006,0.0,1.0,1.0,1.0,1.0,1.0
8,195,10.807970894499434,7.520579164471058,0.0,1.0,0.0,0.0,0.0,0.0
9,195,12.0,11.57451027585225,0.0,1.0,1.0,1.0,0.0,0.0
10,195,8.518662442559288,11.745860144628868,0.0,0.0,0.0,0.0,0.0,1.0
11,195,9.377647127127444,8.766313548328794,1.0,1.0,0.0,1.0,1.0,0.0
12,195,6.753368299677948,10.194122785672018,1.0,0.0,1.0,0.0,0.0,0.0
13,195,8.691316879556313,1.678447876156603,0.0,0.0,0.0,0.0,1.0,0.0
14,195,10.287624466996444,11.035455181843504,1.0,0.0,0.0,1.0,1.0,0.0
15,195,6.753999487666791,10.48742265845293,1.0,0.0,0.0,1.0,1.0,0.0
16,195,3.4318421545902087,8.851703625114004,1.0,1.0,0.0,1.0,0.0,0.0
17,195,0.0,2.8716384050672925,0.0,0.0,0.0,0.0,0.0,0.0
18,195,12.0,12.0,1.0,0.0,0.0,0.0,0.0,1.0
19,195,11.759543135024012,5.750795979445489,0.0,0.0,1.0,0.0,0.0,0.0
20,195,12.0,4.223315934725792,1.0,0.0,0.0,1.0,1.0,0.0
21,195,4.048575967371695,5.059195918099255,0.0,0.0,0.0,0.0,1.0,0.0
22,195,10.422390955376503,6.992658650392887,1.0,0.0,0.0,0.0,0.0,1.0
23,195,4.885874936122463,7.447141243954594,0.0,1.0,1.0,0.0,0.0,1.0
24,195,8.101696268390572,2.1820016339549246,0.0,0.0,0.0,0.0,0.0,0.0
25,195,9.799870004530952,6.098250773442751,0.0,1.0,1.0,0.0,0.0,1.0
26,195,1.155727282557003,10.418054215659398,1.0,0.0,1.0,0.0,1.0,1.0
27,195,5.809410780115428,12.0,0.0,0.0,0.0,1.0,0.0,0.0
28,195,12.0,2.8231250011666686,1.0,0.0,0.0,1.0,0.0,0.0
29,195,8.789738695178091,6.45467858324947,0.0,1.0,1.0,1.0,0.0,0.0
30,195,6.205960462037974,1.5962314226064476,0.0,0.0,1.0,0.0,0.0,0.0
31,195,0.0,11.70943859255693,0.0,1.0,1.0,1.0,1.0,1.0
32,195,11.912890573265136,1.348146671521023,1.0,1.0,0.0,0.0,0.0,0.0
33,195,1.5506784017628108,0.0,0.0,1.0,1.0,0.0,0.0,1.0
34,195,5.020424324349876,11.057059010766126,1.0,0.0,0.0,0.0,0.0,1.0
35,195,6.807284530748634,10.248597585680235,1.0,0.0,0.0,1.0,1.0,0.0
36,195,1.7668570144575872,0.7976266189419681,0.0,0.0,1.0,1.0,0.0,1.0
37,195,8.817815300772128,11.258067569154935,0.0,1.0,1.0,1.0,0.0,0.0
38,195,10.551782789851144,7.357296293721664,1.0,1.0,1.0,1.0,0.0,1.0
39,195,7.397378258670701,11.235720494669962,1.0,1.0,0.0,0.0,0.0,0.0
0,200,2.1142307206207667,1.609471985254966,0.0,0.0,0.0,0.0,1.0,1.0
1,200,10.126947914255693,9.381957478684788,0.0,0.0,1.0,0.0,0.0,0.0
2,200,2.836973080448909,1.5922251667977885,0.0,1.0,0.0,1.0,1.0,1.0
3,200,9.871585706661438,3.89027141563689,0.0,0.0,0.0,0.0,0.0,0.0
4,200,4.259753438828405,12.0,0.0,1.0,1.0,0.0,0.0,1.0
5,200,10.386408017061378,11.99904199351196,0.0,1.0,1.0,0.0,1.0,0.0
6,200,5.403522813680193,0.0,1.0,0.0,0.0,0.0,0.0,0.0
7,200,8.028142074008738,0.5747323652787371,0.0,1.0,1.0,1.0,1.0,1.0
8,200,10.992256020050672,7.487406477046404,0.0,1.0,0.0,0.0,0.0,0.0
9,200,12.0,11.727295167272604,0.0,1.0,1.0,1.0,0.0,0.0
10,200,8.5062351522921,11.807763135838092,0.0,0.0,0.0,0.0,0.0,1.0
11,200,9.365632195586958,8.780210386511987,1.0,1.0,0.0,1.0,1.0,0.0
12,200,6.677085987991444,10.17206949358693,1.0,0.0,1.0,0.0,0.0,0.0
13,200,8.737179764574531,1.632091385590468,0.0,0.0,0.0,0.0,1.0,0.0
14,200,10.413802325562632,10.946748785700498,1.0,0.0,0.0,1.0,1.0,0.0
15,200,6.8762072860253705,10.49824970238068,1.0,0.0,0.0,1.0,1.0,0.0
16,200,3.5818155296136736,8.923334542347847,1.0,1.0,0.0,1.0,0.0,0.0
17,200,0.0,2.767461844003584,0.0,0.0,0.0,0.0,0.0,0.0
18,200,12.0,12.0,1.0,0.0,0.0,0.0,0.0,1.0
19,200,11.777112558548998,5.757269273189493,0.0,0.0,1.0,0.0,0.0,0.0
20,200,12.0,4.134755583445929,1.0,0.0,0.0,1.0,1.0,0.0
21,200,4.046657446251381,5.091365906099247,0.0,0.0,0.0,0.0,1.0,0.0
22,200,10.439317823974733,7.025642607488059,1.0,0.0,0.0,0.0,0.0,1.0
23,200,5.071410630481654,7.439978620881696,0.0,1.0,1.0,0.0,0.0,1.0
24,200,8.10301257522029,2.178504365019989,0.0,0.0,0.0,0.0,0.0,0.0
25,200,9.815233392313488,6.121946111266985,0.0,1.0,1.0,0.0,0.0,1.0
26,200,1.1631185193556035,10.347031286555351,1.0,0.0,1.0,0.0,1.0,1.0
27,200,5.751209517377726,12.0,0.0,0.0,0.0,1.0,0.0,0.0
28,200,12.0,2.7117470770265406,1.0,0.0,0.0,1.0,0.0,0.0
29,200,8.923228404717412,6.43136448576837,0.0,1.0,1.0,1.0,0.0,0.0
30,200,6.205244121944542,1.5169044124493167,0.0,0.0,1.0,0.0,0.0,0.0
31,200,0.0,11.73476058710053,0.0,1.0,1.0,1.0,1.0,1.0
32,200,11.900881640373068,1.22492242223132,1.0,1.0,0.0,0.0,0.0,0.0
33,200,1.6082928471754845,0.0,0.0,1.0,1.0,0.0,0.0,1.0
34,200,4.945446978974654,11.058668889125544,1.0,0.0,0.0,0.0,0.0,1.0
35,200,6.862377647316935,10.262431861438316,1.0,0.0,0.0,1.0,1.0,0.0
36,200,1.706626206756802,0.7986346274232025,0.0,0.0,1.0,1.0,0.0,1.0
37,200,8.81780500827978,11.257567036193098,0.0,1.0,1.0,1.0,0.0,0.0
38,200,10.395548390566908,7.565294860331451,1.0,1.0,1.0,1.0,0.0,1.0
39,200,7.358613468984217,11.173932521481255,1.0,1.0,0.0,0.0,0.0,0.0
0,205,2.11644177044679,1.5664545966383243,0.0,0.0,0.0,0.0,1.0,1.0
1,205,10.012713824297393,9.482181602341733,0.0,0.0,1.0,0.0,0.0,0.0
2,205,2.813994099764446,1.5911785620155603,0.0,1.0,0.0,1.0,1.0,1.0
3,205,9.900743635171883,3.9068107270321546,0.0,0.0,0.0,0.0,0.0,0.0
4,205,4.26024899265051,12.0,0.0,1.0,1.0,0.0,0.0,1.0
5,205,10.390503450151815,11.997967095289656,0.0,1.0,1.0,0.0,1.0,0.0
6,205,5.629537837847588,0.0,1.0,0.0,0.0,0.0,0.0,0.0
7,205,8.029912900765638,0.575884874059835,0.0,1.0,1.0,1.0,1.0,1.0
8,205,11.15060143890006,7.459330735810496,0.0,1.0,0.0,0.0,0.0,0.0
9,205,12.0,11.877612327636507,0.0,1.0,1.0,1.0,0.0,0.0
10,205,8.491347272829264,11.878669715160225,0.0,0.0,0.0,0.0,0.0,1.0
11,205,9.348398160762216,8.800714515875597,1.0,1.0,0.0,1.0,1.0,0.0
12,205,6.585896697127114,10.144137088363514,1.0,0.0,1.0,0.0,0.0,0.0
13,205,8.691225654974073,1.585411877823963,0.0,0.0,0.0,0.0,1.0,0.0
14,205,10.539070507461716,10.856237994619688,1.0,0.0,0.0,1.0,1.0,0.0
15,205,7.004286181496372,10.508109300894846,1.0,0.0,0.0,1.0,1.0,0.0
16,205,3.724494252082093,8.994531726706718,1.0,1.0,0.0,1.0,0.0,0.0
17,205,0.0,2.665006087547849,0.0,0.0,0.0,0.0,0.0,0.0
18,205,12.0,12.0,1.0,0.0,0.0,0.0,0.0,1.0
19,205,11.79779407192368,5.7652155538368985,0.0,0.0,1.0,0.0,0.0,0.0
20,205,12.0,4.038605926609145,1.0,0.0,0.0,1.0,1.0,0.0
21,205,4.045648423498416,5.10625381639024,0.0,0.0,0.0,0.0,1.0,0.0
22,205,10.45375606569413,7.051574508499745,1.0,0.0,0.0,0.0,0.0,1.0
23,205,5.268167341026951,7.430097800361231,0.0,1.0,1.0,0.0,0.0,1.0
24,205,8.104274378312198,2.1750532852119835,0.0,0.0,0.0,0.0,0.0,0.0
25,205,9.831158707876716,6.146709665546604,0.0,1.0,1.0,0.0,0.0,1.0
26,205,1.1730854335718854,10.264231430382427,1.0,0.0,1.0,0.0,1.0,1.0
27,205,5.681752532273891,12.0,0.0,0.0,0.0,1.0,0.0,0.0
28,205,12.0,2.592557486089821,1.0,0.0,0.0,1.0,0.0,0.0
29,205,9.037705650011372,6.410713567033044,0.0,1.0,1.0,1.0,0.0,0.0
30,205,6.204881978939049,1.4148775961055953,0.0,0.0,1.0,0.0,0.0,0.0
31,205,0.0,11.76537140285842,0.0,1.0,1.0,1.0,1.0,1.0
32,205,11.886592637896324,1.074369690391364,1.0,1.0,0.0,0.0,0.0,0.0
33,205,1.6556906641786169,0.0,0.0,1.0,1.0,0.0,0.0,1.0
34,205,4.872633013792781,11.058675228800888,1.0,0.0,0.0,0.0,0.0,1.0
35,205,6.928351528428359,10.27695416072629,1.0,0.0,0.0,1.0,1.0,0.0
36,205,1.6371147214846242,0.8005084573662863,0.0,0.0,1.0,1.0,0.0,1.0
37,205,8.817893032084335,11.263921650582486,0.0,1.0,1.0,1.0,0.0,0.0
38,205,10.235917829039474,7.790618603137195,1.0,1.0,1.0,1.0,0.0,1.0
39,205,7.316924855465949,11.108116201252836,1.0,1.0,0.0,0.0,0.0,0.0
0,210,2.1176906132295814,1.512207735612163,0.0,0.0,0.0,0.0,1.0,1.0
1,210,9.90344082347182,9.576554169524188,0.0,0.0,1.0,0.0,0.0,0.0
2,210,2.7868329293201946,1.5901319144431525,0.0,1.0,0.0,1.0,1.0,1.0
3,210,9.9440480587145,3.930559445940911,0.0,0.0,0.0,0.0,0.0,0.0
4,210,4.259509400145222,11.986443215259705,0.0,1.0,1.0,0.0,0.0,1.0
5,210,10.396770819319936,11.996167285208776,0.0,1.0,1.0,0.0,1.0,0.0
6,210,5.839955549885214,0.0,1.0,0.0,0.0,0.0,0.0,0.0
7,210,8.016392956512753,0.5669312715898194,0.0,1.0,1.0,1.0,1.0,1.0
8,210,11.294744878248729,7.430478721704762,0.0,1.0,0.0,0.0,0.0,0.0
9,210,12.0,12.0,0.0,1.0,1.0,1.0,0.0,0.0
10,210,8.476199486978631,11.94773012232674,0.0,0.0,0.0,0.0,0.0,1.0
11,210,9.328945368115328,8.823337827020003,1.0,1.0,0.0,1.0,1.0,0.0
12,210,6.502911689239913,10.11983353667665,1.0,0.0,1.0,0.0,0.0,0.0
13,210,8.625155301096036,1.5175893482673533,0.0,0.0,0.0,0.0,1.0,0.0
14,210,10.670762663616012,10.759602784241858,1.0,0.0,0.0,1.0,1.0,0.0
15,210,7.118773224016335,10.51590385436224,1.0,0.0,0.0,1.0,1.0,0.0
16,210,3.868316664165916,9.066510207318672,1.0,1.0,0.0,1.0,0.0,0.0
17,210,0.0,2.5653220017565115,0.0,0.0,0.0,0.0,0.0,0.0
18,210,12.0,12.0,1.0,0.0,0.0,0.0,0.0,1.0
19,210,11.833325329054222,5.780038926539816,0.0,0.0,1.0,0.0,0.0,0.0
20,210,12.0,3.953215029412257,1.0,0.0,0.0,1.0,1.0,0.0
21,210,4.044393775151833,5.121592865854546,0.0,0.0,0.0,0.0,1.0,0.0
22,210,10.466488544802708,7.074707759708417,1.0,0.0,0.0,0.0,0.0,1.0
23,210,5.449595539432254,7.421035972766934,0.0,1.0,1.0,0.0,0.0,1.0
24,210,8.106841527884031,2.167956653211192,0.0,0.0,0.0,0.0,0.0,0.0
25,210,9.853421200830953,6.18482299853899,0.0,1.0,1.0,0.0,0.0,1.0
26,210,1.1799020184806792,10.196498774029068,1.0,0.0,1.0,0.0,1.0,1.0
27,210,5.616030490989649,12.0,0.0,0.0,0.0,1.0,0.0,0.0
28,210,12.0,2.464757991787879,1.0,0.0,0.0,1.0,0.0,0.0
29,210,9.142610321740523,6.392408135437777,0.0,1.0,1.0,1.0,0.0,0.0
30,210,6.204121653761547,1.3252636231773276,0.0,0.0,1.0,0.0,0.0,0.0
31,210,0.0,11.804503489276094,0.0,1.0,1.0,1.0,1.0,1.0
32,210,11.87370891608726,0.9264993794044378,1.0,1.0,0.0,0.0,0.0,0.0
33,210,1.697758673465689,0.0,0.0,1.0,1.0,0.0,0.0,1.0
34,210,4.810971191364877,11.05846992463421,1.0,0.0,0.0,0.0,0.0,1.0
35,210,7.000716966010554,10.29416859795013,1.0,0.0,0.0,1.0,1.0,0.0
36,210,1.5734196303362282,0.8023788665447878,0.0,0.0,1.0,1.0,0.0,1.0
37,210,8.81799282894035,11.277438671996537,0.0,1.0,1.0,1.0,0.0,0.0
38,210,10.0642336719082,8.021129982328981,1.0,1.0,1.0,1.0,0.0,1.0
39,210,7.281781304549158,11.05378862400432,1.0,1.0,0.0,0.0,0.0,0.0
0,215,2.118066336571175,1.45762344488436,0.0,0.0,0.0,0.0,1.0,1.0
1,215,9.786751218484987,9.676146384383433,0.0,0.0,1.0,0.0,0.0,0.0
2,215,2.75910373630785,1.5888481017241602,0.0,1.0,0.0,1.0,1.0,1.0
3,215,9.997579698102635,3.9593661247227065,0.0,0.0,0.0,0.0,0.0,0.0
4,215,4.259150335296004,11.98142337891272,0.0,1.0,1.0,0.0,0.0,1.0
5,215,10.39909181190115,11.99549121797535,0.0,1.0,1.0,0.0,1.0,0.0
6,215,6.056804710263814,0.0,1.0,0.0,0.0,0.0,0.0,0.0
7,215,8.002328858812108,0.5578343871653766,0.0,1.0,1.0,1.0,1.0,1.0
8,215,11.440793145191886,7.399668672517599,0.0,1.0,0.0,0.0,0.0,0.0
9,215,12.0,12.0,0.0,1.0,1.0,1.0,0.0,0.0
10,215,8.458801554816903,12.0,0.0,0.0,0.0,0.0,0.0,1.0
11,215,9.30126831657241,8.856540194352238,1.0,1.0,0.0,1.0,1.0,0.0
12,215,6.4328809964266,10.09842748519349,1.0,0.0,1.0,0.0,0.0,0.0
13,215,8.57574101581381,1.4664602183747042,0.0,0.0,0.0,0.0,1.0,0.0
14,215,10.811348719102815,10.659571191258824,1.0,0.0,0.0,1.0,1.0,0.0
15,215,7.263262802590594,10.528087924598116,1.0,0.0,0.0,1.0,1.0,0.0
16,215,4.0203471453932185,9.135996625832846,1.0,1.0,0.0,1.0,0.0,0.0
17,215,0.0,2.470493480079993,0.0,0.0,0.0,0.0,0.0,0.0
18,215,12.0,12.0,1.0,0.0,0.0,0.0,0.0,1.0
19,215,11.864825629494227,5.792688589595918,0.0,0.0,1.0,0.0,0.0,0.0
20,215,12.0,3.860429126701842,1.0,0.0,0.0,1.0,1.0,0.0
21,215,4.040624993145642,5.159931615236314,0.0,0.0,0.0,0.0,1.0,0.0
22,215,10.48106938049705,7.100888990475032,1.0,0.0,0.0,0.0,0.0,1.0
23,215,5.659115904177283,7.410961142729802,0.0,1.0,1.0,0.0,0.0,1.0
24,215,8.116195607837266,2.1433697366819846,0.0,0.0,0.0,0.0,0.0,0.0
25,215,9.876600150866915,6.224018270985835,0.0,1.0,1.0,0.0,0.0,1.0
26,215,1.187623520420854,10.138470715086244,1.0,0.0,1.0,0.0,1.0,1.0
27,215,5.543828748468422,12.0,0.0,0.0,0.0,1.0,0.0,0.0
28,215,12.0,2.340294276207917,1.0,0.0,0.0,1.0,0.0,0.0
29,215,9.243907571690473,6.374156559327503,0.0,1.0,1.0,1.0,0.0,0.0
30,215,6.204305615336813,1.2356711638779745,0.0,0.0,1.0,0.0,0.0,0.0
31,215,0.0,11.840567900164435,0.0,1.0,1.0,1.0,1.0,1.0
32,215,11.861215348868246,0.7800619798477184,1.0,1.0,0.0,0.0,0.0,0.0
33,215,1.7463140467349825,0.0,0.0,1.0,1.0,0.0,0.0,1.0
34,215,4.735501666134226,11.05960213319967,1.0,0.0,0.0,0.0,0.0,1.0
35,215,7.060556123437561,10.3087059380002,1.0,0.0,0.0,1.0,1.0,0.0
36,215,1.4911169316942832,0.8032243664217364,0.0,0.0,1.0,1.0,0.0,1.0
37,215,8.819159996095122,11.306890845478131,0.0,1.0,1.0,1.0,0.0,0.0
38,215,9.87732916455574,8.257186894676252,1.0,1.0,1.0,1.0,0.0,1.0
39,215,7.242172763756304,10.9883512989249,1.0,1.0,0.0,0.0,0.0,0.0
0,220,2.11887836016008,1.3996858139159918,0.0,0.0,0.0,0.0,1.0,1.0
1,220,9.665847187810934,9.775822376742813,0.0,0.0,1.0,0.0,0.0,0.0
2,220,2.732194828374145,1.5874502313785124,0.0,1.0,0.0,1.0,1.0,1.0
3,220,10.06282477549744,3.9961696285794233,0.0,0.0,0.0,0.0,0.0,0.0
4,220,4.258012933236583,11.963197443329834,0.0,1.0,1.0,0.0,0.0,1.0
5,220,10.367170817586963,12.0,0.0,1.0,1.0,0.0,1.0,0.0
6,220,6.265632114480775,0.0,1.0,0.0,0.0,0.0,0.0,0.0
7,220,7.9846226273462335,0.5457513953132369,0.0,1.0,1.0,1.0,1.0,1.0
8,220,11.52935190640974,7.381902412145555,0.0,1.0,0.0,0.0,0.0,0.0
9,220,12.0,12.0,0.0,1.0,1.0,1.0,0.0,0.0
10,220,8.445945177157707,12.0,0.0,0.0,0.0,0.0,0.0,1.0
11,220,9.266829678704015,8.900608966212275,1.0,1.0,0.0,1.0,1.0,0.0
12,220,6.369432493791147,10.080737498240094,1.0,0.0,1.0,0.0,0.0,0.0
13,220,8.521844745036159,1.4107418391015862,0.0,0.0,0.0,0.0,1.0,0.0
14,220,10.951174790591452,10.560529211871842,1.0,0.0,0.0,1.0,1.0,0.0
15,220,7.409196923561411,10.538059462317849,1.0,0.0,0.0,1.0,1.0,0.0
16,220,4.180104897087691,9.20347397787442,1.0,1.0,0.0,1.0,0.0,0.0
17,220,0.0,2.3890017638639147,0.0,0.0,0.0,0.0,0.0,0.0
18,220,12.0,12.0,1.0,0.0,0.0,0.0,0.0,1.0
19,220,11.908904919539944,5.810923364311878,0.0,0.0,1.0,0.0,0.0,0.0
20,220,12.0,3.769408146881315,1.0,0.0,0.0,1.0,1.0,0.0
21,220,4.036780300513819,5.1938706125225655,0.0,0.0,0.0,0.0,1.0,0.0
22,220,10.50245047544839,7.141383476972777,1.0,0.0,0.0,0.0,0.0,1.0
23,220,5.8625852761009245,7.399093609929262,0.0,1.0,1.0,0.0,0.0,1.0
24,220,8.122783673497251,2.1267215584036987,0.0,0.0,0.0,0.0,0.0,0.0
25,220,9.907391905054824,6.275870327660343,0.0,1.0,1.0,0.0,0.0,1.0
26,220,1.1957105302435065,10.0813411585906,1.0,0.0,1.0,0.0,1.0,1.0
27,220,5.485555245076959,12.0,0.0,0.0,0.0,1.0,0.0,0.0
28,220,12.0,2.213020502035662,1.0,0.0,0.0,1.0,0.0,0.0
29,220,9.354253059462293,6.356431553068172,0.0,1.0,1.0,1.0,0.0,0.0
30,220,6.205718262585138,1.1304578283407385,0.0,0.0,1.0,0.0,0.0,0.0
31,220,0.0,11.886493954762043,0.0,1.0,1.0,1.0,1.0,1.0
32,220,11.849804123676916,0.6261301163797725,1.0,1.0,0.0,0.0,0.0,0.0
33,220,1.798301587433524,0.0,0.0,1.0,1.0,0.0,0.0,1.0
34,220,4.672884190894019,11.058070655646825,1.0,0.0,0.0,0.0,0.0,1.0
35,220,7.126271987271454,10.326118047092642,1.0,0.0,0.0,1.0,1.0,0.0
36,220,1.3969177891034503,0.8070027783566365,0.0,0.0,1.0,1.0,0.0,1.0
37,220,8.82002668820014,11.32330905707771,0.0,1.0,1.0,1.0,0.0,0.0
38,220,9.674026326912776,8.510101338931205,1.0,1.0,1.0,1.0,0.0,1.0
39,220,7.192518844298408,10.90412821652506,1.0,1.0,0.0,0.0,0.0,0.0
0,225,2.119621228505561,1.333372495432111,0.0,0.0,0.0,0.0,1.0,1.0
1,225,9.540437482231532,9.886174797580637,0.0,0.0,1.0,0.0,0.0,0.0
2,225,2.69928251598192,1.5857474688661748,0.0,1.0,0.0,1.0,1.0,1.0
3,225,10.13336822874322,4.0368704762543794,0.0,0.0,0.0,0.0,0.0,0.0
4,225,4.256421514575047,11.941740752719436,0.0,1.0,1.0,0.0,0.0,1.0
5,225,10.339425006941172,12.0,0.0,1.0,1.0,0.0,1.0,0.0
6,225,6.4851211603535,0.0,1.0,0.0,0.0,0.0,0.0,0.0
7,225,7.968804475550278,0.5347769409239176,0.0,1.0,1.0,1.0,1.0,1.0
8,225,11.598787817715817,7.36799144712652,0.0,1.0,0.0,0.0,0.0,0.0
9,225,12.0,12.0,0.0,1.0,1.0,1.0,0.0,0.0
10,225,8.435180362141882,12.0,0.0,0.0,0.0,0.0,0.0,1.0
11,225,9.249104079984557,8.924207705134078,1.0,1.0,0.0,1.0,1.0,0.0
12,225,6.299381448967654,10.061817561826238,1.0,0.0,1.0,0.0,0.0,0.0
13,225,8.470880110009817,1.3568468712393298,0.0,0.0,0.0,0.0,1.0,0.0
14,225,11.090137011140069,10.461536577794352,1.0,0.0,0.0,1.0,1.0,0.0
15,225,7.535429139684606,10.548646004879718,1.0,0.0,0.0,1.0,1.0,0.0
16,225,4.338316787509955,9.26706287766452,1.0,1.0,0.0,1.0,0.0,0.0
17,225,0.0,2.306176394444206,0.0,0.0,0.0,0.0,0.0,0.0
18,225,12.0,12.0,1.0,0.0,0.0,0.0,0.0,1.0
19,225,11.959822956658623,5.832028924225317,0.0,0.0,1.0,0.0,0.0,0.0
20,225,12.0,3.670053812695784,1.0,0.0,0.0,1.0,1.0,0.0
21,225,4.030772786441423,5.243111027792231,0.0,0.0,0.0,0.0,1.0,0.0
22,225,10.527281392373332,7.190875257056996,1.0,0.0,0.0,0.0,0.0,1.0
23,225,6.054417294976731,7.3828624060808865,0.0,1.0,1.0,0.0,0.0,1.0
24,225,8.1257873282262,2.118846247642926,0.0,0.0,0.0,0.0,0.0,0.0
25,225,9.940530923499974,6.331141198875057,0.0,1.0,1.0,0.0,0.0,1.0
26,225,1.1991680779072718,10.060147782150496,1.0,0.0,1.0,0.0,1.0,1.0
27,225,5.420578838745329,12.0,0.0,0.0,0.0,1.0,0.0,0.0
28,225,12.0,2.098234023669821,1.0,0.0,0.0,1.0,0.0,0.0
29,225,9.455810424332885,6.343053370229832,0.0,1.0,1.0,1.0,0.0,0.0
30,225,6.203956145701705,1.0374423534561863,0.0,0.0,1.0,0.0,0.0,0.0
31,225,0.0,11.936677367470296,0.0,1.0,1.0,1.0,1.0,1.0
32,225,11.840774183590296,0.473780522552164,1.0,1.0,0.0,0.0,0.0,0.0
33,225,1.8452056639210477,0.0,0.0,1.0,1.0,0.0,0.0,1.0
34,225,4.617835736934328,11.056228999358591,1.0,0.0,0.0,0.0,0.0,1.0
35,225,7.203662228663147,10.346760472928816,1.0,0.0,0.0,1.0,1.0,0.0
36,225,1.3117750486824948,0.8101064869598973,0.0,0.0,1.0,1.0,0.0,1.0
37,225,8.821307223986036,11.340560869912256,0.0,1.0,1.0,1.0,0.0,0.0
38,225,9.46320737700988,8.751421972966488,1.0,1.0,1.0,1.0,0.0,1.0
39,225,7.145635429074432,10.824512803975487,1.0,1.0,0.0,0.0,0.0,0.0
0,230,2.121947468484706,1.2459767977274878,0.0,0.0,0.0,0.0,1.0,1.0
1,230,9.420152648980544,9.994726398103564,0.0,0.0,1.0,0.0,0.0,0.0
2,230,2.6599771998702377,1.5833172879659148,0.0,1.0,0.0,1.0,1.0,1.0
3,230,10.197938599766644,4.073074697794803,0.0,0.0,0.0,0.0,0.0,0.0
4,230,4.25600397668494,11.9291791824277,0.0,1.0,1.0,0.0,0.0,1.0
5,230,10.32860226211392,12.0,0.0,1.0,1.0,0.0,1.0,0.0
6,230,6.694382217416444,0.0,1.0,0.0,0.0,0.0,0.0,0.0
7,230,7.959139576232924,0.5277387038758776,0.0,1.0,1.0,1.0,1.0,1.0
8,230,11.68538477971175,7.35081165856656,0.0,1.0,0.0,0.0,0.0,0.0
9,230,12.0,12.0,0.0,1.0,1.0,1.0,0.0,0.0
10,230,8.422131924754437,12.0,0.0,0.0,0.0,0.0,0.0,1.0
11,230,9.22227715657221,8.961058812269139,1.0,1.0,0.0,1.0,1.0,0.0
12,230,6.203993591926125,10.036719465954535,1.0,0.0,1.0,0.0,0.0,0.0
13,230,8.427148315060547,1.307586584325959,0.0,0.0,0.0,0.0,1.0,0.0
14,230,11.248705959268085,10.347904004206525,1.0,0.0,0.0,1.0,1.0,0.0
15,230,7.685408433153375,10.563793058713536,1.0,0.0,0.0,1.0,1.0,0.0
16,230,4.470248795490842,9.318402314218462,1.0,1.0,0.0,1.0,0.0,0.0
17,230,0.0,2.2392431399368617,0.0,0.0,0.0,0.0,0.0,0.0
18,230,12.0,12.0,1.0,0.0,0.0,0.0,0.0,1.0
19,230,12.0,5.850710350529775,0.0,0.0,1.0,0.0,0.0,0.0
20,230,12.0,3.577346751417972,1.0,0.0,0.0,1.0,1.0,0.0
21,230,4.02450241222889,5.298366458780362,0.0,0.0,0.0,0.0,1.0,0.0
22,230,10.555215390081369,7.246714672025877,1.0,0.0,0.0,0.0,0.0,1.0
23,230,6.225490856209191,7.365675746661498,0.0,1.0,1.0,0.0,0.0,1.0
24,230,8.120910984828202,2.13241677156193,0.0,0.0,0.0,0.0,0.0,0.0
25,230,9.971333236929755,6.379889528977517,0.0,1.0,1.0,0.0,0.0,1.0
26,230,1.2038245490633943,10.031431852792204,1.0,0.0,1.0,0.0,1.0,1.0
27,230,5.3689116555092005,12.0,0.0,0.0,0.0,1.0,0.0,0.0
28,230,12.0,1.9801813187955133,1.0,0.0,0.0,1.0,0.0,0.0
29,230,9.545013116409352,6.329890390648476,0.0,1.0,1.0,1.0,0.0,0.0
30,230,6.201914581911327,0.9740279670580606,0.0,0.0,1.0,0.0,0.0,0.0
31,230,0.0,11.99562297912769,0.0,1.0,1.0,1.0,1.0,1.0
32,230,11.827665442892444,0.3116370070541625,1.0,1.0,0.0,0.0,0.0,0.0
33,230,1.8836972704663957,0.0,0.0,1.0,1.0,0.0,0.0,1.0
34,230,4.542986971467072,11.055280221561231,1.0,0.0,0.0,0.0,0.0,1.0
35,230,7.269174205857954,10.365152249043255,1.0,0.0,0.0,1.0,1.0,0.0
36,230,1.229200402923893,0.812268395137303,0.0,0.0,1.0,1.0,0.0,1.0
37,230,8.821477493344462,11.34335126923044,0.0,1.0,1.0,1.0,0.0,0.0
38,230,9.24131990921281,9.005191025154987,1.0,1.0,1.0,1.0,0.0,1.0
39,230,7.09451091247061,10.737149325835643,1.0,1.0,0.0,0.0,0.0,0.0
0,235,2.1210071619581496,1.1675179136354878,0.0,0.0,0.0,0.0,1.0,1.0
1,235,9.298196735696989,10.104004945291642,0.0,0.0,1.0,0.0,0.0,0.0
2,235,2.6222594614315247,1.5808731008761032,0.0,1.0,0.0,1.0,1.0,1.0
3,235,10.249702345147387,4.100235327984945,0.0,0.0,0.0,0.0,0.0,0.0
4,235,4.228875152005796,11.929856647933908,0.0,1.0,1.0,0.0,0.0,1.0
5,235,10.303174542853077,12.0,0.0,1.0,1.0,0.0,1.0,0.0
6,235,6.90031304379901,0.0,1.0,0.0,0.0,0.0,0.0,0.0
7,235,7.955430529929179,0.5251136269481919,0.0,1.0,1.0,1.0,1.0,1.0
8,235,11.758759978860365,7.336489839764194,0.0,1.0,0.0,0.0,0.0,0.0
9,235,12.0,12.0,0.0,1.0,1.0,1.0,0.0,0.0
10,235,8.409144582706274,12.0,0.0,0.0,0.0,0.0,0.0,1.0
11,235,9.17913175720814,9.018880821874086,1.0,1.0,0.0,1.0,1.0,0.0
12,235,6.108538090403757,10.010823218243354,1.0,0.0,1.0,0.0,0.0,0.0
13,235,8.380141000111884,1.2547126816502876,0.0,0.0,0.0,0.0,1.0,0.0
14,235,11.402008813408871,10.236646854837312,1.0,0.0,0.0,1.0,1.0,0.0
15,235,7.83526146395528,10.581661258809849,1.0,0.0,0.0,1.0,1.0,0.0
16,235,4.584743329495784,9.361466982194072,1.0,1.0,0.0,1.0,0.0,0.0
17,235,0.0,2.180385248921014,0.0,0.0,0.0,0.0,0.0,0.0
18,235,12.0,12.0,1.0,0.0,0.0,0.0,0.0,1.0
19,235,12.0,5.866669840691079,0.0,0.0,1.0,0.0,0.0,0.0
20,235,12.0,3.4840713389635964,1.0,0.0,0.0,1.0,1.0,0.0
21,235,4.018257386859008,5.359779767042314,0.0,0.0,0.0,0.0,1.0,0.0
22,235,10.574001037590843,7.283869415780316,1.0,0.0,0.0,0.0,0.0,1.0
23,235,6.404668314264938,7.346696511032982,0.0,1.0,1.0,0.0,0.0,1.0
24,235,8.119008968112599,2.1377306037344543,0.0,0.0,0.0,0.0,0.0,0.0
25,235,10.01145140351141,6.442756476642776,0.0,1.0,1.0,0.0,0.0,1.0
26,235,1.215227864213111,9.975458536266022,1.0,0.0,1.0,0.0,1.0,1.0
27,235,5.30746420836317,12.0,0.0,0.0,0.0,1.0,0.0,0.0
28,235,12.0,1.8779719921585716,1.0,0.0,0.0,1.0,0.0,0.0
29,235,9.638495407641884,6.314603398945828,0.0,1.0,1.0,1.0,0.0,0.0
30,235,6.201475536026407,0.9232644599854472,0.0,0.0,1.0,0.0,0.0,0.0
31,235,0.0,12.0,0.0,1.0,1.0,1.0,1.0,1.0
32,235,11.81437988131719,0.156158719476428,1.0,1.0,0.0,0.0,0.0,0.0
33,235,1.930383804118231,0.0,0.0,1.0,1.0,0.0,0.0,1.0
34,235,4.46595949156643,11.054848854090364,1.0,0.0,0.0,0.0,0.0,1.0
35,235,7.316472394448014,10.379053342588293,1.0,0.0,0.0,1.0,1.0,0.0
36,235,1.1555317496919284,0.8118486269026268,0.0,0.0,1.0,1.0,0.0,1.0
37,235,8.819632390136167,11.320309716796515,0.0,1.0,1.0,1.0,0.0,0.0
38,235,9.029098818328263,9.253446639588711,1.0,1.0,1.0,1.0,0.0,1.0
39,235,7.04248235012821,10.6524205247091,1.0,1.0,0.0,0.0,0.0,0.0
0,240,2.120318498906316,1.113847141744076,0.0,0.0,0.0,0.0,1.0,1.0
1,240,9.176618883847825,10.204467617187108,0.0,0.0,1.0,0.0,0.0,0.0
2,240,2.5882695178459305,1.577658864928027,0.0,1.0,0.0,1.0,1.0,1.0
3,240,10.299276679742771,4.125827783115473,0.0,0.0,0.0,0.0,0.0,0.0
4,240,4.214214485481763,11.930154042216058,0.0,1.0,1.0,0.0,0.0,1.0
5,240,10.285542900075882,12.0,0.0,1.0,1.0,0.0,1.0,0.0
6,240,7.084711606207504,0.0,1.0,0.0,0.0,0.0,0.0,0.0
7,240,7.964892744737106,0.5320009584317049,0.0,1.0,1.0,1.0,1.0,1.0
8,240,11.82503499834774,7.322472219008408,0.0,1.0,0.0,0.0,0.0,0.0
9,240,12.0,12.0,0.0,1.0,1.0,1.0,0.0,0.0
10,240,8.392183670972313,12.0,0.0,0.0,0.0,0.0,0.0,1.0
11,240,9.129198100080606,9.084067990708606,1.0,1.0,0.0,1.0,1.0,0.0
12,240,6.002263312221761,9.97996858288472,1.0,0.0,1.0,0.0,0.0,0.0
13,240,8.313736375968455,1.1801288010867217,0.0,0.0,0.0,0.0,1.0,0.0
14,240,11.552137067316613,10.133214987439151,1.0,0.0,0.0,1.0,1.0,0.0
15,240,8.000254427752216,10.602269148370407,1.0,0.0,0.0,1.0,1.0,0.0
16,240,4.671759870878481,9.394609935254586,1.0,1.0,0.0,1.0,0.0,0.0
17,240,0.0,2.1260328581716146,0.0,0.0,0.0,0.0,0.0,0.0
18,240,12.0,12.0,1.0,0.0,0.0,0.0,0.0,1.0
19,240,12.0,5.891631494785706,0.0,0.0,1.0,0.0,0.0,0.0
20,240,12.0,3.380790732370585,1.0,0.0,0.0,1.0,1.0,0.0
21,240,4.014406212982942,5.4074521643286815,0.0,0.0,0.0,0.0,1.0,0.0
22,240,10.587908703423654,7.308880515900232,1.0,0.0,0.0,0.0,0.0,1.0
23,240,6.563783471699803,7.32734880180286,0.0,1.0,1.0,0.0,0.0,1.0
24,240,8.120609018161971,2.133592704676293,0.0,0.0,0.0,0.0,0.0,0.0
25,240,10.054720641519848,6.5098549087902,0.0,1.0,1.0,0.0,0.0,1.0
26,240,1.225240065112022,9.925304582302482,1.0,0.0,1.0,0.0,1.0,1.0
27,240,5.243255559097648,11.939997482518692,0.0,0.0,0.0,1.0,0.0,0.0
28,240,12.0,1.744608753856042,1.0,0.0,0.0,1.0,0.0,0.0
29,240,9.73791662007098,6.2975415586726085,0.0,1.0,1.0,1.0,0.0,0.0
30,240,6.200406569854239,0.8554488535731261,0.0,0.0,1.0,0.0,0.0,0.0
31,240,0.0,12.0,0.0,1.0,1.0,1.0,1.0,1.0
32,240,11.803414353265186,0.0,1.0,1.0,0.0,0.0,0.0,0.0
33,240,1.983774195443283,0.0,0.0,1.0,1.0,0.0,0.0,1.0
34,240,4.368406545558369,11.057110442296926,1.0,0.0,0.0,0.0,0.0,1.0
35,240,7.33770154448864,10.385921006781556,1.0,0.0,0.0,1.0,1.0,0.0
36,240,1.0907010487937578,0.8116094146140018,0.0,0.0,1.0,1.0,0.0,1.0
37,240,8.816822256487765,11.288597941807794,0.0,1.0,1.0,1.0,0.0,0.0
38,240,8.824796168571865,9.501663636189845,1.0,1.0,1.0,1.0,0.0,1.0
39,240,6.98168777736096,10.688459061959763,1.0,1.0,0.0,0.0,0.0,0.0
0,245,2.119402252200353,1.067832119160972,0.0,0.0,0.0,0.0,1.0,1.0
1,245,9.045076648280618,10.318195275670185,0.0,0.0,1.0,0.0,0.0,0.0
2,245,2.546028070452483,1.5749581182999584,0.0,1.0,0.0,1.0,1.0,1.0
3,245,10.341927902207368,4.147733914888437,0.0,0.0,0.0,0.0,0.0,0.0
4,245,4.187239050040758,11.931260167199914,0.0,1.0,1.0,0.0,0.0,1.0
5,245,10.264727186352534,12.0,0.0,1.0,1.0,0.0,1.0,0.0
6,245,7.255186566585246,0.0,1.0,0.0,0.0,0.0,0.0,0.0
7,245,7.978627990208663,0.5422795870223286,0.0,1.0,1.0,1.0,1.0,1.0
8,245,11.902061681730393,7.304783275083323,0.0,1.0,0.0,0.0,0.0,0.0
9,245,12.0,12.0,0.0,1.0,1.0,1.0,0.0,0.0
10,245,8.368028947601145,12.0,0.0,0.0,0.0,0.0,0.0,1.0
11,245,9.077725841519598,9.151414128013371,1.0,1.0,0.0,1.0,1.0,0.0
12,245,5.909391410844138,9.954817512053108,1.0,0.0,1.0,0.0,0.0,0.0
13,245,8.235714418294327,1.091129444424095,0.0,0.0,0.0,0.0,1.0,0.0
14,245,11.664647679084135,10.297758131240368,1.0,0.0,0.0,1.0,1.0,0.0
15,245,8.150647938264559,10.62120333297926,1.0,0.0,0.0,1.0,1.0,0.0
16,245,4.756439353080724,9.430334428058016,1.0,1.0,0.0,1.0,0.0,0.0
17,245,0.0,2.0605480018714117,0.0,0.0,0.0,0.0,0.0,0.0
18,245,12.0,12.0,1.0,0.0,0.0,0.0,0.0,1.0
19,245,12.0,5.905733375275382,0.0,0.0,1.0,0.0,0.0,0.0
20,245,12.0,3.275306686154818,1.0,0.0,0.0,1.0,1.0,0.0
21,245,4.010736956617251,5.452265443531211,0.0,0.0,0.0,0.0,1.0,0.0
22,245,10.594581340627787,7.320082362584641,1.0,0.0,0.0,0.0,0.0,1.0
23,245,6.724729887115163,7.30773598725564,0.0,1.0,1.0,0.0,0.0,1.0
24,245,8.123352034049635,2.126570620240805,0.0,0.0,0.0,0.0,0.0,0.0
25,245,10.096606197505984,6.573970501790415,0.0,1.0,1.0,0.0,0.0,1.0
26,245,1.2319139930701624,9.89210246902142,1.0,0.0,1.0,0.0,1.0,1.0
27,245,5.175523152395087,11.875561111359294,0.0,0.0,0.0,1.0,0.0,0.0
28,245,12.0,1.611209894115833,1.0,0.0,0.0,1.0,0.0,0.0
29,245,9.852758286393554,6.277838685967493,0.0,1.0,1.0,1.0,0.0,0.0
30,245,6.200363440970016,0.7699295781288016,0.0,0.0,1.0,0.0,0.0,0.0
31,245,0.0,12.0,0.0,1.0,1.0,1.0,1.0,1.0
32,245,11.785747351593896,0.0,1.0,1.0,0.0,0.0,0.0,0.0
33,245,2.031553074356162,0.0,0.0,1.0,1.0,0.0,0.0,1.0
34,245,4.292090695729763,11.05758019305417,1.0,0.0,0.0,0.0,0.0,1.0
35,245,7.362876209859538,10.39388096778762,1.0,0.0,0.0,1.0,1.0,0.0
36,245,1.022980432748883,0.812501236677442,0.0,0.0,1.0,1.0,0.0,1.0
37,245,8.814571764090319,11.259222626359282,0.0,1.0,1.0,1.0,0.0,0.0
38,245,8.627849363456445,9.74938759767719,1.0,1.0,1.0,1.0,0.0,1.0
39,245,6.924206511751424,10.721356303716645,1.0,1.0,0.0,0.0,0.0,0.0
0,250,2.119875227849271,1.002008054454684,0.0,0.0,0.0,0.0,1.0,1.0
1,250,8.923154883796219,10.423772355158528,0.0,0.0,1.0,0.0,0.0,0.0
2,250,2.498124387528429,1.5721253015221484,0.0,1.0,0.0,1.0,1.0,1.0
3,250,10.381502870051516,4.167780603230911,0.0,0.0,0.0,0.0,0.0,0.0
4,250,4.16117451493384,11.932403001308773,0.0,1.0,1.0,0.0,0.0,1.0
5,250,10.247291929394358,12.0,0.0,1.0,1.0,0.0,1.0,0.0
6,250,7.431698198823725,0.0,1.0,0.0,0.0,0.0,0.0,0.0
7,250,7.992257170323764,0.5525057803272566,0.0,1.0,1.0,1.0,1.0,1.0
8,250,11.991392353010868,7.284475032098189,0.0,1.0,0.0,0.0,0.0,0.0
9,250,12.0,12.0,0.0,1.0,1.0,1.0,0.0,0.0
10,250,8.340083864494614,12.0,0.0,0.0,0.0,0.0,0.0,1.0
11,250,9.029209681450846,9.214194259678637,1.0,1.0,0.0,1.0,1.0,0.0
12,250,5.807081054050257,9.926852533079778,1.0,0.0,1.0,0.0,0.0,0.0
13,250,8.167959211809883,1.0068712386457932,0.0,0.0,0.0,0.0,1.0,0.0
14,250,11.770215281653511,10.44921567034936,1.0,0.0,0.0,1.0,1.0,0.0
15,250,8.268147442980046,10.633922100888718,1.0,0.0,0.0,1.0,1.0,0.0
16,250,4.848805852691426,9.47173398780713,1.0,1.0,0.0,1.0,0.0,0.0
17,250,0.0,1.995966084979816,0.0,0.0,0.0,0.0,0.0,0.0
18,250,12.0,12.0,1.0,0.0,0.0,0.0,0.0,1.0
19,250,12.0,5.921719777642524,0.0,0.0,1.0,0.0,0.0,0.0
20,250,12.0,3.170073945237299,1.0,0.0,0.0,1.0,1.0,0.0
21,250,4.007833750425182,5.488545049116654,0.0,0.0,0.0,0.0,1.0,0.0
22,250,10.602821009542868,7.33475610274861,1.0,0.0,0.0,0.0,0.0,1.0
23,250,6.866175920342126,7.28957269326961,0.0,1.0,1.0,0.0,0.0,1.0
24,250,8.12249785954956,2.1288283570312023,0.0,0.0,0.0,0.0,0.0,0.0
25,250,10.132844344711208,6.632133658797739,0.0,1.0,1.0,0.0,0.0,1.0
26,250,1.2356287870844878,9.872705229210304,1.0,0.0,1.0,0.0,1.0,1.0
27,250,5.111607302944782,11.81389728530387,0.0,0.0,0.0,1.0,0.0,0.0
28,250,12.0,1.4763241857308107,1.0,0.0,0.0,1.0,0.0,0.0
29,250,9.985310104525045,6.255211351895454,0.0,1.0,1.0,1.0,0.0,0.0
30,250,6.199995783974991,0.6923273493693515,0.0,0.0,1.0,0.0,0.0,0.0
31,250,0.0,12.0,0.0,1.0,1.0,1.0,1.0,1.0
32,250,11.76940101999861,0.0,1.0,1.0,0.0,0.0,0.0,0.0
33,250,2.067138261461313,0.0,0.0,1.0,1.0,0.0,0.0,1.0
34,250,4.192460621444877,11.056903786298127,1.0,0.0,0.0,0.0,0.0,1.0
35,250,7.382707863848949,10.400056171479456,1.0,0.0,0.0,1.0,1.0,0.0
36,250,0.9516742587405442,0.8132177362792722,0.0,0.0,1.0,1.0,0.0,1.0
37,250,8.813484348983081,11.24233100979513,0.0,1.0,1.0,1.0,0.0,0.0
38,250,8.443345183253975,9.990394028374764,1.0,1.0,1.0,1.0,0.0,1.0
39,250,6.860467131696201,10.754989653532132,1.0,1.0,0.0,0.0,0.0,0.0
0,255,2.1183310963133875,0.9417885212773218,0.0,0.0,0.0,0.0,1.0,1.0
1,255,8.82408794861296,10.510051292118506,0.0,0.0,1.0,0.0,0.0,0.0
2,255,2.427400719869872,1.5666455790315623,0.0,1.0,0.0,1.0,1.0,1.0
3,255,10.422625746776578,4.1864795542279385,0.0,0.0,0.0,0.0,0.0,0.0
4,255,4.141710419993617,11.933679171604124,0.0,1.0,1.0,0.0,0.0,1.0
5,255,10.211376142340784,12.0,0.0,1.0,1.0,0.0,1.0,0.0
6,255,7.614883112229697,0.0,1.0,0.0,0.0,0.0,0.0,0.0
7,255,7.990858092223681,0.551515546789755,0.0,1.0,1.0,1.0,1.0,1.0
8,255,12.0,7.269243552253123,0.0,1.0,0.0,0.0,0.0,0.0
9,255,12.0,12.0,0.0,1.0,1.0,1.0,0.0,0.0
10,255,8.31702282750388,12.0,0.0,0.0,0.0,0.0,0.0,1.0
11,255,8.989715902390548,9.264443149096252,1.0,1.0,0.0,1.0,1.0,0.0
12,255,5.678224938376487,9.892900625462897,1.0,0.0,1.0,0.0,0.0,0.0
13,255,8.092189436888066,0.91413007178685,0.0,0.0,0.0,0.0,1.0,0.0
14,255,11.885516408086884,10.609998968909863,1.0,0.0,0.0,1.0,1.0,0.0
15,255,8.387071813101146,10.6469858887935,1.0,0.0,0.0,1.0,1.0,0.0
16,255,4.935038613282019,9.511386076198828,1.0,1.0,0.0,1.0,0.0,0.0
17,255,0.0,1.91253876425888,0.0,0.0,0.0,0.0,0.0,0.0
18,255,12.0,12.0,1.0,0.0,0.0,0.0,0.0,1.0
19,255,12.0,5.937319153512992,0.0,0.0,1.0,0.0,0.0,0.0
20,255,12.0,3.060415325706475,1.0,0.0,0.0,1.0,1.0,0.0
21,255,4.005494562883049,5.51298614231109,0.0,0.0,0.0,0.0,1.0,0.0
22,255,10.61570458053873,7.357437171963199,1.0,0.0,0.0,0.0,0.0,1.0
23,255,7.023295033900304,7.2665053521811425,0.0,1.0,1.0,0.0,0.0,1.0
24,255,8.115720028843107,2.146531486526324,0.0,0.0,0.0,0.0,0.0,0.0
25,255,10.168028535741383,6.688842727342,0.0,1.0,1.0,0.0,0.0,1.0
26,255,1.2391186458574466,9.854666985340216,1.0,0.0,1.0,0.0,1.0,1.0
27,255,5.054779444810501,11.758125685188794,0.0,0.0,0.0,1.0,0.0,0.0
28,255,12.0,1.353063114833312,1.0,0.0,0.0,1.0,0.0,0.0
29,255,10.14716776636708,6.229215171681861,0.0,1.0,1.0,1.0,0.0,0.0
30,255,6.2000717858216525,0.6204233128454879,0.0,0.0,1.0,0.0,0.0,0.0
31,255,0.0,12.0,0.0,1.0,1.0,1.0,1.0,1.0
32,255,11.749561013995306,0.0,1.0,1.0,0.0,0.0,0.0,0.0
33,255,2.099652203455096,0.0,0.0,1.0,1.0,0.0,0.0,1.0
34,255,4.079172164646901,11.053041451047568,1.0,0.0,0.0,0.0,0.0,1.0
35,255,7.38896929793606,10.401740955357427,1.0,0.0,0.0,1.0,1.0,0.0
36,255,0.8825619604672563,0.8145636292720632,0.0,0.0,1.0,1.0,0.0,1.0
37,255,8.811460756071812,11.214227436464729,0.0,1.0,1.0,1.0,0.0,0.0
38,255,8.25913199291572,10.22918800720157,1.0,1.0,1.0,1.0,0.0,1.0
39,255,6.789207038197059,10.791715191892376,1.0,1.0,0.0,0.0,0.0,0.0
0,260,2.1166622812846243,0.8893727698923354,0.0,0.0,0.0,0.0,1.0,1.0
1,260,8.727228335208174,10.598631202984308,0.0,0.0,1.0,0.0,0.0,0.0
2,260,2.3706594308439013,1.5616564509951212,0.0,1.0,0.0,1.0,1.0,1.0
3,260,10.474238478325924,4.20847103518911,0.0,0.0,0.0,0.0,0.0,0.0
4,260,4.114773904057174,11.934979269061888,0.0,1.0,1.0,0.0,0.0,1.0
5,260,10.156154336063906,12.0,0.0,1.0,1.0,0.0,1.0,0.0
6,260,7.813551113456119,0.0,1.0,0.0,0.0,0.0,0.0,0.0
7,260,7.985744771342097,0.548057461473372,0.0,1.0,1.0,1.0,1.0,1.0
8,260,12.0,7.253328046704535,0.0,1.0,0.0,0.0,0.0,0.0
9,260,12.0,12.0,0.0,1.0,1.0,1.0,0.0,0.0
10,260,8.291107628396908,12.0,0.0,0.0,0.0,0.0,0.0,1.0
11,260,8.933858257838708,9.34021247507088,1.0,1.0,0.0,1.0,1.0,0.0
12,260,5.533672089662893,9.853613356115048,1.0,0.0,1.0,0.0,0.0,0.0
13,260,8.032871104712289,0.8380468961126942,0.0,0.0,0.0,0.0,1.0,0.0
14,260,11.999748993392249,10.77200362875653,1.0,0.0,0.0,1.0,1.0,0.0
15,260,8.488028777464864,10.657694062930153,1.0,0.0,0.0,1.0,1.0,0.0
16,260,5.0241248543472095,9.552236591220662,1.0,1.0,0.0,1.0,0.0,0.0
17,260,0.0,1.8050292893816724,0.0,0.0,0.0,0.0,0.0,0.0
18,260,12.0,12.0,1.0,0.0,0.0,0.0,0.0,1.0
19,260,12.0,5.94832430782661,0.0,0.0,1.0,0.0,0.0,0.0
20,260,12.0,2.939538190224418,1.0,0.0,0.0,1.0,1.0,0.0
21,260,4.0022971373952805,5.539894156791816,0.0,0.0,0.0,0.0,1.0,0.0
22,260,10.630031701198291,7.382410913975961,1.0,0.0,0.0,0.0,0.0,1.0
23,260,7.196812266524786,7.240908894058247,0.0,1.0,1.0,0.0,0.0,1.0
24,260,8.10492420494443,2.1747601627894646,0.0,0.0,0.0,0.0,0.0,0.0
25,260,10.199821156239452,6.739476784219101,0.0,1.0,1.0,0.0,0.0,1.0
26,260,1.2394262089930244,9.853208390657684,1.0,0.0,1.0,0.0,1.0,1.0
27,260,4.998434783660119,11.70485337737175,0.0,0.0,0.0,1.0,0.0,0.0
28,260,12.0,1.2194512433405595,1.0,0.0,0.0,1.0,0.0,0.0
29,260,10.309343165518769,6.199817663619467,0.0,1.0,1.0,1.0,0.0,0.0
30,260,6.201371192438835,0.5464131598347928,0.0,0.0,1.0,0.0,0.0,0.0
31,260,0.0,12.0,0.0,1.0,1.0,1.0,1.0,1.0
32,260,11.7313383869806,0.0,1.0,1.0,0.0,0.0,0.0,0.0
33,260,2.134148003795316,0.0,0.0,1.0,1.0,0.0,0.0,1.0
34,260,3.967728692602412,11.048129014212211,1.0,0.0,0.0,0.0,0.0,1.0
35,260,7.399101544023487,10.404383037399628,1.0,0.0,0.0,1.0,1.0,0.0
36,260,0.8218680424747136,0.8168135465488767,0.0,0.0,1.0,1.0,0.0,1.0
37,260,8.808219727195203,11.167170479999555,0.0,1.0,1.0,1.0,0.0,0.0
38,260,8.06670334939051,10.479911758408758,1.0,1.0,1.0,1.0,0.0,1.0
39,260,6.727032087707408,10.8232398556531,1.0,1.0,0.0,0.0,0.0,0.0
0,265,2.114196791434834,0.8326820257125542,0.0,0.0,0.0,0.0,1.0,1.0
1,265,8.620485249325688,10.694906526255837,0.0,0.0,1.0,0.0,0.0,0.0
2,265,2.3292048689395486,1.55764078329496,0.0,1.0,0.0,1.0,1.0,1.0
3,265,10.536156590420408,4.23588399052038,0.0,0.0,0.0,0.0,0.0,0.0
4,265,4.086572320711886,11.936430636133494,0.0,1.0,1.0,0.0,0.0,1.0
5,265,10.09176626525972,12.0,0.0,1.0,1.0,0.0,1.0,0.0
6,265,8.030790921512219,0.0,1.0,0.0,0.0,0.0,0.0,0.0
7,265,7.978343343437791,0.5430305675197771,0.0,1.0,1.0,1.0,1.0,1.0
8,265,11.944648954925496,7.266175288344182,0.0,1.0,0.0,0.0,0.0,0.0
9,265,12.0,12.0,0.0,1.0,1.0,1.0,0.0,0.0
10,265,8.262853622455067,12.0,0.0,0.0,0.0,0.0,0.0,1.0
11,265,8.876530287359156,9.419881472480572,1.0,1.0,0.0,1.0,1.0,0.0
12,265,5.394637624681795,9.817099717082147,1.0,0.0,1.0,0.0,0.0,0.0
13,265,7.953109318826273,0.7401203586710978,0.0,0.0,0.0,0.0,1.0,0.0
14,265,12.0,10.931445840568802,1.0,0.0,0.0,1.0,1.0,0.0
15,265,8.553952790048791,10.665392260886152,1.0,0.0,0.0,1.0,1.0,0.0
16,265,5.119987331019123,9.59280226751084,1.0,1.0,0.0,1.0,0.0,0.0
17,265,0.0,1.6998439020418403,0.0,0.0,0.0,0.0,0.0,0.0
18,265,12.0,12.0,1.0,0.0,0.0,0.0,0.0,1.0
19,265,12.0,5.957890007427533,0.0,0.0,1.0,0.0,0.0,0.0
20,265,12.0,2.827468679319625,1.0,0.0,0.0,1.0,1.0,0.0
21,265,4.00003490270884,5.55961283878101,0.0,0.0,0.0,0.0,1.0,0.0
22,265,10.647270618367992,7.411733495249427,1.0,0.0,0.0,0.0,0.0,1.0
23,265,7.342828233888552,7.219361017428916,0.0,1.0,1.0,0.0,0.0,1.0
24,265,8.099743299158117,2.189160557819258,0.0,0.0,0.0,0.0,0.0,0.0
25,265,10.228282011488025,6.785434165391611,0.0,1.0,1.0,0.0,0.0,1.0
26,265,1.2415128484662907,9.84369754274979,1.0,0.0,1.0,0.0,1.0,1.0
27,265,4.948052777191221,11.65821767054875,0.0,0.0,0.0,1.0,0.0,0.0
28,265,12.0,1.095175239844829,1.0,0.0,0.0,1.0,0.0,0.0
29,265,10.485845714799256,6.166600818556912,0.0,1.0,1.0,1.0,0.0,0.0
30,265,6.094902578119132,0.5449080188829705,0.0,0.0,1.0,0.0,0.0,0.0
31,265,0.0,12.0,0.0,1.0,1.0,1.0,1.0,1.0
32,265,11.709395670094908,0.0,1.0,1.0,0.0,0.0,0.0,0.0
33,265,2.165316385716815,0.0,0.0,1.0,1.0,0.0,0.0,1.0
34,265,3.879327200946979,11.044947745755762,1.0,0.0,0.0,0.0,0.0,1.0
35,265,7.399206643137306,10.404410291788713,1.0,0.0,0.0,1.0,1.0,0.0
36,265,0.7597435060140483,0.8201331090411202,0.0,0.0,1.0,1.0,0.0,1.0
37,265,8.804371986739813,11.126570025462469,0.0,1.0,1.0,1.0,0.0,0.0
38,265,7.882650303229746,10.716174349298209,1.0,1.0,1.0,1.0,0.0,1.0
39,265,6.659857389615265,10.85741961753901,1.0,1.0,0.0,0.0,0.0,0.0
0,270,2.1106425420454693,0.7542161191749556,0.0,0.0,0.0,0.0,1.0,1.0
1,270,8.527682017457312,10.779788510138047,0.0,0.0,1.0,0.0,0.0,0.0
2,270,2.2539093928877887,1.5488103672098146,0.0,1.0,0.0,1.0,1.0,1.0
3,270,10.588755541505009,4.257241193539882,0.0,0.0,0.0,0.0,0.0,0.0
4,270,4.060056992305036,11.937626092742326,0.0,1.0,1.0,0.0,0.0,1.0
5,270,10.033783241764796,12.0,0.0,1.0,1.0,0.0,1.0,0.0
6,270,8.26730916321901,0.0,1.0,0.0,0.0,0.0,0.0,0.0
7,270,7.979142855585358,0.5435953173110029,0.0,1.0,1.0,1.0,1.0,1.0
8,270,11.932034318361978,7.211353278685806,0.0,1.0,0.0,0.0,0.0,0.0
9,270,12.0,12.0,0.0,1.0,1.0,1.0,0.0,0.0
10,270,8.227513307211103,12.0,0.0,0.0,0.0,0.0,0.0,1.0
11,270,8.82894773854123,9.49387345096952,1.0,1.0,0.0,1.0,1.0,0.0
12,270,5.258041449594924,9.781300125213573,1.0,0.0,1.0,0.0,0.0,0.0
13,270,7.870112983778793,0.638261615585995,0.0,0.0,0.0,0.0,1.0,0.0
14,270,12.0,11.091964613753415,1.0,0.0,0.0,1.0,1.0,0.0
15,270,8.62092604853211,10.672542904388845,1.0,0.0,0.0,1.0,1.0,0.0
16,270,5.211134078799442,9.628203908247722,1.0,1.0,0.0,1.0,0.0,0.0
17,270,0.0,1.6082205858539318,0.0,0.0,0.0,0.0,0.0,0.0
18,270,12.0,12.0,1.0,0.0,0.0,0.0,0.0,1.0
19,270,12.0,5.960044031947009,0.0,0.0,1.0,0.0,0.0,0.0
20,270,12.0,2.7182414138753987,1.0,0.0,0.0,1.0,1.0,0.0
21,270,3.996222121703176,5.589863198740846,0.0,0.0,0.0,0.0,1.0,0.0
22,270,10.660633079998892,7.434500760591503,1.0,0.0,0.0,0.0,0.0,1.0
23,270,7.4755807542643,7.201770390690946,0.0,1.0,1.0,0.0,0.0,1.0
24,270,8.098322406704588,2.193622232903508,0.0,0.0,0.0,0.0,0.0,0.0
25,270,10.241874086598708,6.808408027796509,0.0,1.0,1.0,0.0,0.0,1.0
26,270,1.2397112402633914,9.853497101071962,1.0,0.0,1.0,0.0,1.0,1.0
27,270,4.913380048246932,11.626486041175427,0.0,0.0,0.0,1.0,0.0,0.0
28,270,12.0,0.9943028814884248,1.0,0.0,0.0,1.0,0.0,0.0
29,270,10.679859403063755,6.131887962291363,0.0,1.0,1.0,1.0,0.0,0.0
30,270,5.972040005071945,0.5416365084197947,0.0,0.0,1.0,0.0,0.0,0.0
31,270,0.0,12.0,0.0,1.0,1.0,1.0,1.0,1.0
32,270,11.69012021104802,0.0,1.0,1.0,0.0,0.0,0.0,0.0
33,270,2.193163444225314,0.0,0.0,1.0,1.0,0.0,0.0,1.0
34,270,3.7869225208794224,11.041369855090071,1.0,0.0,0.0,0.0,0.0,1.0
35,270,7.400789698639491,10.40479273632252,1.0,0.0,0.0,1.0,1.0,0.0
36,270,0.692026791008381,0.82403106691226,0.0,0.0,1.0,1.0,0.0,1.0
37,270,8.802459499401365,11.10084075980593,0.0,1.0,1.0,1.0,0.0,0.0
38,270,7.717213583125186,10.932681228604716,1.0,1.0,1.0,1.0,0.0,1.0
39,270,6.574515718004251,10.896960017481856,1.0,1.0,0.0,0.0,0.0,0.0
0,275,2.107748685049679,0.6843713167722287,0.0,0.0,0.0,0.0,1.0,1.0
1,275,8.428419335803476,10.867000339531266,0.0,0.0,1.0,0.0,0.0,0.0
2,275,2.1920110704483773,1.541892799594931,0.0,1.0,0.0,1.0,1.0,1.0
3,275,10.638216676345351,4.2776109051464735,0.0,0.0,0.0,0.0,0.0,0.0
4,275,4.039269857633035,11.938945814032866,0.0,1.0,1.0,0.0,0.0,1.0
5,275,9.999266172117366,12.0,0.0,1.0,1.0,0.0,1.0,0.0
6,275,8.484945375748154,0.0,1.0,0.0,0.0,0.0,0.0,0.0
7,275,8.00713633090085,0.5640698729041831,0.0,1.0,1.0,1.0,1.0,1.0
8,275,11.911051075192976,7.122645029310838,0.0,1.0,0.0,0.0,0.0,0.0
9,275,12.0,12.0,0.0,1.0,1.0,1.0,0.0,0.0
10,275,8.19361533328284,12.0,0.0,0.0,0.0,0.0,0.0,1.0
11,275,8.787298928021087,9.558469205123652,1.0,1.0,0.0,1.0,1.0,0.0
12,275,5.113145442802373,9.743513657346927,1.0,0.0,1.0,0.0,0.0,0.0
13,275,7.7856166254223185,0.5429818770596088,0.0,0.0,0.0,0.0,1.0,0.0
14,275,12.0,11.248470118458506,1.0,0.0,0.0,1.0,1.0,0.0
15,275,8.699677901817154,10.680275474967912,1.0,0.0,0.0,1.0,1.0,0.0
16,275,5.293160451488488,9.660254846355382,1.0,1.0,0.0,1.0,0.0,0.0
17,275,0.0,1.504046104203214,0.0,0.0,0.0,0.0,0.0,0.0
18,275,12.0,12.0,1.0,0.0,0.0,0.0,0.0,1.0
19,275,11.99444560401633,5.958197368071914,0.0,0.0,1.0,0.0,0.0,0.0
20,275,12.0,2.6028047865142194,1.0,0.0,0.0,1.0,1.0,0.0
21,275,3.990117390344537,5.636544031954882,0.0,0.0,0.0,0.0,1.0,0.0
22,275,10.6756383396623,7.459613581934064,1.0,0.0,0.0,0.0,0.0,1.0
23,275,7.619318796179907,7.180054048353261,0.0,1.0,1.0,0.0,0.0,1.0
24,275,8.099572806538575,2.1898434992938545,0.0,0.0,0.0,0.0,0.0,0.0
25,275,10.258530478850597,6.8377740077895135,0.0,1.0,1.0,0.0,0.0,1.0
26,275,1.238674735543736,9.858953586951728,1.0,0.0,1.0,0.0,1.0,1.0
27,275,4.891296127091362,11.60704022806385,0.0,0.0,0.0,1.0,0.0,0.0
28,275,12.0,0.8630818037343576,1.0,0.0,0.0,1.0,0.0,0.0
29,275,10.889802284744732,6.091089445260061,0.0,1.0,1.0,1.0,0.0,0.0
30,275,5.862024522529512,0.5362809402168554,0.0,0.0,1.0,0.0,0.0,0.0
31,275,0.0,12.0,0.0,1.0,1.0,1.0,1.0,1.0
32,275,11.672324080319097,0.0,1.0,1.0,0.0,0.0,0.0,0.0
33,275,2.2177477348968133,0.0,0.0,1.0,1.0,0.0,0.0,1.0
34,275,3.716517551120786,11.039749019810772,1.0,0.0,0.0,0.0,0.0,1.0
35,275,7.394365587733359,10.403248973647276,1.0,0.0,0.0,1.0,1.0,0.0
36,275,0.6175515842065935,0.8268951705954903,0.0,0.0,1.0,1.0,0.0,1.0
37,275,8.799634672980975,11.065703803380288,0.0,1.0,1.0,1.0,0.0,0.0
38,275,7.556787449196053,11.139889565400802,1.0,1.0,1.0,1.0,0.0,1.0
39,275,6.496163930406723,10.933208553518318,1.0,1.0,0.0,0.0,0.0,0.0
0,280,2.1046287356801616,0.6108593629792977,0.0,0.0,0.0,0.0,1.0,1.0
1,280,8.342424453355392,10.944389195393365,0.0,0.0,1.0,0.0,0.0,0.0
2,280,2.1414503981165454,1.5374541643595878,0.0,1.0,0.0,1.0,1.0,1.0
3,280,10.688547594944096,4.298188755513366,0.0,0.0,0.0,0.0,0.0,0.0
4,280,3.996536258706501,11.941135392208151,0.0,1.0,1.0,0.0,0.0,1.0
5,280,9.962080764425648,12.0,0.0,1.0,1.0,0.0,1.0,0.0
6,280,8.711002644979322,0.0,1.0,0.0,0.0,0.0,0.0,0.0
7,280,8.04595238405189,0.5911546940183945,0.0,1.0,1.0,1.0,1.0,1.0
8,280,11.89089156543808,7.039461920809755,0.0,1.0,0.0,0.0,0.0,0.0
9,280,12.0,12.0,0.0,1.0,1.0,1.0,0.0,0.0
10,280,8.165355250119408,12.0,0.0,0.0,0.0,0.0,0.0,1.0
11,280,8.742344097294856,9.632972285022694,1.0,1.0,0.0,1.0,1.0,0.0
12,280,4.967245850864384,9.70235301104828,1.0,0.0,1.0,0.0,0.0,0.0
13,280,7.694150363956194,0.4419396501720648,0.0,0.0,0.0,0.0,1.0,0.0
14,280,12.0,11.412605122345568,1.0,0.0,0.0,1.0,1.0,0.0
15,280,8.78848224304072,10.691193127838115,1.0,0.0,0.0,1.0,1.0,0.0
16,280,5.373048964880077,9.690189189514436,1.0,1.0,0.0,1.0,0.0,0.0
17,280,0.0,1.3862655065676417,0.0,0.0,0.0,0.0,0.0,0.0
18,280,12.0,12.0,1.0,0.0,0.0,0.0,0.0,1.0
19,280,11.986814444044953,5.956008375518881,0.0,0.0,1.0,0.0,0.0,0.0
20,280,12.0,2.4834361703344965,1.0,0.0,0.0,1.0,1.0,0.0
21,280,3.9841204249805378,5.68383565795347,0.0,0.0,0.0,0.0,1.0,0.0
22,280,10.698596439730103,7.500885505545777,1.0,0.0,0.0,0.0,0.0,1.0
23,280,7.758237077684527,7.1591838628459366,0.0,1.0,1.0,0.0,0.0,1.0
24,280,8.098178496366197,2.193906316120639,0.0,0.0,0.0,0.0,0.0,0.0
25,280,10.28328803259488,6.8831453702736525,0.0,1.0,1.0,0.0,0.0,1.0
26,280,1.2347601306287217,9.8802704525743,1.0,0.0,1.0,0.0,1.0,1.0
27,280,4.870556750201469,11.588185142193026,0.0,0.0,0.0,1.0,0.0,0.0
28,280,12.0,0.714996092569286,1.0,0.0,0.0,1.0,0.0,0.0
29,280,11.09352125027743,6.05379131979913,0.0,1.0,1.0,1.0,0.0,0.0
30,280,5.7682205712264265,0.5336839649307209,0.0,0.0,1.0,0.0,0.0,0.0
31,280,0.0,12.0,0.0,1.0,1.0,1.0,1.0,1.0
32,280,11.651848920966618,0.0,1.0,1.0,0.0,0.0,0.0,0.0
33,280,2.246265143614644,0.0,0.0,1.0,1.0,0.0,0.0,1.0
34,280,3.638195139030093,11.03891038396257,1.0,0.0,0.0,0.0,0.0,1.0
35,280,7.397417321725913,10.403984065600168,1.0,0.0,0.0,1.0,1.0,0.0
36,280,0.5569860702204504,0.8263322887920308,0.0,0.0,1.0,1.0,0.0,1.0
37,280,8.797472054026866,11.027799387910692,0.0,1.0,1.0,1.0,0.0,0.0
38,280,7.388984286986579,11.359107995576805,1.0,1.0,1.0,1.0,0.0,1.0
39,280,6.408791478907376,10.97243879010318,1.0,1.0,0.0,0.0,0.0,0.0
0,285,2.099743177500937,0.5207669270146391,0.0,0.0,0.0,0.0,1.0,1.0
1,285,8.247040992828435,11.032435278303671,0.0,0.0,1.0,0.0,0.0,0.0
2,285,2.11429971834248,1.5355011028929246,0.0,1.0,0.0,1.0,1.0,1.0
3,285,10.747633142592916,4.323120783954898,0.0,0.0,0.0,0.0,0.0,0.0
4,285,3.973964573782876,11.941843772391865,0.0,1.0,1.0,0.0,0.0,1.0
5,285,9.905178920067918,12.0,0.0,1.0,1.0,0.0,1.0,0.0
6,285,8.960940635598519,0.0,1.0,0.0,0.0,0.0,0.0,0.0
7,285,8.079320948709475,0.6156829624775019,0.0,1.0,1.0,1.0,1.0,1.0
8,285,11.87058150731932,6.958301590508517,0.0,1.0,0.0,0.0,0.0,0.0
9,285,12.0,12.0,0.0,1.0,1.0,1.0,0.0,0.0
10,285,8.134688792197993,12.0,0.0,0.0,0.0,0.0,0.0,1.0
11,285,8.696189653490395,9.709610737879176,1.0,1.0,0.0,1.0,1.0,0.0
12,285,4.825127523368969,9.660471597596048,1.0,0.0,1.0,0.0,0.0,0.0
13,285,7.591162538979359,0.3317563946372336,0.0,0.0,0.0,0.0,1.0,0.0
14,285,12.0,11.593607144879012,1.0,0.0,0.0,1.0,1.0,0.0
15,285,8.902438233712717,10.704946384007885,1.0,0.0,0.0,1.0,1.0,0.0
16,285,5.448109637963214,9.715935507511189,1.0,1.0,0.0,1.0,0.0,0.0
17,285,0.0,1.271368831230412,0.0,0.0,0.0,0.0,0.0,0.0
18,285,12.0,12.0,1.0,0.0,0.0,0.0,0.0,1.0
19,285,11.953437656943224,5.947191570852661,0.0,0.0,1.0,0.0,0.0,0.0
20,285,12.0,2.370265335155225,1.0,0.0,0.0,1.0,1.0,0.0
21,285,3.977295998957798,5.731871513328874,0.0,0.0,0.0,0.0,1.0,0.0
22,285,10.722199457094725,7.544282480775203,1.0,0.0,0.0,0.0,0.0,1.0
23,285,7.887638817394386,7.140824826440897,0.0,1.0,1.0,0.0,0.0,1.0
24,285,8.100856440727133,2.1864034644022734,0.0,0.0,0.0,0.0,0.0,0.0
25,285,10.299985090915316,6.915185748157695,0.0,1.0,1.0,0.0,0.0,1.0
26,285,1.234367870366395,9.882835753926445,1.0,0.0,1.0,0.0,1.0,1.0
27,285,4.850016701509116,11.569185665215086,0.0,0.0,0.0,1.0,0.0,0.0
28,285,12.0,0.5399642755937489,1.0,0.0,0.0,1.0,0.0,0.0
29,285,11.28796097758488,6.012841498248815,0.0,1.0,1.0,1.0,0.0,0.0
30,285,5.666222630695713,0.5323629929348601,0.0,0.0,1.0,0.0,0.0,0.0
31,285,0.0,12.0,0.0,1.0,1.0,1.0,1.0,1.0
32,285,11.626078786647271,0.0,1.0,1.0,0.0,0.0,0.0,0.0
33,285,2.274830654679523,0.0,0.0,1.0,1.0,0.0,0.0,1.0
34,285,3.544707035826291,11.038060356936558,1.0,0.0,0.0,0.0,0.0,1.0
35,285,7.397808133437806,10.404070691188124,1.0,0.0,0.0,1.0,1.0,0.0
36,285,0.4917507389267923,0.824910825818258,0.0,0.0,1.0,1.0,0.0,1.0
37,285,8.79533109209302,10.999032444889718,0.0,1.0,1.0,1.0,0.0,0.0
38,285,7.220202371710864,11.585595026279671,1.0,1.0,1.0,1.0,0.0,1.0
39,285,6.318828896105962,11.013627627487406,1.0,1.0,0.0,0.0,0.0,0.0
0,290,2.0955827892735144,0.4446421237155162,0.0,0.0,0.0,0.0,1.0,1.0
1,290,8.162228403458236,11.11109113680948,0.0,0.0,1.0,0.0,0.0,0.0
2,290,2.084413635545584,1.5342276991483774,0.0,1.0,0.0,1.0,1.0,1.0
3,290,10.826580299072653,4.3568586241621485,0.0,0.0,0.0,0.0,0.0,0.0
4,290,3.941384022942428,11.941944143349946,0.0,1.0,1.0,0.0,0.0,1.0
5,290,9.82822758392864,12.0,0.0,1.0,1.0,0.0,1.0,0.0
6,290,9.229322465320198,0.0,1.0,0.0,0.0,0.0,0.0,0.0
7,290,8.08554162441362,0.6202527008824412,0.0,1.0,1.0,1.0,1.0,1.0
8,290,11.851916993447436,6.889323937424538,0.0,1.0,0.0,0.0,0.0,0.0
9,290,12.0,12.0,0.0,1.0,1.0,1.0,0.0,0.0
10,290,8.107977727677287,12.0,0.0,0.0,0.0,0.0,0.0,1.0
11,290,8.658016477227571,9.7742980100082,1.0,1.0,0.0,1.0,1.0,0.0
12,290,4.688509051892698,9.619180308218736,1.0,0.0,1.0,0.0,0.0,0.0
13,290,7.482000128351172,0.2218571574450071,0.0,0.0,0.0,0.0,1.0,0.0
14,290,12.0,11.78651819388665,1.0,0.0,0.0,1.0,1.0,0.0
15,290,9.006572183509842,10.715611798316454,1.0,0.0,0.0,1.0,1.0,0.0
16,290,5.506642238995007,9.736190677057392,1.0,1.0,0.0,1.0,0.0,0.0
17,290,0.0,1.144715120768939,0.0,0.0,0.0,0.0,0.0,0.0
18,290,12.0,12.0,1.0,0.0,0.0,0.0,0.0,1.0
19,290,11.961800862687342,5.949533973743387,0.0,0.0,1.0,0.0,0.0,0.0
20,290,12.0,2.2722909544594745,1.0,0.0,0.0,1.0,1.0,0.0
21,290,3.9707870693565273,5.78646931918162,0.0,0.0,0.0,0.0,1.0,0.0
22,290,10.742161305403128,7.581807950681494,1.0,0.0,0.0,0.0,0.0,1.0
23,290,8.039195535291784,7.11850126016759,0.0,1.0,1.0,0.0,0.0,1.0
24,290,8.103151938953184,2.1794534519229085,0.0,0.0,0.0,0.0,0.0,0.0
25,290,10.320664520922517,6.9535959295455045,0.0,1.0,1.0,0.0,0.0,1.0
26,290,1.2358010903418313,9.874005947177796,1.0,0.0,1.0,0.0,1.0,1.0
27,290,4.831658146574235,11.551452632041231,0.0,0.0,0.0,1.0,0.0,0.0
28,290,12.0,0.3535488987652047,1.0,0.0,0.0,1.0,0.0,0.0
29,290,11.48440393220412,5.973553632958785,0.0,1.0,1.0,1.0,0.0,0.0
30,290,5.562602271311761,0.5308811524266877,0.0,0.0,1.0,0.0,0.0,0.0
31,290,0.0,12.0,0.0,1.0,1.0,1.0,1.0,1.0
32,290,11.603211987795683,0.0,1.0,1.0,0.0,0.0,0.0,0.0
33,290,2.302903145106153,0.0,0.0,1.0,1.0,0.0,0.0,1.0
34,290,3.4763093251326427,11.037682709322164,1.0,0.0,0.0,0.0,0.0,1.0
35,290,7.40581200130509,10.406058887452035,1.0,0.0,0.0,1.0,1.0,0.0
36,290,0.4209981566785205,0.8243997796635096,0.0,0.0,1.0,1.0,0.0,1.0
37,290,8.794885616161212,10.984163559916702,0.0,1.0,1.0,1.0,0.0,0.0
38,290,7.048328511169602,11.821206113208738,1.0,1.0,1.0,1.0,0.0,1.0
39,290,6.220645754231264,11.05618203029897,1.0,1.0,0.0,0.0,0.0,0.0
0,295,2.091745960129016,0.3466872244943796,0.0,0.0,0.0,0.0,1.0,1.0
1,295,8.07156231772184,11.1969021283801,0.0,0.0,1.0,0.0,0.0,0.0
2,295,2.062385217900069,1.5332595827777782,0.0,1.0,0.0,1.0,1.0,1.0
3,295,10.883402720934932,4.381723912768838,0.0,0.0,0.0,0.0,0.0,0.0
4,295,3.894857157278496,11.94410151301601,0.0,1.0,1.0,0.0,0.0,1.0
5,295,9.748484852418764,12.0,0.0,1.0,1.0,0.0,1.0,0.0
6,295,9.507111657206204,0.0,1.0,0.0,0.0,0.0,0.0,0.0
7,295,8.108390784730627,0.6370936073142871,0.0,1.0,1.0,1.0,1.0,1.0
8,295,11.837655540889576,6.841082853243443,0.0,1.0,0.0,0.0,0.0,0.0
9,295,12.0,12.0,0.0,1.0,1.0,1.0,0.0,0.0
10,295,8.07964019999493,12.0,0.0,0.0,0.0,0.0,0.0,1.0
11,295,8.626443260847884,9.825055030865776,1.0,1.0,0.0,1.0,1.0,0.0
12,295,4.556410910019487,9.579204710409142,1.0,0.0,1.0,0.0,0.0,0.0
13,295,7.36740065173142,0.1015890709148956,0.0,0.0,0.0,0.0,1.0,0.0
14,295,12.0,11.989804079686325,1.0,0.0,0.0,1.0,1.0,0.0
15,295,9.109442798489464,10.727268754780988,1.0,0.0,0.0,1.0,1.0,0.0
16,295,5.555692398428826,9.753218700103629,1.0,1.0,0.0,1.0,0.0,0.0
17,295,0.0,1.0094508349017168,0.0,0.0,0.0,0.0,0.0,0.0
18,295,12.0,12.0,1.0,0.0,0.0,0.0,0.0,1.0
19,295,11.967762902065603,5.951361128016891,0.0,0.0,1.0,0.0,0.0,0.0
20,295,12.0,2.1838805791725355,1.0,0.0,0.0,1.0,1.0,0.0
21,295,3.966937624304774,5.814879658138556,0.0,0.0,0.0,0.0,1.0,0.0
22,295,10.760679496831893,7.614789449930218,1.0,0.0,0.0,0.0,0.0,1.0
23,295,8.189034409953164,7.096618758684132,0.0,1.0,1.0,0.0,0.0,1.0
24,295,8.11241905127076,2.1534471966375626,0.0,0.0,0.0,0.0,0.0,0.0
25,295,10.330852283779665,6.972650118002766,0.0,1.0,1.0,0.0,0.0,1.0
26,295,1.2388238722167333,9.854699641667567,1.0,0.0,1.0,0.0,1.0,1.0
27,295,4.810393008326694,11.531483413267466,0.0,0.0,0.0,1.0,0.0,0.0
28,295,12.0,0.1678110850985479,1.0,0.0,0.0,1.0,0.0,0.0
29,295,11.67431236275501,5.936222017120505,0.0,1.0,1.0,1.0,0.0,0.0
30,295,5.442960473844205,0.5308549994068329,0.0,0.0,1.0,0.0,0.0,0.0
31,295,0.0,12.0,0.0,1.0,1.0,1.0,1.0,1.0
32,295,11.583036784864255,0.0,1.0,1.0,0.0,0.0,0.0,0.0
33,295,2.330785304305414,0.0,0.0,1.0,1.0,0.0,0.0,1.0
34,295,3.390909458183791,11.03893906590201,1.0,0.0,0.0,0.0,0.0,1.0
35,295,7.412688581730721,10.407998195677758,1.0,0.0,0.0,1.0,1.0,0.0
36,295,0.3503493468197793,0.8240054093845719,0.0,0.0,1.0,1.0,0.0,1.0
37,295,8.794999296571405,10.988133007032577,0.0,1.0,1.0,1.0,0.0,0.0
38,295,6.872929973978274,12.0,1.0,1.0,1.0,1.0,0.0,1.0
39,295,6.1292213963989886,11.094518434928816,1.0,1.0,0.0,0.0,0.0,0.0
