0,0,12.0,4.99903375856375,1.0,1.0,1.0,0.0,0.0,0.0
1,0,7.052164127077937,0.0,1.0,0.0,0.0,0.0,0.0,1.0
2,0,10.928070514434554,0.989002002998432,1.0,1.0,1.0,1.0,0.0,1.0
3,0,6.049919888616397,7.071343262611487,0.0,0.0,0.0,0.0,0.0,0.0
4,0,8.049660556100779,3.0010169501653943,0.0,1.0,0.0,0.0,1.0,0.0
5,0,1.969169320509928,4.926461291635231,0.0,0.0,1.0,0.0,0.0,1.0
6,0,1.0118530784790771,8.94603397783333,1.0,0.0,1.0,1.0,0.0,1.0
7,0,6.063749872666294,2.0469536780005053,1.0,0.0,1.0,0.0,0.0,1.0
8,0,10.976556557744155,3.979516531790686,0.0,1.0,0.0,1.0,0.0,1.0
9,0,7.044468041039945,5.019737172524502,0.0,1.0,1.0,0.0,1.0,0.0
10,0,6.970595700571672,2.020695501729372,0.0,0.0,0.0,1.0,0.0,1.0
11,0,2.0275130236971663,12.0,1.0,0.0,1.0,1.0,1.0,1.0
12,0,2.0485145848471853,9.964203627555444,1.0,1.0,1.0,1.0,0.0,0.0
13,0,7.933345133661805,9.020298266123268,1.0,1.0,1.0,1.0,1.0,1.0
14,0,7.986863102563344,5.055902480579452,0.0,0.0,0.0,0.0,0.0,1.0
15,0,8.98979121000386,4.060095310133017,0.0,0.0,0.0,1.0,0.0,0.0
16,0,10.0181701644169,7.953381775291566,0.0,0.0,0.0,0.0,1.0,1.0
17,0,9.989986518569289,0.9496524568014124,1.0,0.0,0.0,0.0,0.0,1.0
18,0,0.0,10.043812145610431,1.0,1.0,0.0,1.0,0.0,1.0
19,0,10.957232341124332,0.9910456587719688,1.0,1.0,1.0,0.0,1.0,1.0
20,0,11.051243167468032,2.9793425592555933,1.0,0.0,0.0,0.0,0.0,1.0
21,0,7.955016366261908,7.976878134817074,0.0,1.0,0.0,0.0,1.0,1.0
22,0,0.961001648100033,1.0428869765181543,0.0,0.0,1.0,1.0,1.0,0.0
23,0,10.02332339982403,6.021601784976337,0.0,0.0,0.0,1.0,1.0,0.0
24,0,4.057086317530265,6.006621206706492,0.0,1.0,0.0,0.0,0.0,1.0
25,0,6.020498151106803,9.959048279394686,1.0,0.0,0.0,0.0,0.0,1.0
26,0,7.968717047486277,9.950735657510776,0.0,0.0,0.0,0.0,0.0,0.0
27,0,3.9809459324360574,2.970457074794219,0.0,1.0,1.0,1.0,1.0,0.0
28,0,2.961133135881444,2.975445354613481,1.0,0.0,0.0,1.0,0.0,1.0
29,0,12.0,4.9722766365051045,0.0,0.0,0.0,1.0,1.0,0.0
30,0,3.9477604906496073,10.00335265163692,1.0,0.0,1.0,1.0,1.0,0.0
31,0,1.9567316004277804,11.010966021146476,1.0,1.0,0.0,0.0,1.0,1.0
32,0,10.938935239231997,0.0,1.0,0.0,1.0,1.0,0.0,0.0
33,0,6.01703172637338,7.9548263388439,0.0,1.0,0.0,0.0,1.0,1.0
34,0,1.991396470907266,9.04907495455762,0.0,0.0,0.0,0.0,0.0,0.0
35,0,5.0013397926559655,4.956666305443171,0.0,1.0,0.0,0.0,1.0,1.0
36,0,2.001585220400936,11.950686362342976,0.0,0.0,0.0,1.0,0.0,1.0
37,0,0.0277682954275556,1.0061250789244096,0.0,1.0,0.0,1.0,0.0,0.0
38,0,5.042571121189079,8.04206886886555,0.0,0.0,1.0,0.0,0.0,0.0
39,0,0.0385427957463438,11.964904445066402,0.0,1.0,1.0,0.0,1.0,1.0
0,5,12.0,4.998704516218589,1.0,1.0,1.0,0.0,0.0,0.0
1,5,7.117579421412839,0.0,1.0,0.0,0.0,0.0,0.0,1.0
2,5,10.848171359332344,0.977502581035998,1.0,1.0,1.0,1.0,0.0,1.0
3,5,6.086497294987861,7.122676123881237,0.0,0.0,0.0,0.0,0.0,0.0
4,5,8.090090964379822,3.001683985339019,0.0,1.0,0.0,0.0,1.0,0.0
5,5,1.9463570309469616,4.87154567091356,0.0,0.0,1.0,0.0,0.0,1.0
6,5,1.024410865009244,8.886827012391384,1.0,0.0,1.0,1.0,0.0,1.0
7,5,6.11477866934746,2.084994155177919,1.0,0.0,1.0,0.0,0.0,1.0
8,5,10.958067341568048,3.964951878786717,0.0,1.0,0.0,1.0,0.0,1.0
9,5,7.064381000319028,5.028883525563572,0.0,1.0,1.0,0.0,1.0,0.0
10,5,6.920914208579452,2.0555604078985064,0.0,0.0,0.0,1.0,0.0,1.0
11,5,2.0499599820618637,12.0,1.0,0.0,1.0,1.0,1.0,1.0
12,5,2.088615022700308,9.93530777881486,1.0,1.0,1.0,1.0,0.0,0.0
13,5,7.853205650153144,9.045276880280566,1.0,1.0,1.0,1.0,1.0,1.0
14,5,7.973982966544319,5.110925113738806,0.0,0.0,0.0,0.0,0.0,1.0
15,5,8.977651209182808,4.135335525613054,0.0,0.0,0.0,1.0,0.0,0.0
16,5,10.04632332969462,7.884940955537406,0.0,0.0,0.0,0.0,1.0,1.0
17,5,9.981988137544478,0.9091868621057188,1.0,0.0,0.0,0.0,0.0,1.0
18,5,0.0,10.099302862145633,1.0,1.0,0.0,1.0,0.0,1.0
19,5,10.905874775316075,0.982057802531431,1.0,1.0,1.0,0.0,1.0,1.0
20,5,11.1142769991215,2.95452131346649,1.0,0.0,0.0,0.0,0.0,1.0
21,5,7.918199756450497,7.957866115886089,0.0,1.0,0.0,0.0,1.0,1.0
22,5,0.9312811362422326,1.0765164086183014,0.0,0.0,1.0,1.0,1.0,0.0
23,5,10.041563335790672,6.037773558128918,0.0,0.0,0.0,1.0,1.0,0.0
24,5,4.115337787703539,6.014096298695413,0.0,1.0,0.0,0.0,0.0,1.0
25,5,6.044477264697808,9.913475040820195,1.0,0.0,0.0,0.0,0.0,1.0
26,5,7.941623878640117,9.905027696330922,0.0,0.0,0.0,0.0,0.0,0.0
27,5,3.9635701169199633,2.9415694635596115,0.0,1.0,1.0,1.0,1.0,0.0
28,5,2.9210226603822225,2.949538153638854,1.0,0.0,0.0,1.0,0.0,1.0
29,5,12.0,4.947330265066568,0.0,0.0,0.0,1.0,1.0,0.0
30,5,3.9029047091122977,10.00544299948691,1.0,0.0,1.0,1.0,1.0,0.0
31,5,1.9175199399171776,11.021624720729752,1.0,1.0,0.0,0.0,1.0,1.0
32,5,10.887000162505284,0.0,1.0,0.0,1.0,1.0,0.0,0.0
33,5,6.033334205824924,7.912443857727311,0.0,1.0,0.0,0.0,1.0,1.0
34,5,1.9848445084224424,9.086048982831834,0.0,0.0,0.0,0.0,0.0,0.0
35,5,4.961649837625817,4.954972831658367,0.0,1.0,0.0,0.0,1.0,1.0
36,5,2.0013691013527533,11.906099504059052,0.0,0.0,0.0,1.0,0.0,1.0
37,5,0.0528429782781919,1.012388391509436,0.0,1.0,0.0,1.0,0.0,0.0
38,5,5.088430093969078,8.088675803928295,0.0,0.0,1.0,0.0,0.0,0.0
39,5,0.0738746387205687,11.9325506535124,0.0,1.0,1.0,0.0,1.0,1.0
0,10,12.0,4.998626123359015,1.0,1.0,1.0,0.0,0.0,0.0
1,10,7.1916452505317086,0.0,1.0,0.0,0.0,0.0,0.0,1.0
2,10,10.764378399759847,0.9662329026474308,1.0,1.0,1.0,1.0,0.0,1.0
3,10,6.134223301007098,7.19169969356282,0.0,0.0,0.0,0.0,0.0,0.0
4,10,8.14285052499163,3.0027687226021738,0.0,1.0,0.0,0.0,1.0,0.0
5,10,1.920894953777197,4.812463101187333,0.0,0.0,1.0,0.0,0.0,1.0
6,10,1.0360402406038305,8.828621314275336,1.0,0.0,1.0,1.0,0.0,1.0
7,10,6.169414266533684,2.127244454745476,1.0,0.0,1.0,0.0,0.0,1.0
8,10,10.93441741659524,3.9470042319253658,0.0,1.0,0.0,1.0,0.0,1.0
9,10,7.101591768433525,5.045073262632256,0.0,1.0,1.0,0.0,1.0,0.0
10,10,6.868966304889977,2.092897114592056,0.0,0.0,0.0,1.0,0.0,1.0
11,10,2.07451621828738,12.0,1.0,0.0,1.0,1.0,1.0,1.0
12,10,2.1249266872764463,9.907794420028948,1.0,1.0,1.0,1.0,0.0,0.0
13,10,7.751192838447215,9.076001023823457,1.0,1.0,1.0,1.0,1.0,1.0
14,10,7.966093262293428,5.145005600746583,0.0,0.0,0.0,0.0,0.0,1.0
15,10,8.966195745007518,4.210485974699101,0.0,0.0,0.0,1.0,0.0,0.0
16,10,10.0733340495308,7.821335248018473,0.0,0.0,0.0,0.0,1.0,1.0
17,10,9.973207676493372,0.8649841542514346,1.0,0.0,0.0,0.0,0.0,1.0
18,10,0.0,10.158188149085309,1.0,1.0,0.0,1.0,0.0,1.0
19,10,10.884368363488692,0.9786586799291308,1.0,1.0,1.0,0.0,1.0,1.0
20,10,11.153326717215604,2.939146718718935,1.0,0.0,0.0,0.0,0.0,1.0
21,10,7.871921216081307,7.936439115163315,0.0,1.0,0.0,0.0,1.0,1.0
22,10,0.919286367634696,1.0891963752777012,0.0,0.0,1.0,1.0,1.0,0.0
23,10,10.053515928918904,6.0483329561541685,0.0,0.0,0.0,1.0,1.0,0.0
24,10,4.19082686435216,6.021017103027741,0.0,1.0,0.0,0.0,0.0,1.0
25,10,6.061665237191459,9.880996426191787,1.0,0.0,0.0,0.0,0.0,1.0
26,10,7.918431486702095,9.864223540231652,0.0,0.0,0.0,0.0,0.0,0.0
27,10,3.952049644298565,2.921824712189725,0.0,1.0,1.0,1.0,1.0,0.0
28,10,2.873221986835833,2.918757960644225,1.0,0.0,0.0,1.0,0.0,1.0
29,10,12.0,4.925015341596381,0.0,0.0,0.0,1.0,1.0,0.0
30,10,3.859565499620827,10.00805960856276,1.0,0.0,1.0,1.0,1.0,0.0
31,10,1.8879064938655468,11.030081603464923,1.0,1.0,0.0,0.0,1.0,1.0
32,10,10.823803763078311,0.0,1.0,0.0,1.0,1.0,0.0,0.0
33,10,6.042750763773352,7.889122431622021,0.0,1.0,0.0,0.0,1.0,1.0
34,10,1.9742416297496648,9.14410194763914,0.0,0.0,0.0,0.0,0.0,0.0
35,10,4.913705898542673,4.952662956086782,0.0,1.0,0.0,0.0,1.0,1.0
36,10,2.0001949011494373,11.870783670277804,0.0,0.0,0.0,1.0,0.0,1.0
37,10,0.0977413293099791,1.0230089874280657,0.0,1.0,0.0,1.0,0.0,0.0
38,10,5.1363579852788055,8.138909934026415,0.0,0.0,1.0,0.0,0.0,0.0
39,10,0.0918101260684626,11.915939833765025,0.0,1.0,1.0,0.0,1.0,1.0
0,15,12.0,4.99852505775565,1.0,1.0,1.0,0.0,0.0,0.0
1,15,7.269039031090251,0.0,1.0,0.0,0.0,0.0,0.0,1.0
2,15,10.683136475879078,0.9523710370689782,1.0,1.0,1.0,1.0,0.0,1.0
3,15,6.174903223007068,7.247094896239837,0.0,0.0,0.0,0.0,0.0,0.0
4,15,8.169673528512613,3.0034097471147274,0.0,1.0,0.0,0.0,1.0,0.0
5,15,1.899310589322151,4.762489792750302,0.0,0.0,1.0,0.0,0.0,1.0
6,15,1.0465236799008382,8.770902006080059,1.0,0.0,1.0,1.0,0.0,1.0
7,15,6.246192259299992,2.185136539696144,1.0,0.0,1.0,0.0,0.0,1.0
8,15,10.899675371218958,3.92225247438044,0.0,1.0,0.0,1.0,0.0,1.0
9,15,7.147260106465828,5.066173986239437,0.0,1.0,1.0,0.0,1.0,0.0
10,15,6.814829745047947,2.131670051331612,0.0,0.0,0.0,1.0,0.0,1.0
11,15,2.09263612137692,12.0,1.0,0.0,1.0,1.0,1.0,1.0
12,15,2.1538582045284373,9.884334522932246,1.0,1.0,1.0,1.0,0.0,0.0
13,15,7.669568601323919,9.09798953294574,1.0,1.0,1.0,1.0,1.0,1.0
14,15,7.955562913338891,5.1928711297941765,0.0,0.0,0.0,0.0,0.0,1.0
15,15,8.954248627691692,4.292376035640406,0.0,0.0,0.0,1.0,0.0,0.0
16,15,10.092573982386346,7.777590903447204,0.0,0.0,0.0,0.0,1.0,1.0
17,15,9.961129323385954,0.8087423025459274,1.0,0.0,0.0,0.0,0.0,1.0
18,15,0.0,10.207998279775568,1.0,1.0,0.0,1.0,0.0,1.0
19,15,10.867342090461843,0.9758990287029784,1.0,1.0,1.0,0.0,1.0,1.0
20,15,11.21346261345211,2.916755374493724,1.0,0.0,0.0,0.0,0.0,1.0
21,15,7.802738571756885,7.904361715798464,0.0,1.0,0.0,0.0,1.0,1.0
22,15,0.9143270045297778,1.0942751040437335,0.0,0.0,1.0,1.0,1.0,0.0
23,15,10.064237352353269,6.057954291587295,0.0,0.0,0.0,1.0,1.0,0.0
24,15,4.25131427064996,6.026855707160025,0.0,1.0,0.0,0.0,0.0,1.0
25,15,6.077409830777857,9.85118191918004,1.0,0.0,0.0,0.0,0.0,1.0
26,15,7.892941290882767,9.818045398387934,0.0,0.0,0.0,0.0,0.0,0.0
27,15,3.9373988035540513,2.896812246018317,0.0,1.0,1.0,1.0,1.0,0.0
28,15,2.8207366160000054,2.8829453173529065,1.0,0.0,0.0,1.0,0.0,1.0
29,15,12.0,4.904809381491786,0.0,0.0,0.0,1.0,1.0,0.0
30,15,3.8236214860779913,10.010289862968506,1.0,0.0,1.0,1.0,1.0,0.0
31,15,1.8597628856711828,11.037549927661782,1.0,1.0,0.0,0.0,1.0,1.0
32,15,10.76926152373345,0.0,1.0,0.0,1.0,1.0,0.0,0.0
33,15,6.055010986240538,7.859740416986343,0.0,1.0,0.0,0.0,1.0,1.0
34,15,1.964748412265921,9.19604310350419,0.0,0.0,0.0,0.0,0.0,0.0
35,15,4.879335110724049,4.951558553017527,0.0,1.0,0.0,0.0,1.0,1.0
36,15,1.999889491917533,11.81661491395401,0.0,0.0,0.0,1.0,0.0,1.0
37,15,0.12746323783997,1.030368482052253,0.0,1.0,0.0,1.0,0.0,0.0
38,15,5.197542381694462,8.202167192857042,0.0,0.0,1.0,0.0,0.0,0.0
39,15,0.1165388589436989,11.892336498224669,0.0,1.0,1.0,0.0,1.0,1.0
0,20,12.0,4.998335468260195,1.0,1.0,1.0,0.0,0.0,0.0
1,20,7.328068048482303,0.0,1.0,0.0,0.0,0.0,0.0,1.0
2,20,10.699770208834789,0.8606076265516932,1.0,1.0,1.0,1.0,0.0,1.0
3,20,6.207777323144496,7.290760637968791,0.0,0.0,0.0,0.0,0.0,0.0
4,20,8.191409738471382,3.004366730272837,0.0,1.0,0.0,0.0,1.0,0.0
5,20,1.877051586644736,4.713188668613699,0.0,0.0,1.0,0.0,0.0,1.0
6,20,1.0539641129487531,8.731704792346013,1.0,0.0,1.0,1.0,0.0,1.0
7,20,6.328087157687935,2.2450280219731984,1.0,0.0,1.0,0.0,0.0,1.0
8,20,10.86703175715536,3.899415191573945,0.0,1.0,0.0,1.0,0.0,1.0
9,20,7.185666071729667,5.085029016578988,0.0,1.0,1.0,0.0,1.0,0.0
10,20,6.767573157966233,2.1645317834274627,0.0,0.0,0.0,1.0,0.0,1.0
11,20,2.110594311658328,12.0,1.0,0.0,1.0,1.0,1.0,1.0
12,20,2.176554539441342,9.865081960779778,1.0,1.0,1.0,1.0,0.0,0.0
13,20,7.60006598282505,9.117993783845808,1.0,1.0,1.0,1.0,1.0,1.0
14,20,7.944594236603598,5.246116290027482,0.0,0.0,0.0,0.0,0.0,1.0
15,20,8.942568259596795,4.360940053729072,0.0,0.0,0.0,1.0,0.0,0.0
16,20,10.116962505741247,7.723388886494747,0.0,0.0,0.0,0.0,1.0,1.0
17,20,9.9476567629884,0.745387260139442,1.0,0.0,0.0,0.0,0.0,1.0
18,20,0.0,10.259669119871209,1.0,1.0,0.0,1.0,0.0,1.0
19,20,10.847359746002391,0.97241794654927,1.0,1.0,1.0,0.0,1.0,1.0
20,20,11.280629356433485,2.891460092180491,1.0,0.0,0.0,0.0,0.0,1.0
21,20,7.758165230460833,7.884397476572932,0.0,1.0,0.0,0.0,1.0,1.0
22,20,0.9129777409153492,1.0956663748668396,0.0,0.0,1.0,1.0,1.0,0.0
23,20,10.073128847300412,6.065834912567641,0.0,0.0,0.0,1.0,1.0,0.0
24,20,4.293672381864627,6.030408955472256,0.0,1.0,0.0,0.0,0.0,1.0
25,20,6.094227401343042,9.818819495447425,1.0,0.0,0.0,0.0,0.0,1.0
26,20,7.866329452688841,9.770225728710054,0.0,0.0,0.0,0.0,0.0,0.0
27,20,3.9258293081958415,2.8756416231651643,0.0,1.0,1.0,1.0,1.0,0.0
28,20,2.767255373239168,2.846164577342052,1.0,0.0,0.0,1.0,0.0,1.0
29,20,12.0,4.886803572922172,0.0,0.0,0.0,1.0,1.0,0.0
30,20,3.804207493251029,10.011955255501269,1.0,0.0,1.0,1.0,1.0,0.0
31,20,1.829918608047272,11.045541371450172,1.0,1.0,0.0,0.0,1.0,1.0
32,20,10.69377876627492,0.0,1.0,0.0,1.0,1.0,0.0,0.0
33,20,6.064344957664699,7.838559771201404,0.0,1.0,0.0,0.0,1.0,1.0
34,20,1.9546481766038148,9.247654625534796,0.0,0.0,0.0,0.0,0.0,0.0
35,20,4.842935557027013,4.948979036654763,0.0,1.0,0.0,0.0,1.0,1.0
36,20,1.999856266588636,11.748198629661,0.0,0.0,0.0,1.0,0.0,1.0
37,20,0.1453853691300539,1.0346692282008414,0.0,1.0,0.0,1.0,0.0,0.0
38,20,5.259779388799048,8.26860753259984,0.0,0.0,1.0,0.0,0.0,0.0
39,20,0.1392799069444611,11.869947151308144,0.0,1.0,1.0,0.0,1.0,1.0
0,25,12.0,4.998289643130034,1.0,1.0,1.0,0.0,0.0,0.0
1,25,7.38164975107476,0.0,1.0,0.0,0.0,0.0,0.0,1.0
2,25,10.715847457452435,0.7687218645159895,1.0,1.0,1.0,1.0,0.0,1.0
3,25,6.24257219765659,7.337023898369358,0.0,0.0,0.0,0.0,0.0,0.0
4,25,8.235947280970509,3.005506313829249,0.0,1.0,0.0,0.0,1.0,0.0
5,25,1.8673312338210772,4.690667310555528,0.0,0.0,1.0,0.0,0.0,1.0
6,25,1.059495775666258,8.704646302841622,1.0,0.0,1.0,1.0,0.0,1.0
7,25,6.396601144677208,2.2914027595669806,1.0,0.0,1.0,0.0,0.0,1.0
8,25,10.860012335522905,3.894525072449108,0.0,1.0,0.0,1.0,0.0,1.0
9,25,7.21604605447507,5.099804844846869,0.0,1.0,1.0,0.0,1.0,0.0
10,25,6.71666627262338,2.199426770939161,0.0,0.0,0.0,1.0,0.0,1.0
11,25,2.124192894191314,12.0,1.0,0.0,1.0,1.0,1.0,1.0
12,25,2.1855547353531874,9.857241939475088,1.0,1.0,1.0,1.0,0.0,0.0
13,25,7.539877279258802,9.135981371111011,1.0,1.0,1.0,1.0,1.0,1.0
14,25,7.934281437262988,5.303814105172001,0.0,0.0,0.0,0.0,0.0,1.0
15,25,8.93453974214548,4.420279508470316,0.0,0.0,0.0,1.0,0.0,0.0
16,25,10.13975829127119,7.675936048823463,0.0,0.0,0.0,0.0,1.0,1.0
17,25,9.94000868733261,0.7071409284974994,1.0,0.0,0.0,0.0,0.0,1.0
18,25,0.0,10.302969423594895,1.0,1.0,0.0,1.0,0.0,1.0
19,25,10.809556096976335,0.9658255985334084,1.0,1.0,1.0,0.0,1.0,1.0
20,25,11.360398845086156,2.863696119681393,1.0,0.0,0.0,0.0,0.0,1.0
21,25,7.707054352843982,7.861059706896976,0.0,1.0,0.0,0.0,1.0,1.0
22,25,0.9082394055490584,1.1004100370420726,0.0,0.0,1.0,1.0,1.0,0.0
23,25,10.094624405184357,6.084283184788055,0.0,0.0,0.0,1.0,1.0,0.0
24,25,4.33872128969539,6.034511372077367,0.0,1.0,0.0,0.0,0.0,1.0
25,25,6.107580608077562,9.794402094106562,1.0,0.0,0.0,0.0,0.0,1.0
26,25,7.831633201250906,9.706537749582676,0.0,0.0,0.0,0.0,0.0,0.0
27,25,3.91764862800324,2.862011985382148,0.0,1.0,1.0,1.0,1.0,0.0
28,25,2.7107257425659204,2.806984872067164,1.0,0.0,0.0,1.0,0.0,1.0
29,25,12.0,4.871075601155381,0.0,0.0,0.0,1.0,1.0,0.0
30,25,3.767463941775552,10.015690557617,1.0,0.0,1.0,1.0,1.0,0.0
31,25,1.7861048661841543,11.056321163714486,1.0,1.0,0.0,0.0,1.0,1.0
32,25,10.61017402763643,0.0,1.0,0.0,1.0,1.0,0.0,0.0
33,25,6.070100484149963,7.824802803471306,0.0,1.0,0.0,0.0,1.0,1.0
34,25,1.94408193728132,9.302016208644208,0.0,0.0,0.0,0.0,0.0,0.0
35,25,4.806973859701899,4.946745122804996,0.0,1.0,0.0,0.0,1.0,1.0
36,25,1.997824724050297,11.667647116339872,0.0,0.0,0.0,1.0,0.0,1.0
37,25,0.1507346388784015,1.0359797771570711,0.0,1.0,0.0,1.0,0.0,0.0
38,25,5.334367672667994,8.346129339002553,0.0,0.0,1.0,0.0,0.0,0.0
39,25,0.1588100073316604,11.849532005761557,0.0,1.0,1.0,0.0,1.0,1.0
0,30,12.0,4.997949176893886,1.0,1.0,1.0,0.0,0.0,0.0
1,30,7.428015079642867,0.0,1.0,0.0,0.0,0.0,0.0,1.0
2,30,10.73244609279134,0.660609253618845,1.0,1.0,1.0,1.0,0.0,1.0
3,30,6.282241570108958,7.389952831177801,0.0,0.0,0.0,0.0,0.0,0.0
4,30,8.272564493322811,3.006653823207158,0.0,1.0,0.0,0.0,1.0,0.0
5,30,1.8569812016264613,4.668572690206556,0.0,0.0,1.0,0.0,0.0,1.0
6,30,1.0684905572277863,8.66322080952073,1.0,0.0,1.0,1.0,0.0,1.0
7,30,6.45802824070189,2.333273203456805,1.0,0.0,1.0,0.0,0.0,1.0
8,30,10.86523530225856,3.898330668479165,0.0,1.0,0.0,1.0,0.0,1.0
9,30,7.232992043305836,5.108118747697359,0.0,1.0,1.0,0.0,1.0,0.0
10,30,6.659857853002053,2.234995999441849,0.0,0.0,0.0,1.0,0.0,1.0
11,30,2.1275894881167248,12.0,1.0,0.0,1.0,1.0,1.0,1.0
12,30,2.192135935900848,9.85155767019322,1.0,1.0,1.0,1.0,0.0,0.0
13,30,7.477392573657192,9.154127663884864,1.0,1.0,1.0,1.0,1.0,1.0
14,30,7.918620990016372,5.37256988148668,0.0,0.0,0.0,0.0,0.0,1.0
15,30,8.922736373467718,4.488324808328442,0.0,0.0,0.0,1.0,0.0,0.0
16,30,10.16242743437808,7.624397554719362,0.0,0.0,0.0,0.0,1.0,1.0
17,30,9.930973420162053,0.6656124208940754,1.0,0.0,0.0,0.0,0.0,1.0
18,30,0.0,10.343691979596151,1.0,1.0,0.0,1.0,0.0,1.0
19,30,10.759227818036583,0.9545940977552988,1.0,1.0,1.0,0.0,1.0,1.0
20,30,11.447561070862228,2.833723455959999,1.0,0.0,0.0,0.0,0.0,1.0
21,30,7.647153011519623,7.833950017746653,0.0,1.0,0.0,0.0,1.0,1.0
22,30,0.9025309154136788,1.1063341679441747,0.0,0.0,1.0,1.0,1.0,0.0
23,30,10.094421719779197,6.084103935563016,0.0,0.0,0.0,1.0,1.0,0.0
24,30,4.379408737047664,6.038851618581673,0.0,1.0,0.0,0.0,0.0,1.0
25,30,6.12569895342291,9.759741116218697,1.0,0.0,0.0,0.0,0.0,1.0
26,30,7.791083568718249,9.633475775554826,0.0,0.0,0.0,0.0,0.0,0.0
27,30,3.90136101977632,2.834591832321891,0.0,1.0,1.0,1.0,1.0,0.0
28,30,2.6444979745943145,2.760664416444755,1.0,0.0,0.0,1.0,0.0,1.0
29,30,12.0,4.854921817878091,0.0,0.0,0.0,1.0,1.0,0.0
30,30,3.702681344755161,10.021305789327506,1.0,0.0,1.0,1.0,1.0,0.0
31,30,1.7538316717795268,11.06388789505307,1.0,1.0,0.0,0.0,1.0,1.0
32,30,10.519886148120468,0.0,1.0,0.0,1.0,1.0,0.0,0.0
33,30,6.077691187390567,7.806971558339553,0.0,1.0,0.0,0.0,1.0,1.0
34,30,1.937033104638757,9.34998319206242,0.0,0.0,0.0,0.0,0.0,0.0
35,30,4.775649666505081,4.944666594378544,0.0,1.0,0.0,0.0,1.0,1.0
36,30,1.9974088732344195,11.596482402096695,0.0,0.0,0.0,1.0,0.0,1.0
37,30,0.1601720197894852,1.0384385996388403,0.0,1.0,0.0,1.0,0.0,0.0
38,30,5.422571758541921,8.434829200265158,0.0,0.0,1.0,0.0,0.0,0.0
39,30,0.1832803612776354,11.82433861410342,0.0,1.0,1.0,0.0,1.0,1.0
0,35,12.0,4.997865105424356,1.0,1.0,1.0,0.0,0.0,0.0
1,35,7.473322963999686,0.0,1.0,0.0,0.0,0.0,0.0,1.0
2,35,10.75169396526849,0.5442686186784598,1.0,1.0,1.0,1.0,0.0,1.0
3,35,6.317181986419631,7.436947851972151,0.0,0.0,0.0,0.0,0.0,0.0
4,35,8.306131060784702,3.007388800187395,0.0,1.0,0.0,0.0,1.0,0.0
5,35,1.8536609567554017,4.660970565951312,0.0,0.0,1.0,0.0,0.0,1.0
6,35,1.0799754621854727,8.618137171184175,1.0,0.0,1.0,1.0,0.0,1.0
7,35,6.520119156145806,2.3736743347957043,1.0,0.0,1.0,0.0,0.0,1.0
8,35,10.881536927640424,3.910017962643278,0.0,1.0,0.0,1.0,0.0,1.0
9,35,7.243152116259687,5.112993405300125,0.0,1.0,1.0,0.0,1.0,0.0
10,35,6.603740155528841,2.27064120783602,0.0,0.0,0.0,1.0,0.0,1.0
11,35,2.135131919753277,12.0,1.0,0.0,1.0,1.0,1.0,1.0
12,35,2.198014373052825,9.846357153454043,1.0,1.0,1.0,1.0,0.0,0.0
13,35,7.408468005965362,9.17387672283594,1.0,1.0,1.0,1.0,1.0,1.0
14,35,7.905331208392454,5.4378599223830655,0.0,0.0,0.0,0.0,0.0,1.0
15,35,8.907269444209328,4.561755034013016,0.0,0.0,0.0,1.0,0.0,0.0
16,35,10.187617993153529,7.570741533134202,0.0,0.0,0.0,0.0,1.0,1.0
17,35,9.921732996742149,0.6144799899323565,1.0,0.0,0.0,0.0,0.0,1.0
18,35,0.0,10.38289259956734,1.0,1.0,0.0,1.0,0.0,1.0
19,35,10.719988296846063,0.9458873758849085,1.0,1.0,1.0,0.0,1.0,1.0
20,35,11.530223963589904,2.805930696072292,1.0,0.0,0.0,0.0,0.0,1.0
21,35,7.579544043837592,7.805154577400258,0.0,1.0,0.0,0.0,1.0,1.0
22,35,0.9000423540204799,1.1088900311723322,0.0,0.0,1.0,1.0,1.0,0.0
23,35,10.106901391572958,6.0945653897789045,0.0,0.0,0.0,1.0,1.0,0.0
24,35,4.42690740574094,6.043997496281989,0.0,1.0,0.0,0.0,0.0,1.0
25,35,6.132897530293518,9.745915169477316,1.0,0.0,0.0,0.0,0.0,1.0
26,35,7.762183016654725,9.58523707193058,0.0,0.0,0.0,0.0,0.0,0.0
27,35,3.878943263350942,2.796461125498814,0.0,1.0,1.0,1.0,1.0,0.0
28,35,2.5749256618248566,2.7119254483933406,1.0,0.0,0.0,1.0,0.0,1.0
29,35,12.0,4.8424380768044335,0.0,0.0,0.0,1.0,1.0,0.0
30,35,3.6404303821767257,10.028204811165402,1.0,0.0,1.0,1.0,1.0,0.0
31,35,1.7328386454644653,11.068702907739702,1.0,1.0,0.0,0.0,1.0,1.0
32,35,10.424282641303323,0.0,1.0,0.0,1.0,1.0,0.0,0.0
33,35,6.088245315471839,7.781536936623246,0.0,1.0,0.0,0.0,1.0,1.0
34,35,1.9310126479341791,9.393569026895817,0.0,0.0,0.0,0.0,0.0,0.0
35,35,4.750338561897398,4.942882883762695,0.0,1.0,0.0,0.0,1.0,1.0
36,35,1.996631631704625,11.518425492811668,0.0,0.0,0.0,1.0,0.0,1.0
37,35,0.1749608056544887,1.042018528608471,0.0,1.0,0.0,1.0,0.0,0.0
38,35,5.503338626306489,8.520228836589256,0.0,0.0,1.0,0.0,0.0,0.0
39,35,0.2261062980719539,11.78222691282152,0.0,1.0,1.0,0.0,1.0,1.0
0,40,12.0,4.997882987221087,1.0,1.0,1.0,0.0,0.0,0.0
1,40,7.504528297600667,0.0,1.0,0.0,0.0,0.0,0.0,1.0
2,40,10.76794977059715,0.4303977706150919,1.0,1.0,1.0,1.0,0.0,1.0
3,40,6.36136105390965,7.496138607802897,0.0,0.0,0.0,0.0,0.0,0.0
4,40,8.34770368118772,3.00797194390943,0.0,1.0,0.0,0.0,1.0,0.0
5,40,1.8456409851168465,4.6424016288103935,0.0,0.0,1.0,0.0,0.0,1.0
6,40,1.0899027489352295,8.580898378793487,1.0,0.0,1.0,1.0,0.0,1.0
7,40,6.589757267123799,2.4215006877450223,1.0,0.0,1.0,0.0,0.0,1.0
8,40,10.8927350324121,3.91784883270218,0.0,1.0,0.0,1.0,0.0,1.0
9,40,7.239928522459259,5.111461661089303,0.0,1.0,1.0,0.0,1.0,0.0
10,40,6.550890683938571,2.303869907155806,0.0,0.0,0.0,1.0,0.0,1.0
11,40,2.136937482202958,12.0,1.0,0.0,1.0,1.0,1.0,1.0
12,40,2.204335074331736,9.840956348029795,1.0,1.0,1.0,1.0,0.0,0.0
13,40,7.341563664739251,9.191367762098263,1.0,1.0,1.0,1.0,1.0,1.0
14,40,7.888885074394972,5.507537787055513,0.0,0.0,0.0,0.0,0.0,1.0
15,40,8.890996448615743,4.642874958786585,0.0,0.0,0.0,1.0,0.0,0.0
16,40,10.223531145720164,7.492242825509071,0.0,0.0,0.0,0.0,1.0,1.0
17,40,9.916951799340582,0.5871587249371659,1.0,0.0,0.0,0.0,0.0,1.0
18,40,0.0,10.42442532959852,1.0,1.0,0.0,1.0,0.0,1.0
19,40,10.68373290538666,0.9385770630841004,1.0,1.0,1.0,0.0,1.0,1.0
20,40,11.613370098329677,2.778744426469972,1.0,0.0,0.0,0.0,0.0,1.0
21,40,7.541280576951205,7.788310241945558,0.0,1.0,0.0,0.0,1.0,1.0
22,40,0.8916790990124037,1.118086098917738,0.0,0.0,1.0,1.0,1.0,0.0
23,40,10.10901476728852,6.096264292708282,0.0,0.0,0.0,1.0,1.0,0.0
24,40,4.5006879170911,6.053167257118731,0.0,1.0,0.0,0.0,0.0,1.0
25,40,6.1425737252004895,9.727162592814832,1.0,0.0,0.0,0.0,0.0,1.0
26,40,7.7375388903975555,9.543736888373513,0.0,0.0,0.0,0.0,0.0,0.0
27,40,3.8623472697902375,2.766509477543684,0.0,1.0,1.0,1.0,1.0,0.0
28,40,2.494880648674922,2.652104369780203,1.0,0.0,0.0,1.0,0.0,1.0
29,40,12.0,4.833006601105161,0.0,0.0,0.0,1.0,1.0,0.0
30,40,3.5765389450327376,10.03450925089028,1.0,0.0,1.0,1.0,1.0,0.0
31,40,1.709923712681236,11.07299379345082,1.0,1.0,0.0,0.0,1.0,1.0
32,40,10.365338347110482,0.0,1.0,0.0,1.0,1.0,0.0,0.0
33,40,6.093363964006781,7.769284603914244,0.0,1.0,0.0,0.0,1.0,1.0
34,40,1.9263938735558248,9.42746866492344,0.0,0.0,0.0,0.0,0.0,0.0
35,40,4.7316475144210575,4.941156366574939,0.0,1.0,0.0,0.0,1.0,1.0
36,40,1.996858002528875,11.41489605217895,0.0,0.0,0.0,1.0,0.0,1.0
37,40,0.1646595295426527,1.0398766914546966,0.0,1.0,0.0,1.0,0.0,0.0
38,40,5.596553240581365,8.618743117666241,0.0,0.0,1.0,0.0,0.0,0.0
39,40,0.2632119515409223,11.744089500869858,0.0,1.0,1.0,0.0,1.0,1.0
0,45,12.0,4.997775100746004,1.0,1.0,1.0,0.0,0.0,0.0
1,45,7.528805031697549,0.0,1.0,0.0,0.0,0.0,0.0,1.0
2,45,10.78699319226364,0.299230289922717,1.0,1.0,1.0,1.0,0.0,1.0
3,45,6.405850805085161,7.554789336378059,0.0,0.0,0.0,0.0,0.0,0.0
4,45,8.376930928317158,3.009437485537451,0.0,1.0,0.0,0.0,1.0,0.0
5,45,1.8495046742374988,4.651478531860477,0.0,0.0,1.0,0.0,0.0,1.0
6,45,1.096183551266971,8.56024358960296,1.0,0.0,1.0,1.0,0.0,1.0
7,45,6.658352930390159,2.467784715787559,1.0,0.0,1.0,0.0,0.0,1.0
8,45,10.89482176854873,3.919385081617609,0.0,1.0,0.0,1.0,0.0,1.0
9,45,7.267986901178561,5.124616964591585,0.0,1.0,1.0,0.0,1.0,0.0
10,45,6.504107365174908,2.3336465784535227,0.0,0.0,0.0,1.0,0.0,1.0
11,45,2.1342998260161963,11.994510941385403,1.0,0.0,1.0,1.0,1.0,1.0
12,45,2.2072347507270704,9.838646467957506,1.0,1.0,1.0,1.0,0.0,0.0
13,45,7.323608875276872,9.132665799654708,1.0,1.0,1.0,1.0,1.0,1.0
14,45,7.871737914457351,5.5760288103895626,0.0,0.0,0.0,0.0,0.0,1.0
15,45,8.875940938360106,4.714604955987895,0.0,0.0,0.0,1.0,0.0,0.0
16,45,10.262933687273264,7.406885225402254,0.0,0.0,0.0,0.0,1.0,1.0
17,45,9.91385274075958,0.5692089391553766,1.0,0.0,0.0,0.0,0.0,1.0
18,45,0.0,10.361887013896975,1.0,1.0,0.0,1.0,0.0,1.0
19,45,10.670801917116412,0.9363594091914432,1.0,1.0,1.0,0.0,1.0,1.0
20,45,11.716198555098318,2.746297217749912,1.0,0.0,0.0,0.0,0.0,1.0
21,45,7.493368445949066,7.767085041160576,0.0,1.0,0.0,0.0,1.0,1.0
22,45,0.8776084323596931,1.1342053744218588,0.0,0.0,1.0,1.0,1.0,0.0
23,45,10.131765908167154,6.115173784557049,0.0,0.0,0.0,1.0,1.0,0.0
24,45,4.577130034283078,6.063141919274975,0.0,1.0,0.0,0.0,0.0,1.0
25,45,6.152948980893087,9.706763603365498,1.0,0.0,0.0,0.0,0.0,1.0
26,45,7.721156938207256,9.515762002567346,0.0,0.0,0.0,0.0,0.0,0.0
27,45,3.846711678501792,2.7362594074762985,0.0,1.0,1.0,1.0,1.0,0.0
28,45,2.426526205633681,2.6006624949073687,1.0,0.0,0.0,1.0,0.0,1.0
29,45,12.0,4.815426567687263,0.0,0.0,0.0,1.0,1.0,0.0
30,45,3.5121093159858665,10.04272957278229,1.0,0.0,1.0,1.0,1.0,0.0
31,45,1.6980432785880912,11.074916296827404,1.0,1.0,0.0,0.0,1.0,1.0
32,45,10.302417605668577,0.0,1.0,0.0,1.0,1.0,0.0,0.0
33,45,6.0932884559668565,7.769468385602747,0.0,1.0,0.0,0.0,1.0,1.0
34,45,1.9204977907046483,9.470877129250004,0.0,0.0,0.0,0.0,0.0,0.0
35,45,4.686359716988984,4.937112099182007,0.0,1.0,0.0,0.0,1.0,1.0
36,45,1.9997518347683063,11.298644395899396,0.0,0.0,0.0,1.0,0.0,1.0
37,45,0.149361502184067,1.036907123141184,0.0,1.0,0.0,1.0,0.0,0.0
38,45,5.693954168295051,8.722962741016444,0.0,0.0,1.0,0.0,0.0,0.0
39,45,0.3185910536359744,11.690417148612498,0.0,1.0,1.0,0.0,1.0,1.0
0,50,12.0,4.997494682469118,1.0,1.0,1.0,0.0,0.0,0.0
1,50,7.565799958449467,0.0,1.0,0.0,0.0,0.0,0.0,1.0
2,50,10.806806390017696,0.1753151065829875,1.0,1.0,1.0,1.0,0.0,1.0
3,50,6.441252039007109,7.602863733630715,0.0,0.0,0.0,0.0,0.0,0.0
4,50,8.424917058554835,3.0110468174095657,0.0,1.0,0.0,0.0,1.0,0.0
5,50,1.8537186228621532,4.661198661093035,0.0,0.0,1.0,0.0,0.0,1.0
6,50,1.0990792142521448,8.551588803210553,1.0,0.0,1.0,1.0,0.0,1.0
7,50,6.732844115631021,2.516303580347055,1.0,0.0,1.0,0.0,0.0,1.0
8,50,10.898382760218702,3.921899700471956,0.0,1.0,0.0,1.0,0.0,1.0
9,50,7.313204414441627,5.144990186888053,0.0,1.0,1.0,0.0,1.0,0.0
10,50,6.44099126448378,2.3748443991817085,0.0,0.0,0.0,1.0,0.0,1.0
11,50,2.1375544582261257,12.0,1.0,0.0,1.0,1.0,1.0,1.0
12,50,2.191682811811951,9.85110527084712,1.0,1.0,1.0,1.0,0.0,0.0
13,50,7.306179222737926,9.078218097475348,1.0,1.0,1.0,1.0,1.0,1.0
14,50,7.853231903739146,5.650870284372753,0.0,0.0,0.0,0.0,0.0,1.0
15,50,8.863110411530917,4.782271057172558,0.0,0.0,0.0,1.0,0.0,0.0
16,50,10.306099991824944,7.312046691653047,0.0,0.0,0.0,0.0,1.0,1.0
17,50,9.908755457855412,0.5369390865394628,1.0,0.0,0.0,0.0,0.0,1.0
18,50,0.0,10.288933037950848,1.0,1.0,0.0,1.0,0.0,1.0
19,50,10.63703946164753,0.9308396516503238,1.0,1.0,1.0,0.0,1.0,1.0
20,50,11.802455323818132,2.7215545159395416,1.0,0.0,0.0,0.0,0.0,1.0
21,50,7.446079779554152,7.745339649680932,0.0,1.0,0.0,0.0,1.0,1.0
22,50,0.855175336187876,1.159238934653885,0.0,0.0,1.0,1.0,1.0,0.0
23,50,10.129849842269858,6.113581500314035,0.0,0.0,0.0,1.0,1.0,0.0
24,50,4.63764988914338,6.069818922849338,0.0,1.0,0.0,0.0,0.0,1.0
25,50,6.156683494186658,9.699433741785075,1.0,0.0,0.0,0.0,0.0,1.0
26,50,7.712563429017505,9.50150175615982,0.0,0.0,0.0,0.0,0.0,0.0
27,50,3.836045208438155,2.715941089176034,0.0,1.0,1.0,1.0,1.0,0.0
28,50,2.352110254427214,2.5432812723157467,1.0,0.0,0.0,1.0,0.0,1.0
29,50,12.0,4.796407246933636,0.0,0.0,0.0,1.0,1.0,0.0
30,50,3.5185224156019457,10.10162136165729,1.0,0.0,1.0,1.0,1.0,0.0
31,50,1.702292619711246,11.07422718361027,1.0,1.0,0.0,0.0,1.0,1.0
32,50,10.242958502521432,0.0,1.0,0.0,1.0,1.0,0.0,0.0
33,50,6.085031579942757,7.790105101635556,0.0,1.0,0.0,0.0,1.0,1.0
34,50,1.9121655997202636,9.523831699192865,0.0,0.0,0.0,0.0,0.0,0.0
35,50,4.660939556548384,4.9346572719331006,0.0,1.0,0.0,0.0,1.0,1.0
36,50,2.000144591819068,11.20795028493995,0.0,0.0,0.0,1.0,0.0,1.0
37,50,0.1209042974683649,1.0315369265847658,0.0,1.0,0.0,1.0,0.0,0.0
38,50,5.789965567536099,8.825938720675627,0.0,0.0,1.0,0.0,0.0,0.0
39,50,0.3696336653567735,11.64221645248082,0.0,1.0,1.0,0.0,1.0,1.0
0,55,12.0,4.997415236506352,1.0,1.0,1.0,0.0,0.0,0.0
1,55,7.597585081814509,0.0,1.0,0.0,0.0,0.0,0.0,1.0
2,55,10.832850077083387,0.0313295084137368,1.0,1.0,1.0,1.0,0.0,1.0
3,55,6.479842249352099,7.656585687322607,0.0,0.0,0.0,0.0,0.0,0.0
4,55,8.479485360032173,3.014276638183228,0.0,1.0,0.0,0.0,1.0,0.0
5,55,1.8568391696398707,4.668067170366625,0.0,0.0,1.0,0.0,0.0,1.0
6,55,1.09959642948658,8.550000044916887,1.0,0.0,1.0,1.0,0.0,1.0
7,55,6.788029890918795,2.5515438349174047,1.0,0.0,1.0,0.0,0.0,1.0
8,55,10.893366879825848,3.9180154883374776,0.0,1.0,0.0,1.0,0.0,1.0
9,55,7.37667964988928,5.170623248976382,0.0,1.0,1.0,0.0,1.0,0.0
10,55,6.3833049282483785,2.411261972973537,0.0,0.0,0.0,1.0,0.0,1.0
11,55,2.135574336695988,11.996055676252736,1.0,0.0,1.0,1.0,1.0,1.0
12,55,2.1823405481251066,9.85847349640748,1.0,1.0,1.0,1.0,0.0,0.0
13,55,7.290748495342232,9.02913594233878,1.0,1.0,1.0,1.0,1.0,1.0
14,55,7.836900861138647,5.708797688872371,0.0,0.0,0.0,0.0,0.0,1.0
15,55,8.853167146117991,4.835670578566324,0.0,0.0,0.0,1.0,0.0,0.0
16,55,10.342724435202264,7.2318201191814895,0.0,0.0,0.0,0.0,1.0,1.0
17,55,9.901369722208177,0.4882318146147004,1.0,0.0,0.0,0.0,0.0,1.0
18,55,0.0,10.222318312214371,1.0,1.0,0.0,1.0,0.0,1.0
19,55,10.586696476035412,0.923997992061053,1.0,1.0,1.0,0.0,1.0,1.0
20,55,11.8722440523464,2.6999949951805675,1.0,0.0,0.0,0.0,0.0,1.0
21,55,7.38834544587102,7.718013198046827,0.0,1.0,0.0,0.0,1.0,1.0
22,55,0.8475632912739669,1.1675857485964285,0.0,0.0,1.0,1.0,1.0,0.0
23,55,10.147303514185785,6.128785721372036,0.0,0.0,0.0,1.0,1.0,0.0
24,55,4.702539743936383,6.077206426954094,0.0,1.0,0.0,0.0,0.0,1.0
25,55,6.159862645339779,9.69350929513374,1.0,0.0,0.0,0.0,0.0,1.0
26,55,7.699696686972468,9.480924655368216,0.0,0.0,0.0,0.0,0.0,0.0
27,55,3.82754891912204,2.699471062206817,0.0,1.0,1.0,1.0,1.0,0.0
28,55,2.2830156137747686,2.489127529304075,1.0,0.0,0.0,1.0,0.0,1.0
29,55,12.0,4.781260011708781,0.0,0.0,0.0,1.0,1.0,0.0
30,55,3.4463119832564053,10.109228576467263,1.0,0.0,1.0,1.0,1.0,0.0
31,55,1.7186734816244336,11.071553671329502,1.0,1.0,0.0,0.0,1.0,1.0
32,55,10.177840150253108,0.0,1.0,0.0,1.0,1.0,0.0,0.0
33,55,6.083946485530023,7.793097365241377,0.0,1.0,0.0,0.0,1.0,1.0
34,55,1.905949387200904,9.567113532549913,0.0,0.0,0.0,0.0,0.0,0.0
35,55,4.636042229730424,4.932154668098351,0.0,1.0,0.0,0.0,1.0,1.0
36,55,1.9978649424275,11.118458348884886,0.0,0.0,0.0,1.0,0.0,1.0
37,55,0.0901716591757873,1.026407079342082,0.0,1.0,0.0,1.0,0.0,0.0
38,55,5.891256439472384,8.934197699055767,0.0,0.0,1.0,0.0,0.0,0.0
39,55,0.4084030900163228,11.605974622551898,0.0,1.0,1.0,0.0,1.0,1.0
0,60,12.0,4.996904885281863,1.0,1.0,1.0,0.0,0.0,0.0
1,60,7.619492939107559,0.0,1.0,0.0,0.0,0.0,0.0,1.0
2,60,10.858833990353048,0.0,1.0,1.0,1.0,1.0,0.0,1.0
3,60,6.5174976374133,7.710949871360023,0.0,0.0,0.0,0.0,0.0,0.0
4,60,8.534577371433391,3.0170560005388003,0.0,1.0,0.0,0.0,1.0,0.0
5,60,1.8615851104440624,4.678780863854623,0.0,0.0,1.0,0.0,0.0,1.0
6,60,1.0895969740281697,8.578796949397384,1.0,0.0,1.0,1.0,0.0,1.0
7,60,6.829060617699095,2.4836995768155115,1.0,0.0,1.0,0.0,0.0,1.0
8,60,10.883413649521858,3.9101314010286177,0.0,1.0,0.0,1.0,0.0,1.0
9,60,7.428929678123371,5.191539789820292,0.0,1.0,1.0,0.0,1.0,0.0
10,60,6.329764882185533,2.446042164175497,0.0,0.0,0.0,1.0,0.0,1.0
11,60,2.129927087763396,11.985293938841854,1.0,0.0,1.0,1.0,1.0,1.0
12,60,2.149245461949006,9.885512237948564,1.0,1.0,1.0,1.0,0.0,0.0
13,60,7.277195661937602,8.985114432126197,1.0,1.0,1.0,1.0,1.0,1.0
14,60,7.815842748883071,5.786849195165251,0.0,0.0,0.0,0.0,0.0,1.0
15,60,8.842447409524189,4.891951634246923,0.0,0.0,0.0,1.0,0.0,0.0
16,60,10.373468867161062,7.165724650344408,0.0,0.0,0.0,0.0,1.0,1.0
17,60,9.892105917729031,0.4285066146014655,1.0,0.0,0.0,0.0,0.0,1.0
18,60,0.0,10.14100358482722,1.0,1.0,0.0,1.0,0.0,1.0
19,60,10.516069673984353,0.9136446496640178,1.0,1.0,1.0,0.0,1.0,1.0
20,60,11.94664976578148,2.6743732659843293,1.0,0.0,0.0,0.0,0.0,1.0
21,60,7.317606334635351,7.6843440218143,0.0,1.0,0.0,0.0,1.0,1.0
22,60,0.8200892358924963,1.197035328046575,0.0,0.0,1.0,1.0,1.0,0.0
23,60,10.166084831791682,6.1084485724821365,0.0,0.0,0.0,1.0,1.0,0.0
24,60,4.794886023960156,6.0882799140869,0.0,1.0,0.0,0.0,0.0,1.0
25,60,6.162975068295989,9.687687948965683,1.0,0.0,0.0,0.0,0.0,1.0
26,60,7.697062192347637,9.477079028524024,0.0,0.0,0.0,0.0,0.0,0.0
27,60,3.8035386275852097,2.7122218076987625,0.0,1.0,1.0,1.0,1.0,0.0
28,60,2.227329204119464,2.446086973140144,1.0,0.0,0.0,1.0,0.0,1.0
29,60,12.0,4.7664995193324655,0.0,0.0,0.0,1.0,1.0,0.0
30,60,3.360767210520338,10.118301469640882,1.0,0.0,1.0,1.0,1.0,0.0
31,60,1.7284224143787494,11.06995534008106,1.0,1.0,0.0,0.0,1.0,1.0
32,60,10.12365187828188,0.0,1.0,0.0,1.0,1.0,0.0,0.0
33,60,6.084342101899234,7.7919945551472996,0.0,1.0,0.0,0.0,1.0,1.0
34,60,1.900945689871436,9.604478764279452,0.0,0.0,0.0,0.0,0.0,0.0
35,60,4.612581427307131,4.930334500646651,0.0,1.0,0.0,0.0,1.0,1.0
36,60,1.9972968777945428,11.005833425984992,0.0,0.0,0.0,1.0,0.0,1.0
37,60,0.040676304533189,1.0184109385101874,0.0,1.0,0.0,1.0,0.0,0.0
38,60,5.994780503253219,9.045071746100827,0.0,0.0,1.0,0.0,0.0,0.0
39,60,0.4419357046115743,11.577141598687762,0.0,1.0,1.0,0.0,1.0,1.0
0,65,12.0,4.996190452280915,1.0,1.0,1.0,0.0,0.0,0.0
1,65,7.591394149381925,0.0,1.0,0.0,0.0,0.0,0.0,1.0
2,65,10.882351672084209,0.0,1.0,1.0,1.0,1.0,0.0,1.0
3,65,6.552840128146526,7.761722398177758,0.0,0.0,0.0,0.0,0.0,0.0
4,65,8.591487561346796,3.019630431616453,0.0,1.0,0.0,0.0,1.0,0.0
5,65,1.8683814260953928,4.6926424508627225,0.0,0.0,1.0,0.0,0.0,1.0
6,65,1.07459579680588,8.623478655129214,1.0,0.0,1.0,1.0,0.0,1.0
7,65,6.869733605535978,2.4193549439531394,1.0,0.0,1.0,0.0,0.0,1.0
8,65,10.865170739017987,3.896173926219736,0.0,1.0,0.0,1.0,0.0,1.0
9,65,7.470895536867934,5.20767221994509,0.0,1.0,1.0,0.0,1.0,0.0
10,65,6.28062950503422,2.477924263373903,0.0,0.0,0.0,1.0,0.0,1.0
11,65,2.117018291650508,11.961009013900366,1.0,0.0,1.0,1.0,1.0,1.0
12,65,2.113460460632051,9.915002510507051,1.0,1.0,1.0,1.0,0.0,0.0
13,65,7.263567572250834,8.936232143980208,1.0,1.0,1.0,1.0,1.0,1.0
14,65,7.796021317431111,5.863724715906519,0.0,0.0,0.0,0.0,0.0,1.0
15,65,8.825185427581426,4.976651301637992,0.0,0.0,0.0,1.0,0.0,0.0
16,65,10.402075897598806,7.105267887693042,0.0,0.0,0.0,0.0,1.0,1.0
17,65,9.883653654245895,0.3771278842702376,1.0,0.0,0.0,0.0,0.0,1.0
18,65,0.0,10.056886703969353,1.0,1.0,0.0,1.0,0.0,1.0
19,65,10.424323594009726,0.8989291610290047,1.0,1.0,1.0,0.0,1.0,1.0
20,65,12.0,2.6523070111050244,1.0,0.0,0.0,0.0,0.0,1.0
21,65,7.245038991611941,7.650463784116206,0.0,1.0,0.0,0.0,1.0,1.0
22,65,0.7725401265013319,1.2518837517881671,0.0,0.0,1.0,1.0,1.0,0.0
23,65,10.190260405772015,6.082740598604856,0.0,0.0,0.0,1.0,1.0,0.0
24,65,4.870088257574767,6.096300110360992,0.0,1.0,0.0,0.0,0.0,1.0
25,65,6.17128820785339,9.67286383691042,1.0,0.0,0.0,0.0,0.0,1.0
26,65,7.704258045663194,9.48761031463535,0.0,0.0,0.0,0.0,0.0,0.0
27,65,3.775621011894753,2.726316153799526,0.0,1.0,1.0,1.0,1.0,0.0
28,65,2.152392464378081,2.389546952870052,1.0,0.0,0.0,1.0,0.0,1.0
29,65,12.0,4.758998555886434,0.0,0.0,0.0,1.0,1.0,0.0
30,65,3.275976831310034,10.125568204717164,1.0,0.0,1.0,1.0,1.0,0.0
31,65,1.749488898285303,11.066562100823916,1.0,1.0,0.0,0.0,1.0,1.0
32,65,10.069783704212371,0.0,1.0,0.0,1.0,1.0,0.0,0.0
33,65,6.077509460936216,7.81047003576221,0.0,1.0,0.0,0.0,1.0,1.0
34,65,1.8956315593593156,9.64693641293831,0.0,0.0,0.0,0.0,0.0,0.0
35,65,4.613308860927193,4.930382437383607,0.0,1.0,0.0,0.0,1.0,1.0
36,65,1.9988591276616388,10.921872444269354,0.0,0.0,0.0,1.0,0.0,1.0
37,65,0.0,1.0104828084979265,0.0,1.0,0.0,1.0,0.0,0.0
38,65,6.104733149303564,9.1604799790237,0.0,0.0,1.0,0.0,0.0,0.0
39,65,0.4688400975561562,11.554257566495965,0.0,1.0,1.0,0.0,1.0,1.0
0,70,12.0,4.994825019155763,1.0,1.0,1.0,0.0,0.0,0.0
1,70,7.559590752292544,0.0,1.0,0.0,0.0,0.0,0.0,1.0
2,70,10.91035859341076,0.0,1.0,1.0,1.0,1.0,0.0,1.0
3,70,6.600105776781383,7.829283935606853,0.0,0.0,0.0,0.0,0.0,0.0
4,70,8.666089125774663,3.02000253303198,0.0,1.0,0.0,0.0,1.0,0.0
5,70,1.8810538700715225,4.719728936769843,0.0,0.0,1.0,0.0,0.0,1.0
6,70,1.0599578587513288,8.668969449891206,1.0,0.0,1.0,1.0,0.0,1.0
7,70,6.923574693763463,2.3364957146166008,1.0,0.0,1.0,0.0,0.0,1.0
8,70,10.857438706362869,3.889751853880472,0.0,1.0,0.0,1.0,0.0,1.0
9,70,7.520041401172435,5.226432232097028,0.0,1.0,1.0,0.0,1.0,0.0
10,70,6.2420544499647175,2.503219456042835,0.0,0.0,0.0,1.0,0.0,1.0
11,70,2.1025128346276336,11.93350074688837,1.0,0.0,1.0,1.0,1.0,1.0
12,70,2.083737157052204,9.941699686673909,1.0,1.0,1.0,1.0,0.0,0.0
13,70,7.248760105736304,8.8788119223319,1.0,1.0,1.0,1.0,1.0,1.0
14,70,7.771500242557476,5.956619281363492,0.0,0.0,0.0,0.0,0.0,1.0
15,70,8.808703783304772,5.051442854842726,0.0,0.0,0.0,1.0,0.0,0.0
16,70,10.437651985375156,7.029189642155178,0.0,0.0,0.0,0.0,1.0,1.0
17,70,9.871953623116855,0.3140136049454162,1.0,0.0,0.0,0.0,0.0,1.0
18,70,0.0,9.959636093931245,1.0,1.0,0.0,1.0,0.0,1.0
19,70,10.335123428187735,0.883799653385043,1.0,1.0,1.0,0.0,1.0,1.0
20,70,12.0,2.6309510826646,1.0,0.0,0.0,0.0,0.0,1.0
21,70,7.162984799464163,7.611094935925392,0.0,1.0,0.0,0.0,1.0,1.0
22,70,0.7345403502360112,1.2971672451775629,0.0,0.0,1.0,1.0,1.0,0.0
23,70,10.20433774464228,6.066542500235824,0.0,0.0,0.0,1.0,1.0,0.0
24,70,4.953109896951204,6.104923233096509,0.0,1.0,0.0,0.0,0.0,1.0
25,70,6.176612864715108,9.663501287350964,1.0,0.0,0.0,0.0,0.0,1.0
26,70,7.6987009072802675,9.479874988951003,0.0,0.0,0.0,0.0,0.0,0.0
27,70,3.7362015712471663,2.746038364475296,0.0,1.0,1.0,1.0,1.0,0.0
28,70,2.2191743001148843,2.3048384665362858,1.0,0.0,0.0,1.0,0.0,1.0
29,70,12.0,4.733023660729408,0.0,0.0,0.0,1.0,1.0,0.0
30,70,3.186028968305548,10.134230948514451,1.0,0.0,1.0,1.0,1.0,0.0
31,70,1.7857170282270625,11.059385068882642,1.0,1.0,0.0,0.0,1.0,1.0
32,70,9.992235140293923,0.0,1.0,0.0,1.0,1.0,0.0,0.0
33,70,6.059388207155412,7.856550653405591,0.0,1.0,0.0,0.0,1.0,1.0
34,70,1.8879467833446029,9.707504601805963,0.0,0.0,0.0,0.0,0.0,0.0
35,70,4.612063165220449,4.930301109311428,0.0,1.0,0.0,0.0,1.0,1.0
36,70,1.9969911594493053,10.829828193287272,0.0,0.0,0.0,1.0,0.0,1.0
37,70,0.0,1.00403026753805,0.0,1.0,0.0,1.0,0.0,0.0
38,70,6.220628324090454,9.2866545281124,0.0,0.0,1.0,0.0,0.0,0.0
39,70,0.4956939537605597,11.530917822411745,0.0,1.0,1.0,0.0,1.0,1.0
0,75,12.0,4.992198490898357,1.0,1.0,1.0,0.0,0.0,0.0
1,75,7.521378911898321,0.0,1.0,0.0,0.0,0.0,0.0,1.0
2,75,10.721146666663214,0.0,1.0,1.0,1.0,1.0,0.0,1.0
3,75,6.651873545207367,7.904914535990915,0.0,0.0,0.0,0.0,0.0,0.0
4,75,8.756689341416976,3.0220822192562333,0.0,1.0,0.0,0.0,1.0,0.0
5,75,1.896881351006648,4.749827163087916,0.0,0.0,1.0,0.0,0.0,1.0
6,75,1.041373234869589,8.729619094577227,1.0,0.0,1.0,1.0,0.0,1.0
7,75,6.9745573984357705,2.257556938741943,1.0,0.0,1.0,0.0,0.0,1.0
8,75,10.860558606610034,3.8926437657424033,0.0,1.0,0.0,1.0,0.0,1.0
9,75,7.571369505852495,5.246997945139202,0.0,1.0,1.0,0.0,1.0,0.0
10,75,6.205991944224979,2.526905994766328,0.0,0.0,0.0,1.0,0.0,1.0
11,75,2.081914778653013,11.895044926761631,1.0,0.0,1.0,1.0,1.0,1.0
12,75,2.0407468577916803,9.980355154594877,1.0,1.0,1.0,1.0,0.0,0.0
13,75,7.228315150911155,8.797171663003782,1.0,1.0,1.0,1.0,1.0,1.0
14,75,7.748106408908555,6.073433750868437,0.0,0.0,0.0,0.0,0.0,1.0
15,75,8.796257917858288,5.120948925900353,0.0,0.0,0.0,1.0,0.0,0.0
16,75,10.473535129018058,6.952179549955865,0.0,0.0,0.0,0.0,1.0,1.0
17,75,9.859623005636944,0.2481202624570619,1.0,0.0,0.0,0.0,0.0,1.0
18,75,0.0,9.84819504939297,1.0,1.0,0.0,1.0,0.0,1.0
19,75,10.27474867257589,0.8731234709978669,1.0,1.0,1.0,0.0,1.0,1.0
20,75,12.0,2.60926340249703,1.0,0.0,0.0,0.0,0.0,1.0
21,75,7.067645080935429,7.565999493393539,0.0,1.0,0.0,0.0,1.0,1.0
22,75,0.6991034788413226,1.340051622897069,0.0,0.0,1.0,1.0,1.0,0.0
23,75,10.21829777506126,6.050779085486281,0.0,0.0,0.0,1.0,1.0,0.0
24,75,5.022338405314867,6.110658066995068,0.0,1.0,0.0,0.0,0.0,1.0
25,75,6.135511045776849,9.640083987222171,1.0,0.0,0.0,0.0,0.0,1.0
26,75,7.695823304240069,9.475953854377838,0.0,0.0,0.0,0.0,0.0,0.0
27,75,3.689523537003896,2.7696095625882537,0.0,1.0,1.0,1.0,1.0,0.0
28,75,2.289838114805296,2.2111791017704494,1.0,0.0,0.0,1.0,0.0,1.0
29,75,12.0,4.705160188843694,0.0,0.0,0.0,1.0,1.0,0.0
30,75,3.098771588983761,10.14059566897302,1.0,0.0,1.0,1.0,1.0,0.0
31,75,1.8350910367575828,11.050064280587629,1.0,1.0,0.0,0.0,1.0,1.0
32,75,9.93238512889342,0.0,1.0,0.0,1.0,1.0,0.0,0.0
33,75,6.049008524482766,7.8847867065117585,0.0,1.0,0.0,0.0,1.0,1.0
34,75,1.8825234494448573,9.790477363112378,0.0,0.0,0.0,0.0,0.0,0.0
35,75,4.588272507965717,4.929346674069177,0.0,1.0,0.0,0.0,1.0,1.0
36,75,1.9945135286026765,10.76037679551,0.0,0.0,0.0,1.0,0.0,1.0
37,75,0.0,0.994114962309586,0.0,1.0,0.0,1.0,0.0,0.0
38,75,6.329457522594526,9.4100588438429,0.0,0.0,1.0,0.0,0.0,0.0
39,75,0.5362199476748084,11.493829032000049,0.0,1.0,1.0,0.0,1.0,1.0
0,80,12.0,4.990193854962682,1.0,1.0,1.0,0.0,0.0,0.0
1,80,7.469260450444069,0.0,1.0,0.0,0.0,0.0,0.0,1.0
2,80,10.528275662122736,0.0,1.0,1.0,1.0,1.0,0.0,1.0
3,80,6.686738474293671,7.954944399893355,0.0,0.0,0.0,0.0,0.0,0.0
4,80,8.829709416350514,3.0246189418357003,0.0,1.0,0.0,0.0,1.0,0.0
5,80,1.914538997922502,4.780770395792716,0.0,0.0,1.0,0.0,0.0,1.0
6,80,1.0200889672240268,8.803554596246155,1.0,0.0,1.0,1.0,0.0,1.0
7,80,7.022412399327545,2.1821785208397984,1.0,0.0,1.0,0.0,0.0,1.0
8,80,10.864502844814703,3.896336525374288,0.0,1.0,0.0,1.0,0.0,1.0
9,80,7.635637658555532,5.27236959036398,0.0,1.0,1.0,0.0,1.0,0.0
10,80,6.160625437278018,2.555936113951403,0.0,0.0,0.0,1.0,0.0,1.0
11,80,2.061234847731664,11.855065154709996,1.0,0.0,1.0,1.0,1.0,1.0
12,80,1.9875739538064705,10.026181082117963,1.0,1.0,1.0,1.0,0.0,0.0
13,80,7.209571443991564,8.714977668345842,1.0,1.0,1.0,1.0,1.0,1.0
14,80,7.72133453414841,6.196417451753134,0.0,0.0,0.0,0.0,0.0,1.0
15,80,8.782316132992934,5.192565621147265,0.0,0.0,0.0,1.0,0.0,0.0
16,80,10.518420676813482,6.859928343845126,0.0,0.0,0.0,0.0,1.0,1.0
17,80,9.84912072773013,0.1885305345715657,1.0,0.0,0.0,0.0,0.0,1.0
18,80,0.0,9.7480805635782,1.0,1.0,0.0,1.0,0.0,1.0
19,80,10.213822770657762,0.8627919301528966,1.0,1.0,1.0,0.0,1.0,1.0
20,80,12.0,2.596465011410692,1.0,0.0,0.0,0.0,0.0,1.0
21,80,6.969246282691648,7.517883636391239,0.0,1.0,0.0,0.0,1.0,1.0
22,80,0.6694009529141357,1.3783746525198326,0.0,0.0,1.0,1.0,1.0,0.0
23,80,10.246181332207408,6.020303119578854,0.0,0.0,0.0,1.0,1.0,0.0
24,80,5.105637664201635,6.117211440592505,0.0,1.0,0.0,0.0,0.0,1.0
25,80,6.086419824496616,9.61138808305299,1.0,0.0,0.0,0.0,0.0,1.0
26,80,7.691622503864679,9.46975367070937,0.0,0.0,0.0,0.0,0.0,0.0
27,80,3.6389521258975153,2.795522930643928,0.0,1.0,1.0,1.0,1.0,0.0
28,80,2.3523975842087688,2.1306966632102373,1.0,0.0,0.0,1.0,0.0,1.0
29,80,12.0,4.67882135664986,0.0,0.0,0.0,1.0,1.0,0.0
30,80,3.025599173396422,10.146635354550495,1.0,0.0,1.0,1.0,1.0,0.0
31,80,1.887452020732998,11.040223736403398,1.0,1.0,0.0,0.0,1.0,1.0
32,80,9.864611367885209,0.0,1.0,0.0,1.0,1.0,0.0,0.0
33,80,6.036808915354253,7.919083678417898,0.0,1.0,0.0,0.0,1.0,1.0
34,80,1.8752158310005984,9.881667497505198,0.0,0.0,0.0,0.0,0.0,0.0
35,80,4.580355393513993,4.929250598156585,0.0,1.0,0.0,0.0,1.0,1.0
36,80,1.9923998148525512,10.672967917458656,0.0,0.0,0.0,1.0,0.0,1.0
37,80,0.0,0.9817242320138718,0.0,1.0,0.0,1.0,0.0,0.0
38,80,6.445312273161795,9.53675326046606,0.0,0.0,1.0,0.0,0.0,0.0
39,80,0.571169582903299,11.46229550543577,0.0,1.0,1.0,0.0,1.0,1.0
0,85,12.0,4.988207396180623,1.0,1.0,1.0,0.0,0.0,0.0
1,85,7.410984122236489,0.0,1.0,0.0,0.0,0.0,0.0,1.0
2,85,10.351913693265306,0.0,1.0,1.0,1.0,1.0,0.0,1.0
3,85,6.734412711306133,8.021941800180125,0.0,0.0,0.0,0.0,0.0,0.0
4,85,8.897976593538635,3.026116023485486,0.0,1.0,0.0,0.0,1.0,0.0
5,85,1.92747213915722,4.802667135688564,0.0,0.0,1.0,0.0,0.0,1.0
6,85,0.990907336735106,8.898581957466403,1.0,0.0,1.0,1.0,0.0,1.0
7,85,7.076804547447996,2.099768132289502,1.0,0.0,1.0,0.0,0.0,1.0
8,85,10.870680583401317,3.902172531094346,0.0,1.0,0.0,1.0,0.0,1.0
9,85,7.690336263321519,5.295370108595895,0.0,1.0,1.0,0.0,1.0,0.0
10,85,6.130624655710935,2.574633920234477,0.0,0.0,0.0,1.0,0.0,1.0
11,85,2.040287068196157,11.815376917752593,1.0,0.0,1.0,1.0,1.0,1.0
12,85,1.939460877350908,10.068227606138109,1.0,1.0,1.0,1.0,0.0,0.0
13,85,7.193451847420565,8.646126040461654,1.0,1.0,1.0,1.0,1.0,1.0
14,85,7.6927535421014,6.316663447478591,0.0,0.0,0.0,0.0,0.0,1.0
15,85,8.769582891072577,5.247341185734691,0.0,0.0,0.0,1.0,0.0,0.0
16,85,10.560946150801172,6.766719166854523,0.0,0.0,0.0,0.0,1.0,1.0
17,85,9.836955077925792,0.1228693686447984,1.0,0.0,0.0,0.0,0.0,1.0
18,85,0.0,9.653970636638457,1.0,1.0,0.0,1.0,0.0,1.0
19,85,10.148661482260554,0.850451977045438,1.0,1.0,1.0,0.0,1.0,1.0
20,85,12.0,2.5804921378184424,1.0,0.0,0.0,0.0,0.0,1.0
21,85,6.876041778372123,7.47686088020405,0.0,1.0,0.0,0.0,1.0,1.0
22,85,0.6417431171209067,1.4142646564703834,0.0,0.0,1.0,1.0,1.0,0.0
23,85,10.275344956061678,5.988803972655775,0.0,0.0,0.0,1.0,1.0,0.0
24,85,5.182561328915056,6.123405956030924,0.0,1.0,0.0,0.0,0.0,1.0
25,85,6.033365253846315,9.58044157716185,1.0,0.0,0.0,0.0,0.0,1.0
26,85,7.693904373321301,9.473061077466646,0.0,0.0,0.0,0.0,0.0,0.0
27,85,3.600067210747776,2.8160553642704214,0.0,1.0,1.0,1.0,1.0,0.0
28,85,2.413198226306188,2.0522106691245074,1.0,0.0,0.0,1.0,0.0,1.0
29,85,12.0,4.653597331695342,0.0,0.0,0.0,1.0,1.0,0.0
30,85,2.9494218005937145,10.15327796175901,1.0,0.0,1.0,1.0,1.0,0.0
31,85,1.9425039045150296,11.027710973575193,1.0,1.0,0.0,0.0,1.0,1.0
32,85,9.797870099112023,0.0,1.0,0.0,1.0,1.0,0.0,0.0
33,85,6.029750272853881,7.93865301827497,0.0,1.0,0.0,0.0,1.0,1.0
34,85,1.8677837217475264,9.963238076416522,0.0,0.0,0.0,0.0,0.0,0.0
35,85,4.591254153664759,4.92947516411092,0.0,1.0,0.0,0.0,1.0,1.0
36,85,1.988173135400768,10.571377227291432,0.0,0.0,0.0,1.0,0.0,1.0
37,85,0.0,0.971568229522932,0.0,1.0,0.0,1.0,0.0,0.0
38,85,6.561547831917887,9.666319523378297,0.0,0.0,1.0,0.0,0.0,0.0
39,85,0.5935676676321702,11.441580166303362,0.0,1.0,1.0,0.0,1.0,1.0
0,90,12.0,4.987917519996185,1.0,1.0,1.0,0.0,0.0,0.0
1,90,7.358933798950737,0.0,1.0,0.0,0.0,0.0,0.0,1.0
2,90,10.148065651619044,0.0,1.0,1.0,1.0,1.0,0.0,1.0
3,90,6.789205909199509,8.105248721835002,0.0,0.0,0.0,0.0,0.0,0.0
4,90,8.968614456232132,3.0280199827853256,0.0,1.0,0.0,0.0,1.0,0.0
5,90,1.942522075270877,4.826683682520219,0.0,0.0,1.0,0.0,0.0,1.0
6,90,0.950047630166143,9.018037285551346,1.0,0.0,1.0,1.0,0.0,1.0
7,90,7.135032397418599,2.0094722715041504,1.0,0.0,1.0,0.0,0.0,1.0
8,90,10.877657338528117,3.908730489427832,0.0,1.0,0.0,1.0,0.0,1.0
9,90,7.743201353702791,5.318700440262037,0.0,1.0,1.0,0.0,1.0,0.0
10,90,6.1176983854313205,2.5832819133184834,0.0,0.0,0.0,1.0,0.0,1.0
11,90,2.0137823329618287,11.763689283881115,1.0,0.0,1.0,1.0,1.0,1.0
12,90,1.901871178522472,10.101634259631233,1.0,1.0,1.0,1.0,0.0,0.0
13,90,7.176091390166456,8.569476168172804,1.0,1.0,1.0,1.0,1.0,1.0
14,90,7.669333434731344,6.416676980044774,0.0,0.0,0.0,0.0,0.0,1.0
15,90,8.763905931632642,5.271814889480432,0.0,0.0,0.0,1.0,0.0,0.0
16,90,10.612889792534846,6.650729402252822,0.0,0.0,0.0,0.0,1.0,1.0
17,90,9.823766361748133,0.0480253395498872,1.0,0.0,0.0,0.0,0.0,1.0
18,90,0.0,9.571299651227,1.0,1.0,0.0,1.0,0.0,1.0
19,90,10.077702441346696,0.8379619953796633,1.0,1.0,1.0,0.0,1.0,1.0
20,90,12.0,2.5634125106104317,1.0,0.0,0.0,0.0,0.0,1.0
21,90,6.776144580049549,7.428794525123052,0.0,1.0,0.0,0.0,1.0,1.0
22,90,0.6123269264083325,1.4536945743594345,0.0,0.0,1.0,1.0,1.0,0.0
23,90,10.311469837119173,5.949271939169134,0.0,0.0,0.0,1.0,1.0,0.0
24,90,5.259105760627856,6.132119065116655,0.0,1.0,0.0,0.0,0.0,1.0
25,90,6.0012953520767285,9.56190334341711,1.0,0.0,0.0,0.0,0.0,1.0
26,90,7.688134575601588,9.464947003080551,0.0,0.0,0.0,0.0,0.0,0.0
27,90,3.563942686015208,2.8341259327099686,0.0,1.0,1.0,1.0,1.0,0.0
28,90,2.4794394275274705,1.9632406513752507,1.0,0.0,0.0,1.0,0.0,1.0
29,90,12.0,4.640657290772488,0.0,0.0,0.0,1.0,1.0,0.0
30,90,2.858974774402751,10.159012686638434,1.0,0.0,1.0,1.0,1.0,0.0
31,90,1.9818618970953896,11.018594266800044,1.0,1.0,0.0,0.0,1.0,1.0
32,90,9.737663724354752,0.0,1.0,0.0,1.0,1.0,0.0,0.0
33,90,6.022345441286035,7.9596412495152755,0.0,1.0,0.0,0.0,1.0,1.0
34,90,1.8596578372572228,10.054687752936006,0.0,0.0,0.0,0.0,0.0,0.0
35,90,4.597260063128643,4.929501939378324,0.0,1.0,0.0,0.0,1.0,1.0
36,90,1.9834956179771892,10.48875730012511,0.0,0.0,0.0,1.0,0.0,1.0
37,90,0.0,0.9638337162655308,0.0,1.0,0.0,1.0,0.0,0.0
38,90,6.676230961620857,9.797265475221264,0.0,0.0,1.0,0.0,0.0,0.0
39,90,0.6001910807458374,11.435457727689624,0.0,1.0,1.0,0.0,1.0,1.0
0,95,12.0,4.9858519416899085,1.0,1.0,1.0,0.0,0.0,0.0
1,95,7.304229689079167,0.0,1.0,0.0,0.0,0.0,0.0,1.0
2,95,9.931868360731473,0.0,1.0,1.0,1.0,1.0,0.0,1.0
3,95,6.85323121556132,8.200910708068303,0.0,0.0,0.0,0.0,0.0,0.0
4,95,9.061348674574582,3.0298386255718275,0.0,1.0,0.0,0.0,1.0,0.0
5,95,1.95417349348424,4.844378429186004,0.0,0.0,1.0,0.0,0.0,1.0
6,95,0.9135685281573478,9.125562709044653,1.0,0.0,1.0,1.0,0.0,1.0
7,95,7.190704822613088,1.925820771552062,1.0,0.0,1.0,0.0,0.0,1.0
8,95,10.86295449145302,3.895240284751465,0.0,1.0,0.0,1.0,0.0,1.0
9,95,7.8123113029928115,5.349641163740502,0.0,1.0,1.0,0.0,1.0,0.0
10,95,6.096801232756864,2.59729754667432,0.0,0.0,0.0,1.0,0.0,1.0
11,95,1.9812033944289773,11.701271365781512,1.0,0.0,1.0,1.0,1.0,1.0
12,95,1.868051578320714,10.13357519464174,1.0,1.0,1.0,1.0,0.0,0.0
13,95,7.155915657998669,8.476522652095756,1.0,1.0,1.0,1.0,1.0,1.0
14,95,7.645790195172275,6.514125711063725,0.0,0.0,0.0,0.0,0.0,1.0
15,95,8.757483156371096,5.301231957175467,0.0,0.0,0.0,1.0,0.0,0.0
16,95,10.672014903954938,6.516975866658178,0.0,0.0,0.0,0.0,1.0,1.0
17,95,9.813066479331658,0.0,1.0,0.0,0.0,0.0,0.0,1.0
18,95,0.0,9.471318291204426,1.0,1.0,0.0,1.0,0.0,1.0
19,95,9.98338884937013,0.8221584082348038,1.0,1.0,1.0,0.0,1.0,1.0
20,95,12.0,2.5513386120227075,1.0,0.0,0.0,0.0,0.0,1.0
21,95,6.672927904325157,7.380187128203914,0.0,1.0,0.0,0.0,1.0,1.0
22,95,0.5780803667649267,1.4972558995813674,0.0,0.0,1.0,1.0,1.0,0.0
23,95,10.35653878964379,5.898866393518288,0.0,0.0,0.0,1.0,1.0,0.0
24,95,5.303371416981525,6.137181633296727,0.0,1.0,0.0,0.0,0.0,1.0
25,95,5.948906598829315,9.533894804762006,1.0,0.0,0.0,0.0,0.0,1.0
26,95,7.683650079282378,9.458253458938335,0.0,0.0,0.0,0.0,0.0,0.0
27,95,3.531028983610105,2.85015770307547,0.0,1.0,1.0,1.0,1.0,0.0
28,95,2.5356968211771105,1.891245908932105,1.0,0.0,0.0,1.0,0.0,1.0
29,95,12.0,4.628517984371278,0.0,0.0,0.0,1.0,1.0,0.0
30,95,2.762365470343789,10.164549169531377,1.0,0.0,1.0,1.0,1.0,0.0
31,95,2.0300668801488646,11.005683586174705,1.0,1.0,0.0,0.0,1.0,1.0
32,95,9.68634814683464,0.0,1.0,0.0,1.0,1.0,0.0,0.0
33,95,6.016328224054285,7.976224869902534,0.0,1.0,0.0,0.0,1.0,1.0
34,95,1.8541623197983936,10.131737331674987,0.0,0.0,0.0,0.0,0.0,0.0
35,95,4.613518616539219,4.929683692738924,0.0,1.0,0.0,0.0,1.0,1.0
36,95,1.9803315592426487,10.425490961164334,0.0,0.0,0.0,1.0,0.0,1.0
37,95,0.0,0.9594724339028138,0.0,1.0,0.0,1.0,0.0,0.0
38,95,6.790510704211341,9.929454008379412,0.0,0.0,1.0,0.0,0.0,0.0
39,95,0.5964039201755065,11.438880617788667,0.0,1.0,1.0,0.0,1.0,1.0
0,100,12.0,4.984410471296984,1.0,1.0,1.0,0.0,0.0,0.0
1,100,7.243675261858458,0.0,1.0,0.0,0.0,0.0,0.0,1.0
2,100,9.70999661772964,0.0,1.0,1.0,1.0,1.0,0.0,1.0
3,100,6.911032041991026,8.29250930447907,0.0,0.0,0.0,0.0,0.0,0.0
4,100,9.15412402811312,3.0316536121867177,0.0,1.0,0.0,0.0,1.0,0.0
5,100,1.9590051892365172,4.8513386751780985,0.0,0.0,1.0,0.0,0.0,1.0
6,100,0.8797743761625644,9.21914476732831,1.0,0.0,1.0,1.0,0.0,1.0
7,100,7.248015594355797,1.8412107630525707,1.0,0.0,1.0,0.0,0.0,1.0
8,100,10.846703046066787,3.880334168491488,0.0,1.0,0.0,1.0,0.0,1.0
9,100,7.880605957431844,5.380639111567281,0.0,1.0,1.0,0.0,1.0,0.0
10,100,6.062396921847978,2.6204934809769407,0.0,0.0,0.0,1.0,0.0,1.0
11,100,1.9485510826407064,11.637218688496487,1.0,0.0,1.0,1.0,1.0,1.0
12,100,1.8280994065494849,10.174300984451149,1.0,1.0,1.0,1.0,0.0,0.0
13,100,7.134910518711171,8.381671436053514,1.0,1.0,1.0,1.0,1.0,1.0
14,100,7.626253398387384,6.591356136027205,0.0,0.0,0.0,0.0,0.0,1.0
15,100,8.751638106335973,5.33310704416241,0.0,0.0,0.0,1.0,0.0,0.0
16,100,10.729095307303773,6.396224158005004,0.0,0.0,0.0,0.0,1.0,1.0
17,100,9.804151460366604,0.0,1.0,0.0,0.0,0.0,0.0,1.0
18,100,0.0,9.37805731223061,1.0,1.0,0.0,1.0,0.0,1.0
19,100,9.885570606137833,0.8044326130131995,1.0,1.0,1.0,0.0,1.0,1.0
20,100,12.0,2.53872660797434,1.0,0.0,0.0,0.0,0.0,1.0
21,100,6.586335426358997,7.340522349118556,0.0,1.0,0.0,0.0,1.0,1.0
22,100,0.537424555494713,1.547343448755658,0.0,0.0,1.0,1.0,1.0,0.0
23,100,10.401820288630104,5.848267887974578,0.0,0.0,0.0,1.0,1.0,0.0
24,100,5.349767142593358,6.141227751458419,0.0,1.0,0.0,0.0,0.0,1.0
25,100,5.879676388355033,9.497446609166534,1.0,0.0,0.0,0.0,0.0,1.0
26,100,7.691228163003987,9.469263084913251,0.0,0.0,0.0,0.0,0.0,0.0
27,100,3.48581368161465,2.873127624972154,0.0,1.0,1.0,1.0,1.0,0.0
28,100,2.599049733613703,1.8132703446432248,1.0,0.0,0.0,1.0,0.0,1.0
29,100,12.0,4.615161795223818,0.0,0.0,0.0,1.0,1.0,0.0
30,100,2.67014197113688,10.172171161809064,1.0,0.0,1.0,1.0,1.0,0.0
31,100,2.0740949731175844,10.994628331531596,1.0,1.0,0.0,0.0,1.0,1.0
32,100,9.628641692559423,0.0,1.0,0.0,1.0,1.0,0.0,0.0
33,100,6.015758873217229,7.977853598464024,0.0,1.0,0.0,0.0,1.0,1.0
34,100,1.8468599611485088,10.21880543080454,0.0,0.0,0.0,0.0,0.0,0.0
35,100,4.619796220866272,4.9298197895213605,0.0,1.0,0.0,0.0,1.0,1.0
36,100,1.977315148067874,10.359493648049083,0.0,0.0,0.0,1.0,0.0,1.0
37,100,0.0,0.9507194726306109,0.0,1.0,0.0,1.0,0.0,0.0
38,100,6.916493254386149,10.072461609015363,0.0,0.0,1.0,0.0,0.0,0.0
39,100,0.5775389871161033,11.456958215789331,0.0,1.0,1.0,0.0,1.0,1.0
0,105,12.0,4.982688792992663,1.0,1.0,1.0,0.0,0.0,0.0
1,105,7.188560467054297,0.0,1.0,0.0,0.0,0.0,0.0,1.0
2,105,9.468939210998226,0.0,1.0,1.0,1.0,1.0,0.0,1.0
3,105,6.966929162460149,8.381012425552413,0.0,0.0,0.0,0.0,0.0,0.0
4,105,9.253943315237867,3.0324902590958978,0.0,1.0,0.0,0.0,1.0,0.0
5,105,1.9690480238658927,4.866525876340165,0.0,0.0,1.0,0.0,0.0,1.0
6,105,0.8490392347117881,9.311335231637493,1.0,0.0,1.0,1.0,0.0,1.0
7,105,7.2907186608809775,1.7765357589064892,1.0,0.0,1.0,0.0,0.0,1.0
8,105,10.866704360205883,3.858280041501035,0.0,1.0,0.0,1.0,0.0,1.0
9,105,7.958141678834505,5.418744675703372,0.0,1.0,1.0,0.0,1.0,0.0
10,105,6.0534290865856,2.6267794122925654,0.0,0.0,0.0,1.0,0.0,1.0
11,105,1.915861081373372,11.566419572644396,1.0,0.0,1.0,1.0,1.0,1.0
12,105,1.7901872767666007,10.212354056018665,1.0,1.0,1.0,1.0,0.0,0.0
13,105,7.111118263645162,8.280380163881544,1.0,1.0,1.0,1.0,1.0,1.0
14,105,7.603884317871447,6.678577121016773,0.0,0.0,0.0,0.0,0.0,1.0
15,105,8.745618554800226,5.365400328835067,0.0,0.0,0.0,1.0,0.0,0.0
16,105,10.780153753125624,6.282494880430381,0.0,0.0,0.0,0.0,1.0,1.0
17,105,9.793293986155437,0.0,1.0,0.0,0.0,0.0,0.0,1.0
18,105,0.0,9.298484778916947,1.0,1.0,0.0,1.0,0.0,1.0
19,105,9.790142601471857,0.786935359415135,1.0,1.0,1.0,0.0,1.0,1.0
20,105,12.0,2.521127390785348,1.0,0.0,0.0,0.0,0.0,1.0
21,105,6.49077973142521,7.297516890168606,0.0,1.0,0.0,0.0,1.0,1.0
22,105,0.4903608473354748,1.60600250278556,0.0,0.0,1.0,1.0,1.0,0.0
23,105,10.439991547809612,5.806912553575725,0.0,0.0,0.0,1.0,1.0,0.0
24,105,5.404976688836177,6.145203514979376,0.0,1.0,0.0,0.0,0.0,1.0
25,105,5.821634550079568,9.466859670333635,1.0,0.0,0.0,0.0,0.0,1.0
26,105,7.708574243214872,9.494491575773878,0.0,0.0,0.0,0.0,0.0,0.0
27,105,3.4368672486467915,2.896952094709582,0.0,1.0,1.0,1.0,1.0,0.0
28,105,2.665372314653496,1.7311983415919174,1.0,0.0,0.0,1.0,0.0,1.0
29,105,12.0,4.610408494591068,0.0,0.0,0.0,1.0,1.0,0.0
30,105,2.581023850955559,10.18074358595418,1.0,0.0,1.0,1.0,1.0,0.0
31,105,2.1154333373697103,10.984941013814302,1.0,1.0,0.0,0.0,1.0,1.0
32,105,9.613729444198752,0.060303922833287,1.0,0.0,1.0,1.0,0.0,0.0
33,105,6.005518274753398,8.009349061403759,0.0,1.0,0.0,0.0,1.0,1.0
34,105,1.8431184458697405,10.28459844740592,0.0,0.0,0.0,0.0,0.0,0.0
35,105,4.618189936229103,4.929794702005045,0.0,1.0,0.0,0.0,1.0,1.0
36,105,1.974213470289389,10.288019340046894,0.0,0.0,0.0,1.0,0.0,1.0
37,105,0.0,0.941474093611819,0.0,1.0,0.0,1.0,0.0,0.0
38,105,7.049968530194124,10.229165203001395,0.0,0.0,1.0,0.0,0.0,0.0
39,105,0.5480109777169873,11.48393373615769,0.0,1.0,1.0,0.0,1.0,1.0
0,110,12.0,4.979986207391613,1.0,1.0,1.0,0.0,0.0,0.0
1,110,7.126778899910934,0.0,1.0,0.0,0.0,0.0,0.0,1.0
2,110,9.222894844549137,0.0,1.0,1.0,1.0,1.0,0.0,1.0
3,110,7.027480822766153,8.475793364375034,0.0,0.0,0.0,0.0,0.0,0.0
4,110,9.346135946341551,3.032116787783377,0.0,1.0,0.0,0.0,1.0,0.0
5,110,1.974592981355051,4.874931991311321,0.0,0.0,1.0,0.0,0.0,1.0
6,110,0.822938482106466,9.393790473331878,1.0,0.0,1.0,1.0,0.0,1.0
7,110,7.328778750291018,1.7210578313505047,1.0,0.0,1.0,0.0,0.0,1.0
8,110,10.893603834803702,3.8290954313178,0.0,1.0,0.0,1.0,0.0,1.0
9,110,8.01651716453392,5.44792837392748,0.0,1.0,1.0,0.0,1.0,0.0
10,110,6.048649630668687,2.630170642338625,0.0,0.0,0.0,1.0,0.0,1.0
11,110,1.8830560306386448,11.492339857067138,1.0,0.0,1.0,1.0,1.0,1.0
12,110,1.753751375128613,10.248610466886062,1.0,1.0,1.0,1.0,0.0,0.0
13,110,7.080392050088913,8.159297237371295,1.0,1.0,1.0,1.0,1.0,1.0
14,110,7.582335091298481,6.756997717640752,0.0,0.0,0.0,0.0,0.0,1.0
15,110,8.738966846534662,5.402493172644216,0.0,0.0,0.0,1.0,0.0,0.0
16,110,10.823566293023536,6.178712752286149,0.0,0.0,0.0,0.0,1.0,1.0
17,110,9.785927130899353,0.0,1.0,0.0,0.0,0.0,0.0,1.0
18,110,0.0,9.220633941731434,1.0,1.0,0.0,1.0,0.0,1.0
19,110,9.68725009797321,0.7682329064053108,1.0,1.0,1.0,0.0,1.0,1.0
20,110,12.0,2.502629817795619,1.0,0.0,0.0,0.0,0.0,1.0
21,110,6.404652776700387,7.256164396643043,0.0,1.0,0.0,0.0,1.0,1.0
22,110,0.4586937477928771,1.6472015092222767,0.0,0.0,1.0,1.0,1.0,0.0
23,110,10.468177868436962,5.77572682637691,0.0,0.0,0.0,1.0,1.0,0.0
24,110,5.467588813492511,6.149268050387081,0.0,1.0,0.0,0.0,0.0,1.0
25,110,5.756696042369182,9.430913332259356,1.0,0.0,0.0,0.0,0.0,1.0
26,110,7.7184572750557185,9.508781349454225,0.0,0.0,0.0,0.0,0.0,0.0
27,110,3.371877354906708,2.92820509315967,0.0,1.0,1.0,1.0,1.0,0.0
28,110,2.7292186393521245,1.6512535124454848,1.0,0.0,0.0,1.0,0.0,1.0
29,110,12.0,4.604543808280799,0.0,0.0,0.0,1.0,1.0,0.0
30,110,2.504258341590471,10.1868512319595,1.0,0.0,1.0,1.0,1.0,0.0
31,110,2.145414445234616,10.978473982477356,1.0,1.0,0.0,0.0,1.0,1.0
32,110,9.597070588895306,0.1272998039350084,1.0,0.0,1.0,1.0,0.0,0.0
33,110,5.992088729291189,8.052484616532285,0.0,1.0,0.0,0.0,1.0,1.0
34,110,1.8391227042724383,10.343328916440058,0.0,0.0,0.0,0.0,0.0,0.0
35,110,4.627497188626814,4.930246268659626,0.0,1.0,0.0,0.0,1.0,1.0
36,110,1.9712622328465792,10.202070638302644,0.0,0.0,0.0,1.0,0.0,1.0
37,110,0.0,0.93132348034053,0.0,1.0,0.0,1.0,0.0,0.0
38,110,7.1969344438693374,10.406681424753256,0.0,0.0,1.0,0.0,0.0,0.0
39,110,0.5201938947075355,11.510033918392676,0.0,1.0,1.0,0.0,1.0,1.0
0,115,12.0,4.974929055180488,1.0,1.0,1.0,0.0,0.0,0.0
1,115,7.068601242616065,0.0,1.0,0.0,0.0,0.0,0.0,1.0
2,115,8.985361122531037,0.0,1.0,1.0,1.0,1.0,0.0,1.0
3,115,7.09158869239074,8.573112086579515,0.0,0.0,0.0,0.0,0.0,0.0
4,115,9.455744562168723,3.032064242655131,0.0,1.0,0.0,0.0,1.0,0.0
5,115,1.978858530857572,4.881678639993436,0.0,0.0,1.0,0.0,0.0,1.0
6,115,0.7954350551056186,9.474546358309851,1.0,0.0,1.0,1.0,0.0,1.0
7,115,7.367011348691738,1.6686008642383587,1.0,0.0,1.0,0.0,0.0,1.0
8,115,10.915997567728134,3.805218535260259,0.0,1.0,0.0,1.0,0.0,1.0
9,115,8.095295932284019,5.488508351034382,0.0,1.0,1.0,0.0,1.0,0.0
10,115,6.040351268143114,2.635944707314984,0.0,0.0,0.0,1.0,0.0,1.0
11,115,1.845550257358612,11.404535298663934,1.0,0.0,1.0,1.0,1.0,1.0
12,115,1.708745489476604,10.294021198801492,1.0,1.0,1.0,1.0,0.0,0.0
13,115,7.0550728233161415,8.05289297401019,1.0,1.0,1.0,1.0,1.0,1.0
14,115,7.559791138503495,6.839013551151065,0.0,0.0,0.0,0.0,0.0,1.0
15,115,8.735618346427058,5.426817512532619,0.0,0.0,0.0,1.0,0.0,0.0
16,115,10.870297069933764,6.076083113510997,0.0,0.0,0.0,0.0,1.0,1.0
17,115,9.781833215926046,0.0,1.0,0.0,0.0,0.0,0.0,1.0
18,115,0.0,9.156794156221352,1.0,1.0,0.0,1.0,0.0,1.0
19,115,9.563239692942185,0.7459668432628859,1.0,1.0,1.0,0.0,1.0,1.0
20,115,12.0,2.485562798239009,1.0,0.0,0.0,0.0,0.0,1.0
21,115,6.342834974865583,7.225819422287186,0.0,1.0,0.0,0.0,1.0,1.0
22,115,0.4921825060668469,1.6717108798362372,0.0,0.0,1.0,1.0,1.0,0.0
23,115,10.5118340490965,5.726912323883201,0.0,0.0,0.0,1.0,1.0,0.0
24,115,5.52659812468968,6.152956063362271,0.0,1.0,0.0,0.0,0.0,1.0
25,115,5.677472763716911,9.387308314852886,1.0,0.0,0.0,0.0,0.0,1.0
26,115,7.7152148087509795,9.504398655977058,0.0,0.0,0.0,0.0,0.0,0.0
27,115,3.31059515790583,2.956389082622308,0.0,1.0,1.0,1.0,1.0,0.0
28,115,2.800911094842083,1.5612649716506788,1.0,0.0,0.0,1.0,0.0,1.0
29,115,12.0,4.602341801520997,0.0,0.0,0.0,1.0,1.0,0.0
30,115,2.4433154615780426,10.192027796469368,1.0,0.0,1.0,1.0,1.0,0.0
31,115,2.1783285421754983,10.970923219303431,1.0,1.0,0.0,0.0,1.0,1.0
32,115,9.586280462743296,0.1723107326317144,1.0,0.0,1.0,1.0,0.0,0.0
33,115,5.975492622600978,8.112806485189347,0.0,1.0,0.0,0.0,1.0,1.0
34,115,1.836009264897361,10.387243888323647,0.0,0.0,0.0,0.0,0.0,0.0
35,115,4.635750849495888,4.930669159741237,0.0,1.0,0.0,0.0,1.0,1.0
36,115,1.967229089456768,10.100966380814551,0.0,0.0,0.0,1.0,0.0,1.0
37,115,0.0,0.9205722233193536,0.0,1.0,0.0,1.0,0.0,0.0
38,115,7.331191749256918,10.572744685504992,0.0,0.0,1.0,0.0,0.0,0.0
39,115,0.4904384319048515,11.53843304561511,0.0,1.0,1.0,0.0,1.0,1.0
0,120,12.0,4.96919956569552,1.0,1.0,1.0,0.0,0.0,0.0
1,120,7.015554325418009,0.0,1.0,0.0,0.0,0.0,0.0,1.0
2,120,8.747161447774891,0.0,1.0,1.0,1.0,1.0,0.0,1.0
3,120,7.1483411726436366,8.662304471174457,0.0,0.0,0.0,0.0,0.0,0.0
4,120,9.55302032827733,3.029752590667228,0.0,1.0,0.0,0.0,1.0,0.0
5,120,1.975825424881151,4.877006540057643,0.0,0.0,1.0,0.0,0.0,1.0
6,120,0.7678958796965791,9.55982577935412,1.0,0.0,1.0,1.0,0.0,1.0
7,120,7.407504607073294,1.6127173485394786,1.0,0.0,1.0,0.0,0.0,1.0
8,120,10.954469124516349,3.765559047695577,0.0,1.0,0.0,1.0,0.0,1.0
9,120,8.181588531125813,5.531502056510672,0.0,1.0,1.0,0.0,1.0,0.0
10,120,6.06620382163418,2.6189745537318383,0.0,0.0,0.0,1.0,0.0,1.0
11,120,1.8012996577248177,11.296147679283612,1.0,0.0,1.0,1.0,1.0,1.0
12,120,1.659576694585283,10.346947286356912,1.0,1.0,1.0,1.0,0.0,0.0
13,120,7.179315895397919,8.02896471683302,1.0,1.0,1.0,1.0,1.0,1.0
14,120,7.543027974103608,6.899443945028672,0.0,0.0,0.0,0.0,0.0,1.0
15,120,8.732729046871041,5.452018031424724,0.0,0.0,0.0,1.0,0.0,0.0
16,120,10.907806701975732,5.994325762304573,0.0,0.0,0.0,0.0,1.0,1.0
17,120,9.779368973976933,0.0,1.0,0.0,0.0,0.0,0.0,1.0
18,120,0.0,9.094306954267488,1.0,1.0,0.0,1.0,0.0,1.0
19,120,9.438562941987858,0.7233377326031933,1.0,1.0,1.0,0.0,1.0,1.0
20,120,12.0,2.4636683596969307,1.0,0.0,0.0,0.0,0.0,1.0
21,120,6.273689565672442,7.188484977712564,0.0,1.0,0.0,0.0,1.0,1.0
22,120,0.5329288149849873,1.700962513870879,0.0,0.0,1.0,1.0,1.0,0.0
23,120,10.546014738174918,5.68720328856611,0.0,0.0,0.0,1.0,1.0,0.0
24,120,5.574756954299553,6.156199711860005,0.0,1.0,0.0,0.0,0.0,1.0
25,120,5.604330030016657,9.345535946002023,1.0,0.0,0.0,0.0,0.0,1.0
26,120,7.714382668948994,9.503231760715144,0.0,0.0,0.0,0.0,0.0,0.0
27,120,3.257086141511383,2.9811074493124954,0.0,1.0,1.0,1.0,1.0,0.0
28,120,2.8587135311393435,1.4899760591703302,1.0,0.0,0.0,1.0,0.0,1.0
29,120,12.0,4.600275525472072,0.0,0.0,0.0,1.0,1.0,0.0
30,120,2.3682432986669117,10.199633432816231,1.0,0.0,1.0,1.0,1.0,0.0
31,120,2.215064779962982,10.96294020680703,1.0,1.0,0.0,0.0,1.0,1.0
32,120,9.574141013690236,0.2211923054652481,1.0,0.0,1.0,1.0,0.0,0.0
33,120,5.958146146644626,8.172208030640922,0.0,1.0,0.0,0.0,1.0,1.0
34,120,1.8345113274792104,10.4078323551058,0.0,0.0,0.0,0.0,0.0,0.0
35,120,4.652714782436624,4.931706582972603,0.0,1.0,0.0,0.0,1.0,1.0
36,120,1.963599943231987,9.99141315685232,0.0,0.0,0.0,1.0,0.0,1.0
37,120,0.0,0.9095324840392084,0.0,1.0,0.0,1.0,0.0,0.0
38,120,7.470290842538259,10.738324079807873,0.0,0.0,1.0,0.0,0.0,0.0
39,120,0.4593558466007757,11.571123133580755,0.0,1.0,1.0,0.0,1.0,1.0
0,125,12.0,4.962846853462756,1.0,1.0,1.0,0.0,0.0,0.0
1,125,6.962429156126613,0.0,1.0,0.0,0.0,0.0,0.0,1.0
2,125,8.787827192007212,0.0,1.0,1.0,1.0,1.0,0.0,1.0
3,125,7.202571107292178,8.745768657920495,0.0,0.0,0.0,0.0,0.0,0.0
4,125,9.662557630461066,3.0263159571236486,0.0,1.0,0.0,0.0,1.0,0.0
5,125,1.9745243844565332,4.87494618688123,0.0,0.0,1.0,0.0,0.0,1.0
6,125,0.7370750385089818,9.663963532530722,1.0,0.0,1.0,1.0,0.0,1.0
7,125,7.445979877571381,1.5589118035255718,1.0,0.0,1.0,0.0,0.0,1.0
8,125,10.989150004603577,3.729110256075756,0.0,1.0,0.0,1.0,0.0,1.0
9,125,8.22338827211882,5.450152390975933,0.0,1.0,1.0,0.0,1.0,0.0
10,125,6.08751998729497,2.605172411595527,0.0,0.0,0.0,1.0,0.0,1.0
11,125,1.7568217614197637,11.187426822214476,1.0,0.0,1.0,1.0,1.0,1.0
12,125,1.5959228369429317,10.410759718173246,1.0,1.0,1.0,1.0,0.0,0.0
13,125,7.301041615275371,8.00754760926895,1.0,1.0,1.0,1.0,1.0,1.0
14,125,7.532808983718217,6.937134627676979,0.0,0.0,0.0,0.0,0.0,1.0
15,125,8.73173857941241,5.462190228265447,0.0,0.0,0.0,1.0,0.0,0.0
16,125,10.945484649456304,5.910322580048559,0.0,0.0,0.0,0.0,1.0,1.0
17,125,9.779240920047808,0.0,1.0,0.0,0.0,0.0,0.0,1.0
18,125,0.0,9.03546084169554,1.0,1.0,0.0,1.0,0.0,1.0
19,125,9.34327085505267,0.7069425341709419,1.0,1.0,1.0,0.0,1.0,1.0
20,125,12.0,2.4467566372038383,1.0,0.0,0.0,0.0,0.0,1.0
21,125,6.209147591137072,7.156593996112064,0.0,1.0,0.0,0.0,1.0,1.0
22,125,0.5746680557546331,1.7323351973614625,0.0,0.0,1.0,1.0,1.0,0.0
23,125,10.578086671407656,5.650116422359339,0.0,0.0,0.0,1.0,1.0,0.0
24,125,5.626324654163311,6.159014801973916,0.0,1.0,0.0,0.0,0.0,1.0
25,125,5.532370467933818,9.301098993901803,1.0,0.0,0.0,0.0,0.0,1.0
26,125,7.708326884513515,9.494285814232963,0.0,0.0,0.0,0.0,0.0,0.0
27,125,3.2093463824187176,3.0022641498861984,0.0,1.0,1.0,1.0,1.0,0.0
28,125,2.9125779139522936,1.420016204304475,1.0,0.0,0.0,1.0,0.0,1.0
29,125,12.0,4.591824843555668,0.0,0.0,0.0,1.0,1.0,0.0
30,125,2.294050198907106,10.205562055726142,1.0,0.0,1.0,1.0,1.0,0.0
31,125,2.257826615809148,10.95243187451404,1.0,1.0,0.0,0.0,1.0,1.0
32,125,9.564615837182911,0.2610826341685762,1.0,0.0,1.0,1.0,0.0,0.0
33,125,5.944572103746113,8.224206421193035,0.0,1.0,0.0,0.0,1.0,1.0
34,125,1.8331415866029823,10.43133329879976,0.0,0.0,0.0,0.0,0.0,0.0
35,125,4.669212873798282,4.932928208627925,0.0,1.0,0.0,0.0,1.0,1.0
36,125,1.960911884141468,9.882712875670324,0.0,0.0,0.0,1.0,0.0,1.0
37,125,0.0,0.8991192571953599,0.0,1.0,0.0,1.0,0.0,0.0
38,125,7.617946826973979,10.90932630461922,0.0,0.0,1.0,0.0,0.0,0.0
39,125,0.4405455046981823,11.589640063549574,0.0,1.0,1.0,0.0,1.0,1.0
0,130,12.0,4.955933732182346,1.0,1.0,1.0,0.0,0.0,0.0
1,130,6.92108699688146,0.0,1.0,0.0,0.0,0.0,0.0,1.0
2,130,8.828826427428323,0.0,1.0,1.0,1.0,1.0,0.0,1.0
3,130,7.267300761807629,8.841220446732162,0.0,0.0,0.0,0.0,0.0,0.0
4,130,9.767853578216044,3.0229277255386675,0.0,1.0,0.0,0.0,1.0,0.0
5,130,1.9700014334018563,4.868013839108533,0.0,0.0,1.0,0.0,0.0,1.0
6,130,0.7061588191032281,9.7722791663591,1.0,0.0,1.0,1.0,0.0,1.0
7,130,7.484513574671408,1.5043222977459998,1.0,0.0,1.0,0.0,0.0,1.0
8,130,11.030071709740245,3.6873535750757833,0.0,1.0,0.0,1.0,0.0,1.0
9,130,8.262990441485451,5.376078777927376,0.0,1.0,1.0,0.0,1.0,0.0
10,130,6.122236730881967,2.583520753012975,0.0,0.0,0.0,1.0,0.0,1.0
11,130,1.7110335383045543,11.076206998873964,1.0,0.0,1.0,1.0,1.0,1.0
12,130,1.5416752712086723,10.464001701312707,1.0,1.0,1.0,1.0,0.0,0.0
13,130,7.3985618128530515,7.989578136612374,1.0,1.0,1.0,1.0,1.0,1.0
14,130,7.523654892590367,6.970369631125072,0.0,0.0,0.0,0.0,0.0,1.0
15,130,8.731475197295367,5.464723529808822,0.0,0.0,0.0,1.0,0.0,0.0
16,130,10.989559844520809,5.811324598111247,0.0,0.0,0.0,0.0,1.0,1.0
17,130,9.780263287404392,0.004734582931519,1.0,0.0,0.0,0.0,0.0,1.0
18,130,0.0,8.981876180121306,1.0,1.0,0.0,1.0,0.0,1.0
19,130,9.242503386298706,0.6913888051257032,1.0,1.0,1.0,0.0,1.0,1.0
20,130,12.0,2.4289693230641074,1.0,0.0,0.0,0.0,0.0,1.0
21,130,6.142396684511676,7.122375679670503,0.0,1.0,0.0,0.0,1.0,1.0
22,130,0.5957956233223419,1.747471051206548,0.0,0.0,1.0,1.0,1.0,0.0
23,130,10.597753651344414,5.627304956684951,0.0,0.0,0.0,1.0,1.0,0.0
24,130,5.683607713522781,6.160924117012904,0.0,1.0,0.0,0.0,0.0,1.0
25,130,5.466956255600914,9.260120867635909,1.0,0.0,0.0,0.0,0.0,1.0
26,130,7.693208100391871,9.472283047568109,0.0,0.0,0.0,0.0,0.0,0.0
27,130,3.1530538323000283,3.027760995456537,0.0,1.0,1.0,1.0,1.0,0.0
28,130,2.959318520206696,1.3597136773785796,1.0,0.0,0.0,1.0,0.0,1.0
29,130,12.0,4.577290646613473,0.0,0.0,0.0,1.0,1.0,0.0
30,130,2.205197017264062,10.211911979100542,1.0,0.0,1.0,1.0,1.0,0.0
31,130,2.2905143787276145,10.943825679005268,1.0,1.0,0.0,0.0,1.0,1.0
32,130,9.557024687467267,0.2900456449695728,1.0,0.0,1.0,1.0,0.0,0.0
33,130,5.934196997647522,8.262494003204958,0.0,1.0,0.0,0.0,1.0,1.0
34,130,1.831770543004801,10.456278900674585,0.0,0.0,0.0,0.0,0.0,0.0
35,130,4.684226597719958,4.934084730452187,0.0,1.0,0.0,0.0,1.0,1.0
36,130,1.9605221645781536,9.7856833946095,0.0,0.0,0.0,1.0,0.0,1.0
37,130,0.0,0.8881366402239855,0.0,1.0,0.0,1.0,0.0,0.0
38,130,7.773787144680131,11.085894348199536,0.0,0.0,1.0,0.0,0.0,0.0
39,130,0.4181200889375913,11.611260110123828,0.0,1.0,1.0,0.0,1.0,1.0
0,135,12.0,4.949762554822875,1.0,1.0,1.0,0.0,0.0,0.0
1,135,6.859076983042056,0.0,1.0,0.0,0.0,0.0,0.0,1.0
2,135,8.868578002043769,0.0,1.0,1.0,1.0,1.0,0.0,1.0
3,135,7.322051075920127,8.922575962995477,0.0,0.0,0.0,0.0,0.0,0.0
4,135,9.881443836621449,3.0178805864068643,0.0,1.0,0.0,0.0,1.0,0.0
5,135,1.9705375835721095,4.868837087595353,0.0,0.0,1.0,0.0,0.0,1.0
6,135,0.6741107849526867,9.884577185827032,1.0,0.0,1.0,1.0,0.0,1.0
7,135,7.517460994078549,1.4543078341967628,1.0,0.0,1.0,0.0,0.0,1.0
8,135,11.061081642391422,3.657385921622229,0.0,1.0,0.0,1.0,0.0,1.0
9,135,8.30297737425656,5.30458583162648,0.0,1.0,1.0,0.0,1.0,0.0
10,135,6.138878846321585,2.5723898184193037,0.0,0.0,0.0,1.0,0.0,1.0
11,135,1.665810597905944,10.968219174736504,1.0,0.0,1.0,1.0,1.0,1.0
12,135,1.4788542983434487,10.525312173408253,1.0,1.0,1.0,1.0,0.0,0.0
13,135,7.47356812636287,7.975258609732454,1.0,1.0,1.0,1.0,1.0,1.0
14,135,7.51486916481908,7.002606081597263,0.0,0.0,0.0,0.0,0.0,1.0
15,135,8.730019669713469,5.480205514617874,0.0,0.0,0.0,1.0,0.0,0.0
16,135,11.05023052163521,5.681086010000849,0.0,0.0,0.0,0.0,1.0,1.0
17,135,9.781214935392583,0.0096180285489667,1.0,0.0,0.0,0.0,0.0,1.0
18,135,0.0,8.934123462633684,1.0,1.0,0.0,1.0,0.0,1.0
19,135,9.142171275777372,0.675781912858246,1.0,1.0,1.0,0.0,1.0,1.0
20,135,12.0,2.406883128662701,1.0,0.0,0.0,0.0,0.0,1.0
21,135,6.069481688446313,7.084931858618695,0.0,1.0,0.0,0.0,1.0,1.0
22,135,0.6140377044459633,1.7613765212204238,0.0,0.0,1.0,1.0,1.0,0.0
23,135,10.61127792342853,5.61064421136311,0.0,0.0,0.0,1.0,1.0,0.0
24,135,5.7253878565718015,6.161077624449479,0.0,1.0,0.0,0.0,0.0,1.0
25,135,5.404379796831332,9.222251871603728,1.0,0.0,0.0,0.0,0.0,1.0
26,135,7.665260279949846,9.43203997922846,0.0,0.0,0.0,0.0,0.0,0.0
27,135,3.112193579226459,3.045887733743336,0.0,1.0,1.0,1.0,1.0,0.0
28,135,3.016346014070256,1.292865208897755,1.0,0.0,0.0,1.0,0.0,1.0
29,135,12.0,4.564923809108991,0.0,0.0,0.0,1.0,1.0,0.0
30,135,2.12017695145492,10.21720512793016,1.0,0.0,1.0,1.0,1.0,0.0
31,135,2.3435044369924967,10.930776134444152,1.0,1.0,0.0,0.0,1.0,1.0
32,135,9.546469993646388,0.3251505061237358,1.0,0.0,1.0,1.0,0.0,0.0
33,135,5.924773117528038,8.299561631092551,0.0,1.0,0.0,0.0,1.0,1.0
34,135,1.8290184387599784,10.49471146049337,0.0,0.0,0.0,0.0,0.0,0.0
35,135,4.70467274180393,4.936856639796216,0.0,1.0,0.0,0.0,1.0,1.0
36,135,1.959444154898917,9.680661361604232,0.0,0.0,0.0,1.0,0.0,1.0
37,135,0.0,0.8776301627320808,0.0,1.0,0.0,1.0,0.0,0.0
38,135,7.931125584587545,11.26576430402192,0.0,0.0,1.0,0.0,0.0,0.0
39,135,0.3903481679570252,11.638219419747193,0.0,1.0,1.0,0.0,1.0,1.0
0,140,12.0,4.944790548413431,1.0,1.0,1.0,0.0,0.0,0.0
1,140,6.802133655729628,0.0,1.0,0.0,0.0,0.0,0.0,1.0
2,140,8.9069847269112,0.0,1.0,1.0,1.0,1.0,0.0,1.0
3,140,7.378998254832089,9.006302678534775,0.0,0.0,0.0,0.0,0.0,0.0
4,140,9.996456926488031,3.0128024621468907,0.0,1.0,0.0,0.0,1.0,0.0
5,140,1.975846422411479,4.877267211190315,0.0,0.0,1.0,0.0,0.0,1.0
6,140,0.6456939307918204,9.985478327568227,1.0,0.0,1.0,1.0,0.0,1.0
7,140,7.558355460123038,1.39172518068974,1.0,0.0,1.0,0.0,0.0,1.0
8,140,11.09505505245809,3.625814961077688,0.0,1.0,0.0,1.0,0.0,1.0
9,140,8.34421822509522,5.230756237131041,0.0,1.0,1.0,0.0,1.0,0.0
10,140,6.157810481651347,2.5597683898483536,0.0,0.0,0.0,1.0,0.0,1.0
11,140,1.6134522886252003,10.84364574552143,1.0,0.0,1.0,1.0,1.0,1.0
12,140,1.4081877467490211,10.59022129274901,1.0,1.0,1.0,1.0,0.0,0.0
13,140,7.567129473254902,7.958465410357265,1.0,1.0,1.0,1.0,1.0,1.0
14,140,7.502116325709495,7.056015458241399,0.0,0.0,0.0,0.0,0.0,1.0
15,140,8.72606883105771,5.518312016313931,0.0,0.0,0.0,1.0,0.0,0.0
16,140,11.105927618317727,5.560645457489131,0.0,0.0,0.0,0.0,1.0,1.0
17,140,9.78121984425761,0.0096422407442095,1.0,0.0,0.0,0.0,0.0,1.0
18,140,0.0,8.879745432167734,1.0,1.0,0.0,1.0,0.0,1.0
19,140,9.064950552169172,0.6640742739675439,1.0,1.0,1.0,0.0,1.0,1.0
20,140,12.0,2.3887620260993727,1.0,0.0,0.0,0.0,0.0,1.0
21,140,5.992201357145356,7.045325865576521,0.0,1.0,0.0,0.0,1.0,1.0
22,140,0.6326559369743741,1.7756337580716823,0.0,0.0,1.0,1.0,1.0,0.0
23,140,10.613903853532603,5.607552416505412,0.0,0.0,0.0,1.0,1.0,0.0
24,140,5.772782230287302,6.160017617424661,0.0,1.0,0.0,0.0,0.0,1.0
25,140,5.323665075452705,9.173850649701356,1.0,0.0,0.0,0.0,0.0,1.0
26,140,7.628537418734001,9.377597198606615,0.0,0.0,0.0,0.0,0.0,0.0
27,140,3.081547846257505,3.0598866422924043,0.0,1.0,1.0,1.0,1.0,0.0
28,140,3.078044624197521,1.2238296543240623,1.0,0.0,0.0,1.0,0.0,1.0
29,140,12.0,4.540584588613232,0.0,0.0,0.0,1.0,1.0,0.0
30,140,2.0185302264555984,10.223362841516323,1.0,0.0,1.0,1.0,1.0,0.0
31,140,2.419058845369507,10.914239991566497,1.0,1.0,0.0,0.0,1.0,1.0
32,140,9.54362661339808,0.3346887559817929,1.0,0.0,1.0,1.0,0.0,0.0
33,140,5.916675162099199,8.332984025344738,0.0,1.0,0.0,0.0,1.0,1.0
34,140,1.82638218048547,10.530103996050563,0.0,0.0,0.0,0.0,0.0,0.0
35,140,4.741444650900827,4.942469309677901,0.0,1.0,0.0,0.0,1.0,1.0
36,140,1.958970720323624,9.577830668098205,0.0,0.0,0.0,1.0,0.0,1.0
37,140,0.0,0.8649423782856801,0.0,1.0,0.0,1.0,0.0,0.0
38,140,8.096568686947313,11.454461850790096,0.0,0.0,1.0,0.0,0.0,0.0
39,140,0.3672636081234256,11.66134079139858,0.0,1.0,1.0,0.0,1.0,1.0
0,145,12.0,4.936522431859752,1.0,1.0,1.0,0.0,0.0,0.0
1,145,6.746727864164946,0.0,1.0,0.0,0.0,0.0,0.0,1.0
2,145,8.945057365707132,0.0,1.0,1.0,1.0,1.0,0.0,1.0
3,145,7.432306326427006,9.08352278937242,0.0,0.0,0.0,0.0,0.0,0.0
4,145,10.093252336983747,3.007755308395552,0.0,1.0,0.0,0.0,1.0,0.0
5,145,1.9788956812303369,4.881866874950161,0.0,0.0,1.0,0.0,0.0,1.0
6,145,0.6102808231388777,10.097766294191231,1.0,0.0,1.0,1.0,0.0,1.0
7,145,7.610438150189313,1.312118550937974,1.0,0.0,1.0,0.0,0.0,1.0
8,145,11.125104269474692,3.5979158433368044,0.0,1.0,0.0,1.0,0.0,1.0
9,145,8.391558533112418,5.142899036519188,0.0,1.0,1.0,0.0,1.0,0.0
10,145,6.1910505372821385,2.5397269868071723,0.0,0.0,0.0,1.0,0.0,1.0
11,145,1.558817289027378,10.724271565446918,1.0,0.0,1.0,1.0,1.0,1.0
12,145,1.3202507023184489,10.673508697303433,1.0,1.0,1.0,1.0,0.0,0.0
13,145,7.656043097565776,7.942503037994576,1.0,1.0,1.0,1.0,1.0,1.0
14,145,7.494558559054503,7.085777458449581,0.0,0.0,0.0,0.0,0.0,1.0
15,145,8.723309865056613,5.543571418875865,0.0,0.0,0.0,1.0,0.0,0.0
16,145,11.159887314479452,5.4378977357651,0.0,0.0,0.0,0.0,1.0,1.0
17,145,9.78464337869918,0.0269630905450715,1.0,0.0,0.0,0.0,0.0,1.0
18,145,0.0,8.827350384245896,1.0,1.0,0.0,1.0,0.0,1.0
19,145,9.004774742092083,0.6531519899541122,1.0,1.0,1.0,0.0,1.0,1.0
20,145,12.0,2.3715128097702225,1.0,0.0,0.0,0.0,0.0,1.0
21,145,5.909610339961967,7.002324347005625,0.0,1.0,0.0,0.0,1.0,1.0
22,145,0.6489909131180935,1.788111229643629,0.0,0.0,1.0,1.0,1.0,0.0
23,145,10.607662619799788,5.614888051234022,0.0,0.0,0.0,1.0,1.0,0.0
24,145,5.81650710787541,6.158111558176234,0.0,1.0,0.0,0.0,0.0,1.0
25,145,5.243781721844917,9.128048708361652,1.0,0.0,0.0,0.0,0.0,1.0
26,145,7.582019256885598,9.306032797331367,0.0,0.0,0.0,0.0,0.0,0.0
27,145,3.0521001623057384,3.073186734230637,0.0,1.0,1.0,1.0,1.0,0.0
28,145,3.1474564397637894,1.1485328738600162,1.0,0.0,0.0,1.0,0.0,1.0
29,145,12.0,4.520468655503267,0.0,0.0,0.0,1.0,1.0,0.0
30,145,1.9180664864351773,10.229933343346458,1.0,0.0,1.0,1.0,1.0,0.0
31,145,2.4937659022590366,10.895848534869833,1.0,1.0,0.0,0.0,1.0,1.0
32,145,9.543273678939688,0.3359391659419095,1.0,0.0,1.0,1.0,0.0,0.0
33,145,5.906464692366455,8.379270288278631,0.0,1.0,0.0,0.0,1.0,1.0
34,145,1.823753945921805,10.576580084712724,0.0,0.0,0.0,0.0,0.0,0.0
35,145,4.779061107122929,4.949026570001364,0.0,1.0,0.0,0.0,1.0,1.0
36,145,1.9613470235015404,9.476851319725414,0.0,0.0,0.0,1.0,0.0,1.0
37,145,0.0,0.8504066225459472,0.0,1.0,0.0,1.0,0.0,0.0
38,145,8.262270474681895,11.638551008464477,0.0,0.0,1.0,0.0,0.0,0.0
39,145,0.3400190689927041,11.690440867622751,0.0,1.0,1.0,0.0,1.0,1.0
0,150,12.0,4.929632117950258,1.0,1.0,1.0,0.0,0.0,0.0
1,150,6.682171340722143,0.0,1.0,0.0,0.0,0.0,0.0,1.0
2,150,8.98080350678333,0.0,1.0,1.0,1.0,1.0,0.0,1.0
3,150,7.473513587957438,9.144975785714191,0.0,0.0,0.0,0.0,0.0,0.0
4,150,10.18596714618339,3.002744948253135,0.0,1.0,0.0,0.0,1.0,0.0
5,150,1.970817644065557,4.868846635594293,0.0,0.0,1.0,0.0,0.0,1.0
6,150,0.5723197814710512,10.2177987972878,1.0,0.0,1.0,1.0,0.0,1.0
7,150,7.660636262279795,1.2389181476233615,1.0,0.0,1.0,0.0,0.0,1.0
8,150,11.144768130735908,3.5802427536181964,0.0,1.0,0.0,1.0,0.0,1.0
9,150,8.438444420664123,5.060293979875382,0.0,1.0,1.0,0.0,1.0,0.0
10,150,6.225848791782335,2.5182198296382725,0.0,0.0,0.0,1.0,0.0,1.0
11,150,1.5058737581711046,10.605196942390087,1.0,0.0,1.0,1.0,1.0,1.0
12,150,1.2515987528787391,10.734304779919642,1.0,1.0,1.0,1.0,0.0,0.0
13,150,7.759809383181918,7.9242062048421,1.0,1.0,1.0,1.0,1.0,1.0
14,150,7.486922875343854,7.113315072727031,0.0,0.0,0.0,0.0,0.0,1.0
15,150,8.720306074464773,5.56596778549511,0.0,0.0,0.0,1.0,0.0,0.0
16,150,11.223987084593942,5.299022403904956,0.0,0.0,0.0,0.0,1.0,1.0
17,150,9.78822390777688,0.0471694666470682,1.0,0.0,0.0,0.0,0.0,1.0
18,150,0.0,8.772771500323548,1.0,1.0,0.0,1.0,0.0,1.0
19,150,8.929978416202221,0.6383121755333961,1.0,1.0,1.0,0.0,1.0,1.0
20,150,12.0,2.3522976338969515,1.0,0.0,0.0,0.0,0.0,1.0
21,150,5.8306794050632895,6.962086516419801,0.0,1.0,0.0,0.0,1.0,1.0
22,150,0.6815951848184966,1.8118172466855944,0.0,0.0,1.0,1.0,1.0,0.0
23,150,10.62062507801726,5.598954466212999,0.0,0.0,0.0,1.0,1.0,0.0
24,150,5.859494514008616,6.155614942590907,0.0,1.0,0.0,0.0,0.0,1.0
25,150,5.150626273883208,9.075259926010425,1.0,0.0,0.0,0.0,0.0,1.0
26,150,7.540950706817531,9.241763517664088,0.0,0.0,0.0,0.0,0.0,0.0
27,150,3.030649161051134,3.0822935818756148,0.0,1.0,1.0,1.0,1.0,0.0
28,150,3.245226138016395,1.040017615201781,1.0,0.0,0.0,1.0,0.0,1.0
29,150,12.0,4.498083328827509,0.0,0.0,0.0,1.0,1.0,0.0
30,150,1.8083140334338204,10.234831299739673,1.0,0.0,1.0,1.0,1.0,0.0
31,150,2.5982411071368925,10.870157988374247,1.0,1.0,0.0,0.0,1.0,1.0
32,150,9.544972664591509,0.33007391733845,1.0,0.0,1.0,1.0,0.0,0.0
33,150,5.896584553226909,8.4307035261877,0.0,1.0,0.0,0.0,1.0,1.0
34,150,1.821984607532019,10.624104188730426,0.0,0.0,0.0,0.0,0.0,0.0
35,150,4.836048093852849,4.958883854524964,0.0,1.0,0.0,0.0,1.0,1.0
36,150,1.9656155404340363,9.365522937994974,0.0,0.0,0.0,1.0,0.0,1.0
37,150,0.0,0.8357632947750906,0.0,1.0,0.0,1.0,0.0,0.0
38,150,8.421969608861056,11.811908786862553,0.0,0.0,1.0,0.0,0.0,0.0
39,150,0.3065375420694386,11.727342223787222,0.0,1.0,1.0,0.0,1.0,1.0
0,155,12.0,4.923266402798295,1.0,1.0,1.0,0.0,0.0,0.0
1,155,6.6115660820657824,0.0,1.0,0.0,0.0,0.0,0.0,1.0
2,155,9.019851922246591,0.0,1.0,1.0,1.0,1.0,0.0,1.0
3,155,7.515210163566187,9.2131102192217,0.0,0.0,0.0,0.0,0.0,0.0
4,155,10.305807555622923,2.993323802151308,0.0,1.0,0.0,0.0,1.0,0.0
5,155,1.964531922120432,4.858851407487433,0.0,0.0,1.0,0.0,0.0,1.0
6,155,0.5417301588183431,10.31693205539787,1.0,0.0,1.0,1.0,0.0,1.0
7,155,7.703690694267975,1.1762841911844115,1.0,0.0,1.0,0.0,0.0,1.0
8,155,11.159302512828791,3.567117923787197,0.0,1.0,0.0,1.0,0.0,1.0
9,155,8.492540782920251,4.960426249284198,0.0,1.0,1.0,0.0,1.0,0.0
10,155,6.261220529054661,2.4960212349275497,0.0,0.0,0.0,1.0,0.0,1.0
11,155,1.4484202459868405,10.472795632934114,1.0,0.0,1.0,1.0,1.0,1.0
12,155,1.184367522804606,10.794059843966853,1.0,1.0,1.0,1.0,0.0,0.0
13,155,7.851494392077828,7.905518039577559,1.0,1.0,1.0,1.0,1.0,1.0
14,155,7.482602636723544,7.129318578323534,0.0,0.0,0.0,0.0,0.0,1.0
15,155,8.717110098969457,5.586842114480345,0.0,0.0,0.0,1.0,0.0,0.0
16,155,11.28642045534614,5.161821570736704,0.0,0.0,0.0,0.0,1.0,1.0
17,155,9.792373264478558,0.0711043157076151,1.0,0.0,0.0,0.0,0.0,1.0
18,155,0.0,8.721087790048696,1.0,1.0,0.0,1.0,0.0,1.0
19,155,8.847717258150476,0.6245414963638772,1.0,1.0,1.0,0.0,1.0,1.0
20,155,12.0,2.3319928723089665,1.0,0.0,0.0,0.0,0.0,1.0
21,155,5.764880354254708,6.928030134869111,0.0,1.0,0.0,0.0,1.0,1.0
22,155,0.7202988228520283,1.8397102612563383,0.0,0.0,1.0,1.0,1.0,0.0
23,155,10.62746644372002,5.590251719591418,0.0,0.0,0.0,1.0,1.0,0.0
24,155,5.946155617472103,6.15164177423347,0.0,1.0,0.0,0.0,0.0,1.0
25,155,5.06176365051988,9.024854953786996,1.0,0.0,0.0,0.0,0.0,1.0
26,155,7.489481382812339,9.162877277985748,0.0,0.0,0.0,0.0,0.0,0.0
27,155,3.0204429995475195,3.0867345820806147,0.0,1.0,1.0,1.0,1.0,0.0
28,155,3.3462162062661736,0.9286210024901476,1.0,0.0,0.0,1.0,0.0,1.0
29,155,12.0,4.466825237348373,0.0,0.0,0.0,1.0,1.0,0.0
30,155,1.710775488282809,10.23890989355736,1.0,0.0,1.0,1.0,1.0,0.0
31,155,2.694754492124957,10.84697009814906,1.0,1.0,0.0,0.0,1.0,1.0
32,155,9.546409024395386,0.3240228324521935,1.0,0.0,1.0,1.0,0.0,0.0
33,155,5.892014031658994,8.456116069804327,0.0,1.0,0.0,0.0,1.0,1.0
34,155,1.8191178388787448,10.686921709842505,0.0,0.0,0.0,0.0,0.0,0.0
35,155,4.904949778131635,4.970501051987474,0.0,1.0,0.0,0.0,1.0,1.0
36,155,1.971484204393848,9.255045136796962,0.0,0.0,0.0,1.0,0.0,1.0
37,155,0.0,0.8180795133105636,0.0,1.0,0.0,1.0,0.0,0.0
38,155,8.587556102191233,11.993525720470815,0.0,0.0,1.0,0.0,0.0,0.0
39,155,0.2619979204052963,11.774058579685905,0.0,1.0,1.0,0.0,1.0,1.0
0,160,12.0,4.917221064020583,1.0,1.0,1.0,0.0,0.0,0.0
1,160,6.53778229320022,0.0,1.0,0.0,0.0,0.0,0.0,1.0
2,160,9.057235843639258,0.0,1.0,1.0,1.0,1.0,0.0,1.0
3,160,7.541028270634288,9.258632006704094,0.0,0.0,0.0,0.0,0.0,0.0
4,160,10.406579579267914,2.9848347840614906,0.0,1.0,0.0,0.0,1.0,0.0
5,160,1.9707134649523412,4.868234851512445,0.0,0.0,1.0,0.0,0.0,1.0
6,160,0.5026694824408703,10.436031029682242,1.0,0.0,1.0,1.0,0.0,1.0
7,160,7.739667649104073,1.1248942699157152,1.0,0.0,1.0,0.0,0.0,1.0
8,160,11.173758312313506,3.553950345366815,0.0,1.0,0.0,1.0,0.0,1.0
9,160,8.549611641614637,4.846799304214463,0.0,1.0,1.0,0.0,1.0,0.0
10,160,6.285191911462472,2.480852786157405,0.0,0.0,0.0,1.0,0.0,1.0
11,160,1.379656307209029,10.318613376081036,1.0,0.0,1.0,1.0,1.0,1.0
12,160,1.1127231510990725,10.85509862734328,1.0,1.0,1.0,1.0,0.0,0.0
13,160,7.9483404750176065,7.887159093457914,1.0,1.0,1.0,1.0,1.0,1.0
14,160,7.475348581699846,7.15626505320202,0.0,0.0,0.0,0.0,0.0,1.0
15,160,8.715062896486902,5.598751656601643,0.0,0.0,0.0,1.0,0.0,0.0
16,160,11.339055677705424,5.043282123995953,0.0,0.0,0.0,0.0,1.0,1.0
17,160,9.80207325013437,0.125948683366555,1.0,0.0,0.0,0.0,0.0,1.0
18,160,0.0,8.661225596110693,1.0,1.0,0.0,1.0,0.0,1.0
19,160,8.750293826468715,0.6120397024873635,1.0,1.0,1.0,0.0,1.0,1.0
20,160,12.0,2.316984015943267,1.0,0.0,0.0,0.0,0.0,1.0
21,160,5.692000317445004,6.89115503639907,0.0,1.0,0.0,0.0,1.0,1.0
22,160,0.7477833179659964,1.85884445685252,0.0,0.0,1.0,1.0,1.0,0.0
23,160,10.615977160649368,5.581201843035906,0.0,0.0,0.0,1.0,1.0,0.0
24,160,6.033576632972711,6.150967814985096,0.0,1.0,0.0,0.0,0.0,1.0
25,160,4.990591539368712,8.980985681860922,1.0,0.0,0.0,0.0,0.0,1.0
26,160,7.438417296180389,9.081798468405069,0.0,0.0,0.0,0.0,0.0,0.0
27,160,3.0234872688381222,3.085536072527312,0.0,1.0,1.0,1.0,1.0,0.0
28,160,3.4583914498649397,0.8043210363585847,1.0,0.0,0.0,1.0,0.0,1.0
29,160,12.0,4.440612568382819,0.0,0.0,0.0,1.0,1.0,0.0
30,160,1.633789007572222,10.24009372763293,1.0,0.0,1.0,1.0,1.0,0.0
31,160,2.801280589260087,10.821575717858662,1.0,1.0,0.0,0.0,1.0,1.0
32,160,9.54527503595144,0.3291164608439461,1.0,0.0,1.0,1.0,0.0,0.0
33,160,5.885406684566774,8.489411434818699,0.0,1.0,0.0,0.0,1.0,1.0
34,160,1.8157517275369317,10.741899728220748,0.0,0.0,0.0,0.0,0.0,0.0
35,160,4.975170107046201,4.98342646034952,0.0,1.0,0.0,0.0,1.0,1.0
36,160,1.9804747553859328,9.141438745980096,0.0,0.0,0.0,1.0,0.0,1.0
37,160,0.0,0.7999136295765545,0.0,1.0,0.0,1.0,0.0,0.0
38,160,8.7427932812572,12.0,0.0,0.0,1.0,0.0,0.0,0.0
39,160,0.2236933118367433,11.81525328509306,0.0,1.0,1.0,0.0,1.0,1.0
0,165,12.0,4.911370399729739,1.0,1.0,1.0,0.0,0.0,0.0
1,165,6.473755402075783,0.0,1.0,0.0,0.0,0.0,0.0,1.0
2,165,9.093438938644203,0.0,1.0,1.0,1.0,1.0,0.0,1.0
3,165,7.560741399641728,9.294348605405093,0.0,0.0,0.0,0.0,0.0,0.0
4,165,10.521779376132985,2.978398860405339,0.0,1.0,0.0,0.0,1.0,0.0
5,165,1.968893329008896,4.865431861709669,0.0,0.0,1.0,0.0,0.0,1.0
6,165,0.4705527516173061,10.532136932025807,1.0,0.0,1.0,1.0,0.0,1.0
7,165,7.776959719314216,1.0687553679051585,1.0,0.0,1.0,0.0,0.0,1.0
8,165,11.172321644160409,3.5551676785483743,0.0,1.0,0.0,1.0,0.0,1.0
9,165,8.602675378034597,4.730084432896204,0.0,1.0,1.0,0.0,1.0,0.0
10,165,6.3107583592405145,2.464552568361585,0.0,0.0,0.0,1.0,0.0,1.0
11,165,1.3030232679234208,10.15085101429718,1.0,0.0,1.0,1.0,1.0,1.0
12,165,1.0566582494079162,10.905217454066989,1.0,1.0,1.0,1.0,0.0,0.0
13,165,8.037349126774364,7.870748450114805,1.0,1.0,1.0,1.0,1.0,1.0
14,165,7.467904838352083,7.186200392493781,0.0,0.0,0.0,0.0,0.0,1.0
15,165,8.712635061829214,5.613029298534945,0.0,0.0,0.0,1.0,0.0,0.0
16,165,11.384371469861954,4.946085965770943,0.0,0.0,0.0,0.0,1.0,1.0
17,165,9.817057410471284,0.2038709049478546,1.0,0.0,0.0,0.0,0.0,1.0
18,165,0.0,8.617784289906306,1.0,1.0,0.0,1.0,0.0,1.0
19,165,8.639929680169333,0.5982291246062784,1.0,1.0,1.0,0.0,1.0,1.0
20,165,12.0,2.298916454453898,1.0,0.0,0.0,0.0,0.0,1.0
21,165,5.627028059621792,6.856528052218058,0.0,1.0,0.0,0.0,1.0,1.0
22,165,0.7760647305703018,1.878261148681148,0.0,0.0,1.0,1.0,1.0,0.0
23,165,10.609986058444212,5.576453334254902,0.0,0.0,0.0,1.0,1.0,0.0
24,165,6.121448533997579,6.149254561841595,0.0,1.0,0.0,0.0,0.0,1.0
25,165,4.9339418474588586,8.945700235152856,1.0,0.0,0.0,0.0,0.0,1.0
26,165,7.396609961502147,9.016161546602,0.0,0.0,0.0,0.0,0.0,0.0
27,165,3.034260379932651,3.08095585924047,0.0,1.0,1.0,1.0,1.0,0.0
28,165,3.575267057526808,0.6712719310915545,1.0,0.0,0.0,1.0,0.0,1.0
29,165,12.0,4.418593156239899,0.0,0.0,0.0,1.0,1.0,0.0
30,165,1.5707446148703623,10.241741534116835,1.0,0.0,1.0,1.0,1.0,0.0
31,165,2.8970240463609827,10.79763312871411,1.0,1.0,0.0,0.0,1.0,1.0
32,165,9.54362469450469,0.3366127821021041,1.0,0.0,1.0,1.0,0.0,0.0
33,165,5.8813757300278615,8.508630007237693,0.0,1.0,0.0,0.0,1.0,1.0
34,165,1.8137575809330695,10.78484415434421,0.0,0.0,0.0,0.0,0.0,0.0
35,165,5.057093915343718,4.999927603896622,0.0,1.0,0.0,0.0,1.0,1.0
36,165,1.9892629550074468,9.026211865572256,0.0,0.0,0.0,1.0,0.0,1.0
37,165,0.0,0.9107044564392556,0.0,1.0,0.0,1.0,0.0,0.0
38,165,8.893833484126336,12.0,0.0,0.0,1.0,0.0,0.0,0.0
39,165,0.1781570495799997,11.863038724197164,0.0,1.0,1.0,0.0,1.0,1.0
0,170,12.0,4.9041462392027855,1.0,1.0,1.0,0.0,0.0,0.0
1,170,6.423400274978241,0.0,1.0,0.0,0.0,0.0,0.0,1.0
2,170,9.132497486546114,0.0,1.0,1.0,1.0,1.0,0.0,1.0
3,170,7.576895870525224,9.325322399992857,0.0,0.0,0.0,0.0,0.0,0.0
4,170,10.646151743114585,2.9737621523274904,0.0,1.0,0.0,0.0,1.0,0.0
5,170,1.9675839267970925,4.863447109229276,0.0,0.0,1.0,0.0,0.0,1.0
6,170,0.4414911343361128,10.619232564378956,1.0,0.0,1.0,1.0,0.0,1.0
7,170,7.804683350698116,1.0239672786484515,1.0,0.0,1.0,0.0,0.0,1.0
8,170,11.180748957388888,3.5477616199465865,0.0,1.0,0.0,1.0,0.0,1.0
9,170,8.646722075652095,4.634387130785517,0.0,1.0,1.0,0.0,1.0,0.0
10,170,6.312211879515425,2.4636611771540675,0.0,0.0,0.0,1.0,0.0,1.0
11,170,1.2268844768807603,9.987618057537036,1.0,0.0,1.0,1.0,1.0,1.0
12,170,0.9941820217235154,10.960703627381989,1.0,1.0,1.0,1.0,0.0,0.0
13,170,8.12072749377844,7.855625871554285,1.0,1.0,1.0,1.0,1.0,1.0
14,170,7.460628177690895,7.2148217792303475,0.0,0.0,0.0,0.0,0.0,1.0
15,170,8.717000372063449,5.591535447440028,0.0,0.0,0.0,1.0,0.0,0.0
16,170,11.436673780893344,4.834969077562442,0.0,0.0,0.0,0.0,1.0,1.0
17,170,9.834817535787034,0.2944998473061393,1.0,0.0,0.0,0.0,0.0,1.0
18,170,0.0,8.576001625358888,1.0,1.0,0.0,1.0,0.0,1.0
19,170,8.512031564006275,0.5800701836115466,1.0,1.0,1.0,0.0,1.0,1.0
20,170,12.0,2.2870189736293445,1.0,0.0,0.0,0.0,0.0,1.0
21,170,5.561455805563707,6.819464327589802,0.0,1.0,0.0,0.0,1.0,1.0
22,170,0.8193180048233318,1.9074515079271752,0.0,0.0,1.0,1.0,1.0,0.0
23,170,10.630570883138532,5.592578654970265,0.0,0.0,0.0,1.0,1.0,0.0
24,170,6.1928791470806575,6.150011277241264,0.0,1.0,0.0,0.0,0.0,1.0
25,170,4.890245380381105,8.918838633306523,1.0,0.0,0.0,0.0,0.0,1.0
26,170,7.355962540730421,8.951345701744263,0.0,0.0,0.0,0.0,0.0,0.0
27,170,3.049700601594201,3.074102349858014,0.0,1.0,1.0,1.0,1.0,0.0
28,170,3.690947205415144,0.5403184823928961,1.0,0.0,0.0,1.0,0.0,1.0
29,170,12.0,4.400178266218062,0.0,0.0,0.0,1.0,1.0,0.0
30,170,1.500448414991377,10.243826263458695,1.0,0.0,1.0,1.0,1.0,0.0
31,170,3.0086067245016497,10.7685708329635,1.0,1.0,0.0,0.0,1.0,1.0
32,170,9.54268959893419,0.341051304217307,1.0,0.0,1.0,1.0,0.0,0.0
33,170,5.879140409907252,8.518569720851767,0.0,1.0,0.0,0.0,1.0,1.0
34,170,1.8118081183446528,10.830874001463105,0.0,0.0,0.0,0.0,0.0,0.0
35,170,5.137629142172249,5.016522905151377,0.0,1.0,0.0,0.0,1.0,1.0
36,170,1.9969067937870653,8.91378771661205,0.0,0.0,0.0,1.0,0.0,1.0
37,170,0.0,1.0401613817211188,0.0,1.0,0.0,1.0,0.0,0.0
38,170,9.042842785312171,12.0,0.0,0.0,1.0,0.0,0.0,0.0
39,170,0.1393690732247199,11.903707063270287,0.0,1.0,1.0,0.0,1.0,1.0
0,175,12.0,4.894294577356932,1.0,1.0,1.0,0.0,0.0,0.0
1,175,6.36334899203252,0.0,1.0,0.0,0.0,0.0,0.0,1.0
2,175,9.17248548389114,0.0,1.0,1.0,1.0,1.0,0.0,1.0
3,175,7.591567689863833,9.354432920897414,0.0,0.0,0.0,0.0,0.0,0.0
4,175,10.81136358904366,2.9660984966120663,0.0,1.0,0.0,0.0,1.0,0.0
5,175,1.9463040964198877,4.828988991735391,0.0,0.0,1.0,0.0,0.0,1.0
6,175,0.4166587992229594,10.697253537489738,1.0,0.0,1.0,1.0,0.0,1.0
7,175,7.829965579039226,0.9836170110226272,1.0,0.0,1.0,0.0,0.0,1.0
8,175,11.181839601931904,3.546766201345902,0.0,1.0,0.0,1.0,0.0,1.0
9,175,8.683990094840905,4.554523460158228,0.0,1.0,1.0,0.0,1.0,0.0
10,175,6.3163019774393145,2.461177072107557,0.0,0.0,0.0,1.0,0.0,1.0
11,175,1.1514586905051636,9.8327732583734,1.0,0.0,1.0,1.0,1.0,1.0
12,175,0.9406846940325072,11.011889277688748,1.0,1.0,1.0,1.0,0.0,0.0
13,175,8.206666218841635,7.840839817544693,1.0,1.0,1.0,1.0,1.0,1.0
14,175,7.449010447922617,7.259838670199407,0.0,0.0,0.0,0.0,0.0,1.0
15,175,8.72077895907934,5.575264624245757,0.0,0.0,0.0,1.0,0.0,0.0
16,175,11.485503057163829,4.729713553669541,0.0,0.0,0.0,0.0,1.0,1.0
17,175,9.855625912527096,0.3968820155416142,1.0,0.0,0.0,0.0,0.0,1.0
18,175,0.0,8.562562541780743,1.0,1.0,0.0,1.0,0.0,1.0
19,175,8.37945073645641,0.5637157242649662,1.0,1.0,1.0,0.0,1.0,1.0
20,175,12.0,2.2700936336509336,1.0,0.0,0.0,0.0,0.0,1.0
21,175,5.507730664974272,6.788277365787961,0.0,1.0,0.0,0.0,1.0,1.0
22,175,0.8688027390003965,1.939277340221852,0.0,0.0,1.0,1.0,1.0,0.0
23,175,10.640103293107886,5.599821870099429,0.0,0.0,0.0,1.0,1.0,0.0
24,175,6.2511856541498165,6.149444442668881,0.0,1.0,0.0,0.0,0.0,1.0
25,175,4.848301440604279,8.893121632893326,1.0,0.0,0.0,0.0,0.0,1.0
26,175,7.323070320035679,8.899655622068401,0.0,0.0,0.0,0.0,0.0,0.0
27,175,3.0414495167570417,3.0774716245843354,0.0,1.0,1.0,1.0,1.0,0.0
28,175,3.7888106987159103,0.4296392796213084,1.0,0.0,0.0,1.0,0.0,1.0
29,175,12.0,4.387413723784429,0.0,0.0,0.0,1.0,1.0,0.0
30,175,1.4456687674607218,10.247507305521117,1.0,0.0,1.0,1.0,1.0,0.0
31,175,3.121711952805599,10.737978311512991,1.0,1.0,0.0,0.0,1.0,1.0
32,175,9.54194768372886,0.3445631824394712,1.0,0.0,1.0,1.0,0.0,0.0
33,175,5.881311136668333,8.507253415166378,0.0,1.0,0.0,0.0,1.0,1.0
34,175,1.808841844809864,10.884438584168494,0.0,0.0,0.0,0.0,0.0,0.0
35,175,5.220426482773094,5.033649900869588,0.0,1.0,0.0,0.0,1.0,1.0
36,175,2.0012901883990324,8.818612745442397,0.0,0.0,0.0,1.0,0.0,1.0
37,175,0.0,1.1685114122652902,0.0,1.0,0.0,1.0,0.0,0.0
38,175,9.187084570276433,12.0,0.0,0.0,1.0,0.0,0.0,0.0
39,175,0.0900101710574581,11.955015279761696,0.0,1.0,1.0,0.0,1.0,1.0
0,180,12.0,4.886494991042933,1.0,1.0,1.0,0.0,0.0,0.0
1,180,6.31399023291027,0.0,1.0,0.0,0.0,0.0,0.0,1.0
2,180,9.210926121466436,0.0,1.0,1.0,1.0,1.0,0.0,1.0
3,180,7.605055335245182,9.382680596596323,0.0,0.0,0.0,0.0,0.0,0.0
4,180,10.957930397838078,2.962095751439412,0.0,1.0,0.0,0.0,1.0,0.0
5,180,1.9224105248423988,4.791210287943283,0.0,0.0,1.0,0.0,0.0,1.0
6,180,0.3869780635966783,10.78789604718089,1.0,0.0,1.0,1.0,0.0,1.0
7,180,7.8491232959176145,0.954140519220794,1.0,0.0,1.0,0.0,0.0,1.0
8,180,11.170892589873022,3.556685490535884,0.0,1.0,0.0,1.0,0.0,1.0
9,180,8.726619877352656,4.46753005184224,0.0,1.0,1.0,0.0,1.0,0.0
10,180,6.307022324145798,2.466613727154373,0.0,0.0,0.0,1.0,0.0,1.0
11,180,1.0757564863472973,9.686194955800088,1.0,0.0,1.0,1.0,1.0,1.0
12,180,0.8834645260328414,11.062772680327017,1.0,1.0,1.0,1.0,0.0,0.0
13,180,8.293791004359813,7.824951319390913,1.0,1.0,1.0,1.0,1.0,1.0
14,180,7.439003565890122,7.295551767899754,0.0,0.0,0.0,0.0,0.0,1.0
15,180,8.724954730129861,5.554359957565909,0.0,0.0,0.0,1.0,0.0,0.0
16,180,11.538740716899856,4.602953592449858,0.0,0.0,0.0,0.0,1.0,1.0
17,180,9.87386352341096,0.4923991634089625,1.0,0.0,0.0,0.0,0.0,1.0
18,180,0.0,8.546863670178986,1.0,1.0,0.0,1.0,0.0,1.0
19,180,8.263504093025752,0.5495575340894806,1.0,1.0,1.0,0.0,1.0,1.0
20,180,12.0,2.261545046921502,1.0,0.0,0.0,0.0,0.0,1.0
21,180,5.471931144945712,6.766564955266941,0.0,1.0,0.0,0.0,1.0,1.0
22,180,0.9120899181672344,1.968714372382644,0.0,0.0,1.0,1.0,1.0,0.0
23,180,10.64822034106349,5.605964643360004,0.0,0.0,0.0,1.0,1.0,0.0
24,180,6.323550824463559,6.148966692215673,0.0,1.0,0.0,0.0,0.0,1.0
25,180,4.81251366808213,8.871707414092961,1.0,0.0,0.0,0.0,0.0,1.0
26,180,7.282890342304294,8.835402721907231,0.0,0.0,0.0,0.0,0.0,0.0
27,180,3.023724802908117,3.0846400072100613,0.0,1.0,1.0,1.0,1.0,0.0
28,180,3.8916286162049865,0.3170138590842835,1.0,0.0,0.0,1.0,0.0,1.0
29,180,11.997175835542407,4.389200427048373,0.0,0.0,0.0,1.0,1.0,0.0
30,180,1.399947878979797,10.251270596248402,1.0,0.0,1.0,1.0,1.0,0.0
31,180,3.2223272167312698,10.71367184051579,1.0,1.0,0.0,0.0,1.0,1.0
32,180,9.540288756120663,0.3534291719676076,1.0,0.0,1.0,1.0,0.0,0.0
33,180,5.8963963696816535,8.510172095990097,0.0,1.0,0.0,0.0,1.0,1.0
34,180,1.8037321679974645,10.95513945709817,0.0,0.0,0.0,0.0,0.0,0.0
35,180,5.3124671613201935,5.05102738020243,0.0,1.0,0.0,0.0,1.0,1.0
36,180,2.0060209419114177,8.721062868262646,0.0,0.0,0.0,1.0,0.0,1.0
37,180,0.0,1.304924754309841,0.0,1.0,0.0,1.0,0.0,0.0
38,180,9.3204799426678,12.0,0.0,0.0,1.0,0.0,0.0,0.0
39,180,0.0568561697682377,11.990469769309689,0.0,1.0,1.0,0.0,1.0,1.0
0,185,12.0,4.877726259545263,1.0,1.0,1.0,0.0,0.0,0.0
1,185,6.270481288988378,0.0,1.0,0.0,0.0,0.0,0.0,1.0
2,185,9.24765286119398,0.0,1.0,1.0,1.0,1.0,0.0,1.0
3,185,7.614854888041276,9.401984696394084,0.0,0.0,0.0,0.0,0.0,0.0
4,185,10.960637092684088,3.1023546811140137,0.0,1.0,0.0,0.0,1.0,0.0
5,185,1.9015032425861471,4.756718576192933,0.0,0.0,1.0,0.0,0.0,1.0
6,185,0.359690531500385,10.863509429903694,1.0,0.0,1.0,1.0,0.0,1.0
7,185,7.856368153240533,0.9431471016256212,1.0,0.0,1.0,0.0,0.0,1.0
8,185,11.154467735156018,3.5722921093619124,0.0,1.0,0.0,1.0,0.0,1.0
9,185,8.773720845619017,4.368117422641682,0.0,1.0,1.0,0.0,1.0,0.0
10,185,6.312219550964045,2.4634385258227307,0.0,0.0,0.0,1.0,0.0,1.0
11,185,0.9909469959375564,9.52706796023506,1.0,0.0,1.0,1.0,1.0,1.0
12,185,0.8267223741256579,11.111273965072904,1.0,1.0,1.0,1.0,0.0,0.0
13,185,8.371821456888803,7.810783663750775,1.0,1.0,1.0,1.0,1.0,1.0
14,185,7.42377836419955,7.355673244316949,0.0,0.0,0.0,0.0,0.0,1.0
15,185,8.727645397214683,5.541863235330926,0.0,0.0,0.0,1.0,0.0,0.0
16,185,11.582130845899377,4.496195111467658,0.0,0.0,0.0,0.0,1.0,1.0
17,185,9.893588547190552,0.6023998503573856,1.0,0.0,0.0,0.0,0.0,1.0
18,185,0.0053435779515925,8.555180963804439,1.0,1.0,0.0,1.0,0.0,1.0
19,185,8.146710622070517,0.5370993695245181,1.0,1.0,1.0,0.0,1.0,1.0
20,185,12.0,2.249180872720227,1.0,0.0,0.0,0.0,0.0,1.0
21,185,5.444989349252554,6.749916421711329,0.0,1.0,0.0,0.0,1.0,1.0
22,185,0.9530888029228516,1.9995959528038856,0.0,0.0,1.0,1.0,1.0,0.0
23,185,10.663043063397094,5.617226881772891,0.0,0.0,0.0,1.0,1.0,0.0
24,185,6.399089089168739,6.148662754035344,0.0,1.0,0.0,0.0,0.0,1.0
25,185,4.766573165713992,8.84516858130962,1.0,0.0,0.0,0.0,0.0,1.0
26,185,7.241973673130762,8.772602514773506,0.0,0.0,0.0,0.0,0.0,0.0
27,185,2.991453713054012,3.0975475453486,0.0,1.0,1.0,1.0,1.0,0.0
28,185,4.000581802649333,0.1975185870730382,1.0,0.0,0.0,1.0,0.0,1.0
29,185,12.0,4.386255870412562,0.0,0.0,0.0,1.0,1.0,0.0
30,185,1.3310538480074756,10.256420922828909,1.0,0.0,1.0,1.0,1.0,0.0
31,185,3.310793285734177,10.692948306728296,1.0,1.0,0.0,0.0,1.0,1.0
32,185,9.542733887469968,0.3395380486269534,1.0,0.0,1.0,1.0,0.0,0.0
33,185,5.8965376119119925,8.510197553275358,0.0,1.0,0.0,0.0,1.0,1.0
34,185,1.797644418638409,11.020305898245017,0.0,0.0,0.0,0.0,0.0,0.0
35,185,5.417619700214805,5.0722428230230445,0.0,1.0,0.0,0.0,1.0,1.0
36,185,2.0085314324612176,8.63071457972821,0.0,0.0,0.0,1.0,0.0,1.0
37,185,0.0,1.4326370648844422,0.0,1.0,0.0,1.0,0.0,0.0
38,185,9.450027172312486,12.0,0.0,0.0,1.0,0.0,0.0,0.0
39,185,0.0113777564252415,12.0,0.0,1.0,1.0,0.0,1.0,1.0
0,190,12.0,4.869986517042301,1.0,1.0,1.0,0.0,0.0,0.0
1,190,6.218631111730764,0.0,1.0,0.0,0.0,0.0,0.0,1.0
2,190,9.287566078924057,0.0,1.0,1.0,1.0,1.0,0.0,1.0
3,190,7.631361754875813,9.435690930446608,0.0,0.0,0.0,0.0,0.0,0.0
4,190,10.959487810181288,3.2407781955309662,0.0,1.0,0.0,0.0,1.0,0.0
5,190,1.8802929269809583,4.7214703022368205,0.0,0.0,1.0,0.0,0.0,1.0
6,190,0.331236597340479,10.94556222178545,1.0,0.0,1.0,1.0,0.0,1.0
7,190,7.863615700845658,0.93173576549667,1.0,0.0,1.0,0.0,0.0,1.0
8,190,11.134848990963055,3.591355910810752,0.0,1.0,0.0,1.0,0.0,1.0
9,190,8.82789279876176,4.2659126224216255,0.0,1.0,1.0,0.0,1.0,0.0
10,190,6.3114734060139535,2.4639010733402373,0.0,0.0,0.0,1.0,0.0,1.0
11,190,0.8941434462302121,9.35784613168603,1.0,0.0,1.0,1.0,1.0,1.0
12,190,0.7608138773123188,11.170540108846044,1.0,1.0,1.0,1.0,0.0,0.0
13,190,8.451454541302578,7.796148423143956,1.0,1.0,1.0,1.0,1.0,1.0
14,190,7.4131100391340174,7.3997802352286355,0.0,0.0,0.0,0.0,0.0,1.0
15,190,8.732628512584872,5.518032533067011,0.0,0.0,0.0,1.0,0.0,0.0
16,190,11.628863716009231,4.3876104772224425,0.0,0.0,0.0,0.0,1.0,1.0
17,190,9.917871141960736,0.7285091411957711,1.0,0.0,0.0,0.0,0.0,1.0
18,190,0.003118165321322,8.551637766724342,1.0,1.0,0.0,1.0,0.0,1.0
19,190,8.032862479255245,0.521327776727088,1.0,1.0,1.0,0.0,1.0,1.0
20,190,12.0,2.241940384705644,1.0,0.0,0.0,0.0,0.0,1.0
21,190,5.428695637732028,6.739386027482332,0.0,1.0,0.0,0.0,1.0,1.0
22,190,0.9871395054678058,2.0259702803676114,0.0,0.0,1.0,1.0,1.0,0.0
23,190,10.661677546205452,5.616235662595253,0.0,0.0,0.0,1.0,1.0,0.0
24,190,6.493129767505801,6.146482982469055,0.0,1.0,0.0,0.0,0.0,1.0
25,190,4.715569486078451,8.816544889975171,1.0,0.0,0.0,0.0,0.0,1.0
26,190,7.195865985319768,8.69784454080697,0.0,0.0,0.0,0.0,0.0,0.0
27,190,2.9676989706317167,3.1077444436664328,0.0,1.0,1.0,1.0,1.0,0.0
28,190,4.100677983657253,0.0794834512856066,1.0,0.0,0.0,1.0,0.0,1.0
29,190,11.995919131891466,4.388703398835024,0.0,0.0,0.0,1.0,1.0,0.0
30,190,1.2555042660263227,10.262752334344786,1.0,0.0,1.0,1.0,1.0,0.0
31,190,3.393701203786301,10.673188178364487,1.0,1.0,0.0,0.0,1.0,1.0
32,190,9.544316139254391,0.3312756126543307,1.0,0.0,1.0,1.0,0.0,0.0
33,190,5.905993861710581,8.511997224790452,0.0,1.0,0.0,0.0,1.0,1.0
34,190,1.7902175397706424,11.114122992017696,0.0,0.0,0.0,0.0,0.0,0.0
35,190,5.545705983088666,5.096544189522277,0.0,1.0,0.0,0.0,1.0,1.0
36,190,2.0109357558797702,8.555391928237286,0.0,0.0,0.0,1.0,0.0,1.0
37,190,0.0,1.5735934201696329,0.0,1.0,0.0,1.0,0.0,0.0
38,190,9.594407073889196,12.0,0.0,0.0,1.0,0.0,0.0,0.0
39,190,0.0,12.0,0.0,1.0,1.0,0.0,1.0,1.0
0,195,12.0,4.861897556946213,1.0,1.0,1.0,0.0,0.0,0.0
1,195,6.171323088866695,0.0,1.0,0.0,0.0,0.0,0.0,1.0
2,195,9.326318329655782,0.0,1.0,1.0,1.0,1.0,0.0,1.0
3,195,7.648488529766999,9.47126894298457,0.0,0.0,0.0,0.0,0.0,0.0
4,195,10.957074548816632,3.394668436252269,0.0,1.0,0.0,0.0,1.0,0.0
5,195,1.8625892107679487,4.692923841924984,0.0,0.0,1.0,0.0,0.0,1.0
6,195,0.3008705976657613,11.034227858792416,1.0,0.0,1.0,1.0,0.0,1.0
7,195,7.863258532933012,0.9322735183791374,1.0,0.0,1.0,0.0,0.0,1.0
8,195,11.127981801663797,3.597906244997025,0.0,1.0,0.0,1.0,0.0,1.0
9,195,8.880860644256506,4.168659617990875,0.0,1.0,1.0,0.0,1.0,0.0
10,195,6.312876645315536,2.46299620071139,0.0,0.0,0.0,1.0,0.0,1.0
11,195,0.7966018260604482,9.19484061980826,1.0,0.0,1.0,1.0,1.0,1.0
12,195,0.6954917582016277,11.227323333092606,1.0,1.0,1.0,1.0,0.0,0.0
13,195,8.511685399881726,7.785173664442675,1.0,1.0,1.0,1.0,1.0,1.0
14,195,7.402008593428255,7.442228223553772,0.0,0.0,0.0,0.0,0.0,1.0
15,195,8.735771155643569,5.504499230422342,0.0,0.0,0.0,1.0,0.0,0.0
16,195,11.669717198460535,4.297056528016487,0.0,0.0,0.0,0.0,1.0,1.0
17,195,9.93848394531135,0.8580349621124476,1.0,0.0,0.0,0.0,0.0,1.0
18,195,0.0053219591156844,8.555383145725997,1.0,1.0,0.0,1.0,0.0,1.0
19,195,7.9152535206271875,0.5071262332054254,1.0,1.0,1.0,0.0,1.0,1.0
20,195,12.0,2.240159276272072,1.0,0.0,0.0,0.0,0.0,1.0
21,195,5.393948258533014,6.716083048012228,0.0,1.0,0.0,0.0,1.0,1.0
22,195,1.010781144035996,2.044293398735095,0.0,0.0,1.0,1.0,1.0,0.0
23,195,10.65768018515138,5.613533019096667,0.0,0.0,0.0,1.0,1.0,0.0
24,195,6.582033263889396,6.141611677794211,0.0,1.0,0.0,0.0,0.0,1.0
25,195,4.673240112681157,8.792496146701676,1.0,0.0,0.0,0.0,0.0,1.0
26,195,7.1588773332730025,8.636932167924487,0.0,0.0,0.0,0.0,0.0,0.0
27,195,2.9595538677783755,3.1111298898854374,0.0,1.0,1.0,1.0,1.0,0.0
28,195,4.1983078728169625,0.0,1.0,0.0,0.0,1.0,0.0,1.0
29,195,11.99802281994176,4.387491026802949,0.0,0.0,0.0,1.0,1.0,0.0
30,195,1.170278161418996,10.268593263138438,1.0,0.0,1.0,1.0,1.0,0.0
31,195,3.4710567356385678,10.65267079463734,1.0,1.0,0.0,0.0,1.0,1.0
32,195,9.55151823301308,0.2959588033551891,1.0,0.0,1.0,1.0,0.0,0.0
33,195,5.932600859060257,8.517325788927122,0.0,1.0,0.0,0.0,1.0,1.0
34,195,1.783621554961175,11.193777690174857,0.0,0.0,0.0,0.0,0.0,0.0
35,195,5.671740384794779,5.123815435689318,0.0,1.0,0.0,0.0,1.0,1.0
36,195,2.0139715374450486,8.477703319464005,0.0,0.0,0.0,1.0,0.0,1.0
37,195,0.0,1.7080935842926686,0.0,1.0,0.0,1.0,0.0,0.0
38,195,9.72954025904014,12.0,0.0,0.0,1.0,0.0,0.0,0.0
39,195,0.0,12.0,0.0,1.0,1.0,0.0,1.0,1.0
0,200,12.0,4.855581046903394,1.0,1.0,1.0,0.0,0.0,0.0
1,200,6.121270674784445,0.0,1.0,0.0,0.0,0.0,0.0,1.0
2,200,9.362379589286862,0.0,1.0,1.0,1.0,1.0,0.0,1.0
3,200,7.662539150508756,9.502011929469678,0.0,0.0,0.0,0.0,0.0,0.0
4,200,10.948600589929722,3.5550026296782704,0.0,1.0,0.0,0.0,1.0,0.0
5,200,1.8357601620081188,4.651178391661448,0.0,0.0,1.0,0.0,0.0,1.0
6,200,0.2671162948035104,11.13267701710684,1.0,0.0,1.0,1.0,0.0,1.0
7,200,7.858904211004994,0.9390843005386442,1.0,0.0,1.0,0.0,0.0,1.0
8,200,11.118709726735158,3.6070809267313457,0.0,1.0,0.0,1.0,0.0,1.0
9,200,8.937136913202044,4.065385673283002,0.0,1.0,1.0,0.0,1.0,0.0
10,200,6.31806341485672,2.459653529262921,0.0,0.0,0.0,1.0,0.0,1.0
11,200,0.6951734449857453,9.023864761282406,1.0,0.0,1.0,1.0,1.0,1.0
12,200,0.6331382810900161,11.282764403716577,1.0,1.0,1.0,1.0,0.0,0.0
13,200,8.544139804828648,7.779866174052378,1.0,1.0,1.0,1.0,1.0,1.0
14,200,7.387594843560528,7.494402133017581,0.0,0.0,0.0,0.0,0.0,1.0
15,200,8.740452957464276,5.482446324570812,0.0,0.0,0.0,1.0,0.0,0.0
16,200,11.710634695107789,4.207334762142792,0.0,0.0,0.0,0.0,1.0,1.0
17,200,9.949804242526788,0.9475689414790528,1.0,0.0,0.0,0.0,0.0,1.0
18,200,0.0137281349940263,8.570115965278383,1.0,1.0,0.0,1.0,0.0,1.0
19,200,7.776968038760734,0.4912439876506544,1.0,1.0,1.0,0.0,1.0,1.0
20,200,11.999467147437176,2.2403420826109697,1.0,0.0,0.0,0.0,0.0,1.0
21,200,5.359586626246632,6.6916154721733445,0.0,1.0,0.0,0.0,1.0,1.0
22,200,1.0455102781512324,2.071851984142977,0.0,0.0,1.0,1.0,1.0,0.0
23,200,10.675052536632414,5.624838721160865,0.0,0.0,0.0,1.0,1.0,0.0
24,200,6.676286402303026,6.136477767654319,0.0,1.0,0.0,0.0,0.0,1.0
25,200,4.635680945523092,8.770198092851325,1.0,0.0,0.0,0.0,0.0,1.0
26,200,7.123158526582294,8.578927417959695,0.0,0.0,0.0,0.0,0.0,0.0
27,200,2.972069793476201,3.106311313566437,0.0,1.0,1.0,1.0,1.0,0.0
28,200,4.311624346558667,0.0,1.0,0.0,0.0,1.0,0.0,1.0
29,200,11.985633328638878,4.395144480221244,0.0,0.0,0.0,1.0,1.0,0.0
30,200,1.0644767342837622,10.27565618010614,1.0,0.0,1.0,1.0,1.0,0.0
31,200,3.5485087576083414,10.632737174267248,1.0,1.0,0.0,0.0,1.0,1.0
32,200,9.562165357542312,0.2390045115099651,1.0,0.0,1.0,1.0,0.0,0.0
33,200,5.959764115524238,8.522331760378737,0.0,1.0,0.0,0.0,1.0,1.0
34,200,1.7767286038456245,11.2715112649422,0.0,0.0,0.0,0.0,0.0,0.0
35,200,5.791385332963174,5.148840435289806,0.0,1.0,0.0,0.0,1.0,1.0
36,200,2.016422357937019,8.412300404148306,0.0,0.0,0.0,1.0,0.0,1.0
37,200,0.0,1.843094381384653,0.0,1.0,0.0,1.0,0.0,0.0
38,200,9.865068821134129,12.0,0.0,0.0,1.0,0.0,0.0,0.0
39,200,0.0,12.0,0.0,1.0,1.0,0.0,1.0,1.0
0,205,12.0,4.850013372549994,1.0,1.0,1.0,0.0,0.0,0.0
1,205,6.059987115522827,0.0,1.0,0.0,0.0,0.0,0.0,1.0
2,205,9.398345712293724,0.0,1.0,1.0,1.0,1.0,0.0,1.0
3,205,7.671812174478167,9.52209549704822,0.0,0.0,0.0,0.0,0.0,0.0
4,205,10.944350649312224,3.692862108053432,0.0,1.0,0.0,0.0,1.0,0.0
5,205,1.8219677117794024,4.628868507879822,0.0,0.0,1.0,0.0,0.0,1.0
6,205,0.2208171055224395,11.260499545480792,1.0,0.0,1.0,1.0,0.0,1.0
7,205,7.848728606907406,0.9541797420060992,1.0,0.0,1.0,0.0,0.0,1.0
8,205,11.107520117509292,3.6178261779500014,0.0,1.0,0.0,1.0,0.0,1.0
9,205,8.993226391734865,3.967116441449871,0.0,1.0,1.0,0.0,1.0,0.0
10,205,6.3221545155019365,2.4569355391726395,0.0,0.0,0.0,1.0,0.0,1.0
11,205,0.6004734752459019,8.874955053788655,1.0,0.0,1.0,1.0,1.0,1.0
12,205,0.5846028945036105,11.327256804425824,1.0,1.0,1.0,1.0,0.0,0.0
13,205,8.563513697168284,7.776531059664645,1.0,1.0,1.0,1.0,1.0,1.0
14,205,7.372825222729564,7.544262276879467,0.0,0.0,0.0,0.0,0.0,1.0
15,205,8.744189638795895,5.464695251298513,0.0,0.0,0.0,1.0,0.0,0.0
16,205,11.750542819218897,4.121538406694332,0.0,0.0,0.0,0.0,1.0,1.0
17,205,9.961540523348832,1.0454181964980265,1.0,0.0,0.0,0.0,0.0,1.0
18,205,0.027608321327415,8.594110398165723,1.0,1.0,0.0,1.0,0.0,1.0
19,205,7.620929126214459,0.4729922698605369,1.0,1.0,1.0,0.0,1.0,1.0
20,205,12.0,2.236631032856355,1.0,0.0,0.0,0.0,0.0,1.0
21,205,5.3348992643411215,6.673759642140297,0.0,1.0,0.0,0.0,1.0,1.0
22,205,1.0836745920397828,2.101639807815896,0.0,0.0,1.0,1.0,1.0,0.0
23,205,10.67438282419152,5.624406610486916,0.0,0.0,0.0,1.0,1.0,0.0
24,205,6.799652721386019,6.130524750162125,0.0,1.0,0.0,0.0,0.0,1.0
25,205,4.604997830506003,8.752294693435017,1.0,0.0,0.0,0.0,0.0,1.0
26,205,7.093841099077499,8.528206794342978,0.0,0.0,0.0,0.0,0.0,0.0
27,205,2.9719888193725734,3.106341519719101,0.0,1.0,1.0,1.0,1.0,0.0
28,205,4.43754508272151,0.0,1.0,0.0,0.0,1.0,0.0,1.0
29,205,11.97422359880524,4.402491805862727,0.0,0.0,0.0,1.0,1.0,0.0
30,205,0.9536945940843646,10.282397991549596,1.0,0.0,1.0,1.0,1.0,0.0
31,205,3.604719189159941,10.618323671855917,1.0,1.0,0.0,0.0,1.0,1.0
32,205,9.575825622479124,0.1714278541352671,1.0,0.0,1.0,1.0,0.0,0.0
33,205,5.9642449578182175,8.523233636282864,0.0,1.0,0.0,0.0,1.0,1.0
34,205,1.7716837598427566,11.346640302293547,0.0,0.0,0.0,0.0,0.0,0.0
35,205,5.898823316261658,5.169429232922502,0.0,1.0,0.0,0.0,1.0,1.0
36,205,2.0205257323687693,8.349089129474573,0.0,0.0,0.0,1.0,0.0,1.0
37,205,0.0,1.9836955690651927,0.0,1.0,0.0,1.0,0.0,0.0
38,205,9.9985823135155,12.0,0.0,0.0,1.0,0.0,0.0,0.0
39,205,0.0,12.0,0.0,1.0,1.0,0.0,1.0,1.0
0,210,12.0,4.844953902471072,1.0,1.0,1.0,0.0,0.0,0.0
1,210,5.991841547561498,0.0,1.0,0.0,0.0,0.0,0.0,1.0
2,210,9.430448924266551,0.0,1.0,1.0,1.0,1.0,0.0,1.0
3,210,7.691737483819737,9.567310312797083,0.0,0.0,0.0,0.0,0.0,0.0
4,210,10.936852015055411,3.839594503721425,0.0,1.0,0.0,0.0,1.0,0.0
5,210,1.8182854611862405,4.623100846579964,0.0,0.0,1.0,0.0,0.0,1.0
6,210,0.1693102462139595,11.398853569951653,1.0,0.0,1.0,1.0,0.0,1.0
7,210,7.831102245790238,0.9791951873685252,1.0,0.0,1.0,0.0,0.0,1.0
8,210,11.074921432614172,3.649481631801509,0.0,1.0,0.0,1.0,0.0,1.0
9,210,9.056942584469178,3.8558698559756457,0.0,1.0,1.0,0.0,1.0,0.0
10,210,6.329569508068536,2.452255512774297,0.0,0.0,0.0,1.0,0.0,1.0
11,210,0.4990902306352209,8.723055621993126,1.0,0.0,1.0,1.0,1.0,1.0
12,210,0.528259115604689,11.379518459540623,1.0,1.0,1.0,1.0,0.0,0.0
13,210,8.60128428394694,7.769887103840027,1.0,1.0,1.0,1.0,1.0,1.0
14,210,7.356102983916448,7.5997633614562305,0.0,0.0,0.0,0.0,0.0,1.0
15,210,8.752366694513908,5.4230999669787545,0.0,0.0,0.0,1.0,0.0,0.0
16,210,11.8023759131569,4.013449865645951,0.0,0.0,0.0,0.0,1.0,1.0
17,210,9.975796633391443,1.1422028176053485,1.0,0.0,0.0,0.0,0.0,1.0
18,210,0.0423375828865885,8.621232219197324,1.0,1.0,0.0,1.0,0.0,1.0
19,210,7.453730021100695,0.456468109606753,1.0,1.0,1.0,0.0,1.0,1.0
20,210,12.0,2.229056186134968,1.0,0.0,0.0,0.0,0.0,1.0
21,210,5.320588717928174,6.663126272678717,0.0,1.0,0.0,0.0,1.0,1.0
22,210,1.1297298328749852,2.137443868656364,0.0,0.0,1.0,1.0,1.0,0.0
23,210,10.65236578464888,5.609952708628794,0.0,0.0,0.0,1.0,1.0,0.0
24,210,6.942013865380867,6.123273525153479,0.0,1.0,0.0,0.0,0.0,1.0
25,210,4.55902224188641,8.723792854036995,1.0,0.0,0.0,0.0,0.0,1.0
26,210,7.072277487383008,8.491295481565729,0.0,0.0,0.0,0.0,0.0,0.0
27,210,2.963516182761577,3.109658756634175,0.0,1.0,1.0,1.0,1.0,0.0
28,210,4.557516521984463,0.0,1.0,0.0,0.0,1.0,0.0,1.0
29,210,11.9409251326347,4.423431935930383,0.0,0.0,0.0,1.0,1.0,0.0
30,210,0.8382790332279806,10.28757395415982,1.0,0.0,1.0,1.0,1.0,0.0
31,210,3.6761946774517806,10.600959944076836,1.0,1.0,0.0,0.0,1.0,1.0
32,210,9.585873107062891,0.1219246897023149,1.0,0.0,1.0,1.0,0.0,0.0
33,210,5.954152754599503,8.521185990190194,0.0,1.0,0.0,0.0,1.0,1.0
34,210,1.7659850533714876,11.416157102885592,0.0,0.0,0.0,0.0,0.0,0.0
35,210,6.005589478406046,5.189088614986814,0.0,1.0,0.0,0.0,1.0,1.0
36,210,2.0242829853351334,8.290290628700543,0.0,0.0,0.0,1.0,0.0,1.0
37,210,0.0,2.1369755019704098,0.0,1.0,0.0,1.0,0.0,0.0
38,210,10.13952775917695,12.0,0.0,0.0,1.0,0.0,0.0,0.0
39,210,0.0,12.0,0.0,1.0,1.0,0.0,1.0,1.0
0,215,12.0,4.840909906656567,1.0,1.0,1.0,0.0,0.0,0.0
1,215,5.920201337090706,0.0,1.0,0.0,0.0,0.0,0.0,1.0
2,215,9.45992037573758,0.0,1.0,1.0,1.0,1.0,0.0,1.0
3,215,7.718385382565865,9.630017360677153,0.0,0.0,0.0,0.0,0.0,0.0
4,215,10.93175795688084,3.970250373504443,0.0,1.0,0.0,0.0,1.0,0.0
5,215,1.7993900851344664,4.593348590751674,0.0,0.0,1.0,0.0,0.0,1.0
6,215,0.1216286974009905,11.536027717653813,1.0,0.0,1.0,1.0,0.0,1.0
7,215,7.813713270276876,1.0043489596543935,1.0,0.0,1.0,0.0,0.0,1.0
8,215,11.0399319672953,3.685492519223648,0.0,1.0,0.0,1.0,0.0,1.0
9,215,9.118100885877624,3.752177653205328,0.0,1.0,1.0,0.0,1.0,0.0
10,215,6.3419639133859,2.4443780701826427,0.0,0.0,0.0,1.0,0.0,1.0
11,215,0.4006096959349758,8.56979817315274,1.0,0.0,1.0,1.0,1.0,1.0
12,215,0.4730507343682899,11.430837702349644,1.0,1.0,1.0,1.0,0.0,0.0
13,215,8.613548589946832,7.768164230007351,1.0,1.0,1.0,1.0,1.0,1.0
14,215,7.343256315186984,7.641403301713281,0.0,0.0,0.0,0.0,0.0,1.0
15,215,8.757212957706573,5.400699763410263,0.0,0.0,0.0,1.0,0.0,0.0
16,215,11.855183802248328,3.902901539137292,0.0,0.0,0.0,0.0,1.0,1.0
17,215,9.992320206523752,1.2510081124735928,1.0,0.0,0.0,0.0,0.0,1.0
18,215,0.0450869070549381,8.626307907725284,1.0,1.0,0.0,1.0,0.0,1.0
19,215,7.268433092684552,0.4430476885478576,1.0,1.0,1.0,0.0,1.0,1.0
20,215,12.0,2.220673838701311,1.0,0.0,0.0,0.0,0.0,1.0
21,215,5.313460716316787,6.658092395942885,0.0,1.0,0.0,0.0,1.0,1.0
22,215,1.1767733906728255,2.175116361379557,0.0,0.0,1.0,1.0,1.0,0.0
23,215,10.609236552749696,5.582749594669721,0.0,0.0,0.0,1.0,1.0,0.0
24,215,7.093621073709711,6.118137754988556,0.0,1.0,0.0,0.0,0.0,1.0
25,215,4.516878414433082,8.698062702094578,1.0,0.0,0.0,0.0,0.0,1.0
26,215,7.051629119310632,8.4548897034848,0.0,0.0,0.0,0.0,0.0,0.0
27,215,2.9573945420928456,3.1121902911736274,0.0,1.0,1.0,1.0,1.0,0.0
28,215,4.686844812764187,0.0,1.0,0.0,0.0,1.0,0.0,1.0
29,215,11.91773900901238,4.437477106432035,0.0,0.0,0.0,1.0,1.0,0.0
30,215,0.7194875037774601,10.29190238895266,1.0,0.0,1.0,1.0,1.0,0.0
31,215,3.785167653425264,10.57329970750978,1.0,1.0,0.0,0.0,1.0,1.0
32,215,9.599577629157912,0.062600390917123,1.0,0.0,1.0,1.0,0.0,0.0
33,215,5.936211860021876,8.51783014695013,0.0,1.0,0.0,0.0,1.0,1.0
34,215,1.7622239296912658,11.480869759660598,0.0,0.0,0.0,0.0,0.0,0.0
35,215,6.109832196140474,5.205998366712757,0.0,1.0,0.0,0.0,1.0,1.0
36,215,2.027803057067738,8.22445963602477,0.0,0.0,0.0,1.0,0.0,1.0
37,215,0.0,2.285248335975544,0.0,1.0,0.0,1.0,0.0,0.0
38,215,10.274498090408123,12.0,0.0,0.0,1.0,0.0,0.0,0.0
39,215,0.0,12.0,0.0,1.0,1.0,0.0,1.0,1.0
0,220,12.0,4.834216400522379,1.0,1.0,1.0,0.0,0.0,0.0
1,220,5.856103317704659,0.0,1.0,0.0,0.0,0.0,0.0,1.0
2,220,9.491931636438787,0.0,1.0,1.0,1.0,1.0,0.0,1.0
3,220,7.744171370469197,9.690064024761703,0.0,0.0,0.0,0.0,0.0,0.0
4,220,10.925435969340317,4.113744474476899,0.0,1.0,0.0,0.0,1.0,0.0
5,220,1.7745389159556224,4.553199814465683,0.0,0.0,1.0,0.0,0.0,1.0
6,220,0.0809752290179216,11.651066250201406,1.0,0.0,1.0,1.0,0.0,1.0
7,220,7.798584510905101,1.0254638812380308,1.0,0.0,1.0,0.0,0.0,1.0
8,220,10.998895076656613,3.727901336574915,0.0,1.0,0.0,1.0,0.0,1.0
9,220,9.164278921928378,3.676061640867827,0.0,1.0,1.0,0.0,1.0,0.0
10,220,6.363492259309639,2.430471368017442,0.0,0.0,0.0,1.0,0.0,1.0
11,220,0.2845255106893365,8.398493503800132,1.0,0.0,1.0,1.0,1.0,1.0
12,220,0.5246981738205394,11.482667395420432,1.0,1.0,1.0,1.0,0.0,0.0
13,220,8.6166548200903,7.767740562573804,1.0,1.0,1.0,1.0,1.0,1.0
14,220,7.330324975793412,7.682454934864025,0.0,0.0,0.0,0.0,0.0,1.0
15,220,8.761292111992283,5.382244266171751,0.0,0.0,0.0,1.0,0.0,0.0
16,220,11.915684568851349,3.783869580245968,0.0,0.0,0.0,0.0,1.0,1.0
17,220,10.010201750218393,1.3708062575733402,1.0,0.0,0.0,0.0,0.0,1.0
18,220,0.0380325298262331,8.614328908497068,1.0,1.0,0.0,1.0,0.0,1.0
19,220,7.071755178798057,0.4331922029548347,1.0,1.0,1.0,0.0,1.0,1.0
20,220,12.0,2.211726748326467,1.0,0.0,0.0,0.0,0.0,1.0
21,220,5.309283581605464,6.655030613405752,0.0,1.0,0.0,0.0,1.0,1.0
22,220,1.2451489237188234,2.2320486214546653,0.0,0.0,1.0,1.0,1.0,0.0
23,220,10.566516735208529,5.557369386205355,0.0,0.0,0.0,1.0,1.0,0.0
24,220,7.251508133019786,6.115498779353679,0.0,1.0,0.0,0.0,0.0,1.0
25,220,4.482654806449914,8.676571089656113,1.0,0.0,0.0,0.0,0.0,1.0
26,220,7.025360034154633,8.408688849639873,0.0,0.0,0.0,0.0,0.0,0.0
27,220,2.946631127860745,3.1168753245873644,0.0,1.0,1.0,1.0,1.0,0.0
28,220,4.834865304740907,0.0,1.0,0.0,0.0,1.0,0.0,1.0
29,220,11.921075279735952,4.435445973313072,0.0,0.0,0.0,1.0,1.0,0.0
30,220,0.6093040897877102,10.293841932821426,1.0,0.0,1.0,1.0,1.0,0.0
31,220,3.8997329075748177,10.54517311283788,1.0,1.0,0.0,0.0,1.0,1.0
32,220,9.618299293210942,0.0,1.0,0.0,1.0,1.0,0.0,0.0
33,220,5.923642537233855,8.515316427465894,0.0,1.0,0.0,0.0,1.0,1.0
34,220,1.7593764035577966,11.541500224533642,0.0,0.0,0.0,0.0,0.0,0.0
35,220,6.211581893530683,5.220353399283909,0.0,1.0,0.0,0.0,1.0,1.0
36,220,2.032644145861482,8.14563739767874,0.0,0.0,0.0,1.0,0.0,1.0
37,220,0.0,2.409423868857745,0.0,1.0,0.0,1.0,0.0,0.0
38,220,10.416299579742049,12.0,0.0,0.0,1.0,0.0,0.0,0.0
39,220,0.0,12.0,0.0,1.0,1.0,0.0,1.0,1.0
0,225,12.0,4.827697280997071,1.0,1.0,1.0,0.0,0.0,0.0
1,225,5.782506293522429,0.0,1.0,0.0,0.0,0.0,0.0,1.0
2,225,9.529823701528732,0.0,1.0,1.0,1.0,1.0,0.0,1.0
3,225,7.770508827598896,9.749002726213426,0.0,0.0,0.0,0.0,0.0,0.0
4,225,10.917691056213645,4.280350509988076,0.0,1.0,0.0,0.0,1.0,0.0
5,225,1.7460432609974046,4.506306516798428,0.0,0.0,1.0,0.0,0.0,1.0
6,225,0.0468212915166752,11.753897179592483,1.0,0.0,1.0,1.0,0.0,1.0
7,225,7.773412027311853,1.0625736503790315,1.0,0.0,1.0,0.0,0.0,1.0
8,225,10.961507959555478,3.7666929437918006,0.0,1.0,0.0,1.0,0.0,1.0
9,225,9.206758934880552,3.602478648026884,0.0,1.0,1.0,0.0,1.0,0.0
10,225,6.394949202835666,2.408754259282349,0.0,0.0,0.0,1.0,0.0,1.0
11,225,0.1715428243482266,8.226335823092986,1.0,0.0,1.0,1.0,1.0,1.0
12,225,0.5690044104988086,11.528760099386888,1.0,1.0,1.0,1.0,0.0,0.0
13,225,8.614062107625603,7.768094763299134,1.0,1.0,1.0,1.0,1.0,1.0
14,225,7.321631444727211,7.70938319338273,0.0,0.0,0.0,0.0,0.0,1.0
15,225,8.760782780693276,5.385097006707738,0.0,0.0,0.0,1.0,0.0,0.0
16,225,11.80844943343662,3.727073083380138,0.0,0.0,0.0,0.0,1.0,1.0
17,225,10.025154883520832,1.485399914659593,1.0,0.0,0.0,0.0,0.0,1.0
18,225,0.0207684209286263,8.585927351201338,1.0,1.0,0.0,1.0,0.0,1.0
19,225,6.878994433233523,0.4210254089297224,1.0,1.0,1.0,0.0,1.0,1.0
20,225,12.0,2.211614105907613,1.0,0.0,0.0,0.0,0.0,1.0
21,225,5.31932195665404,6.662281404648934,0.0,1.0,0.0,0.0,1.0,1.0
22,225,1.34442311649875,2.316773938648014,0.0,0.0,1.0,1.0,1.0,0.0
23,225,10.531569793680212,5.536027650371875,0.0,0.0,0.0,1.0,1.0,0.0
24,225,7.440179416891476,6.110111132468246,0.0,1.0,0.0,0.0,0.0,1.0
25,225,4.443098417893732,8.65308074236236,1.0,0.0,0.0,0.0,0.0,1.0
26,225,6.987818846775565,8.34813797204463,0.0,0.0,0.0,0.0,0.0,0.0
27,225,2.9402363941155576,3.119620587694598,0.0,1.0,1.0,1.0,1.0,0.0
28,225,4.972231436265463,0.0,1.0,0.0,0.0,1.0,0.0,1.0
29,225,11.919850737784776,4.436218988735228,0.0,0.0,0.0,1.0,1.0,0.0
30,225,0.4895475193917011,10.296612607548456,1.0,0.0,1.0,1.0,1.0,0.0
31,225,4.037780266523558,10.51274318967325,1.0,1.0,0.0,0.0,1.0,1.0
32,225,9.638565579892518,0.0,1.0,0.0,1.0,1.0,0.0,0.0
33,225,5.902590943713952,8.511598671912422,0.0,1.0,0.0,0.0,1.0,1.0
34,225,1.757042714761604,11.592581249117387,0.0,0.0,0.0,0.0,0.0,0.0
35,225,6.291346880481735,5.232062363115049,0.0,1.0,0.0,0.0,1.0,1.0
36,225,2.0376992542459216,8.050336153459234,0.0,0.0,0.0,1.0,0.0,1.0
37,225,0.0,2.538905879384311,0.0,1.0,0.0,1.0,0.0,0.0
38,225,10.56461225308206,12.0,0.0,0.0,1.0,0.0,0.0,0.0
39,225,0.0,12.0,0.0,1.0,1.0,0.0,1.0,1.0
0,230,12.0,4.822407564300963,1.0,1.0,1.0,0.0,0.0,0.0
1,230,5.696483967882711,0.0,1.0,0.0,0.0,0.0,0.0,1.0
2,230,9.574633992847804,0.0,1.0,1.0,1.0,1.0,0.0,1.0
3,230,7.802829019677524,9.823462966513633,0.0,0.0,0.0,0.0,0.0,0.0
4,230,10.903984786721503,4.449483149079586,0.0,1.0,0.0,0.0,1.0,0.0
5,230,1.7181853241839278,4.460416846514958,0.0,0.0,1.0,0.0,0.0,1.0
6,230,0.0119858445448093,11.848418232995858,1.0,0.0,1.0,1.0,0.0,1.0
7,230,7.733605090873366,1.1205741863508436,1.0,0.0,1.0,0.0,0.0,1.0
8,230,10.92070028928216,3.8103735328262434,0.0,1.0,0.0,1.0,0.0,1.0
9,230,9.247580203664828,3.5342658784600003,0.0,1.0,1.0,0.0,1.0,0.0
10,230,6.418976874697441,2.3920568036643592,0.0,0.0,0.0,1.0,0.0,1.0
11,230,0.0590604325997429,8.054286527311707,1.0,0.0,1.0,1.0,1.0,1.0
12,230,0.6079641098508206,11.570246114454246,1.0,1.0,1.0,1.0,0.0,0.0
13,230,8.602799459819263,7.769656600755199,1.0,1.0,1.0,1.0,1.0,1.0
14,230,7.317080727543915,7.723503060304087,0.0,0.0,0.0,0.0,0.0,1.0
15,230,8.762525510421497,5.374208615405916,0.0,0.0,0.0,1.0,0.0,0.0
16,230,11.691630563832184,3.6657359560834735,0.0,0.0,0.0,0.0,1.0,1.0
17,230,10.041469649593049,1.605252866822345,1.0,0.0,0.0,0.0,0.0,1.0
18,230,0.0132680760861217,8.573658742880152,1.0,1.0,0.0,1.0,0.0,1.0
19,230,6.692087235578788,0.4100145259228959,1.0,1.0,1.0,0.0,1.0,1.0
20,230,12.0,2.210838793911858,1.0,0.0,0.0,0.0,0.0,1.0
21,230,5.332866430538839,6.672376717802607,0.0,1.0,0.0,0.0,1.0,1.0
22,230,1.4626200659571795,2.422834779167437,0.0,0.0,1.0,1.0,1.0,0.0
23,230,10.52855225699176,5.534180507910652,0.0,0.0,0.0,1.0,1.0,0.0
24,230,7.630348209744366,6.10748924679748,0.0,1.0,0.0,0.0,0.0,1.0
25,230,4.387905544758022,8.61925727831615,1.0,0.0,0.0,0.0,0.0,1.0
26,230,6.957128368463608,8.299765487800796,0.0,0.0,0.0,0.0,0.0,0.0
27,230,2.943314805753909,3.1183450165818134,0.0,1.0,1.0,1.0,1.0,0.0
28,230,5.110892368515724,0.0,1.0,0.0,0.0,1.0,0.0,1.0
29,230,11.88792510386964,4.457032901887205,0.0,0.0,0.0,1.0,1.0,0.0
30,230,0.3662420153737017,10.30208646930317,1.0,0.0,1.0,1.0,1.0,0.0
31,230,4.196793342299927,10.473321829717454,1.0,1.0,0.0,0.0,1.0,1.0
32,230,9.659446855352192,0.0,1.0,0.0,1.0,1.0,0.0,0.0
33,230,5.871044623674689,8.506081849858875,0.0,1.0,0.0,0.0,1.0,1.0
34,230,1.75522357130577,11.631159790945569,0.0,0.0,0.0,0.0,0.0,0.0
35,230,6.380364261039351,5.247785617525625,0.0,1.0,0.0,0.0,1.0,1.0
36,230,2.0431518802389528,7.948670164032331,0.0,0.0,0.0,1.0,0.0,1.0
37,230,0.0,2.6630092197325466,0.0,1.0,0.0,1.0,0.0,0.0
38,230,10.723106501364258,12.0,0.0,0.0,1.0,0.0,0.0,0.0
39,230,0.0,12.0,0.0,1.0,1.0,0.0,1.0,1.0
0,235,12.0,4.822204208807823,1.0,1.0,1.0,0.0,0.0,0.0
1,235,5.616724906014495,0.0,1.0,0.0,0.0,0.0,0.0,1.0
2,235,9.625953010026471,0.0,1.0,1.0,1.0,1.0,0.0,1.0
3,235,7.840680218516736,9.91143030270396,0.0,0.0,0.0,0.0,0.0,0.0
4,235,10.889274166621648,4.640223571229665,0.0,1.0,0.0,0.0,1.0,0.0
5,235,1.6727680800595357,4.390354014375522,0.0,0.0,1.0,0.0,0.0,1.0
6,235,0.0,11.9378552191407,1.0,0.0,1.0,1.0,0.0,1.0
7,235,7.699099165949297,1.1698710010987985,1.0,0.0,1.0,0.0,0.0,1.0
8,235,10.886616457856237,3.8471282866557983,0.0,1.0,0.0,1.0,0.0,1.0
9,235,9.281768998577352,3.4776215444082896,0.0,1.0,1.0,0.0,1.0,0.0
10,235,6.446315125675532,2.373346017337671,0.0,0.0,0.0,1.0,0.0,1.0
11,235,0.0,7.878549448753875,1.0,0.0,1.0,1.0,1.0,1.0
12,235,0.6509372871653512,11.613847424001143,1.0,1.0,1.0,1.0,0.0,0.0
13,235,8.586528108258266,7.772002224615219,1.0,1.0,1.0,1.0,1.0,1.0
14,235,7.322988535915286,7.706460594240262,0.0,0.0,0.0,0.0,0.0,1.0
15,235,8.763782476349629,5.366526328699575,0.0,0.0,0.0,1.0,0.0,0.0
16,235,11.570415807052356,3.600204910592355,0.0,0.0,0.0,0.0,1.0,1.0
17,235,10.058449108833283,1.7261517149404677,1.0,0.0,0.0,0.0,0.0,1.0
18,235,0.0101722938325367,8.568527608910225,1.0,1.0,0.0,1.0,0.0,1.0
19,235,6.501304761582444,0.3970520885780955,1.0,1.0,1.0,0.0,1.0,1.0
20,235,11.984823719364954,2.215332941193201,1.0,0.0,0.0,0.0,0.0,1.0
21,235,5.337677213033845,6.6760987462984405,0.0,1.0,0.0,0.0,1.0,1.0
22,235,1.5706171544578127,2.5215681943087693,0.0,0.0,1.0,1.0,1.0,0.0
23,235,10.52855729078536,5.534183471324229,0.0,0.0,0.0,1.0,1.0,0.0
24,235,7.632850827226078,5.926024378225917,0.0,1.0,0.0,0.0,0.0,1.0
25,235,4.343162777536215,8.592263928807592,1.0,0.0,0.0,0.0,0.0,1.0
26,235,6.923910326223911,8.248513099378973,0.0,0.0,0.0,0.0,0.0,0.0
27,235,2.9368117895891963,3.120961421685002,0.0,1.0,1.0,1.0,1.0,0.0
28,235,5.236486304315282,0.0,1.0,0.0,0.0,1.0,0.0,1.0
29,235,11.858431012214965,4.476763190940886,0.0,0.0,0.0,1.0,1.0,0.0
30,235,0.2544540932100517,10.306056620333512,1.0,0.0,1.0,1.0,1.0,0.0
31,235,4.335761247230088,10.439394651063289,1.0,1.0,0.0,0.0,1.0,1.0
32,235,9.682500615634195,0.0,1.0,0.0,1.0,1.0,0.0,0.0
33,235,5.832669126896115,8.4997329811391,0.0,1.0,0.0,0.0,1.0,1.0
34,235,1.7539066138919397,11.67572921281802,0.0,0.0,0.0,0.0,0.0,0.0
35,235,6.466086527871553,5.261174010832464,0.0,1.0,0.0,0.0,1.0,1.0
36,235,2.04705594413754,7.844233197716179,0.0,0.0,0.0,1.0,0.0,1.0
37,235,0.0,2.788477162929931,0.0,1.0,0.0,1.0,0.0,0.0
38,235,10.88707039088385,12.0,0.0,0.0,1.0,0.0,0.0,0.0
39,235,0.0,12.0,0.0,1.0,1.0,0.0,1.0,1.0
0,240,12.0,4.821461698897451,1.0,1.0,1.0,0.0,0.0,0.0
1,240,5.544732110262395,0.0,1.0,0.0,0.0,0.0,0.0,1.0
2,240,9.369793685444114,0.0,1.0,1.0,1.0,1.0,0.0,1.0
3,240,7.87117508967985,9.986418357754056,0.0,0.0,0.0,0.0,0.0,0.0
4,240,10.875955650548637,4.818746378719608,0.0,1.0,0.0,0.0,1.0,0.0
5,240,1.6233905242867204,4.318158933850793,0.0,0.0,1.0,0.0,0.0,1.0
6,240,0.0,12.0,1.0,0.0,1.0,1.0,0.0,1.0
7,240,7.666998702389293,1.2125342265822503,1.0,0.0,1.0,0.0,0.0,1.0
8,240,10.846303163731688,3.889092324405352,0.0,1.0,0.0,1.0,0.0,1.0
9,240,9.31780452583508,3.4213733830810398,0.0,1.0,1.0,0.0,1.0,0.0
10,240,6.46206636344121,2.361977259852473,0.0,0.0,0.0,1.0,0.0,1.0
11,240,0.0,7.70557034751392,1.0,0.0,1.0,1.0,1.0,1.0
12,240,0.7074481846141861,11.670703802083011,1.0,1.0,1.0,1.0,0.0,0.0
13,240,8.577157420960956,7.773389777736851,1.0,1.0,1.0,1.0,1.0,1.0
14,240,7.3300789218309506,7.686931747728818,0.0,0.0,0.0,0.0,0.0,1.0
15,240,8.764900200747157,5.359469787585903,0.0,0.0,0.0,1.0,0.0,0.0
16,240,11.433751471200964,3.5229125374700234,0.0,0.0,0.0,0.0,1.0,1.0
17,240,10.072201322414136,1.831908989556524,1.0,0.0,0.0,0.0,0.0,1.0
18,240,0.0203507806450575,8.586857144476623,1.0,1.0,0.0,1.0,0.0,1.0
19,240,6.30209321639882,0.3778556835833198,1.0,1.0,1.0,0.0,1.0,1.0
20,240,11.991552419499728,2.2134390281961456,1.0,0.0,0.0,0.0,0.0,1.0
21,240,5.319809057059184,6.6613863139593406,0.0,1.0,0.0,0.0,1.0,1.0
22,240,1.6673397831615293,2.608453055505165,0.0,0.0,1.0,1.0,1.0,0.0
23,240,10.52799074811357,5.533842982174923,0.0,0.0,0.0,1.0,1.0,0.0
24,240,7.635305721676015,5.744592001626604,0.0,1.0,0.0,0.0,0.0,1.0
25,240,4.289387380376707,8.558150091963727,1.0,0.0,0.0,0.0,0.0,1.0
26,240,6.90427159692694,8.218881896526282,0.0,0.0,0.0,0.0,0.0,0.0
27,240,2.9281908195831723,3.124977690959152,0.0,1.0,1.0,1.0,1.0,0.0
28,240,5.358218699500881,0.0,1.0,0.0,0.0,1.0,0.0,1.0
29,240,11.842754176174443,4.486646799350029,0.0,0.0,0.0,1.0,1.0,0.0
30,240,0.1441362550758382,10.310402330283962,1.0,0.0,1.0,1.0,1.0,0.0
31,240,4.450185060259683,10.40939272876019,1.0,1.0,0.0,0.0,1.0,1.0
32,240,9.71129071928446,0.0,1.0,0.0,1.0,1.0,0.0,0.0
33,240,5.802019724018861,8.494567775077766,0.0,1.0,0.0,0.0,1.0,1.0
34,240,1.7493928450185643,11.741258377516283,0.0,0.0,0.0,0.0,0.0,0.0
35,240,6.56483615992827,5.276855798312947,0.0,1.0,0.0,0.0,1.0,1.0
36,240,2.0520715102882896,7.72480578310477,0.0,0.0,0.0,1.0,0.0,1.0
37,240,0.0,2.932233448649035,0.0,1.0,0.0,1.0,0.0,0.0
38,240,11.047804970548814,12.0,0.0,0.0,1.0,0.0,0.0,0.0
39,240,0.0,12.0,0.0,1.0,1.0,0.0,1.0,1.0
0,245,12.0,4.821062330070794,1.0,1.0,1.0,0.0,0.0,0.0
1,245,5.469773744827423,0.0,1.0,0.0,0.0,0.0,0.0,1.0
2,245,9.117463017911827,0.0,1.0,1.0,1.0,1.0,0.0,1.0
3,245,7.900076893501177,10.055865369035818,0.0,0.0,0.0,0.0,0.0,0.0
4,245,10.861586467668571,5.033304841648856,0.0,1.0,0.0,0.0,1.0,0.0
5,245,1.5576729213225875,4.222979259708203,0.0,0.0,1.0,0.0,0.0,1.0
6,245,0.0,12.0,1.0,0.0,1.0,1.0,0.0,1.0
7,245,7.634214088197861,1.258681908849972,1.0,0.0,1.0,0.0,0.0,1.0
8,245,10.793770863647495,3.9442957353533226,0.0,1.0,0.0,1.0,0.0,1.0
9,245,9.363858749471817,3.3476639590781305,0.0,1.0,1.0,0.0,1.0,0.0
10,245,6.469531744894211,2.3565007923944106,0.0,0.0,0.0,1.0,0.0,1.0
11,245,0.0,7.55171349378566,1.0,0.0,1.0,1.0,1.0,1.0
12,245,0.769755068776246,11.733161252786054,1.0,1.0,1.0,1.0,0.0,0.0
13,245,8.556777750480746,7.77624723885565,1.0,1.0,1.0,1.0,1.0,1.0
14,245,7.334196731783238,7.675918850528098,0.0,0.0,0.0,0.0,0.0,1.0
15,245,8.763568651932284,5.368249356431609,0.0,0.0,0.0,1.0,0.0,0.0
16,245,11.32449190730508,3.462045510431778,0.0,0.0,0.0,0.0,1.0,1.0
17,245,10.084965359389814,1.923480440971819,1.0,0.0,0.0,0.0,0.0,1.0
18,245,0.0598312356922376,8.565531363939904,1.0,1.0,0.0,1.0,0.0,1.0
19,245,6.09755849552867,0.3529645880734771,1.0,1.0,1.0,0.0,1.0,1.0
20,245,12.0,2.205133749695889,1.0,0.0,0.0,0.0,0.0,1.0
21,245,5.312345050461039,6.654936034611385,0.0,1.0,0.0,0.0,1.0,1.0
22,245,1.7794417677437446,2.711185660093754,0.0,0.0,1.0,1.0,1.0,0.0
23,245,10.53468648329665,5.537951770770787,0.0,0.0,0.0,1.0,1.0,0.0
24,245,7.638156715525428,5.548683649218186,0.0,1.0,0.0,0.0,0.0,1.0
25,245,4.252690552309798,8.535547383287009,1.0,0.0,0.0,0.0,0.0,1.0
26,245,6.877229762706878,8.180127850150757,0.0,0.0,0.0,0.0,0.0,0.0
27,245,2.921516535255808,3.127920147877351,0.0,1.0,1.0,1.0,1.0,0.0
28,245,5.4816090760900495,0.0,1.0,0.0,0.0,1.0,0.0,1.0
29,245,11.80860864805728,4.507015970535668,0.0,0.0,0.0,1.0,1.0,0.0
30,245,0.0571472242561118,10.312701133163912,1.0,0.0,1.0,1.0,1.0,0.0
31,245,4.536224909189499,10.386934669508156,1.0,1.0,0.0,0.0,1.0,1.0
32,245,9.73219939618315,0.0,1.0,0.0,1.0,1.0,0.0,0.0
33,245,5.771247412084761,8.489057831010243,0.0,1.0,0.0,0.0,1.0,1.0
34,245,1.7443983529341898,11.813860566136242,0.0,0.0,0.0,0.0,0.0,0.0
35,245,6.656917606970408,5.290788343925493,0.0,1.0,0.0,0.0,1.0,1.0
36,245,2.0574671550581964,7.608057611255643,0.0,0.0,0.0,1.0,0.0,1.0
37,245,0.0,3.087796033097153,0.0,1.0,0.0,1.0,0.0,0.0
38,245,11.193625286164236,12.0,0.0,0.0,1.0,0.0,0.0,0.0
39,245,0.0,12.0,0.0,1.0,1.0,0.0,1.0,1.0
0,250,12.0,4.821008254081977,1.0,1.0,1.0,0.0,0.0,0.0
1,250,5.395035832821401,0.0,1.0,0.0,0.0,0.0,0.0,1.0
2,250,8.87665835329554,0.0,1.0,1.0,1.0,1.0,0.0,1.0
3,250,7.92844145608231,10.12423187594052,0.0,0.0,0.0,0.0,0.0,0.0
4,250,10.855756588746626,5.246451442309676,0.0,1.0,0.0,0.0,1.0,0.0
5,250,1.4948243721257837,4.128878471224385,0.0,0.0,1.0,0.0,0.0,1.0
6,250,0.0,12.0,1.0,0.0,1.0,1.0,0.0,1.0
7,250,7.603003342813805,1.3037396198241962,1.0,0.0,1.0,0.0,0.0,1.0
8,250,10.73179930262275,3.8850782632096488,0.0,1.0,0.0,1.0,0.0,1.0
9,250,9.40971665958942,3.2715023235239453,0.0,1.0,1.0,0.0,1.0,0.0
10,250,6.492288398859266,2.340218435309694,0.0,0.0,0.0,1.0,0.0,1.0
11,250,0.0,7.398234110751149,1.0,0.0,1.0,1.0,1.0,1.0
12,250,0.835172998032631,11.8017025918489,1.0,1.0,1.0,1.0,0.0,0.0
13,250,8.557855773739002,7.776096412187955,1.0,1.0,1.0,1.0,1.0,1.0
14,250,7.335238758048779,7.673267016398965,0.0,0.0,0.0,0.0,0.0,1.0
15,250,8.762385822767985,5.376635936546652,0.0,0.0,0.0,1.0,0.0,0.0
16,250,11.20683241309607,3.394831728862348,0.0,0.0,0.0,0.0,1.0,1.0
17,250,10.09963006058511,2.029157642173534,1.0,0.0,0.0,0.0,0.0,1.0
18,250,0.0937236703305263,8.547094101281491,1.0,1.0,0.0,1.0,0.0,1.0
19,250,5.885238368932109,0.3250403502140558,1.0,1.0,1.0,0.0,1.0,1.0
20,250,12.0,2.1972315673940264,1.0,0.0,0.0,0.0,0.0,1.0
21,250,5.316336550259413,6.658535397381348,0.0,1.0,0.0,0.0,1.0,1.0
22,250,1.89685596912916,2.815288005632831,0.0,0.0,1.0,1.0,1.0,0.0
23,250,10.548112648362585,5.5461063525119965,0.0,0.0,0.0,1.0,1.0,0.0
24,250,7.644152930301952,5.356619876505102,0.0,1.0,0.0,0.0,0.0,1.0
25,250,4.208552923743725,8.508077894974075,1.0,0.0,0.0,0.0,0.0,1.0
26,250,6.850631688930201,8.145127602168557,0.0,0.0,0.0,0.0,0.0,0.0
27,250,2.916799340723369,3.1299447888103438,0.0,1.0,1.0,1.0,1.0,0.0
28,250,5.626146867418307,0.0,1.0,0.0,0.0,1.0,0.0,1.0
29,250,11.770580293629273,4.530285543062613,0.0,0.0,0.0,1.0,1.0,0.0
30,250,0.0,10.313141436917851,1.0,0.0,1.0,1.0,1.0,0.0
31,250,4.615829676030456,10.368273191640805,1.0,1.0,0.0,0.0,1.0,1.0
32,250,9.748451277354794,0.0,1.0,0.0,1.0,1.0,0.0,0.0
33,250,5.757990688104851,8.486235143964587,0.0,1.0,0.0,0.0,1.0,1.0
34,250,1.7396948985524527,11.882609559058162,0.0,0.0,0.0,0.0,0.0,0.0
35,250,6.738595652012348,5.302749674806716,0.0,1.0,0.0,0.0,1.0,1.0
36,250,2.0622992646982583,7.47042069149481,0.0,0.0,0.0,1.0,0.0,1.0
37,250,0.0,3.2478304651133945,0.0,1.0,0.0,1.0,0.0,0.0
38,250,11.3461556038599,12.0,0.0,0.0,1.0,0.0,0.0,0.0
39,250,0.0,12.0,0.0,1.0,1.0,0.0,1.0,1.0
0,255,12.0,4.81764292100956,1.0,1.0,1.0,0.0,0.0,0.0
1,255,5.312382936151223,0.0,1.0,0.0,0.0,0.0,0.0,1.0
2,255,8.64618822871771,0.0,1.0,1.0,1.0,1.0,0.0,1.0
3,255,7.946688908343471,10.169006824691602,0.0,0.0,0.0,0.0,0.0,0.0
4,255,10.637542358058408,5.239639317438151,0.0,1.0,0.0,0.0,1.0,0.0
5,255,1.437499755418955,4.047508656424874,0.0,0.0,1.0,0.0,0.0,1.0
6,255,0.0,12.0,1.0,0.0,1.0,1.0,0.0,1.0
7,255,7.559080526906464,1.3633668567847874,1.0,0.0,1.0,0.0,0.0,1.0
8,255,10.68299015127844,3.838625455323093,0.0,1.0,0.0,1.0,0.0,1.0
9,255,9.453944460539317,3.194929413432108,0.0,1.0,1.0,0.0,1.0,0.0
10,255,6.518356142227738,2.321588686867782,0.0,0.0,0.0,1.0,0.0,1.0
11,255,0.0,7.217613529873309,1.0,0.0,1.0,1.0,1.0,1.0
12,255,0.8941593176520474,11.861176038814362,1.0,1.0,1.0,1.0,0.0,0.0
13,255,8.5692526056911,7.774741096939207,1.0,1.0,1.0,1.0,1.0,1.0
14,255,7.346273662601854,7.643409358437842,0.0,0.0,0.0,0.0,0.0,1.0
15,255,8.75954982335073,5.393304531353503,0.0,0.0,0.0,1.0,0.0,0.0
16,255,11.078337193195637,3.3214551499569924,0.0,0.0,0.0,0.0,1.0,1.0
17,255,10.1154566844746,2.138057843324818,1.0,0.0,0.0,0.0,0.0,1.0
18,255,0.1309533976876792,8.527253188086146,1.0,1.0,0.0,1.0,0.0,1.0
19,255,5.677712425024139,0.2953411611291485,1.0,1.0,1.0,0.0,1.0,1.0
20,255,12.0,2.188648425812833,1.0,0.0,0.0,0.0,0.0,1.0
21,255,5.298370246463123,6.6423131500939085,0.0,1.0,0.0,0.0,1.0,1.0
22,255,2.0372789985673427,2.940932755526597,0.0,0.0,1.0,1.0,1.0,0.0
23,255,10.568145174847553,5.55818206908067,0.0,0.0,0.0,1.0,1.0,0.0
24,255,7.646148288723571,5.15514987585115,0.0,1.0,0.0,0.0,0.0,1.0
25,255,4.155905900732256,8.475407033054024,1.0,0.0,0.0,0.0,0.0,1.0
26,255,6.8122500341274455,8.096233006298547,0.0,0.0,0.0,0.0,0.0,0.0
27,255,2.918615957073486,3.1291806656644803,0.0,1.0,1.0,1.0,1.0,0.0
28,255,5.781062031342033,0.0,1.0,0.0,0.0,1.0,0.0,1.0
29,255,11.741072759552146,4.547898329049424,0.0,0.0,0.0,1.0,1.0,0.0
30,255,0.0,10.316895842371906,1.0,0.0,1.0,1.0,1.0,0.0
31,255,4.709434251001907,10.3461284254707,1.0,1.0,0.0,0.0,1.0,1.0
32,255,9.766023531435849,0.0,1.0,0.0,1.0,1.0,0.0,0.0
33,255,5.734245461613947,8.480694027433987,0.0,1.0,0.0,0.0,1.0,1.0
34,255,1.735598733328076,11.942499733713372,0.0,0.0,0.0,0.0,0.0,0.0
35,255,6.821962471766892,5.312436025030942,0.0,1.0,0.0,0.0,1.0,1.0
36,255,2.063243673422139,7.341362304664846,0.0,0.0,0.0,1.0,0.0,1.0
37,255,0.0,3.427916123277763,0.0,1.0,0.0,1.0,0.0,0.0
38,255,11.51590492721521,12.0,0.0,0.0,1.0,0.0,0.0,0.0
39,255,0.0,12.0,0.0,1.0,1.0,0.0,1.0,1.0
0,260,12.0,4.815323329527062,1.0,1.0,1.0,0.0,0.0,0.0
1,260,5.228839455831211,0.0,1.0,0.0,0.0,0.0,0.0,1.0
2,260,8.40509555747056,0.0,1.0,1.0,1.0,1.0,0.0,1.0
3,260,7.964764188536371,10.21340168482722,0.0,0.0,0.0,0.0,0.0,0.0
4,260,10.415947918673805,5.23459241111145,0.0,1.0,0.0,0.0,1.0,0.0
5,260,1.3778737784917627,3.967742725752816,0.0,0.0,1.0,0.0,0.0,1.0
6,260,0.0,12.0,1.0,0.0,1.0,1.0,0.0,1.0
7,260,7.526793243217607,1.4095105871343407,1.0,0.0,1.0,0.0,0.0,1.0
8,260,10.640990021492764,3.798484795914333,0.0,1.0,0.0,1.0,0.0,1.0
9,260,9.496752213965175,3.1218773259625823,0.0,1.0,1.0,0.0,1.0,0.0
10,260,6.538373098247023,2.3067634140178166,0.0,0.0,0.0,1.0,0.0,1.0
11,260,0.0,7.034637597135486,1.0,0.0,1.0,1.0,1.0,1.0
12,260,0.943564312420306,11.90990996177412,1.0,1.0,1.0,1.0,0.0,0.0
13,260,8.593757203076585,7.771236186666886,1.0,1.0,1.0,1.0,1.0,1.0
14,260,7.351150054888261,7.631099028083931,0.0,0.0,0.0,0.0,0.0,1.0
15,260,8.751867647626653,5.436749626123276,0.0,0.0,0.0,1.0,0.0,0.0
16,260,10.964961179541916,3.256749661567291,0.0,0.0,0.0,0.0,1.0,1.0
17,260,10.131099305535251,2.258826710394192,1.0,0.0,0.0,0.0,0.0,1.0
18,260,0.1734799926870934,8.505395620529493,1.0,1.0,0.0,1.0,0.0,1.0
19,260,5.470573457385427,0.2691351391790175,1.0,1.0,1.0,0.0,1.0,1.0
20,260,12.0,2.180473209087045,1.0,0.0,0.0,0.0,0.0,1.0
21,260,5.266969461020303,6.613559910734988,0.0,1.0,0.0,0.0,1.0,1.0
22,260,2.182702250339569,3.0715307169582693,0.0,0.0,1.0,1.0,1.0,0.0
23,260,10.593095956120123,5.573121249037209,0.0,0.0,0.0,1.0,1.0,0.0
24,260,7.651579734645123,4.960697800960419,0.0,1.0,0.0,0.0,0.0,1.0
25,260,4.093712742866549,8.43818961123348,1.0,0.0,0.0,0.0,0.0,1.0
26,260,6.76567959241803,8.03692870807648,0.0,0.0,0.0,0.0,0.0,0.0
27,260,2.9047669319657787,3.135035584604671,0.0,1.0,1.0,1.0,1.0,0.0
28,260,5.939962982005173,0.0,1.0,0.0,0.0,1.0,0.0,1.0
29,260,11.681962090739786,4.581843121171036,0.0,0.0,0.0,1.0,1.0,0.0
30,260,0.0,10.320288859280614,1.0,0.0,1.0,1.0,1.0,0.0
31,260,4.69062101117835,10.262256976237715,1.0,1.0,0.0,0.0,1.0,1.0
32,260,9.778483087641462,0.0,1.0,0.0,1.0,1.0,0.0,0.0
33,260,5.69851741667339,8.472281676462343,0.0,1.0,0.0,0.0,1.0,1.0
34,260,1.6661080315093888,11.938974384329317,0.0,0.0,0.0,0.0,0.0,0.0
35,260,6.900075245996315,5.321219624238551,0.0,1.0,0.0,0.0,1.0,1.0
36,260,2.0667553857012315,7.192568517114436,0.0,0.0,0.0,1.0,0.0,1.0
37,260,0.0,3.625394675772657,0.0,1.0,0.0,1.0,0.0,0.0
38,260,11.673827448926668,12.0,0.0,0.0,1.0,0.0,0.0,0.0
39,260,0.0,12.0,0.0,1.0,1.0,0.0,1.0,1.0
0,265,12.0,4.81482391585586,1.0,1.0,1.0,0.0,0.0,0.0
1,265,5.135075809702983,0.0,1.0,0.0,0.0,0.0,0.0,1.0
2,265,8.156606089140999,0.0,1.0,1.0,1.0,1.0,0.0,1.0
3,265,7.988172956330796,10.270703787886562,0.0,0.0,0.0,0.0,0.0,0.0
4,265,10.169567874054264,5.222996558152478,0.0,1.0,0.0,0.0,1.0,0.0
5,265,1.3215367602153918,3.896883946165811,0.0,0.0,1.0,0.0,0.0,1.0
6,265,0.0,12.0,1.0,0.0,1.0,1.0,0.0,1.0
7,265,7.5013131442756755,1.4459409945940926,1.0,0.0,1.0,0.0,0.0,1.0
8,265,10.599310447821312,3.75736890720077,0.0,1.0,0.0,1.0,0.0,1.0
9,265,9.546503415947926,3.0396707415476154,0.0,1.0,1.0,0.0,1.0,0.0
10,265,6.53896712154391,2.306343970349406,0.0,0.0,0.0,1.0,0.0,1.0
11,265,0.0,6.850470036551626,1.0,0.0,1.0,1.0,1.0,1.0
12,265,1.0030114323257764,11.966604323030015,1.0,1.0,1.0,1.0,0.0,0.0
13,265,8.623366677801632,7.768026487441149,1.0,1.0,1.0,1.0,1.0,1.0
14,265,7.347274437700753,7.640511060497297,0.0,0.0,0.0,0.0,0.0,1.0
15,265,8.745715952374464,5.474174098869855,0.0,0.0,0.0,1.0,0.0,0.0
16,265,10.850445493754671,3.195000646869802,0.0,0.0,0.0,0.0,1.0,1.0
17,265,10.140362742456556,2.3510819458237724,1.0,0.0,0.0,0.0,0.0,1.0
18,265,0.2242871775311571,8.4804685361247,1.0,1.0,0.0,1.0,0.0,1.0
19,265,5.277323975558546,0.2495749070114041,1.0,1.0,1.0,0.0,1.0,1.0
20,265,12.0,2.168389577524964,1.0,0.0,0.0,0.0,0.0,1.0
21,265,5.23086538942222,6.580176321939249,0.0,1.0,0.0,0.0,1.0,1.0
22,265,2.3286208850866066,3.205280482617765,0.0,0.0,1.0,1.0,1.0,0.0
23,265,10.632947234555962,5.596846673284187,0.0,0.0,0.0,1.0,1.0,0.0
24,265,7.658061930094562,4.777909522340459,0.0,1.0,0.0,0.0,0.0,1.0
25,265,4.049556032811363,8.411893368484511,1.0,0.0,0.0,0.0,0.0,1.0
26,265,6.736201298961967,7.999275909852694,0.0,0.0,0.0,0.0,0.0,0.0
27,265,2.8980556999484675,3.138031750662791,0.0,1.0,1.0,1.0,1.0,0.0
28,265,6.095016158212232,0.0,1.0,0.0,0.0,1.0,0.0,1.0
29,265,11.643101970502206,4.603053418662166,0.0,0.0,0.0,1.0,1.0,0.0
30,265,0.0,10.325205494641748,1.0,0.0,1.0,1.0,1.0,0.0
31,265,4.675216825720271,10.192959083506434,1.0,1.0,0.0,0.0,1.0,1.0
32,265,9.794896245800402,0.0,1.0,0.0,1.0,1.0,0.0,0.0
33,265,5.6479395612058685,8.460982450680607,0.0,1.0,0.0,0.0,1.0,1.0
34,265,1.606038232593627,11.935839515854829,0.0,0.0,0.0,0.0,0.0,0.0
35,265,6.988653321702616,5.329036744839216,0.0,1.0,0.0,0.0,1.0,1.0
36,265,2.067216325296517,7.0397621154075045,0.0,0.0,0.0,1.0,0.0,1.0
37,265,0.0,3.818367833383561,0.0,1.0,0.0,1.0,0.0,0.0
38,265,11.835816525472634,12.0,0.0,0.0,1.0,0.0,0.0,0.0
39,265,0.0,12.0,0.0,1.0,1.0,0.0,1.0,1.0
0,270,11.990333757790664,4.816224975445636,1.0,1.0,1.0,0.0,0.0,0.0
1,270,5.046280742855973,0.0,1.0,0.0,0.0,0.0,0.0,1.0
2,270,7.915882024963777,0.0,1.0,1.0,1.0,1.0,0.0,1.0
3,270,8.004127791464281,10.31046689613619,0.0,0.0,0.0,0.0,0.0,0.0
4,270,9.918290043876189,5.210982929361893,0.0,1.0,0.0,0.0,1.0,0.0
5,270,1.27755074861235,3.8435409987834857,0.0,0.0,1.0,0.0,0.0,1.0
6,270,0.0,12.0,1.0,0.0,1.0,1.0,0.0,1.0
7,270,7.476899136532358,1.481258820234116,1.0,0.0,1.0,0.0,0.0,1.0
8,270,10.570092271537431,3.72750417188666,0.0,1.0,0.0,1.0,0.0,1.0
9,270,9.625437633087843,3.0879045621827697,0.0,1.0,1.0,0.0,1.0,0.0
10,270,6.537025316761851,2.307746839630488,0.0,0.0,0.0,1.0,0.0,1.0
11,270,0.0,6.688250984345312,1.0,0.0,1.0,1.0,1.0,1.0
12,270,1.0498983179817554,12.0,1.0,1.0,1.0,1.0,0.0,0.0
13,270,8.648070422028576,7.764585922939269,1.0,1.0,1.0,1.0,1.0,1.0
14,270,7.339850646410267,7.658585850049794,0.0,0.0,0.0,0.0,0.0,1.0
15,270,8.732163179888843,5.539946070206409,0.0,0.0,0.0,1.0,0.0,0.0
16,270,10.72537996884183,3.128109283215464,0.0,0.0,0.0,0.0,1.0,1.0
17,270,10.149576753792566,2.440245689773316,1.0,0.0,0.0,0.0,0.0,1.0
18,270,0.2694044163650251,8.457763977799088,1.0,1.0,0.0,1.0,0.0,1.0
19,270,5.099889949725752,0.2296530782679879,1.0,1.0,1.0,0.0,1.0,1.0
20,270,12.0,2.1531039012493296,1.0,0.0,0.0,0.0,0.0,1.0
21,270,5.206367585232101,6.557371649410362,0.0,1.0,0.0,0.0,1.0,1.0
22,270,2.4787570916243253,3.3466010947417293,0.0,0.0,1.0,1.0,1.0,0.0
23,270,10.671336359755626,5.618550638107973,0.0,0.0,0.0,1.0,1.0,0.0
24,270,7.661168155805958,4.605090851383797,0.0,1.0,0.0,0.0,0.0,1.0
25,270,4.026911591143122,8.398629412152005,1.0,0.0,0.0,0.0,0.0,1.0
26,270,6.773125270923268,7.970894079882466,0.0,0.0,0.0,0.0,0.0,0.0
27,270,2.875454869193914,3.147718856960625,0.0,1.0,1.0,1.0,1.0,0.0
28,270,6.26540552905294,0.0,1.0,0.0,0.0,1.0,0.0,1.0
29,270,11.615045067165733,4.619390208410305,0.0,0.0,0.0,1.0,1.0,0.0
30,270,0.0,10.329957814298837,1.0,0.0,1.0,1.0,1.0,0.0
31,270,4.658358386098537,10.109623154002987,1.0,1.0,0.0,0.0,1.0,1.0
32,270,9.813652895029938,0.0,1.0,0.0,1.0,1.0,0.0,0.0
33,270,5.590500153585395,8.448509003008695,0.0,1.0,0.0,0.0,1.0,1.0
34,270,1.5464766838266737,11.933202389769225,0.0,0.0,0.0,0.0,0.0,0.0
35,270,7.078136479414048,5.336164070091857,0.0,1.0,0.0,0.0,1.0,1.0
36,270,2.0690173472753126,6.8874822038036765,0.0,0.0,0.0,1.0,0.0,1.0
37,270,0.0,4.015071282249074,0.0,1.0,0.0,1.0,0.0,0.0
38,270,12.0,12.0,0.0,0.0,1.0,0.0,0.0,0.0
39,270,0.0,12.0,0.0,1.0,1.0,0.0,1.0,1.0
0,275,11.98393070828943,4.817304411535608,1.0,1.0,1.0,0.0,0.0,0.0
1,275,4.940906458316822,0.0,1.0,0.0,0.0,0.0,0.0,1.0
2,275,7.698023902358306,0.0,1.0,1.0,1.0,1.0,0.0,1.0
3,275,8.013333105921847,10.334211994600231,0.0,0.0,0.0,0.0,0.0,0.0
4,275,9.67481344215313,5.199438091285794,0.0,1.0,0.0,0.0,1.0,0.0
5,275,1.220025281729329,3.770897442964935,0.0,0.0,1.0,0.0,0.0,1.0
6,275,0.0,12.0,1.0,0.0,1.0,1.0,0.0,1.0
7,275,7.462954564123929,1.5006638906490406,1.0,0.0,1.0,0.0,0.0,1.0
8,275,10.546791324594512,3.702896388148071,0.0,1.0,0.0,1.0,0.0,1.0
9,275,9.70811435614003,3.1404649821296022,0.0,1.0,1.0,0.0,1.0,0.0
10,275,6.535207846099716,2.3091006643046583,0.0,0.0,0.0,1.0,0.0,1.0
11,275,0.0,6.530313408756936,1.0,0.0,1.0,1.0,1.0,1.0
12,275,1.107936583442064,12.0,1.0,1.0,1.0,1.0,0.0,0.0
13,275,8.653163838358756,7.763771119746607,1.0,1.0,1.0,1.0,1.0,1.0
14,275,7.328679984754671,7.686990032518295,0.0,0.0,0.0,0.0,0.0,1.0
15,275,8.719622485761176,5.600504623577616,0.0,0.0,0.0,1.0,0.0,0.0
16,275,10.593941238419664,3.054688170873091,0.0,0.0,0.0,0.0,1.0,1.0
17,275,10.158754155575725,2.530352790520127,1.0,0.0,0.0,0.0,0.0,1.0
18,275,0.3135297049357353,8.43566952340744,1.0,1.0,0.0,1.0,0.0,1.0
19,275,4.92728295153774,0.2113662055981204,1.0,1.0,1.0,0.0,1.0,1.0
20,275,12.0,2.1316500836270853,1.0,0.0,0.0,0.0,0.0,1.0
21,275,5.184789366645072,6.53770519274814,0.0,1.0,0.0,0.0,1.0,1.0
22,275,2.628952072646713,3.4849979571984737,0.0,0.0,1.0,1.0,1.0,0.0
23,275,10.717061834097294,5.6439054784122025,0.0,0.0,0.0,1.0,1.0,0.0
24,275,7.666187311141833,4.447756108950117,0.0,1.0,0.0,0.0,0.0,1.0
25,275,4.001698205619941,8.38387912771889,1.0,0.0,0.0,0.0,0.0,1.0
26,275,6.813619569329162,7.940934684724668,0.0,0.0,0.0,0.0,0.0,0.0
27,275,2.883995211252673,3.1679149344838424,0.0,1.0,1.0,1.0,1.0,0.0
28,275,6.437231646968929,0.0,1.0,0.0,0.0,1.0,0.0,1.0
29,275,11.60009757621818,4.62830145882332,0.0,0.0,0.0,1.0,1.0,0.0
30,275,0.0,10.33509717813205,1.0,0.0,1.0,1.0,1.0,0.0
31,275,4.642930581216257,10.028897508412872,1.0,1.0,0.0,0.0,1.0,1.0
32,275,9.834042965027576,0.0,1.0,0.0,1.0,1.0,0.0,0.0
33,275,5.528704810135159,8.43433877095777,0.0,1.0,0.0,0.0,1.0,1.0
34,275,1.4803549636147495,11.931828714613076,0.0,0.0,0.0,0.0,0.0,0.0
35,275,7.171759904189089,5.3431967558437,0.0,1.0,0.0,0.0,1.0,1.0
36,275,2.070553836844802,6.721882917001399,0.0,0.0,0.0,1.0,0.0,1.0
37,275,0.0,4.192926187553707,0.0,1.0,0.0,1.0,0.0,0.0
38,275,12.0,12.0,0.0,0.0,1.0,0.0,0.0,0.0
39,275,0.0,12.0,0.0,1.0,1.0,0.0,1.0,1.0
0,280,11.958163378004333,4.8217445268867865,1.0,1.0,1.0,0.0,0.0,0.0
1,280,4.840766768277938,0.0,1.0,0.0,0.0,0.0,0.0,1.0
2,280,7.466017776294397,0.0,1.0,1.0,1.0,1.0,0.0,1.0
3,280,8.01668207887246,10.343411461557746,0.0,0.0,0.0,0.0,0.0,0.0
4,280,9.438633205570428,5.190094543600111,0.0,1.0,0.0,0.0,1.0,0.0
5,280,1.1576222487860726,3.69159575845634,0.0,0.0,1.0,0.0,0.0,1.0
6,280,0.0489491613721039,12.0,1.0,0.0,1.0,1.0,0.0,1.0
7,280,7.454926053270933,1.51200690870538,1.0,0.0,1.0,0.0,0.0,1.0
8,280,10.51078580213328,3.6650492826461214,0.0,1.0,0.0,1.0,0.0,1.0
9,280,9.65582864183088,3.219681389415253,0.0,1.0,1.0,0.0,1.0,0.0
10,280,6.533432935994322,2.310427083700025,0.0,0.0,0.0,1.0,0.0,1.0
11,280,0.0,6.367303826376748,1.0,0.0,1.0,1.0,1.0,1.0
12,280,1.1862151093031272,12.0,1.0,1.0,1.0,1.0,0.0,0.0
13,280,8.629148765780036,7.767268602018754,1.0,1.0,1.0,1.0,1.0,1.0
14,280,7.3244133095622,7.697782555459602,0.0,0.0,0.0,0.0,0.0,1.0
15,280,8.70286795253934,5.673097156956057,0.0,0.0,0.0,1.0,0.0,0.0
16,280,10.459484912164724,2.977933890485073,0.0,0.0,0.0,0.0,1.0,1.0
17,280,10.174271187241596,2.6532203367303664,1.0,0.0,0.0,0.0,0.0,1.0
18,280,0.3488148466905653,8.418356734824785,1.0,1.0,0.0,1.0,0.0,1.0
19,280,4.767063180211864,0.1988250756286012,1.0,1.0,1.0,0.0,1.0,1.0
20,280,12.0,2.102791551422909,1.0,0.0,0.0,0.0,0.0,1.0
21,280,5.168680113367079,6.523227193695676,0.0,1.0,0.0,0.0,1.0,1.0
22,280,2.7899028842129705,3.626798788231657,0.0,0.0,1.0,1.0,1.0,0.0
23,280,10.753245260731896,5.663519259048768,0.0,0.0,0.0,1.0,1.0,0.0
24,280,7.668611632587302,4.273962088074838,0.0,1.0,0.0,0.0,0.0,1.0
25,280,3.972765511540277,8.367111339115949,1.0,0.0,0.0,0.0,0.0,1.0
26,280,6.84030312649866,7.92277844053751,0.0,0.0,0.0,0.0,0.0,0.0
27,280,2.895637221940882,3.1628669421167355,0.0,1.0,1.0,1.0,1.0,0.0
28,280,6.610144527058417,0.0,1.0,0.0,0.0,1.0,0.0,1.0
29,280,11.58967575615096,4.634597302323587,0.0,0.0,0.0,1.0,1.0,0.0
30,280,0.0,10.340105962817557,1.0,0.0,1.0,1.0,1.0,0.0
31,280,4.625784284728101,9.93323816692386,1.0,1.0,0.0,0.0,1.0,1.0
32,280,9.853067734233234,0.0,1.0,0.0,1.0,1.0,0.0,0.0
33,280,5.547160338319952,8.361673798657483,0.0,1.0,0.0,0.0,1.0,1.0
34,280,1.4172194267088,11.931942905226425,0.0,0.0,0.0,0.0,0.0,0.0
35,280,7.274483534575313,5.352700177198285,0.0,1.0,0.0,0.0,1.0,1.0
36,280,2.0733429623386512,6.57158232417997,0.0,0.0,0.0,1.0,0.0,1.0
37,280,0.0,4.361477819028591,0.0,1.0,0.0,1.0,0.0,0.0
38,280,12.0,12.0,0.0,0.0,1.0,0.0,0.0,0.0
39,280,0.0,12.0,0.0,1.0,1.0,0.0,1.0,1.0
0,285,11.92863999161601,4.826481481384355,1.0,1.0,1.0,0.0,0.0,0.0
1,285,4.753942395443854,0.0,1.0,0.0,0.0,0.0,0.0,1.0
2,285,7.249544424778486,0.0,1.0,1.0,1.0,1.0,0.0,1.0
3,285,8.02343648720246,10.36089487718463,0.0,0.0,0.0,0.0,0.0,0.0
4,285,9.23728019664406,5.185149431853021,0.0,1.0,0.0,0.0,1.0,0.0
5,285,1.10396243719186,3.620343479079765,0.0,0.0,1.0,0.0,0.0,1.0
6,285,0.1176946782336793,12.0,1.0,0.0,1.0,1.0,0.0,1.0
7,285,7.4557830488635135,1.5107242337115048,1.0,0.0,1.0,0.0,0.0,1.0
8,285,10.457702251928078,3.611094509659726,0.0,1.0,0.0,1.0,0.0,1.0
9,285,9.610117445819885,3.2939738449680416,0.0,1.0,1.0,0.0,1.0,0.0
10,285,6.519850103518565,2.3206711775732125,0.0,0.0,0.0,1.0,0.0,1.0
11,285,0.0,6.219157492902044,1.0,0.0,1.0,1.0,1.0,1.0
12,285,1.266855059209416,12.0,1.0,1.0,1.0,1.0,0.0,0.0
13,285,8.585174302509465,7.772835830838688,1.0,1.0,1.0,1.0,1.0,1.0
14,285,7.312652948334742,7.729152684256325,0.0,0.0,0.0,0.0,0.0,1.0
15,285,8.69145408558817,5.722545028114874,0.0,0.0,0.0,1.0,0.0,0.0
16,285,10.328381209625752,2.9040890101450314,0.0,0.0,0.0,0.0,1.0,1.0
17,285,10.190688231838172,2.788527428662254,1.0,0.0,0.0,0.0,0.0,1.0
18,285,0.4023364918601916,8.391785038558831,1.0,1.0,0.0,1.0,0.0,1.0
19,285,4.604240732806909,0.1914171014859981,1.0,1.0,1.0,0.0,1.0,1.0
20,285,12.0,2.073761487872753,1.0,0.0,0.0,0.0,0.0,1.0
21,285,5.126294589369278,6.484514529945285,0.0,1.0,0.0,0.0,1.0,1.0
22,285,2.980897000543883,3.78468071281154,0.0,0.0,1.0,1.0,1.0,0.0
23,285,10.79647763623456,5.686527438982186,0.0,0.0,0.0,1.0,1.0,0.0
24,285,7.668540338671327,4.091472401315748,0.0,1.0,0.0,0.0,0.0,1.0
25,285,3.9411354553945,8.348295749250587,1.0,0.0,0.0,0.0,0.0,1.0
26,285,6.851515703814222,7.915218492177569,0.0,0.0,0.0,0.0,0.0,0.0
27,285,2.899869461026234,3.160988738000516,0.0,1.0,1.0,1.0,1.0,0.0
28,285,6.774745529596675,0.0,1.0,0.0,0.0,1.0,0.0,1.0
29,285,11.562696892494332,4.650281461921917,0.0,0.0,0.0,1.0,1.0,0.0
30,285,0.0,10.349546211273635,1.0,0.0,1.0,1.0,1.0,0.0
31,285,4.601646793762509,9.814883523255356,1.0,1.0,0.0,0.0,1.0,1.0
32,285,9.869671395044112,0.0,1.0,0.0,1.0,1.0,0.0,0.0
33,285,5.568017667841149,8.277430212038299,0.0,1.0,0.0,0.0,1.0,1.0
34,285,1.3263214315424146,11.932119285890453,0.0,0.0,0.0,0.0,0.0,0.0
35,285,7.367046976701664,5.361300859792445,0.0,1.0,0.0,0.0,1.0,1.0
36,285,2.0785635803284417,6.393575137779477,0.0,0.0,0.0,1.0,0.0,1.0
37,285,0.0,4.5425373346242806,0.0,1.0,0.0,1.0,0.0,0.0
38,285,12.0,12.0,0.0,0.0,1.0,0.0,0.0,0.0
39,285,0.0,12.0,0.0,1.0,1.0,0.0,1.0,1.0
0,290,11.899855246143868,4.830683819669299,1.0,1.0,1.0,0.0,0.0,0.0
1,290,4.671179734344934,0.0,1.0,0.0,0.0,0.0,0.0,1.0
2,290,7.011356271468712,0.0,1.0,1.0,1.0,1.0,0.0,1.0
3,290,8.020851962607006,10.354574572301726,0.0,0.0,0.0,0.0,0.0,0.0
4,290,9.025616546276252,5.182194548776274,0.0,1.0,0.0,0.0,1.0,0.0
5,290,1.0478739961809265,3.54626137306833,0.0,0.0,1.0,0.0,0.0,1.0
6,290,0.1792506468744953,12.0,1.0,0.0,1.0,1.0,0.0,1.0
7,290,7.472014037691742,1.4869696568361082,1.0,0.0,1.0,0.0,0.0,1.0
8,290,10.413374513629142,3.5652389463132046,0.0,1.0,0.0,1.0,0.0,1.0
9,290,9.561120388321324,3.373832629373426,0.0,1.0,1.0,0.0,1.0,0.0
10,290,6.509718945206705,2.328198631671844,0.0,0.0,0.0,1.0,0.0,1.0
11,290,0.0,6.055778525505099,1.0,0.0,1.0,1.0,1.0,1.0
12,290,1.357365704808643,12.0,1.0,1.0,1.0,1.0,0.0,0.0
13,290,8.545444014230188,7.778640669078017,1.0,1.0,1.0,1.0,1.0,1.0
14,290,7.300883822827682,7.759853028169353,0.0,0.0,0.0,0.0,0.0,1.0
15,290,8.67795070566841,5.773846739233627,0.0,0.0,0.0,1.0,0.0,0.0
16,290,10.211506503241967,2.840071105300675,0.0,0.0,0.0,0.0,1.0,1.0
17,290,10.204213592270383,2.9434666767744853,1.0,0.0,0.0,0.0,0.0,1.0
18,290,0.4590938833880735,8.365373162527835,1.0,1.0,0.0,1.0,0.0,1.0
19,290,4.451599903277041,0.1824144322197597,1.0,1.0,1.0,0.0,1.0,1.0
20,290,12.0,2.038171975852114,1.0,0.0,0.0,0.0,0.0,1.0
21,290,5.060407933612583,6.42342984155035,0.0,1.0,0.0,0.0,1.0,1.0
22,290,3.154787025394358,3.9354342860243374,0.0,0.0,1.0,1.0,1.0,0.0
23,290,10.809057827558076,5.693226914876434,0.0,0.0,0.0,1.0,1.0,0.0
24,290,7.667157798278586,3.9029914118826254,0.0,1.0,0.0,0.0,0.0,1.0
25,290,3.9093981303216014,8.329563818484825,1.0,0.0,0.0,0.0,0.0,1.0
26,290,6.858212484122324,7.910547702184955,0.0,0.0,0.0,0.0,0.0,0.0
27,290,2.9301592659016658,3.1475361649200684,0.0,1.0,1.0,1.0,1.0,0.0
28,290,6.945951160793457,0.0,1.0,0.0,0.0,1.0,0.0,1.0
29,290,11.523520551016174,4.674322894914959,0.0,0.0,0.0,1.0,1.0,0.0
30,290,0.0,10.35883970553931,1.0,0.0,1.0,1.0,1.0,0.0
31,290,4.580216947143509,9.697075974279262,1.0,1.0,0.0,0.0,1.0,1.0
32,290,9.887841280076328,0.0,1.0,0.0,1.0,1.0,0.0,0.0
33,290,5.581216607015844,8.214199523941007,0.0,1.0,0.0,0.0,1.0,1.0
34,290,1.210867535141225,11.93206856709588,0.0,0.0,0.0,0.0,0.0,0.0
35,290,7.469304943703657,5.370712478310259,0.0,1.0,0.0,0.0,1.0,1.0
36,290,2.0809744138388617,6.218362341119129,0.0,0.0,0.0,1.0,0.0,1.0
37,290,0.0,4.705682655115381,0.0,1.0,0.0,1.0,0.0,0.0
38,290,12.0,12.0,0.0,0.0,1.0,0.0,0.0,0.0
39,290,0.0,12.0,0.0,1.0,1.0,0.0,1.0,1.0
0,295,11.866953630807862,4.835176810613642,1.0,1.0,1.0,0.0,0.0,0.0
1,295,4.587479567857375,0.0,1.0,0.0,0.0,0.0,0.0,1.0
2,295,6.768592476715947,0.0,1.0,1.0,1.0,1.0,0.0,1.0
3,295,8.022949832961439,10.360335709830588,0.0,0.0,0.0,0.0,0.0,0.0
4,295,8.802623932981648,5.179709958444048,0.0,1.0,0.0,0.0,1.0,0.0
5,295,0.995885129851098,3.4784934051078062,0.0,0.0,1.0,0.0,0.0,1.0
6,295,0.2308378822457554,12.0,1.0,0.0,1.0,1.0,0.0,1.0
7,295,7.495649328385022,1.453455468266469,1.0,0.0,1.0,0.0,0.0,1.0
8,295,10.382990218138382,3.534094479801442,0.0,1.0,0.0,1.0,0.0,1.0
9,295,9.516472870936076,3.4487219947259504,0.0,1.0,1.0,0.0,1.0,0.0
10,295,6.499159109506664,2.336153038525669,0.0,0.0,0.0,1.0,0.0,1.0
11,295,0.0,5.8820351283615375,1.0,0.0,1.0,1.0,1.0,1.0
12,295,1.443840603570899,12.0,1.0,1.0,1.0,1.0,0.0,0.0
13,295,8.521543592653195,7.782458855947246,1.0,1.0,1.0,1.0,1.0,1.0
14,295,7.280286395742072,7.808890868477408,0.0,0.0,0.0,0.0,0.0,1.0
15,295,8.666243167149876,5.823617716162066,0.0,0.0,0.0,1.0,0.0,0.0
16,295,10.101778110247537,2.78057416239464,0.0,0.0,0.0,0.0,1.0,1.0
17,295,10.220156932489036,3.0911036766824997,1.0,0.0,0.0,0.0,0.0,1.0
18,295,0.5251149854921071,8.335073655924992,1.0,1.0,0.0,1.0,0.0,1.0
19,295,4.280822842627612,0.1741644947168713,1.0,1.0,1.0,0.0,1.0,1.0
20,295,12.0,2.006265765736478,1.0,0.0,0.0,0.0,0.0,1.0
21,295,5.002266939323038,6.371609719050701,0.0,1.0,0.0,0.0,1.0,1.0
22,295,3.3321726404654304,4.09232088712169,0.0,0.0,1.0,1.0,1.0,0.0
23,295,10.827386668135755,5.702691003710633,0.0,0.0,0.0,1.0,1.0,0.0
24,295,7.6681225338102,3.6952750230188975,0.0,1.0,0.0,0.0,0.0,1.0
25,295,3.870180167364494,8.306297756988572,1.0,0.0,0.0,0.0,0.0,1.0
26,295,6.871274334077556,7.901465893961118,0.0,0.0,0.0,0.0,0.0,0.0
27,295,2.9506268580167707,3.138002970211013,0.0,1.0,1.0,1.0,1.0,0.0
28,295,7.131185768878964,0.0,1.0,0.0,0.0,1.0,0.0,1.0
29,295,11.475155010351138,4.702125146028175,0.0,0.0,0.0,1.0,1.0,0.0
30,295,0.0,10.371223823175582,1.0,0.0,1.0,1.0,1.0,0.0
31,295,4.559414193668159,9.58215125663756,1.0,1.0,0.0,0.0,1.0,1.0
32,295,9.905856504770185,0.0,1.0,0.0,1.0,1.0,0.0,0.0
33,295,5.591875289393555,8.163344436014848,0.0,1.0,0.0,0.0,1.0,1.0
34,295,1.0721386665405124,11.932975204714584,0.0,0.0,0.0,0.0,0.0,0.0
35,295,7.564500542296533,5.379381507148332,0.0,1.0,0.0,0.0,1.0,1.0
36,295,2.086114928444768,6.069304697867822,0.0,0.0,0.0,1.0,0.0,1.0
37,295,0.0,4.862905411061616,0.0,1.0,0.0,1.0,0.0,0.0
38,295,12.0,12.0,0.0,0.0,1.0,0.0,0.0,0.0
39,295,0.0,12.0,0.0,1.0,1.0,0.0,1.0,1.0
