0,0,0.0,11.955909173912127,1.0,0.0,1.0,1.0,0.0,1.0
1,0,1.988736878982032,3.936240694646093,1.0,0.0,0.0,1.0,1.0,1.0
2,0,1.965013292155956,7.072111293183974,0.0,1.0,1.0,1.0,1.0,0.0
3,0,10.03147328759378,9.058665041731109,1.0,1.0,0.0,0.0,0.0,0.0
4,0,8.979765759177791,0.0692361626640779,0.0,1.0,1.0,0.0,0.0,1.0
5,0,0.9365043944632094,0.0048074969272841,1.0,0.0,0.0,0.0,1.0,1.0
6,0,12.0,6.029469682469754,1.0,1.0,0.0,0.0,0.0,0.0
7,0,6.967339534032045,7.999497612575414,0.0,0.0,0.0,0.0,1.0,0.0
8,0,7.976640111490416,4.955357645269361,0.0,0.0,0.0,0.0,1.0,0.0
9,0,2.0336169399870614,11.012142559362257,0.0,0.0,0.0,0.0,0.0,0.0
10,0,7.05317362466697,8.034321609679115,0.0,1.0,1.0,0.0,1.0,0.0
11,0,7.935501422961973,9.01739802163059,0.0,1.0,1.0,0.0,0.0,1.0
12,0,8.957975611996286,10.958032013981889,1.0,0.0,1.0,0.0,0.0,1.0
13,0,12.0,7.942697449275933,0.0,1.0,0.0,0.0,0.0,0.0
14,0,12.0,6.025255430082618,0.0,1.0,1.0,1.0,1.0,1.0
15,0,6.964102084117124,11.042062308784107,0.0,1.0,1.0,0.0,0.0,0.0
16,0,7.010414911054253,7.04352149182543,1.0,0.0,1.0,1.0,0.0,1.0
17,0,7.970987686703506,10.048669433159285,1.0,0.0,0.0,0.0,0.0,0.0
18,0,12.0,0.999116977752943,0.0,0.0,1.0,0.0,0.0,1.0
19,0,2.060998003629776,2.960954791429923,1.0,0.0,0.0,1.0,0.0,0.0
20,0,2.958706889922234,5.008147631313463,1.0,0.0,0.0,0.0,1.0,0.0
21,0,2.941547441060788,0.0,0.0,0.0,0.0,0.0,0.0,0.0
22,0,6.04936283688676,0.993571455430378,1.0,0.0,1.0,0.0,0.0,0.0
23,0,12.0,6.029879738776796,1.0,1.0,0.0,0.0,0.0,0.0
24,0,3.054882410997343,5.069586459063347,1.0,0.0,0.0,1.0,0.0,0.0
25,0,1.0194916913875447,9.04710481093178,0.0,1.0,1.0,1.0,0.0,1.0
26,0,0.0499115378094786,7.98821242897054,0.0,1.0,0.0,0.0,0.0,0.0
27,0,11.957747618952004,4.028545967262012,0.0,0.0,0.0,1.0,0.0,0.0
28,0,0.0,2.9904045773378995,0.0,1.0,0.0,0.0,0.0,0.0
29,0,3.037997835000112,3.973549340105413,0.0,0.0,0.0,1.0,1.0,1.0
30,0,0.0,11.971417513126484,0.0,0.0,1.0,1.0,0.0,0.0
31,0,2.9543017401227347,4.042487490461706,1.0,0.0,0.0,1.0,0.0,1.0
32,0,9.985027913030228,7.052593823727495,1.0,0.0,1.0,0.0,0.0,0.0
33,0,10.003894135572647,10.048638433673572,0.0,1.0,1.0,0.0,0.0,0.0
34,0,11.02140636413673,3.942998390641335,0.0,0.0,0.0,1.0,0.0,1.0
35,0,7.942588692363778,2.976468408587217,1.0,0.0,1.0,0.0,0.0,0.0
36,0,9.030638824724225,5.95750035471845,0.0,0.0,1.0,0.0,0.0,0.0
37,0,6.987299429808803,3.94217066135824,0.0,1.0,0.0,1.0,0.0,1.0
38,0,6.99690710045688,1.0457734805034549,0.0,1.0,1.0,1.0,1.0,0.0
39,0,4.01668569772556,6.948976993269924,0.0,0.0,0.0,1.0,0.0,1.0
0,5,0.0,11.909878757160422,1.0,0.0,1.0,1.0,0.0,1.0
1,5,1.982390696003604,3.894585048577919,1.0,0.0,0.0,1.0,1.0,1.0
2,5,1.9271515035365951,7.1513487263436994,0.0,1.0,1.0,1.0,1.0,0.0
3,5,10.06307197751071,9.1180334940181,1.0,1.0,0.0,0.0,0.0,0.0
4,5,8.958266463147757,0.1424402923308695,0.0,1.0,1.0,0.0,0.0,1.0
5,5,0.8699041505388769,0.0095706204373002,1.0,0.0,0.0,0.0,1.0,1.0
6,5,12.0,6.0686082686333,1.0,1.0,0.0,0.0,0.0,0.0
7,5,6.9248475848472575,7.999031741959157,0.0,0.0,0.0,0.0,1.0,0.0
8,5,7.939133394290805,4.884940502969025,0.0,0.0,0.0,0.0,1.0,0.0
9,5,2.0544846982437144,11.019510878427145,0.0,0.0,0.0,0.0,0.0,0.0
10,5,7.080302448128621,8.052574217289793,0.0,1.0,1.0,0.0,1.0,0.0
11,5,7.861118909547441,9.0363859196548,0.0,1.0,1.0,0.0,0.0,1.0
12,5,8.915037918583073,10.91598553266248,1.0,0.0,1.0,0.0,0.0,1.0
13,5,12.0,7.877438241625999,0.0,1.0,0.0,0.0,0.0,0.0
14,5,12.0,6.04320226770528,0.0,1.0,1.0,1.0,1.0,1.0
15,5,6.921396352625404,11.093352393646862,0.0,1.0,1.0,0.0,0.0,0.0
16,5,7.024826146899031,7.098801945322359,1.0,0.0,1.0,1.0,0.0,1.0
17,5,7.940431386588869,10.099481262149586,1.0,0.0,0.0,0.0,0.0,0.0
18,5,12.0,0.9979098103401506,0.0,0.0,1.0,0.0,0.0,1.0
19,5,2.1235927380709394,2.91920494852885,1.0,0.0,0.0,1.0,0.0,0.0
20,5,2.9423324797636217,5.011631416585431,1.0,0.0,0.0,0.0,1.0,0.0
21,5,2.8701809812503214,0.0,0.0,0.0,0.0,0.0,0.0,0.0
22,5,6.105482651981048,0.98447021749552,1.0,0.0,1.0,0.0,0.0,0.0
23,5,12.0,6.062744575577374,1.0,1.0,0.0,0.0,0.0,0.0
24,5,3.111008069878949,5.143961544947386,1.0,0.0,0.0,1.0,0.0,0.0
25,5,1.040496414085837,9.095035577166453,0.0,1.0,1.0,1.0,0.0,1.0
26,5,0.0867819097199423,7.979066036586466,0.0,1.0,0.0,0.0,0.0,0.0
27,5,11.920046328947617,4.056381408023033,0.0,0.0,0.0,1.0,0.0,0.0
28,5,0.0,2.9769944530590924,0.0,1.0,0.0,0.0,0.0,0.0
29,5,3.0937268752344576,3.935253242478841,0.0,0.0,0.0,1.0,1.0,1.0
30,5,0.0,11.941767832371449,0.0,0.0,1.0,1.0,0.0,0.0
31,5,2.899483411302712,4.092256204224067,1.0,0.0,0.0,1.0,0.0,1.0
32,5,9.970496595907006,7.09469899787615,1.0,0.0,1.0,0.0,0.0,0.0
33,5,10.007393974150476,10.093656932919378,0.0,1.0,1.0,0.0,0.0,0.0
34,5,11.040130105374706,3.896508627268108,0.0,0.0,0.0,1.0,0.0,1.0
35,5,7.891618073631366,2.9562762349452645,1.0,0.0,1.0,0.0,0.0,0.0
36,5,9.063377642975013,5.910739115265504,0.0,0.0,1.0,0.0,0.0,0.0
37,5,6.973835134755919,3.874811949077648,0.0,1.0,0.0,1.0,0.0,1.0
38,5,6.994675981810793,1.087278240426005,0.0,1.0,1.0,1.0,1.0,0.0
39,5,4.040367456943774,6.88428187120049,0.0,0.0,0.0,1.0,0.0,1.0
0,10,0.0,11.851250904994409,1.0,0.0,1.0,1.0,0.0,1.0
1,10,1.976988387797325,3.8553371298150423,1.0,0.0,0.0,1.0,1.0,1.0
2,10,1.8832462669694907,7.247846921174951,0.0,1.0,1.0,1.0,1.0,0.0
3,10,10.097959683436038,9.18214847366917,1.0,1.0,0.0,0.0,0.0,0.0
4,10,8.936616001802571,0.2140936143554436,0.0,1.0,1.0,0.0,0.0,1.0
5,10,0.8098241346544623,0.0140000435978175,1.0,0.0,0.0,0.0,1.0,1.0
6,10,12.0,6.105287354970105,1.0,1.0,0.0,0.0,0.0,0.0
7,10,6.891767022347289,7.997456209181583,0.0,0.0,0.0,0.0,1.0,0.0
8,10,7.899887296934095,4.813572386603173,0.0,0.0,0.0,0.0,1.0,0.0
9,10,2.0964721792305143,11.035399199944552,0.0,0.0,0.0,0.0,0.0,0.0
10,10,7.12425936107372,8.084154957406861,0.0,1.0,1.0,0.0,1.0,0.0
11,10,7.802250434762177,9.051430543903376,0.0,1.0,1.0,0.0,0.0,1.0
12,10,8.87735666170583,10.881967183647903,1.0,0.0,1.0,0.0,0.0,1.0
13,10,12.0,7.782798898742349,0.0,1.0,0.0,0.0,0.0,0.0
14,10,12.0,6.070643797376438,0.0,1.0,1.0,1.0,1.0,1.0
15,10,6.8799153443348455,11.144010295285424,0.0,1.0,1.0,0.0,0.0,0.0
16,10,7.03714369528413,7.146572570938461,1.0,0.0,1.0,1.0,0.0,1.0
17,10,7.898664296885311,10.171029051936523,1.0,0.0,0.0,0.0,0.0,0.0
18,10,12.0,0.9957124641496434,0.0,0.0,1.0,0.0,0.0,1.0
19,10,2.173252639513777,2.887277689851483,1.0,0.0,0.0,1.0,0.0,0.0
20,10,2.944372235177157,5.0111769452400585,1.0,0.0,0.0,0.0,1.0,0.0
21,10,2.794025411278995,0.0,0.0,0.0,0.0,0.0,0.0,0.0
22,10,6.157318615768346,0.976072532311702,1.0,0.0,1.0,0.0,0.0,0.0
23,10,12.0,6.085583224628738,1.0,1.0,0.0,0.0,0.0,0.0
24,10,3.177681467124198,5.232484211594838,1.0,0.0,0.0,1.0,0.0,0.0
25,10,1.0586970470041053,9.136867249394,0.0,1.0,1.0,1.0,0.0,1.0
26,10,0.1152254473172775,7.972383159017903,0.0,1.0,0.0,0.0,0.0,0.0
27,10,11.875022813957106,4.090358405996114,0.0,0.0,0.0,1.0,0.0,0.0
28,10,0.0,2.9618560432053704,0.0,1.0,0.0,0.0,0.0,0.0
29,10,3.159996400019795,3.890120260962091,0.0,0.0,0.0,1.0,1.0,1.0
30,10,0.0,11.921282084522892,0.0,0.0,1.0,1.0,0.0,0.0
31,10,2.847883289714946,4.141412655289293,1.0,0.0,0.0,1.0,0.0,1.0
32,10,9.95361159312018,7.147540985706883,1.0,0.0,1.0,0.0,0.0,0.0
33,10,10.009175948835331,10.12247514781441,0.0,1.0,1.0,0.0,0.0,0.0
34,10,11.052977001979864,3.8654771167957223,0.0,0.0,0.0,1.0,0.0,1.0
35,10,7.83048177003442,2.930951435592445,1.0,0.0,1.0,0.0,0.0,0.0
36,10,9.08825656474614,5.877562095512518,0.0,0.0,1.0,0.0,0.0,0.0
37,10,6.95926237807031,3.80607401332104,0.0,1.0,0.0,1.0,0.0,1.0
38,10,6.992190747574711,1.1534481807545862,0.0,1.0,1.0,1.0,1.0,0.0
39,10,4.059855125027885,6.831153721092132,0.0,0.0,0.0,1.0,0.0,1.0
0,15,0.0,11.79760537801748,1.0,0.0,1.0,1.0,0.0,1.0
1,15,1.9726635102803487,3.818071632282271,1.0,0.0,0.0,1.0,1.0,1.0
2,15,1.8393953344814948,7.340134996824153,0.0,1.0,1.0,1.0,1.0,0.0
3,15,10.130078448752286,9.240757128719803,1.0,1.0,0.0,0.0,0.0,0.0
4,15,8.908016773401215,0.3076926829949131,0.0,1.0,1.0,0.0,0.0,1.0
5,15,0.7411195701064776,0.0210856377722511,1.0,0.0,0.0,0.0,1.0,1.0
6,15,12.0,6.144118377215022,1.0,1.0,0.0,0.0,0.0,0.0
7,15,6.86258829628449,7.994745541359594,0.0,0.0,0.0,0.0,1.0,0.0
8,15,7.860247731683235,4.737143362677015,0.0,0.0,0.0,0.0,1.0,0.0
9,15,2.1278284447932667,11.04842970885572,0.0,0.0,0.0,0.0,0.0,0.0
10,15,7.176117904788631,8.12211251531506,0.0,1.0,1.0,0.0,1.0,0.0
11,15,7.762124792941471,9.06210457314468,0.0,1.0,1.0,0.0,0.0,1.0
12,15,8.827671708126339,10.838155126902691,1.0,0.0,1.0,0.0,0.0,1.0
13,15,12.0,7.682455962572289,0.0,1.0,0.0,0.0,0.0,0.0
14,15,12.0,6.103126292898181,0.0,1.0,1.0,1.0,1.0,1.0
15,15,6.829866304297922,11.201036719169082,0.0,1.0,1.0,0.0,0.0,0.0
16,15,7.044315999915505,7.173699229192901,1.0,0.0,1.0,1.0,0.0,1.0
17,15,7.861222737494582,10.234137769583322,1.0,0.0,0.0,0.0,0.0,0.0
18,15,12.0,0.991692680680392,0.0,0.0,1.0,0.0,0.0,1.0
19,15,2.211082075926241,2.862912457506186,1.0,0.0,0.0,1.0,0.0,0.0
20,15,2.9578800320042014,5.008266440189616,1.0,0.0,0.0,0.0,1.0,0.0
21,15,2.6975424366417693,0.0,0.0,0.0,0.0,0.0,0.0,0.0
22,15,6.1976595532773615,0.9687358866166365,1.0,0.0,1.0,0.0,0.0,0.0
23,15,12.0,6.114457438046252,1.0,1.0,0.0,0.0,0.0,0.0
24,15,3.254423650120735,5.329315338986149,1.0,0.0,0.0,1.0,0.0,0.0
25,15,1.0703303303325449,9.16205808831987,0.0,1.0,1.0,1.0,0.0,1.0
26,15,0.151946082597299,7.964863526125155,0.0,1.0,0.0,0.0,0.0,0.0
27,15,11.838215393596789,4.119173146394295,0.0,0.0,0.0,1.0,0.0,0.0
28,15,0.0,2.948334657638872,0.0,1.0,0.0,0.0,0.0,0.0
29,15,3.2027595740782204,3.860682893300426,0.0,0.0,0.0,1.0,1.0,1.0
30,15,0.0,11.900230740314994,0.0,0.0,1.0,1.0,0.0,0.0
31,15,2.795597880706573,4.192614440565787,1.0,0.0,0.0,1.0,0.0,1.0
32,15,9.941170172383607,7.1861591998576095,1.0,0.0,1.0,0.0,0.0,0.0
33,15,10.009708338871688,10.132420607419988,0.0,1.0,1.0,0.0,0.0,0.0
34,15,11.068749360145516,3.828937837388443,0.0,0.0,0.0,1.0,0.0,1.0
35,15,7.783218864004849,2.9109333733881786,1.0,0.0,1.0,0.0,0.0,0.0
36,15,9.099979879296557,5.862257617807676,0.0,0.0,1.0,0.0,0.0,0.0
37,15,6.94926863554098,3.749683413412802,0.0,1.0,0.0,1.0,0.0,1.0
38,15,6.989424940673874,1.2275219487768751,0.0,1.0,1.0,1.0,1.0,0.0
39,15,4.076517985338682,6.785243571363396,0.0,0.0,0.0,1.0,0.0,1.0
0,20,0.0,11.73416725143608,1.0,0.0,1.0,1.0,0.0,1.0
1,20,1.9701581898110596,3.790302657441959,1.0,0.0,0.0,1.0,1.0,1.0
2,20,1.782027401425316,7.4544372281215,0.0,1.0,1.0,1.0,1.0,0.0
3,20,10.159387484315262,9.293216672923569,1.0,1.0,0.0,0.0,0.0,0.0
4,20,8.878712770527025,0.4005381458599867,0.0,1.0,1.0,0.0,0.0,1.0
5,20,0.6667060215441022,0.0265952900195906,1.0,0.0,0.0,0.0,1.0,1.0
6,20,12.0,6.195953959731437,1.0,1.0,0.0,0.0,0.0,0.0
7,20,6.830461185480882,7.991793422979493,0.0,0.0,0.0,0.0,1.0,0.0
8,20,7.823243336082664,4.668052355753188,0.0,0.0,0.0,0.0,1.0,0.0
9,20,2.168052959884533,11.064408152024836,0.0,0.0,0.0,0.0,0.0,0.0
10,20,7.233786534209981,8.164677066344934,0.0,1.0,1.0,0.0,1.0,0.0
11,20,7.7385964974454735,9.068715772894732,0.0,1.0,1.0,0.0,0.0,1.0
12,20,8.74338021602982,10.767138297369812,1.0,0.0,1.0,0.0,0.0,1.0
13,20,12.0,7.584246041078088,0.0,1.0,0.0,0.0,0.0,0.0
14,20,12.0,6.146579773932248,0.0,1.0,1.0,1.0,1.0,1.0
15,20,6.784712654862918,11.252228245537555,0.0,1.0,1.0,0.0,0.0,0.0
16,20,7.045392082970576,7.177507218933526,1.0,0.0,1.0,1.0,0.0,1.0
17,20,7.827024458552066,10.290294683287078,1.0,0.0,0.0,0.0,0.0,0.0
18,20,12.0,0.9872987244923822,0.0,0.0,1.0,0.0,0.0,1.0
19,20,2.24558538823481,2.8397539164939083,1.0,0.0,0.0,1.0,0.0,0.0
20,20,2.9650046704258792,5.006680436834429,1.0,0.0,0.0,0.0,1.0,0.0
21,20,2.6131289000057096,0.0,0.0,0.0,0.0,0.0,0.0,0.0
22,20,6.223148865764702,0.9640300137014572,1.0,0.0,1.0,0.0,0.0,0.0
23,20,12.0,6.132537040430612,1.0,1.0,0.0,0.0,0.0,0.0
24,20,3.329644211464812,5.422312708396781,1.0,0.0,0.0,1.0,0.0,0.0
25,20,1.083918438216927,9.192624443195973,0.0,1.0,1.0,1.0,0.0,1.0
26,20,0.1569277051773206,7.963856735164294,0.0,1.0,0.0,0.0,0.0,0.0
27,20,11.779976974432111,4.1642839218149765,0.0,0.0,0.0,1.0,0.0,0.0
28,20,0.0,2.932927775808573,0.0,1.0,0.0,0.0,0.0,0.0
29,20,3.2507483036645315,3.8278924066532873,0.0,0.0,0.0,1.0,1.0,1.0
30,20,0.0,11.882472772685125,0.0,0.0,1.0,1.0,0.0,0.0
31,20,2.7388584612256226,4.247148758587262,1.0,0.0,0.0,1.0,0.0,1.0
32,20,9.923822725909083,7.240505877963074,1.0,0.0,1.0,0.0,0.0,0.0
33,20,10.011948064451644,10.164196449009978,0.0,1.0,1.0,0.0,0.0,0.0
34,20,11.097932393380631,3.759143057517131,0.0,0.0,0.0,1.0,0.0,1.0
35,20,7.725830833612217,2.886225792202029,1.0,0.0,1.0,0.0,0.0,0.0
36,20,9.12485366507511,5.829514338927647,0.0,0.0,1.0,0.0,0.0,0.0
37,20,6.9368308247528985,3.675072706882919,0.0,1.0,0.0,1.0,0.0,1.0
38,20,6.985924532763676,1.3130628293116509,0.0,1.0,1.0,1.0,1.0,0.0
39,20,4.09604136995767,6.733041386570215,0.0,0.0,0.0,1.0,0.0,1.0
0,25,0.0,11.685989563016689,1.0,0.0,1.0,1.0,0.0,1.0
1,25,1.9681313127877016,3.77064040704073,1.0,0.0,0.0,1.0,1.0,1.0
2,25,1.7159605151050266,7.581321463529867,0.0,1.0,1.0,1.0,1.0,0.0
3,25,10.168513971305847,9.309959323247073,1.0,1.0,0.0,0.0,0.0,0.0
4,25,8.85089733810644,0.4869063917229161,0.0,1.0,1.0,0.0,0.0,1.0
5,25,0.6037043023482898,0.0315864676643475,1.0,0.0,0.0,0.0,1.0,1.0
6,25,12.0,6.24008088075354,1.0,1.0,0.0,0.0,0.0,0.0
7,25,6.791426837566875,7.98862026978174,0.0,0.0,0.0,0.0,1.0,0.0
8,25,7.784155746021891,4.590892040442108,0.0,0.0,0.0,0.0,1.0,0.0
9,25,2.207795296932569,11.079495766501834,0.0,0.0,0.0,0.0,0.0,0.0
10,25,7.291308677025892,8.206442466616126,0.0,1.0,1.0,0.0,1.0,0.0
11,25,7.686735146141907,9.082546444300462,0.0,1.0,1.0,0.0,0.0,1.0
12,25,8.641564868563616,10.686775651469734,1.0,0.0,1.0,0.0,0.0,1.0
13,25,12.0,7.4693906126275795,0.0,1.0,0.0,0.0,0.0,0.0
14,25,12.0,6.192037623526681,0.0,1.0,1.0,1.0,1.0,1.0
15,25,6.742223148745817,11.297882938044948,0.0,1.0,1.0,0.0,0.0,0.0
16,25,7.04163920850163,7.164769311682374,1.0,0.0,1.0,1.0,0.0,1.0
17,25,7.790929551404504,10.349481322639017,1.0,0.0,0.0,0.0,0.0,0.0
18,25,12.0,0.983259721775104,0.0,0.0,1.0,0.0,0.0,1.0
19,25,2.2898574383224672,2.8092416193137013,1.0,0.0,0.0,1.0,0.0,0.0
20,25,2.963712476482133,5.007008639401297,1.0,0.0,0.0,0.0,1.0,0.0
21,25,2.53331781889714,0.0,0.0,0.0,0.0,0.0,0.0,0.0
22,25,6.235032074929604,0.9619599693769996,1.0,0.0,1.0,0.0,0.0,0.0
23,25,12.0,6.157487629368942,1.0,1.0,0.0,0.0,0.0,0.0
24,25,3.3829383877676973,5.495531654878564,1.0,0.0,0.0,1.0,0.0,0.0
25,25,1.0894948564265905,9.206901055739566,0.0,1.0,1.0,1.0,0.0,1.0
26,25,0.1646265059017592,7.96248171207814,0.0,1.0,0.0,0.0,0.0,0.0
27,25,11.712041762125532,4.219322284827302,0.0,0.0,0.0,1.0,0.0,0.0
28,25,0.0,2.915849395510891,0.0,1.0,0.0,0.0,0.0,0.0
29,25,3.2764315562028554,3.8104453977366464,0.0,0.0,0.0,1.0,1.0,1.0
30,25,0.0,11.852833910601802,0.0,0.0,1.0,1.0,0.0,0.0
31,25,2.6851318678298037,4.298809404059483,1.0,0.0,0.0,1.0,0.0,1.0
32,25,9.906942300041903,7.293775794105632,1.0,0.0,1.0,0.0,0.0,0.0
33,25,10.012871363533566,10.181793141490026,0.0,1.0,1.0,0.0,0.0,0.0
34,25,11.127630492796046,3.688614198029985,0.0,0.0,0.0,1.0,0.0,1.0
35,25,7.655077032050739,2.857501628004238,1.0,0.0,1.0,0.0,0.0,0.0
36,25,9.15239693571579,5.794502484752847,0.0,0.0,1.0,0.0,0.0,0.0
37,25,6.925999735206993,3.6043600385462615,0.0,1.0,0.0,1.0,0.0,1.0
38,25,6.982375736650511,1.3867131074190282,0.0,1.0,1.0,1.0,1.0,0.0
39,25,4.1105336763550735,6.692560941065443,0.0,0.0,0.0,1.0,0.0,1.0
0,30,0.0,11.653214832747585,1.0,0.0,1.0,1.0,0.0,1.0
1,30,1.9626322040072908,3.7226265227655984,1.0,0.0,0.0,1.0,1.0,1.0
2,30,1.648846009155862,7.710215162396669,0.0,1.0,1.0,1.0,1.0,0.0
3,30,10.183298132623028,9.336508207976202,1.0,1.0,0.0,0.0,0.0,0.0
4,30,8.815882794624137,0.5861393740461771,0.0,1.0,1.0,0.0,0.0,1.0
5,30,0.5473912021645398,0.0375679864329233,1.0,0.0,0.0,0.0,1.0,1.0
6,30,12.0,6.298601536933767,1.0,1.0,0.0,0.0,0.0,0.0
7,30,6.757976193190165,7.985937824145161,0.0,0.0,0.0,0.0,1.0,0.0
8,30,7.740569988332334,4.507556770045912,0.0,0.0,0.0,0.0,1.0,0.0
9,30,2.245954204357952,11.094156399651554,0.0,0.0,0.0,0.0,0.0,0.0
10,30,7.362051081058323,8.2591590541345,0.0,1.0,1.0,0.0,1.0,0.0
11,30,7.642282925690165,9.094163995695189,0.0,1.0,1.0,0.0,0.0,1.0
12,30,8.52953124321265,10.602765804870836,1.0,0.0,1.0,0.0,0.0,1.0
13,30,12.0,7.363280789443203,0.0,1.0,0.0,0.0,0.0,0.0
14,30,12.0,6.2232544365036775,0.0,1.0,1.0,1.0,1.0,1.0
15,30,6.708330122156807,11.334220012576283,0.0,1.0,1.0,0.0,0.0,0.0
16,30,7.035756864859052,7.144614872514576,1.0,0.0,1.0,1.0,0.0,1.0
17,30,7.742515564238958,10.427761819803534,1.0,0.0,0.0,0.0,0.0,0.0
18,30,12.0,0.9797123459949206,0.0,0.0,1.0,0.0,0.0,1.0
19,30,2.3422456903549174,2.7729820813287387,1.0,0.0,0.0,1.0,0.0,0.0
20,30,2.9682963784502103,5.005795224720552,1.0,0.0,0.0,0.0,1.0,0.0
21,30,2.4536986821339206,0.0,0.0,0.0,0.0,0.0,0.0,0.0
22,30,6.245440713891713,0.9600061920581812,1.0,0.0,1.0,0.0,0.0,0.0
23,30,12.0,6.171490564763548,1.0,1.0,0.0,0.0,0.0,0.0
24,30,3.442379440096845,5.5797120672721165,1.0,0.0,0.0,1.0,0.0,0.0
25,30,1.092021091115081,9.213432958092415,0.0,1.0,1.0,1.0,0.0,1.0
26,30,0.1744553632663542,7.9606782879345745,0.0,1.0,0.0,0.0,0.0,0.0
27,30,11.631233286849394,4.282788336198895,0.0,0.0,0.0,1.0,0.0,0.0
28,30,0.0,2.896996006259014,0.0,1.0,0.0,0.0,0.0,0.0
29,30,3.300081577127958,3.794647508195515,0.0,0.0,0.0,1.0,1.0,1.0
30,30,0.0,11.819533157150593,0.0,0.0,1.0,1.0,0.0,0.0
31,30,2.6264871579293807,4.3530579486915695,1.0,0.0,0.0,1.0,0.0,1.0
32,30,9.889922785975774,7.344146498867316,1.0,0.0,1.0,0.0,0.0,0.0
33,30,10.0135761812618,10.194793789867218,0.0,1.0,1.0,0.0,0.0,0.0
34,30,11.156316339122666,3.6191038741616928,0.0,0.0,0.0,1.0,0.0,1.0
35,30,7.58190153595512,2.8281944529447105,1.0,0.0,1.0,0.0,0.0,0.0
36,30,9.193654695337068,5.742149634392631,0.0,0.0,1.0,0.0,0.0,0.0
37,30,6.917840594150583,3.540941836925575,0.0,1.0,0.0,1.0,0.0,1.0
38,30,6.980424972480806,1.4546236938455392,0.0,1.0,1.0,1.0,1.0,0.0
39,30,4.129944847195557,6.635591541058018,0.0,0.0,0.0,1.0,0.0,1.0
0,35,0.0,11.640516376924188,1.0,0.0,1.0,1.0,0.0,1.0
1,35,1.957970203072765,3.6781480707500727,1.0,0.0,0.0,1.0,1.0,1.0
2,35,1.5848475343478603,7.8379195742927745,0.0,1.0,1.0,1.0,1.0,0.0
3,35,10.2008561273537,9.370276391987016,1.0,1.0,0.0,0.0,0.0,0.0
4,35,8.785009486680304,0.6778196916613001,0.0,1.0,1.0,0.0,0.0,1.0
5,35,0.4782981015222353,0.0462309512672948,1.0,0.0,0.0,0.0,1.0,1.0
6,35,12.0,6.364363898735564,1.0,1.0,0.0,0.0,0.0,0.0
7,35,6.719101700502685,7.983880366215985,0.0,0.0,0.0,0.0,1.0,0.0
8,35,7.647871388580972,4.5587546587875405,0.0,0.0,0.0,0.0,1.0,0.0
9,35,2.274111673169295,11.104239172881192,0.0,0.0,0.0,0.0,0.0,0.0
10,35,7.425754377561814,8.309868047367425,0.0,1.0,1.0,0.0,1.0,0.0
11,35,7.595020519085187,9.106595870457932,0.0,1.0,1.0,0.0,0.0,1.0
12,35,8.418438339979488,10.522208870556064,1.0,0.0,1.0,0.0,0.0,1.0
13,35,12.0,7.269385755532344,0.0,1.0,0.0,0.0,0.0,0.0
14,35,12.0,6.258372654841828,0.0,1.0,1.0,1.0,1.0,1.0
15,35,6.683657250031738,11.361023339646048,0.0,1.0,1.0,0.0,0.0,0.0
16,35,7.029287184082438,7.123520004009829,1.0,0.0,1.0,1.0,0.0,1.0
17,35,7.689770992633052,10.517904041403856,1.0,0.0,0.0,0.0,0.0,0.0
18,35,12.0,0.9761910948728698,0.0,0.0,1.0,0.0,0.0,1.0
19,35,2.386467022735049,2.7427143646890366,1.0,0.0,0.0,1.0,0.0,0.0
20,35,2.972523304373725,5.004727262151158,1.0,0.0,0.0,0.0,1.0,0.0
21,35,2.364222921418557,0.0,0.0,0.0,0.0,0.0,0.0,0.0
22,35,6.2512975872030125,0.9588219074053193,1.0,0.0,1.0,0.0,0.0,0.0
23,35,12.0,6.190716402810605,1.0,1.0,0.0,0.0,0.0,0.0
24,35,3.499697640911525,5.663370809481045,1.0,0.0,0.0,1.0,0.0,0.0
25,35,1.0916490182073022,9.212385062418711,0.0,1.0,1.0,1.0,0.0,1.0
26,35,0.1639613317819274,7.962593984475638,0.0,1.0,0.0,0.0,0.0,0.0
27,35,11.526679880992544,4.365675265875322,0.0,0.0,0.0,1.0,0.0,0.0
28,35,0.0,2.8767852901515614,0.0,1.0,0.0,0.0,0.0,0.0
29,35,3.321429357726433,3.779729719205584,0.0,0.0,0.0,1.0,1.0,1.0
30,35,0.0,11.79132298140893,0.0,0.0,1.0,1.0,0.0,0.0
31,35,2.59212523233741,4.384091849728023,1.0,0.0,0.0,1.0,0.0,1.0
32,35,9.877831115790144,7.37970844543019,1.0,0.0,1.0,0.0,0.0,0.0
33,35,10.014101272052145,10.205170315277616,0.0,1.0,1.0,0.0,0.0,0.0
34,35,11.18858761854821,3.544299117016186,0.0,0.0,0.0,1.0,0.0,1.0
35,35,7.505145724770174,2.801020972478585,1.0,0.0,1.0,0.0,0.0,0.0
36,35,9.24210071944492,5.684383411324666,0.0,0.0,1.0,0.0,0.0,0.0
37,35,6.909644678935085,3.484549688506613,0.0,1.0,0.0,1.0,0.0,1.0
38,35,6.978854308157652,1.5106211116462234,0.0,1.0,1.0,1.0,1.0,0.0
39,35,4.148948295580188,6.579769103023617,0.0,0.0,0.0,1.0,0.0,1.0
0,40,0.0,11.615464325535058,1.0,0.0,1.0,1.0,0.0,1.0
1,40,1.953314211066555,3.625232647992617,1.0,0.0,0.0,1.0,1.0,1.0
2,40,1.5262010488945816,7.966770774231621,0.0,1.0,1.0,1.0,1.0,0.0
3,40,10.226238346014416,9.42185124616935,1.0,1.0,0.0,0.0,0.0,0.0
4,40,8.760160411840227,0.7532658111622184,0.0,1.0,1.0,0.0,0.0,1.0
5,40,0.4377957195255929,0.051309080057334,1.0,0.0,0.0,0.0,1.0,1.0
6,40,12.0,6.437936304068969,1.0,1.0,0.0,0.0,0.0,0.0
7,40,6.640531313253248,7.978352503006496,0.0,0.0,0.0,0.0,1.0,0.0
8,40,7.538511398029021,4.61713351967449,0.0,0.0,0.0,0.0,1.0,0.0
9,40,2.3224830460402286,11.121428389603931,0.0,0.0,0.0,0.0,0.0,0.0
10,40,7.489841923846805,8.358939386175177,0.0,1.0,1.0,0.0,1.0,0.0
11,40,7.555084255831447,9.117176767812298,0.0,1.0,1.0,0.0,0.0,1.0
12,40,8.300491024060047,10.437650385863446,1.0,0.0,1.0,0.0,0.0,1.0
13,40,12.0,7.166248712722698,0.0,1.0,0.0,0.0,0.0,0.0
14,40,12.0,6.293360197445913,0.0,1.0,1.0,1.0,1.0,1.0
15,40,6.6639974806662,11.381575414411918,0.0,1.0,1.0,0.0,0.0,0.0
16,40,7.013342350314468,7.070399014613992,1.0,0.0,1.0,1.0,0.0,1.0
17,40,7.647889734810877,10.588540069709191,1.0,0.0,0.0,0.0,0.0,0.0
18,40,12.0,0.974106212625794,0.0,0.0,1.0,0.0,0.0,1.0
19,40,2.419773918835911,2.719676774635615,1.0,0.0,0.0,1.0,0.0,0.0
20,40,2.992199427835332,4.999713175116326,1.0,0.0,0.0,0.0,1.0,0.0
21,40,2.2844464123400168,0.0,0.0,0.0,0.0,0.0,0.0,0.0
22,40,6.259900930667872,0.957054734716252,1.0,0.0,1.0,0.0,0.0,0.0
23,40,12.0,6.208503769072079,1.0,1.0,0.0,0.0,0.0,0.0
24,40,3.556773779374434,5.750553492544327,1.0,0.0,0.0,1.0,0.0,0.0
25,40,1.084023287498495,9.194030846327031,0.0,1.0,1.0,1.0,0.0,1.0
26,40,0.1622692876820193,7.962858690358757,0.0,1.0,0.0,0.0,0.0,0.0
27,40,11.433616108310254,4.444354845730244,0.0,0.0,0.0,1.0,0.0,0.0
28,40,0.0,2.851314079030736,0.0,1.0,0.0,0.0,0.0,0.0
29,40,3.337834004018336,3.7689667320466143,0.0,0.0,0.0,1.0,1.0,1.0
30,40,0.0,11.757492776154548,0.0,0.0,1.0,1.0,0.0,0.0
31,40,2.547203913794731,4.426187972531125,1.0,0.0,0.0,1.0,0.0,1.0
32,40,9.873276763266595,7.392956256185385,1.0,0.0,1.0,0.0,0.0,0.0
33,40,10.014355488062112,10.21220083649198,0.0,1.0,1.0,0.0,0.0,0.0
34,40,11.220523429950807,3.465348751966428,0.0,0.0,0.0,1.0,0.0,1.0
35,40,7.436078807081797,2.776733054522189,1.0,0.0,1.0,0.0,0.0,0.0
36,40,9.292073143471582,5.625469566702516,0.0,0.0,1.0,0.0,0.0,0.0
37,40,6.901050280971701,3.424746245466058,0.0,1.0,0.0,1.0,0.0,1.0
38,40,6.97619374267597,1.5520208538534046,0.0,1.0,1.0,1.0,1.0,0.0
39,40,4.168036119154122,6.520362172611224,0.0,0.0,0.0,1.0,0.0,1.0
0,45,0.0,11.5756482845325,1.0,0.0,1.0,1.0,0.0,1.0
1,45,1.949163238069756,3.5703204419872665,1.0,0.0,0.0,1.0,1.0,1.0
2,45,1.469860507964749,8.092280561480333,0.0,1.0,1.0,1.0,1.0,0.0
3,45,10.252982363904298,9.4750703427384,1.0,1.0,0.0,0.0,0.0,0.0
4,45,8.737238320972608,0.8217499906789167,0.0,1.0,1.0,0.0,0.0,1.0
5,45,0.3850304769053021,0.0579896623712216,1.0,0.0,0.0,0.0,1.0,1.0
6,45,12.0,6.523774132498806,1.0,1.0,0.0,0.0,0.0,0.0
7,45,6.563593466237439,7.972639219235177,0.0,0.0,0.0,0.0,1.0,0.0
8,45,7.425558920405542,4.672346626130779,0.0,0.0,0.0,0.0,1.0,0.0
9,45,2.3627643222466923,11.134700474789913,0.0,0.0,0.0,0.0,0.0,0.0
10,45,7.544120133349307,8.402017765677256,0.0,1.0,1.0,0.0,1.0,0.0
11,45,7.549974014525602,9.118491047199964,0.0,1.0,1.0,0.0,0.0,1.0
12,45,8.169018623083769,10.343838330279825,1.0,0.0,1.0,0.0,0.0,1.0
13,45,12.0,7.062551110687294,0.0,1.0,0.0,0.0,0.0,0.0
14,45,12.0,6.3300940260418015,0.0,1.0,1.0,1.0,1.0,1.0
15,45,6.637348480294829,11.410915786401109,0.0,1.0,1.0,0.0,0.0,0.0
16,45,6.9961681026584674,7.012498615134073,1.0,0.0,1.0,1.0,0.0,1.0
17,45,7.609243228586317,10.655794822027207,1.0,0.0,0.0,0.0,0.0,0.0
18,45,12.0,0.972948079366781,0.0,0.0,1.0,0.0,0.0,1.0
19,45,2.4642326316117087,2.689368690818087,1.0,0.0,0.0,1.0,0.0,0.0
20,45,3.010793673209182,4.994838520984479,1.0,0.0,0.0,0.0,1.0,0.0
21,45,2.199472701140432,0.0,0.0,0.0,0.0,0.0,0.0,0.0
22,45,6.25951596953821,0.957127302895162,1.0,0.0,1.0,0.0,0.0,0.0
23,45,12.0,6.221998812180179,1.0,1.0,0.0,0.0,0.0,0.0
24,45,3.617624327586192,5.838748675598486,1.0,0.0,0.0,1.0,0.0,0.0
25,45,1.0740259745663192,9.169431657787904,0.0,1.0,1.0,1.0,0.0,1.0
26,45,0.1772161145055995,7.96032773451642,0.0,1.0,0.0,0.0,0.0,0.0
27,45,11.338199207810694,4.52792845977576,0.0,0.0,0.0,1.0,0.0,0.0
28,45,0.0,2.8297921974220928,0.0,1.0,0.0,0.0,0.0,0.0
29,45,3.343893558903368,3.764953077165044,0.0,0.0,0.0,1.0,1.0,1.0
30,45,0.0,11.718820410598058,0.0,0.0,1.0,1.0,0.0,0.0
31,45,2.496191297656228,4.471034278635898,1.0,0.0,0.0,1.0,0.0,1.0
32,45,9.86933929597337,7.404647828420838,1.0,0.0,1.0,0.0,0.0,0.0
33,45,10.014448517720762,10.21786970064327,0.0,1.0,1.0,0.0,0.0,0.0
34,45,11.250643240479768,3.395687436136197,0.0,0.0,0.0,1.0,0.0,1.0
35,45,7.386186924798776,2.7590378145836483,1.0,0.0,1.0,0.0,0.0,0.0
36,45,9.33926385622341,5.566287696174344,0.0,0.0,1.0,0.0,0.0,0.0
37,45,6.894972681038927,3.3822034263202285,0.0,1.0,0.0,1.0,0.0,1.0
38,45,6.972217003773311,1.606253940987843,0.0,1.0,1.0,1.0,1.0,0.0
39,45,4.1874635836194765,6.458064014624917,0.0,0.0,0.0,1.0,0.0,1.0
0,50,0.0,11.532140985701654,1.0,0.0,1.0,1.0,0.0,1.0
1,50,1.944278774213227,3.502017875142828,1.0,0.0,0.0,1.0,1.0,1.0
2,50,1.5990365754520186,8.155019384823547,0.0,1.0,1.0,1.0,1.0,0.0
3,50,10.289870198255784,9.548037443386123,1.0,1.0,0.0,0.0,0.0,0.0
4,50,8.721189182101497,0.8687140416635318,0.0,1.0,1.0,0.0,0.0,1.0
5,50,0.3408388686375589,0.0633479408531769,1.0,0.0,0.0,0.0,1.0,1.0
6,50,12.0,6.606456886394599,1.0,1.0,0.0,0.0,0.0,0.0
7,50,6.481006012121392,7.963398281813297,0.0,0.0,0.0,0.0,1.0,0.0
8,50,7.320352072362691,4.723541601603805,0.0,0.0,0.0,0.0,1.0,0.0
9,50,2.418689332419218,11.15502050318981,0.0,0.0,0.0,0.0,0.0,0.0
10,50,7.584801648979555,8.432527572807288,0.0,1.0,1.0,0.0,1.0,0.0
11,50,7.546135633189755,9.119488111005229,0.0,1.0,1.0,0.0,0.0,1.0
12,50,8.028665386804791,10.2386785417837,1.0,0.0,1.0,0.0,0.0,1.0
13,50,12.0,6.959733338188428,0.0,1.0,0.0,0.0,0.0,0.0
14,50,12.0,6.364765817595968,0.0,1.0,1.0,1.0,1.0,1.0
15,50,6.617731727821337,11.43376298510324,0.0,1.0,1.0,0.0,0.0,0.0
16,50,6.955291479874511,7.025907305322824,1.0,0.0,1.0,1.0,0.0,1.0
17,50,7.580764865432942,10.70510036046688,1.0,0.0,0.0,0.0,0.0,0.0
18,50,12.0,0.9723376208950156,0.0,0.0,1.0,0.0,0.0,1.0
19,50,2.50734791124428,2.6607211678908547,1.0,0.0,0.0,1.0,0.0,0.0
20,50,3.040719332825836,4.986638313922835,1.0,0.0,0.0,0.0,1.0,0.0
21,50,2.1286063659223284,0.0,0.0,0.0,0.0,0.0,0.0,0.0
22,50,6.2529699389033935,0.9582505075276152,1.0,0.0,1.0,0.0,0.0,0.0
23,50,12.0,6.229520716472433,1.0,1.0,0.0,0.0,0.0,0.0
24,50,3.666328964004474,5.910892319246055,1.0,0.0,0.0,1.0,0.0,0.0
25,50,1.057339808092632,9.129781734633886,0.0,1.0,1.0,1.0,0.0,1.0
26,50,0.2008105940105377,7.955208352050206,0.0,1.0,0.0,0.0,0.0,0.0
27,50,11.243469731034333,4.610474467238282,0.0,0.0,0.0,1.0,0.0,0.0
28,50,0.0,2.798832234528717,0.0,1.0,0.0,0.0,0.0,0.0
29,50,3.360520311575135,3.789215704510151,0.0,0.0,0.0,1.0,1.0,1.0
30,50,0.0,11.67874427191421,0.0,0.0,1.0,1.0,0.0,0.0
31,50,2.439001699542757,4.518869117006917,1.0,0.0,0.0,1.0,0.0,1.0
32,50,9.857099034989616,7.439902763265643,1.0,0.0,1.0,0.0,0.0,0.0
33,50,10.015158438418611,10.240380966844496,0.0,1.0,1.0,0.0,0.0,0.0
34,50,11.277136367631474,3.332716723677506,0.0,0.0,0.0,1.0,0.0,1.0
35,50,7.317365198818293,2.734391099583787,1.0,0.0,1.0,0.0,0.0,0.0
36,50,9.3930758000882,5.497385706411356,0.0,0.0,1.0,0.0,0.0,0.0
37,50,6.885165718689227,3.3155021963054234,0.0,1.0,0.0,1.0,0.0,1.0
38,50,6.969546665057969,1.643778481743756,0.0,1.0,1.0,1.0,1.0,0.0
39,50,4.206415899250329,6.402443680689671,0.0,0.0,0.0,1.0,0.0,1.0
0,55,0.0,11.48741251761911,1.0,0.0,1.0,1.0,0.0,1.0
1,55,1.9399382518118349,3.4422179639405166,1.0,0.0,0.0,1.0,1.0,1.0
2,55,1.737293458684288,8.223569664275864,0.0,1.0,1.0,1.0,1.0,0.0
3,55,10.33328502540874,9.631775726391709,1.0,1.0,0.0,0.0,0.0,0.0
4,55,8.70852118492479,0.9070718871747218,0.0,1.0,1.0,0.0,0.0,1.0
5,55,0.2938107667616894,0.0699301865072484,1.0,0.0,0.0,0.0,1.0,1.0
6,55,12.0,6.68014497696609,1.0,1.0,0.0,0.0,0.0,0.0
7,55,6.494965775585591,7.8551768503707615,0.0,0.0,0.0,0.0,1.0,0.0
8,55,7.202043291507923,4.781929165036631,0.0,0.0,0.0,0.0,1.0,0.0
9,55,2.489350208375425,11.180339451803688,0.0,0.0,0.0,0.0,0.0,0.0
10,55,7.637718112029519,8.470014931011262,0.0,1.0,1.0,0.0,1.0,0.0
11,55,7.554810395482712,9.116838371588049,0.0,1.0,1.0,0.0,0.0,1.0
12,55,7.909981370198865,10.141336335577265,1.0,0.0,1.0,0.0,0.0,1.0
13,55,12.0,6.862337644693382,0.0,1.0,0.0,0.0,0.0,0.0
14,55,12.0,6.413181558842203,0.0,1.0,1.0,1.0,1.0,1.0
15,55,6.595813779657188,11.458657148920397,0.0,1.0,1.0,0.0,0.0,0.0
16,55,6.935632258398382,7.032150137686592,1.0,0.0,1.0,1.0,0.0,1.0
17,55,7.545768558747828,10.763943756059469,1.0,0.0,0.0,0.0,0.0,0.0
18,55,12.0,0.9715020133644836,0.0,0.0,1.0,0.0,0.0,1.0
19,55,2.54122991351261,2.638473176113296,1.0,0.0,0.0,1.0,0.0,0.0
20,55,3.0597503690868684,4.981007854097696,1.0,0.0,0.0,0.0,1.0,0.0
21,55,2.0681820810158222,0.0,0.0,0.0,0.0,0.0,0.0,0.0
22,55,6.241263545532015,0.9602215303005248,1.0,0.0,1.0,0.0,0.0,0.0
23,55,12.0,6.248417187271914,1.0,1.0,0.0,0.0,0.0,0.0
24,55,3.7211587390913152,5.99231980712907,1.0,0.0,0.0,1.0,0.0,0.0
25,55,1.0390566430290205,9.08696437126758,0.0,1.0,1.0,1.0,0.0,1.0
26,55,0.2389438861098227,7.948155546409868,0.0,1.0,0.0,0.0,0.0,0.0
27,55,11.158503044010637,4.683461668997213,0.0,0.0,0.0,1.0,0.0,0.0
28,55,0.0,2.7650907522554653,0.0,1.0,0.0,0.0,0.0,0.0
29,55,3.389208174654178,3.831083683520872,0.0,0.0,0.0,1.0,1.0,1.0
30,55,0.0,11.63737114022812,0.0,0.0,1.0,1.0,0.0,0.0
31,55,2.3795356101297416,4.568576219261688,1.0,0.0,0.0,1.0,0.0,1.0
32,55,9.847726734325615,7.4690630610233075,1.0,0.0,1.0,0.0,0.0,0.0
33,55,10.016353020319352,10.272720621579383,0.0,1.0,1.0,0.0,0.0,0.0
34,55,11.305705431098067,3.255979145953424,0.0,0.0,0.0,1.0,0.0,1.0
35,55,7.26299222254059,2.7139139786994324,1.0,0.0,1.0,0.0,0.0,0.0
36,55,9.454095757130728,5.426473725262944,0.0,0.0,1.0,0.0,0.0,0.0
37,55,6.878231043440832,3.269540073912021,0.0,1.0,0.0,1.0,0.0,1.0
38,55,6.96504775330141,1.7098372328077758,0.0,1.0,1.0,1.0,1.0,0.0
39,55,4.222390106277068,6.357984150422385,0.0,0.0,0.0,1.0,0.0,1.0
0,60,0.0,11.459746286003444,1.0,0.0,1.0,1.0,0.0,1.0
1,60,1.936005980150601,3.392813690871035,1.0,0.0,0.0,1.0,1.0,1.0
2,60,1.8673751066164928,8.288015025383807,0.0,1.0,1.0,1.0,1.0,0.0
3,60,10.388085303702807,9.735358350981263,1.0,1.0,0.0,0.0,0.0,0.0
4,60,8.701789083088325,0.9299503095677748,0.0,1.0,1.0,0.0,0.0,1.0
5,60,0.2481336910708307,0.0746016665582874,1.0,0.0,0.0,0.0,1.0,1.0
6,60,12.0,6.756737480696443,1.0,1.0,0.0,0.0,0.0,0.0
7,60,6.511649566468115,7.732467530811578,0.0,0.0,0.0,0.0,1.0,0.0
8,60,7.1063270512377565,4.828746406671854,0.0,0.0,0.0,0.0,1.0,0.0
9,60,2.551919964077228,11.205674332283431,0.0,0.0,0.0,0.0,0.0,0.0
10,60,7.7015638790029985,8.515495099025133,0.0,1.0,1.0,0.0,1.0,0.0
11,60,7.552966146476544,9.117342860510696,0.0,1.0,1.0,0.0,0.0,1.0
12,60,7.7961444761802525,10.047608757062182,1.0,0.0,1.0,0.0,0.0,1.0
13,60,12.0,6.770573871622769,0.0,1.0,0.0,0.0,0.0,0.0
14,60,12.0,6.466121901516119,0.0,1.0,1.0,1.0,1.0,1.0
15,60,6.57330955176438,11.482728174900586,0.0,1.0,1.0,0.0,0.0,0.0
16,60,6.935045445327548,7.032336917776556,1.0,0.0,1.0,1.0,0.0,1.0
17,60,7.506709473890913,10.833593148753168,1.0,0.0,0.0,0.0,0.0,0.0
18,60,12.0,0.9708199914804156,0.0,0.0,1.0,0.0,0.0,1.0
19,60,2.577256664272489,2.615771396950373,1.0,0.0,0.0,1.0,0.0,0.0
20,60,3.097116599859702,4.969939600592456,1.0,0.0,0.0,0.0,1.0,0.0
21,60,1.9946945490136323,0.0,0.0,0.0,0.0,0.0,0.0,0.0
22,60,6.214583353786811,0.9648931148778448,1.0,0.0,1.0,0.0,0.0,0.0
23,60,12.0,6.263955689358708,1.0,1.0,0.0,0.0,0.0,0.0
24,60,3.7872063856912175,6.090450743460393,1.0,0.0,0.0,1.0,0.0,0.0
25,60,1.0246623964389625,9.053761937760918,0.0,1.0,1.0,1.0,0.0,1.0
26,60,0.2684808748125574,7.942683927446759,0.0,1.0,0.0,0.0,0.0,0.0
27,60,11.06133142198718,4.768260029386457,0.0,0.0,0.0,1.0,0.0,0.0
28,60,0.0,2.731208244995291,0.0,1.0,0.0,0.0,0.0,0.0
29,60,3.4163709062469607,3.8699269538368632,0.0,0.0,0.0,1.0,1.0,1.0
30,60,0.0,11.601703465426196,0.0,0.0,1.0,1.0,0.0,0.0
31,60,2.3410518252820567,4.601150319098787,1.0,0.0,0.0,1.0,0.0,1.0
32,60,9.840037656396245,7.493874175877664,1.0,0.0,1.0,0.0,0.0,0.0
33,60,10.01788257682737,10.305591786852622,0.0,1.0,1.0,0.0,0.0,0.0
34,60,11.330459534053483,3.186585651683027,0.0,0.0,0.0,1.0,0.0,1.0
35,60,7.215574522424971,2.6960339472104,1.0,0.0,1.0,0.0,0.0,0.0
36,60,9.522588915130813,5.3501921015046285,0.0,0.0,1.0,0.0,0.0,0.0
37,60,6.8713156901117065,3.228515310011153,0.0,1.0,0.0,1.0,0.0,1.0
38,60,6.959356032603508,1.798145296982665,0.0,1.0,1.0,1.0,1.0,0.0
39,60,4.242113668933396,6.303693170681785,0.0,0.0,0.0,1.0,0.0,1.0
0,65,0.0,11.424617579860284,1.0,0.0,1.0,1.0,0.0,1.0
1,65,1.9314088029096383,3.3486852631479014,1.0,0.0,0.0,1.0,1.0,1.0
2,65,1.998849603869008,8.35608731714387,0.0,1.0,1.0,1.0,1.0,0.0
3,65,10.443865629220674,9.841227147234692,1.0,1.0,0.0,0.0,0.0,0.0
4,65,8.691676936854261,0.9631804506269056,0.0,1.0,1.0,0.0,0.0,1.0
5,65,0.2209735089256573,0.0771210175446035,1.0,0.0,0.0,0.0,1.0,1.0
6,65,12.0,6.820492314709403,1.0,1.0,0.0,0.0,0.0,0.0
7,65,6.525436658423168,7.620263097011565,0.0,0.0,0.0,0.0,1.0,0.0
8,65,7.015580820123837,4.873201066668092,0.0,0.0,0.0,0.0,1.0,0.0
9,65,2.6480467533737,11.243678532964925,0.0,0.0,0.0,0.0,0.0,0.0
10,65,7.7663927978034,8.564281957329545,0.0,1.0,1.0,0.0,1.0,0.0
11,65,7.576897580178121,9.110741364780344,0.0,1.0,1.0,0.0,0.0,1.0
12,65,7.689552616938541,9.956310275053475,1.0,0.0,1.0,0.0,0.0,1.0
13,65,12.0,6.688069355360891,0.0,1.0,0.0,0.0,0.0,0.0
14,65,12.0,6.508986788450334,0.0,1.0,1.0,1.0,1.0,1.0
15,65,6.60193439338101,11.507531065461585,0.0,1.0,1.0,0.0,0.0,0.0
16,65,6.926003818197684,7.035249929224517,1.0,0.0,1.0,1.0,0.0,1.0
17,65,7.461804865352184,10.91382826437038,1.0,0.0,0.0,0.0,0.0,0.0
18,65,12.0,0.9692557047779432,0.0,0.0,1.0,0.0,0.0,1.0
19,65,2.600805975259273,2.601362617611876,1.0,0.0,0.0,1.0,0.0,0.0
20,65,3.1467981881229106,4.9547078907226645,1.0,0.0,0.0,0.0,1.0,0.0
21,65,1.912488173742706,0.0,0.0,0.0,0.0,0.0,0.0,0.0
22,65,6.1930162268000055,0.9691841815548234,1.0,0.0,1.0,0.0,0.0,0.0
23,65,12.0,6.291898185553189,1.0,1.0,0.0,0.0,0.0,0.0
24,65,3.8432067079511736,6.1784186355387,1.0,0.0,0.0,1.0,0.0,0.0
25,65,1.0157645268471278,9.032859167589576,0.0,1.0,1.0,1.0,0.0,1.0
26,65,0.3176105661753486,7.934055959606619,0.0,1.0,0.0,0.0,0.0,0.0
27,65,10.951380188923933,4.863942279260471,0.0,0.0,0.0,1.0,0.0,0.0
28,65,0.0,2.6983218082943616,0.0,1.0,0.0,0.0,0.0,0.0
29,65,3.445735583414242,3.9123481274114655,0.0,0.0,0.0,1.0,1.0,1.0
30,65,0.0,11.570785806714015,0.0,0.0,1.0,1.0,0.0,0.0
31,65,2.292689212342459,4.641206346499807,1.0,0.0,0.0,1.0,0.0,1.0
32,65,9.829573595897942,7.533287909895343,1.0,0.0,1.0,0.0,0.0,0.0
33,65,10.018117438720065,10.3108407968536,0.0,1.0,1.0,0.0,0.0,0.0
34,65,11.35558568556466,3.1150869282370666,0.0,0.0,0.0,1.0,0.0,1.0
35,65,7.16451046456229,2.677637949118675,1.0,0.0,1.0,0.0,0.0,0.0
36,65,9.581305075949668,5.285615165307753,0.0,0.0,1.0,0.0,0.0,0.0
37,65,6.863999446585332,3.180606645239884,0.0,1.0,0.0,1.0,0.0,1.0
38,65,6.949987475766665,1.907019210298896,0.0,1.0,1.0,1.0,1.0,0.0
39,65,4.261699607894918,6.248562974693605,0.0,0.0,0.0,1.0,0.0,1.0
0,70,0.0,11.360469406041176,1.0,0.0,1.0,1.0,0.0,1.0
1,70,1.925898254505077,3.3046972583748424,1.0,0.0,0.0,1.0,1.0,1.0
2,70,2.1363110202636104,8.427342907926338,0.0,1.0,1.0,1.0,1.0,0.0
3,70,10.490946568786075,9.93298647191539,1.0,1.0,0.0,0.0,0.0,0.0
4,70,8.68008410475754,1.0002679537590449,0.0,1.0,1.0,0.0,0.0,1.0
5,70,0.1965329065677621,0.0792105271218516,1.0,0.0,0.0,0.0,1.0,1.0
6,70,12.0,6.885787931564609,1.0,1.0,0.0,0.0,0.0,0.0
7,70,6.541326356747125,7.517233668242989,0.0,0.0,0.0,0.0,1.0,0.0
8,70,6.962492176257849,4.898969551755278,0.0,0.0,0.0,0.0,1.0,0.0
9,70,2.775166394382025,11.293101508839149,0.0,0.0,0.0,0.0,0.0,0.0
10,70,7.808464649743362,8.59713041497021,0.0,1.0,1.0,0.0,1.0,0.0
11,70,7.626948726841182,9.096887493774195,0.0,1.0,1.0,0.0,0.0,1.0
12,70,7.58271370090169,9.861691660555248,1.0,0.0,1.0,0.0,0.0,1.0
13,70,12.0,6.606368011942533,0.0,1.0,0.0,0.0,0.0,0.0
14,70,12.0,6.568289645325483,0.0,1.0,1.0,1.0,1.0,1.0
15,70,6.652995404201885,11.551138962520431,0.0,1.0,1.0,0.0,0.0,0.0
16,70,6.93243184079611,7.033221920945865,1.0,0.0,1.0,1.0,0.0,1.0
17,70,7.41596525193948,10.993141075136837,1.0,0.0,0.0,0.0,0.0,0.0
18,70,12.0,0.9680097234859464,0.0,0.0,1.0,0.0,0.0,1.0
19,70,2.6064973020707427,2.5979270725858314,1.0,0.0,0.0,1.0,0.0,0.0
20,70,3.202465906760758,4.935894854566655,1.0,0.0,0.0,0.0,1.0,0.0
21,70,1.8162366502171683,0.0,0.0,0.0,0.0,0.0,0.0,0.0
22,70,6.156117338543872,0.976866784160212,1.0,0.0,1.0,0.0,0.0,0.0
23,70,12.0,6.313320040996701,1.0,1.0,0.0,0.0,0.0,0.0
24,70,3.912995534963813,6.281714799281952,1.0,0.0,0.0,1.0,0.0,0.0
25,70,1.016280735715982,9.034091570939218,0.0,1.0,1.0,1.0,0.0,1.0
26,70,0.363523002939462,7.925639892887319,0.0,1.0,0.0,0.0,0.0,0.0
27,70,10.843521572190962,4.963565564678166,0.0,0.0,0.0,1.0,0.0,0.0
28,70,0.0,2.6633693596125028,0.0,1.0,0.0,0.0,0.0,0.0
29,70,3.4631783240446814,3.9376146116299657,0.0,0.0,0.0,1.0,1.0,1.0
30,70,0.0,11.550953167024968,0.0,0.0,1.0,1.0,0.0,0.0
31,70,2.2378786395934958,4.686266088597749,1.0,0.0,0.0,1.0,0.0,1.0
32,70,9.8168505993846,7.580565775685179,1.0,0.0,1.0,0.0,0.0,0.0
33,70,10.02117490628918,10.353389801549064,0.0,1.0,1.0,0.0,0.0,0.0
34,70,11.381512708246618,3.038291069319601,0.0,0.0,0.0,1.0,0.0,1.0
35,70,7.128356039224907,2.664557151711127,1.0,0.0,1.0,0.0,0.0,0.0
36,70,9.632144692133515,5.228057374350635,0.0,0.0,1.0,0.0,0.0,0.0
37,70,6.781278480430728,3.191528154738177,0.0,1.0,0.0,1.0,0.0,1.0
38,70,6.940435391871192,1.995736925580191,0.0,1.0,1.0,1.0,1.0,0.0
39,70,4.278319542574832,6.206634901658154,0.0,0.0,0.0,1.0,0.0,1.0
0,75,0.0,11.277207420457652,1.0,0.0,1.0,1.0,0.0,1.0
1,75,1.9183107841654023,3.241647931868339,1.0,0.0,0.0,1.0,1.0,1.0
2,75,2.2704198295409723,8.49374934859126,0.0,1.0,1.0,1.0,1.0,0.0
3,75,10.53004664269208,10.005141332562983,1.0,1.0,0.0,0.0,0.0,0.0
4,75,8.66991695661332,1.0331453519539346,0.0,1.0,1.0,0.0,0.0,1.0
5,75,0.1773221626739973,0.0812031606757868,1.0,0.0,0.0,0.0,1.0,1.0
6,75,12.0,6.945693295155591,1.0,1.0,0.0,0.0,0.0,0.0
7,75,6.439108980940082,7.5048272969355345,0.0,0.0,0.0,0.0,1.0,0.0
8,75,6.874809016171628,4.945219538849237,0.0,0.0,0.0,0.0,1.0,0.0
9,75,2.9161485344684754,11.346045646441016,0.0,0.0,0.0,0.0,0.0,0.0
10,75,7.844824533219879,8.624593654734559,0.0,1.0,1.0,0.0,1.0,0.0
11,75,7.66586986009573,9.085715954929602,0.0,1.0,1.0,0.0,0.0,1.0
12,75,7.4766835264906,9.77257423807694,1.0,0.0,1.0,0.0,0.0,1.0
13,75,12.0,6.5331553682213634,0.0,1.0,0.0,0.0,0.0,0.0
14,75,12.0,6.618218447726725,0.0,1.0,1.0,1.0,1.0,1.0
15,75,6.69647060687599,11.586711416557918,0.0,1.0,1.0,0.0,0.0,0.0
16,75,6.920613401920274,7.036946860892959,1.0,0.0,1.0,1.0,0.0,1.0
17,75,7.379761738399292,11.053481946081565,1.0,0.0,0.0,0.0,0.0,0.0
18,75,12.0,0.9673039785975778,0.0,0.0,1.0,0.0,0.0,1.0
19,75,2.6093777662560824,2.5962397897920493,1.0,0.0,0.0,1.0,0.0,0.0
20,75,3.277998655628885,4.911522237860865,1.0,0.0,0.0,0.0,1.0,0.0
21,75,1.7006299671884126,0.0,0.0,0.0,0.0,0.0,0.0,0.0
22,75,6.115091395484849,0.9855704084870412,1.0,0.0,1.0,0.0,0.0,0.0
23,75,12.0,6.335360968136508,1.0,1.0,0.0,0.0,0.0,0.0
24,75,3.985264605320063,6.397243147003977,1.0,0.0,0.0,1.0,0.0,0.0
25,75,1.0226208864421658,9.04837826197818,0.0,1.0,1.0,1.0,0.0,1.0
26,75,0.4200444051407884,7.91537028007805,0.0,1.0,0.0,0.0,0.0,0.0
27,75,10.736859517667408,5.063298206834446,0.0,0.0,0.0,1.0,0.0,0.0
28,75,0.0,2.827392074336444,0.0,1.0,0.0,0.0,0.0,0.0
29,75,3.4733340189942545,3.9516051888754857,0.0,0.0,0.0,1.0,1.0,1.0
30,75,0.0,11.533632546674845,0.0,0.0,1.0,1.0,0.0,0.0
31,75,2.1873673502749758,4.729603026735119,1.0,0.0,0.0,1.0,0.0,1.0
32,75,9.8022838306241,7.631814049140001,1.0,0.0,1.0,0.0,0.0,0.0
33,75,10.024180175972964,10.405812435209608,0.0,1.0,1.0,0.0,0.0,0.0
34,75,11.40762698432759,2.9644767089997006,0.0,0.0,0.0,1.0,0.0,1.0
35,75,7.095120234216663,2.653296067036722,1.0,0.0,1.0,0.0,0.0,0.0
36,75,9.678068058432313,5.175370776717909,0.0,0.0,1.0,0.0,0.0,0.0
37,75,6.6852447845958425,3.2058168955077844,0.0,1.0,0.0,1.0,0.0,1.0
38,75,6.933409421377275,2.05805750477406,0.0,1.0,1.0,1.0,1.0,0.0
39,75,4.302930679726166,6.142943119768844,0.0,0.0,0.0,1.0,0.0,1.0
0,80,0.0,11.187130713851133,1.0,0.0,1.0,1.0,0.0,1.0
1,80,1.9116307125974228,3.180885223120783,1.0,0.0,0.0,1.0,1.0,1.0
2,80,2.395790981428012,8.560198365779396,0.0,1.0,1.0,1.0,1.0,0.0
3,80,10.574252430341849,10.083643909649004,1.0,1.0,0.0,0.0,0.0,0.0
4,80,8.663479511611515,1.055350241044858,0.0,1.0,1.0,0.0,0.0,1.0
5,80,0.1575745582577426,0.082904253789312,1.0,0.0,0.0,0.0,1.0,1.0
6,80,12.0,7.025361975908832,1.0,1.0,0.0,0.0,0.0,0.0
7,80,6.341597749076131,7.49345136026809,0.0,0.0,0.0,0.0,1.0,0.0
8,80,6.796564796978219,4.985572863994997,0.0,0.0,0.0,0.0,1.0,0.0
9,80,3.052244948001041,11.398541980821385,0.0,0.0,0.0,0.0,0.0,0.0
10,80,7.877402761339054,8.648783868796064,0.0,1.0,1.0,0.0,1.0,0.0
11,80,7.724001861009127,9.070140589492988,0.0,1.0,1.0,0.0,0.0,1.0
12,80,7.367455694609301,9.677828549834617,1.0,0.0,1.0,0.0,0.0,1.0
13,80,12.0,6.457267233183871,0.0,1.0,0.0,0.0,0.0,0.0
14,80,12.0,6.670098741767439,0.0,1.0,1.0,1.0,1.0,1.0
15,80,6.736220264458029,11.618640468824411,0.0,1.0,1.0,0.0,0.0,0.0
16,80,6.886196774831635,7.04893813977991,1.0,0.0,1.0,1.0,0.0,1.0
17,80,7.33877358398416,11.127104695075843,1.0,0.0,0.0,0.0,0.0,0.0
18,80,12.0,0.9662778280462176,0.0,0.0,1.0,0.0,0.0,1.0
19,80,2.592285347111288,2.60537648906056,1.0,0.0,0.0,1.0,0.0,0.0
20,80,3.353099038017588,4.887308551549881,1.0,0.0,0.0,0.0,1.0,0.0
21,80,1.5698279197985148,0.0,0.0,0.0,0.0,0.0,0.0,0.0
22,80,6.087117819609468,0.9912458640086028,1.0,0.0,1.0,0.0,0.0,0.0
23,80,12.0,6.368300266025409,1.0,1.0,0.0,0.0,0.0,0.0
24,80,4.050045223142062,6.504202410270652,1.0,0.0,0.0,1.0,0.0,0.0
25,80,1.0270088399087172,9.058383293930204,0.0,1.0,1.0,1.0,0.0,1.0
26,80,0.4885183947424981,7.905045234116082,0.0,1.0,0.0,0.0,0.0,0.0
27,80,10.627201656735672,5.1654543191638025,0.0,0.0,0.0,1.0,0.0,0.0
28,80,0.0,2.995382883132089,0.0,1.0,0.0,0.0,0.0,0.0
29,80,3.485651837220934,3.9686732896390544,0.0,0.0,0.0,1.0,1.0,1.0
30,80,0.0,11.515398180268258,0.0,0.0,1.0,1.0,0.0,0.0
31,80,2.138846366637268,4.771437970047304,1.0,0.0,0.0,1.0,0.0,1.0
32,80,9.784476200367076,7.695354549692167,1.0,0.0,1.0,0.0,0.0,0.0
33,80,10.027189852987066,10.450468760386254,0.0,1.0,1.0,0.0,0.0,0.0
34,80,11.430099080808818,2.8926778353868,0.0,0.0,0.0,1.0,0.0,1.0
35,80,7.062768620103841,2.642315599511436,1.0,0.0,1.0,0.0,0.0,0.0
36,80,9.711563145738417,5.135198364995028,0.0,0.0,1.0,0.0,0.0,0.0
37,80,6.597066847193202,3.217890141468296,0.0,1.0,0.0,1.0,0.0,1.0
38,80,6.928672171784448,2.098718603727424,0.0,1.0,1.0,1.0,1.0,0.0
39,80,4.32065281365194,6.097732689158674,0.0,0.0,0.0,1.0,0.0,1.0
0,85,0.0,11.09541024523742,1.0,0.0,1.0,1.0,0.0,1.0
1,85,1.9045950378795764,3.1215565824975737,1.0,0.0,0.0,1.0,1.0,1.0
2,85,2.5239806913337177,8.627512808943068,0.0,1.0,1.0,1.0,1.0,0.0
3,85,10.60994015170616,10.153637015581632,1.0,1.0,0.0,0.0,0.0,0.0
4,85,8.655620209649134,1.0846658563560996,0.0,1.0,1.0,0.0,0.0,1.0
5,85,0.1316844663646618,0.0853709100497272,1.0,0.0,0.0,0.0,1.0,1.0
6,85,12.0,7.110683534264631,1.0,1.0,0.0,0.0,0.0,0.0
7,85,6.22226764802436,7.478030965033098,0.0,0.0,0.0,0.0,1.0,0.0
8,85,6.70331708045642,5.032369794417921,0.0,0.0,0.0,0.0,1.0,0.0
9,85,3.2169502353282846,11.455819966017042,0.0,0.0,0.0,0.0,0.0,0.0
10,85,7.907216312265517,8.670225274691385,0.0,1.0,1.0,0.0,1.0,0.0
11,85,7.795291337421045,9.0514444270253,0.0,1.0,1.0,0.0,0.0,1.0
12,85,7.244372073958512,9.568343913417316,1.0,0.0,1.0,0.0,0.0,1.0
13,85,12.0,6.3820263266125306,0.0,1.0,0.0,0.0,0.0,0.0
14,85,12.0,6.727319220518979,0.0,1.0,1.0,1.0,1.0,1.0
15,85,6.777171425786608,11.651295923624629,0.0,1.0,1.0,0.0,0.0,0.0
16,85,6.835292902916573,7.0679037703644285,1.0,0.0,1.0,1.0,0.0,1.0
17,85,7.293866453253502,11.204839007289635,1.0,0.0,0.0,0.0,0.0,0.0
18,85,12.0,0.9656074210330036,0.0,0.0,1.0,0.0,0.0,1.0
19,85,2.574678235452467,2.614471257017455,1.0,0.0,0.0,1.0,0.0,0.0
20,85,3.415200182722247,4.867154322658778,1.0,0.0,0.0,0.0,1.0,0.0
21,85,1.4251072222176715,0.0,0.0,0.0,0.0,0.0,0.0,0.0
22,85,6.058964627415171,0.996843645594664,1.0,0.0,1.0,0.0,0.0,0.0
23,85,12.0,6.405958921065297,1.0,1.0,0.0,0.0,0.0,0.0
24,85,4.107461662801929,6.59658676455857,1.0,0.0,0.0,1.0,0.0,0.0
25,85,1.0303230105466707,9.0665608197081,0.0,1.0,1.0,1.0,0.0,1.0
26,85,0.5607263660704863,7.893980687103134,0.0,1.0,0.0,0.0,0.0,0.0
27,85,10.4992225604125,5.286723294080908,0.0,0.0,0.0,1.0,0.0,0.0
28,85,0.0,3.1647039574710822,0.0,1.0,0.0,0.0,0.0,0.0
29,85,3.5060052246957585,3.997566207153979,0.0,0.0,0.0,1.0,1.0,1.0
30,85,0.0,11.489582018177614,0.0,0.0,1.0,1.0,0.0,0.0
31,85,2.0879239025602647,4.815650839130491,1.0,0.0,0.0,1.0,0.0,1.0
32,85,9.757821788129611,7.785701981265429,1.0,0.0,1.0,0.0,0.0,0.0
33,85,10.028639704149832,10.481950618262928,0.0,1.0,1.0,0.0,0.0,0.0
34,85,11.452317361371046,2.817758263291016,0.0,0.0,0.0,1.0,0.0,1.0
35,85,7.026900281772566,2.6296012185746456,1.0,0.0,1.0,0.0,0.0,0.0
36,85,9.749862691298627,5.091785600410602,0.0,0.0,1.0,0.0,0.0,0.0
37,85,6.518369658055213,3.2299040824634773,0.0,1.0,0.0,1.0,0.0,1.0
38,85,6.924767519905904,2.1385588026736877,0.0,1.0,1.0,1.0,1.0,0.0
39,85,4.337169608072755,6.060550065012754,0.0,0.0,0.0,1.0,0.0,1.0
0,90,0.0,11.000386901807154,1.0,0.0,1.0,1.0,0.0,1.0
1,90,1.8971363257418976,3.0532243874060634,1.0,0.0,0.0,1.0,1.0,1.0
2,90,2.652523122144512,8.690964885262469,0.0,1.0,1.0,1.0,1.0,0.0
3,90,10.643321090958876,10.221719726741664,1.0,1.0,0.0,0.0,0.0,0.0
4,90,8.64749775492977,1.1152061675638565,0.0,1.0,1.0,0.0,0.0,1.0
5,90,0.0986575051631922,0.0890095928526154,1.0,0.0,0.0,0.0,1.0,1.0
6,90,12.0,7.199082347094364,1.0,1.0,0.0,0.0,0.0,0.0
7,90,6.0836977279943625,7.458450775691997,0.0,0.0,0.0,0.0,1.0,0.0
8,90,6.608411379840082,5.078394282356448,0.0,0.0,0.0,0.0,1.0,0.0
9,90,3.3972379014767218,11.518151639817738,0.0,0.0,0.0,0.0,0.0,0.0
10,90,7.950883867671072,8.701949063639782,0.0,1.0,1.0,0.0,1.0,0.0
11,90,7.862251248123633,9.033450604828513,0.0,1.0,1.0,0.0,0.0,1.0
12,90,7.119038069130668,9.46076638403204,1.0,0.0,1.0,0.0,0.0,1.0
13,90,12.0,6.317036770881133,0.0,1.0,0.0,0.0,0.0,0.0
14,90,12.0,6.779229990825903,0.0,1.0,1.0,1.0,1.0,1.0
15,90,6.811619947893976,11.678954829194202,0.0,1.0,1.0,0.0,0.0,0.0
16,90,6.787365503591476,7.086465465052911,1.0,0.0,1.0,1.0,0.0,1.0
17,90,7.244361722721347,11.293858778946872,1.0,0.0,0.0,0.0,0.0,0.0
18,90,12.0,0.9649474295476268,0.0,0.0,1.0,0.0,0.0,1.0
19,90,2.5438151523324093,2.6304087152841777,1.0,0.0,0.0,1.0,0.0,0.0
20,90,3.4598010493773885,4.852887240912293,1.0,0.0,0.0,0.0,1.0,0.0
21,90,1.2897402199598065,0.0,0.0,0.0,0.0,0.0,0.0,0.0
22,90,6.040265499120841,0.9999708094493138,1.0,0.0,1.0,0.0,0.0,0.0
23,90,12.0,6.44416951277897,1.0,1.0,0.0,0.0,0.0,0.0
24,90,4.176027753670359,6.70008117215885,1.0,0.0,0.0,1.0,0.0,0.0
25,90,1.0297315464058523,9.065068611168284,0.0,1.0,1.0,1.0,0.0,1.0
26,90,0.6273786367414218,7.883150751291904,0.0,1.0,0.0,0.0,0.0,0.0
27,90,10.385544375858576,5.392778525531328,0.0,0.0,0.0,1.0,0.0,0.0
28,90,0.0,3.318592535464464,0.0,1.0,0.0,0.0,0.0,0.0
29,90,3.533025540162511,4.034617837134361,0.0,0.0,0.0,1.0,1.0,1.0
30,90,0.0,11.45614739906451,0.0,0.0,1.0,1.0,0.0,0.0
31,90,2.0328961973309534,4.862146601351471,1.0,0.0,0.0,1.0,0.0,1.0
32,90,9.73410312918741,7.864956408818239,1.0,0.0,1.0,0.0,0.0,0.0
33,90,10.029459133338456,10.501445358684464,0.0,1.0,1.0,0.0,0.0,0.0
34,90,11.477057824418878,2.742886795261822,0.0,0.0,0.0,1.0,0.0,1.0
35,90,7.012153173350471,2.624686482418585,1.0,0.0,1.0,0.0,0.0,0.0
36,90,9.790514876273022,5.04629997631381,0.0,0.0,1.0,0.0,0.0,0.0
37,90,6.434603504377112,3.241318948245388,0.0,1.0,0.0,1.0,0.0,1.0
38,90,6.923631447339751,2.1490087991699838,0.0,1.0,1.0,1.0,1.0,0.0
39,90,4.3537337891072045,6.02241261902192,0.0,0.0,0.0,1.0,0.0,1.0
0,95,0.0,10.907026921865022,1.0,0.0,1.0,1.0,0.0,1.0
1,95,1.8912979174158848,2.983674418950635,1.0,0.0,0.0,1.0,1.0,1.0
2,95,2.788375540286931,8.759153074434714,0.0,1.0,1.0,1.0,1.0,0.0
3,95,10.680672306371566,10.297228703096891,1.0,1.0,0.0,0.0,0.0,0.0
4,95,8.642883981605447,1.1333749106435689,0.0,1.0,1.0,0.0,0.0,1.0
5,95,0.0790768602391521,0.0910955720274035,1.0,0.0,0.0,0.0,1.0,1.0
6,95,12.0,7.290759124509784,1.0,1.0,0.0,0.0,0.0,0.0
7,95,5.936146741245478,7.438016158557673,0.0,0.0,0.0,0.0,1.0,0.0
8,95,6.511153988542346,5.1267496554038345,0.0,0.0,0.0,0.0,1.0,0.0
9,95,3.605508311949415,11.584730897568608,0.0,0.0,0.0,0.0,0.0,0.0
10,95,7.991023400072607,8.73049607271104,0.0,1.0,1.0,0.0,1.0,0.0
11,95,7.929021954202073,9.016688829689087,0.0,1.0,1.0,0.0,0.0,1.0
12,95,6.984170836701068,9.344871019733938,1.0,0.0,1.0,0.0,0.0,1.0
13,95,12.0,6.240456439419514,0.0,1.0,0.0,0.0,0.0,0.0
14,95,12.0,6.699377849551298,0.0,1.0,1.0,1.0,1.0,1.0
15,95,6.843669670838413,11.705248198274395,0.0,1.0,1.0,0.0,0.0,0.0
16,95,6.747741204610742,7.1013890269216,1.0,0.0,1.0,1.0,0.0,1.0
17,95,7.190128855167047,11.387342782833157,1.0,0.0,0.0,0.0,0.0,0.0
18,95,12.0,0.9637185304201974,0.0,0.0,1.0,0.0,0.0,1.0
19,95,2.4999626910428723,2.652377986296089,1.0,0.0,0.0,1.0,0.0,0.0
20,95,3.487299525446925,4.844025477296662,1.0,0.0,0.0,0.0,1.0,0.0
21,95,1.1565486536225305,0.0,0.0,0.0,0.0,0.0,0.0,0.0
22,95,6.013792886763342,1.0035487608566689,1.0,0.0,1.0,0.0,0.0,0.0
23,95,12.0,6.4773405056081215,1.0,1.0,0.0,0.0,0.0,0.0
24,95,4.226664111154685,6.773130031152714,1.0,0.0,0.0,1.0,0.0,0.0
25,95,1.0311546546650914,9.06872496234202,0.0,1.0,1.0,1.0,0.0,1.0
26,95,0.7114087906467875,7.868238346116493,0.0,1.0,0.0,0.0,0.0,0.0
27,95,10.246522554401016,5.526835385333322,0.0,0.0,0.0,1.0,0.0,0.0
28,95,0.0,3.4605193727828203,0.0,1.0,0.0,0.0,0.0,0.0
29,95,3.564871001008793,4.077952431795826,0.0,0.0,0.0,1.0,1.0,1.0
30,95,0.0,11.41974183457681,0.0,0.0,1.0,1.0,0.0,0.0
31,95,1.9645417813210293,4.922079928770761,1.0,0.0,0.0,1.0,0.0,1.0
32,95,9.710776631018357,7.945739684063435,1.0,0.0,1.0,0.0,0.0,0.0
33,95,10.030285720033673,10.535496838833131,0.0,1.0,1.0,0.0,0.0,0.0
34,95,11.509235548117672,2.6496535421974063,0.0,0.0,0.0,1.0,0.0,1.0
35,95,6.998694464834766,2.6197574315074843,1.0,0.0,1.0,0.0,0.0,0.0
36,95,9.74891046076153,5.011917251283386,0.0,0.0,1.0,0.0,0.0,0.0
37,95,6.3592945710291975,3.2501092881080225,0.0,1.0,0.0,1.0,0.0,1.0
38,95,6.922673164375998,2.1572774623996085,0.0,1.0,1.0,1.0,1.0,0.0
39,95,4.373346779416728,5.976334153288658,0.0,0.0,0.0,1.0,0.0,1.0
0,100,0.0,10.840392366994166,1.0,0.0,1.0,1.0,0.0,1.0
1,100,1.888052253154646,2.927649185720295,1.0,0.0,0.0,1.0,1.0,1.0
2,100,2.9241915091139017,8.830781800580716,0.0,1.0,1.0,1.0,1.0,0.0
3,100,10.72057071210865,10.377188575304414,1.0,1.0,0.0,0.0,0.0,0.0
4,100,8.639868563811953,1.1438894494551506,0.0,1.0,1.0,0.0,0.0,1.0
5,100,0.0559057117960844,0.0941781097029578,1.0,0.0,0.0,0.0,1.0,1.0
6,100,12.0,7.391252111316924,1.0,1.0,0.0,0.0,0.0,0.0
7,100,5.778542268842542,7.4208497298661475,0.0,0.0,0.0,0.0,1.0,0.0
8,100,6.420064727710898,5.174564013638278,0.0,0.0,0.0,0.0,1.0,0.0
9,100,3.8113421847319806,11.65005331972062,0.0,0.0,0.0,0.0,0.0,0.0
10,100,8.031053509294733,8.75908644436616,0.0,1.0,1.0,0.0,1.0,0.0
11,100,8.005693417159858,8.998238091648206,0.0,1.0,1.0,0.0,0.0,1.0
12,100,6.852879704011628,9.232963368081217,1.0,0.0,1.0,0.0,0.0,1.0
13,100,12.0,6.147273947727352,0.0,1.0,0.0,0.0,0.0,0.0
14,100,12.0,6.631703666525004,0.0,1.0,1.0,1.0,1.0,1.0
15,100,6.864283867808269,11.722770430429488,0.0,1.0,1.0,0.0,0.0,0.0
16,100,6.7138850017474425,7.113835339047926,1.0,0.0,1.0,1.0,0.0,1.0
17,100,7.116202041011699,11.514822122494214,1.0,0.0,0.0,0.0,0.0,0.0
18,100,12.0,0.9621755734621724,0.0,0.0,1.0,0.0,0.0,1.0
19,100,2.4616827326565165,2.6722284823268625,1.0,0.0,0.0,1.0,0.0,0.0
20,100,3.517799414397849,4.8343364229868975,1.0,0.0,0.0,0.0,1.0,0.0
21,100,1.035256725935684,0.0,0.0,0.0,0.0,0.0,0.0,0.0
22,100,5.973466995307829,1.0085596810512047,1.0,0.0,1.0,0.0,0.0,0.0
23,100,12.0,6.512069550405856,1.0,1.0,0.0,0.0,0.0,0.0
24,100,4.274223413386938,6.838658972066924,1.0,0.0,0.0,1.0,0.0,0.0
25,100,1.0368388617826294,9.083864854912544,0.0,1.0,1.0,1.0,0.0,1.0
26,100,0.8061574410439883,7.852017764672848,0.0,1.0,0.0,0.0,0.0,0.0
27,100,10.108393255095882,5.388851254403333,0.0,0.0,0.0,1.0,0.0,0.0
28,100,0.0,3.594399504002611,0.0,1.0,0.0,0.0,0.0,0.0
29,100,3.5987941597797253,4.125588232787807,0.0,0.0,0.0,1.0,1.0,1.0
30,100,0.0,11.394757134886929,0.0,0.0,1.0,1.0,0.0,0.0
31,100,1.899628104100902,4.978741159383999,1.0,0.0,0.0,1.0,0.0,1.0
32,100,9.694878396758964,8.00134579438868,1.0,0.0,1.0,0.0,0.0,0.0
33,100,10.032066937417127,10.563492632247131,0.0,1.0,1.0,0.0,0.0,0.0
34,100,11.537264050150393,2.569782385540199,0.0,0.0,0.0,1.0,0.0,1.0
35,100,6.970265635401729,2.609076359453538,1.0,0.0,1.0,0.0,0.0,0.0
36,100,9.704034481191028,4.975310705169979,0.0,0.0,1.0,0.0,0.0,0.0
37,100,6.289260395703443,3.2576004574597928,0.0,1.0,0.0,1.0,0.0,1.0
38,100,6.922154445932088,2.1613226868538904,0.0,1.0,1.0,1.0,1.0,0.0
39,100,4.388456007252342,5.9416581356492415,0.0,0.0,0.0,1.0,0.0,1.0
0,105,0.0,10.759262617824302,1.0,0.0,1.0,1.0,0.0,1.0
1,105,1.884917196074276,2.8845681958033125,1.0,0.0,0.0,1.0,1.0,1.0
2,105,3.0483521979390424,8.896036432780733,0.0,1.0,1.0,1.0,1.0,0.0
3,105,10.762057092888542,10.458105753680032,1.0,1.0,0.0,0.0,0.0,0.0
4,105,8.641899497520274,1.136643876185726,0.0,1.0,1.0,0.0,0.0,1.0
5,105,0.0343084644763699,0.0967813612319236,1.0,0.0,0.0,0.0,1.0,1.0
6,105,12.0,7.490195684886086,1.0,1.0,0.0,0.0,0.0,0.0
7,105,5.629700161182165,7.407647209871999,0.0,0.0,0.0,0.0,1.0,0.0
8,105,6.328725020310281,5.2223685852358255,0.0,0.0,0.0,0.0,1.0,0.0
9,105,4.006728198562197,11.7165422255946,0.0,0.0,0.0,0.0,0.0,0.0
10,105,8.058063818686389,8.722918416583134,0.0,1.0,1.0,0.0,1.0,0.0
11,105,8.096448405137723,8.9774935184279,0.0,1.0,1.0,0.0,0.0,1.0
12,105,6.71255846879294,9.111761501241874,1.0,0.0,1.0,0.0,0.0,1.0
13,105,12.0,6.0535816409569785,0.0,1.0,0.0,0.0,0.0,0.0
14,105,12.0,6.571436953794266,0.0,1.0,1.0,1.0,1.0,1.0
15,105,6.902195412009309,11.755189936943315,0.0,1.0,1.0,0.0,0.0,0.0
16,105,6.670739389229576,7.130313010980643,1.0,0.0,1.0,1.0,0.0,1.0
17,105,7.048826877477048,11.630705495348533,1.0,0.0,0.0,0.0,0.0,0.0
18,105,12.0,0.960057690839024,0.0,0.0,1.0,0.0,0.0,1.0
19,105,2.4331145567925803,2.6874007172426606,1.0,0.0,0.0,1.0,0.0,0.0
20,105,3.537369191241321,4.827954155869922,1.0,0.0,0.0,0.0,1.0,0.0
21,105,0.907752328898518,0.0,0.0,0.0,0.0,0.0,0.0,0.0
22,105,5.9241892451297655,1.0153351662035708,1.0,0.0,1.0,0.0,0.0,0.0
23,105,12.0,6.543894493109072,1.0,1.0,0.0,0.0,0.0,0.0
24,105,4.313287994468511,6.891143442126525,1.0,0.0,0.0,1.0,0.0,0.0
25,105,1.0382160687793391,9.08756413074913,0.0,1.0,1.0,1.0,0.0,1.0
26,105,0.8796462481073487,7.83846072211965,0.0,1.0,0.0,0.0,0.0,0.0
27,105,9.969257462962386,5.252976466368711,0.0,0.0,0.0,1.0,0.0,0.0
28,105,0.0,3.742003344060664,0.0,1.0,0.0,0.0,0.0,0.0
29,105,3.642518092838046,4.188191122449328,0.0,0.0,0.0,1.0,1.0,1.0
30,105,0.0,11.36691240525418,0.0,0.0,1.0,1.0,0.0,0.0
31,105,1.8390811536420029,5.037007072497016,1.0,0.0,0.0,1.0,0.0,1.0
32,105,9.67884346521518,8.060043333722202,1.0,0.0,1.0,0.0,0.0,0.0
33,105,10.032632634936256,10.574055245614463,0.0,1.0,1.0,0.0,0.0,0.0
34,105,11.56032120003314,2.507081759879449,0.0,0.0,0.0,1.0,0.0,1.0
35,105,6.948421211006313,2.6011485213279397,1.0,0.0,1.0,0.0,0.0,0.0
36,105,9.64867730930223,4.930814100306325,0.0,0.0,1.0,0.0,0.0,0.0
37,105,6.223786557679061,3.26592530471058,0.0,1.0,0.0,1.0,0.0,1.0
38,105,6.921004468158513,2.1691460900841952,0.0,1.0,1.0,1.0,1.0,0.0
39,105,4.402353112230927,5.912537206787544,0.0,0.0,0.0,1.0,0.0,1.0
0,110,0.0,10.690363176623366,1.0,0.0,1.0,1.0,0.0,1.0
1,110,1.883481211006499,2.860734251150184,1.0,0.0,0.0,1.0,1.0,1.0
2,110,3.1530820236879897,8.951849587269528,0.0,1.0,1.0,1.0,1.0,0.0
3,110,10.806357530917468,10.545939747865654,1.0,1.0,0.0,0.0,0.0,0.0
4,110,8.641255389559078,1.139009654390999,0.0,1.0,1.0,0.0,0.0,1.0
5,110,0.0472432437307497,0.0949864526123952,1.0,0.0,0.0,0.0,1.0,1.0
6,110,12.0,7.600447927694922,1.0,1.0,0.0,0.0,0.0,0.0
7,110,5.489317677578627,7.397809763545969,0.0,0.0,0.0,0.0,1.0,0.0
8,110,6.2363625938555325,5.271274708708653,0.0,0.0,0.0,0.0,1.0,0.0
9,110,4.207322466663412,11.790220156148278,0.0,0.0,0.0,0.0,0.0,0.0
10,110,8.087465688488077,8.681957839585538,0.0,1.0,1.0,0.0,1.0,0.0
11,110,8.160845339619526,8.963644091523411,0.0,1.0,1.0,0.0,0.0,1.0
12,110,6.567533798998339,8.987587360467902,1.0,0.0,1.0,0.0,0.0,1.0
13,110,12.0,5.962701763672227,0.0,1.0,0.0,0.0,0.0,0.0
14,110,12.0,6.504273479080879,0.0,1.0,1.0,1.0,1.0,1.0
15,110,6.92890733452609,11.77806334506797,0.0,1.0,1.0,0.0,0.0,0.0
16,110,6.635817247245536,7.143970151909768,1.0,0.0,1.0,1.0,0.0,1.0
17,110,6.980488407431855,11.74881184310724,1.0,0.0,0.0,0.0,0.0,0.0
18,110,12.0,0.9557084618562208,0.0,0.0,1.0,0.0,0.0,1.0
19,110,2.4111894460942263,2.699438767996741,1.0,0.0,0.0,1.0,0.0,0.0
20,110,3.562419279954204,4.820177594748871,1.0,0.0,0.0,0.0,1.0,0.0
21,110,0.7776639625526044,0.0,0.0,0.0,0.0,0.0,0.0,0.0
22,110,5.877366135753394,1.022438659256801,1.0,0.0,1.0,0.0,0.0,0.0
23,110,11.97120568273977,6.580579874597061,1.0,1.0,0.0,0.0,0.0,0.0
24,110,4.3561453563575006,6.947511237622822,1.0,0.0,0.0,1.0,0.0,0.0
25,110,1.0392816753703251,9.090715317190762,0.0,1.0,1.0,1.0,0.0,1.0
26,110,0.9469543954315192,7.825847596264713,0.0,1.0,0.0,0.0,0.0,0.0
27,110,9.8346541344732,5.124031742151695,0.0,0.0,0.0,1.0,0.0,0.0
28,110,0.0,3.8833588221550768,0.0,1.0,0.0,0.0,0.0,0.0
29,110,3.676736433612232,4.23703094444671,0.0,0.0,0.0,1.0,1.0,1.0
30,110,0.0,11.339634051249837,0.0,0.0,1.0,1.0,0.0,0.0
31,110,1.7824423449950189,5.092182230355091,1.0,0.0,0.0,1.0,0.0,1.0
32,110,9.665001709209507,8.105895903303379,1.0,0.0,1.0,0.0,0.0,0.0
33,110,10.032831399219464,10.582781963324218,0.0,1.0,1.0,0.0,0.0,0.0
34,110,11.585369147801366,2.438693638586663,0.0,0.0,0.0,1.0,0.0,1.0
35,110,6.922202679431364,2.591393219999816,1.0,0.0,1.0,0.0,0.0,0.0
36,110,9.614894088009995,4.9044010498421295,0.0,0.0,1.0,0.0,0.0,0.0
37,110,6.135353998818436,3.278742840718906,0.0,1.0,0.0,1.0,0.0,1.0
38,110,6.921360833918286,2.166948119076549,0.0,1.0,1.0,1.0,1.0,0.0
39,110,4.413398148580125,5.8880557131554285,0.0,0.0,0.0,1.0,0.0,1.0
0,115,0.0,10.604701970214183,1.0,0.0,1.0,1.0,0.0,1.0
1,115,1.881874445393675,2.839386065981425,1.0,0.0,0.0,1.0,1.0,1.0
2,115,3.2562280558755523,9.005680243137878,0.0,1.0,1.0,1.0,1.0,0.0
3,115,10.854458357600908,10.642722403143502,1.0,1.0,0.0,0.0,0.0,0.0
4,115,8.638551848784687,1.1498147991002952,0.0,1.0,1.0,0.0,0.0,1.0
5,115,0.0601478573108308,0.0928404735697471,1.0,0.0,0.0,0.0,1.0,1.0
6,115,12.0,7.722956051565671,1.0,1.0,0.0,0.0,0.0,0.0
7,115,5.327947701693753,7.386325654996939,0.0,0.0,0.0,0.0,1.0,0.0
8,115,6.158447026779138,5.311075741013373,0.0,0.0,0.0,0.0,1.0,0.0
9,115,4.420072716668713,11.868826546036429,0.0,0.0,0.0,0.0,0.0,0.0
10,115,8.11240933643578,8.647406766654248,0.0,1.0,1.0,0.0,1.0,0.0
11,115,8.216595873314017,8.951679704695573,0.0,1.0,1.0,0.0,0.0,1.0
12,115,6.407993059755218,8.855250460769799,1.0,0.0,1.0,0.0,0.0,1.0
13,115,12.0,5.870111869013614,0.0,1.0,0.0,0.0,0.0,0.0
14,115,12.0,6.442125001740785,0.0,1.0,1.0,1.0,1.0,1.0
15,115,6.967975605728502,11.813959044926778,0.0,1.0,1.0,0.0,0.0,0.0
16,115,6.607955782198628,7.154498186023759,1.0,0.0,1.0,1.0,0.0,1.0
17,115,6.922476615740369,11.84258693663834,1.0,0.0,0.0,0.0,0.0,0.0
18,115,12.0,0.9517476293286734,0.0,0.0,1.0,0.0,0.0,1.0
19,115,2.365567958416888,2.723258097320868,1.0,0.0,0.0,1.0,0.0,0.0
20,115,3.598740179131493,4.808968103819292,1.0,0.0,0.0,0.0,1.0,0.0
21,115,0.6499475996601798,0.0,0.0,0.0,0.0,0.0,0.0,0.0
22,115,5.861330756062492,1.024967537055593,1.0,0.0,1.0,0.0,0.0,0.0
23,115,11.942682262720009,6.616277929977172,1.0,1.0,0.0,0.0,0.0,0.0
24,115,4.411448459290809,7.022552059136697,1.0,0.0,0.0,1.0,0.0,0.0
25,115,1.0352186456217007,9.079439859905431,0.0,1.0,1.0,1.0,0.0,1.0
26,115,0.9986663503092368,7.816692438392074,0.0,1.0,0.0,0.0,0.0,0.0
27,115,9.714132513995628,5.010191571499633,0.0,0.0,0.0,1.0,0.0,0.0
28,115,0.0,4.021926096558761,0.0,1.0,0.0,0.0,0.0,0.0
29,115,3.708102096850345,4.2798005782184045,0.0,0.0,0.0,1.0,1.0,1.0
30,115,0.0,11.311956437002223,0.0,0.0,1.0,1.0,0.0,0.0
31,115,1.7230073878605292,5.149982744329759,1.0,0.0,0.0,1.0,0.0,1.0
32,115,9.65266322587738,8.151330592002031,1.0,0.0,1.0,0.0,0.0,0.0
33,115,10.03257545178737,10.613777579752831,0.0,1.0,1.0,0.0,0.0,0.0
34,115,11.607060179110778,2.381800894948768,0.0,0.0,0.0,1.0,0.0,1.0
35,115,6.90229085993422,2.5838512291738063,1.0,0.0,1.0,0.0,0.0,0.0
36,115,9.566121271554612,4.866135007189873,0.0,0.0,1.0,0.0,0.0,0.0
37,115,6.027006830688399,3.2968259844761767,0.0,1.0,0.0,1.0,0.0,1.0
38,115,6.919821590114502,2.1761125639877776,0.0,1.0,1.0,1.0,1.0,0.0
39,115,4.429079912308037,5.852902116689619,0.0,0.0,0.0,1.0,0.0,1.0
0,120,0.0,10.52208059804571,1.0,0.0,1.0,1.0,0.0,1.0
1,120,1.8796073702608196,2.797630348531704,1.0,0.0,0.0,1.0,1.0,1.0
2,120,3.357774702086854,9.06294151656892,0.0,1.0,1.0,1.0,1.0,0.0
3,120,10.898220745832171,10.729105768877076,1.0,1.0,0.0,0.0,0.0,0.0
4,120,8.630806130906073,1.182614804524743,0.0,1.0,1.0,0.0,0.0,1.0
5,120,0.047188612314727,0.0949106600708573,1.0,0.0,0.0,0.0,1.0,1.0
6,120,12.0,7.857982321936686,1.0,1.0,0.0,0.0,0.0,0.0
7,120,5.157949029757382,7.3780760003476145,0.0,0.0,0.0,0.0,1.0,0.0
8,120,6.089905308928359,5.346285250046034,0.0,0.0,0.0,0.0,1.0,0.0
9,120,4.63589691364524,11.946201555712005,0.0,0.0,0.0,0.0,0.0,0.0
10,120,8.14032712522126,8.60944048051424,0.0,1.0,1.0,0.0,1.0,0.0
11,120,8.270294110743075,8.940065506488619,0.0,1.0,1.0,0.0,0.0,1.0
12,120,6.247769042408371,8.725814400016557,1.0,0.0,1.0,0.0,0.0,1.0
13,120,12.0,5.781511787939527,0.0,1.0,0.0,0.0,0.0,0.0
14,120,12.0,6.388773886283699,0.0,1.0,1.0,1.0,1.0,1.0
15,120,6.993183122157114,11.839382470262588,0.0,1.0,1.0,0.0,0.0,0.0
16,120,6.568671660383383,7.170459066644473,1.0,0.0,1.0,1.0,0.0,1.0
17,120,6.870459511278636,11.927538228224682,1.0,0.0,0.0,0.0,0.0,0.0
18,120,12.0,0.95015415149712,0.0,0.0,1.0,0.0,0.0,1.0
19,120,2.324847220798309,2.744902620798856,1.0,0.0,0.0,1.0,0.0,0.0
20,120,3.6218640177498567,4.802268618501137,1.0,0.0,0.0,0.0,1.0,0.0
21,120,0.5030007566350555,0.0,0.0,0.0,0.0,0.0,0.0,0.0
22,120,5.866476200187286,1.060452501535092,1.0,0.0,1.0,0.0,0.0,0.0
23,120,11.916261533961915,6.6501997508342985,1.0,1.0,0.0,0.0,0.0,0.0
24,120,4.455291650542264,7.0821354204066616,1.0,0.0,0.0,1.0,0.0,0.0
25,120,1.0355450573184686,9.080390543492806,0.0,1.0,1.0,1.0,0.0,1.0
26,120,1.0677845457339254,7.805100060408768,0.0,1.0,0.0,0.0,0.0,0.0
27,120,9.593291680508903,4.895452627737693,0.0,0.0,0.0,1.0,0.0,0.0
28,120,0.0,4.155658260993588,0.0,1.0,0.0,0.0,0.0,0.0
29,120,3.744952807065312,4.332340099875231,0.0,0.0,0.0,1.0,1.0,1.0
30,120,0.0,11.27935989675729,0.0,0.0,1.0,1.0,0.0,0.0
31,120,1.670490988893971,5.200034961784862,1.0,0.0,0.0,1.0,0.0,1.0
32,120,9.630669011096726,8.224144118845157,1.0,0.0,1.0,0.0,0.0,0.0
33,120,10.032126230997122,10.646304896908484,0.0,1.0,1.0,0.0,0.0,0.0
34,120,11.62415341108883,2.336807355062677,0.0,0.0,0.0,1.0,0.0,1.0
35,120,6.853204677064031,2.563182999835319,1.0,0.0,1.0,0.0,0.0,0.0
36,120,9.503803307014495,4.814042135926044,0.0,0.0,1.0,0.0,0.0,0.0
37,120,5.893687459858339,3.320577592063713,0.0,1.0,0.0,1.0,0.0,1.0
38,120,6.918199684054788,2.1877512253438427,0.0,1.0,1.0,1.0,1.0,0.0
39,120,4.437246872239949,5.834982473041263,0.0,0.0,0.0,1.0,0.0,1.0
0,125,0.0,10.442501956138724,1.0,0.0,1.0,1.0,0.0,1.0
1,125,1.8787170204891568,2.777438717456714,1.0,0.0,0.0,1.0,1.0,1.0
2,125,3.462249658698884,9.121436321748083,0.0,1.0,1.0,1.0,1.0,0.0
3,125,10.942565340563576,10.8185391996191,1.0,1.0,0.0,0.0,0.0,0.0
4,125,8.626781751132766,1.1995111763220354,0.0,1.0,1.0,0.0,0.0,1.0
5,125,0.0353294821089955,0.0970765991343182,1.0,0.0,0.0,0.0,1.0,1.0
6,125,12.0,7.957465606669448,1.0,1.0,0.0,0.0,0.0,0.0
7,125,5.003869633043755,7.36778157449586,0.0,0.0,0.0,0.0,1.0,0.0
8,125,6.127254076755118,5.413275142165117,0.0,0.0,0.0,0.0,1.0,0.0
9,125,4.855342626758452,12.0,0.0,0.0,0.0,0.0,0.0,0.0
10,125,8.174178077228516,8.564610793128196,0.0,1.0,1.0,0.0,1.0,0.0
11,125,8.330405286115841,8.92519915793613,0.0,1.0,1.0,0.0,0.0,1.0
12,125,6.089642780826526,8.594480152713178,1.0,0.0,1.0,0.0,0.0,1.0
13,125,12.0,5.695578641439076,0.0,1.0,0.0,0.0,0.0,0.0
14,125,12.0,6.314561911239102,0.0,1.0,1.0,1.0,1.0,1.0
15,125,7.039842769727271,11.8852498869808,0.0,1.0,1.0,0.0,0.0,0.0
16,125,6.542303921545015,7.181399235429459,1.0,0.0,1.0,1.0,0.0,1.0
17,125,6.825548183551335,11.99812484773307,1.0,0.0,0.0,0.0,0.0,0.0
18,125,12.0,0.9489500534587688,0.0,0.0,1.0,0.0,0.0,1.0
19,125,2.269753234598505,2.7755466478663653,1.0,0.0,0.0,1.0,0.0,0.0
20,125,3.637676168286038,4.797340587458003,1.0,0.0,0.0,0.0,1.0,0.0
21,125,0.5181030747441663,0.0,0.0,0.0,0.0,0.0,0.0,0.0
22,125,5.871902465494143,1.1035236933710413,1.0,0.0,1.0,0.0,0.0,0.0
23,125,11.89275782301084,6.681202770040926,1.0,1.0,0.0,0.0,0.0,0.0
24,125,4.509048763309198,7.155918001011533,1.0,0.0,0.0,1.0,0.0,0.0
25,125,1.036991113367974,9.084186135421756,0.0,1.0,1.0,1.0,0.0,1.0
26,125,1.1078116291201523,7.797402557397404,0.0,1.0,0.0,0.0,0.0,0.0
27,125,9.4585923324215,4.7663753480669,0.0,0.0,0.0,1.0,0.0,0.0
28,125,0.0,4.298594963176008,0.0,1.0,0.0,0.0,0.0,0.0
29,125,3.779882862876003,4.382139831920149,0.0,0.0,0.0,1.0,1.0,1.0
30,125,0.0,11.251641681633172,0.0,0.0,1.0,1.0,0.0,0.0
31,125,1.6141370507809714,5.251728952598749,1.0,0.0,0.0,1.0,0.0,1.0
32,125,9.60485720420853,8.310881919160893,1.0,0.0,1.0,0.0,0.0,0.0
33,125,10.030420494631304,10.69728776163499,0.0,1.0,1.0,0.0,0.0,0.0
34,125,11.644616509471849,2.282737314366667,0.0,0.0,0.0,1.0,0.0,1.0
35,125,6.803603805720405,2.542541782704296,1.0,0.0,1.0,0.0,0.0,0.0
36,125,9.568564290508078,4.738832551282869,0.0,0.0,1.0,0.0,0.0,0.0
37,125,5.789567288104639,3.341180277491052,0.0,1.0,0.0,1.0,0.0,1.0
38,125,6.917330796050233,2.194766793664101,0.0,1.0,1.0,1.0,1.0,0.0
39,125,4.441646941478581,5.825564090364472,0.0,0.0,0.0,1.0,0.0,1.0
0,130,0.0,10.348267809349986,1.0,0.0,1.0,1.0,0.0,1.0
1,130,1.8782856629120888,2.771831943539519,1.0,0.0,0.0,1.0,1.0,1.0
2,130,3.560203766379923,9.178140043465508,0.0,1.0,1.0,1.0,1.0,0.0
3,130,10.994970326709938,10.916753472059128,1.0,1.0,0.0,0.0,0.0,0.0
4,130,8.616293561884932,1.2376235418916297,0.0,1.0,1.0,0.0,0.0,1.0
5,130,0.0340290508643909,0.0972956696216982,1.0,0.0,0.0,0.0,1.0,1.0
6,130,12.0,8.0558481088431,1.0,1.0,0.0,0.0,0.0,0.0
7,130,4.844573479693326,7.353982500326987,0.0,0.0,0.0,0.0,1.0,0.0
8,130,6.168396541055348,5.486905015055775,0.0,0.0,0.0,0.0,1.0,0.0
9,130,5.09538514317685,12.0,0.0,0.0,0.0,0.0,0.0,0.0
10,130,8.209808228289624,8.51723930348166,0.0,1.0,1.0,0.0,1.0,0.0
11,130,8.362665352336062,8.917037367890318,0.0,1.0,1.0,0.0,0.0,1.0
12,130,5.922322394824223,8.447567388707364,1.0,0.0,1.0,0.0,0.0,1.0
13,130,12.0,5.62134053665891,0.0,1.0,0.0,0.0,0.0,0.0
14,130,12.0,6.255217173167464,0.0,1.0,1.0,1.0,1.0,1.0
15,130,7.077088608001041,11.92089461098221,0.0,1.0,1.0,0.0,0.0,0.0
16,130,6.536907071304123,7.183700934027936,1.0,0.0,1.0,1.0,0.0,1.0
17,130,6.774800074687271,12.0,1.0,0.0,0.0,0.0,0.0,0.0
18,130,12.0,0.947452644932218,0.0,0.0,1.0,0.0,0.0,1.0
19,130,2.1929860796692093,2.818148853875395,1.0,0.0,0.0,1.0,0.0,0.0
20,130,3.637911698468322,4.7972643787393805,1.0,0.0,0.0,0.0,1.0,0.0
21,130,0.5284807182758168,0.0,0.0,0.0,0.0,0.0,0.0,0.0
22,130,5.879615818240294,1.1573687226580516,1.0,0.0,1.0,0.0,0.0,0.0
23,130,11.865526009088562,6.719133969561532,1.0,1.0,0.0,0.0,0.0,0.0
24,130,4.567393834859319,7.235940549030798,1.0,0.0,0.0,1.0,0.0,0.0
25,130,1.043507640695606,9.10054632543588,0.0,1.0,1.0,1.0,0.0,1.0
26,130,1.1319810822972185,7.793553464739444,0.0,1.0,0.0,0.0,0.0,0.0
27,130,9.323566724376118,4.629418664768229,0.0,0.0,0.0,1.0,0.0,0.0
28,130,0.0,4.423133042254949,0.0,1.0,0.0,0.0,0.0,0.0
29,130,3.810448722441079,4.427092203168143,0.0,0.0,0.0,1.0,1.0,1.0
30,130,0.0,11.238158402468384,0.0,0.0,1.0,1.0,0.0,0.0
31,130,1.568792946827592,5.292347392586319,1.0,0.0,0.0,1.0,0.0,1.0
32,130,9.584487968263542,8.381561869903846,1.0,0.0,1.0,0.0,0.0,0.0
33,130,10.028849858607114,10.758541103420583,0.0,1.0,1.0,0.0,0.0,0.0
34,130,11.665922598162773,2.2217523617337696,0.0,0.0,0.0,1.0,0.0,1.0
35,130,6.750753369528229,2.521267674089436,1.0,0.0,1.0,0.0,0.0,0.0
36,130,9.63491472517792,4.662952585921748,0.0,0.0,1.0,0.0,0.0,0.0
37,130,5.683991652142742,3.364616304884053,0.0,1.0,0.0,1.0,0.0,1.0
38,130,6.9141994009596655,2.219252678226304,0.0,1.0,1.0,1.0,1.0,0.0
39,130,4.449893323640263,5.808397295333469,0.0,0.0,0.0,1.0,0.0,1.0
0,135,0.0,10.251502727521236,1.0,0.0,1.0,1.0,0.0,1.0
1,135,1.8778582118337868,2.7659778210635206,1.0,0.0,0.0,1.0,1.0,1.0
2,135,3.6690251925106505,9.24057856140358,0.0,1.0,1.0,1.0,1.0,0.0
3,135,11.05737554134758,11.029537451284003,1.0,1.0,0.0,0.0,0.0,0.0
4,135,8.605148812144076,1.2813443102098576,0.0,1.0,1.0,0.0,0.0,1.0
5,135,0.0392794490945855,0.096424684681595,1.0,0.0,0.0,0.0,1.0,1.0
6,135,12.0,8.15400545036522,1.0,1.0,0.0,0.0,0.0,0.0
7,135,4.700582285785085,7.341977452272351,0.0,0.0,0.0,0.0,1.0,0.0
8,135,6.203357640972591,5.552465635682448,0.0,0.0,0.0,0.0,1.0,0.0
9,135,5.339197536274413,12.0,0.0,0.0,0.0,0.0,0.0,0.0
10,135,8.245692352266937,8.472554709769337,0.0,1.0,1.0,0.0,1.0,0.0
11,135,8.371351231801608,8.914881933340414,0.0,1.0,1.0,0.0,0.0,1.0
12,135,5.749193115291425,8.301370685998583,1.0,0.0,1.0,0.0,0.0,1.0
13,135,12.0,5.560971456797196,0.0,1.0,0.0,0.0,0.0,0.0
14,135,12.0,6.2022631434510425,0.0,1.0,1.0,1.0,1.0,1.0
15,135,7.105457691525443,11.948055541036734,0.0,1.0,1.0,0.0,0.0,0.0
16,135,6.5173788280424,7.1917723562254325,1.0,0.0,1.0,1.0,0.0,1.0
17,135,6.721510411512064,12.0,1.0,0.0,0.0,0.0,0.0,0.0
18,135,12.0,0.945474030486016,0.0,0.0,1.0,0.0,0.0,1.0
19,135,2.125245013261035,2.8545566618630644,1.0,0.0,0.0,1.0,0.0,0.0
20,135,3.626819826139869,4.80090676232868,1.0,0.0,0.0,0.0,1.0,0.0
21,135,0.5386853294571882,0.0,0.0,0.0,0.0,0.0,0.0,0.0
22,135,5.887527962971115,1.2096469946801889,1.0,0.0,1.0,0.0,0.0,0.0
23,135,11.849526219838754,6.741299177379773,1.0,1.0,0.0,0.0,0.0,0.0
24,135,4.622130823234772,7.3112251547911615,1.0,0.0,0.0,1.0,0.0,0.0
25,135,1.0470807068896135,9.109579473128402,0.0,1.0,1.0,1.0,0.0,1.0
26,135,1.1715023759611511,7.7869915455306,0.0,1.0,0.0,0.0,0.0,0.0
27,135,9.172279883753683,4.476976421288657,0.0,0.0,0.0,1.0,0.0,0.0
28,135,0.0,4.572752232879702,0.0,1.0,0.0,0.0,0.0,0.0
29,135,3.832609250444552,4.459443052625452,0.0,0.0,0.0,1.0,1.0,1.0
30,135,0.0,11.229100059795874,0.0,0.0,1.0,1.0,0.0,0.0
31,135,1.5187740112093842,5.336760641723354,1.0,0.0,0.0,1.0,0.0,1.0
32,135,9.56739698736362,8.444805724208768,1.0,0.0,1.0,0.0,0.0,0.0
33,135,10.026835839516096,10.81153479854578,0.0,1.0,1.0,0.0,0.0,0.0
34,135,11.685492884860665,2.1669467915378813,0.0,0.0,0.0,1.0,0.0,1.0
35,135,6.70162064246195,2.500751787045184,1.0,0.0,1.0,0.0,0.0,0.0
36,135,9.704693501894326,4.583022833053816,0.0,0.0,1.0,0.0,0.0,0.0
37,135,5.562706401539803,3.397369727312753,0.0,1.0,0.0,1.0,0.0,1.0
38,135,6.911850252571218,2.235020875757388,0.0,1.0,1.0,1.0,1.0,0.0
39,135,4.4550945650831055,5.797939996807771,0.0,0.0,0.0,1.0,0.0,1.0
0,140,0.0865098527699919,10.222844305189634,1.0,0.0,1.0,1.0,0.0,1.0
1,140,1.875622219367853,2.7465488421739743,1.0,0.0,0.0,1.0,1.0,1.0
2,140,3.7394190485073393,9.281309985905198,0.0,1.0,1.0,1.0,1.0,0.0
3,140,11.113126356997194,11.132888051343157,1.0,1.0,0.0,0.0,0.0,0.0
4,140,8.600609614625176,1.2971112263300613,0.0,1.0,1.0,0.0,0.0,1.0
5,140,0.0486409447048323,0.0946240892859831,1.0,0.0,0.0,0.0,1.0,1.0
6,140,12.0,8.246907390222573,1.0,1.0,0.0,0.0,0.0,0.0
7,140,4.556188913822631,7.33235257625591,0.0,0.0,0.0,0.0,1.0,0.0
8,140,6.242825983387268,5.626837559767589,0.0,0.0,0.0,0.0,1.0,0.0
9,140,5.579206794280578,12.0,0.0,0.0,0.0,0.0,0.0,0.0
10,140,8.286868877120346,8.420976258687856,0.0,1.0,1.0,0.0,1.0,0.0
11,140,8.371224262737629,8.914917758239719,0.0,1.0,1.0,0.0,0.0,1.0
12,140,5.574270251644835,8.151865612655836,1.0,0.0,1.0,0.0,0.0,1.0
13,140,12.0,5.488058336269708,0.0,1.0,0.0,0.0,0.0,0.0
14,140,12.0,6.141361600263703,0.0,1.0,1.0,1.0,1.0,1.0
15,140,7.130550820013546,11.97086359656454,0.0,1.0,1.0,0.0,0.0,0.0
16,140,6.493597596598028,7.201302426927061,1.0,0.0,1.0,1.0,0.0,1.0
17,140,6.680772037583823,12.0,1.0,0.0,0.0,0.0,0.0,0.0
18,140,12.0,0.94461538311485,0.0,0.0,1.0,0.0,0.0,1.0
19,140,2.058489416734362,2.891713560589372,1.0,0.0,0.0,1.0,0.0,0.0
20,140,3.606285796215466,4.807955829653733,1.0,0.0,0.0,0.0,1.0,0.0
21,140,0.5439751797363289,0.0,0.0,0.0,0.0,0.0,0.0,0.0
22,140,5.8960132014132665,1.2629153416069985,1.0,0.0,1.0,0.0,0.0,0.0
23,140,11.831131283791144,6.766669347224194,1.0,1.0,0.0,0.0,0.0,0.0
24,140,4.6748165142765625,7.385432438994052,1.0,0.0,0.0,1.0,0.0,0.0
25,140,1.046293045130557,9.107441182586433,0.0,1.0,1.0,1.0,0.0,1.0
26,140,1.2092332834675197,7.780497442018309,0.0,1.0,0.0,0.0,0.0,0.0
27,140,9.0217084905697,4.328626352069918,0.0,0.0,0.0,1.0,0.0,0.0
28,140,0.0,4.721189391472323,0.0,1.0,0.0,0.0,0.0,0.0
29,140,3.8437326057192296,4.475379588247253,0.0,0.0,0.0,1.0,1.0,1.0
30,140,0.0,11.22653870369988,0.0,0.0,1.0,1.0,0.0,0.0
31,140,1.4566056229759952,5.391352637793104,1.0,0.0,0.0,1.0,0.0,1.0
32,140,9.546662457327413,8.516557486405418,1.0,0.0,1.0,0.0,0.0,0.0
33,140,10.02513012279714,10.85332182419744,0.0,1.0,1.0,0.0,0.0,0.0
34,140,11.700564616154418,2.1224185600391343,0.0,0.0,0.0,1.0,0.0,1.0
35,140,6.661635628495955,2.4854978189222456,1.0,0.0,1.0,0.0,0.0,0.0
36,140,9.77044460771941,4.511817527148994,0.0,0.0,1.0,0.0,0.0,0.0
37,140,5.451509154364597,3.42561476453403,0.0,1.0,0.0,1.0,0.0,1.0
38,140,6.909634172649083,2.250521192067705,0.0,1.0,1.0,1.0,1.0,0.0
39,140,4.466966337153076,5.77391323121606,0.0,0.0,0.0,1.0,0.0,1.0
0,145,0.1786239288139086,10.194144809025245,1.0,0.0,1.0,1.0,0.0,1.0
1,145,1.8756383748954053,2.746666850651605,1.0,0.0,0.0,1.0,1.0,1.0
2,145,3.83346253504303,9.333422509888672,0.0,1.0,1.0,1.0,1.0,0.0
3,145,11.158873416396313,11.218019531896154,1.0,1.0,0.0,0.0,0.0,0.0
4,145,8.595485284203107,1.3137382567487788,0.0,1.0,1.0,0.0,0.0,1.0
5,145,0.0612699816190736,0.0921648739747661,1.0,0.0,0.0,0.0,1.0,1.0
6,145,12.0,8.34802417819581,1.0,1.0,0.0,0.0,0.0,0.0
7,145,4.39044062791016,7.325125938166965,0.0,0.0,0.0,0.0,1.0,0.0
8,145,6.281116411470668,5.7002713942526535,0.0,0.0,0.0,0.0,1.0,0.0
9,145,5.832908741668632,12.0,0.0,0.0,0.0,0.0,0.0,0.0
10,145,8.336554467297793,8.355287436518028,0.0,1.0,1.0,0.0,1.0,0.0
11,145,8.381413906254455,8.911761069555638,0.0,1.0,1.0,0.0,0.0,1.0
12,145,5.401738701069719,8.004293993271144,1.0,0.0,1.0,0.0,0.0,1.0
13,145,12.0,5.420309324577939,0.0,1.0,0.0,0.0,0.0,0.0
14,145,12.0,6.10131408668525,0.0,1.0,1.0,1.0,1.0,1.0
15,145,7.150339236352782,11.988885751940538,0.0,1.0,1.0,0.0,0.0,0.0
16,145,6.466312071368723,7.211439637454277,1.0,0.0,1.0,1.0,0.0,1.0
17,145,6.636159443538371,12.0,1.0,0.0,0.0,0.0,0.0,0.0
18,145,12.0,0.9428867078048504,0.0,0.0,1.0,0.0,0.0,1.0
19,145,1.995328684957919,2.927480835703441,1.0,0.0,0.0,1.0,0.0,0.0
20,145,3.5762941951101723,4.817938779732953,1.0,0.0,0.0,0.0,1.0,0.0
21,145,0.5541412396321898,0.0,0.0,0.0,0.0,0.0,0.0,0.0
22,145,5.901819001398377,1.3066630761672138,1.0,0.0,1.0,0.0,0.0,0.0
23,145,11.800272171057149,6.807944603367697,1.0,1.0,0.0,0.0,0.0,0.0
24,145,4.7320943141319445,7.461515551812356,1.0,0.0,0.0,1.0,0.0,0.0
25,145,1.0536544928802023,9.126854963214097,0.0,1.0,1.0,1.0,0.0,1.0
26,145,1.2278691624258025,7.777102731875019,0.0,1.0,0.0,0.0,0.0,0.0
27,145,8.850219743839935,4.16103603064064,0.0,0.0,0.0,1.0,0.0,0.0
28,145,0.0,4.873313387639106,0.0,1.0,0.0,0.0,0.0,0.0
29,145,3.860285136960498,4.499845284657297,0.0,0.0,0.0,1.0,1.0,1.0
30,145,0.0,11.21946453964713,0.0,0.0,1.0,1.0,0.0,0.0
31,145,1.3936262652453324,5.447643004183351,1.0,0.0,0.0,1.0,0.0,1.0
32,145,9.520988801270228,8.612382573190867,1.0,0.0,1.0,0.0,0.0,0.0
33,145,10.024324732188376,10.883898707595243,0.0,1.0,1.0,0.0,0.0,0.0
34,145,11.716107997575111,2.075757339342298,0.0,0.0,0.0,1.0,0.0,1.0
35,145,6.619344826047576,2.4673064958682898,1.0,0.0,1.0,0.0,0.0,0.0
36,145,9.844548053224663,4.430360601392803,0.0,0.0,1.0,0.0,0.0,0.0
37,145,5.3207038412418965,3.4585192507756224,0.0,1.0,0.0,1.0,0.0,1.0
38,145,6.905879271710295,2.2734837827231487,0.0,1.0,1.0,1.0,1.0,0.0
39,145,4.479721660532575,5.749282408190597,0.0,0.0,0.0,1.0,0.0,1.0
0,150,0.2756884644830431,10.16682637638704,1.0,0.0,1.0,1.0,0.0,1.0
1,150,1.8752336395034896,2.743894311240283,1.0,0.0,0.0,1.0,1.0,1.0
2,150,3.9429507981923058,9.392217678097724,0.0,1.0,1.0,1.0,1.0,0.0
3,150,11.212577913291648,11.31459239517674,1.0,1.0,0.0,0.0,0.0,0.0
4,150,8.591065031427183,1.3273034203567364,0.0,1.0,1.0,0.0,0.0,1.0
5,150,0.0596243797154132,0.092455039746432,1.0,0.0,0.0,0.0,1.0,1.0
6,150,12.0,8.458381631428471,1.0,1.0,0.0,0.0,0.0,0.0
7,150,4.242764137467657,7.319484756605412,0.0,0.0,0.0,0.0,1.0,0.0
8,150,6.321447869698392,5.773868820776015,0.0,0.0,0.0,0.0,1.0,0.0
9,150,6.078255072049288,12.0,0.0,0.0,0.0,0.0,0.0,0.0
10,150,8.370380760500833,8.311474180837886,0.0,1.0,1.0,0.0,1.0,0.0
11,150,8.40170551198468,8.905710306280113,0.0,1.0,1.0,0.0,0.0,1.0
12,150,5.23063164504966,7.861108263575176,1.0,0.0,1.0,0.0,0.0,1.0
13,150,12.0,5.351345445319882,0.0,1.0,0.0,0.0,0.0,0.0
14,150,12.0,6.069485114905927,0.0,1.0,1.0,1.0,1.0,1.0
15,150,7.170730489765663,12.0,0.0,1.0,1.0,0.0,0.0,0.0
16,150,6.4659281571127485,7.211599283660456,1.0,0.0,1.0,1.0,0.0,1.0
17,150,6.591537157792455,12.0,1.0,0.0,0.0,0.0,0.0,0.0
18,150,12.0,0.9412959005433792,0.0,0.0,1.0,0.0,0.0,1.0
19,150,1.936954855621603,2.961588047243323,1.0,0.0,0.0,1.0,0.0,0.0
20,150,3.5407673776004454,4.829571570767216,1.0,0.0,0.0,0.0,1.0,0.0
21,150,0.56370389362353,0.0,0.0,0.0,0.0,0.0,0.0,0.0
22,150,5.905958808391083,1.3463842558366883,1.0,0.0,1.0,0.0,0.0,0.0
23,150,11.76865410809632,6.850327105697032,1.0,1.0,0.0,0.0,0.0,0.0
24,150,4.783207609207927,7.531044341091298,1.0,0.0,0.0,1.0,0.0,0.0
25,150,1.055068610383023,9.13072031607902,0.0,1.0,1.0,1.0,0.0,1.0
26,150,1.2293795505564926,7.786146100344116,0.0,1.0,0.0,0.0,0.0,0.0
27,150,8.680703391061705,3.985654321614766,0.0,0.0,0.0,1.0,0.0,0.0
28,150,0.0,5.02142623216976,0.0,1.0,0.0,0.0,0.0,0.0
29,150,3.878005033006259,4.525389626741877,0.0,0.0,0.0,1.0,1.0,1.0
30,150,0.0,11.20319641519533,0.0,0.0,1.0,1.0,0.0,0.0
31,150,1.3240243292992866,5.505959582254653,1.0,0.0,0.0,1.0,0.0,1.0
32,150,9.489597588912346,8.723279721041207,1.0,0.0,1.0,0.0,0.0,0.0
33,150,10.024218165012318,10.901687013295945,0.0,1.0,1.0,0.0,0.0,0.0
34,150,11.72592181317932,2.0467381416891235,0.0,0.0,0.0,1.0,0.0,1.0
35,150,6.595815442817515,2.457016871831424,1.0,0.0,1.0,0.0,0.0,0.0
36,150,9.929116355437708,4.340019167876393,0.0,0.0,1.0,0.0,0.0,0.0
37,150,5.184379082235937,3.4928068169029447,0.0,1.0,0.0,1.0,0.0,1.0
38,150,6.900238276560644,2.3132256803334443,0.0,1.0,1.0,1.0,1.0,0.0
39,150,4.50106311325595,5.708584948691839,0.0,0.0,0.0,1.0,0.0,1.0
0,155,0.3658802732941022,10.13932630917482,1.0,0.0,1.0,1.0,0.0,1.0
1,155,1.8756017878838556,2.74617943819825,1.0,0.0,0.0,1.0,1.0,1.0
2,155,4.032793928620283,9.437091754458732,0.0,1.0,1.0,1.0,1.0,0.0
3,155,11.264085964361774,11.408330462876076,1.0,1.0,0.0,0.0,0.0,0.0
4,155,8.591764604692232,1.3252297243591384,0.0,1.0,1.0,0.0,0.0,1.0
5,155,0.0527213198745786,0.0935450135871433,1.0,0.0,0.0,0.0,1.0,1.0
6,155,12.0,8.561315109517704,1.0,1.0,0.0,0.0,0.0,0.0
7,155,4.114879542866035,7.31377253985146,0.0,0.0,0.0,0.0,1.0,0.0
8,155,6.34910346858366,5.828490359792883,0.0,0.0,0.0,0.0,1.0,0.0
9,155,6.338004831221394,12.0,0.0,0.0,0.0,0.0,0.0,0.0
10,155,8.419633723468085,8.249047967764342,0.0,1.0,1.0,0.0,1.0,0.0
11,155,8.41229220205672,8.90215997670892,0.0,1.0,1.0,0.0,0.0,1.0
12,155,5.047355035136572,7.711279688481846,1.0,0.0,1.0,0.0,0.0,1.0
13,155,12.0,5.279914730853839,0.0,1.0,0.0,0.0,0.0,0.0
14,155,12.0,6.040411565414686,0.0,1.0,1.0,1.0,1.0,1.0
15,155,7.201030337525143,12.0,0.0,1.0,1.0,0.0,0.0,0.0
16,155,6.448907067693831,7.218326801674851,1.0,0.0,1.0,1.0,0.0,1.0
17,155,6.54510376133375,12.0,1.0,0.0,0.0,0.0,0.0,0.0
18,155,12.0,0.9409130934420692,0.0,0.0,1.0,0.0,0.0,1.0
19,155,1.887149633388613,2.9909106846686235,1.0,0.0,0.0,1.0,0.0,0.0
20,155,3.517320500894536,4.837083193722959,1.0,0.0,0.0,0.0,1.0,0.0
21,155,0.5763789669583871,0.0,0.0,0.0,0.0,0.0,0.0,0.0
22,155,5.908822098543833,1.3693431296671068,1.0,0.0,1.0,0.0,0.0,0.0
23,155,11.740129456139938,6.889038444694477,1.0,1.0,0.0,0.0,0.0,0.0
24,155,4.820626707038446,7.580244419822475,1.0,0.0,0.0,1.0,0.0,0.0
25,155,1.0533394823144049,9.12651124248387,0.0,1.0,1.0,1.0,0.0,1.0
26,155,1.2317420113704778,7.798252905140323,0.0,1.0,0.0,0.0,0.0,0.0
27,155,8.529673756228282,3.813430142147712,0.0,0.0,0.0,1.0,0.0,0.0
28,155,0.0,5.162299972257801,0.0,1.0,0.0,0.0,0.0,0.0
29,155,3.905243135074,4.566272109857326,0.0,0.0,0.0,1.0,1.0,1.0
30,155,0.0,11.187630341144391,0.0,0.0,1.0,1.0,0.0,0.0
31,155,1.2782546683031135,5.546222131953926,1.0,0.0,0.0,1.0,0.0,1.0
32,155,9.459920221291284,8.83394488124579,1.0,0.0,1.0,0.0,0.0,0.0
33,155,10.02429897514526,10.908620901499164,0.0,1.0,1.0,0.0,0.0,0.0
34,155,11.732461051445837,2.02720297773122,0.0,0.0,0.0,1.0,0.0,1.0
35,155,6.569882976308173,2.444717825711221,1.0,0.0,1.0,0.0,0.0,0.0
36,155,10.005059783221371,4.265027163878193,0.0,0.0,1.0,0.0,0.0,0.0
37,155,5.056506911729815,3.521734946220367,0.0,1.0,0.0,1.0,0.0,1.0
38,155,6.897157144526374,2.3328661466396614,0.0,1.0,1.0,1.0,1.0,0.0
39,155,4.521773647954519,5.6662219024027705,0.0,0.0,0.0,1.0,0.0,1.0
0,160,0.4558978674098547,10.111975742929058,1.0,0.0,1.0,1.0,0.0,1.0
1,160,1.8733938377569168,2.731846452640536,1.0,0.0,0.0,1.0,1.0,1.0
2,160,4.143951421507237,9.49068644351934,0.0,1.0,1.0,1.0,1.0,0.0
3,160,11.304885728013817,11.487218635101485,1.0,1.0,0.0,0.0,0.0,0.0
4,160,8.600580159692942,1.2977913242738262,0.0,1.0,1.0,0.0,0.0,1.0
5,160,0.0290993069638136,0.0970563497420485,1.0,0.0,0.0,0.0,1.0,1.0
6,160,12.0,8.658943940919478,1.0,1.0,0.0,0.0,0.0,0.0
7,160,3.966949827173574,7.307435817346649,0.0,0.0,0.0,0.0,1.0,0.0
8,160,6.382334043677848,5.897310310363089,0.0,0.0,0.0,0.0,1.0,0.0
9,160,6.587928287986747,12.0,0.0,0.0,0.0,0.0,0.0,0.0
10,160,8.468073244110538,8.190815982856206,0.0,1.0,1.0,0.0,1.0,0.0
11,160,8.423079275463412,8.898203719422437,0.0,1.0,1.0,0.0,0.0,1.0
12,160,4.8563998552255,7.552070357461756,1.0,0.0,1.0,0.0,0.0,1.0
13,160,12.0,5.206399760695549,0.0,1.0,0.0,0.0,0.0,0.0
14,160,12.0,6.010538778991623,0.0,1.0,1.0,1.0,1.0,1.0
15,160,7.214072963830882,12.0,0.0,1.0,1.0,0.0,0.0,0.0
16,160,6.44148430049934,7.221416017996212,1.0,0.0,1.0,1.0,0.0,1.0
17,160,6.497660643034367,12.0,1.0,0.0,0.0,0.0,0.0,0.0
18,160,12.0,0.93790541783172,0.0,0.0,1.0,0.0,0.0,1.0
19,160,1.8365814639951772,3.021119460692041,1.0,0.0,0.0,1.0,0.0,0.0
20,160,3.4992867975880184,4.842421150237365,1.0,0.0,0.0,0.0,1.0,0.0
21,160,0.5863819367995584,0.0,0.0,0.0,0.0,0.0,0.0,0.0
22,160,5.912201833025216,1.3918572281601234,1.0,0.0,1.0,0.0,0.0,0.0
23,160,11.720431164156528,6.916955967550042,1.0,1.0,0.0,0.0,0.0,0.0
24,160,4.857363979143768,7.628181819818698,1.0,0.0,0.0,1.0,0.0,0.0
25,160,1.0467835931320928,9.110480354843377,0.0,1.0,1.0,1.0,0.0,1.0
26,160,1.2391394761447816,7.834590869116437,0.0,1.0,0.0,0.0,0.0,0.0
27,160,8.388196280983044,3.648938715486977,0.0,0.0,0.0,1.0,0.0,0.0
28,160,0.0,5.2837311702507535,0.0,1.0,0.0,0.0,0.0,0.0
29,160,3.954372539559921,4.640287960482803,0.0,0.0,0.0,1.0,1.0,1.0
30,160,0.0,11.173334967099493,0.0,0.0,1.0,1.0,0.0,0.0
31,160,1.2288714298454355,5.587745326021236,1.0,0.0,0.0,1.0,0.0,1.0
32,160,9.427002394862573,8.949110845993959,1.0,0.0,1.0,0.0,0.0,0.0
33,160,10.02430225561763,10.908749875399891,0.0,1.0,1.0,0.0,0.0,0.0
34,160,11.743803971934586,1.9933504659910264,0.0,0.0,0.0,1.0,0.0,1.0
35,160,6.5449452752286446,2.432112431564992,1.0,0.0,1.0,0.0,0.0,0.0
36,160,10.072519147208816,4.198330199110116,0.0,0.0,1.0,0.0,0.0,0.0
37,160,4.934115160588134,3.5457688583674125,0.0,1.0,0.0,1.0,0.0,1.0
38,160,6.890332236409246,2.371903157745286,0.0,1.0,1.0,1.0,1.0,0.0
39,160,4.54255417097656,5.622121324829606,0.0,0.0,0.0,1.0,0.0,1.0
0,165,0.5441393821866225,10.08512302064959,1.0,0.0,1.0,1.0,0.0,1.0
1,165,1.8735927976762063,2.733127418914531,1.0,0.0,0.0,1.0,1.0,1.0
2,165,4.258537511287131,9.548603554551208,0.0,1.0,1.0,1.0,1.0,0.0
3,165,11.3435086319974,11.56263870669888,1.0,1.0,0.0,0.0,0.0,0.0
4,165,8.606969213566705,1.276653580442483,0.0,1.0,1.0,0.0,0.0,1.0
5,165,0.0,0.1030639993031797,1.0,0.0,0.0,0.0,1.0,1.0
6,165,12.0,8.779759375588974,1.0,1.0,0.0,0.0,0.0,0.0
7,165,3.834008590775157,7.30035290530455,0.0,0.0,0.0,0.0,1.0,0.0
8,165,6.416849353452609,5.966372407496854,0.0,0.0,0.0,0.0,1.0,0.0
9,165,6.840408122095594,12.0,0.0,0.0,0.0,0.0,0.0,0.0
10,165,8.513587777164087,8.138106746760732,0.0,1.0,1.0,0.0,1.0,0.0
11,165,8.438275874655805,8.892608954235023,0.0,1.0,1.0,0.0,0.0,1.0
12,165,4.670532385931246,7.389237068617115,1.0,0.0,1.0,0.0,0.0,1.0
13,165,12.0,5.139662828715024,0.0,1.0,0.0,0.0,0.0,0.0
14,165,12.0,5.980533632003382,0.0,1.0,1.0,1.0,1.0,1.0
15,165,7.226307255028295,12.0,0.0,1.0,1.0,0.0,0.0,0.0
16,165,6.432906045280604,7.225112682778499,1.0,0.0,1.0,1.0,0.0,1.0
17,165,6.44786030991243,12.0,1.0,0.0,0.0,0.0,0.0,0.0
18,165,12.0,0.9360579367056288,0.0,0.0,1.0,0.0,0.0,1.0
19,165,1.7920799587578542,3.0461954534564177,1.0,0.0,0.0,1.0,0.0,0.0
20,165,3.478491221830478,4.847929282678447,1.0,0.0,0.0,0.0,1.0,0.0
21,165,0.5979091989549431,0.0,0.0,0.0,0.0,0.0,0.0,0.0
22,165,5.917962809656928,1.4304321971671137,1.0,0.0,1.0,0.0,0.0,0.0
23,165,11.707407621827658,6.936285856664124,1.0,1.0,0.0,0.0,0.0,0.0
24,165,4.898501165556811,7.680620524795909,1.0,0.0,0.0,1.0,0.0,0.0
25,165,1.036686395594482,9.085802502768344,0.0,1.0,1.0,1.0,0.0,1.0
26,165,1.249457869332914,7.886400282747654,0.0,1.0,0.0,0.0,0.0,0.0
27,165,8.254554212428628,3.493935954094288,0.0,0.0,0.0,1.0,0.0,0.0
28,165,0.0,5.396294257801613,0.0,1.0,0.0,0.0,0.0,0.0
29,165,4.003632184411915,4.714556086860487,0.0,0.0,0.0,1.0,1.0,1.0
30,165,0.0220368442793994,11.13780096793,0.0,0.0,1.0,1.0,0.0,0.0
31,165,1.1703526434603573,5.639561297868841,1.0,0.0,0.0,1.0,0.0,1.0
32,165,9.384887540725869,9.085653525607713,1.0,0.0,1.0,0.0,0.0,0.0
33,165,10.024355574716544,10.912315335476617,0.0,1.0,1.0,0.0,0.0,0.0
34,165,11.755782923234705,1.95828082475757,0.0,0.0,0.0,1.0,0.0,1.0
35,165,6.545464908728197,2.432357825362045,1.0,0.0,1.0,0.0,0.0,0.0
36,165,10.1439087310361,4.128742020534432,0.0,0.0,1.0,0.0,0.0,0.0
37,165,4.789417595623166,3.572581297054513,0.0,1.0,0.0,1.0,0.0,1.0
38,165,6.885578670783312,2.398130194421486,0.0,1.0,1.0,1.0,1.0,0.0
39,165,4.559409403000193,5.587131096481054,0.0,0.0,0.0,1.0,0.0,1.0
0,170,0.634489906351462,10.057502868058696,1.0,0.0,1.0,1.0,0.0,1.0
1,170,1.8723396706357471,2.723331810281347,1.0,0.0,0.0,1.0,1.0,1.0
2,170,4.381808295063769,9.605703561360563,0.0,1.0,1.0,1.0,1.0,0.0
3,170,11.38959706902654,11.648748771061474,1.0,1.0,0.0,0.0,0.0,0.0
4,170,8.613741858314102,1.2549870517979074,0.0,1.0,1.0,0.0,0.0,1.0
5,170,0.0,0.103439423039549,1.0,0.0,0.0,0.0,1.0,1.0
6,170,12.0,8.908853069284808,1.0,1.0,0.0,0.0,0.0,0.0
7,170,3.7035579245021535,7.292344130796428,0.0,0.0,0.0,0.0,1.0,0.0
8,170,6.45340487887153,6.044518884976132,0.0,0.0,0.0,0.0,1.0,0.0
9,170,7.097900643380728,12.0,0.0,0.0,0.0,0.0,0.0,0.0
10,170,8.563603421401982,8.08148180266141,0.0,1.0,1.0,0.0,1.0,0.0
11,170,8.470824618585695,8.880066441521738,0.0,1.0,1.0,0.0,0.0,1.0
12,170,4.49508172905032,7.23842007356756,1.0,0.0,1.0,0.0,0.0,1.0
13,170,12.0,5.082955815159565,0.0,1.0,0.0,0.0,0.0,0.0
14,170,12.0,5.971326809509279,0.0,1.0,1.0,1.0,1.0,1.0
15,170,7.244406060363091,12.0,0.0,1.0,1.0,0.0,0.0,0.0
16,170,6.420062286416615,7.230316069665222,1.0,0.0,1.0,1.0,0.0,1.0
17,170,6.386546944645584,12.0,1.0,0.0,0.0,0.0,0.0,0.0
18,170,12.0,0.936707716498732,0.0,0.0,1.0,0.0,0.0,1.0
19,170,1.7509371619497218,3.068743978767672,1.0,0.0,0.0,1.0,0.0,0.0
20,170,3.472847422203264,4.8494806914237465,1.0,0.0,0.0,0.0,1.0,0.0
21,170,0.6069220204250171,0.0,0.0,0.0,0.0,0.0,0.0,0.0
22,170,5.921679446268043,1.454437330935887,1.0,0.0,1.0,0.0,0.0,0.0
23,170,11.691204963996327,6.961858118043867,1.0,1.0,0.0,0.0,0.0,0.0
24,170,4.942668897537635,7.733914493229919,1.0,0.0,0.0,1.0,0.0,0.0
25,170,1.0266000066147551,9.062048684708309,0.0,1.0,1.0,1.0,0.0,1.0
26,170,1.261096214825449,7.941471036274565,0.0,1.0,0.0,0.0,0.0,0.0
27,170,8.12486305241108,3.337469237283832,0.0,0.0,0.0,1.0,0.0,0.0
28,170,0.0,5.529472710610005,0.0,1.0,0.0,0.0,0.0,0.0
29,170,4.0536471732814405,4.793999783097779,0.0,0.0,0.0,1.0,1.0,1.0
30,170,0.0280727431448438,11.127653803456608,0.0,0.0,1.0,1.0,0.0,0.0
31,170,1.097340100500284,5.702504224990005,1.0,0.0,0.0,1.0,0.0,1.0
32,170,9.348224369356291,9.208958467259116,1.0,0.0,1.0,0.0,0.0,0.0
33,170,10.024356692913672,10.908852980610437,0.0,1.0,1.0,0.0,0.0,0.0
34,170,11.774273347828498,1.907567840631032,0.0,0.0,0.0,1.0,0.0,1.0
35,170,6.540538759526652,2.430092757031684,1.0,0.0,1.0,0.0,0.0,0.0
36,170,10.232887787776985,4.041818223056931,0.0,0.0,1.0,0.0,0.0,0.0
37,170,4.6674219766427925,3.594107940808426,0.0,1.0,0.0,1.0,0.0,1.0
38,170,6.882397741165487,2.414494033250441,0.0,1.0,1.0,1.0,1.0,0.0
39,170,4.564062324246867,5.577052290828478,0.0,0.0,0.0,1.0,0.0,1.0
0,175,0.7114803332890277,10.034082713001204,1.0,0.0,1.0,1.0,0.0,1.0
1,175,1.8708374651227933,2.7051201422395805,1.0,0.0,0.0,1.0,1.0,1.0
2,175,4.530267677978666,9.678141755959166,0.0,1.0,1.0,1.0,1.0,0.0
3,175,11.441949408028767,11.73704291716372,1.0,1.0,0.0,0.0,0.0,0.0
4,175,8.61815997594576,1.2404626437686228,0.0,1.0,1.0,0.0,0.0,1.0
5,175,0.0,0.1045169883216896,1.0,0.0,0.0,0.0,1.0,1.0
6,175,12.0,9.038366778808786,1.0,1.0,0.0,0.0,0.0,0.0
7,175,3.5892560998873138,7.287442810302156,0.0,0.0,0.0,0.0,1.0,0.0
8,175,6.47972359303309,6.100222733064186,0.0,0.0,0.0,0.0,1.0,0.0
9,175,7.362583384042044,12.0,0.0,0.0,0.0,0.0,0.0,0.0
10,175,8.619741762891943,8.016543821172894,0.0,1.0,1.0,0.0,1.0,0.0
11,175,8.489169939382338,8.873203275395145,0.0,1.0,1.0,0.0,0.0,1.0
12,175,4.312328749648922,7.081097129712778,1.0,0.0,1.0,0.0,0.0,1.0
13,175,12.0,5.014464600396527,0.0,1.0,0.0,0.0,0.0,0.0
14,175,12.0,5.967049633764981,0.0,1.0,1.0,1.0,1.0,1.0
15,175,7.26991974730939,12.0,0.0,1.0,1.0,0.0,0.0,0.0
16,175,6.402961864440737,7.237343825503917,1.0,0.0,1.0,1.0,0.0,1.0
17,175,6.307491148339025,12.0,1.0,0.0,0.0,0.0,0.0,0.0
18,175,12.0,0.9383476325016892,0.0,0.0,1.0,0.0,0.0,1.0
19,175,1.7168359938084186,3.0889651234773416,1.0,0.0,0.0,1.0,0.0,0.0
20,175,3.462728651420588,4.852274395909139,1.0,0.0,0.0,0.0,1.0,0.0
21,175,0.6151722944946472,0.0,0.0,0.0,0.0,0.0,0.0,0.0
22,175,5.925658914651375,1.4783326639964205,1.0,0.0,1.0,0.0,0.0,0.0
23,175,11.677723984682997,6.983850069295362,1.0,1.0,0.0,0.0,0.0,0.0
24,175,4.983659507337391,7.782631047298588,1.0,0.0,0.0,1.0,0.0,0.0
25,175,1.019176123506604,9.045275035232626,0.0,1.0,1.0,1.0,0.0,1.0
26,175,1.2741438007546535,7.993070888401911,0.0,1.0,0.0,0.0,0.0,0.0
27,175,8.006445643399381,3.192088318587172,0.0,0.0,0.0,1.0,0.0,0.0
28,175,0.0,5.648950446778793,0.0,1.0,0.0,0.0,0.0,0.0
29,175,4.09664175897981,4.857951546538789,0.0,0.0,0.0,1.0,1.0,1.0
30,175,0.0508746440570272,11.091851994411796,0.0,0.0,1.0,1.0,0.0,0.0
31,175,1.0315327814198278,5.7575283277015545,1.0,0.0,0.0,1.0,0.0,1.0
32,175,9.308389377648004,9.336046644435188,1.0,0.0,1.0,0.0,0.0,0.0
33,175,10.034641645682024,10.909000260830204,0.0,1.0,1.0,0.0,0.0,0.0
34,175,11.784254606356948,1.8783320434864377,0.0,0.0,0.0,1.0,0.0,1.0
35,175,6.536342994765788,2.428199768018856,1.0,0.0,1.0,0.0,0.0,0.0
36,175,10.3190285613034,3.9558046997616927,0.0,0.0,1.0,0.0,0.0,0.0
37,175,4.5503323094499,3.618264741638455,0.0,1.0,0.0,1.0,0.0,1.0
38,175,6.873931140143906,2.453432258414073,0.0,1.0,1.0,1.0,1.0,0.0
39,175,4.5713501945086445,5.562103453911062,0.0,0.0,0.0,1.0,0.0,1.0
0,180,0.7832799239085696,10.0129259043389,1.0,0.0,1.0,1.0,0.0,1.0
1,180,1.8685392875752649,2.674031442963537,1.0,0.0,0.0,1.0,1.0,1.0
2,180,4.680136086338002,9.746948176307315,0.0,1.0,1.0,1.0,1.0,0.0
3,180,11.490274305784071,11.822315487211805,1.0,1.0,0.0,0.0,0.0,0.0
4,180,8.625571271348797,1.2191147203326866,0.0,1.0,1.0,0.0,0.0,1.0
5,180,0.0,0.1065836669094466,1.0,0.0,0.0,0.0,1.0,1.0
6,180,12.0,9.168761900206423,1.0,1.0,0.0,0.0,0.0,0.0
7,180,3.4691963105697616,7.282583613830944,0.0,0.0,0.0,0.0,1.0,0.0
8,180,6.503961670898824,6.14966453474359,0.0,0.0,0.0,0.0,1.0,0.0
9,180,7.627494687007882,12.0,0.0,0.0,0.0,0.0,0.0,0.0
10,180,8.685082166594327,7.9449117953083155,0.0,1.0,1.0,0.0,1.0,0.0
11,180,8.49271957523273,8.871948507083024,0.0,1.0,1.0,0.0,0.0,1.0
12,180,4.125979940634833,6.930494964972858,1.0,0.0,1.0,0.0,0.0,1.0
13,180,12.0,4.939134485505558,0.0,1.0,0.0,0.0,0.0,0.0
14,180,11.998048885122104,5.97096258596258,0.0,1.0,1.0,1.0,1.0,1.0
15,180,7.288624087917105,12.0,0.0,1.0,1.0,0.0,0.0,0.0
16,180,6.376892852434889,7.247707960105083,1.0,0.0,1.0,1.0,0.0,1.0
17,180,6.2135558903762345,12.0,1.0,0.0,0.0,0.0,0.0,0.0
18,180,12.0,0.9406049762441844,0.0,0.0,1.0,0.0,0.0,1.0
19,180,1.7017886392530863,3.09790808298021,1.0,0.0,0.0,1.0,0.0,0.0
20,180,3.483691719284263,4.846499200144219,1.0,0.0,0.0,0.0,1.0,0.0
21,180,0.6153707553516491,0.0,0.0,0.0,0.0,0.0,0.0,0.0
22,180,5.933952126147545,1.5272410035451038,1.0,0.0,1.0,0.0,0.0,0.0
23,180,11.669661086417834,6.996605336441084,1.0,1.0,0.0,0.0,0.0,0.0
24,180,5.024300457275672,7.832666252353288,1.0,0.0,0.0,1.0,0.0,0.0
25,180,1.0058764170099286,9.016070783026784,0.0,1.0,1.0,1.0,0.0,1.0
26,180,1.2861274364112805,8.04231221810638,0.0,1.0,0.0,0.0,0.0,0.0
27,180,7.879092228801269,3.0252392313055028,0.0,0.0,0.0,1.0,0.0,0.0
28,180,0.0,5.759409822258912,0.0,1.0,0.0,0.0,0.0,0.0
29,180,4.145850661831643,4.925806640518896,0.0,0.0,0.0,1.0,1.0,1.0
30,180,0.0732284817100198,11.059168477876309,0.0,0.0,1.0,1.0,0.0,0.0
31,180,0.962957571358465,5.816027955455626,1.0,0.0,0.0,1.0,0.0,1.0
32,180,9.273488976430906,9.442458705413989,1.0,0.0,1.0,0.0,0.0,0.0
33,180,10.02584833310457,10.90928072400272,0.0,1.0,1.0,0.0,0.0,0.0
34,180,11.79083134893537,1.8588546515725657,0.0,0.0,0.0,1.0,0.0,1.0
35,180,6.526811143673275,2.4239448302816324,1.0,0.0,1.0,0.0,0.0,0.0
36,180,10.39919285055635,3.878142383923863,0.0,0.0,1.0,0.0,0.0,0.0
37,180,4.433374289450344,3.643967857398755,0.0,1.0,0.0,1.0,0.0,1.0
38,180,6.864129521618831,2.4972379667466478,0.0,1.0,1.0,1.0,1.0,0.0
39,180,4.584853586761191,5.535001764874334,0.0,0.0,0.0,1.0,0.0,1.0
0,185,0.8584312329760163,9.98921798389619,1.0,0.0,1.0,1.0,0.0,1.0
1,185,1.8671180893789752,2.6415793749563035,1.0,0.0,0.0,1.0,1.0,1.0
2,185,4.820107620876021,9.816089997092908,0.0,1.0,1.0,1.0,1.0,0.0
3,185,11.539986275269165,11.905083044766466,1.0,1.0,0.0,0.0,0.0,0.0
4,185,8.634058349316016,1.1962057604942458,0.0,1.0,1.0,0.0,0.0,1.0
5,185,0.0,0.109731056548543,1.0,0.0,0.0,0.0,1.0,1.0
6,185,12.0,9.283434791024312,1.0,1.0,0.0,0.0,0.0,0.0
7,185,3.346344042921815,7.277160359127984,0.0,0.0,0.0,0.0,1.0,0.0
8,185,6.524033813780958,6.190194912564884,0.0,0.0,0.0,0.0,1.0,0.0
9,185,7.909220520860031,12.0,0.0,0.0,0.0,0.0,0.0,0.0
10,185,8.750247467660591,7.87520870638525,0.0,1.0,1.0,0.0,1.0,0.0
11,185,8.500585063449408,8.869114086008834,0.0,1.0,1.0,0.0,0.0,1.0
12,185,3.9265079433228753,6.7590808377992815,1.0,0.0,1.0,0.0,0.0,1.0
13,185,12.0,4.865991931728155,0.0,1.0,0.0,0.0,0.0,0.0
14,185,11.999368324167245,5.96814756679345,0.0,1.0,1.0,1.0,1.0,1.0
15,185,7.308973831558656,12.0,0.0,1.0,1.0,0.0,0.0,0.0
16,185,6.340265374135399,7.261694098224063,1.0,0.0,1.0,1.0,0.0,1.0
17,185,6.119371571180856,12.0,1.0,0.0,0.0,0.0,0.0,0.0
18,185,12.0,0.9443381222701112,0.0,0.0,1.0,0.0,0.0,1.0
19,185,1.701066377946954,3.0983671708842397,1.0,0.0,0.0,1.0,0.0,0.0
20,185,3.493452835286336,4.843625273402858,1.0,0.0,0.0,0.0,1.0,0.0
21,185,0.6219957112915094,0.0,0.0,0.0,0.0,0.0,0.0,0.0
22,185,5.947639635120994,1.6097600208367395,1.0,0.0,1.0,0.0,0.0,0.0
23,185,11.657452781364215,7.016295319659576,1.0,1.0,0.0,0.0,0.0,0.0
24,185,5.050522173720649,7.865161280859989,1.0,0.0,0.0,1.0,0.0,0.0
25,185,0.9953103250707084,8.993161567059163,0.0,1.0,1.0,1.0,0.0,1.0
26,185,1.2956628311024,8.083559483568907,0.0,1.0,0.0,0.0,0.0,0.0
27,185,7.7478941516430835,2.847898120660228,0.0,0.0,0.0,1.0,0.0,0.0
28,185,0.0,5.864900985188358,0.0,1.0,0.0,0.0,0.0,0.0
29,185,4.201197843440408,4.999427803083631,0.0,0.0,0.0,1.0,1.0,1.0
30,185,0.0983806225998294,11.02128905858208,0.0,0.0,1.0,1.0,0.0,0.0
31,185,0.8850929801053924,5.8874438224110905,1.0,0.0,0.0,1.0,0.0,1.0
32,185,9.240785279467696,9.54738139870905,1.0,0.0,1.0,0.0,0.0,0.0
33,185,10.043901011241614,10.908248826057047,0.0,1.0,1.0,0.0,0.0,0.0
34,185,11.80273132314608,1.826654432026206,0.0,0.0,0.0,1.0,0.0,1.0
35,185,6.521734778099561,2.421638375190988,1.0,0.0,1.0,0.0,0.0,0.0
36,185,10.48883045033499,3.789379987799456,0.0,0.0,1.0,0.0,0.0,0.0
37,185,4.3228444604577,3.6683875159174018,0.0,1.0,0.0,1.0,0.0,1.0
38,185,6.8580626799399385,2.5251259215890527,0.0,1.0,1.0,1.0,1.0,0.0
39,185,4.601520461915788,5.502094650476323,0.0,0.0,0.0,1.0,0.0,1.0
0,190,0.9174568728987272,9.972313517685404,1.0,0.0,1.0,1.0,0.0,1.0
1,190,1.865027910757877,2.5921080139304347,1.0,0.0,0.0,1.0,1.0,1.0
2,190,4.930615792399957,9.870099724918983,0.0,1.0,1.0,1.0,1.0,0.0
3,190,11.604497361186311,12.0,1.0,1.0,0.0,0.0,0.0,0.0
4,190,8.645859925793221,1.164204155761038,0.0,1.0,1.0,0.0,0.0,1.0
5,190,0.001823308589374,0.1222428692501855,1.0,0.0,0.0,0.0,1.0,1.0
6,190,12.0,9.391605008604678,1.0,1.0,0.0,0.0,0.0,0.0
7,190,3.2044165856004367,7.274295659396688,0.0,0.0,0.0,0.0,1.0,0.0
8,190,6.550724730930598,6.2439203302793285,0.0,0.0,0.0,0.0,1.0,0.0
9,190,8.179658281116861,12.0,0.0,0.0,0.0,0.0,0.0,0.0
10,190,8.819289268661954,7.798361210853439,0.0,1.0,1.0,0.0,1.0,0.0
11,190,8.520703573370508,8.86174282195341,0.0,1.0,1.0,0.0,0.0,1.0
12,190,3.7223185448961975,6.580686965050991,1.0,0.0,1.0,0.0,0.0,1.0
13,190,12.0,4.791379962387486,0.0,1.0,0.0,0.0,0.0,0.0
14,190,11.989444415405496,5.988803278081468,0.0,1.0,1.0,1.0,1.0,1.0
15,190,7.3149228965285875,12.0,0.0,1.0,1.0,0.0,0.0,0.0
16,190,6.318047471868794,7.27036071651444,1.0,0.0,1.0,1.0,0.0,1.0
17,190,6.028191444321049,12.0,1.0,0.0,0.0,0.0,0.0,0.0
18,190,12.0,0.9478086693766756,0.0,0.0,1.0,0.0,0.0,1.0
19,190,1.6946490320066538,3.1025361354761043,1.0,0.0,0.0,1.0,0.0,0.0
20,190,3.4787815996395435,4.84774456098985,1.0,0.0,0.0,0.0,1.0,0.0
21,190,0.6232448684590476,0.0,0.0,0.0,0.0,0.0,0.0,0.0
22,190,5.961158381448431,1.6916447000822326,1.0,0.0,1.0,0.0,0.0,0.0
23,190,11.6685353464271,7.022922834185494,1.0,1.0,0.0,0.0,0.0,0.0
24,190,5.075014632469399,7.895776667635311,1.0,0.0,0.0,1.0,0.0,0.0
25,190,0.9810997991034712,8.963094558406347,0.0,1.0,1.0,1.0,0.0,1.0
26,190,1.3036180398616404,8.11759739749939,0.0,1.0,0.0,0.0,0.0,0.0
27,190,7.622569541323559,2.676550407678389,0.0,0.0,0.0,1.0,0.0,0.0
28,190,0.0,5.973623011793885,0.0,1.0,0.0,0.0,0.0,0.0
29,190,4.259289652318236,5.078971230707088,0.0,0.0,0.0,1.0,1.0,1.0
30,190,0.1119733604014912,11.000345446638292,0.0,0.0,1.0,1.0,0.0,0.0
31,190,0.8025148282705838,5.963122332605588,1.0,0.0,0.0,1.0,0.0,1.0
32,190,9.205361697462289,9.660217199784062,1.0,0.0,1.0,0.0,0.0,0.0
33,190,10.06511091118866,10.907451845882433,0.0,1.0,1.0,0.0,0.0,0.0
34,190,11.819353991327676,1.7858375738458536,0.0,0.0,0.0,1.0,0.0,1.0
35,190,6.517578734317956,2.419664620894876,1.0,0.0,1.0,0.0,0.0,0.0
36,190,10.581201711653872,3.6987566631809625,0.0,0.0,1.0,0.0,0.0,0.0
37,190,4.210419760745112,3.695305562797461,0.0,1.0,0.0,1.0,0.0,1.0
38,190,6.849632449551763,2.562644283016076,0.0,1.0,1.0,1.0,1.0,0.0
39,190,4.624411814149193,5.454546025979533,0.0,0.0,0.0,1.0,0.0,1.0
0,195,0.9756618711416168,9.955857103750688,1.0,0.0,1.0,1.0,0.0,1.0
1,195,1.8621098239000349,2.5441762318639647,1.0,0.0,0.0,1.0,1.0,1.0
2,195,5.037100959454383,9.92132133150951,0.0,1.0,1.0,1.0,1.0,0.0
3,195,11.682292789628915,12.0,1.0,1.0,0.0,0.0,0.0,0.0
4,195,8.662374344111377,1.119217303647607,0.0,1.0,1.0,0.0,0.0,1.0
5,195,0.0,0.1081632096482996,1.0,0.0,0.0,0.0,1.0,1.0
6,195,12.0,9.488722224953976,1.0,1.0,0.0,0.0,0.0,0.0
7,195,3.065520109954325,7.2721665487072435,0.0,0.0,0.0,0.0,1.0,0.0
8,195,6.562707548428161,6.267649833725292,0.0,0.0,0.0,0.0,1.0,0.0
9,195,8.470464613387543,12.0,0.0,0.0,0.0,0.0,0.0,0.0
10,195,8.877382764412074,7.734757978371515,0.0,1.0,1.0,0.0,1.0,0.0
11,195,8.544815933019457,8.852648024656173,0.0,1.0,1.0,0.0,0.0,1.0
12,195,3.5255026811865653,6.407449912223856,1.0,0.0,1.0,0.0,0.0,1.0
13,195,12.0,4.720824617492904,0.0,1.0,0.0,0.0,0.0,0.0
14,195,11.985261859725012,5.997342981427652,0.0,1.0,1.0,1.0,1.0,1.0
15,195,7.33126627042582,12.0,0.0,1.0,1.0,0.0,0.0,0.0
16,195,6.318155379681372,7.2703174518053,1.0,0.0,1.0,1.0,0.0,1.0
17,195,5.951343925154755,12.0,1.0,0.0,0.0,0.0,0.0,0.0
18,195,12.0,0.949963972714028,0.0,0.0,1.0,0.0,0.0,1.0
19,195,1.678651516124173,3.1121943216476904,1.0,0.0,0.0,1.0,0.0,0.0
20,195,3.4448335721889136,4.856856927719178,1.0,0.0,0.0,0.0,1.0,0.0
21,195,0.6256799678193443,0.0,0.0,0.0,0.0,0.0,0.0,0.0
22,195,5.975451953824198,1.77402427133932,1.0,0.0,1.0,0.0,0.0,0.0
23,195,11.701791972677904,7.04265810549365,1.0,1.0,0.0,0.0,0.0,0.0
24,195,5.117968141841272,7.948289828699848,1.0,0.0,0.0,1.0,0.0,0.0
25,195,0.9700921367227358,8.940170563422651,0.0,1.0,1.0,1.0,0.0,1.0
26,195,1.3115171008491413,8.160238386900906,0.0,1.0,0.0,0.0,0.0,0.0
27,195,7.492913344523555,2.504415671845932,0.0,0.0,0.0,1.0,0.0,0.0
28,195,0.0,6.1014989259342025,0.0,1.0,0.0,0.0,0.0,0.0
29,195,4.317298876133102,5.156063694777759,0.0,0.0,0.0,1.0,1.0,1.0
30,195,0.1080512562292751,11.006231151332718,0.0,0.0,1.0,1.0,0.0,0.0
31,195,0.7252193031544121,6.038554723161704,1.0,0.0,0.0,1.0,0.0,1.0
32,195,9.170929558004165,9.7828576285817,1.0,0.0,1.0,0.0,0.0,0.0
33,195,10.082037261212175,10.906817374292062,0.0,1.0,1.0,0.0,0.0,0.0
34,195,11.833098183353863,1.754749447388495,0.0,0.0,0.0,1.0,0.0,1.0
35,195,6.53131134007453,2.4257730331294725,1.0,0.0,1.0,0.0,0.0,0.0
36,195,10.67931608954632,3.605893069001577,0.0,0.0,1.0,0.0,0.0,0.0
37,195,4.082861396602291,3.7240519787128985,0.0,1.0,0.0,1.0,0.0,1.0
38,195,6.844967856613355,2.586321982791079,0.0,1.0,1.0,1.0,1.0,0.0
39,195,4.6518278889342985,5.40152356326785,0.0,0.0,0.0,1.0,0.0,1.0
0,200,1.0397660195069551,9.937105601545891,1.0,0.0,1.0,1.0,0.0,1.0
1,200,1.8580076863492636,2.4966064130347414,1.0,0.0,0.0,1.0,1.0,1.0
2,200,5.141024716495073,9.973568026135728,0.0,1.0,1.0,1.0,1.0,0.0
3,200,11.755772002123136,12.0,1.0,1.0,0.0,0.0,0.0,0.0
4,200,8.680139036732664,1.0687446843401995,0.0,1.0,1.0,0.0,0.0,1.0
5,200,0.0,0.0841651226883271,1.0,0.0,0.0,0.0,1.0,1.0
6,200,12.0,9.588275796040866,1.0,1.0,0.0,0.0,0.0,0.0
7,200,2.945582986341975,7.275724492840517,0.0,0.0,0.0,0.0,1.0,0.0
8,200,6.578440551988688,6.298254939665068,0.0,0.0,0.0,0.0,1.0,0.0
9,200,8.75459977428007,12.0,0.0,0.0,0.0,0.0,0.0,0.0
10,200,8.940703967183353,7.66949146286075,0.0,1.0,1.0,0.0,1.0,0.0
11,200,8.563104882309084,8.845954332742407,0.0,1.0,1.0,0.0,0.0,1.0
12,200,3.340988753719349,6.238544616758028,1.0,0.0,1.0,0.0,0.0,1.0
13,200,12.0,4.642675113742319,0.0,1.0,0.0,0.0,0.0,0.0
14,200,11.990120542418376,5.987455542905086,0.0,1.0,1.0,1.0,1.0,1.0
15,200,7.335674168630549,12.0,0.0,1.0,1.0,0.0,0.0,0.0
16,200,6.332525064614507,7.264346488402473,1.0,0.0,1.0,1.0,0.0,1.0
17,200,5.866837462190592,12.0,1.0,0.0,0.0,0.0,0.0,0.0
18,200,12.0,0.9527592948797928,0.0,0.0,1.0,0.0,0.0,1.0
19,200,1.6404904098501882,3.134900749025565,1.0,0.0,0.0,1.0,0.0,0.0
20,200,3.406171973082071,4.866272734679955,1.0,0.0,0.0,0.0,1.0,0.0
21,200,0.6307169701051285,0.0,0.0,0.0,0.0,0.0,0.0,0.0
22,200,5.994744736833165,1.8698582274154556,1.0,0.0,1.0,0.0,0.0,0.0
23,200,11.72437282070906,7.055533338628711,1.0,1.0,0.0,0.0,0.0,0.0
24,200,5.17641199433686,8.02020339447433,1.0,0.0,0.0,1.0,0.0,0.0
25,200,0.959541321933088,8.918901508260511,0.0,1.0,1.0,1.0,0.0,1.0
26,200,1.3199045735214037,8.217995977620674,0.0,1.0,0.0,0.0,0.0,0.0
27,200,7.365096171859366,2.335329072541643,0.0,0.0,0.0,1.0,0.0,0.0
28,200,0.0,6.241943614193993,0.0,1.0,0.0,0.0,0.0,0.0
29,200,4.3750562680366265,5.230452480102494,0.0,0.0,0.0,1.0,1.0,1.0
30,200,0.0933161449626102,11.027185052957986,0.0,0.0,1.0,1.0,0.0,0.0
31,200,0.6482441910150407,6.1160702339653366,1.0,0.0,0.0,1.0,0.0,1.0
32,200,9.136456397295868,9.899526258022236,1.0,0.0,1.0,0.0,0.0,0.0
33,200,10.09608733244883,10.906209449608196,0.0,1.0,1.0,0.0,0.0,0.0
34,200,11.848550754294816,1.7187176997136149,0.0,0.0,0.0,1.0,0.0,1.0
35,200,6.538965106668447,2.4291555602232,1.0,0.0,1.0,0.0,0.0,0.0
36,200,10.781928435600262,3.5091050078690755,0.0,0.0,1.0,0.0,0.0,0.0
37,200,3.957611944093701,3.754643253312437,0.0,1.0,0.0,1.0,0.0,1.0
38,200,6.841094719729226,2.606588461650308,0.0,1.0,1.0,1.0,1.0,0.0
39,200,4.68275504886897,5.340950931462679,0.0,0.0,0.0,1.0,0.0,1.0
0,205,1.1084238714588404,9.916702179544824,1.0,0.0,1.0,1.0,0.0,1.0
1,205,1.85325996542435,2.4397773966100567,1.0,0.0,0.0,1.0,1.0,1.0
2,205,5.244839755417091,10.028838408635556,0.0,1.0,1.0,1.0,1.0,0.0
3,205,11.819325044779788,12.0,1.0,1.0,0.0,0.0,0.0,0.0
4,205,8.694901195386926,1.0276780124513718,0.0,1.0,1.0,0.0,0.0,1.0
5,205,0.0,0.0612607283174244,1.0,0.0,0.0,0.0,1.0,1.0
6,205,12.0,9.69216498427838,1.0,1.0,0.0,0.0,0.0,0.0
7,205,2.8231837772236217,7.278634319255221,0.0,0.0,0.0,0.0,1.0,0.0
8,205,6.6033783736016805,6.350160881316833,0.0,0.0,0.0,0.0,1.0,0.0
9,205,9.047658879945867,12.0,0.0,0.0,0.0,0.0,0.0,0.0
10,205,8.993976352184339,7.618624342914691,0.0,1.0,1.0,0.0,1.0,0.0
11,205,8.580879950763023,8.839567020835046,0.0,1.0,1.0,0.0,0.0,1.0
12,205,3.1522325202008457,6.0640811516247535,1.0,0.0,1.0,0.0,0.0,1.0
13,205,12.0,4.56168199186496,0.0,1.0,0.0,0.0,0.0,0.0
14,205,11.990176918209963,5.987333576546016,0.0,1.0,1.0,1.0,1.0,1.0
15,205,7.339804507046847,12.0,0.0,1.0,1.0,0.0,0.0,0.0
16,205,6.377145140343215,7.2468419265891875,1.0,0.0,1.0,1.0,0.0,1.0
17,205,5.785033897290072,12.0,1.0,0.0,0.0,0.0,0.0,0.0
18,205,12.0,0.9554472020838692,0.0,0.0,1.0,0.0,0.0,1.0
19,205,1.5980069875378469,3.1596234268314745,1.0,0.0,0.0,1.0,0.0,0.0
20,205,3.373175253526864,4.874318393719514,1.0,0.0,0.0,0.0,1.0,0.0
21,205,0.6383782533995637,0.0,0.0,0.0,0.0,0.0,0.0,0.0
22,205,6.007804186307522,1.942222047133424,1.0,0.0,1.0,0.0,0.0,0.0
23,205,11.757126995295044,7.075138797572684,1.0,1.0,0.0,0.0,0.0,0.0
24,205,5.235525995261409,8.093450391561303,1.0,0.0,0.0,1.0,0.0,0.0
25,205,0.952264059981494,8.904413733060847,0.0,1.0,1.0,1.0,0.0,1.0
26,205,1.328498536486309,8.273839381310733,0.0,1.0,0.0,0.0,0.0,0.0
27,205,7.233009523047175,2.162171453807151,0.0,0.0,0.0,1.0,0.0,0.0
28,205,0.0,6.397360124276442,0.0,1.0,0.0,0.0,0.0,0.0
29,205,4.428352392533713,5.299524489255243,0.0,0.0,0.0,1.0,1.0,1.0
30,205,0.0839895077297284,11.04073566288925,0.0,0.0,1.0,1.0,0.0,0.0
31,205,0.5698526535632921,6.1959531393567735,1.0,0.0,0.0,1.0,0.0,1.0
32,205,9.099898297752365,10.018379612548909,1.0,0.0,1.0,0.0,0.0,0.0
33,205,10.116140030303557,10.905128026649386,0.0,1.0,1.0,0.0,0.0,0.0
34,205,11.87102445525641,1.6628199222193143,0.0,0.0,0.0,1.0,0.0,1.0
35,205,6.560081002146776,2.438939063176355,1.0,0.0,1.0,0.0,0.0,0.0
36,205,10.89772164249261,3.401041237759437,0.0,0.0,1.0,0.0,0.0,0.0
37,205,3.826096006240893,3.791911620540326,0.0,1.0,0.0,1.0,0.0,1.0
38,205,6.839786172343941,2.613451906755582,0.0,1.0,1.0,1.0,1.0,0.0
39,205,4.713562235340731,5.283650303517626,0.0,0.0,0.0,1.0,0.0,1.0
0,210,1.177842795257137,9.896293885671955,1.0,0.0,1.0,1.0,0.0,1.0
1,210,1.8491655279717276,2.3932780911270304,1.0,0.0,0.0,1.0,1.0,1.0
2,210,5.328370408705664,10.074255967215072,0.0,1.0,1.0,1.0,1.0,0.0
3,210,11.876104147441689,12.0,1.0,1.0,0.0,0.0,0.0,0.0
4,210,8.707014640355395,0.9925339887614524,0.0,1.0,1.0,0.0,0.0,1.0
5,210,0.0,0.03204978999821,1.0,0.0,0.0,0.0,1.0,1.0
6,210,12.0,9.782652535876396,1.0,1.0,0.0,0.0,0.0,0.0
7,210,2.7166665807853407,7.280651223568192,0.0,0.0,0.0,0.0,1.0,0.0
8,210,6.616335633266826,6.3786429320858575,0.0,0.0,0.0,0.0,1.0,0.0
9,210,9.356101257308223,12.0,0.0,0.0,0.0,0.0,0.0,0.0
10,210,9.05131005132413,7.56290808952491,0.0,1.0,1.0,0.0,1.0,0.0
11,210,8.599905091137146,8.831966789394558,0.0,1.0,1.0,0.0,0.0,1.0
12,210,2.959910884104316,5.883427233561122,1.0,0.0,1.0,0.0,0.0,1.0
13,210,12.0,4.470930062607988,0.0,1.0,0.0,0.0,0.0,0.0
14,210,11.987025167548884,5.9944914637593865,0.0,1.0,1.0,1.0,1.0,1.0
15,210,7.3474665104851615,12.0,0.0,1.0,1.0,0.0,0.0,0.0
16,210,6.4265721403552245,7.226970479889857,1.0,0.0,1.0,1.0,0.0,1.0
17,210,5.699524442731185,12.0,1.0,0.0,0.0,0.0,0.0,0.0
18,210,12.0,0.9584110441451088,0.0,0.0,1.0,0.0,0.0,1.0
19,210,1.5293916750610634,3.200011286612762,1.0,0.0,0.0,1.0,0.0,0.0
20,210,3.3364708447451106,4.883169047239659,1.0,0.0,0.0,0.0,1.0,0.0
21,210,0.6438252778242898,0.0,0.0,0.0,0.0,0.0,0.0,0.0
22,210,6.016005069019753,1.9981508502107568,1.0,0.0,1.0,0.0,0.0,0.0
23,210,11.782749670311505,7.091076862659877,1.0,1.0,0.0,0.0,0.0,0.0
24,210,5.299510634550738,8.172888942789694,1.0,0.0,0.0,1.0,0.0,0.0
25,210,0.9412434371739816,8.882743036736596,0.0,1.0,1.0,1.0,0.0,1.0
26,210,1.3385038044102882,8.329278413535556,0.0,1.0,0.0,0.0,0.0,0.0
27,210,7.119581971591081,2.0186634950975124,0.0,0.0,0.0,1.0,0.0,0.0
28,210,0.0,6.55908374782715,0.0,1.0,0.0,0.0,0.0,0.0
29,210,4.455910300173108,5.3350015488248745,0.0,0.0,0.0,1.0,1.0,1.0
30,210,0.0798784229232585,11.047154696796492,0.0,0.0,1.0,1.0,0.0,0.0
31,210,0.501602758773293,6.267237499747531,1.0,0.0,0.0,1.0,0.0,1.0
32,210,9.066885531258013,10.128170746650945,1.0,0.0,1.0,0.0,0.0,0.0
33,210,10.150392761097685,10.903199998920307,0.0,1.0,1.0,0.0,0.0,0.0
34,210,11.888116803216487,1.619367402604367,0.0,0.0,0.0,1.0,0.0,1.0
35,210,6.585393051045871,2.450383772552036,1.0,0.0,1.0,0.0,0.0,0.0
36,210,11.01007109351045,3.295422826470119,0.0,0.0,1.0,0.0,0.0,0.0
37,210,3.686769327464729,3.834105718738906,0.0,1.0,0.0,1.0,0.0,1.0
38,210,6.840034832194532,2.612148506425638,0.0,1.0,1.0,1.0,1.0,0.0
39,210,4.740567305878277,5.228765191524961,0.0,0.0,0.0,1.0,0.0,1.0
0,215,1.2533310261044102,9.87459522535735,1.0,0.0,1.0,1.0,0.0,1.0
1,215,1.8461641774332225,2.3528514749206604,1.0,0.0,0.0,1.0,1.0,1.0
2,215,5.392961200844624,10.107913389354785,0.0,1.0,1.0,1.0,1.0,0.0
3,215,11.93151791906602,12.0,1.0,1.0,0.0,0.0,0.0,0.0
4,215,8.715400252292934,0.967435807836452,0.0,1.0,1.0,0.0,0.0,1.0
5,215,0.0,0.0,1.0,0.0,0.0,0.0,1.0,1.0
6,215,12.0,9.879657068772124,1.0,1.0,0.0,0.0,0.0,0.0
7,215,2.6356821360753684,7.282601881716562,0.0,0.0,0.0,0.0,1.0,0.0
8,215,6.630904596757025,6.411732585963955,0.0,0.0,0.0,0.0,1.0,0.0
9,215,9.667601546017185,12.0,0.0,0.0,0.0,0.0,0.0,0.0
10,215,9.111197463899892,7.505388930056493,0.0,1.0,1.0,0.0,1.0,0.0
11,215,8.633254057804947,8.81951577326148,0.0,1.0,1.0,0.0,0.0,1.0
12,215,2.74304596416615,5.684022592461143,1.0,0.0,1.0,0.0,0.0,1.0
13,215,12.0,4.388206839528134,0.0,1.0,0.0,0.0,0.0,0.0
14,215,11.981080812092186,6.008272294855345,0.0,1.0,1.0,1.0,1.0,1.0
15,215,7.354601100353665,12.0,0.0,1.0,1.0,0.0,0.0,0.0
16,215,6.47609509154887,7.206771291624291,1.0,0.0,1.0,1.0,0.0,1.0
17,215,5.611574145879918,12.0,1.0,0.0,0.0,0.0,0.0,0.0
18,215,12.0,0.9599046898456236,0.0,0.0,1.0,0.0,0.0,1.0
19,215,1.4584346288931005,3.242118853480734,1.0,0.0,0.0,1.0,0.0,0.0
20,215,3.3114249129214293,4.888860787572928,1.0,0.0,0.0,0.0,1.0,0.0
21,215,0.6491009540459259,0.0,0.0,0.0,0.0,0.0,0.0,0.0
22,215,6.0205518794828805,2.0446452186526813,1.0,0.0,1.0,0.0,0.0,0.0
23,215,11.809890593705378,7.108333083056404,1.0,1.0,0.0,0.0,0.0,0.0
24,215,5.354228548486922,8.240914506669315,1.0,0.0,0.0,1.0,0.0,0.0
25,215,0.9297628230041456,8.85983352524607,0.0,1.0,1.0,1.0,0.0,1.0
26,215,1.3494100833536762,8.388488568036784,0.0,1.0,0.0,0.0,0.0,0.0
27,215,6.998913851059684,1.8676404570319127,0.0,0.0,0.0,1.0,0.0,0.0
28,215,0.0,6.73907046986493,0.0,1.0,0.0,0.0,0.0,0.0
29,215,4.487547829576265,5.37385521923101,0.0,0.0,0.0,1.0,1.0,1.0
30,215,0.0690424526703972,11.063086990552312,0.0,0.0,1.0,1.0,0.0,0.0
31,215,0.4253229895572372,6.34890628196113,1.0,0.0,0.0,1.0,0.0,1.0
32,215,9.037560393694376,10.225507578574131,1.0,0.0,1.0,0.0,0.0,0.0
33,215,10.204041408801409,10.898564082619805,0.0,1.0,1.0,0.0,0.0,0.0
34,215,11.908557602366091,1.5711793975663677,0.0,0.0,0.0,1.0,0.0,1.0
35,215,6.613348094332982,2.4630635447873868,1.0,0.0,1.0,0.0,0.0,0.0
36,215,11.122179009020408,3.1933673890385648,0.0,0.0,1.0,0.0,0.0,0.0
37,215,3.5626065780559064,3.873872124103552,0.0,1.0,0.0,1.0,0.0,1.0
38,215,6.841489641686939,2.60535747919602,0.0,1.0,1.0,1.0,1.0,0.0
39,215,4.761775214316475,5.183335720083721,0.0,0.0,0.0,1.0,0.0,1.0
0,220,1.3413532107744035,9.848733931128484,1.0,0.0,1.0,1.0,0.0,1.0
1,220,1.839720674486843,2.292140851259184,1.0,0.0,0.0,1.0,1.0,1.0
2,220,5.447504402214427,10.13634292860097,0.0,1.0,1.0,1.0,1.0,0.0
3,220,11.980222542895314,12.0,1.0,1.0,0.0,0.0,0.0,0.0
4,220,8.726208445926515,0.9370194962117512,0.0,1.0,1.0,0.0,0.0,1.0
5,220,0.0,0.0,1.0,0.0,0.0,0.0,1.0,1.0
6,220,12.0,9.960544656241389,1.0,1.0,0.0,0.0,0.0,0.0
7,220,2.543944069921749,7.286955973530847,0.0,0.0,0.0,0.0,1.0,0.0
8,220,6.652248826984205,6.463207230142544,0.0,0.0,0.0,0.0,1.0,0.0
9,220,9.994677606936492,12.0,0.0,0.0,0.0,0.0,0.0,0.0
10,220,9.175531160563953,7.443199585983939,0.0,1.0,1.0,0.0,1.0,0.0
11,220,8.668888552988351,8.806412253943934,0.0,1.0,1.0,0.0,0.0,1.0
12,220,2.534007965654788,5.494494745182387,1.0,0.0,1.0,0.0,0.0,1.0
13,220,12.0,4.297173490886441,0.0,1.0,0.0,0.0,0.0,0.0
14,220,11.96565673019855,6.041935473973141,0.0,1.0,1.0,1.0,1.0,1.0
15,220,7.386101202641297,12.0,0.0,1.0,1.0,0.0,0.0,0.0
16,220,6.527003844089234,7.186426191556637,1.0,0.0,1.0,1.0,0.0,1.0
17,220,5.532809234481321,12.0,1.0,0.0,0.0,0.0,0.0,0.0
18,220,12.0,0.9623274555728502,0.0,0.0,1.0,0.0,0.0,1.0
19,220,1.4069281227713877,3.2727587466476007,1.0,0.0,0.0,1.0,0.0,0.0
20,220,3.258430952764216,4.902774326077991,1.0,0.0,0.0,0.0,1.0,0.0
21,220,0.6548882719676228,0.0,0.0,0.0,0.0,0.0,0.0,0.0
22,220,6.028638859816872,2.112933610665315,1.0,0.0,1.0,0.0,0.0,0.0
23,220,11.820457946079465,7.115111316022776,1.0,1.0,0.0,0.0,0.0,0.0
24,220,5.406717790755215,8.307846412457028,1.0,0.0,0.0,1.0,0.0,0.0
25,220,0.9133184895587164,8.823898328087367,0.0,1.0,1.0,1.0,0.0,1.0
26,220,1.3616277652656514,8.455068836953174,0.0,1.0,0.0,0.0,0.0,0.0
27,220,6.875113593993411,1.710738603441027,0.0,0.0,0.0,1.0,0.0,0.0
28,220,0.0,6.935044345587102,0.0,1.0,0.0,0.0,0.0,0.0
29,220,4.529305262081624,5.422424342791752,0.0,0.0,0.0,1.0,1.0,1.0
30,220,0.0579980115383092,11.08071545543524,0.0,0.0,1.0,1.0,0.0,0.0
31,220,0.3391222100250338,6.442159474789621,1.0,0.0,0.0,1.0,0.0,1.0
32,220,9.00694010418922,10.338902182919195,1.0,0.0,1.0,0.0,0.0,0.0
33,220,10.234479683113088,10.895897761188422,0.0,1.0,1.0,0.0,0.0,0.0
34,220,11.939860134190672,1.498417636591309,0.0,0.0,0.0,1.0,0.0,1.0
35,220,6.65892441368729,2.4834723251139814,1.0,0.0,1.0,0.0,0.0,0.0
36,220,11.22538046945737,3.0974958511618227,0.0,0.0,1.0,0.0,0.0,0.0
37,220,3.450170083440931,3.909133863048649,0.0,1.0,0.0,1.0,0.0,1.0
38,220,6.839584508212197,2.61487691117747,0.0,1.0,1.0,1.0,1.0,0.0
39,220,4.8209798376057,5.212004744147041,0.0,0.0,0.0,1.0,0.0,1.0
0,225,1.4029848088120538,9.83052946012303,1.0,0.0,1.0,1.0,0.0,1.0
1,225,1.833086561004992,2.236887180574448,1.0,0.0,0.0,1.0,1.0,1.0
2,225,5.496745905527751,10.161861421838196,0.0,1.0,1.0,1.0,1.0,0.0
3,225,12.0,12.0,1.0,1.0,0.0,0.0,0.0,0.0
4,225,8.730029280437641,0.9259495183602092,0.0,1.0,1.0,0.0,0.0,1.0
5,225,0.0,0.0,1.0,0.0,0.0,0.0,1.0,1.0
6,225,12.0,10.051965120904493,1.0,1.0,0.0,0.0,0.0,0.0
7,225,2.4529022860798704,7.292043076489362,0.0,0.0,0.0,0.0,1.0,0.0
8,225,6.68064008947429,6.533397460874115,0.0,0.0,0.0,0.0,1.0,0.0
9,225,10.308492544162968,12.0,0.0,0.0,0.0,0.0,0.0,0.0
10,225,9.227546714153783,7.392066932446597,0.0,1.0,1.0,0.0,1.0,0.0
11,225,8.675194778419687,8.824526400328459,0.0,1.0,1.0,0.0,0.0,1.0
12,225,2.3214671892286005,5.301387668189319,1.0,0.0,1.0,0.0,0.0,1.0
13,225,12.0,4.215234169414685,0.0,1.0,0.0,0.0,0.0,0.0
14,225,11.920577543485178,6.020348094051122,0.0,1.0,1.0,1.0,1.0,1.0
15,225,7.421456939576384,12.0,0.0,1.0,1.0,0.0,0.0,0.0
16,225,6.588175402398092,7.163183318348084,1.0,0.0,1.0,1.0,0.0,1.0
17,225,5.4578667193149135,12.0,1.0,0.0,0.0,0.0,0.0,0.0
18,225,12.0,0.9643331653373438,0.0,0.0,1.0,0.0,0.0,1.0
19,225,1.3622522768405998,3.299179454354205,1.0,0.0,0.0,1.0,0.0,0.0
20,225,3.1838053993475244,4.923116019817149,1.0,0.0,0.0,0.0,1.0,0.0
21,225,0.6602328997075361,0.0,0.0,0.0,0.0,0.0,0.0,0.0
22,225,6.035262637526846,2.173596057007648,1.0,0.0,1.0,0.0,0.0,0.0
23,225,11.835247688672863,7.125389772886539,1.0,1.0,0.0,0.0,0.0,0.0
24,225,5.458757623087545,8.372289401073115,1.0,0.0,0.0,1.0,0.0,0.0
25,225,0.8927048813166817,8.778329222330953,0.0,1.0,1.0,1.0,0.0,1.0
26,225,1.374093597415492,8.531689713879125,0.0,1.0,0.0,0.0,0.0,0.0
27,225,6.775424821779722,1.5827044624714568,0.0,0.0,0.0,1.0,0.0,0.0
28,225,0.0,7.122018513419156,0.0,1.0,0.0,0.0,0.0,0.0
29,225,4.572412497774704,5.46951040441078,0.0,0.0,0.0,1.0,1.0,1.0
30,225,0.0471277113944301,11.09727989939732,0.0,0.0,1.0,1.0,0.0,0.0
31,225,0.2558385860615175,6.530074110172295,1.0,0.0,0.0,1.0,0.0,1.0
32,225,8.966915073342003,10.475908691636768,1.0,0.0,1.0,0.0,0.0,0.0
33,225,10.268818523728156,10.892658086105806,0.0,1.0,1.0,0.0,0.0,0.0
34,225,11.969725343608316,1.4267964189068871,0.0,0.0,0.0,1.0,0.0,1.0
35,225,6.70700112616312,2.5052289505711083,1.0,0.0,1.0,0.0,0.0,0.0
36,225,11.326694137958397,3.001959885921249,0.0,0.0,1.0,0.0,0.0,0.0
37,225,3.3486274238694245,3.942578693240713,0.0,1.0,0.0,1.0,0.0,1.0
38,225,6.833048347972125,2.6477024646940825,0.0,1.0,1.0,1.0,1.0,0.0
39,225,4.877853719846246,5.242691914410545,0.0,0.0,0.0,1.0,0.0,1.0
0,230,1.4845156324210047,9.808536779779349,1.0,0.0,1.0,1.0,0.0,1.0
1,230,1.8258889338042397,2.178071509782141,1.0,0.0,0.0,1.0,1.0,1.0
2,230,5.554877319242591,10.190331462067403,0.0,1.0,1.0,1.0,1.0,0.0
3,230,12.0,12.0,1.0,1.0,0.0,0.0,0.0,0.0
4,230,8.734705014331771,0.9130337043199368,0.0,1.0,1.0,0.0,0.0,1.0
5,230,0.0,0.0,1.0,0.0,0.0,0.0,1.0,1.0
6,230,12.0,10.151768693056656,1.0,1.0,0.0,0.0,0.0,0.0
7,230,2.3488216016808434,7.295607841982395,0.0,0.0,0.0,0.0,1.0,0.0
8,230,6.712108354111684,6.620008472173648,0.0,0.0,0.0,0.0,1.0,0.0
9,230,10.62058167618513,12.0,0.0,0.0,0.0,0.0,0.0,0.0
10,230,9.278020899805837,7.343823176882563,0.0,1.0,1.0,0.0,1.0,0.0
11,230,8.687325146757072,8.861038046949169,0.0,1.0,1.0,0.0,0.0,1.0
12,230,2.11429611903758,5.11294612053432,1.0,0.0,1.0,0.0,0.0,1.0
13,230,12.0,4.136990692111077,0.0,1.0,0.0,0.0,0.0,0.0
14,230,11.885698675275451,6.003064734693575,0.0,1.0,1.0,1.0,1.0,1.0
15,230,7.461468057748403,12.0,0.0,1.0,1.0,0.0,0.0,0.0
16,230,6.630694087079934,7.146789480178191,1.0,0.0,1.0,1.0,0.0,1.0
17,230,5.397513253565768,12.0,1.0,0.0,0.0,0.0,0.0,0.0
18,230,12.0,0.9676162622020792,0.0,0.0,1.0,0.0,0.0,1.0
19,230,1.3141281630910435,3.326826275255882,1.0,0.0,0.0,1.0,0.0,0.0
20,230,3.121117645219091,4.941404602137947,1.0,0.0,0.0,0.0,1.0,0.0
21,230,0.6652619620457279,0.0,0.0,0.0,0.0,0.0,0.0,0.0
22,230,6.038484217553388,2.198297024393048,1.0,0.0,1.0,0.0,0.0,0.0
23,230,11.83557870393171,7.125600886438193,1.0,1.0,0.0,0.0,0.0,0.0
24,230,5.512327023448966,8.441200512035845,1.0,0.0,0.0,1.0,0.0,0.0
25,230,0.8706873592546338,8.730811124394238,0.0,1.0,1.0,1.0,0.0,1.0
26,230,1.3888133633864783,8.613640102325187,0.0,1.0,0.0,0.0,0.0,0.0
27,230,6.668865973621484,1.4495815269223604,0.0,0.0,0.0,1.0,0.0,0.0
28,230,0.0,7.28604845098719,0.0,1.0,0.0,0.0,0.0,0.0
29,230,4.62313504719361,5.52580986645973,0.0,0.0,0.0,1.0,1.0,1.0
30,230,0.0242779202215629,11.130829285617937,0.0,0.0,1.0,1.0,0.0,0.0
31,230,0.165006273618169,6.626795446798541,1.0,0.0,0.0,1.0,0.0,1.0
32,230,8.923318144608354,10.617290980510084,1.0,0.0,1.0,0.0,0.0,0.0
33,230,10.2946099147513,10.890788125906155,0.0,1.0,1.0,0.0,0.0,0.0
34,230,11.994368754344476,1.3644359454213155,0.0,0.0,0.0,1.0,0.0,1.0
35,230,6.742287555743912,2.5215027127013485,1.0,0.0,1.0,0.0,0.0,0.0
36,230,11.432483217032283,2.901473343588487,0.0,0.0,1.0,0.0,0.0,0.0
37,230,3.2403157490019847,3.9783585446227305,0.0,1.0,0.0,1.0,0.0,1.0
38,230,6.829999745264096,2.662831129659777,0.0,1.0,1.0,1.0,1.0,0.0
39,230,4.950387618422643,5.281110013980866,0.0,0.0,0.0,1.0,0.0,1.0
0,235,1.5758188823888828,9.781640601074832,1.0,0.0,1.0,1.0,0.0,1.0
1,235,1.8175302524765116,2.1147647439568806,1.0,0.0,0.0,1.0,1.0,1.0
2,235,5.622897052987023,10.223524976493268,0.0,1.0,1.0,1.0,1.0,0.0
3,235,12.0,12.0,1.0,1.0,0.0,0.0,0.0,0.0
4,235,8.739361470700828,0.8998544430856346,0.0,1.0,1.0,0.0,0.0,1.0
5,235,0.0,0.0,1.0,0.0,0.0,0.0,1.0,1.0
6,235,12.0,10.241355472802942,1.0,1.0,0.0,0.0,0.0,0.0
7,235,2.231661365422016,7.300747349305351,0.0,0.0,0.0,0.0,1.0,0.0
8,235,6.748586902634061,6.723899898565085,0.0,0.0,0.0,0.0,1.0,0.0
9,235,10.939525152683304,12.0,0.0,0.0,0.0,0.0,0.0,0.0
10,235,9.317346052545735,7.306783343432222,0.0,1.0,1.0,0.0,1.0,0.0
11,235,8.692343938299441,8.877454856025615,0.0,1.0,1.0,0.0,0.0,1.0
12,235,1.9113506185872928,4.912006082676447,1.0,0.0,1.0,0.0,0.0,1.0
13,235,12.0,4.049968201082111,0.0,1.0,0.0,0.0,0.0,0.0
14,235,11.821136151368687,5.97175248256859,0.0,1.0,1.0,1.0,1.0,1.0
15,235,7.509497714296337,12.0,0.0,1.0,1.0,0.0,0.0,0.0
16,235,6.656713471288357,7.136883750121284,1.0,0.0,1.0,1.0,0.0,1.0
17,235,5.333153339942692,12.0,1.0,0.0,0.0,0.0,0.0,0.0
18,235,12.0,0.9689660016835956,0.0,0.0,1.0,0.0,0.0,1.0
19,235,1.276370071952631,3.3491977091137546,1.0,0.0,0.0,1.0,0.0,0.0
20,235,3.0399524712175188,4.963910195779158,1.0,0.0,0.0,0.0,1.0,0.0
21,235,0.6703707224417391,0.0,0.0,0.0,0.0,0.0,0.0,0.0
22,235,6.041905484053015,2.222449787659618,1.0,0.0,1.0,0.0,0.0,0.0
23,235,11.831787442149237,7.122969360665155,1.0,1.0,0.0,0.0,0.0,0.0
24,235,5.569495651765729,8.51227332267167,1.0,0.0,0.0,1.0,0.0,0.0
25,235,0.8439409649044216,8.671481436005271,0.0,1.0,1.0,1.0,0.0,1.0
26,235,1.400316917590712,8.682834846255956,0.0,1.0,0.0,0.0,0.0,0.0
27,235,6.571148321259183,1.3298294937147468,0.0,0.0,0.0,1.0,0.0,0.0
28,235,0.0,7.448260333344322,0.0,1.0,0.0,0.0,0.0,0.0
29,235,4.69714555017693,5.603940604943731,0.0,0.0,0.0,1.0,1.0,1.0
30,235,0.0042701232541707,11.162179332461934,0.0,0.0,1.0,1.0,0.0,0.0
31,235,0.0646640541703672,6.741433699365471,1.0,0.0,0.0,1.0,0.0,1.0
32,235,8.877781272677376,10.774999851439263,1.0,0.0,1.0,0.0,0.0,0.0
33,235,10.335800415586188,10.888441549040513,0.0,1.0,1.0,0.0,0.0,0.0
34,235,12.0,1.3189654608980463,0.0,0.0,0.0,1.0,0.0,1.0
35,235,6.768551063513732,2.532915574767791,1.0,0.0,1.0,0.0,0.0,0.0
36,235,11.535351864045117,2.804823782621657,0.0,0.0,1.0,0.0,0.0,0.0
37,235,3.1327216841878,4.010339051167197,0.0,1.0,0.0,1.0,0.0,1.0
38,235,6.8280273044623865,2.672090827897402,0.0,1.0,1.0,1.0,1.0,0.0
39,235,5.027586088634049,5.322826969334436,0.0,0.0,0.0,1.0,0.0,1.0
0,240,1.6703357801786174,9.75143803235405,1.0,0.0,1.0,1.0,0.0,1.0
1,240,1.8088283707895876,2.06129562070588,1.0,0.0,0.0,1.0,1.0,1.0
2,240,5.68167892894873,10.252869328704362,0.0,1.0,1.0,1.0,1.0,0.0
3,240,12.0,12.0,1.0,1.0,0.0,0.0,0.0,0.0
4,240,8.743479636097236,0.8888371261094765,0.0,1.0,1.0,0.0,0.0,1.0
5,240,0.0,0.0,1.0,0.0,0.0,0.0,1.0,1.0
6,240,12.0,10.329904272912604,1.0,1.0,0.0,0.0,0.0,0.0
7,240,2.115291025234511,7.306962572700939,0.0,0.0,0.0,0.0,1.0,0.0
8,240,6.783966332282429,6.824441921023974,0.0,0.0,0.0,0.0,1.0,0.0
9,240,11.232979330271275,12.0,0.0,0.0,0.0,0.0,0.0,0.0
10,240,9.344058898194552,7.282800757028147,0.0,1.0,1.0,0.0,1.0,0.0
11,240,8.697658778725943,8.895766889204602,0.0,1.0,1.0,0.0,0.0,1.0
12,240,1.6969004091047883,4.704740914341845,1.0,0.0,1.0,0.0,0.0,1.0
13,240,12.0,3.9653064668714952,0.0,1.0,0.0,0.0,0.0,0.0
14,240,11.750735433673013,5.939609097548114,0.0,1.0,1.0,1.0,1.0,1.0
15,240,7.550404835606703,12.0,0.0,1.0,1.0,0.0,0.0,0.0
16,240,6.664186454181163,7.1338613383769705,1.0,0.0,1.0,1.0,0.0,1.0
17,240,5.269394207149839,12.0,1.0,0.0,0.0,0.0,0.0,0.0
18,240,12.0,0.9701476447320184,0.0,0.0,1.0,0.0,0.0,1.0
19,240,1.2468993380420252,3.3672203252319126,1.0,0.0,0.0,1.0,0.0,0.0
20,240,2.9388067330916416,4.993510992506066,1.0,0.0,0.0,0.0,1.0,0.0
21,240,0.6785555963900459,0.0,0.0,0.0,0.0,0.0,0.0,0.0
22,240,6.045241967816761,2.2478291781530007,1.0,0.0,1.0,0.0,0.0,0.0
23,240,11.842922034427708,7.1311857421249965,1.0,1.0,0.0,0.0,0.0,0.0
24,240,5.644317344229382,8.604688203733648,1.0,0.0,0.0,1.0,0.0,0.0
25,240,0.8077467952047299,8.58989867982406,0.0,1.0,1.0,1.0,0.0,1.0
26,240,1.4118194476746146,8.743780101148314,0.0,1.0,0.0,0.0,0.0,0.0
27,240,6.481647274321408,1.2213968439626222,0.0,0.0,0.0,1.0,0.0,0.0
28,240,0.0,7.622305970925825,0.0,1.0,0.0,0.0,0.0,0.0
29,240,4.782957478711178,5.700379564405503,0.0,0.0,0.0,1.0,1.0,1.0
30,240,0.0,11.199797946051872,0.0,0.0,1.0,1.0,0.0,0.0
31,240,0.0,6.8670244295445775,1.0,0.0,0.0,1.0,0.0,1.0
32,240,8.840206082307446,10.91928130000155,1.0,0.0,1.0,0.0,0.0,0.0
33,240,10.396248738677032,10.885047918566263,0.0,1.0,1.0,0.0,0.0,0.0
34,240,12.0,1.271050891389875,0.0,0.0,0.0,1.0,0.0,1.0
35,240,6.792819599434856,2.5433189103800333,1.0,0.0,1.0,0.0,0.0,0.0
36,240,11.649205073039337,2.6994399361425225,0.0,0.0,1.0,0.0,0.0,0.0
37,240,3.0205108907477274,4.044354171008899,0.0,1.0,0.0,1.0,0.0,1.0
38,240,6.8272505426912655,2.675711939057288,0.0,1.0,1.0,1.0,1.0,0.0
39,240,5.109137639035621,5.364979820861791,0.0,0.0,0.0,1.0,0.0,1.0
0,245,1.7632191657947116,9.719749321523478,1.0,0.0,1.0,1.0,0.0,1.0
1,245,1.798642618295758,2.001664906676189,1.0,0.0,0.0,1.0,1.0,1.0
2,245,5.734690638658517,10.279911208022256,0.0,1.0,1.0,1.0,1.0,0.0
3,245,12.0,12.0,1.0,1.0,0.0,0.0,0.0,0.0
4,245,8.746867327727808,0.8799984750397164,0.0,1.0,1.0,0.0,0.0,1.0
5,245,0.0,0.0,1.0,0.0,0.0,0.0,1.0,1.0
6,245,12.0,10.417839597941434,1.0,1.0,0.0,0.0,0.0,0.0
7,245,1.9967021324687884,7.309256967143192,0.0,0.0,0.0,0.0,1.0,0.0
8,245,6.818203022120755,6.923699493067076,0.0,0.0,0.0,0.0,1.0,0.0
9,245,11.514677391377576,12.0,0.0,0.0,0.0,0.0,0.0,0.0
10,245,9.37702698182061,7.25154994975381,0.0,1.0,1.0,0.0,1.0,0.0
11,245,8.704278967901926,8.917556433771649,0.0,1.0,1.0,0.0,0.0,1.0
12,245,1.4631215537591844,4.495083698682656,1.0,0.0,1.0,0.0,0.0,1.0
13,245,12.0,3.896132337828807,0.0,1.0,0.0,0.0,0.0,0.0
14,245,11.689172765665456,5.912624239284584,0.0,1.0,1.0,1.0,1.0,1.0
15,245,7.596701276883273,12.0,0.0,1.0,1.0,0.0,0.0,0.0
16,245,6.646694155154473,7.140727452244065,1.0,0.0,1.0,1.0,0.0,1.0
17,245,5.211578992104069,12.0,1.0,0.0,0.0,0.0,0.0,0.0
18,245,12.0,0.9717193335119912,0.0,0.0,1.0,0.0,0.0,1.0
19,245,1.220360151621364,3.382728654922861,1.0,0.0,0.0,1.0,0.0,0.0
20,245,2.827223594187139,5.023483272864461,1.0,0.0,0.0,0.0,1.0,0.0
21,245,0.6851879755045253,0.0,0.0,0.0,0.0,0.0,0.0,0.0
22,245,6.050070039426202,2.2945512764568847,1.0,0.0,1.0,0.0,0.0,0.0
23,245,11.849742520759412,7.136656531453108,1.0,1.0,0.0,0.0,0.0,0.0
24,245,5.718071997408662,8.69933225737299,1.0,0.0,0.0,1.0,0.0,0.0
25,245,0.7687475632084637,8.497856427465726,0.0,1.0,1.0,1.0,0.0,1.0
26,245,1.4258249633826598,8.816941700740498,0.0,1.0,0.0,0.0,0.0,0.0
27,245,6.388077475570216,1.1039283246861782,0.0,0.0,0.0,1.0,0.0,0.0
28,245,0.0,7.790926822077245,0.0,1.0,0.0,0.0,0.0,0.0
29,245,4.8743687861186,5.802784685093496,0.0,0.0,0.0,1.0,1.0,1.0
30,245,0.0,11.237423655061637,0.0,0.0,1.0,1.0,0.0,0.0
31,245,0.0,6.986066379176205,1.0,0.0,0.0,1.0,0.0,1.0
32,245,8.808668138307816,11.06430335710223,1.0,0.0,1.0,0.0,0.0,0.0
33,245,10.446813008209851,10.881981780908347,0.0,1.0,1.0,0.0,0.0,0.0
34,245,12.0,1.2230555117449695,0.0,0.0,0.0,1.0,0.0,1.0
35,245,6.828267894243084,2.559025683824826,1.0,0.0,1.0,0.0,0.0,0.0
36,245,11.751549725274582,2.604334748922628,0.0,0.0,1.0,0.0,0.0,0.0
37,245,2.8997044076955936,4.081113063420968,0.0,1.0,0.0,1.0,0.0,1.0
38,245,6.822615118006968,2.6987053062666724,0.0,1.0,1.0,1.0,1.0,0.0
39,245,5.190131581065074,5.405939733068277,0.0,0.0,0.0,1.0,0.0,1.0
0,250,1.8600342054262615,9.684899424561278,1.0,0.0,1.0,1.0,0.0,1.0
1,250,1.7913784139613036,1.9584173037126549,1.0,0.0,0.0,1.0,1.0,1.0
2,250,5.7987538192109565,10.31208507062794,0.0,1.0,1.0,1.0,1.0,0.0
3,250,12.0,12.0,1.0,1.0,0.0,0.0,0.0,0.0
4,250,8.751375948039966,0.8680566842050107,0.0,1.0,1.0,0.0,0.0,1.0
5,250,0.0,0.0,1.0,0.0,0.0,0.0,1.0,1.0
6,250,12.0,10.49403273257479,1.0,1.0,0.0,0.0,0.0,0.0
7,250,1.871211396595152,7.310529877009396,0.0,0.0,0.0,0.0,1.0,0.0
8,250,6.856386435220778,7.030099139647261,0.0,0.0,0.0,0.0,1.0,0.0
9,250,11.792465337008352,12.0,0.0,0.0,0.0,0.0,0.0,0.0
10,250,9.392340107122092,7.236881957750189,0.0,1.0,1.0,0.0,1.0,0.0
11,250,8.709965413203468,8.934292193915294,0.0,1.0,1.0,0.0,0.0,1.0
12,250,1.242073947203555,4.3029638702977895,1.0,0.0,1.0,0.0,0.0,1.0
13,250,12.0,3.827857698202403,0.0,1.0,0.0,0.0,0.0,0.0
14,250,11.622769167061191,5.882867691569129,0.0,1.0,1.0,1.0,1.0,1.0
15,250,7.64306285182356,12.0,0.0,1.0,1.0,0.0,0.0,0.0
16,250,6.62928815898486,7.1479344423136455,1.0,0.0,1.0,1.0,0.0,1.0
17,250,5.15023448743954,12.0,1.0,0.0,0.0,0.0,0.0,0.0
18,250,12.0,0.971094064523372,0.0,0.0,1.0,0.0,0.0,1.0
19,250,1.2119363651241508,3.3874843114845814,1.0,0.0,0.0,1.0,0.0,0.0
20,250,2.694114174891775,5.057494843090885,1.0,0.0,0.0,0.0,1.0,0.0
21,250,0.6918303944311252,0.0,0.0,0.0,0.0,0.0,0.0,0.0
22,250,6.055988947720158,2.3449217119818915,1.0,0.0,1.0,0.0,0.0,0.0
23,250,11.851145142434428,7.137773723268739,1.0,1.0,0.0,0.0,0.0,0.0
24,250,5.788955312509226,8.79117423201985,1.0,0.0,0.0,1.0,0.0,0.0
25,250,0.7244852535984195,8.394394953512835,0.0,1.0,1.0,1.0,0.0,1.0
26,250,1.4386014283568895,8.88320972850449,0.0,1.0,0.0,0.0,0.0,0.0
27,250,6.289486388066936,0.9772872056768244,0.0,0.0,0.0,1.0,0.0,0.0
28,250,0.0,7.977785946555928,0.0,1.0,0.0,0.0,0.0,0.0
29,250,4.973766429954731,5.915826482567012,0.0,0.0,0.0,1.0,1.0,1.0
30,250,0.0,11.277083821952408,0.0,0.0,1.0,1.0,0.0,0.0
31,250,0.0,7.099751265263432,1.0,0.0,0.0,1.0,0.0,1.0
32,250,8.774289324512146,11.21559947978804,1.0,0.0,1.0,0.0,0.0,0.0
33,250,10.481543593425483,10.879308627914854,0.0,1.0,1.0,0.0,0.0,0.0
34,250,12.0,1.172778359250188,0.0,0.0,0.0,1.0,0.0,1.0
35,250,6.868684672024455,2.575963395400932,1.0,0.0,1.0,0.0,0.0,0.0
36,250,11.856924563526809,2.503549725659584,0.0,0.0,1.0,0.0,0.0,0.0
37,250,2.8062321397404197,4.108506834166959,0.0,1.0,0.0,1.0,0.0,1.0
38,250,6.816164813742695,2.736218888359556,0.0,1.0,1.0,1.0,1.0,0.0
39,250,5.256783394013749,5.440146379043445,0.0,0.0,0.0,1.0,0.0,1.0
0,255,1.9594877037332303,9.650640592974671,1.0,0.0,1.0,1.0,0.0,1.0
1,255,1.7831471465361883,1.907483663154532,1.0,0.0,0.0,1.0,1.0,1.0
2,255,5.877834874334526,10.350459219346437,0.0,1.0,1.0,1.0,1.0,0.0
3,255,12.0,12.0,1.0,1.0,0.0,0.0,0.0,0.0
4,255,8.75344789406585,0.8622976126486933,0.0,1.0,1.0,0.0,0.0,1.0
5,255,0.0,0.0,1.0,0.0,0.0,0.0,1.0,1.0
6,255,12.0,10.581749824897091,1.0,1.0,0.0,0.0,0.0,0.0
7,255,1.7381357708501908,7.309180990344063,0.0,0.0,0.0,0.0,1.0,0.0
8,255,6.890745151436404,7.124706722897557,0.0,0.0,0.0,0.0,1.0,0.0
9,255,12.0,12.0,0.0,0.0,0.0,0.0,0.0,0.0
10,255,9.407684864899428,7.223480622331448,0.0,1.0,1.0,0.0,1.0,0.0
11,255,8.710716367636111,8.936577032860466,0.0,1.0,1.0,0.0,0.0,1.0
12,255,1.0041973567273426,4.0915749205169165,1.0,0.0,1.0,0.0,0.0,1.0
13,255,12.0,3.7619181376502615,0.0,1.0,0.0,0.0,0.0,0.0
14,255,11.5516174756784,5.849820311740436,0.0,1.0,1.0,1.0,1.0,1.0
15,255,7.706035591596506,12.0,0.0,1.0,1.0,0.0,0.0,0.0
16,255,6.626364660153703,7.149200209760381,1.0,0.0,1.0,1.0,0.0,1.0
17,255,5.081224052143557,12.0,1.0,0.0,0.0,0.0,0.0,0.0
18,255,12.0,0.9706436268714368,0.0,0.0,1.0,0.0,0.0,1.0
19,255,1.2145738879233012,3.385871773820368,1.0,0.0,0.0,1.0,0.0,0.0
20,255,2.726960766231131,5.191709445519915,1.0,0.0,0.0,0.0,1.0,0.0
21,255,0.700139621153673,0.0,0.0,0.0,0.0,0.0,0.0,0.0
22,255,6.062749972623383,2.4027565995272395,1.0,0.0,1.0,0.0,0.0,0.0
23,255,11.858956254120924,7.144007131643381,1.0,1.0,0.0,0.0,0.0,0.0
24,255,5.845043774476169,8.861912847182316,1.0,0.0,0.0,1.0,0.0,0.0
25,255,0.6845415150720382,8.301049481771106,0.0,1.0,1.0,1.0,0.0,1.0
26,255,1.4462457663371264,8.92881930249737,0.0,1.0,0.0,0.0,0.0,0.0
27,255,6.179934967433291,0.8338300656374114,0.0,0.0,0.0,1.0,0.0,0.0
28,255,0.0,8.166771504864618,0.0,1.0,0.0,0.0,0.0,0.0
29,255,5.075574853146466,6.035276059445309,0.0,0.0,0.0,1.0,1.0,1.0
30,255,0.0,11.328214502793042,0.0,0.0,1.0,1.0,0.0,0.0
31,255,0.0,7.195819012232562,1.0,0.0,0.0,1.0,0.0,1.0
32,255,8.738724199098401,11.375833803733515,1.0,0.0,1.0,0.0,0.0,0.0
33,255,10.492881962210872,10.878337482722836,0.0,1.0,1.0,0.0,0.0,0.0
34,255,12.0,1.123387229062652,0.0,0.0,0.0,1.0,0.0,1.0
35,255,6.891847253539925,2.5849994728301424,1.0,0.0,1.0,0.0,0.0,0.0
36,255,11.978341157244342,2.391419448936514,0.0,0.0,1.0,0.0,0.0,0.0
37,255,2.712871004672576,4.134045492789684,0.0,1.0,0.0,1.0,0.0,1.0
38,255,6.808010739871653,2.786224502825676,0.0,1.0,1.0,1.0,1.0,0.0
39,255,5.317028388224578,5.471850533581114,0.0,0.0,0.0,1.0,0.0,1.0
0,260,2.0396012362831684,9.622594607111138,1.0,0.0,1.0,1.0,0.0,1.0
1,260,1.7736142695676886,1.845319656602342,1.0,0.0,0.0,1.0,1.0,1.0
2,260,5.97038731322187,10.394602906650492,0.0,1.0,1.0,1.0,1.0,0.0
3,260,12.0,12.0,1.0,1.0,0.0,0.0,0.0,0.0
4,260,8.755461220171354,0.857007815890909,0.0,1.0,1.0,0.0,0.0,1.0
5,260,0.0,0.0,1.0,0.0,0.0,0.0,1.0,1.0
6,260,12.0,10.66692268371164,1.0,1.0,0.0,0.0,0.0,0.0
7,260,1.611923057733568,7.309464292542229,0.0,0.0,0.0,0.0,1.0,0.0
8,260,6.93062190974566,7.224044819654308,0.0,0.0,0.0,0.0,1.0,0.0
9,260,12.0,12.0,0.0,0.0,0.0,0.0,0.0,0.0
10,260,9.4348950597894,7.198828512590698,0.0,1.0,1.0,0.0,1.0,0.0
11,260,8.711002240899083,8.937398761480257,0.0,1.0,1.0,0.0,0.0,1.0
12,260,0.7771076906678883,3.886225702812349,1.0,0.0,1.0,0.0,0.0,1.0
13,260,12.0,3.694066988740063,0.0,1.0,0.0,0.0,0.0,0.0
14,260,11.489532241346156,5.823888661660853,0.0,1.0,1.0,1.0,1.0,1.0
15,260,7.75391372736753,12.0,0.0,1.0,1.0,0.0,0.0,0.0
16,260,6.624931910253767,7.149823869019756,1.0,0.0,1.0,1.0,0.0,1.0
17,260,5.024113609899276,12.0,1.0,0.0,0.0,0.0,0.0,0.0
18,260,12.0,0.9714680073630352,0.0,0.0,1.0,0.0,0.0,1.0
19,260,1.2249571737166656,3.37901588709811,1.0,0.0,0.0,1.0,0.0,0.0
20,260,2.760245037286256,5.319621194352789,1.0,0.0,0.0,0.0,1.0,0.0
21,260,0.7109606516012241,0.0,0.0,0.0,0.0,0.0,0.0,0.0
22,260,6.066867074364854,2.4462680446273497,1.0,0.0,1.0,0.0,0.0,0.0
23,260,11.8622124673139,7.146596327897798,1.0,1.0,0.0,0.0,0.0,0.0
24,260,5.893634227110584,8.922539194792671,1.0,0.0,0.0,1.0,0.0,0.0
25,260,0.6544674608079981,8.226986606580821,0.0,1.0,1.0,1.0,0.0,1.0
26,260,1.4462444083459225,8.928811429660731,0.0,1.0,0.0,0.0,0.0,0.0
27,260,6.064900545469503,0.6880745814132315,0.0,0.0,0.0,1.0,0.0,0.0
28,260,0.0,8.347853147841452,0.0,1.0,0.0,0.0,0.0,0.0
29,260,5.184289434163632,6.161056194971941,0.0,0.0,0.0,1.0,1.0,1.0
30,260,0.0,11.380820536298389,0.0,0.0,1.0,1.0,0.0,0.0
31,260,0.0,7.306935649799352,1.0,0.0,0.0,1.0,0.0,1.0
32,260,8.70424769305083,11.529316313843252,1.0,0.0,1.0,0.0,0.0,0.0
33,260,10.493675961538337,10.878280850121476,0.0,1.0,1.0,0.0,0.0,0.0
34,260,12.0,1.0601269224069358,0.0,0.0,0.0,1.0,0.0,1.0
35,260,6.904254717615213,2.58998767547091,1.0,0.0,1.0,0.0,0.0,0.0
36,260,12.0,2.274731634531957,0.0,0.0,1.0,0.0,0.0,0.0
37,260,2.6188470538610376,4.1607739861049176,0.0,1.0,0.0,1.0,0.0,1.0
38,260,6.799466445088459,2.8386511132386065,0.0,1.0,1.0,1.0,1.0,0.0
39,260,5.3688909335613495,5.497469802585054,0.0,0.0,0.0,1.0,0.0,1.0
0,265,2.12807385457716,9.588366337880505,1.0,0.0,1.0,1.0,0.0,1.0
1,265,1.7625003052834352,1.769473584887648,1.0,0.0,0.0,1.0,1.0,1.0
2,265,6.072898384135658,10.442599761391657,0.0,1.0,1.0,1.0,1.0,0.0
3,265,12.0,12.0,1.0,1.0,0.0,0.0,0.0,0.0
4,265,8.760836406517688,0.841988848927185,0.0,1.0,1.0,0.0,0.0,1.0
5,265,0.0,0.0,1.0,0.0,0.0,0.0,1.0,1.0
6,265,12.0,10.73529519729762,1.0,1.0,0.0,0.0,0.0,0.0
7,265,1.4888401927810582,7.31087657254299,0.0,0.0,0.0,0.0,1.0,0.0
8,265,6.961111967174257,7.306649630397159,0.0,0.0,0.0,0.0,1.0,0.0
9,265,12.0,12.0,0.0,0.0,0.0,0.0,0.0,0.0
10,265,9.41002373280932,7.171364645554646,0.0,1.0,1.0,0.0,1.0,0.0
11,265,8.713157659067443,8.943658106496171,0.0,1.0,1.0,0.0,0.0,1.0
12,265,0.5587138629774908,3.68165169815284,1.0,0.0,1.0,0.0,0.0,1.0
13,265,12.0,3.624167222079492,0.0,1.0,0.0,0.0,0.0,0.0
14,265,11.437841195323326,5.802370489711151,0.0,1.0,1.0,1.0,1.0,1.0
15,265,7.798619676741531,12.0,0.0,1.0,1.0,0.0,0.0,0.0
16,265,6.619040484071298,7.152418499600264,1.0,0.0,1.0,1.0,0.0,1.0
17,265,4.958940577941448,12.0,1.0,0.0,0.0,0.0,0.0,0.0
18,265,12.0,0.9715965210383076,0.0,0.0,1.0,0.0,0.0,1.0
19,265,1.243379685538897,3.3676105728759693,1.0,0.0,0.0,1.0,0.0,0.0
20,265,2.791837955765884,5.455672344882761,1.0,0.0,0.0,0.0,1.0,0.0
21,265,0.7242154978245069,0.0,0.0,0.0,0.0,0.0,0.0,0.0
22,265,6.06966812593479,2.4714394620858595,1.0,0.0,1.0,0.0,0.0,0.0
23,265,11.878066497221676,7.159370261652582,1.0,1.0,0.0,0.0,0.0,0.0
24,265,5.932485614097284,8.96968066375237,1.0,0.0,0.0,1.0,0.0,0.0
25,265,0.6264204139364329,8.156898369377977,0.0,1.0,1.0,1.0,0.0,1.0
26,265,1.447164970491962,8.934179772292657,0.0,1.0,0.0,0.0,0.0,0.0
27,265,5.931324951244579,0.5167974366960519,0.0,0.0,0.0,1.0,0.0,0.0
28,265,0.0,8.54176986411626,0.0,1.0,0.0,0.0,0.0,0.0
29,265,5.295831506792904,6.291106856642555,0.0,0.0,0.0,1.0,1.0,1.0
30,265,0.0,11.431453661313714,0.0,0.0,1.0,1.0,0.0,0.0
31,265,0.0,7.4063631330658675,1.0,0.0,0.0,1.0,0.0,1.0
32,265,8.675336732077044,11.663759737760858,1.0,0.0,1.0,0.0,0.0,0.0
33,265,10.490180656794577,10.878469515094809,0.0,1.0,1.0,0.0,0.0,0.0
34,265,12.0,0.986071970813412,0.0,0.0,0.0,1.0,0.0,1.0
35,265,6.924029189020485,2.597522055355923,1.0,0.0,1.0,0.0,0.0,0.0
36,265,12.0,2.1568149706221384,0.0,0.0,1.0,0.0,0.0,0.0
37,265,2.537147496550724,4.181798929698274,0.0,1.0,0.0,1.0,0.0,1.0
38,265,6.7917740122606896,2.891591303760486,0.0,1.0,1.0,1.0,1.0,0.0
39,265,5.400205343123023,5.511775934894975,0.0,0.0,0.0,1.0,0.0,1.0
0,270,2.206990858737368,9.558786507515345,1.0,0.0,1.0,1.0,0.0,1.0
1,270,1.753684813807428,1.7040048350854544,1.0,0.0,0.0,1.0,1.0,1.0
2,270,6.1609867642444005,10.486881001776984,0.0,1.0,1.0,1.0,1.0,0.0
3,270,12.0,12.0,1.0,1.0,0.0,0.0,0.0,0.0
4,270,8.76541006044133,0.8288354761121243,0.0,1.0,1.0,0.0,0.0,1.0
5,270,0.0,0.0,1.0,0.0,0.0,0.0,1.0,1.0
6,270,12.0,10.823435660858236,1.0,1.0,0.0,0.0,0.0,0.0
7,270,1.3854353932710697,7.31246744715957,0.0,0.0,0.0,0.0,1.0,0.0
8,270,6.982946670121477,7.369646699266684,0.0,0.0,0.0,0.0,1.0,0.0
9,270,12.0,12.0,0.0,0.0,0.0,0.0,0.0,0.0
10,270,9.394671330041806,7.153995191997414,0.0,1.0,1.0,0.0,1.0,0.0
11,270,8.715403774376677,8.95043152347529,0.0,1.0,1.0,0.0,0.0,1.0
12,270,0.3349460464393962,3.4710691267821945,1.0,0.0,1.0,0.0,0.0,1.0
13,270,12.0,3.548514556745219,0.0,1.0,0.0,0.0,0.0,0.0
14,270,11.386984858030251,5.782229604427617,0.0,1.0,1.0,1.0,1.0,1.0
15,270,7.845966544046272,12.0,0.0,1.0,1.0,0.0,0.0,0.0
16,270,6.616773334607364,7.153469969260978,1.0,0.0,1.0,1.0,0.0,1.0
17,270,4.897292061634529,12.0,1.0,0.0,0.0,0.0,0.0,0.0
18,270,12.0,0.973013189434842,0.0,0.0,1.0,0.0,0.0,1.0
19,270,1.2665631453400863,3.3540168657835685,1.0,0.0,0.0,1.0,0.0,0.0
20,270,2.826898353030177,5.603680192896981,1.0,0.0,0.0,0.0,1.0,0.0
21,270,0.7396983041580429,0.0,0.0,0.0,0.0,0.0,0.0,0.0
22,270,6.074236919944913,2.508272433085346,1.0,0.0,1.0,0.0,0.0,0.0
23,270,11.896647775571408,7.174854065894787,1.0,1.0,0.0,0.0,0.0,0.0
24,270,5.9694960409338185,9.01612846455647,1.0,0.0,0.0,1.0,0.0,0.0
25,270,0.5842190265572295,8.064770624129315,0.0,1.0,1.0,1.0,0.0,1.0
26,270,1.450572410554493,8.954511317033091,0.0,1.0,0.0,0.0,0.0,0.0
27,270,5.815624812470499,0.3620281687752958,0.0,0.0,0.0,1.0,0.0,0.0
28,270,0.0,8.749103102315546,0.0,1.0,0.0,0.0,0.0,0.0
29,270,5.401394998189308,6.409866870728309,0.0,0.0,0.0,1.0,1.0,1.0
30,270,0.0,11.508150357722135,0.0,0.0,1.0,1.0,0.0,0.0
31,270,0.0,7.484020862294084,1.0,0.0,0.0,1.0,0.0,1.0
32,270,8.643028431477621,11.814977161771193,1.0,0.0,1.0,0.0,0.0,0.0
33,270,10.480832242766793,10.878983503325491,0.0,1.0,1.0,0.0,0.0,0.0
34,270,12.0,0.9063569322913196,0.0,0.0,0.0,1.0,0.0,1.0
35,270,6.982444089159319,2.620181913898421,1.0,0.0,1.0,0.0,0.0,0.0
36,270,12.0,2.045282792264241,0.0,0.0,1.0,0.0,0.0,0.0
37,270,2.455910676739247,4.203708940674543,0.0,1.0,0.0,1.0,0.0,1.0
38,270,6.783186974402522,2.9505299703534136,0.0,1.0,1.0,1.0,1.0,0.0
39,270,5.424405359702487,5.523490072605874,0.0,0.0,0.0,1.0,0.0,1.0
0,275,2.27049131623524,9.534491288694106,1.0,0.0,1.0,1.0,0.0,1.0
1,275,1.7433325030362,1.6428041817824062,1.0,0.0,0.0,1.0,1.0,1.0
2,275,6.236749289315404,10.524663880241324,0.0,1.0,1.0,1.0,1.0,0.0
3,275,12.0,12.0,1.0,1.0,0.0,0.0,0.0,0.0
4,275,8.772717237061347,0.8079307518934498,0.0,1.0,1.0,0.0,0.0,1.0
5,275,0.0,0.0,1.0,0.0,0.0,0.0,1.0,1.0
6,275,12.0,10.907486084500212,1.0,1.0,0.0,0.0,0.0,0.0
7,275,1.2811265036949562,7.317589648535538,0.0,0.0,0.0,0.0,1.0,0.0
8,275,7.008680939547153,7.441873703636602,0.0,0.0,0.0,0.0,1.0,0.0
9,275,12.0,12.0,0.0,0.0,0.0,0.0,0.0,0.0
10,275,9.380330186850207,7.138614219851404,0.0,1.0,1.0,0.0,1.0,0.0
11,275,8.716390475948966,8.953445803679545,0.0,1.0,1.0,0.0,0.0,1.0
12,275,0.1196505642636569,3.2635343391217653,1.0,0.0,1.0,0.0,0.0,1.0
13,275,12.0,3.4726128680490564,0.0,1.0,0.0,0.0,0.0,0.0
14,275,11.337251256800428,5.763740000056927,0.0,1.0,1.0,1.0,1.0,1.0
15,275,7.887994755017499,12.0,0.0,1.0,1.0,0.0,0.0,0.0
16,275,6.592981661185538,7.163884457303329,1.0,0.0,1.0,1.0,0.0,1.0
17,275,4.844005152754529,12.0,1.0,0.0,0.0,0.0,0.0,0.0
18,275,12.0,0.977717495607803,0.0,0.0,1.0,0.0,0.0,1.0
19,275,1.2996262873647808,3.3337977741999416,1.0,0.0,0.0,1.0,0.0,0.0
20,275,2.868448493195825,5.758466965155232,1.0,0.0,0.0,0.0,1.0,0.0
21,275,0.7494767630859827,0.0,0.0,0.0,0.0,0.0,0.0,0.0
22,275,6.080098412858908,2.557810024160238,1.0,0.0,1.0,0.0,0.0,0.0
23,275,11.921956128900224,7.197395807557203,1.0,1.0,0.0,0.0,0.0,0.0
24,275,6.012967926900535,9.073176563059317,1.0,0.0,0.0,1.0,0.0,0.0
25,275,0.5423402167236656,7.978194259543738,0.0,1.0,1.0,1.0,0.0,1.0
26,275,1.4509867314589295,8.956781352210294,0.0,1.0,0.0,0.0,0.0,0.0
27,275,5.681798410138772,0.1964344855668222,0.0,0.0,0.0,1.0,0.0,0.0
28,275,0.0,8.95213001824485,0.0,1.0,0.0,0.0,0.0,0.0
29,275,5.506596008334354,6.534985965529224,0.0,0.0,0.0,1.0,1.0,1.0
30,275,0.0,11.591262984700444,0.0,0.0,1.0,1.0,0.0,0.0
31,275,0.0,7.558386294550205,1.0,0.0,0.0,1.0,0.0,1.0
32,275,8.615039817326808,11.958894287115866,1.0,0.0,1.0,0.0,0.0,0.0
33,275,10.461315437614076,10.880145697594951,0.0,1.0,1.0,0.0,0.0,0.0
34,275,12.0,0.8147718342949742,0.0,0.0,0.0,1.0,0.0,1.0
35,275,7.014746429752259,2.6322483561416608,1.0,0.0,1.0,0.0,0.0,0.0
36,275,12.0,1.9277247045844448,0.0,0.0,1.0,0.0,0.0,0.0
37,275,2.389360031730454,4.222711176239126,0.0,1.0,0.0,1.0,0.0,1.0
38,275,6.775438786428326,3.010372766753359,0.0,1.0,1.0,1.0,1.0,0.0
39,275,5.462180684074868,5.5410516274264525,0.0,0.0,0.0,1.0,0.0,1.0
0,280,2.3454610925881334,9.50789940812419,1.0,0.0,1.0,1.0,0.0,1.0
1,280,1.7347200705412484,1.586620696979737,1.0,0.0,0.0,1.0,1.0,1.0
2,280,6.318813366668356,10.564927296876316,0.0,1.0,1.0,1.0,1.0,0.0
3,280,12.0,12.0,1.0,1.0,0.0,0.0,0.0,0.0
4,280,8.780981313972486,0.7862673619730547,0.0,1.0,1.0,0.0,0.0,1.0
5,280,0.0,0.0,1.0,0.0,0.0,0.0,1.0,1.0
6,280,12.0,10.973395272092722,1.0,1.0,0.0,0.0,0.0,0.0
7,280,1.1851619089284509,7.321211829558646,0.0,0.0,0.0,0.0,1.0,0.0
8,280,7.031994111421212,7.504916290214247,0.0,0.0,0.0,0.0,1.0,0.0
9,280,12.0,12.0,0.0,0.0,0.0,0.0,0.0,0.0
10,280,9.3713707193364,7.146659383617662,0.0,1.0,1.0,0.0,1.0,0.0
11,280,8.716481771280764,8.9537530250294,0.0,1.0,1.0,0.0,0.0,1.0
12,280,0.0,3.0561653252233145,1.0,0.0,1.0,0.0,0.0,1.0
13,280,12.0,3.3983152766551745,0.0,1.0,0.0,0.0,0.0,0.0
14,280,11.304276379128188,5.75049308065477,0.0,1.0,1.0,1.0,1.0,1.0
15,280,7.932181579385718,12.0,0.0,1.0,1.0,0.0,0.0,0.0
16,280,6.581124070266676,7.169140862475464,1.0,0.0,1.0,1.0,0.0,1.0
17,280,4.790804514585395,12.0,1.0,0.0,0.0,0.0,0.0,0.0
18,280,12.0,0.9857769003495562,0.0,0.0,1.0,0.0,0.0,1.0
19,280,1.331952962509404,3.314787985871851,1.0,0.0,0.0,1.0,0.0,0.0
20,280,2.900663470523548,5.892331175018826,1.0,0.0,0.0,0.0,1.0,0.0
21,280,0.7594073958899775,0.0,0.0,0.0,0.0,0.0,0.0,0.0
22,280,6.089046907106597,2.630180315672585,1.0,0.0,1.0,0.0,0.0,0.0
23,280,11.966505037679877,7.235779593140977,1.0,1.0,0.0,0.0,0.0,0.0
24,280,6.042837683038371,9.113779189205024,1.0,0.0,0.0,1.0,0.0,0.0
25,280,0.4996761011926833,7.893630553232296,0.0,1.0,1.0,1.0,0.0,1.0
26,280,1.4497933981763873,8.949844123050278,0.0,1.0,0.0,0.0,0.0,0.0
27,280,5.536433277204218,0.0186304991529239,0.0,0.0,0.0,1.0,0.0,0.0
28,280,0.0,8.914589209362509,0.0,1.0,0.0,0.0,0.0,0.0
29,280,5.613710404465496,6.654638361109001,0.0,0.0,0.0,1.0,1.0,1.0
30,280,0.0,11.677466861874022,0.0,0.0,1.0,1.0,0.0,0.0
31,280,0.0,7.614906919826718,1.0,0.0,0.0,1.0,0.0,1.0
32,280,8.590894599747315,12.0,1.0,0.0,1.0,0.0,0.0,0.0
33,280,10.441151485814103,10.88118825460046,0.0,1.0,1.0,0.0,0.0,0.0
34,280,12.0,0.712703060211139,0.0,0.0,0.0,1.0,0.0,1.0
35,280,7.039830477705859,2.6413954938876403,1.0,0.0,1.0,0.0,0.0,0.0
36,280,12.0,1.801831947497456,0.0,0.0,1.0,0.0,0.0,0.0
37,280,2.336835415139489,4.237382325290605,0.0,1.0,0.0,1.0,0.0,1.0
38,280,6.767326471792517,3.066448279598893,0.0,1.0,1.0,1.0,1.0,0.0
39,280,5.507563921294343,5.561221171511881,0.0,0.0,0.0,1.0,0.0,1.0
0,285,2.404874654783068,9.48697566323415,1.0,0.0,1.0,1.0,0.0,1.0
1,285,1.7307521759347892,1.5558366639725147,1.0,0.0,0.0,1.0,1.0,1.0
2,285,6.404372348552827,10.60651632207206,0.0,1.0,1.0,1.0,1.0,0.0
3,285,12.0,12.0,1.0,1.0,0.0,0.0,0.0,0.0
4,285,8.781911981612602,0.7836961806845566,0.0,1.0,1.0,0.0,0.0,1.0
5,285,0.0,0.0,1.0,0.0,0.0,0.0,1.0,1.0
6,285,12.0,10.892851261515457,1.0,1.0,0.0,0.0,0.0,0.0
7,285,1.0633698325164127,7.324918971798181,0.0,0.0,0.0,0.0,1.0,0.0
8,285,7.059729221194014,7.583024287940466,0.0,0.0,0.0,0.0,1.0,0.0
9,285,12.0,12.0,0.0,0.0,0.0,0.0,0.0,0.0
10,285,9.359782143144963,7.156991531258035,0.0,1.0,1.0,0.0,1.0,0.0
11,285,8.718640272158924,8.96056835117208,0.0,1.0,1.0,0.0,0.0,1.0
12,285,0.0,2.843673044922078,1.0,0.0,1.0,0.0,0.0,1.0
13,285,12.0,3.324811407569958,0.0,1.0,0.0,0.0,0.0,0.0
14,285,11.278049480133234,5.739918062357913,0.0,1.0,1.0,1.0,1.0,1.0
15,285,7.982472966093602,12.0,0.0,1.0,1.0,0.0,0.0,0.0
16,285,6.575869172411539,7.171583155097689,1.0,0.0,1.0,1.0,0.0,1.0
17,285,4.724450966146753,12.0,1.0,0.0,0.0,0.0,0.0,0.0
18,285,12.0,0.9944823989595016,0.0,0.0,1.0,0.0,0.0,1.0
19,285,1.3676727922029237,3.2950547372035395,1.0,0.0,0.0,1.0,0.0,0.0
20,285,2.9390915899461345,6.025297333996419,1.0,0.0,0.0,0.0,1.0,0.0
21,285,0.762741023606739,0.0,0.0,0.0,0.0,0.0,0.0,0.0
22,285,6.099780325599987,2.7137984771955974,1.0,0.0,1.0,0.0,0.0,0.0
23,285,11.998444943606271,7.264590573787927,1.0,1.0,0.0,0.0,0.0,0.0
24,285,6.074537101311535,9.156322330938163,1.0,0.0,0.0,1.0,0.0,0.0
25,285,0.4522421303162319,7.795764957991342,0.0,1.0,1.0,1.0,0.0,1.0
26,285,1.4473354052502216,8.935753161212787,0.0,1.0,0.0,0.0,0.0,0.0
27,285,5.403286441280137,0.0,0.0,0.0,0.0,1.0,0.0,0.0
28,285,0.0,8.876250510899276,0.0,1.0,0.0,0.0,0.0,0.0
29,285,5.721776228298835,6.781222511945485,0.0,0.0,0.0,1.0,1.0,1.0
30,285,0.0,11.764577631527686,0.0,0.0,1.0,1.0,0.0,0.0
31,285,0.0,7.665536284283278,1.0,0.0,0.0,1.0,0.0,1.0
32,285,8.57193616144648,12.0,1.0,0.0,1.0,0.0,0.0,0.0
33,285,10.442172321991883,10.88117016787672,0.0,1.0,1.0,0.0,0.0,0.0
34,285,12.0,0.6005029782746157,0.0,0.0,0.0,1.0,0.0,1.0
35,285,7.081390024311722,2.6559582678408824,1.0,0.0,1.0,0.0,0.0,0.0
36,285,12.0,1.6729307983131751,0.0,0.0,1.0,0.0,0.0,0.0
37,285,2.2707439441955235,4.257120539605371,0.0,1.0,0.0,1.0,0.0,1.0
38,285,6.760209008082456,3.113922683354939,0.0,1.0,1.0,1.0,1.0,0.0
39,285,5.558336583084178,5.583546021055873,0.0,0.0,0.0,1.0,0.0,1.0
0,290,2.465681172257969,9.4651187976958,1.0,0.0,1.0,1.0,0.0,1.0
1,290,1.7218588541471305,1.499388140515838,1.0,0.0,0.0,1.0,1.0,1.0
2,290,6.483822575337759,10.64586437233785,0.0,1.0,1.0,1.0,1.0,0.0
3,290,12.0,12.0,1.0,1.0,0.0,0.0,0.0,0.0
4,290,8.79129935430724,0.7574766281676767,0.0,1.0,1.0,0.0,0.0,1.0
5,290,0.0,0.0,1.0,0.0,0.0,0.0,1.0,1.0
6,290,12.0,10.812538732967807,1.0,1.0,0.0,0.0,0.0,0.0
7,290,0.926293808299722,7.33056906029629,0.0,0.0,0.0,0.0,1.0,0.0
8,290,7.082057420750162,7.644140566944556,0.0,0.0,0.0,0.0,1.0,0.0
9,290,12.0,12.0,0.0,0.0,0.0,0.0,0.0,0.0
10,290,9.369827070021522,7.148432290268742,0.0,1.0,1.0,0.0,1.0,0.0
11,290,8.724676607010773,8.978479960331951,0.0,1.0,1.0,0.0,0.0,1.0
12,290,0.0,2.6303699017148405,1.0,0.0,1.0,0.0,0.0,1.0
13,290,12.0,3.2496807695082217,0.0,1.0,0.0,0.0,0.0,0.0
14,290,11.251687469914629,5.728987476248031,0.0,1.0,1.0,1.0,1.0,1.0
15,290,8.031700487599228,12.0,0.0,1.0,1.0,0.0,0.0,0.0
16,290,6.573274253625379,7.1728419081693024,1.0,0.0,1.0,1.0,0.0,1.0
17,290,4.658435121366183,12.0,1.0,0.0,0.0,0.0,0.0,0.0
18,290,12.0,1.0064252864634544,0.0,0.0,1.0,0.0,0.0,1.0
19,290,1.3961622655822752,3.2802294932816536,1.0,0.0,0.0,1.0,0.0,0.0
20,290,2.984833755789983,6.169536252361593,1.0,0.0,0.0,0.0,1.0,0.0
21,290,0.7646397050454277,0.0,0.0,0.0,0.0,0.0,0.0,0.0
22,290,6.109908465641967,2.797379125417636,1.0,0.0,1.0,0.0,0.0,0.0
23,290,12.0,7.291178090105012,1.0,1.0,0.0,0.0,0.0,0.0
24,290,6.110058833228031,9.20332304640255,1.0,0.0,0.0,1.0,0.0,0.0
25,290,0.3957156176129783,7.676015652175061,0.0,1.0,1.0,1.0,0.0,1.0
26,290,1.443147725217952,8.910763849326932,0.0,1.0,0.0,0.0,0.0,0.0
27,290,5.27173630580361,0.0,0.0,0.0,0.0,1.0,0.0,0.0
28,290,0.0,8.838198754322974,0.0,1.0,0.0,0.0,0.0,0.0
29,290,5.836157870259077,6.917919960498918,0.0,0.0,0.0,1.0,1.0,1.0
30,290,0.0,11.859123744459914,0.0,0.0,1.0,1.0,0.0,0.0
31,290,0.0,7.715742851414512,1.0,0.0,0.0,1.0,0.0,1.0
32,290,8.553011892172533,12.0,1.0,0.0,1.0,0.0,0.0,0.0
33,290,10.447166197526538,10.881016101383771,0.0,1.0,1.0,0.0,0.0,0.0
34,290,12.0,0.4783543876338293,0.0,0.0,0.0,1.0,0.0,1.0
35,290,7.111279334397097,2.6670065306036115,1.0,0.0,1.0,0.0,0.0,0.0
36,290,12.0,1.553533215414172,0.0,0.0,1.0,0.0,0.0,0.0
37,290,2.2072267155618066,4.273226942381036,0.0,1.0,0.0,1.0,0.0,1.0
38,290,6.750559640325908,3.170253370525746,0.0,1.0,1.0,1.0,1.0,0.0
39,290,5.620466139186787,5.611339046982622,0.0,0.0,0.0,1.0,0.0,1.0
0,295,2.506896050215885,9.451829920904965,1.0,0.0,1.0,1.0,0.0,1.0
1,295,1.7133872664560006,1.438105852559471,1.0,0.0,0.0,1.0,1.0,1.0
2,295,6.581384864791477,10.695452708514445,0.0,1.0,1.0,1.0,1.0,0.0
3,295,12.0,12.0,1.0,1.0,0.0,0.0,0.0,0.0
4,295,8.801777252691394,0.7297016202722678,0.0,1.0,1.0,0.0,0.0,1.0
5,295,0.0,0.0,1.0,0.0,0.0,0.0,1.0,1.0
6,295,12.0,10.74055821667387,1.0,1.0,0.0,0.0,0.0,0.0
7,295,0.8028197127352878,7.334865225242307,0.0,0.0,0.0,0.0,1.0,0.0
8,295,7.100623422223336,7.692755612453554,0.0,0.0,0.0,0.0,1.0,0.0
9,295,12.0,12.0,0.0,0.0,0.0,0.0,0.0,0.0
10,295,9.367557010130476,7.150459535583526,0.0,1.0,1.0,0.0,1.0,0.0
11,295,8.720838309984645,8.966964653677726,0.0,1.0,1.0,0.0,0.0,1.0
12,295,0.0,2.4218242295933683,1.0,0.0,1.0,0.0,0.0,1.0
13,295,12.0,3.179763638989751,0.0,1.0,0.0,0.0,0.0,0.0
14,295,11.237318580151475,5.7230242017549005,0.0,1.0,1.0,1.0,1.0,1.0
15,295,8.075981539601335,12.0,0.0,1.0,1.0,0.0,0.0,0.0
16,295,6.582038035563108,7.168299834555794,1.0,0.0,1.0,1.0,0.0,1.0
17,295,4.581704616218854,12.0,1.0,0.0,0.0,0.0,0.0,0.0
18,295,12.0,1.0142472401755185,0.0,0.0,1.0,0.0,0.0,1.0
19,295,1.4065131861698257,3.274896915131284,1.0,0.0,0.0,1.0,0.0,0.0
20,295,3.0350251965087005,6.337594057744446,1.0,0.0,0.0,0.0,1.0,0.0
21,295,0.771271765247516,0.0,0.0,0.0,0.0,0.0,0.0,0.0
22,295,6.118666599216064,2.8622166832461358,1.0,0.0,1.0,0.0,0.0,0.0
23,295,12.0,7.310171253969594,1.0,1.0,0.0,0.0,0.0,0.0
24,295,6.14755511809843,9.251683535458564,1.0,0.0,0.0,1.0,0.0,0.0
25,295,0.3384268260835948,7.558626770956815,0.0,1.0,1.0,1.0,0.0,1.0
26,295,1.4399956182855491,8.895060056091765,0.0,1.0,0.0,0.0,0.0,0.0
27,295,5.138546694443513,0.0,0.0,0.0,0.0,1.0,0.0,0.0
28,295,0.0,8.79675317636657,0.0,1.0,0.0,0.0,0.0,0.0
29,295,5.947689517452104,7.053411080303106,0.0,0.0,0.0,1.0,1.0,1.0
30,295,0.0,11.973467727990316,0.0,0.0,1.0,1.0,0.0,0.0
31,295,0.0,7.775166882911085,1.0,0.0,0.0,1.0,0.0,1.0
32,295,8.538900630276887,12.0,1.0,0.0,1.0,0.0,0.0,0.0
33,295,10.483416223241257,10.88010611831928,0.0,1.0,1.0,0.0,0.0,0.0
34,295,12.0,0.3558677296979076,0.0,0.0,0.0,1.0,0.0,1.0
35,295,7.148503101139958,2.6807084464363253,1.0,0.0,1.0,0.0,0.0,0.0
36,295,12.0,1.4389156674924724,0.0,0.0,1.0,0.0,0.0,0.0
37,295,2.156915016150656,4.2865956638988205,0.0,1.0,0.0,1.0,0.0,1.0
38,295,6.744323946823328,3.213940831328445,0.0,1.0,1.0,1.0,1.0,0.0
39,295,5.689684401328544,5.641936899634075,0.0,0.0,0.0,1.0,0.0,1.0
