0,0,3.9912851261289504,7.064344803343398,0.0,0.0,0.0,0.0,1.0,0.0
1,0,1.935807045832677,6.974153057767355,0.0,0.0,0.0,0.0,0.0,0.0
2,0,1.9415944264943232,4.038389811302086,0.0,1.0,0.0,0.0,0.0,0.0
3,0,10.936949809366862,8.986380696640776,0.0,0.0,1.0,0.0,1.0,0.0
4,0,0.0228508292309863,10.05566869185436,0.0,0.0,1.0,0.0,0.0,0.0
5,0,7.960777061067314,6.0173781454977,0.0,1.0,0.0,1.0,0.0,0.0
6,0,10.949440398249976,7.031169532984165,1.0,1.0,1.0,0.0,1.0,0.0
7,0,2.0655630571522745,0.0,1.0,0.0,1.0,0.0,0.0,0.0
8,0,5.053063818954113,12.0,0.0,0.0,0.0,0.0,1.0,0.0
9,0,6.935792340576173,3.949351643680441,0.0,1.0,0.0,0.0,1.0,1.0
10,0,5.048192569035863,1.0525768006502936,0.0,0.0,0.0,1.0,0.0,0.0
11,0,5.055018783761806,2.9372747750031247,1.0,0.0,0.0,0.0,0.0,0.0
12,0,1.02164146021343,10.048662505812166,0.0,0.0,0.0,1.0,1.0,1.0
13,0,2.0078148349929568,1.0434476936819097,0.0,1.0,1.0,0.0,0.0,1.0
14,0,8.04272146447098,0.9719225392565408,1.0,1.0,0.0,0.0,1.0,1.0
15,0,10.015563953445971,11.966844486361907,1.0,1.0,0.0,0.0,1.0,0.0
16,0,7.013904276734832,1.9617651214760377,0.0,0.0,1.0,1.0,1.0,1.0
17,0,8.946081404513114,11.959715974618849,0.0,0.0,1.0,0.0,1.0,0.0
18,0,4.977437577554231,8.94278576158937,1.0,0.0,0.0,0.0,1.0,0.0
19,0,2.0293343092728864,1.922881496281012,0.0,0.0,0.0,1.0,0.0,1.0
20,0,9.05959816925291,1.9890395210652487,0.0,0.0,0.0,1.0,0.0,1.0
21,0,6.979392770489879,12.0,0.0,1.0,1.0,0.0,0.0,0.0
22,0,5.986384670872834,7.950940305172892,1.0,1.0,1.0,0.0,0.0,1.0
23,0,11.966001630089028,0.0,0.0,1.0,0.0,1.0,1.0,0.0
24,0,7.056629225311445,6.99044748148883,0.0,1.0,1.0,0.0,1.0,1.0
25,0,4.942963105926995,6.034567451467569,0.0,0.0,0.0,1.0,0.0,0.0
26,0,6.96641641074172,11.047896230973466,1.0,1.0,0.0,1.0,1.0,1.0
27,0,5.04291840820335,8.002730138437569,0.0,0.0,1.0,0.0,0.0,0.0
28,0,7.965409928605664,8.965061868694724,0.0,1.0,1.0,0.0,0.0,0.0
29,0,4.022057898524858,9.057537002114428,1.0,1.0,0.0,0.0,0.0,0.0
30,0,9.950392759938524,0.0,0.0,0.0,0.0,0.0,0.0,0.0
31,0,10.970337424515696,3.050223811412506,0.0,0.0,1.0,1.0,0.0,0.0
32,0,9.951594283712954,8.962099102221293,1.0,0.0,1.0,1.0,1.0,1.0
33,0,6.042789103032138,4.942103334325591,1.0,1.0,1.0,0.0,0.0,0.0
34,0,4.946125730023987,8.963664743527943,1.0,1.0,1.0,0.0,0.0,0.0
35,0,11.020032014579956,7.973686997724525,1.0,1.0,0.0,0.0,0.0,0.0
36,0,5.93227506537942,8.015560868618664,0.0,0.0,0.0,1.0,1.0,1.0
37,0,12.0,4.021877452085715,1.0,0.0,0.0,0.0,0.0,0.0
38,0,3.0672245356028944,0.0,1.0,0.0,1.0,0.0,1.0,0.0
39,0,2.9791364113247933,0.9316139167256624,1.0,0.0,0.0,0.0,0.0,0.0
0,5,3.986771554514403,7.099602707798248,0.0,0.0,0.0,0.0,1.0,0.0
1,5,1.886191718638168,6.954294442379348,0.0,0.0,0.0,0.0,0.0,0.0
2,5,1.884245932902484,4.076990464230892,0.0,1.0,0.0,0.0,0.0,0.0
3,5,10.856738565087229,8.969433246612574,0.0,0.0,1.0,0.0,1.0,0.0
4,5,0.0434776261597296,10.10839291224325,0.0,0.0,1.0,0.0,0.0,0.0
5,5,7.92479495557874,6.032823519291379,0.0,1.0,0.0,1.0,0.0,0.0
6,5,10.92482673069721,7.046836219724937,1.0,1.0,1.0,0.0,1.0,0.0
7,5,2.1244691644683407,0.0,1.0,0.0,1.0,0.0,0.0,0.0
8,5,5.101260942590012,12.0,0.0,0.0,0.0,0.0,1.0,0.0
9,5,6.893206941283347,3.9149072081778016,0.0,1.0,0.0,0.0,1.0,1.0
10,5,5.088387059073423,1.0975757528635868,0.0,0.0,0.0,1.0,0.0,0.0
11,5,5.11096750909341,2.878202180757098,1.0,0.0,0.0,0.0,0.0,0.0
12,5,1.0392488771441692,10.087768583442733,0.0,0.0,0.0,1.0,1.0,1.0
13,5,2.010502703165244,1.0595637565269116,0.0,1.0,1.0,0.0,0.0,1.0
14,5,8.07792211042228,0.9491178582426092,1.0,1.0,0.0,0.0,1.0,1.0
15,5,10.031759750427566,11.931738507702796,1.0,1.0,0.0,0.0,1.0,0.0
16,5,7.025400436920791,1.9315379932147985,0.0,0.0,1.0,1.0,1.0,1.0
17,5,8.875698568710215,11.907235770597302,0.0,0.0,1.0,0.0,1.0,0.0
18,5,4.949123299843514,8.873545059528356,1.0,0.0,0.0,0.0,1.0,0.0
19,5,2.055139712424032,1.851390352168084,0.0,0.0,0.0,1.0,0.0,1.0
20,5,9.098399669179676,1.982002564331736,0.0,0.0,0.0,1.0,0.0,1.0
21,5,6.9494641403623865,12.0,0.0,1.0,1.0,0.0,0.0,0.0
22,5,5.9746923182499785,7.90980392442002,1.0,1.0,1.0,0.0,0.0,1.0
23,5,11.934703297355728,0.0,0.0,1.0,0.0,1.0,1.0,0.0
24,5,7.1241426714983005,6.979258226790035,0.0,1.0,1.0,0.0,1.0,1.0
25,5,4.89771164105867,6.062645294638359,0.0,0.0,0.0,1.0,0.0,0.0
26,5,6.917175095453821,11.1169856999384,1.0,1.0,0.0,1.0,1.0,1.0
27,5,5.093613210404848,8.00757872448363,0.0,0.0,1.0,0.0,0.0,0.0
28,5,7.93973805534764,8.939642717908237,0.0,1.0,1.0,0.0,0.0,0.0
29,5,4.0453000174095575,9.118535240906793,1.0,1.0,0.0,0.0,0.0,0.0
30,5,9.901520887662842,0.0,0.0,0.0,0.0,0.0,0.0,0.0
31,5,10.942556824065871,3.099018386961965,0.0,0.0,1.0,1.0,0.0,0.0
32,5,9.91531032502188,8.933595749123418,1.0,0.0,1.0,1.0,1.0,1.0
33,5,6.089836047176679,4.877689705826326,1.0,1.0,1.0,0.0,0.0,0.0
34,5,4.860927309453933,8.907740188991214,1.0,1.0,1.0,0.0,0.0,0.0
35,5,11.030912774030016,7.959127832144308,1.0,1.0,0.0,0.0,0.0,0.0
36,5,5.860369319063333,8.033394373721773,0.0,0.0,0.0,1.0,1.0,1.0
37,5,12.0,4.0541009821964655,1.0,0.0,0.0,0.0,0.0,0.0
38,5,3.1462015820500744,0.0,1.0,0.0,1.0,0.0,1.0,0.0
39,5,2.963280195733709,0.8821007198527855,1.0,0.0,0.0,0.0,0.0,0.0
0,10,3.982220119222563,7.145132570783686,0.0,0.0,0.0,0.0,1.0,0.0
1,10,1.8346320918545675,6.933400546777678,0.0,0.0,0.0,0.0,0.0,0.0
2,10,1.836842024210929,4.107173529872087,0.0,1.0,0.0,0.0,0.0,0.0
3,10,10.778838151078952,8.952266279888715,0.0,0.0,1.0,0.0,1.0,0.0
4,10,0.061515365472766,10.152947510413556,0.0,0.0,1.0,0.0,0.0,0.0
5,10,7.873784053279576,6.054170619935873,0.0,1.0,0.0,1.0,0.0,0.0
6,10,10.906415785847232,7.057969380361255,1.0,1.0,1.0,0.0,1.0,0.0
7,10,2.196024613259788,0.0,1.0,0.0,1.0,0.0,0.0,0.0
8,10,5.137997125148706,12.0,0.0,0.0,0.0,0.0,1.0,0.0
9,10,6.847930528456668,3.8775887239642057,0.0,1.0,0.0,0.0,1.0,1.0
10,10,5.123273601176607,1.1396041385231903,0.0,0.0,0.0,1.0,0.0,0.0
11,10,5.175861649815953,2.8034270430345933,1.0,0.0,0.0,0.0,0.0,0.0
12,10,1.051759297882544,10.115657217979276,0.0,0.0,0.0,1.0,1.0,1.0
13,10,2.0102677209382533,1.058235720758243,0.0,1.0,1.0,0.0,0.0,1.0
14,10,8.104661849015114,0.9313215646549116,1.0,1.0,0.0,0.0,1.0,1.0
15,10,10.051580345293775,11.886651981624048,1.0,1.0,0.0,0.0,1.0,0.0
16,10,7.028483135313555,1.9233816627743288,0.0,0.0,1.0,1.0,1.0,1.0
17,10,8.818937381650247,11.867539218478456,0.0,0.0,1.0,0.0,1.0,0.0
18,10,4.926430157351031,8.817593603463033,1.0,0.0,0.0,0.0,1.0,0.0
19,10,2.078429801336916,1.7848151920898794,0.0,0.0,0.0,1.0,0.0,1.0
20,10,9.095324898834486,1.9825323828277048,0.0,0.0,0.0,1.0,0.0,1.0
21,10,6.923647422457576,12.0,0.0,1.0,1.0,0.0,0.0,0.0
22,10,5.968220383337349,7.884967540137182,1.0,1.0,1.0,0.0,0.0,1.0
23,10,11.90132175446418,0.0,0.0,1.0,0.0,1.0,1.0,0.0
24,10,7.19576785636162,6.966421894003031,0.0,1.0,1.0,0.0,1.0,1.0
25,10,4.836927015390016,6.100708454318016,0.0,0.0,0.0,1.0,0.0,0.0
26,10,6.878501764840147,11.174175769819808,1.0,1.0,0.0,1.0,1.0,1.0
27,10,5.118630970947351,8.010117492193467,0.0,0.0,1.0,0.0,0.0,0.0
28,10,7.895826924657348,8.896898668811987,0.0,1.0,1.0,0.0,0.0,0.0
29,10,4.072789866525604,9.196411510363657,1.0,1.0,0.0,0.0,0.0,0.0
30,10,9.864802935130056,0.0,0.0,0.0,0.0,0.0,0.0,0.0
31,10,10.928263322230448,3.125317398485366,0.0,0.0,1.0,1.0,0.0,0.0
32,10,9.874231545826458,8.900003434319242,1.0,0.0,1.0,1.0,1.0,1.0
33,10,6.150147398804875,4.794783623744865,1.0,1.0,1.0,0.0,0.0,0.0
34,10,4.779440553667247,8.85305066940202,1.0,1.0,1.0,0.0,0.0,0.0
35,10,11.041749326360536,7.943633340058292,1.0,1.0,0.0,0.0,0.0,0.0
36,10,5.789982822903763,8.051809069878269,0.0,0.0,0.0,1.0,1.0,1.0
37,10,12.0,4.082121070043349,1.0,0.0,0.0,0.0,0.0,0.0
38,10,3.2473492087692235,0.0,1.0,0.0,1.0,0.0,1.0,0.0
39,10,2.9505526370843853,0.8365747245415643,1.0,0.0,0.0,0.0,0.0,0.0
0,15,3.9777930769655376,7.183561578669885,0.0,0.0,0.0,0.0,1.0,0.0
1,15,1.7956667016225114,6.917591276273101,0.0,0.0,0.0,0.0,0.0,0.0
2,15,1.812809984039861,4.121608661841937,0.0,1.0,0.0,0.0,0.0,0.0
3,15,10.706672528029673,8.935422311365553,0.0,0.0,1.0,0.0,1.0,0.0
4,15,0.0846309272579554,10.206640716597509,0.0,0.0,1.0,0.0,0.0,0.0
5,15,7.81203441039278,6.082901199036479,0.0,1.0,0.0,1.0,0.0,0.0
6,15,10.88444548699109,7.070822891779205,1.0,1.0,1.0,0.0,1.0,0.0
7,15,2.249447550143373,0.0,1.0,0.0,1.0,0.0,0.0,0.0
8,15,5.192322591966884,12.0,0.0,0.0,0.0,0.0,1.0,0.0
9,15,6.823127503160284,3.856792022886136,0.0,1.0,0.0,0.0,1.0,1.0
10,15,5.161601252221353,1.1856490441582,0.0,0.0,0.0,1.0,0.0,0.0
11,15,5.243055652212619,2.7256895719912477,1.0,0.0,0.0,0.0,0.0,0.0
12,15,1.0635255475441396,10.14156639962265,0.0,0.0,0.0,1.0,1.0,1.0
13,15,2.0088636124213246,1.0514048574987764,0.0,1.0,1.0,0.0,0.0,1.0
14,15,8.137748746855047,0.9099719386891584,1.0,1.0,0.0,0.0,1.0,1.0
15,15,10.065072754761124,11.85766052910524,1.0,1.0,0.0,0.0,1.0,0.0
16,15,7.036658926555983,1.9021998477511568,0.0,0.0,1.0,1.0,1.0,1.0
17,15,8.75584527929001,11.823865093666347,0.0,0.0,1.0,0.0,1.0,0.0
18,15,4.910062812308053,8.773192487300042,1.0,0.0,0.0,0.0,1.0,0.0
19,15,2.102869862993636,1.7174547105674056,0.0,0.0,0.0,1.0,0.0,1.0
20,15,9.078477103968332,1.9852349907628424,0.0,0.0,0.0,1.0,0.0,1.0
21,15,6.902958562039369,12.0,0.0,1.0,1.0,0.0,0.0,0.0
22,15,5.96773406246804,7.883100883312682,1.0,1.0,1.0,0.0,0.0,1.0
23,15,11.85397225631582,0.0,0.0,1.0,0.0,1.0,1.0,0.0
24,15,7.2901939122438515,6.950173178853297,0.0,1.0,1.0,0.0,1.0,1.0
25,15,4.771503245592467,6.140998965179195,0.0,0.0,0.0,1.0,0.0,0.0
26,15,6.8482467173569495,11.219011816117415,1.0,1.0,0.0,1.0,1.0,1.0
27,15,5.137194419372469,8.011796612413626,0.0,0.0,1.0,0.0,0.0,0.0
28,15,7.855906528920961,8.859674186634297,0.0,1.0,1.0,0.0,0.0,0.0
29,15,4.094267119068204,9.251123412866749,1.0,1.0,0.0,0.0,0.0,0.0
30,15,9.800360571435316,0.0,0.0,0.0,0.0,0.0,0.0,0.0
31,15,10.909671944583511,3.158756639882078,0.0,0.0,1.0,1.0,0.0,0.0
32,15,9.8382797474992,8.871911624713057,1.0,0.0,1.0,1.0,1.0,1.0
33,15,6.208801286503219,4.712637848893242,1.0,1.0,1.0,0.0,0.0,0.0
34,15,4.689795766650479,8.793629846162597,1.0,1.0,1.0,0.0,0.0,0.0
35,15,11.046915035176744,7.936489612648306,1.0,1.0,0.0,0.0,0.0,0.0
36,15,5.7089290606004335,8.074635563330379,0.0,0.0,0.0,1.0,1.0,1.0
37,15,12.0,4.113609267574538,1.0,0.0,0.0,0.0,0.0,0.0
38,15,3.3542605953995075,0.0,1.0,0.0,1.0,0.0,1.0,0.0
39,15,2.929542377906422,0.7632448403896679,1.0,0.0,0.0,0.0,0.0,0.0
0,20,3.9742191816809207,7.215064843814502,0.0,0.0,0.0,0.0,1.0,0.0
1,20,1.7622296212729862,6.903695857105416,0.0,0.0,0.0,0.0,0.0,0.0
2,20,1.7749788538053384,4.144614027664793,0.0,1.0,0.0,0.0,0.0,0.0
3,20,10.66451810240954,8.927462549584478,0.0,0.0,1.0,0.0,1.0,0.0
4,20,0.0973637885649015,10.238148730078578,0.0,0.0,1.0,0.0,0.0,0.0
5,20,7.769582899595777,6.102105918407674,0.0,1.0,0.0,1.0,0.0,0.0
6,20,10.881168851962393,7.072673584365022,1.0,1.0,1.0,0.0,1.0,0.0
7,20,2.28663514986822,0.0,1.0,0.0,1.0,0.0,0.0,0.0
8,20,5.268186341177552,12.0,0.0,0.0,0.0,0.0,1.0,0.0
9,20,6.798164900775624,3.8355581343787,0.0,1.0,0.0,0.0,1.0,1.0
10,20,5.217107124746846,1.257675578203641,0.0,0.0,0.0,1.0,0.0,0.0
11,20,5.309632428687371,2.648628514425986,1.0,0.0,0.0,0.0,0.0,0.0
12,20,1.0703761753106673,10.155651277998423,0.0,0.0,0.0,1.0,1.0,1.0
13,20,2.0137608199260497,1.0780775782585963,0.0,1.0,1.0,0.0,0.0,1.0
14,20,8.17900622006196,0.8816806876760374,1.0,1.0,0.0,0.0,1.0,1.0
15,20,10.0707978653711,11.845651348359812,1.0,1.0,0.0,0.0,1.0,0.0
16,20,7.043796133955698,1.883958915312696,0.0,0.0,1.0,1.0,1.0,1.0
17,20,8.73652926458948,11.809098870094932,0.0,0.0,1.0,0.0,1.0,0.0
18,20,4.896848740735212,8.74004350365608,1.0,0.0,0.0,0.0,1.0,0.0
19,20,2.128632403536967,1.6539042457614164,0.0,0.0,0.0,1.0,0.0,1.0
20,20,9.06511446360245,1.9876573878366333,0.0,0.0,0.0,1.0,0.0,1.0
21,20,6.8848906275800354,12.0,0.0,1.0,1.0,0.0,0.0,0.0
22,20,5.9679195190315895,7.883815350636784,1.0,1.0,1.0,0.0,0.0,1.0
23,20,11.804239871995527,0.0,0.0,1.0,0.0,1.0,1.0,0.0
24,20,7.39672883441135,6.933193779325521,0.0,1.0,1.0,0.0,1.0,1.0
25,20,4.724955246592088,6.169185037489234,0.0,0.0,0.0,1.0,0.0,0.0
26,20,6.814414687232265,11.26982949710489,1.0,1.0,0.0,1.0,1.0,1.0
27,20,5.146562671515537,8.012477549994978,0.0,0.0,1.0,0.0,0.0,0.0
28,20,7.812347131226426,8.820586793156654,0.0,1.0,1.0,0.0,0.0,0.0
29,20,4.11652812880631,9.309275516806355,1.0,1.0,0.0,0.0,0.0,0.0
30,20,9.71567249857194,0.0,0.0,0.0,0.0,0.0,0.0,0.0
31,20,10.887981754520528,3.195597609152944,0.0,0.0,1.0,1.0,0.0,0.0
32,20,9.793779726814114,8.839005776846072,1.0,0.0,1.0,1.0,1.0,1.0
33,20,6.269722850689632,4.63074506681915,1.0,1.0,1.0,0.0,0.0,0.0
34,20,4.5952542914734815,8.729742355024772,1.0,1.0,1.0,0.0,0.0,0.0
35,20,11.064137241792578,7.912167476960424,1.0,1.0,0.0,0.0,0.0,0.0
36,20,5.629285213785361,8.097136370096136,0.0,0.0,0.0,1.0,1.0,1.0
37,20,12.0,4.133259004277449,1.0,0.0,0.0,0.0,0.0,0.0
38,20,3.456813868049545,0.0,1.0,0.0,1.0,0.0,1.0,0.0
39,20,2.909686799692044,0.6962077091589297,1.0,0.0,0.0,0.0,0.0,0.0
0,25,3.97185633253915,7.237751874072177,0.0,0.0,0.0,0.0,1.0,0.0
1,25,1.7343405854400311,6.891769696272659,0.0,0.0,0.0,0.0,0.0,0.0
2,25,1.725021156494695,4.175424707194947,0.0,1.0,0.0,0.0,0.0,0.0
3,25,10.628583471359518,8.920325554034891,0.0,0.0,1.0,0.0,1.0,0.0
4,25,0.1106451310980524,10.269381352002393,0.0,0.0,1.0,0.0,0.0,0.0
5,25,7.7304633986260445,6.120879170951016,0.0,1.0,0.0,1.0,0.0,0.0
6,25,10.867547209474322,7.080533017984966,1.0,1.0,1.0,0.0,1.0,0.0
7,25,2.3189731924268937,0.0,1.0,0.0,1.0,0.0,0.0,0.0
8,25,5.332141636789201,12.0,0.0,0.0,0.0,0.0,1.0,0.0
9,25,6.754352127914931,3.7997371246935305,0.0,1.0,0.0,0.0,1.0,1.0
10,25,5.259189614055066,1.3120062040924918,0.0,0.0,0.0,1.0,0.0,0.0
11,25,5.3716365476000725,2.581891956935846,1.0,0.0,0.0,0.0,0.0,0.0
12,25,1.0793926476620803,10.173625464206578,0.0,0.0,0.0,1.0,1.0,1.0
13,25,2.017832357747436,1.0990500557027425,0.0,1.0,1.0,0.0,0.0,1.0
14,25,8.229601960628791,0.8476024179178785,1.0,1.0,0.0,0.0,1.0,1.0
15,25,10.081443408273246,11.823994257312318,1.0,1.0,0.0,0.0,1.0,0.0
16,25,7.040306132487066,1.892573171949806,0.0,0.0,1.0,1.0,1.0,1.0
17,25,8.6974633615689,11.77841807804424,0.0,0.0,1.0,0.0,1.0,0.0
18,25,4.87556538562752,8.69035592405412,1.0,0.0,0.0,0.0,1.0,0.0
19,25,2.15409100289208,1.586953749769466,0.0,0.0,0.0,1.0,0.0,1.0
20,25,9.047428271647542,1.9912706547260688,0.0,0.0,0.0,1.0,0.0,1.0
21,25,6.866886797883477,12.0,0.0,1.0,1.0,0.0,0.0,0.0
22,25,5.968202277858134,7.884891954066104,1.0,1.0,1.0,0.0,0.0,1.0
23,25,11.755664758003956,0.0,0.0,1.0,0.0,1.0,1.0,0.0
24,25,7.485564253209017,6.921024251872088,0.0,1.0,1.0,0.0,1.0,1.0
25,25,4.6912770722056525,6.190235455044755,0.0,0.0,0.0,1.0,0.0,0.0
26,25,6.780775612166062,11.319584896927168,1.0,1.0,0.0,1.0,1.0,1.0
27,25,5.1322476394622925,8.011277521221574,0.0,0.0,1.0,0.0,0.0,0.0
28,25,7.758905679431027,8.774006589700388,0.0,1.0,1.0,0.0,0.0,0.0
29,25,4.144225037392525,9.380607168952707,1.0,1.0,0.0,0.0,0.0,0.0
30,25,9.64415433339448,0.0,0.0,0.0,0.0,0.0,0.0,0.0
31,25,10.863966874348804,3.238753254476512,0.0,0.0,1.0,1.0,0.0,0.0
32,25,9.73172908732696,8.794698720248213,1.0,0.0,1.0,1.0,1.0,1.0
33,25,6.335316947376801,4.545919567241207,1.0,1.0,1.0,0.0,0.0,0.0
34,25,4.510013711563645,8.668354450743012,1.0,1.0,1.0,0.0,0.0,0.0
35,25,11.081567103596052,7.888517807605501,1.0,1.0,0.0,0.0,0.0,0.0
36,25,5.537916443298264,8.11989534191203,0.0,0.0,0.0,1.0,1.0,1.0
37,25,12.0,4.153125149004678,1.0,0.0,0.0,0.0,0.0,0.0
38,25,3.570832178995733,0.0,1.0,0.0,1.0,0.0,1.0,0.0
39,25,2.8974715283902217,0.6505280840589797,1.0,0.0,0.0,0.0,0.0,0.0
0,30,3.966446223542024,7.281809767293048,0.0,0.0,0.0,0.0,1.0,0.0
1,30,1.6790126333040138,6.869275453505416,0.0,0.0,0.0,0.0,0.0,0.0
2,30,1.691322558688216,4.196506509028936,0.0,1.0,0.0,0.0,0.0,0.0
3,30,10.600156890879664,8.914684096038664,0.0,0.0,1.0,0.0,1.0,0.0
4,30,0.1210029770799797,10.29518464635764,0.0,0.0,1.0,0.0,0.0,0.0
5,30,7.72185538708189,6.103495646751105,0.0,1.0,0.0,1.0,0.0,0.0
6,30,10.847342859630874,7.092563048333593,1.0,1.0,1.0,0.0,1.0,0.0
7,30,2.359276985467063,0.0,1.0,0.0,1.0,0.0,0.0,0.0
8,30,5.388309441427952,12.0,0.0,0.0,0.0,0.0,1.0,0.0
9,30,6.720498401961533,3.7722596213891024,0.0,1.0,0.0,0.0,1.0,1.0
10,30,5.314247667091864,1.3815538677564132,0.0,0.0,0.0,1.0,0.0,0.0
11,30,5.456866510414391,2.488481274592423,1.0,0.0,0.0,0.0,0.0,0.0
12,30,1.093912372612901,10.202563413434678,0.0,0.0,0.0,1.0,1.0,1.0
13,30,2.021439274471781,1.117988663016261,0.0,1.0,1.0,0.0,0.0,1.0
14,30,8.264924526217685,0.8232143037532296,1.0,1.0,0.0,0.0,1.0,1.0
15,30,10.08260101586452,11.821479983723684,1.0,1.0,0.0,0.0,1.0,0.0
16,30,7.032870512670924,1.91012210304158,0.0,0.0,1.0,1.0,1.0,1.0
17,30,8.679848908822684,11.764698169150426,0.0,0.0,1.0,0.0,1.0,0.0
18,30,4.858852791469358,8.650610470470044,1.0,0.0,0.0,0.0,1.0,0.0
19,30,2.1781925623557785,1.5204502631563854,0.0,0.0,0.0,1.0,0.0,1.0
20,30,9.033730820873242,1.9936600603902728,0.0,0.0,0.0,1.0,0.0,1.0
21,30,6.846026191969244,12.0,0.0,1.0,1.0,0.0,0.0,0.0
22,30,5.969621499458348,7.8901755808122,1.0,1.0,1.0,0.0,0.0,1.0
23,30,11.709446616037448,0.0,0.0,1.0,0.0,1.0,1.0,0.0
24,30,7.574580190999485,6.904629428076516,0.0,1.0,1.0,0.0,1.0,1.0
25,30,4.633350913222238,6.2260884881094665,0.0,0.0,0.0,1.0,0.0,0.0
26,30,6.737547950603328,11.382972812390456,1.0,1.0,0.0,1.0,1.0,1.0
27,30,5.10608670730364,8.009004738112656,0.0,0.0,1.0,0.0,0.0,0.0
28,30,7.709592280712579,8.729323425839672,0.0,1.0,1.0,0.0,0.0,0.0
29,30,4.165594916202366,9.433093126992375,1.0,1.0,0.0,0.0,0.0,0.0
30,30,9.558738118837212,0.0,0.0,0.0,0.0,0.0,0.0,0.0
31,30,10.851954427849403,3.2599289987056026,0.0,0.0,1.0,1.0,0.0,0.0
32,30,9.684214098949909,8.761866541884272,1.0,0.0,1.0,1.0,1.0,1.0
33,30,6.404894632175188,4.461093026061175,1.0,1.0,1.0,0.0,0.0,0.0
34,30,4.413033866943304,8.596854851319709,1.0,1.0,1.0,0.0,0.0,0.0
35,30,11.09283431236671,7.874038850079069,1.0,1.0,0.0,0.0,0.0,0.0
36,30,5.462508973979778,8.14038001731619,0.0,0.0,0.0,1.0,1.0,1.0
37,30,12.0,4.17987716491163,1.0,0.0,0.0,0.0,0.0,0.0
38,30,3.6893326686282606,0.0,1.0,0.0,1.0,0.0,1.0,0.0
39,30,2.884292447669892,0.5959296320308123,1.0,0.0,0.0,0.0,0.0,0.0
0,35,3.959839870245693,7.345587196591112,0.0,0.0,0.0,0.0,1.0,0.0
1,35,1.6013652251803452,6.839296157315137,0.0,0.0,0.0,0.0,0.0,0.0
2,35,1.680870435258188,4.203100334041943,0.0,1.0,0.0,0.0,0.0,0.0
3,35,10.571448188938763,8.908339982690093,0.0,0.0,1.0,0.0,1.0,0.0
4,35,0.1239131294431341,10.30253491989206,0.0,0.0,1.0,0.0,0.0,0.0
5,35,7.710047800328545,6.078799034202982,0.0,1.0,0.0,1.0,0.0,0.0
6,35,10.81737414975472,7.111544786760358,1.0,1.0,1.0,0.0,1.0,0.0
7,35,2.4084726920875563,0.0,1.0,0.0,1.0,0.0,0.0,0.0
8,35,5.423713852684376,12.0,0.0,0.0,0.0,0.0,1.0,0.0
9,35,6.690080705251661,3.7474721939948967,0.0,1.0,0.0,0.0,1.0,1.0
10,35,5.357201275634914,1.4358138554264412,0.0,0.0,0.0,1.0,0.0,0.0
11,35,5.549571451242008,2.3825021052695283,1.0,0.0,0.0,0.0,0.0,0.0
12,35,1.1373918472924105,10.182247938416111,0.0,0.0,0.0,1.0,1.0,1.0
13,35,2.02194280698067,1.120825718846995,0.0,1.0,1.0,0.0,0.0,1.0
14,35,8.323590619641548,0.7833771625099184,1.0,1.0,0.0,0.0,1.0,1.0
15,35,10.082350431329214,11.821996344434938,1.0,1.0,0.0,0.0,1.0,0.0
16,35,7.024432737316659,1.930728472684449,0.0,0.0,1.0,1.0,1.0,1.0
17,35,8.658850756689992,11.748554117940742,0.0,0.0,1.0,0.0,1.0,0.0
18,35,4.843350976911964,8.613076773997303,1.0,0.0,0.0,0.0,1.0,0.0
19,35,2.2066519742687025,1.4400514483288671,0.0,0.0,0.0,1.0,0.0,1.0
20,35,9.009513748381671,1.9976365099519675,0.0,0.0,0.0,1.0,0.0,1.0
21,35,6.830018026779465,12.0,0.0,1.0,1.0,0.0,0.0,0.0
22,35,5.976011104958576,7.9138650771447665,1.0,1.0,1.0,0.0,0.0,1.0
23,35,11.65301586395202,0.0,0.0,1.0,0.0,1.0,1.0,0.0
24,35,7.6512351248077,6.890036120106822,0.0,1.0,1.0,0.0,1.0,1.0
25,35,4.593007686682355,6.249166920648031,0.0,0.0,0.0,1.0,0.0,0.0
26,35,6.68701691223854,11.457138359911555,1.0,1.0,0.0,1.0,1.0,1.0
27,35,5.090458638808766,8.00760669911166,0.0,0.0,1.0,0.0,0.0,0.0
28,35,7.653295770348892,8.679081032004783,0.0,1.0,1.0,0.0,0.0,0.0
29,35,4.195010956147156,9.499319585716355,1.0,1.0,0.0,0.0,0.0,0.0
30,35,9.475682506980505,0.0,0.0,0.0,0.0,0.0,0.0,0.0
31,35,10.83787798038795,3.2840527500082293,0.0,0.0,1.0,1.0,0.0,0.0
32,35,9.6273569407727,8.723678585893879,1.0,0.0,1.0,1.0,1.0,1.0
33,35,6.470456857543539,4.381694294071651,1.0,1.0,1.0,0.0,0.0,0.0
34,35,4.329780672044903,8.53585966416347,1.0,1.0,1.0,0.0,0.0,0.0
35,35,11.117201041249707,7.844883874788803,1.0,1.0,0.0,0.0,0.0,0.0
36,35,5.385366203592457,8.16197466000186,0.0,0.0,0.0,1.0,1.0,1.0
37,35,12.0,4.206347982821559,1.0,0.0,0.0,0.0,0.0,0.0
38,35,3.806856864335306,0.0,1.0,0.0,1.0,0.0,1.0,0.0
39,35,2.87325298186297,0.5468194493594917,1.0,0.0,0.0,0.0,0.0,0.0
0,40,3.9550768233893994,7.399077448191147,0.0,0.0,0.0,0.0,1.0,0.0
1,40,1.5138078900421637,6.803067405750866,0.0,0.0,0.0,0.0,0.0,0.0
2,40,1.650332017301833,4.222399042107238,0.0,1.0,0.0,0.0,0.0,0.0
3,40,10.549370281755884,8.902867679010873,0.0,0.0,1.0,0.0,1.0,0.0
4,40,0.1265827442135094,10.30978891168757,0.0,0.0,1.0,0.0,0.0,0.0
5,40,7.695393398620696,6.046985166931106,0.0,1.0,0.0,1.0,0.0,0.0
6,40,10.78943768002244,7.130514368350454,1.0,1.0,1.0,0.0,1.0,0.0
7,40,2.4511214796944665,0.0,1.0,0.0,1.0,0.0,0.0,0.0
8,40,5.4564579506232,12.0,0.0,0.0,0.0,0.0,1.0,0.0
9,40,6.65399589921648,3.718798271139791,0.0,1.0,0.0,0.0,1.0,1.0
10,40,5.407148001567121,1.5002370620568963,0.0,0.0,0.0,1.0,0.0,0.0
11,40,5.646483546521972,2.2665484953671973,1.0,0.0,0.0,0.0,0.0,0.0
12,40,1.1840717932856828,10.161549365407492,0.0,0.0,0.0,1.0,1.0,1.0
13,40,2.0216626716706103,1.119166369376159,0.0,1.0,1.0,0.0,0.0,1.0
14,40,8.399561492248376,0.733173242297507,1.0,1.0,0.0,0.0,1.0,1.0
15,40,10.083432577901972,11.819701474821745,1.0,1.0,0.0,0.0,1.0,0.0
16,40,7.020533297147175,1.9395818222451744,0.0,0.0,1.0,1.0,1.0,1.0
17,40,8.633070725600875,11.728694765097613,0.0,0.0,1.0,0.0,1.0,0.0
18,40,4.830644366717954,8.582882168626828,1.0,0.0,0.0,0.0,1.0,0.0
19,40,2.2216393888460244,1.3909498911030258,0.0,0.0,0.0,1.0,0.0,1.0
20,40,8.938413188587422,2.0091044018112774,0.0,0.0,0.0,1.0,0.0,1.0
21,40,6.816484661248796,12.0,0.0,1.0,1.0,0.0,0.0,0.0
22,40,5.98236069412555,7.941262153161181,1.0,1.0,1.0,0.0,0.0,1.0
23,40,11.58763755164208,0.0,0.0,1.0,0.0,1.0,1.0,0.0
24,40,7.740041322539159,6.873473070794942,0.0,1.0,1.0,0.0,1.0,1.0
25,40,4.582339141048245,6.25521165640289,0.0,0.0,0.0,1.0,0.0,0.0
26,40,6.637100999099163,11.527058349057604,1.0,1.0,0.0,1.0,1.0,1.0
27,40,5.080310603246513,8.006533667755674,0.0,0.0,1.0,0.0,0.0,0.0
28,40,7.593724380491026,8.624539832927105,0.0,1.0,1.0,0.0,0.0,0.0
29,40,4.221857614410911,9.56447427179806,1.0,1.0,0.0,0.0,0.0,0.0
30,40,9.356150863040886,0.0,0.0,0.0,0.0,0.0,0.0,0.0
31,40,10.815913460130275,3.321239856521032,0.0,0.0,1.0,1.0,0.0,0.0
32,40,9.568136230290731,8.683810316546802,1.0,0.0,1.0,1.0,1.0,1.0
33,40,6.515851916798929,4.326022680704732,1.0,1.0,1.0,0.0,0.0,0.0
34,40,4.258516452245955,8.48575579674273,1.0,1.0,1.0,0.0,0.0,0.0
35,40,11.141638880850603,7.817327817988647,1.0,1.0,0.0,0.0,0.0,0.0
36,40,5.321013289816207,8.180711717349848,0.0,0.0,0.0,1.0,1.0,1.0
37,40,12.0,4.235164267083476,1.0,0.0,0.0,0.0,0.0,0.0
38,40,3.900496199990082,0.0,1.0,0.0,1.0,0.0,1.0,0.0
39,40,2.858971430903277,0.4730986769333384,1.0,0.0,0.0,0.0,0.0,0.0
0,45,3.95103982733348,7.461424919620517,0.0,0.0,0.0,0.0,1.0,0.0
1,45,1.4409541341566323,6.770960453321833,0.0,0.0,0.0,0.0,0.0,0.0
2,45,1.636467203350829,4.230978736165523,0.0,1.0,0.0,0.0,0.0,0.0
3,45,10.542280185803332,8.901027843358,0.0,0.0,1.0,0.0,1.0,0.0
4,45,0.124753967823373,10.304962115360745,0.0,0.0,1.0,0.0,0.0,0.0
5,45,7.685754151416755,6.0265359357934285,0.0,1.0,0.0,1.0,0.0,0.0
6,45,10.750940044228516,7.156735777202061,1.0,1.0,1.0,0.0,1.0,0.0
7,45,2.4886751990088403,0.0,1.0,0.0,1.0,0.0,0.0,0.0
8,45,5.48144403523168,12.0,0.0,0.0,0.0,0.0,1.0,0.0
9,45,6.619934766100699,3.691825919132095,0.0,1.0,0.0,0.0,1.0,1.0
10,45,5.468405364541387,1.5841732645150084,0.0,0.0,0.0,1.0,0.0,0.0
11,45,5.758237738141922,2.1332341873820533,1.0,0.0,0.0,0.0,0.0,0.0
12,45,1.2481025802669297,10.1355006488841,0.0,0.0,0.0,1.0,1.0,1.0
13,45,2.0206618779015866,1.1135478888572907,0.0,1.0,1.0,0.0,0.0,1.0
14,45,8.485126821676982,0.6750595718240933,1.0,1.0,0.0,0.0,1.0,1.0
15,45,10.076983640022332,11.83296950153753,1.0,1.0,0.0,0.0,1.0,0.0
16,45,7.013585118277349,1.9541242344318417,0.0,0.0,1.0,1.0,1.0,1.0
17,45,8.601391181803631,11.703232195699652,0.0,0.0,1.0,0.0,1.0,0.0
18,45,4.825800395759042,8.572196341246684,1.0,0.0,0.0,0.0,1.0,0.0
19,45,2.229181137967834,1.3651663820020172,0.0,0.0,0.0,1.0,0.0,1.0
20,45,8.875614653818518,2.018655982650807,0.0,0.0,0.0,1.0,0.0,1.0
21,45,6.802075658576889,12.0,0.0,1.0,1.0,0.0,0.0,0.0
22,45,5.99240990237884,7.988103807991234,1.0,1.0,1.0,0.0,0.0,1.0
23,45,11.519989025620324,0.0,0.0,1.0,0.0,1.0,1.0,0.0
24,45,7.819958477883429,6.858983391531895,0.0,1.0,1.0,0.0,1.0,1.0
25,45,4.574381338248673,6.259841725828258,0.0,0.0,0.0,1.0,0.0,0.0
26,45,6.588237371463794,11.593931690185748,1.0,1.0,0.0,1.0,1.0,1.0
27,45,5.075043036884309,8.005929087659773,0.0,0.0,1.0,0.0,0.0,0.0
28,45,7.536646212940545,8.571921977666323,0.0,1.0,1.0,0.0,0.0,0.0
29,45,4.247331369493882,9.62589188736751,1.0,1.0,0.0,0.0,0.0,0.0
30,45,9.248867084754313,0.0,0.0,0.0,0.0,0.0,0.0,0.0
31,45,10.790506437826055,3.3639898511309374,0.0,0.0,1.0,1.0,0.0,0.0
32,45,9.491751773851798,8.63307455780513,1.0,0.0,1.0,1.0,1.0,1.0
33,45,6.575951588203277,4.254219617542966,1.0,1.0,1.0,0.0,0.0,0.0
34,45,4.175518106428296,8.428367347992403,1.0,1.0,1.0,0.0,0.0,0.0
35,45,11.181526620797271,7.770583438593875,1.0,1.0,0.0,0.0,0.0,0.0
36,45,5.259128940859473,8.198168373064687,0.0,0.0,0.0,1.0,1.0,1.0
37,45,12.0,4.271308107387715,1.0,0.0,0.0,0.0,0.0,0.0
38,45,3.983351267104751,0.0,1.0,0.0,1.0,0.0,1.0,0.0
39,45,2.8491148677010063,0.4197579641085928,1.0,0.0,0.0,0.0,0.0,0.0
0,50,3.9464434643533566,7.524391295313489,0.0,0.0,0.0,0.0,1.0,0.0
1,50,1.3646404405163486,6.738980736016601,0.0,0.0,0.0,0.0,0.0,0.0
2,50,1.6306868044221423,4.234228672197014,0.0,1.0,0.0,0.0,0.0,0.0
3,50,10.5598471979859,8.905621633913892,0.0,0.0,1.0,0.0,1.0,0.0
4,50,0.1218012991389699,10.297730532719529,0.0,0.0,1.0,0.0,0.0,0.0
5,50,7.678029753594359,6.0105980296917645,0.0,1.0,0.0,1.0,0.0,0.0
6,50,10.718179429166712,7.178398830929347,1.0,1.0,1.0,0.0,1.0,0.0
7,50,2.5254185645549674,0.0,1.0,0.0,1.0,0.0,0.0,0.0
8,50,5.503287822629608,12.0,0.0,0.0,0.0,0.0,1.0,0.0
9,50,6.601376043400885,3.676984232819352,0.0,1.0,0.0,0.0,1.0,1.0
10,50,5.533807782863731,1.6675695112170212,0.0,0.0,0.0,1.0,0.0,0.0
11,50,5.86447992162462,2.013095734074433,1.0,0.0,0.0,0.0,0.0,0.0
12,50,1.3232481735217767,10.104876639215204,0.0,0.0,0.0,1.0,1.0,1.0
13,50,2.0130299386151944,1.0766569237577932,0.0,1.0,1.0,0.0,0.0,1.0
14,50,8.582113283854433,0.6108055888468772,1.0,1.0,0.0,0.0,1.0,1.0
15,50,10.073844788688142,11.839157924039382,1.0,1.0,0.0,0.0,1.0,0.0
16,50,7.010706309360559,1.959663706059022,0.0,0.0,1.0,1.0,1.0,1.0
17,50,8.570778125775671,11.678743878014387,0.0,0.0,1.0,0.0,1.0,0.0
18,50,4.82045476776486,8.560951487156416,1.0,0.0,0.0,0.0,1.0,0.0
19,50,2.233234656993016,1.351964358974518,0.0,0.0,0.0,1.0,0.0,1.0
20,50,8.822184114280649,2.0273931439435118,0.0,0.0,0.0,1.0,0.0,1.0
21,50,6.788531960772051,12.0,0.0,1.0,1.0,0.0,0.0,0.0
22,50,6.00399862937044,8.042279899510909,1.0,1.0,1.0,0.0,0.0,1.0
23,50,11.448458059806493,0.0,0.0,1.0,0.0,1.0,1.0,0.0
24,50,7.893615730149456,6.846703327809756,0.0,1.0,1.0,0.0,1.0,1.0
25,50,4.572534885387056,6.260876079360046,0.0,0.0,0.0,1.0,0.0,0.0
26,50,6.535208524948696,11.664916341879191,1.0,1.0,0.0,1.0,1.0,1.0
27,50,5.068929637458387,8.00524687448416,0.0,0.0,1.0,0.0,0.0,0.0
28,50,7.480851726542472,8.51923939437297,0.0,1.0,1.0,0.0,0.0,0.0
29,50,4.27575222230044,9.693853976933262,1.0,1.0,0.0,0.0,0.0,0.0
30,50,9.143804918353474,0.0,0.0,0.0,0.0,0.0,0.0,0.0
31,50,10.757993448150003,3.4184125079305496,0.0,0.0,1.0,1.0,0.0,0.0
32,50,9.417469758805872,8.581651079073204,1.0,0.0,1.0,1.0,1.0,1.0
33,50,6.641728596488998,4.178602917230683,1.0,1.0,1.0,0.0,0.0,0.0
34,50,4.1012925754042,8.37664771761354,1.0,1.0,1.0,0.0,0.0,0.0
35,50,11.21670734694987,7.729895143852381,1.0,1.0,0.0,0.0,0.0,0.0
36,50,5.208706804698169,8.213666275509977,0.0,0.0,0.0,1.0,1.0,1.0
37,50,12.0,4.307098111933942,1.0,0.0,0.0,0.0,0.0,0.0
38,50,4.073976991002482,0.0,1.0,0.0,1.0,0.0,1.0,0.0
39,50,2.8382824824705386,0.3605522668376943,1.0,0.0,0.0,0.0,0.0,0.0
0,55,3.9414283643592136,7.595495867462037,0.0,0.0,0.0,0.0,1.0,0.0
1,55,1.3016094345704308,6.710486020710429,0.0,0.0,0.0,0.0,0.0,0.0
2,55,1.6135460819055134,4.244231249601407,0.0,1.0,0.0,0.0,0.0,0.0
3,55,10.577227803999728,8.91028572177124,0.0,0.0,1.0,0.0,1.0,0.0
4,55,0.1224915331085784,10.299490272464237,0.0,0.0,1.0,0.0,0.0,0.0
5,55,7.674818741190568,6.003896505874079,0.0,1.0,0.0,1.0,0.0,0.0
6,55,10.690313216033545,7.19715480927794,1.0,1.0,1.0,0.0,1.0,0.0
7,55,2.585726204032941,0.0,1.0,0.0,1.0,0.0,0.0,0.0
8,55,5.517239951927341,12.0,0.0,0.0,0.0,0.0,1.0,0.0
9,55,6.557776726598764,3.643870826789379,0.0,1.0,0.0,0.0,1.0,1.0
10,55,5.591505950744119,1.7430315586491665,0.0,0.0,0.0,1.0,0.0,0.0
11,55,5.964423584258909,1.8945236075397869,1.0,0.0,0.0,0.0,0.0,0.0
12,55,1.4155169249566566,10.06665810518219,0.0,0.0,0.0,1.0,1.0,1.0
13,55,2.0024181908033025,1.024221534399978,0.0,1.0,1.0,0.0,0.0,1.0
14,55,8.656917804802239,0.5600638456606714,1.0,1.0,0.0,0.0,1.0,1.0
15,55,10.069705591184992,11.847791368697266,1.0,1.0,0.0,0.0,1.0,0.0
16,55,7.004552401783169,1.9716301268747212,0.0,0.0,1.0,1.0,1.0,1.0
17,55,8.537291048951628,11.65080195500365,0.0,0.0,1.0,0.0,1.0,0.0
18,55,4.816870079706127,8.553463670259148,1.0,0.0,0.0,0.0,1.0,0.0
19,55,2.2376988799800834,1.3374187902101584,0.0,0.0,0.0,1.0,0.0,1.0
20,55,8.779106388971512,2.035702004029004,0.0,0.0,0.0,1.0,0.0,1.0
21,55,6.776107662010458,12.0,0.0,1.0,1.0,0.0,0.0,0.0
22,55,6.017420064500406,8.101588568978494,1.0,1.0,1.0,0.0,0.0,1.0
23,55,11.377968081213348,0.0,0.0,1.0,0.0,1.0,1.0,0.0
24,55,7.963629841273866,6.836419948096125,0.0,1.0,1.0,0.0,1.0,1.0
25,55,4.573352697590877,6.260411379405266,0.0,0.0,0.0,1.0,0.0,0.0
26,55,6.490791954013631,11.7259370649488,1.0,1.0,0.0,1.0,1.0,1.0
27,55,5.083424222815799,8.0073024999537,0.0,0.0,1.0,0.0,0.0,0.0
28,55,7.411411689877597,8.453144737507971,0.0,1.0,1.0,0.0,0.0,0.0
29,55,4.291687690827671,9.732342198700248,1.0,1.0,0.0,0.0,0.0,0.0
30,55,9.0574660827271,0.0,0.0,0.0,0.0,0.0,0.0,0.0
31,55,10.729103693761818,3.465754156344898,0.0,0.0,1.0,1.0,0.0,0.0
32,55,9.34463172307889,8.532016243876514,1.0,0.0,1.0,1.0,1.0,1.0
33,55,6.718813509378986,4.08897955773665,1.0,1.0,1.0,0.0,0.0,0.0
34,55,4.0468996121822105,8.454271296436568,1.0,1.0,1.0,0.0,0.0,0.0
35,55,11.255350699334748,7.68618741708848,1.0,1.0,0.0,0.0,0.0,0.0
36,55,5.151862028208498,8.22890035048858,0.0,0.0,0.0,1.0,1.0,1.0
37,55,12.0,4.3432453983271255,1.0,0.0,0.0,0.0,0.0,0.0
38,55,4.151585266247352,0.0,1.0,0.0,1.0,0.0,1.0,0.0
39,55,2.828641781397329,0.2949763371167238,1.0,0.0,0.0,0.0,0.0,0.0
0,60,3.938069464180144,7.667726799398768,0.0,0.0,0.0,0.0,1.0,0.0
1,60,1.23746360593652,6.681942221050745,0.0,0.0,0.0,0.0,0.0,0.0
2,60,1.6028843860124469,4.250298421324643,0.0,1.0,0.0,0.0,0.0,0.0
3,60,10.605437777327566,8.917912381230481,0.0,0.0,1.0,0.0,1.0,0.0
4,60,0.1278909715863781,10.31222185538038,0.0,0.0,1.0,0.0,0.0,0.0
5,60,7.675148298708369,6.004618049278941,0.0,1.0,0.0,1.0,0.0,0.0
6,60,10.671181686708804,7.209724907764047,1.0,1.0,1.0,0.0,1.0,0.0
7,60,2.6358736153041704,0.0,1.0,0.0,1.0,0.0,0.0,0.0
8,60,5.529720427065184,12.0,0.0,0.0,0.0,0.0,1.0,0.0
9,60,6.505047607432693,3.601586243868508,0.0,1.0,0.0,0.0,1.0,1.0
10,60,5.65620195430355,1.8248084485633052,0.0,0.0,0.0,1.0,0.0,0.0
11,60,6.067202733834162,1.7751024305241634,1.0,0.0,0.0,0.0,0.0,0.0
12,60,1.4964328451427866,10.031317379305294,0.0,0.0,0.0,1.0,1.0,1.0
13,60,1.9900646127709076,0.9629851519840528,0.0,1.0,1.0,0.0,0.0,1.0
14,60,8.751931360702908,0.4934520062882682,1.0,1.0,0.0,0.0,1.0,1.0
15,60,10.064493455383452,11.858322597348124,1.0,1.0,0.0,0.0,1.0,0.0
16,60,6.997559277733651,1.9853333266844957,0.0,0.0,1.0,1.0,1.0,1.0
17,60,8.48245240062819,11.60612035514187,0.0,0.0,1.0,0.0,1.0,0.0
18,60,4.83038331690264,8.581789283324193,1.0,0.0,0.0,0.0,1.0,0.0
19,60,2.2405705712182837,1.3279086232229689,0.0,0.0,0.0,1.0,0.0,1.0
20,60,8.740546466220737,2.0431339188132327,0.0,0.0,0.0,1.0,0.0,1.0
21,60,6.7614344428567925,12.0,0.0,1.0,1.0,0.0,0.0,0.0
22,60,6.031462051847841,8.169330243646003,1.0,1.0,1.0,0.0,0.0,1.0
23,60,11.30216180024531,0.0,0.0,1.0,0.0,1.0,1.0,0.0
24,60,8.046631483893378,6.825224806048384,0.0,1.0,1.0,0.0,1.0,1.0
25,60,4.560212822728011,6.267903602157614,0.0,0.0,0.0,1.0,0.0,0.0
26,60,6.467937586694777,11.758719537802657,1.0,1.0,0.0,1.0,1.0,1.0
27,60,5.096668680064215,8.009212194234596,0.0,0.0,1.0,0.0,0.0,0.0
28,60,7.358805526612903,8.400813447207431,0.0,1.0,1.0,0.0,0.0,0.0
29,60,4.312288841709719,9.780414125387177,1.0,1.0,0.0,0.0,0.0,0.0
30,60,8.988746988752288,0.0,0.0,0.0,0.0,0.0,0.0,0.0
31,60,10.70820339295268,3.502813465398096,0.0,0.0,1.0,1.0,0.0,0.0
32,60,9.277684508566288,8.488349825408196,1.0,0.0,1.0,1.0,1.0,1.0
33,60,6.790784938777698,4.003432699105798,1.0,1.0,1.0,0.0,0.0,0.0
34,60,3.9810351603012735,8.546377646351058,1.0,1.0,1.0,0.0,0.0,0.0
35,60,11.292710677035616,7.64431306899121,1.0,1.0,0.0,0.0,0.0,0.0
36,60,5.090886871579596,8.24293085022971,0.0,0.0,0.0,1.0,1.0,1.0
37,60,12.0,4.376895695888952,1.0,0.0,0.0,0.0,0.0,0.0
38,60,4.191996733811052,0.0,1.0,0.0,1.0,0.0,1.0,0.0
39,60,2.821654167939839,0.2422292885135091,1.0,0.0,0.0,0.0,0.0,0.0
0,65,3.932827512002557,7.750369699163729,0.0,0.0,0.0,0.0,1.0,0.0
1,65,1.1588130035597966,6.644823644953751,0.0,0.0,0.0,0.0,0.0,0.0
2,65,1.5957133927939935,4.254691056625779,0.0,1.0,0.0,0.0,0.0,0.0
3,65,10.639025711505107,8.926674099549748,0.0,0.0,1.0,0.0,1.0,0.0
4,65,0.1298522394615502,10.317122881662032,0.0,0.0,1.0,0.0,0.0,0.0
5,65,7.6764524039817825,6.007336645948226,0.0,1.0,0.0,1.0,0.0,0.0
6,65,10.653348804223084,7.221365909145857,1.0,1.0,1.0,0.0,1.0,0.0
7,65,2.6907183031290067,0.0,1.0,0.0,1.0,0.0,0.0,0.0
8,65,5.548800445221668,12.0,0.0,0.0,0.0,0.0,1.0,0.0
9,65,6.451326243233445,3.5576363432437352,0.0,1.0,0.0,0.0,1.0,1.0
10,65,5.720807000831053,1.9035988818615928,0.0,0.0,0.0,1.0,0.0,0.0
11,65,6.180056802626802,1.6418760318333006,1.0,0.0,0.0,0.0,0.0,0.0
12,65,1.593579504867901,9.987928346838244,0.0,0.0,0.0,1.0,1.0,1.0
13,65,1.9804460613324624,0.9149314148788584,0.0,1.0,1.0,0.0,0.0,1.0
14,65,8.844179813394755,0.4290990563755226,1.0,1.0,0.0,0.0,1.0,1.0
15,65,10.06263387726656,11.861930565594504,1.0,1.0,0.0,0.0,1.0,0.0
16,65,6.999627975493281,1.9812822162455064,0.0,0.0,1.0,1.0,1.0,1.0
17,65,8.428378582415418,11.560875811621274,0.0,0.0,1.0,0.0,1.0,0.0
18,65,4.844148186667483,8.610301995768937,1.0,0.0,0.0,0.0,1.0,0.0
19,65,2.252797082787695,1.2898335793675506,0.0,0.0,0.0,1.0,0.0,1.0
20,65,8.71391233703107,2.0496230657339547,0.0,0.0,0.0,1.0,0.0,1.0
21,65,6.803041296100728,12.0,0.0,1.0,1.0,0.0,0.0,0.0
22,65,6.044492068211622,8.239048494084994,1.0,1.0,1.0,0.0,0.0,1.0
23,65,11.240582663753097,0.0,0.0,1.0,0.0,1.0,1.0,0.0
24,65,8.134970712288679,6.812442323150598,0.0,1.0,1.0,0.0,1.0,1.0
25,65,4.550454565690117,6.273310941564834,0.0,0.0,0.0,1.0,0.0,0.0
26,65,6.447331225114589,11.788044827520746,1.0,1.0,0.0,1.0,1.0,1.0
27,65,5.122828203286207,8.013249070527722,0.0,0.0,1.0,0.0,0.0,0.0
28,65,7.313218221433734,8.355982836868444,0.0,1.0,1.0,0.0,0.0,0.0
29,65,4.33753772024464,9.83718378148144,1.0,1.0,0.0,0.0,0.0,0.0
30,65,8.917594356774037,0.0,0.0,0.0,0.0,0.0,0.0,0.0
31,65,10.678511336510152,3.55610126441851,0.0,0.0,1.0,1.0,0.0,0.0
32,65,9.224781319254175,8.454241020171214,1.0,0.0,1.0,1.0,1.0,1.0
33,65,6.883904522790943,3.901297110302629,1.0,1.0,1.0,0.0,0.0,0.0
34,65,3.925685793768485,8.625547449318221,1.0,1.0,1.0,0.0,0.0,0.0
35,65,11.332945661143295,7.600186595178036,1.0,1.0,0.0,0.0,0.0,0.0
36,65,5.040975883193301,8.255771061187334,0.0,0.0,0.0,1.0,1.0,1.0
37,65,12.0,4.323065755220119,1.0,0.0,0.0,0.0,0.0,0.0
38,65,4.1712773022746745,0.0,1.0,0.0,1.0,0.0,1.0,0.0
39,65,2.8129128906267584,0.1786325134419063,1.0,0.0,0.0,0.0,0.0,0.0
0,70,3.927033920055947,7.844446131132225,0.0,0.0,0.0,0.0,1.0,0.0
1,70,1.082062916223277,6.606883375440361,0.0,0.0,0.0,0.0,0.0,0.0
2,70,1.5962642121058024,4.254359540321121,0.0,1.0,0.0,0.0,0.0,0.0
3,70,10.674298619501144,8.936221616790297,0.0,0.0,1.0,0.0,1.0,0.0
4,70,0.1403887392885348,10.344207937281675,0.0,0.0,1.0,0.0,0.0,0.0
5,70,7.679770155328026,6.014220778344989,0.0,1.0,0.0,1.0,0.0,0.0
6,70,10.612655455081187,7.249228814720234,1.0,1.0,1.0,0.0,1.0,0.0
7,70,2.721297307917568,0.0,1.0,0.0,1.0,0.0,0.0,0.0
8,70,5.584700533485351,12.0,0.0,0.0,0.0,0.0,1.0,0.0
9,70,6.373721168323578,3.492835549340813,0.0,1.0,0.0,0.0,1.0,1.0
10,70,5.79690345272178,1.9964584370794305,0.0,0.0,0.0,1.0,0.0,0.0
11,70,6.276367913982785,1.5270850823616766,1.0,0.0,0.0,0.0,0.0,0.0
12,70,1.6954816197149507,9.941703408841027,0.0,0.0,0.0,1.0,1.0,1.0
13,70,1.974781568015252,0.8820894231658191,0.0,1.0,1.0,0.0,0.0,1.0
14,70,8.956687101950417,0.3479046942231686,1.0,1.0,0.0,0.0,1.0,1.0
15,70,10.058940203826324,11.86972259845293,1.0,1.0,0.0,0.0,1.0,0.0
16,70,7.001930092243722,1.976695382613874,0.0,0.0,1.0,1.0,1.0,1.0
17,70,8.376363121492696,11.518315438150408,0.0,0.0,1.0,0.0,1.0,0.0
18,70,4.849748636156775,8.622023182621886,1.0,0.0,0.0,0.0,1.0,0.0
19,70,2.28055522981529,1.298660321547917,0.0,0.0,0.0,1.0,0.0,1.0
20,70,8.688153001482442,2.057270826121398,0.0,0.0,0.0,1.0,0.0,1.0
21,70,6.8274370245125136,12.0,0.0,1.0,1.0,0.0,0.0,0.0
22,70,6.055465758597569,8.305272600878132,1.0,1.0,1.0,0.0,0.0,1.0
23,70,11.171184146072134,0.0,0.0,1.0,0.0,1.0,1.0,0.0
24,70,8.232409635308379,6.798924184046242,0.0,1.0,1.0,0.0,1.0,1.0
25,70,4.53511869057853,6.281909677814608,0.0,0.0,0.0,1.0,0.0,0.0
26,70,6.4263128447767,11.81964582788429,1.0,1.0,0.0,1.0,1.0,1.0
27,70,5.169036526169672,8.0209145575581,0.0,0.0,1.0,0.0,0.0,0.0
28,70,7.241028496429075,8.42785954857265,0.0,1.0,1.0,0.0,0.0,0.0
29,70,4.3507337705428535,9.863448516447583,1.0,1.0,0.0,0.0,0.0,0.0
30,70,8.846242836566775,0.0,0.0,0.0,0.0,0.0,0.0,0.0
31,70,10.648516304758706,3.608933140017081,0.0,0.0,1.0,1.0,0.0,0.0
32,70,9.194238668432533,8.434219818630059,1.0,0.0,1.0,1.0,1.0,1.0
33,70,6.97913966214911,3.7970761092422514,1.0,1.0,1.0,0.0,0.0,0.0
34,70,3.8751642826483854,8.694555607783258,1.0,1.0,1.0,0.0,0.0,0.0
35,70,11.35589647387346,7.573696253922547,1.0,1.0,0.0,0.0,0.0,0.0
36,70,5.0043641479598415,8.26570274650261,0.0,0.0,0.0,1.0,1.0,1.0
37,70,12.0,4.2292220342324525,1.0,0.0,0.0,0.0,0.0,0.0
38,70,4.159052204484491,0.0,1.0,0.0,1.0,0.0,1.0,0.0
39,70,2.8078634489679057,0.1310948763508473,1.0,0.0,0.0,0.0,0.0,0.0
0,75,3.9249223992106086,7.948427860725825,0.0,0.0,0.0,0.0,1.0,0.0
1,75,1.0265801674763302,6.578154285883991,0.0,0.0,0.0,0.0,0.0,0.0
2,75,1.590256408491909,4.257946914566197,0.0,1.0,0.0,0.0,0.0,0.0
3,75,10.7182844195091,8.948400923850798,0.0,0.0,1.0,0.0,1.0,0.0
4,75,0.1613124039028775,10.399430944363525,0.0,0.0,1.0,0.0,0.0,0.0
5,75,7.6773487968543614,6.009148695223907,0.0,1.0,0.0,1.0,0.0,0.0
6,75,10.567692176808087,7.278101931039279,1.0,1.0,1.0,0.0,1.0,0.0
7,75,2.766724125149907,0.0,1.0,0.0,1.0,0.0,0.0,0.0
8,75,5.626780980664468,12.0,0.0,0.0,0.0,0.0,1.0,0.0
9,75,6.302797061789304,3.438030549847236,0.0,1.0,0.0,0.0,1.0,1.0
10,75,5.865883984379011,2.0828441934251463,0.0,0.0,0.0,1.0,0.0,0.0
11,75,6.37057148047883,1.4111528131977469,1.0,0.0,0.0,0.0,0.0,0.0
12,75,1.8100464241397167,9.886412601498703,0.0,0.0,0.0,1.0,1.0,1.0
13,75,1.967524721106695,0.8414457535601513,0.0,1.0,1.0,0.0,0.0,1.0
14,75,9.062092986769372,0.2749492270634014,1.0,1.0,0.0,0.0,1.0,1.0
15,75,10.044679554359808,11.900104539063188,1.0,1.0,0.0,0.0,1.0,0.0
16,75,6.992737173431429,1.9946604948353877,0.0,0.0,1.0,1.0,1.0,1.0
17,75,8.330161098335218,11.480469314253876,0.0,0.0,1.0,0.0,1.0,0.0
18,75,4.8555338284276734,8.633850569919069,1.0,0.0,0.0,0.0,1.0,0.0
19,75,2.3061498929780075,1.307197790994029,0.0,0.0,0.0,1.0,0.0,1.0
20,75,8.652492983787937,2.068199917522489,0.0,0.0,0.0,1.0,0.0,1.0
21,75,6.834392015125696,11.983514313144914,0.0,1.0,1.0,0.0,0.0,0.0
22,75,6.066940616708552,8.364093800509265,1.0,1.0,1.0,0.0,0.0,1.0
23,75,11.110537823364307,0.0,0.0,1.0,0.0,1.0,1.0,0.0
24,75,8.32859520763471,6.782681167088935,0.0,1.0,1.0,0.0,1.0,1.0
25,75,4.512366766645042,6.294967417227688,0.0,0.0,0.0,1.0,0.0,0.0
26,75,6.402626895545374,11.855142993931226,1.0,1.0,0.0,1.0,1.0,1.0
27,75,5.220958963940933,8.028114590794635,0.0,0.0,1.0,0.0,0.0,0.0
28,75,7.159738158122548,8.50880071665997,0.0,1.0,1.0,0.0,0.0,0.0
29,75,4.366212283406928,9.894517540380049,1.0,1.0,0.0,0.0,0.0,0.0
30,75,8.777382366886957,0.0,0.0,0.0,0.0,0.0,0.0,0.0
31,75,10.6215336754188,3.659294491677672,0.0,0.0,1.0,1.0,0.0,0.0
32,75,9.157812114063972,8.410145496740629,1.0,0.0,1.0,1.0,1.0,1.0
33,75,7.090450252014453,3.6741268132658376,1.0,1.0,1.0,0.0,0.0,0.0
34,75,3.835254541107597,8.74940445773704,1.0,1.0,1.0,0.0,0.0,0.0
35,75,11.374626129787265,7.552228535109561,1.0,1.0,0.0,0.0,0.0,0.0
36,75,4.9597592892213385,8.277587291593408,0.0,0.0,0.0,1.0,1.0,1.0
37,75,12.0,4.144005345764746,1.0,0.0,0.0,0.0,0.0,0.0
38,75,4.143927834548049,0.0,1.0,0.0,1.0,0.0,1.0,0.0
39,75,2.800119886629554,0.0722712099771485,1.0,0.0,0.0,0.0,0.0,0.0
0,80,3.925045356705996,8.054486962645287,0.0,0.0,0.0,0.0,1.0,0.0
1,80,0.9665122369167396,6.548610594931036,0.0,0.0,0.0,0.0,0.0,0.0
2,80,1.57852196692599,4.265223648465507,0.0,1.0,0.0,0.0,0.0,0.0
3,80,10.780319969571426,8.963762328201717,0.0,0.0,1.0,0.0,1.0,0.0
4,80,0.18676111897765,10.465863995780632,0.0,0.0,1.0,0.0,0.0,0.0
5,80,7.674489371348331,6.002103430665585,0.0,1.0,0.0,1.0,0.0,0.0
6,80,10.505909661588182,7.319974093198444,1.0,1.0,1.0,0.0,1.0,0.0
7,80,2.8176718756604617,0.0,1.0,0.0,1.0,0.0,0.0,0.0
8,80,5.65998729105497,12.0,0.0,0.0,0.0,0.0,1.0,0.0
9,80,6.210251170145919,3.3671755759180906,0.0,1.0,0.0,0.0,1.0,1.0
10,80,5.924498095813512,2.160342506066535,0.0,0.0,0.0,1.0,0.0,0.0
11,80,6.486220235788068,1.2652834560875883,1.0,0.0,0.0,0.0,0.0,0.0
12,80,1.926815839951324,9.827551997776377,0.0,0.0,0.0,1.0,1.0,1.0
13,80,1.9594927193496547,0.7984209976112226,0.0,1.0,1.0,0.0,0.0,1.0
14,80,9.168356919472878,0.2023741604656582,1.0,1.0,0.0,0.0,1.0,1.0
15,80,10.034283087992018,11.924083518349558,1.0,1.0,0.0,0.0,1.0,0.0
16,80,6.980068954022249,2.0190304664097143,0.0,0.0,1.0,1.0,1.0,1.0
17,80,8.299316412848997,11.45542000532658,0.0,0.0,1.0,0.0,1.0,0.0
18,80,4.8583991889113705,8.639837982863261,1.0,0.0,0.0,0.0,1.0,0.0
19,80,2.342498329891769,1.3199713786795169,0.0,0.0,0.0,1.0,0.0,1.0
20,80,8.606392863380751,2.0818467604987445,0.0,0.0,0.0,1.0,0.0,1.0
21,80,6.850300351508733,11.945550930326563,0.0,1.0,1.0,0.0,0.0,0.0
22,80,6.080974086216457,8.43340008417874,1.0,1.0,1.0,0.0,0.0,1.0
23,80,11.051559950459662,0.0,0.0,1.0,0.0,1.0,1.0,0.0
24,80,8.435773713039042,6.7659425795633465,0.0,1.0,1.0,0.0,1.0,1.0
25,80,4.490285746681049,6.30655246130157,0.0,0.0,0.0,1.0,0.0,0.0
26,80,6.3867182821417785,11.878260727713531,1.0,1.0,0.0,1.0,1.0,1.0
27,80,5.268151864650059,8.034427001810617,0.0,0.0,1.0,0.0,0.0,0.0
28,80,7.066667050412053,8.59697219126162,0.0,1.0,1.0,0.0,0.0,0.0
29,80,4.381202144109082,9.922640097227946,1.0,1.0,0.0,0.0,0.0,0.0
30,80,8.714814987447616,0.0,0.0,0.0,0.0,0.0,0.0,0.0
31,80,10.594360224076851,3.711140157475344,0.0,0.0,1.0,1.0,0.0,0.0
32,80,9.12179021739144,8.38545277597797,1.0,0.0,1.0,1.0,1.0,1.0
33,80,7.199684704482939,3.558481563949373,1.0,1.0,1.0,0.0,0.0,0.0
34,80,3.78903545960951,8.815707477705157,1.0,1.0,1.0,0.0,0.0,0.0
35,80,11.385685273626962,7.539221055449196,1.0,1.0,0.0,0.0,0.0,0.0
36,80,4.895942109332799,8.294160578928981,0.0,0.0,0.0,1.0,1.0,1.0
37,80,12.0,4.053177175394257,1.0,0.0,0.0,0.0,0.0,0.0
38,80,4.126058940465479,0.0,1.0,0.0,1.0,0.0,1.0,0.0
39,80,2.792766705576068,0.0067633555821172,1.0,0.0,0.0,0.0,0.0,0.0
0,85,3.9246975814834646,8.170959088132262,0.0,0.0,0.0,0.0,1.0,0.0
1,85,0.910688073580088,6.520860052598094,0.0,0.0,0.0,0.0,0.0,0.0
2,85,1.560990289755516,4.275441396866074,0.0,1.0,0.0,0.0,0.0,0.0
3,85,10.844351816164084,8.978149226699285,0.0,0.0,1.0,0.0,1.0,0.0
4,85,0.212591487265658,10.533868495995607,0.0,0.0,1.0,0.0,0.0,0.0
5,85,7.667235088477527,5.986610069788787,0.0,1.0,0.0,1.0,0.0,0.0
6,85,10.449317292957176,7.358205857869167,1.0,1.0,1.0,0.0,1.0,0.0
7,85,2.8925848921201487,0.0,1.0,0.0,1.0,0.0,0.0,0.0
8,85,5.691175761188789,12.0,0.0,0.0,0.0,0.0,1.0,0.0
9,85,6.105347222716591,3.2888290090688863,0.0,1.0,0.0,0.0,1.0,1.0
10,85,5.99850162251182,2.2528115730025453,0.0,0.0,0.0,1.0,0.0,0.0
11,85,6.611110062623272,1.1087269515301743,1.0,0.0,0.0,0.0,0.0,0.0
12,85,2.049410820741339,9.767294330296098,0.0,0.0,0.0,1.0,1.0,1.0
13,85,1.953676615707417,0.7648844256301421,0.0,1.0,1.0,0.0,0.0,1.0
14,85,9.287162582766983,0.1279759484128061,1.0,1.0,0.0,0.0,1.0,1.0
15,85,10.022663560447448,11.952395406437232,1.0,1.0,0.0,0.0,1.0,0.0
16,85,6.9749454963611095,2.0288068132618973,0.0,0.0,1.0,1.0,1.0,1.0
17,85,8.261920047259519,11.425202017977188,0.0,0.0,1.0,0.0,1.0,0.0
18,85,4.860437900259209,8.644203221594793,1.0,0.0,0.0,0.0,1.0,0.0
19,85,2.3706003884210647,1.3303292601947942,0.0,0.0,0.0,1.0,0.0,1.0
20,85,8.569582598915677,2.093399696787945,0.0,0.0,0.0,1.0,0.0,1.0
21,85,6.867680735905483,11.905942396599515,0.0,1.0,1.0,0.0,0.0,0.0
22,85,6.095063743939145,8.514544763402615,1.0,1.0,1.0,0.0,0.0,1.0
23,85,10.989964068585529,0.0,0.0,1.0,0.0,1.0,1.0,0.0
24,85,8.533832272591974,6.752907844100178,0.0,1.0,1.0,0.0,1.0,1.0
25,85,4.44865036265204,6.32962334913331,0.0,0.0,0.0,1.0,0.0,0.0
26,85,6.388385705392865,11.875870895912708,1.0,1.0,0.0,1.0,1.0,1.0
27,85,5.323821684447325,8.040706215555955,0.0,0.0,1.0,0.0,0.0,0.0
28,85,6.9940909228364925,8.668727611630604,0.0,1.0,1.0,0.0,0.0,0.0
29,85,4.398963485282758,9.95783537444344,1.0,1.0,0.0,0.0,0.0,0.0
30,85,8.67153914346172,0.0,0.0,0.0,0.0,0.0,0.0,0.0
31,85,10.5652729520392,3.764789717846588,0.0,0.0,1.0,1.0,0.0,0.0
32,85,9.106154480918423,8.374326224051893,1.0,0.0,1.0,1.0,1.0,1.0
33,85,7.310951156080666,3.4441176485461478,1.0,1.0,1.0,0.0,0.0,0.0
34,85,3.844094245096708,8.852965680329525,1.0,1.0,1.0,0.0,0.0,0.0
35,85,11.39352812214971,7.529952045040344,1.0,1.0,0.0,0.0,0.0,0.0
36,85,4.828217624446284,8.31276611407198,0.0,0.0,0.0,1.0,1.0,1.0
37,85,12.0,3.934368435988022,1.0,0.0,0.0,0.0,0.0,0.0
38,85,4.111067929547796,0.0,1.0,0.0,1.0,0.0,1.0,0.0
39,85,2.7882213144786823,0.0,1.0,0.0,0.0,0.0,0.0,0.0
0,90,3.9228595358503,8.282476763481911,0.0,0.0,0.0,0.0,1.0,0.0
1,90,0.8623281081621554,6.497347419096581,0.0,0.0,0.0,0.0,0.0,0.0
2,90,1.550463925525091,4.28161989178504,0.0,1.0,0.0,0.0,0.0,0.0
3,90,10.893100634656944,8.989024880139025,0.0,0.0,1.0,0.0,1.0,0.0
4,90,0.23590780773758,10.588917080717357,0.0,0.0,1.0,0.0,0.0,0.0
5,90,7.659417475501245,5.970977706743825,0.0,1.0,0.0,1.0,0.0,0.0
6,90,10.392022083917654,7.395462967937269,1.0,1.0,1.0,0.0,1.0,0.0
7,90,2.96529785377676,0.0,1.0,0.0,1.0,0.0,0.0,0.0
8,90,5.722395681567519,12.0,0.0,0.0,0.0,0.0,1.0,0.0
9,90,6.013568492395035,3.2197291779002946,0.0,1.0,0.0,0.0,1.0,1.0
10,90,6.077427697453399,2.351239874269891,0.0,0.0,0.0,1.0,0.0,0.0
11,90,6.740935479703093,0.9499904562861268,1.0,0.0,0.0,0.0,0.0,0.0
12,90,2.1615862313634806,9.713313542441156,0.0,0.0,0.0,1.0,1.0,1.0
13,90,1.9479958167466984,0.7295883422952457,0.0,1.0,1.0,0.0,0.0,1.0
14,90,9.391994551843364,0.0669165046849476,1.0,1.0,0.0,0.0,1.0,1.0
15,90,10.00937625436366,11.984495627290492,1.0,1.0,0.0,0.0,1.0,0.0
16,90,6.967544955467584,2.043203919599464,0.0,0.0,1.0,1.0,1.0,1.0
17,90,8.230971811433045,11.399114934901476,0.0,0.0,1.0,0.0,1.0,0.0
18,90,4.856659684505702,8.63646377671759,1.0,0.0,0.0,0.0,1.0,0.0
19,90,2.399367899897457,1.3398330977042632,0.0,0.0,0.0,1.0,0.0,1.0
20,90,8.515888241855167,2.109626677586976,0.0,0.0,0.0,1.0,0.0,1.0
21,90,6.8856718694648045,11.864102875235202,0.0,1.0,1.0,0.0,0.0,0.0
22,90,6.109767064144717,8.60772542136198,1.0,1.0,1.0,0.0,0.0,1.0
23,90,10.927291339965445,0.0,0.0,1.0,0.0,1.0,1.0,0.0
24,90,8.616697564148621,6.741538811104891,0.0,1.0,1.0,0.0,1.0,1.0
25,90,4.4113269815768295,6.349866968062291,0.0,0.0,0.0,1.0,0.0,0.0
26,90,6.388557390172375,11.875619365206108,1.0,1.0,0.0,1.0,1.0,1.0
27,90,5.394682120863922,8.048500314616222,0.0,0.0,1.0,0.0,0.0,0.0
28,90,6.909922529716258,8.748482312162768,0.0,1.0,1.0,0.0,0.0,0.0
29,90,4.419974671061383,9.99911135123738,1.0,1.0,0.0,0.0,0.0,0.0
30,90,8.635922321886774,0.0,0.0,0.0,0.0,0.0,0.0,0.0
31,90,10.535921426208514,3.817859532772791,0.0,0.0,1.0,1.0,0.0,0.0
32,90,9.08153415763661,8.35728566638433,1.0,0.0,1.0,1.0,1.0,1.0
33,90,7.434451914496154,3.318509408327677,1.0,1.0,1.0,0.0,0.0,0.0
34,90,3.883235362405568,8.880235276687888,1.0,1.0,1.0,0.0,0.0,0.0
35,90,11.388188866855437,7.536157644936274,1.0,1.0,0.0,0.0,0.0,0.0
36,90,4.760856501802331,8.332150214650786,0.0,0.0,0.0,1.0,1.0,1.0
37,90,12.0,3.830995515697594,1.0,0.0,0.0,0.0,0.0,0.0
38,90,4.097007613670655,0.0,1.0,0.0,1.0,0.0,1.0,0.0
39,90,2.778489763291264,0.0,1.0,0.0,0.0,0.0,0.0,0.0
0,95,3.923204882428408,8.391195647550623,0.0,0.0,0.0,0.0,1.0,0.0
1,95,0.8297326703710046,6.4822004704088805,0.0,0.0,0.0,0.0,0.0,0.0
2,95,1.5416522377733215,4.2874404628779335,0.0,1.0,0.0,0.0,0.0,0.0
3,95,10.945781940356126,9.002679478864426,0.0,0.0,1.0,0.0,1.0,0.0
4,95,0.258967466864727,10.644417780263584,0.0,0.0,1.0,0.0,0.0,0.0
5,95,7.657000015711212,5.966051615111395,0.0,1.0,0.0,1.0,0.0,0.0
6,95,10.32709920230097,7.442162215931112,1.0,1.0,1.0,0.0,1.0,0.0
7,95,3.014837635919928,0.0,1.0,0.0,1.0,0.0,0.0,0.0
8,95,5.763388924865883,12.0,0.0,0.0,0.0,0.0,1.0,0.0
9,95,5.93706862383072,3.1607420771662027,0.0,1.0,0.0,0.0,1.0,1.0
10,95,6.174805000670049,2.4720316197155845,0.0,0.0,0.0,1.0,0.0,0.0
11,95,6.867428794143647,0.8017580321524658,1.0,0.0,0.0,0.0,0.0,0.0
12,95,2.28367781610408,9.656411031320143,0.0,0.0,0.0,1.0,1.0,1.0
13,95,1.942459082632724,0.6938306052329871,0.0,1.0,1.0,0.0,0.0,1.0
14,95,9.480704546653303,0.0120412730414898,1.0,1.0,0.0,0.0,1.0,1.0
15,95,9.99697788302337,12.0,1.0,1.0,0.0,0.0,1.0,0.0
16,95,6.963212258779475,2.051890603945011,0.0,0.0,1.0,1.0,1.0,1.0
17,95,8.211560900401318,11.382160127463449,0.0,0.0,1.0,0.0,1.0,0.0
18,95,4.854049090950191,8.63130759466437,1.0,0.0,0.0,0.0,1.0,0.0
19,95,2.4081715710182734,1.3426257039012093,0.0,0.0,0.0,1.0,0.0,1.0
20,95,8.441797185530138,2.132481120659446,0.0,0.0,0.0,1.0,0.0,1.0
21,95,6.911591599318988,11.803208529693263,0.0,1.0,1.0,0.0,0.0,0.0
22,95,6.125621057287596,8.697973106760891,1.0,1.0,1.0,0.0,0.0,1.0
23,95,10.857185664647218,0.0,0.0,1.0,0.0,1.0,1.0,0.0
24,95,8.702819242120635,6.729790198880891,0.0,1.0,1.0,0.0,1.0,1.0
25,95,4.380459090614434,6.366693982967918,0.0,0.0,0.0,1.0,0.0,0.0
26,95,6.3972197623800815,11.862745605838462,1.0,1.0,0.0,1.0,1.0,1.0
27,95,5.485514164088661,8.062022170621015,0.0,0.0,1.0,0.0,0.0,0.0
28,95,6.836478165907336,8.824682249511461,0.0,1.0,1.0,0.0,0.0,0.0
29,95,4.446432690820046,10.051736979987822,1.0,1.0,0.0,0.0,0.0,0.0
30,95,8.602382491629562,0.0,0.0,0.0,0.0,0.0,0.0,0.0
31,95,10.512981072020196,3.859922236101784,0.0,0.0,1.0,1.0,0.0,0.0
32,95,9.065928480036447,8.346228517396789,1.0,0.0,1.0,1.0,1.0,1.0
33,95,7.568029940842788,3.181643243629221,1.0,1.0,1.0,0.0,0.0,0.0
34,95,3.919434357119691,8.905612488121092,1.0,1.0,1.0,0.0,0.0,0.0
35,95,11.377528992648244,7.549174961927422,1.0,1.0,0.0,0.0,0.0,0.0
36,95,4.694262563713141,8.35245680693613,0.0,0.0,0.0,1.0,1.0,1.0
37,95,12.0,3.879381438326377,1.0,0.0,0.0,0.0,0.0,0.0
38,95,4.09280458703834,0.0,1.0,0.0,1.0,0.0,1.0,0.0
39,95,2.769257027938888,0.0,1.0,0.0,0.0,0.0,0.0,0.0
0,100,3.925560797733013,8.483641763570748,0.0,0.0,0.0,0.0,1.0,0.0
1,100,0.7870768363956916,6.462198407529202,0.0,0.0,0.0,0.0,0.0,0.0
2,100,1.5448265802679195,4.285522251344701,0.0,1.0,0.0,0.0,0.0,0.0
3,100,10.982217203439008,9.011534205335352,0.0,0.0,1.0,0.0,1.0,0.0
4,100,0.2947738198492959,10.731290002519044,0.0,0.0,1.0,0.0,0.0,0.0
5,100,7.6574549515683294,5.966981814667706,0.0,1.0,0.0,1.0,0.0,0.0
6,100,10.268607547223422,7.479862277506872,1.0,1.0,1.0,0.0,1.0,0.0
7,100,3.0627082858190064,0.0,1.0,0.0,1.0,0.0,0.0,0.0
8,100,5.800962401467046,12.0,0.0,0.0,0.0,0.0,1.0,0.0
9,100,5.857984673788111,3.095695252228432,0.0,1.0,0.0,0.0,1.0,1.0
10,100,6.28041383202153,2.6000549342457555,0.0,0.0,0.0,1.0,0.0,0.0
11,100,6.978308206811002,0.6667883974798712,1.0,0.0,0.0,0.0,0.0,0.0
12,100,2.400391264673089,9.598319235595875,0.0,0.0,0.0,1.0,1.0,1.0
13,100,1.934293943937125,0.6445127888685086,0.0,1.0,1.0,0.0,0.0,1.0
14,100,9.556516674796743,0.0,1.0,1.0,0.0,0.0,1.0,1.0
15,100,9.98278140032521,12.0,1.0,1.0,0.0,0.0,1.0,0.0
16,100,6.956441013758941,2.066404740832252,0.0,0.0,1.0,1.0,1.0,1.0
17,100,8.189747762924888,11.362226139652032,0.0,0.0,1.0,0.0,1.0,0.0
18,100,4.851372546963748,8.626067184500664,1.0,0.0,0.0,0.0,1.0,0.0
19,100,2.417340189161296,1.345423784629718,0.0,0.0,0.0,1.0,0.0,1.0
20,100,8.380929581906205,2.151152255288919,0.0,0.0,0.0,1.0,0.0,1.0
21,100,6.946481635139535,11.725008920988056,0.0,1.0,1.0,0.0,0.0,0.0
22,100,6.141514000849507,8.794761336394558,1.0,1.0,1.0,0.0,0.0,1.0
23,100,10.769843209941191,0.0,0.0,1.0,0.0,1.0,1.0,0.0
24,100,8.789179871454195,6.719343065067656,0.0,1.0,1.0,0.0,1.0,1.0
25,100,4.333306925727891,6.39294969453652,0.0,0.0,0.0,1.0,0.0,0.0
26,100,6.405584805564033,11.849823960088282,1.0,1.0,0.0,1.0,1.0,1.0
27,100,5.581096450911637,8.075865230196964,0.0,0.0,1.0,0.0,0.0,0.0
28,100,6.764753459792685,8.898667046258872,0.0,1.0,1.0,0.0,0.0,0.0
29,100,4.485018032028037,10.126521301538158,1.0,1.0,0.0,0.0,0.0,0.0
30,100,8.561249515924635,0.0,0.0,0.0,0.0,0.0,0.0,0.0
31,100,10.493384013088615,3.8939855032650823,0.0,0.0,1.0,1.0,0.0,0.0
32,100,9.055667219964947,8.33845075648173,1.0,0.0,1.0,1.0,1.0,1.0
33,100,7.720756060154602,3.0331971555236508,1.0,1.0,1.0,0.0,0.0,0.0
34,100,3.9419579665747313,8.922067808429563,1.0,1.0,1.0,0.0,0.0,0.0
35,100,11.36258195616208,7.5680984658618575,1.0,1.0,0.0,0.0,0.0,0.0
36,100,4.639632530649055,8.370331569627332,0.0,0.0,0.0,1.0,1.0,1.0
37,100,12.0,3.918753662280189,1.0,0.0,0.0,0.0,0.0,0.0
38,100,4.086872536220361,0.0,1.0,0.0,1.0,0.0,1.0,0.0
39,100,2.7597981018703965,0.0,1.0,0.0,0.0,0.0,0.0,0.0
0,105,3.92968487834982,8.577324270082638,0.0,0.0,0.0,0.0,1.0,0.0
1,105,0.7302897122825251,6.436106474273924,0.0,0.0,0.0,0.0,0.0,0.0
2,105,1.539319731943384,4.288995483531096,0.0,1.0,0.0,0.0,0.0,0.0
3,105,11.008647236454928,9.018214047002086,0.0,0.0,1.0,0.0,1.0,0.0
4,105,0.3246362696830315,10.798367723161514,0.0,0.0,1.0,0.0,0.0,0.0
5,105,7.648210073812639,5.948534796677679,0.0,1.0,0.0,1.0,0.0,0.0
6,105,10.211180979263933,7.515383116627875,1.0,1.0,1.0,0.0,1.0,0.0
7,105,3.12417226897651,0.0,1.0,0.0,1.0,0.0,0.0,0.0
8,105,5.821847012777503,12.0,0.0,0.0,0.0,0.0,1.0,0.0
9,105,5.78215636590473,3.0316518105143606,0.0,1.0,0.0,0.0,1.0,1.0
10,105,6.403535181531947,2.752209979202303,0.0,0.0,0.0,1.0,0.0,0.0
11,105,7.090021288836968,0.533096332524063,1.0,0.0,0.0,0.0,0.0,0.0
12,105,2.4997794422484167,9.547515569013688,0.0,0.0,0.0,1.0,1.0,1.0
13,105,1.9267530597627576,0.5980758166799571,0.0,1.0,1.0,0.0,0.0,1.0
14,105,9.628907924847768,0.0,1.0,1.0,0.0,0.0,1.0,1.0
15,105,9.96915198549534,12.0,1.0,1.0,0.0,0.0,1.0,0.0
16,105,6.9621373060429095,2.054310223828172,0.0,0.0,1.0,1.0,1.0,1.0
17,105,8.158251630848318,11.3328296887968,0.0,0.0,1.0,0.0,1.0,0.0
18,105,4.852923122509034,8.62926370342324,1.0,0.0,0.0,0.0,1.0,0.0
19,105,2.4076182417485685,1.3425604815075902,0.0,0.0,0.0,1.0,0.0,1.0
20,105,8.342917815084924,2.162252690463972,0.0,0.0,0.0,1.0,0.0,1.0
21,105,6.9774428940291084,11.655317786664767,0.0,1.0,1.0,0.0,0.0,0.0
22,105,6.158369272101299,8.89060292747347,1.0,1.0,1.0,0.0,0.0,1.0
23,105,10.681197316164722,0.0,0.0,1.0,0.0,1.0,1.0,0.0
24,105,8.857703562592157,6.707561809170023,0.0,1.0,1.0,0.0,1.0,1.0
25,105,4.309027329951968,6.406449441966432,0.0,0.0,0.0,1.0,0.0,0.0
26,105,6.4139357009057285,11.83710820279294,1.0,1.0,0.0,1.0,1.0,1.0
27,105,5.641809888450532,8.084237122434624,0.0,0.0,1.0,0.0,0.0,0.0
28,105,6.684542446562502,8.983412944140921,0.0,1.0,1.0,0.0,0.0,0.0
29,105,4.519360559842543,10.19643952167011,1.0,1.0,0.0,0.0,0.0,0.0
30,105,8.51046759687932,0.0,0.0,0.0,0.0,0.0,0.0,0.0
31,105,10.467625170098476,3.935389152224044,0.0,0.0,1.0,1.0,0.0,0.0
32,105,9.042095140727298,8.327981727107854,1.0,0.0,1.0,1.0,1.0,1.0
33,105,7.867320213227355,2.8991776287482565,1.0,1.0,1.0,0.0,0.0,0.0
34,105,3.969249660842677,8.943192101428584,1.0,1.0,1.0,0.0,0.0,0.0
35,105,11.34554135866046,7.589852574159979,1.0,1.0,0.0,0.0,0.0,0.0
36,105,4.5737944961162444,8.391924626986949,0.0,0.0,0.0,1.0,1.0,1.0
37,105,12.0,3.943598000225205,1.0,0.0,0.0,0.0,0.0,0.0
38,105,4.083505371734038,0.0,1.0,0.0,1.0,0.0,1.0,0.0
39,105,2.7497222436367217,0.0,1.0,0.0,0.0,0.0,0.0,0.0
0,110,3.9322501266608088,8.665197645433585,0.0,0.0,0.0,0.0,1.0,0.0
1,110,0.6611014729857505,6.405116228897901,0.0,0.0,0.0,0.0,0.0,0.0
2,110,1.5521272400137212,4.280677402043385,0.0,1.0,0.0,0.0,0.0,0.0
3,110,11.028677453812596,9.02334100490912,0.0,0.0,1.0,0.0,1.0,0.0
4,110,0.3485780680555275,10.854054320692825,0.0,0.0,1.0,0.0,0.0,0.0
5,110,7.6448030260629745,5.941377509825069,0.0,1.0,0.0,1.0,0.0,0.0
6,110,10.142238723132122,7.56023387679126,1.0,1.0,1.0,0.0,1.0,0.0
7,110,3.188964470408733,0.0,1.0,0.0,1.0,0.0,0.0,0.0
8,110,5.810982098645113,12.0,0.0,0.0,0.0,0.0,1.0,0.0
9,110,5.708712443396467,2.970095686025054,0.0,1.0,0.0,0.0,1.0,1.0
10,110,6.511820159241699,2.8863312039185014,0.0,0.0,0.0,1.0,0.0,0.0
11,110,7.212982144951085,0.3856909846970939,1.0,0.0,0.0,0.0,0.0,0.0
12,110,2.603594986309516,9.492645445900324,0.0,0.0,0.0,1.0,1.0,1.0
13,110,1.918515602448446,0.5563476942323834,0.0,1.0,1.0,0.0,0.0,1.0
14,110,9.696773947155863,0.0,1.0,1.0,0.0,0.0,1.0,1.0
15,110,9.958350181860002,12.0,1.0,1.0,0.0,0.0,1.0,0.0
16,110,6.957708901038758,2.0635279472226755,0.0,0.0,1.0,1.0,1.0,1.0
17,110,8.135311352978391,11.312001824907751,0.0,0.0,1.0,0.0,1.0,0.0
18,110,4.849644221984854,8.622046510423498,1.0,0.0,0.0,0.0,1.0,0.0
19,110,2.3866577092071237,1.3351874266675456,0.0,0.0,0.0,1.0,0.0,1.0
20,110,8.279858063715425,2.181562932615821,0.0,0.0,0.0,1.0,0.0,1.0
21,110,7.009637284178494,11.585702734819264,0.0,1.0,1.0,0.0,0.0,0.0
22,110,6.1731936396946105,8.97389970619069,1.0,1.0,1.0,0.0,0.0,1.0
23,110,10.593756516191656,0.0,0.0,1.0,0.0,1.0,1.0,0.0
24,110,8.929744862114713,6.69617354976271,0.0,1.0,1.0,0.0,1.0,1.0
25,110,4.303509554240004,6.409480178432042,0.0,0.0,0.0,1.0,0.0,0.0
26,110,6.417775541886329,11.83156977819117,1.0,1.0,0.0,1.0,1.0,1.0
27,110,5.704662503272395,8.092493781409267,0.0,0.0,1.0,0.0,0.0,0.0
28,110,6.607581682143746,9.06520567753038,0.0,1.0,1.0,0.0,0.0,0.0
29,110,4.551371392765564,10.261445785479347,1.0,1.0,0.0,0.0,0.0,0.0
30,110,8.474819027891261,0.0,0.0,0.0,0.0,0.0,0.0,0.0
31,110,10.453830839764317,3.957203401546985,0.0,0.0,1.0,1.0,0.0,0.0
32,110,9.031383787796097,8.31981886707951,1.0,0.0,1.0,1.0,1.0,1.0
33,110,8.016533135640826,2.766311590769313,1.0,1.0,1.0,0.0,0.0,0.0
34,110,4.019148003060514,8.98116952144996,1.0,1.0,1.0,0.0,0.0,0.0
35,110,11.32153374060805,7.622104701901467,1.0,1.0,0.0,0.0,0.0,0.0
36,110,4.518614056811382,8.409869393632107,0.0,0.0,0.0,1.0,1.0,1.0
37,110,12.0,3.9742120973300135,1.0,0.0,0.0,0.0,0.0,0.0
38,110,4.075252378354397,0.0,1.0,0.0,1.0,0.0,1.0,0.0
39,110,2.739114478656702,0.0,1.0,0.0,0.0,0.0,0.0,0.0
0,115,3.933199695437141,8.765388219916279,0.0,0.0,0.0,0.0,1.0,0.0
1,115,0.5860152973863562,6.370026421186062,0.0,0.0,0.0,0.0,0.0,0.0
2,115,1.550494361356544,4.281749399597521,0.0,1.0,0.0,0.0,0.0,0.0
3,115,11.056190764066244,9.031006621928412,0.0,0.0,1.0,0.0,1.0,0.0
4,115,0.3729372195452088,10.912253244156451,0.0,0.0,1.0,0.0,0.0,0.0
5,115,7.641074709436787,5.933416348487585,0.0,1.0,0.0,1.0,0.0,0.0
6,115,10.07007348400596,7.608067636458744,1.0,1.0,1.0,0.0,1.0,0.0
7,115,3.262064593532257,0.0,1.0,0.0,1.0,0.0,0.0,0.0
8,115,5.798240581985472,12.0,0.0,0.0,0.0,0.0,1.0,0.0
9,115,5.636884833000581,2.9084780704214097,0.0,1.0,0.0,0.0,1.0,1.0
10,115,6.610073462068552,3.0068530344581155,0.0,0.0,0.0,1.0,0.0,0.0
11,115,7.348377884219983,0.224898690534455,1.0,0.0,0.0,0.0,0.0,0.0
12,115,2.6935651596440966,9.444417042129858,0.0,0.0,0.0,1.0,1.0,1.0
13,115,1.911149641089588,0.521703822709139,0.0,1.0,1.0,0.0,0.0,1.0
14,115,9.765068699918636,0.0,1.0,1.0,0.0,0.0,1.0,1.0
15,115,9.943228490649863,12.0,1.0,1.0,0.0,0.0,1.0,0.0
16,115,6.959123114246297,2.0603777537473045,0.0,0.0,1.0,1.0,1.0,1.0
17,115,8.10320023352446,11.28508301788546,0.0,0.0,1.0,0.0,1.0,0.0
18,115,4.8386738627558925,8.597987828736715,1.0,0.0,0.0,0.0,1.0,0.0
19,115,2.365158790575953,1.328123675215934,0.0,0.0,0.0,1.0,0.0,1.0
20,115,8.213456920166513,2.200844110215668,0.0,0.0,0.0,1.0,0.0,1.0
21,115,7.036791271953428,11.523817708580598,0.0,1.0,1.0,0.0,0.0,0.0
22,115,6.186377079289121,9.06198590149904,1.0,1.0,1.0,0.0,0.0,1.0
23,115,10.508045364665414,0.0,0.0,1.0,0.0,1.0,1.0,0.0
24,115,9.004826934000132,6.686125252253146,0.0,1.0,1.0,0.0,1.0,1.0
25,115,4.294565332574962,6.414180916619972,0.0,0.0,0.0,1.0,0.0,0.0
26,115,6.424279502963366,11.821867659810842,1.0,1.0,0.0,1.0,1.0,1.0
27,115,5.724372296879363,8.095434016094634,0.0,0.0,1.0,0.0,0.0,0.0
28,115,6.5247408153348,9.147127805078927,0.0,1.0,1.0,0.0,0.0,0.0
29,115,4.591466671225285,10.33961513896413,1.0,1.0,0.0,0.0,0.0,0.0
30,115,8.446275760531066,0.0,0.0,0.0,0.0,0.0,0.0,0.0
31,115,10.434345665789673,3.988210188361735,0.0,0.0,1.0,1.0,0.0,0.0
32,115,9.032560934833755,8.320699245020366,1.0,0.0,1.0,1.0,1.0,1.0
33,115,8.176576197621428,2.628599832677984,1.0,1.0,1.0,0.0,0.0,0.0
34,115,4.086760509705804,9.032225732737528,1.0,1.0,1.0,0.0,0.0,0.0
35,115,11.298717277834308,7.652894473377716,1.0,1.0,0.0,0.0,0.0,0.0
36,115,4.453026603996991,8.432952777134057,0.0,0.0,0.0,1.0,1.0,1.0
37,115,12.0,4.00267437983479,1.0,0.0,0.0,0.0,0.0,0.0
38,115,4.064053748633651,0.0,1.0,0.0,1.0,0.0,1.0,0.0
39,115,2.7261300875884245,0.0,1.0,0.0,0.0,0.0,0.0,0.0
0,120,3.933797745304409,8.856556688550032,0.0,0.0,0.0,0.0,1.0,0.0
1,120,0.5247549823207625,6.339980716731739,0.0,0.0,0.0,0.0,0.0,0.0
2,120,1.5324286936668483,4.2937079754216985,0.0,1.0,0.0,0.0,0.0,0.0
3,120,11.092430612889888,9.041059088702964,0.0,0.0,1.0,0.0,1.0,0.0
4,120,0.3944701995993652,10.964277338307316,0.0,0.0,1.0,0.0,0.0,0.0
5,120,7.6318145235875665,5.91479565260629,0.0,1.0,0.0,1.0,0.0,0.0
6,120,10.0100305570037,7.64688549356616,1.0,1.0,1.0,0.0,1.0,0.0
7,120,3.3448936936935256,0.0,1.0,0.0,1.0,0.0,0.0,0.0
8,120,5.774658266722015,12.0,0.0,0.0,0.0,0.0,1.0,0.0
9,120,5.563912397579088,2.8469216407486617,0.0,1.0,0.0,0.0,1.0,1.0
10,120,6.713760092591862,3.1415689106933318,0.0,0.0,0.0,1.0,0.0,0.0
11,120,7.479278357552454,0.0755156509499641,1.0,0.0,0.0,0.0,0.0,0.0
12,120,2.7878985283694537,9.389914628262042,0.0,0.0,0.0,1.0,1.0,1.0
13,120,1.909103648829919,0.5116130310262458,0.0,1.0,1.0,0.0,0.0,1.0
14,120,9.824969161884631,0.0,1.0,1.0,0.0,0.0,1.0,1.0
15,120,9.9272087764708,12.0,1.0,1.0,0.0,0.0,1.0,0.0
16,120,6.957851144366364,2.0633713926026624,0.0,0.0,1.0,1.0,1.0,1.0
17,120,8.07031827813014,11.258839094124276,0.0,0.0,1.0,0.0,1.0,0.0
18,120,4.817724079982043,8.551056547395087,1.0,0.0,0.0,0.0,1.0,0.0
19,120,2.34984740525346,1.3228920337974357,0.0,0.0,0.0,1.0,0.0,1.0
20,120,8.12663566246522,2.2240154056339807,0.0,0.0,0.0,1.0,0.0,1.0
21,120,7.06610700712337,11.461937016020393,0.0,1.0,1.0,0.0,0.0,0.0
22,120,6.196431098181955,9.135729767654288,1.0,1.0,1.0,0.0,0.0,1.0
23,120,10.419852983979396,0.0,0.0,1.0,0.0,1.0,1.0,0.0
24,120,9.09463426354205,6.673883339138701,0.0,1.0,1.0,0.0,1.0,1.0
25,120,4.309330939164044,6.406560644637187,0.0,0.0,0.0,1.0,0.0,0.0
26,120,6.426175348072782,11.819067874619394,1.0,1.0,0.0,1.0,1.0,1.0
27,120,5.726449152023032,8.095721584080499,0.0,0.0,1.0,0.0,0.0,0.0
28,120,6.437407069704039,9.23262441637534,0.0,1.0,1.0,0.0,0.0,0.0
29,120,4.6268130863608405,10.408657619016315,1.0,1.0,0.0,0.0,0.0,0.0
30,120,8.413710152881613,0.0,0.0,0.0,0.0,0.0,0.0,0.0
31,120,10.419213926319404,4.011690988457109,0.0,0.0,1.0,1.0,0.0,0.0
32,120,9.026129410203168,8.315802451112477,1.0,0.0,1.0,1.0,1.0,1.0
33,120,8.341628780074267,2.488045575818805,1.0,1.0,1.0,0.0,0.0,0.0
34,120,4.156443831834493,9.08545141346026,1.0,1.0,1.0,0.0,0.0,0.0
35,120,11.280698557644286,7.678401452865769,1.0,1.0,0.0,0.0,0.0,0.0
36,120,4.407073981907209,8.44860394057162,0.0,0.0,0.0,1.0,1.0,1.0
37,120,12.0,4.029230410029462,1.0,0.0,0.0,0.0,0.0,0.0
38,120,4.05604298444999,0.0,1.0,0.0,1.0,0.0,1.0,0.0
39,120,2.7137307671958717,0.0,1.0,0.0,0.0,0.0,0.0,0.0
0,125,3.934379036326826,8.920650259590575,0.0,0.0,0.0,0.0,1.0,0.0
1,125,0.4638610123084763,6.30854828881097,0.0,0.0,0.0,0.0,0.0,0.0
2,125,1.537045361843948,4.29077613027482,0.0,1.0,0.0,0.0,0.0,0.0
3,125,11.121441690161282,9.04778992647866,0.0,0.0,1.0,0.0,1.0,0.0
4,125,0.4148923811593746,11.015982729087028,0.0,0.0,1.0,0.0,0.0,0.0
5,125,7.6312306197327935,5.913584345705414,0.0,1.0,0.0,1.0,0.0,0.0
6,125,9.952436078512214,7.685515113517912,1.0,1.0,1.0,0.0,1.0,0.0
7,125,3.430231082586517,0.0,1.0,0.0,1.0,0.0,0.0,0.0
8,125,5.755486540519602,12.0,0.0,0.0,0.0,0.0,1.0,0.0
9,125,5.5104421658483504,2.8023012398976253,0.0,1.0,0.0,0.0,1.0,1.0
10,125,6.803651010556608,3.2604840438417426,0.0,0.0,0.0,1.0,0.0,0.0
11,125,7.62146727858309,0.0,1.0,0.0,0.0,0.0,0.0,0.0
12,125,2.8754348162317878,9.33877939178472,0.0,0.0,0.0,1.0,1.0,1.0
13,125,1.906971969073376,0.5009861090165786,0.0,1.0,1.0,0.0,0.0,1.0
14,125,9.897455635993143,0.0,1.0,1.0,0.0,0.0,1.0,1.0
15,125,9.908728155875329,12.0,1.0,1.0,0.0,0.0,1.0,0.0
16,125,6.959808952824684,2.0586774236138585,0.0,0.0,1.0,1.0,1.0,1.0
17,125,8.021679079681219,11.220728130872294,0.0,0.0,1.0,0.0,1.0,0.0
18,125,4.789766362765581,8.48684629659895,1.0,0.0,0.0,0.0,1.0,0.0
19,125,2.325647900253959,1.3132671718476103,0.0,0.0,0.0,1.0,0.0,1.0
20,125,8.052550874175747,2.244676304591401,0.0,0.0,0.0,1.0,0.0,1.0
21,125,7.097586316720395,11.396655865180165,0.0,1.0,1.0,0.0,0.0,0.0
22,125,6.208280750436828,9.228383493148208,1.0,1.0,1.0,0.0,0.0,1.0
23,125,10.33675906819986,0.0,0.0,1.0,0.0,1.0,1.0,0.0
24,125,9.165576724902982,6.665301605169768,0.0,1.0,1.0,0.0,1.0,1.0
25,125,4.321225917975419,6.400640690652625,0.0,0.0,0.0,1.0,0.0,0.0
26,125,6.417933542156277,11.831201368535512,1.0,1.0,0.0,1.0,1.0,1.0
27,125,5.722806302558205,8.095086180953173,0.0,0.0,1.0,0.0,0.0,0.0
28,125,6.354743784124678,9.313151157981189,0.0,1.0,1.0,0.0,0.0,0.0
29,125,4.661054995304031,10.479547881854442,1.0,1.0,0.0,0.0,0.0,0.0
30,125,8.398816979897848,0.0,0.0,0.0,0.0,0.0,0.0,0.0
31,125,10.40687335643495,4.030970112694669,0.0,0.0,1.0,1.0,0.0,0.0
32,125,9.02675746498548,8.316283495293336,1.0,0.0,1.0,1.0,1.0,1.0
33,125,8.513464510638652,2.34979079786524,1.0,1.0,1.0,0.0,0.0,0.0
34,125,4.232423395176558,9.146612569368932,1.0,1.0,1.0,0.0,0.0,0.0
35,125,11.265423703508956,7.700489843196112,1.0,1.0,0.0,0.0,0.0,0.0
36,125,4.391885415160802,8.45360823206313,0.0,0.0,0.0,1.0,1.0,1.0
37,125,12.0,4.046056047974104,1.0,0.0,0.0,0.0,0.0,0.0
38,125,4.053567360807435,0.0,1.0,0.0,1.0,0.0,1.0,0.0
39,125,2.697739461989436,0.0,1.0,0.0,0.0,0.0,0.0,0.0
0,130,3.9346022119335298,8.985670992011531,0.0,0.0,0.0,0.0,1.0,0.0
1,130,0.4090588394390252,6.281471275329999,0.0,0.0,0.0,0.0,0.0,0.0
2,130,1.5251744427045892,4.298647606707036,0.0,1.0,0.0,0.0,0.0,0.0
3,130,11.148426312657582,9.054068079987562,0.0,0.0,1.0,0.0,1.0,0.0
4,130,0.4348164884623178,11.062888212437668,0.0,0.0,1.0,0.0,0.0,0.0
5,130,7.634332574792685,5.920212346770351,0.0,1.0,0.0,1.0,0.0,0.0
6,130,9.883770502395832,7.731494305059065,1.0,1.0,1.0,0.0,1.0,0.0
7,130,3.53902590819938,0.0,1.0,0.0,1.0,0.0,0.0,0.0
8,130,5.7486739948801695,12.0,0.0,0.0,0.0,0.0,1.0,0.0
9,130,5.453965172306533,2.75748010849209,0.0,1.0,0.0,0.0,1.0,1.0
10,130,6.897733223814761,3.3849611780586355,0.0,0.0,0.0,1.0,0.0,0.0
11,130,7.761606589406838,0.0,1.0,0.0,0.0,0.0,0.0,0.0
12,130,2.971826634669457,9.282010942816171,0.0,0.0,0.0,1.0,1.0,1.0
13,130,1.9020867660975544,0.4767573479817114,0.0,1.0,1.0,0.0,0.0,1.0
14,130,9.966492230934536,0.0,1.0,1.0,0.0,0.0,1.0,1.0
15,130,9.898365519838029,12.0,1.0,1.0,0.0,0.0,1.0,0.0
16,130,6.964766883441092,2.045974748537404,0.0,0.0,1.0,1.0,1.0,1.0
17,130,7.978327379184707,11.184429790396848,0.0,0.0,1.0,0.0,1.0,0.0
18,130,4.76550121386266,8.42932622372718,1.0,0.0,0.0,0.0,1.0,0.0
19,130,2.31965350697188,1.310797971136863,0.0,0.0,0.0,1.0,0.0,1.0
20,130,7.972969573193531,2.267586347991101,0.0,0.0,0.0,1.0,0.0,1.0
21,130,7.113034602165692,11.361355383657386,0.0,1.0,1.0,0.0,0.0,0.0
22,130,6.220428285352447,9.327198721169845,1.0,1.0,1.0,0.0,0.0,1.0
23,130,10.25167301923079,0.0,0.0,1.0,0.0,1.0,1.0,0.0
24,130,9.234398746927184,6.658055730052024,0.0,1.0,1.0,0.0,1.0,1.0
25,130,4.32659630807561,6.397796223428769,0.0,0.0,0.0,1.0,0.0,0.0
26,130,6.407433174148629,11.8467071497102,1.0,1.0,0.0,1.0,1.0,1.0
27,130,5.715962824954258,8.093479293210413,0.0,0.0,1.0,0.0,0.0,0.0
28,130,6.272163053983416,9.394374623015976,0.0,1.0,1.0,0.0,0.0,0.0
29,130,4.697165594546579,10.554245208685508,1.0,1.0,0.0,0.0,0.0,0.0
30,130,8.381226531594868,0.0,0.0,0.0,0.0,0.0,0.0,0.0
31,130,10.400464865364176,4.040584989392586,0.0,0.0,1.0,1.0,0.0,0.0
32,130,9.029589091090786,8.318444279745515,1.0,0.0,1.0,1.0,1.0,1.0
33,130,8.688011553186827,2.2075613260998304,1.0,1.0,1.0,0.0,0.0,0.0
34,130,4.313783009006301,9.210908264419343,1.0,1.0,1.0,0.0,0.0,0.0
35,130,11.24851964558045,7.725327275815888,1.0,1.0,0.0,0.0,0.0,0.0
36,130,4.35580126359172,8.465333551220509,0.0,0.0,0.0,1.0,1.0,1.0
37,130,12.0,4.067649501393354,1.0,0.0,0.0,0.0,0.0,0.0
38,130,4.054238347167027,0.0018143867493573,1.0,0.0,1.0,0.0,1.0,0.0
39,130,2.686997740898464,0.0,1.0,0.0,0.0,0.0,0.0,0.0
0,135,3.9338187186055538,9.054361617513486,0.0,0.0,0.0,0.0,1.0,0.0
1,135,0.350450957814155,6.251113819207368,0.0,0.0,0.0,0.0,0.0,0.0
2,135,1.5121310205119385,4.306863011174857,0.0,1.0,0.0,0.0,0.0,0.0
3,135,11.1686792700427,9.05895827895212,0.0,0.0,1.0,0.0,1.0,0.0
4,135,0.4549430199746611,11.113573973185332,0.0,0.0,1.0,0.0,0.0,0.0
5,135,7.6332303470653295,5.917839713209672,0.0,1.0,0.0,1.0,0.0,0.0
6,135,9.80996485522691,7.781938943983728,1.0,1.0,1.0,0.0,1.0,0.0
7,135,3.654035451089008,0.0,1.0,0.0,1.0,0.0,0.0,0.0
8,135,5.732441727682458,12.0,0.0,0.0,0.0,0.0,1.0,0.0
9,135,5.382326815428841,2.701037026558762,0.0,1.0,0.0,0.0,1.0,1.0
10,135,6.9903394712221045,3.503244499741849,0.0,0.0,0.0,1.0,0.0,0.0
11,135,7.911342293835045,0.0,1.0,0.0,0.0,0.0,0.0,0.0
12,135,3.078848612046221,9.215275056541907,0.0,0.0,0.0,1.0,1.0,1.0
13,135,1.895012488979576,0.4438602193223629,0.0,1.0,1.0,0.0,0.0,1.0
14,135,10.044625140085136,0.0,1.0,1.0,0.0,0.0,1.0,1.0
15,135,9.885808421899087,12.0,1.0,1.0,0.0,0.0,1.0,0.0
16,135,6.964095536464539,2.047867764433877,0.0,0.0,1.0,1.0,1.0,1.0
17,135,7.941622583467329,11.152535535586324,0.0,0.0,1.0,0.0,1.0,0.0
18,135,4.736996939681502,8.365374470934027,1.0,0.0,0.0,0.0,1.0,0.0
19,135,2.332002218455127,1.3160087645078762,0.0,0.0,0.0,1.0,0.0,1.0
20,135,7.8665368584369055,2.301141279389455,0.0,0.0,0.0,1.0,0.0,1.0
21,135,7.1303829888711086,11.323987653499598,0.0,1.0,1.0,0.0,0.0,0.0
22,135,6.233861794814641,9.425398838932262,1.0,1.0,1.0,0.0,0.0,1.0
23,135,10.178636829753083,0.0,0.0,1.0,0.0,1.0,1.0,0.0
24,135,9.294025280496314,6.651949737065818,0.0,1.0,1.0,0.0,1.0,1.0
25,135,4.342318225306736,6.390043839006644,0.0,0.0,0.0,1.0,0.0,0.0
26,135,6.379832104693614,11.888867788144012,1.0,1.0,0.0,1.0,1.0,1.0
27,135,5.707466152151544,8.091597117094002,0.0,0.0,1.0,0.0,0.0,0.0
28,135,6.185787776701295,9.483027073583123,0.0,1.0,1.0,0.0,0.0,0.0
29,135,4.726369519457758,10.613667545037488,1.0,1.0,0.0,0.0,0.0,0.0
30,135,8.36290307398361,0.0,0.0,0.0,0.0,0.0,0.0,0.0
31,135,10.39611403000012,4.046881884022088,0.0,0.0,1.0,1.0,0.0,0.0
32,135,9.033211220123349,8.32129746874017,1.0,0.0,1.0,1.0,1.0,1.0
33,135,8.863881280175576,2.0715368796686104,1.0,1.0,1.0,0.0,0.0,0.0
34,135,4.395954016631163,9.272792358897522,1.0,1.0,1.0,0.0,0.0,0.0
35,135,11.2342750967872,7.746086820397855,1.0,1.0,0.0,0.0,0.0,0.0
36,135,4.306869767020226,8.481268903919126,0.0,0.0,0.0,1.0,1.0,1.0
37,135,12.0,4.092936644707334,1.0,0.0,0.0,0.0,0.0,0.0
38,135,4.058456901716894,0.0122031788019012,1.0,0.0,1.0,0.0,1.0,0.0
39,135,2.6764816586219524,0.0,1.0,0.0,0.0,0.0,0.0,0.0
0,140,3.932174497072296,9.125161939705336,0.0,0.0,0.0,0.0,1.0,0.0
1,140,0.2843366372008825,6.214306854920982,0.0,0.0,0.0,0.0,0.0,0.0
2,140,1.4881015614402224,4.322956233237905,0.0,1.0,0.0,0.0,0.0,0.0
3,140,11.188166580621514,9.063316312170256,0.0,0.0,1.0,0.0,1.0,0.0
4,140,0.4698192476825437,11.149694277238702,0.0,0.0,1.0,0.0,0.0,0.0
5,140,7.640942937524004,5.9347550910126605,0.0,1.0,0.0,1.0,0.0,0.0
6,140,9.714241481197073,7.844855175860054,1.0,1.0,1.0,0.0,1.0,0.0
7,140,3.7881778627679927,0.0,1.0,0.0,1.0,0.0,0.0,0.0
8,140,5.72079274865469,12.0,0.0,0.0,0.0,0.0,1.0,0.0
9,140,5.286409642588045,2.625235866538516,0.0,1.0,0.0,0.0,1.0,1.0
10,140,7.086704340764556,3.6262228097321834,0.0,0.0,0.0,1.0,0.0,0.0
11,140,8.039872563626847,0.0,1.0,0.0,0.0,0.0,0.0,0.0
12,140,3.1844183192057445,9.15142336468585,0.0,0.0,0.0,1.0,1.0,1.0
13,140,1.891334318979699,0.42438000590203,0.0,1.0,1.0,0.0,0.0,1.0
14,140,10.120130322725364,0.0,1.0,1.0,0.0,0.0,1.0,1.0
15,140,9.873540151210245,12.0,1.0,1.0,0.0,0.0,1.0,0.0
16,140,6.966808232312131,2.0408987038085,0.0,0.0,1.0,1.0,1.0,1.0
17,140,7.879414905644524,11.097586355213584,0.0,0.0,1.0,0.0,1.0,0.0
18,140,4.714533308783219,8.315753855596462,1.0,0.0,0.0,0.0,1.0,0.0
19,140,2.3607241315053247,1.3283772852787166,0.0,0.0,0.0,1.0,0.0,1.0
20,140,7.747898970373929,2.3358381370819243,0.0,0.0,0.0,1.0,0.0,1.0
21,140,7.155521617004861,11.27192029752579,0.0,1.0,1.0,0.0,0.0,0.0
22,140,6.245662494757799,9.510787083735536,1.0,1.0,1.0,0.0,0.0,1.0
23,140,10.106674615206067,0.0,0.0,1.0,0.0,1.0,1.0,0.0
24,140,9.358011568019794,6.643408446194178,0.0,1.0,1.0,0.0,1.0,1.0
25,140,4.382524762432779,6.371012190134248,0.0,0.0,0.0,1.0,0.0,0.0
26,140,6.351472999248534,11.931700429466977,1.0,1.0,0.0,1.0,1.0,1.0
27,140,5.709455916754523,8.092032467811443,0.0,0.0,1.0,0.0,0.0,0.0
28,140,6.0788981849984,9.588092793043328,0.0,1.0,1.0,0.0,0.0,0.0
29,140,4.766573970151839,10.691588512423964,1.0,1.0,0.0,0.0,0.0,0.0
30,140,8.333900782624005,0.0,0.0,0.0,0.0,0.0,0.0,0.0
31,140,10.394635047186204,4.049018913400967,0.0,0.0,1.0,1.0,0.0,0.0
32,140,9.034737428864656,8.322537100938572,1.0,0.0,1.0,1.0,1.0,1.0
33,140,9.0438071631391,1.938784246433972,1.0,1.0,1.0,0.0,0.0,0.0
34,140,4.479859219033602,9.333233585135934,1.0,1.0,1.0,0.0,0.0,0.0
35,140,11.22537661921931,7.7591971049416975,1.0,1.0,0.0,0.0,0.0,0.0
36,140,4.328370922264018,8.542158059043707,0.0,0.0,0.0,1.0,1.0,1.0
37,140,12.0,4.117868680155858,1.0,0.0,0.0,0.0,0.0,0.0
38,140,4.062305273154202,0.0206379541237827,1.0,0.0,1.0,0.0,1.0,0.0
39,140,2.6619475998292192,0.0,1.0,0.0,0.0,0.0,0.0,0.0
0,145,3.9280769592233664,9.222089537954318,0.0,0.0,0.0,0.0,1.0,0.0
1,145,0.2336802333292823,6.185632946946251,0.0,0.0,0.0,0.0,0.0,0.0
2,145,1.476405304464094,4.330863737456236,0.0,1.0,0.0,0.0,0.0,0.0
3,145,11.238277108489893,9.074028942641206,0.0,0.0,1.0,0.0,1.0,0.0
4,145,0.4844903419751519,11.185410628744208,0.0,0.0,1.0,0.0,0.0,0.0
5,145,7.64906080626334,5.95257366051594,0.0,1.0,0.0,1.0,0.0,0.0
6,145,9.60742837390648,7.915359482469058,1.0,1.0,1.0,0.0,1.0,0.0
7,145,3.926811560431604,0.0,1.0,0.0,1.0,0.0,0.0,0.0
8,145,5.696886230657154,12.0,0.0,0.0,0.0,0.0,1.0,0.0
9,145,5.192196026183393,2.548579212165802,0.0,1.0,0.0,0.0,1.0,1.0
10,145,7.183012364687467,3.740026751601372,0.0,0.0,0.0,1.0,0.0,0.0
11,145,8.166096991737767,0.0,1.0,0.0,0.0,0.0,0.0,0.0
12,145,3.2955320779917168,9.083580707576472,0.0,0.0,0.0,1.0,1.0,1.0
13,145,1.8847930945412497,0.3900979936634135,0.0,1.0,1.0,0.0,0.0,1.0
14,145,10.183137870771247,0.0,1.0,1.0,0.0,0.0,1.0,1.0
15,145,9.863840966948876,12.0,1.0,1.0,0.0,0.0,1.0,0.0
16,145,6.959719749252673,2.0590712840078105,0.0,0.0,1.0,1.0,1.0,1.0
17,145,7.816208577906727,11.042327779274112,0.0,0.0,1.0,0.0,1.0,0.0
18,145,4.69535153861054,8.271381666315959,1.0,0.0,0.0,0.0,1.0,0.0
19,145,2.3908711340515465,1.3421091440228512,0.0,0.0,0.0,1.0,0.0,1.0
20,145,7.613450280261398,2.375913281206654,0.0,0.0,0.0,1.0,0.0,1.0
21,145,7.189388704663202,11.206815678937096,0.0,1.0,1.0,0.0,0.0,0.0
22,145,6.255004379628457,9.587147976156196,1.0,1.0,1.0,0.0,0.0,1.0
23,145,10.040012935268756,0.0,0.0,1.0,0.0,1.0,1.0,0.0
24,145,9.39891306005082,6.638563255253063,0.0,1.0,1.0,0.0,1.0,1.0
25,145,4.41545322549045,6.355669053079162,0.0,0.0,0.0,1.0,0.0,0.0
26,145,6.325583957242291,11.974523515537651,1.0,1.0,0.0,1.0,1.0,1.0
27,145,5.6962779018936205,8.089263776864428,0.0,0.0,1.0,0.0,0.0,0.0
28,145,5.969582539373726,9.70011109131305,0.0,1.0,1.0,0.0,0.0,0.0
29,145,4.804208015174449,10.766457794349032,1.0,1.0,0.0,0.0,0.0,0.0
30,145,8.30720431501722,0.0,0.0,0.0,0.0,0.0,0.0,0.0
31,145,10.39263302042668,4.051842871913596,0.0,0.0,1.0,1.0,0.0,0.0
32,145,9.03534866780887,8.323048758711801,1.0,0.0,1.0,1.0,1.0,1.0
33,145,9.217358184848129,1.8081346721842615,1.0,1.0,1.0,0.0,0.0,0.0
34,145,4.554896014871594,9.38865233299408,1.0,1.0,1.0,0.0,0.0,0.0
35,145,11.212412595791,7.7798725916536755,1.0,1.0,0.0,0.0,0.0,0.0
36,145,4.354473098344583,8.612756575503045,0.0,0.0,0.0,1.0,1.0,1.0
37,145,12.0,4.149602312203019,1.0,0.0,0.0,0.0,0.0,0.0
38,145,4.068749445949631,0.0359632876657175,1.0,0.0,1.0,0.0,1.0,0.0
39,145,2.644330857942969,0.0,1.0,0.0,0.0,0.0,0.0,0.0
0,150,3.926337549898347,9.31688818661794,0.0,0.0,0.0,0.0,1.0,0.0
1,150,0.202674767128266,6.167977674269735,0.0,0.0,0.0,0.0,0.0,0.0
2,150,1.4455110300546208,4.352486349417662,0.0,1.0,0.0,0.0,0.0,0.0
3,150,11.2782056187534,9.082149266996776,0.0,0.0,1.0,0.0,1.0,0.0
4,150,0.4995499589988517,11.220946057405344,0.0,0.0,1.0,0.0,0.0,0.0
5,150,7.655937834426301,5.968094625565489,0.0,1.0,0.0,1.0,0.0,0.0
6,150,9.506673850376066,7.976649987580306,1.0,1.0,1.0,0.0,1.0,0.0
7,150,4.057789568284734,0.0,1.0,0.0,1.0,0.0,0.0,0.0
8,150,5.663752684012088,12.0,0.0,0.0,0.0,0.0,1.0,0.0
9,150,5.099109363488665,2.4698783772384787,0.0,1.0,0.0,0.0,1.0,1.0
10,150,7.254014994942223,3.822629357353648,0.0,0.0,0.0,1.0,0.0,0.0
11,150,8.281481729134978,0.0,1.0,0.0,0.0,0.0,0.0,0.0
12,150,3.4262258008371345,9.006565672549781,0.0,0.0,0.0,1.0,1.0,1.0
13,150,1.8786598329641084,0.3595605839602357,0.0,1.0,1.0,0.0,0.0,1.0
14,150,10.223675514096724,0.0,1.0,1.0,0.0,0.0,1.0,1.0
15,150,9.852143250266725,12.0,1.0,1.0,0.0,0.0,1.0,0.0
16,150,6.951691173986236,2.0830468128046524,0.0,0.0,1.0,1.0,1.0,1.0
17,150,7.732490933437758,10.970997325324912,0.0,0.0,1.0,0.0,1.0,0.0
18,150,4.671345291857658,8.2146917506121,1.0,0.0,0.0,0.0,1.0,0.0
19,150,2.429633601280244,1.3580883326345774,0.0,0.0,0.0,1.0,0.0,1.0
20,150,7.494382407953402,2.413777914366597,0.0,0.0,0.0,1.0,0.0,1.0
21,150,7.21979799258982,11.148989639699645,0.0,1.0,1.0,0.0,0.0,0.0
22,150,6.267215761062243,9.670882138888237,1.0,1.0,1.0,0.0,0.0,1.0
23,150,9.95841974887465,0.0,0.0,1.0,0.0,1.0,1.0,0.0
24,150,9.448331632998055,6.631309550059369,0.0,1.0,1.0,0.0,1.0,1.0
25,150,4.431365505248721,6.348318354528039,0.0,0.0,0.0,1.0,0.0,0.0
26,150,6.296806234815349,12.0,1.0,1.0,0.0,1.0,1.0,1.0
27,150,5.660973093300765,8.081980512773818,0.0,0.0,1.0,0.0,0.0,0.0
28,150,5.869584009699129,9.799093991824606,0.0,1.0,1.0,0.0,0.0,0.0
29,150,4.838215328336468,10.833236851247095,1.0,1.0,0.0,0.0,0.0,0.0
30,150,8.268191202602372,0.0,0.0,0.0,0.0,0.0,0.0,0.0
31,150,10.380729218318644,4.068580432279263,0.0,0.0,1.0,1.0,0.0,0.0
32,150,9.048574312796452,8.334661113456466,1.0,0.0,1.0,1.0,1.0,1.0
33,150,9.391246434336056,1.676436298104305,1.0,1.0,1.0,0.0,0.0,0.0
34,150,4.62063978267332,9.43508242505066,1.0,1.0,1.0,0.0,0.0,0.0
35,150,11.198564173843495,7.803541726323862,1.0,1.0,0.0,0.0,0.0,0.0
36,150,4.381621491939061,8.686517751758121,0.0,0.0,0.0,1.0,1.0,1.0
37,150,12.0,4.177059495024457,1.0,0.0,0.0,0.0,0.0,0.0
38,150,4.069012566874554,0.0366099915081418,1.0,0.0,1.0,0.0,1.0,0.0
39,150,2.62163422385872,0.0,1.0,0.0,0.0,0.0,0.0,0.0
0,155,3.923739176883671,9.414115350360882,0.0,0.0,0.0,0.0,1.0,0.0
1,155,0.1738725074442094,6.151841517253141,0.0,0.0,0.0,0.0,0.0,0.0
2,155,1.394517289545136,4.387783888194317,0.0,1.0,0.0,0.0,0.0,0.0
3,155,11.308392864091845,9.089338144849304,0.0,0.0,1.0,0.0,1.0,0.0
4,155,0.5156502679383962,11.260256387165503,0.0,0.0,1.0,0.0,0.0,0.0
5,155,7.657071937578457,5.970545526981982,0.0,1.0,0.0,1.0,0.0,0.0
6,155,9.396485568788943,8.046064779016366,1.0,1.0,1.0,0.0,1.0,0.0
7,155,4.186744797909322,0.0,1.0,0.0,1.0,0.0,0.0,0.0
8,155,5.624234039741483,12.0,0.0,0.0,0.0,0.0,1.0,0.0
9,155,4.986226568777241,2.3710434633484105,0.0,1.0,0.0,0.0,1.0,1.0
10,155,7.3051951230174845,3.8829041872412926,0.0,0.0,0.0,1.0,0.0,0.0
11,155,8.407920461370782,0.0,1.0,0.0,0.0,0.0,0.0,0.0
12,155,3.550157090227976,8.932333983605659,0.0,0.0,0.0,1.0,1.0,1.0
13,155,1.8735438838853975,0.3337098121931499,0.0,1.0,1.0,0.0,0.0,1.0
14,155,10.2546394125249,0.0,1.0,1.0,0.0,0.0,1.0,1.0
15,155,9.83787958305762,12.0,1.0,1.0,0.0,0.0,1.0,0.0
16,155,6.943079542681262,2.108063970149677,0.0,0.0,1.0,1.0,1.0,1.0
17,155,7.639322146073388,10.89196233566556,0.0,0.0,1.0,0.0,1.0,0.0
18,155,4.641280352337837,8.148661564494997,1.0,0.0,0.0,0.0,1.0,0.0
19,155,2.486684113565994,1.3820443219004364,0.0,0.0,0.0,1.0,0.0,1.0
20,155,7.377297679971131,2.4500093520727324,0.0,0.0,0.0,1.0,0.0,1.0
21,155,7.255480475934534,11.081587030640364,0.0,1.0,1.0,0.0,0.0,0.0
22,155,6.28305637103368,9.768365638502637,1.0,1.0,1.0,0.0,0.0,1.0
23,155,9.87484536192466,0.0,0.0,1.0,0.0,1.0,1.0,0.0
24,155,9.488864821028764,6.625426430940296,0.0,1.0,1.0,0.0,1.0,1.0
25,155,4.4390001730094975,6.344785481718222,0.0,0.0,0.0,1.0,0.0,0.0
26,155,6.277654315549739,12.0,1.0,1.0,0.0,1.0,1.0,1.0
27,155,5.594647048364684,8.068322315259872,0.0,0.0,1.0,0.0,0.0,0.0
28,155,5.784428194381282,9.884391540920156,0.0,1.0,1.0,0.0,0.0,0.0
29,155,4.875177130072351,10.911486729614674,1.0,1.0,0.0,0.0,0.0,0.0
30,155,8.238149339065526,0.0,0.0,0.0,0.0,0.0,0.0,0.0
31,155,10.36492223594637,4.091328410557163,0.0,0.0,1.0,1.0,0.0,0.0
32,155,9.058258177013377,8.323719280452082,1.0,0.0,1.0,1.0,1.0,1.0
33,155,9.549965730560835,1.5565991853844154,1.0,1.0,1.0,0.0,0.0,0.0
34,155,4.686241193677676,9.47863434654266,1.0,1.0,1.0,0.0,0.0,0.0
35,155,11.18094297699221,7.833386199604138,1.0,1.0,0.0,0.0,0.0,0.0
36,155,4.412978567796285,8.77133109318329,0.0,0.0,0.0,1.0,1.0,1.0
37,155,12.0,4.19653028943678,1.0,0.0,0.0,0.0,0.0,0.0
38,155,4.074901222377576,0.0500330917250684,1.0,0.0,1.0,0.0,1.0,0.0
39,155,2.7832689392783654,0.0,1.0,0.0,0.0,0.0,0.0,0.0
0,160,3.9246838700856657,9.50744655461086,0.0,0.0,0.0,0.0,1.0,0.0
1,160,0.1270192749990014,6.126628400266814,0.0,0.0,0.0,0.0,0.0,0.0
2,160,1.347717869257737,4.319984651005031,0.0,1.0,0.0,0.0,0.0,0.0
3,160,11.351360675535572,9.09776958847136,0.0,0.0,1.0,0.0,1.0,0.0
4,160,0.5322634208153055,11.30180736883112,0.0,0.0,1.0,0.0,0.0,0.0
5,160,7.655558874076217,5.967422384565247,0.0,1.0,0.0,1.0,0.0,0.0
6,160,9.277802085495226,8.118315395078378,1.0,1.0,1.0,0.0,1.0,0.0
7,160,4.322807733152137,0.0,1.0,0.0,1.0,0.0,0.0,0.0
8,160,5.586590672361336,12.0,0.0,0.0,0.0,0.0,1.0,0.0
9,160,4.9023929205976415,2.2963436066276763,0.0,1.0,0.0,0.0,1.0,1.0
10,160,7.351014317575368,3.934710601442984,0.0,0.0,0.0,1.0,0.0,0.0
11,160,8.554015828642513,0.0,1.0,0.0,0.0,0.0,0.0,0.0
12,160,3.6470641969192346,8.871325794160997,0.0,0.0,0.0,1.0,1.0,1.0
13,160,1.8690287042469595,0.3108353468143575,0.0,1.0,1.0,0.0,0.0,1.0
14,160,10.274273447576086,0.0,1.0,1.0,0.0,0.0,1.0,1.0
15,160,9.82530360060528,12.0,1.0,1.0,0.0,0.0,1.0,0.0
16,160,6.9343053619641,2.134386664802977,0.0,0.0,1.0,1.0,1.0,1.0
17,160,7.53128156922098,10.801792735989356,0.0,0.0,1.0,0.0,1.0,0.0
18,160,4.611580737713156,8.082877006253828,1.0,0.0,0.0,0.0,1.0,0.0
19,160,2.567861121668064,1.4146806023877827,0.0,0.0,0.0,1.0,0.0,1.0
20,160,7.247387782517952,2.489311835598478,0.0,0.0,0.0,1.0,0.0,1.0
21,160,7.296997338739122,10.997045923910228,0.0,1.0,1.0,0.0,0.0,0.0
22,160,6.3011182329436215,9.884014555644958,1.0,1.0,1.0,0.0,0.0,1.0
23,160,9.780382707177958,0.0,0.0,1.0,0.0,1.0,1.0,0.0
24,160,9.529733336704586,6.620046611888394,0.0,1.0,1.0,0.0,1.0,1.0
25,160,4.431509346056435,6.3480826941059405,0.0,0.0,0.0,1.0,0.0,0.0
26,160,6.256510094323851,12.0,1.0,1.0,0.0,1.0,1.0,1.0
27,160,5.509481569870242,8.051326003852337,0.0,0.0,1.0,0.0,0.0,0.0
28,160,5.684687853779782,9.988008329869013,0.0,1.0,1.0,0.0,0.0,0.0
29,160,4.913247694795011,10.994212104495194,1.0,1.0,0.0,0.0,0.0,0.0
30,160,8.203762952781027,0.0,0.0,0.0,0.0,0.0,0.0,0.0
31,160,10.347622218647755,4.116017431784496,0.0,0.0,1.0,1.0,0.0,0.0
32,160,9.072396728390377,8.307006355937187,1.0,0.0,1.0,1.0,1.0,1.0
33,160,9.68786818862226,1.4485109142994448,1.0,1.0,1.0,0.0,0.0,0.0
34,160,4.763179381931781,9.531073387875391,1.0,1.0,1.0,0.0,0.0,0.0
35,160,11.17457238464196,7.844352078458953,1.0,1.0,0.0,0.0,0.0,0.0
36,160,4.443070033137487,8.849762480406696,0.0,0.0,0.0,1.0,1.0,1.0
37,160,12.0,4.214930042054004,1.0,0.0,0.0,0.0,0.0,0.0
38,160,4.079653522960982,0.0605357946645776,1.0,0.0,1.0,0.0,1.0,0.0
39,160,2.933505570115985,0.0,1.0,0.0,0.0,0.0,0.0,0.0
0,165,3.927595799323403,9.58172700603366,0.0,0.0,0.0,0.0,1.0,0.0
1,165,0.074195554694627,6.098672073539816,0.0,0.0,0.0,0.0,0.0,0.0
2,165,1.2990377061297174,4.249865761419656,0.0,1.0,0.0,0.0,0.0,0.0
3,165,11.40777151541622,9.107881904775349,0.0,0.0,1.0,0.0,1.0,0.0
4,165,0.5411036432482901,11.323076080918186,0.0,0.0,1.0,0.0,0.0,0.0
5,165,7.662896727938793,5.982317811542517,0.0,1.0,0.0,1.0,0.0,0.0
6,165,9.148749409633504,8.191756859679169,1.0,1.0,1.0,0.0,1.0,0.0
7,165,4.461461304224375,0.0,1.0,0.0,1.0,0.0,0.0,0.0
8,165,5.553094363314962,12.0,0.0,0.0,0.0,0.0,1.0,0.0
9,165,4.833232966772381,2.229904534228694,0.0,1.0,0.0,0.0,1.0,1.0
10,165,7.397418233057982,3.9873356599953977,0.0,0.0,0.0,1.0,0.0,0.0
11,165,8.703161539146356,0.0,1.0,0.0,0.0,0.0,0.0,0.0
12,165,3.764511076195926,8.793524418583699,0.0,0.0,0.0,1.0,1.0,1.0
13,165,1.8647674862114136,0.2871717122553519,0.0,1.0,1.0,0.0,0.0,1.0
14,165,10.294921309415768,0.0,1.0,1.0,0.0,0.0,1.0,1.0
15,165,9.81344381546976,12.0,1.0,1.0,0.0,0.0,1.0,0.0
16,165,6.924662418654095,2.167407802326626,0.0,0.0,1.0,1.0,1.0,1.0
17,165,7.412547639402288,10.698558982608336,0.0,0.0,1.0,0.0,1.0,0.0
18,165,4.580866812469348,8.016243071599012,1.0,0.0,0.0,0.0,1.0,0.0
19,165,2.5935459730607717,1.348059336016603,0.0,0.0,0.0,1.0,0.0,1.0
20,165,7.107597581124678,2.5330554109657677,0.0,0.0,0.0,1.0,0.0,1.0
21,165,7.33804919902299,10.910215770540484,0.0,1.0,1.0,0.0,0.0,0.0
22,165,6.318718515679674,10.008664122270783,1.0,1.0,1.0,0.0,0.0,1.0
23,165,9.67724838468505,0.0,0.0,1.0,0.0,1.0,1.0,0.0
24,165,9.567985133273366,6.616160221724228,0.0,1.0,1.0,0.0,1.0,1.0
25,165,4.422700896361889,6.351780792853801,0.0,0.0,0.0,1.0,0.0,0.0
26,165,6.222641259243988,12.0,1.0,1.0,0.0,1.0,1.0,1.0
27,165,5.4170417535269655,8.029540896383955,0.0,0.0,1.0,0.0,0.0,0.0
28,165,5.58452589089269,10.09526707930786,0.0,1.0,1.0,0.0,0.0,0.0
29,165,4.950142268646803,11.078972956415235,1.0,1.0,0.0,0.0,0.0,0.0
30,165,8.172341913615274,0.0,0.0,0.0,0.0,0.0,0.0,0.0
31,165,10.330898583177298,4.140049705709106,0.0,0.0,1.0,1.0,0.0,0.0
32,165,9.088301895003116,8.288429674500401,1.0,0.0,1.0,1.0,1.0,1.0
33,165,9.819194650510228,1.3438042207835963,1.0,1.0,1.0,0.0,0.0,0.0
34,165,4.843478556083785,9.584625328181932,1.0,1.0,1.0,0.0,0.0,0.0
35,165,11.170943056455618,7.850846799415347,1.0,1.0,0.0,0.0,0.0,0.0
36,165,4.470874588931074,8.921152435249036,0.0,0.0,0.0,1.0,1.0,1.0
37,165,12.0,4.229645030231228,1.0,0.0,0.0,0.0,0.0,0.0
38,165,4.088280247332045,0.0792123397612955,1.0,0.0,1.0,0.0,1.0,0.0
39,165,3.104793359026684,0.0,1.0,0.0,0.0,0.0,0.0,0.0
0,170,3.92958393232929,9.642576043495644,0.0,0.0,0.0,0.0,1.0,0.0
1,170,0.0003814902442388,6.05812159960191,0.0,0.0,0.0,0.0,0.0,0.0
2,170,1.2393920111906038,4.165818099010421,0.0,1.0,0.0,0.0,0.0,0.0
3,170,11.46241122295172,9.118260415507956,0.0,0.0,1.0,0.0,1.0,0.0
4,170,0.5429942999616115,11.32750914612902,0.0,0.0,1.0,0.0,0.0,0.0
5,170,7.667406393452888,5.990815138102591,0.0,1.0,0.0,1.0,0.0,0.0
6,170,9.028189530737228,8.26445380011512,1.0,1.0,1.0,0.0,1.0,0.0
7,170,4.614181017790324,0.0,1.0,0.0,1.0,0.0,0.0,0.0
8,170,5.5299054113795085,12.0,0.0,0.0,0.0,0.0,1.0,0.0
9,170,4.772745759193094,2.168856965789498,0.0,1.0,0.0,0.0,1.0,1.0
10,170,7.453833156693599,4.051077776691678,0.0,0.0,0.0,1.0,0.0,0.0
11,170,8.856106216105527,0.0,1.0,0.0,0.0,0.0,0.0,0.0
12,170,3.8947261173963006,8.710397225593828,0.0,0.0,0.0,1.0,1.0,1.0
13,170,1.8618647879111987,0.2721291337771215,0.0,1.0,1.0,0.0,0.0,1.0
14,170,10.326340730736629,0.0,1.0,1.0,0.0,0.0,1.0,1.0
15,170,9.806617927440051,12.0,1.0,1.0,0.0,0.0,1.0,0.0
16,170,6.910684013834389,2.2225174662213463,0.0,0.0,1.0,1.0,1.0,1.0
17,170,7.285420721816538,10.59009416900691,0.0,0.0,1.0,0.0,1.0,0.0
18,170,4.554477325358247,7.960224635682461,1.0,0.0,0.0,0.0,1.0,0.0
19,170,2.619335407420772,1.2810822129113884,0.0,0.0,0.0,1.0,0.0,1.0
20,170,6.973946660419166,2.572740202064134,0.0,0.0,0.0,1.0,0.0,1.0
21,170,7.371002315244714,10.847426609832036,0.0,1.0,1.0,0.0,0.0,0.0
22,170,6.337221857951198,10.132584077462756,1.0,1.0,1.0,0.0,0.0,1.0
23,170,9.56019234345978,0.0,0.0,1.0,0.0,1.0,1.0,0.0
24,170,9.591477540857625,6.613453667611708,0.0,1.0,1.0,0.0,1.0,1.0
25,170,4.428149987606312,6.349427718080184,0.0,0.0,0.0,1.0,0.0,0.0
26,170,6.191944396293709,12.0,1.0,1.0,0.0,1.0,1.0,1.0
27,170,5.309278241041016,8.006853740940983,0.0,0.0,1.0,0.0,0.0,0.0
28,170,5.464616395211406,10.22506114017003,0.0,1.0,1.0,0.0,0.0,0.0
29,170,4.985674975502729,11.15618315088239,1.0,1.0,0.0,0.0,0.0,0.0
30,170,8.142003993882986,0.0,0.0,0.0,0.0,0.0,0.0,0.0
31,170,10.326891971562016,4.145735710830415,0.0,0.0,1.0,1.0,0.0,0.0
32,170,9.091701602227367,8.29119385064251,1.0,0.0,1.0,1.0,1.0,1.0
33,170,9.948903246336677,1.2390189430026837,1.0,1.0,1.0,0.0,0.0,0.0
34,170,4.916623556152791,9.631569462876197,1.0,1.0,1.0,0.0,0.0,0.0
35,170,11.17233873202846,7.848455469571634,1.0,1.0,0.0,0.0,0.0,0.0
36,170,4.500788792187422,8.994789096582597,0.0,0.0,0.0,1.0,1.0,1.0
37,170,12.0,4.242675995571903,1.0,0.0,0.0,0.0,0.0,0.0
38,170,4.092363765430778,0.0884014755916015,1.0,0.0,1.0,0.0,1.0,0.0
39,170,3.299033508781113,0.0,1.0,0.0,0.0,0.0,0.0,0.0
0,175,3.932199333441305,9.689906636199268,0.0,0.0,0.0,0.0,1.0,0.0
1,175,0.0,6.014254168161143,0.0,0.0,0.0,0.0,0.0,0.0
2,175,1.1716135509144634,4.067153826292018,0.0,1.0,0.0,0.0,0.0,0.0
3,175,11.49644014453447,9.125747128656997,0.0,0.0,1.0,0.0,1.0,0.0
4,175,0.5426114197481204,11.32667823768478,0.0,0.0,1.0,0.0,0.0,0.0
5,175,7.67725172778835,6.008952997918028,0.0,1.0,0.0,1.0,0.0,0.0
6,175,8.897037825924954,8.340753067492864,1.0,1.0,1.0,0.0,1.0,0.0
7,175,4.793074626999268,0.0,1.0,0.0,1.0,0.0,0.0,0.0
8,175,5.493755135125606,12.0,0.0,0.0,0.0,0.0,1.0,0.0
9,175,4.70149698539836,2.0952722967693247,0.0,1.0,0.0,0.0,1.0,1.0
10,175,7.476829972162196,4.0778314296365945,0.0,0.0,0.0,1.0,0.0,0.0
11,175,9.025661252235706,0.0,1.0,0.0,0.0,0.0,0.0,0.0
12,175,4.027317242830199,8.624294058404116,0.0,0.0,0.0,1.0,1.0,1.0
13,175,1.8562441728537824,0.2461993170756266,0.0,1.0,1.0,0.0,0.0,1.0
14,175,10.352639527770808,0.0,1.0,1.0,0.0,0.0,1.0,1.0
15,175,9.800834071126602,12.0,1.0,1.0,0.0,0.0,1.0,0.0
16,175,6.898825143208383,2.2670018147618127,0.0,0.0,1.0,1.0,1.0,1.0
17,175,7.153618940812496,10.479377095546283,0.0,0.0,1.0,0.0,1.0,0.0
18,175,4.514302918806861,7.8785112371526065,1.0,0.0,0.0,0.0,1.0,0.0
19,175,2.647493919459046,1.2077770159521626,0.0,0.0,0.0,1.0,0.0,1.0
20,175,6.83291344315646,2.6150509327817724,0.0,0.0,0.0,1.0,0.0,1.0
21,175,7.402861481501656,10.780840993253662,0.0,1.0,1.0,0.0,0.0,0.0
22,175,6.356319001900668,10.260371224524716,1.0,1.0,1.0,0.0,0.0,1.0
23,175,9.434370844653404,0.0,0.0,1.0,0.0,1.0,1.0,0.0
24,175,9.60960377610928,6.611330752566384,0.0,1.0,1.0,0.0,1.0,1.0
25,175,4.42775617921533,6.349595042552552,0.0,0.0,0.0,1.0,0.0,0.0
26,175,6.1645530775501225,12.0,1.0,1.0,0.0,1.0,1.0,1.0
27,175,5.192989337342224,7.985131363290406,0.0,0.0,1.0,0.0,0.0,0.0
28,175,5.352536324201376,10.348202005799015,0.0,1.0,1.0,0.0,0.0,0.0
29,175,5.015801455816905,11.22195783945128,1.0,1.0,0.0,0.0,0.0,0.0
30,175,8.13404342307832,0.0,0.0,0.0,0.0,0.0,0.0,0.0
31,175,10.322781310064004,4.151992227573314,0.0,0.0,1.0,1.0,0.0,0.0
32,175,9.079011179405304,8.280587411741077,1.0,0.0,1.0,1.0,1.0,1.0
33,175,10.09100431145769,1.1249838255697155,1.0,1.0,1.0,0.0,0.0,0.0
34,175,4.959372337562825,9.657921373876311,1.0,1.0,1.0,0.0,0.0,0.0
35,175,11.169847663492014,7.853052026910515,1.0,1.0,0.0,0.0,0.0,0.0
36,175,4.525736839050798,9.056806263146935,0.0,0.0,0.0,1.0,1.0,1.0
37,175,12.0,4.254473219497992,1.0,0.0,0.0,0.0,0.0,0.0
38,175,4.098560393818598,0.101999181117169,1.0,0.0,1.0,0.0,1.0,0.0
39,175,3.480891001497021,0.0,1.0,0.0,0.0,0.0,0.0,0.0
0,180,3.935393070920583,9.75751817055746,0.0,0.0,0.0,0.0,1.0,0.0
1,180,0.0,5.97136800859768,0.0,0.0,0.0,0.0,0.0,0.0
2,180,1.1031123530354865,3.968639297754194,0.0,1.0,0.0,0.0,0.0,0.0
3,180,11.54381073845347,9.136939666488487,0.0,0.0,1.0,0.0,1.0,0.0
4,180,0.5445962997311395,11.331031369236593,0.0,0.0,1.0,0.0,0.0,0.0
5,180,7.701763057455633,6.053648484957741,0.0,1.0,0.0,1.0,0.0,0.0
6,180,8.788166849618106,8.407592099828385,1.0,1.0,1.0,0.0,1.0,0.0
7,180,4.972996073978022,0.0,1.0,0.0,1.0,0.0,0.0,0.0
8,180,5.462180110366066,12.0,0.0,0.0,0.0,0.0,1.0,0.0
9,180,4.656260251405985,2.047553132596465,0.0,1.0,0.0,0.0,1.0,1.0
10,180,7.522606742203362,4.129489546593842,0.0,0.0,0.0,1.0,0.0,0.0
11,180,9.190245961030472,0.0,1.0,0.0,0.0,0.0,0.0,0.0
12,180,4.162969103981997,8.533745434956492,0.0,0.0,0.0,1.0,1.0,1.0
13,180,1.847642377274946,0.2067841763050307,0.0,1.0,1.0,0.0,0.0,1.0
14,180,10.372948532749144,0.0,1.0,1.0,0.0,0.0,1.0,1.0
15,180,9.798986339089568,12.0,1.0,1.0,0.0,0.0,1.0,0.0
16,180,6.8920220471161215,2.291837571658404,0.0,0.0,1.0,1.0,1.0,1.0
17,180,7.030141559795809,10.379441478748864,0.0,0.0,1.0,0.0,1.0,0.0
18,180,4.478162964326689,7.79734441250034,1.0,0.0,0.0,0.0,1.0,0.0
19,180,2.6833646661539405,1.1160447940831402,0.0,0.0,0.0,1.0,0.0,1.0
20,180,6.721005111639853,2.6513888435424198,0.0,0.0,0.0,1.0,0.0,1.0
21,180,7.437225246623718,10.71110167092405,0.0,1.0,1.0,0.0,0.0,0.0
22,180,6.374478907775326,10.365055646539355,1.0,1.0,1.0,0.0,0.0,1.0
23,180,9.319167073970757,0.0,0.0,1.0,0.0,1.0,1.0,0.0
24,180,9.636821744622166,6.607856575147937,0.0,1.0,1.0,0.0,1.0,1.0
25,180,4.411076421886304,6.356856260274886,0.0,0.0,0.0,1.0,0.0,0.0
26,180,6.143560414936151,12.0,1.0,1.0,0.0,1.0,1.0,1.0
27,180,5.065906929265814,7.962720843049086,0.0,0.0,1.0,0.0,0.0,0.0
28,180,5.228232318561882,10.48349615260161,0.0,1.0,1.0,0.0,0.0,0.0
29,180,5.050655304677899,11.293701037283777,1.0,1.0,0.0,0.0,0.0,0.0
30,180,8.111614854839441,0.0,0.0,0.0,0.0,0.0,0.0,0.0
31,180,10.311994406844732,4.168402398967348,0.0,0.0,1.0,1.0,0.0,0.0
32,180,9.063545187976784,8.267101171315964,1.0,0.0,1.0,1.0,1.0,1.0
33,180,10.237730712511157,1.0088502122854264,1.0,1.0,1.0,0.0,0.0,0.0
34,180,4.99600061831649,9.68047191322963,1.0,1.0,1.0,0.0,0.0,0.0
35,180,11.173739641605096,7.845482496859899,1.0,1.0,0.0,0.0,0.0,0.0
36,180,4.55991233347646,9.138975939597715,0.0,0.0,0.0,1.0,1.0,1.0
37,180,12.0,4.258907991556088,1.0,0.0,0.0,0.0,0.0,0.0
38,180,4.110368288053796,0.1303506624130553,1.0,0.0,1.0,0.0,1.0,0.0
39,180,3.649688617917449,0.0,1.0,0.0,0.0,0.0,0.0,0.0
0,185,3.938037265733753,9.820500790534304,0.0,0.0,0.0,0.0,1.0,0.0
1,185,0.0,5.926292328207918,0.0,0.0,0.0,0.0,0.0,0.0
2,185,1.0404083318165387,3.878588211911928,0.0,1.0,0.0,0.0,0.0,0.0
3,185,11.581769619101452,9.146344102315677,0.0,0.0,1.0,0.0,1.0,0.0
4,185,0.5494872041429911,11.342134131551706,0.0,0.0,1.0,0.0,0.0,0.0
5,185,7.721248765738606,6.088890599530382,0.0,1.0,0.0,1.0,0.0,0.0
6,185,8.679394733410554,8.474959971111506,1.0,1.0,1.0,0.0,1.0,0.0
7,185,5.138607657298604,0.0,1.0,0.0,1.0,0.0,0.0,0.0
8,185,5.439069489592201,12.0,0.0,0.0,0.0,0.0,1.0,0.0
9,185,4.595690666487766,1.982929824312317,0.0,1.0,0.0,0.0,1.0,1.0
10,185,7.569320957713099,4.183207108694941,0.0,0.0,0.0,1.0,0.0,0.0
11,185,9.348406383902272,0.0,1.0,0.0,0.0,0.0,0.0,0.0
12,185,4.309310888277943,8.438253137902258,0.0,0.0,0.0,1.0,1.0,1.0
13,185,1.8392199652599803,0.1697702107381274,0.0,1.0,1.0,0.0,0.0,1.0
14,185,10.413076255340258,0.0,1.0,1.0,0.0,0.0,1.0,1.0
15,185,9.798571643396487,12.0,1.0,1.0,0.0,0.0,1.0,0.0
16,185,6.882918536032666,2.3225519139903428,0.0,0.0,1.0,1.0,1.0,1.0
17,185,6.909041576002957,10.281543622083005,0.0,0.0,1.0,0.0,1.0,0.0
18,185,4.443072324302053,7.715034610898523,1.0,0.0,0.0,0.0,1.0,0.0
19,185,2.713290154435246,1.0380871181435627,0.0,0.0,0.0,1.0,0.0,1.0
20,185,6.596235396541197,2.691298254849501,0.0,0.0,0.0,1.0,0.0,1.0
21,185,7.47952784075432,10.624027222077853,0.0,1.0,1.0,0.0,0.0,0.0
22,185,6.392093465112056,10.46615859688384,1.0,1.0,1.0,0.0,0.0,1.0
23,185,9.204139870207664,0.0,0.0,1.0,0.0,1.0,1.0,0.0
24,185,9.638207506403692,6.607713437667985,0.0,1.0,1.0,0.0,1.0,1.0
25,185,4.38661619368124,6.367960298555843,0.0,0.0,0.0,1.0,0.0,0.0
26,185,6.12061610650217,12.0,1.0,1.0,0.0,1.0,1.0,1.0
27,185,4.922323764733633,7.933543612585999,0.0,0.0,1.0,0.0,0.0,0.0
28,185,5.096844799045168,10.626855218871514,0.0,1.0,1.0,0.0,0.0,0.0
29,185,5.090352307971762,11.373809233505725,1.0,1.0,0.0,0.0,0.0,0.0
30,185,8.087843709304526,0.0,0.0,0.0,0.0,0.0,0.0,0.0
31,185,10.299834977277287,4.186720628348076,0.0,0.0,1.0,1.0,0.0,0.0
32,185,9.050246615609614,8.255177792855521,1.0,0.0,1.0,1.0,1.0,1.0
33,185,10.387239393001622,0.8905052334164745,1.0,1.0,1.0,0.0,0.0,0.0
34,185,5.027550373478441,9.699803474361207,1.0,1.0,1.0,0.0,0.0,0.0
35,185,11.173845513401671,7.845294769224708,1.0,1.0,0.0,0.0,0.0,0.0
36,185,4.592098924573183,9.223255747332626,0.0,0.0,0.0,1.0,1.0,1.0
37,185,12.0,4.261218080581807,1.0,0.0,0.0,0.0,0.0,0.0
38,185,4.129457494380322,0.1777475369324698,1.0,0.0,1.0,0.0,1.0,0.0
39,185,3.769282816942173,0.0,1.0,0.0,0.0,0.0,0.0,0.0
0,190,3.9425435314502506,9.891483627788215,0.0,0.0,0.0,0.0,1.0,0.0
1,190,0.0,5.881153106620167,0.0,0.0,0.0,0.0,0.0,0.0
2,190,0.977410925826636,3.7903753101173416,0.0,1.0,0.0,0.0,0.0,0.0
3,190,11.625030218139672,9.156239101740145,0.0,0.0,1.0,0.0,1.0,0.0
4,190,0.5573053236636841,11.3605917441714,0.0,0.0,1.0,0.0,0.0,0.0
5,190,7.7354293098582625,6.114639829906745,0.0,1.0,0.0,1.0,0.0,0.0
6,190,8.581734287024114,8.537002091171429,1.0,1.0,1.0,0.0,1.0,0.0
7,190,5.308085775406001,0.0,1.0,0.0,1.0,0.0,0.0,0.0
8,190,5.415375553000788,12.0,0.0,0.0,0.0,0.0,1.0,0.0
9,190,4.525571052100906,1.908620473703472,0.0,1.0,0.0,0.0,1.0,1.0
10,190,7.61457853590464,4.232164052868244,0.0,0.0,0.0,1.0,0.0,0.0
11,190,9.507126544524688,0.0,1.0,0.0,0.0,0.0,0.0,0.0
12,190,4.47390885303454,8.325313225364614,0.0,0.0,0.0,1.0,1.0,1.0
13,190,1.8344120470090963,0.1500930153612947,0.0,1.0,1.0,0.0,0.0,1.0
14,190,10.464057871982126,0.0,1.0,1.0,0.0,0.0,1.0,1.0
15,190,9.796333327039822,12.0,1.0,1.0,0.0,0.0,1.0,0.0
16,190,6.879330386348864,2.3355003306254623,0.0,0.0,1.0,1.0,1.0,1.0
17,190,6.792082222477174,10.181314987662317,0.0,0.0,1.0,0.0,1.0,0.0
18,190,4.411392204301422,7.634628279690527,1.0,0.0,0.0,0.0,1.0,0.0
19,190,2.745425639930009,0.9539664532895836,0.0,0.0,0.0,1.0,0.0,1.0
20,190,6.471774212664182,2.730765634023816,0.0,0.0,0.0,1.0,0.0,1.0
21,190,7.520703738065188,10.54109951242655,0.0,1.0,1.0,0.0,0.0,0.0
22,190,6.40583217973056,10.553409960703164,1.0,1.0,1.0,0.0,0.0,1.0
23,190,9.092094577747304,0.0,0.0,1.0,0.0,1.0,1.0,0.0
24,190,9.641128193051692,6.607410659534812,0.0,1.0,1.0,0.0,1.0,1.0
25,190,4.357487824282236,6.381712387500862,0.0,0.0,0.0,1.0,0.0,0.0
26,190,6.101454876801308,12.0,1.0,1.0,0.0,1.0,1.0,1.0
27,190,4.788829365302977,7.910072987495325,0.0,0.0,1.0,0.0,0.0,0.0
28,190,4.955206231442794,10.772445449156958,0.0,1.0,1.0,0.0,0.0,0.0
29,190,5.134959503104981,11.463588433346734,1.0,1.0,0.0,0.0,0.0,0.0
30,190,8.055191536831705,0.0,0.0,0.0,0.0,0.0,0.0,0.0
31,190,10.281263362263251,4.21528147022381,0.0,0.0,1.0,1.0,0.0,0.0
32,190,9.041958708197786,8.247626922212971,1.0,0.0,1.0,1.0,1.0,1.0
33,190,10.555629910163832,0.7538961472666807,1.0,1.0,1.0,0.0,0.0,0.0
34,190,5.05354613538015,9.716261668563888,1.0,1.0,1.0,0.0,0.0,0.0
35,190,11.172859064594157,7.846980046061519,1.0,1.0,0.0,0.0,0.0,0.0
36,190,4.622914243978752,9.310979162615846,0.0,0.0,0.0,1.0,1.0,1.0
37,190,12.0,4.261346274626737,1.0,0.0,0.0,0.0,0.0,0.0
38,190,4.152315363549993,0.2320504660514654,1.0,0.0,1.0,0.0,1.0,0.0
39,190,3.8785223672437263,0.0,1.0,0.0,0.0,0.0,0.0,0.0
0,195,3.945400173804265,9.972337166064728,0.0,0.0,0.0,0.0,1.0,0.0
1,195,0.0,5.844640041598455,0.0,0.0,0.0,0.0,0.0,0.0
2,195,0.9096771869059328,3.6996427737528257,0.0,1.0,0.0,0.0,0.0,0.0
3,195,11.681433540264743,9.168173557268316,0.0,0.0,1.0,0.0,1.0,0.0
4,195,0.5675975493376176,11.385655400036647,0.0,0.0,1.0,0.0,0.0,0.0
5,195,7.754407096489991,6.148228823417129,0.0,1.0,0.0,1.0,0.0,0.0
6,195,8.481750671781858,8.595019823848007,1.0,1.0,1.0,0.0,1.0,0.0
7,195,5.490296922665144,0.0,1.0,0.0,1.0,0.0,0.0,0.0
8,195,5.392652443692699,12.0,0.0,0.0,0.0,0.0,1.0,0.0
9,195,4.440645528599785,1.8152076237027412,0.0,1.0,0.0,0.0,1.0,1.0
10,195,7.6736693561366,4.299148700802773,0.0,0.0,0.0,1.0,0.0,0.0
11,195,9.670139907682918,0.0,1.0,0.0,0.0,0.0,0.0,0.0
12,195,4.649180686405525,8.20168517543379,0.0,0.0,0.0,1.0,1.0,1.0
13,195,1.827536594065297,0.1239776714977569,0.0,1.0,1.0,0.0,0.0,1.0
14,195,10.511503375138837,0.0,1.0,1.0,0.0,0.0,1.0,1.0
15,195,9.79213613273327,12.0,1.0,1.0,0.0,0.0,1.0,0.0
16,195,6.87198997942596,2.3619507625543483,0.0,0.0,1.0,1.0,1.0,1.0
17,195,6.6816201351262965,10.090471803683844,0.0,0.0,1.0,0.0,1.0,0.0
18,195,4.377824177399226,7.547489468705248,1.0,0.0,0.0,0.0,1.0,0.0
19,195,2.772717538169276,0.8779490670271248,0.0,0.0,0.0,1.0,0.0,1.0
20,195,6.345397244730211,2.768484514023078,0.0,0.0,0.0,1.0,0.0,1.0
21,195,7.566316858403479,10.450270487396953,0.0,1.0,1.0,0.0,0.0,0.0
22,195,6.419380088659464,10.629366859930204,1.0,1.0,1.0,0.0,0.0,1.0
23,195,8.972064091339233,0.0,0.0,1.0,0.0,1.0,1.0,0.0
24,195,9.642280132802693,6.607275924866229,0.0,1.0,1.0,0.0,1.0,1.0
25,195,4.327860131040917,6.395462075345625,0.0,0.0,0.0,1.0,0.0,0.0
26,195,6.084067011652796,12.0,1.0,1.0,0.0,1.0,1.0,1.0
27,195,4.640586440765794,7.884858714644244,0.0,0.0,1.0,0.0,0.0,0.0
28,195,4.810953124624051,10.919545576029725,0.0,1.0,1.0,0.0,0.0,0.0
29,195,5.176763364835955,11.543078892953456,1.0,1.0,0.0,0.0,0.0,0.0
30,195,8.023204440790185,0.0,0.0,0.0,0.0,0.0,0.0,0.0
31,195,10.264899771299104,4.240729547903376,0.0,0.0,1.0,1.0,0.0,0.0
32,195,9.031200343717314,8.238031568297739,1.0,0.0,1.0,1.0,1.0,1.0
33,195,10.753405465260109,0.6000749248088799,1.0,1.0,1.0,0.0,0.0,0.0
34,195,5.072883043369999,9.727977394983142,1.0,1.0,1.0,0.0,0.0,0.0
35,195,11.170355835252424,7.851237941637703,1.0,1.0,0.0,0.0,0.0,0.0
36,195,4.662930020120864,9.43102461360104,0.0,0.0,0.0,1.0,1.0,1.0
37,195,11.978361578454091,4.254560766973838,1.0,0.0,0.0,0.0,0.0,0.0
38,195,4.176934191171219,0.2951762809906383,1.0,0.0,1.0,0.0,1.0,0.0
39,195,3.982058909713986,0.0,1.0,0.0,0.0,0.0,0.0,0.0
0,200,3.946799153119692,10.054504990180348,0.0,0.0,0.0,0.0,1.0,0.0
1,200,0.0,5.813540047202806,0.0,0.0,0.0,0.0,0.0,0.0
2,200,0.8372532413794886,3.5995708879957813,0.0,1.0,0.0,0.0,0.0,0.0
3,200,11.718829147795416,9.176017052760544,0.0,0.0,1.0,0.0,1.0,0.0
4,200,0.5857312536800113,11.433195386869096,0.0,0.0,1.0,0.0,0.0,0.0
5,200,7.784247891655838,6.201276083096648,0.0,1.0,0.0,1.0,0.0,0.0
6,200,8.390812812432555,8.646659705943238,1.0,1.0,1.0,0.0,1.0,0.0
7,200,5.697706657349513,0.0,1.0,0.0,1.0,0.0,0.0,0.0
8,200,5.365082981663708,12.0,0.0,0.0,0.0,0.0,1.0,0.0
9,200,4.366054895792809,1.7314441721684426,0.0,1.0,0.0,0.0,1.0,1.0
10,200,7.7386574921058,4.372321849584808,0.0,0.0,0.0,1.0,0.0,0.0
11,200,9.83939575751893,0.0,1.0,0.0,0.0,0.0,0.0,0.0
12,200,4.835105127894744,8.07452147836076,0.0,0.0,0.0,1.0,1.0,1.0
13,200,1.822743491887881,0.1060648283730005,0.0,1.0,1.0,0.0,0.0,1.0
14,200,10.537527498832882,0.0,1.0,1.0,0.0,0.0,1.0,1.0
15,200,9.783656385585386,12.0,1.0,1.0,0.0,0.0,1.0,0.0
16,200,6.867058849918196,2.380559146636512,0.0,0.0,1.0,1.0,1.0,1.0
17,200,6.573761909346056,10.00379905006863,0.0,0.0,1.0,0.0,1.0,0.0
18,200,4.330091256580985,7.432163589624878,1.0,0.0,0.0,0.0,1.0,0.0
19,200,2.7918881012501613,0.8267999836528293,0.0,0.0,0.0,1.0,0.0,1.0
20,200,6.219232603867658,2.802961013175418,0.0,0.0,0.0,1.0,0.0,1.0
21,200,7.614438290638857,10.358454045181391,0.0,1.0,1.0,0.0,0.0,0.0
22,200,6.437387987622096,10.722573674742966,1.0,1.0,1.0,0.0,0.0,1.0
23,200,8.856860408647565,0.0,0.0,1.0,0.0,1.0,1.0,0.0
24,200,9.631276885544915,6.608551713576567,0.0,1.0,1.0,0.0,1.0,1.0
25,200,4.282001275145118,6.415849340652222,0.0,0.0,0.0,1.0,0.0,0.0
26,200,6.064591278831903,12.0,1.0,1.0,0.0,1.0,1.0,1.0
27,200,4.503384327698957,7.864174997539177,0.0,0.0,1.0,0.0,0.0,0.0
28,200,4.669777733113224,11.071205244212123,0.0,1.0,1.0,0.0,0.0,0.0
29,200,5.2235456074037705,11.63049309166908,1.0,1.0,0.0,0.0,0.0,0.0
30,200,7.994110263149158,0.0,0.0,0.0,0.0,0.0,0.0,0.0
31,200,10.236404913795951,4.284961353230741,0.0,0.0,1.0,1.0,0.0,0.0
32,200,9.035349078977278,8.241823388068855,1.0,0.0,1.0,1.0,1.0,1.0
33,200,10.948338360569023,0.4500090608946735,1.0,1.0,1.0,0.0,0.0,0.0
34,200,5.082563108424511,9.73388212457723,1.0,1.0,1.0,0.0,0.0,0.0
35,200,11.179091926220464,7.834765095287343,1.0,1.0,0.0,0.0,0.0,0.0
36,200,4.706885213399175,9.552378248076687,0.0,0.0,0.0,1.0,1.0,1.0
37,200,11.976360774897568,4.253920612885512,1.0,0.0,0.0,0.0,0.0,0.0
38,200,4.198948795285234,0.3508424548799531,1.0,0.0,1.0,0.0,1.0,0.0
39,200,4.099201853217018,0.0,1.0,0.0,0.0,0.0,0.0,0.0
0,205,3.948497977274636,10.13502200188482,0.0,0.0,0.0,0.0,1.0,0.0
1,205,0.0,5.787152045378821,0.0,0.0,0.0,0.0,0.0,0.0
2,205,0.7718108650042008,3.506621859881753,0.0,1.0,0.0,0.0,0.0,0.0
3,205,11.75094197915419,9.181153021356002,0.0,0.0,1.0,0.0,1.0,0.0
4,205,0.6029134456123532,11.479103678671576,0.0,0.0,1.0,0.0,0.0,0.0
5,205,7.843386579685331,6.167648611094339,0.0,1.0,0.0,1.0,0.0,0.0
6,205,8.2927675968025,8.704056241022197,1.0,1.0,1.0,0.0,1.0,0.0
7,205,5.921184359524511,0.0,1.0,0.0,1.0,0.0,0.0,0.0
8,205,5.325654304217792,12.0,0.0,0.0,0.0,0.0,1.0,0.0
9,205,4.285646996785869,1.6427790374000582,0.0,1.0,0.0,0.0,1.0,1.0
10,205,7.803554794230936,4.449364837915003,0.0,0.0,0.0,1.0,0.0,0.0
11,205,10.00526878689273,0.0,1.0,0.0,0.0,0.0,0.0,0.0
12,205,5.011749368351455,7.94895196063249,0.0,0.0,0.0,1.0,1.0,1.0
13,205,1.8199170451375315,0.094801143406149,0.0,1.0,1.0,0.0,0.0,1.0
14,205,10.572135382359305,0.0,1.0,1.0,0.0,0.0,1.0,1.0
15,205,9.812593313353933,12.0,1.0,1.0,0.0,0.0,1.0,0.0
16,205,6.862919122870224,2.3957143495782973,0.0,0.0,1.0,1.0,1.0,1.0
17,205,6.479401168463832,9.925088174232666,0.0,0.0,1.0,0.0,1.0,0.0
18,205,4.286085142829633,7.327058377902993,1.0,0.0,0.0,0.0,1.0,0.0
19,205,2.8125377873741484,0.7673335943502023,0.0,0.0,0.0,1.0,0.0,1.0
20,205,6.069466660866497,2.844129853026704,0.0,0.0,0.0,1.0,0.0,1.0
21,205,7.664464132091355,10.266268709146606,0.0,1.0,1.0,0.0,0.0,0.0
22,205,6.448291405870474,10.799221957943685,1.0,1.0,1.0,0.0,0.0,1.0
23,205,8.736014414916509,0.0,0.0,1.0,0.0,1.0,1.0,0.0
24,205,9.613365496594978,6.610591303502382,0.0,1.0,1.0,0.0,1.0,1.0
25,205,4.2614237153636605,6.42506980269921,0.0,0.0,0.0,1.0,0.0,0.0
26,205,6.045256658960192,12.0,1.0,1.0,0.0,1.0,1.0,1.0
27,205,4.347767536317863,7.839346456103602,0.0,0.0,1.0,0.0,0.0,0.0
28,205,4.536275839772187,11.212100949161258,0.0,1.0,1.0,0.0,0.0,0.0
29,205,5.266123628361438,11.707356098668855,1.0,1.0,0.0,0.0,0.0,0.0
30,205,7.963772394138957,0.0,0.0,0.0,0.0,0.0,0.0,0.0
31,205,10.194710658233983,4.346342863684593,0.0,0.0,1.0,1.0,0.0,0.0
32,205,9.03007380705441,8.23690289173502,1.0,0.0,1.0,1.0,1.0,1.0
33,205,11.140472444267534,0.307315520443961,1.0,1.0,1.0,0.0,0.0,0.0
34,205,5.100906183219911,9.744957431184115,1.0,1.0,1.0,0.0,0.0,0.0
35,205,11.185689430856415,7.822138398233567,1.0,1.0,0.0,0.0,0.0,0.0
36,205,4.7587041637094325,9.694423850130084,0.0,0.0,0.0,1.0,1.0,1.0
37,205,11.977262880614411,4.254226631240291,1.0,0.0,0.0,0.0,0.0,0.0
38,205,4.223731753556229,0.4092124927913482,1.0,0.0,1.0,0.0,1.0,0.0
39,205,4.212682784100082,0.0,1.0,0.0,0.0,0.0,0.0,0.0
0,210,3.9518180611119664,10.21975175738076,0.0,0.0,0.0,0.0,1.0,0.0
1,210,0.0,5.767604868448306,0.0,0.0,0.0,0.0,0.0,0.0
2,210,0.705074662030084,3.4090305657004984,0.0,1.0,0.0,0.0,0.0,0.0
3,210,11.773100446150556,9.1849348859567,0.0,0.0,1.0,0.0,1.0,0.0
4,210,0.62001798125949,11.524717786391818,0.0,0.0,1.0,0.0,0.0,0.0
5,210,7.902785553136017,6.1342904565241305,0.0,1.0,0.0,1.0,0.0,0.0
6,210,8.1982869823036,8.762114769878288,1.0,1.0,1.0,0.0,1.0,0.0
7,210,6.16505375152887,0.0,1.0,0.0,1.0,0.0,0.0,0.0
8,210,5.2844363649397,12.0,0.0,0.0,0.0,0.0,1.0,0.0
9,210,4.212073124984008,1.5595846744888604,0.0,1.0,0.0,0.0,1.0,1.0
10,210,7.8645075550262735,4.520878405040878,0.0,0.0,0.0,1.0,0.0,0.0
11,210,10.188964623578697,0.0,1.0,0.0,0.0,0.0,0.0,0.0
12,210,5.21031090370405,7.807369627189482,0.0,0.0,0.0,1.0,1.0,1.0
13,210,1.816577924203207,0.0826949938551417,0.0,1.0,1.0,0.0,0.0,1.0
14,210,10.615758629280997,0.0,1.0,1.0,0.0,0.0,1.0,1.0
15,210,9.84816117087281,12.0,1.0,1.0,0.0,0.0,1.0,0.0
16,210,6.860443274337736,2.4047680535244518,0.0,0.0,1.0,1.0,1.0,1.0
17,210,6.383048636735654,9.84357632596901,0.0,0.0,1.0,0.0,1.0,0.0
18,210,4.241925707367686,7.226782156870678,1.0,0.0,0.0,0.0,1.0,0.0
19,210,2.8260453943602286,0.7263687348072325,0.0,0.0,0.0,1.0,0.0,1.0
20,210,5.926020031918393,2.885860363079139,0.0,0.0,0.0,1.0,0.0,1.0
21,210,7.706462744363927,10.191312528486298,0.0,1.0,1.0,0.0,0.0,0.0
22,210,6.46134648705448,10.88894175419598,1.0,1.0,1.0,0.0,0.0,1.0
23,210,8.626039110634183,0.0,0.0,1.0,0.0,1.0,1.0,0.0
24,210,9.59563344524678,6.612396033485365,0.0,1.0,1.0,0.0,1.0,1.0
25,210,4.234241030293632,6.4380187750266895,0.0,0.0,0.0,1.0,0.0,0.0
26,210,6.0342980768407255,12.0,1.0,1.0,0.0,1.0,1.0,1.0
27,210,4.219170503543223,7.817329690651471,0.0,0.0,1.0,0.0,0.0,0.0
28,210,4.401817278183911,11.361746045966642,0.0,1.0,1.0,0.0,0.0,0.0
29,210,5.314426475685264,11.800400307065454,1.0,1.0,0.0,0.0,0.0,0.0
30,210,7.918946283590175,0.0,0.0,0.0,0.0,0.0,0.0,0.0
31,210,10.145640482977171,4.419354442972423,0.0,0.0,1.0,1.0,0.0,0.0
32,210,9.031134682666195,8.237922391886153,1.0,0.0,1.0,1.0,1.0,1.0
33,210,11.329375367480996,0.1604125343425718,1.0,1.0,1.0,0.0,0.0,0.0
34,210,5.106903210606832,9.748698886757252,1.0,1.0,1.0,0.0,0.0,0.0
35,210,11.188173972611713,7.817400659289175,1.0,1.0,0.0,0.0,0.0,0.0
36,210,4.810157202373427,9.835157715647457,0.0,0.0,0.0,1.0,1.0,1.0
37,210,11.994422541850565,4.259801542286969,1.0,0.0,0.0,0.0,0.0,0.0
38,210,4.239279876095172,0.4458482586188371,1.0,0.0,1.0,0.0,1.0,0.0
39,210,4.294694759915728,0.0,1.0,0.0,0.0,0.0,0.0,0.0
0,215,3.958064627913058,10.327846038791469,0.0,0.0,0.0,0.0,1.0,0.0
1,215,0.0,5.752853442335757,0.0,0.0,0.0,0.0,0.0,0.0
2,215,0.6285486247530992,3.296029268744,0.0,1.0,0.0,0.0,0.0,0.0
3,215,11.794093367513016,9.188560199464185,0.0,0.0,1.0,0.0,1.0,0.0
4,215,0.6350266899090851,11.56702601351196,0.0,0.0,1.0,0.0,0.0,0.0
5,215,7.972045640820465,6.095921438810906,0.0,1.0,0.0,1.0,0.0,0.0
6,215,8.10594282199813,8.816933984616561,1.0,1.0,1.0,0.0,1.0,0.0
7,215,6.4289457798156295,0.0,1.0,0.0,1.0,0.0,0.0,0.0
8,215,5.251839409575222,12.0,0.0,0.0,0.0,0.0,1.0,0.0
9,215,4.135697217399806,1.4761939671595874,0.0,1.0,0.0,0.0,1.0,1.0
10,215,7.913250683880407,4.579767415196008,0.0,0.0,0.0,1.0,0.0,0.0
11,215,10.364570195855524,0.0,1.0,0.0,0.0,0.0,0.0,0.0
12,215,5.421120443754512,7.661403885377016,0.0,0.0,0.0,1.0,1.0,1.0
13,215,1.8186571487081664,0.0912250213986249,0.0,1.0,1.0,0.0,0.0,1.0
14,215,10.650486653074635,0.0,1.0,1.0,0.0,0.0,1.0,1.0
15,215,9.89023474684518,12.0,1.0,1.0,0.0,0.0,1.0,0.0
16,215,6.857332807301883,2.4178714578826668,0.0,0.0,1.0,1.0,1.0,1.0
17,215,6.303041148869146,9.777112621969335,0.0,0.0,1.0,0.0,1.0,0.0
18,215,4.200602566986238,7.122516496945099,1.0,0.0,0.0,0.0,1.0,0.0
19,215,2.8433366035438543,0.6806795657847403,0.0,0.0,0.0,1.0,0.0,1.0
20,215,5.784063668105169,2.9236264568359664,0.0,0.0,0.0,1.0,0.0,1.0
21,215,7.735293503434739,10.13972713237431,0.0,1.0,1.0,0.0,0.0,0.0
22,215,6.469325662098511,10.964110004207829,1.0,1.0,1.0,0.0,0.0,1.0
23,215,8.520807781066642,0.0,0.0,1.0,0.0,1.0,1.0,0.0
24,215,9.596259379748924,6.61233602404501,0.0,1.0,1.0,0.0,1.0,1.0
25,215,4.216181514811972,6.446983652251861,0.0,0.0,0.0,1.0,0.0,0.0
26,215,6.011573014574866,12.0,1.0,1.0,0.0,1.0,1.0,1.0
27,215,4.09745554110888,7.792862557209927,0.0,0.0,1.0,0.0,0.0,0.0
28,215,4.287339030891307,11.487185107241146,0.0,1.0,1.0,0.0,0.0,0.0
29,215,5.356631733241536,11.886329121463133,1.0,1.0,0.0,0.0,0.0,0.0
30,215,7.869645168110449,0.0,0.0,0.0,0.0,0.0,0.0,0.0
31,215,10.09216289179019,4.497930805787374,0.0,0.0,1.0,1.0,0.0,0.0
32,215,9.031577982947653,8.23832879980713,1.0,0.0,1.0,1.0,1.0,1.0
33,215,11.533518208659222,0.0153963707621678,1.0,1.0,1.0,0.0,0.0,0.0
34,215,5.114547678214755,9.753325696619266,1.0,1.0,1.0,0.0,0.0,0.0
35,215,11.187799032368032,7.818153506189708,1.0,1.0,0.0,0.0,0.0,0.0
36,215,4.8611279496672735,9.973985752444174,0.0,0.0,0.0,1.0,1.0,1.0
37,215,11.971533059082406,4.252017755178974,1.0,0.0,0.0,0.0,0.0,0.0
38,215,4.260098705456834,0.490345927507654,1.0,0.0,1.0,0.0,1.0,0.0
39,215,4.387950717738159,0.0,1.0,0.0,0.0,0.0,0.0,0.0
0,220,3.962905005349972,10.413838471602036,0.0,0.0,0.0,0.0,1.0,0.0
1,220,0.0014918375667147,5.7536675552710985,0.0,0.0,0.0,0.0,0.0,0.0
2,220,0.5515805606401754,3.17930224842158,0.0,1.0,0.0,0.0,0.0,0.0
3,220,11.820723595597965,9.193292085478102,0.0,0.0,1.0,0.0,1.0,0.0
4,220,0.656601290864055,11.627044415855314,0.0,0.0,1.0,0.0,0.0,0.0
5,220,8.028468620295042,6.062452018046057,0.0,1.0,0.0,1.0,0.0,0.0
6,220,7.993750246428013,8.882719933741864,1.0,1.0,1.0,0.0,1.0,0.0
7,220,6.687505180867406,0.0,1.0,0.0,1.0,0.0,0.0,0.0
8,220,5.222133432238856,12.0,0.0,0.0,0.0,0.0,1.0,0.0
9,220,4.054240057097843,1.3899331962924235,0.0,1.0,0.0,0.0,1.0,1.0
10,220,7.959978878924992,4.637787217793657,0.0,0.0,0.0,1.0,0.0,0.0
11,220,10.52717548744807,0.0,1.0,0.0,0.0,0.0,0.0,0.0
12,220,5.639339709982529,7.509839931363039,0.0,0.0,0.0,1.0,1.0,1.0
13,220,1.8252288660979985,0.1161796818279453,0.0,1.0,1.0,0.0,0.0,1.0
14,220,10.70679544048575,0.0,1.0,1.0,0.0,0.0,1.0,1.0
15,220,9.932707980141126,12.0,1.0,1.0,0.0,0.0,1.0,0.0
16,220,6.851849154696492,2.438783412514124,0.0,0.0,1.0,1.0,1.0,1.0
17,220,6.218076034463045,9.705397267437142,0.0,0.0,1.0,0.0,1.0,0.0
18,220,4.165382452003319,7.031435617746174,1.0,0.0,0.0,0.0,1.0,0.0
19,220,2.865979175826301,0.6214513335720643,0.0,0.0,0.0,1.0,0.0,1.0
20,220,5.641187800216757,2.9604245507489493,0.0,0.0,0.0,1.0,0.0,1.0
21,220,7.7694986471979615,10.073879693158938,0.0,1.0,1.0,0.0,0.0,0.0
22,220,6.476072821711275,11.031698159502684,1.0,1.0,1.0,0.0,0.0,1.0
23,220,8.405905128612345,0.0,0.0,1.0,0.0,1.0,1.0,0.0
24,220,9.585357555387423,6.61342376171489,0.0,1.0,1.0,0.0,1.0,1.0
25,220,4.203150572802175,6.453845384896768,0.0,0.0,0.0,1.0,0.0,0.0
26,220,5.98714207591572,12.0,1.0,1.0,0.0,1.0,1.0,1.0
27,220,3.953764973211049,7.7639588764426595,0.0,0.0,1.0,0.0,0.0,0.0
28,220,4.184160429151858,11.598719749957043,0.0,1.0,1.0,0.0,0.0,0.0
29,220,5.39086646375807,11.953743638134185,1.0,1.0,0.0,0.0,0.0,0.0
30,220,7.811073599611905,0.0,0.0,0.0,0.0,0.0,0.0,0.0
31,220,10.0363938941292,4.582252130694408,0.0,0.0,1.0,1.0,0.0,0.0
32,220,9.041213944304037,8.247024585685017,1.0,0.0,1.0,1.0,1.0,1.0
33,220,11.721358062140023,0.0,1.0,1.0,1.0,0.0,0.0,0.0
34,220,5.114065703841406,9.753027509877128,1.0,1.0,1.0,0.0,0.0,0.0
35,220,11.176510292978968,7.840317526820788,1.0,1.0,0.0,0.0,0.0,0.0
36,220,4.912426817084049,10.10501793016818,0.0,0.0,0.0,1.0,1.0,1.0
37,220,11.92434288946047,4.236804267978819,1.0,0.0,0.0,0.0,0.0,0.0
38,220,4.2917698660092505,0.5544701966364742,1.0,0.0,1.0,0.0,1.0,0.0
39,220,4.471636605534078,0.0,1.0,0.0,0.0,0.0,0.0,0.0
0,225,3.967088178188164,10.47141956073665,0.0,0.0,0.0,0.0,1.0,0.0
1,225,0.002584858688654,5.754250255444102,0.0,0.0,0.0,0.0,0.0,0.0
2,225,0.4612871844700997,3.0451060850410183,0.0,1.0,0.0,0.0,0.0,0.0
3,225,11.855864264578592,9.199477083619582,0.0,0.0,1.0,0.0,1.0,0.0
4,225,0.6805708713532693,11.700622878968936,0.0,0.0,1.0,0.0,0.0,0.0
5,225,8.092610025671169,6.023980464499498,0.0,1.0,0.0,1.0,0.0,0.0
6,225,7.879486758882789,8.950677289580701,1.0,1.0,1.0,0.0,1.0,0.0
7,225,6.92548351581801,0.0,1.0,0.0,1.0,0.0,0.0,0.0
8,225,5.197701272857649,12.0,0.0,0.0,0.0,0.0,1.0,0.0
9,225,3.974848770185944,1.3074916003370334,0.0,1.0,0.0,0.0,1.0,1.0
10,225,7.998050563138455,4.683988245381465,0.0,0.0,0.0,1.0,0.0,0.0
11,225,10.697117523467826,0.0,1.0,0.0,0.0,0.0,0.0,0.0
12,225,5.854089864354997,7.359025499505105,0.0,0.0,0.0,1.0,1.0,1.0
13,225,1.826495136135018,0.1211969052225458,0.0,1.0,1.0,0.0,0.0,1.0
14,225,10.77045730263481,0.0,1.0,1.0,0.0,0.0,1.0,1.0
15,225,9.939608789127009,12.0,1.0,1.0,0.0,0.0,1.0,0.0
16,225,6.839922959869933,2.480542467433491,0.0,0.0,1.0,1.0,1.0,1.0
17,225,6.109358458949685,9.616734761392747,0.0,0.0,1.0,0.0,1.0,0.0
18,225,4.135517205755092,6.954815038455305,1.0,0.0,0.0,0.0,1.0,0.0
19,225,2.8841672627161152,0.5732634081532524,0.0,0.0,0.0,1.0,0.0,1.0
20,225,5.523265044160795,2.9906886997663515,0.0,0.0,0.0,1.0,0.0,1.0
21,225,7.802090691220604,10.010130365140254,0.0,1.0,1.0,0.0,0.0,0.0
22,225,6.481817325174843,11.081832428621183,1.0,1.0,1.0,0.0,0.0,1.0
23,225,8.292255533332353,0.0,0.0,1.0,0.0,1.0,1.0,0.0
24,225,9.551246767600924,6.616632773205911,0.0,1.0,1.0,0.0,1.0,1.0
25,225,4.185904249471701,6.462992385593126,0.0,0.0,0.0,1.0,0.0,0.0
26,225,5.972681880799508,12.0,1.0,1.0,0.0,1.0,1.0,1.0
27,225,3.818177146332689,7.736640763769817,0.0,0.0,1.0,0.0,0.0,0.0
28,225,4.074843963620387,11.709901873866004,0.0,1.0,1.0,0.0,0.0,0.0
29,225,5.427661124097343,12.0,1.0,1.0,0.0,0.0,0.0,0.0
30,225,7.757266436473025,0.0,0.0,0.0,0.0,0.0,0.0,0.0
31,225,9.964757183534266,4.692450778126011,0.0,0.0,1.0,1.0,0.0,0.0
32,225,9.05483744463879,8.259359095913396,1.0,0.0,1.0,1.0,1.0,1.0
33,225,11.8998473054453,0.0,1.0,1.0,1.0,0.0,0.0,0.0
34,225,5.099180818186546,9.743789392913037,1.0,1.0,1.0,0.0,0.0,0.0
35,225,11.159079234091251,7.872478554313559,1.0,1.0,0.0,0.0,0.0,0.0
36,225,4.975262401999872,10.262044747586392,0.0,0.0,0.0,1.0,1.0,1.0
37,225,11.888442816676545,4.225080758866864,1.0,0.0,0.0,0.0,0.0,0.0
38,225,4.328213623677476,0.6312689254559312,1.0,0.0,1.0,0.0,1.0,0.0
39,225,4.541348662441111,0.0,1.0,0.0,0.0,0.0,0.0,0.0
0,230,3.9706308534241623,10.526757340571306,0.0,0.0,0.0,0.0,1.0,0.0
1,230,0.0,5.752361472166447,0.0,0.0,0.0,0.0,0.0,0.0
2,230,0.3560790264859491,2.8887503678139117,0.0,1.0,0.0,0.0,0.0,0.0
3,230,11.872594379125225,9.20299141940239,0.0,0.0,1.0,0.0,1.0,0.0
4,230,0.7036160486788974,11.775241196399575,0.0,0.0,1.0,0.0,0.0,0.0
5,230,8.177326977935667,5.972930478168808,0.0,1.0,0.0,1.0,0.0,0.0
6,230,7.754194292313429,9.023941066745644,1.0,1.0,1.0,0.0,1.0,0.0
7,230,7.171009733270645,0.0,1.0,0.0,1.0,0.0,0.0,0.0
8,230,5.171971989110804,12.0,0.0,0.0,0.0,0.0,1.0,0.0
9,230,3.873565478559864,1.205131046012289,0.0,1.0,0.0,0.0,1.0,1.0
10,230,8.037853438652727,4.732689783493729,0.0,0.0,0.0,1.0,0.0,0.0
11,230,10.854913014220555,0.0,1.0,0.0,0.0,0.0,0.0,0.0
12,230,6.081446070051084,7.201677374351034,0.0,0.0,0.0,1.0,1.0,1.0
13,230,1.8333820673460348,0.1492396324297203,0.0,1.0,1.0,0.0,0.0,1.0
14,230,10.84432816039958,0.0,1.0,1.0,0.0,0.0,1.0,1.0
15,230,9.931402872702789,11.998293057086768,1.0,1.0,0.0,0.0,1.0,0.0
16,230,6.833453845335612,2.5023531492949957,0.0,0.0,1.0,1.0,1.0,1.0
17,230,6.015836477938847,9.54495744246211,0.0,0.0,1.0,0.0,1.0,0.0
18,230,4.102593490443387,6.877806421342435,1.0,0.0,0.0,0.0,1.0,0.0
19,230,2.900059722321678,0.5335095607263536,0.0,0.0,0.0,1.0,0.0,1.0
20,230,5.409897881537528,3.020172015231817,0.0,0.0,0.0,1.0,0.0,1.0
21,230,7.832387927016546,9.95233681053964,0.0,1.0,1.0,0.0,0.0,0.0
22,230,6.488295948973315,11.138959168285194,1.0,1.0,1.0,0.0,0.0,1.0
23,230,8.177963722979696,0.0,0.0,1.0,0.0,1.0,1.0,0.0
24,230,9.526757664262686,6.618785250144594,0.0,1.0,1.0,0.0,1.0,1.0
25,230,4.1593325142047775,6.476842841483824,0.0,0.0,0.0,1.0,0.0,0.0
26,230,5.982340471165665,11.985901939891338,1.0,1.0,0.0,1.0,1.0,1.0
27,230,3.6776214662650473,7.704867923300925,0.0,0.0,1.0,0.0,0.0,0.0
28,230,3.972640456818581,11.818396751312996,0.0,1.0,1.0,0.0,0.0,0.0
29,230,5.467030576351689,12.0,1.0,1.0,0.0,0.0,0.0,0.0
30,230,7.692277899238789,0.0,0.0,0.0,0.0,0.0,0.0,0.0
31,230,9.898906291219276,4.790959005542973,0.0,0.0,1.0,1.0,0.0,0.0
32,230,9.065308847771114,8.269221249250611,1.0,0.0,1.0,1.0,1.0,1.0
33,230,12.0,0.0,1.0,1.0,1.0,0.0,0.0,0.0
34,230,5.0794015576506375,9.732176389052189,1.0,1.0,1.0,0.0,0.0,0.0
35,230,11.142363842684752,7.903141341945464,1.0,1.0,0.0,0.0,0.0,0.0
36,230,5.038818546842935,10.41372468147327,0.0,0.0,0.0,1.0,1.0,1.0
37,230,11.848958355127571,4.212703238575709,1.0,0.0,0.0,0.0,0.0,0.0
38,230,4.366541850722805,0.7112624260179367,1.0,0.0,1.0,0.0,1.0,0.0
39,230,4.625566254183904,0.0,1.0,0.0,0.0,0.0,0.0,0.0
0,235,3.972807485610199,10.564310533165468,0.0,0.0,0.0,0.0,1.0,0.0
1,235,0.0120178690184396,5.758772350815531,0.0,0.0,0.0,0.0,0.0,0.0
2,235,0.2620926772721121,2.7429064638756406,0.0,1.0,0.0,0.0,0.0,0.0
3,235,11.88679327246624,9.206216123781113,0.0,0.0,1.0,0.0,1.0,0.0
4,235,0.7304572485361502,11.864968881945758,0.0,0.0,1.0,0.0,0.0,0.0
5,235,8.241382968116037,5.933385913724648,0.0,1.0,0.0,1.0,0.0,0.0
6,235,7.638181503617124,9.092126893124387,1.0,1.0,1.0,0.0,1.0,0.0
7,235,7.405429588240369,0.0,1.0,0.0,1.0,0.0,0.0,0.0
8,235,5.155758345850472,12.0,0.0,0.0,0.0,0.0,1.0,0.0
9,235,3.7743546717518033,1.1042816769813026,0.0,1.0,0.0,0.0,1.0,1.0
10,235,8.058766833558437,4.757259950116376,0.0,0.0,0.0,1.0,0.0,0.0
11,235,11.033204327399185,0.0,1.0,0.0,0.0,0.0,0.0,0.0
12,235,6.28856810594735,7.046166798831477,0.0,0.0,0.0,1.0,1.0,1.0
13,235,1.8362927631689008,0.1604477533355946,0.0,1.0,1.0,0.0,0.0,1.0
14,235,10.810659957253757,0.0,1.0,1.0,0.0,0.0,1.0,1.0
15,235,9.901094131405593,11.991532806600771,1.0,1.0,0.0,0.0,1.0,0.0
16,235,6.823096447707219,2.5343121758892813,0.0,0.0,1.0,1.0,1.0,1.0
17,235,5.929613767326484,9.476385157820694,0.0,0.0,1.0,0.0,1.0,0.0
18,235,4.071196583428279,6.806403489565939,1.0,0.0,0.0,0.0,1.0,0.0
19,235,2.9148961470628563,0.4959440740694171,0.0,0.0,0.0,1.0,0.0,1.0
20,235,5.308346556771725,3.043656971589768,0.0,0.0,0.0,1.0,0.0,1.0
21,235,7.860118139789947,9.89850611005777,0.0,1.0,1.0,0.0,0.0,0.0
22,235,6.495594234733448,11.194623400966604,1.0,1.0,1.0,0.0,0.0,1.0
23,235,8.065333619888104,0.0,0.0,1.0,0.0,1.0,1.0,0.0
24,235,9.475818645986974,6.623242153762496,0.0,1.0,1.0,0.0,1.0,1.0
25,235,4.13595853010065,6.488406406377718,0.0,0.0,0.0,1.0,0.0,0.0
26,235,5.985572247273536,11.981044676617566,1.0,1.0,0.0,1.0,1.0,1.0
27,235,3.526321890931899,7.671296703138361,0.0,0.0,1.0,0.0,0.0,0.0
28,235,3.873607930649817,11.918220135101889,0.0,1.0,1.0,0.0,0.0,0.0
29,235,5.49715434724741,12.0,1.0,1.0,0.0,0.0,0.0,0.0
30,235,7.6236698240181076,0.0,0.0,0.0,0.0,0.0,0.0,0.0
31,235,9.831713047340472,4.894527753141993,0.0,0.0,1.0,1.0,0.0,0.0
32,235,9.07812356131286,8.28051249192297,1.0,0.0,1.0,1.0,1.0,1.0
33,235,12.0,0.0,1.0,1.0,1.0,0.0,0.0,0.0
34,235,5.06432854931867,9.72320731935289,1.0,1.0,1.0,0.0,0.0,0.0
35,235,11.119405939607216,7.943268286328885,1.0,1.0,0.0,0.0,0.0,0.0
36,235,5.113078589552248,10.573701759160436,0.0,0.0,0.0,1.0,1.0,1.0
37,235,11.800519847001407,4.196004214640059,1.0,0.0,0.0,0.0,0.0,0.0
38,235,4.4063229131531685,0.7931494879859122,1.0,0.0,1.0,0.0,1.0,0.0
39,235,4.727335735257244,0.0,1.0,0.0,0.0,0.0,0.0,0.0
0,240,3.9733140066467993,10.57101390254514,0.0,0.0,0.0,0.0,1.0,0.0
1,240,0.0278235018101123,5.76648564265223,0.0,0.0,0.0,0.0,0.0,0.0
2,240,0.1703849430697814,2.5989510857479137,0.0,1.0,0.0,0.0,0.0,0.0
3,240,11.87754190795595,9.204401354860494,0.0,0.0,1.0,0.0,1.0,0.0
4,240,0.7597882971464457,11.961788249641032,0.0,0.0,1.0,0.0,0.0,0.0
5,240,8.32141575993005,5.881229518015023,0.0,1.0,0.0,1.0,0.0,0.0
6,240,7.5244945535203644,9.157914649870316,1.0,1.0,1.0,0.0,1.0,0.0
7,240,7.641624443736324,0.0,1.0,0.0,1.0,0.0,0.0,0.0
8,240,5.13955637038725,12.0,0.0,0.0,0.0,0.0,1.0,0.0
9,240,3.663030549057287,0.9899463381015088,0.0,1.0,0.0,0.0,1.0,1.0
10,240,8.082963167117601,4.7836266470593465,0.0,0.0,0.0,1.0,0.0,0.0
11,240,11.23111159546248,0.1594714590078881,1.0,0.0,0.0,0.0,0.0,0.0
12,240,6.486695912719527,6.898246080313929,0.0,0.0,0.0,1.0,1.0,1.0
13,240,1.83753452814624,0.1649528042158137,0.0,1.0,1.0,0.0,0.0,1.0
14,240,10.768093025479432,0.0,1.0,1.0,0.0,0.0,1.0,1.0
15,240,9.863711562745184,11.983522542309322,1.0,1.0,0.0,0.0,1.0,0.0
16,240,6.817175504905005,2.551858095661266,0.0,0.0,1.0,1.0,1.0,1.0
17,240,5.8378436402510365,9.398790774952625,0.0,0.0,1.0,0.0,1.0,0.0
18,240,4.037360162650049,6.72746677029402,1.0,0.0,0.0,0.0,1.0,0.0
19,240,2.9263911901031383,0.4631261473661386,0.0,0.0,0.0,1.0,0.0,1.0
20,240,5.192636805471618,3.06962945684986,0.0,0.0,0.0,1.0,0.0,1.0
21,240,7.891376769878867,9.834400561752377,0.0,1.0,1.0,0.0,0.0,0.0
22,240,6.50527183561258,11.25733316280466,1.0,1.0,1.0,0.0,0.0,1.0
23,240,7.959018654369052,0.0,0.0,1.0,0.0,1.0,1.0,0.0
24,240,9.456309324156944,6.624956289432744,0.0,1.0,1.0,0.0,1.0,1.0
25,240,4.101092840431315,6.5047626186105445,0.0,0.0,0.0,1.0,0.0,0.0
26,240,5.998474752990068,11.962238059674238,1.0,1.0,0.0,1.0,1.0,1.0
27,240,3.363563149046187,7.637219393186685,0.0,0.0,1.0,0.0,0.0,0.0
28,240,3.7595415419396314,12.0,0.0,1.0,1.0,0.0,0.0,0.0
29,240,5.541078962582972,12.0,1.0,1.0,0.0,0.0,0.0,0.0
30,240,7.566610447323811,0.0,0.0,0.0,0.0,0.0,0.0,0.0
31,240,9.77348644234443,4.987314507392282,0.0,0.0,1.0,1.0,0.0,0.0
32,240,9.077185373822171,8.27968026338852,1.0,0.0,1.0,1.0,1.0,1.0
33,240,12.0,0.0,1.0,1.0,1.0,0.0,0.0,0.0
34,240,5.053174128646387,9.71645787027921,1.0,1.0,1.0,0.0,0.0,0.0
35,240,11.080587264172664,8.014877562030609,1.0,1.0,0.0,0.0,0.0,0.0
36,240,5.190568614296117,10.73564363316262,0.0,0.0,0.0,1.0,1.0,1.0
37,240,11.756175073551349,4.180384633675508,1.0,0.0,0.0,0.0,0.0,0.0
38,240,4.451152295696631,0.8855854943202905,1.0,0.0,1.0,0.0,1.0,0.0
39,240,4.844634904884908,0.0,1.0,0.0,0.0,0.0,0.0,0.0
0,245,3.972841739414409,10.564700325634304,0.0,0.0,0.0,0.0,1.0,0.0
1,245,0.0377734451311598,5.771251109500018,0.0,0.0,0.0,0.0,0.0,0.0
2,245,0.0784968346320245,2.458050892742205,0.0,1.0,0.0,0.0,0.0,0.0
3,245,11.831925449385684,9.195122118216638,0.0,0.0,1.0,0.0,1.0,0.0
4,245,0.7859015874216594,12.0,0.0,0.0,1.0,0.0,0.0,0.0
5,245,8.409080889566482,5.822818562285629,0.0,1.0,0.0,1.0,0.0,0.0
6,245,7.41826808609596,9.21895241371153,1.0,1.0,1.0,0.0,1.0,0.0
7,245,7.887805041481112,0.0,1.0,0.0,1.0,0.0,0.0,0.0
8,245,5.118066309154376,12.0,0.0,0.0,0.0,0.0,1.0,0.0
9,245,3.554163197374979,0.8841894202180809,0.0,1.0,0.0,0.0,1.0,1.0
10,245,8.10586697136971,4.808509781845847,0.0,0.0,0.0,1.0,0.0,0.0
11,245,11.44395722859182,0.3351060602587821,1.0,0.0,0.0,0.0,0.0,0.0
12,245,6.641740185696345,7.102569500972766,0.0,0.0,0.0,1.0,1.0,1.0
13,245,1.839886589882276,0.1734502463744942,0.0,1.0,1.0,0.0,0.0,1.0
14,245,10.72366133924495,0.0,1.0,1.0,0.0,0.0,1.0,1.0
15,245,9.82698194940646,11.975204571193732,1.0,1.0,0.0,0.0,1.0,0.0
16,245,6.798872791706745,2.603032237219657,0.0,0.0,1.0,1.0,1.0,1.0
17,245,5.752032523017703,9.327985304644177,0.0,0.0,1.0,0.0,1.0,0.0
18,245,4.001585995684343,6.646984550885517,1.0,0.0,0.0,0.0,1.0,0.0
19,245,2.9373489289852897,0.4310484222179208,0.0,0.0,0.0,1.0,0.0,1.0
20,245,5.061682583220216,3.1014406945328408,0.0,0.0,0.0,1.0,0.0,1.0
21,245,7.922259482772838,9.772704735254376,0.0,1.0,1.0,0.0,0.0,0.0
22,245,6.515570263331871,11.32896751633254,1.0,1.0,1.0,0.0,0.0,1.0
23,245,7.850857508439477,0.0,0.0,1.0,0.0,1.0,1.0,0.0
24,245,9.463242383760996,6.624440381660703,0.0,1.0,1.0,0.0,1.0,1.0
25,245,4.060730140664421,6.523072961267963,0.0,0.0,0.0,1.0,0.0,0.0
26,245,6.016086544954058,11.937269869926205,1.0,1.0,0.0,1.0,1.0,1.0
27,245,3.183927721338134,7.602080032995764,0.0,0.0,1.0,0.0,0.0,0.0
28,245,3.6470231538782047,12.0,0.0,1.0,1.0,0.0,0.0,0.0
29,245,5.571928255546257,12.0,1.0,1.0,0.0,0.0,0.0,0.0
30,245,7.499977832156479,0.0,0.0,0.0,0.0,0.0,0.0,0.0
31,245,9.711049763498568,5.089059765395233,0.0,0.0,1.0,1.0,0.0,0.0
32,245,9.072961700417794,8.27621865321778,1.0,0.0,1.0,1.0,1.0,1.0
33,245,12.0,0.0,1.0,1.0,1.0,0.0,0.0,0.0
34,245,5.057342339038108,9.719028922262908,1.0,1.0,1.0,0.0,0.0,0.0
35,245,11.055607133581544,8.06267364209235,1.0,1.0,0.0,0.0,0.0,0.0
36,245,5.272810194704061,10.920469160900511,0.0,0.0,0.0,1.0,1.0,1.0
37,245,11.706441181227977,4.163936277468058,1.0,0.0,0.0,0.0,0.0,0.0
38,245,4.507331886095951,1.0006261829412024,1.0,0.0,1.0,0.0,1.0,0.0
39,245,4.955208277635805,0.0,1.0,0.0,0.0,0.0,0.0,0.0
0,250,3.971799354112521,10.545640185792408,0.0,0.0,0.0,0.0,1.0,0.0
1,250,0.0349078088421252,5.769968382429485,0.0,0.0,0.0,0.0,0.0,0.0
2,250,0.0,2.3269796220212706,0.0,1.0,0.0,0.0,0.0,0.0
3,250,11.80790946766644,9.190649233898704,0.0,0.0,1.0,0.0,1.0,0.0
4,250,0.8156179494819281,12.0,0.0,0.0,1.0,0.0,0.0,0.0
5,250,8.514641076973895,5.754982232440533,0.0,1.0,0.0,1.0,0.0,0.0
6,250,7.320458402428474,9.275301945940187,1.0,1.0,1.0,0.0,1.0,0.0
7,250,8.156306054533864,0.0,1.0,0.0,1.0,0.0,0.0,0.0
8,250,5.09725645921015,12.0,0.0,0.0,0.0,0.0,1.0,0.0
9,250,3.473351046690424,0.8060604981092845,0.0,1.0,0.0,0.0,1.0,1.0
10,250,8.127571033597937,4.831170564632588,0.0,0.0,0.0,1.0,0.0,0.0
11,250,11.67504169105239,0.5178226752941406,1.0,0.0,0.0,0.0,0.0,0.0
12,250,6.795628591438248,7.3036216275268115,0.0,0.0,0.0,1.0,1.0,1.0
13,250,1.8481811307267275,0.2000604302913844,0.0,1.0,1.0,0.0,0.0,1.0
14,250,10.678059913412746,0.0,1.0,1.0,0.0,0.0,1.0,1.0
15,250,9.78346588788116,11.96473292756071,1.0,1.0,0.0,0.0,1.0,0.0
16,250,6.783819018739798,2.6464096030465067,0.0,0.0,1.0,1.0,1.0,1.0
17,250,5.661347275735642,9.2584175858328,0.0,0.0,1.0,0.0,1.0,0.0
18,250,3.959444738727248,6.54804149534612,1.0,0.0,0.0,0.0,1.0,0.0
19,250,2.9452613162561105,0.4080705373635431,0.0,0.0,0.0,1.0,0.0,1.0
20,250,4.926582570408836,3.131131839669579,0.0,0.0,0.0,1.0,0.0,1.0
21,250,7.957765797330261,9.702505723619543,0.0,1.0,1.0,0.0,0.0,0.0
22,250,6.522592386719536,11.38325911856805,1.0,1.0,1.0,0.0,0.0,1.0
23,250,7.738014297045649,0.0,0.0,1.0,0.0,1.0,1.0,0.0
24,250,9.464752945175109,6.624335615094938,0.0,1.0,1.0,0.0,1.0,1.0
25,250,4.035081327330519,6.5353189906976175,0.0,0.0,0.0,1.0,0.0,0.0
26,250,6.023198767413627,11.926948002738436,1.0,1.0,0.0,1.0,1.0,1.0
27,250,3.012818252635733,7.5689194271203615,0.0,0.0,1.0,0.0,0.0,0.0
28,250,3.52487586539992,12.0,0.0,1.0,1.0,0.0,0.0,0.0
29,250,5.603135626540514,12.0,1.0,1.0,0.0,0.0,0.0,0.0
30,250,7.422721913221391,0.0,0.0,0.0,0.0,0.0,0.0,0.0
31,250,9.646492058432326,5.201996578631904,0.0,0.0,1.0,1.0,0.0,0.0
32,250,9.076459231589608,8.279168760955487,1.0,0.0,1.0,1.0,1.0,1.0
33,250,12.0,0.0,1.0,1.0,1.0,0.0,0.0,0.0
34,250,5.037216028895546,9.706335184664406,1.0,1.0,1.0,0.0,0.0,0.0
35,250,11.013350414600984,8.1422775250695,1.0,1.0,0.0,0.0,0.0,0.0
36,250,5.363745185669583,11.12156283956976,0.0,0.0,0.0,1.0,1.0,1.0
37,250,11.66540021177125,4.149795455652378,1.0,0.0,0.0,0.0,0.0,0.0
38,250,4.565724184095029,1.11637033219938,1.0,0.0,1.0,0.0,1.0,0.0
39,250,5.070184752376789,0.0,1.0,0.0,0.0,0.0,0.0,0.0
0,255,3.9713995863313754,10.530605681027776,0.0,0.0,0.0,0.0,1.0,0.0
1,255,0.029898618776165,5.767767534058529,0.0,0.0,0.0,0.0,0.0,0.0
2,255,0.0,2.207886415636277,0.0,1.0,0.0,0.0,0.0,0.0
3,255,11.785679111408006,9.185929778139156,0.0,0.0,1.0,0.0,1.0,0.0
4,255,0.8503197770495821,12.0,0.0,0.0,1.0,0.0,0.0,0.0
5,255,8.615570464118234,5.691423492344021,0.0,1.0,0.0,1.0,0.0,0.0
6,255,7.264211929949401,9.171753667664724,1.0,1.0,1.0,0.0,1.0,0.0
7,255,8.421897197566611,0.0,1.0,0.0,1.0,0.0,0.0,0.0
8,255,5.084693232027092,12.0,0.0,0.0,0.0,0.0,1.0,0.0
9,255,3.398712062135584,0.7359400141635644,0.0,1.0,0.0,0.0,1.0,1.0
10,255,8.156593293375423,4.859983738917302,0.0,0.0,0.0,1.0,0.0,0.0
11,255,11.90081769257851,0.6969728145091807,1.0,0.0,0.0,0.0,0.0,0.0
12,255,6.993737949767203,7.157475972688374,0.0,0.0,0.0,1.0,1.0,1.0
13,255,1.860684799015772,0.2422843908625334,0.0,1.0,1.0,0.0,0.0,1.0
14,255,10.636363348862034,0.0,1.0,1.0,0.0,0.0,1.0,1.0
15,255,9.73066710545688,11.952026280692994,1.0,1.0,0.0,0.0,1.0,0.0
16,255,6.761227043271377,2.710257999634511,0.0,0.0,1.0,1.0,1.0,1.0
17,255,5.561963063168308,9.187245188993394,0.0,0.0,1.0,0.0,1.0,0.0
18,255,3.910050379228931,6.430423366794706,1.0,0.0,0.0,0.0,1.0,0.0
19,255,2.954818516649145,0.3796303567941875,0.0,0.0,0.0,1.0,0.0,1.0
20,255,4.7870882847485134,3.159683224058288,0.0,0.0,0.0,1.0,0.0,1.0
21,255,7.993712529059994,9.63362128230141,0.0,1.0,1.0,0.0,0.0,0.0
22,255,6.455252509435954,11.393744938919474,1.0,1.0,1.0,0.0,0.0,1.0
23,255,7.628266956439305,0.0,0.0,1.0,0.0,1.0,1.0,0.0
24,255,9.469547730127848,6.623999881931653,0.0,1.0,1.0,0.0,1.0,1.0
25,255,3.982147947342319,6.561324511559352,0.0,0.0,0.0,1.0,0.0,0.0
26,255,6.042601978820713,11.89765348607094,1.0,1.0,0.0,1.0,1.0,1.0
27,255,2.847499598279573,7.532254798037092,0.0,0.0,1.0,0.0,0.0,0.0
28,255,3.4001596922315684,12.0,0.0,1.0,1.0,0.0,0.0,0.0
29,255,5.629989147237138,12.0,1.0,1.0,0.0,0.0,0.0,0.0
30,255,7.335871829112374,0.0,0.0,0.0,0.0,0.0,0.0,0.0
31,255,9.587860765767976,5.311602202753452,0.0,0.0,1.0,1.0,0.0,0.0
32,255,9.080448998264655,8.282399939300996,1.0,0.0,1.0,1.0,1.0,1.0
33,255,12.0,0.0,1.0,1.0,1.0,0.0,0.0,0.0
34,255,5.018199618775308,9.695081599822498,1.0,1.0,1.0,0.0,0.0,0.0
35,255,10.97303429599548,8.2189893057772,1.0,1.0,0.0,0.0,0.0,0.0
36,255,5.456146727287015,11.31780798064558,0.0,0.0,0.0,1.0,1.0,1.0
37,255,11.622950748735096,4.135249745246293,1.0,0.0,0.0,0.0,0.0,0.0
38,255,4.627654363153168,1.2365223162544108,1.0,0.0,1.0,0.0,1.0,0.0
39,255,5.1741644680775325,0.0,1.0,0.0,0.0,0.0,0.0,0.0
0,260,3.9711846403382944,10.50846020065229,0.0,0.0,0.0,0.0,1.0,0.0
1,260,0.0200485747346152,5.763283549199642,0.0,0.0,0.0,0.0,0.0,0.0
2,260,0.0,2.084209270368905,0.0,1.0,0.0,0.0,0.0,0.0
3,260,11.777693387383692,9.18427122451789,0.0,0.0,1.0,0.0,1.0,0.0
4,260,0.8816494830451225,12.0,0.0,0.0,1.0,0.0,0.0,0.0
5,260,8.700516765873811,5.6367284125683454,0.0,1.0,0.0,1.0,0.0,0.0
6,260,7.206978105022464,9.066096590008346,1.0,1.0,1.0,0.0,1.0,0.0
7,260,8.699254721732757,0.0,1.0,0.0,1.0,0.0,0.0,0.0
8,260,5.075120611706465,12.0,0.0,0.0,0.0,0.0,1.0,0.0
9,260,3.3434032560468987,0.6832193043544718,0.0,1.0,0.0,0.0,1.0,1.0
10,260,8.191007910765872,4.892804303623596,0.0,0.0,0.0,1.0,0.0,0.0
11,260,12.0,0.8754030141316093,1.0,0.0,0.0,0.0,0.0,0.0
12,260,7.192162284388199,7.008469447930445,0.0,0.0,0.0,1.0,1.0,1.0
13,260,1.8747559072022468,0.2893452243447359,0.0,1.0,1.0,0.0,0.0,1.0
14,260,10.59821880607656,0.0,1.0,1.0,0.0,0.0,1.0,1.0
15,260,9.74055493349429,11.90907343145277,1.0,1.0,0.0,0.0,1.0,0.0
16,260,6.746695929886752,2.749080574103739,0.0,0.0,1.0,1.0,1.0,1.0
17,260,5.475331182400087,9.122952043617266,0.0,0.0,1.0,0.0,1.0,0.0
18,260,3.855609361723609,6.292813291889374,1.0,0.0,0.0,0.0,1.0,0.0
19,260,2.9593680839793923,0.3665502488591375,0.0,0.0,0.0,1.0,0.0,1.0
20,260,4.6407222171913,3.1886621110346063,0.0,0.0,0.0,1.0,0.0,1.0
21,260,8.025183091737478,9.569882473977092,0.0,1.0,1.0,0.0,0.0,0.0
22,260,6.412620977718578,11.401573922834393,1.0,1.0,1.0,0.0,0.0,1.0
23,260,7.502921083865288,0.0,0.0,1.0,0.0,1.0,1.0,0.0
24,260,9.462834745254554,6.624658204271132,0.0,1.0,1.0,0.0,1.0,1.0
25,260,3.929015104884918,6.586634853874924,0.0,0.0,0.0,1.0,0.0,0.0
26,260,6.058536608798366,11.87513498135303,1.0,1.0,0.0,1.0,1.0,1.0
27,260,2.665793984489525,7.491551161109191,0.0,0.0,1.0,0.0,0.0,0.0
28,260,3.2768097187689422,12.0,0.0,1.0,1.0,0.0,0.0,0.0
29,260,5.653239259634394,12.0,1.0,1.0,0.0,0.0,0.0,0.0
30,260,7.258071874085875,0.0,0.0,0.0,0.0,0.0,0.0,0.0
31,260,9.522408658199469,5.427789845871225,0.0,0.0,1.0,1.0,0.0,0.0
32,260,9.08009956898619,8.282835332037957,1.0,0.0,1.0,1.0,1.0,1.0
33,260,12.0,0.0,1.0,1.0,1.0,0.0,0.0,0.0
34,260,5.001125801100191,9.685588762149118,1.0,1.0,1.0,0.0,0.0,0.0
35,260,10.940093851360922,8.282773431391007,1.0,1.0,0.0,0.0,0.0,0.0
36,260,5.543438408552172,11.506385880835465,0.0,0.0,0.0,1.0,1.0,1.0
37,260,11.568816799272971,4.11774944248412,1.0,0.0,0.0,0.0,0.0,0.0
38,260,4.685877157553729,1.348326046924365,1.0,0.0,1.0,0.0,1.0,0.0
39,260,5.290734341509134,0.0,1.0,0.0,0.0,0.0,0.0,0.0
0,265,3.970491237130779,10.48529905410126,0.0,0.0,0.0,0.0,1.0,0.0
1,265,0.0150940950546898,5.761000193367601,0.0,0.0,0.0,0.0,0.0,0.0
2,265,0.0,1.958483341420317,0.0,1.0,0.0,0.0,0.0,0.0
3,265,11.756184716574342,9.179614412133708,0.0,0.0,1.0,0.0,1.0,0.0
4,265,0.9055611534588024,12.0,0.0,0.0,1.0,0.0,0.0,0.0
5,265,8.785505905508595,5.57986712014049,0.0,1.0,0.0,1.0,0.0,0.0
6,265,7.10296952057153,9.122179972701078,1.0,1.0,1.0,0.0,1.0,0.0
7,265,8.987121622909195,0.0,1.0,0.0,1.0,0.0,0.0,0.0
8,265,5.064886400704667,12.0,0.0,0.0,0.0,0.0,1.0,0.0
9,265,3.281038613463595,0.6238681826971457,0.0,1.0,0.0,0.0,1.0,1.0
10,265,8.221718073538192,4.922051447578313,0.0,0.0,0.0,1.0,0.0,0.0
11,265,12.0,1.0585635655777708,1.0,0.0,0.0,0.0,0.0,0.0
12,265,7.413692651919455,6.845863873443187,0.0,0.0,0.0,1.0,1.0,1.0
13,265,1.88892747849982,0.339436354592574,0.0,1.0,1.0,0.0,0.0,1.0
14,265,10.564112678079622,0.0,1.0,1.0,0.0,0.0,1.0,1.0
15,265,9.750243404586362,11.86192211228009,1.0,1.0,0.0,0.0,1.0,0.0
16,265,6.73547746045316,2.7796963377370143,0.0,0.0,1.0,1.0,1.0,1.0
17,265,5.40227744102904,9.068982172247676,0.0,0.0,1.0,0.0,1.0,0.0
18,265,3.800636325942099,6.160805189370285,1.0,0.0,0.0,0.0,1.0,0.0
19,265,2.9659635543603238,0.3481013742561982,0.0,0.0,0.0,1.0,0.0,1.0
20,265,4.5116221267530445,3.214996927141149,0.0,0.0,0.0,1.0,0.0,1.0
21,265,8.055334920512838,9.50698508506249,0.0,1.0,1.0,0.0,0.0,0.0
22,265,6.356110388901024,11.41162696513757,1.0,1.0,1.0,0.0,0.0,1.0
23,265,7.379538435399594,0.0,0.0,1.0,0.0,1.0,1.0,0.0
24,265,9.473958386823613,6.623692948413646,0.0,1.0,1.0,0.0,1.0,1.0
25,265,3.8802765845400486,6.609722419764101,0.0,0.0,0.0,1.0,0.0,0.0
26,265,6.073578204406283,11.853548143683676,1.0,1.0,0.0,1.0,1.0,1.0
27,265,2.5304753049901896,7.45783503902608,0.0,0.0,1.0,0.0,0.0,0.0
28,265,3.166232205113505,12.0,0.0,1.0,1.0,0.0,0.0,0.0
29,265,5.668814381958152,12.0,1.0,1.0,0.0,0.0,0.0,0.0
30,265,7.163667829432952,0.0,0.0,0.0,0.0,0.0,0.0,0.0
31,265,9.460952938748648,5.535595431602578,0.0,0.0,1.0,1.0,0.0,0.0
32,265,9.079399881502464,8.28373372175071,1.0,0.0,1.0,1.0,1.0,1.0
33,265,12.0,0.0,1.0,1.0,1.0,0.0,0.0,0.0
34,265,5.000136872964988,9.685022302867848,1.0,1.0,1.0,0.0,0.0,0.0
35,265,10.892833447967586,8.37172662853157,1.0,1.0,0.0,0.0,0.0,0.0
36,265,5.629445022162701,11.68726258047396,0.0,0.0,0.0,1.0,1.0,1.0
37,265,11.513055272627147,4.098916561456446,1.0,0.0,0.0,0.0,0.0,0.0
38,265,4.748953628672098,1.4683793235113511,1.0,0.0,1.0,0.0,1.0,0.0
39,265,5.390072288668014,0.0,1.0,0.0,0.0,0.0,0.0,0.0
0,270,3.970428170004265,10.480400701926708,0.0,0.0,0.0,0.0,1.0,0.0
1,270,0.0099707830441054,5.758604849705253,0.0,0.0,0.0,0.0,0.0,0.0
2,270,0.0,1.833635966125492,0.0,1.0,0.0,0.0,0.0,0.0
3,270,11.74895699842149,9.178214438289784,0.0,0.0,1.0,0.0,1.0,0.0
4,270,0.9312898834341776,12.0,0.0,0.0,1.0,0.0,0.0,0.0
5,270,8.86309653905997,5.528550806341759,0.0,1.0,0.0,1.0,0.0,0.0
6,270,7.0030014161415615,9.173933532517376,1.0,1.0,1.0,0.0,1.0,0.0
7,270,9.267531342947532,0.0,1.0,0.0,1.0,0.0,0.0,0.0
8,270,5.06706119182015,11.99540343350909,0.0,0.0,0.0,0.0,1.0,0.0
9,270,3.209822660608153,0.55816609744112,0.0,1.0,0.0,0.0,1.0,1.0
10,270,8.267150614398915,4.96422696394071,0.0,0.0,0.0,1.0,0.0,0.0
11,270,12.0,1.2523864399981182,1.0,0.0,0.0,0.0,0.0,0.0
12,270,7.642842343038055,6.673783571170659,0.0,0.0,0.0,1.0,1.0,1.0
13,270,1.904876053372591,0.3981104300843887,0.0,1.0,1.0,0.0,0.0,1.0
14,270,10.527056658198742,0.0,1.0,1.0,0.0,0.0,1.0,1.0
15,270,9.758665876116876,11.822315000654063,1.0,1.0,0.0,0.0,1.0,0.0
16,270,6.724217488057521,2.809928553701804,0.0,0.0,1.0,1.0,1.0,1.0
17,270,5.329467192573904,9.013406038973526,0.0,0.0,1.0,0.0,1.0,0.0
18,270,3.754415897444337,6.043469735443701,1.0,0.0,0.0,0.0,1.0,0.0
19,270,2.976410192257051,0.3161749544572542,0.0,0.0,0.0,1.0,0.0,1.0
20,270,4.402134429667225,3.2389327331143662,0.0,0.0,0.0,1.0,0.0,1.0
21,270,8.082399370271753,9.450474911658729,0.0,1.0,1.0,0.0,0.0,0.0
22,270,6.313553897533878,11.4189000512143,1.0,1.0,1.0,0.0,0.0,1.0
23,270,7.249018915999862,0.0,0.0,1.0,0.0,1.0,1.0,0.0
24,270,9.473310796466212,6.623749393379467,0.0,1.0,1.0,0.0,1.0,1.0
25,270,3.8180723311839246,6.640906296035337,0.0,0.0,0.0,1.0,0.0,0.0
26,270,6.07428592324768,11.852518972370111,1.0,1.0,0.0,1.0,1.0,1.0
27,270,2.3864911069899737,7.417272458051014,0.0,0.0,1.0,0.0,0.0,0.0
28,270,3.06164575592188,12.0,0.0,1.0,1.0,0.0,0.0,0.0
29,270,5.682327387656257,12.0,1.0,1.0,0.0,0.0,0.0,0.0
30,270,7.08489299696824,0.0,0.0,0.0,0.0,0.0,0.0,0.0
31,270,9.399665413365604,5.644584637122959,0.0,0.0,1.0,1.0,0.0,0.0
32,270,9.083776598187004,8.277987033655654,1.0,0.0,1.0,1.0,1.0,1.0
33,270,12.0,0.0,1.0,1.0,1.0,0.0,0.0,0.0
34,270,4.995578593178222,9.6823016169121,1.0,1.0,1.0,0.0,0.0,0.0
35,270,10.84329933483227,8.470835588222712,1.0,1.0,0.0,0.0,0.0,0.0
36,270,5.726349344232511,11.884864630207492,0.0,0.0,0.0,1.0,1.0,1.0
37,270,11.447017143419483,4.07616737770062,1.0,0.0,0.0,0.0,0.0,0.0
38,270,4.800547833407976,1.5716123023346842,1.0,0.0,1.0,0.0,1.0,0.0
39,270,5.496324248212906,0.0,1.0,0.0,0.0,0.0,0.0,0.0
0,275,3.970170343911241,10.463647528553471,0.0,0.0,0.0,0.0,1.0,0.0
1,275,0.0152894101544441,5.761122409256638,0.0,0.0,0.0,0.0,0.0,0.0
2,275,0.0,1.7021272093138842,0.0,1.0,0.0,0.0,0.0,0.0
3,275,11.74384537228098,9.177209475900536,0.0,0.0,1.0,0.0,1.0,0.0
4,275,0.9540724270425198,12.0,0.0,0.0,1.0,0.0,0.0,0.0
5,275,8.928863334844461,5.485034387585297,0.0,1.0,0.0,1.0,0.0,0.0
6,275,6.879225425774266,9.23646512173003,1.0,1.0,1.0,0.0,1.0,0.0
7,275,9.557133427378457,0.0,1.0,0.0,1.0,0.0,0.0,0.0
8,275,5.071109995523629,11.986919524677326,0.0,0.0,0.0,0.0,1.0,0.0
9,275,3.1493855186995354,0.5002166091183317,0.0,1.0,0.0,0.0,1.0,1.0
10,275,8.309382516653027,5.002579189096115,0.0,0.0,0.0,1.0,0.0,0.0
11,275,12.0,1.448631715205324,1.0,0.0,0.0,0.0,0.0,0.0
12,275,7.88364809612824,6.497435473436502,0.0,0.0,0.0,1.0,1.0,1.0
13,275,1.92118572285877,0.4594204751454187,0.0,1.0,1.0,0.0,0.0,1.0
14,275,10.487174440833718,0.0,1.0,1.0,0.0,0.0,1.0,1.0
15,275,9.764862502657536,11.791670547843118,1.0,1.0,0.0,0.0,1.0,0.0
16,275,6.710658745350448,2.84760352835307,0.0,0.0,1.0,1.0,1.0,1.0
17,275,5.241011094479801,8.943791016814544,0.0,0.0,1.0,0.0,1.0,0.0
18,275,3.7171790989001927,5.944213321951568,1.0,0.0,0.0,0.0,1.0,0.0
19,275,2.984545854256349,0.2894184965648055,0.0,0.0,0.0,1.0,0.0,1.0
20,275,4.283692093381637,3.267067856789064,0.0,0.0,0.0,1.0,0.0,1.0
21,275,8.109221333104072,9.39476449340586,0.0,1.0,1.0,0.0,0.0,0.0
22,275,6.257751456438792,11.42915121966115,1.0,1.0,1.0,0.0,0.0,1.0
23,275,7.12797867133655,0.0,0.0,1.0,0.0,1.0,1.0,0.0
24,275,9.473640126974836,6.623724680999199,0.0,1.0,1.0,0.0,1.0,1.0
25,275,3.734923882691792,6.680729000783648,0.0,0.0,0.0,1.0,0.0,0.0
26,275,6.09062540459975,11.829391331786145,1.0,1.0,0.0,1.0,1.0,1.0
27,275,2.2244119477889823,7.372343212765934,0.0,0.0,1.0,0.0,0.0,0.0
28,275,2.958020448812204,12.0,0.0,1.0,1.0,0.0,0.0,0.0
29,275,5.698369130967072,12.0,1.0,1.0,0.0,0.0,0.0,0.0
30,275,6.988560866099917,0.0,0.0,0.0,0.0,0.0,0.0,0.0
31,275,9.327563808434878,5.770724095350218,0.0,0.0,1.0,1.0,0.0,0.0
32,275,9.084845254704897,8.276444782188813,1.0,0.0,1.0,1.0,1.0,1.0
33,275,12.0,0.0,1.0,1.0,1.0,0.0,0.0,0.0
34,275,4.9777820591826645,9.672404415027202,1.0,1.0,1.0,0.0,0.0,0.0
35,275,10.797797243773266,8.566458942969822,1.0,1.0,0.0,0.0,0.0,0.0
36,275,5.830237424851013,12.0,0.0,0.0,0.0,1.0,1.0,1.0
37,275,11.37304687581101,4.04942648963991,1.0,0.0,0.0,0.0,0.0,0.0
38,275,4.862058799642465,1.6904683119045436,1.0,0.0,1.0,0.0,1.0,0.0
39,275,5.60162874436643,0.0,1.0,0.0,0.0,0.0,0.0,0.0
0,280,3.970652914438315,10.436327181418362,0.0,0.0,0.0,0.0,1.0,0.0
1,280,0.0164269331013515,5.761663993962245,0.0,0.0,0.0,0.0,0.0,0.0
2,280,0.0,1.5883302356536864,0.0,1.0,0.0,0.0,0.0,0.0
3,280,11.726006990939233,9.1737561453422,0.0,0.0,1.0,0.0,1.0,0.0
4,280,0.9761625576359588,12.0,0.0,0.0,1.0,0.0,0.0,0.0
5,280,8.9956879901382,5.439624013358359,0.0,1.0,0.0,1.0,0.0,0.0
6,280,6.751728859134142,9.301029895168826,1.0,1.0,1.0,0.0,1.0,0.0
7,280,9.839622989471858,0.0,1.0,0.0,1.0,0.0,0.0,0.0
8,280,5.069072401170826,11.991227666629351,0.0,0.0,0.0,0.0,1.0,0.0
9,280,3.088613534643723,0.4400927126285608,0.0,1.0,0.0,0.0,1.0,1.0
10,280,8.35144251308005,5.040745633364739,0.0,0.0,0.0,1.0,0.0,0.0
11,280,12.0,1.6615297752635707,1.0,0.0,0.0,0.0,0.0,0.0
12,280,8.122614031457873,6.320968361582358,0.0,0.0,0.0,1.0,1.0,1.0
13,280,1.939949037637544,0.5288464295886529,0.0,1.0,1.0,0.0,0.0,1.0
14,280,10.46200713385984,0.0,1.0,1.0,0.0,0.0,1.0,1.0
15,280,9.770800168193476,11.763402209561397,1.0,1.0,0.0,0.0,1.0,0.0
16,280,6.695301982597138,2.887074319958031,0.0,0.0,1.0,1.0,1.0,1.0
17,280,5.167638888263999,8.886606190091937,0.0,0.0,1.0,0.0,1.0,0.0
18,280,3.679330412584487,5.83797762373449,1.0,0.0,0.0,0.0,1.0,0.0
19,280,2.9890225157248893,0.2736902922507706,0.0,0.0,0.0,1.0,0.0,1.0
20,280,4.157362443639072,3.29694228652128,0.0,0.0,0.0,1.0,0.0,1.0
21,280,8.136711441695448,9.33576790534011,0.0,1.0,1.0,0.0,0.0,0.0
22,280,6.207474933576098,11.43976646549395,1.0,1.0,1.0,0.0,0.0,1.0
23,280,7.019848335707923,0.0,0.0,1.0,0.0,1.0,1.0,0.0
24,280,9.489845742792038,6.622468563891995,0.0,1.0,1.0,0.0,1.0,1.0
25,280,3.6513284951559273,6.71901257970877,0.0,0.0,0.0,1.0,0.0,0.0
26,280,6.114483331491233,11.796377583824595,1.0,1.0,0.0,1.0,1.0,1.0
27,280,2.094046767172966,7.33556587662343,0.0,0.0,1.0,0.0,0.0,0.0
28,280,2.856692311141596,12.0,0.0,1.0,1.0,0.0,0.0,0.0
29,280,5.723432297255347,12.0,1.0,1.0,0.0,0.0,0.0,0.0
30,280,6.887418204237904,0.0,0.0,0.0,0.0,0.0,0.0,0.0
31,280,9.2590033206089,5.893480959673002,0.0,0.0,1.0,1.0,0.0,0.0
32,280,9.093774676030275,8.262491655743345,1.0,0.0,1.0,1.0,1.0,1.0
33,280,12.0,0.0,1.0,1.0,1.0,0.0,0.0,0.0
34,280,4.968872558306757,9.667512988814636,1.0,1.0,1.0,0.0,0.0,0.0
35,280,10.746519216312471,8.67466784164011,1.0,1.0,0.0,0.0,0.0,0.0
36,280,5.934118102146029,12.0,0.0,0.0,0.0,1.0,1.0,1.0
37,280,11.321915325905511,4.031215478383587,1.0,0.0,0.0,0.0,0.0,0.0
38,280,4.915582780476845,1.7960506380595422,1.0,0.0,1.0,0.0,1.0,0.0
39,280,5.727847692017047,0.0,1.0,0.0,0.0,0.0,0.0,0.0
0,285,3.971014987111994,10.416441405637784,0.0,0.0,0.0,0.0,1.0,0.0
1,285,0.0086772806467064,5.758139849772151,0.0,0.0,0.0,0.0,0.0,0.0
2,285,0.0,1.4870731996856277,0.0,1.0,0.0,0.0,0.0,0.0
3,285,11.716573136542394,9.172015234458977,0.0,0.0,1.0,0.0,1.0,0.0
4,285,0.9910849244908984,12.0,0.0,0.0,1.0,0.0,0.0,0.0
5,285,9.043270267176885,5.408878213509806,0.0,1.0,0.0,1.0,0.0,0.0
6,285,6.635658863672528,9.360691422027388,1.0,1.0,1.0,0.0,1.0,0.0
7,285,10.123097177181805,0.0,1.0,0.0,1.0,0.0,0.0,0.0
8,285,5.060744664200299,12.0,0.0,0.0,0.0,0.0,1.0,0.0
9,285,3.053526209417873,0.406761017625823,0.0,1.0,0.0,0.0,1.0,1.0
10,285,8.405557461834785,5.089255408512101,0.0,0.0,0.0,1.0,0.0,0.0
11,285,12.0,1.875750125125651,1.0,0.0,0.0,0.0,0.0,0.0
12,285,8.358457689018143,6.136741681838879,0.0,0.0,0.0,1.0,1.0,1.0
13,285,1.9660899588378784,0.6187972636286668,0.0,1.0,1.0,0.0,0.0,1.0
14,285,10.427536522168586,0.0,1.0,1.0,0.0,0.0,1.0,1.0
15,285,9.778987003553116,11.723181776018366,1.0,1.0,0.0,0.0,1.0,0.0
16,285,6.673828228100665,2.9403904728175707,0.0,0.0,1.0,1.0,1.0,1.0
17,285,5.0828552920199,8.823729311923053,0.0,0.0,1.0,0.0,1.0,0.0
18,285,3.645541392295241,5.742051319694994,1.0,0.0,0.0,0.0,1.0,0.0
19,285,2.989533974115591,0.2718227344844083,0.0,0.0,0.0,1.0,0.0,1.0
20,285,4.045049486679666,3.324815951437708,0.0,0.0,0.0,1.0,0.0,1.0
21,285,8.163408130891458,9.28265415033561,0.0,1.0,1.0,0.0,0.0,0.0
22,285,6.148704484997335,11.453980611927904,1.0,1.0,1.0,0.0,0.0,1.0
23,285,6.922055003730091,0.0,0.0,1.0,0.0,1.0,1.0,0.0
24,285,9.48825536703123,6.622578222527431,0.0,1.0,1.0,0.0,1.0,1.0
25,285,3.577657689727997,6.753373665478495,0.0,0.0,0.0,1.0,0.0,0.0
26,285,6.136470946850855,11.765046901851967,1.0,1.0,0.0,1.0,1.0,1.0
27,285,1.965163744698097,7.296315851071705,0.0,0.0,1.0,0.0,0.0,0.0
28,285,2.7588524249909483,12.0,0.0,1.0,1.0,0.0,0.0,0.0
29,285,5.739109222056886,12.0,1.0,1.0,0.0,0.0,0.0,0.0
30,285,6.780086217806529,0.0,0.0,0.0,0.0,0.0,0.0,0.0
31,285,9.191845487941396,6.015712973840245,0.0,0.0,1.0,1.0,0.0,0.0
32,285,9.111523190466963,8.23425557971782,1.0,0.0,1.0,1.0,1.0,1.0
33,285,12.0,0.0,1.0,1.0,1.0,0.0,0.0,0.0
34,285,4.967001811974255,9.67086139600864,1.0,1.0,1.0,0.0,0.0,0.0
35,285,10.685970841191232,8.799653930648855,1.0,1.0,0.0,0.0,0.0,0.0
36,285,6.133928833418574,11.903604084791398,0.0,0.0,0.0,1.0,1.0,1.0
37,285,11.250868767368328,4.00464117038797,1.0,0.0,0.0,0.0,0.0,0.0
38,285,4.967991574266961,1.8944828204135444,1.0,0.0,1.0,0.0,1.0,0.0
39,285,5.851894575241539,0.0,1.0,0.0,0.0,0.0,0.0,0.0
0,290,3.9716099439702255,10.3982840378831,0.0,0.0,0.0,0.0,1.0,0.0
1,290,0.0,5.750639250469555,0.0,0.0,0.0,0.0,0.0,0.0
2,290,0.0,1.3765354165116932,0.0,1.0,0.0,0.0,0.0,0.0
3,290,11.697656758867488,9.168238246440444,0.0,0.0,1.0,0.0,1.0,0.0
4,290,1.0069746931302346,12.0,0.0,0.0,1.0,0.0,0.0,0.0
5,290,9.070233278907118,5.391509887247288,0.0,1.0,0.0,1.0,0.0,0.0
6,290,6.534275823428887,9.415129949930211,1.0,1.0,1.0,0.0,1.0,0.0
7,290,10.41269050469016,0.0,1.0,0.0,1.0,0.0,0.0,0.0
8,290,5.054201160483065,12.0,0.0,0.0,0.0,0.0,1.0,0.0
9,290,3.0215086844552013,0.3748106540080825,0.0,1.0,0.0,0.0,1.0,1.0
10,290,8.4522652145934,5.129861279000301,0.0,0.0,0.0,1.0,0.0,0.0
11,290,12.0,2.0838279885976534,1.0,0.0,0.0,0.0,0.0,0.0
12,290,8.594555779282171,5.9579070888619405,0.0,0.0,0.0,1.0,1.0,1.0
13,290,1.991141899760373,0.7166831386292243,0.0,1.0,1.0,0.0,0.0,1.0
14,290,10.397289849084224,0.0,1.0,1.0,0.0,0.0,1.0,1.0
15,290,9.7883084476234,11.679098300918096,1.0,1.0,0.0,0.0,1.0,0.0
16,290,6.655767194771424,2.9877325891579205,0.0,0.0,1.0,1.0,1.0,1.0
17,290,4.997688199392398,8.76182397371255,0.0,0.0,1.0,0.0,1.0,0.0
18,290,3.620796450077995,5.669696323005481,1.0,0.0,0.0,0.0,1.0,0.0
19,290,2.98765840640582,0.2784843231261684,0.0,0.0,0.0,1.0,0.0,1.0
20,290,3.93653032323042,3.354584242904427,0.0,0.0,0.0,1.0,0.0,1.0
21,290,8.193596638168184,9.222322345133511,0.0,1.0,1.0,0.0,0.0,0.0
22,290,6.086294330003662,11.467843069302663,1.0,1.0,1.0,0.0,0.0,1.0
23,290,6.836250213320102,0.0,0.0,1.0,0.0,1.0,1.0,0.0
24,290,9.505469362923886,6.621489021666988,0.0,1.0,1.0,0.0,1.0,1.0
25,290,3.5025451433529566,6.785174581628524,0.0,0.0,0.0,1.0,0.0,0.0
26,290,6.152754794048832,11.743137560665115,1.0,1.0,0.0,1.0,1.0,1.0
27,290,1.8137169825351889,7.252807795879324,0.0,0.0,1.0,0.0,0.0,0.0
28,290,2.660189878262657,12.0,0.0,1.0,1.0,0.0,0.0,0.0
29,290,5.743814687096459,12.0,1.0,1.0,0.0,0.0,0.0,0.0
30,290,6.683975746980731,0.0,0.0,0.0,0.0,0.0,0.0,0.0
31,290,9.121770296452924,6.145124863293042,0.0,0.0,1.0,1.0,0.0,0.0
32,290,9.131853255538836,8.202560277497405,1.0,0.0,1.0,1.0,1.0,1.0
33,290,12.0,0.0,1.0,1.0,1.0,0.0,0.0,0.0
34,290,4.971340090730383,9.662456756339182,1.0,1.0,1.0,0.0,0.0,0.0
35,290,10.625020402791389,8.931191639945304,1.0,1.0,0.0,0.0,0.0,0.0
36,290,6.35735074314843,11.796892891477071,0.0,0.0,0.0,1.0,1.0,1.0
37,290,11.174979739743272,3.976752076220585,1.0,0.0,0.0,0.0,0.0,0.0
38,290,5.0163947387433785,1.9835456885318028,1.0,0.0,1.0,0.0,1.0,0.0
39,290,5.967316153762934,0.0,1.0,0.0,0.0,0.0,0.0,0.0
0,295,3.971485076998456,10.374881713092789,0.0,0.0,0.0,0.0,1.0,0.0
1,295,0.0,5.742274115225384,0.0,0.0,0.0,0.0,0.0,0.0
2,295,0.0,1.278959390117495,0.0,1.0,0.0,0.0,0.0,0.0
3,295,11.68590981837112,9.166046768759143,0.0,0.0,1.0,0.0,1.0,0.0
4,295,1.0231502542292898,12.0,0.0,0.0,1.0,0.0,0.0,0.0
5,295,9.109640712245836,5.36629205033807,0.0,1.0,0.0,1.0,0.0,0.0
6,295,6.43377642689534,9.471915922024634,1.0,1.0,1.0,0.0,1.0,0.0
7,295,10.706833152706,0.0,1.0,0.0,1.0,0.0,0.0,0.0
8,295,5.048374321450362,12.0,0.0,0.0,0.0,0.0,1.0,0.0
9,295,2.993226323157513,0.3483604158781908,0.0,1.0,0.0,0.0,1.0,1.0
10,295,8.499026431883111,5.172911015802166,0.0,0.0,0.0,1.0,0.0,0.0
11,295,12.0,2.2993625382946363,1.0,0.0,0.0,0.0,0.0,0.0
12,295,8.843072355446113,5.772458982689295,0.0,0.0,0.0,1.0,1.0,1.0
13,295,2.023756075089536,0.8349922565854777,0.0,1.0,1.0,0.0,0.0,1.0
14,295,10.374405500396197,0.0,1.0,1.0,0.0,0.0,1.0,1.0
15,295,9.798434311567387,11.623976792047802,1.0,1.0,0.0,0.0,1.0,0.0
16,295,6.640837992808412,3.024147682978671,0.0,0.0,1.0,1.0,1.0,1.0
17,295,4.915583639226558,8.703203074732684,0.0,0.0,1.0,0.0,1.0,0.0
18,295,3.6004420595280964,5.609451319376181,1.0,0.0,0.0,0.0,1.0,0.0
19,295,2.987369339041886,0.2794840189818656,0.0,0.0,0.0,1.0,0.0,1.0
20,295,3.8387061419735367,3.383850425970476,0.0,0.0,0.0,1.0,0.0,1.0
21,295,8.221364902317097,9.16501887757472,0.0,1.0,1.0,0.0,0.0,0.0
22,295,6.021023124440792,11.481831287235464,1.0,1.0,1.0,0.0,0.0,1.0
23,295,6.759640373971042,0.0,0.0,1.0,0.0,1.0,1.0,0.0
24,295,9.518585071014757,6.620771398237243,0.0,1.0,1.0,0.0,1.0,1.0
25,295,3.447914564654168,6.808370877132668,0.0,0.0,0.0,1.0,0.0,0.0
26,295,6.173108927223532,11.71417399693051,1.0,1.0,0.0,1.0,1.0,1.0
27,295,1.6604180920159053,7.210347978991032,0.0,0.0,1.0,0.0,0.0,0.0
28,295,2.562594105840178,12.0,0.0,1.0,1.0,0.0,0.0,0.0
29,295,5.740976371177016,11.994746878650975,1.0,1.0,0.0,0.0,0.0,0.0
30,295,6.594085859222489,0.0,0.0,0.0,0.0,0.0,0.0,0.0
31,295,9.042907214495978,6.277277513101086,0.0,0.0,1.0,1.0,0.0,0.0
32,295,9.14741779557306,8.178140597599091,1.0,0.0,1.0,1.0,1.0,1.0
33,295,12.0,0.0,1.0,1.0,1.0,0.0,0.0,0.0
34,295,4.971676368387898,9.66186051167401,1.0,1.0,1.0,0.0,0.0,0.0
35,295,10.560300830346788,9.068513624691963,1.0,1.0,0.0,0.0,0.0,0.0
36,295,6.57783983078326,11.692051745432876,0.0,0.0,0.0,1.0,1.0,1.0
37,295,11.10415952699024,3.952956262202717,1.0,0.0,0.0,0.0,0.0,0.0
38,295,5.0639670306143705,2.076982567530585,1.0,0.0,1.0,0.0,1.0,0.0
39,295,6.068345546606469,0.0,1.0,0.0,0.0,0.0,0.0,0.0
