0,0,7.987408167356843,10.028320571611989,1.0,0.0,1.0,1.0,0.0,0.0
1,0,3.0185111045567257,11.04553987362888,0.0,1.0,0.0,0.0,1.0,1.0
2,0,5.972464816262849,7.966884387362445,0.0,0.0,1.0,0.0,1.0,0.0
3,0,11.061942616678325,9.98469346458254,0.0,0.0,0.0,0.0,1.0,1.0
4,0,6.029536011720806,7.949892146899572,1.0,0.0,0.0,1.0,0.0,0.0
5,0,4.964902178732517,5.016470768847143,0.0,0.0,1.0,1.0,0.0,0.0
6,0,0.0360545636557132,10.023192180537892,1.0,0.0,0.0,0.0,0.0,1.0
7,0,10.948543059837538,0.9659738674056972,0.0,0.0,1.0,1.0,1.0,0.0
8,0,7.991421941942396,0.9559743239438304,1.0,0.0,0.0,0.0,0.0,1.0
9,0,6.932075461783393,9.94892276849227,1.0,1.0,0.0,0.0,0.0,0.0
10,0,2.9741935821834984,4.029591455192877,1.0,1.0,1.0,0.0,0.0,0.0
11,0,11.006336826342226,7.029349827833991,0.0,0.0,1.0,1.0,0.0,1.0
12,0,6.997119147047847,1.972787298525421,0.0,1.0,0.0,1.0,0.0,0.0
13,0,8.956384604046947,3.002544574955245,1.0,0.0,0.0,1.0,1.0,1.0
14,0,6.042123980945672,12.0,1.0,0.0,0.0,1.0,1.0,0.0
15,0,5.025558395466986,4.960718287492064,1.0,1.0,1.0,0.0,1.0,0.0
16,0,11.031179977160646,3.965851238610685,0.0,0.0,0.0,1.0,0.0,0.0
17,0,12.0,2.974566720734817,0.0,0.0,0.0,0.0,0.0,1.0
18,0,11.025135301276396,8.964264193651983,0.0,0.0,0.0,1.0,1.0,0.0
19,0,6.026838551767238,6.044379157922574,0.0,0.0,1.0,0.0,1.0,0.0
20,0,1.0630050047954518,8.9664316112723,0.0,0.0,1.0,0.0,1.0,1.0
21,0,2.055595782897001,1.9762342908610315,0.0,1.0,0.0,1.0,0.0,0.0
22,0,1.0529377448380102,10.017631291873952,1.0,1.0,0.0,0.0,0.0,1.0
23,0,3.0112194014472244,1.9702738862180016,1.0,1.0,0.0,1.0,0.0,0.0
24,0,9.941438567327708,0.9679665771735682,0.0,1.0,0.0,0.0,0.0,1.0
25,0,6.029638998932533,0.0,0.0,1.0,1.0,0.0,0.0,0.0
26,0,4.982291761028272,4.97920721917223,0.0,1.0,1.0,1.0,0.0,1.0
27,0,0.991504983503887,6.953641469779818,1.0,0.0,0.0,1.0,1.0,0.0
28,0,8.018768277582382,2.955010747735233,1.0,1.0,0.0,1.0,0.0,1.0
29,0,12.0,10.970002925989226,1.0,0.0,0.0,0.0,1.0,1.0
30,0,4.048304560549458,6.066211540942729,0.0,1.0,0.0,1.0,0.0,0.0
31,0,5.99156024482281,6.044766995222911,0.0,1.0,0.0,0.0,0.0,0.0
32,0,9.957540095176238,2.0118502800563456,0.0,1.0,1.0,1.0,0.0,0.0
33,0,10.973035693117726,10.055504500222396,0.0,0.0,0.0,0.0,0.0,1.0
34,0,0.0,12.0,1.0,0.0,1.0,0.0,1.0,1.0
35,0,2.0635903509925426,7.045294363065884,0.0,0.0,1.0,0.0,1.0,0.0
36,0,7.946904873991159,7.945569224298445,0.0,1.0,1.0,0.0,0.0,0.0
37,0,1.0484220486294078,0.9951757947967416,0.0,0.0,1.0,0.0,0.0,0.0
38,0,5.038812664610117,10.003136818699272,0.0,1.0,0.0,0.0,1.0,0.0
39,0,8.992792725667531,9.969081932224862,1.0,1.0,0.0,1.0,0.0,0.0
0,5,7.972860741971106,10.058937190857652,1.0,0.0,1.0,1.0,0.0,0.0
1,5,3.043034481756042,11.102272115437785,0.0,1.0,0.0,0.0,1.0,1.0
2,5,5.936651714688992,7.922289965684958,0.0,0.0,1.0,0.0,1.0,0.0
3,5,11.105560133306748,9.972604837927571,0.0,0.0,0.0,0.0,1.0,1.0
4,5,6.054156449633172,7.903956231092833,1.0,0.0,0.0,1.0,0.0,0.0
5,5,4.942442313565437,5.027011571377385,0.0,0.0,1.0,1.0,0.0,0.0
6,5,0.0719938970384345,10.04506068011158,1.0,0.0,0.0,0.0,0.0,1.0
7,5,10.880860165688189,0.9207980613343704,0.0,0.0,1.0,1.0,1.0,0.0
8,5,7.980825575594312,0.8981742414627172,1.0,0.0,0.0,0.0,0.0,1.0
9,5,6.851809687879365,9.886943488737678,1.0,1.0,0.0,0.0,0.0,0.0
10,5,2.9358278197024235,4.07299516235517,1.0,1.0,1.0,0.0,0.0,0.0
11,5,11.011528453734789,7.052286875160681,0.0,0.0,1.0,1.0,0.0,1.0
12,5,6.995481617723416,1.9584603136778609,0.0,1.0,0.0,1.0,0.0,0.0
13,5,8.907875074937271,3.0056920663504845,1.0,0.0,0.0,1.0,1.0,1.0
14,5,6.082104471264236,12.0,1.0,0.0,0.0,1.0,1.0,0.0
15,5,5.051443212750764,4.921062833118209,1.0,1.0,1.0,0.0,1.0,0.0
16,5,11.065252203579576,3.928443405839896,0.0,0.0,0.0,1.0,0.0,0.0
17,5,12.0,2.930101423151429,0.0,0.0,0.0,0.0,0.0,1.0
18,5,11.051300959740528,8.92766154466706,0.0,0.0,0.0,1.0,1.0,0.0
19,5,6.041553271787628,6.068055001905551,0.0,0.0,1.0,0.0,1.0,0.0
20,5,1.1349640063873945,8.927667985125268,0.0,0.0,1.0,0.0,1.0,1.0
21,5,2.114817167834091,1.9501435070710045,0.0,1.0,0.0,1.0,0.0,0.0
22,5,1.1362428952689383,10.0417346886874,1.0,1.0,0.0,0.0,0.0,1.0
23,5,3.027938344081974,1.9273854632041585,1.0,1.0,0.0,1.0,0.0,0.0
24,5,9.88918701681821,0.9399784422961552,0.0,1.0,0.0,0.0,0.0,1.0
25,5,6.068090493540678,0.0,0.0,1.0,1.0,0.0,0.0,0.0
26,5,4.971641486323484,4.967044695199767,0.0,1.0,1.0,1.0,0.0,1.0
27,5,0.9818228867148104,6.8918718308109765,1.0,0.0,0.0,1.0,1.0,0.0
28,5,8.036212621081532,2.914239595703839,1.0,1.0,0.0,1.0,0.0,1.0
29,5,12.0,10.926670043643368,1.0,0.0,0.0,0.0,1.0,1.0
30,5,4.091078448441365,6.12296663191201,0.0,1.0,0.0,1.0,0.0,0.0
31,5,5.980424278712316,6.104725235245538,0.0,1.0,0.0,0.0,0.0,0.0
32,5,9.93499920284835,2.0178073855080694,0.0,1.0,1.0,1.0,0.0,0.0
33,5,10.9470830880698,10.105739227469057,0.0,0.0,0.0,0.0,0.0,1.0
34,5,0.0,12.0,1.0,0.0,1.0,0.0,1.0,1.0
35,5,2.124026250615454,7.091149752779122,0.0,0.0,1.0,0.0,1.0,0.0
36,5,7.890904356569013,7.890005180621051,0.0,1.0,1.0,0.0,0.0,0.0
37,5,1.0890699354843767,0.9904573937091,0.0,0.0,1.0,0.0,0.0,0.0
38,5,5.063365843217633,10.004676968815165,0.0,1.0,0.0,0.0,1.0,0.0
39,5,8.98511064682815,9.93414235491112,1.0,1.0,0.0,1.0,0.0,0.0
0,10,7.943879240239557,10.123061519271763,1.0,0.0,1.0,1.0,0.0,0.0
1,10,3.072036366161116,11.167949019378812,0.0,1.0,0.0,0.0,1.0,1.0
2,10,5.910587040983541,7.888023373168265,0.0,0.0,1.0,0.0,1.0,0.0
3,10,11.13988033539284,9.96233393992858,0.0,0.0,0.0,0.0,1.0,1.0
4,10,6.082083448287839,7.851566115230837,1.0,0.0,0.0,1.0,0.0,0.0
5,10,4.924724384115807,5.03584794874988,0.0,0.0,1.0,1.0,0.0,0.0
6,10,0.1242914974286195,10.075996048493922,1.0,0.0,0.0,0.0,0.0,1.0
7,10,10.822628418578326,0.880378902424922,0.0,0.0,1.0,1.0,1.0,0.0
8,10,7.965922568775219,0.8330943262522499,1.0,0.0,0.0,0.0,0.0,1.0
9,10,6.758162569507212,9.81268535269792,1.0,1.0,0.0,0.0,0.0,0.0
10,10,2.898032857039366,4.117033612309653,1.0,1.0,1.0,0.0,0.0,0.0
11,10,11.019320101605762,7.084479870835644,0.0,0.0,1.0,1.0,0.0,1.0
12,10,6.995253591738799,1.956517582522822,0.0,1.0,0.0,1.0,0.0,0.0
13,10,8.874626096387983,3.0084950785857503,1.0,0.0,0.0,1.0,1.0,1.0
14,10,6.1193374481892,12.0,1.0,0.0,0.0,1.0,1.0,0.0
15,10,5.086161492588542,4.866767086469838,1.0,1.0,1.0,0.0,1.0,0.0
16,10,11.0958251666557,3.894839197870575,0.0,0.0,0.0,1.0,0.0,0.0
17,10,12.0,2.886307506972312,0.0,0.0,0.0,0.0,0.0,1.0
18,10,11.07381721542436,8.896822022983349,0.0,0.0,0.0,1.0,1.0,0.0
19,10,6.056226011200098,6.092502617416269,0.0,0.0,1.0,0.0,1.0,0.0
20,10,1.2197392317370823,8.883137709286634,0.0,0.0,1.0,0.0,1.0,1.0
21,10,2.1669018334235908,1.9248494897450297,0.0,1.0,0.0,1.0,0.0,0.0
22,10,1.22077777018586,10.068442765766797,1.0,1.0,0.0,0.0,0.0,1.0
23,10,3.044182047561009,1.883835898118333,1.0,1.0,0.0,1.0,0.0,0.0
24,10,9.822214045772746,0.9056189866300224,0.0,1.0,0.0,0.0,0.0,1.0
25,10,6.111310895449339,0.0,0.0,1.0,1.0,0.0,0.0,0.0
26,10,4.9435877491395255,4.935293276604128,0.0,1.0,1.0,1.0,0.0,1.0
27,10,0.9657804621622508,6.801841767090507,1.0,0.0,0.0,1.0,1.0,0.0
28,10,8.048307286740926,2.885899399103862,1.0,1.0,0.0,1.0,0.0,1.0
29,10,12.0,10.880239541680712,1.0,0.0,0.0,0.0,1.0,1.0
30,10,4.127364132417917,6.166970343948615,0.0,1.0,0.0,1.0,0.0,0.0
31,10,5.971529490586716,6.155913070197641,0.0,1.0,0.0,0.0,0.0,0.0
32,10,9.900833351244067,2.0269267617115703,0.0,1.0,1.0,1.0,0.0,0.0
33,10,10.923409585981831,10.151433841169888,0.0,0.0,0.0,0.0,0.0,1.0
34,10,0.0,12.0,1.0,0.0,1.0,0.0,1.0,1.0
35,10,2.189114690072917,7.138700648966598,0.0,0.0,1.0,0.0,1.0,0.0
36,10,7.830636932697635,7.830824696943874,0.0,1.0,1.0,0.0,0.0,0.0
37,10,1.101655224375701,0.9888286744372186,0.0,0.0,1.0,0.0,0.0,0.0
38,10,5.095058231427841,10.005757661941344,0.0,1.0,0.0,0.0,1.0,0.0
39,10,8.976682484198525,9.897975281013116,1.0,1.0,0.0,1.0,0.0,0.0
0,15,7.905100161232122,10.208072453228898,1.0,0.0,1.0,1.0,0.0,0.0
1,15,3.103748481760854,11.248007021212072,0.0,1.0,0.0,0.0,1.0,1.0
2,15,5.874568372358305,7.840382489423834,0.0,0.0,1.0,0.0,1.0,0.0
3,15,11.189935736295448,9.945958846554351,0.0,0.0,0.0,0.0,1.0,1.0
4,15,6.1192233604286015,7.78395346819526,1.0,0.0,0.0,1.0,0.0,0.0
5,15,4.91616398987831,5.040334718633122,0.0,0.0,1.0,1.0,0.0,0.0
6,15,0.1745393841738393,10.106781546696002,1.0,0.0,0.0,0.0,0.0,1.0
7,15,10.74796596788427,0.8314065268916975,0.0,0.0,1.0,1.0,1.0,0.0
8,15,7.952926805563762,0.7775557086943542,1.0,0.0,0.0,0.0,0.0,1.0
9,15,6.673305419884566,9.745408505257265,1.0,1.0,0.0,0.0,0.0,0.0
10,15,2.86736242381932,4.152320707729995,1.0,1.0,1.0,0.0,0.0,0.0
11,15,11.024428255047576,7.10375643941155,0.0,0.0,1.0,1.0,0.0,1.0
12,15,6.996640319339427,1.9730326624423355,0.0,1.0,0.0,1.0,0.0,0.0
13,15,8.864130124062557,3.00943572070573,1.0,0.0,0.0,1.0,1.0,1.0
14,15,6.168551087617088,12.0,1.0,0.0,0.0,1.0,1.0,0.0
15,15,5.122110017357362,4.807560370084917,1.0,1.0,1.0,0.0,1.0,0.0
16,15,11.108981403427478,3.880904419153644,0.0,0.0,0.0,1.0,0.0,0.0
17,15,12.0,2.8496040184747304,0.0,0.0,0.0,0.0,0.0,1.0
18,15,11.098740998476623,8.863696421574135,0.0,0.0,0.0,1.0,1.0,0.0
19,15,6.073619906215312,6.121329644424675,0.0,0.0,1.0,0.0,1.0,0.0
20,15,1.3102787176753243,8.834449768615205,0.0,0.0,1.0,0.0,1.0,1.0
21,15,2.212626013621607,1.903257919717052,0.0,1.0,0.0,1.0,0.0,0.0
22,15,1.2921034471943755,10.090770697813475,1.0,1.0,0.0,0.0,0.0,1.0
23,15,3.062427813265759,1.8347370603348672,1.0,1.0,0.0,1.0,0.0,0.0
24,15,9.750404115929303,0.8694669963664708,0.0,1.0,0.0,0.0,0.0,1.0
25,15,6.161708947706738,0.0,0.0,1.0,1.0,0.0,0.0,0.0
26,15,4.927643684336606,4.917744660846126,0.0,1.0,1.0,1.0,0.0,1.0
27,15,0.950474969148818,6.709281367740015,1.0,0.0,0.0,1.0,1.0,0.0
28,15,8.060268729635197,2.858039520380216,1.0,1.0,0.0,1.0,0.0,1.0
29,15,12.0,10.843409236940824,1.0,0.0,0.0,0.0,1.0,1.0
30,15,4.155585723791156,6.203221383664587,0.0,1.0,0.0,1.0,0.0,0.0
31,15,5.963319162720345,6.20125290722796,0.0,1.0,0.0,0.0,0.0,0.0
32,15,9.86236299911207,2.03605916967704,0.0,1.0,1.0,1.0,0.0,0.0
33,15,10.896392556943631,10.205853869784212,0.0,0.0,0.0,0.0,0.0,1.0
34,15,0.0,12.0,1.0,0.0,1.0,0.0,1.0,1.0
35,15,2.2781379415512464,7.202884223483061,0.0,0.0,1.0,0.0,1.0,0.0
36,15,7.775663756652137,7.7741847140646385,0.0,1.0,1.0,0.0,0.0,0.0
37,15,1.1229895532108924,0.9858717625238363,0.0,0.0,1.0,0.0,0.0,0.0
38,15,5.117891385251777,10.006790190681045,0.0,1.0,0.0,0.0,1.0,0.0
39,15,8.97282015981875,9.879035743683731,1.0,1.0,0.0,1.0,0.0,0.0
0,20,7.866901966079632,10.295807241639976,1.0,0.0,1.0,1.0,0.0,0.0
1,20,3.141839096032379,11.34742625354504,0.0,1.0,0.0,0.0,1.0,1.0
2,20,5.8586012205067,7.818597000642207,0.0,0.0,1.0,0.0,1.0,0.0
3,20,11.255242080596553,9.925794674643084,0.0,0.0,0.0,0.0,1.0,1.0
4,20,6.150823223461749,7.722229472548026,1.0,0.0,0.0,1.0,0.0,0.0
5,20,4.883921627065113,5.058689927942536,0.0,0.0,1.0,1.0,0.0,0.0
6,20,0.2141042040106992,10.130821291144114,1.0,0.0,0.0,0.0,0.0,1.0
7,20,10.676968988855288,0.7864485619300807,0.0,0.0,1.0,1.0,1.0,0.0
8,20,7.934895891253552,0.7014437009169575,1.0,0.0,0.0,0.0,0.0,1.0
9,20,6.742441291396839,9.656506865423063,1.0,1.0,0.0,0.0,0.0,0.0
10,20,2.840179635786254,4.183005944113969,1.0,1.0,1.0,0.0,0.0,0.0
11,20,11.031263404902589,7.13105607315726,0.0,0.0,1.0,1.0,0.0,1.0
12,20,7.00017175383466,2.021024731180084,0.0,1.0,0.0,1.0,0.0,0.0
13,20,8.82176708841027,3.014417260432636,1.0,0.0,0.0,1.0,1.0,1.0
14,20,6.238282005804466,12.0,1.0,0.0,0.0,1.0,1.0,0.0
15,20,5.151528209896558,4.7613529860390615,1.0,1.0,1.0,0.0,1.0,0.0
16,20,11.130594656495042,3.857785909953385,0.0,0.0,0.0,1.0,0.0,0.0
17,20,12.0,2.8294003839420934,0.0,0.0,0.0,0.0,0.0,1.0
18,20,11.106657738141507,8.853772820732058,0.0,0.0,0.0,1.0,1.0,0.0
19,20,6.0875609815918414,6.143985890323817,0.0,0.0,1.0,0.0,1.0,0.0
20,20,1.4143111690254129,8.77691870087251,0.0,0.0,1.0,0.0,1.0,1.0
21,20,2.2423402751907,1.8888159737191368,0.0,1.0,0.0,1.0,0.0,0.0
22,20,1.346104574055605,10.107997054752262,1.0,1.0,0.0,0.0,0.0,1.0
23,20,3.0786917452157803,1.7918156672223051,1.0,1.0,0.0,1.0,0.0,0.0
24,20,9.688256697984306,0.8381761688374901,0.0,1.0,0.0,0.0,0.0,1.0
25,20,6.216642541594141,0.0,0.0,1.0,1.0,0.0,0.0,0.0
26,20,4.914027664515786,4.902505337969715,0.0,1.0,1.0,1.0,0.0,1.0
27,20,0.935896045696574,6.627662925255535,1.0,0.0,0.0,1.0,1.0,0.0
28,20,8.080175652982687,2.811647578694093,1.0,1.0,0.0,1.0,0.0,1.0
29,20,12.0,10.813625515696971,1.0,0.0,0.0,0.0,1.0,1.0
30,20,4.190782629884598,6.248609520726925,0.0,1.0,0.0,1.0,0.0,0.0
31,20,5.954921757201791,6.254616453825607,0.0,1.0,0.0,0.0,0.0,0.0
32,20,9.85335378960854,2.038049766197447,0.0,1.0,1.0,1.0,0.0,0.0
33,20,10.86121087381866,10.273402446708202,0.0,0.0,0.0,0.0,0.0,1.0
34,20,0.0,12.0,1.0,0.0,1.0,0.0,1.0,1.0
35,20,2.355869695234747,7.257439587081979,0.0,0.0,1.0,0.0,1.0,0.0
36,20,7.727463165977706,7.72419295409989,0.0,1.0,1.0,0.0,0.0,0.0
37,20,1.145514000891502,0.982469677816776,0.0,0.0,1.0,0.0,0.0,0.0
38,20,5.131186500581268,10.007844484689688,0.0,1.0,0.0,0.0,1.0,0.0
39,20,8.967790845387551,9.847668167595726,1.0,1.0,0.0,1.0,0.0,0.0
0,25,7.829401992592155,10.382534538280986,1.0,0.0,1.0,1.0,0.0,0.0
1,25,3.1852496149183014,11.456129453348852,0.0,1.0,0.0,0.0,1.0,1.0
2,25,5.823398791735374,7.770110980370503,0.0,0.0,1.0,0.0,1.0,0.0
3,25,11.327223946230182,9.90343142893216,0.0,0.0,0.0,0.0,1.0,1.0
4,25,6.180709988264415,7.659564774769631,1.0,0.0,0.0,1.0,0.0,0.0
5,25,4.838564999155463,5.085751009681383,0.0,0.0,1.0,1.0,0.0,0.0
6,25,0.2491245948786883,10.15243632189862,1.0,0.0,0.0,0.0,0.0,1.0
7,25,10.600613120871165,0.7378490883814205,0.0,0.0,1.0,1.0,1.0,0.0
8,25,7.920766058137213,0.6388745720901449,1.0,0.0,0.0,0.0,0.0,1.0
9,25,6.807843064900546,9.574966031030756,1.0,1.0,0.0,0.0,0.0,0.0
10,25,2.812873130100608,4.213683782515239,1.0,1.0,1.0,0.0,0.0,0.0
11,25,11.044949886465888,7.184738254672976,0.0,0.0,1.0,1.0,0.0,1.0
12,25,7.0021879861516005,2.0514535515825685,0.0,1.0,0.0,1.0,0.0,0.0
13,25,8.796247149252507,3.017101021280625,1.0,0.0,0.0,1.0,1.0,1.0
14,25,6.316268730375806,12.0,1.0,0.0,0.0,1.0,1.0,0.0
15,25,5.175080621560644,4.725928235903219,1.0,1.0,1.0,0.0,1.0,0.0
16,25,11.156131661257865,3.8305834005827295,0.0,0.0,0.0,1.0,0.0,0.0
17,25,12.0,2.8140509579842576,0.0,0.0,0.0,0.0,0.0,1.0
18,25,11.117383610325934,8.840586474538211,0.0,0.0,0.0,1.0,1.0,0.0
19,25,6.094245274096148,6.155230244698275,0.0,0.0,1.0,0.0,1.0,0.0
20,25,1.5091854345755882,8.719170322168731,0.0,0.0,1.0,0.0,1.0,1.0
21,25,2.277679276668428,1.8716495856233129,0.0,1.0,0.0,1.0,0.0,0.0
22,25,1.4001213898482714,10.126830977913128,1.0,1.0,0.0,0.0,0.0,1.0
23,25,3.091224324562152,1.7596946602862342,1.0,1.0,0.0,1.0,0.0,0.0
24,25,9.637982997833882,0.8125105442510369,0.0,1.0,0.0,0.0,0.0,1.0
25,25,6.265395058874204,0.0,0.0,1.0,1.0,0.0,0.0,0.0
26,25,4.900419415098733,4.886014546570633,0.0,1.0,1.0,1.0,0.0,1.0
27,25,0.9185183386842916,6.531958041527484,1.0,0.0,0.0,1.0,1.0,0.0
28,25,8.104895202094994,2.751410965368051,1.0,1.0,0.0,1.0,0.0,1.0
29,25,12.0,10.788955841720147,1.0,0.0,0.0,0.0,1.0,1.0
30,25,4.2205817479400345,6.287873640347338,0.0,1.0,0.0,1.0,0.0,0.0
31,25,5.947524517273052,6.297632430464209,0.0,1.0,0.0,0.0,0.0,0.0
32,25,9.817843560294945,2.0460667524410625,0.0,1.0,1.0,1.0,0.0,0.0
33,25,10.827021483428496,10.33754503672865,0.0,0.0,0.0,0.0,0.0,1.0
34,25,0.0,12.0,1.0,0.0,1.0,0.0,1.0,1.0
35,25,2.435169747286293,7.315013329901354,0.0,0.0,1.0,0.0,1.0,0.0
36,25,7.680005964310436,7.673631041645869,0.0,1.0,1.0,0.0,0.0,0.0
37,25,1.1661923622289028,0.9788761155147564,0.0,0.0,1.0,0.0,0.0,0.0
38,25,5.146363333079498,10.009182559967956,0.0,1.0,0.0,0.0,1.0,0.0
39,25,8.96275450144783,9.819126875015328,1.0,1.0,0.0,1.0,0.0,0.0
0,30,7.792154229269023,10.479233689457258,1.0,0.0,1.0,1.0,0.0,0.0
1,30,3.22775069023256,11.56624247983873,0.0,1.0,0.0,0.0,1.0,1.0
2,30,5.795738311912869,7.730194837238637,0.0,0.0,1.0,0.0,1.0,0.0
3,30,11.401687601794151,9.88031741396536,0.0,0.0,0.0,0.0,1.0,1.0
4,30,6.225053055319657,7.568290714225201,1.0,0.0,0.0,1.0,0.0,0.0
5,30,4.7673137525809,5.127374477031558,0.0,0.0,1.0,1.0,0.0,0.0
6,30,0.2722594576570872,10.166429926178589,1.0,0.0,0.0,0.0,0.0,1.0
7,30,10.516205888048274,0.6851639781827861,0.0,0.0,1.0,1.0,1.0,0.0
8,30,7.906458010761878,0.5722431317545738,1.0,0.0,0.0,0.0,0.0,1.0
9,30,6.886452488659996,9.475947155123896,1.0,1.0,0.0,0.0,0.0,0.0
10,30,2.778983971266221,4.251512722267021,1.0,1.0,1.0,0.0,0.0,0.0
11,30,11.058669501182754,7.242358606149709,0.0,0.0,1.0,1.0,0.0,1.0
12,30,7.003004646473502,2.065017014059367,0.0,1.0,0.0,1.0,0.0,0.0
13,30,8.749398249355968,3.0216786385146657,1.0,0.0,0.0,1.0,1.0,1.0
14,30,6.382778987731389,12.0,1.0,0.0,0.0,1.0,1.0,0.0
15,30,5.202990586612418,4.683361475407378,1.0,1.0,1.0,0.0,1.0,0.0
16,30,11.176754550854511,3.809349947681788,0.0,0.0,0.0,1.0,0.0,0.0
17,30,12.0,2.798782341862033,0.0,0.0,0.0,0.0,0.0,1.0
18,30,11.147801482704416,8.801340813560309,0.0,0.0,0.0,1.0,1.0,0.0
19,30,6.095627126936672,6.157402209829248,0.0,0.0,1.0,0.0,1.0,0.0
20,30,1.6014470225082102,8.662457051236501,0.0,0.0,1.0,0.0,1.0,1.0
21,30,2.311385883957328,1.8547170877891612,0.0,1.0,0.0,1.0,0.0,0.0
22,30,1.4492411635761084,10.143521748140724,1.0,1.0,0.0,0.0,0.0,1.0
23,30,3.11266836524066,1.7064685357624312,1.0,1.0,0.0,1.0,0.0,0.0
24,30,9.564548947191089,0.7717070602691276,0.0,1.0,0.0,0.0,0.0,1.0
25,30,6.312303902281626,0.0,0.0,1.0,1.0,0.0,0.0,0.0
26,30,4.889051230082936,4.871939559281789,0.0,1.0,1.0,1.0,0.0,1.0
27,30,0.9026499901213086,6.446749322173545,1.0,0.0,0.0,1.0,1.0,0.0
28,30,8.127122635322026,2.6948809327501517,1.0,1.0,0.0,1.0,0.0,1.0
29,30,12.0,10.764583342119678,1.0,0.0,0.0,0.0,1.0,1.0
30,30,4.237868808380069,6.309762201197127,0.0,1.0,0.0,1.0,0.0,0.0
31,30,5.937389429119636,6.357010652746663,0.0,1.0,0.0,0.0,0.0,0.0
32,30,9.765215318072094,2.058926801994297,0.0,1.0,1.0,1.0,0.0,0.0
33,30,10.793811775835124,10.40075157811316,0.0,0.0,0.0,0.0,0.0,1.0
34,30,0.0,12.0,1.0,0.0,1.0,0.0,1.0,1.0
35,30,2.5168397914404976,7.376092702361848,0.0,0.0,1.0,0.0,1.0,0.0
36,30,7.642408395782093,7.633435427341353,0.0,1.0,1.0,0.0,0.0,0.0
37,30,1.2048511931977122,0.972201383640244,0.0,0.0,1.0,0.0,0.0,0.0
38,30,5.170180446916421,10.011177311075002,0.0,1.0,0.0,0.0,1.0,0.0
39,30,8.955670923152814,9.776587056504932,1.0,1.0,0.0,1.0,0.0,0.0
0,35,7.754722955524754,10.574639616345426,1.0,0.0,1.0,1.0,0.0,0.0
1,35,3.2698728307679223,11.67963177832403,0.0,1.0,0.0,0.0,1.0,1.0
2,35,5.738407355026524,7.77142388627251,0.0,0.0,1.0,0.0,1.0,0.0
3,35,11.486883381118869,9.856461481140704,0.0,0.0,0.0,0.0,1.0,1.0
4,35,6.270817985544559,7.472591271741676,1.0,0.0,0.0,1.0,0.0,0.0
5,35,4.691470528802276,5.173092711042217,0.0,0.0,1.0,1.0,0.0,0.0
6,35,0.29831688083405,10.181202567420298,1.0,0.0,0.0,0.0,0.0,1.0
7,35,10.446555065411536,0.6437677480329853,0.0,0.0,1.0,1.0,1.0,0.0
8,35,7.893138146586196,0.5128044606269759,1.0,0.0,0.0,0.0,0.0,1.0
9,35,6.946690273838136,9.400825313789984,1.0,1.0,0.0,0.0,0.0,0.0
10,35,2.7492898280313383,4.284645471004163,1.0,1.0,1.0,0.0,0.0,0.0
11,35,11.075564751963816,7.308404397901717,0.0,0.0,1.0,1.0,0.0,1.0
12,35,7.0039143229482015,2.0886437332239387,0.0,1.0,0.0,1.0,0.0,0.0
13,35,8.705729796262784,3.0251136631149014,1.0,0.0,0.0,1.0,1.0,1.0
14,35,6.4380132827544685,12.0,1.0,0.0,0.0,1.0,1.0,0.0
15,35,5.220165611530921,4.657024871724858,1.0,1.0,1.0,0.0,1.0,0.0
16,35,11.220971498659363,3.763492192422598,0.0,0.0,0.0,1.0,0.0,0.0
17,35,12.0,2.7797299354489007,0.0,0.0,0.0,0.0,0.0,1.0
18,35,11.180080590339236,8.760610388715323,0.0,0.0,0.0,1.0,1.0,0.0
19,35,6.104420253760641,6.170578357572902,0.0,0.0,1.0,0.0,1.0,0.0
20,35,1.7089791768651614,8.595526651094413,0.0,0.0,1.0,0.0,1.0,1.0
21,35,2.3461874817356256,1.8368408018581963,0.0,1.0,0.0,1.0,0.0,0.0
22,35,1.489822185788106,10.15761418360446,1.0,1.0,0.0,0.0,0.0,1.0
23,35,3.129760219361919,1.663132538563017,1.0,1.0,0.0,1.0,0.0,0.0
24,35,9.489495771001769,0.7289429152570635,0.0,1.0,0.0,0.0,0.0,1.0
25,35,6.358916074156905,0.0,0.0,1.0,1.0,0.0,0.0,0.0
26,35,4.873488710280426,4.852719652541977,0.0,1.0,1.0,1.0,0.0,1.0
27,35,0.888748630291644,6.376231594622916,1.0,0.0,0.0,1.0,1.0,0.0
28,35,8.150745121972632,2.635690943134984,1.0,1.0,0.0,1.0,0.0,1.0
29,35,12.0,10.742408741383535,1.0,0.0,0.0,0.0,1.0,1.0
30,35,4.255920346558024,6.332150879688021,0.0,1.0,0.0,1.0,0.0,0.0
31,35,6.00329662308691,6.368564750709321,0.0,1.0,0.0,0.0,0.0,0.0
32,35,9.714685558864224,2.07120093500808,0.0,1.0,1.0,1.0,0.0,0.0
33,35,10.764845056726882,10.454486456624831,0.0,0.0,0.0,0.0,0.0,1.0
34,35,0.0,12.0,1.0,0.0,1.0,0.0,1.0,1.0
35,35,2.6057942737249795,7.4450644340827,0.0,0.0,1.0,0.0,1.0,0.0
36,35,7.609515102184609,7.597834684334697,0.0,1.0,1.0,0.0,0.0,0.0
37,35,1.2376381854827707,0.9666203268160118,0.0,0.0,1.0,0.0,0.0,0.0
38,35,5.178874004434658,10.012040607312215,0.0,1.0,0.0,0.0,1.0,0.0
39,35,8.945061465838565,9.725203446482608,1.0,1.0,0.0,1.0,0.0,0.0
0,40,7.710754137486637,10.685313036589436,1.0,0.0,1.0,1.0,0.0,0.0
1,40,3.311307848269783,11.795463137291131,0.0,1.0,0.0,0.0,1.0,1.0
2,40,5.661564717033822,7.8253494072438015,0.0,0.0,1.0,0.0,1.0,0.0
3,40,11.591997246925274,9.825429315559182,0.0,0.0,0.0,0.0,1.0,1.0
4,40,6.30862672194461,7.395792712942014,1.0,0.0,0.0,1.0,0.0,0.0
5,40,4.608654851200623,5.223843282613312,0.0,0.0,1.0,1.0,0.0,0.0
6,40,0.3381488918931123,10.203682040464123,1.0,0.0,0.0,0.0,0.0,1.0
7,40,10.37439540531468,0.6008915765000624,0.0,0.0,1.0,1.0,1.0,0.0
8,40,7.881618082116743,0.459427425859284,1.0,0.0,0.0,0.0,0.0,1.0
9,40,6.994756338242092,9.33811980506971,1.0,1.0,0.0,0.0,0.0,0.0
10,40,2.7291125403179635,4.307082210623515,1.0,1.0,1.0,0.0,0.0,0.0
11,40,11.092379924558823,7.3746076669325,0.0,0.0,1.0,1.0,0.0,1.0
12,40,7.007858639570208,2.144222301184316,0.0,1.0,0.0,1.0,0.0,0.0
13,40,8.668764949204185,3.027819155378531,1.0,0.0,0.0,1.0,1.0,1.0
14,40,6.494105691412632,12.0,1.0,0.0,0.0,1.0,1.0,0.0
15,40,5.251365536590355,4.610058505226716,1.0,1.0,1.0,0.0,1.0,0.0
16,40,11.269470368842452,3.7105087023721017,0.0,0.0,0.0,1.0,0.0,0.0
17,40,12.0,2.758728180105342,0.0,0.0,0.0,0.0,0.0,1.0
18,40,11.198816045843532,8.737207008524734,0.0,0.0,0.0,1.0,1.0,0.0
19,40,6.11676764210914,6.189042079122915,0.0,0.0,1.0,0.0,1.0,0.0
20,40,1.8212306987276,8.528752170314549,0.0,0.0,1.0,0.0,1.0,1.0
21,40,2.3729769336712465,1.8229995880202643,0.0,1.0,0.0,1.0,0.0,0.0
22,40,1.535057589749632,10.17364159271113,1.0,1.0,0.0,0.0,0.0,1.0
23,40,3.1435997616938143,1.629617969975329,1.0,1.0,0.0,1.0,0.0,0.0
24,40,9.400701365849851,0.6794621533723805,0.0,1.0,0.0,0.0,0.0,1.0
25,40,6.4083391297608445,0.0,0.0,1.0,1.0,0.0,0.0,0.0
26,40,4.863829531980104,4.840762766917377,0.0,1.0,1.0,1.0,0.0,1.0
27,40,0.8732224413244511,6.29469249343577,1.0,0.0,0.0,1.0,1.0,0.0
28,40,8.178905468381716,2.5643996582613693,1.0,1.0,0.0,1.0,0.0,1.0
29,40,12.0,10.730239232529696,1.0,0.0,0.0,0.0,1.0,1.0
30,40,4.279623000509721,6.361671904085203,0.0,1.0,0.0,1.0,0.0,0.0
31,40,6.051728786326928,6.378548202925551,0.0,1.0,0.0,0.0,0.0,0.0
32,40,9.66089256389594,2.086237357665567,0.0,1.0,1.0,1.0,0.0,0.0
33,40,10.720187917885212,10.539626109399329,0.0,0.0,0.0,0.0,0.0,1.0
34,40,0.0,12.0,1.0,0.0,1.0,0.0,1.0,1.0
35,40,2.702799921002824,7.520915016454804,0.0,0.0,1.0,0.0,1.0,0.0
36,40,7.572658863045406,7.554940319765398,0.0,1.0,1.0,0.0,0.0,0.0
37,40,1.2525269277286089,0.9643399491148694,0.0,0.0,1.0,0.0,0.0,0.0
38,40,5.177713392598926,10.0119187017736,0.0,1.0,0.0,0.0,1.0,0.0
39,40,8.935206137832745,9.678920262776622,1.0,1.0,0.0,1.0,0.0,0.0
0,45,7.661538631916958,10.797023989232889,1.0,0.0,1.0,1.0,0.0,0.0
1,45,3.353319254188247,11.926972615613964,0.0,1.0,0.0,0.0,1.0,1.0
2,45,5.589756292062517,7.876918820538031,0.0,0.0,1.0,0.0,1.0,0.0
3,45,11.702062577047096,9.794779162103197,0.0,0.0,0.0,0.0,1.0,1.0
4,45,6.348249659403483,7.31412281981461,1.0,0.0,0.0,1.0,0.0,0.0
5,45,4.548863910371856,5.258044100852142,0.0,0.0,1.0,1.0,0.0,0.0
6,45,0.3772577046093131,10.226020858281064,1.0,0.0,0.0,0.0,0.0,1.0
7,45,10.29720708606109,0.5572302264086302,0.0,0.0,1.0,1.0,1.0,0.0
8,45,7.873017741268885,0.4212121268460493,1.0,0.0,0.0,0.0,0.0,1.0
9,45,7.042458034620789,9.280730650314668,1.0,1.0,0.0,0.0,0.0,0.0
10,45,2.7143979632205424,4.323495515529608,1.0,1.0,1.0,0.0,0.0,0.0
11,45,11.105304693646612,7.422912556322563,0.0,0.0,1.0,1.0,0.0,1.0
12,45,7.012708542775174,2.194949955351616,0.0,1.0,0.0,1.0,0.0,0.0
13,45,8.639875871886908,3.030299271049804,1.0,0.0,0.0,1.0,1.0,1.0
14,45,6.561527127950106,12.0,1.0,0.0,0.0,1.0,1.0,0.0
15,45,5.292138431932832,4.550263053733785,1.0,1.0,1.0,0.0,1.0,0.0
16,45,11.316117733018023,3.66174013685278,0.0,0.0,0.0,1.0,0.0,0.0
17,45,12.0,2.738932876730249,0.0,0.0,0.0,0.0,0.0,1.0
18,45,11.212654753509629,8.720051988791973,0.0,0.0,0.0,1.0,1.0,0.0
19,45,6.122338513299071,6.197232223357501,0.0,0.0,1.0,0.0,1.0,0.0
20,45,1.9211855713169652,8.47055389846523,0.0,0.0,1.0,0.0,1.0,1.0
21,45,2.386048160576807,1.8161289214410208,0.0,1.0,0.0,1.0,0.0,0.0
22,45,1.578789619950986,10.18889297728995,1.0,1.0,0.0,0.0,0.0,1.0
23,45,3.150708444350677,1.6115898599423435,1.0,1.0,0.0,1.0,0.0,0.0
24,45,9.3141371137359,0.6339872043561064,0.0,1.0,0.0,0.0,0.0,1.0
25,45,6.45612739930561,0.0,0.0,1.0,1.0,0.0,0.0,0.0
26,45,4.8473166529213545,4.82111891058068,0.0,1.0,1.0,1.0,0.0,1.0
27,45,0.8569374482124215,6.210977438872384,1.0,0.0,0.0,1.0,1.0,0.0
28,45,8.202384074567316,2.502934926173921,1.0,1.0,0.0,1.0,0.0,1.0
29,45,12.0,10.72233404752182,1.0,0.0,0.0,0.0,1.0,1.0
30,45,4.306128813751841,6.396059393441708,0.0,1.0,0.0,1.0,0.0,0.0
31,45,6.089489398392814,6.386175798795355,0.0,1.0,0.0,0.0,0.0,0.0
32,45,9.597496881314038,2.103405901981552,0.0,1.0,1.0,1.0,0.0,0.0
33,45,10.672431030298284,10.628916553405102,0.0,0.0,0.0,0.0,0.0,1.0
34,45,0.0,12.0,1.0,0.0,1.0,0.0,1.0,1.0
35,45,2.7984477776994408,7.591949628280657,0.0,0.0,1.0,0.0,1.0,0.0
36,45,7.5281815682532995,7.502266217535751,0.0,1.0,1.0,0.0,0.0,0.0
37,45,1.2494950546839982,0.964759667165147,0.0,0.0,1.0,0.0,0.0,0.0
38,45,5.1876774988869085,10.013095587526792,0.0,1.0,0.0,0.0,1.0,0.0
39,45,8.919345802978924,9.600466615132072,1.0,1.0,0.0,1.0,0.0,0.0
0,50,7.611066504979129,10.91069528136344,1.0,0.0,1.0,1.0,0.0,0.0
1,50,3.394457288971524,12.0,0.0,1.0,0.0,0.0,1.0,1.0
2,50,5.533887301487853,7.917961421163012,0.0,0.0,1.0,0.0,1.0,0.0
3,50,11.84278445337609,9.75614569135424,0.0,0.0,0.0,0.0,1.0,1.0
4,50,6.384009673974616,7.246336756391301,1.0,0.0,0.0,1.0,0.0,0.0
5,50,4.48155463901644,5.296489714295017,0.0,0.0,1.0,1.0,0.0,0.0
6,50,0.4175707748550841,10.249902390587938,1.0,0.0,0.0,0.0,0.0,1.0
7,50,10.236655180441666,0.5224098039627055,0.0,0.0,1.0,1.0,1.0,0.0
8,50,7.865947656574592,0.3909785508885135,1.0,0.0,0.0,0.0,0.0,1.0
9,50,7.083555474660481,9.231513379017017,1.0,1.0,0.0,0.0,0.0,0.0
10,50,2.6937138336758237,4.3470703932956125,1.0,1.0,1.0,0.0,0.0,0.0
11,50,11.124071024511258,7.487228845608411,0.0,0.0,1.0,1.0,0.0,1.0
12,50,7.015597082712859,2.231907908328173,0.0,1.0,0.0,1.0,0.0,0.0
13,50,8.608583363100399,3.0321922508936665,1.0,0.0,0.0,1.0,1.0,1.0
14,50,6.646780905227783,12.0,1.0,0.0,0.0,1.0,1.0,0.0
15,50,5.342146854169494,4.477000156777116,1.0,1.0,1.0,0.0,1.0,0.0
16,50,11.347380564057207,3.629703762796385,0.0,0.0,0.0,1.0,0.0,0.0
17,50,12.0,2.7157056352729345,0.0,0.0,0.0,0.0,0.0,1.0
18,50,11.22814576071108,8.699863985757274,0.0,0.0,0.0,1.0,1.0,0.0
19,50,6.119584495455937,6.193122003141442,0.0,0.0,1.0,0.0,1.0,0.0
20,50,2.041801999913864,8.396768772731663,0.0,0.0,1.0,0.0,1.0,1.0
21,50,2.39075887779977,1.8135326050680587,0.0,1.0,0.0,1.0,0.0,0.0
22,50,1.611453552370739,10.200835491185488,1.0,1.0,0.0,0.0,0.0,1.0
23,50,3.1589389951546245,1.5912901043344656,1.0,1.0,0.0,1.0,0.0,0.0
24,50,9.221601174594309,0.5857654412963333,0.0,1.0,0.0,0.0,0.0,1.0
25,50,6.500415635934665,0.0,0.0,1.0,1.0,0.0,0.0,0.0
26,50,4.830618309865661,4.7994981303868425,0.0,1.0,1.0,1.0,0.0,1.0
27,50,0.841404059707333,6.129949428365997,1.0,0.0,0.0,1.0,1.0,0.0
28,50,8.23181746293791,2.428213753521106,1.0,1.0,0.0,1.0,0.0,1.0
29,50,12.0,10.720362827436835,1.0,0.0,0.0,0.0,1.0,1.0
30,50,4.329532353473789,6.42593219738586,0.0,1.0,0.0,1.0,0.0,0.0
31,50,6.135197657785614,6.393998400437439,0.0,1.0,0.0,0.0,0.0,0.0
32,50,9.559041267541412,2.114720030412034,0.0,1.0,1.0,1.0,0.0,0.0
33,50,10.628501899779002,10.712339826051094,0.0,0.0,0.0,0.0,0.0,1.0
34,50,0.0,12.0,1.0,0.0,1.0,0.0,1.0,1.0
35,50,2.895011302242368,7.665830577457855,0.0,0.0,1.0,0.0,1.0,0.0
36,50,7.4778968957409395,7.443254380700506,0.0,1.0,1.0,0.0,0.0,0.0
37,50,1.2535028708582518,0.9643578187620626,0.0,0.0,1.0,0.0,0.0,0.0
38,50,5.209525701171354,10.015609422706897,0.0,1.0,0.0,0.0,1.0,0.0
39,50,8.903692261025215,9.517630851709708,1.0,1.0,0.0,1.0,0.0,0.0
0,55,7.566945943848331,11.01772802191568,1.0,0.0,1.0,1.0,0.0,0.0
1,55,3.4342696563314044,12.0,0.0,1.0,0.0,0.0,1.0,1.0
2,55,5.478582496955874,7.964449591624242,0.0,0.0,1.0,0.0,1.0,0.0
3,55,11.982767652264243,9.717698252219412,0.0,0.0,0.0,0.0,1.0,1.0
4,55,6.4173209870191394,7.182364003352685,1.0,0.0,0.0,1.0,0.0,0.0
5,55,4.402168873422466,5.33925945937053,0.0,0.0,1.0,1.0,0.0,0.0
6,55,0.472726173170799,10.28275703544604,1.0,0.0,0.0,0.0,0.0,1.0
7,55,10.275863179062291,0.4507993481608086,0.0,0.0,1.0,1.0,1.0,0.0
8,55,7.859372256869257,0.3630634879697934,1.0,0.0,0.0,0.0,0.0,1.0
9,55,7.129543303135948,9.17377192558302,1.0,1.0,0.0,0.0,0.0,0.0
10,55,2.674892414784196,4.369212471598583,1.0,1.0,1.0,0.0,0.0,0.0
11,55,11.13921449634691,7.542499904015423,0.0,0.0,1.0,1.0,0.0,1.0
12,55,7.018658712244887,2.2728769205782635,0.0,1.0,0.0,1.0,0.0,0.0
13,55,8.552382614425328,3.035224117076943,1.0,0.0,0.0,1.0,1.0,1.0
14,55,6.7217106065241605,12.0,1.0,0.0,0.0,1.0,1.0,0.0
15,55,5.384831560678199,4.418142960382967,1.0,1.0,1.0,0.0,1.0,0.0
16,55,11.38341412265672,3.592431818096001,0.0,0.0,0.0,1.0,0.0,0.0
17,55,12.0,2.6929629241195845,0.0,0.0,0.0,0.0,0.0,1.0
18,55,11.24009156564748,8.684864819709983,0.0,0.0,0.0,1.0,1.0,0.0
19,55,6.108888663279282,6.176709554836545,0.0,0.0,1.0,0.0,1.0,0.0
20,55,2.139891317349368,8.339465172439855,0.0,0.0,1.0,0.0,1.0,1.0
21,55,2.3916954532313697,1.8130164043409744,0.0,1.0,0.0,1.0,0.0,0.0
22,55,1.6639796200529624,10.219494003871402,1.0,1.0,0.0,0.0,0.0,1.0
23,55,3.174098863773001,1.5531790816888866,1.0,1.0,0.0,1.0,0.0,0.0
24,55,9.121518399620916,0.5363874929142093,0.0,1.0,0.0,0.0,0.0,1.0
25,55,6.542895458256109,0.0,0.0,1.0,1.0,0.0,0.0,0.0
26,55,4.803627430365692,4.763945627381646,0.0,1.0,1.0,1.0,0.0,1.0
27,55,0.8278186947941379,6.066352678043272,1.0,0.0,0.0,1.0,1.0,0.0
28,55,8.2575334524114,2.357173039059798,1.0,1.0,0.0,1.0,0.0,1.0
29,55,12.0,10.71902282408527,1.0,0.0,0.0,0.0,1.0,1.0
30,55,4.3522192093957175,6.454490229251923,0.0,1.0,0.0,1.0,0.0,0.0
31,55,6.2028266488539385,6.405303722313227,0.0,1.0,0.0,0.0,0.0,0.0
32,55,9.511136436912366,2.129350878578763,0.0,1.0,1.0,1.0,0.0,0.0
33,55,10.581350564734397,10.802667593040823,0.0,0.0,0.0,0.0,0.0,1.0
34,55,0.0,12.0,1.0,0.0,1.0,0.0,1.0,1.0
35,55,2.969378230345928,7.725174734983468,0.0,0.0,1.0,0.0,1.0,0.0
36,55,7.426393721644413,7.384019399008967,0.0,1.0,1.0,0.0,0.0,0.0
37,55,1.2576125396773263,0.9638802216710256,0.0,0.0,1.0,0.0,0.0,0.0
38,55,5.240029548353028,10.019113703272373,0.0,1.0,0.0,0.0,1.0,0.0
39,55,8.889662905476774,9.45365220389744,1.0,1.0,0.0,1.0,0.0,0.0
0,60,7.524959135060488,11.122517057807745,1.0,0.0,1.0,1.0,0.0,0.0
1,60,3.4716877606287397,12.0,0.0,1.0,0.0,0.0,1.0,1.0
2,60,5.430056159409527,8.005601003009351,0.0,0.0,1.0,0.0,1.0,0.0
3,60,12.0,9.68660349513974,0.0,0.0,0.0,0.0,1.0,1.0
4,60,6.456508401054247,7.108885620412714,1.0,0.0,0.0,1.0,0.0,0.0
5,60,4.3258602343681964,5.37983389917584,0.0,0.0,1.0,1.0,0.0,0.0
6,60,0.5271840522574435,10.317234811712408,1.0,0.0,0.0,0.0,0.0,1.0
7,60,10.309383411075602,0.3879500130062323,0.0,0.0,1.0,1.0,1.0,0.0
8,60,7.858879449451951,0.3611515944993168,1.0,0.0,0.0,0.0,0.0,1.0
9,60,7.164457197935037,9.129787567050684,1.0,1.0,0.0,0.0,0.0,0.0
10,60,2.643620655388354,4.404192676684621,1.0,1.0,1.0,0.0,0.0,0.0
11,60,11.15441146286174,7.597587439350878,0.0,0.0,1.0,1.0,0.0,1.0
12,60,7.022091323383729,2.3314703149745784,0.0,1.0,0.0,1.0,0.0,0.0
13,60,8.471589765303621,3.0397397892094427,1.0,0.0,0.0,1.0,1.0,1.0
14,60,6.797478698385525,12.0,1.0,0.0,0.0,1.0,1.0,0.0
15,60,5.450876968150983,4.324691631733739,1.0,1.0,1.0,0.0,1.0,0.0
16,60,11.417608534103405,3.555479067337204,0.0,0.0,0.0,1.0,0.0,0.0
17,60,12.0,2.680897602923319,0.0,0.0,0.0,0.0,0.0,1.0
18,60,11.258683866203882,8.662510708908966,0.0,0.0,0.0,1.0,1.0,0.0
19,60,6.0987430400268,6.161210683018432,0.0,0.0,1.0,0.0,1.0,0.0
20,60,2.2479378082217707,8.277444005128144,0.0,0.0,1.0,0.0,1.0,1.0
21,60,2.396615041190959,1.8102926275783184,0.0,1.0,0.0,1.0,0.0,0.0
22,60,1.7330331268397157,10.24404284553651,1.0,1.0,0.0,0.0,0.0,1.0
23,60,3.19326306309318,1.5049439433589675,1.0,1.0,0.0,1.0,0.0,0.0
24,60,9.027485694841245,0.4910552769910442,0.0,1.0,0.0,0.0,0.0,1.0
25,60,6.594444362781844,0.0,0.0,1.0,1.0,0.0,0.0,0.0
26,60,4.780278373003871,4.732030561337232,0.0,1.0,1.0,1.0,0.0,1.0
27,60,0.8152342320488342,5.995564903189775,1.0,0.0,0.0,1.0,1.0,0.0
28,60,8.293664157220876,2.257547766810092,1.0,1.0,0.0,1.0,0.0,1.0
29,60,12.0,10.704143018935056,1.0,0.0,0.0,0.0,1.0,1.0
30,60,4.373535480537968,6.482545766842495,0.0,1.0,0.0,1.0,0.0,0.0
31,60,6.251972682353997,6.413478355913575,0.0,1.0,0.0,0.0,0.0,0.0
32,60,9.4707880531504,2.140348294281438,0.0,1.0,1.0,1.0,0.0,0.0
33,60,10.5222551275431,10.911245926233088,0.0,0.0,0.0,0.0,0.0,1.0
34,60,0.0,12.0,1.0,0.0,1.0,0.0,1.0,1.0
35,60,3.040480812049044,7.77918644958745,0.0,0.0,1.0,0.0,1.0,0.0
36,60,7.381973020643317,7.330297819317623,0.0,1.0,1.0,0.0,0.0,0.0
37,60,1.2673641049463713,0.9628297639461004,0.0,0.0,1.0,0.0,0.0,0.0
38,60,5.274656342899654,10.022538701829848,0.0,1.0,0.0,0.0,1.0,0.0
39,60,8.88282203230698,9.418794271942788,1.0,1.0,0.0,1.0,0.0,0.0
0,65,7.483701113054403,11.223755727607127,1.0,0.0,1.0,1.0,0.0,0.0
1,65,3.51509705858154,12.0,0.0,1.0,0.0,0.0,1.0,1.0
2,65,5.396450056218138,8.034150754545735,0.0,0.0,1.0,0.0,1.0,0.0
3,65,12.0,9.655457170259885,0.0,0.0,0.0,0.0,1.0,1.0
4,65,6.482306943535616,7.056813887546707,1.0,0.0,0.0,1.0,0.0,0.0
5,65,4.255633162337101,5.418969191745062,0.0,0.0,1.0,1.0,0.0,0.0
6,65,0.5861680546054272,10.356773965627529,1.0,0.0,0.0,0.0,0.0,1.0
7,65,10.341191632147064,0.3280511523576723,0.0,0.0,1.0,1.0,1.0,0.0
8,65,7.852430434573512,0.3343055205431427,1.0,0.0,0.0,0.0,0.0,1.0
9,65,7.203301801506648,9.079907619257709,1.0,1.0,0.0,0.0,0.0,0.0
10,65,2.6098272513846634,4.444468937861787,1.0,1.0,1.0,0.0,0.0,0.0
11,65,11.167093774732937,7.641790975600492,0.0,0.0,1.0,1.0,0.0,1.0
12,65,7.027485617009284,2.420127979744908,0.0,1.0,0.0,1.0,0.0,0.0
13,65,8.388451056144685,3.0408683384820616,1.0,0.0,0.0,1.0,1.0,1.0
14,65,6.870843248466183,12.0,1.0,0.0,0.0,1.0,1.0,0.0
15,65,5.524331227599941,4.223029662924764,1.0,1.0,1.0,0.0,1.0,0.0
16,65,11.441656811615127,3.529197005436909,0.0,0.0,0.0,1.0,0.0,0.0
17,65,12.0,2.6723597175891154,0.0,0.0,0.0,0.0,0.0,1.0
18,65,11.280975097556754,8.634530677280544,0.0,0.0,0.0,1.0,1.0,0.0
19,65,6.08310283772508,6.138334401373708,0.0,0.0,1.0,0.0,1.0,0.0
20,65,2.3462089542744144,8.215901826776246,0.0,0.0,1.0,0.0,1.0,1.0
21,65,2.4023534932930217,1.8070340834386884,0.0,1.0,0.0,1.0,0.0,0.0
22,65,1.7953432857019485,10.267324674520754,1.0,1.0,0.0,0.0,0.0,1.0
23,65,3.212138678493257,1.4559756224497,1.0,1.0,0.0,1.0,0.0,0.0
24,65,8.919261108223873,0.4373179298078466,0.0,1.0,0.0,0.0,0.0,1.0
25,65,6.648634424379557,0.0,0.0,1.0,1.0,0.0,0.0,0.0
26,65,4.766832247247933,4.714177879248939,0.0,1.0,1.0,1.0,0.0,1.0
27,65,0.7996997000438315,5.912317086252966,1.0,0.0,0.0,1.0,1.0,0.0
28,65,8.335363089529663,2.1441815899182908,1.0,1.0,0.0,1.0,0.0,1.0
29,65,11.99835468809142,10.706322506271253,1.0,0.0,0.0,0.0,1.0,1.0
30,65,4.395375714738008,6.5098528541393375,0.0,1.0,0.0,1.0,0.0,0.0
31,65,6.30628856718594,6.423000729009882,0.0,1.0,0.0,0.0,0.0,0.0
32,65,9.436028898813367,2.1493494125310657,0.0,1.0,1.0,1.0,0.0,0.0
33,65,10.452231463139842,11.035718619807229,0.0,0.0,0.0,0.0,0.0,1.0
34,65,0.0,12.0,1.0,0.0,1.0,0.0,1.0,1.0
35,65,3.11367426824502,7.832466651224714,0.0,0.0,1.0,0.0,1.0,0.0
36,65,7.3455990354247795,7.28496237229524,0.0,1.0,1.0,0.0,0.0,0.0
37,65,1.2904999368081422,0.9607443599779406,0.0,0.0,1.0,0.0,0.0,0.0
38,65,5.297323177235212,10.025398682742704,0.0,1.0,0.0,0.0,1.0,0.0
39,65,8.87663965604692,9.390888639297266,1.0,1.0,0.0,1.0,0.0,0.0
0,70,7.436068400246109,11.329375586194104,1.0,0.0,1.0,1.0,0.0,0.0
1,70,3.557695932935852,12.0,0.0,1.0,0.0,0.0,1.0,1.0
2,70,5.369029576760007,8.058141867841595,0.0,0.0,1.0,0.0,1.0,0.0
3,70,12.0,9.619204134468667,0.0,0.0,0.0,0.0,1.0,1.0
4,70,6.511687295368686,6.995596858779014,1.0,0.0,0.0,1.0,0.0,0.0
5,70,4.168510392948352,5.463030462995135,0.0,0.0,1.0,1.0,0.0,0.0
6,70,0.6295530160184071,10.385681858220911,1.0,0.0,0.0,0.0,0.0,1.0
7,70,10.385143411063511,0.2431794765830465,0.0,0.0,1.0,1.0,1.0,0.0
8,70,7.849733925549442,0.322923819870155,1.0,0.0,0.0,0.0,0.0,1.0
9,70,7.25135831705884,9.016270736044254,1.0,1.0,0.0,0.0,0.0,0.0
10,70,2.565433636401104,4.498009729489132,1.0,1.0,1.0,0.0,0.0,0.0
11,70,11.181132819027548,7.691007794776064,0.0,0.0,1.0,1.0,0.0,1.0
12,70,7.0351372818248175,2.540118059264276,0.0,1.0,0.0,1.0,0.0,0.0
13,70,8.314799342145331,3.04338874587542,1.0,0.0,0.0,1.0,1.0,1.0
14,70,6.954760824236476,12.0,1.0,0.0,0.0,1.0,1.0,0.0
15,70,5.59314686566277,4.132488617079616,1.0,1.0,1.0,0.0,1.0,0.0
16,70,11.462910080598029,3.506295313936699,0.0,0.0,0.0,1.0,0.0,0.0
17,70,12.0,2.6644229828196475,0.0,0.0,0.0,0.0,0.0,1.0
18,70,11.288170405580647,8.625715613635778,0.0,0.0,0.0,1.0,1.0,0.0
19,70,6.0737317333712015,6.1254154950831685,0.0,0.0,1.0,0.0,1.0,0.0
20,70,2.4360454980759125,8.159873399597313,0.0,0.0,1.0,0.0,1.0,1.0
21,70,2.3985413450706825,1.8093498402556711,0.0,1.0,0.0,1.0,0.0,0.0
22,70,1.8426603284380336,10.284277678994782,1.0,1.0,0.0,0.0,0.0,1.0
23,70,3.222290249365972,1.4312734363044295,1.0,1.0,0.0,1.0,0.0,0.0
24,70,8.811003295173757,0.3855482371434645,0.0,1.0,0.0,0.0,0.0,1.0
25,70,6.70068531922628,0.0,0.0,1.0,1.0,0.0,0.0,0.0
26,70,4.74164183571292,4.680366727399781,0.0,1.0,1.0,1.0,0.0,1.0
27,70,0.7793463069382821,5.82468004239758,1.0,0.0,0.0,1.0,1.0,0.0
28,70,8.386214335410076,2.01443172910556,1.0,1.0,0.0,1.0,0.0,1.0
29,70,11.998109778551031,10.70664580583879,1.0,0.0,0.0,0.0,1.0,1.0
30,70,4.426135828569495,6.547502452146774,0.0,1.0,0.0,1.0,0.0,0.0
31,70,6.345825506437211,6.429711955837051,0.0,1.0,0.0,0.0,0.0,0.0
32,70,9.387629277844798,2.161183047059301,0.0,1.0,1.0,1.0,0.0,0.0
33,70,10.38578889395522,11.158321291597932,0.0,0.0,0.0,0.0,0.0,1.0
34,70,0.0,12.0,1.0,0.0,1.0,0.0,1.0,1.0
35,70,3.207371114561953,7.89770348391854,0.0,0.0,1.0,0.0,1.0,0.0
36,70,7.313102592407113,7.244640650109588,0.0,1.0,1.0,0.0,0.0,0.0
37,70,1.3302681976132582,0.9578396663739764,0.0,0.0,1.0,0.0,0.0,0.0
38,70,5.323499045145144,10.028746841584306,0.0,1.0,0.0,0.0,1.0,0.0
39,70,8.869392345523483,9.358271352153604,1.0,1.0,0.0,1.0,0.0,0.0
0,75,7.38922713529672,11.429413706895064,1.0,0.0,1.0,1.0,0.0,0.0
1,75,3.600252564374367,12.0,0.0,1.0,0.0,0.0,1.0,1.0
2,75,5.32998199274788,8.091817438703968,0.0,0.0,1.0,0.0,1.0,0.0
3,75,12.0,9.58424190569247,0.0,0.0,0.0,0.0,1.0,1.0
4,75,6.534154223451727,6.945827583449902,1.0,0.0,0.0,1.0,0.0,0.0
5,75,4.082777619238647,5.505423649931579,0.0,0.0,1.0,1.0,0.0,0.0
6,75,0.6814796298106359,10.420359739268577,1.0,0.0,0.0,0.0,0.0,1.0
7,75,10.426312967734734,0.1586678045548716,0.0,0.0,1.0,1.0,1.0,0.0
8,75,7.842150816881348,0.2925558364905384,1.0,0.0,0.0,0.0,0.0,1.0
9,75,7.301029811572765,8.951100356183485,1.0,1.0,0.0,0.0,0.0,0.0
10,75,2.5271977632397453,4.546447866417556,1.0,1.0,1.0,0.0,0.0,0.0
11,75,11.19419732821011,7.739906158016751,0.0,0.0,1.0,1.0,0.0,1.0
12,75,7.043140034141834,2.654137140584235,0.0,1.0,0.0,1.0,0.0,0.0
13,75,8.232539638623122,3.043887134779343,1.0,0.0,0.0,1.0,1.0,1.0
14,75,7.048552647120679,12.0,1.0,0.0,0.0,1.0,1.0,0.0
15,75,5.677278701886913,4.026476263114801,1.0,1.0,1.0,0.0,1.0,0.0
16,75,11.48431560122966,3.4833312021970126,0.0,0.0,0.0,1.0,0.0,0.0
17,75,12.0,2.660833114999929,0.0,0.0,0.0,0.0,0.0,1.0
18,75,11.290555415602777,8.622600740732823,0.0,0.0,0.0,1.0,1.0,0.0
19,75,6.067359929916534,6.117130886426895,0.0,0.0,1.0,0.0,1.0,0.0
20,75,2.527148907042612,8.107374273107549,0.0,0.0,1.0,0.0,1.0,1.0
21,75,2.390360295919361,1.813818579548976,0.0,1.0,0.0,1.0,0.0,0.0
22,75,1.8699543157976557,10.293755412736814,1.0,1.0,0.0,0.0,0.0,1.0
23,75,3.231221825184864,1.4113410748042967,1.0,1.0,0.0,1.0,0.0,0.0
24,75,8.720056900855527,0.3429929335072133,0.0,1.0,0.0,0.0,0.0,1.0
25,75,6.748760651146407,0.0,0.0,1.0,1.0,0.0,0.0,0.0
26,75,4.730662337292796,4.665560967445201,0.0,1.0,1.0,1.0,0.0,1.0
27,75,0.7610718922775352,5.74954567479532,1.0,0.0,0.0,1.0,1.0,0.0
28,75,8.434567052723542,1.886171837517682,1.0,1.0,0.0,1.0,0.0,1.0
29,75,12.0,10.702087089533704,1.0,0.0,0.0,0.0,1.0,1.0
30,75,4.464125981010279,6.590729927077318,0.0,1.0,0.0,1.0,0.0,0.0
31,75,6.411725377571992,6.440895718737959,0.0,1.0,0.0,0.0,0.0,0.0
32,75,9.362716454605568,2.1670415817372914,0.0,1.0,1.0,1.0,0.0,0.0
33,75,10.318996617770726,11.284674784475875,0.0,0.0,0.0,0.0,0.0,1.0
34,75,0.0,12.0,1.0,0.0,1.0,0.0,1.0,1.0
35,75,3.297264247335302,7.964475899757428,0.0,0.0,1.0,0.0,1.0,0.0
36,75,7.279300365790421,7.20146854524404,0.0,1.0,1.0,0.0,0.0,0.0
37,75,1.3523078663780974,0.9563717970005312,0.0,0.0,1.0,0.0,0.0,0.0
38,75,5.34422895155516,10.032451922835117,0.0,1.0,0.0,0.0,1.0,0.0
39,75,8.86327376234448,9.33086490350947,1.0,1.0,0.0,1.0,0.0,0.0
0,80,7.335149607257064,11.54142953212095,1.0,0.0,1.0,1.0,0.0,0.0
1,80,3.6433621708327193,12.0,0.0,1.0,0.0,0.0,1.0,1.0
2,80,5.283819612045881,8.133174855591632,0.0,0.0,1.0,0.0,1.0,0.0
3,80,12.0,9.553044099186572,0.0,0.0,0.0,0.0,1.0,1.0
4,80,6.552004462924171,6.906499221977538,1.0,0.0,0.0,1.0,0.0,0.0
5,80,3.988584168043297,5.553564965449563,0.0,0.0,1.0,1.0,0.0,0.0
6,80,0.7198379410259875,10.446400279983203,1.0,0.0,0.0,0.0,0.0,1.0
7,80,10.474770124037317,0.0593507085571373,0.0,0.0,1.0,1.0,1.0,0.0
8,80,7.827676588279285,0.2345243679103592,1.0,0.0,0.0,0.0,0.0,1.0
9,80,7.337600345146087,8.904642618787092,1.0,1.0,0.0,0.0,0.0,0.0
10,80,2.4841594693898634,4.604235366264573,1.0,1.0,1.0,0.0,0.0,0.0
11,80,11.205299465168393,7.778816916442211,0.0,0.0,1.0,1.0,0.0,1.0
12,80,7.053120159501209,2.752008404278798,0.0,1.0,0.0,1.0,0.0,0.0
13,80,8.155227166339099,3.0430997428698,1.0,0.0,0.0,1.0,1.0,1.0
14,80,7.138602284495073,12.0,1.0,0.0,0.0,1.0,1.0,0.0
15,80,5.768595543981784,3.907448887618338,1.0,1.0,1.0,0.0,1.0,0.0
16,80,11.49104318591007,3.4763480826820947,0.0,0.0,0.0,1.0,0.0,0.0
17,80,12.0,2.6591495875207163,0.0,0.0,0.0,0.0,0.0,1.0
18,80,11.295199028562706,8.616598365971576,0.0,0.0,0.0,1.0,1.0,0.0
19,80,6.08039718104266,6.133793992491528,0.0,0.0,1.0,0.0,1.0,0.0
20,80,2.636075345633608,8.042696858519355,0.0,0.0,1.0,0.0,1.0,1.0
21,80,2.376407615412059,1.8212282617353397,0.0,1.0,0.0,1.0,0.0,0.0
22,80,1.906226250850955,10.306581139155238,1.0,1.0,0.0,0.0,0.0,1.0
23,80,3.247161524955777,1.378086935881153,1.0,1.0,0.0,1.0,0.0,0.0
24,80,8.631983122030231,0.3032836532026111,0.0,1.0,0.0,0.0,0.0,1.0
25,80,6.801169786962457,0.0,0.0,1.0,1.0,0.0,0.0,0.0
26,80,4.714650783231535,4.643831632050826,0.0,1.0,1.0,1.0,0.0,1.0
27,80,0.7485359468247043,5.70249846525303,1.0,0.0,0.0,1.0,1.0,0.0
28,80,8.489903378497578,1.744009131086214,1.0,1.0,0.0,1.0,0.0,1.0
29,80,12.0,10.69919850225667,1.0,0.0,0.0,0.0,1.0,1.0
30,80,4.506555856751314,6.642177374905736,0.0,1.0,0.0,1.0,0.0,0.0
31,80,6.474044946984783,6.449758390467329,0.0,1.0,0.0,0.0,0.0,0.0
32,80,9.351508837284804,2.1697622179642835,0.0,1.0,1.0,1.0,0.0,0.0
33,80,10.248930701307197,11.418993471825036,0.0,0.0,0.0,0.0,0.0,1.0
34,80,0.0,12.0,1.0,0.0,1.0,0.0,1.0,1.0
35,80,3.3818404469113634,8.030109564660252,0.0,0.0,1.0,0.0,1.0,0.0
36,80,7.2366154060962815,7.148687806362062,0.0,1.0,1.0,0.0,0.0,0.0
37,80,1.364686031751547,0.9557450249604572,0.0,0.0,1.0,0.0,0.0,0.0
38,80,5.350736862292249,10.033696511412751,0.0,1.0,0.0,0.0,1.0,0.0
39,80,8.854372287526889,9.292788202948383,1.0,1.0,0.0,1.0,0.0,0.0
0,85,7.274663765678149,11.666177599934048,1.0,0.0,1.0,1.0,0.0,0.0
1,85,3.6907465439758296,12.0,0.0,1.0,0.0,0.0,1.0,1.0
2,85,5.2532321384799845,8.16142195834166,0.0,0.0,1.0,0.0,1.0,0.0
3,85,12.0,9.513296973152515,0.0,0.0,0.0,0.0,1.0,1.0
4,85,6.575423870428145,6.854551474331921,1.0,0.0,0.0,1.0,0.0,0.0
5,85,3.87794772631988,5.610023352551755,0.0,0.0,1.0,1.0,0.0,0.0
6,85,0.7684402554758005,10.479787577649631,1.0,0.0,0.0,0.0,0.0,1.0
7,85,10.519457349278264,0.0,0.0,0.0,1.0,1.0,1.0,0.0
8,85,7.818358183265512,0.1930750211918029,1.0,0.0,0.0,0.0,0.0,1.0
9,85,7.359724230244525,8.876549752482603,1.0,1.0,0.0,0.0,0.0,0.0
10,85,2.448276665376447,4.654630344126537,1.0,1.0,1.0,0.0,0.0,0.0
11,85,11.223853692065624,7.840179123564432,0.0,0.0,1.0,1.0,0.0,1.0
12,85,7.064290549806488,2.85008865969311,0.0,1.0,0.0,1.0,0.0,0.0
13,85,8.07456246395384,3.041799100850909,1.0,0.0,0.0,1.0,1.0,1.0
14,85,7.232615325008528,12.0,1.0,0.0,0.0,1.0,1.0,0.0
15,85,5.861432537847256,3.790184759777596,1.0,1.0,1.0,0.0,1.0,0.0
16,85,11.504249880742478,3.462806842264136,0.0,0.0,0.0,1.0,0.0,0.0
17,85,12.0,2.6556939009977256,0.0,0.0,0.0,0.0,0.0,1.0
18,85,11.29901429729243,8.611939315424575,0.0,0.0,0.0,1.0,1.0,0.0
19,85,6.06678281794134,6.144739099195547,0.0,0.0,1.0,0.0,1.0,0.0
20,85,2.7505794311444527,7.976836588001405,0.0,0.0,1.0,0.0,1.0,1.0
21,85,2.370185518346152,1.8244666135993213,0.0,1.0,0.0,1.0,0.0,0.0
22,85,1.94841892916436,10.32211125367072,1.0,1.0,0.0,0.0,0.0,1.0
23,85,3.2639521272040946,1.346186205089276,1.0,1.0,0.0,1.0,0.0,0.0
24,85,8.554004949995658,0.2684597017124008,0.0,1.0,0.0,0.0,0.0,1.0
25,85,6.85551840047887,0.0,0.0,1.0,1.0,0.0,0.0,0.0
26,85,4.70393932469719,4.629101648959057,0.0,1.0,1.0,1.0,0.0,1.0
27,85,0.7369978887469953,5.652336728510831,1.0,0.0,0.0,1.0,1.0,0.0
28,85,8.54449320473189,1.6071219022605503,1.0,1.0,0.0,1.0,0.0,1.0
29,85,11.99919622793897,10.70017165941318,1.0,0.0,0.0,0.0,1.0,1.0
30,85,4.543364996494765,6.685244175760039,0.0,1.0,0.0,1.0,0.0,0.0
31,85,6.523476052876485,6.457428755953017,0.0,1.0,0.0,0.0,0.0,0.0
32,85,9.31719794942582,2.176964806718054,0.0,1.0,1.0,1.0,0.0,0.0
33,85,10.17274166011578,11.560869813763578,0.0,0.0,0.0,0.0,0.0,1.0
34,85,0.0,12.0,1.0,0.0,1.0,0.0,1.0,1.0
35,85,3.4718843163152493,8.100794231913437,0.0,0.0,1.0,0.0,1.0,0.0
36,85,7.1743840682117135,7.071703977810315,0.0,1.0,1.0,0.0,0.0,0.0
37,85,1.3712634489516928,0.9554009555931352,0.0,0.0,1.0,0.0,0.0,0.0
38,85,5.383038329896486,10.03994260233557,0.0,1.0,0.0,0.0,1.0,0.0
39,85,8.847419747939817,9.255672724365434,1.0,1.0,0.0,1.0,0.0,0.0
0,90,7.214203480400291,11.790048300879082,1.0,0.0,1.0,1.0,0.0,0.0
1,90,3.733747725808357,12.0,0.0,1.0,0.0,0.0,1.0,1.0
2,90,5.227153170619657,8.186275014857275,0.0,0.0,1.0,0.0,1.0,0.0
3,90,12.0,9.468636306210774,0.0,0.0,0.0,0.0,1.0,1.0
4,90,6.597012780846197,6.810714956179685,1.0,0.0,0.0,1.0,0.0,0.0
5,90,3.760556248617195,5.670814284643908,0.0,0.0,1.0,1.0,0.0,0.0
6,90,0.8395398616310061,10.528267304309368,1.0,0.0,0.0,0.0,0.0,1.0
7,90,10.571877497310023,0.0,0.0,0.0,1.0,1.0,1.0,0.0
8,90,7.810006760014034,0.149085015876671,1.0,0.0,0.0,0.0,0.0,1.0
9,90,7.394835606192363,8.83023798738388,1.0,1.0,0.0,0.0,0.0,0.0
10,90,2.411154281674266,4.7075277308933385,1.0,1.0,1.0,0.0,0.0,0.0
11,90,11.244121507230874,7.907932472111435,0.0,0.0,1.0,1.0,0.0,1.0
12,90,7.0772865128611295,2.9657405090463804,0.0,1.0,0.0,1.0,0.0,0.0
13,90,7.998522834241879,3.0395547901834106,1.0,0.0,0.0,1.0,1.0,1.0
14,90,7.323000638620547,12.0,1.0,0.0,0.0,1.0,1.0,0.0
15,90,5.963117434480126,3.6555082026994334,1.0,1.0,1.0,0.0,1.0,0.0
16,90,11.514491487324769,3.452345397989573,0.0,0.0,0.0,1.0,0.0,0.0
17,90,12.0,2.6539588790787563,0.0,0.0,0.0,0.0,0.0,1.0
18,90,11.302311383793612,8.608043013906476,0.0,0.0,0.0,1.0,1.0,0.0
19,90,6.037285337103147,6.167588071240767,0.0,0.0,1.0,0.0,1.0,0.0
20,90,2.882942805314209,7.904617148990289,0.0,0.0,1.0,0.0,1.0,1.0
21,90,2.347236281685355,1.8360534702960856,0.0,1.0,0.0,1.0,0.0,0.0
22,90,1.984787707955483,10.33578639582218,1.0,1.0,0.0,0.0,0.0,1.0
23,90,3.276065288065189,1.3236412812335911,1.0,1.0,0.0,1.0,0.0,0.0
24,90,8.471864922601437,0.2334096212145166,0.0,1.0,0.0,0.0,0.0,1.0
25,90,6.909825618212005,0.0,0.0,1.0,1.0,0.0,0.0,0.0
26,90,4.689627658347937,4.61038148586795,0.0,1.0,1.0,1.0,0.0,1.0
27,90,0.7246917419948405,5.5926561753812,1.0,0.0,0.0,1.0,1.0,0.0
28,90,8.605547389035014,1.456228025246674,1.0,1.0,0.0,1.0,0.0,1.0
29,90,11.99876367402295,10.700698823889532,1.0,0.0,0.0,0.0,1.0,1.0
30,90,4.570544786980888,6.715788012938478,0.0,1.0,0.0,1.0,0.0,0.0
31,90,6.559887301199773,6.463319877210727,0.0,1.0,0.0,0.0,0.0,0.0
32,90,9.28398626128372,2.184204835513419,0.0,1.0,1.0,1.0,0.0,0.0
33,90,10.091847010904962,11.705502093253749,0.0,0.0,0.0,0.0,0.0,1.0
34,90,0.0,12.0,1.0,0.0,1.0,0.0,1.0,1.0
35,90,3.5623562178954566,8.173996541630354,0.0,0.0,1.0,0.0,1.0,0.0
36,90,7.1107462666537495,6.995044529020232,0.0,1.0,1.0,0.0,0.0,0.0
37,90,1.3717854672825014,0.955387714714562,0.0,0.0,1.0,0.0,0.0,0.0
38,90,5.407492932279686,10.045187333472189,0.0,1.0,0.0,0.0,1.0,0.0
39,90,8.8383119997988,9.207959291520844,1.0,1.0,0.0,1.0,0.0,0.0
0,95,7.150459221379031,11.927231482351868,1.0,0.0,1.0,1.0,0.0,0.0
1,95,3.774271125442359,12.0,0.0,1.0,0.0,0.0,1.0,1.0
2,95,5.210438287820347,8.201730721995942,0.0,0.0,1.0,0.0,1.0,0.0
3,95,12.0,9.42691486818595,0.0,0.0,0.0,0.0,1.0,1.0
4,95,6.621018823250463,6.761733807630289,1.0,0.0,0.0,1.0,0.0,0.0
5,95,3.644934454234252,5.729706039189984,0.0,0.0,1.0,1.0,0.0,0.0
6,95,0.8961175887182085,10.56600505333257,1.0,0.0,0.0,0.0,0.0,1.0
7,95,10.617442657370605,0.0,0.0,0.0,1.0,1.0,1.0,0.0
8,95,7.8034357524548765,0.1183731631696891,1.0,0.0,0.0,0.0,0.0,1.0
9,95,7.415447697163201,8.802530115941787,1.0,1.0,0.0,0.0,0.0,0.0
10,95,2.365609092043768,4.77133111381298,1.0,1.0,1.0,0.0,0.0,0.0
11,95,11.26560720829656,7.979857239332111,0.0,0.0,1.0,1.0,0.0,1.0
12,95,7.0864142994558526,3.050148317154798,0.0,1.0,0.0,1.0,0.0,0.0
13,95,7.921307217915927,3.038420968692446,1.0,0.0,0.0,1.0,1.0,1.0
14,95,7.4079524386440605,12.0,1.0,0.0,0.0,1.0,1.0,0.0
15,95,6.068693604267097,3.516863804406741,1.0,1.0,1.0,0.0,1.0,0.0
16,95,11.51771535335647,3.4488921798979777,0.0,0.0,0.0,1.0,0.0,0.0
17,95,11.982220163767128,2.66307080819762,0.0,0.0,0.0,0.0,0.0,1.0
18,95,11.302939599806948,8.607292000540427,0.0,0.0,0.0,1.0,1.0,0.0
19,95,6.032773354557574,6.171244373396505,0.0,0.0,1.0,0.0,1.0,0.0
20,95,3.021135038893216,7.829307060139257,0.0,0.0,1.0,0.0,1.0,1.0
21,95,2.3045950136565385,1.858337348578183,0.0,1.0,0.0,1.0,0.0,0.0
22,95,2.0247183967240314,10.351485606367609,1.0,1.0,0.0,0.0,0.0,1.0
23,95,3.2871053965702304,1.303513813023398,1.0,1.0,0.0,1.0,0.0,0.0
24,95,8.39767538928873,0.2018545888643977,0.0,1.0,0.0,0.0,0.0,1.0
25,95,6.952827579700762,0.0,0.0,1.0,1.0,0.0,0.0,0.0
26,95,4.671828274108413,4.587292783373884,0.0,1.0,1.0,1.0,0.0,1.0
27,95,0.7117912115734001,5.532264220698886,1.0,0.0,0.0,1.0,1.0,0.0
28,95,8.681012890358387,1.2777362438779785,1.0,1.0,0.0,1.0,0.0,1.0
29,95,11.979734913453552,10.723326176333092,1.0,0.0,0.0,0.0,1.0,1.0
30,95,4.594456095165125,6.743773335448261,0.0,1.0,0.0,1.0,0.0,0.0
31,95,6.595373863607802,6.468258744547899,0.0,1.0,0.0,0.0,0.0,0.0
32,95,9.270554479240316,2.1873609685017983,0.0,1.0,1.0,1.0,0.0,0.0
33,95,10.005665076923794,11.84749622501989,0.0,0.0,0.0,0.0,0.0,1.0
34,95,0.0,12.0,1.0,0.0,1.0,0.0,1.0,1.0
35,95,3.6314148029609776,8.231450813265809,0.0,0.0,1.0,0.0,1.0,0.0
36,95,7.044684121767326,6.913327792996424,0.0,1.0,1.0,0.0,0.0,0.0
37,95,1.3771385215361542,0.9552587359335916,0.0,0.0,1.0,0.0,0.0,0.0
38,95,5.421236279600064,10.048614520442085,0.0,1.0,0.0,0.0,1.0,0.0
39,95,8.829617140195483,9.158468506320164,1.0,1.0,0.0,1.0,0.0,0.0
0,100,7.08446115699223,12.0,1.0,0.0,1.0,1.0,0.0,0.0
1,100,3.8184695101646553,12.0,0.0,1.0,0.0,0.0,1.0,1.0
2,100,5.199463415226497,8.212364286440835,0.0,0.0,1.0,0.0,1.0,0.0
3,100,12.0,9.380974851907489,0.0,0.0,0.0,0.0,1.0,1.0
4,100,6.64372492770129,6.718679531562048,1.0,0.0,0.0,1.0,0.0,0.0
5,100,3.5191457714171483,5.790781304172887,0.0,0.0,1.0,1.0,0.0,0.0
6,100,0.9495506969135756,10.599974772707954,1.0,0.0,0.0,0.0,0.0,1.0
7,100,10.654756014913843,0.0,0.0,0.0,1.0,1.0,1.0,0.0
8,100,7.796049127823891,0.0853468535045913,1.0,0.0,0.0,0.0,0.0,1.0
9,100,7.443776118927099,8.76229021587209,1.0,1.0,0.0,0.0,0.0,0.0
10,100,2.3235112088628287,4.827166215949776,1.0,1.0,1.0,0.0,0.0,0.0
11,100,11.289715078371998,8.055992775291756,0.0,0.0,1.0,1.0,0.0,1.0
12,100,7.093233509273788,3.1227060208904285,0.0,1.0,0.0,1.0,0.0,0.0
13,100,7.823781314383499,3.037184650125285,1.0,0.0,0.0,1.0,1.0,1.0
14,100,7.481311622310442,12.0,1.0,0.0,0.0,1.0,1.0,0.0
15,100,6.174751949840911,3.376685997122273,1.0,1.0,1.0,0.0,1.0,0.0
16,100,11.507014375757512,3.4600758563772773,0.0,0.0,0.0,1.0,0.0,0.0
17,100,11.989320234999685,2.6593063874187406,0.0,0.0,0.0,0.0,0.0,1.0
18,100,11.320564188901308,8.586787761910589,0.0,0.0,0.0,1.0,1.0,0.0
19,100,6.00595244277474,6.1936284909817845,0.0,0.0,1.0,0.0,1.0,0.0
20,100,3.1680466842555117,7.747239938704179,0.0,0.0,1.0,0.0,1.0,1.0
21,100,2.2577325401864154,1.8813792868013997,0.0,1.0,0.0,1.0,0.0,0.0
22,100,2.061856060226504,10.366989555821664,1.0,1.0,0.0,0.0,0.0,1.0
23,100,3.29195222702138,1.29517392354973,1.0,1.0,0.0,1.0,0.0,0.0
24,100,8.321688987043782,0.1696113044613315,0.0,1.0,0.0,0.0,0.0,1.0
25,100,6.999086872402307,0.0,0.0,1.0,1.0,0.0,0.0,0.0
26,100,4.654006772012992,4.564036475017494,0.0,1.0,1.0,1.0,0.0,1.0
27,100,0.6995143254491305,5.48093326371982,1.0,0.0,0.0,1.0,1.0,0.0
28,100,8.753953525220124,1.0929274651786365,1.0,1.0,0.0,1.0,0.0,1.0
29,100,11.96251619737355,10.744068047187923,1.0,0.0,0.0,0.0,1.0,1.0
30,100,4.623045941418788,6.778447342457716,0.0,1.0,0.0,1.0,0.0,0.0
31,100,6.64058442502371,6.474383977887941,0.0,1.0,0.0,0.0,0.0,0.0
32,100,9.246328553637666,2.1928736546706444,0.0,1.0,1.0,1.0,0.0,0.0
33,100,9.919997207292088,11.983167503134892,0.0,0.0,0.0,0.0,0.0,1.0
34,100,0.0,12.0,1.0,0.0,1.0,0.0,1.0,1.0
35,100,3.690504112135241,8.282887413914446,0.0,0.0,1.0,0.0,1.0,0.0
36,100,6.982209644401274,6.832586379118958,0.0,1.0,1.0,0.0,0.0,0.0
37,100,1.3769775888134643,0.9552607343609454,0.0,0.0,1.0,0.0,0.0,0.0
38,100,5.442889689560275,10.053935176869786,0.0,1.0,0.0,0.0,1.0,0.0
39,100,8.821795760039844,9.120644853313886,1.0,1.0,0.0,1.0,0.0,0.0
0,105,7.019662171937445,12.0,1.0,0.0,1.0,1.0,0.0,0.0
1,105,3.862993643186108,12.0,0.0,1.0,0.0,0.0,1.0,1.0
2,105,5.181266299916009,8.23091843267114,0.0,0.0,1.0,0.0,1.0,0.0
3,105,12.0,9.32896252117677,0.0,0.0,0.0,0.0,1.0,1.0
4,105,6.672456211025436,6.661252362163815,1.0,0.0,0.0,1.0,0.0,0.0
5,105,3.39290185926166,5.8532416810291625,0.0,0.0,1.0,1.0,0.0,0.0
6,105,1.0353299706190549,10.656816649288372,1.0,0.0,0.0,0.0,0.0,1.0
7,105,10.69034218769395,0.0,0.0,0.0,1.0,1.0,1.0,0.0
8,105,7.793534646731524,0.0750027328762576,1.0,0.0,0.0,0.0,0.0,1.0
9,105,7.471977237160151,8.722720177389258,1.0,1.0,0.0,0.0,0.0,0.0
10,105,2.275087550087753,4.8950398655081,1.0,1.0,1.0,0.0,0.0,0.0
11,105,11.315070657717936,8.145643101798301,0.0,0.0,1.0,1.0,0.0,1.0
12,105,7.101479071040032,3.21498508494194,0.0,1.0,0.0,1.0,0.0,0.0
13,105,7.730657633322253,3.034926460808133,1.0,0.0,0.0,1.0,1.0,1.0
14,105,7.534788274540488,12.0,1.0,0.0,0.0,1.0,1.0,0.0
15,105,6.277872522113862,3.234256893643141,1.0,1.0,1.0,0.0,1.0,0.0
16,105,11.499256370195338,3.468527818272274,0.0,0.0,0.0,1.0,0.0,0.0
17,105,11.98934110684465,2.6592945613090637,0.0,0.0,0.0,0.0,0.0,1.0
18,105,11.339657953242211,8.564241635934607,0.0,0.0,0.0,1.0,1.0,0.0
19,105,5.98605111876641,6.210495349826338,0.0,0.0,1.0,0.0,1.0,0.0
20,105,3.303942469078133,7.677205742090714,0.0,0.0,1.0,0.0,1.0,1.0
21,105,2.202219691992209,1.9064570282020568,0.0,1.0,0.0,1.0,0.0,0.0
22,105,2.0946409249327904,10.381975080929752,1.0,1.0,0.0,0.0,0.0,1.0
23,105,3.2860958770769257,1.3051516350943937,1.0,1.0,0.0,1.0,0.0,0.0
24,105,8.260627884977598,0.1429009156943488,0.0,1.0,0.0,0.0,0.0,1.0
25,105,7.054212698183115,0.0,0.0,1.0,1.0,0.0,0.0,0.0
26,105,4.634532191069516,4.540017695673696,0.0,1.0,1.0,1.0,0.0,1.0
27,105,0.6879667909735845,5.440709853065723,1.0,0.0,0.0,1.0,1.0,0.0
28,105,8.919991947257476,1.161673048543307,1.0,1.0,0.0,1.0,0.0,1.0
29,105,11.941098515266743,10.769410414122504,1.0,0.0,0.0,0.0,1.0,1.0
30,105,4.645544979918498,6.8057525634553935,0.0,1.0,0.0,1.0,0.0,0.0
31,105,6.664371286614942,6.477494231621948,0.0,1.0,0.0,0.0,0.0,0.0
32,105,9.239105377032418,2.194733719511417,0.0,1.0,1.0,1.0,0.0,0.0
33,105,9.842628699992408,12.0,0.0,0.0,0.0,0.0,0.0,1.0
34,105,0.0,12.0,1.0,0.0,1.0,0.0,1.0,1.0
35,105,3.725879354990707,8.314222356797446,0.0,0.0,1.0,0.0,1.0,0.0
36,105,6.925713908256038,6.756407324815243,0.0,1.0,1.0,0.0,0.0,0.0
37,105,1.393144785648711,0.9556219616663392,0.0,0.0,1.0,0.0,0.0,0.0
38,105,5.468508919884374,10.061314308149605,0.0,1.0,0.0,0.0,1.0,0.0
39,105,8.816102720669141,9.08693863640932,1.0,1.0,0.0,1.0,0.0,0.0
0,110,6.955215088064176,12.0,1.0,0.0,1.0,1.0,0.0,0.0
1,110,3.91474047457419,12.0,0.0,1.0,0.0,0.0,1.0,1.0
2,110,5.167475492518848,8.24479963143299,0.0,0.0,1.0,0.0,1.0,0.0
3,110,12.0,9.28639094291272,0.0,0.0,0.0,0.0,1.0,1.0
4,110,6.70572945691803,6.593530521692975,1.0,0.0,0.0,1.0,0.0,0.0
5,110,3.259092326138219,5.920162315394626,0.0,0.0,1.0,1.0,0.0,0.0
6,110,1.110705955943101,10.709168108433934,1.0,0.0,0.0,0.0,0.0,1.0
7,110,10.721276035280733,0.0,0.0,0.0,1.0,1.0,1.0,0.0
8,110,7.782889841375849,0.0317405673113928,1.0,0.0,0.0,0.0,0.0,1.0
9,110,7.489312474817715,8.699207817448642,1.0,1.0,0.0,0.0,0.0,0.0
10,110,2.227336761955423,4.958462320518725,1.0,1.0,1.0,0.0,0.0,0.0
11,110,11.347978955514412,8.246431955546875,0.0,0.0,1.0,1.0,0.0,1.0
12,110,7.106208224365899,3.2891090260879228,0.0,1.0,0.0,1.0,0.0,0.0
13,110,7.620860462530728,3.0287473135259844,1.0,0.0,0.0,1.0,1.0,1.0
14,110,7.576396477751444,12.0,1.0,0.0,0.0,1.0,1.0,0.0
15,110,6.382652624459176,3.095380446059588,1.0,1.0,1.0,0.0,1.0,0.0
16,110,11.49629177073275,3.4717935878294264,0.0,0.0,0.0,1.0,0.0,0.0
17,110,11.977705918636708,2.6656778048346834,0.0,0.0,0.0,0.0,0.0,1.0
18,110,11.365482569297624,8.533940553397755,0.0,0.0,0.0,1.0,1.0,0.0
19,110,5.967591011471071,6.226914189451622,0.0,0.0,1.0,0.0,1.0,0.0
20,110,3.443834310396686,7.609002726142423,0.0,0.0,1.0,0.0,1.0,1.0
21,110,2.1350807706573094,1.933930179973513,0.0,1.0,0.0,1.0,0.0,0.0
22,110,2.128801638787261,10.397767810882462,1.0,1.0,0.0,0.0,0.0,1.0
23,110,3.280767690776902,1.3139765160687271,1.0,1.0,0.0,1.0,0.0,0.0
24,110,8.186998598621821,0.1117107643284543,0.0,1.0,0.0,0.0,0.0,1.0
25,110,7.110796521112656,0.0,0.0,1.0,1.0,0.0,0.0,0.0
26,110,4.612851155246579,4.514279120601675,0.0,1.0,1.0,1.0,0.0,1.0
27,110,0.6729509566715431,5.3840054386919,1.0,0.0,0.0,1.0,1.0,0.0
28,110,9.073972287688532,1.2236700654136492,1.0,1.0,0.0,1.0,0.0,1.0
29,110,11.908048763389369,10.808258141742378,1.0,0.0,0.0,0.0,1.0,1.0
30,110,4.667348805844092,6.833140811559949,0.0,1.0,0.0,1.0,0.0,0.0
31,110,6.6764080991800965,6.479202755789863,0.0,1.0,0.0,0.0,0.0,0.0
32,110,9.238850349458524,2.194801197141429,0.0,1.0,1.0,1.0,0.0,0.0
33,110,9.77004796433737,12.0,0.0,0.0,0.0,0.0,0.0,1.0
34,110,0.0,12.0,1.0,0.0,1.0,0.0,1.0,1.0
35,110,3.764035850769916,8.34910561327443,0.0,0.0,1.0,0.0,1.0,0.0
36,110,6.866260639028083,6.682033737862467,0.0,1.0,1.0,0.0,0.0,0.0
37,110,1.4022217172718494,0.9558130421780288,0.0,0.0,1.0,0.0,0.0,0.0
38,110,5.489895178482481,10.067631823061346,0.0,1.0,0.0,0.0,1.0,0.0
39,110,8.810218063440338,9.054035449150234,1.0,1.0,0.0,1.0,0.0,0.0
0,115,6.8877027366865065,12.0,1.0,0.0,1.0,1.0,0.0,0.0
1,115,3.9725292515576593,12.0,0.0,1.0,0.0,0.0,1.0,1.0
2,115,5.146185644091669,8.266573972848267,0.0,0.0,1.0,0.0,1.0,0.0
3,115,12.0,9.245562129301245,0.0,0.0,0.0,0.0,1.0,1.0
4,115,6.743350770331115,6.517844101632822,1.0,0.0,0.0,1.0,0.0,0.0
5,115,3.129879661139139,5.98391170193426,0.0,0.0,1.0,1.0,0.0,0.0
6,115,1.1945920167247637,10.767664319998584,1.0,0.0,0.0,0.0,0.0,1.0
7,115,10.761744711164518,0.0,0.0,0.0,1.0,1.0,1.0,0.0
8,115,7.770886545890245,0.0,1.0,0.0,0.0,0.0,0.0,1.0
9,115,7.498196351196075,8.68688687080366,1.0,1.0,0.0,0.0,0.0,0.0
10,115,2.179124534564555,5.018576269549009,1.0,1.0,1.0,0.0,0.0,0.0
11,115,11.377718979690329,8.339783456581603,0.0,0.0,1.0,1.0,0.0,1.0
12,115,7.189762649945186,3.284392965706139,0.0,1.0,0.0,1.0,0.0,0.0
13,115,7.501768470561748,3.026288529535797,1.0,0.0,0.0,1.0,1.0,1.0
14,115,7.624418036090367,12.0,1.0,0.0,0.0,1.0,1.0,0.0
15,115,6.493648241856655,2.950797043052273,1.0,1.0,1.0,0.0,1.0,0.0
16,115,11.506382002086616,3.460341589682869,0.0,0.0,0.0,1.0,0.0,0.0
17,115,11.964449270237944,2.672763390889965,0.0,0.0,0.0,0.0,0.0,1.0
18,115,11.38335707138255,8.512854824054342,0.0,0.0,0.0,1.0,1.0,0.0
19,115,5.9552076153375655,6.23769192540786,0.0,0.0,1.0,0.0,1.0,0.0
20,115,3.5801106337276485,7.541440768729428,0.0,0.0,1.0,0.0,1.0,1.0
21,115,2.082521006316364,1.955288488138444,0.0,1.0,0.0,1.0,0.0,0.0
22,115,2.157195406168574,10.411837968878638,1.0,1.0,0.0,0.0,0.0,1.0
23,115,3.272908875690733,1.3266574164966864,1.0,1.0,0.0,1.0,0.0,0.0
24,115,8.122809636532889,0.0846155401217283,0.0,1.0,0.0,0.0,0.0,1.0
25,115,7.231304971357387,0.0607341717890697,0.0,1.0,1.0,0.0,0.0,0.0
26,115,4.569268825668839,4.463740828601568,0.0,1.0,1.0,1.0,0.0,1.0
27,115,0.6558883832793369,5.323771189175981,1.0,0.0,0.0,1.0,1.0,0.0
28,115,9.227231688614538,1.288823714515693,1.0,1.0,0.0,1.0,0.0,1.0
29,115,11.8735364960319,10.848824905110762,1.0,0.0,0.0,0.0,1.0,1.0
30,115,4.690999848731146,6.862354263853113,0.0,1.0,0.0,1.0,0.0,0.0
31,115,6.691587123611089,6.481261863903727,0.0,1.0,0.0,0.0,0.0,0.0
32,115,9.232012384848105,2.196565312992213,0.0,1.0,1.0,1.0,0.0,0.0
33,115,9.70252892056273,12.0,0.0,0.0,0.0,0.0,0.0,1.0
34,115,0.0,12.0,1.0,0.0,1.0,0.0,1.0,1.0
35,115,3.793665815757465,8.377735337422601,0.0,0.0,1.0,0.0,1.0,0.0
36,115,6.806653114501814,6.607157745253166,0.0,1.0,1.0,0.0,0.0,0.0
37,115,1.389324495902577,0.955229969476571,0.0,0.0,1.0,0.0,0.0,0.0
38,115,5.541498909109966,10.082920767607936,0.0,1.0,0.0,0.0,1.0,0.0
39,115,8.805389302249296,9.029130280865452,1.0,1.0,0.0,1.0,0.0,0.0
0,120,6.824016123087756,12.0,1.0,0.0,1.0,1.0,0.0,0.0
1,120,4.034278559647108,12.0,0.0,1.0,0.0,0.0,1.0,1.0
2,120,5.128222763886137,8.284929498833863,0.0,0.0,1.0,0.0,1.0,0.0
3,120,12.0,9.20587035054029,0.0,0.0,0.0,0.0,1.0,1.0
4,120,6.780647387757065,6.443445305150313,1.0,0.0,0.0,1.0,0.0,0.0
5,120,2.9938655836554258,6.056413735484896,0.0,0.0,1.0,1.0,0.0,0.0
6,120,1.287360431882621,10.830483589514158,1.0,0.0,0.0,0.0,0.0,1.0
7,120,10.797209833257034,0.0,0.0,0.0,1.0,1.0,1.0,0.0
8,120,7.757051299947809,0.0,1.0,0.0,0.0,0.0,0.0,1.0
9,120,7.506488073526629,8.675240445658813,1.0,1.0,0.0,0.0,0.0,0.0
10,120,2.1342908484649152,5.075210762796456,1.0,1.0,1.0,0.0,0.0,0.0
11,120,11.39572643004188,8.402764599078788,0.0,0.0,1.0,1.0,0.0,1.0
12,120,7.253609124075904,3.2804803097632718,0.0,1.0,0.0,1.0,0.0,0.0
13,120,7.379884281717211,3.0257957442022034,1.0,0.0,0.0,1.0,1.0,1.0
14,120,7.678400019582133,12.0,1.0,0.0,0.0,1.0,1.0,0.0
15,120,6.60404698371262,2.8094794479365324,1.0,1.0,1.0,0.0,1.0,0.0
16,120,11.52811501326324,3.436653491562071,0.0,0.0,0.0,1.0,0.0,0.0
17,120,11.95198360697481,2.679019192216635,0.0,0.0,0.0,0.0,0.0,1.0
18,120,11.411208626072153,8.480170314124793,0.0,0.0,0.0,1.0,1.0,0.0
19,120,5.923910660851937,6.2662008679739065,0.0,0.0,1.0,0.0,1.0,0.0
20,120,3.70851006829206,7.477090197397826,0.0,0.0,1.0,0.0,1.0,1.0
21,120,2.0294953635771167,1.976812594597757,0.0,1.0,0.0,1.0,0.0,0.0
22,120,2.164162725092944,10.415077449055223,1.0,1.0,0.0,0.0,0.0,1.0
23,120,3.276531871458729,1.3211858943958763,1.0,1.0,0.0,1.0,0.0,0.0
24,120,8.053594672624408,0.0542182364946814,0.0,1.0,0.0,0.0,0.0,1.0
25,120,7.367583728804562,0.1314488067927917,0.0,1.0,1.0,0.0,0.0,0.0
26,120,4.522960886409155,4.409728944379704,0.0,1.0,1.0,1.0,0.0,1.0
27,120,0.6349806076161095,5.251456989181389,1.0,0.0,0.0,1.0,1.0,0.0
28,120,9.373450421406533,1.355554940941208,1.0,1.0,0.0,1.0,0.0,1.0
29,120,11.8452181592268,10.88181757835522,1.0,0.0,0.0,0.0,1.0,1.0
30,120,4.717947917844491,6.8981371740163535,0.0,1.0,0.0,1.0,0.0,0.0
31,120,6.701494436985031,6.482533512115548,0.0,1.0,0.0,0.0,0.0,0.0
32,120,9.239683177935133,2.194608656199504,0.0,1.0,1.0,1.0,0.0,0.0
33,120,9.638197234750203,12.0,0.0,0.0,0.0,0.0,0.0,1.0
34,120,0.0,12.0,1.0,0.0,1.0,0.0,1.0,1.0
35,120,3.837474333364929,8.419578664892077,0.0,0.0,1.0,0.0,1.0,0.0
36,120,6.751756341339904,6.538430895547486,0.0,1.0,1.0,0.0,0.0,0.0
37,120,1.3863242065231165,0.955158976260151,0.0,0.0,1.0,0.0,0.0,0.0
38,120,5.615164610451683,10.104299766915162,0.0,1.0,0.0,0.0,1.0,0.0
39,120,8.805159481452252,9.028024869877484,1.0,1.0,0.0,1.0,0.0,0.0
0,125,6.759344485246007,12.0,1.0,0.0,1.0,1.0,0.0,0.0
1,125,4.090112875451844,12.0,0.0,1.0,0.0,0.0,1.0,1.0
2,125,5.100112889628188,8.313413087259711,0.0,0.0,1.0,0.0,1.0,0.0
3,125,12.0,9.163887162934977,0.0,0.0,0.0,0.0,1.0,1.0
4,125,6.819985600613522,6.362016687017614,1.0,0.0,0.0,1.0,0.0,0.0
5,125,2.8600845993279345,6.129533251469923,0.0,0.0,1.0,1.0,0.0,0.0
6,125,1.3843481372355315,10.892471405154383,1.0,0.0,0.0,0.0,0.0,1.0
7,125,10.833371960893851,0.0,0.0,0.0,1.0,1.0,1.0,0.0
8,125,7.746126611157224,0.0,1.0,0.0,0.0,0.0,0.0,1.0
9,125,7.51513692328429,8.663025738958341,1.0,1.0,0.0,0.0,0.0,0.0
10,125,2.090699840025107,5.127826451719771,1.0,1.0,1.0,0.0,0.0,0.0
11,125,11.416963181702885,8.477466495888665,0.0,0.0,1.0,1.0,0.0,1.0
12,125,7.307787131730183,3.276670695460517,0.0,1.0,0.0,1.0,0.0,0.0
13,125,7.272138442939521,3.025234421988848,1.0,0.0,0.0,1.0,1.0,1.0
14,125,7.711906598918029,12.0,1.0,0.0,0.0,1.0,1.0,0.0
15,125,6.714683896124951,2.6707698787626057,1.0,1.0,1.0,0.0,1.0,0.0
16,125,11.538323849710476,3.425120069546636,0.0,0.0,0.0,1.0,0.0,0.0
17,125,11.94547747931336,2.6822853317413835,0.0,0.0,0.0,0.0,0.0,1.0
18,125,11.43016300251324,8.459216454060785,0.0,0.0,0.0,1.0,1.0,0.0
19,125,5.882308639477404,6.303724968488438,0.0,0.0,1.0,0.0,1.0,0.0
20,125,3.809400730467317,7.427028684634985,0.0,0.0,1.0,0.0,1.0,1.0
21,125,1.9746660753885623,1.9998175799638933,0.0,1.0,0.0,1.0,0.0,0.0
22,125,2.1990539543989995,10.432070636468591,1.0,1.0,0.0,0.0,0.0,1.0
23,125,3.282393983671168,1.312037976298122,1.0,1.0,0.0,1.0,0.0,0.0
24,125,7.96988278752631,0.0156269043762381,0.0,1.0,0.0,0.0,0.0,1.0
25,125,7.50414702779843,0.2040059197105001,0.0,1.0,1.0,0.0,0.0,0.0
26,125,4.483286398939244,4.35947606390866,0.0,1.0,1.0,1.0,0.0,1.0
27,125,0.6157272436937092,5.18111428830032,1.0,0.0,0.0,1.0,1.0,0.0
28,125,9.495454525817587,1.4080175613574597,1.0,1.0,0.0,1.0,0.0,1.0
29,125,11.823757294587606,10.90792331631171,1.0,0.0,0.0,0.0,1.0,1.0
30,125,4.728404436063467,6.911274107570305,0.0,1.0,0.0,1.0,0.0,0.0
31,125,6.694271459576826,6.4818231713807775,0.0,1.0,0.0,0.0,0.0,0.0
32,125,9.254720319096494,2.1900888842126784,0.0,1.0,1.0,1.0,0.0,0.0
33,125,9.56320922031744,12.0,0.0,0.0,0.0,0.0,0.0,1.0
34,125,0.0,12.0,1.0,0.0,1.0,0.0,1.0,1.0
35,125,3.907846049762976,8.344235152531969,0.0,0.0,1.0,0.0,1.0,0.0
36,125,6.7009225511464185,6.475736392274529,0.0,1.0,1.0,0.0,0.0,0.0
37,125,1.4180423010230818,0.9557665872592198,0.0,0.0,1.0,0.0,0.0,0.0
38,125,5.679725826837315,10.12365032706172,0.0,1.0,0.0,0.0,1.0,0.0
39,125,8.805887077199122,9.031750617767576,1.0,1.0,0.0,1.0,0.0,0.0
0,130,6.696732421003863,12.0,1.0,0.0,1.0,1.0,0.0,0.0
1,130,3.8825476739010463,12.0,0.0,1.0,0.0,0.0,1.0,1.0
2,130,5.070574306714963,8.342778531785019,0.0,0.0,1.0,0.0,1.0,0.0
3,130,12.0,9.122578159295385,0.0,0.0,0.0,0.0,1.0,1.0
4,130,6.854274810184084,6.292747357334918,1.0,0.0,0.0,1.0,0.0,0.0
5,130,2.7181910485587624,6.2051832693827205,0.0,0.0,1.0,1.0,0.0,0.0
6,130,1.4748318219302974,10.94844672075212,1.0,0.0,0.0,0.0,0.0,1.0
7,130,10.880056384754916,0.0,0.0,0.0,1.0,1.0,1.0,0.0
8,130,7.734718509977832,0.0,1.0,0.0,0.0,0.0,0.0,1.0
9,130,7.530923490555766,8.639743234420703,1.0,1.0,0.0,0.0,0.0,0.0
10,130,2.047735067272253,5.178014421415454,1.0,1.0,1.0,0.0,0.0,0.0
11,130,11.438874231511452,8.546549594218908,0.0,0.0,1.0,1.0,0.0,1.0
12,130,7.35739198831248,3.272914765911396,0.0,1.0,0.0,1.0,0.0,0.0
13,130,7.172108678476316,3.0238995653531267,1.0,0.0,0.0,1.0,1.0,1.0
14,130,7.741196980485329,12.0,1.0,0.0,0.0,1.0,1.0,0.0
15,130,6.839541974299084,2.510690129670243,1.0,1.0,1.0,0.0,1.0,0.0
16,130,11.55014113785572,3.411838218719145,0.0,0.0,0.0,1.0,0.0,0.0
17,130,11.942982781249617,2.6835249404759627,0.0,0.0,0.0,0.0,0.0,1.0
18,130,11.45411032707898,8.432166707142489,0.0,0.0,0.0,1.0,1.0,0.0
19,130,5.85640531224848,6.327816469264411,0.0,0.0,1.0,0.0,1.0,0.0
20,130,3.911630013821323,7.379534848910174,0.0,0.0,1.0,0.0,1.0,1.0
21,130,1.9147159014627249,2.024828191095841,0.0,1.0,0.0,1.0,0.0,0.0
22,130,2.2273582487955617,10.444811354397384,1.0,1.0,0.0,0.0,0.0,1.0
23,130,3.285329678887191,1.307568698690563,1.0,1.0,0.0,1.0,0.0,0.0
24,130,7.878274831703529,0.0,0.0,1.0,0.0,0.0,0.0,1.0
25,130,7.6107708349248115,0.2641599672249958,0.0,1.0,1.0,0.0,0.0,0.0
26,130,4.451819065238955,4.3201230838509,0.0,1.0,1.0,1.0,0.0,1.0
27,130,0.5978535331736721,5.112500034886141,1.0,0.0,0.0,1.0,1.0,0.0
28,130,9.607458065253905,1.454479402664488,1.0,1.0,0.0,1.0,0.0,1.0
29,130,11.814904983364883,10.918614412478505,1.0,0.0,0.0,0.0,1.0,1.0
30,130,4.7339847954119225,6.917993810659272,0.0,1.0,0.0,1.0,0.0,0.0
31,130,6.68545989299999,6.480933733074553,0.0,1.0,0.0,0.0,0.0,0.0
32,130,9.255262593655054,2.1899164850247788,0.0,1.0,1.0,1.0,0.0,0.0
33,130,9.49057405743222,12.0,0.0,0.0,0.0,0.0,0.0,1.0
34,130,0.0,12.0,1.0,0.0,1.0,0.0,1.0,1.0
35,130,3.990248126528591,8.254059624173506,0.0,0.0,1.0,0.0,1.0,0.0
36,130,6.659588768573204,6.426443655242727,0.0,1.0,1.0,0.0,0.0,0.0
37,130,1.4370689978182751,0.9562091792530352,0.0,0.0,1.0,0.0,0.0,0.0
38,130,5.727135471316045,10.137682123536774,0.0,1.0,0.0,0.0,1.0,0.0
39,130,8.809892227634391,9.056328520329606,1.0,1.0,0.0,1.0,0.0,0.0
0,135,6.63211342897753,12.0,1.0,0.0,1.0,1.0,0.0,0.0
1,135,3.6588352407404745,12.0,0.0,1.0,0.0,0.0,1.0,1.0
2,135,5.032502224337033,8.3808298877534,0.0,0.0,1.0,0.0,1.0,0.0
3,135,12.0,9.076895920804624,0.0,0.0,0.0,0.0,1.0,1.0
4,135,6.89267219484648,6.213907295634401,1.0,0.0,0.0,1.0,0.0,0.0
5,135,2.5938563435957223,6.270047470079216,0.0,0.0,1.0,1.0,0.0,0.0
6,135,1.5638279754905025,11.003811678811877,1.0,0.0,0.0,0.0,0.0,1.0
7,135,10.922361092992205,0.0,0.0,0.0,1.0,1.0,1.0,0.0
8,135,7.719210338337091,0.0,1.0,0.0,0.0,0.0,0.0,1.0
9,135,7.543549853138896,8.621513675106161,1.0,1.0,0.0,0.0,0.0,0.0
10,135,2.009792700513321,5.222121913965948,1.0,1.0,1.0,0.0,0.0,0.0
11,135,11.462182056959604,8.617167044231609,0.0,0.0,1.0,1.0,0.0,1.0
12,135,7.403802906815086,3.26883918465201,0.0,1.0,0.0,1.0,0.0,0.0
13,135,7.057271594462559,3.019361387146549,1.0,0.0,0.0,1.0,1.0,1.0
14,135,7.780926675723334,12.0,1.0,0.0,0.0,1.0,1.0,0.0
15,135,6.959368274245039,2.3570109858980155,1.0,1.0,1.0,0.0,1.0,0.0
16,135,11.549293511338188,3.412793953060811,0.0,0.0,0.0,1.0,0.0,0.0
17,135,11.935442208713496,2.687179622483977,0.0,0.0,0.0,0.0,0.0,1.0
18,135,11.4908172889326,8.392430226055998,0.0,0.0,0.0,1.0,1.0,0.0
19,135,5.827376895657949,6.352335231441871,0.0,0.0,1.0,0.0,1.0,0.0
20,135,4.034894879573336,7.316785969155244,0.0,0.0,1.0,0.0,1.0,1.0
21,135,1.8668647098983164,2.0444300334635943,0.0,1.0,0.0,1.0,0.0,0.0
22,135,2.2491121403344154,10.454912557575197,1.0,1.0,0.0,0.0,0.0,1.0
23,135,3.2949344810154733,1.2919539922661318,1.0,1.0,0.0,1.0,0.0,0.0
24,135,7.814559826034482,0.0,0.0,1.0,0.0,0.0,0.0,1.0
25,135,7.7348561828318205,0.3310494185284299,0.0,1.0,1.0,0.0,0.0,0.0
26,135,4.421379910835663,4.280313111361649,0.0,1.0,1.0,1.0,0.0,1.0
27,135,0.5784745381288544,5.039963400834134,1.0,0.0,0.0,1.0,1.0,0.0
28,135,9.712516254732872,1.5002046242960998,1.0,1.0,0.0,1.0,0.0,1.0
29,135,11.796483959799229,10.940144797230204,1.0,0.0,0.0,0.0,1.0,1.0
30,135,4.743334282874669,6.929719681421047,0.0,1.0,0.0,1.0,0.0,0.0
31,135,6.680582234734348,6.480480659501948,0.0,1.0,0.0,0.0,0.0,0.0
32,135,9.263406969356469,2.187210009554499,0.0,1.0,1.0,1.0,0.0,0.0
33,135,9.415715818585763,12.0,0.0,0.0,0.0,0.0,0.0,1.0
34,135,0.0,12.0,1.0,0.0,1.0,0.0,1.0,1.0
35,135,4.062687458356409,8.176999167185096,0.0,0.0,1.0,0.0,1.0,0.0
36,135,6.617221185623249,6.374943677244458,0.0,1.0,1.0,0.0,0.0,0.0
37,135,1.4398493676996929,0.9562373248882964,0.0,0.0,1.0,0.0,0.0,0.0
38,135,5.769841904138716,10.14960658228701,0.0,1.0,0.0,0.0,1.0,0.0
39,135,8.814079553221474,9.081106346937576,1.0,1.0,0.0,1.0,0.0,0.0
0,140,6.580524839540183,12.0,1.0,0.0,1.0,1.0,0.0,0.0
1,140,3.428377259112686,12.0,0.0,1.0,0.0,0.0,1.0,1.0
2,140,4.995035191808976,8.419057501869062,0.0,0.0,1.0,0.0,1.0,0.0
3,140,12.0,9.025563546812908,0.0,0.0,0.0,0.0,1.0,1.0
4,140,6.926039508371675,6.143690432596396,1.0,0.0,0.0,1.0,0.0,0.0
5,140,2.478553330074736,6.330152309559519,0.0,0.0,1.0,1.0,0.0,0.0
6,140,1.6538743495716108,11.058232339512676,1.0,0.0,0.0,0.0,0.0,1.0
7,140,10.963305340250155,0.0,0.0,0.0,1.0,1.0,1.0,0.0
8,140,7.693808637643687,0.0,1.0,0.0,0.0,0.0,0.0,1.0
9,140,7.56130904635555,8.595983463959985,1.0,1.0,0.0,0.0,0.0,0.0
10,140,1.9829215353760703,5.253988814321604,1.0,1.0,1.0,0.0,0.0,0.0
11,140,11.494165032731209,8.714213928711137,0.0,0.0,1.0,1.0,0.0,1.0
12,140,7.464683426402819,3.261808763161905,0.0,1.0,0.0,1.0,0.0,0.0
13,140,6.949615941021504,3.016911043099716,1.0,0.0,0.0,1.0,1.0,1.0
14,140,7.836592963624966,12.0,1.0,0.0,0.0,1.0,1.0,0.0
15,140,7.089249264108732,2.1955445171976566,1.0,1.0,1.0,0.0,1.0,0.0
16,140,11.556528213644954,3.4044377666510948,0.0,0.0,0.0,1.0,0.0,0.0
17,140,11.9261552112109,2.6915578139194776,0.0,0.0,0.0,0.0,0.0,1.0
18,140,11.518634305315471,8.36119572530846,0.0,0.0,0.0,1.0,1.0,0.0
19,140,5.787742411918649,6.3850075193163685,0.0,0.0,1.0,0.0,1.0,0.0
20,140,4.130737531220015,7.267116457455551,0.0,0.0,1.0,0.0,1.0,1.0
21,140,1.8201643918571573,2.0624681440929837,0.0,1.0,0.0,1.0,0.0,0.0
22,140,2.2416819977702644,10.451522049044335,1.0,1.0,0.0,0.0,0.0,1.0
23,140,3.296422003615617,1.289543044925751,1.0,1.0,0.0,1.0,0.0,0.0
24,140,7.748530634172625,0.0,0.0,1.0,0.0,0.0,0.0,1.0
25,140,7.847848992665561,0.3922048865974799,0.0,1.0,1.0,0.0,0.0,0.0
26,140,4.394942696083168,4.247584251817862,0.0,1.0,1.0,1.0,0.0,1.0
27,140,0.5597426430173805,4.95620256645793,1.0,0.0,0.0,1.0,1.0,0.0
28,140,9.836098551583357,1.5517732838647578,1.0,1.0,0.0,1.0,0.0,1.0
29,140,11.767089489741345,10.973249272815744,1.0,0.0,0.0,0.0,1.0,1.0
30,140,4.755450307234814,6.945073872476305,0.0,1.0,0.0,1.0,0.0,0.0
31,140,6.6694775554939,6.479602154164132,0.0,1.0,0.0,0.0,0.0,0.0
32,140,9.275991108960485,2.1828191149537197,0.0,1.0,1.0,1.0,0.0,0.0
33,140,9.356952564276844,12.0,0.0,0.0,0.0,0.0,0.0,1.0
34,140,0.0,12.0,1.0,0.0,1.0,0.0,1.0,1.0
35,140,4.151193143845054,8.079947980604686,0.0,0.0,1.0,0.0,1.0,0.0
36,140,6.582825210686859,6.334835322885403,0.0,1.0,1.0,0.0,0.0,0.0
37,140,1.4602076752774933,0.955602856778398,0.0,0.0,1.0,0.0,0.0,0.0
38,140,5.8001844619189455,10.15732356345696,0.0,1.0,0.0,0.0,1.0,0.0
39,140,8.816290617845231,9.095319724599474,1.0,1.0,0.0,1.0,0.0,0.0
0,145,6.537797899268576,12.0,1.0,0.0,1.0,1.0,0.0,0.0
1,145,3.183861402506872,12.0,0.0,1.0,0.0,0.0,1.0,1.0
2,145,4.955719287922403,8.379161195879693,0.0,0.0,1.0,0.0,1.0,0.0
3,145,12.0,8.979631981881434,0.0,0.0,0.0,0.0,1.0,1.0
4,145,6.956192464216309,6.08011119545723,1.0,0.0,0.0,1.0,0.0,0.0
5,145,2.3748826500812164,6.382761334629167,0.0,0.0,1.0,1.0,0.0,0.0
6,145,1.756754370984787,11.121398357484289,1.0,0.0,0.0,0.0,0.0,1.0
7,145,11.01019664185094,0.0,0.0,0.0,1.0,1.0,1.0,0.0
8,145,7.670691775900595,0.0,1.0,0.0,0.0,0.0,0.0,1.0
9,145,7.568567395868668,8.585412143825941,1.0,1.0,0.0,0.0,0.0,0.0
10,145,1.965473594537112,5.275184420468746,1.0,1.0,1.0,0.0,0.0,0.0
11,145,11.521107840904865,8.796355054882936,0.0,0.0,1.0,1.0,0.0,1.0
12,145,7.532952163937041,3.25428108448919,0.0,1.0,0.0,1.0,0.0,0.0
13,145,6.851723688584942,3.01293409655026,1.0,0.0,0.0,1.0,1.0,1.0
14,145,7.888951973833369,12.0,1.0,0.0,0.0,1.0,1.0,0.0
15,145,7.206921707682496,2.04850985314836,1.0,1.0,1.0,0.0,1.0,0.0
16,145,11.556604282279736,3.404349629850512,0.0,0.0,0.0,1.0,0.0,0.0
17,145,11.91946728268651,2.6947003087190278,0.0,0.0,0.0,0.0,0.0,1.0
18,145,11.546528177974952,8.330470576608757,0.0,0.0,0.0,1.0,1.0,0.0
19,145,5.74312889592752,6.421156471301584,0.0,0.0,1.0,0.0,1.0,0.0
20,145,4.210285345178436,7.225093823271734,0.0,0.0,1.0,0.0,1.0,1.0
21,145,1.765881437430327,2.0830517105572954,0.0,1.0,0.0,1.0,0.0,0.0
22,145,2.215344026390192,10.43981701727291,1.0,1.0,0.0,0.0,0.0,1.0
23,145,3.2894983612375603,1.3005827027445371,1.0,1.0,0.0,1.0,0.0,0.0
24,145,7.669566931554414,0.0,0.0,1.0,0.0,0.0,0.0,1.0
25,145,7.965455100493296,0.4585901982366478,0.0,1.0,1.0,0.0,0.0,0.0
26,145,4.376683655112421,4.226506188146954,0.0,1.0,1.0,1.0,0.0,1.0
27,145,0.5366804533240093,4.853654430180645,1.0,0.0,0.0,1.0,1.0,0.0
28,145,9.944796592625536,1.5948919455939423,1.0,1.0,0.0,1.0,0.0,1.0
29,145,11.721415950989698,11.02465494987485,1.0,0.0,0.0,0.0,1.0,1.0
30,145,4.771144537601602,6.965275571383551,0.0,1.0,0.0,1.0,0.0,0.0
31,145,6.660143146014756,6.4788049949330375,0.0,1.0,0.0,0.0,0.0,0.0
32,145,9.29135517265865,2.176958789983354,0.0,1.0,1.0,1.0,0.0,0.0
33,145,9.287961413673658,12.0,0.0,0.0,0.0,0.0,0.0,1.0
34,145,0.0,12.0,1.0,0.0,1.0,0.0,1.0,1.0
35,145,4.238845283940579,7.983225016711723,0.0,0.0,1.0,0.0,1.0,0.0
36,145,6.548237281783375,6.294402715893064,0.0,1.0,1.0,0.0,0.0,0.0
37,145,1.459032760020302,0.9556718197139604,0.0,0.0,1.0,0.0,0.0,0.0
38,145,5.836155235785018,10.165952704773028,0.0,1.0,0.0,0.0,1.0,0.0
39,145,8.81583713512412,9.092492697010412,1.0,1.0,0.0,1.0,0.0,0.0
0,150,6.493331376622843,12.0,1.0,0.0,1.0,1.0,0.0,0.0
1,150,2.9281699557469247,12.0,0.0,1.0,0.0,0.0,1.0,1.0
2,150,4.905681454776574,8.327568396217758,0.0,0.0,1.0,0.0,1.0,0.0
3,150,12.0,8.92721571792374,0.0,0.0,0.0,0.0,1.0,1.0
4,150,6.995930360405668,5.995623637776415,1.0,0.0,0.0,1.0,0.0,0.0
5,150,2.276861429313112,6.431056672947125,0.0,0.0,1.0,1.0,0.0,0.0
6,150,1.8561086287560635,11.183478428874317,1.0,0.0,0.0,0.0,0.0,1.0
7,150,11.04918548737466,0.0,0.0,0.0,1.0,1.0,1.0,0.0
8,150,7.6509384772051,0.0,1.0,0.0,0.0,0.0,0.0,1.0
9,150,7.578783517840649,8.570426493966503,1.0,1.0,0.0,0.0,0.0,0.0
10,150,1.957642282908829,5.284449956063762,1.0,1.0,1.0,0.0,0.0,0.0
11,150,11.54691978591373,8.87170938690306,0.0,0.0,1.0,1.0,0.0,1.0
12,150,7.610235315713986,3.2465395430965414,0.0,1.0,0.0,1.0,0.0,0.0
13,150,6.755737227720842,3.0085282534118125,1.0,0.0,0.0,1.0,1.0,1.0
14,150,7.937353038570937,12.0,1.0,0.0,0.0,1.0,1.0,0.0
15,150,7.340344115108251,1.882041844776153,1.0,1.0,1.0,0.0,1.0,0.0
16,150,11.545975392655365,3.4171754650953026,0.0,0.0,0.0,1.0,0.0,0.0
17,150,11.889114684174851,2.7079187339670945,0.0,0.0,0.0,0.0,0.0,1.0
18,150,11.582777769490926,8.291229300202698,0.0,0.0,0.0,1.0,1.0,0.0
19,150,5.708416974508214,6.449088441913999,0.0,0.0,1.0,0.0,1.0,0.0
20,150,4.259867726265062,7.1971171077019385,0.0,0.0,1.0,0.0,1.0,1.0
21,150,1.7020364058752029,2.1059099625980067,0.0,1.0,0.0,1.0,0.0,0.0
22,150,2.187369480072716,10.427110716879689,1.0,1.0,0.0,0.0,0.0,1.0
23,150,3.2931967906052417,1.2951655702530775,1.0,1.0,0.0,1.0,0.0,0.0
24,150,7.593350532194818,0.0,0.0,1.0,0.0,0.0,0.0,1.0
25,150,8.094643848734185,0.533080536678374,0.0,1.0,1.0,0.0,0.0,0.0
26,150,4.352784988485415,4.198114974332728,0.0,1.0,1.0,1.0,0.0,1.0
27,150,0.5085634394367771,4.732214734373375,1.0,0.0,0.0,1.0,1.0,0.0
28,150,10.060926746031129,1.6415265150025196,1.0,1.0,0.0,1.0,0.0,1.0
29,150,11.683303060203142,11.069084752094536,1.0,0.0,0.0,0.0,1.0,1.0
30,150,4.79883810097832,7.00029111346743,0.0,1.0,0.0,1.0,0.0,0.0
31,150,6.636871864472188,6.476764629059661,0.0,1.0,0.0,0.0,0.0,0.0
32,150,9.312356069048649,2.169718364555574,0.0,1.0,1.0,1.0,0.0,0.0
33,150,9.229620876704372,12.0,0.0,0.0,0.0,0.0,0.0,1.0
34,150,0.0,12.0,1.0,0.0,1.0,0.0,1.0,1.0
35,150,4.3307359091106346,7.885069448442493,0.0,0.0,1.0,0.0,1.0,0.0
36,150,6.521196527941673,6.261313338564993,0.0,1.0,1.0,0.0,0.0,0.0
37,150,1.4309022603542771,0.9570867667463092,0.0,0.0,1.0,0.0,0.0,0.0
38,150,5.867890101356602,10.172973036223148,0.0,1.0,0.0,0.0,1.0,0.0
39,150,8.814890846968913,9.08736889564964,1.0,1.0,0.0,1.0,0.0,0.0
0,155,6.452160294714044,12.0,1.0,0.0,1.0,1.0,0.0,0.0
1,155,2.6587782148185664,12.0,0.0,1.0,0.0,0.0,1.0,1.0
2,155,4.86988027737766,8.291188333508721,0.0,0.0,1.0,0.0,1.0,0.0
3,155,12.0,8.873863946667676,0.0,0.0,0.0,0.0,1.0,1.0
4,155,7.041702820404811,5.898313061502053,1.0,0.0,0.0,1.0,0.0,0.0
5,155,2.1858828295195005,6.47502443597536,0.0,0.0,1.0,1.0,0.0,0.0
6,155,1.961827076296809,11.248875735117728,1.0,0.0,0.0,0.0,0.0,1.0
7,155,11.088744656691077,0.0,0.0,0.0,1.0,1.0,1.0,0.0
8,155,7.635537596525256,0.0,1.0,0.0,0.0,0.0,0.0,1.0
9,155,7.582652435152445,8.564756040394796,1.0,1.0,0.0,0.0,0.0,0.0
10,155,1.945260643024536,5.299516134561291,1.0,1.0,1.0,0.0,0.0,0.0
11,155,11.567317507986113,8.938284435183025,0.0,0.0,1.0,1.0,0.0,1.0
12,155,7.698906796922584,3.2390451454739915,0.0,1.0,0.0,1.0,0.0,0.0
13,155,6.646974586727319,3.005020871196926,1.0,0.0,0.0,1.0,1.0,1.0
14,155,7.965829482810024,12.0,1.0,0.0,0.0,1.0,1.0,0.0
15,155,7.470158644545204,1.7268308141920243,1.0,1.0,1.0,0.0,1.0,0.0
16,155,11.533613301223832,3.4318572384931088,0.0,0.0,0.0,1.0,0.0,0.0
17,155,11.865709355885553,2.718007799581369,0.0,0.0,0.0,0.0,0.0,1.0
18,155,11.621461085831058,8.24866318344695,0.0,0.0,0.0,1.0,1.0,0.0
19,155,5.677072096881813,6.475752284739792,0.0,0.0,1.0,0.0,1.0,0.0
20,155,4.303027260619341,7.170099234922397,0.0,0.0,1.0,0.0,1.0,1.0
21,155,1.620432001662931,2.1345646097927595,0.0,1.0,0.0,1.0,0.0,0.0
22,155,2.165290200252273,10.416962637381449,1.0,1.0,0.0,0.0,0.0,1.0
23,155,3.2968585397242918,1.289776293750582,1.0,1.0,0.0,1.0,0.0,0.0
24,155,7.51364147109299,0.0,0.0,1.0,0.0,0.0,0.0,1.0
25,155,8.219381776995093,0.605933698464046,0.0,1.0,1.0,0.0,0.0,0.0
26,155,4.333273143848506,4.175982928750199,0.0,1.0,1.0,1.0,0.0,1.0
27,155,0.4817530206982477,4.611680771909668,1.0,0.0,0.0,1.0,1.0,0.0
28,155,10.207933946943715,1.7011006825674768,1.0,1.0,0.0,1.0,0.0,1.0
29,155,11.65710812652513,11.1017481232532,1.0,0.0,0.0,0.0,1.0,1.0
30,155,4.816251025216388,7.022314997653855,0.0,1.0,0.0,1.0,0.0,0.0
31,155,6.596485644092191,6.472726674300047,0.0,1.0,0.0,0.0,0.0,0.0
32,155,9.33734051892047,2.1600817217398167,0.0,1.0,1.0,1.0,0.0,0.0
33,155,9.159369635258772,12.0,0.0,0.0,0.0,0.0,0.0,1.0
34,155,0.0,12.0,1.0,0.0,1.0,0.0,1.0,1.0
35,155,4.432090314427358,7.776091454274566,0.0,0.0,1.0,0.0,1.0,0.0
36,155,6.479446545585724,6.212612252057063,0.0,1.0,1.0,0.0,0.0,0.0
37,155,1.4050519138013833,0.9579387283134077,0.0,0.0,1.0,0.0,0.0,0.0
38,155,5.890920644901271,10.178364689872849,0.0,1.0,0.0,0.0,1.0,0.0
39,155,8.814964710741641,9.087769133979286,1.0,1.0,0.0,1.0,0.0,0.0
0,160,6.403367003703881,12.0,1.0,0.0,1.0,1.0,0.0,0.0
1,160,2.3936426005137736,12.0,0.0,1.0,0.0,0.0,1.0,1.0
2,160,4.83685066757429,8.258325272281278,0.0,0.0,1.0,0.0,1.0,0.0
3,160,12.0,8.814087371178653,0.0,0.0,0.0,0.0,1.0,1.0
4,160,7.092302775950522,5.79608543048534,1.0,0.0,0.0,1.0,0.0,0.0
5,160,2.0799578616081127,6.524490651086769,0.0,0.0,1.0,1.0,0.0,0.0
6,160,2.0688367859089345,11.31324838058856,1.0,0.0,0.0,0.0,0.0,1.0
7,160,11.1197381160203,0.0,0.0,0.0,1.0,1.0,1.0,0.0
8,160,7.615117220983482,0.0,1.0,0.0,0.0,0.0,0.0,1.0
9,160,7.582315863778596,8.565262586602744,1.0,1.0,0.0,0.0,0.0,0.0
10,160,1.926846337961333,5.323051492818671,1.0,1.0,1.0,0.0,0.0,0.0
11,160,11.598782953911464,9.041161434685645,0.0,0.0,1.0,1.0,0.0,1.0
12,160,7.796285962708634,3.230634835226775,0.0,1.0,0.0,1.0,0.0,0.0
13,160,6.529486844507072,3.002665527465033,1.0,0.0,0.0,1.0,1.0,1.0
14,160,7.989900317939942,12.0,1.0,0.0,0.0,1.0,1.0,0.0
15,160,7.581715131739744,1.5894348431084957,1.0,1.0,1.0,0.0,1.0,0.0
16,160,11.528486228517934,3.4377056047750187,0.0,0.0,0.0,1.0,0.0,0.0
17,160,11.838302922057014,2.729932132130747,0.0,0.0,0.0,0.0,0.0,1.0
18,160,11.67118695513626,8.190790789599657,0.0,0.0,0.0,1.0,1.0,0.0
19,160,5.64951726491948,6.49827359458293,0.0,0.0,1.0,0.0,1.0,0.0
20,160,4.347726504920411,7.141888402555901,0.0,0.0,1.0,0.0,1.0,1.0
21,160,1.5585923261020156,2.1572146611230583,0.0,1.0,0.0,1.0,0.0,0.0
22,160,2.142200449725608,10.407027693807844,1.0,1.0,0.0,0.0,0.0,1.0
23,160,3.2955395296952306,1.291650241975262,1.0,1.0,0.0,1.0,0.0,0.0
24,160,7.4367460077604655,0.0,0.0,1.0,0.0,0.0,0.0,1.0
25,160,8.367188163365725,0.6894536623604018,0.0,1.0,1.0,0.0,0.0,0.0
26,160,4.307824612275478,4.145381553184691,0.0,1.0,1.0,1.0,0.0,1.0
27,160,0.4532347532675858,4.495527934462775,1.0,0.0,0.0,1.0,1.0,0.0
28,160,10.362990221422702,1.7583972557984262,1.0,1.0,0.0,1.0,0.0,1.0
29,160,11.63290421771998,11.131754513649645,1.0,0.0,0.0,0.0,1.0,1.0
30,160,4.8200320899773805,7.027216583434824,0.0,1.0,0.0,1.0,0.0,0.0
31,160,6.553996549715962,6.468415345603345,0.0,1.0,0.0,0.0,0.0,0.0
32,160,9.350412521242694,2.154656607565269,0.0,1.0,1.0,1.0,0.0,0.0
33,160,9.091206785526058,12.0,0.0,0.0,0.0,0.0,0.0,1.0
34,160,0.0,12.0,1.0,0.0,1.0,0.0,1.0,1.0
35,160,4.541975699726348,7.87659527287925,0.0,0.0,1.0,0.0,1.0,0.0
36,160,6.418434586861517,6.138830872828298,0.0,1.0,1.0,0.0,0.0,0.0
37,160,1.361359672776409,0.9588992709369696,0.0,0.0,1.0,0.0,0.0,0.0
38,160,5.88519938811757,10.177092191128976,0.0,1.0,0.0,0.0,1.0,0.0
39,160,8.80784818789545,9.04762841080483,1.0,1.0,0.0,1.0,0.0,0.0
0,165,6.352902380882676,12.0,1.0,0.0,1.0,1.0,0.0,0.0
1,165,2.1450541660989773,12.0,0.0,1.0,0.0,0.0,1.0,1.0
2,165,4.801852409151717,8.223426348513827,0.0,0.0,1.0,0.0,1.0,0.0
3,165,12.0,8.758479052461917,0.0,0.0,0.0,0.0,1.0,1.0
4,165,7.154148789922822,5.670063745880064,1.0,0.0,0.0,1.0,0.0,0.0
5,165,1.9568873194225556,6.580914842056776,0.0,0.0,1.0,1.0,0.0,0.0
6,165,2.165270972089866,11.3665553384454,1.0,0.0,0.0,0.0,0.0,1.0
7,165,11.150654160995566,0.0,0.0,0.0,1.0,1.0,1.0,0.0
8,165,7.599295936002666,0.0,1.0,0.0,0.0,0.0,0.0,1.0
9,165,7.57628710021997,8.57467265629991,1.0,1.0,0.0,0.0,0.0,0.0
10,165,1.9042179819507428,5.351884213527584,1.0,1.0,1.0,0.0,0.0,0.0
11,165,11.628753146915535,9.140620773055392,0.0,0.0,1.0,1.0,0.0,1.0
12,165,7.898498434602423,3.2230551436232378,0.0,1.0,0.0,1.0,0.0,0.0
13,165,6.425073335955826,2.9964100777586014,1.0,0.0,0.0,1.0,1.0,1.0
14,165,8.020369689024422,12.0,1.0,0.0,0.0,1.0,1.0,0.0
15,165,7.68048871204379,1.4691224818933517,1.0,1.0,1.0,0.0,1.0,0.0
16,165,11.517423070696424,3.450502661303676,0.0,0.0,0.0,1.0,0.0,0.0
17,165,11.795896785353053,2.74801787088343,0.0,0.0,0.0,0.0,0.0,1.0
18,165,11.714113612823343,8.1406411060499,0.0,0.0,0.0,1.0,1.0,0.0
19,165,5.630715269016573,6.514201677211543,0.0,0.0,1.0,0.0,1.0,0.0
20,165,4.413133238633295,7.102037091177385,0.0,0.0,1.0,0.0,1.0,1.0
21,165,1.4892893467565815,2.1828422509114174,0.0,1.0,0.0,1.0,0.0,0.0
22,165,2.1276532048974293,10.400757075116134,1.0,1.0,0.0,0.0,0.0,1.0
23,165,3.3023753389967494,1.282053469030433,1.0,1.0,0.0,1.0,0.0,0.0
24,165,7.336637245695639,0.0,0.0,1.0,0.0,0.0,0.0,1.0
25,165,8.516402974327654,0.7774282738553749,0.0,1.0,1.0,0.0,0.0,0.0
26,165,4.299860829776828,4.135818776258217,0.0,1.0,1.0,1.0,0.0,1.0
27,165,0.4248102111181766,4.373414269276918,1.0,0.0,0.0,1.0,1.0,0.0
28,165,10.515013092114184,1.8157177813066188,1.0,1.0,0.0,1.0,0.0,1.0
29,165,11.601643374612866,11.171191524044769,1.0,0.0,0.0,0.0,1.0,1.0
30,165,4.813254593296145,7.0186175690456025,0.0,1.0,0.0,1.0,0.0,0.0
31,165,6.5135739327649365,6.464028671859065,0.0,1.0,0.0,0.0,0.0,0.0
32,165,9.383166900904657,2.1412927367622983,0.0,1.0,1.0,1.0,0.0,0.0
33,165,9.031091483153242,12.0,0.0,0.0,0.0,0.0,0.0,1.0
34,165,0.0860660093993576,12.0,1.0,0.0,1.0,0.0,1.0,1.0
35,165,4.659394881198538,7.979798441574278,0.0,0.0,1.0,0.0,1.0,0.0
36,165,6.357084699695273,6.065754331902278,0.0,1.0,1.0,0.0,0.0,0.0
37,165,1.3329610022744596,0.9595103969048204,0.0,0.0,1.0,0.0,0.0,0.0
38,165,5.884167116844606,10.176846585874795,0.0,1.0,0.0,0.0,1.0,0.0
39,165,8.800413335759185,9.01017385196505,1.0,1.0,0.0,1.0,0.0,0.0
0,170,6.303920880696815,12.0,1.0,0.0,1.0,1.0,0.0,0.0
1,170,1.9168236510868744,12.0,0.0,1.0,0.0,0.0,1.0,1.0
2,170,4.763256255204323,8.184383238003557,0.0,0.0,1.0,0.0,1.0,0.0
3,170,12.0,8.70259358520559,0.0,0.0,0.0,0.0,1.0,1.0
4,170,7.2267192666052145,5.531985950770593,1.0,0.0,0.0,1.0,0.0,0.0
5,170,1.8433268795144069,6.634424491035742,0.0,0.0,1.0,1.0,0.0,0.0
6,170,2.258668382105407,11.416252547207762,1.0,0.0,0.0,0.0,0.0,1.0
7,170,11.182361739194288,0.0,0.0,0.0,1.0,1.0,1.0,0.0
8,170,7.591811976088866,0.0,1.0,0.0,0.0,0.0,0.0,1.0
9,170,7.574478980035314,8.577440617895375,1.0,1.0,0.0,0.0,0.0,0.0
10,170,1.868334936822316,5.399409467140883,1.0,1.0,1.0,0.0,0.0,0.0
11,170,11.655601037334128,9.235392567693353,0.0,0.0,1.0,1.0,0.0,1.0
12,170,8.006019768290274,3.2128204444700783,0.0,1.0,0.0,1.0,0.0,0.0
13,170,6.306187047931783,2.988941902793752,1.0,0.0,0.0,1.0,1.0,1.0
14,170,8.047632482713794,12.0,1.0,0.0,0.0,1.0,1.0,0.0
15,170,7.776368788704239,1.3495707977678293,1.0,1.0,1.0,0.0,1.0,0.0
16,170,11.497491223470195,3.472653360067,0.0,0.0,0.0,1.0,0.0,0.0
17,170,11.753855373740937,2.76563350677029,0.0,0.0,0.0,0.0,0.0,1.0
18,170,11.751653559680983,8.094652188787338,0.0,0.0,0.0,1.0,1.0,0.0
19,170,5.607773339854171,6.534039787094739,0.0,0.0,1.0,0.0,1.0,0.0
20,170,4.475482827432797,7.066617046860749,0.0,0.0,1.0,0.0,1.0,1.0
21,170,1.440147446858462,2.201493789400656,0.0,1.0,0.0,1.0,0.0,0.0
22,170,2.1177311270250323,10.39662554102709,1.0,1.0,0.0,0.0,0.0,1.0
23,170,3.31354970054433,1.2653783311989564,1.0,1.0,0.0,1.0,0.0,0.0
24,170,7.234612565102689,0.0,0.0,1.0,0.0,0.0,0.0,1.0
25,170,8.648241713437843,0.8639353554512954,0.0,1.0,1.0,0.0,0.0,0.0
26,170,4.285991968624467,4.1189412608041005,0.0,1.0,1.0,1.0,0.0,1.0
27,170,0.3934655960356495,4.243952292570561,1.0,0.0,0.0,1.0,1.0,0.0
28,170,10.64962025112282,1.867996449494272,1.0,1.0,0.0,1.0,0.0,1.0
29,170,11.577565265577734,11.203372228004996,1.0,0.0,0.0,0.0,1.0,1.0
30,170,4.80008956030533,7.001608632234726,0.0,1.0,0.0,1.0,0.0,0.0
31,170,6.469642944498325,6.459149656316947,0.0,1.0,0.0,0.0,0.0,0.0
32,170,9.404767857876084,2.131947154041536,0.0,1.0,1.0,1.0,0.0,0.0
33,170,8.978874120708271,12.0,0.0,0.0,0.0,0.0,0.0,1.0
34,170,0.1795292580369201,12.0,1.0,0.0,1.0,0.0,1.0,1.0
35,170,4.785579943052976,8.080665607635002,0.0,0.0,1.0,0.0,1.0,0.0
36,170,6.282316506754468,5.974643121816777,0.0,1.0,1.0,0.0,0.0,0.0
37,170,1.2817074998690314,0.9610238429830268,0.0,0.0,1.0,0.0,0.0,0.0
38,170,5.874599595929043,10.174682769442056,0.0,1.0,0.0,0.0,1.0,0.0
39,170,8.791192966171485,8.96734909744043,1.0,1.0,0.0,1.0,0.0,0.0
0,175,6.25908665137839,12.0,1.0,0.0,1.0,1.0,0.0,0.0
1,175,1.694430702385976,12.0,0.0,1.0,0.0,0.0,1.0,1.0
2,175,4.734120378297277,8.156454315395237,0.0,0.0,1.0,0.0,1.0,0.0
3,175,12.0,8.6456594621024,0.0,0.0,0.0,0.0,1.0,1.0
4,175,7.299925601346461,5.386477266594779,1.0,0.0,0.0,1.0,0.0,0.0
5,175,1.7430210612819526,6.686740197979782,0.0,0.0,1.0,1.0,0.0,0.0
6,175,2.357212399680809,11.46701656138864,1.0,0.0,0.0,0.0,0.0,1.0
7,175,11.211488571004429,0.0,0.0,0.0,1.0,1.0,1.0,0.0
8,175,7.585641806320651,0.0,1.0,0.0,0.0,0.0,0.0,1.0
9,175,7.580077558048213,8.568860045881728,1.0,1.0,0.0,0.0,0.0,0.0
10,175,1.839420497572792,5.43794274883736,1.0,1.0,1.0,0.0,0.0,0.0
11,175,11.675456274172731,9.310470530507288,0.0,0.0,1.0,1.0,0.0,1.0
12,175,8.098539166401457,3.2019961139303863,0.0,1.0,0.0,1.0,0.0,0.0
13,175,6.168245655442634,2.980802914570166,1.0,0.0,0.0,1.0,1.0,1.0
14,175,8.05306376637973,12.0,1.0,0.0,0.0,1.0,1.0,0.0
15,175,7.878104051527141,1.2176662615282654,1.0,1.0,1.0,0.0,1.0,0.0
16,175,11.462637372025142,3.5120001798659866,0.0,0.0,0.0,1.0,0.0,0.0
17,175,11.718680193887664,2.7799684302109897,0.0,0.0,0.0,0.0,0.0,1.0
18,175,11.771400325312277,8.070672607780557,0.0,0.0,0.0,1.0,1.0,0.0
19,175,5.587285436364593,6.552028074994052,0.0,0.0,1.0,0.0,1.0,0.0
20,175,4.539100765580684,7.03168821081876,0.0,0.0,1.0,0.0,1.0,1.0
21,175,1.405750741953206,2.2137819534615297,0.0,1.0,0.0,1.0,0.0,0.0
22,175,2.0920279995553903,10.386734016960313,1.0,1.0,0.0,0.0,0.0,1.0
23,175,3.3264468869882298,1.246110747779284,1.0,1.0,0.0,1.0,0.0,0.0
24,175,7.122375198773961,0.0,0.0,1.0,0.0,0.0,0.0,1.0
25,175,8.80644417074958,0.9633473643519476,0.0,1.0,1.0,0.0,0.0,0.0
26,175,4.277198245143024,4.1081528806779,0.0,1.0,1.0,1.0,0.0,1.0
27,175,0.3644615472242837,4.118293510642931,1.0,0.0,0.0,1.0,1.0,0.0
28,175,10.770150857983264,1.9126900707370995,1.0,1.0,0.0,1.0,0.0,1.0
29,175,11.56109671055824,11.225661854592008,1.0,0.0,0.0,0.0,1.0,1.0
30,175,4.776480948327604,7.019269921213098,0.0,1.0,0.0,1.0,0.0,0.0
31,175,6.440447744074908,6.456398295753657,0.0,1.0,0.0,0.0,0.0,0.0
32,175,9.414387357266188,2.1279009710236894,0.0,1.0,1.0,1.0,0.0,0.0
33,175,8.922476492204968,12.0,0.0,0.0,0.0,0.0,0.0,1.0
34,175,0.2835174405323145,12.0,1.0,0.0,1.0,0.0,1.0,1.0
35,175,4.910613783007186,8.178593583540419,0.0,0.0,1.0,0.0,1.0,0.0
36,175,6.1952013903662335,5.870882344787372,0.0,1.0,1.0,0.0,0.0,0.0
37,175,1.243507516704016,0.9616959604174624,0.0,0.0,1.0,0.0,0.0,0.0
38,175,5.857500648131074,10.171023747507,0.0,1.0,0.0,0.0,1.0,0.0
39,175,8.77594660657478,8.898508977826987,1.0,1.0,0.0,1.0,0.0,0.0
0,180,6.221372242969645,12.0,1.0,0.0,1.0,1.0,0.0,0.0
1,180,1.4687054057941598,12.0,0.0,1.0,0.0,0.0,1.0,1.0
2,180,4.696521601851567,8.117890420560913,0.0,0.0,1.0,0.0,1.0,0.0
3,180,12.0,8.584195813097665,0.0,0.0,0.0,0.0,1.0,1.0
4,180,7.38279382819973,5.233425227317304,1.0,0.0,0.0,1.0,0.0,0.0
5,180,1.6422049344287093,6.737402703174402,0.0,0.0,1.0,1.0,0.0,0.0
6,180,2.4454756095072256,11.51062757097194,1.0,0.0,0.0,0.0,0.0,1.0
7,180,11.247076861793778,0.0,0.0,0.0,1.0,1.0,1.0,0.0
8,180,7.580042606780221,0.0,1.0,0.0,0.0,0.0,0.0,1.0
9,180,7.576064827787848,8.574966399016425,1.0,1.0,0.0,0.0,0.0,0.0
10,180,1.8141190077046652,5.471451404503215,1.0,1.0,1.0,0.0,0.0,0.0
11,180,11.697825979747966,9.38516490964122,0.0,0.0,1.0,1.0,0.0,1.0
12,180,8.207249084313904,3.1878039065498958,0.0,1.0,0.0,1.0,0.0,0.0
13,180,6.032075710643488,2.973811098919584,1.0,0.0,0.0,1.0,1.0,1.0
14,180,8.056889118771334,12.0,1.0,0.0,0.0,1.0,1.0,0.0
15,180,7.974888371673781,1.090228672380447,1.0,1.0,1.0,0.0,1.0,0.0
16,180,11.42447045733748,3.5525744524154,0.0,0.0,0.0,1.0,0.0,0.0
17,180,11.65835404946138,2.8034965364035185,0.0,0.0,0.0,0.0,0.0,1.0
18,180,11.792270950267527,8.044845184870093,0.0,0.0,0.0,1.0,1.0,0.0
19,180,5.569912553203593,6.5669839452598495,0.0,0.0,1.0,0.0,1.0,0.0
20,180,4.600331091352774,6.999303460902076,0.0,0.0,1.0,0.0,1.0,1.0
21,180,1.3762134262196295,2.2240565559583985,0.0,1.0,0.0,1.0,0.0,0.0
22,180,2.067760636389874,10.37845785176001,1.0,1.0,0.0,0.0,0.0,1.0
23,180,3.3377268589046665,1.228435435720186,1.0,1.0,0.0,1.0,0.0,0.0
24,180,7.029370084866493,0.0,0.0,1.0,0.0,0.0,0.0,1.0
25,180,8.972061838994042,1.0686724172299125,0.0,1.0,1.0,0.0,0.0,0.0
26,180,4.266686281403551,4.09411801559459,0.0,1.0,1.0,1.0,0.0,1.0
27,180,0.3315658564009733,3.971685845215978,1.0,0.0,0.0,1.0,1.0,0.0
28,180,10.906755201799449,1.967724195843458,1.0,1.0,0.0,1.0,0.0,1.0
29,180,11.5471007682154,11.243823235028763,1.0,0.0,0.0,0.0,1.0,1.0
30,180,4.763584189717291,7.028895744054284,0.0,1.0,0.0,1.0,0.0,0.0
31,180,6.422239064191191,6.4543658612239225,0.0,1.0,0.0,0.0,0.0,0.0
32,180,9.41892689019735,2.126020266360884,0.0,1.0,1.0,1.0,0.0,0.0
33,180,8.873266475738676,12.0,0.0,0.0,0.0,0.0,0.0,1.0
34,180,0.3876970836894607,12.0,1.0,0.0,1.0,0.0,1.0,1.0
35,180,5.049651851363854,8.28870869535818,0.0,0.0,1.0,0.0,1.0,0.0
36,180,6.110641899918911,5.770342497523658,0.0,1.0,1.0,0.0,0.0,0.0
37,180,1.2065446799300144,0.9635097264772212,0.0,0.0,1.0,0.0,0.0,0.0
38,180,5.831899049641698,10.16541126933729,0.0,1.0,0.0,0.0,1.0,0.0
39,180,8.763571718242721,8.83948804877352,1.0,1.0,0.0,1.0,0.0,0.0
0,185,6.175467851393758,12.0,1.0,0.0,1.0,1.0,0.0,0.0
1,185,1.255853547046526,12.0,0.0,1.0,0.0,0.0,1.0,1.0
2,185,4.652108528076989,8.070638942479507,0.0,0.0,1.0,0.0,1.0,0.0
3,185,12.0,8.522080154722328,0.0,0.0,0.0,0.0,1.0,1.0
4,185,7.465190740120764,5.077390204995429,1.0,0.0,0.0,1.0,0.0,0.0
5,185,1.5547437636108057,6.783251670805,0.0,0.0,1.0,1.0,0.0,0.0
6,185,2.5546478257469163,11.564818821917894,1.0,0.0,0.0,0.0,0.0,1.0
7,185,11.278814303145005,0.0,0.0,0.0,1.0,1.0,1.0,0.0
8,185,7.577223845347542,0.0,1.0,0.0,0.0,0.0,0.0,1.0
9,185,7.57794847302041,8.57226053943963,1.0,1.0,0.0,0.0,0.0,0.0
10,185,1.792310755778966,5.502954098595236,1.0,1.0,1.0,0.0,0.0,0.0
11,185,11.720277102923124,9.459134474392798,0.0,0.0,1.0,1.0,0.0,1.0
12,185,8.30944659066945,3.175570548725718,0.0,1.0,0.0,1.0,0.0,0.0
13,185,5.893517133536305,2.9633254042018726,1.0,0.0,0.0,1.0,1.0,1.0
14,185,8.038027016832276,11.98743723692135,1.0,0.0,0.0,1.0,1.0,0.0
15,185,8.081777693194418,0.9523850371140936,1.0,1.0,1.0,0.0,1.0,0.0
16,185,11.377415956807583,3.6025611032779152,0.0,0.0,0.0,1.0,0.0,0.0
17,185,11.597661376845648,2.8269709109107697,0.0,0.0,0.0,0.0,0.0,1.0
18,185,11.808713595113868,8.024594847688643,0.0,0.0,0.0,1.0,1.0,0.0
19,185,5.551757195505068,6.582730279802508,0.0,0.0,1.0,0.0,1.0,0.0
20,185,4.645156838344356,6.974989074287522,0.0,0.0,1.0,0.0,1.0,1.0
21,185,1.3310644289233418,2.238347662873015,0.0,1.0,0.0,1.0,0.0,0.0
22,185,2.027029641330113,10.363606583790812,1.0,1.0,0.0,0.0,0.0,1.0
23,185,3.3465325729617605,1.2143856639208257,1.0,1.0,0.0,1.0,0.0,0.0
24,185,7.081457578370418,0.0,0.0,1.0,0.0,0.0,0.0,1.0
25,185,9.141231688400936,1.1778745109671556,0.0,1.0,1.0,0.0,0.0,0.0
26,185,4.254117178249374,4.077125270930255,0.0,1.0,1.0,1.0,0.0,1.0
27,185,0.3006426635536831,3.837059675391271,1.0,0.0,0.0,1.0,1.0,0.0
28,185,11.03792547668225,2.0204883313084308,1.0,1.0,0.0,1.0,0.0,1.0
29,185,11.55283627760545,11.236095703172309,1.0,0.0,0.0,0.0,1.0,1.0
30,185,4.740148779947438,7.046716041583772,0.0,1.0,0.0,1.0,0.0,0.0
31,185,6.422097638329246,6.454347970000892,0.0,1.0,0.0,0.0,0.0,0.0
32,185,9.414756502761984,2.127756024933865,0.0,1.0,1.0,1.0,0.0,0.0
33,185,8.832122907126994,12.0,0.0,0.0,0.0,0.0,0.0,1.0
34,185,0.5065985108902259,12.0,1.0,0.0,1.0,0.0,1.0,1.0
35,185,5.189991421750678,8.398039899059281,0.0,0.0,1.0,0.0,1.0,0.0
36,185,6.037667219253914,5.682339469192373,0.0,1.0,1.0,0.0,0.0,0.0
37,185,1.1490012001101189,0.9677627107876874,0.0,0.0,1.0,0.0,0.0,0.0
38,185,5.79594956347266,10.157110574953782,0.0,1.0,0.0,0.0,1.0,0.0
39,185,8.749928116683888,8.772741265774345,1.0,1.0,0.0,1.0,0.0,0.0
0,190,6.129962165164355,12.0,1.0,0.0,1.0,1.0,0.0,0.0
1,190,1.0308439639673446,12.0,0.0,1.0,0.0,0.0,1.0,1.0
2,190,4.608419907643866,8.023009605757089,0.0,0.0,1.0,0.0,1.0,0.0
3,190,12.0,8.461258476515697,0.0,0.0,0.0,0.0,1.0,1.0
4,190,7.538704173452889,4.937540711303235,1.0,0.0,0.0,1.0,0.0,0.0
5,190,1.4708057106390475,6.827836856029227,0.0,0.0,1.0,1.0,0.0,0.0
6,190,2.655806262154025,11.615518493801291,1.0,0.0,0.0,0.0,0.0,1.0
7,190,11.316159659170516,0.0,0.0,0.0,1.0,1.0,1.0,0.0
8,190,7.573943611356845,0.0,1.0,0.0,0.0,0.0,0.0,1.0
9,190,7.579976115381918,8.569205853703677,1.0,1.0,0.0,0.0,0.0,0.0
10,190,1.7699011108464455,5.534999721826416,1.0,1.0,1.0,0.0,0.0,0.0
11,190,11.744470247218272,9.53542706993492,0.0,0.0,1.0,1.0,0.0,1.0
12,190,8.42603855568797,3.1643492478117023,0.0,1.0,0.0,1.0,0.0,0.0
13,190,5.749640119375056,2.9541460557108405,1.0,0.0,0.0,1.0,1.0,1.0
14,190,8.027697728464608,11.980235723202586,1.0,0.0,0.0,1.0,1.0,0.0
15,190,8.196096785659506,0.80276999606371,1.0,1.0,1.0,0.0,1.0,0.0
16,190,11.335048240711895,3.6486765473077374,0.0,0.0,0.0,1.0,0.0,0.0
17,190,11.5202076973426,2.856851403313656,0.0,0.0,0.0,0.0,0.0,1.0
18,190,11.816569057040128,8.014901689219181,0.0,0.0,0.0,1.0,1.0,0.0
19,190,5.533754656755106,6.599093265969449,0.0,0.0,1.0,0.0,1.0,0.0
20,190,4.690159090680838,6.950926228906694,0.0,0.0,1.0,0.0,1.0,1.0
21,190,1.2891306634952648,2.250332358314877,0.0,1.0,0.0,1.0,0.0,0.0
22,190,1.976114604786776,10.34395496676618,1.0,1.0,0.0,0.0,0.0,1.0
23,190,3.360890334550202,1.1914699399487376,1.0,1.0,0.0,1.0,0.0,0.0
24,190,7.137022966851595,0.0,0.0,1.0,0.0,0.0,0.0,1.0
25,190,9.305356526562448,1.28202093623715,0.0,1.0,1.0,0.0,0.0,0.0
26,190,4.238061559627332,4.054280909365584,0.0,1.0,1.0,1.0,0.0,1.0
27,190,0.2688111921872551,3.6971508543448337,1.0,0.0,0.0,1.0,1.0,0.0
28,190,11.179969813046348,2.079035006285434,1.0,1.0,0.0,1.0,0.0,1.0
29,190,11.552329242410732,11.236780663882971,1.0,0.0,0.0,0.0,1.0,1.0
30,190,4.713173644837525,7.065949368766353,0.0,1.0,0.0,1.0,0.0,0.0
31,190,6.4344391484821735,6.455727205975336,0.0,1.0,0.0,0.0,0.0,0.0
32,190,9.40250256376454,2.133083971571022,0.0,1.0,1.0,1.0,0.0,0.0
33,190,8.793553355458089,12.0,0.0,0.0,0.0,0.0,0.0,1.0
34,190,0.6266027159060205,12.0,1.0,0.0,1.0,0.0,1.0,1.0
35,190,5.3146276017763165,8.494223315382671,0.0,0.0,1.0,0.0,1.0,0.0
36,190,5.961671700589068,5.591985216091866,0.0,1.0,1.0,0.0,0.0,0.0
37,190,1.0815747716402673,0.9743270661613864,0.0,0.0,1.0,0.0,0.0,0.0
38,190,5.773093921260099,10.151730824615722,0.0,1.0,0.0,0.0,1.0,0.0
39,190,8.74000625531636,8.72610189056119,1.0,1.0,0.0,1.0,0.0,0.0
0,195,6.077901324494931,12.0,1.0,0.0,1.0,1.0,0.0,0.0
1,195,0.8051103974619702,12.0,0.0,1.0,0.0,0.0,1.0,1.0
2,195,4.580401312049776,7.991701436948619,0.0,0.0,1.0,0.0,1.0,0.0
3,195,12.0,8.393755006205607,0.0,0.0,0.0,0.0,1.0,1.0
4,195,7.605302893306068,4.802295318955383,1.0,0.0,0.0,1.0,0.0,0.0
5,195,1.395786515113538,6.866711073733117,0.0,0.0,1.0,1.0,0.0,0.0
6,195,2.7592034622913046,11.669217263340808,1.0,0.0,0.0,0.0,0.0,1.0
7,195,11.346621923607398,0.0,0.0,0.0,1.0,1.0,1.0,0.0
8,195,7.59204799856129,0.0,1.0,0.0,0.0,0.0,0.0,1.0
9,195,7.569551813392143,8.585163438444365,1.0,1.0,0.0,0.0,0.0,0.0
10,195,1.7487093657166677,5.56641142980276,1.0,1.0,1.0,0.0,0.0,0.0
11,195,11.767837653546929,9.612498099063137,0.0,0.0,1.0,1.0,0.0,1.0
12,195,8.53826695974483,3.156195993738132,0.0,1.0,0.0,1.0,0.0,0.0
13,195,5.60650487570854,2.944678351257241,1.0,0.0,0.0,1.0,1.0,1.0
14,195,8.004705008377387,11.964483238485368,1.0,0.0,0.0,1.0,1.0,0.0
15,195,8.319463383799848,0.6467479696517443,1.0,1.0,1.0,0.0,1.0,0.0
16,195,11.28645829673884,3.696837533462088,0.0,0.0,0.0,1.0,0.0,0.0
17,195,11.43990570907136,2.888693213381798,0.0,0.0,0.0,0.0,0.0,1.0
18,195,11.821672945065286,8.008763825926,0.0,0.0,0.0,1.0,1.0,0.0
19,195,5.515733090398927,6.615476857854299,0.0,0.0,1.0,0.0,1.0,0.0
20,195,4.705097823200497,6.942883782076173,0.0,0.0,1.0,0.0,1.0,1.0
21,195,1.2532387345142089,2.2606149113627203,0.0,1.0,0.0,1.0,0.0,0.0
22,195,1.942529235577232,10.331593547643656,1.0,1.0,0.0,0.0,0.0,1.0
23,195,3.3741768058122226,1.1710525077695322,1.0,1.0,0.0,1.0,0.0,0.0
24,195,7.192552821700497,0.0,0.0,1.0,0.0,0.0,0.0,1.0
25,195,9.459057380940305,1.387548515022224,0.0,1.0,1.0,0.0,0.0,0.0
26,195,4.211680396072199,4.016594531358076,0.0,1.0,1.0,1.0,0.0,1.0
27,195,0.2376114741118176,3.569284340180522,1.0,0.0,0.0,1.0,1.0,0.0
28,195,11.296211777735216,2.1238399837281974,1.0,1.0,0.0,1.0,0.0,1.0
29,195,11.538092195444722,11.257201314465451,1.0,0.0,0.0,0.0,1.0,1.0
30,195,4.700132073399031,7.07489685982601,0.0,1.0,0.0,1.0,0.0,0.0
31,195,6.460930721591583,6.459099608513477,0.0,1.0,0.0,0.0,0.0,0.0
32,195,9.397700828424176,2.135232839621991,0.0,1.0,1.0,1.0,0.0,0.0
33,195,8.76526927273215,12.0,0.0,0.0,0.0,0.0,0.0,1.0
34,195,0.7472820799879122,12.0,1.0,0.0,1.0,0.0,1.0,1.0
35,195,5.436275422505788,8.58709038996988,0.0,0.0,1.0,0.0,1.0,0.0
36,195,5.87526696703244,5.4930297233024055,0.0,1.0,1.0,0.0,0.0,0.0
37,195,1.004698773000828,0.9819607406136054,0.0,0.0,1.0,0.0,0.0,0.0
38,195,5.731356452531968,10.14175929404392,0.0,1.0,0.0,0.0,1.0,0.0
39,195,8.732115428654419,8.684225919350046,1.0,1.0,0.0,1.0,0.0,0.0
0,200,6.026842290733287,12.0,1.0,0.0,1.0,1.0,0.0,0.0
1,200,0.5757443943938632,12.0,0.0,1.0,0.0,0.0,1.0,1.0
2,200,4.544747308703027,7.951402486362952,0.0,0.0,1.0,0.0,1.0,0.0
3,200,12.0,8.32135822671261,0.0,0.0,0.0,0.0,1.0,1.0
4,200,7.675597426617725,4.658013911959016,1.0,0.0,0.0,1.0,0.0,0.0
5,200,1.3001825213617797,6.914264784090284,0.0,0.0,1.0,1.0,0.0,0.0
6,200,2.847145866162631,11.71425860270995,1.0,0.0,0.0,0.0,0.0,1.0
7,200,11.379332241803496,0.0,0.0,0.0,1.0,1.0,1.0,0.0
8,200,7.6264339968585055,0.0,1.0,0.0,0.0,0.0,0.0,1.0
9,200,7.568747280007075,8.58637197668129,1.0,1.0,0.0,0.0,0.0,0.0
10,200,1.7206859462701325,5.608471805777148,1.0,1.0,1.0,0.0,0.0,0.0
11,200,11.79055989698042,9.689410384335403,0.0,0.0,1.0,1.0,0.0,1.0
12,200,8.654899309870219,3.145408173621216,0.0,1.0,0.0,1.0,0.0,0.0
13,200,5.470913619729775,2.9382191529109467,1.0,0.0,0.0,1.0,1.0,1.0
14,200,7.982960886173446,11.949355644482976,1.0,0.0,0.0,1.0,1.0,0.0
15,200,8.459977531529391,0.4710919834483765,1.0,1.0,1.0,0.0,1.0,0.0
16,200,11.23854430769554,3.743071405373205,0.0,0.0,0.0,1.0,0.0,0.0
17,200,11.36599379318156,2.919622726770542,0.0,0.0,0.0,0.0,0.0,1.0
18,200,11.833530390504398,7.994573720377703,0.0,0.0,0.0,1.0,1.0,0.0
19,200,5.50710662713667,6.623066175995197,0.0,0.0,1.0,0.0,1.0,0.0
20,200,4.720508843318383,6.934931387001504,0.0,0.0,1.0,0.0,1.0,1.0
21,200,1.2123217586407165,2.2712700977272795,0.0,1.0,0.0,1.0,0.0,0.0
22,200,1.9251892647308269,10.32516954229371,1.0,1.0,0.0,0.0,0.0,1.0
23,200,3.3980933496796624,1.1353756233686287,1.0,1.0,0.0,1.0,0.0,0.0
24,200,7.247350034128555,0.0,0.0,1.0,0.0,0.0,0.0,1.0
25,200,9.633362423241511,1.5040199548147248,0.0,1.0,1.0,0.0,0.0,0.0
26,200,4.182506730589598,3.9800318059300337,0.0,1.0,1.0,1.0,0.0,1.0
27,200,0.1189261700122364,3.594703028887508,1.0,0.0,0.0,1.0,1.0,0.0
28,200,11.421412399372295,2.172804923340468,1.0,1.0,0.0,1.0,0.0,1.0
29,200,11.534961841716498,11.261350606677716,1.0,0.0,0.0,0.0,1.0,1.0
30,200,4.70243400827385,7.07336031316349,0.0,1.0,0.0,1.0,0.0,0.0
31,200,6.502083322895676,6.464779010638795,0.0,1.0,0.0,0.0,0.0,0.0
32,200,9.397240505201545,2.1354329160972974,0.0,1.0,1.0,1.0,0.0,0.0
33,200,8.740229974597444,12.0,0.0,0.0,0.0,0.0,0.0,1.0
34,200,0.8683736166423591,12.0,1.0,0.0,1.0,0.0,1.0,1.0
35,200,5.558811007010278,8.683892899035019,0.0,0.0,1.0,0.0,1.0,0.0
36,200,5.782609517162933,5.390877141839137,0.0,1.0,1.0,0.0,0.0,0.0
37,200,0.9196385682155724,0.9900086662379572,0.0,0.0,1.0,0.0,0.0,0.0
38,200,5.741812013856902,10.101248654973393,0.0,1.0,0.0,0.0,1.0,0.0
39,200,8.721045264467566,8.623200118785867,1.0,1.0,0.0,1.0,0.0,0.0
0,205,5.968621841131193,12.0,1.0,0.0,1.0,1.0,0.0,0.0
1,205,0.3332979203143711,12.0,0.0,1.0,0.0,0.0,1.0,1.0
2,205,4.5235999214480085,7.926908293558496,0.0,0.0,1.0,0.0,1.0,0.0
3,205,12.0,8.246236346633879,0.0,0.0,0.0,0.0,1.0,1.0
4,205,7.744126116545895,4.520822788586834,1.0,0.0,0.0,1.0,0.0,0.0
5,205,1.1947111520067055,6.9631317730723925,0.0,0.0,1.0,1.0,0.0,0.0
6,205,2.935699863032521,11.76290745467921,1.0,0.0,0.0,0.0,0.0,1.0
7,205,11.409954538325,0.0,0.0,0.0,1.0,1.0,1.0,0.0
8,205,7.660348691172239,0.0,1.0,0.0,0.0,0.0,0.0,1.0
9,205,7.559511103113588,8.600481406599616,1.0,1.0,0.0,0.0,0.0,0.0
10,205,1.6893531839791165,5.654578760595011,1.0,1.0,1.0,0.0,0.0,0.0
11,205,11.803826347505716,9.73693042732984,0.0,0.0,1.0,1.0,0.0,1.0
12,205,8.742956659391671,3.134357656894668,0.0,1.0,0.0,1.0,0.0,0.0
13,205,5.353977680313032,2.929413001055092,1.0,0.0,0.0,1.0,1.0,1.0
14,205,7.984851702667567,11.95072041035944,1.0,0.0,0.0,1.0,1.0,0.0
15,205,8.618555814127964,0.2628046740098217,1.0,1.0,1.0,0.0,1.0,0.0
16,205,11.178813188576466,3.8022320079680014,0.0,0.0,0.0,1.0,0.0,0.0
17,205,11.264896094909233,2.9637445203871224,0.0,0.0,0.0,0.0,0.0,1.0
18,205,11.841452240307312,7.9851372880800255,0.0,0.0,0.0,1.0,1.0,0.0
19,205,5.507406214613596,6.622806290890481,0.0,0.0,1.0,0.0,1.0,0.0
20,205,4.743966100465953,6.922712392317078,0.0,0.0,1.0,0.0,1.0,1.0
21,205,1.1571205584520083,2.2854186075458043,0.0,1.0,0.0,1.0,0.0,0.0
22,205,1.898597530809224,10.315898789526177,1.0,1.0,0.0,0.0,0.0,1.0
23,205,3.431944313115147,1.087999830896948,1.0,1.0,0.0,1.0,0.0,0.0
24,205,7.304266764858451,0.0,0.0,1.0,0.0,0.0,0.0,1.0
25,205,9.798523608931816,1.6161046603327285,0.0,1.0,1.0,0.0,0.0,0.0
26,205,4.154434352062944,3.944128110652272,0.0,1.0,1.0,1.0,0.0,1.0
27,205,0.0056096224964841,3.6180201153121634,1.0,0.0,0.0,1.0,1.0,0.0
28,205,11.533905300786646,2.2166893505016936,1.0,1.0,0.0,1.0,0.0,1.0
29,205,11.525552564741965,11.273336025672345,1.0,0.0,0.0,0.0,1.0,1.0
30,205,4.689305017428657,7.082097940227798,0.0,1.0,0.0,1.0,0.0,0.0
31,205,6.515527337873577,6.4664475492788025,0.0,1.0,0.0,0.0,0.0,0.0
32,205,9.39682677285938,2.1356040690260016,0.0,1.0,1.0,1.0,0.0,0.0
33,205,8.70990598948323,12.0,0.0,0.0,0.0,0.0,0.0,1.0
34,205,0.9863347392883148,12.0,1.0,0.0,1.0,0.0,1.0,1.0
35,205,5.676047452458595,8.772692382730458,0.0,0.0,1.0,0.0,1.0,0.0
36,205,5.697001357336795,5.291772719182487,0.0,1.0,1.0,0.0,0.0,0.0
37,205,0.8374384648009938,0.996984425558274,0.0,0.0,1.0,0.0,0.0,0.0
38,205,5.750446890587142,10.069143801666744,0.0,1.0,0.0,0.0,1.0,0.0
39,205,8.709330704246637,8.544339524910031,1.0,1.0,0.0,1.0,0.0,0.0
0,210,5.902598582977425,12.0,1.0,0.0,1.0,1.0,0.0,0.0
1,210,0.0986294647090009,12.0,0.0,1.0,0.0,0.0,1.0,1.0
2,210,4.49605711159723,7.895443507947391,0.0,0.0,1.0,0.0,1.0,0.0
3,210,12.0,8.170191219332093,0.0,0.0,0.0,0.0,1.0,1.0
4,210,7.80711541272507,4.391847097481288,1.0,0.0,0.0,1.0,0.0,0.0
5,210,1.0769903767545088,7.017547628314616,0.0,0.0,1.0,1.0,0.0,0.0
6,210,3.016097480591554,11.807133382886546,1.0,0.0,0.0,0.0,0.0,1.0
7,210,11.444957775122484,0.0,0.0,0.0,1.0,1.0,1.0,0.0
8,210,7.698367694023632,0.0,1.0,0.0,0.0,0.0,0.0,1.0
9,210,7.540854450238963,8.629082615763608,1.0,1.0,0.0,0.0,0.0,0.0
10,210,1.6465671930035723,5.71724079849853,1.0,1.0,1.0,0.0,0.0,0.0
11,210,11.817834431046837,9.787228605099166,0.0,0.0,1.0,1.0,0.0,1.0
12,210,8.82383385048137,3.1253305038926498,0.0,1.0,0.0,1.0,0.0,0.0
13,210,5.253958863094011,2.9204745105862138,1.0,0.0,0.0,1.0,1.0,1.0
14,210,7.973403387711606,11.941955379548828,1.0,0.0,0.0,1.0,1.0,0.0
15,210,8.78037745380543,0.0694872673987505,1.0,1.0,1.0,0.0,1.0,0.0
16,210,11.123173996753074,3.85419035489694,0.0,0.0,0.0,1.0,0.0,0.0
17,210,11.181147862964952,2.9998670681245017,0.0,0.0,0.0,0.0,0.0,1.0
18,210,11.861344977193273,7.961820616064654,0.0,0.0,0.0,1.0,1.0,0.0
19,210,5.501515375975381,6.628037559085094,0.0,0.0,1.0,0.0,1.0,0.0
20,210,4.75826249355961,6.915495449045538,0.0,0.0,1.0,0.0,1.0,1.0
21,210,1.1091757779536668,2.298152031238364,0.0,1.0,0.0,1.0,0.0,0.0
22,210,1.8693243790918743,10.305447588227588,1.0,1.0,0.0,0.0,0.0,1.0
23,210,3.455861512360729,1.0557174491582408,1.0,1.0,0.0,1.0,0.0,0.0
24,210,7.364906618264397,0.0,0.0,1.0,0.0,0.0,0.0,1.0
25,210,9.95042204556292,1.7193155150193349,0.0,1.0,1.0,0.0,0.0,0.0
26,210,4.12200136480837,3.901164800383262,0.0,1.0,1.0,1.0,0.0,1.0
27,210,0.0,3.5048828078049654,1.0,0.0,0.0,1.0,1.0,0.0
28,210,11.643172325505247,2.260683391830873,1.0,1.0,0.0,1.0,0.0,1.0
29,210,11.511877340033164,11.29025523435259,1.0,0.0,0.0,0.0,1.0,1.0
30,210,4.660502292632544,7.101369506578846,0.0,1.0,0.0,1.0,0.0,0.0
31,210,6.557038272664513,6.47350994683114,0.0,1.0,0.0,0.0,0.0,0.0
32,210,9.423190092627271,2.124104601530251,0.0,1.0,1.0,1.0,0.0,0.0
33,210,8.681085715589598,12.0,0.0,0.0,0.0,0.0,0.0,1.0
34,210,1.0990627279638874,12.0,1.0,0.0,1.0,0.0,1.0,1.0
35,210,5.802151530781093,8.868125233194192,0.0,0.0,1.0,0.0,1.0,0.0
36,210,5.618975716186535,5.203463069837338,0.0,1.0,1.0,0.0,0.0,0.0
37,210,0.7536343596239938,1.0050583972622,0.0,0.0,1.0,0.0,0.0,0.0
38,210,5.765524683933031,10.013574275448857,0.0,1.0,0.0,0.0,1.0,0.0
39,210,8.696192515397769,8.45494373318261,1.0,1.0,0.0,1.0,0.0,0.0
0,215,5.838705004472503,12.0,1.0,0.0,1.0,1.0,0.0,0.0
1,215,0.0,12.0,0.0,1.0,0.0,0.0,1.0,1.0
2,215,4.467136310268375,7.862977226224164,0.0,0.0,1.0,0.0,1.0,0.0
3,215,12.0,8.099346230457662,0.0,0.0,0.0,0.0,1.0,1.0
4,215,7.866190292312138,4.252849304628587,1.0,0.0,0.0,1.0,0.0,0.0
5,215,0.959861754327066,7.069643815333558,0.0,0.0,1.0,1.0,0.0,0.0
6,215,3.075585464201866,11.842100578133286,1.0,0.0,0.0,0.0,0.0,1.0
7,215,11.478045516061147,0.0,0.0,0.0,1.0,1.0,1.0,0.0
8,215,7.755062899319498,0.0,1.0,0.0,0.0,0.0,0.0,1.0
9,215,7.514994400316962,8.670598682072743,1.0,1.0,0.0,0.0,0.0,0.0
10,215,1.6219586466656803,5.752028256642527,1.0,1.0,1.0,0.0,0.0,0.0
11,215,11.8300589865257,9.828543207429616,0.0,0.0,1.0,1.0,0.0,1.0
12,215,8.885044245314468,3.1179441119298943,0.0,1.0,0.0,1.0,0.0,0.0
13,215,5.140067922651472,2.9072726801372744,1.0,0.0,0.0,1.0,1.0,1.0
14,215,7.946697178826876,11.92146394558205,1.0,0.0,0.0,1.0,1.0,0.0
15,215,8.943236116012592,0.0,1.0,1.0,1.0,0.0,1.0,0.0
16,215,11.06030510953997,3.910164890450491,0.0,0.0,0.0,1.0,0.0,0.0
17,215,11.079937415805626,3.0461130772282985,0.0,0.0,0.0,0.0,0.0,1.0
18,215,11.882816394214816,7.935533526515081,0.0,0.0,0.0,1.0,1.0,0.0
19,215,5.500979425878337,6.628510909589525,0.0,0.0,1.0,0.0,1.0,0.0
20,215,4.777597300636834,6.90662415685816,0.0,0.0,1.0,0.0,1.0,1.0
21,215,1.0702859422370996,2.307559771000588,0.0,1.0,0.0,1.0,0.0,0.0
22,215,1.836640697265606,10.29469841156084,1.0,1.0,0.0,0.0,0.0,1.0
23,215,3.49221775611125,1.009551091586204,1.0,1.0,0.0,1.0,0.0,0.0
24,215,7.23842533448103,0.0,0.0,1.0,0.0,0.0,0.0,1.0
25,215,10.117500284207498,1.826165377738633,0.0,1.0,1.0,0.0,0.0,0.0
26,215,4.074039556873866,3.832962695350369,0.0,1.0,1.0,1.0,0.0,1.0
27,215,0.0,3.4033856848695234,1.0,0.0,0.0,1.0,1.0,0.0
28,215,11.733156878838734,2.296316558669865,1.0,1.0,0.0,1.0,0.0,1.0
29,215,11.4958070794072,11.30902407987477,1.0,0.0,0.0,0.0,1.0,1.0
30,215,4.617589241458398,7.1289405071479095,0.0,1.0,0.0,1.0,0.0,0.0
31,215,6.603401146765036,6.481083894449014,0.0,1.0,0.0,0.0,0.0,0.0
32,215,9.42385036403826,2.1238472645336905,0.0,1.0,1.0,1.0,0.0,0.0
33,215,8.662085440317249,12.0,0.0,0.0,0.0,0.0,0.0,1.0
34,215,1.216536204671868,12.0,1.0,0.0,1.0,0.0,1.0,1.0
35,215,5.92709613328292,8.963878169748137,0.0,0.0,1.0,0.0,1.0,0.0
36,215,5.539164088277102,5.115531634659178,0.0,1.0,1.0,0.0,0.0,0.0
37,215,0.6516384900373521,1.01778006490615,0.0,0.0,1.0,0.0,0.0,0.0
38,215,5.772475294053758,9.984759362843532,0.0,1.0,0.0,0.0,1.0,0.0
39,215,8.686663793750546,8.367895682477409,1.0,1.0,0.0,1.0,0.0,0.0
0,220,5.7780634204544565,12.0,1.0,0.0,1.0,1.0,0.0,0.0
1,220,0.0,12.0,0.0,1.0,0.0,0.0,1.0,1.0
2,220,4.446058605249602,7.839645167693875,0.0,0.0,1.0,0.0,1.0,0.0
3,220,12.0,8.026477740792389,0.0,0.0,0.0,0.0,1.0,1.0
4,220,7.921584395138589,4.124195287419844,1.0,0.0,0.0,1.0,0.0,0.0
5,220,0.8603437021544361,7.115060064870138,0.0,0.0,1.0,1.0,0.0,0.0
6,220,3.1435077244075664,11.880888312486544,1.0,0.0,0.0,0.0,0.0,1.0
7,220,11.500577154339352,0.0,0.0,0.0,1.0,1.0,1.0,0.0
8,220,7.813925112296264,0.0,1.0,0.0,0.0,0.0,0.0,1.0
9,220,7.494761304572962,8.70503719280364,1.0,1.0,0.0,0.0,0.0,0.0
10,220,1.5817111613574744,5.809178415598173,1.0,1.0,1.0,0.0,0.0,0.0
11,220,11.842984453571702,9.877863122766923,0.0,0.0,1.0,1.0,0.0,1.0
12,220,8.952947369404908,3.11276627426583,0.0,1.0,0.0,1.0,0.0,0.0
13,220,5.046514499101507,2.895471401318473,1.0,0.0,0.0,1.0,1.0,1.0
14,220,7.919398851466232,11.90081985885835,1.0,0.0,0.0,1.0,1.0,0.0
15,220,9.114802005586798,0.0,1.0,1.0,1.0,0.0,1.0,0.0
16,220,11.002609892579445,3.963434619475781,0.0,0.0,0.0,1.0,0.0,0.0
17,220,10.982722451923784,3.0927856425277085,0.0,0.0,0.0,0.0,0.0,1.0
18,220,11.899105457518049,7.915288474231243,0.0,0.0,0.0,1.0,1.0,0.0
19,220,5.492084067776137,6.636321579392739,0.0,0.0,1.0,0.0,1.0,0.0
20,220,4.820562941067819,6.887687094615263,0.0,0.0,1.0,0.0,1.0,1.0
21,220,1.0232760185412804,2.319425979686315,0.0,1.0,0.0,1.0,0.0,0.0
22,220,1.7863628570110706,10.278598017961242,1.0,1.0,0.0,0.0,0.0,1.0
23,220,3.5303447926829667,0.9580692724199028,1.0,1.0,0.0,1.0,0.0,0.0
24,220,7.119109666793859,0.0,0.0,1.0,0.0,0.0,0.0,1.0
25,220,10.28578443510423,1.9315930508676944,0.0,1.0,1.0,0.0,0.0,0.0
26,220,4.012224163299947,3.746505165128153,0.0,1.0,1.0,1.0,0.0,1.0
27,220,0.0,3.311616708256008,1.0,0.0,0.0,1.0,1.0,0.0
28,220,11.825762515394905,2.3367699380174427,1.0,1.0,0.0,1.0,0.0,1.0
29,220,11.476761084916529,11.332206346173866,1.0,0.0,0.0,0.0,1.0,1.0
30,220,4.58710666801785,7.1487238716854575,0.0,1.0,0.0,1.0,0.0,0.0
31,220,6.6861346943483255,6.493201198461299,0.0,1.0,0.0,0.0,0.0,0.0
32,220,9.418293819384994,2.125830354511136,0.0,1.0,1.0,1.0,0.0,0.0
33,220,8.648047245105518,12.0,0.0,0.0,0.0,0.0,0.0,1.0
34,220,1.3395750482836994,12.0,1.0,0.0,1.0,0.0,1.0,1.0
35,220,6.042988078248809,9.057345453057906,0.0,0.0,1.0,0.0,1.0,0.0
36,220,5.458501564097471,5.031219266454033,0.0,1.0,1.0,0.0,0.0,0.0
37,220,0.5536919157161861,1.0270666133103308,0.0,0.0,1.0,0.0,0.0,0.0
38,220,5.782132004160226,9.942660654610783,0.0,1.0,0.0,0.0,1.0,0.0
39,220,8.68023895157687,8.292532211526861,1.0,1.0,0.0,1.0,0.0,0.0
0,225,5.716503809293405,12.0,1.0,0.0,1.0,1.0,0.0,0.0
1,225,0.0,12.0,0.0,1.0,0.0,0.0,1.0,1.0
2,225,4.411293587356044,7.799690209470394,0.0,0.0,1.0,0.0,1.0,0.0
3,225,12.0,7.957030643271003,0.0,0.0,0.0,0.0,1.0,1.0
4,225,7.979795945484563,3.988407864888792,1.0,0.0,0.0,1.0,0.0,0.0
5,225,0.7576017844726081,7.161798115115203,0.0,0.0,1.0,1.0,0.0,0.0
6,225,3.233865230181644,11.93140654703243,1.0,0.0,0.0,0.0,0.0,1.0
7,225,11.514885829159455,0.0,0.0,0.0,1.0,1.0,1.0,0.0
8,225,7.819808038943937,0.0476475206709378,1.0,0.0,0.0,0.0,0.0,1.0
9,225,7.467270043227182,8.752554468980499,1.0,1.0,0.0,0.0,0.0,0.0
10,225,1.533649168816366,5.881044200632791,1.0,1.0,1.0,0.0,0.0,0.0
11,225,11.86087381010341,9.937116802243038,0.0,0.0,1.0,1.0,0.0,1.0
12,225,9.003423530383765,3.1085207080039314,0.0,1.0,0.0,1.0,0.0,0.0
13,225,4.965452712682745,2.884744864342724,1.0,0.0,0.0,1.0,1.0,1.0
14,225,7.888315082909353,11.8776965897346,1.0,0.0,0.0,1.0,1.0,0.0
15,225,9.27357970064777,0.0,1.0,1.0,1.0,0.0,1.0,0.0
16,225,10.94494393001916,4.017796999941064,0.0,0.0,0.0,1.0,0.0,0.0
17,225,10.89681250283613,3.134710850654,0.0,0.0,0.0,0.0,0.0,1.0
18,225,11.918482889308413,7.892210773222426,0.0,0.0,0.0,1.0,1.0,0.0
19,225,5.473886613009173,6.652947894617284,0.0,0.0,1.0,0.0,1.0,0.0
20,225,4.86822264079731,6.866855773372621,0.0,0.0,1.0,0.0,1.0,1.0
21,225,0.9763146640492149,2.3308904824379284,0.0,1.0,0.0,1.0,0.0,0.0
22,225,1.7252491304164137,10.25972334279279,1.0,1.0,0.0,0.0,0.0,1.0
23,225,3.5736387783390926,0.901852253775902,1.0,1.0,0.0,1.0,0.0,0.0
24,225,7.008714806091961,0.0,0.0,1.0,0.0,0.0,0.0,1.0
25,225,10.474074932948888,2.039503198664564,0.0,1.0,1.0,0.0,0.0,0.0
26,225,3.957440578380431,3.6729857353476434,0.0,1.0,1.0,1.0,0.0,1.0
27,225,0.0,3.2252032936610897,1.0,0.0,0.0,1.0,1.0,0.0
28,225,11.920013377382382,2.377022715977167,1.0,1.0,0.0,1.0,0.0,1.0
29,225,11.462809882965184,11.34948178583702,1.0,0.0,0.0,0.0,1.0,1.0
30,225,4.577306781570766,7.154846867229662,0.0,1.0,0.0,1.0,0.0,0.0
31,225,6.776747883475914,6.505971798416108,0.0,1.0,0.0,0.0,0.0,0.0
32,225,9.401772868296192,2.1316681224923437,0.0,1.0,1.0,1.0,0.0,0.0
33,225,8.64051723060304,12.0,0.0,0.0,0.0,0.0,0.0,1.0
34,225,1.4759860887737686,12.0,1.0,0.0,1.0,0.0,1.0,1.0
35,225,6.167289081020507,9.155230719641422,0.0,0.0,1.0,0.0,1.0,0.0
36,225,5.373728208906575,4.941232940099436,0.0,1.0,1.0,0.0,0.0,0.0
37,225,0.455491480024685,1.0347173508551395,0.0,0.0,1.0,0.0,0.0,0.0
38,225,5.79265479920229,9.886812863269428,0.0,1.0,0.0,0.0,1.0,0.0
39,225,8.673680593382329,8.232848059784581,1.0,1.0,0.0,1.0,0.0,0.0
0,230,5.5934768317492765,11.938560398466551,1.0,0.0,1.0,1.0,0.0,0.0
1,230,0.0,12.0,0.0,1.0,0.0,0.0,1.0,1.0
2,230,4.392990207400612,7.779001342856311,0.0,0.0,1.0,0.0,1.0,0.0
3,230,12.0,7.888876576943558,0.0,0.0,0.0,0.0,1.0,1.0
4,230,8.041865236753711,3.863476183763287,1.0,0.0,0.0,1.0,0.0,0.0
5,230,0.672010841271972,7.198759619285871,0.0,0.0,1.0,1.0,0.0,0.0
6,230,3.3229418500345487,11.979053619252657,1.0,0.0,0.0,0.0,0.0,1.0
7,230,11.523810691772267,0.0,0.0,0.0,1.0,1.0,1.0,0.0
8,230,7.830325723587392,0.1177015103779141,1.0,0.0,0.0,0.0,0.0,1.0
9,230,7.425897339543166,8.823513685160057,1.0,1.0,0.0,0.0,0.0,0.0
10,230,1.4844942043306106,5.956941302518298,1.0,1.0,1.0,0.0,0.0,0.0
11,230,11.87925845379616,9.99977984661852,0.0,0.0,1.0,1.0,0.0,1.0
12,230,9.053081216037986,3.1040924547157798,0.0,1.0,0.0,1.0,0.0,0.0
13,230,4.911540562190648,2.8771743680353903,1.0,0.0,0.0,1.0,1.0,1.0
14,230,7.859385904645488,11.856938892726124,1.0,0.0,0.0,1.0,1.0,0.0
15,230,9.437637311034097,0.0,1.0,1.0,1.0,0.0,1.0,0.0
16,230,10.891710695243844,4.067942301537856,0.0,0.0,0.0,1.0,0.0,0.0
17,230,10.813039757632865,3.1745989136924986,0.0,0.0,0.0,0.0,0.0,1.0
18,230,11.931700501332612,7.875968131328634,0.0,0.0,0.0,1.0,1.0,0.0
19,230,5.4643964293925,6.661810847834597,0.0,0.0,1.0,0.0,1.0,0.0
20,230,4.911609629866233,6.847748982945233,0.0,0.0,1.0,0.0,1.0,1.0
21,230,0.9338445386215768,2.3415544748839228,0.0,1.0,0.0,1.0,0.0,0.0
22,230,1.670608060412687,10.243884343450889,1.0,1.0,0.0,0.0,0.0,1.0
23,230,3.604160174309484,0.8620039889311198,1.0,1.0,0.0,1.0,0.0,0.0
24,230,6.914708679541024,0.0,0.0,1.0,0.0,0.0,0.0,1.0
25,230,10.661215127826624,2.145259089933527,0.0,1.0,1.0,0.0,0.0,0.0
26,230,3.900440490497117,3.597636190124579,0.0,1.0,1.0,1.0,0.0,1.0
27,230,0.0,3.1487468537797456,1.0,0.0,0.0,1.0,1.0,0.0
28,230,12.0,2.420254703860782,1.0,1.0,0.0,1.0,0.0,1.0
29,230,11.43694830039409,11.381159023378698,1.0,0.0,0.0,0.0,1.0,1.0
30,230,4.577566020547317,7.154679330087795,0.0,1.0,0.0,1.0,0.0,0.0
31,230,6.848135392167682,6.51403993804127,0.0,1.0,0.0,0.0,0.0,0.0
32,230,9.351564706817376,2.150131608838874,0.0,1.0,1.0,1.0,0.0,0.0
33,230,8.635109867415293,12.0,0.0,0.0,0.0,0.0,0.0,1.0
34,230,1.6202398186088824,12.0,1.0,0.0,1.0,0.0,1.0,1.0
35,230,6.285396990594683,9.252264645573684,0.0,0.0,1.0,0.0,1.0,0.0
36,230,5.288864654837165,4.857495504372762,0.0,1.0,1.0,0.0,0.0,0.0
37,230,0.342030272398453,1.0439053229117756,0.0,0.0,1.0,0.0,0.0,0.0
38,230,5.808475224333147,9.814973906477162,0.0,1.0,0.0,0.0,1.0,0.0
39,230,8.669581954987855,8.197864750225147,1.0,1.0,0.0,1.0,0.0,0.0
0,235,5.4555944961333696,11.873090527170849,1.0,0.0,1.0,1.0,0.0,0.0
1,235,0.0,12.0,0.0,1.0,0.0,0.0,1.0,1.0
2,235,4.378358135235343,7.762012895531956,0.0,0.0,1.0,0.0,1.0,0.0
3,235,12.0,7.823413355664129,0.0,0.0,0.0,0.0,1.0,1.0
4,235,8.110098433461648,3.7218828535158255,1.0,0.0,0.0,1.0,0.0,0.0
5,235,0.5808416066919981,7.239385725402949,0.0,0.0,1.0,1.0,0.0,0.0
6,235,3.4256256036482173,12.0,1.0,0.0,0.0,0.0,0.0,1.0
7,235,11.524784374891382,0.0,0.0,0.0,1.0,1.0,1.0,0.0
8,235,7.8402910656607,0.1787496216648868,1.0,0.0,0.0,0.0,0.0,1.0
9,235,7.381507686383579,8.894908556128687,1.0,1.0,0.0,0.0,0.0,0.0
10,235,1.4248293930931055,6.045988337039478,1.0,1.0,1.0,0.0,0.0,0.0
11,235,11.898312513384909,10.079223218953548,0.0,0.0,1.0,1.0,0.0,1.0
12,235,9.120253610249184,3.098497932736691,0.0,1.0,0.0,1.0,0.0,0.0
13,235,4.860956551124068,2.87031776040232,1.0,0.0,0.0,1.0,1.0,1.0
14,235,7.842185414437512,11.844804103031327,1.0,0.0,0.0,1.0,1.0,0.0
15,235,9.6025333663216,0.0,1.0,1.0,1.0,0.0,1.0,0.0
16,235,10.834495182916736,4.121627803175088,0.0,0.0,0.0,1.0,0.0,0.0
17,235,10.725297397273495,3.2166105980663726,0.0,0.0,0.0,0.0,0.0,1.0
18,235,11.946932112405252,7.85669743256053,0.0,0.0,0.0,1.0,1.0,0.0
19,235,5.468615208806412,6.6577148009406,0.0,0.0,1.0,0.0,1.0,0.0
20,235,4.953003429517593,6.828508323026047,0.0,0.0,1.0,0.0,1.0,1.0
21,235,0.9236261545876696,2.3017162416641,0.0,1.0,0.0,1.0,0.0,0.0
22,235,1.618204409223215,10.228319292659677,1.0,1.0,0.0,0.0,0.0,1.0
23,235,3.61391894045376,0.8495410746964182,1.0,1.0,0.0,1.0,0.0,0.0
24,235,6.831483651068275,0.0,0.0,1.0,0.0,0.0,0.0,1.0
25,235,10.856604683769326,2.255060702067299,0.0,1.0,1.0,0.0,0.0,0.0
26,235,3.832128975996581,3.5114158717872197,0.0,1.0,1.0,1.0,0.0,1.0
27,235,0.0,3.0835152609990466,1.0,0.0,0.0,1.0,1.0,0.0
28,235,12.0,2.4641706033874704,1.0,1.0,0.0,1.0,0.0,1.0
29,235,11.38983717849401,11.442672535116884,1.0,0.0,0.0,0.0,1.0,1.0
30,235,4.606284711238715,7.1354503090865,0.0,1.0,0.0,1.0,0.0,0.0
31,235,6.94076023511243,6.526628546820991,0.0,1.0,0.0,0.0,0.0,0.0
32,235,9.303445422173326,2.1670970764855864,0.0,1.0,1.0,1.0,0.0,0.0
33,235,8.628396023190264,12.0,0.0,0.0,0.0,0.0,0.0,1.0
34,235,1.7754121950066768,12.0,1.0,0.0,1.0,0.0,1.0,1.0
35,235,6.411491187708838,9.349689620305991,0.0,0.0,1.0,0.0,1.0,0.0
36,235,5.2213716277298925,4.789904531204232,0.0,1.0,1.0,0.0,0.0,0.0
37,235,0.2116197292613403,1.057242543818279,0.0,0.0,1.0,0.0,0.0,0.0
38,235,5.825790206065338,9.736359066687235,0.0,1.0,0.0,0.0,1.0,0.0
39,235,8.668294560830512,8.183183483101118,1.0,1.0,0.0,1.0,0.0,0.0
0,240,5.334793368975598,11.816851854095956,1.0,0.0,1.0,1.0,0.0,0.0
1,240,0.0,12.0,0.0,1.0,0.0,0.0,1.0,1.0
2,240,4.362926357509792,7.744906039468161,0.0,0.0,1.0,0.0,1.0,0.0
3,240,12.0,7.759952519791171,0.0,0.0,0.0,0.0,1.0,1.0
4,240,8.173265164879506,3.584903655681187,1.0,0.0,0.0,1.0,0.0,0.0
5,240,0.4934891169708671,7.275425831286992,0.0,0.0,1.0,1.0,0.0,0.0
6,240,3.535382014761752,12.0,1.0,0.0,0.0,0.0,0.0,1.0
7,240,11.519780547084066,0.0105974849490985,0.0,0.0,1.0,1.0,1.0,0.0
8,240,7.8520066274142755,0.2465723018132877,1.0,0.0,0.0,0.0,0.0,1.0
9,240,7.335336831512988,8.965714730372556,1.0,1.0,0.0,0.0,0.0,0.0
10,240,1.3592302224238888,6.1453398456687065,1.0,1.0,1.0,0.0,0.0,0.0
11,240,11.92026002382388,10.17610235750594,0.0,0.0,1.0,1.0,0.0,1.0
12,240,9.199090265723212,3.092653360928249,0.0,1.0,0.0,1.0,0.0,0.0
13,240,4.789056428744529,2.861741574259128,1.0,0.0,0.0,1.0,1.0,1.0
14,240,7.799252950324989,11.815178373502691,1.0,0.0,0.0,1.0,1.0,0.0
15,240,9.758709648030576,0.0,1.0,1.0,1.0,0.0,1.0,0.0
16,240,10.783200336082484,4.169641457818222,0.0,0.0,0.0,1.0,0.0,0.0
17,240,10.65320122855558,3.249009121382032,0.0,0.0,0.0,0.0,0.0,1.0
18,240,11.965019112943995,7.831581696929968,0.0,0.0,0.0,1.0,1.0,0.0
19,240,5.470158519591593,6.65617989486337,0.0,0.0,1.0,0.0,1.0,0.0
20,240,5.008604922841341,6.803111675100755,0.0,0.0,1.0,0.0,1.0,1.0
21,240,0.9114311859418704,2.253308154899798,0.0,1.0,0.0,1.0,0.0,0.0
22,240,1.551434025781667,10.207009029479847,1.0,1.0,0.0,0.0,0.0,1.0
23,240,3.6204301547915536,0.8415831865356238,1.0,1.0,0.0,1.0,0.0,0.0
24,240,6.734777911706646,0.0,0.0,1.0,0.0,0.0,0.0,1.0
25,240,11.035749826539094,2.357519483600291,0.0,1.0,1.0,0.0,0.0,0.0
26,240,3.759850862644568,3.424847382819296,0.0,1.0,1.0,1.0,0.0,1.0
27,240,0.0,3.0063774430533883,1.0,0.0,0.0,1.0,1.0,0.0
28,240,12.0,2.5042081403254497,1.0,1.0,0.0,1.0,0.0,1.0
29,240,11.33919268541227,11.510249931805404,1.0,0.0,0.0,0.0,1.0,1.0
30,240,4.640018669669622,7.111823354477195,0.0,1.0,0.0,1.0,0.0,0.0
31,240,6.999834554985235,6.53481251751638,0.0,1.0,0.0,0.0,0.0,0.0
32,240,9.27538010071997,2.177226151424146,0.0,1.0,1.0,1.0,0.0,0.0
33,240,8.631967063340694,11.99212267587479,0.0,0.0,0.0,0.0,0.0,1.0
34,240,1.920199991779148,12.0,1.0,0.0,1.0,0.0,1.0,1.0
35,240,6.524262921108813,9.435506896785457,0.0,0.0,1.0,0.0,1.0,0.0
36,240,5.147431770049484,4.718306029626999,0.0,1.0,1.0,0.0,0.0,0.0
37,240,0.069859951582045,1.0737121431069396,0.0,0.0,1.0,0.0,0.0,0.0
38,240,5.842452913682734,9.65600010181822,0.0,1.0,0.0,0.0,1.0,0.0
39,240,8.66665975497472,8.165613336439023,1.0,1.0,0.0,1.0,0.0,0.0
0,245,5.192758658621416,11.74765296174676,1.0,0.0,1.0,1.0,0.0,0.0
1,245,0.0,12.0,0.0,1.0,0.0,0.0,1.0,1.0
2,245,4.338633121447667,7.718699678014051,0.0,0.0,1.0,0.0,1.0,0.0
3,245,12.0,7.695502765812234,0.0,0.0,0.0,0.0,1.0,1.0
4,245,8.232274409626651,3.457093033587957,1.0,0.0,0.0,1.0,0.0,0.0
5,245,0.4045779173696107,7.310762244157626,0.0,0.0,1.0,1.0,0.0,0.0
6,245,3.6463476664970464,12.0,1.0,0.0,0.0,0.0,0.0,1.0
7,245,11.51486135724486,0.0204746568630247,0.0,0.0,1.0,1.0,1.0,0.0
8,245,7.86080210472523,0.2955692439517733,1.0,0.0,0.0,0.0,0.0,1.0
9,245,7.295197577608209,9.029023537271764,1.0,1.0,0.0,0.0,0.0,0.0
10,245,1.287390957427038,6.245660153806466,1.0,1.0,1.0,0.0,0.0,0.0
11,245,11.94094918344171,10.26420006785336,0.0,0.0,1.0,1.0,0.0,1.0
12,245,9.299045342619795,3.083823892476248,0.0,1.0,0.0,1.0,0.0,0.0
13,245,4.703385606360292,2.850562084006928,1.0,0.0,0.0,1.0,1.0,1.0
14,245,7.757021012659337,11.78399770237811,1.0,0.0,0.0,1.0,1.0,0.0
15,245,9.92292598336282,0.0,1.0,1.0,1.0,0.0,1.0,0.0
16,245,10.7188397648803,4.231035649567518,0.0,0.0,0.0,1.0,0.0,0.0
17,245,10.58803092573237,3.277076839787142,0.0,0.0,0.0,0.0,0.0,1.0
18,245,11.978736895729584,7.811725344039203,0.0,0.0,0.0,1.0,1.0,0.0
19,245,5.463959814849346,6.66211502530307,0.0,0.0,1.0,0.0,1.0,0.0
20,245,5.021756841466322,6.796922700612372,0.0,0.0,1.0,0.0,1.0,1.0
21,245,0.9047210589488957,2.2270267791027507,0.0,1.0,0.0,1.0,0.0,0.0
22,245,1.4743911396211222,10.183658762753304,1.0,1.0,0.0,0.0,0.0,1.0
23,245,3.608978239505472,0.8556211679063563,1.0,1.0,0.0,1.0,0.0,0.0
24,245,6.645524585771585,0.0,0.0,1.0,0.0,0.0,0.0,1.0
25,245,11.20671804372036,2.4501365478806867,0.0,1.0,1.0,0.0,0.0,0.0
26,245,3.688556877689782,3.343666888523207,0.0,1.0,1.0,1.0,0.0,1.0
27,245,0.0,2.930342513975885,1.0,0.0,0.0,1.0,1.0,0.0
28,245,12.0,2.54901740436944,1.0,1.0,0.0,1.0,0.0,1.0
29,245,11.2895997076448,11.57347214515954,1.0,0.0,0.0,0.0,1.0,1.0
30,245,4.673034298902254,7.08926196651331,0.0,1.0,0.0,1.0,0.0,0.0
31,245,7.047755424317388,6.542282050214996,0.0,1.0,0.0,0.0,0.0,0.0
32,245,9.230160837624268,2.194669957689058,0.0,1.0,1.0,1.0,0.0,0.0
33,245,8.636307468123908,11.982848121251264,0.0,0.0,0.0,0.0,0.0,1.0
34,245,1.912357349799364,12.0,1.0,0.0,1.0,0.0,1.0,1.0
35,245,6.627702545914303,9.516353212710426,0.0,0.0,1.0,0.0,1.0,0.0
36,245,5.073833936421148,4.648484532626888,0.0,1.0,1.0,0.0,0.0,0.0
37,245,0.0,1.08823171863711,0.0,0.0,1.0,0.0,0.0,0.0
38,245,5.859026722185259,9.574522221788028,0.0,1.0,0.0,0.0,1.0,0.0
39,245,8.66149601882403,8.118189656166269,1.0,1.0,0.0,1.0,0.0,0.0
0,250,5.055071593851896,11.682097158765082,1.0,0.0,1.0,1.0,0.0,0.0
1,250,0.0,12.0,0.0,1.0,0.0,0.0,1.0,1.0
2,250,4.322783236258064,7.701714393542312,0.0,0.0,1.0,0.0,1.0,0.0
3,250,12.0,7.622078942472072,0.0,0.0,0.0,0.0,1.0,1.0
4,250,8.287365175210017,3.3395095921731497,1.0,0.0,0.0,1.0,0.0,0.0
5,250,0.2943445668931961,7.357334332280495,0.0,0.0,1.0,1.0,0.0,0.0
6,250,3.749183748086501,12.0,1.0,0.0,0.0,0.0,0.0,1.0
7,250,11.505545642644202,0.0382147544936436,0.0,0.0,1.0,1.0,1.0,0.0
8,250,7.872207943385359,0.3553781996515642,1.0,0.0,0.0,0.0,0.0,1.0
9,250,7.247544422195991,9.105032033249046,1.0,1.0,0.0,0.0,0.0,0.0
10,250,1.2263931727575472,6.331733899706815,1.0,1.0,1.0,0.0,0.0,0.0
11,250,11.9597016678614,10.342162051442674,0.0,0.0,1.0,1.0,0.0,1.0
12,250,9.398307472422331,3.0742274393411493,0.0,1.0,0.0,1.0,0.0,0.0
13,250,4.6038274421869145,2.8368365342372286,1.0,0.0,0.0,1.0,1.0,1.0
14,250,7.716116114528374,11.751309708289162,1.0,0.0,0.0,1.0,1.0,0.0
15,250,10.07666773995896,0.0,1.0,1.0,1.0,0.0,1.0,0.0
16,250,10.640701808925533,4.304431998476432,0.0,0.0,0.0,1.0,0.0,0.0
17,250,10.487471084379129,3.3205900871265195,0.0,0.0,0.0,0.0,0.0,1.0
18,250,11.988019582653726,7.798241525302968,0.0,0.0,0.0,1.0,1.0,0.0
19,250,5.461653740725011,6.664316912663107,0.0,0.0,1.0,0.0,1.0,0.0
20,250,5.011861954059793,6.801879074061542,0.0,0.0,1.0,0.0,1.0,1.0
21,250,0.9012431320076582,2.213196537008656,0.0,1.0,0.0,1.0,0.0,0.0
22,250,1.3840117425994696,10.157889058267244,1.0,1.0,0.0,0.0,0.0,1.0
23,250,3.5863422084566223,0.8835283886361961,1.0,1.0,0.0,1.0,0.0,0.0
24,250,6.551471778051949,0.0,0.0,1.0,0.0,0.0,0.0,1.0
25,250,11.375642757611152,2.5440538981129346,0.0,1.0,1.0,0.0,0.0,0.0
26,250,3.615013089605499,3.260907000074743,0.0,1.0,1.0,1.0,0.0,1.0
27,250,0.0,2.859369349615904,1.0,0.0,0.0,1.0,1.0,0.0
28,250,12.0,2.586270298389682,1.0,1.0,0.0,1.0,0.0,1.0
29,250,11.227631086105823,11.654821933591014,1.0,0.0,0.0,0.0,1.0,1.0
30,250,4.69896725970359,7.071362071762474,0.0,1.0,0.0,1.0,0.0,0.0
31,250,7.088950928806569,6.54995577302943,0.0,1.0,0.0,0.0,0.0,0.0
32,250,9.1852856025595,2.2121433816169844,0.0,1.0,1.0,1.0,0.0,0.0
33,250,8.62861877284984,11.997759509709544,0.0,0.0,0.0,0.0,0.0,1.0
34,250,1.907866488794829,12.0,1.0,0.0,1.0,0.0,1.0,1.0
35,250,6.715705565792212,9.58691425607306,0.0,0.0,1.0,0.0,1.0,0.0
36,250,5.003553640652044,4.580246686245879,0.0,1.0,1.0,0.0,0.0,0.0
37,250,0.0,1.1016764492694155,0.0,0.0,1.0,0.0,0.0,0.0
38,250,5.874177159059945,9.4916145212214,0.0,1.0,0.0,0.0,1.0,0.0
39,250,8.65489630652612,8.061245063153244,1.0,1.0,0.0,1.0,0.0,0.0
0,255,4.925751910826867,11.617292956020156,1.0,0.0,1.0,1.0,0.0,0.0
1,255,0.0,12.0,0.0,1.0,0.0,0.0,1.0,1.0
2,255,4.310033516727444,7.688602896569036,0.0,0.0,1.0,0.0,1.0,0.0
3,255,12.0,7.550775663266103,0.0,0.0,0.0,0.0,1.0,1.0
4,255,8.349374037937778,3.2109958311985443,1.0,0.0,0.0,1.0,0.0,0.0
5,255,0.2068258576855446,7.39357929096802,0.0,0.0,1.0,1.0,0.0,0.0
6,255,3.858868488127489,12.0,1.0,0.0,0.0,0.0,0.0,1.0
7,255,11.486844839787487,0.070958153957648,0.0,0.0,1.0,1.0,1.0,0.0
8,255,7.886191040669259,0.4308384701579137,1.0,0.0,0.0,0.0,0.0,1.0
9,255,7.206454203092927,9.175747244470337,1.0,1.0,0.0,0.0,0.0,0.0
10,255,1.164523270320009,6.4183314768674,1.0,1.0,1.0,0.0,0.0,0.0
11,255,11.971062002321435,10.399672329994084,0.0,0.0,1.0,1.0,0.0,1.0
12,255,9.501161153265867,3.0655501889136376,0.0,1.0,0.0,1.0,0.0,0.0
13,255,4.501264840581469,2.819469134984673,1.0,0.0,0.0,1.0,1.0,1.0
14,255,7.690860631028297,11.73186826594629,1.0,0.0,0.0,1.0,1.0,0.0
15,255,10.231168811779854,0.0,1.0,1.0,1.0,0.0,1.0,0.0
16,255,10.567559087618951,4.371514496684925,0.0,0.0,0.0,1.0,0.0,0.0
17,255,10.391406872447162,3.361946328141616,0.0,0.0,0.0,0.0,0.0,1.0
18,255,11.99642907696408,7.785335271117895,0.0,0.0,0.0,1.0,1.0,0.0
19,255,5.442846737470524,6.68290885950787,0.0,0.0,1.0,0.0,1.0,0.0
20,255,4.999761938104556,6.806882952872422,0.0,0.0,1.0,0.0,1.0,1.0
21,255,0.9024615935256728,2.218115208133508,0.0,1.0,0.0,1.0,0.0,0.0
22,255,1.279603599672617,10.12879663068501,1.0,1.0,0.0,0.0,0.0,1.0
23,255,3.554629748437468,0.9253769773247004,1.0,1.0,0.0,1.0,0.0,0.0
24,255,6.442361296192947,0.0,0.0,1.0,0.0,0.0,0.0,1.0
25,255,11.54491365266354,2.634155587657333,0.0,1.0,1.0,0.0,0.0,0.0
26,255,3.537924653848608,3.1769998537505075,0.0,1.0,1.0,1.0,0.0,1.0
27,255,0.0,2.7919599576818013,1.0,0.0,0.0,1.0,1.0,0.0
28,255,12.0,2.6264004243708423,1.0,1.0,0.0,1.0,0.0,1.0
29,255,11.16179847979712,11.736926736697365,1.0,0.0,0.0,0.0,1.0,1.0
30,255,4.719385932601975,7.057444559087095,0.0,1.0,0.0,1.0,0.0,0.0
31,255,7.146070612734548,6.562952150302292,0.0,1.0,0.0,0.0,0.0,0.0
32,255,9.14751277924666,2.227060599783968,0.0,1.0,1.0,1.0,0.0,0.0
33,255,8.62732843295151,12.0,0.0,0.0,0.0,0.0,0.0,1.0
34,255,1.9037923480543932,12.0,1.0,0.0,1.0,0.0,1.0,1.0
35,255,6.806890271386772,9.665525505199176,0.0,0.0,1.0,0.0,1.0,0.0
36,255,4.9244016063736415,4.507439807418669,0.0,1.0,1.0,0.0,0.0,0.0
37,255,0.0,1.1141772726197976,0.0,0.0,1.0,0.0,0.0,0.0
38,255,5.88822226320613,9.41308997330672,0.0,1.0,0.0,0.0,1.0,0.0
39,255,8.650048385184043,8.018980463856582,1.0,1.0,0.0,1.0,0.0,0.0
0,260,4.817707461688462,11.565412451464908,1.0,0.0,1.0,1.0,0.0,0.0
1,260,0.0,12.0,0.0,1.0,0.0,0.0,1.0,1.0
2,260,4.296954138194155,7.675464510539684,0.0,0.0,1.0,0.0,1.0,0.0
3,260,12.0,7.483694125782257,0.0,0.0,0.0,0.0,1.0,1.0
4,260,8.416697835394872,3.0630973126377,1.0,0.0,0.0,1.0,0.0,0.0
5,260,0.132118592742852,7.424031869375575,0.0,0.0,1.0,1.0,0.0,0.0
6,260,3.9651103060445134,12.0,1.0,0.0,0.0,0.0,0.0,1.0
7,260,11.472781338154247,0.0949085667636457,0.0,0.0,1.0,1.0,1.0,0.0
8,260,7.899031218441745,0.4951593078134835,1.0,0.0,0.0,0.0,0.0,1.0
9,260,7.167304449464224,9.246733852260748,1.0,1.0,0.0,0.0,0.0,0.0
10,260,1.0856005918015137,6.530597126080866,1.0,1.0,1.0,0.0,0.0,0.0
11,260,11.982452242953796,10.45852024008573,0.0,0.0,1.0,1.0,0.0,1.0
12,260,9.624211988460818,3.057623036825932,0.0,1.0,0.0,1.0,0.0,0.0
13,260,4.392407747140116,2.801983651609454,1.0,0.0,0.0,1.0,1.0,1.0
14,260,7.649840816657455,11.701285614525284,1.0,0.0,0.0,1.0,1.0,0.0
15,260,10.388784535406382,0.0,1.0,1.0,1.0,0.0,1.0,0.0
16,260,10.502362185677804,4.431180700157581,0.0,0.0,0.0,1.0,0.0,0.0
17,260,10.278150816059073,3.408775388490664,0.0,0.0,0.0,0.0,0.0,1.0
18,260,11.995154970636566,7.787287128989258,0.0,0.0,0.0,1.0,1.0,0.0
19,260,5.415874168560669,6.711422394994369,0.0,0.0,1.0,0.0,1.0,0.0
20,260,4.998906135719052,6.807202019305649,0.0,0.0,1.0,0.0,1.0,1.0
21,260,0.9036798842213498,2.2228729830020675,0.0,1.0,0.0,1.0,0.0,0.0
22,260,1.175995256268452,10.09879592345031,1.0,1.0,0.0,0.0,0.0,1.0
23,260,3.5378074087252327,0.948237776514996,1.0,1.0,0.0,1.0,0.0,0.0
24,260,6.330077039855102,0.0,0.0,1.0,0.0,0.0,0.0,1.0
25,260,11.709936511792794,2.7230324675316924,0.0,1.0,1.0,0.0,0.0,0.0
26,260,3.4405038303065165,3.073157580208315,0.0,1.0,1.0,1.0,0.0,1.0
27,260,0.0,2.733853807882276,1.0,0.0,0.0,1.0,1.0,0.0
28,260,12.0,2.66809022075925,1.0,1.0,0.0,1.0,0.0,1.0
29,260,11.09791344395481,11.812580362442072,1.0,0.0,0.0,0.0,1.0,1.0
30,260,4.737547984359944,7.044339785432777,0.0,1.0,0.0,1.0,0.0,0.0
31,260,7.20710450902001,6.57734584596496,0.0,1.0,0.0,0.0,0.0,0.0
32,260,9.11811840974394,2.238937332278645,0.0,1.0,1.0,1.0,0.0,0.0
33,260,8.635936526825454,11.984166747096785,0.0,0.0,0.0,0.0,0.0,1.0
34,260,1.9014532726416675,12.0,1.0,0.0,1.0,0.0,1.0,1.0
35,260,6.905735429886492,9.75088465357436,0.0,0.0,1.0,0.0,1.0,0.0
36,260,4.845546163175282,4.435513930281159,0.0,1.0,1.0,0.0,0.0,0.0
37,260,0.0,1.1259323569362727,0.0,0.0,1.0,0.0,0.0,0.0
38,260,5.902531192615271,9.326305926742984,0.0,1.0,0.0,0.0,1.0,0.0
39,260,8.647171723945236,7.994668356942155,1.0,1.0,0.0,1.0,0.0,0.0
0,265,4.716092260274396,11.51426767356152,1.0,0.0,1.0,1.0,0.0,0.0
1,265,0.0,12.0,0.0,1.0,0.0,0.0,1.0,1.0
2,265,4.274461982935808,7.653118800548728,0.0,0.0,1.0,0.0,1.0,0.0
3,265,12.0,7.419207177528236,0.0,0.0,0.0,0.0,1.0,1.0
4,265,8.486977819829491,2.906291241233536,1.0,0.0,0.0,1.0,0.0,0.0
5,265,0.0404520583261855,7.463069317479244,0.0,0.0,1.0,1.0,0.0,0.0
6,265,4.077793716840598,12.0,1.0,0.0,0.0,0.0,0.0,1.0
7,265,11.447841151736345,0.1407992734199049,0.0,0.0,1.0,1.0,1.0,0.0
8,265,7.905188851080844,0.5390335756574204,1.0,0.0,0.0,0.0,0.0,1.0
9,265,7.1346501833677936,9.305320445977609,1.0,1.0,0.0,0.0,0.0,0.0
10,265,1.0043707604519383,6.644082752778232,1.0,1.0,1.0,0.0,0.0,0.0
11,265,11.994206127485162,10.521326448700496,0.0,0.0,1.0,1.0,0.0,1.0
12,265,9.763026413821263,3.0480064172165653,0.0,1.0,0.0,1.0,0.0,0.0
13,265,4.305745165204575,2.787963672485043,1.0,0.0,0.0,1.0,1.0,1.0
14,265,7.5930072058132465,11.66139445957274,1.0,0.0,0.0,1.0,1.0,0.0
15,265,10.544597286407493,0.0,1.0,1.0,1.0,0.0,1.0,0.0
16,265,10.441683246655565,4.48730267412775,0.0,0.0,0.0,1.0,0.0,0.0
17,265,10.158408397615908,3.459460393338575,0.0,0.0,0.0,0.0,0.0,1.0
18,265,11.983903421953514,7.804957594482477,0.0,0.0,0.0,1.0,1.0,0.0
19,265,5.397719844653044,6.731683064671734,0.0,0.0,1.0,0.0,1.0,0.0
20,265,4.979971078638718,6.814184478819819,0.0,0.0,1.0,0.0,1.0,1.0
21,265,0.898382708718522,2.202527300955158,0.0,1.0,0.0,1.0,0.0,0.0
22,265,1.0644481238439183,10.06862128990686,1.0,1.0,0.0,0.0,0.0,1.0
23,265,3.525229861265645,0.9660543293717416,1.0,1.0,0.0,1.0,0.0,0.0
24,265,6.216285392570496,0.0,0.0,1.0,0.0,0.0,0.0,1.0
25,265,11.885761036227995,2.8203007159696867,0.0,1.0,1.0,0.0,0.0,0.0
26,265,3.335113714240188,2.963244417190213,0.0,1.0,1.0,1.0,0.0,1.0
27,265,0.0,2.6744527798974587,1.0,0.0,0.0,1.0,1.0,0.0
28,265,12.0,2.7065487387118567,1.0,1.0,0.0,1.0,0.0,1.0
29,265,11.02305193896892,11.89729752517396,1.0,0.0,0.0,0.0,1.0,1.0
30,265,4.753196437606426,7.032693801475821,0.0,1.0,0.0,1.0,0.0,0.0
31,265,7.244869357222521,6.5864467197815655,0.0,1.0,0.0,0.0,0.0,0.0
32,265,9.104909708590563,2.2445215003450203,0.0,1.0,1.0,1.0,0.0,0.0
33,265,8.648606045488439,11.962263471653516,0.0,0.0,0.0,0.0,0.0,1.0
34,265,1.8998178316693524,12.0,1.0,0.0,1.0,0.0,1.0,1.0
35,265,7.008436735542031,9.838812008521511,0.0,0.0,1.0,0.0,1.0,0.0
36,265,4.782023164083454,4.379118824408274,0.0,1.0,1.0,0.0,0.0,0.0
37,265,0.0,1.1381454932857524,0.0,0.0,1.0,0.0,0.0,0.0
38,265,5.920802808807796,9.241085868405644,0.0,1.0,0.0,0.0,1.0,0.0
39,265,8.644029265905708,7.966968054053701,1.0,1.0,0.0,1.0,0.0,0.0
0,270,4.625696892070726,11.468820128244676,1.0,0.0,1.0,1.0,0.0,0.0
1,270,0.0,12.0,0.0,1.0,0.0,0.0,1.0,1.0
2,270,4.2478975545371,7.626379807316368,0.0,0.0,1.0,0.0,1.0,0.0
3,270,12.0,7.35816615275356,0.0,0.0,0.0,0.0,1.0,1.0
4,270,8.558291765112989,2.7476688993741862,1.0,0.0,0.0,1.0,0.0,0.0
5,270,0.0,7.509426960616929,0.0,0.0,1.0,1.0,0.0,0.0
6,270,4.185515986581467,12.0,1.0,0.0,0.0,0.0,0.0,1.0
7,270,11.422028916113614,0.1901896734460793,0.0,0.0,1.0,1.0,1.0,0.0
8,270,7.910179636048594,0.575431342231969,1.0,0.0,0.0,0.0,0.0,1.0
9,270,7.099317234707914,9.369042392789629,1.0,1.0,0.0,0.0,0.0,0.0
10,270,0.9185153934293816,6.767342432717751,1.0,1.0,1.0,0.0,0.0,0.0
11,270,12.0,10.57962492395663,0.0,0.0,1.0,1.0,0.0,1.0
12,270,9.911081990462424,3.037404409043903,0.0,1.0,0.0,1.0,0.0,0.0
13,270,4.197550374437647,2.771912154212653,1.0,0.0,0.0,1.0,1.0,1.0
14,270,7.538039288588075,11.620288687381157,1.0,0.0,0.0,1.0,1.0,0.0
15,270,10.704042708970247,0.0,1.0,1.0,1.0,0.0,1.0,0.0
16,270,10.36626932127007,4.557249002509165,0.0,0.0,0.0,1.0,0.0,0.0
17,270,10.016648900054191,3.516914297303128,0.0,0.0,0.0,0.0,0.0,1.0
18,270,11.979616137542571,7.811705516400218,0.0,0.0,0.0,1.0,1.0,0.0
19,270,5.379533952871663,6.753509089745656,0.0,0.0,1.0,0.0,1.0,0.0
20,270,4.9703590510424105,6.817759313251408,0.0,0.0,1.0,0.0,1.0,1.0
21,270,0.8928673666200473,2.1808046216339587,0.0,1.0,0.0,1.0,0.0,0.0
22,270,0.9494544528074336,10.034618539242684,1.0,1.0,0.0,0.0,0.0,1.0
23,270,3.5137558177709565,0.9826861830921108,1.0,1.0,0.0,1.0,0.0,0.0
24,270,6.121627580573154,0.0,0.0,1.0,0.0,0.0,0.0,1.0
25,270,12.0,2.9204731904812204,0.0,1.0,1.0,0.0,0.0,0.0
26,270,3.2307819340668447,2.8562404143587505,0.0,1.0,1.0,1.0,0.0,1.0
27,270,0.0,2.593752669169884,1.0,0.0,0.0,1.0,1.0,0.0
28,270,12.0,2.7447217772873542,1.0,1.0,0.0,1.0,0.0,1.0
29,270,10.937458587579286,11.995970174025704,1.0,0.0,0.0,0.0,1.0,1.0
30,270,4.785751528096424,7.009026189618535,0.0,1.0,0.0,1.0,0.0,0.0
31,270,7.298142889896265,6.597529608039072,0.0,1.0,0.0,0.0,0.0,0.0
32,270,9.08023809984625,2.25578404336352,0.0,1.0,1.0,1.0,0.0,0.0
33,270,8.656565957147961,11.948325001175236,0.0,0.0,0.0,0.0,0.0,1.0
34,270,1.8992890805655125,12.0,1.0,0.0,1.0,0.0,1.0,1.0
35,270,7.124178795021411,9.933767108051208,0.0,0.0,1.0,0.0,1.0,0.0
36,270,4.699823808734437,4.30965728958522,0.0,1.0,1.0,0.0,0.0,0.0
37,270,0.0,1.1477518348063462,0.0,0.0,1.0,0.0,0.0,0.0
38,270,5.941967559528929,9.15230698250168,0.0,1.0,0.0,0.0,1.0,0.0
39,270,8.642808014914195,7.951769279917223,1.0,1.0,0.0,1.0,0.0,0.0
0,275,4.529546800330516,11.421833816192832,1.0,0.0,1.0,1.0,0.0,0.0
1,275,0.0,12.0,0.0,1.0,0.0,0.0,1.0,1.0
2,275,4.207318191738056,7.586993558264773,0.0,0.0,1.0,0.0,1.0,0.0
3,275,12.0,7.296640581412181,0.0,0.0,0.0,0.0,1.0,1.0
4,275,8.630636896784617,2.58697786062032,1.0,0.0,0.0,1.0,0.0,0.0
5,275,0.0,7.5516573794858015,0.0,0.0,1.0,1.0,0.0,0.0
6,275,4.2931214501066295,12.0,1.0,0.0,0.0,0.0,0.0,1.0
7,275,11.394339573560778,0.243208876830916,0.0,0.0,1.0,1.0,1.0,0.0
8,275,7.913961594431219,0.6049082812235917,1.0,0.0,0.0,0.0,0.0,1.0
9,275,7.055234568347304,9.445778583373508,1.0,1.0,0.0,0.0,0.0,0.0
10,275,0.8177393470286602,6.913338415608304,1.0,1.0,1.0,0.0,0.0,0.0
11,275,12.0,10.643989802361268,0.0,0.0,1.0,1.0,0.0,1.0
12,275,10.061766282202468,3.026768970024893,0.0,1.0,0.0,1.0,0.0,0.0
13,275,4.096669144463902,2.759929160413126,1.0,0.0,0.0,1.0,1.0,1.0
14,275,7.4779051351356385,11.57539898849563,1.0,0.0,0.0,1.0,1.0,0.0
15,275,10.85411822910398,0.0,1.0,1.0,1.0,0.0,1.0,0.0
16,275,10.296492858643886,4.62024851462937,0.0,0.0,0.0,1.0,0.0,0.0
17,275,9.876945683965312,3.5737412913530733,0.0,0.0,0.0,0.0,0.0,1.0
18,275,11.97842639445883,7.813619446690029,0.0,0.0,0.0,1.0,1.0,0.0
19,275,5.35276067385555,6.787149665635174,0.0,0.0,1.0,0.0,1.0,0.0
20,275,4.941586356214051,6.828453428858667,0.0,0.0,1.0,0.0,1.0,1.0
21,275,0.8895843079654704,2.165908391448517,0.0,1.0,0.0,1.0,0.0,0.0
22,275,0.8400577126473369,10.003287540477157,1.0,1.0,0.0,0.0,0.0,1.0
23,275,3.4990067800101747,1.0037170933498905,1.0,1.0,0.0,1.0,0.0,0.0
24,275,6.020841850351359,0.0,0.0,1.0,0.0,0.0,0.0,1.0
25,275,12.0,3.013052795087372,0.0,1.0,1.0,0.0,0.0,0.0
26,275,3.117138362828303,2.738488135827894,0.0,1.0,1.0,1.0,0.0,1.0
27,275,0.0,2.536458596870495,1.0,0.0,0.0,1.0,1.0,0.0
28,275,12.0,2.77982805696562,1.0,1.0,0.0,1.0,0.0,1.0
29,275,10.856776256103906,12.0,1.0,0.0,0.0,0.0,1.0,1.0
30,275,4.824422353488743,6.980288203168625,0.0,1.0,0.0,1.0,0.0,0.0
31,275,7.350673967871276,6.60966221533675,0.0,1.0,0.0,0.0,0.0,0.0
32,275,9.064381153375573,2.2631491161406254,0.0,1.0,1.0,1.0,0.0,0.0
33,275,8.656522496789753,11.94839994850032,0.0,0.0,0.0,0.0,0.0,1.0
34,275,1.8969207932911545,12.0,1.0,0.0,1.0,0.0,1.0,1.0
35,275,7.247547884380257,10.033111584519508,0.0,0.0,1.0,0.0,1.0,0.0
36,275,4.6130619549355405,4.236423333476273,0.0,1.0,1.0,0.0,0.0,0.0
37,275,0.0,1.156283683703194,0.0,0.0,1.0,0.0,0.0,0.0
38,275,5.960598599424116,9.069231971233268,0.0,1.0,0.0,0.0,1.0,0.0
39,275,8.640238993954304,7.922834511894223,1.0,1.0,0.0,1.0,0.0,0.0
0,280,4.439150016708727,11.380139255728018,1.0,0.0,1.0,1.0,0.0,0.0
1,280,0.0,12.0,0.0,1.0,0.0,0.0,1.0,1.0
2,280,4.173581269144267,7.553321055462915,0.0,0.0,1.0,0.0,1.0,0.0
3,280,12.0,7.2417439582061105,0.0,0.0,0.0,0.0,1.0,1.0
4,280,8.693415642881845,2.4421726044889818,1.0,0.0,0.0,1.0,0.0,0.0
5,280,0.0,7.59088352161702,0.0,0.0,1.0,1.0,0.0,0.0
6,280,4.395603996386698,12.0,1.0,0.0,0.0,0.0,0.0,1.0
7,280,11.369245751144865,0.290141820552026,0.0,0.0,1.0,1.0,1.0,0.0
8,280,7.918536177921522,0.6379566193727684,1.0,0.0,0.0,0.0,0.0,1.0
9,280,7.01161208558339,9.52052227990804,1.0,1.0,0.0,0.0,0.0,0.0
10,280,0.7261191600017639,7.053277533503349,1.0,1.0,1.0,0.0,0.0,0.0
11,280,12.0,10.71790514767457,0.0,0.0,1.0,1.0,0.0,1.0
12,280,10.208911501611365,3.01899300534992,0.0,1.0,0.0,1.0,0.0,0.0
13,280,3.968606730718858,2.7440803887525598,1.0,0.0,0.0,1.0,1.0,1.0
14,280,7.413656528605317,11.52773088645571,1.0,0.0,0.0,1.0,1.0,0.0
15,280,11.014200001611522,0.0,1.0,1.0,1.0,0.0,1.0,0.0
16,280,10.231504218698536,4.54798404514426,0.0,0.0,0.0,1.0,0.0,0.0
17,280,9.75770266925734,3.6194637756646513,0.0,0.0,0.0,0.0,0.0,1.0
18,280,11.98318194394827,7.806575031625609,0.0,0.0,0.0,1.0,1.0,0.0
19,280,5.320906611228605,6.8286532442511865,0.0,0.0,1.0,0.0,1.0,0.0
20,280,4.906962564634015,6.842090882254303,0.0,0.0,1.0,0.0,1.0,1.0
21,280,0.8832312707134988,2.132657429987766,0.0,1.0,0.0,1.0,0.0,0.0
22,280,0.7746621189557993,9.98261995188028,1.0,1.0,0.0,0.0,0.0,1.0
23,280,3.471524116338381,1.0433316827549597,1.0,1.0,0.0,1.0,0.0,0.0
24,280,5.925571712155336,0.0,0.0,1.0,0.0,0.0,0.0,1.0
25,280,12.0,3.107828929372398,0.0,1.0,1.0,0.0,0.0,0.0
26,280,3.000246626096893,2.619240501560102,0.0,1.0,1.0,1.0,0.0,1.0
27,280,0.0,2.500736217148147,1.0,0.0,0.0,1.0,1.0,0.0
28,280,12.0,2.81903669773677,1.0,1.0,0.0,1.0,0.0,1.0
29,280,10.778474431127329,12.0,1.0,0.0,0.0,0.0,1.0,1.0
30,280,4.8682132384271375,6.947402061335724,0.0,1.0,0.0,1.0,0.0,0.0
31,280,7.403900702449811,6.622636867808724,0.0,1.0,0.0,0.0,0.0,0.0
32,280,9.04658590574002,2.271556821177055,0.0,1.0,1.0,1.0,0.0,0.0
33,280,8.655863397489755,11.949559388263957,0.0,0.0,0.0,0.0,0.0,1.0
34,280,1.893564596527215,12.0,1.0,0.0,1.0,0.0,1.0,1.0
35,280,7.385019091790619,10.143308001151883,0.0,0.0,1.0,0.0,1.0,0.0
36,280,4.529861340627376,4.163323511376918,0.0,1.0,1.0,0.0,0.0,0.0
37,280,0.0,1.1640659038060883,0.0,0.0,1.0,0.0,0.0,0.0
38,280,5.974278394437687,9.007978808836231,0.0,1.0,0.0,0.0,1.0,0.0
39,280,8.638344339211288,7.895225125265216,1.0,1.0,0.0,1.0,0.0,0.0
0,285,4.3492673271341245,11.341907299278772,1.0,0.0,1.0,1.0,0.0,0.0
1,285,0.0,12.0,0.0,1.0,0.0,0.0,1.0,1.0
2,285,4.135200651244084,7.51576046533259,0.0,0.0,1.0,0.0,1.0,0.0
3,285,12.0,7.1897922716257945,0.0,0.0,0.0,0.0,1.0,1.0
4,285,8.761252623588536,2.277198096298019,1.0,0.0,0.0,1.0,0.0,0.0
5,285,0.0,7.626228031880811,0.0,0.0,1.0,1.0,0.0,0.0
6,285,4.5147650198815565,12.0,1.0,0.0,0.0,0.0,0.0,1.0
7,285,11.342989098979618,0.3389320980010765,0.0,0.0,1.0,1.0,1.0,0.0
8,285,7.927069679599384,0.6944832670327071,1.0,0.0,0.0,0.0,0.0,1.0
9,285,6.976280610964017,9.580612432365134,1.0,1.0,0.0,0.0,0.0,0.0
10,285,0.6209107848479491,7.213489458864925,1.0,1.0,1.0,0.0,0.0,0.0
11,285,12.0,10.794042079582724,0.0,0.0,1.0,1.0,0.0,1.0
12,285,10.360639024762346,3.01288833922533,0.0,1.0,0.0,1.0,0.0,0.0
13,285,3.847370863419081,2.7315822576144595,1.0,0.0,0.0,1.0,1.0,1.0
14,285,7.348935206031053,11.479386486626534,1.0,0.0,0.0,1.0,1.0,0.0
15,285,11.17253663807511,0.0,1.0,1.0,1.0,0.0,1.0,0.0
16,285,10.176044745583436,4.485524052515009,0.0,0.0,0.0,1.0,0.0,0.0
17,285,9.613146450815236,3.672403575867148,0.0,0.0,0.0,0.0,0.0,1.0
18,285,11.991892701589148,7.794422183408846,0.0,0.0,0.0,1.0,1.0,0.0
19,285,5.309328304901951,6.843364582465011,0.0,0.0,1.0,0.0,1.0,0.0
20,285,4.848373465287082,6.862327021339915,0.0,0.0,1.0,0.0,1.0,1.0
21,285,0.8750184925961362,2.091900174240106,0.0,1.0,0.0,1.0,0.0,0.0
22,285,0.6915074913405042,9.961076229533608,1.0,1.0,0.0,0.0,0.0,1.0
23,285,3.4255212360763743,1.1084778858907058,1.0,1.0,0.0,1.0,0.0,0.0
24,285,5.827446263948997,0.0,0.0,1.0,0.0,0.0,0.0,1.0
25,285,12.0,3.207475248086286,0.0,1.0,1.0,0.0,0.0,0.0
26,285,2.879178292946817,2.495238138610371,0.0,1.0,1.0,1.0,0.0,1.0
27,285,0.0,2.4826869431516654,1.0,0.0,0.0,1.0,1.0,0.0
28,285,12.0,2.870702315965448,1.0,1.0,0.0,1.0,0.0,1.0
29,285,10.702259159462248,12.0,1.0,0.0,0.0,0.0,1.0,1.0
30,285,4.914735876877901,6.912896550305503,0.0,1.0,0.0,1.0,0.0,0.0
31,285,7.453796394681724,6.634737922163708,0.0,1.0,0.0,0.0,0.0,0.0
32,285,9.066525823298567,2.261811758429616,0.0,1.0,1.0,1.0,0.0,0.0
33,285,8.653411256782539,11.953577359914782,0.0,0.0,0.0,0.0,0.0,1.0
34,285,1.8893724917779868,12.0,1.0,0.0,1.0,0.0,1.0,1.0
35,285,7.5056044230081795,10.247690183239326,0.0,0.0,1.0,0.0,1.0,0.0
36,285,4.434083956614679,4.082168354781426,0.0,1.0,1.0,0.0,0.0,0.0
37,285,0.0,1.1693483984312831,0.0,0.0,1.0,0.0,0.0,0.0
38,285,5.989151869760382,8.94494266027635,0.0,1.0,0.0,0.0,1.0,0.0
39,285,8.635578835794295,7.856627347906487,1.0,1.0,0.0,1.0,0.0,0.0
0,290,4.257695231489797,11.304561912717904,1.0,0.0,1.0,1.0,0.0,0.0
1,290,0.0,12.0,0.0,1.0,0.0,0.0,1.0,1.0
2,290,4.097427014724005,7.481015554654188,0.0,0.0,1.0,0.0,1.0,0.0
3,290,12.0,7.141953663144832,0.0,0.0,0.0,0.0,1.0,1.0
4,290,8.815844958137781,2.136226556928727,1.0,0.0,0.0,1.0,0.0,0.0
5,290,0.0,7.662429871078095,0.0,0.0,1.0,1.0,0.0,0.0
6,290,4.626718811328186,12.0,1.0,0.0,0.0,0.0,0.0,1.0
7,290,11.314056926553649,0.3895244614943103,0.0,0.0,1.0,1.0,1.0,0.0
8,290,7.937431070099497,0.7560832491624899,1.0,0.0,0.0,0.0,0.0,1.0
9,290,6.934994882700636,9.65222062039491,1.0,1.0,0.0,0.0,0.0,0.0
10,290,0.5153574480529284,7.371992100305553,1.0,1.0,1.0,0.0,0.0,0.0
11,290,12.0,10.886659200472966,0.0,0.0,1.0,1.0,0.0,1.0
12,290,10.507632693103762,3.0119094866251497,0.0,1.0,0.0,1.0,0.0,0.0
13,290,3.735019917760857,2.718841551679919,1.0,0.0,0.0,1.0,1.0,1.0
14,290,7.29062876967787,11.435733705303846,1.0,0.0,0.0,1.0,1.0,0.0
15,290,11.330613317293912,0.0,1.0,1.0,1.0,0.0,1.0,0.0
16,290,10.121142335454662,4.426525987424566,0.0,0.0,0.0,1.0,0.0,0.0
17,290,9.477342033925922,3.7239617395652815,0.0,0.0,0.0,0.0,0.0,1.0
18,290,11.989397675083955,7.797953874356197,0.0,0.0,0.0,1.0,1.0,0.0
19,290,5.296844997255951,6.859609265428216,0.0,0.0,1.0,0.0,1.0,0.0
20,290,4.765035770812365,6.8927606371540735,0.0,0.0,1.0,0.0,1.0,1.0
21,290,0.8604783401155339,2.027023067274193,0.0,1.0,0.0,1.0,0.0,0.0
22,290,0.6050875154175723,9.938034166308256,1.0,1.0,0.0,0.0,0.0,1.0
23,290,3.376856174418799,1.174371680241456,1.0,1.0,0.0,1.0,0.0,0.0
24,290,5.738742331679766,0.0,0.0,1.0,0.0,0.0,0.0,1.0
25,290,12.0,3.315453226218647,0.0,1.0,1.0,0.0,0.0,0.0
26,290,2.755558705908949,2.3673318457765875,0.0,1.0,1.0,1.0,0.0,1.0
27,290,0.0,2.475751072674365,1.0,0.0,0.0,1.0,1.0,0.0
28,290,12.0,2.919673317895914,1.0,1.0,0.0,1.0,0.0,1.0
29,290,10.63912219357308,11.944466877578702,1.0,0.0,0.0,0.0,1.0,1.0
30,290,4.972809080177739,6.87180160230342,0.0,1.0,0.0,1.0,0.0,0.0
31,290,7.539946356735296,6.656887601282158,0.0,1.0,0.0,0.0,0.0,0.0
32,290,9.067252016224195,2.2614424697123163,0.0,1.0,1.0,1.0,0.0,0.0
33,290,8.64367438486609,11.970010301556968,0.0,0.0,0.0,0.0,0.0,1.0
34,290,1.8852865792793725,12.0,1.0,0.0,1.0,0.0,1.0,1.0
35,290,7.626473152153867,10.352070188910467,0.0,0.0,1.0,0.0,1.0,0.0
36,290,4.331878211231013,4.00109364183318,0.0,1.0,1.0,0.0,0.0,0.0
37,290,0.0,1.1742784955214338,0.0,0.0,1.0,0.0,0.0,0.0
38,290,6.006065339678647,8.869406007697071,0.0,1.0,0.0,0.0,1.0,0.0
39,290,8.631556487058093,7.805433934629825,1.0,1.0,0.0,1.0,0.0,0.0
0,295,4.163070368402087,11.267653918500235,1.0,0.0,1.0,1.0,0.0,0.0
1,295,0.0,12.0,0.0,1.0,0.0,0.0,1.0,1.0
2,295,4.058493051949459,7.444585858852849,0.0,0.0,1.0,0.0,1.0,0.0
3,295,12.0,7.096059901809164,0.0,0.0,0.0,0.0,1.0,1.0
4,295,8.874073370038063,1.975803370786664,1.0,0.0,0.0,1.0,0.0,0.0
5,295,0.0,7.698111459229806,0.0,0.0,1.0,1.0,0.0,0.0
6,295,4.677472646840213,11.902263344903451,1.0,0.0,0.0,0.0,0.0,1.0
7,295,11.283031937976382,0.4434030193389637,0.0,0.0,1.0,1.0,1.0,0.0
8,295,7.942404318302336,0.7820904349281886,1.0,0.0,0.0,0.0,0.0,1.0
9,295,6.887296445982551,9.74277155073426,1.0,1.0,0.0,0.0,0.0,0.0
10,295,0.4164530147463056,7.521099385046414,1.0,1.0,1.0,0.0,0.0,0.0
11,295,12.0,10.983587027305806,0.0,0.0,1.0,1.0,0.0,1.0
12,295,10.650819681042895,3.010685787608005,0.0,1.0,0.0,1.0,0.0,0.0
13,295,3.625316113482316,2.7037385559888434,1.0,0.0,0.0,1.0,1.0,1.0
14,295,7.24056694302511,11.396728411771514,1.0,0.0,0.0,1.0,1.0,0.0
15,295,11.472196205845751,0.0,1.0,1.0,1.0,0.0,1.0,0.0
16,295,10.061799520575606,4.361077158846932,0.0,0.0,0.0,1.0,0.0,0.0
17,295,9.329341547181674,3.781888154019097,0.0,0.0,0.0,0.0,0.0,1.0
18,295,11.985597939673788,7.80360405179332,0.0,0.0,0.0,1.0,1.0,0.0
19,295,5.284826014701726,6.87587195635438,0.0,0.0,1.0,0.0,1.0,0.0
20,295,4.690146618420608,6.921545397411236,0.0,0.0,1.0,0.0,1.0,1.0
21,295,0.8494971268617781,1.9777039167560715,0.0,1.0,0.0,1.0,0.0,0.0
22,295,0.4821845844131349,9.909138006431045,1.0,1.0,0.0,0.0,0.0,1.0
23,295,3.334115513693064,1.230106196433112,1.0,1.0,0.0,1.0,0.0,0.0
24,295,5.6316847137646695,0.0,0.0,1.0,0.0,0.0,0.0,1.0
25,295,12.0,3.4222278438547824,0.0,1.0,1.0,0.0,0.0,0.0
26,295,2.632599021954128,2.240691267538719,0.0,1.0,1.0,1.0,0.0,1.0
27,295,0.0,2.459874680471545,1.0,0.0,0.0,1.0,1.0,0.0
28,295,12.0,2.968021334117588,1.0,1.0,0.0,1.0,0.0,1.0
29,295,10.5771707450761,11.890049524282324,1.0,0.0,0.0,0.0,1.0,1.0
30,295,5.027365984767482,6.834610555764437,0.0,1.0,0.0,1.0,0.0,0.0
31,295,7.632300600871418,6.682189764288489,0.0,1.0,0.0,0.0,0.0,0.0
32,295,9.083704111642604,2.2531818829653707,0.0,1.0,1.0,1.0,0.0,0.0
33,295,8.639186151390971,11.977342735558642,0.0,0.0,0.0,0.0,0.0,1.0
34,295,1.8798340134771645,12.0,1.0,0.0,1.0,0.0,1.0,1.0
35,295,7.745670965099166,10.454436558271908,0.0,0.0,1.0,0.0,1.0,0.0
36,295,4.251282804599804,3.942365900492516,0.0,1.0,1.0,0.0,0.0,0.0
37,295,0.0,1.1799527013923956,0.0,0.0,1.0,0.0,0.0,0.0
38,295,6.023298214617018,8.783045130280206,0.0,1.0,0.0,0.0,1.0,0.0
39,295,8.629429533297637,7.779433576325558,1.0,1.0,0.0,1.0,0.0,0.0
