0,0,2.978179382068437,11.966597767048825,1.0,0.0,1.0,0.0,1.0,1.0
1,0,8.973440027297501,11.023500621692827,0.0,0.0,0.0,0.0,0.0,0.0
2,0,11.96169077310862,11.01811547559574,0.0,0.0,0.0,1.0,0.0,0.0
3,0,8.99078474579517,5.055685295201521,0.0,1.0,0.0,0.0,0.0,0.0
4,0,9.044731689691185,6.9627921934024775,0.0,1.0,1.0,1.0,0.0,1.0
5,0,9.943546890550657,3.037478518873223,0.0,0.0,1.0,1.0,0.0,1.0
6,0,2.9647427383714007,0.0489130559216361,1.0,0.0,0.0,0.0,0.0,0.0
7,0,7.034728883533619,2.940310318580217,0.0,0.0,1.0,0.0,0.0,0.0
8,0,3.961412034781853,11.039036158905772,1.0,1.0,0.0,1.0,0.0,0.0
9,0,0.9470624283904884,1.982922115849585,0.0,1.0,0.0,0.0,0.0,0.0
10,0,11.057136025540697,9.993541820484149,1.0,0.0,1.0,0.0,0.0,0.0
11,0,11.96871277614332,7.060821350187176,0.0,0.0,1.0,0.0,1.0,0.0
12,0,2.003458629078647,0.9290866694192352,0.0,1.0,0.0,0.0,0.0,1.0
13,0,10.01380178228693,4.005546340852344,0.0,1.0,1.0,1.0,0.0,0.0
14,0,8.07197742707789,7.980369418027609,0.0,0.0,0.0,0.0,0.0,0.0
15,0,10.019011437393315,3.9488590749647,0.0,0.0,1.0,1.0,0.0,1.0
16,0,0.9665912499904236,8.970922845873385,1.0,1.0,0.0,0.0,1.0,0.0
17,0,0.9704969019550193,8.00063049253712,0.0,0.0,0.0,1.0,1.0,1.0
18,0,12.0,7.00519906613163,0.0,0.0,0.0,1.0,1.0,0.0
19,0,9.981001179812209,8.9534779232526,1.0,1.0,0.0,1.0,1.0,1.0
20,0,0.0157341933766688,9.05755428127144,1.0,1.0,0.0,1.0,0.0,1.0
21,0,6.042890399085653,3.047721783047223,0.0,1.0,1.0,1.0,0.0,0.0
22,0,4.981478030301026,1.0411445497992002,0.0,1.0,0.0,0.0,1.0,0.0
23,0,3.9677653735663463,0.0,1.0,0.0,0.0,0.0,0.0,0.0
24,0,9.968681878850688,10.931723260688573,1.0,0.0,1.0,0.0,0.0,1.0
25,0,0.0739188579843486,0.0,0.0,0.0,1.0,0.0,0.0,0.0
26,0,0.9384623965533392,11.023047955487067,0.0,1.0,1.0,0.0,1.0,0.0
27,0,2.060923647320213,10.955035952840824,0.0,0.0,0.0,0.0,0.0,1.0
28,0,12.0,9.964529310224393,1.0,1.0,1.0,0.0,1.0,0.0
29,0,3.97899962841544,0.0538463183483946,1.0,1.0,0.0,1.0,1.0,1.0
30,0,11.999002482908756,5.049284007526038,0.0,0.0,1.0,0.0,1.0,0.0
31,0,9.961140294524544,0.9681291341031776,0.0,0.0,0.0,1.0,0.0,0.0
32,0,9.938377381560205,4.005459077683019,1.0,1.0,0.0,0.0,1.0,0.0
33,0,12.0,2.0131766736249084,1.0,0.0,1.0,0.0,0.0,1.0
34,0,1.0603587280287707,9.029273228720982,0.0,0.0,0.0,0.0,0.0,0.0
35,0,1.037131334630648,9.995901112595142,0.0,0.0,0.0,1.0,1.0,1.0
36,0,0.963964686848388,10.962461053518863,1.0,1.0,1.0,0.0,0.0,0.0
37,0,0.9846224870891672,5.040062002320957,1.0,0.0,1.0,0.0,0.0,0.0
38,0,9.984488407640042,2.0482313987524217,0.0,0.0,0.0,0.0,0.0,1.0
39,0,0.9506269548419152,10.9450285420174,1.0,1.0,0.0,0.0,1.0,1.0
0,5,2.94881049582722,11.919470375252796,1.0,0.0,1.0,0.0,1.0,1.0
1,5,8.945147360233873,11.047536336879242,0.0,0.0,0.0,0.0,0.0,0.0
2,5,11.904238509431451,11.045732303492862,0.0,0.0,0.0,1.0,0.0,0.0
3,5,8.98403933237764,5.1002027701506,0.0,1.0,0.0,0.0,0.0,0.0
4,5,9.099739679785824,6.9164426569050015,0.0,1.0,1.0,1.0,0.0,1.0
5,5,9.883757905123774,3.076365723845009,0.0,0.0,1.0,1.0,0.0,1.0
6,5,2.924414915582477,0.1065177557681744,1.0,0.0,0.0,0.0,0.0,0.0
7,5,7.078458738645182,2.860703836738526,0.0,0.0,1.0,0.0,0.0,0.0
8,5,3.9254153193112153,11.073789793301868,1.0,1.0,0.0,1.0,0.0,0.0
9,5,0.8786114383325486,1.96074809645006,0.0,1.0,0.0,0.0,0.0,0.0
10,5,11.094322110634009,9.988840306581311,1.0,0.0,1.0,0.0,0.0,0.0
11,5,11.930787173651588,7.131081836287871,0.0,0.0,1.0,0.0,1.0,0.0
12,5,2.008024557225902,0.8520212775943563,0.0,1.0,0.0,0.0,0.0,1.0
13,5,10.029960730181385,4.011534190560598,0.0,1.0,1.0,1.0,0.0,0.0
14,5,8.132289781346955,7.963555873986022,0.0,0.0,0.0,0.0,0.0,0.0
15,5,10.033364105661406,3.914509175457206,0.0,0.0,1.0,1.0,0.0,1.0
16,5,0.9159272983553778,8.930422552140485,1.0,1.0,0.0,0.0,1.0,0.0
17,5,0.944030741152705,8.000930122735538,0.0,0.0,0.0,1.0,1.0,1.0
18,5,12.0,7.011476315809065,0.0,0.0,0.0,1.0,1.0,0.0
19,5,9.96032367997131,8.905487349167458,1.0,1.0,0.0,1.0,1.0,1.0
20,5,0.0347404801565287,9.12644582241197,1.0,1.0,0.0,1.0,0.0,1.0
21,5,6.087818428702869,3.0963457355387387,0.0,1.0,1.0,1.0,0.0,0.0
22,5,4.96892369763521,1.0712868515854246,0.0,1.0,0.0,0.0,1.0,0.0
23,5,3.953936493769556,0.0,1.0,0.0,0.0,0.0,0.0,0.0
24,5,9.931271409583694,10.851732183286863,1.0,0.0,1.0,0.0,0.0,1.0
25,5,0.1479827600180988,0.0,0.0,0.0,1.0,0.0,0.0,0.0
26,5,0.8601150619876571,11.05292510319575,0.0,1.0,1.0,0.0,1.0,0.0
27,5,2.117159258931852,10.91324420813196,0.0,0.0,0.0,0.0,0.0,1.0
28,5,12.0,9.921634093507611,1.0,1.0,1.0,0.0,1.0,0.0
29,5,3.9637005085752,0.0949771810413204,1.0,1.0,0.0,1.0,1.0,1.0
30,5,11.997928862670191,5.088225557409171,0.0,0.0,1.0,0.0,1.0,0.0
31,5,9.919197009800362,0.9355195772982352,0.0,0.0,0.0,1.0,0.0,0.0
32,5,9.863518663189987,4.011651197944766,1.0,1.0,0.0,0.0,1.0,0.0
33,5,12.0,2.026161582633681,1.0,0.0,1.0,0.0,0.0,1.0
34,5,1.1173389954221131,9.056567136944246,0.0,0.0,0.0,0.0,0.0,0.0
35,5,1.0456802608790958,9.99496411085157,0.0,0.0,0.0,1.0,1.0,1.0
36,5,0.9274967817341616,10.925303038315528,1.0,1.0,1.0,0.0,0.0,0.0
37,5,0.9689594367517832,5.081339260228908,1.0,0.0,1.0,0.0,0.0,0.0
38,5,9.959582535522491,2.128061480724603,0.0,0.0,0.0,0.0,0.0,1.0
39,5,0.9180895461983484,10.909514007254876,1.0,1.0,0.0,0.0,1.0,1.0
0,10,2.9240255687738483,11.880341808794205,1.0,0.0,1.0,0.0,1.0,1.0
1,10,8.918923106895305,11.015713342656678,0.0,0.0,0.0,0.0,0.0,0.0
2,10,11.829242214769728,11.080884656458734,0.0,0.0,0.0,1.0,0.0,0.0
3,10,8.975482744952629,5.157208565374835,0.0,1.0,0.0,0.0,0.0,0.0
4,10,9.149156032073366,6.876694583126072,0.0,1.0,1.0,1.0,0.0,1.0
5,10,9.803544561712076,3.1257740869517847,0.0,0.0,1.0,1.0,0.0,1.0
6,10,2.9019862735923145,0.1398739236859408,1.0,0.0,0.0,0.0,0.0,0.0
7,10,7.117002874311599,2.7875675890257834,0.0,0.0,1.0,0.0,0.0,0.0
8,10,3.888686278558159,11.107444725638487,1.0,1.0,0.0,1.0,0.0,0.0
9,10,0.782249192543196,1.92838363353612,0.0,1.0,0.0,0.0,0.0,0.0
10,10,11.114376725699875,9.98631848762648,1.0,0.0,1.0,0.0,0.0,0.0
11,10,11.891406656959896,7.199644183030876,0.0,0.0,1.0,0.0,1.0,0.0
12,10,2.012504340308691,0.7512747151777595,0.0,1.0,0.0,0.0,0.0,1.0
13,10,10.040117814995876,4.015602645106834,0.0,1.0,1.0,1.0,0.0,0.0
14,10,8.170824310495052,7.952357462777499,0.0,0.0,0.0,0.0,0.0,0.0
15,10,10.04364652987784,3.888406514652871,0.0,0.0,1.0,1.0,0.0,1.0
16,10,0.8557631234502368,8.880233344696832,1.0,1.0,0.0,0.0,1.0,0.0
17,10,0.9126216999084812,8.002098620696199,0.0,0.0,0.0,1.0,1.0,1.0
18,10,12.0,7.014272937696206,0.0,0.0,0.0,1.0,1.0,0.0
19,10,9.939038045831008,8.850189251205801,1.0,1.0,0.0,1.0,1.0,1.0
20,10,0.0870630522154083,9.111844577433814,1.0,1.0,0.0,1.0,0.0,1.0
21,10,6.11321948884349,3.123597735712682,0.0,1.0,1.0,1.0,0.0,0.0
22,10,4.951852353909934,1.113573085788368,0.0,1.0,0.0,0.0,1.0,0.0
23,10,3.9673508088559046,0.0036660215973245,1.0,0.0,0.0,0.0,0.0,0.0
24,10,9.898464752193238,10.782132411914429,1.0,0.0,1.0,0.0,0.0,1.0
25,10,0.2068649465820372,0.0,0.0,0.0,1.0,0.0,0.0,0.0
26,10,0.777696567833544,11.084588122631038,0.0,1.0,1.0,0.0,1.0,0.0
27,10,2.174838009798055,10.869745496862151,0.0,0.0,0.0,0.0,0.0,1.0
28,10,12.0,9.87632459006237,1.0,1.0,1.0,0.0,1.0,0.0
29,10,3.941261478794227,0.1541521629474711,1.0,1.0,0.0,1.0,1.0,1.0
30,10,11.99584994597763,5.133075441953824,0.0,0.0,1.0,0.0,1.0,0.0
31,10,9.869285090765407,0.896415527919434,0.0,0.0,0.0,1.0,0.0,0.0
32,10,9.789476626335723,4.016133805618275,1.0,1.0,0.0,0.0,1.0,0.0
33,10,12.0,2.035434237755541,1.0,0.0,1.0,0.0,0.0,1.0
34,10,1.17871056674558,9.087561291930436,0.0,0.0,0.0,0.0,0.0,0.0
35,10,1.0457934853487072,9.99495640113001,0.0,0.0,0.0,1.0,1.0,1.0
36,10,0.8771963671077287,10.875571332255738,1.0,1.0,1.0,0.0,0.0,0.0
37,10,0.9546117777979845,5.118227079762839,1.0,0.0,1.0,0.0,0.0,0.0
38,10,9.93263433642993,2.216331773361885,0.0,0.0,0.0,0.0,0.0,1.0
39,10,0.8797551183566548,10.866882735150469,1.0,1.0,0.0,0.0,1.0,1.0
0,15,2.889914387816394,11.82815711183741,1.0,0.0,1.0,0.0,1.0,1.0
1,15,8.90429098415529,10.997953219818498,0.0,0.0,0.0,0.0,0.0,0.0
2,15,11.758305572129958,11.112573686110157,0.0,0.0,0.0,1.0,0.0,0.0
3,15,8.969110485006775,5.203220728280581,0.0,1.0,0.0,0.0,0.0,0.0
4,15,9.190854445354011,6.842257881624184,0.0,1.0,1.0,1.0,0.0,1.0
5,15,9.735443937236637,3.167448505609366,0.0,0.0,1.0,1.0,0.0,1.0
6,15,2.875781967700709,0.1791040573491343,1.0,0.0,0.0,0.0,0.0,0.0
7,15,7.1474200896021385,2.7342415952590686,0.0,0.0,1.0,0.0,0.0,0.0
8,15,3.851350932637639,11.1410818523547,1.0,1.0,0.0,1.0,0.0,0.0
9,15,0.700192713523148,1.9015356564470185,0.0,1.0,0.0,0.0,0.0,0.0
10,15,11.148246143541618,9.981751814609549,1.0,0.0,1.0,0.0,0.0,0.0
11,15,11.856409762849838,7.2602509479678705,0.0,0.0,1.0,0.0,1.0,0.0
12,15,2.017644676074032,0.646256543256936,0.0,1.0,0.0,0.0,0.0,1.0
13,15,10.054627531468125,4.021538014104164,0.0,1.0,1.0,1.0,0.0,0.0
14,15,8.221772553377098,7.937040916305211,0.0,0.0,0.0,0.0,0.0,0.0
15,15,10.050497290336285,3.868117623554698,0.0,0.0,1.0,1.0,0.0,1.0
16,15,0.7905817988120898,8.829601363635254,1.0,1.0,0.0,0.0,1.0,0.0
17,15,0.8852621827833106,8.003501209021818,0.0,0.0,0.0,1.0,1.0,1.0
18,15,12.0,7.018827227446333,0.0,0.0,0.0,1.0,1.0,0.0
19,15,9.91470362335572,8.787590362483229,1.0,1.0,0.0,1.0,1.0,1.0
20,15,0.1500524982086975,9.093877013622466,1.0,1.0,0.0,1.0,0.0,1.0
21,15,6.13228186767136,3.1446241031527853,0.0,1.0,1.0,1.0,0.0,0.0
22,15,4.939012677331158,1.144009431784779,0.0,1.0,0.0,0.0,1.0,0.0
23,15,3.9912734664135057,0.0096256613431033,1.0,0.0,0.0,0.0,0.0,0.0
24,15,9.868870340694064,10.723274855335267,1.0,0.0,1.0,0.0,0.0,1.0
25,15,0.257820976035216,0.0,0.0,0.0,1.0,0.0,0.0,0.0
26,15,0.6846860065711295,11.1220464834306,0.0,1.0,1.0,0.0,1.0,0.0
27,15,2.214665952614701,10.839341768028625,0.0,0.0,0.0,0.0,0.0,1.0
28,15,12.0,9.825503644140706,1.0,1.0,1.0,0.0,1.0,0.0
29,15,3.911831368165008,0.2343190764026501,1.0,1.0,0.0,1.0,1.0,1.0
30,15,11.992801421283849,5.178570481698522,0.0,0.0,1.0,0.0,1.0,0.0
31,15,9.827088087308306,0.8617041527866832,0.0,0.0,0.0,1.0,0.0,0.0
32,15,9.70910638515231,4.021664084102029,1.0,1.0,0.0,0.0,1.0,0.0
33,15,12.0,2.0517298085721465,1.0,0.0,1.0,0.0,0.0,1.0
34,15,1.2320933735528286,9.113670835671806,0.0,0.0,0.0,0.0,0.0,0.0
35,15,1.023902401328201,9.996647278254226,0.0,0.0,0.0,1.0,1.0,1.0
36,15,0.8330598241948771,10.832565270244348,1.0,1.0,1.0,0.0,0.0,0.0
37,15,0.9358583006301618,5.1642582178987855,1.0,0.0,1.0,0.0,0.0,0.0
38,15,9.904522505077155,2.309464089980895,0.0,0.0,0.0,0.0,0.0,1.0
39,15,0.8307168212648696,10.81557614688998,1.0,1.0,0.0,0.0,1.0,1.0
0,20,2.855549354513885,11.77740003962194,1.0,0.0,1.0,0.0,1.0,1.0
1,20,8.88384481740919,10.973204292072424,0.0,0.0,0.0,0.0,0.0,0.0
2,20,11.69157187244419,11.140788544459625,0.0,0.0,0.0,1.0,0.0,0.0
3,20,8.965061175741104,5.246810640319263,0.0,1.0,0.0,0.0,0.0,0.0
4,20,9.224922345857284,6.815252025142589,0.0,1.0,1.0,1.0,0.0,1.0
5,20,9.686833197099627,3.1972995764380934,0.0,0.0,1.0,1.0,0.0,1.0
6,20,2.847676908003121,0.222940502986075,1.0,0.0,0.0,0.0,0.0,0.0
7,20,7.1869788110865205,2.663010134975416,0.0,0.0,1.0,0.0,0.0,0.0
8,20,3.790722166243644,11.197833031118826,1.0,1.0,0.0,1.0,0.0,0.0
9,20,0.6414926702191287,1.8838782673346657,0.0,1.0,0.0,0.0,0.0,0.0
10,20,11.179869480959423,9.978191353925496,1.0,0.0,1.0,0.0,0.0,0.0
11,20,11.816002362688485,7.325399607061191,0.0,0.0,1.0,0.0,1.0,0.0
12,20,2.023681173910376,0.5464510780810932,0.0,1.0,0.0,0.0,0.0,1.0
13,20,10.077669454894233,4.030387630475894,0.0,1.0,1.0,1.0,0.0,0.0
14,20,8.286048032893248,7.918801070727244,0.0,0.0,0.0,0.0,0.0,0.0
15,20,10.056149321787249,3.850000010117292,0.0,0.0,1.0,1.0,0.0,1.0
16,20,0.7201690968263578,8.774551550881224,1.0,1.0,0.0,0.0,1.0,0.0
17,20,0.8650810881627183,8.004306200183596,0.0,0.0,0.0,1.0,1.0,1.0
18,20,12.0,7.024501109177007,0.0,0.0,0.0,1.0,1.0,0.0
19,20,9.845942694004226,8.81447725388487,1.0,1.0,0.0,1.0,1.0,1.0
20,20,0.2117685944374915,9.078447695258545,1.0,1.0,0.0,1.0,0.0,1.0
21,20,6.147367864677615,3.1607093532134685,0.0,1.0,1.0,1.0,0.0,0.0
22,20,4.9289990596524085,1.1680729361347877,0.0,1.0,0.0,0.0,1.0,0.0
23,20,4.024183859531944,0.0181148453636377,1.0,0.0,0.0,0.0,0.0,0.0
24,20,9.838571774215026,10.66293161318432,1.0,0.0,1.0,0.0,0.0,1.0
25,20,0.2961474537886708,0.0,0.0,0.0,1.0,0.0,0.0,0.0
26,20,0.5788659849948344,11.161441157104331,0.0,1.0,1.0,0.0,1.0,0.0
27,20,2.2606024490097445,10.80466087575866,0.0,0.0,0.0,0.0,0.0,1.0
28,20,12.0,9.767819006167825,1.0,1.0,1.0,0.0,1.0,0.0
29,20,3.892518627649718,0.2911966087658423,1.0,1.0,0.0,1.0,1.0,1.0
30,20,11.98871591265869,5.224798926380099,0.0,0.0,1.0,0.0,1.0,0.0
31,20,9.78193978633988,0.8233504834497096,0.0,0.0,0.0,1.0,0.0,0.0
32,20,9.63511314690616,4.027492671057586,1.0,1.0,0.0,0.0,1.0,0.0
33,20,12.0,2.0691232336404464,1.0,0.0,1.0,0.0,0.0,1.0
34,20,1.2912588668048215,9.142817141960768,0.0,0.0,0.0,0.0,0.0,0.0
35,20,1.0215161542878208,9.962381580023044,0.0,0.0,0.0,1.0,1.0,1.0
36,20,0.791673782115296,10.790916123011227,1.0,1.0,1.0,0.0,0.0,0.0
37,20,0.9163188633376532,5.214439772607965,1.0,0.0,1.0,0.0,0.0,0.0
38,20,9.877530164264709,2.397046322386187,0.0,0.0,0.0,0.0,0.0,1.0
39,20,0.777537390113968,10.763377893038747,1.0,1.0,0.0,0.0,1.0,1.0
0,25,2.8145472616788862,11.718464004563536,1.0,0.0,1.0,0.0,1.0,1.0
1,25,8.867636942716215,10.95350554810216,0.0,0.0,0.0,0.0,0.0,0.0
2,25,11.623574680166993,11.16778623621106,0.0,0.0,0.0,1.0,0.0,0.0
3,25,8.960199712660383,5.300543903618269,0.0,1.0,0.0,0.0,0.0,0.0
4,25,9.2588308706791,6.788486082489243,0.0,1.0,1.0,1.0,0.0,1.0
5,25,9.628174135960432,3.230646139392523,0.0,0.0,1.0,1.0,0.0,1.0
6,25,2.8172861468656847,0.2716193412582221,1.0,0.0,0.0,0.0,0.0,0.0
7,25,7.22848147514564,2.5869525363666326,0.0,0.0,1.0,0.0,0.0,0.0
8,25,3.738390891860525,11.247403171840077,1.0,1.0,0.0,1.0,0.0,0.0
9,25,0.579040445608093,1.8647798328581,0.0,1.0,0.0,0.0,0.0,0.0
10,25,11.21888138842539,9.973256941246747,1.0,0.0,1.0,0.0,0.0,0.0
11,25,11.77435001301564,7.390952625288601,0.0,0.0,1.0,0.0,1.0,0.0
12,25,2.0272014862616112,0.4535494351428582,0.0,1.0,0.0,0.0,0.0,1.0
13,25,10.098571064166707,4.038561659518363,0.0,1.0,1.0,1.0,0.0,0.0
14,25,8.351530251790543,7.899605560800673,0.0,0.0,0.0,0.0,0.0,0.0
15,25,10.066083224677827,3.8174958278270017,0.0,0.0,1.0,1.0,0.0,1.0
16,25,0.6523294576389661,8.722151973399113,1.0,1.0,0.0,0.0,1.0,0.0
17,25,0.8433614782466988,8.00465774970099,0.0,0.0,0.0,1.0,1.0,1.0
18,25,12.0,7.029394180174025,0.0,0.0,0.0,1.0,1.0,0.0
19,25,9.779575349988308,8.840772196473312,1.0,1.0,0.0,1.0,1.0,1.0
20,25,0.274063055057419,9.063708586167632,1.0,1.0,0.0,1.0,0.0,1.0
21,25,6.163055216162544,3.177164076863068,0.0,1.0,1.0,1.0,0.0,0.0
22,25,4.921399016596941,1.186402337800679,0.0,1.0,0.0,0.0,1.0,0.0
23,25,4.043454039028721,0.0223970408104944,1.0,0.0,0.0,0.0,0.0,0.0
24,25,9.813694561599023,10.615178995685728,1.0,0.0,1.0,0.0,0.0,1.0
25,25,0.3262526953038345,0.0,0.0,0.0,1.0,0.0,0.0,0.0
26,25,0.4649293363242436,11.199856078197728,0.0,1.0,1.0,0.0,1.0,0.0
27,25,2.2993415321867303,10.776846092951637,0.0,0.0,0.0,0.0,0.0,1.0
28,25,12.0,9.694252383855591,1.0,1.0,1.0,0.0,1.0,0.0
29,25,3.864444558278069,0.3689515348291771,1.0,1.0,0.0,1.0,1.0,1.0
30,25,11.98379071796196,5.266335942636738,0.0,0.0,1.0,0.0,1.0,0.0
31,25,9.728484489930654,0.7786661866839002,0.0,0.0,0.0,1.0,0.0,0.0
32,25,9.554594048789312,4.03331817194045,1.0,1.0,0.0,0.0,1.0,0.0
33,25,12.0,2.081713544378871,1.0,0.0,1.0,0.0,0.0,1.0
34,25,1.345998835695968,9.171273857916338,0.0,0.0,0.0,0.0,0.0,0.0
35,25,1.0180102952312813,9.923928436825978,0.0,0.0,0.0,1.0,1.0,1.0
36,25,0.7553410711791978,10.754198915129985,1.0,1.0,1.0,0.0,0.0,0.0
37,25,0.9076345634564038,5.23751725565867,1.0,0.0,1.0,0.0,0.0,0.0
38,25,9.85836762548441,2.462787570119317,0.0,0.0,0.0,0.0,0.0,1.0
39,25,0.7098643242440609,10.692840148899746,1.0,1.0,0.0,0.0,1.0,1.0
0,30,2.7674483810133648,11.652260916316774,1.0,0.0,1.0,0.0,1.0,1.0
1,30,8.85731876649503,10.940476306628714,0.0,0.0,0.0,0.0,0.0,0.0
2,30,11.560063938551489,11.192945175576607,0.0,0.0,0.0,1.0,0.0,0.0
3,30,8.957018410273482,5.343774925957927,0.0,1.0,0.0,0.0,0.0,0.0
4,30,9.291508168163125,6.763262658112417,0.0,1.0,1.0,1.0,0.0,1.0
5,30,9.56756106314202,3.2654145229254903,0.0,0.0,1.0,1.0,0.0,1.0
6,30,2.804941781754936,0.2923579480095087,1.0,0.0,0.0,0.0,0.0,0.0
7,30,7.270854619224284,2.510143023190978,0.0,0.0,1.0,0.0,0.0,0.0
8,30,3.7000222796527376,11.284245387700128,1.0,1.0,0.0,1.0,0.0,0.0
9,30,0.5035228402970078,1.8413755577209077,0.0,1.0,0.0,0.0,0.0,0.0
10,30,11.2540951544552,9.969044004261322,1.0,0.0,1.0,0.0,0.0,0.0
11,30,11.721547357688186,7.470214822026016,0.0,0.0,1.0,0.0,1.0,0.0
12,30,2.031171988586256,0.3782160031746257,0.0,1.0,0.0,0.0,0.0,1.0
13,30,10.122761707031549,4.047797463604861,0.0,1.0,1.0,1.0,0.0,0.0
14,30,8.431058447853253,7.877475181461333,0.0,0.0,0.0,0.0,0.0,0.0
15,30,10.07760263010596,3.7807505643999,0.0,0.0,1.0,1.0,0.0,1.0
16,30,0.589700091847718,8.672816718065086,1.0,1.0,0.0,0.0,1.0,0.0
17,30,0.8261007511170366,8.004628451122452,0.0,0.0,0.0,1.0,1.0,1.0
18,30,12.0,7.036284386065446,0.0,0.0,0.0,1.0,1.0,0.0
19,30,9.691104821136385,8.87349964350936,1.0,1.0,0.0,1.0,1.0,1.0
20,30,0.3560292720031646,9.040527837749584,1.0,1.0,0.0,1.0,0.0,1.0
21,30,6.177985335417189,3.19253120206647,0.0,1.0,1.0,1.0,0.0,0.0
22,30,4.905528870972916,1.2255214780788806,0.0,1.0,0.0,0.0,1.0,0.0
23,30,4.057713257882462,0.025853084592002,1.0,0.0,0.0,0.0,0.0,0.0
24,30,9.79465137487682,10.579082458814192,1.0,0.0,1.0,0.0,0.0,1.0
25,30,0.3429601487533265,0.0,0.0,0.0,1.0,0.0,0.0,0.0
26,30,0.3707924898317871,11.233039532888975,0.0,1.0,1.0,0.0,1.0,0.0
27,30,2.3550261068839977,10.739176912259282,0.0,0.0,0.0,0.0,0.0,1.0
28,30,12.0,9.631744119955057,1.0,1.0,1.0,0.0,1.0,0.0
29,30,3.836686569427835,0.4436653562024709,1.0,1.0,0.0,1.0,1.0,1.0
30,30,11.979693519481556,5.298848488677627,0.0,0.0,1.0,0.0,1.0,0.0
31,30,9.668640417316585,0.7278932531433744,0.0,0.0,0.0,1.0,0.0,0.0
32,30,9.473921196112071,4.039963741094002,1.0,1.0,0.0,0.0,1.0,0.0
33,30,12.0,2.093963673385714,1.0,0.0,1.0,0.0,0.0,1.0
34,30,1.4046475564008674,9.20076413349965,0.0,0.0,0.0,0.0,0.0,0.0
35,30,1.0110658597882491,9.86596673761794,0.0,0.0,0.0,1.0,1.0,1.0
36,30,0.69286487269678,10.689940751892976,1.0,1.0,1.0,0.0,0.0,0.0
37,30,0.8935859906199144,5.2764928563893125,1.0,0.0,1.0,0.0,0.0,0.0
38,30,9.839958838633688,2.522253374828579,0.0,0.0,0.0,0.0,0.0,1.0
39,30,0.6300039101217336,10.61322067029475,1.0,1.0,0.0,0.0,1.0,1.0
0,35,2.7206406603984186,11.587469059037828,1.0,0.0,1.0,0.0,1.0,1.0
1,35,8.84006867960365,10.919465524087556,0.0,0.0,0.0,0.0,0.0,0.0
2,35,11.476905727704542,11.22696067842292,0.0,0.0,0.0,1.0,0.0,0.0
3,35,8.95360660681711,5.376556865865388,0.0,1.0,0.0,0.0,0.0,0.0
4,35,9.329012857246616,6.733623025102833,0.0,1.0,1.0,1.0,0.0,1.0
5,35,9.50676261860417,3.2998163441822084,0.0,0.0,1.0,1.0,0.0,1.0
6,35,2.790531310038686,0.3161671141333932,1.0,0.0,0.0,0.0,0.0,0.0
7,35,7.320687550245063,2.419875674652445,0.0,0.0,1.0,0.0,0.0,0.0
8,35,3.660289445666228,11.322076047114187,1.0,1.0,0.0,1.0,0.0,0.0
9,35,0.4160672417590943,1.8167462574976008,0.0,1.0,0.0,0.0,0.0,0.0
10,35,11.29729204528874,9.964079157688197,1.0,0.0,1.0,0.0,0.0,0.0
11,35,11.681101131266043,7.533854502245788,0.0,0.0,1.0,0.0,1.0,0.0
12,35,2.0377006279953025,0.2890281859691925,0.0,1.0,0.0,0.0,0.0,1.0
13,35,10.155210445251242,4.059810012155712,0.0,1.0,1.0,1.0,0.0,0.0
14,35,8.496089473578856,7.85856156744664,0.0,0.0,0.0,0.0,0.0,0.0
15,35,10.089179409638174,3.743154588023891,0.0,0.0,1.0,1.0,0.0,1.0
16,35,0.5234034835079304,8.619922891228356,1.0,1.0,0.0,0.0,1.0,0.0
17,35,0.8072846183627832,8.004753641322669,0.0,0.0,0.0,1.0,1.0,1.0
18,35,12.0,7.044146392432546,0.0,0.0,0.0,1.0,1.0,0.0
19,35,9.601967117777027,8.907299843017643,1.0,1.0,0.0,1.0,1.0,1.0
20,35,0.4501535831632938,9.008998535328258,1.0,1.0,0.0,1.0,0.0,1.0
21,35,6.191064274938006,3.205476964210653,0.0,1.0,1.0,1.0,0.0,0.0
22,35,4.886696466226175,1.274705511635133,0.0,1.0,0.0,0.0,1.0,0.0
23,35,4.0765962712604855,0.0304127751764234,1.0,0.0,0.0,0.0,0.0,0.0
24,35,9.768907440568588,10.529295189979086,1.0,0.0,1.0,0.0,0.0,1.0
25,35,0.3688138986310129,0.0,0.0,0.0,1.0,0.0,0.0,0.0
26,35,0.2733361202426588,11.271772850019458,0.0,1.0,1.0,0.0,1.0,0.0
27,35,2.4136093667675445,10.70018883318225,0.0,0.0,0.0,0.0,0.0,1.0
28,35,12.0,9.569888731416809,1.0,1.0,1.0,0.0,1.0,0.0
29,35,3.813555375772271,0.5118834009078944,1.0,1.0,0.0,1.0,1.0,1.0
30,35,11.976122054064051,5.326444310732076,0.0,0.0,1.0,0.0,1.0,0.0
31,35,9.600121319394914,0.6701433621419003,0.0,0.0,0.0,1.0,0.0,0.0
32,35,9.41327932396911,4.044939371835784,1.0,1.0,0.0,0.0,1.0,0.0
33,35,12.0,2.1084332593744035,1.0,0.0,1.0,0.0,0.0,1.0
34,35,1.4519934226129971,9.225063047305753,0.0,0.0,0.0,0.0,0.0,0.0
35,35,1.0050659864318716,9.815248736581877,0.0,0.0,0.0,1.0,1.0,1.0
36,35,0.6350058314477658,10.62696562237578,1.0,1.0,1.0,0.0,0.0,0.0
37,35,0.8763358115449718,5.326207334800545,1.0,0.0,1.0,0.0,0.0,0.0
38,35,9.814738238521237,2.6000665006941537,0.0,0.0,0.0,0.0,0.0,1.0
39,35,0.5433561634665844,10.527438045072063,1.0,1.0,0.0,0.0,1.0,1.0
0,40,2.6710877645925604,11.520967564601452,1.0,0.0,1.0,0.0,1.0,1.0
1,40,8.816247527329812,10.890931788968803,0.0,0.0,0.0,0.0,0.0,0.0
2,40,11.407825848658332,11.256627722645442,0.0,0.0,0.0,1.0,0.0,0.0
3,40,8.951757976486498,5.395963796024982,0.0,1.0,0.0,0.0,0.0,0.0
4,40,9.3734973243926,6.700196528499799,0.0,1.0,1.0,1.0,0.0,1.0
5,40,9.45427032098674,3.331208644891176,0.0,0.0,1.0,1.0,0.0,1.0
6,40,2.765542938830921,0.3596057729351252,1.0,0.0,0.0,0.0,0.0,0.0
7,40,7.36787594215818,2.3329834347291625,0.0,0.0,1.0,0.0,0.0,0.0
8,40,3.62421861900596,11.357530251128775,1.0,1.0,0.0,1.0,0.0,0.0
9,40,0.3281063854616312,1.7941755333638354,0.0,1.0,0.0,0.0,0.0,0.0
10,40,11.36319761546569,9.95480256302882,1.0,0.0,1.0,0.0,0.0,0.0
11,40,11.647528094035968,7.590246994384615,0.0,0.0,1.0,0.0,1.0,0.0
12,40,2.044820692996432,0.1760532439001871,0.0,1.0,0.0,0.0,0.0,1.0
13,40,10.176030779201556,4.067854804552352,0.0,1.0,1.0,1.0,0.0,0.0
14,40,8.546444315418938,7.845660834679193,0.0,0.0,0.0,0.0,0.0,0.0
15,40,10.111083923733602,3.6747143893737344,0.0,0.0,1.0,1.0,0.0,1.0
16,40,0.4712407138670633,8.578598449235608,1.0,1.0,0.0,0.0,1.0,0.0
17,40,0.7911591036112355,8.004908353483398,0.0,0.0,0.0,1.0,1.0,1.0
18,40,12.0,7.056239500394782,0.0,0.0,0.0,1.0,1.0,0.0
19,40,9.518021184669026,8.939491304959367,1.0,1.0,0.0,1.0,1.0,1.0
20,40,0.532540865910067,8.98184960753564,1.0,1.0,0.0,1.0,0.0,1.0
21,40,6.194058582576562,3.208396247645476,0.0,1.0,1.0,1.0,0.0,0.0
22,40,4.8660083871553,1.3360858278801269,0.0,1.0,0.0,0.0,1.0,0.0
23,40,4.095679615774156,0.0348380079806676,1.0,0.0,0.0,0.0,0.0,0.0
24,40,9.73359898128354,10.460594063085528,1.0,0.0,1.0,0.0,0.0,1.0
25,40,0.3899738527362315,0.0,0.0,0.0,1.0,0.0,0.0,0.0
26,40,0.1735474412777042,11.310484871561926,0.0,1.0,1.0,0.0,1.0,0.0
27,40,2.4568428883970754,10.67209785526162,0.0,0.0,0.0,0.0,0.0,1.0
28,40,12.0,9.51297421690667,1.0,1.0,1.0,0.0,1.0,0.0
29,40,3.7998507718914607,0.5555857371204814,1.0,1.0,0.0,1.0,1.0,1.0
30,40,11.972076376453067,5.355293627233636,0.0,0.0,1.0,0.0,1.0,0.0
31,40,9.532894693319214,0.6146108266539325,0.0,0.0,0.0,1.0,0.0,0.0
32,40,9.34985515682965,4.051325933003452,1.0,1.0,0.0,0.0,1.0,0.0
33,40,12.0,2.120155482544318,1.0,0.0,1.0,0.0,0.0,1.0
34,40,1.4998860250016453,9.248515053250502,0.0,0.0,0.0,0.0,0.0,0.0
35,40,0.9985964725482506,9.757934331079968,0.0,0.0,0.0,1.0,1.0,1.0
36,40,0.5874629642413418,10.571597209972309,1.0,1.0,1.0,0.0,0.0,0.0
37,40,0.8653184373387621,5.360080568510761,1.0,0.0,1.0,0.0,0.0,0.0
38,40,9.788252721010473,2.6848057497644704,0.0,0.0,0.0,0.0,0.0,1.0
39,40,0.4524023545949538,10.435385012578172,1.0,1.0,0.0,0.0,1.0,1.0
0,45,2.627917827329481,11.466671037202776,1.0,0.0,1.0,0.0,1.0,1.0
1,45,8.802387406503916,10.874333169862828,0.0,0.0,0.0,0.0,0.0,0.0
2,45,11.33842356392348,11.286798780438469,0.0,0.0,0.0,1.0,0.0,0.0
3,45,8.948383317769038,5.441294469064707,0.0,1.0,0.0,0.0,0.0,0.0
4,45,9.411693464689325,6.67085302505734,0.0,1.0,1.0,1.0,0.0,1.0
5,45,9.415650308690273,3.353716420508023,0.0,0.0,1.0,1.0,0.0,1.0
6,45,2.758980705500302,0.3709355081192258,1.0,0.0,0.0,0.0,0.0,0.0
7,45,7.414914258864795,2.249530721861345,0.0,0.0,1.0,0.0,0.0,0.0
8,45,3.5976407931384027,11.383191544458798,1.0,1.0,0.0,1.0,0.0,0.0
9,45,0.2390623423279798,1.7694295808570066,0.0,1.0,0.0,0.0,0.0,0.0
10,45,11.412728616329725,9.94949639183874,1.0,0.0,1.0,0.0,0.0,0.0
11,45,11.62048625148919,7.636879131235089,0.0,0.0,1.0,0.0,1.0,0.0
12,45,2.053129602792449,0.0579273904929012,0.0,1.0,0.0,0.0,0.0,1.0
13,45,10.206980228022973,4.079418465045221,0.0,1.0,1.0,1.0,0.0,0.0
14,45,8.586284576031444,7.835151438342156,0.0,0.0,0.0,0.0,0.0,0.0
15,45,10.126436999532013,3.630945711642736,0.0,0.0,1.0,1.0,0.0,1.0
16,45,0.4354134715444726,8.549160086672035,1.0,1.0,0.0,0.0,1.0,0.0
17,45,0.7736848870118433,8.005126094892248,0.0,0.0,0.0,1.0,1.0,1.0
18,45,12.0,7.065572511297372,0.0,0.0,0.0,1.0,1.0,0.0
19,45,9.43610461090898,8.969753098154147,1.0,1.0,0.0,1.0,1.0,1.0
20,45,0.6268618038192728,8.953050571314979,1.0,1.0,0.0,1.0,0.0,1.0
21,45,6.197286253705659,3.211609212558647,0.0,1.0,1.0,1.0,0.0,0.0
22,45,4.846542577399371,1.396800705815968,0.0,1.0,0.0,0.0,1.0,0.0
23,45,4.087351725108697,0.0330113981927529,1.0,0.0,0.0,0.0,0.0,0.0
24,45,9.68136458321613,10.359346990855412,1.0,0.0,1.0,0.0,0.0,1.0
25,45,0.4054147047249761,0.0,0.0,0.0,1.0,0.0,0.0,0.0
26,45,0.2118459897851311,11.406184247093554,0.0,1.0,1.0,0.0,1.0,0.0
27,45,2.4950776310482,10.646866365022625,0.0,0.0,0.0,0.0,0.0,1.0
28,45,12.0,9.436393152156173,1.0,1.0,1.0,0.0,1.0,0.0
29,45,3.789025578867976,0.5908581807546578,1.0,1.0,0.0,1.0,1.0,1.0
30,45,11.969406639811142,5.374112166172924,0.0,0.0,1.0,0.0,1.0,0.0
31,45,9.488299145875274,0.5786661310813082,0.0,0.0,0.0,1.0,0.0,0.0
32,45,9.286677151887671,4.058556986125457,1.0,1.0,0.0,0.0,1.0,0.0
33,45,12.0,2.135892019931351,1.0,0.0,1.0,0.0,0.0,1.0
34,45,1.5364072875576396,9.26563928525666,0.0,0.0,0.0,0.0,0.0,0.0
35,45,0.986867626932522,9.685273835333025,0.0,0.0,0.0,1.0,1.0,1.0
36,45,0.5417332709575424,10.518772076367922,1.0,1.0,1.0,0.0,0.0,0.0
37,45,0.8523970707842362,5.40186345845517,1.0,0.0,1.0,0.0,0.0,0.0
38,45,9.76177564170526,2.7703601007237206,0.0,0.0,0.0,0.0,0.0,1.0
39,45,0.362189508445178,10.34519387126158,1.0,1.0,0.0,0.0,1.0,1.0
0,50,2.5820283318891195,11.404508559348972,1.0,0.0,1.0,0.0,1.0,1.0
1,50,8.794238083097694,10.863912736411448,0.0,0.0,0.0,0.0,0.0,0.0
2,50,11.267179408602146,11.319481254962852,0.0,0.0,0.0,1.0,0.0,0.0
3,50,8.946432314993787,5.481266923197993,0.0,1.0,0.0,0.0,0.0,0.0
4,50,9.455841022809574,6.636332635213095,0.0,1.0,1.0,1.0,0.0,1.0
5,50,9.38458334427236,3.371908312207942,0.0,0.0,1.0,1.0,0.0,1.0
6,50,2.753541813149861,0.3799272520753498,1.0,0.0,0.0,0.0,0.0,0.0
7,50,7.470589838358079,2.1515332905669693,0.0,0.0,1.0,0.0,0.0,0.0
8,50,3.5590181662176046,11.42189572078864,1.0,1.0,0.0,1.0,0.0,0.0
9,50,0.1645256859775838,1.7479569836636213,0.0,1.0,0.0,0.0,0.0,0.0
10,50,11.45601510907761,9.945539548413,1.0,0.0,1.0,0.0,0.0,0.0
11,50,11.591710408518626,7.690834435542659,0.0,0.0,1.0,0.0,1.0,0.0
12,50,2.0703343516597537,0.0,0.0,1.0,0.0,0.0,0.0,1.0
13,50,10.26076942299392,4.099266430535861,0.0,1.0,1.0,1.0,0.0,0.0
14,50,8.624817909411528,7.8244388315646205,0.0,0.0,0.0,0.0,0.0,0.0
15,50,10.151243474091435,3.5597482236517397,0.0,0.0,1.0,1.0,0.0,1.0
16,50,0.3983841222370529,8.518886193084262,1.0,1.0,0.0,0.0,1.0,0.0
17,50,0.7632307863712172,8.00526586082954,0.0,0.0,0.0,1.0,1.0,1.0
18,50,12.0,7.0770692401288375,0.0,0.0,0.0,1.0,1.0,0.0
19,50,9.35612285793614,8.997396073414357,1.0,1.0,0.0,1.0,1.0,1.0
20,50,0.7368345498145779,8.913167227571135,1.0,1.0,0.0,1.0,0.0,1.0
21,50,6.191231264954355,3.20584164336003,0.0,1.0,1.0,1.0,0.0,0.0
22,50,4.82935750931223,1.4482140984943166,0.0,1.0,0.0,0.0,1.0,0.0
23,50,4.0746820368878405,0.0303680050162983,1.0,0.0,0.0,0.0,0.0,0.0
24,50,9.626468639413025,10.256440727010938,1.0,0.0,1.0,0.0,0.0,1.0
25,50,0.4106893972357051,0.0,0.0,0.0,1.0,0.0,0.0,0.0
26,50,0.2545344336383726,11.509365987871544,0.0,1.0,1.0,0.0,1.0,0.0
27,50,2.503036131444113,10.641576223333011,0.0,0.0,0.0,0.0,0.0,1.0
28,50,12.0,9.357039621439624,1.0,1.0,1.0,0.0,1.0,0.0
29,50,3.739690945948505,0.5772318159300589,1.0,1.0,0.0,1.0,1.0,1.0
30,50,11.967236726232873,5.390584353849529,0.0,0.0,1.0,0.0,1.0,0.0
31,50,9.441116810074735,0.5426212679591406,0.0,0.0,0.0,1.0,0.0,0.0
32,50,9.220977881229675,4.065134085338096,1.0,1.0,0.0,0.0,1.0,0.0
33,50,12.0,2.147413999468042,1.0,0.0,1.0,0.0,0.0,1.0
34,50,1.546261168126815,9.270365595966092,0.0,0.0,0.0,0.0,0.0,0.0
35,50,0.9776167690083282,9.62096251666179,0.0,0.0,0.0,1.0,1.0,1.0
36,50,0.4946964533834551,10.463842522819007,1.0,1.0,1.0,0.0,0.0,0.0
37,50,0.83992536932018,5.442045466283118,1.0,0.0,1.0,0.0,0.0,0.0
38,50,9.734135531113436,2.8678444406983514,0.0,0.0,0.0,0.0,0.0,1.0
39,50,0.2775091653694262,10.264954968681248,1.0,1.0,0.0,0.0,1.0,1.0
0,55,2.5287251622616065,11.330730449606166,1.0,0.0,1.0,0.0,1.0,1.0
1,55,8.767289571018107,10.83062383776387,0.0,0.0,0.0,0.0,0.0,0.0
2,55,11.181789012155267,11.359343608249054,0.0,0.0,0.0,1.0,0.0,0.0
3,55,8.945418498220096,5.496297838570291,0.0,1.0,0.0,0.0,0.0,0.0
4,55,9.499390495253264,6.601433216958515,0.0,1.0,1.0,1.0,0.0,1.0
5,55,9.342753133089348,3.396465656873532,0.0,0.0,1.0,1.0,0.0,1.0
6,55,2.752059285780041,0.382428132460303,1.0,0.0,0.0,0.0,0.0,0.0
7,55,7.523695460388396,2.059629710290981,0.0,0.0,1.0,0.0,0.0,0.0
8,55,3.525259395099121,11.456773085284038,1.0,1.0,0.0,1.0,0.0,0.0
9,55,0.0779354428321214,1.7216188733200048,0.0,1.0,0.0,0.0,0.0,0.0
10,55,11.487228560029262,9.942528320817887,1.0,0.0,1.0,0.0,0.0,0.0
11,55,11.562179778781664,7.749743137465191,0.0,0.0,1.0,0.0,1.0,0.0
12,55,2.0929601805151847,0.0,0.0,1.0,0.0,0.0,0.0,1.0
13,55,10.32707665976318,4.121486372579244,0.0,1.0,1.0,1.0,0.0,0.0
14,55,8.682784224731423,7.80969705098642,0.0,0.0,0.0,0.0,0.0,0.0
15,55,10.182788133125383,3.462349935155005,0.0,0.0,1.0,1.0,0.0,1.0
16,55,0.3611287139228175,8.488016929683168,1.0,1.0,0.0,0.0,1.0,0.0
17,55,0.763235298503001,8.0058355618842,0.0,0.0,0.0,1.0,1.0,1.0
18,55,12.0,7.086228498038165,0.0,0.0,0.0,1.0,1.0,0.0
19,55,9.289893091002106,9.021347757520068,1.0,1.0,0.0,1.0,1.0,1.0
20,55,0.8527245046688368,8.870218562738264,1.0,1.0,0.0,1.0,0.0,1.0
21,55,6.175977332449564,3.1924844095859286,0.0,1.0,1.0,1.0,0.0,0.0
22,55,4.8202456179304285,1.4755575261189022,0.0,1.0,0.0,0.0,1.0,0.0
23,55,4.059880723870775,0.026815433713627,1.0,0.0,0.0,0.0,0.0,0.0
24,55,9.57504790790427,10.157094942842733,1.0,0.0,1.0,0.0,0.0,1.0
25,55,0.4004073174276303,0.0036083207724663,0.0,0.0,1.0,0.0,0.0,0.0
26,55,0.3006639886270957,11.621058754897042,0.0,1.0,1.0,0.0,1.0,0.0
27,55,2.502524371663949,10.64193338526849,0.0,0.0,0.0,0.0,0.0,1.0
28,55,12.0,9.27807346985568,1.0,1.0,1.0,0.0,1.0,0.0
29,55,3.693609631097345,0.563366803082634,1.0,1.0,0.0,1.0,1.0,1.0
30,55,11.96603667788625,5.4019943859966,0.0,0.0,1.0,0.0,1.0,0.0
31,55,9.366923714914442,0.485593447266573,0.0,0.0,0.0,1.0,0.0,0.0
32,55,9.15337427726299,4.069904977033976,1.0,1.0,0.0,0.0,1.0,0.0
33,55,12.0,2.1608546285076398,1.0,0.0,1.0,0.0,0.0,1.0
34,55,1.5619006897531358,9.278084670188935,0.0,0.0,0.0,0.0,0.0,0.0
35,55,0.9705540913026506,9.577166715476627,0.0,0.0,0.0,1.0,1.0,1.0
36,55,0.4308014234291136,10.38870873241369,1.0,1.0,1.0,0.0,0.0,0.0
37,55,0.8221705246370762,5.501645809649766,1.0,0.0,1.0,0.0,0.0,0.0
38,55,9.70376799892523,2.969370578798306,0.0,0.0,0.0,0.0,0.0,1.0
39,55,0.2044792830324053,10.197659440459011,1.0,1.0,0.0,0.0,1.0,1.0
0,60,2.4856154110463766,11.271828420160576,1.0,0.0,1.0,0.0,1.0,1.0
1,60,8.744880287324929,10.802925997609222,0.0,0.0,0.0,0.0,0.0,0.0
2,60,11.074531712545628,11.410806220499872,0.0,0.0,0.0,1.0,0.0,0.0
3,60,8.944450312512883,5.507096760438532,0.0,1.0,0.0,0.0,0.0,0.0
4,60,9.535617328152076,6.571860342502313,0.0,1.0,1.0,1.0,0.0,1.0
5,60,9.29952609276629,3.4222294236011,0.0,0.0,1.0,1.0,0.0,1.0
6,60,2.747154552067294,0.3905329078182228,1.0,0.0,0.0,0.0,0.0,0.0
7,60,7.577489702752532,1.9699011700430165,0.0,0.0,1.0,0.0,0.0,0.0
8,60,3.475511885506976,11.508078860566725,1.0,1.0,0.0,1.0,0.0,0.0
9,60,0.0116368457887222,1.7001005164510865,0.0,1.0,0.0,0.0,0.0,0.0
10,60,11.52211140882733,9.93930552030102,1.0,0.0,1.0,0.0,0.0,0.0
11,60,11.530809929941755,7.817240281192142,0.0,0.0,1.0,0.0,1.0,0.0
12,60,2.1136123927027306,0.0,0.0,1.0,0.0,0.0,0.0,1.0
13,60,10.403016975725915,4.145536467450591,0.0,1.0,1.0,1.0,0.0,0.0
14,60,8.740301441744784,7.795322203718384,0.0,0.0,0.0,0.0,0.0,0.0
15,60,10.206875805588354,3.3854182450908032,0.0,0.0,1.0,1.0,0.0,1.0
16,60,0.3350158595319293,8.466326261651108,1.0,1.0,0.0,0.0,1.0,0.0
17,60,0.763110993285194,8.013238781605141,0.0,0.0,0.0,1.0,1.0,1.0
18,60,12.0,7.101145216248548,0.0,0.0,0.0,1.0,1.0,0.0
19,60,9.245287299260212,9.038361168806356,1.0,1.0,0.0,1.0,1.0,1.0
20,60,0.9794236296184532,8.822320517302254,1.0,1.0,0.0,1.0,0.0,1.0
21,60,6.162804539843494,3.1806525586109538,0.0,1.0,1.0,1.0,0.0,0.0
22,60,4.808476908073087,1.5126585301116855,0.0,1.0,0.0,0.0,1.0,0.0
23,60,4.0592831194536325,0.0266587225726932,1.0,0.0,0.0,0.0,0.0,0.0
24,60,9.51083078251384,10.034738368723096,1.0,0.0,1.0,0.0,0.0,1.0
25,60,0.3894291818228335,0.0073355725459065,0.0,0.0,1.0,0.0,0.0,0.0
26,60,0.3448433172680626,11.71998313483879,0.0,1.0,1.0,0.0,1.0,0.0
27,60,2.4815752129788544,10.656987716371052,0.0,0.0,0.0,0.0,0.0,1.0
28,60,12.0,9.20631971038276,1.0,1.0,1.0,0.0,1.0,0.0
29,60,3.642603837023106,0.5494296898941856,1.0,1.0,0.0,1.0,1.0,1.0
30,60,11.964203634965743,5.419498398729459,0.0,0.0,1.0,0.0,1.0,0.0
31,60,9.293959449036828,0.4250010000056273,0.0,0.0,0.0,1.0,0.0,0.0
32,60,9.096254686422862,4.073465923762959,1.0,1.0,0.0,0.0,1.0,0.0
33,60,12.0,2.177384059096836,1.0,0.0,1.0,0.0,0.0,1.0
34,60,1.591667498765567,9.292634783823088,0.0,0.0,0.0,0.0,0.0,0.0
35,60,0.9643596566283896,9.532198403152895,0.0,0.0,0.0,1.0,1.0,1.0
36,60,0.3597519026925997,10.298362284098062,1.0,1.0,1.0,0.0,0.0,0.0
37,60,0.806052561217854,5.555594964442923,1.0,0.0,1.0,0.0,0.0,0.0
38,60,9.670469554223564,3.069802941224489,0.0,0.0,0.0,0.0,0.0,1.0
39,60,0.1285109482289112,10.129199219092314,1.0,1.0,0.0,0.0,1.0,1.0
0,65,2.4493263603103883,11.218708181446084,1.0,0.0,1.0,0.0,1.0,1.0
1,65,8.722107723384985,10.772985951689522,0.0,0.0,0.0,0.0,0.0,0.0
2,65,10.973789136226005,11.458610945482736,0.0,0.0,0.0,1.0,0.0,0.0
3,65,8.94531972112615,5.497172150253617,0.0,1.0,0.0,0.0,0.0,0.0
4,65,9.56981602373707,6.543587501796383,0.0,1.0,1.0,1.0,0.0,1.0
5,65,9.245662420769396,3.452713715271161,0.0,0.0,1.0,1.0,0.0,1.0
6,65,2.7408090340339566,0.4003755048475831,1.0,0.0,0.0,0.0,0.0,0.0
7,65,7.642491000202932,1.8616804141867207,0.0,0.0,1.0,0.0,0.0,0.0
8,65,3.43819118617226,11.547757066992942,1.0,1.0,0.0,1.0,0.0,0.0
9,65,0.0,1.6760748507004886,0.0,1.0,0.0,0.0,0.0,0.0
10,65,11.57417251491968,9.93474275080668,1.0,0.0,1.0,0.0,0.0,0.0
11,65,11.500356311869051,7.887305940029894,0.0,0.0,1.0,0.0,1.0,0.0
12,65,2.1337895285186845,0.0,0.0,1.0,0.0,0.0,0.0,1.0
13,65,10.477618630835584,4.168667009667209,0.0,1.0,1.0,1.0,0.0,0.0
14,65,8.783575352256905,7.784260790007743,0.0,0.0,0.0,0.0,0.0,0.0
15,65,10.22541439923903,3.322098405737734,0.0,0.0,1.0,1.0,0.0,1.0
16,65,0.3087250966834192,8.443872133574759,1.0,1.0,0.0,0.0,1.0,0.0
17,65,0.7629959522568444,8.018006245786092,0.0,0.0,0.0,1.0,1.0,1.0
18,65,12.0,7.117998101901208,0.0,0.0,0.0,1.0,1.0,0.0
19,65,9.203772927541552,9.05315696651443,1.0,1.0,0.0,1.0,1.0,1.0
20,65,1.1311561285338716,8.76415731964141,1.0,1.0,0.0,1.0,0.0,1.0
21,65,6.146610175938357,3.1655528088270155,0.0,1.0,1.0,1.0,0.0,0.0
22,65,4.792203501131271,1.5626940558382374,0.0,1.0,0.0,0.0,1.0,0.0
23,65,4.063766905363281,0.0278157418339024,1.0,0.0,0.0,0.0,0.0,0.0
24,65,9.445835640046726,9.914395984701446,1.0,0.0,1.0,0.0,0.0,1.0
25,65,0.3828629722926195,0.009590646460055,0.0,0.0,1.0,0.0,0.0,0.0
26,65,0.3852227706112537,11.806913331950456,0.0,1.0,1.0,0.0,1.0,0.0
27,65,2.458875768660956,10.67307827198514,0.0,0.0,0.0,0.0,0.0,1.0
28,65,12.0,9.150546537089326,1.0,1.0,1.0,0.0,1.0,0.0
29,65,3.597116159036667,0.5381414257645021,1.0,1.0,0.0,1.0,1.0,1.0
30,65,11.961883910593128,5.436641476061252,0.0,0.0,1.0,0.0,1.0,0.0
31,65,9.2363726319804,0.3753404357555725,0.0,0.0,0.0,1.0,0.0,0.0
32,65,9.041153925637555,4.075861440654727,1.0,1.0,0.0,0.0,1.0,0.0
33,65,12.0,2.192875169750506,1.0,0.0,1.0,0.0,0.0,1.0
34,65,1.615903666208477,9.304367159258016,0.0,0.0,0.0,0.0,0.0,0.0
35,65,0.9570784558856804,9.486408557075988,0.0,0.0,0.0,1.0,1.0,1.0
36,65,0.293236854419704,10.21384614737021,1.0,1.0,1.0,0.0,0.0,0.0
37,65,0.7864129462142636,5.616596777798323,1.0,0.0,1.0,0.0,0.0,0.0
38,65,9.631658095380676,3.190747591813612,0.0,0.0,0.0,0.0,0.0,1.0
39,65,0.0473294354137946,10.058303735419967,1.0,1.0,0.0,0.0,1.0,1.0
0,70,2.407858124390125,11.157366695050053,1.0,0.0,1.0,0.0,1.0,1.0
1,70,8.701175737465343,10.744888163578729,0.0,0.0,0.0,0.0,0.0,0.0
2,70,10.875710988754925,11.501016526009163,0.0,0.0,0.0,1.0,0.0,0.0
3,70,8.946349992877678,5.488251087220058,0.0,1.0,0.0,0.0,0.0,0.0
4,70,9.57920832494034,6.535606090819935,0.0,1.0,1.0,1.0,0.0,1.0
5,70,9.189296262295514,3.482900214284617,0.0,0.0,1.0,1.0,0.0,1.0
6,70,2.7293657202805277,0.417446463529026,1.0,0.0,0.0,0.0,0.0,0.0
7,70,7.757666222517867,1.9283136198487256,0.0,0.0,1.0,0.0,0.0,0.0
8,70,3.404789750352082,11.583165195007007,1.0,1.0,0.0,1.0,0.0,0.0
9,70,0.0,1.6501960028899172,0.0,1.0,0.0,0.0,0.0,0.0
10,70,11.599193879323876,9.933467019963864,1.0,0.0,1.0,0.0,0.0,0.0
11,70,11.475387438726784,7.947972761082789,0.0,0.0,1.0,0.0,1.0,0.0
12,70,2.158056506981826,0.0,0.0,1.0,0.0,0.0,0.0,1.0
13,70,10.55392583077216,4.190972616243025,0.0,1.0,1.0,1.0,0.0,0.0
14,70,8.806404457455697,7.778331453694143,0.0,0.0,0.0,0.0,0.0,0.0
15,70,10.246054925565945,3.2512718093134514,0.0,0.0,1.0,1.0,0.0,1.0
16,70,0.273926175181038,8.413130977071429,1.0,1.0,0.0,0.0,1.0,0.0
17,70,0.7624559976110707,8.03446155881212,0.0,0.0,0.0,1.0,1.0,1.0
18,70,12.0,7.1335299453819605,0.0,0.0,0.0,1.0,1.0,0.0
19,70,9.163499906162434,9.067626629079037,1.0,1.0,0.0,1.0,1.0,1.0
20,70,1.2686977157619386,8.713600417585155,1.0,1.0,0.0,1.0,0.0,1.0
21,70,6.141965586915883,3.1612642693265114,0.0,1.0,1.0,1.0,0.0,0.0
22,70,4.780616019121109,1.600256464124128,0.0,1.0,0.0,0.0,1.0,0.0
23,70,4.0495895291987845,0.0239243200629882,1.0,0.0,0.0,0.0,0.0,0.0
24,70,9.39022845367284,9.81004918008454,1.0,0.0,1.0,0.0,0.0,1.0
25,70,0.3545144936966295,0.0191885421846871,0.0,0.0,1.0,0.0,0.0,0.0
26,70,0.4247552608311357,11.900928448439693,0.0,1.0,1.0,0.0,1.0,0.0
27,70,2.4261278151697385,10.696250883086266,0.0,0.0,0.0,0.0,0.0,1.0
28,70,12.0,9.082616613693173,1.0,1.0,1.0,0.0,1.0,0.0
29,70,3.571805986216164,0.5308102877939133,1.0,1.0,0.0,1.0,1.0,1.0
30,70,11.959322409225877,5.455516823824789,0.0,0.0,1.0,0.0,1.0,0.0
31,70,9.174544155834404,0.3203242290358341,0.0,0.0,0.0,1.0,0.0,0.0
32,70,8.994783356571016,4.077482163588988,1.0,1.0,0.0,0.0,1.0,0.0
33,70,12.0,2.208393585671296,1.0,0.0,1.0,0.0,0.0,1.0
34,70,1.6383671044689097,9.315360480256656,0.0,0.0,0.0,0.0,0.0,0.0
35,70,0.9480536319937792,9.422239704953451,0.0,0.0,0.0,1.0,1.0,1.0
36,70,0.2180894374577373,10.116816056318523,1.0,1.0,1.0,0.0,0.0,0.0
37,70,0.767385289868578,5.674044300228261,1.0,0.0,1.0,0.0,0.0,0.0
38,70,9.587033345173554,3.324080221318476,0.0,0.0,0.0,0.0,0.0,1.0
39,70,0.0,9.997174292419729,1.0,1.0,0.0,0.0,1.0,1.0
0,75,2.3775646208728167,11.111625088168644,1.0,0.0,1.0,0.0,1.0,1.0
1,75,8.685420155403543,10.723217336699602,0.0,0.0,0.0,0.0,0.0,0.0
2,75,10.801087724121803,11.533050821433772,0.0,0.0,0.0,1.0,0.0,0.0
3,75,8.946041020884804,5.490489676970618,0.0,1.0,0.0,0.0,0.0,0.0
4,75,9.58854401796582,6.527622819715674,0.0,1.0,1.0,1.0,0.0,1.0
5,75,9.111764231854846,3.52282139856182,0.0,0.0,1.0,1.0,0.0,1.0
6,75,2.708285893342182,0.4494267985610421,1.0,0.0,0.0,0.0,0.0,0.0
7,75,7.870987940835501,1.997065386927726,0.0,0.0,1.0,0.0,0.0,0.0
8,75,3.383818361845571,11.6074084039522,1.0,1.0,0.0,1.0,0.0,0.0
9,75,0.0,1.6229629839661155,0.0,1.0,0.0,0.0,0.0,0.0
10,75,11.633604765848762,9.931917392548234,1.0,0.0,1.0,0.0,0.0,0.0
11,75,11.46034988772688,7.987661348656269,0.0,0.0,1.0,0.0,1.0,0.0
12,75,2.1863197396220446,0.0,0.0,1.0,0.0,0.0,0.0,1.0
13,75,10.649232928044526,4.217768057881586,0.0,1.0,1.0,1.0,0.0,0.0
14,75,8.838483711929042,7.769368029374091,0.0,0.0,0.0,0.0,0.0,0.0
15,75,10.261821832994787,3.1944721786414605,0.0,0.0,1.0,1.0,0.0,1.0
16,75,0.2342655724566031,8.376516582794343,1.0,1.0,0.0,0.0,1.0,0.0
17,75,0.7622182786291294,8.048680004936193,0.0,0.0,0.0,1.0,1.0,1.0
18,75,12.0,7.147552342643193,0.0,0.0,0.0,1.0,1.0,0.0
19,75,9.116686478722192,9.08486095834966,1.0,1.0,0.0,1.0,1.0,1.0
20,75,1.4124858074594964,8.666422129508259,1.0,1.0,0.0,1.0,0.0,1.0
21,75,6.136589459309227,3.1565626862838467,0.0,1.0,1.0,1.0,0.0,0.0
22,75,4.771043021107542,1.6304466154682806,0.0,1.0,0.0,0.0,1.0,0.0
23,75,4.0481915928425645,0.0235722329815253,1.0,0.0,0.0,0.0,0.0,0.0
24,75,9.32410923026655,9.687079962524566,1.0,0.0,1.0,0.0,0.0,1.0
25,75,0.3362473079002044,0.0252725394986143,0.0,0.0,1.0,0.0,0.0,0.0
26,75,0.4681775344670392,12.0,0.0,1.0,1.0,0.0,1.0,0.0
27,75,2.3984593803840237,10.71661141660462,0.0,0.0,0.0,0.0,0.0,1.0
28,75,12.0,9.025314534817811,1.0,1.0,1.0,0.0,1.0,0.0
29,75,3.5585213138219807,0.5267623783793127,1.0,1.0,0.0,1.0,1.0,1.0
30,75,11.956780645804878,5.475798720962099,0.0,0.0,1.0,0.0,1.0,0.0
31,75,9.10501338343206,0.2570482885408909,0.0,0.0,0.0,1.0,0.0,0.0
32,75,8.92730198281813,4.080759701893315,1.0,1.0,0.0,0.0,1.0,0.0
33,75,11.987703491118792,2.2643023612359707,1.0,0.0,1.0,0.0,0.0,1.0
34,75,1.6516256962493812,9.322025294578642,0.0,0.0,0.0,0.0,0.0,0.0
35,75,0.9367556858173558,9.352576177918658,0.0,0.0,0.0,1.0,1.0,1.0
36,75,0.1418643951041875,10.02372933987977,1.0,1.0,1.0,0.0,0.0,0.0
37,75,0.7480531113763728,5.733681427060587,1.0,0.0,1.0,0.0,0.0,0.0
38,75,9.53802899337784,3.4644334054000123,0.0,0.0,0.0,0.0,0.0,1.0
39,75,0.0,9.924767313137238,1.0,1.0,0.0,0.0,1.0,1.0
0,80,2.35019448700268,11.06943797899263,1.0,0.0,1.0,0.0,1.0,1.0
1,80,8.668570320821205,10.70123851324988,0.0,0.0,0.0,0.0,0.0,0.0
2,80,10.721321244534629,11.568235555799992,0.0,0.0,0.0,1.0,0.0,0.0
3,80,8.942754242182643,5.513060178525244,0.0,1.0,0.0,0.0,0.0,0.0
4,80,9.597792975587955,6.519689972691705,0.0,1.0,1.0,1.0,0.0,1.0
5,80,9.048567227668132,3.5572568740397084,0.0,0.0,1.0,1.0,0.0,1.0
6,80,2.675980416608903,0.4981766111638183,1.0,0.0,0.0,0.0,0.0,0.0
7,80,7.980336898485619,2.059460154803871,0.0,0.0,1.0,0.0,0.0,0.0
8,80,3.359569823212693,11.63518519224979,1.0,1.0,0.0,1.0,0.0,0.0
9,80,0.0270142999315669,1.5572099864884597,0.0,1.0,0.0,0.0,0.0,0.0
10,80,11.680106984394811,9.929106934917652,1.0,0.0,1.0,0.0,0.0,0.0
11,80,11.454441041083758,8.002749955092307,0.0,0.0,1.0,0.0,1.0,0.0
12,80,2.211315059808282,0.0,0.0,1.0,0.0,0.0,0.0,1.0
13,80,10.722378675072632,4.237151783380053,0.0,1.0,1.0,1.0,0.0,0.0
14,80,8.853382786853416,7.764754884133119,0.0,0.0,0.0,0.0,0.0,0.0
15,80,10.27369082573096,3.152700164533623,0.0,0.0,1.0,1.0,0.0,1.0
16,80,0.1857823825048641,8.332730160321313,1.0,1.0,0.0,0.0,1.0,0.0
17,80,0.7623631729424343,8.044192693090723,0.0,0.0,0.0,1.0,1.0,1.0
18,80,12.0,7.166851253959694,0.0,0.0,0.0,1.0,1.0,0.0
19,80,9.047448286104968,9.110237075976851,1.0,1.0,0.0,1.0,1.0,1.0
20,80,1.567994772165045,8.614999649867773,1.0,1.0,0.0,1.0,0.0,1.0
21,80,6.123900030010811,3.145357931724984,0.0,1.0,1.0,1.0,0.0,0.0
22,80,4.766547621021152,1.643776490415568,0.0,1.0,0.0,0.0,1.0,0.0
23,80,4.032319555178115,0.0194812564051393,1.0,0.0,0.0,0.0,0.0,0.0
24,80,9.260915622319956,9.568935340930189,1.0,0.0,1.0,0.0,0.0,1.0
25,80,0.3199711412639081,0.0303575796663827,0.0,0.0,1.0,0.0,0.0,0.0
26,80,0.3560961894013058,12.0,0.0,1.0,1.0,0.0,1.0,0.0
27,80,2.3755347137550933,10.73397876935392,0.0,0.0,0.0,0.0,0.0,1.0
28,80,12.0,8.986076322388753,1.0,1.0,1.0,0.0,1.0,0.0
29,80,3.55584936776217,0.5259736560483653,1.0,1.0,0.0,1.0,1.0,1.0
30,80,11.95267290710073,5.515815988567165,0.0,0.0,1.0,0.0,1.0,0.0
31,80,9.050264572449864,0.2070856296698773,0.0,0.0,0.0,1.0,0.0,0.0
32,80,8.847783292556024,4.083743132000877,1.0,1.0,0.0,0.0,1.0,0.0
33,80,11.980482871888976,2.3014782568344208,1.0,0.0,1.0,0.0,0.0,1.0
34,80,1.6737005480163405,9.33297476265894,0.0,0.0,0.0,0.0,0.0,0.0
35,80,0.9306837088181552,9.308089352203002,0.0,0.0,0.0,1.0,1.0,1.0
36,80,0.0695733776232436,9.934623018515872,1.0,1.0,1.0,0.0,0.0,0.0
37,80,0.7292846137156309,5.790153420461593,1.0,0.0,1.0,0.0,0.0,0.0
38,80,9.476550485103548,3.629177195979156,0.0,0.0,0.0,0.0,0.0,1.0
39,80,0.0,9.855358071155331,1.0,1.0,0.0,0.0,1.0,1.0
0,85,2.3288378116574884,11.037685139420404,1.0,0.0,1.0,0.0,1.0,1.0
1,85,8.66295693831954,10.694261819315848,0.0,0.0,0.0,0.0,0.0,0.0
2,85,10.64448749216013,11.603334161737456,0.0,0.0,0.0,1.0,0.0,0.0
3,85,8.94242337171522,5.515460297603816,0.0,1.0,0.0,0.0,0.0,0.0
4,85,9.619206484101058,6.500287061324358,0.0,1.0,1.0,1.0,0.0,1.0
5,85,8.970792818673573,3.5999397686754,0.0,0.0,1.0,1.0,0.0,1.0
6,85,2.633133850973837,0.5611486507680878,1.0,0.0,0.0,0.0,0.0,0.0
7,85,8.075764503244333,2.115406901056938,0.0,0.0,1.0,0.0,0.0,0.0
8,85,3.3289718252255875,11.66928363366785,1.0,1.0,0.0,1.0,0.0,0.0
9,85,0.0568405613286221,1.4838152001780465,0.0,1.0,0.0,0.0,0.0,0.0
10,85,11.712769294508888,9.926847523054292,1.0,0.0,1.0,0.0,0.0,0.0
11,85,11.447808821105106,8.020362690358986,0.0,0.0,1.0,0.0,1.0,0.0
12,85,2.238244486326537,0.0,0.0,1.0,0.0,0.0,0.0,1.0
13,85,10.80020170268556,4.256901055846512,0.0,1.0,1.0,1.0,0.0,0.0
14,85,8.857701465863126,7.763386123133715,0.0,0.0,0.0,0.0,0.0,0.0
15,85,10.282757699348576,3.119935688382218,0.0,0.0,1.0,1.0,0.0,1.0
16,85,0.1220957771220787,8.276959885499057,1.0,1.0,0.0,0.0,1.0,0.0
17,85,0.7623207285023853,8.045021627961985,0.0,0.0,0.0,1.0,1.0,1.0
18,85,12.0,7.193409729329644,0.0,0.0,0.0,1.0,1.0,0.0
19,85,8.975011618106628,9.136883548469214,1.0,1.0,0.0,1.0,1.0,1.0
20,85,1.717709054017632,8.570820682289757,1.0,1.0,0.0,1.0,0.0,1.0
21,85,6.116280065383148,3.138669111852693,0.0,1.0,1.0,1.0,0.0,0.0
22,85,4.766403874121682,1.6442059631406991,0.0,1.0,0.0,0.0,1.0,0.0
23,85,4.030978519869164,0.0191486675521854,1.0,0.0,0.0,0.0,0.0,0.0
24,85,9.194231724747944,9.439434392215096,1.0,0.0,1.0,0.0,0.0,1.0
25,85,0.3274451765297453,0.0278808545943894,0.0,0.0,1.0,0.0,0.0,0.0
26,85,0.2375847148663143,12.0,0.0,1.0,1.0,0.0,1.0,0.0
27,85,2.351919641135193,10.75151261593188,0.0,0.0,0.0,0.0,0.0,1.0
28,85,12.0,8.945462668241772,1.0,1.0,1.0,0.0,1.0,0.0
29,85,3.5504511157172107,0.5243103449051159,1.0,1.0,0.0,1.0,1.0,1.0
30,85,11.949962126605858,5.543075615641763,0.0,0.0,1.0,0.0,1.0,0.0
31,85,8.995774981488728,0.1577449235806592,0.0,0.0,0.0,1.0,0.0,0.0
32,85,8.77714568492312,4.084116254622497,1.0,1.0,0.0,0.0,1.0,0.0
33,85,11.976383971333233,2.322758318141246,1.0,0.0,1.0,0.0,0.0,1.0
34,85,1.6784258926244258,9.335456986314853,0.0,0.0,0.0,0.0,0.0,0.0
35,85,0.926318482057385,9.274560249970335,0.0,0.0,0.0,1.0,1.0,1.0
36,85,0.0,9.84195746519008,1.0,1.0,1.0,0.0,0.0,0.0
37,85,0.717294762231749,5.829600671650992,1.0,0.0,1.0,0.0,0.0,0.0
38,85,9.410030148887977,3.792484649889503,0.0,0.0,0.0,0.0,0.0,1.0
39,85,0.0,9.76688550530332,1.0,1.0,0.0,0.0,1.0,1.0
0,90,2.3144724850974603,11.014152571688404,1.0,0.0,1.0,0.0,1.0,1.0
1,90,8.658058856190948,10.687991986592245,0.0,0.0,0.0,0.0,0.0,0.0
2,90,10.55897960476843,11.641631450542986,0.0,0.0,0.0,1.0,0.0,0.0
3,90,8.943125737905834,5.510623645530756,0.0,1.0,0.0,0.0,0.0,0.0
4,90,9.636757517370045,6.483456893466986,0.0,1.0,1.0,1.0,0.0,1.0
5,90,8.902831033376929,3.639306285830191,0.0,0.0,1.0,1.0,0.0,1.0
6,90,2.587110509552267,0.6328874399807699,1.0,0.0,0.0,0.0,0.0,0.0
7,90,8.193501067321302,2.1822162087619303,0.0,0.0,1.0,0.0,0.0,0.0
8,90,3.307170890332848,11.692098838531573,1.0,1.0,0.0,1.0,0.0,0.0
9,90,0.0901392912823636,1.4013433292518434,0.0,1.0,0.0,0.0,0.0,0.0
10,90,11.730988840149587,9.925739020712092,1.0,0.0,1.0,0.0,0.0,0.0
11,90,11.439486007397754,8.044025285400195,0.0,0.0,1.0,0.0,1.0,0.0
12,90,2.2619430783257184,0.0,0.0,1.0,0.0,0.0,0.0,1.0
13,90,10.848485304128696,4.268548292220642,0.0,1.0,1.0,1.0,0.0,0.0
14,90,8.851919257895657,7.765387116227695,0.0,0.0,0.0,0.0,0.0,0.0
15,90,10.288904948427527,3.0920277775246223,0.0,0.0,1.0,1.0,0.0,1.0
16,90,0.0687174651423501,8.227691244233224,1.0,1.0,0.0,0.0,1.0,0.0
17,90,0.7617926673714108,8.053720600341961,0.0,0.0,0.0,1.0,1.0,1.0
18,90,12.0,7.218763728502519,0.0,0.0,0.0,1.0,1.0,0.0
19,90,8.91398324281489,9.15961635281298,1.0,1.0,0.0,1.0,1.0,1.0
20,90,1.8691364220847484,8.52333618407628,1.0,1.0,0.0,1.0,0.0,1.0
21,90,6.104696226038615,3.1287695256035177,0.0,1.0,1.0,1.0,0.0,0.0
22,90,4.749640489939082,1.6387628892051778,0.0,1.0,0.0,0.0,1.0,0.0
23,90,4.032923608539911,0.0196815588070618,1.0,0.0,0.0,0.0,0.0,0.0
24,90,9.12943625158828,9.308684859131372,1.0,0.0,1.0,0.0,0.0,1.0
25,90,0.3281642474421154,0.0276180562768526,0.0,0.0,1.0,0.0,0.0,0.0
26,90,0.1246043739062437,12.0,0.0,1.0,1.0,0.0,1.0,0.0
27,90,2.3338163735224198,10.764716197964582,0.0,0.0,0.0,0.0,0.0,1.0
28,90,12.0,8.903701228962595,1.0,1.0,1.0,0.0,1.0,0.0
29,90,3.5501315552172072,0.5242159651024278,1.0,1.0,0.0,1.0,1.0,1.0
30,90,11.943666042469616,5.587642338483372,0.0,0.0,1.0,0.0,1.0,0.0
31,90,8.926764151916277,0.09318443368769,0.0,0.0,0.0,1.0,0.0,0.0
32,90,8.728928310169705,4.083777901629617,1.0,1.0,0.0,0.0,1.0,0.0
33,90,11.97707089884487,2.319393767383494,1.0,0.0,1.0,0.0,0.0,1.0
34,90,1.6906576192864304,9.341785711468072,0.0,0.0,0.0,0.0,0.0,0.0
35,90,0.9237291253808556,9.254733184360376,0.0,0.0,0.0,1.0,1.0,1.0
36,90,0.0,9.737071347320668,1.0,1.0,1.0,0.0,0.0,0.0
37,90,0.7004019243625874,5.880109935686428,1.0,0.0,1.0,0.0,0.0,0.0
38,90,9.343614732624753,3.95300104512412,0.0,0.0,0.0,0.0,0.0,1.0
39,90,0.0,9.677058113758951,1.0,1.0,0.0,0.0,1.0,1.0
0,95,2.3069470920439907,11.002245650721358,1.0,0.0,1.0,0.0,1.0,1.0
1,95,8.65413157748072,10.683111813346782,0.0,0.0,0.0,0.0,0.0,0.0
2,95,10.473270289911632,11.677966715395682,0.0,0.0,0.0,1.0,0.0,0.0
3,95,8.939920015426496,5.5299168976343775,0.0,1.0,0.0,0.0,0.0,0.0
4,95,9.644393945254484,6.476471844481642,0.0,1.0,1.0,1.0,0.0,1.0
5,95,8.832670061685551,3.6824914766965846,0.0,0.0,1.0,1.0,0.0,1.0
6,95,2.5371577245388583,0.7093727837921345,1.0,0.0,0.0,0.0,0.0,0.0
7,95,8.30843433226205,2.2456192236041423,0.0,0.0,1.0,0.0,0.0,0.0
8,95,3.2891102737816293,11.712868508948237,1.0,1.0,0.0,1.0,0.0,0.0
9,95,0.1229741859367252,1.317272534355956,0.0,1.0,0.0,0.0,0.0,0.0
10,95,11.774429125621324,9.923696444537198,1.0,0.0,1.0,0.0,0.0,0.0
11,95,11.432655779500186,8.064546597360742,0.0,0.0,1.0,0.0,1.0,0.0
12,95,2.2851979474244217,0.0,0.0,1.0,0.0,0.0,0.0,1.0
13,95,10.877595121347632,4.2756130540908455,0.0,1.0,1.0,1.0,0.0,0.0
14,95,8.858516212367432,7.763077451559929,0.0,0.0,0.0,0.0,0.0,0.0
15,95,10.295587971392242,3.065193716594184,0.0,0.0,1.0,1.0,0.0,1.0
16,95,0.0133143702851978,8.174111586328191,1.0,1.0,0.0,0.0,1.0,0.0
17,95,0.7625333707731228,8.030441344847588,0.0,0.0,0.0,1.0,1.0,1.0
18,95,12.0,7.240557659526127,0.0,0.0,0.0,1.0,1.0,0.0
19,95,8.832976662276668,9.188772547867629,1.0,1.0,0.0,1.0,1.0,1.0
20,95,2.0508606362242867,8.462535515167426,1.0,1.0,0.0,1.0,0.0,1.0
21,95,6.089741771787836,3.116115728584663,0.0,1.0,1.0,1.0,0.0,0.0
22,95,4.743923976052166,1.6366447234448216,0.0,1.0,0.0,0.0,1.0,0.0
23,95,4.03383900159612,0.0199372976615365,1.0,0.0,0.0,0.0,0.0,0.0
24,95,9.056341382571082,9.156958323279532,1.0,0.0,1.0,0.0,0.0,1.0
25,95,0.3475167079045442,0.0200864520263251,0.0,0.0,1.0,0.0,0.0,0.0
26,95,0.0170122286646167,12.0,0.0,1.0,1.0,0.0,1.0,0.0
27,95,2.3192106432041544,10.775272846069385,0.0,0.0,0.0,0.0,0.0,1.0
28,95,12.0,8.86713422883347,1.0,1.0,1.0,0.0,1.0,0.0
29,95,3.5556424273716614,0.5259534021864021,1.0,1.0,0.0,1.0,1.0,1.0
30,95,11.937699770211742,5.6350717394834415,0.0,0.0,1.0,0.0,1.0,0.0
31,95,8.87574186154427,0.0464912429911761,0.0,0.0,0.0,1.0,0.0,0.0
32,95,8.666545059666294,4.082768407530336,1.0,1.0,0.0,0.0,1.0,0.0
33,95,11.973975407875333,2.338014178638146,1.0,0.0,1.0,0.0,0.0,1.0
34,95,1.7084296247572737,9.35076898981221,0.0,0.0,0.0,0.0,0.0,0.0
35,95,0.9229469635281524,9.248801708088124,0.0,0.0,0.0,1.0,1.0,1.0
36,95,0.0,9.637234177230518,1.0,1.0,1.0,0.0,0.0,0.0
37,95,0.6861533426706662,5.91903876305107,1.0,0.0,1.0,0.0,0.0,0.0
38,95,9.274613945868971,4.11945210838764,0.0,0.0,0.0,0.0,0.0,1.0
39,95,0.0,9.579076856750383,1.0,1.0,0.0,0.0,1.0,1.0
0,100,2.3042876051077443,10.997832706564076,1.0,0.0,1.0,0.0,1.0,1.0
1,100,8.632114464551314,10.65594503562751,0.0,0.0,0.0,0.0,0.0,0.0
2,100,10.409437482177788,11.702599797868404,0.0,0.0,0.0,1.0,0.0,0.0
3,100,8.939254857004247,5.534511182240967,0.0,1.0,0.0,0.0,0.0,0.0
4,100,9.646488808352975,6.474468491345509,0.0,1.0,1.0,1.0,0.0,1.0
5,100,8.740769761234429,3.7362454250185415,0.0,0.0,1.0,1.0,0.0,1.0
6,100,2.497975989650118,0.7728944172283397,1.0,0.0,0.0,0.0,0.0,0.0
7,100,8.432458717456488,2.3135345961751623,0.0,0.0,1.0,0.0,0.0,0.0
8,100,3.2854939701554136,11.717062734880288,1.0,1.0,0.0,1.0,0.0,0.0
9,100,0.1491725297557347,1.248548851351441,0.0,1.0,0.0,0.0,0.0,0.0
10,100,11.837787624452972,9.919853134051724,1.0,0.0,1.0,0.0,0.0,0.0
11,100,11.422679522992611,8.095375278774402,0.0,0.0,1.0,0.0,1.0,0.0
12,100,2.314603266035019,0.0,0.0,1.0,0.0,0.0,0.0,1.0
13,100,10.90078499886074,4.281089392359245,0.0,1.0,1.0,1.0,0.0,0.0
14,100,8.866698665860946,7.760197582404814,0.0,0.0,0.0,0.0,0.0,0.0
15,100,10.299495561453847,3.050423795445359,0.0,0.0,1.0,1.0,0.0,1.0
16,100,0.0,8.129574244122546,1.0,1.0,0.0,0.0,1.0,0.0
17,100,0.7624373089216511,8.020320724072858,0.0,0.0,0.0,1.0,1.0,1.0
18,100,12.0,7.259792543244661,0.0,0.0,0.0,1.0,1.0,0.0
19,100,8.754932689749516,9.21710677753513,1.0,1.0,0.0,1.0,1.0,1.0
20,100,2.241271958585803,8.403433173759975,1.0,1.0,0.0,1.0,0.0,1.0
21,100,6.065725012152571,3.095774933886428,0.0,1.0,1.0,1.0,0.0,0.0
22,100,4.725091409405115,1.6296628208002104,0.0,1.0,0.0,0.0,1.0,0.0
23,100,4.038937428655311,0.0213414382904013,1.0,0.0,0.0,0.0,0.0,0.0
24,100,8.970422791949021,8.99694410592203,1.0,0.0,1.0,0.0,0.0,1.0
25,100,0.3653767854655186,0.0130807227092553,0.0,0.0,1.0,0.0,0.0,0.0
26,100,0.0,12.0,0.0,1.0,1.0,0.0,1.0,0.0
27,100,2.3239548463456634,10.771698188022723,0.0,0.0,0.0,0.0,0.0,1.0
28,100,12.0,8.812617658271686,1.0,1.0,1.0,0.0,1.0,0.0
29,100,3.5614436996276746,0.5277635910857562,1.0,1.0,0.0,1.0,1.0,1.0
30,100,11.931201727698753,5.676465104158078,0.0,0.0,1.0,0.0,1.0,0.0
31,100,8.831657852326028,0.0054565128780086,0.0,0.0,0.0,1.0,0.0,0.0
32,100,8.597540448545217,4.083125806746584,1.0,1.0,0.0,0.0,1.0,0.0
33,100,11.968333844910951,2.373967784420157,1.0,0.0,1.0,0.0,0.0,1.0
34,100,1.730864707485731,9.361943855924986,0.0,0.0,0.0,0.0,0.0,0.0
35,100,0.9209723154556038,9.233897950865003,0.0,0.0,0.0,1.0,1.0,1.0
36,100,0.0,9.534169965534936,1.0,1.0,1.0,0.0,0.0,0.0
37,100,0.6708156008053869,5.961317747716249,1.0,0.0,1.0,0.0,0.0,0.0
38,100,9.208096886851406,4.277160138517925,0.0,0.0,0.0,0.0,0.0,1.0
39,100,0.0,9.482630573233996,1.0,1.0,0.0,0.0,1.0,1.0
0,105,2.3020963657832336,10.994386095020747,1.0,0.0,1.0,0.0,1.0,1.0
1,105,8.608603892240748,10.628377036284036,0.0,0.0,0.0,0.0,0.0,0.0
2,105,10.346830955541591,11.726149120979972,0.0,0.0,0.0,1.0,0.0,0.0
3,105,8.941358422748772,5.515114166815714,0.0,1.0,0.0,0.0,0.0,0.0
4,105,9.65877151414746,6.462740283845752,0.0,1.0,1.0,1.0,0.0,1.0
5,105,8.632428428571789,3.801207223334861,0.0,0.0,1.0,1.0,0.0,1.0
6,105,2.454922089153305,0.8452102776039307,1.0,0.0,0.0,0.0,0.0,0.0
7,105,8.52234755373032,2.360782105574072,0.0,0.0,1.0,0.0,0.0,0.0
8,105,3.280046364152511,11.723478174975698,1.0,1.0,0.0,1.0,0.0,0.0
9,105,0.1746621807026784,1.1872302802371566,0.0,1.0,0.0,0.0,0.0,0.0
10,105,11.90811336317928,9.916507279466018,1.0,0.0,1.0,0.0,0.0,0.0
11,105,11.412645013557873,8.125879286217748,0.0,0.0,1.0,0.0,1.0,0.0
12,105,2.3416472876871803,0.0,0.0,1.0,0.0,0.0,0.0,1.0
13,105,10.917235785917478,4.28463602295824,0.0,1.0,1.0,1.0,0.0,0.0
14,105,8.878749765006443,7.75602253783275,0.0,0.0,0.0,0.0,0.0,0.0
15,105,10.305264153436848,3.0263996059591083,0.0,0.0,1.0,1.0,0.0,1.0
16,105,0.0,8.081334975033515,1.0,1.0,0.0,0.0,1.0,0.0
17,105,0.7623383139687099,8.008701471922594,0.0,0.0,0.0,1.0,1.0,1.0
18,105,12.0,7.276173048917118,0.0,0.0,0.0,1.0,1.0,0.0
19,105,8.671798553473522,9.246821264262287,1.0,1.0,0.0,1.0,1.0,1.0
20,105,2.438036823321177,8.337615358735379,1.0,1.0,0.0,1.0,0.0,1.0
21,105,6.036526139155072,3.071835650133307,0.0,1.0,1.0,1.0,0.0,0.0
22,105,4.687963849160191,1.615456900055701,0.0,1.0,0.0,0.0,1.0,0.0
23,105,4.0447520867963975,0.0229104559337143,1.0,0.0,0.0,0.0,0.0,0.0
24,105,8.887081479988506,8.842072634635777,1.0,0.0,1.0,0.0,0.0,1.0
25,105,0.4011284018728165,0.0,0.0,0.0,1.0,0.0,0.0,0.0
26,105,0.0,12.0,0.0,1.0,1.0,0.0,1.0,0.0
27,105,2.309478175235144,10.753938695486491,0.0,0.0,0.0,0.0,0.0,1.0
28,105,12.0,8.781105145406991,1.0,1.0,1.0,0.0,1.0,0.0
29,105,3.537528990483038,0.5206697887154621,1.0,1.0,0.0,1.0,1.0,1.0
30,105,11.929398317918809,5.687765262202754,0.0,0.0,1.0,0.0,1.0,0.0
31,105,8.776741705847195,0.0,0.0,0.0,0.0,1.0,0.0,0.0
32,105,8.517291994381777,4.083595267116733,1.0,1.0,0.0,0.0,1.0,0.0
33,105,11.960440941294271,2.427296088181125,1.0,0.0,1.0,0.0,0.0,1.0
34,105,1.7480275387196034,9.370434556288291,0.0,0.0,0.0,0.0,0.0,0.0
35,105,0.9179160534221704,9.207946579920453,0.0,0.0,0.0,1.0,1.0,1.0
36,105,0.0,9.437406158452326,1.0,1.0,1.0,0.0,0.0,0.0
37,105,0.6564589867056185,6.001989771484414,1.0,0.0,1.0,0.0,0.0,0.0
38,105,9.141257501010282,4.437510305978855,0.0,0.0,0.0,0.0,0.0,1.0
39,105,0.0,9.387806200415287,1.0,1.0,0.0,0.0,1.0,1.0
0,110,2.2926434335686863,10.978615829481868,1.0,0.0,1.0,0.0,1.0,1.0
1,110,8.591409716568986,10.609174551540775,0.0,0.0,0.0,0.0,0.0,0.0
2,110,10.290769436858769,11.74718500297728,0.0,0.0,0.0,1.0,0.0,0.0
3,110,8.943617892063646,5.495478247089165,0.0,1.0,0.0,0.0,0.0,0.0
4,110,9.67664777608154,6.44616541647219,0.0,1.0,1.0,1.0,0.0,1.0
5,110,8.530110592357836,3.8621476906414745,0.0,0.0,1.0,1.0,0.0,1.0
6,110,2.406073126286783,0.92601177000936,1.0,0.0,0.0,0.0,0.0,0.0
7,110,8.619370761051966,2.413024681696636,0.0,0.0,1.0,0.0,0.0,0.0
8,110,3.2840661504620896,11.718506161198876,1.0,1.0,0.0,1.0,0.0,0.0
9,110,0.2032490071071379,1.1164565854085895,0.0,1.0,0.0,0.0,0.0,0.0
10,110,11.973571406254433,9.912312489711674,1.0,0.0,1.0,0.0,0.0,0.0
11,110,11.402956366053465,8.153866153272315,0.0,0.0,1.0,0.0,1.0,0.0
12,110,2.366614440846973,0.0,0.0,1.0,0.0,0.0,0.0,1.0
13,110,10.932620648062436,4.288296572348123,0.0,1.0,1.0,1.0,0.0,0.0
14,110,8.877285335960426,7.756549667299249,0.0,0.0,0.0,0.0,0.0,0.0
15,110,10.311693843940086,3.00055147815622,0.0,0.0,1.0,1.0,0.0,1.0
16,110,0.0,8.053318699219155,1.0,1.0,0.0,0.0,1.0,0.0
17,110,0.7620450241865135,7.985318618116515,0.0,0.0,0.0,1.0,1.0,1.0
18,110,12.0,7.294344311510099,0.0,0.0,0.0,1.0,1.0,0.0
19,110,8.587432698899466,9.278172925699444,1.0,1.0,0.0,1.0,1.0,1.0
20,110,2.645399828782024,8.26315775270245,1.0,1.0,0.0,1.0,0.0,1.0
21,110,6.0004519800060585,3.1160128239384948,0.0,1.0,1.0,1.0,0.0,0.0
22,110,4.65418390460226,1.6022450178553047,0.0,1.0,0.0,0.0,1.0,0.0
23,110,4.05742616727271,0.02630518560376,1.0,0.0,0.0,0.0,0.0,0.0
24,110,8.808204757710138,8.697874291038586,1.0,0.0,1.0,0.0,0.0,1.0
25,110,0.4356374512782549,0.0,0.0,0.0,1.0,0.0,0.0,0.0
26,110,0.0,12.0,0.0,1.0,1.0,0.0,1.0,0.0
27,110,2.3006633871687328,10.742483596307377,0.0,0.0,0.0,0.0,0.0,1.0
28,110,12.0,8.780847599719769,1.0,1.0,1.0,0.0,1.0,0.0
29,110,3.5210399476049035,0.5155327094963709,1.0,1.0,0.0,1.0,1.0,1.0
30,110,11.930996064169909,5.678929439065313,0.0,0.0,1.0,0.0,1.0,0.0
31,110,8.726616538064553,0.0,0.0,0.0,0.0,1.0,0.0,0.0
32,110,8.446064010845484,4.081687202075425,1.0,1.0,0.0,0.0,1.0,0.0
33,110,11.95055880180252,2.5016886744329105,1.0,0.0,1.0,0.0,0.0,1.0
34,110,1.7641212872544365,9.378634828083342,0.0,0.0,0.0,0.0,0.0,0.0
35,110,0.9184320731304444,9.2139174068233,0.0,0.0,0.0,1.0,1.0,1.0
36,110,0.0,9.335791444599252,1.0,1.0,1.0,0.0,0.0,0.0
37,110,0.6450572261428758,6.034810413449609,1.0,0.0,1.0,0.0,0.0,0.0
38,110,9.07764730061363,4.598176969535093,0.0,0.0,0.0,0.0,0.0,1.0
39,110,0.0,9.289996183960364,1.0,1.0,0.0,0.0,1.0,1.0
0,115,2.2971493426079497,10.986027476908706,1.0,0.0,1.0,0.0,1.0,1.0
1,115,8.583802881088397,10.600515411885532,0.0,0.0,0.0,0.0,0.0,0.0
2,115,10.24040201913928,11.766464394505002,0.0,0.0,0.0,1.0,0.0,0.0
3,115,8.944120606789847,5.490926853355955,0.0,1.0,0.0,0.0,0.0,0.0
4,115,9.703416051806292,6.421250453870797,0.0,1.0,1.0,1.0,0.0,1.0
5,115,8.423605288719605,3.927904748848417,0.0,0.0,1.0,1.0,0.0,1.0
6,115,2.353422362782281,1.0143746097158342,1.0,0.0,0.0,0.0,0.0,0.0
7,115,8.675096483124717,2.3107976706848805,0.0,0.0,1.0,0.0,0.0,0.0
8,115,3.288628116506366,11.71283703930535,1.0,1.0,0.0,1.0,0.0,0.0
9,115,0.2290708568578703,1.055094355626668,0.0,1.0,0.0,0.0,0.0,0.0
10,115,12.0,9.909225838784684,1.0,0.0,1.0,0.0,0.0,0.0
11,115,11.39483250525625,8.176709354023382,0.0,0.0,1.0,0.0,1.0,0.0
12,115,2.384903362950519,0.0,0.0,1.0,0.0,0.0,0.0,1.0
13,115,10.961715341103927,4.294830819716923,0.0,1.0,1.0,1.0,0.0,0.0
14,115,8.885994347590412,7.753261215588596,0.0,0.0,0.0,0.0,0.0,0.0
15,115,10.317600663099707,2.977842083878132,0.0,0.0,1.0,1.0,0.0,1.0
16,115,0.0,8.014641806136803,1.0,1.0,0.0,0.0,1.0,0.0
17,115,0.7620514532635342,7.985525297758062,0.0,0.0,0.0,1.0,1.0,1.0
18,115,12.0,7.313516347468933,0.0,0.0,0.0,1.0,1.0,0.0
19,115,8.51298152046696,9.306106996431197,1.0,1.0,0.0,1.0,1.0,1.0
20,115,2.8671767815202034,8.18152900143829,1.0,1.0,0.0,1.0,0.0,1.0
21,115,5.95469177415259,3.171613810176239,0.0,1.0,1.0,1.0,0.0,0.0
22,115,4.620886247072101,1.5881080078938634,0.0,1.0,0.0,0.0,1.0,0.0
23,115,4.0826421870197445,0.0328741583333065,1.0,0.0,0.0,0.0,0.0,0.0
24,115,8.71722293855024,8.529865973530148,1.0,0.0,1.0,0.0,0.0,1.0
25,115,0.4513840622118623,0.0,0.0,0.0,1.0,0.0,0.0,0.0
26,115,0.0,12.0,0.0,1.0,1.0,0.0,1.0,0.0
27,115,2.2901871368949944,10.729439195764648,0.0,0.0,0.0,0.0,0.0,1.0
28,115,12.0,8.780322703071512,1.0,1.0,1.0,0.0,1.0,0.0
29,115,3.4872504780051177,0.50396392484343,1.0,1.0,0.0,1.0,1.0,1.0
30,115,11.935897246906675,5.652890847333346,0.0,0.0,1.0,0.0,1.0,0.0
31,115,8.672943951523926,0.0,0.0,0.0,0.0,1.0,0.0,0.0
32,115,8.373674936890577,4.078905744276785,1.0,1.0,0.0,0.0,1.0,0.0
33,115,11.94266829339508,2.561318012269668,1.0,0.0,1.0,0.0,0.0,1.0
34,115,1.7567416432257046,9.374893268473524,0.0,0.0,0.0,0.0,0.0,0.0
35,115,0.9159117963994312,9.18741079378414,0.0,0.0,0.0,1.0,1.0,1.0
36,115,0.0,9.243330462714733,1.0,1.0,1.0,0.0,0.0,0.0
37,115,0.6445586487105421,6.036204899417021,1.0,0.0,1.0,0.0,0.0,0.0
38,115,9.014500804411623,4.769766094963993,0.0,0.0,0.0,0.0,0.0,1.0
39,115,0.0,9.18098356508094,1.0,1.0,0.0,0.0,1.0,1.0
0,120,2.302827714641796,10.995682391448591,1.0,0.0,1.0,0.0,1.0,1.0
1,120,8.581971779831877,10.598411230128944,0.0,0.0,0.0,0.0,0.0,0.0
2,120,10.19806815219517,11.781833497150403,0.0,0.0,0.0,1.0,0.0,0.0
3,120,8.94482722692621,5.485647648154258,0.0,1.0,0.0,0.0,0.0,0.0
4,120,9.710346282454204,6.414797292639274,0.0,1.0,1.0,1.0,0.0,1.0
5,120,8.32290841194695,3.987945486593667,0.0,0.0,1.0,1.0,0.0,1.0
6,120,2.3063840985363853,1.0947395306338703,1.0,0.0,0.0,0.0,0.0,0.0
7,120,8.727493988790394,2.2116562746336585,0.0,0.0,1.0,0.0,0.0,0.0
8,120,3.295474144500993,11.704210707489008,1.0,1.0,0.0,1.0,0.0,0.0
9,120,0.2578975422388957,0.9869624567033268,0.0,1.0,0.0,0.0,0.0,0.0
10,120,12.0,9.906690467234611,1.0,0.0,1.0,0.0,0.0,0.0
11,120,11.385108011335562,8.203822265310082,0.0,0.0,1.0,0.0,1.0,0.0
12,120,2.3986753934374616,0.0,0.0,1.0,0.0,0.0,0.0,1.0
13,120,10.993184489649058,4.302082620370037,0.0,1.0,1.0,1.0,0.0,0.0
14,120,8.880792600972017,7.755136834181744,0.0,0.0,0.0,0.0,0.0,0.0
15,120,10.32408580826979,2.949769829168198,0.0,0.0,1.0,1.0,0.0,1.0
16,120,0.0,7.979671265824775,1.0,1.0,0.0,0.0,1.0,0.0
17,120,0.7618143945312469,7.97953362059758,0.0,0.0,0.0,1.0,1.0,1.0
18,120,12.0,7.329279478267402,0.0,0.0,0.0,1.0,1.0,0.0
19,120,8.432351890143757,9.335430153027485,1.0,1.0,0.0,1.0,1.0,1.0
20,120,3.0793445693416697,8.106000015268599,1.0,1.0,0.0,1.0,0.0,1.0
21,120,5.9023078867716645,3.237426306726681,0.0,1.0,1.0,1.0,0.0,0.0
22,120,4.623955891116405,1.5893786558074618,0.0,1.0,0.0,0.0,1.0,0.0
23,120,4.098828501374988,0.0369067579571102,1.0,0.0,0.0,0.0,0.0,0.0
24,120,8.634815350563311,8.379974780833562,1.0,0.0,1.0,0.0,0.0,1.0
25,120,0.4536839831394533,0.0,0.0,0.0,1.0,0.0,0.0,0.0
26,120,0.0,12.0,0.0,1.0,1.0,0.0,1.0,0.0
27,120,2.269146620841038,10.702650960861236,0.0,0.0,0.0,0.0,0.0,1.0
28,120,11.999387507622142,8.790925934495647,1.0,1.0,1.0,0.0,1.0,0.0
29,120,3.4430327777354828,0.4900325790775542,1.0,1.0,0.0,1.0,1.0,1.0
30,120,11.943772644872364,5.614160141961071,0.0,0.0,1.0,0.0,1.0,0.0
31,120,8.615604381360761,0.0,0.0,0.0,0.0,1.0,0.0,0.0
32,120,8.310084874092922,4.075570563629936,1.0,1.0,0.0,0.0,1.0,0.0
33,120,11.933356699245824,2.630227884318055,1.0,0.0,1.0,0.0,0.0,1.0
34,120,1.7584020539885952,9.375688142126736,0.0,0.0,0.0,0.0,0.0,0.0
35,120,0.9155820077559575,9.183808209817576,0.0,0.0,0.0,1.0,1.0,1.0
36,120,0.0,9.150189829047374,1.0,1.0,1.0,0.0,0.0,0.0
37,120,0.6486968293751764,6.024390464854762,1.0,0.0,1.0,0.0,0.0,0.0
38,120,8.934550614093606,4.98274623486979,0.0,0.0,0.0,0.0,0.0,1.0
39,120,0.0,9.065771025918304,1.0,1.0,0.0,0.0,1.0,1.0
0,125,2.3095901441286677,11.007154961460596,1.0,0.0,1.0,0.0,1.0,1.0
1,125,8.582820895517951,10.597703896168673,0.0,0.0,0.0,0.0,0.0,0.0
2,125,10.14547065424566,11.79922968687205,0.0,0.0,0.0,1.0,0.0,0.0
3,125,8.94677817673586,5.468881635060911,0.0,1.0,0.0,0.0,0.0,0.0
4,125,9.71769231329774,6.407976652156559,0.0,1.0,1.0,1.0,0.0,1.0
5,125,8.225873961892347,4.044678491295072,0.0,0.0,1.0,1.0,0.0,1.0
6,125,2.261310216153286,1.1728167375467018,1.0,0.0,0.0,0.0,0.0,0.0
7,125,8.785899238110702,2.099201203704045,0.0,0.0,1.0,0.0,0.0,0.0
8,125,3.306020588724251,11.69016341712942,1.0,1.0,0.0,1.0,0.0,0.0
9,125,0.2846894779540959,0.9254595586641288,0.0,1.0,0.0,0.0,0.0,0.0
10,125,12.0,9.90182289982076,1.0,0.0,1.0,0.0,0.0,0.0
11,125,11.37755360900099,8.22449358528462,0.0,0.0,1.0,0.0,1.0,0.0
12,125,2.414277305252471,0.0,0.0,1.0,0.0,0.0,0.0,1.0
13,125,11.026667064462185,4.310078160895678,0.0,1.0,1.0,1.0,0.0,0.0
14,125,8.871716087843573,7.75805739129206,0.0,0.0,0.0,0.0,0.0,0.0
15,125,10.32894056886162,2.9285918229205645,0.0,0.0,1.0,1.0,0.0,1.0
16,125,0.0,7.944568164685909,1.0,1.0,0.0,0.0,1.0,0.0
17,125,0.7621980380670431,7.992868390954526,0.0,0.0,0.0,1.0,1.0,1.0
18,125,12.0,7.345515830844849,0.0,0.0,0.0,1.0,1.0,0.0
19,125,8.348887272649918,9.364841352592224,1.0,1.0,0.0,1.0,1.0,1.0
20,125,3.2964495330569776,8.028392759527824,1.0,1.0,0.0,1.0,0.0,1.0
21,125,5.862254051635672,3.2867044434448807,0.0,1.0,1.0,1.0,0.0,0.0
22,125,4.646821503443293,1.5988724743414622,0.0,1.0,0.0,0.0,1.0,0.0
23,125,4.111531616841521,0.0399516508513019,1.0,0.0,0.0,0.0,0.0,0.0
24,125,8.557323148396755,8.240651492950235,1.0,0.0,1.0,0.0,0.0,1.0
25,125,0.444030913004996,0.0031082739049519,0.0,0.0,1.0,0.0,0.0,0.0
26,125,0.0,12.0,0.0,1.0,1.0,0.0,1.0,0.0
27,125,2.245473299408582,10.673396295268107,0.0,0.0,0.0,0.0,0.0,1.0
28,125,11.998864894392987,8.798293190410508,1.0,1.0,1.0,0.0,1.0,0.0
29,125,3.4105664322422644,0.4798088273392924,1.0,1.0,0.0,1.0,1.0,1.0
30,125,11.946821357521852,5.598176164369513,0.0,0.0,1.0,0.0,1.0,0.0
31,125,8.52817694383949,0.0,0.0,0.0,0.0,1.0,0.0,0.0
32,125,8.254178381648662,4.074000524085689,1.0,1.0,0.0,0.0,1.0,0.0
33,125,11.927020812024637,2.696473783596722,1.0,0.0,1.0,0.0,0.0,1.0
34,125,1.7598173424342014,9.37635516157574,0.0,0.0,0.0,0.0,0.0,0.0
35,125,0.916106395168754,9.191188639780616,0.0,0.0,0.0,1.0,1.0,1.0
36,125,0.0,9.053784896331118,1.0,1.0,1.0,0.0,0.0,0.0
37,125,0.6607562604998718,5.988556616601971,1.0,0.0,1.0,0.0,0.0,0.0
38,125,8.852915664076182,5.186174658503727,0.0,0.0,0.0,0.0,0.0,1.0
39,125,0.0,8.948718209848025,1.0,1.0,0.0,0.0,1.0,1.0
0,130,2.311999893893388,11.011275997057457,1.0,0.0,1.0,0.0,1.0,1.0
1,130,8.580727606569322,10.599481909861124,0.0,0.0,0.0,0.0,0.0,0.0
2,130,10.096164769218444,11.815018524322374,0.0,0.0,0.0,1.0,0.0,0.0
3,130,8.947943553465471,5.459714818366524,0.0,1.0,0.0,0.0,0.0,0.0
4,130,9.745893544523316,6.381411829626598,0.0,1.0,1.0,1.0,0.0,1.0
5,130,8.138191596860471,4.096497143739427,0.0,0.0,1.0,1.0,0.0,1.0
6,130,2.2208292442117683,1.2432955222906077,1.0,0.0,0.0,0.0,0.0,0.0
7,130,8.846527583540269,1.9813181326685696,0.0,0.0,1.0,0.0,0.0,0.0
8,130,3.330687073656495,11.65815186748116,1.0,1.0,0.0,1.0,0.0,0.0
9,130,0.308691520411522,0.8734635370061599,0.0,1.0,0.0,0.0,0.0,0.0
10,130,12.0,9.898674341470668,1.0,0.0,1.0,0.0,0.0,0.0
11,130,11.369144010504243,8.247025317322244,0.0,0.0,1.0,0.0,1.0,0.0
12,130,2.430716311757418,0.0,0.0,1.0,0.0,0.0,0.0,1.0
13,130,11.059015017615,4.317370892382476,0.0,1.0,1.0,1.0,0.0,0.0
14,130,8.864819555198146,7.76016387640158,0.0,0.0,0.0,0.0,0.0,0.0
15,130,10.330971035003788,2.917480930034192,0.0,0.0,1.0,1.0,0.0,1.0
16,130,0.0,7.921014514807617,1.0,1.0,0.0,0.0,1.0,0.0
17,130,0.7621911713718919,7.9921370708849295,0.0,0.0,0.0,1.0,1.0,1.0
18,130,12.0,7.363192960926582,0.0,0.0,0.0,1.0,1.0,0.0
19,130,8.265577364682374,9.394598657137696,1.0,1.0,0.0,1.0,1.0,1.0
20,130,3.508109141891745,7.952491122516031,1.0,1.0,0.0,1.0,0.0,1.0
21,130,5.818590705925361,3.340097020420377,0.0,1.0,1.0,1.0,0.0,0.0
22,130,4.672883323855517,1.6104247616948408,0.0,1.0,0.0,0.0,1.0,0.0
23,130,4.127829908173478,0.0439869336477606,1.0,0.0,0.0,0.0,0.0,0.0
24,130,8.495974982767866,8.127949432559495,1.0,0.0,1.0,0.0,0.0,1.0
25,130,0.4209518560824107,0.0104201429267423,0.0,0.0,1.0,0.0,0.0,0.0
26,130,0.0,12.0,0.0,1.0,1.0,0.0,1.0,0.0
27,130,2.2214897905801165,10.64366272894207,0.0,0.0,0.0,0.0,0.0,1.0
28,130,11.99769520590321,8.81308136734829,1.0,1.0,1.0,0.0,1.0,0.0
29,130,3.385486845623417,0.4718808777337072,1.0,1.0,0.0,1.0,1.0,1.0
30,130,11.95166083563916,5.575217956898422,0.0,0.0,1.0,0.0,1.0,0.0
31,130,8.592442831763284,0.0,0.0,0.0,0.0,1.0,0.0,0.0
32,130,8.200684109625286,4.072116312092368,1.0,1.0,0.0,0.0,1.0,0.0
33,130,11.921482273860974,2.7631675796374124,1.0,0.0,1.0,0.0,0.0,1.0
34,130,1.7732770157458264,9.382793755386738,0.0,0.0,0.0,0.0,0.0,0.0
35,130,0.9181546661849154,9.217157712509016,0.0,0.0,0.0,1.0,1.0,1.0
36,130,0.0,8.948091049675977,1.0,1.0,1.0,0.0,0.0,0.0
37,130,0.6793542231788026,5.933514951351065,1.0,0.0,1.0,0.0,0.0,0.0
38,130,8.756553805892706,5.390408601488777,0.0,0.0,0.0,0.0,0.0,1.0
39,130,0.0,8.842412063755669,1.0,1.0,0.0,0.0,1.0,1.0
0,135,2.31803248331077,11.022194079902134,1.0,0.0,1.0,0.0,1.0,1.0
1,135,8.5923537586085,10.5891193417432,0.0,0.0,0.0,0.0,0.0,0.0
2,135,10.052916012492805,11.82799758907656,0.0,0.0,0.0,1.0,0.0,0.0
3,135,8.948262006526582,5.457171205998691,0.0,1.0,0.0,0.0,0.0,0.0
4,135,9.779767147001865,6.348661249013162,0.0,1.0,1.0,1.0,0.0,1.0
5,135,8.069824926116553,4.137065087500008,0.0,0.0,1.0,1.0,0.0,1.0
6,135,2.1886606965300777,1.3023259191238363,1.0,0.0,0.0,0.0,0.0,0.0
7,135,8.90988767077246,1.859837794021794,0.0,0.0,1.0,0.0,0.0,0.0
8,135,3.3404544712331425,11.64425419945623,1.0,1.0,0.0,1.0,0.0,0.0
9,135,0.3299667171684693,0.8279613934858158,0.0,1.0,0.0,0.0,0.0,0.0
10,135,12.0,9.892366999345755,1.0,0.0,1.0,0.0,0.0,0.0
11,135,11.36051646722434,8.269844063161644,0.0,0.0,1.0,0.0,1.0,0.0
12,135,2.446420189754353,0.0,0.0,1.0,0.0,0.0,0.0,1.0
13,135,11.094474678567998,4.324239413444093,0.0,1.0,1.0,1.0,0.0,0.0
14,135,8.862121005181786,7.761101915667828,0.0,0.0,0.0,0.0,0.0,0.0
15,135,10.333120842951509,2.9058606481781317,0.0,0.0,1.0,1.0,0.0,1.0
16,135,0.0,7.900237301461934,1.0,1.0,0.0,0.0,1.0,0.0
17,135,0.7622265612095926,7.994941008194651,0.0,0.0,0.0,1.0,1.0,1.0
18,135,12.0,7.378429450679275,0.0,0.0,0.0,1.0,1.0,0.0
19,135,8.166167139861432,9.43076719619368,1.0,1.0,0.0,1.0,1.0,1.0
20,135,3.717998300954596,7.876837391539691,1.0,1.0,0.0,1.0,0.0,1.0
21,135,5.780396539538128,3.3900507838891936,0.0,1.0,1.0,1.0,0.0,0.0
22,135,4.690476269131389,1.6184541046899592,0.0,1.0,0.0,0.0,1.0,0.0
23,135,4.139282218617718,0.0466795064596248,1.0,0.0,0.0,0.0,0.0,0.0
24,135,8.435262471548375,8.019631794934854,1.0,0.0,1.0,0.0,0.0,1.0
25,135,0.4073008049958063,0.0147470241763785,0.0,0.0,1.0,0.0,0.0,0.0
26,135,0.0,12.0,0.0,1.0,1.0,0.0,1.0,0.0
27,135,2.1941186063034523,10.612169595855796,0.0,0.0,0.0,0.0,0.0,1.0
28,135,11.99559882238576,8.835044235979373,1.0,1.0,1.0,0.0,1.0,0.0
29,135,3.360217838113926,0.4631312352426884,1.0,1.0,0.0,1.0,1.0,1.0
30,135,11.953923280162437,5.564720937437599,0.0,0.0,1.0,0.0,1.0,0.0
31,135,8.65803872927357,0.0,0.0,0.0,0.0,1.0,0.0,0.0
32,135,8.126545583217537,4.068394277230159,1.0,1.0,0.0,0.0,1.0,0.0
33,135,11.916526036554815,2.8233307833457664,1.0,0.0,1.0,0.0,0.0,1.0
34,135,1.7982181260605123,9.395361294184312,0.0,0.0,0.0,0.0,0.0,0.0
35,135,0.919045105822189,9.22777056721963,0.0,0.0,0.0,1.0,1.0,1.0
36,135,0.0,8.851517083437662,1.0,1.0,1.0,0.0,0.0,0.0
37,135,0.6971230224850714,5.872425432338284,1.0,0.0,1.0,0.0,0.0,0.0
38,135,8.663745648822683,5.581311670015926,0.0,0.0,0.0,0.0,0.0,1.0
39,135,0.0,8.743521691456332,1.0,1.0,0.0,0.0,1.0,1.0
0,140,2.3226737437334357,11.030806170886454,1.0,0.0,1.0,0.0,1.0,1.0
1,140,8.616265008435956,10.567680623391574,0.0,0.0,0.0,0.0,0.0,0.0
2,140,10.031624786346711,11.83446018726526,0.0,0.0,0.0,1.0,0.0,0.0
3,140,8.949914821821164,5.440926634185031,0.0,1.0,0.0,0.0,0.0,0.0
4,140,9.79615704082569,6.333397088141324,0.0,1.0,1.0,1.0,0.0,1.0
5,140,8.01266670166889,4.170020657259876,0.0,0.0,1.0,1.0,0.0,1.0
6,140,2.153713343713806,1.3694022334221967,1.0,0.0,0.0,0.0,0.0,0.0
7,140,8.977694170214395,1.7259676104660064,0.0,0.0,1.0,0.0,0.0,0.0
8,140,3.333506846391974,11.653841327095488,1.0,1.0,0.0,1.0,0.0,0.0
9,140,0.3494103299410556,0.7846882284329953,0.0,1.0,0.0,0.0,0.0,0.0
10,140,12.0,9.886088614195376,1.0,0.0,1.0,0.0,0.0,0.0
11,140,11.357663926810217,8.277581615178551,0.0,0.0,1.0,0.0,1.0,0.0
12,140,2.4586410803772307,0.0,0.0,1.0,0.0,0.0,0.0,1.0
13,140,11.144624154043784,4.333320861325124,0.0,1.0,1.0,1.0,0.0,0.0
14,140,8.87612479978976,7.756311825922005,0.0,0.0,0.0,0.0,0.0,0.0
15,140,10.335607312233106,2.8916534118185524,0.0,0.0,1.0,1.0,0.0,1.0
16,140,0.0,7.862935944098941,1.0,1.0,0.0,0.0,1.0,0.0
17,140,0.7621647245093911,7.986421290948752,0.0,0.0,0.0,1.0,1.0,1.0
18,140,12.0,7.39333020385128,0.0,0.0,0.0,1.0,1.0,0.0
19,140,8.072122711206324,9.46511379535296,1.0,1.0,0.0,1.0,1.0,1.0
20,140,3.934178288978795,7.806291641156899,1.0,1.0,0.0,1.0,0.0,1.0
21,140,5.739559780985194,3.4490218606148986,0.0,1.0,1.0,1.0,0.0,0.0
22,140,4.737395765474977,1.63764079876003,0.0,1.0,0.0,0.0,1.0,0.0
23,140,4.120596525385796,0.0420998597396172,1.0,0.0,0.0,0.0,0.0,0.0
24,140,8.379994752489615,7.919007303080968,1.0,0.0,1.0,0.0,0.0,1.0
25,140,0.3874681744908283,0.0214034360919744,0.0,0.0,1.0,0.0,0.0,0.0
26,140,0.0,12.0,0.0,1.0,1.0,0.0,1.0,0.0
27,140,2.167811482082115,10.581057885606048,0.0,0.0,0.0,0.0,0.0,1.0
28,140,11.994469701883194,8.850621751953867,1.0,1.0,1.0,0.0,1.0,0.0
29,140,3.323311204217978,0.4491168998749683,1.0,1.0,0.0,1.0,1.0,1.0
30,140,11.95627529767696,5.554297637371993,0.0,0.0,1.0,0.0,1.0,0.0
31,140,8.72708780472404,0.0,0.0,0.0,0.0,1.0,0.0,0.0
32,140,8.050868738629761,4.065165171569199,1.0,1.0,0.0,0.0,1.0,0.0
33,140,11.912856565858108,2.8748843927089087,1.0,0.0,1.0,0.0,0.0,1.0
34,140,1.8190814851817736,9.406271284410176,0.0,0.0,0.0,0.0,0.0,0.0
35,140,0.9195511530207856,9.23551235959842,0.0,0.0,0.0,1.0,1.0,1.0
36,140,0.0,8.751885383878001,1.0,1.0,1.0,0.0,0.0,0.0
37,140,0.7067463250583441,5.838346908385222,1.0,0.0,1.0,0.0,0.0,0.0
38,140,8.571105075840354,5.7785938455997,0.0,0.0,0.0,0.0,0.0,1.0
39,140,0.0,8.646576183264308,1.0,1.0,0.0,0.0,1.0,1.0
0,145,2.313316035515974,11.01351274558074,1.0,0.0,1.0,0.0,1.0,1.0
1,145,8.636306151234734,10.550346111386506,0.0,0.0,0.0,0.0,0.0,0.0
2,145,10.012316222727929,11.840259276591995,0.0,0.0,0.0,1.0,0.0,0.0
3,145,8.951821499157429,5.419964120620594,0.0,1.0,0.0,0.0,0.0,0.0
4,145,9.796943693209856,6.332695323316852,0.0,1.0,1.0,1.0,0.0,1.0
5,145,7.9577196680747795,4.201609113754633,0.0,0.0,1.0,1.0,0.0,1.0
6,145,2.109132216432177,1.4499153443891444,1.0,0.0,0.0,0.0,0.0,0.0
7,145,9.050855591861602,1.5879432419861494,0.0,0.0,1.0,0.0,0.0,0.0
8,145,3.323488222499378,11.66809355607021,1.0,1.0,0.0,1.0,0.0,0.0
9,145,0.3673786064395347,0.7452598925711894,0.0,1.0,0.0,0.0,0.0,0.0
10,145,12.0,9.879482280436786,1.0,0.0,1.0,0.0,0.0,0.0
11,145,11.364755692970222,8.259046482846205,0.0,0.0,1.0,0.0,1.0,0.0
12,145,2.465664619201981,0.0,0.0,1.0,0.0,0.0,0.0,1.0
13,145,11.221127240357346,4.3492392496326655,0.0,1.0,1.0,1.0,0.0,0.0
14,145,8.890898940302451,7.750971240357345,0.0,0.0,0.0,0.0,0.0,0.0
15,145,10.33911158581045,2.867195820221463,0.0,0.0,1.0,1.0,0.0,1.0
16,145,0.0,7.828506924852626,1.0,1.0,0.0,0.0,1.0,0.0
17,145,0.7622658312779886,7.972841840673672,0.0,0.0,0.0,1.0,1.0,1.0
18,145,12.0,7.406466914004201,0.0,0.0,0.0,1.0,1.0,0.0
19,145,7.984108123115876,9.49743617090069,1.0,1.0,0.0,1.0,1.0,1.0
20,145,4.161933404646627,7.731959601458731,1.0,1.0,0.0,1.0,0.0,1.0
21,145,5.686631563210799,3.5206198613365194,0.0,1.0,1.0,1.0,0.0,0.0
22,145,4.808132442747295,1.6674217567521692,0.0,1.0,0.0,0.0,1.0,0.0
23,145,4.080449339253791,0.0315846232883587,1.0,0.0,0.0,0.0,0.0,0.0
24,145,8.318282476253682,7.806503606360547,1.0,0.0,1.0,0.0,0.0,1.0
25,145,0.3910491595245494,0.0201880032632009,0.0,0.0,1.0,0.0,0.0,0.0
26,145,0.0,12.0,0.0,1.0,1.0,0.0,1.0,0.0
27,145,2.144102935857883,10.552484065445524,0.0,0.0,0.0,0.0,0.0,1.0
28,145,11.995762785105237,8.834905743940144,1.0,1.0,1.0,0.0,1.0,0.0
29,145,3.294415732222104,0.4380658595845777,1.0,1.0,0.0,1.0,1.0,1.0
30,145,11.961860028923876,5.530761530178544,0.0,0.0,1.0,0.0,1.0,0.0
31,145,8.802034937740084,0.0,0.0,0.0,0.0,1.0,0.0,0.0
32,145,7.978262861455903,4.064273902626398,1.0,1.0,0.0,0.0,1.0,0.0
33,145,11.910562474669948,2.918756314950932,1.0,0.0,1.0,0.0,0.0,1.0
34,145,1.8314835526607056,9.41255145166386,0.0,0.0,0.0,0.0,0.0,0.0
35,145,0.9204136789111096,9.250373997598894,0.0,0.0,0.0,1.0,1.0,1.0
36,145,0.0,8.655964829018194,1.0,1.0,1.0,0.0,0.0,0.0
37,145,0.7096909642081118,5.828375578073873,1.0,0.0,1.0,0.0,0.0,0.0
38,145,8.482430680684153,5.97951522258116,0.0,0.0,0.0,0.0,0.0,1.0
39,145,0.0874625264496941,8.561023236091447,1.0,1.0,0.0,0.0,1.0,1.0
0,150,2.3210614841499995,11.028120702095286,1.0,0.0,1.0,0.0,1.0,1.0
1,150,8.651630814071245,10.536642540368232,0.0,0.0,0.0,0.0,0.0,0.0
2,150,10.002351423800423,11.84328901815929,0.0,0.0,0.0,1.0,0.0,0.0
3,150,8.953799785347233,5.39627800904061,0.0,1.0,0.0,0.0,0.0,0.0
4,150,9.80169408138101,6.328539173326497,0.0,1.0,1.0,1.0,0.0,1.0
5,150,7.909196779620951,4.228304307114211,0.0,0.0,1.0,1.0,0.0,1.0
6,150,2.0679536972746684,1.5226428717387592,1.0,0.0,0.0,0.0,0.0,0.0
7,150,9.13468658158026,1.4312867936608509,0.0,0.0,1.0,0.0,0.0,0.0
8,150,3.318632690336045,11.675300815570605,1.0,1.0,0.0,1.0,0.0,0.0
9,150,0.3907094650637698,0.6907919463068416,0.0,1.0,0.0,0.0,0.0,0.0
10,150,12.0,9.872110703160349,1.0,0.0,1.0,0.0,0.0,0.0
11,150,11.37258369333642,8.237013656231499,0.0,0.0,1.0,0.0,1.0,0.0
12,150,2.47546800864345,0.0,0.0,1.0,0.0,0.0,0.0,1.0
13,150,11.28578181399363,4.362561664803928,0.0,1.0,1.0,1.0,0.0,0.0
14,150,8.892051765382693,7.750571670455031,0.0,0.0,0.0,0.0,0.0,0.0
15,150,10.341935719794746,2.8501980331439545,0.0,0.0,1.0,1.0,0.0,1.0
16,150,0.0,7.787076679817877,1.0,1.0,0.0,0.0,1.0,0.0
17,150,0.7629461527324632,7.949905667943115,0.0,0.0,0.0,1.0,1.0,1.0
18,150,12.0,7.41653141478919,0.0,0.0,0.0,1.0,1.0,0.0
19,150,7.909941601961001,9.522950435643908,1.0,1.0,0.0,1.0,1.0,1.0
20,150,4.38579523923493,7.665674178408778,1.0,1.0,0.0,1.0,0.0,1.0
21,150,5.63395237650428,3.595891659885053,0.0,1.0,1.0,1.0,0.0,0.0
22,150,4.87899881244517,1.699646110042352,0.0,1.0,0.0,0.0,1.0,0.0
23,150,4.062321234573064,0.0264584437108778,1.0,0.0,0.0,0.0,0.0,0.0
24,150,8.256133080804325,7.692442442933103,1.0,0.0,1.0,0.0,0.0,1.0
25,150,0.3897994740341995,0.0206465503357469,0.0,0.0,1.0,0.0,0.0,0.0
26,150,0.0,12.0,0.0,1.0,1.0,0.0,1.0,0.0
27,150,2.139936700548612,10.547587887806458,0.0,0.0,0.0,0.0,0.0,1.0
28,150,11.996836148554507,8.823332508425498,1.0,1.0,1.0,0.0,1.0,0.0
29,150,3.27823491140005,0.4321867362802539,1.0,1.0,0.0,1.0,1.0,1.0
30,150,11.967261070113322,5.507983691549076,0.0,0.0,1.0,0.0,1.0,0.0
31,150,8.883233397049478,0.0,0.0,0.0,0.0,1.0,0.0,0.0
32,150,7.919908947651639,4.064057491043877,1.0,1.0,0.0,0.0,1.0,0.0
33,150,11.909455684357326,2.9460964520619752,1.0,0.0,1.0,0.0,0.0,1.0
34,150,1.8507189882190296,9.422492967203006,0.0,0.0,0.0,0.0,0.0,0.0
35,150,0.9226789992339548,9.29173356532612,0.0,0.0,0.0,1.0,1.0,1.0
36,150,0.0,8.550048990282054,1.0,1.0,1.0,0.0,0.0,0.0
37,150,0.7089682037110195,5.830666858996793,1.0,0.0,1.0,0.0,0.0,0.0
38,150,8.3866429525734,6.182808754144479,0.0,0.0,0.0,0.0,0.0,1.0
39,150,0.1571937974376299,8.495411269675074,1.0,1.0,0.0,0.0,1.0,1.0
0,155,2.3292098607732297,11.044137622301646,1.0,0.0,1.0,0.0,1.0,1.0
1,155,8.679974564578188,10.511114958227385,0.0,0.0,0.0,0.0,0.0,0.0
2,155,9.994154073244164,11.845746168113603,0.0,0.0,0.0,1.0,0.0,0.0
3,155,8.954462177161192,5.3827902526041465,0.0,1.0,0.0,0.0,0.0,0.0
4,155,9.808098770542433,6.322537786772696,0.0,1.0,1.0,1.0,0.0,1.0
5,155,7.8370196331095325,4.2676972031880975,0.0,0.0,1.0,1.0,0.0,1.0
6,155,2.022790596056614,1.601544894943352,1.0,0.0,0.0,0.0,0.0,0.0
7,155,9.21322061849608,1.2777180903914362,0.0,0.0,1.0,0.0,0.0,0.0
8,155,3.319295253990139,11.674296394433762,1.0,1.0,0.0,1.0,0.0,0.0
9,155,0.4264357827248308,0.6102360266781477,0.0,1.0,0.0,0.0,0.0,0.0
10,155,12.0,9.859946815946152,1.0,0.0,1.0,0.0,0.0,0.0
11,155,11.380412677626044,8.214530754493461,0.0,0.0,1.0,0.0,1.0,0.0
12,155,2.485780998761043,0.0,0.0,1.0,0.0,0.0,0.0,1.0
13,155,11.338594592193612,4.373072312470675,0.0,1.0,1.0,1.0,0.0,0.0
14,155,8.894341946376958,7.749834485551129,0.0,0.0,0.0,0.0,0.0,0.0
15,155,10.344497043439334,2.833984578393155,0.0,0.0,1.0,1.0,0.0,1.0
16,155,0.0,7.730582782732794,1.0,1.0,0.0,0.0,1.0,0.0
17,155,0.7636369842744877,7.935266939133712,0.0,0.0,0.0,1.0,1.0,1.0
18,155,12.0,7.423375526667821,0.0,0.0,0.0,1.0,1.0,0.0
19,155,7.82753323249806,9.553450670361622,1.0,1.0,0.0,1.0,1.0,1.0
20,155,4.62648628050386,7.595434505540783,1.0,1.0,0.0,1.0,0.0,1.0
21,155,5.581448011131629,3.673734426702796,0.0,1.0,1.0,1.0,0.0,0.0
22,155,4.9556854950048095,1.7395488643432877,0.0,1.0,0.0,0.0,1.0,0.0
23,155,4.047930399247718,0.0222683477919478,1.0,0.0,0.0,0.0,0.0,0.0
24,155,8.193831912411884,7.57163535125288,1.0,0.0,1.0,0.0,0.0,1.0
25,155,0.3746572886096613,0.0259399275154422,0.0,0.0,1.0,0.0,0.0,0.0
26,155,0.0,12.0,0.0,1.0,1.0,0.0,1.0,0.0
27,155,2.1280517547976108,10.533824551209973,0.0,0.0,0.0,0.0,0.0,1.0
28,155,11.996878134796871,8.822757129865899,1.0,1.0,1.0,0.0,1.0,0.0
29,155,3.2582651850590767,0.4254025826518943,1.0,1.0,0.0,1.0,1.0,1.0
30,155,11.970844588473836,5.493673654352061,0.0,0.0,1.0,0.0,1.0,0.0
31,155,8.97520225782301,0.0,0.0,0.0,0.0,1.0,0.0,0.0
32,155,7.860541965681953,4.06491740695014,1.0,1.0,0.0,0.0,1.0,0.0
33,155,11.908616797736569,2.96926632894962,1.0,0.0,1.0,0.0,0.0,1.0
34,155,1.8805987057782183,9.437565739126734,0.0,0.0,0.0,0.0,0.0,0.0
35,155,0.9272687802992244,9.351088300987673,0.0,0.0,0.0,1.0,1.0,1.0
36,155,0.0,8.469418526327456,1.0,1.0,1.0,0.0,0.0,0.0
37,155,0.7073812931259876,5.835524551030819,1.0,0.0,1.0,0.0,0.0,0.0
38,155,8.295130595118986,6.391521465354518,0.0,0.0,0.0,0.0,0.0,1.0
39,155,0.2193296017805297,8.43826330253861,1.0,1.0,0.0,0.0,1.0,1.0
0,160,2.3474302015871777,11.0802042748204,1.0,0.0,1.0,0.0,1.0,1.0
1,160,8.704169435529248,10.489956539718497,0.0,0.0,0.0,0.0,0.0,0.0
2,160,9.98771320116355,11.847858148302654,0.0,0.0,0.0,1.0,0.0,0.0
3,160,8.954470792567884,5.3824295407158615,0.0,1.0,0.0,0.0,0.0,0.0
4,160,9.806614164240878,6.323925956271084,0.0,1.0,1.0,1.0,0.0,1.0
5,160,7.764177855207715,4.308464526540056,0.0,0.0,1.0,1.0,0.0,1.0
6,160,1.9796450932471312,1.675389631139416,1.0,0.0,0.0,0.0,0.0,0.0
7,160,9.287006133038414,1.1349897584120214,0.0,0.0,1.0,0.0,0.0,0.0
8,160,3.328131729438659,11.660505163088915,1.0,1.0,0.0,1.0,0.0,0.0
9,160,0.4710374315642415,0.5077983654484303,0.0,1.0,0.0,0.0,0.0,0.0
10,160,12.0,9.85017153603573,1.0,0.0,1.0,0.0,0.0,0.0
11,160,11.389176419652376,8.189575394064004,0.0,0.0,1.0,0.0,1.0,0.0
12,160,2.4942656096212485,0.0,0.0,1.0,0.0,0.0,0.0,1.0
13,160,11.409727350910428,4.388039699931468,0.0,1.0,1.0,1.0,0.0,0.0
14,160,8.907724609533735,7.745830515243439,0.0,0.0,0.0,0.0,0.0,0.0
15,160,10.347494745974684,2.814939448692249,0.0,0.0,1.0,1.0,0.0,1.0
16,160,0.0,7.678377380837888,1.0,1.0,0.0,0.0,1.0,0.0
17,160,0.7640182031122958,7.9246136461757315,0.0,0.0,0.0,1.0,1.0,1.0
18,160,12.0,7.429677074677709,0.0,0.0,0.0,1.0,1.0,0.0
19,160,7.747697038457061,9.583274368670878,1.0,1.0,0.0,1.0,1.0,1.0
20,160,4.870775583249867,7.530574012426125,1.0,1.0,0.0,1.0,0.0,1.0
21,160,5.53107458836405,3.748497877720027,0.0,1.0,1.0,1.0,0.0,0.0
22,160,5.015990533764827,1.7710277365876974,0.0,1.0,0.0,0.0,1.0,0.0
23,160,4.027550316768199,0.0163349645415892,1.0,0.0,0.0,0.0,0.0,0.0
24,160,8.144763118411387,7.472871048893819,1.0,0.0,1.0,0.0,0.0,1.0
25,160,0.3651031362966921,0.0289706860970945,0.0,0.0,1.0,0.0,0.0,0.0
26,160,0.0,12.0,0.0,1.0,1.0,0.0,1.0,0.0
27,160,2.1116693998112157,10.513972667561177,0.0,0.0,0.0,0.0,0.0,1.0
28,160,11.996056430391077,8.832072608222273,1.0,1.0,1.0,0.0,1.0,0.0
29,160,3.267182245428425,0.3995145243615711,1.0,1.0,0.0,1.0,1.0,1.0
30,160,11.978645464332816,5.46411281732805,0.0,0.0,1.0,0.0,1.0,0.0
31,160,9.082143360150674,0.0,0.0,0.0,0.0,1.0,0.0,0.0
32,160,7.809386659153507,4.065354387961838,1.0,1.0,0.0,0.0,1.0,0.0
33,160,11.906680361670707,3.0207492644470064,1.0,0.0,1.0,0.0,0.0,1.0
34,160,1.927132209565712,9.459798557236578,0.0,0.0,0.0,0.0,0.0,0.0
35,160,0.9314680796035092,9.400413201662106,0.0,0.0,0.0,1.0,1.0,1.0
36,160,0.0,8.380978440979119,1.0,1.0,1.0,0.0,0.0,0.0
37,160,0.710498060257959,5.826403981324652,1.0,0.0,1.0,0.0,0.0,0.0
38,160,8.206418006474825,6.588493122421457,0.0,0.0,0.0,0.0,0.0,1.0
39,160,0.2846957715173273,8.507139897897384,1.0,1.0,0.0,0.0,1.0,1.0
0,165,2.3744694195720446,11.134229602029627,1.0,0.0,1.0,0.0,1.0,1.0
1,165,8.729033984996592,10.467965758303144,0.0,0.0,0.0,0.0,0.0,0.0
2,165,9.975121676196377,11.852151936848156,0.0,0.0,0.0,1.0,0.0,0.0
3,165,8.954427908578564,5.38338737389163,0.0,1.0,0.0,0.0,0.0,0.0
4,165,9.798748966726205,6.33121658397178,0.0,1.0,1.0,1.0,0.0,1.0
5,165,7.6998084422085,4.344115447272814,0.0,0.0,1.0,1.0,0.0,1.0
6,165,1.9386702627449368,1.745041704222388,1.0,0.0,0.0,0.0,0.0,0.0
7,165,9.358237650164776,0.991496597161268,0.0,0.0,1.0,0.0,0.0,0.0
8,165,3.336707706468617,11.647260448100472,1.0,1.0,0.0,1.0,0.0,0.0
9,165,0.5173119593490807,0.3970329143273107,0.0,1.0,0.0,0.0,0.0,0.0
10,165,12.0,9.84255182252743,1.0,0.0,1.0,0.0,0.0,0.0
11,165,11.402491844562178,8.149631598211162,0.0,0.0,1.0,0.0,1.0,0.0
12,165,2.5001970955710697,0.0,0.0,1.0,0.0,0.0,0.0,1.0
13,165,11.499165535343206,4.40661561394222,0.0,1.0,1.0,1.0,0.0,0.0
14,165,8.922952013263155,7.741719137952078,0.0,0.0,0.0,0.0,0.0,0.0
15,165,10.344151968568037,2.83651424426519,0.0,0.0,1.0,1.0,0.0,1.0
16,165,0.0,7.619411798909341,1.0,1.0,0.0,0.0,1.0,0.0
17,165,0.7642111089872933,7.91669466510074,0.0,0.0,0.0,1.0,1.0,1.0
18,165,12.0,7.438706821033462,0.0,0.0,0.0,1.0,1.0,0.0
19,165,7.651955188221165,9.622816620967937,1.0,1.0,0.0,1.0,1.0,1.0
20,165,5.125394366187724,7.465508682473372,1.0,1.0,0.0,1.0,0.0,1.0
21,165,5.487043025460464,3.812179977546122,0.0,1.0,1.0,1.0,0.0,0.0
22,165,5.074338815361156,1.801940513748356,0.0,1.0,0.0,0.0,1.0,0.0
23,165,3.983916906307885,0.0032222955984138,1.0,0.0,0.0,0.0,0.0,0.0
24,165,8.09614714672299,7.379232130235589,1.0,0.0,1.0,0.0,0.0,1.0
25,165,0.3364681745310893,0.0378639359619813,0.0,0.0,1.0,0.0,0.0,0.0
26,165,0.0,12.0,0.0,1.0,1.0,0.0,1.0,0.0
27,165,2.099262816088585,10.49958119523156,0.0,0.0,0.0,0.0,0.0,1.0
28,165,11.9962170288514,8.830205044095779,1.0,1.0,1.0,0.0,1.0,0.0
29,165,3.275985612649649,0.3760378240121488,1.0,1.0,0.0,1.0,1.0,1.0
30,165,11.984234555911607,5.443619881890824,0.0,0.0,1.0,0.0,1.0,0.0
31,165,9.197976479101598,0.0,0.0,0.0,0.0,1.0,0.0,0.0
32,165,7.760118713747769,4.065856826124016,1.0,1.0,0.0,0.0,1.0,0.0
33,165,11.90463030820378,3.0682878113838945,1.0,0.0,1.0,0.0,0.0,1.0
34,165,1.985091615666049,9.486810686176469,0.0,0.0,0.0,0.0,0.0,0.0
35,165,0.935465162177562,9.444786078972443,0.0,0.0,0.0,1.0,1.0,1.0
36,165,0.0,8.274919871577154,1.0,1.0,1.0,0.0,0.0,0.0
37,165,0.7081460231571358,5.833235459051839,1.0,0.0,1.0,0.0,0.0,0.0
38,165,8.103765205949115,6.814124395750673,0.0,0.0,0.0,0.0,0.0,1.0
39,165,0.3397745294578422,8.56539739199286,1.0,1.0,0.0,0.0,1.0,1.0
0,170,2.4047768817259096,11.19595835653914,1.0,0.0,1.0,0.0,1.0,1.0
1,170,8.761864794834331,10.43868916267018,0.0,0.0,0.0,0.0,0.0,0.0
2,170,9.969462585593996,11.854117802545575,0.0,0.0,0.0,1.0,0.0,0.0
3,170,8.955038975474793,5.3719728304929335,0.0,1.0,0.0,0.0,0.0,0.0
4,170,9.788334928203328,6.3406106631487775,0.0,1.0,1.0,1.0,0.0,1.0
5,170,7.622953952257474,4.383487889908121,0.0,0.0,1.0,1.0,0.0,1.0
6,170,1.8930436512481292,1.8266897380474136,1.0,0.0,0.0,0.0,0.0,0.0
7,170,9.419563501992773,0.8700185967099585,0.0,0.0,1.0,0.0,0.0,0.0
8,170,3.3554607827538967,11.618595995464736,1.0,1.0,0.0,1.0,0.0,0.0
9,170,0.5675852120942682,0.2831096387117766,0.0,1.0,0.0,0.0,0.0,0.0
10,170,12.0,9.835918434156042,1.0,0.0,1.0,0.0,0.0,0.0
11,170,11.416961984263684,8.105293694794792,0.0,0.0,1.0,0.0,1.0,0.0
12,170,2.503053404380763,0.0,0.0,1.0,0.0,0.0,0.0,1.0
13,170,11.60891989675595,4.428700721202182,0.0,1.0,1.0,1.0,0.0,0.0
14,170,8.97849437937224,7.726595530375479,0.0,0.0,0.0,0.0,0.0,0.0
15,170,10.342349090780909,2.8501426567614705,0.0,0.0,1.0,1.0,0.0,1.0
16,170,0.0,7.556355660741759,1.0,1.0,0.0,0.0,1.0,0.0
17,170,0.7642526858449885,7.931615442408196,0.0,0.0,0.0,1.0,1.0,1.0
18,170,12.0,7.449708179142746,0.0,0.0,0.0,1.0,1.0,0.0
19,170,7.561917212488689,9.659452783120193,1.0,1.0,0.0,1.0,1.0,1.0
20,170,5.374614912899264,7.400357250684598,1.0,1.0,0.0,1.0,0.0,1.0
21,170,5.445389419654113,3.8713807919195,0.0,1.0,1.0,1.0,0.0,0.0
22,170,5.136840688423015,1.8351934362724545,0.0,1.0,0.0,0.0,1.0,0.0
23,170,3.9244275607661936,0.0,1.0,0.0,0.0,0.0,0.0,0.0
24,170,8.042367598865328,7.280818895059831,1.0,0.0,1.0,0.0,0.0,1.0
25,170,0.2947283279409829,0.0494640008836722,0.0,0.0,1.0,0.0,0.0,0.0
26,170,0.0,12.0,0.0,1.0,1.0,0.0,1.0,0.0
27,170,2.0895260082277027,10.488367847663303,0.0,0.0,0.0,0.0,0.0,1.0
28,170,11.995342544562856,8.840098551937217,1.0,1.0,1.0,0.0,1.0,0.0
29,170,3.2865091152215107,0.3797627426446902,1.0,1.0,0.0,1.0,1.0,1.0
30,170,11.992976915816724,5.411221285432093,0.0,0.0,1.0,0.0,1.0,0.0
31,170,9.32483947063387,0.0,0.0,0.0,0.0,1.0,0.0,0.0
32,170,7.693691338070256,4.066931762300628,1.0,1.0,0.0,0.0,1.0,0.0
33,170,11.901284513996892,3.117685699752732,1.0,0.0,1.0,0.0,0.0,1.0
34,170,2.017151256672156,9.500098756227626,0.0,0.0,0.0,0.0,0.0,0.0
35,170,0.9409179535507244,9.505957440977662,0.0,0.0,0.0,1.0,1.0,1.0
36,170,0.0,8.142188103450636,1.0,1.0,1.0,0.0,0.0,0.0
37,170,0.7074480458043139,5.833007716577075,1.0,0.0,1.0,0.0,0.0,0.0
38,170,7.996541352754244,7.0409470156806,0.0,0.0,0.0,0.0,0.0,1.0
39,170,0.4064586026664353,8.635699785896596,1.0,1.0,0.0,0.0,1.0,1.0
0,175,2.441066483872389,11.272826231678216,1.0,0.0,1.0,0.0,1.0,1.0
1,175,8.79411240432136,10.410571080397446,0.0,0.0,0.0,0.0,0.0,0.0
2,175,9.988658823081916,11.847109348744011,0.0,0.0,0.0,1.0,0.0,0.0
3,175,8.955668542054074,5.354553418936722,0.0,1.0,0.0,0.0,0.0,0.0
4,175,9.763742263887265,6.363062075229378,0.0,1.0,1.0,1.0,0.0,1.0
5,175,7.545052964279909,4.422199159478983,0.0,0.0,1.0,1.0,0.0,1.0
6,175,1.8352043070594604,1.920566177573123,1.0,0.0,0.0,0.0,0.0,0.0
7,175,9.485112675127503,0.7447843900019264,0.0,0.0,1.0,0.0,0.0,0.0
8,175,3.384989970969371,11.572772820858832,1.0,1.0,0.0,1.0,0.0,0.0
9,175,0.6248583525012645,0.160554575414759,0.0,1.0,0.0,0.0,0.0,0.0
10,175,12.0,9.827257889248166,1.0,0.0,1.0,0.0,0.0,0.0
11,175,11.433482379168485,8.057470377168917,0.0,0.0,1.0,0.0,1.0,0.0
12,175,2.506737969252216,0.0,0.0,1.0,0.0,0.0,0.0,1.0
13,175,11.715536649246808,4.448227763116651,0.0,1.0,1.0,1.0,0.0,0.0
14,175,9.042633076234804,7.708669974946474,0.0,0.0,0.0,0.0,0.0,0.0
15,175,10.339565797765175,2.869028163964432,0.0,0.0,1.0,1.0,0.0,1.0
16,175,0.0,7.501144628188588,1.0,1.0,0.0,0.0,1.0,0.0
17,175,0.7641455394891707,7.924074175803279,0.0,0.0,0.0,1.0,1.0,1.0
18,175,12.0,7.461827538440477,0.0,0.0,0.0,1.0,1.0,0.0
19,175,7.473612307420941,9.696250713421795,1.0,1.0,0.0,1.0,1.0,1.0
20,175,5.63276654442139,7.324693783287454,1.0,1.0,0.0,1.0,0.0,1.0
21,175,5.390197876494672,3.9557501338597287,0.0,1.0,1.0,1.0,0.0,0.0
22,175,5.202159763941906,1.870450070565612,0.0,1.0,0.0,0.0,1.0,0.0
23,175,3.85257184331119,0.0,1.0,0.0,0.0,0.0,0.0,0.0
24,175,7.98926197013774,7.178849252193506,1.0,0.0,1.0,0.0,0.0,1.0
25,175,0.2408818631056026,0.064477107455979,0.0,0.0,1.0,0.0,0.0,0.0
26,175,0.0,12.0,0.0,1.0,1.0,0.0,1.0,0.0
27,175,2.079987123344979,10.477029262125068,0.0,0.0,0.0,0.0,0.0,1.0
28,175,11.9945847763301,8.851821057102308,1.0,1.0,1.0,0.0,1.0,0.0
29,175,3.2870277527924494,0.3799556489832637,1.0,1.0,0.0,1.0,1.0,1.0
30,175,12.0,5.372242896471687,0.0,0.0,1.0,0.0,1.0,0.0
31,175,9.446145933068111,0.0,0.0,0.0,0.0,1.0,0.0,0.0
32,175,7.6265628276978275,4.068533008487161,1.0,1.0,0.0,0.0,1.0,0.0
33,175,11.895461471798235,3.188905895584292,1.0,0.0,1.0,0.0,0.0,1.0
34,175,2.0378880252656857,9.507932785688016,0.0,0.0,0.0,0.0,0.0,0.0
35,175,0.9448738484413126,9.545169530853183,0.0,0.0,0.0,1.0,1.0,1.0
36,175,0.0,8.019813093816357,1.0,1.0,1.0,0.0,0.0,0.0
37,175,0.7198769829183788,5.8369625261729885,1.0,0.0,1.0,0.0,0.0,0.0
38,175,7.879627194672031,7.286740058034156,0.0,0.0,0.0,0.0,0.0,1.0
39,175,0.4631984553314267,8.696003404275876,1.0,1.0,0.0,0.0,1.0,1.0
0,180,2.4756971787523536,11.341315279346771,1.0,0.0,1.0,0.0,1.0,1.0
1,180,8.833325333421968,10.37665621250006,0.0,0.0,0.0,0.0,0.0,0.0
2,180,9.99180033864583,11.845979748986474,0.0,0.0,0.0,1.0,0.0,0.0
3,180,8.956262161204172,5.341786847434162,0.0,1.0,0.0,0.0,0.0,0.0
4,180,9.736057715638005,6.390563705239221,0.0,1.0,1.0,1.0,0.0,1.0
5,180,7.468633639341202,4.460259800579835,0.0,0.0,1.0,1.0,0.0,1.0
6,180,1.7789039282565529,2.0189465118599865,1.0,0.0,0.0,0.0,0.0,0.0
7,180,9.546996576226917,0.6213318310731206,0.0,0.0,1.0,0.0,0.0,0.0
8,180,3.407963994865105,11.535544301326752,1.0,1.0,0.0,1.0,0.0,0.0
9,180,0.6787922928582641,0.0396377410591873,0.0,1.0,0.0,0.0,0.0,0.0
10,180,12.0,9.82147469412679,1.0,0.0,1.0,0.0,0.0,0.0
11,180,11.446333378227084,8.018755963096876,0.0,0.0,1.0,0.0,1.0,0.0
12,180,2.510682239652165,0.0,0.0,1.0,0.0,0.0,0.0,1.0
13,180,11.802782625035428,4.462760372871134,0.0,1.0,1.0,1.0,0.0,0.0
14,180,9.096187002264957,7.692707965404225,0.0,0.0,0.0,0.0,0.0,0.0
15,180,10.333829638613576,2.9094696870891874,0.0,0.0,1.0,1.0,0.0,1.0
16,180,0.0,7.460638525240165,1.0,1.0,0.0,0.0,1.0,0.0
17,180,0.7644996156543061,7.907850615598814,0.0,0.0,0.0,1.0,1.0,1.0
18,180,12.0,7.473451834366686,0.0,0.0,0.0,1.0,1.0,0.0
19,180,7.386498171925746,9.731256727337898,1.0,1.0,0.0,1.0,1.0,1.0
20,180,5.8582768901547775,7.2514426378937,1.0,1.0,0.0,1.0,0.0,1.0
21,180,5.337517265869369,4.037009277496904,0.0,1.0,1.0,1.0,0.0,0.0
22,180,5.260249668296392,1.90246801776108,0.0,1.0,0.0,0.0,1.0,0.0
23,180,3.783275040004312,0.0,1.0,0.0,0.0,0.0,0.0,0.0
24,180,7.932018232597963,7.060418954843741,1.0,0.0,1.0,0.0,0.0,1.0
25,180,0.182280186139578,0.079858871090909,0.0,0.0,1.0,0.0,0.0,0.0
26,180,0.0,12.0,0.0,1.0,1.0,0.0,1.0,0.0
27,180,2.064497677738478,10.457726196227354,0.0,0.0,0.0,0.0,0.0,1.0
28,180,11.994424970493082,8.85495948563782,1.0,1.0,1.0,0.0,1.0,0.0
29,180,3.2713679444547714,0.3741315894751877,1.0,1.0,0.0,1.0,1.0,1.0
30,180,12.0,5.323865661126895,0.0,0.0,1.0,0.0,1.0,0.0
31,180,9.55229458988734,0.0,0.0,0.0,0.0,1.0,0.0,0.0
32,180,7.561486698316616,4.069663542965532,1.0,1.0,0.0,0.0,1.0,0.0
33,180,11.890013462352998,3.2585902292401494,1.0,0.0,1.0,0.0,0.0,1.0
34,180,2.061286402532232,9.518103719839768,0.0,0.0,0.0,0.0,0.0,0.0
35,180,0.9488432190333546,9.589845314672932,0.0,0.0,0.0,1.0,1.0,1.0
36,180,0.0,7.912006236894788,1.0,1.0,1.0,0.0,0.0,0.0
37,180,0.7259912483543095,5.838882307031443,1.0,0.0,1.0,0.0,0.0,0.0
38,180,7.759468783238481,7.539370699418598,0.0,0.0,0.0,0.0,0.0,1.0
39,180,0.5318890503433013,8.767688173693612,1.0,1.0,0.0,0.0,1.0,1.0
0,185,2.5129377483754185,11.412950927817436,1.0,0.0,1.0,0.0,1.0,1.0
1,185,8.849769326703601,10.361685153095314,0.0,0.0,0.0,0.0,0.0,0.0
2,185,9.99436890095708,11.844974462778108,0.0,0.0,0.0,1.0,0.0,0.0
3,185,8.957323130120404,5.317447662857132,0.0,1.0,0.0,0.0,0.0,0.0
4,185,9.706544986515416,6.422023132250101,0.0,1.0,1.0,1.0,0.0,1.0
5,185,7.412306769080967,4.489871834501657,0.0,0.0,1.0,1.0,0.0,1.0
6,185,1.7277646154984967,2.1094559510695188,1.0,0.0,0.0,0.0,0.0,0.0
7,185,9.599162268926449,0.5048365299077634,0.0,0.0,1.0,0.0,0.0,0.0
8,185,3.4295440788813045,11.499753901851362,1.0,1.0,0.0,1.0,0.0,0.0
9,185,0.7348767043862388,0.0,0.0,1.0,0.0,0.0,0.0,0.0
10,185,12.0,9.81664091943876,1.0,0.0,1.0,0.0,0.0,0.0
11,185,11.461777621371748,7.973647699184012,0.0,0.0,1.0,0.0,1.0,0.0
12,185,2.5118059890506435,0.0,0.0,1.0,0.0,0.0,0.0,1.0
13,185,11.89149654356405,4.477653273579551,0.0,1.0,1.0,1.0,0.0,0.0
14,185,9.161889102428717,7.673652702716091,0.0,0.0,0.0,0.0,0.0,0.0
15,185,10.329789951268458,2.93323505200062,0.0,0.0,1.0,1.0,0.0,1.0
16,185,0.0,7.40906447123187,1.0,1.0,0.0,0.0,1.0,0.0
17,185,0.765496260328188,7.875581345413065,0.0,0.0,0.0,1.0,1.0,1.0
18,185,12.0,7.48673314647961,0.0,0.0,0.0,1.0,1.0,0.0
19,185,7.284120653332994,9.770907521899286,1.0,1.0,0.0,1.0,1.0,1.0
20,185,6.09356144988751,7.1777871122469135,1.0,1.0,0.0,1.0,0.0,1.0
21,185,5.290093607903907,4.108370234378451,0.0,1.0,1.0,1.0,0.0,0.0
22,185,5.310972605552096,1.9312970599536692,0.0,1.0,0.0,0.0,1.0,0.0
23,185,3.7164683819266937,0.0,1.0,0.0,0.0,0.0,0.0,0.0
24,185,7.863102546420598,6.92516802903833,1.0,0.0,1.0,0.0,0.0,1.0
25,185,0.124849397604428,0.0958218261516157,0.0,0.0,1.0,0.0,0.0,0.0
26,185,0.0,12.0,0.0,1.0,1.0,0.0,1.0,0.0
27,185,2.037572213720292,10.422966376120586,0.0,0.0,0.0,0.0,0.0,1.0
28,185,11.992996264033536,8.884927202261451,1.0,1.0,1.0,0.0,1.0,0.0
29,185,3.278270729936604,0.3768210315607379,1.0,1.0,0.0,1.0,1.0,1.0
30,185,12.0,5.275248334598556,0.0,0.0,1.0,0.0,1.0,0.0
31,185,9.66382219812704,0.0,0.0,0.0,0.0,1.0,0.0,0.0
32,185,7.526028231835896,4.071044343967656,1.0,1.0,0.0,0.0,1.0,0.0
33,185,11.88627972281266,3.307507171295581,1.0,0.0,1.0,0.0,0.0,1.0
34,185,2.098724357126713,9.533942275979625,0.0,0.0,0.0,0.0,0.0,0.0
35,185,0.9508219973673036,9.609158642578809,0.0,0.0,0.0,1.0,1.0,1.0
36,185,0.0,7.80982662510981,1.0,1.0,1.0,0.0,0.0,0.0
37,185,0.7423354853923363,5.843769092034951,1.0,0.0,1.0,0.0,0.0,0.0
38,185,7.652218310402539,7.767405904680055,0.0,0.0,0.0,0.0,0.0,1.0
39,185,0.6031918357053432,8.838537320277592,1.0,1.0,0.0,0.0,1.0,1.0
0,190,2.5451482815334696,11.475814311961477,1.0,0.0,1.0,0.0,1.0,1.0
1,190,8.874711634543512,10.33854795086194,0.0,0.0,0.0,0.0,0.0,0.0
2,190,9.998357089923308,11.843516694647278,0.0,0.0,0.0,1.0,0.0,0.0
3,190,8.957346128250881,5.316956150220799,0.0,1.0,0.0,0.0,0.0,0.0
4,190,9.679696034347304,6.44876218027233,0.0,1.0,1.0,1.0,0.0,1.0
5,190,7.352325538018482,4.525042937322558,0.0,0.0,1.0,1.0,0.0,1.0
6,190,1.677686145375396,2.194254948769573,1.0,0.0,0.0,0.0,0.0,0.0
7,190,9.651457468227248,0.3928898027893771,0.0,0.0,1.0,0.0,0.0,0.0
8,190,3.446885655371545,11.46901667283194,1.0,1.0,0.0,1.0,0.0,0.0
9,190,0.7896784939222043,0.0,0.0,1.0,0.0,0.0,0.0,0.0
10,190,12.0,9.813413196023223,1.0,0.0,1.0,0.0,0.0,0.0
11,190,11.48103692319756,7.918001734727463,0.0,0.0,1.0,0.0,1.0,0.0
12,190,2.5112161935887687,0.0,0.0,1.0,0.0,0.0,0.0,1.0
13,190,11.980227227314709,4.493241985068109,0.0,1.0,1.0,1.0,0.0,0.0
14,190,9.220142177497513,7.65726797559773,0.0,0.0,0.0,0.0,0.0,0.0
15,190,10.325649161563858,2.9556784618158263,0.0,0.0,1.0,1.0,0.0,1.0
16,190,0.0,7.355560250721052,1.0,1.0,0.0,0.0,1.0,0.0
17,190,0.766534404569892,7.843282897988018,0.0,0.0,0.0,1.0,1.0,1.0
18,190,12.0,7.503547842308696,0.0,0.0,0.0,1.0,1.0,0.0
19,190,7.184263164965361,9.805112303774669,1.0,1.0,0.0,1.0,1.0,1.0
20,190,6.320725317966948,7.100501272646142,1.0,1.0,0.0,1.0,0.0,1.0
21,190,5.233082474724947,4.19350596731533,0.0,1.0,1.0,1.0,0.0,0.0
22,190,5.365152354412432,1.9622675176092403,0.0,1.0,0.0,0.0,1.0,0.0
23,190,3.649093453529882,0.0,1.0,0.0,0.0,0.0,0.0,0.0
24,190,7.793396690044686,6.786458053614563,1.0,0.0,1.0,0.0,0.0,1.0
25,190,0.0862280302844233,0.106971159553264,0.0,0.0,1.0,0.0,0.0,0.0
26,190,0.0,12.0,0.0,1.0,1.0,0.0,1.0,0.0
27,190,2.008658234950022,10.387448723030651,0.0,0.0,0.0,0.0,0.0,1.0
28,190,11.992157987244362,8.89824674795395,1.0,1.0,1.0,0.0,1.0,0.0
29,190,3.290956879268548,0.3814054936435638,1.0,1.0,0.0,1.0,1.0,1.0
30,190,12.0,5.228711255214702,0.0,0.0,1.0,0.0,1.0,0.0
31,190,9.781233360228716,0.0,0.0,0.0,0.0,1.0,0.0,0.0
32,190,7.483432905131315,4.072479706610583,1.0,1.0,0.0,0.0,1.0,0.0
33,190,11.8837090362223,3.3483562808918355,1.0,0.0,1.0,0.0,0.0,1.0
34,190,2.1219638908545284,9.54331509032269,0.0,0.0,0.0,0.0,0.0,0.0
35,190,0.9528906726538692,9.625531310333248,0.0,0.0,0.0,1.0,1.0,1.0
36,190,0.0,7.69799343491773,1.0,1.0,1.0,0.0,0.0,0.0
37,190,0.7573731391630488,5.848521516975771,1.0,0.0,1.0,0.0,0.0,0.0
38,190,7.540224591436046,8.004039464651386,0.0,0.0,0.0,0.0,0.0,1.0
39,190,0.6718677191144855,8.908874953008935,1.0,1.0,0.0,0.0,1.0,1.0
0,195,2.58378950130602,11.55115546224598,1.0,0.0,1.0,0.0,1.0,1.0
1,195,8.892683404707654,10.32132352788343,0.0,0.0,0.0,0.0,0.0,0.0
2,195,10.039600976563856,11.828309975727606,0.0,0.0,0.0,1.0,0.0,0.0
3,195,8.959562629960597,5.281530020162478,0.0,1.0,0.0,0.0,0.0,0.0
4,195,9.65329066764731,6.474842368271236,0.0,1.0,1.0,1.0,0.0,1.0
5,195,7.288332310256804,4.562158674627867,0.0,0.0,1.0,1.0,0.0,1.0
6,195,1.6186324158410252,2.298478391376968,1.0,0.0,0.0,0.0,0.0,0.0
7,195,9.69315942198292,0.2996922273896034,0.0,0.0,1.0,0.0,0.0,0.0
8,195,3.4692562441418304,11.428802986908114,1.0,1.0,0.0,1.0,0.0,0.0
9,195,0.8454595465970394,0.0,0.0,1.0,0.0,0.0,0.0,0.0
10,195,12.0,9.810386527146802,1.0,0.0,1.0,0.0,0.0,0.0
11,195,11.49550091224141,7.875740170552814,0.0,0.0,1.0,0.0,1.0,0.0
12,195,2.510676241256672,0.0,0.0,1.0,0.0,0.0,0.0,1.0
13,195,12.0,4.51246080955666,0.0,1.0,1.0,1.0,0.0,0.0
14,195,9.290398480226497,7.63600308683357,0.0,0.0,0.0,0.0,0.0,0.0
15,195,10.32161432282089,2.981903891004307,0.0,0.0,1.0,1.0,0.0,1.0
16,195,0.0,7.285748714258447,1.0,1.0,0.0,0.0,1.0,0.0
17,195,0.7674754348016182,7.806001270764273,0.0,0.0,0.0,1.0,1.0,1.0
18,195,12.0,7.5172736501066115,0.0,0.0,0.0,1.0,1.0,0.0
19,195,7.095240646638686,9.83491821958043,1.0,1.0,0.0,1.0,1.0,1.0
20,195,6.526594601342511,7.03019975807275,1.0,1.0,0.0,1.0,0.0,1.0
21,195,5.173947943799813,4.281515077998633,0.0,1.0,1.0,1.0,0.0,0.0
22,195,5.41277778772021,1.9877005532277596,0.0,1.0,0.0,0.0,1.0,0.0
23,195,3.624962197697349,0.0,1.0,0.0,0.0,0.0,0.0,0.0
24,195,7.711379270323112,6.63234150418151,1.0,0.0,1.0,0.0,0.0,1.0
25,195,0.0524204729021784,0.1163833864852348,0.0,0.0,1.0,0.0,0.0,0.0
26,195,0.0,12.0,0.0,1.0,1.0,0.0,1.0,0.0
27,195,1.9757687116178808,10.346451224498338,0.0,0.0,0.0,0.0,0.0,1.0
28,195,11.991655623687029,8.903941884486454,1.0,1.0,1.0,0.0,1.0,0.0
29,195,3.294556894540692,0.382792619405243,1.0,1.0,0.0,1.0,1.0,1.0
30,195,12.0,5.15551643195732,0.0,0.0,1.0,0.0,1.0,0.0
31,195,9.896050217244388,0.0,0.0,0.0,0.0,1.0,0.0,0.0
32,195,7.451298781242691,4.074622613696915,1.0,1.0,0.0,0.0,1.0,0.0
33,195,11.880304381615494,3.408182514463111,1.0,0.0,1.0,0.0,0.0,1.0
34,195,2.1393017567756143,9.549869024593002,0.0,0.0,0.0,0.0,0.0,0.0
35,195,0.9589955425167735,9.67127363734031,0.0,0.0,0.0,1.0,1.0,1.0
36,195,0.0,7.565843796281503,1.0,1.0,1.0,0.0,0.0,0.0
37,195,0.7903692484585209,5.860450398264348,1.0,0.0,1.0,0.0,0.0,0.0
38,195,7.41113142993438,8.246926804018397,0.0,0.0,0.0,0.0,0.0,1.0
39,195,0.7418272862443113,8.979812245832937,1.0,1.0,0.0,0.0,1.0,1.0
0,200,2.6213995863954587,11.628978710805324,1.0,0.0,1.0,0.0,1.0,1.0
1,200,8.919063128041037,10.297623486078011,0.0,0.0,0.0,0.0,0.0,0.0
2,200,10.087657078315583,11.81043052091637,0.0,0.0,0.0,1.0,0.0,0.0
3,200,8.96137116430176,5.232685421083823,0.0,1.0,0.0,0.0,0.0,0.0
4,200,9.613878429464169,6.513214863661311,0.0,1.0,1.0,1.0,0.0,1.0
5,200,7.240662677637268,4.590482230557179,0.0,0.0,1.0,1.0,0.0,1.0
6,200,1.5540827257398202,2.415943076939124,1.0,0.0,0.0,0.0,0.0,0.0
7,200,9.721624043508934,0.2333334034450519,0.0,0.0,1.0,0.0,0.0,0.0
8,200,3.50116221123314,11.37513980427873,1.0,1.0,0.0,1.0,0.0,0.0
9,200,0.9040418384682104,0.0,0.0,1.0,0.0,0.0,0.0,0.0
10,200,12.0,9.807655728236655,1.0,0.0,1.0,0.0,0.0,0.0
11,200,11.510263874627348,7.82997576332656,0.0,0.0,1.0,0.0,1.0,0.0
12,200,2.514034043944702,0.0,0.0,1.0,0.0,0.0,0.0,1.0
13,200,12.0,4.53173986977343,0.0,1.0,1.0,1.0,0.0,0.0
14,200,9.361605220454786,7.615368905656437,0.0,0.0,0.0,0.0,0.0,0.0
15,200,10.318932071053425,2.9990858832090725,0.0,0.0,1.0,1.0,0.0,1.0
16,200,0.0,7.209082709402215,1.0,1.0,0.0,0.0,1.0,0.0
17,200,0.7698189604920731,7.757102836631797,0.0,0.0,0.0,1.0,1.0,1.0
18,200,12.0,7.528616855380049,0.0,0.0,0.0,1.0,1.0,0.0
19,200,7.017724095520324,9.86188961985746,1.0,1.0,0.0,1.0,1.0,1.0
20,200,6.74135741094753,6.955754127234198,1.0,1.0,0.0,1.0,0.0,1.0
21,200,5.122035136426176,4.360470607203396,0.0,1.0,1.0,1.0,0.0,0.0
22,200,5.479448929173736,2.022938788731749,0.0,1.0,0.0,0.0,1.0,0.0
23,200,3.605050548064476,0.0,1.0,0.0,0.0,0.0,0.0,0.0
24,200,7.637442805537504,6.49761359481052,1.0,0.0,1.0,0.0,0.0,1.0
25,200,0.0152610353662658,0.126259061122792,0.0,0.0,1.0,0.0,0.0,0.0
26,200,0.0,12.0,0.0,1.0,1.0,0.0,1.0,0.0
27,200,1.9581108446369115,10.324238610754538,0.0,0.0,0.0,0.0,0.0,1.0
28,200,11.99155758118796,8.905094539149355,1.0,1.0,1.0,0.0,1.0,0.0
29,200,3.28832108559539,0.3802666654165355,1.0,1.0,0.0,1.0,1.0,1.0
30,200,12.0,5.0929113396317005,0.0,0.0,1.0,0.0,1.0,0.0
31,200,10.003411236846835,0.0,0.0,0.0,0.0,1.0,0.0,0.0
32,200,7.435570397330535,4.075127632786665,1.0,1.0,0.0,0.0,1.0,0.0
33,200,11.877815121212992,3.46211600951968,1.0,0.0,1.0,0.0,0.0,1.0
34,200,2.1621498611205694,9.558594586512546,0.0,0.0,0.0,0.0,0.0,0.0
35,200,0.9622888692799164,9.70064120260059,0.0,0.0,0.0,1.0,1.0,1.0
36,200,0.0,7.421556696938471,1.0,1.0,1.0,0.0,0.0,0.0
37,200,0.8272339071713846,5.873841837321093,1.0,0.0,1.0,0.0,0.0,0.0
38,200,7.27457610891311,8.495256098117784,0.0,0.0,0.0,0.0,0.0,1.0
39,200,0.8210178650265972,9.06124729080588,1.0,1.0,0.0,0.0,1.0,1.0
0,205,2.6700320218128986,11.726288149468852,1.0,0.0,1.0,0.0,1.0,1.0
1,205,8.926788823474643,10.29063362239299,0.0,0.0,0.0,0.0,0.0,0.0
2,205,10.131124091268193,11.793782028641902,0.0,0.0,0.0,1.0,0.0,0.0
3,205,8.963431326410497,5.191551215551407,0.0,1.0,0.0,0.0,0.0,0.0
4,205,9.572679878423944,6.55554883045627,0.0,1.0,1.0,1.0,0.0,1.0
5,205,7.205919597423581,4.610716759558071,0.0,0.0,1.0,1.0,0.0,1.0
6,205,1.488175289915714,2.5329796717277357,1.0,0.0,0.0,0.0,0.0,0.0
7,205,9.754714252270558,0.1557497442027947,0.0,0.0,1.0,0.0,0.0,0.0
8,205,3.517506492792889,11.348356564885648,1.0,1.0,0.0,1.0,0.0,0.0
9,205,0.9568389599562538,0.0,0.0,1.0,0.0,0.0,0.0,0.0
10,205,12.0,9.804778197368597,1.0,0.0,1.0,0.0,0.0,0.0
11,205,11.52389065932272,7.785044978101906,0.0,0.0,1.0,0.0,1.0,0.0
12,205,2.520951491392789,0.0,0.0,1.0,0.0,0.0,0.0,1.0
13,205,12.0,4.553578121683871,0.0,1.0,1.0,1.0,0.0,0.0
14,205,9.424142874104287,7.595363995227278,0.0,0.0,0.0,0.0,0.0,0.0
15,205,10.31371103397101,3.0337792136354222,0.0,0.0,1.0,1.0,0.0,1.0
16,205,0.0,7.121650946284407,1.0,1.0,0.0,0.0,1.0,0.0
17,205,0.7705656453447753,7.705519368050438,0.0,0.0,0.0,1.0,1.0,1.0
18,205,12.0,7.537875127833131,0.0,0.0,0.0,1.0,1.0,0.0
19,205,6.916992335085782,9.895820267993818,1.0,1.0,0.0,1.0,1.0,1.0
20,205,6.938472262118267,6.887012915744239,1.0,1.0,0.0,1.0,0.0,1.0
21,205,5.052398697653575,4.461483506619926,0.0,1.0,1.0,1.0,0.0,0.0
22,205,5.567601491932303,2.0672159251238704,0.0,1.0,0.0,0.0,1.0,0.0
23,205,3.570777489143151,0.0,1.0,0.0,0.0,0.0,0.0,0.0
24,205,7.562830839083,6.365216136351225,1.0,0.0,1.0,0.0,0.0,1.0
25,205,0.0,0.1330484792162956,0.0,0.0,1.0,0.0,0.0,0.0
26,205,0.0,12.0,0.0,1.0,1.0,0.0,1.0,0.0
27,205,1.9384006216592524,10.299012682041102,0.0,0.0,0.0,0.0,0.0,1.0
28,205,11.991643104437294,8.904068493347317,1.0,1.0,1.0,0.0,1.0,0.0
29,205,3.2781744635160703,0.3761726022673186,1.0,1.0,0.0,1.0,1.0,1.0
30,205,12.0,5.042413995519245,0.0,0.0,1.0,0.0,1.0,0.0
31,205,10.10889945037193,0.0,0.0,0.0,0.0,1.0,0.0,0.0
32,205,7.455113790548569,4.074147815571617,1.0,1.0,0.0,0.0,1.0,0.0
33,205,11.876998580238803,3.4803370309001203,1.0,0.0,1.0,0.0,0.0,1.0
34,205,2.1846533338912537,9.567547721144528,0.0,0.0,0.0,0.0,0.0,0.0
35,205,0.966221773729252,9.730360726626268,0.0,0.0,0.0,1.0,1.0,1.0
36,205,0.0,7.295899607277517,1.0,1.0,1.0,0.0,0.0,0.0
37,205,0.8785680243073093,5.894182432313883,1.0,0.0,1.0,0.0,0.0,0.0
38,205,7.141870265951398,8.738949520226623,0.0,0.0,0.0,0.0,0.0,1.0
39,205,0.8899537137119607,9.13505579076522,1.0,1.0,0.0,0.0,1.0,1.0
0,210,2.7196602749737275,11.824138219587637,1.0,0.0,1.0,0.0,1.0,1.0
1,210,8.918392890575062,10.281407977315096,0.0,0.0,0.0,0.0,0.0,0.0
2,210,10.15809770248148,11.783523747368411,0.0,0.0,0.0,1.0,0.0,0.0
3,210,8.966042021130173,5.142900451837239,0.0,1.0,0.0,0.0,0.0,0.0
4,210,9.521030972987102,6.606695299941944,0.0,1.0,1.0,1.0,0.0,1.0
5,210,7.1549439381585,4.640763650121197,0.0,0.0,1.0,1.0,0.0,1.0
6,210,1.4133178071025063,2.665021626253836,1.0,0.0,0.0,0.0,0.0,0.0
7,210,9.792720794249506,0.0609517438528552,0.0,0.0,1.0,0.0,0.0,0.0
8,210,3.536975916536583,11.317078163452262,1.0,1.0,0.0,1.0,0.0,0.0
9,210,1.0102297780644032,0.0,0.0,1.0,0.0,0.0,0.0,0.0
10,210,12.0,9.803105619479007,1.0,0.0,1.0,0.0,0.0,0.0
11,210,11.531537247351142,7.7589191558893695,0.0,0.0,1.0,0.0,1.0,0.0
12,210,2.525901500391556,0.0,0.0,1.0,0.0,0.0,0.0,1.0
13,210,12.0,4.576948716526973,0.0,1.0,1.0,1.0,0.0,0.0
14,210,9.475866311962918,7.577623501793338,0.0,0.0,0.0,0.0,0.0,0.0
15,210,10.304682203176815,3.0962252140963797,0.0,0.0,1.0,1.0,0.0,1.0
16,210,0.0,7.0310279620165455,1.0,1.0,0.0,0.0,1.0,0.0
17,210,0.7702756149145781,7.641832438505313,0.0,0.0,0.0,1.0,1.0,1.0
18,210,12.0,7.546446107633904,0.0,0.0,0.0,1.0,1.0,0.0
19,210,6.831519247132712,9.922324590035451,1.0,1.0,0.0,1.0,1.0,1.0
20,210,7.1424228343098,6.817667874307233,1.0,1.0,0.0,1.0,0.0,1.0
21,210,4.981830677902413,4.566405724951656,0.0,1.0,1.0,1.0,0.0,0.0
22,210,5.658565793862116,2.1089795692236186,0.0,1.0,0.0,0.0,1.0,0.0
23,210,3.5217696510932948,0.0,1.0,0.0,0.0,0.0,0.0,0.0
24,210,7.497361857252172,6.241038296278763,1.0,0.0,1.0,0.0,0.0,1.0
25,210,0.0084174037881354,0.1309408798013108,0.0,0.0,1.0,0.0,0.0,0.0
26,210,0.0,12.0,0.0,1.0,1.0,0.0,1.0,0.0
27,210,1.922763730461868,10.27864771458071,0.0,0.0,0.0,0.0,0.0,1.0
28,210,11.989207669389511,8.930934379521801,1.0,1.0,1.0,0.0,1.0,0.0
29,210,3.2884052838374487,0.3804439946492005,1.0,1.0,0.0,1.0,1.0,1.0
30,210,12.0,4.979559968683045,0.0,0.0,1.0,0.0,1.0,0.0
31,210,10.223330717840364,0.0,0.0,0.0,0.0,1.0,0.0,0.0
32,210,7.455396805340457,4.07412902220906,1.0,1.0,0.0,0.0,1.0,0.0
33,210,11.905413940906406,3.481619290669184,1.0,0.0,1.0,0.0,0.0,1.0
34,210,2.198151478859286,9.573195825943117,0.0,0.0,0.0,0.0,0.0,0.0
35,210,0.9721910420804132,9.774611802739551,0.0,0.0,0.0,1.0,1.0,1.0
36,210,0.0,7.177882367740371,1.0,1.0,1.0,0.0,0.0,0.0
37,210,0.945676597165641,5.920993725938589,1.0,0.0,1.0,0.0,0.0,0.0
38,210,7.017416291534247,8.965516649620854,0.0,0.0,0.0,0.0,0.0,1.0
39,210,0.9583442590175506,9.208601565020478,1.0,1.0,0.0,0.0,1.0,1.0
0,215,2.759405733417702,11.903167412563052,1.0,0.0,1.0,0.0,1.0,1.0
1,215,8.927060673330868,10.29096310107864,0.0,0.0,0.0,0.0,0.0,0.0
2,215,10.188063750524396,11.771770449496817,0.0,0.0,0.0,1.0,0.0,0.0
3,215,8.96825170979775,5.109060093357875,0.0,1.0,0.0,0.0,0.0,0.0
4,215,9.47601827623152,6.652543980571095,0.0,1.0,1.0,1.0,0.0,1.0
5,215,7.105123016510255,4.668156939974534,0.0,0.0,1.0,1.0,0.0,1.0
6,215,1.3421674069166911,2.796998890884501,1.0,0.0,0.0,0.0,0.0,0.0
7,215,9.83304855504095,0.0,0.0,0.0,1.0,0.0,0.0,0.0
8,215,3.559959959852602,11.28242980759576,1.0,1.0,0.0,1.0,0.0,0.0
9,215,1.056506264841974,0.0,0.0,1.0,0.0,0.0,0.0,0.0
10,215,12.0,9.80271802668909,1.0,0.0,1.0,0.0,0.0,0.0
11,215,11.532056426103829,7.757242272485324,0.0,0.0,1.0,0.0,1.0,0.0
12,215,2.5304676337769703,0.0,0.0,1.0,0.0,0.0,0.0,1.0
13,215,12.0,4.605601214836806,0.0,1.0,1.0,1.0,0.0,0.0
14,215,9.521324741954912,7.562636512200345,0.0,0.0,0.0,0.0,0.0,0.0
15,215,10.294954373891104,3.1592945188223265,0.0,0.0,1.0,1.0,0.0,1.0
16,215,0.0,6.922066654639517,1.0,1.0,0.0,0.0,1.0,0.0
17,215,0.7702361283324719,7.601679892414146,0.0,0.0,0.0,1.0,1.0,1.0
18,215,12.0,7.553956466719356,0.0,0.0,0.0,1.0,1.0,0.0
19,215,6.755811456556116,9.94468090640895,1.0,1.0,0.0,1.0,1.0,1.0
20,215,7.343285500520094,6.749874329899361,1.0,1.0,0.0,1.0,0.0,1.0
21,215,4.907216648387376,4.68124961455619,0.0,1.0,1.0,1.0,0.0,0.0
22,215,5.75699107337506,2.155741743622214,0.0,1.0,0.0,0.0,1.0,0.0
23,215,3.480507463332411,0.0,1.0,0.0,0.0,0.0,0.0,0.0
24,215,7.419197829617336,6.098864813486847,1.0,0.0,1.0,0.0,0.0,1.0
25,215,0.0299843928343928,0.1246543711694979,0.0,0.0,1.0,0.0,0.0,0.0
26,215,0.0,12.0,0.0,1.0,1.0,0.0,1.0,0.0
27,215,1.925025062216536,10.281499880377492,0.0,0.0,0.0,0.0,0.0,1.0
28,215,11.987674792842895,8.95395481261338,1.0,1.0,1.0,0.0,1.0,0.0
29,215,3.3341898486916386,0.3988446047847734,1.0,1.0,0.0,1.0,1.0,1.0
30,215,12.0,4.906462288994624,0.0,0.0,1.0,0.0,1.0,0.0
31,215,10.326838025606374,0.0,0.0,0.0,0.0,1.0,0.0,0.0
32,215,7.451573607882536,4.07441349909084,1.0,1.0,0.0,0.0,1.0,0.0
33,215,11.946398306994936,3.484054678685112,1.0,0.0,1.0,0.0,0.0,1.0
34,215,2.201059224137417,9.574453226587408,0.0,0.0,0.0,0.0,0.0,0.0
35,215,0.977884552282495,9.82336137118014,0.0,0.0,0.0,1.0,1.0,1.0
36,215,0.0,7.054365598154041,1.0,1.0,1.0,0.0,0.0,0.0
37,215,1.0312115754518083,5.957520042469919,1.0,0.0,1.0,0.0,0.0,0.0
38,215,6.88982394543813,9.20103565656994,0.0,0.0,0.0,0.0,0.0,1.0
39,215,1.0197282663834284,9.277506662420146,1.0,1.0,0.0,0.0,1.0,1.0
0,220,2.80860002182492,12.0,1.0,0.0,1.0,0.0,1.0,1.0
1,220,8.927615176627874,10.291587301834356,0.0,0.0,0.0,0.0,0.0,0.0
2,220,10.251491968639025,11.746193161468138,0.0,0.0,0.0,1.0,0.0,0.0
3,220,8.991625576931423,5.110414757384641,0.0,1.0,0.0,0.0,0.0,0.0
4,220,9.416138499054306,6.714384494991252,0.0,1.0,1.0,1.0,0.0,1.0
5,220,7.075351829184934,4.684139553521661,0.0,0.0,1.0,1.0,0.0,1.0
6,220,1.269105104483012,2.935692390686972,1.0,0.0,0.0,0.0,0.0,0.0
7,220,9.864287749991313,0.0,0.0,0.0,1.0,0.0,0.0,0.0
8,220,3.574513622105026,11.260383088728451,1.0,1.0,0.0,1.0,0.0,0.0
9,220,1.0989622413736564,0.0,0.0,1.0,0.0,0.0,0.0,0.0
10,220,12.0,9.801542170001351,1.0,0.0,1.0,0.0,0.0,0.0
11,220,11.533800060759477,7.752033280605403,0.0,0.0,1.0,0.0,1.0,0.0
12,220,2.5412377620692554,0.0,0.0,1.0,0.0,0.0,0.0,1.0
13,220,12.0,4.636120322868519,0.0,1.0,1.0,1.0,0.0,0.0
14,220,9.555844018701467,7.550802582487521,0.0,0.0,0.0,0.0,0.0,0.0
15,220,10.288459391475946,3.1968770852008834,0.0,0.0,1.0,1.0,0.0,1.0
16,220,0.0,6.823537271113362,1.0,1.0,0.0,0.0,1.0,0.0
17,220,0.770701431740988,7.558960646694388,0.0,0.0,0.0,1.0,1.0,1.0
18,220,12.0,7.56033116770975,0.0,0.0,0.0,1.0,1.0,0.0
19,220,6.705049705523997,9.959147562957153,1.0,1.0,0.0,1.0,1.0,1.0
20,220,7.5554338265176035,6.67538729072567,1.0,1.0,0.0,1.0,0.0,1.0
21,220,4.830249503884788,4.798189253025527,0.0,1.0,1.0,1.0,0.0,0.0
22,220,5.840981843278247,2.1945126068117653,0.0,1.0,0.0,0.0,1.0,0.0
23,220,3.4484701846736745,0.0,1.0,0.0,0.0,0.0,0.0,0.0
24,220,7.3309485038567965,5.943180479632098,1.0,0.0,1.0,0.0,0.0,1.0
25,220,0.0355284717308421,0.123050689266022,0.0,0.0,1.0,0.0,0.0,0.0
26,220,0.0,12.0,0.0,1.0,1.0,0.0,1.0,0.0
27,220,1.9224082826101343,10.278372412595994,0.0,0.0,0.0,0.0,0.0,1.0
28,220,11.986654816326723,8.975956458694933,1.0,1.0,1.0,0.0,1.0,0.0
29,220,3.366717086238204,0.4120032988270053,1.0,1.0,0.0,1.0,1.0,1.0
30,220,12.0,4.842533042399327,0.0,0.0,1.0,0.0,1.0,0.0
31,220,10.425936125094257,0.0,0.0,0.0,0.0,1.0,0.0,0.0
32,220,7.457266051281341,4.073914721408929,1.0,1.0,0.0,0.0,1.0,0.0
33,220,11.962430794534958,3.484812344107557,1.0,0.0,1.0,0.0,0.0,1.0
34,220,2.212478577080225,9.57940332201104,0.0,0.0,0.0,0.0,0.0,0.0
35,220,0.9847695087820544,9.878565109166802,0.0,0.0,0.0,1.0,1.0,1.0
36,220,0.0,6.931415139493137,1.0,1.0,1.0,0.0,0.0,0.0
37,220,1.1328732815088245,6.002959172164158,1.0,0.0,1.0,0.0,0.0,0.0
38,220,6.7705558472663965,9.42963581726134,0.0,0.0,0.0,0.0,0.0,1.0
39,220,0.951422830580332,9.337983660705625,1.0,1.0,0.0,0.0,1.0,1.0
0,225,2.857001209014128,12.0,1.0,0.0,1.0,0.0,1.0,1.0
1,225,8.930582176161533,10.294894015982882,0.0,0.0,0.0,0.0,0.0,0.0
2,225,10.305567239874362,11.723776545426208,0.0,0.0,0.0,1.0,0.0,0.0
3,225,9.028369930160364,5.11213180923802,0.0,1.0,0.0,0.0,0.0,0.0
4,225,9.359020910033054,6.655370555341651,0.0,1.0,1.0,1.0,0.0,1.0
5,225,7.036464746402387,4.704641358962877,0.0,0.0,1.0,1.0,0.0,1.0
6,225,1.2024253399020053,3.063129912416804,1.0,0.0,0.0,0.0,0.0,0.0
7,225,9.895071214500271,0.0,0.0,0.0,1.0,0.0,0.0,0.0
8,225,3.581611463102111,11.24883960663183,1.0,1.0,0.0,1.0,0.0,0.0
9,225,1.1344097973349585,0.0,0.0,1.0,0.0,0.0,0.0,0.0
10,225,12.0,9.80021627789787,1.0,0.0,1.0,0.0,0.0,0.0
11,225,11.536778334384463,7.7438297716215905,0.0,0.0,1.0,0.0,1.0,0.0
12,225,2.5565427526013043,0.0,0.0,1.0,0.0,0.0,0.0,1.0
13,225,12.0,4.66930226269352,0.0,1.0,1.0,1.0,0.0,0.0
14,225,9.582821979921553,7.541726600470787,0.0,0.0,0.0,0.0,0.0,0.0
15,225,10.280228369638772,3.248903936183089,0.0,0.0,1.0,1.0,0.0,1.0
16,225,0.0,6.716537546091656,1.0,1.0,0.0,0.0,1.0,0.0
17,225,0.7699178254132979,7.506922640643811,0.0,0.0,0.0,1.0,1.0,1.0
18,225,12.0,7.57025536623321,0.0,0.0,0.0,1.0,1.0,0.0
19,225,6.664382632887079,9.97062871199147,1.0,1.0,0.0,1.0,1.0,1.0
20,225,7.628582409785374,6.874834892110949,1.0,1.0,0.0,1.0,0.0,1.0
21,225,4.742867942315807,4.929798704808959,0.0,1.0,1.0,1.0,0.0,0.0
22,225,5.920788488483571,2.230913577880548,0.0,1.0,0.0,0.0,1.0,0.0
23,225,3.432631529173888,0.0,1.0,0.0,0.0,0.0,0.0,0.0
24,225,7.241974072295316,5.793906445581607,1.0,0.0,1.0,0.0,0.0,1.0
25,225,0.0407759635854744,0.121542967844113,0.0,0.0,1.0,0.0,0.0,0.0
26,225,0.0,12.0,0.0,1.0,1.0,0.0,1.0,0.0
27,225,1.9298657674857032,10.28711288224116,0.0,0.0,0.0,0.0,0.0,1.0
28,225,11.986305532332574,9.00162314617335,1.0,1.0,1.0,0.0,1.0,0.0
29,225,3.4096622190506065,0.4288183127993741,1.0,1.0,0.0,1.0,1.0,1.0
30,225,12.0,4.796802721404573,0.0,0.0,1.0,0.0,1.0,0.0
31,225,10.528232906124178,0.0,0.0,0.0,0.0,1.0,0.0,0.0
32,225,7.45483107239701,4.074156632001506,1.0,1.0,0.0,0.0,1.0,0.0
33,225,11.96273053060489,3.484816439580418,1.0,0.0,1.0,0.0,0.0,1.0
34,225,2.2038777376006795,9.575648443999256,0.0,0.0,0.0,0.0,0.0,0.0
35,225,0.9911678821047564,9.93208247469404,0.0,0.0,0.0,1.0,1.0,1.0
36,225,0.0,6.8051646640872425,1.0,1.0,1.0,0.0,0.0,0.0
37,225,1.2142107692972528,6.038583147803827,1.0,0.0,1.0,0.0,0.0,0.0
38,225,6.659678832255235,9.662292283438283,0.0,0.0,0.0,0.0,0.0,1.0
39,225,0.9021408204225954,9.380616680272349,1.0,1.0,0.0,0.0,1.0,1.0
0,230,2.9089519351746915,12.0,1.0,0.0,1.0,0.0,1.0,1.0
1,230,8.924495603288054,10.288279105584586,0.0,0.0,0.0,0.0,0.0,0.0
2,230,10.353727514300957,11.704413646997642,0.0,0.0,0.0,1.0,0.0,0.0
3,230,9.049180568669678,5.1119721576035,0.0,1.0,0.0,0.0,0.0,0.0
4,230,9.317629446208064,6.6145756426996245,0.0,1.0,1.0,1.0,0.0,1.0
5,230,6.966115267092779,4.741089793821083,0.0,0.0,1.0,1.0,0.0,1.0
6,230,1.130133490748413,3.1948861653363565,1.0,0.0,0.0,0.0,0.0,0.0
7,230,9.925816012863256,0.0,0.0,0.0,1.0,0.0,0.0,0.0
8,230,3.581433895985822,11.249148104707476,1.0,1.0,0.0,1.0,0.0,0.0
9,230,1.173315430291877,0.0,0.0,1.0,0.0,0.0,0.0,0.0
10,230,11.994748186049902,9.800808212592496,1.0,0.0,1.0,0.0,0.0,0.0
11,230,11.546461433569585,7.7184002334310415,0.0,0.0,1.0,0.0,1.0,0.0
12,230,2.569677164362068,0.0,0.0,1.0,0.0,0.0,0.0,1.0
13,230,12.0,4.699986792882697,0.0,1.0,1.0,1.0,0.0,0.0
14,230,9.60533884283954,7.533227682086939,0.0,0.0,0.0,0.0,0.0,0.0
15,230,10.275976980380293,3.2800010277887384,0.0,0.0,1.0,1.0,0.0,1.0
16,230,0.0,6.603816085955824,1.0,1.0,0.0,0.0,1.0,0.0
17,230,0.7692604411069796,7.460407113859496,0.0,0.0,0.0,1.0,1.0,1.0
18,230,12.0,7.58080056816523,0.0,0.0,0.0,1.0,1.0,0.0
19,230,6.6250912890396005,9.981380491344355,1.0,1.0,0.0,1.0,1.0,1.0
20,230,7.692149417893495,7.035488275915058,1.0,1.0,0.0,1.0,0.0,1.0
21,230,4.6542222384855965,5.067506442540909,0.0,1.0,1.0,1.0,0.0,0.0
22,230,5.993744386267957,2.2685442403708533,0.0,1.0,0.0,0.0,1.0,0.0
23,230,3.411689563220044,0.0,1.0,0.0,0.0,0.0,0.0,0.0
24,230,7.150839186236693,5.640188747321387,1.0,0.0,1.0,0.0,0.0,1.0
25,230,0.0392653985274702,0.1219762590242898,0.0,0.0,1.0,0.0,0.0,0.0
26,230,0.0,12.0,0.0,1.0,1.0,0.0,1.0,0.0
27,230,1.9412554870598195,10.30066421133243,0.0,0.0,0.0,0.0,0.0,1.0
28,230,11.98641865408774,9.01904078098659,1.0,1.0,1.0,0.0,1.0,0.0
29,230,3.4527714378627548,0.4460428185815541,1.0,1.0,0.0,1.0,1.0,1.0
30,230,12.0,4.770869367375634,0.0,0.0,1.0,0.0,1.0,0.0
31,230,10.634877181034176,0.0,0.0,0.0,0.0,1.0,0.0,0.0
32,230,7.460778568538795,4.073663024919958,1.0,1.0,0.0,0.0,1.0,0.0
33,230,11.952974132900383,3.4846327135439448,1.0,0.0,1.0,0.0,0.0,1.0
34,230,2.2024762252432857,9.575035724456455,0.0,0.0,0.0,0.0,0.0,0.0
35,230,0.9986100888918936,9.988698387415504,0.0,0.0,0.0,1.0,1.0,1.0
36,230,0.0,6.682133386223244,1.0,1.0,1.0,0.0,0.0,0.0
37,230,1.2984751858796133,6.078166248294021,1.0,0.0,1.0,0.0,0.0,0.0
38,230,6.554233948437427,9.872877731365367,0.0,0.0,0.0,0.0,0.0,1.0
39,230,0.859929686657846,9.41509925167573,1.0,1.0,0.0,0.0,1.0,1.0
0,235,2.9623287552901107,12.0,1.0,0.0,1.0,0.0,1.0,1.0
1,235,8.917470804930405,10.280921519888878,0.0,0.0,0.0,0.0,0.0,0.0
2,235,10.431023727032755,11.675743449071044,0.0,0.0,0.0,1.0,0.0,0.0
3,235,9.066441291641468,5.111918136461992,0.0,1.0,0.0,0.0,0.0,0.0
4,235,9.272261079327754,6.566943462952475,0.0,1.0,1.0,1.0,0.0,1.0
5,235,6.896386403600144,4.776772023969225,0.0,0.0,1.0,1.0,0.0,1.0
6,235,1.0623669976840855,3.3206126316194964,1.0,0.0,0.0,0.0,0.0,0.0
7,235,9.962686421021132,0.0,0.0,0.0,1.0,0.0,0.0,0.0
8,235,3.5904736668189803,11.23294872448728,1.0,1.0,0.0,1.0,0.0,0.0
9,235,1.2293195860698325,0.0,0.0,1.0,0.0,0.0,0.0,0.0
10,235,12.0,9.799003478059598,1.0,0.0,1.0,0.0,0.0,0.0
11,235,11.550562543445972,7.708404982938012,0.0,0.0,1.0,0.0,1.0,0.0
12,235,2.586362356996664,0.0,0.0,1.0,0.0,0.0,0.0,1.0
13,235,12.0,4.730066449932032,0.0,1.0,1.0,1.0,0.0,0.0
14,235,9.62005731220004,7.52754192382091,0.0,0.0,0.0,0.0,0.0,0.0
15,235,10.27020582625397,3.3227304292629456,0.0,0.0,1.0,1.0,0.0,1.0
16,235,0.0,6.481317069730174,1.0,1.0,0.0,0.0,1.0,0.0
17,235,0.7689933565929294,7.418003893499776,0.0,0.0,0.0,1.0,1.0,1.0
18,235,12.0,7.593570426562826,0.0,0.0,0.0,1.0,1.0,0.0
19,235,6.601598264135008,9.987987574307835,1.0,1.0,0.0,1.0,1.0,1.0
20,235,7.7616404464790945,7.204410494981666,1.0,1.0,0.0,1.0,0.0,1.0
21,235,4.5702001095226725,5.201431220751498,0.0,1.0,1.0,1.0,0.0,0.0
22,235,6.081627538363047,2.3133400811193257,0.0,1.0,0.0,0.0,1.0,0.0
23,235,3.3981876344216877,0.0,1.0,0.0,0.0,0.0,0.0,0.0
24,235,7.062608396843863,5.494068517832712,1.0,0.0,1.0,0.0,0.0,1.0
25,235,0.0139980636601485,0.1284904836357051,0.0,0.0,1.0,0.0,0.0,0.0
26,235,0.0,12.0,0.0,1.0,1.0,0.0,1.0,0.0
27,235,1.9417563908031308,10.301263410039866,0.0,0.0,0.0,0.0,0.0,1.0
28,235,11.98661044404636,9.038246347269975,1.0,1.0,1.0,0.0,1.0,0.0
29,235,3.50584745607998,0.4663379290606845,1.0,1.0,0.0,1.0,1.0,1.0
30,235,12.0,4.744377796683665,0.0,0.0,1.0,0.0,1.0,0.0
31,235,10.7447013720207,0.0,0.0,0.0,0.0,1.0,0.0,0.0
32,235,7.4569489002619616,4.073931426353043,1.0,1.0,0.0,0.0,1.0,0.0
33,235,11.955909338874497,3.48472400510839,1.0,0.0,1.0,0.0,0.0,1.0
34,235,2.195484728288484,9.571924595475371,0.0,0.0,0.0,0.0,0.0,0.0
35,235,1.0066734097736652,10.051986522696849,0.0,0.0,0.0,1.0,1.0,1.0
36,235,0.0,6.555360041804236,1.0,1.0,1.0,0.0,0.0,0.0
37,235,1.3768417718713866,6.1178871035968845,1.0,0.0,1.0,0.0,0.0,0.0
38,235,6.43296356159039,10.10008040067305,0.0,0.0,0.0,0.0,0.0,1.0
39,235,0.8255091852449569,9.443005179683048,1.0,1.0,0.0,0.0,1.0,1.0
0,240,3.0331214230223527,12.0,1.0,0.0,1.0,0.0,1.0,1.0
1,240,8.891840038580444,10.2550124950886,0.0,0.0,0.0,0.0,0.0,0.0
2,240,10.512900526539031,11.64514516327117,0.0,0.0,0.0,1.0,0.0,0.0
3,240,9.085334699084804,5.1116914794232,0.0,1.0,0.0,0.0,0.0,0.0
4,240,9.228226453593477,6.521715503145498,0.0,1.0,1.0,1.0,0.0,1.0
5,240,6.842830072965568,4.804595163113879,0.0,0.0,1.0,1.0,0.0,1.0
6,240,1.0005048902933564,3.4369731388452127,1.0,0.0,0.0,0.0,0.0,0.0
7,240,10.00646974610024,0.0,0.0,0.0,1.0,0.0,0.0,0.0
8,240,3.5944891241066466,11.225888603564314,1.0,1.0,0.0,1.0,0.0,0.0
9,240,1.2868476765456114,0.0,0.0,1.0,0.0,0.0,0.0,0.0
10,240,12.0,9.797551241218509,1.0,0.0,1.0,0.0,0.0,0.0
11,240,11.552745218171328,7.702807110705382,0.0,0.0,1.0,0.0,1.0,0.0
12,240,2.5990579320451186,0.0,0.0,1.0,0.0,0.0,0.0,1.0
13,240,12.0,4.758102936811928,0.0,1.0,1.0,1.0,0.0,0.0
14,240,9.627704188837118,7.524791857856637,0.0,0.0,0.0,0.0,0.0,0.0
15,240,10.26849349492895,3.335732692652824,0.0,0.0,1.0,1.0,0.0,1.0
16,240,0.0,6.37744156732499,1.0,1.0,0.0,0.0,1.0,0.0
17,240,0.7687505924262391,7.39204287448131,0.0,0.0,0.0,1.0,1.0,1.0
18,240,12.0,7.605263794832656,0.0,0.0,0.0,1.0,1.0,0.0
19,240,6.591180445625437,9.991128857402506,1.0,1.0,0.0,1.0,1.0,1.0
20,240,7.823742834178343,7.36787152742952,1.0,1.0,0.0,1.0,0.0,1.0
21,240,4.4785457138526255,5.339968207254882,0.0,1.0,1.0,1.0,0.0,0.0
22,240,6.152395770555142,2.351314978042954,0.0,1.0,0.0,0.0,1.0,0.0
23,240,3.367689766807921,0.0,1.0,0.0,0.0,0.0,0.0,0.0
24,240,6.972812109461801,5.345495499670032,1.0,0.0,1.0,0.0,0.0,1.0
25,240,0.0,0.1438462189311986,0.0,0.0,1.0,0.0,0.0,0.0
26,240,0.0,12.0,0.0,1.0,1.0,0.0,1.0,0.0
27,240,1.935396527055547,10.293797503678006,0.0,0.0,0.0,0.0,0.0,1.0
28,240,11.986785264008589,9.067017938759465,1.0,1.0,1.0,0.0,1.0,0.0
29,240,3.559864413756787,0.4860775655840075,1.0,1.0,0.0,1.0,1.0,1.0
30,240,12.0,4.7118963088292345,0.0,0.0,1.0,0.0,1.0,0.0
31,240,10.864285666206856,0.0,0.0,0.0,0.0,1.0,0.0,0.0
32,240,7.452481566685097,4.074256259220035,1.0,1.0,0.0,0.0,1.0,0.0
33,240,11.977122197284144,3.485684436825093,1.0,0.0,1.0,0.0,0.0,1.0
34,240,2.1974297074512688,9.572813353033474,0.0,0.0,0.0,0.0,0.0,0.0
35,240,1.0145738120001986,10.113648755865793,0.0,0.0,0.0,1.0,1.0,1.0
36,240,0.0,6.422346276322929,1.0,1.0,1.0,0.0,0.0,0.0
37,240,1.4360837371843,6.148280227611196,1.0,0.0,1.0,0.0,0.0,0.0
38,240,6.304729071554464,10.335609719867575,0.0,0.0,0.0,0.0,0.0,1.0
39,240,0.7794344820290793,9.481912317018784,1.0,1.0,0.0,0.0,1.0,1.0
0,245,3.103962665167504,12.0,1.0,0.0,1.0,0.0,1.0,1.0
1,245,8.869171229356239,10.231978318109402,0.0,0.0,0.0,0.0,0.0,0.0
2,245,10.574697568828652,11.622225527122898,0.0,0.0,0.0,1.0,0.0,0.0
3,245,9.105788414601404,5.111928886543916,0.0,1.0,0.0,0.0,0.0,0.0
4,245,9.186105829715151,6.479950920212203,0.0,1.0,1.0,1.0,0.0,1.0
5,245,6.799218061278907,4.826994498410616,0.0,0.0,1.0,1.0,0.0,1.0
6,245,0.9425671439758748,3.5541646160239657,1.0,0.0,0.0,0.0,0.0,0.0
7,245,10.045577406177587,0.0,0.0,0.0,1.0,0.0,0.0,0.0
8,245,3.591706836466641,11.230951303872624,1.0,1.0,0.0,1.0,0.0,0.0
9,245,1.3359813363550497,0.0,0.0,1.0,0.0,0.0,0.0,0.0
10,245,12.0,9.79470722540352,1.0,0.0,1.0,0.0,0.0,0.0
11,245,11.550200332452956,7.709422702436163,0.0,0.0,1.0,0.0,1.0,0.0
12,245,2.612561710012038,0.0,0.0,1.0,0.0,0.0,0.0,1.0
13,245,12.0,4.786227639906802,0.0,1.0,1.0,1.0,0.0,0.0
14,245,9.629919165119116,7.523998438222055,0.0,0.0,0.0,0.0,0.0,0.0
15,245,10.26338538504334,3.3757545886486056,0.0,0.0,1.0,1.0,0.0,1.0
16,245,0.0,6.282183798054649,1.0,1.0,0.0,0.0,1.0,0.0
17,245,0.7813122529995525,7.391869163556555,0.0,0.0,0.0,1.0,1.0,1.0
18,245,12.0,7.621790200101389,0.0,0.0,0.0,1.0,1.0,0.0
19,245,6.563796905926106,9.999249602967549,1.0,1.0,0.0,1.0,1.0,1.0
20,245,7.882732005728635,7.529811078009555,1.0,1.0,0.0,1.0,0.0,1.0
21,245,4.3754247901513725,5.495099687205835,0.0,1.0,1.0,1.0,0.0,0.0
22,245,6.219237072001555,2.384504462722594,0.0,1.0,0.0,0.0,1.0,0.0
23,245,3.3586359079678494,0.0,1.0,0.0,0.0,0.0,0.0,0.0
24,245,6.884419997965429,5.200129193217064,1.0,0.0,1.0,0.0,0.0,1.0
25,245,0.0,0.1540514886081129,0.0,0.0,1.0,0.0,0.0,0.0
26,245,0.0,12.0,0.0,1.0,1.0,0.0,1.0,0.0
27,245,1.9288721929220376,10.285643745792983,0.0,0.0,0.0,0.0,0.0,1.0
28,245,11.987347925375351,9.090726104532456,1.0,1.0,1.0,0.0,1.0,0.0
29,245,3.620232521784441,0.5086206725346517,1.0,1.0,0.0,1.0,1.0,1.0
30,245,12.0,4.700200808594078,0.0,0.0,1.0,0.0,1.0,0.0
31,245,10.973649126619843,0.0,0.0,0.0,0.0,1.0,0.0,0.0
32,245,7.44734354922314,4.074738880793582,1.0,1.0,0.0,0.0,1.0,0.0
33,245,11.982707255131327,3.4858967966418617,1.0,0.0,1.0,0.0,0.0,1.0
34,245,2.1974334759355307,9.5728150970142,0.0,0.0,0.0,0.0,0.0,0.0
35,245,1.0218818322091272,10.171856594530718,0.0,0.0,0.0,1.0,1.0,1.0
36,245,0.0,6.271479634481242,1.0,1.0,1.0,0.0,0.0,0.0
37,245,1.515081512104657,6.186824023011799,1.0,0.0,1.0,0.0,0.0,0.0
38,245,6.189985234122233,10.55257617916545,0.0,0.0,0.0,0.0,0.0,1.0
39,245,0.7444226461115737,9.510937998605648,1.0,1.0,0.0,0.0,1.0,1.0
0,250,3.1768923959688267,12.0,1.0,0.0,1.0,0.0,1.0,1.0
1,250,8.846291567278586,10.209119917566827,0.0,0.0,0.0,0.0,0.0,0.0
2,250,10.625640365430913,11.603071899590724,0.0,0.0,0.0,1.0,0.0,0.0
3,250,9.134140405067807,5.111973993863663,0.0,1.0,0.0,0.0,0.0,0.0
4,250,9.1470253565433,6.442476761055724,0.0,1.0,1.0,1.0,0.0,1.0
5,250,6.768057879658584,4.84429233906468,0.0,0.0,1.0,1.0,0.0,1.0
6,250,0.8904698051177619,3.658936798167441,1.0,0.0,0.0,0.0,0.0,0.0
7,250,10.075568017649974,0.0,0.0,0.0,1.0,0.0,0.0,0.0
8,250,3.5846801141902755,11.242594788872085,1.0,1.0,0.0,1.0,0.0,0.0
9,250,1.376769667943046,0.0,0.0,1.0,0.0,0.0,0.0,0.0
10,250,12.0,9.789936886690873,1.0,0.0,1.0,0.0,0.0,0.0
11,250,11.544515173124262,7.723026881565545,0.0,0.0,1.0,0.0,1.0,0.0
12,250,2.631323586045496,0.0,0.0,1.0,0.0,0.0,0.0,1.0
13,250,12.0,4.812686688041194,0.0,1.0,1.0,1.0,0.0,0.0
14,250,9.636199496218438,7.521760501866522,0.0,0.0,0.0,0.0,0.0,0.0
15,250,10.25888665423806,3.411841673914927,0.0,0.0,1.0,1.0,0.0,1.0
16,250,0.0,6.193937469217599,1.0,1.0,0.0,0.0,1.0,0.0
17,250,0.7890792517920163,7.391685990268809,0.0,0.0,0.0,1.0,1.0,1.0
18,250,12.0,7.638941907982571,0.0,0.0,0.0,1.0,1.0,0.0
19,250,6.534650602537194,10.007960363232856,1.0,1.0,0.0,1.0,1.0,1.0
20,250,7.941963750666338,7.7038767152906065,1.0,1.0,0.0,1.0,0.0,1.0
21,250,4.273992885949418,5.653574113835791,0.0,1.0,1.0,1.0,0.0,0.0
22,250,6.279247092798621,2.4158807936033893,0.0,1.0,0.0,0.0,1.0,0.0
23,250,3.349282588283039,0.0,1.0,0.0,0.0,0.0,0.0,0.0
24,250,6.79183315836951,5.052076143709111,1.0,0.0,1.0,0.0,0.0,1.0
25,250,0.0,0.1637998770436436,0.0,0.0,1.0,0.0,0.0,0.0
26,250,0.0040232103242403,12.0,0.0,1.0,1.0,0.0,1.0,0.0
27,250,1.9148029995435596,10.267155641577409,0.0,0.0,0.0,0.0,0.0,1.0
28,250,11.987793624823784,9.11981582540137,1.0,1.0,1.0,0.0,1.0,0.0
29,250,3.676721887592707,0.5295405087337254,1.0,1.0,0.0,1.0,1.0,1.0
30,250,12.0,4.686519040655391,0.0,0.0,1.0,0.0,1.0,0.0
31,250,11.088518487272207,0.0,0.0,0.0,0.0,1.0,0.0,0.0
32,250,7.434587124975766,4.076063706413256,1.0,1.0,0.0,0.0,1.0,0.0
33,250,11.984247416927758,3.4859292219781297,1.0,0.0,1.0,0.0,0.0,1.0
34,250,2.1691867771733766,9.560537916147476,0.0,0.0,0.0,0.0,0.0,0.0
35,250,1.0301767324252775,10.238635203720667,0.0,0.0,0.0,1.0,1.0,1.0
36,250,0.0,6.130874541408092,1.0,1.0,1.0,0.0,0.0,0.0
37,250,1.5913008953079495,6.221640252168792,1.0,0.0,1.0,0.0,0.0,0.0
38,250,6.078381151977955,10.770520390701751,0.0,0.0,0.0,0.0,0.0,1.0
39,250,0.7129210460133142,9.537537822831151,1.0,1.0,0.0,0.0,1.0,1.0
0,255,3.250053908121572,12.0,1.0,0.0,1.0,0.0,1.0,1.0
1,255,8.823376944732061,10.185138561517958,0.0,0.0,0.0,0.0,0.0,0.0
2,255,10.672789454585327,11.58474085526117,0.0,0.0,0.0,1.0,0.0,0.0
3,255,9.171825093557606,5.111796894196637,0.0,1.0,0.0,0.0,0.0,0.0
4,255,9.11566012557156,6.412303505857074,0.0,1.0,1.0,1.0,0.0,1.0
5,255,6.721839295756824,4.872370092469869,0.0,0.0,1.0,1.0,0.0,1.0
6,255,0.8377944595013708,3.761408279298069,1.0,0.0,0.0,0.0,0.0,0.0
7,255,10.106908033526668,0.0,0.0,0.0,1.0,0.0,0.0,0.0
8,255,3.583929345283683,11.243777139697228,1.0,1.0,0.0,1.0,0.0,0.0
9,255,1.412203713988132,0.0,0.0,1.0,0.0,0.0,0.0,0.0
10,255,12.0,9.780668172442944,1.0,0.0,1.0,0.0,0.0,0.0
11,255,11.541830608877367,7.729691132381555,0.0,0.0,1.0,0.0,1.0,0.0
12,255,2.6461311839398536,0.0,0.0,1.0,0.0,0.0,0.0,1.0
13,255,12.0,4.841130975386079,0.0,1.0,1.0,1.0,0.0,0.0
14,255,9.666150947244022,7.511610278803394,0.0,0.0,0.0,0.0,0.0,0.0
15,255,10.25113802800514,3.474008475676692,0.0,0.0,1.0,1.0,0.0,1.0
16,255,0.0,6.109321711066855,1.0,1.0,0.0,0.0,1.0,0.0
17,255,0.7802361177620496,7.391764602824621,0.0,0.0,0.0,1.0,1.0,1.0
18,255,12.0,7.6530396812052786,0.0,0.0,0.0,1.0,1.0,0.0
19,255,6.482107739268562,10.022239749299924,1.0,1.0,0.0,1.0,1.0,1.0
20,255,8.002098742299573,7.875683729030676,1.0,1.0,0.0,1.0,0.0,1.0
21,255,4.175657407442209,5.79926458908467,0.0,1.0,1.0,1.0,0.0,0.0
22,255,6.345779863028253,2.4525991573147228,0.0,1.0,0.0,0.0,1.0,0.0
23,255,3.3374544354930724,0.0,1.0,0.0,0.0,0.0,0.0,0.0
24,255,6.697855938266499,4.910127339534738,1.0,0.0,1.0,0.0,0.0,1.0
25,255,0.0,0.1741626335006483,0.0,0.0,1.0,0.0,0.0,0.0
26,255,0.000217050587223,11.990970334055325,0.0,1.0,1.0,0.0,1.0,0.0
27,255,1.906150868270352,10.25586355560621,0.0,0.0,0.0,0.0,0.0,1.0
28,255,12.0,9.117324813194038,1.0,1.0,1.0,0.0,1.0,0.0
29,255,3.7239865613993217,0.5477356069040067,1.0,1.0,0.0,1.0,1.0,1.0
30,255,12.0,4.652440729867803,0.0,0.0,1.0,0.0,1.0,0.0
31,255,11.20944379850507,0.0,0.0,0.0,0.0,1.0,0.0,0.0
32,255,7.424979933320325,4.077025731478203,1.0,1.0,0.0,0.0,1.0,0.0
33,255,12.0,3.486104959242827,1.0,0.0,1.0,0.0,0.0,1.0
34,255,2.120437798852874,9.539417099413308,0.0,0.0,0.0,0.0,0.0,0.0
35,255,0.9405225377004705,10.252790691218609,0.0,0.0,0.0,1.0,1.0,1.0
36,255,0.0,5.977798728708616,1.0,1.0,1.0,0.0,0.0,0.0
37,255,1.6616963083525993,6.253906316120745,1.0,0.0,1.0,0.0,0.0,0.0
38,255,5.966370797022534,10.993340097672574,0.0,0.0,0.0,0.0,0.0,1.0
39,255,0.6866646607543432,9.560171274101814,1.0,1.0,0.0,0.0,1.0,1.0
0,260,3.3200328981611973,12.0,1.0,0.0,1.0,0.0,1.0,1.0
1,260,8.804085836606314,10.163536265720268,0.0,0.0,0.0,0.0,0.0,0.0
2,260,10.718244846984916,11.56683672779832,0.0,0.0,0.0,1.0,0.0,0.0
3,260,9.22687099804144,5.111692764116872,0.0,1.0,0.0,0.0,0.0,0.0
4,260,9.081702093300038,6.379437964671487,0.0,1.0,1.0,1.0,0.0,1.0
5,260,6.658803560324308,4.911514193364988,0.0,0.0,1.0,1.0,0.0,1.0
6,260,0.7882496797999483,3.8559603731413743,1.0,0.0,0.0,0.0,0.0,0.0
7,260,10.13257415238509,0.0,0.0,0.0,1.0,0.0,0.0,0.0
8,260,3.584540162351147,11.242796844795643,1.0,1.0,0.0,1.0,0.0,0.0
9,260,1.449636499035995,0.0,0.0,1.0,0.0,0.0,0.0,0.0
10,260,12.0,9.771907356780831,1.0,0.0,1.0,0.0,0.0,0.0
11,260,11.542441436429558,7.728253920833443,0.0,0.0,1.0,0.0,1.0,0.0
12,260,2.6610326655669554,0.0,0.0,1.0,0.0,0.0,0.0,1.0
13,260,12.0,4.866992622923946,0.0,1.0,1.0,1.0,0.0,0.0
14,260,9.705841176615026,7.497072836540767,0.0,0.0,0.0,0.0,0.0,0.0
15,260,10.23767832443989,3.559815776018973,0.0,0.0,1.0,1.0,0.0,1.0
16,260,0.0,5.999609507461876,1.0,1.0,0.0,0.0,1.0,0.0
17,260,0.7863878295636058,7.3915497014748865,0.0,0.0,0.0,1.0,1.0,1.0
18,260,12.0,7.670635488433225,0.0,0.0,0.0,1.0,1.0,0.0
19,260,6.4264992199053,10.036086688488544,1.0,1.0,0.0,1.0,1.0,1.0
20,260,8.064551576945833,8.061526489050145,1.0,1.0,0.0,1.0,0.0,1.0
21,260,4.094283535975993,5.924686626318469,0.0,1.0,1.0,1.0,0.0,0.0
22,260,6.40008476291735,2.479767947548199,0.0,1.0,0.0,0.0,1.0,0.0
23,260,3.3322918985315333,0.0,1.0,0.0,0.0,0.0,0.0,0.0
24,260,6.607254967736246,4.762657153601698,1.0,0.0,1.0,0.0,0.0,1.0
25,260,0.0,0.1826029770028737,0.0,0.0,1.0,0.0,0.0,0.0
26,260,0.0,11.977299127595566,0.0,1.0,1.0,0.0,1.0,0.0
27,260,1.9059002664886693,10.255532607393311,0.0,0.0,0.0,0.0,0.0,1.0
28,260,12.0,9.116885125175177,1.0,1.0,1.0,0.0,1.0,0.0
29,260,3.76658219769952,0.5649792362107166,1.0,1.0,0.0,1.0,1.0,1.0
30,260,12.0,4.622418070522148,0.0,0.0,1.0,0.0,1.0,0.0
31,260,11.333145832973564,0.0,0.0,0.0,0.0,1.0,0.0,0.0
32,260,7.408212870741178,4.0787811366279785,1.0,1.0,0.0,0.0,1.0,0.0
33,260,12.0,3.486119801125789,1.0,0.0,1.0,0.0,0.0,1.0
34,260,2.085936781156432,9.52445367513942,0.0,0.0,0.0,0.0,0.0,0.0
35,260,0.8377775329013015,10.268552519770488,0.0,0.0,0.0,1.0,1.0,1.0
36,260,0.0,5.8159443301065865,1.0,1.0,1.0,0.0,0.0,0.0
37,260,1.7345810693012524,6.285672520458764,1.0,0.0,1.0,0.0,0.0,0.0
38,260,5.8567703723149,11.207938884293531,0.0,0.0,0.0,0.0,0.0,1.0
39,260,0.6534839338491765,9.58878555126052,1.0,1.0,0.0,0.0,1.0,1.0
0,265,3.389930385743784,12.0,1.0,0.0,1.0,0.0,1.0,1.0
1,265,8.777514522671908,10.134759019293474,0.0,0.0,0.0,0.0,0.0,0.0
2,265,10.753898209073704,11.550746920633582,0.0,0.0,0.0,1.0,0.0,0.0
3,265,9.29793348397428,5.110182780172471,0.0,1.0,0.0,0.0,0.0,0.0
4,265,9.057493047690402,6.356485068169602,0.0,1.0,1.0,1.0,0.0,1.0
5,265,6.699229531757847,4.976995154283944,0.0,0.0,1.0,1.0,0.0,1.0
6,265,0.7398241370006915,3.946046803483874,1.0,0.0,0.0,0.0,0.0,0.0
7,265,10.15555261651677,0.0,0.0,0.0,1.0,0.0,0.0,0.0
8,265,3.574947956007998,11.258044930396116,1.0,1.0,0.0,1.0,0.0,0.0
9,265,1.4919949084115542,0.0,0.0,1.0,0.0,0.0,0.0,0.0
10,265,12.0,9.76307875826214,1.0,0.0,1.0,0.0,0.0,0.0
11,265,11.552478808983794,7.703521656335758,0.0,0.0,1.0,0.0,1.0,0.0
12,265,2.677872434889857,0.0,0.0,1.0,0.0,0.0,0.0,1.0
13,265,12.0,4.889770358630149,0.0,1.0,1.0,1.0,0.0,0.0
14,265,9.738869413766668,7.484849879510819,0.0,0.0,0.0,0.0,0.0,0.0
15,265,10.229600294599916,3.6307005937810057,0.0,0.0,1.0,1.0,0.0,1.0
16,265,0.0,5.903712739917972,1.0,1.0,0.0,0.0,1.0,0.0
17,265,0.8122712456397001,7.391722764405936,0.0,0.0,0.0,1.0,1.0,1.0
18,265,12.0,7.687616629578922,0.0,0.0,0.0,1.0,1.0,0.0
19,265,6.349551674010787,10.054465805706032,1.0,1.0,0.0,1.0,1.0,1.0
20,265,8.130791028478873,8.26208434363575,1.0,1.0,0.0,1.0,0.0,1.0
21,265,4.014147979634523,6.041628207963029,0.0,1.0,1.0,1.0,0.0,0.0
22,265,6.454641809943168,2.506905888867535,0.0,1.0,0.0,0.0,1.0,0.0
23,265,3.325053201829506,0.0,1.0,0.0,0.0,0.0,0.0,0.0
24,265,6.513146126078769,4.610417384539994,1.0,0.0,1.0,0.0,0.0,1.0
25,265,0.0,0.1868381062473115,0.0,0.0,1.0,0.0,0.0,0.0
26,265,0.0,11.962900096053454,0.0,1.0,1.0,0.0,1.0,0.0
27,265,1.9177865719647975,10.270774916302637,0.0,0.0,0.0,0.0,0.0,1.0
28,265,12.0,9.116747262561852,1.0,1.0,1.0,0.0,1.0,0.0
29,265,3.822966126633093,0.5873134146740482,1.0,1.0,0.0,1.0,1.0,1.0
30,265,12.0,4.5663970139226375,0.0,0.0,1.0,0.0,1.0,0.0
31,265,11.451254045130076,0.0,0.0,0.0,0.0,1.0,0.0,0.0
32,265,7.391508000682795,4.080423423464179,1.0,1.0,0.0,0.0,1.0,0.0
33,265,12.0,3.487012607321324,1.0,0.0,1.0,0.0,0.0,1.0
34,265,2.0676809177897284,9.515989484578416,0.0,0.0,0.0,0.0,0.0,0.0
35,265,0.7692186226394279,10.279336844838197,0.0,0.0,0.0,1.0,1.0,1.0
36,265,0.0,5.66044813281783,1.0,1.0,1.0,0.0,0.0,0.0
37,265,1.7917695522295023,6.309707198010333,1.0,0.0,1.0,0.0,0.0,0.0
38,265,5.754067447841045,11.412056220877938,0.0,0.0,0.0,0.0,0.0,1.0
39,265,0.6312781798463392,9.608377917721132,1.0,1.0,0.0,0.0,1.0,1.0
0,270,3.4553786747968256,12.0,1.0,0.0,1.0,0.0,1.0,1.0
1,270,8.766059795688346,10.121617268921112,0.0,0.0,0.0,0.0,0.0,0.0
2,270,10.800865721661712,11.528944994997095,0.0,0.0,0.0,1.0,0.0,0.0
3,270,9.379537843792686,5.11202234265281,0.0,1.0,0.0,0.0,0.0,0.0
4,270,9.024654137783562,6.324881056388655,0.0,1.0,1.0,1.0,0.0,1.0
5,270,6.733736887341785,5.035163762874685,0.0,0.0,1.0,1.0,0.0,1.0
6,270,0.6844137502233555,4.043970835694102,1.0,0.0,0.0,0.0,0.0,0.0
7,270,10.173621047684398,0.0,0.0,0.0,1.0,0.0,0.0,0.0
8,270,3.5650264620663505,11.273735706325166,1.0,1.0,0.0,1.0,0.0,0.0
9,270,1.5368569318970462,0.0,0.0,1.0,0.0,0.0,0.0,0.0
10,270,12.0,9.75307569160688,1.0,0.0,1.0,0.0,0.0,0.0
11,270,11.560043238924033,7.685673630342404,0.0,0.0,1.0,0.0,1.0,0.0
12,270,2.6946050797028773,0.0,0.0,1.0,0.0,0.0,0.0,1.0
13,270,12.0,4.917274146317417,0.0,1.0,1.0,1.0,0.0,0.0
14,270,9.7903694560518,7.464874031221649,0.0,0.0,0.0,0.0,0.0,0.0
15,270,10.19287415044266,3.626865096106037,0.0,0.0,1.0,1.0,0.0,1.0
16,270,0.0,5.797836166936361,1.0,1.0,0.0,0.0,1.0,0.0
17,270,0.8229704579360649,7.391861157434459,0.0,0.0,0.0,1.0,1.0,1.0
18,270,12.0,7.7095185761464915,0.0,0.0,0.0,1.0,1.0,0.0
19,270,6.291502618537699,10.067950565299132,1.0,1.0,0.0,1.0,1.0,1.0
20,270,8.20173421624026,8.462760282014221,1.0,1.0,0.0,1.0,0.0,1.0
21,270,3.9259344942207166,6.170021741956861,0.0,1.0,1.0,1.0,0.0,0.0
22,270,6.526229662763867,2.540668023378256,0.0,1.0,0.0,0.0,1.0,0.0
23,270,3.325641727112268,0.0001417266763887,1.0,0.0,0.0,0.0,0.0,0.0
24,270,6.414917155330127,4.450684519252346,1.0,0.0,1.0,0.0,0.0,1.0
25,270,0.0,0.1870018898996074,0.0,0.0,1.0,0.0,0.0,0.0
26,270,0.0,11.928880334626074,0.0,1.0,1.0,0.0,1.0,0.0
27,270,1.9381556200748271,10.298742630673912,0.0,0.0,0.0,0.0,0.0,1.0
28,270,12.0,9.116339722315123,1.0,1.0,1.0,0.0,1.0,0.0
29,270,3.863412314717376,0.6035022945481748,1.0,1.0,0.0,1.0,1.0,1.0
30,270,12.0,4.491573946155068,0.0,0.0,1.0,0.0,1.0,0.0
31,270,11.547121031812395,0.0,0.0,0.0,0.0,1.0,0.0,0.0
32,270,7.385583855411614,4.080831199933498,1.0,1.0,0.0,0.0,1.0,0.0
33,270,12.0,3.488079367288842,1.0,0.0,1.0,0.0,0.0,1.0
34,270,2.044117441152408,9.504427520444402,0.0,0.0,0.0,0.0,0.0,0.0
35,270,0.7007525498419949,10.28824092289339,0.0,0.0,0.0,1.0,1.0,1.0
36,270,0.0,5.508615031069356,1.0,1.0,1.0,0.0,0.0,0.0
37,270,1.862463114888495,6.340137497059829,1.0,0.0,1.0,0.0,0.0,0.0
38,270,5.646024219981744,11.635988069603272,0.0,0.0,0.0,0.0,0.0,1.0
39,270,0.606178869237343,9.629927395271649,1.0,1.0,0.0,0.0,1.0,1.0
0,275,3.5314234299089677,12.0,1.0,0.0,1.0,0.0,1.0,1.0
1,275,8.76502573140544,10.120462560402729,0.0,0.0,0.0,0.0,0.0,0.0
2,275,10.840998663552307,11.50997461620146,0.0,0.0,0.0,1.0,0.0,0.0
3,275,9.461500177328553,5.115880326106981,0.0,1.0,0.0,0.0,0.0,0.0
4,275,9.005817269680586,6.3087486092013885,0.0,1.0,1.0,1.0,0.0,1.0
5,275,6.779578874853813,5.108066831918082,0.0,0.0,1.0,1.0,0.0,1.0
6,275,0.6265933675281881,4.152587349320703,1.0,0.0,0.0,0.0,0.0,0.0
7,275,10.194813918154148,0.0,0.0,0.0,1.0,0.0,0.0,0.0
8,275,3.5728736001123305,11.261717240081904,1.0,1.0,0.0,1.0,0.0,0.0
9,275,1.592748747057748,0.0,0.0,1.0,0.0,0.0,0.0,0.0
10,275,12.0,9.744528388256484,1.0,0.0,1.0,0.0,0.0,0.0
11,275,11.565793325010585,7.673274085852332,0.0,0.0,1.0,0.0,1.0,0.0
12,275,2.707669914093299,0.0,0.0,1.0,0.0,0.0,0.0,1.0
13,275,12.0,4.946104665394831,0.0,1.0,1.0,1.0,0.0,0.0
14,275,9.840492712631823,7.4446109743964115,0.0,0.0,0.0,0.0,0.0,0.0
15,275,10.146882590849543,3.6236697606801633,0.0,0.0,1.0,1.0,0.0,1.0
16,275,0.0,5.704270237481078,1.0,1.0,0.0,0.0,1.0,0.0
17,275,0.836097784058901,7.392312435344266,0.0,0.0,0.0,1.0,1.0,1.0
18,275,12.0,7.735356676591629,0.0,0.0,0.0,1.0,1.0,0.0
19,275,6.227137279040676,10.08403571624209,1.0,1.0,0.0,1.0,1.0,1.0
20,275,8.27753712563999,8.658716618292017,1.0,1.0,0.0,1.0,0.0,1.0
21,275,3.832627330363922,6.307945341421464,0.0,1.0,1.0,1.0,0.0,0.0
22,275,6.601970041163017,2.579035999120698,0.0,1.0,0.0,0.0,1.0,0.0
23,275,3.3235717532334474,0.0,1.0,0.0,0.0,0.0,0.0,0.0
24,275,6.322976629332024,4.296100652333565,1.0,0.0,1.0,0.0,0.0,1.0
25,275,0.0,0.1907108193062768,0.0,0.0,1.0,0.0,0.0,0.0
26,275,0.0,11.87911399354693,0.0,1.0,1.0,0.0,1.0,0.0
27,275,1.956080244530973,10.323813771320864,0.0,0.0,0.0,0.0,0.0,1.0
28,275,12.0,9.11633558196418,1.0,1.0,1.0,0.0,1.0,0.0
29,275,3.905801002311648,0.6204595875390254,1.0,1.0,0.0,1.0,1.0,1.0
30,275,12.0,4.405661310438256,0.0,0.0,1.0,0.0,1.0,0.0
31,275,11.624929552541731,0.0,0.0,0.0,0.0,1.0,0.0,0.0
32,275,7.353016711368104,4.083593084100958,1.0,1.0,0.0,0.0,1.0,0.0
33,275,12.0,3.488795559778352,1.0,0.0,1.0,0.0,0.0,1.0
34,275,2.024876300781051,9.49458500858283,0.0,0.0,0.0,0.0,0.0,0.0
35,275,0.6375130557217789,10.295502922021546,0.0,0.0,0.0,1.0,1.0,1.0
36,275,0.0,5.36265162070095,1.0,1.0,1.0,0.0,0.0,0.0
37,275,1.935518691289712,6.3703581890193695,1.0,0.0,1.0,0.0,0.0,0.0
38,275,5.548208749769625,11.848669766597368,0.0,0.0,0.0,0.0,0.0,1.0
39,275,0.5799923177993908,9.651323082847762,1.0,1.0,0.0,0.0,1.0,1.0
0,280,3.599830407823859,12.0,1.0,0.0,1.0,0.0,1.0,1.0
1,280,8.76716266676465,10.122700426425697,0.0,0.0,0.0,0.0,0.0,0.0
2,280,10.878014737984396,11.491787377883629,0.0,0.0,0.0,1.0,0.0,0.0
3,280,9.540660698366706,5.121845577852581,0.0,1.0,0.0,0.0,0.0,0.0
4,280,8.981928719736098,6.289928574923197,0.0,1.0,1.0,1.0,0.0,1.0
5,280,6.829306342836035,5.185657715025245,0.0,0.0,1.0,1.0,0.0,1.0
6,280,0.5695057590300454,4.259991285903824,1.0,0.0,0.0,0.0,0.0,0.0
7,280,10.22023926021006,0.0,0.0,0.0,1.0,0.0,0.0,0.0
8,280,3.5766209635320174,11.256047742767429,1.0,1.0,0.0,1.0,0.0,0.0
9,280,1.6536667865482513,0.0,0.0,1.0,0.0,0.0,0.0,0.0
10,280,12.0,9.735475347499968,1.0,0.0,1.0,0.0,0.0,0.0
11,280,11.575940859226764,7.652533200493489,0.0,0.0,1.0,0.0,1.0,0.0
12,280,2.724855270725345,0.0,0.0,1.0,0.0,0.0,0.0,1.0
13,280,12.0,4.97728019686585,0.0,1.0,1.0,1.0,0.0,0.0
14,280,9.909929811551908,7.414542681117163,0.0,0.0,0.0,0.0,0.0,0.0
15,280,10.10236370791496,3.6208027630352215,0.0,0.0,1.0,1.0,0.0,1.0
16,280,0.0,5.604882499199382,1.0,1.0,0.0,0.0,1.0,0.0
17,280,0.8483358618564291,7.392323362486825,0.0,0.0,0.0,1.0,1.0,1.0
18,280,12.0,7.6063431541081234,0.0,0.0,0.0,1.0,1.0,0.0
19,280,6.136541286759781,10.104503658455595,1.0,1.0,0.0,1.0,1.0,1.0
20,280,8.358296222604967,8.85521243327143,1.0,1.0,0.0,1.0,0.0,1.0
21,280,3.750593480608024,6.431384084232458,0.0,1.0,1.0,1.0,0.0,0.0
22,280,6.679646999066279,2.61642762666497,0.0,1.0,0.0,0.0,1.0,0.0
23,280,3.2944737675230047,0.0,1.0,0.0,0.0,0.0,0.0,0.0
24,280,6.227189063334605,4.1541284800961975,1.0,0.0,1.0,0.0,0.0,1.0
25,280,0.0,0.1948952888569281,0.0,0.0,1.0,0.0,0.0,0.0
26,280,0.0,11.831222584137134,0.0,1.0,1.0,0.0,1.0,0.0
27,280,1.9734226008654656,10.34648912136657,0.0,0.0,0.0,0.0,0.0,1.0
28,280,12.0,9.116341701271695,1.0,1.0,1.0,0.0,1.0,0.0
29,280,3.9602207101335374,0.6424739915853829,1.0,1.0,0.0,1.0,1.0,1.0
30,280,12.0,4.313997918097371,0.0,0.0,1.0,0.0,1.0,0.0
31,280,11.70441834225,0.0,0.0,0.0,0.0,1.0,0.0,0.0
32,280,7.310556986082796,4.087153723519168,1.0,1.0,0.0,0.0,1.0,0.0
33,280,12.0,3.489548434002824,1.0,0.0,1.0,0.0,0.0,1.0
34,280,2.0167802424008627,9.490216771537511,0.0,0.0,0.0,0.0,0.0,0.0
35,280,0.5944271204162207,10.30217513018796,0.0,0.0,0.0,1.0,1.0,1.0
36,280,0.0,5.199353111246855,1.0,1.0,1.0,0.0,0.0,0.0
37,280,1.9991600153913591,6.397392508022401,1.0,0.0,1.0,0.0,0.0,0.0
38,280,5.451772792028943,12.0,0.0,0.0,0.0,0.0,0.0,1.0
39,280,0.5401651030107754,9.68493444136642,1.0,1.0,0.0,0.0,1.0,1.0
0,285,3.670722944697336,12.0,1.0,0.0,1.0,0.0,1.0,1.0
1,285,8.775991049588722,10.13195615280465,0.0,0.0,0.0,0.0,0.0,0.0
2,285,10.914394609516508,11.474610969249731,0.0,0.0,0.0,1.0,0.0,0.0
3,285,9.626904554317484,5.1284702094742665,0.0,1.0,0.0,0.0,0.0,0.0
4,285,8.945613801777293,6.260819868401719,0.0,1.0,1.0,1.0,0.0,1.0
5,285,6.893038254507546,5.284970527032342,0.0,0.0,1.0,1.0,0.0,1.0
6,285,0.4954775582513855,4.388961875314847,1.0,0.0,0.0,0.0,0.0,0.0
7,285,10.242656866810057,0.0,0.0,0.0,1.0,0.0,0.0,0.0
8,285,3.583689766940852,11.245810724317996,1.0,1.0,0.0,1.0,0.0,0.0
9,285,1.7137546914834243,0.0,0.0,1.0,0.0,0.0,0.0,0.0
10,285,12.0,9.728731771968476,1.0,0.0,1.0,0.0,0.0,0.0
11,285,11.57857453772751,7.646598336264391,0.0,0.0,1.0,0.0,1.0,0.0
12,285,2.7421463750450323,0.0,0.0,1.0,0.0,0.0,0.0,1.0
13,285,12.0,5.022121682193767,0.0,1.0,1.0,1.0,0.0,0.0
14,285,9.977844651663704,7.383796663357812,0.0,0.0,0.0,0.0,0.0,0.0
15,285,10.051374386979406,3.6170333930099785,0.0,0.0,1.0,1.0,0.0,1.0
16,285,0.0,5.507363704110432,1.0,1.0,0.0,0.0,1.0,0.0
17,285,0.8617716555559992,7.392193074980734,0.0,0.0,0.0,1.0,1.0,1.0
18,285,12.0,7.498016927456861,0.0,0.0,0.0,1.0,1.0,0.0
19,285,6.0557303040641175,10.126476193770658,1.0,1.0,0.0,1.0,1.0,1.0
20,285,8.444494858226617,9.074602811401714,1.0,1.0,0.0,1.0,0.0,1.0
21,285,3.6620614594616097,6.568505495294341,0.0,1.0,1.0,1.0,0.0,0.0
22,285,6.754835986656048,2.653817080130034,0.0,1.0,0.0,0.0,1.0,0.0
23,285,3.2786219159083343,0.0,1.0,0.0,0.0,0.0,0.0,0.0
24,285,6.141138154286306,4.028385631868924,1.0,0.0,1.0,0.0,0.0,1.0
25,285,0.0017366449301988,0.1945110898523196,0.0,0.0,1.0,0.0,0.0,0.0
26,285,0.0,11.78850169061808,0.0,1.0,1.0,0.0,1.0,0.0
27,285,1.9949581161088696,10.375210254359544,0.0,0.0,0.0,0.0,0.0,1.0
28,285,12.0,9.116325423625044,1.0,1.0,1.0,0.0,1.0,0.0
29,285,4.000662358418854,0.6585357594234669,1.0,1.0,0.0,1.0,1.0,1.0
30,285,12.0,4.2413382393809735,0.0,0.0,1.0,0.0,1.0,0.0
31,285,11.79647848244787,0.0,0.0,0.0,0.0,1.0,0.0,0.0
32,285,7.250608705623887,4.091668231494752,1.0,1.0,0.0,0.0,1.0,0.0
33,285,12.0,3.4899554264756745,1.0,0.0,1.0,0.0,0.0,1.0
34,285,1.983131140432056,9.472640779717144,0.0,0.0,0.0,0.0,0.0,0.0
35,285,0.5350136426517922,10.31096938478936,0.0,0.0,0.0,1.0,1.0,1.0
36,285,0.0,5.023369153355693,1.0,1.0,1.0,0.0,0.0,0.0
37,285,2.077765262731675,6.42869180703541,1.0,0.0,1.0,0.0,0.0,0.0
38,285,5.3597358171639,12.0,0.0,0.0,0.0,0.0,0.0,1.0
39,285,0.4990154331050377,9.720580366795586,1.0,1.0,0.0,0.0,1.0,1.0
0,290,3.739621628168923,12.0,1.0,0.0,1.0,0.0,1.0,1.0
1,290,8.782184651654378,10.138754862228868,0.0,0.0,0.0,0.0,0.0,0.0
2,290,10.957762590842332,11.454999546881965,0.0,0.0,0.0,1.0,0.0,0.0
3,290,9.722401759674865,5.138498333407015,0.0,1.0,0.0,0.0,0.0,0.0
4,290,8.891429864720326,6.216685596987055,0.0,1.0,1.0,1.0,0.0,1.0
5,290,6.80091125867931,5.341749313395872,0.0,0.0,1.0,1.0,0.0,1.0
6,290,0.4221358584929555,4.518138171422984,1.0,0.0,0.0,0.0,0.0,0.0
7,290,10.27089261397014,0.0,0.0,0.0,1.0,0.0,0.0,0.0
8,290,3.5870614370415708,11.24078438961861,1.0,1.0,0.0,1.0,0.0,0.0
9,290,1.7662450808336314,0.0,0.0,1.0,0.0,0.0,0.0,0.0
10,290,12.0,9.717454337057204,1.0,0.0,1.0,0.0,0.0,0.0
11,290,11.592094345784629,7.615150837822901,0.0,0.0,1.0,0.0,1.0,0.0
12,290,2.7615940687590737,0.0,0.0,1.0,0.0,0.0,0.0,1.0
13,290,12.0,5.067543576235559,0.0,1.0,1.0,1.0,0.0,0.0
14,290,10.051090000752884,7.352631221484187,0.0,0.0,0.0,0.0,0.0,0.0
15,290,10.009869902961045,3.613775224381527,0.0,0.0,1.0,1.0,0.0,1.0
16,290,0.0,5.415121246726209,1.0,1.0,0.0,0.0,1.0,0.0
17,290,0.8883288421818363,7.392193272940535,0.0,0.0,0.0,1.0,1.0,1.0
18,290,12.0,7.382831221662275,0.0,0.0,0.0,1.0,1.0,0.0
19,290,5.973635205351171,10.150716292552213,1.0,1.0,0.0,1.0,1.0,1.0
20,290,8.526587115827281,9.285640775977496,1.0,1.0,0.0,1.0,0.0,1.0
21,290,3.56128259476669,6.717008478942393,0.0,1.0,1.0,1.0,0.0,0.0
22,290,6.819799048200864,2.6856959889813643,0.0,1.0,0.0,0.0,1.0,0.0
23,290,3.271938474364843,0.0,1.0,0.0,0.0,0.0,0.0,0.0
24,290,6.048468302703683,3.8909273397895543,1.0,0.0,1.0,0.0,0.0,1.0
25,290,0.0,0.1982861115810186,0.0,0.0,1.0,0.0,0.0,0.0
26,290,0.0,11.741473170690412,0.0,1.0,1.0,0.0,1.0,0.0
27,290,2.002939254277188,10.385774261776952,0.0,0.0,0.0,0.0,0.0,1.0
28,290,12.0,9.11637522420918,1.0,1.0,1.0,0.0,1.0,0.0
29,290,4.04194895568436,0.6744051098768421,1.0,1.0,0.0,1.0,1.0,1.0
30,290,12.0,4.159162110543659,0.0,0.0,1.0,0.0,1.0,0.0
31,290,11.875758659726664,0.0,0.0,0.0,0.0,1.0,0.0,0.0
32,290,7.254274252420616,4.147935279546038,1.0,1.0,0.0,0.0,1.0,0.0
33,290,12.0,3.4916259339330837,1.0,0.0,1.0,0.0,0.0,1.0
34,290,1.9273806959053637,9.44192776134473,0.0,0.0,0.0,0.0,0.0,0.0
35,290,0.4729102250070359,10.319238131862924,0.0,0.0,0.0,1.0,1.0,1.0
36,290,0.0,4.855902624616009,1.0,1.0,1.0,0.0,0.0,0.0
37,290,2.1087624188501928,6.34839952055279,1.0,0.0,1.0,0.0,0.0,0.0
38,290,5.259642696136498,12.0,0.0,0.0,0.0,0.0,0.0,1.0
39,290,0.4678381014558779,9.74809997125074,1.0,1.0,0.0,0.0,1.0,1.0
0,295,3.808909629338993,12.0,1.0,0.0,1.0,0.0,1.0,1.0
1,295,8.76935234851024,10.124866504855992,0.0,0.0,0.0,0.0,0.0,0.0
2,295,10.980217415951122,11.445302604860318,0.0,0.0,0.0,1.0,0.0,0.0
3,295,9.818081785704091,5.149736775987408,0.0,1.0,0.0,0.0,0.0,0.0
4,295,8.844512314692956,6.180991002684742,0.0,1.0,1.0,1.0,0.0,1.0
5,295,6.710183371877857,5.398997979384522,0.0,0.0,1.0,1.0,0.0,1.0
6,295,0.3492446411902665,4.647428683507973,1.0,0.0,0.0,0.0,0.0,0.0
7,295,10.299117531348664,0.0,0.0,0.0,1.0,0.0,0.0,0.0
8,295,3.597216582468373,11.225108749161706,1.0,1.0,0.0,1.0,0.0,0.0
9,295,1.8156019940487191,0.0,0.0,1.0,0.0,0.0,0.0,0.0
10,295,12.0,9.702742016323674,1.0,0.0,1.0,0.0,0.0,0.0
11,295,11.565998809245794,7.603842058888886,0.0,0.0,1.0,0.0,1.0,0.0
12,295,2.776467954090824,0.0,0.0,1.0,0.0,0.0,0.0,1.0
13,295,12.0,5.119201710497506,0.0,1.0,1.0,1.0,0.0,0.0
14,295,10.136326104009862,7.316865123515853,0.0,0.0,0.0,0.0,0.0,0.0
15,295,9.960465845319264,3.611450885056565,0.0,0.0,1.0,1.0,0.0,1.0
16,295,0.0,5.328167063000255,1.0,1.0,0.0,0.0,1.0,0.0
17,295,0.887848488343555,7.392184214981508,0.0,0.0,0.0,1.0,1.0,1.0
18,295,12.0,7.25457329550081,0.0,0.0,0.0,1.0,1.0,0.0
19,295,5.883902502081077,10.180012811682085,1.0,1.0,0.0,1.0,1.0,1.0
20,295,8.61337542161861,9.515451699349802,1.0,1.0,0.0,1.0,0.0,1.0
21,295,3.436968338875163,6.896411304363965,0.0,1.0,1.0,1.0,0.0,0.0
22,295,6.894799995528962,2.722194832533529,0.0,1.0,0.0,0.0,1.0,0.0
23,295,3.2581644689970477,0.0,1.0,0.0,0.0,0.0,0.0,0.0
24,295,5.945404756445175,3.743423774588945,1.0,0.0,1.0,0.0,0.0,1.0
25,295,0.0,0.2014556944990925,0.0,0.0,1.0,0.0,0.0,0.0
26,295,0.0,11.693993899468472,0.0,1.0,1.0,0.0,1.0,0.0
27,295,1.9830116844596877,10.359143918998951,0.0,0.0,0.0,0.0,0.0,1.0
28,295,11.989282315146886,9.116533436417596,1.0,1.0,1.0,0.0,1.0,0.0
29,295,4.063105688768002,0.6823899359142989,1.0,1.0,0.0,1.0,1.0,1.0
30,295,12.0,4.03398548593359,0.0,0.0,1.0,0.0,1.0,0.0
31,295,11.945169409981592,0.0,0.0,0.0,0.0,1.0,0.0,0.0
32,295,7.258776741343142,4.203059089549951,1.0,1.0,0.0,0.0,1.0,0.0
33,295,12.0,3.4925542080987517,1.0,0.0,1.0,0.0,0.0,1.0
34,295,1.8933262883956687,9.423285331349463,0.0,0.0,0.0,0.0,0.0,0.0
35,295,0.3793741297442837,10.33366232112848,0.0,0.0,0.0,1.0,1.0,1.0
36,295,0.0,4.687727844250218,1.0,1.0,1.0,0.0,0.0,0.0
37,295,2.1421765939591846,6.264411497044542,1.0,0.0,1.0,0.0,0.0,0.0
38,295,5.16901591366632,12.0,0.0,0.0,0.0,0.0,0.0,1.0
39,295,0.4370985953891527,9.775762302440498,1.0,1.0,0.0,0.0,1.0,1.0
