0,0,1.9588282914178647,10.007052524597642,0.0,1.0,0.0,0.0,0.0,1.0
1,0,0.0,0.0,0.0,1.0,0.0,0.0,1.0,1.0
2,0,0.0346042171164572,9.99025102702427,1.0,1.0,1.0,0.0,0.0,0.0
3,0,6.98366603302904,2.97140807607538,0.0,0.0,0.0,0.0,1.0,0.0
4,0,4.067303126448837,8.96958156883605,0.0,1.0,0.0,0.0,0.0,0.0
5,0,6.020150271530431,8.03454912802469,1.0,0.0,1.0,1.0,1.0,1.0
6,0,8.047849080295363,4.029396032517036,1.0,1.0,0.0,0.0,0.0,0.0
7,0,5.046125715574441,10.96566213747977,0.0,0.0,1.0,0.0,0.0,0.0
8,0,8.050602700358217,12.0,0.0,0.0,0.0,0.0,0.0,1.0
9,0,4.012845538340204,2.9416291719136054,1.0,0.0,0.0,0.0,1.0,0.0
10,0,4.956469209397369,4.068028832805579,0.0,1.0,1.0,0.0,1.0,0.0
11,0,7.999524331207318,11.946831377997595,1.0,1.0,1.0,1.0,1.0,0.0
12,0,0.0,5.937678685871671,1.0,0.0,0.0,0.0,0.0,1.0
13,0,4.971593015240215,1.9537619049342632,0.0,0.0,1.0,1.0,0.0,0.0
14,0,8.948760516283537,0.974832047659905,1.0,0.0,1.0,0.0,0.0,1.0
15,0,10.998784345439333,6.05640343973772,1.0,0.0,0.0,0.0,0.0,0.0
16,0,6.029778524784168,9.061287033133752,0.0,1.0,1.0,0.0,1.0,0.0
17,0,11.043455363618934,1.9855494239595464,0.0,1.0,0.0,0.0,0.0,1.0
18,0,12.0,4.026085398879792,0.0,0.0,0.0,1.0,0.0,0.0
19,0,9.010310273220147,0.9709031920988122,0.0,0.0,1.0,1.0,0.0,0.0
20,0,10.041176681701996,1.9887550099298752,1.0,1.0,0.0,0.0,0.0,0.0
21,0,0.9606895094007416,4.033019491498029,0.0,1.0,1.0,1.0,1.0,0.0
22,0,2.968193584644924,4.049322938008369,1.0,1.0,0.0,0.0,1.0,0.0
23,0,4.96104596664362,7.009245669140117,0.0,0.0,0.0,0.0,0.0,0.0
24,0,8.99265403444926,12.0,0.0,1.0,0.0,1.0,0.0,0.0
25,0,0.0,5.044277590087852,1.0,1.0,1.0,1.0,0.0,0.0
26,0,4.9820374438952095,9.95266902252865,0.0,0.0,0.0,0.0,1.0,1.0
27,0,4.044084257679968,1.0165944207445,0.0,0.0,0.0,1.0,1.0,1.0
28,0,6.999756749290205,9.032415127922096,1.0,0.0,1.0,1.0,0.0,0.0
29,0,5.977016268297927,0.9516134923295388,0.0,0.0,1.0,0.0,1.0,0.0
30,0,1.997827930291744,9.045705447396246,1.0,0.0,0.0,1.0,1.0,0.0
31,0,4.014539817362991,1.937867780577268,0.0,0.0,0.0,0.0,1.0,1.0
32,0,3.02729696873986,3.9647010744600135,1.0,1.0,0.0,1.0,0.0,1.0
33,0,9.025254846213237,11.013497975422265,0.0,0.0,0.0,0.0,1.0,1.0
34,0,1.035137468443868,0.9506003331465812,1.0,0.0,1.0,1.0,0.0,1.0
35,0,5.031031710811471,6.002848846630494,0.0,1.0,0.0,1.0,0.0,1.0
36,0,12.0,9.95057662050116,1.0,0.0,0.0,1.0,0.0,0.0
37,0,6.980725334959026,2.946207185886605,1.0,0.0,0.0,0.0,1.0,0.0
38,0,3.050698755925481,7.962260329824439,0.0,0.0,1.0,0.0,0.0,1.0
39,0,8.00212451783997,7.057283796681928,0.0,1.0,1.0,0.0,0.0,1.0
0,5,1.9250168045871692,10.012883138579737,0.0,1.0,0.0,0.0,0.0,1.0
1,5,0.0,0.0,0.0,1.0,0.0,0.0,1.0,1.0
2,5,0.083660493832314,9.976335665804148,1.0,1.0,1.0,0.0,0.0,0.0
3,5,6.949208234844826,2.9103046097718623,0.0,0.0,0.0,0.0,1.0,0.0
4,5,4.041024872428684,8.911585396961913,0.0,1.0,0.0,0.0,0.0,0.0
5,5,6.024660612003848,8.042157035613041,1.0,0.0,1.0,1.0,1.0,1.0
6,5,8.089187018930357,4.052571526664474,1.0,1.0,0.0,0.0,0.0,0.0
7,5,5.08748335064868,10.933545966657702,0.0,0.0,1.0,0.0,0.0,0.0
8,5,8.088189782502099,12.0,0.0,0.0,0.0,0.0,0.0,1.0
9,5,4.027483292773233,2.874896903993647,1.0,0.0,0.0,0.0,1.0,0.0
10,5,4.9197234069318485,4.12792762889573,0.0,1.0,1.0,0.0,1.0,0.0
11,5,7.999580736406807,11.87486417189052,1.0,1.0,1.0,1.0,1.0,0.0
12,5,0.0,5.864472067889343,1.0,0.0,0.0,0.0,0.0,1.0
13,5,4.929403648710664,1.8883552880637036,0.0,0.0,1.0,1.0,0.0,0.0
14,5,8.91309476034376,0.9576473262163642,1.0,0.0,1.0,0.0,0.0,1.0
15,5,10.998892508077942,6.10976058885908,1.0,0.0,0.0,0.0,0.0,0.0
16,5,6.05713955096087,9.119020241885144,0.0,1.0,1.0,0.0,1.0,0.0
17,5,11.106280033593132,1.9641181400063807,0.0,1.0,0.0,0.0,0.0,1.0
18,5,12.0,4.0528930267188725,0.0,0.0,0.0,1.0,0.0,0.0
19,5,9.02409393115544,0.9305048320702172,0.0,0.0,1.0,1.0,0.0,0.0
20,5,10.07338508157838,1.9803340811964611,1.0,1.0,0.0,0.0,0.0,0.0
21,5,0.9122311992486236,4.073604307927026,0.0,1.0,1.0,1.0,1.0,0.0
22,5,2.94036853203285,4.091279905881342,1.0,1.0,0.0,0.0,1.0,0.0
23,5,4.912583615688872,7.019740956309499,0.0,0.0,0.0,0.0,0.0,0.0
24,5,8.987777685082785,12.0,0.0,1.0,0.0,1.0,0.0,0.0
25,5,0.0,5.075133229785664,1.0,1.0,1.0,1.0,0.0,0.0
26,5,4.961159663776984,9.899333551930845,0.0,0.0,0.0,0.0,1.0,1.0
27,5,4.098928682263326,1.0364093179998974,0.0,0.0,0.0,1.0,1.0,1.0
28,5,7.000205640894607,9.058523177698838,1.0,0.0,1.0,1.0,0.0,0.0
29,5,5.953415883521092,0.9018764510208572,0.0,0.0,1.0,0.0,1.0,0.0
30,5,1.994825604643794,9.104706394586604,1.0,0.0,0.0,1.0,1.0,0.0
31,5,4.031892387936692,1.865798168167572,0.0,0.0,0.0,0.0,1.0,1.0
32,5,3.061871293694905,3.920038430051741,1.0,1.0,0.0,1.0,0.0,1.0
33,5,9.03340931236888,11.018037749985952,0.0,0.0,0.0,0.0,1.0,1.0
34,5,1.0692932330712557,0.904283328282006,1.0,0.0,1.0,1.0,0.0,1.0
35,5,5.066271738107579,6.006505604613501,0.0,1.0,0.0,1.0,0.0,1.0
36,5,12.0,9.900435703489023,1.0,0.0,0.0,1.0,0.0,0.0
37,5,6.968468223187219,2.9087741183413325,1.0,0.0,0.0,0.0,1.0,0.0
38,5,3.103152471569909,7.922790308542606,0.0,0.0,1.0,0.0,0.0,1.0
39,5,8.004649719784396,7.112503985039719,0.0,1.0,1.0,0.0,0.0,1.0
0,10,1.8833282882362752,10.019980982536197,0.0,1.0,0.0,0.0,0.0,1.0
1,10,0.0,0.0,0.0,1.0,0.0,0.0,1.0,1.0
2,10,0.1414052683750005,9.958975401735763,1.0,1.0,1.0,0.0,0.0,0.0
3,10,6.929262437992777,2.8747321694659096,0.0,0.0,0.0,0.0,1.0,0.0
4,10,4.011496565665145,8.848889992661174,0.0,1.0,0.0,0.0,0.0,0.0
5,10,6.034183840665145,8.059322315024735,1.0,0.0,1.0,1.0,1.0,1.0
6,10,8.146088727073046,4.085723987941002,1.0,1.0,0.0,0.0,0.0,0.0
7,10,5.134753040585319,10.896051378472228,0.0,0.0,1.0,0.0,0.0,0.0
8,10,8.133526848140612,12.0,0.0,0.0,0.0,0.0,0.0,1.0
9,10,4.038741134041993,2.813732871904921,1.0,0.0,0.0,0.0,1.0,0.0
10,10,4.8784522845785,4.193215456165025,0.0,1.0,1.0,0.0,1.0,0.0
11,10,7.998434581104646,11.791757674412027,1.0,1.0,1.0,1.0,1.0,0.0
12,10,0.0,5.784979872850781,1.0,0.0,0.0,0.0,0.0,1.0
13,10,4.886533845032728,1.8234087810018789,0.0,0.0,1.0,1.0,0.0,0.0
14,10,8.898940406843732,0.9510161081795172,1.0,0.0,1.0,0.0,0.0,1.0
15,10,10.998211358183385,6.15618184224336,1.0,0.0,0.0,0.0,0.0,0.0
16,10,6.078814713953601,9.16354964234814,0.0,1.0,1.0,0.0,1.0,0.0
17,10,11.163596622950951,1.9426356673882872,0.0,1.0,0.0,0.0,0.0,1.0
18,10,12.0,4.075336525499465,0.0,0.0,0.0,1.0,0.0,0.0
19,10,9.036255010327586,0.8944632304177081,0.0,0.0,1.0,1.0,0.0,0.0
20,10,10.102534153003615,1.973274071609504,1.0,1.0,0.0,0.0,0.0,0.0
21,10,0.8724520816631876,4.107600381390983,0.0,1.0,1.0,1.0,1.0,0.0
22,10,2.9166176836976465,4.127120947994329,1.0,1.0,0.0,0.0,1.0,0.0
23,10,4.872767344693111,7.028057210571472,0.0,0.0,0.0,0.0,0.0,0.0
24,10,8.983994308546453,12.0,0.0,1.0,0.0,1.0,0.0,0.0
25,10,0.0,5.089112391610021,1.0,1.0,1.0,1.0,0.0,0.0
26,10,4.935183291312733,9.836764937023489,0.0,0.0,0.0,0.0,1.0,1.0
27,10,4.182475435784766,1.0652297338231356,0.0,0.0,0.0,1.0,1.0,1.0
28,10,7.000397798729579,9.07926024083621,1.0,0.0,1.0,1.0,0.0,0.0
29,10,5.929480889666956,0.8545483718596871,0.0,0.0,1.0,0.0,1.0,0.0
30,10,1.9921082349308503,9.154885308442614,1.0,0.0,0.0,1.0,1.0,0.0
31,10,4.046810924604946,1.8053382761390528,0.0,0.0,0.0,0.0,1.0,1.0
32,10,3.107577116858561,3.859547781322346,1.0,1.0,0.0,1.0,0.0,1.0
33,10,9.0704940275409,11.037634397947908,0.0,0.0,0.0,0.0,1.0,1.0
34,10,1.0954026230570515,0.867482423974165,1.0,0.0,1.0,1.0,0.0,1.0
35,10,5.10427841241633,6.011215044883226,0.0,1.0,0.0,1.0,0.0,1.0
36,10,12.0,9.81381527577229,1.0,0.0,0.0,1.0,0.0,0.0
37,10,6.956252325136464,2.8728075423018686,1.0,0.0,0.0,0.0,1.0,0.0
38,10,3.15067080131212,7.883768278543946,0.0,0.0,1.0,0.0,0.0,1.0
39,10,8.005982796160566,7.157862973068466,0.0,1.0,1.0,0.0,0.0,1.0
0,15,1.839259235086882,10.026532248894648,0.0,1.0,0.0,0.0,0.0,1.0
1,15,0.0,0.0,0.0,1.0,0.0,0.0,1.0,1.0
2,15,0.1939720229454675,9.942530079485428,1.0,1.0,1.0,0.0,0.0,0.0
3,15,6.904982109378622,2.830647466779033,0.0,0.0,0.0,0.0,1.0,0.0
4,15,3.975731114717619,8.777431111197352,0.0,1.0,0.0,0.0,0.0,0.0
5,15,6.045306693672344,8.079179794400032,1.0,0.0,1.0,1.0,1.0,1.0
6,15,8.21367635449061,4.128752441012904,1.0,1.0,0.0,0.0,0.0,0.0
7,15,5.180155200819464,10.86014734691026,0.0,0.0,1.0,0.0,0.0,0.0
8,15,8.181292721989049,12.0,0.0,0.0,0.0,0.0,0.0,1.0
9,15,4.055350159870818,2.730913293168016,1.0,0.0,0.0,0.0,1.0,0.0
10,15,4.843824199569233,4.251674408316331,0.0,1.0,1.0,0.0,1.0,0.0
11,15,7.997298268195003,11.725322452917323,1.0,1.0,1.0,1.0,1.0,0.0
12,15,0.0,5.710789766299351,1.0,0.0,0.0,0.0,0.0,1.0
13,15,4.855603176105282,1.7745852884999165,0.0,0.0,1.0,1.0,0.0,0.0
14,15,8.885210111714711,0.944629080593498,1.0,0.0,1.0,0.0,0.0,1.0
15,15,10.996891046040684,6.206037474448773,1.0,0.0,0.0,0.0,0.0,0.0
16,15,6.099207240621909,9.206157573115297,0.0,1.0,1.0,0.0,1.0,0.0
17,15,11.21314525053266,1.9239449078212325,0.0,1.0,0.0,0.0,0.0,1.0
18,15,12.0,4.11016777521382,0.0,0.0,0.0,1.0,0.0,0.0
19,15,9.049068437794345,0.8567031826199408,0.0,0.0,1.0,1.0,0.0,0.0
20,15,10.115983376229112,1.9697564362296327,1.0,1.0,0.0,0.0,0.0,0.0
21,15,0.8205482155270983,4.1509670930629685,0.0,1.0,1.0,1.0,1.0,0.0
22,15,2.899269714417202,4.152115791028407,1.0,1.0,0.0,0.0,1.0,0.0
23,15,4.847364668162486,7.033721289996123,0.0,0.0,0.0,0.0,0.0,0.0
24,15,8.979369083010182,12.0,0.0,1.0,0.0,1.0,0.0,0.0
25,15,0.0,5.098320152650786,1.0,1.0,1.0,1.0,0.0,0.0
26,15,4.91237697251223,9.778391771110282,0.0,0.0,0.0,0.0,1.0,1.0
27,15,4.249989790486216,1.087915461790806,0.0,0.0,0.0,1.0,1.0,1.0
28,15,7.000185610517336,9.134034722050313,1.0,0.0,1.0,1.0,0.0,0.0
29,15,5.908988141501427,0.8127889481223929,0.0,0.0,1.0,0.0,1.0,0.0
30,15,1.9904456312056165,9.194110391441098,1.0,0.0,0.0,1.0,1.0,0.0
31,15,4.062676214407544,1.7424984027331092,0.0,0.0,0.0,0.0,1.0,1.0
32,15,3.1460879587565027,3.808190293891407,1.0,1.0,0.0,1.0,0.0,1.0
33,15,9.11447548574472,11.061162263129829,0.0,0.0,0.0,0.0,1.0,1.0
34,15,1.106236299335439,0.8529459979111766,1.0,0.0,1.0,1.0,0.0,1.0
35,15,5.15271432880087,6.016823041439869,0.0,1.0,0.0,1.0,0.0,1.0
36,15,12.0,9.73255506357811,1.0,0.0,0.0,1.0,0.0,0.0
37,15,6.935744777247042,2.811645134915532,1.0,0.0,0.0,0.0,1.0,0.0
38,15,3.1892061595296664,7.853552445433576,0.0,0.0,1.0,0.0,0.0,1.0
39,15,8.006806014765193,7.195342557086906,0.0,1.0,1.0,0.0,0.0,1.0
0,20,1.775954582604984,10.034767911380309,0.0,1.0,0.0,0.0,0.0,1.0
1,20,0.0,0.0,0.0,1.0,0.0,0.0,1.0,1.0
2,20,0.2468354818992399,9.927376590559035,1.0,1.0,1.0,0.0,0.0,0.0
3,20,6.875465298232723,2.775722182304765,0.0,0.0,0.0,0.0,1.0,0.0
4,20,3.942283135069225,8.711514742223681,0.0,1.0,0.0,0.0,0.0,0.0
5,20,6.052029053708286,8.090667155403994,1.0,0.0,1.0,1.0,1.0,1.0
6,20,8.286501533822962,4.177328746037257,1.0,1.0,0.0,0.0,0.0,0.0
7,20,5.225746741621776,10.823858228467031,0.0,0.0,1.0,0.0,0.0,0.0
8,20,8.206751055193681,12.0,0.0,0.0,0.0,0.0,0.0,1.0
9,20,4.067264095924129,2.6570700273754166,1.0,0.0,0.0,0.0,1.0,0.0
10,20,4.80364941885945,4.325711012227756,0.0,1.0,1.0,0.0,1.0,0.0
11,20,7.996236728513681,11.65328761957458,1.0,1.0,1.0,1.0,1.0,0.0
12,20,0.0,5.608845941164798,1.0,0.0,0.0,0.0,0.0,1.0
13,20,4.820912369260219,1.7199733459856414,0.0,0.0,1.0,1.0,0.0,0.0
14,20,8.886526003808216,0.9452879477162968,1.0,0.0,1.0,0.0,0.0,1.0
15,20,10.99490518094031,6.249201199741076,1.0,0.0,0.0,0.0,0.0,0.0
16,20,6.125639851133894,9.263366817267949,0.0,1.0,1.0,0.0,1.0,0.0
17,20,11.26912301736044,1.901939603879792,0.0,1.0,0.0,0.0,0.0,1.0
18,20,11.95417243028541,4.154403062194033,0.0,0.0,0.0,1.0,0.0,0.0
19,20,9.064402623090588,0.8104606918804502,0.0,0.0,1.0,1.0,0.0,0.0
20,20,10.130260499059816,1.9658833102217803,1.0,1.0,0.0,0.0,0.0,0.0
21,20,0.7571044984604075,4.202103205005707,0.0,1.0,1.0,1.0,1.0,0.0
22,20,2.8728404942307364,4.192503992596536,1.0,1.0,0.0,0.0,1.0,0.0
23,20,4.840321590811647,7.035133373054157,0.0,0.0,0.0,0.0,0.0,0.0
24,20,8.974176994394316,12.0,0.0,1.0,0.0,1.0,0.0,0.0
25,20,0.0,5.110018589314185,1.0,1.0,1.0,1.0,0.0,0.0
26,20,4.885282932349059,9.708247075331276,0.0,0.0,0.0,0.0,1.0,1.0
27,20,4.307265491889788,1.108240296068588,0.0,0.0,0.0,1.0,1.0,1.0
28,20,6.99968610549063,9.20230175675496,1.0,0.0,1.0,1.0,0.0,0.0
29,20,5.8934507943315815,0.7794025912063717,0.0,0.0,1.0,0.0,1.0,0.0
30,20,1.9888721517176915,9.22750977909285,1.0,0.0,0.0,1.0,1.0,0.0
31,20,4.082736945145304,1.6641163804909085,0.0,0.0,0.0,0.0,1.0,1.0
32,20,3.1790558923299304,3.760305878276761,1.0,1.0,0.0,1.0,0.0,1.0
33,20,9.147867205109558,11.078436792439083,0.0,0.0,0.0,0.0,1.0,1.0
34,20,1.1289510995495124,0.8229722960451865,1.0,0.0,1.0,1.0,0.0,1.0
35,20,5.190231417046159,6.021765584299566,0.0,1.0,0.0,1.0,0.0,1.0
36,20,12.0,9.658223710522767,1.0,0.0,0.0,1.0,0.0,0.0
37,20,6.860271660580798,2.836786662656158,1.0,0.0,0.0,0.0,1.0,0.0
38,20,3.241483869283728,7.810664190293501,0.0,0.0,1.0,0.0,0.0,1.0
39,20,8.008464914266188,7.237356324421702,0.0,1.0,1.0,0.0,0.0,1.0
0,25,1.6989695457748335,10.046816692268663,0.0,1.0,0.0,0.0,0.0,1.0
1,25,0.0,0.0,0.0,1.0,0.0,0.0,1.0,1.0
2,25,0.3011203170059628,9.91167161322988,1.0,1.0,1.0,0.0,0.0,0.0
3,25,6.852483031188473,2.732417459312031,0.0,0.0,0.0,0.0,1.0,0.0
4,25,3.902710782627164,8.6303220647228,0.0,1.0,0.0,0.0,0.0,0.0
5,25,6.057467298627097,8.099718049738835,1.0,0.0,1.0,1.0,1.0,1.0
6,25,8.348633420906495,4.218972490428597,1.0,1.0,0.0,0.0,0.0,0.0
7,25,5.2655363645010524,10.790666720210336,0.0,0.0,1.0,0.0,0.0,0.0
8,25,8.226297939313332,12.0,0.0,0.0,0.0,0.0,0.0,1.0
9,25,4.079258989705901,2.576297805718958,1.0,0.0,0.0,0.0,1.0,0.0
10,25,4.761755508541108,4.398286609629127,0.0,1.0,1.0,0.0,1.0,0.0
11,25,7.9975345997405345,11.587839770476508,1.0,1.0,1.0,1.0,1.0,0.0
12,25,0.0,5.498210980795714,1.0,0.0,0.0,0.0,0.0,1.0
13,25,4.800510559739152,1.688166127221476,0.0,0.0,1.0,1.0,0.0,0.0
14,25,8.899099470271093,0.9513064884331666,1.0,0.0,1.0,0.0,0.0,1.0
15,25,11.02378593432408,6.250394212574366,1.0,0.0,0.0,0.0,0.0,0.0
16,25,6.158848095900587,9.334591636237077,0.0,1.0,1.0,0.0,1.0,0.0
17,25,11.322886386607513,1.8823891125001917,0.0,1.0,0.0,0.0,0.0,1.0
18,25,11.911692922050142,4.1957079987108425,0.0,0.0,0.0,1.0,0.0,0.0
19,25,9.080286736358469,0.7666103253608518,0.0,0.0,1.0,1.0,0.0,0.0
20,25,10.137607101546958,1.9639534979445512,1.0,1.0,0.0,0.0,0.0,0.0
21,25,0.690613329425461,4.2534621677110565,0.0,1.0,1.0,1.0,1.0,0.0
22,25,2.8540909824182603,4.22160278497027,1.0,1.0,0.0,0.0,1.0,0.0
23,25,4.832419479111294,7.036874827598227,0.0,0.0,0.0,0.0,0.0,0.0
24,25,8.969170475960853,12.0,0.0,1.0,0.0,1.0,0.0,0.0
25,25,0.0079115709966921,5.094325318815272,1.0,1.0,1.0,1.0,0.0,0.0
26,25,4.849835936065102,9.619323057321038,0.0,0.0,0.0,0.0,1.0,1.0
27,25,4.354722747836571,1.126740398331755,0.0,0.0,0.0,1.0,1.0,1.0
28,25,6.998755011183618,9.277350778397643,1.0,0.0,1.0,1.0,0.0,0.0
29,25,5.872178003536422,0.7258489473249614,0.0,0.0,1.0,0.0,1.0,0.0
30,25,1.9882904532379044,9.238155959866925,1.0,0.0,0.0,1.0,1.0,0.0
31,25,4.097963561849048,1.6001369778416856,0.0,0.0,0.0,0.0,1.0,1.0
32,25,3.2132840507577747,3.710937300808228,1.0,1.0,0.0,1.0,0.0,1.0
33,25,9.168034747118272,11.089091241439943,0.0,0.0,0.0,0.0,1.0,1.0
34,25,1.1661237112714042,0.7755417967144556,1.0,0.0,1.0,1.0,0.0,1.0
35,25,5.2198309836654335,6.025411022047922,0.0,1.0,0.0,1.0,0.0,1.0
36,25,12.0,9.61196282424944,1.0,0.0,0.0,1.0,0.0,0.0
37,25,6.7733530629204965,2.862535504943622,1.0,0.0,0.0,0.0,1.0,0.0
38,25,3.285965157272019,7.774718060584822,0.0,0.0,1.0,0.0,0.0,1.0
39,25,8.01023636125146,7.278989002740423,0.0,1.0,1.0,0.0,0.0,1.0
0,30,1.622302217584158,10.058309869171286,0.0,1.0,0.0,0.0,0.0,1.0
1,30,0.0,0.0,0.0,1.0,0.0,0.0,1.0,1.0
2,30,0.3526475415136799,9.898176436523798,1.0,1.0,1.0,0.0,0.0,0.0
3,30,6.83014084027368,2.689644213921272,0.0,0.0,0.0,0.0,1.0,0.0
4,30,3.860320387823196,8.541321509668732,0.0,1.0,0.0,0.0,0.0,0.0
5,30,6.062250764321623,8.107820126337437,1.0,0.0,1.0,1.0,1.0,1.0
6,30,8.391242653443616,4.246237249120735,1.0,1.0,0.0,0.0,0.0,0.0
7,30,5.294838848348308,10.765367577455695,0.0,0.0,1.0,0.0,0.0,0.0
8,30,8.240029065912328,12.0,0.0,0.0,0.0,0.0,0.0,1.0
9,30,4.094206022365667,2.48196096629402,1.0,0.0,0.0,0.0,1.0,0.0
10,30,4.723956571336797,4.46651137095232,0.0,1.0,1.0,0.0,1.0,0.0
11,30,7.996477693033196,11.530753251292255,1.0,1.0,1.0,1.0,1.0,0.0
12,30,0.0,5.400944100554351,1.0,0.0,0.0,0.0,0.0,1.0
13,30,4.76048015657546,1.6283873870885288,0.0,0.0,1.0,1.0,0.0,0.0
14,30,8.899766925122284,0.9516085552122407,1.0,0.0,1.0,0.0,0.0,1.0
15,30,11.045356738048158,6.251266410785209,1.0,0.0,0.0,0.0,0.0,0.0
16,30,6.185858148871684,9.390806851677794,0.0,1.0,1.0,0.0,1.0,0.0
17,30,11.385005282848145,1.860211626536289,0.0,1.0,0.0,0.0,0.0,1.0
18,30,11.8735426503465,4.235235730858685,0.0,0.0,0.0,1.0,0.0,0.0
19,30,9.092445920164772,0.7338917242719669,0.0,0.0,1.0,1.0,0.0,0.0
20,30,10.140900575713571,1.963031553838904,1.0,1.0,0.0,0.0,0.0,0.0
21,30,0.6176936897189627,4.309969313960288,0.0,1.0,1.0,1.0,1.0,0.0
22,30,2.834622102127734,4.251257626811114,1.0,1.0,0.0,0.0,1.0,0.0
23,30,4.805645473379565,7.041318412189811,0.0,0.0,0.0,0.0,0.0,0.0
24,30,8.964890596065993,12.0,0.0,1.0,0.0,1.0,0.0,0.0
25,30,0.0116784523035318,5.086845954913941,1.0,1.0,1.0,1.0,0.0,0.0
26,30,4.810285746484427,9.530626118413402,0.0,0.0,0.0,0.0,1.0,1.0
27,30,4.409056500441133,1.1474536678443703,0.0,0.0,0.0,1.0,1.0,1.0
28,30,6.995922902205876,9.368867109050594,1.0,0.0,1.0,1.0,0.0,0.0
29,30,5.857356421809992,0.689059394679813,0.0,0.0,1.0,0.0,1.0,0.0
30,30,1.988981641725812,9.227642664685147,1.0,0.0,0.0,1.0,1.0,0.0
31,30,4.111233996698794,1.544026806712117,0.0,0.0,0.0,0.0,1.0,1.0
32,30,3.251890642539722,3.6546544805319465,1.0,1.0,0.0,1.0,0.0,1.0
33,30,9.191621653708204,11.102405635100787,0.0,0.0,0.0,0.0,1.0,1.0
34,30,1.1844159675739545,0.751920509444395,1.0,0.0,1.0,1.0,0.0,1.0
35,30,5.24884104739077,6.028605864325076,0.0,1.0,0.0,1.0,0.0,1.0
36,30,12.0,9.564371978773783,1.0,0.0,0.0,1.0,0.0,0.0
37,30,6.6689271833121335,2.89501240611137,1.0,0.0,0.0,0.0,1.0,0.0
38,30,3.3487247269803477,7.726969456923332,0.0,0.0,1.0,0.0,0.0,1.0
39,30,8.011093476749052,7.297887674317529,0.0,1.0,1.0,0.0,0.0,1.0
0,35,1.5249385209570678,10.069376751269385,0.0,1.0,0.0,0.0,0.0,1.0
1,35,0.0,0.0,0.0,1.0,0.0,0.0,1.0,1.0
2,35,0.4313445206247374,9.87753776903177,1.0,1.0,1.0,0.0,0.0,0.0
3,35,6.814933249238689,2.6608304103610925,0.0,0.0,0.0,0.0,1.0,0.0
4,35,3.823404403997128,8.461130035171239,0.0,1.0,0.0,0.0,0.0,0.0
5,35,6.072588801254644,8.126507443834877,1.0,0.0,1.0,1.0,1.0,1.0
6,35,8.452460300572465,4.28532857342377,1.0,1.0,0.0,0.0,0.0,0.0
7,35,5.332737150715872,10.733369957416286,0.0,0.0,1.0,0.0,0.0,0.0
8,35,8.250639483878542,12.0,0.0,0.0,0.0,0.0,0.0,1.0
9,35,4.106269205305791,2.3706739106853,1.0,0.0,0.0,0.0,1.0,0.0
10,35,4.676728731725329,4.552103803542009,0.0,1.0,1.0,0.0,1.0,0.0
11,35,7.998491630227938,11.446574250109435,1.0,1.0,1.0,1.0,1.0,0.0
12,35,0.0,5.299593644722295,1.0,0.0,0.0,0.0,0.0,1.0
13,35,4.725089089004882,1.575768015762011,0.0,0.0,1.0,1.0,0.0,0.0
14,35,8.869320295130834,0.937954066934304,1.0,0.0,1.0,0.0,0.0,1.0
15,35,11.053337337991383,6.251523392296651,1.0,0.0,0.0,0.0,0.0,0.0
16,35,6.218649878239773,9.459113558185956,0.0,1.0,1.0,0.0,1.0,0.0
17,35,11.43291014200408,1.8441929988994945,0.0,1.0,0.0,0.0,0.0,1.0
18,35,11.838490229122984,4.273917590914221,0.0,0.0,0.0,1.0,0.0,0.0
19,35,9.09585093550993,0.72488311082114,0.0,0.0,1.0,1.0,0.0,0.0
20,35,10.130727794881706,1.9659551830406197,1.0,1.0,0.0,0.0,0.0,0.0
21,35,0.5452257334305616,4.36374699284309,0.0,1.0,1.0,1.0,1.0,0.0
22,35,2.8165140523515624,4.279884372546319,1.0,1.0,0.0,0.0,1.0,0.0
23,35,4.799309895253515,7.04227626001891,0.0,0.0,0.0,0.0,0.0,0.0
24,35,8.961450051808477,12.0,0.0,1.0,0.0,1.0,0.0,0.0
25,35,0.0129479505501282,5.08439763937479,1.0,1.0,1.0,1.0,0.0,0.0
26,35,4.781961793363914,9.465618063300273,0.0,0.0,0.0,0.0,1.0,1.0
27,35,4.461460131428851,1.1682562586345944,0.0,0.0,0.0,1.0,1.0,1.0
28,35,6.98938024004678,9.476155638070658,1.0,0.0,1.0,1.0,0.0,0.0
29,35,5.843518892937448,0.6541553878064109,0.0,0.0,1.0,0.0,1.0,0.0
30,35,1.9910931403135987,9.198564259377946,1.0,0.0,0.0,1.0,1.0,0.0
31,35,4.122687161097997,1.4968576534035616,0.0,0.0,0.0,0.0,1.0,1.0
32,35,3.303818501363968,3.5783471335882893,1.0,1.0,0.0,1.0,0.0,1.0
33,35,9.205185962260668,11.11023115061966,0.0,0.0,0.0,0.0,1.0,1.0
34,35,1.224208287582064,0.7009733938412154,1.0,0.0,1.0,1.0,0.0,1.0
35,35,5.277016385613591,6.0322114199538674,0.0,1.0,0.0,1.0,0.0,1.0
36,35,12.0,9.516536044073588,1.0,0.0,0.0,1.0,0.0,0.0
37,35,6.544611615489223,2.931399468888772,1.0,0.0,0.0,0.0,1.0,0.0
38,35,3.389600076791727,7.6964480421438894,0.0,0.0,1.0,0.0,0.0,1.0
39,35,8.011705270110454,7.319879709020551,0.0,1.0,1.0,0.0,0.0,1.0
0,40,1.4384852640370125,10.077319830854714,0.0,1.0,0.0,0.0,0.0,1.0
1,40,0.0,0.0,0.0,1.0,0.0,0.0,1.0,1.0
2,40,0.5300355282596934,9.85002865781234,1.0,1.0,1.0,0.0,0.0,0.0
3,40,6.790648587439135,2.6145330342154733,0.0,0.0,0.0,0.0,1.0,0.0
4,40,3.797925556833116,8.402575719207473,0.0,1.0,0.0,0.0,0.0,0.0
5,40,6.063841045008021,8.131361408272618,1.0,0.0,1.0,1.0,1.0,1.0
6,40,8.538562613034658,4.337001681493326,1.0,1.0,0.0,0.0,0.0,0.0
7,40,5.362318697749886,10.707335756199766,0.0,0.0,1.0,0.0,0.0,0.0
8,40,8.260723550851129,12.0,0.0,0.0,0.0,0.0,0.0,1.0
9,40,4.122671233553002,2.2499210077027287,1.0,0.0,0.0,0.0,1.0,0.0
10,40,4.630251519068701,4.637942712703535,0.0,1.0,1.0,0.0,1.0,0.0
11,40,8.00108561576578,11.342090544463266,1.0,1.0,1.0,1.0,1.0,0.0
12,40,0.0,5.216743923863352,1.0,0.0,0.0,0.0,0.0,1.0
13,40,4.702986723742179,1.540950102579679,0.0,0.0,1.0,1.0,0.0,0.0
14,40,8.841103296499199,0.9244283968990512,1.0,0.0,1.0,0.0,0.0,1.0
15,40,11.044948311591853,6.251315938735117,1.0,0.0,0.0,0.0,0.0,0.0
16,40,6.254841100069802,9.534246628436224,0.0,1.0,1.0,0.0,1.0,0.0
17,40,11.4662293841321,1.8328739767887463,0.0,1.0,0.0,0.0,0.0,1.0
18,40,11.787668704793036,4.333443625063014,0.0,0.0,0.0,1.0,0.0,0.0
19,40,9.101125008458428,0.7109438576783468,0.0,0.0,1.0,1.0,0.0,0.0
20,40,10.138867558674283,1.9635528878761104,1.0,1.0,0.0,0.0,0.0,0.0
21,40,0.481144683246311,4.410311131212806,0.0,1.0,1.0,1.0,1.0,0.0
22,40,2.787816582651236,4.324709909277858,1.0,1.0,0.0,0.0,1.0,0.0
23,40,4.810427378569184,7.040652537571276,0.0,0.0,0.0,0.0,0.0,0.0
24,40,8.960783407482543,12.0,0.0,1.0,0.0,1.0,0.0,0.0
25,40,0.0082440319452441,5.093730079856331,1.0,1.0,1.0,1.0,0.0,0.0
26,40,4.754698597222173,9.401383551126562,0.0,0.0,0.0,0.0,1.0,1.0
27,40,4.517801986688062,1.1904481813893233,0.0,0.0,0.0,1.0,1.0,1.0
28,40,6.977390350812045,9.596104069529764,1.0,0.0,1.0,1.0,0.0,0.0
29,40,5.817792198646561,0.5920041663791371,0.0,0.0,1.0,0.0,1.0,0.0
30,40,1.9944095681808296,9.157458292482971,1.0,0.0,0.0,1.0,1.0,0.0
31,40,4.1325106694997205,1.4472294114878963,0.0,0.0,0.0,0.0,1.0,1.0
32,40,3.3687413716147168,3.4843937781514027,1.0,1.0,0.0,1.0,0.0,1.0
33,40,9.204668722096072,11.10993479463325,0.0,0.0,0.0,0.0,1.0,1.0
34,40,1.2534939689399751,0.6611867028766665,1.0,0.0,1.0,1.0,0.0,1.0
35,40,5.284836766315925,6.032915811215275,0.0,1.0,0.0,1.0,0.0,1.0
36,40,12.0,9.472124033317726,1.0,0.0,0.0,1.0,0.0,0.0
37,40,6.403525352010167,2.967364599464738,1.0,0.0,0.0,0.0,1.0,0.0
38,40,3.434641385194509,7.663291895382453,0.0,0.0,1.0,0.0,0.0,1.0
39,40,8.012569025764137,7.342116903456022,0.0,1.0,1.0,0.0,0.0,1.0
0,45,1.3361757624953,10.087617565641416,0.0,1.0,0.0,0.0,0.0,1.0
1,45,0.0,0.0,0.0,1.0,0.0,0.0,1.0,1.0
2,45,0.6349592596786473,9.821456201304192,1.0,1.0,1.0,0.0,0.0,0.0
3,45,6.762702729307951,2.5614253117452352,0.0,0.0,0.0,0.0,1.0,0.0
4,45,3.776333435635806,8.347168408873753,0.0,1.0,0.0,0.0,0.0,0.0
5,45,6.048930358455489,8.13988224461566,1.0,0.0,1.0,1.0,1.0,1.0
6,45,8.615502742007333,4.38525501434333,1.0,1.0,0.0,0.0,0.0,0.0
7,45,5.418356764215138,10.65953798778384,0.0,0.0,1.0,0.0,0.0,0.0
8,45,8.26573777979931,12.0,0.0,0.0,0.0,0.0,0.0,1.0
9,45,4.143458845405486,2.113010615197479,1.0,0.0,0.0,0.0,1.0,0.0
10,45,4.576830502988523,4.743756659508619,0.0,1.0,1.0,0.0,1.0,0.0
11,45,8.00357360992253,11.235639825011338,1.0,1.0,1.0,1.0,1.0,0.0
12,45,0.0,5.141034301820755,1.0,0.0,0.0,0.0,0.0,1.0
13,45,4.674774597618264,1.4970161098603376,0.0,0.0,1.0,1.0,0.0,0.0
14,45,8.796771092341302,0.9024612765415028,1.0,0.0,1.0,0.0,0.0,1.0
15,45,11.033300459994129,6.250938145437294,1.0,0.0,0.0,0.0,0.0,0.0
16,45,6.286320380825599,9.603185835155,0.0,1.0,1.0,0.0,1.0,0.0
17,45,11.489124177660074,1.824953139023525,0.0,1.0,0.0,0.0,0.0,1.0
18,45,11.742320511056352,4.386099867486391,0.0,0.0,0.0,1.0,0.0,0.0
19,45,9.101374044860036,0.7102925853192807,0.0,0.0,1.0,1.0,0.0,0.0
20,45,10.173860886837003,1.9528412473618637,1.0,1.0,0.0,0.0,0.0,0.0
21,45,0.3969504754510401,4.471266775055504,0.0,1.0,1.0,1.0,1.0,0.0
22,45,2.7558225920912327,4.372517141684953,1.0,1.0,0.0,0.0,1.0,0.0
23,45,4.82457417200239,7.0389918039147785,0.0,0.0,0.0,0.0,0.0,0.0
24,45,8.960538798589337,12.0,0.0,1.0,0.0,1.0,0.0,0.0
25,45,0.0083796890690219,5.093451286253862,1.0,1.0,1.0,1.0,0.0,0.0
26,45,4.7293118554980325,9.3412083661652,0.0,0.0,0.0,0.0,1.0,1.0
27,45,4.566544942429895,1.2102529322496556,0.0,0.0,0.0,1.0,1.0,1.0
28,45,6.968937935323033,9.679614744532373,1.0,0.0,1.0,1.0,0.0,0.0
29,45,5.786759741840152,0.5144787548479725,0.0,0.0,1.0,0.0,1.0,0.0
30,45,1.9989487241686392,9.105394521793132,1.0,0.0,0.0,1.0,1.0,0.0
31,45,4.138309654010638,1.4145161345159838,0.0,0.0,0.0,0.0,1.0,1.0
32,45,3.4452261151351244,3.375143970023805,1.0,1.0,0.0,1.0,0.0,1.0
33,45,9.21613359072452,11.11638096128194,0.0,0.0,0.0,0.0,1.0,1.0
34,45,1.2715279038452412,0.6352002819522229,1.0,0.0,1.0,1.0,0.0,1.0
35,45,5.306949406654482,6.034695461334974,0.0,1.0,0.0,1.0,0.0,1.0
36,45,12.0,9.425143724325634,1.0,0.0,0.0,1.0,0.0,0.0
37,45,6.25544929003922,3.0047335494829435,1.0,0.0,0.0,0.0,1.0,0.0
38,45,3.48645862529213,7.624481656657607,0.0,0.0,1.0,0.0,0.0,1.0
39,45,8.015418666942022,7.391918086293971,0.0,1.0,1.0,0.0,0.0,1.0
0,50,1.2541546020396104,10.096174128029393,0.0,1.0,0.0,0.0,0.0,1.0
1,50,0.0,0.0,0.0,1.0,0.0,0.0,1.0,1.0
2,50,0.7253385915705611,9.797685196874854,1.0,1.0,1.0,0.0,0.0,0.0
3,50,6.733161866076167,2.5024017549059674,0.0,0.0,0.0,0.0,1.0,0.0
4,50,3.758421949990966,8.301003254589935,0.0,1.0,0.0,0.0,0.0,0.0
5,50,6.016642270215362,8.159087887065857,1.0,0.0,1.0,1.0,1.0,1.0
6,50,8.694775669573476,4.431130729778401,1.0,1.0,0.0,0.0,0.0,0.0
7,50,5.443162178422998,10.639165304290051,0.0,0.0,1.0,0.0,0.0,0.0
8,50,8.264146582047857,11.998736749726632,0.0,0.0,0.0,0.0,0.0,1.0
9,50,4.160583048044995,1.9987143421236349,1.0,0.0,0.0,0.0,1.0,0.0
10,50,4.518786525823261,4.854194087260218,0.0,1.0,1.0,0.0,1.0,0.0
11,50,8.007158229696808,11.126669535009682,1.0,1.0,1.0,1.0,1.0,0.0
12,50,0.0,5.08962119687713,1.0,0.0,0.0,0.0,0.0,1.0
13,50,4.650771771149655,1.4613964481348922,0.0,0.0,1.0,1.0,0.0,0.0
14,50,8.748848406742063,0.878181065616972,1.0,0.0,1.0,0.0,0.0,1.0
15,50,11.051996730468868,6.251642874771316,1.0,0.0,0.0,0.0,0.0,0.0
16,50,6.313468198184971,9.66394857714111,0.0,1.0,1.0,0.0,1.0,0.0
17,50,11.524651115678372,1.8116848708349576,0.0,1.0,0.0,0.0,0.0,1.0
18,50,11.692940698747362,4.441231686249083,0.0,0.0,0.0,1.0,0.0,0.0
19,50,9.107329865367026,0.6945215593760061,0.0,0.0,1.0,1.0,0.0,0.0
20,50,10.210527644585673,1.9414137137904377,1.0,1.0,0.0,0.0,0.0,0.0
21,50,0.3364260563293746,4.514465494878262,0.0,1.0,1.0,1.0,1.0,0.0
22,50,2.724312473615,4.4191990087898665,1.0,1.0,0.0,0.0,1.0,0.0
23,50,4.854122442032163,7.035039648391159,0.0,0.0,0.0,0.0,0.0,0.0
24,50,8.959046161747008,12.0,0.0,1.0,0.0,1.0,0.0,0.0
25,50,0.0053018679827242,5.099941729431008,1.0,1.0,1.0,1.0,0.0,0.0
26,50,4.700377113656988,9.26856584928203,0.0,0.0,0.0,0.0,1.0,1.0
27,50,4.607401603928129,1.2278624894803238,0.0,0.0,0.0,1.0,1.0,1.0
28,50,6.961760302519566,9.770728109033124,1.0,0.0,1.0,1.0,0.0,0.0
29,50,5.764024219571712,0.4594367137913742,0.0,0.0,1.0,0.0,1.0,0.0
30,50,2.003459184284565,9.028691357949018,1.0,0.0,0.0,1.0,1.0,0.0
31,50,4.142910375331926,1.393594863397392,0.0,0.0,0.0,0.0,1.0,1.0
32,50,3.517195880702327,3.274157429709443,1.0,1.0,0.0,1.0,0.0,1.0
33,50,9.23209552950409,11.125341127863804,0.0,0.0,0.0,0.0,1.0,1.0
34,50,1.2929804780227088,0.6048956614411584,1.0,0.0,1.0,1.0,0.0,1.0
35,50,5.324769834553999,6.036038907604968,0.0,1.0,0.0,1.0,0.0,1.0
36,50,12.0,9.355518403866428,1.0,0.0,0.0,1.0,0.0,0.0
37,50,6.086408805396156,3.043521613823534,1.0,0.0,0.0,0.0,1.0,0.0
38,50,3.5416880619974944,7.5843050388354545,0.0,0.0,1.0,0.0,0.0,1.0
39,50,8.017108608443152,7.436386163368931,0.0,1.0,1.0,0.0,0.0,1.0
0,55,1.1671460091045402,10.106107361998342,0.0,1.0,0.0,0.0,0.0,1.0
1,55,0.0,0.0,0.0,1.0,0.0,0.0,1.0,1.0
2,55,0.8297654958032191,9.769562725380016,1.0,1.0,1.0,0.0,0.0,0.0
3,55,6.70291221414853,2.44086996919545,0.0,0.0,0.0,0.0,1.0,0.0
4,55,3.7465099602837806,8.270112937960418,0.0,1.0,0.0,0.0,0.0,0.0
5,55,5.955915814767491,8.195465647428492,1.0,0.0,1.0,1.0,1.0,1.0
6,55,8.769672251856255,4.475475881938155,1.0,1.0,0.0,0.0,0.0,0.0
7,55,5.484930818049316,10.604881320910968,0.0,0.0,1.0,0.0,0.0,0.0
8,55,8.263982927107662,11.998604850860373,0.0,0.0,0.0,0.0,0.0,1.0
9,55,4.174516040103438,1.901995512179092,1.0,0.0,0.0,0.0,1.0,0.0
10,55,4.46355429696647,4.957566135164418,0.0,1.0,1.0,0.0,1.0,0.0
11,55,8.010064983042836,11.042626777594345,1.0,1.0,1.0,1.0,1.0,0.0
12,55,0.0,5.02937690706055,1.0,0.0,0.0,0.0,0.0,1.0
13,55,4.626219621515854,1.4248926475357366,0.0,0.0,1.0,1.0,0.0,0.0
14,55,8.707799126083037,0.8581436028085666,1.0,0.0,1.0,0.0,0.0,1.0
15,55,11.066749844941231,6.252313401940175,1.0,0.0,0.0,0.0,0.0,0.0
16,55,6.346217690780146,9.740766794944818,0.0,1.0,1.0,0.0,1.0,0.0
17,55,11.578007022999657,1.7912639632777263,0.0,1.0,0.0,0.0,0.0,1.0
18,55,11.64648014860352,4.492332871900787,0.0,0.0,0.0,1.0,0.0,0.0
19,55,9.11113931870311,0.6858385565878815,0.0,0.0,1.0,1.0,0.0,0.0
20,55,10.25841756202366,1.9268318686998085,1.0,1.0,0.0,0.0,0.0,0.0
21,55,0.2761718506073986,4.5578778654255165,0.0,1.0,1.0,1.0,1.0,0.0
22,55,2.7027008147148885,4.450390101864483,1.0,1.0,0.0,0.0,1.0,0.0
23,55,4.873367759962656,7.032975272807636,0.0,0.0,0.0,0.0,0.0,0.0
24,55,8.958745997853795,12.0,0.0,1.0,0.0,1.0,0.0,0.0
25,55,0.0021538415356041,5.106316629845034,1.0,1.0,1.0,1.0,0.0,0.0
26,55,4.674155045694572,9.200897620932595,0.0,0.0,0.0,0.0,1.0,1.0
27,55,4.637220661039171,1.2407579966439877,0.0,0.0,0.0,1.0,1.0,1.0
28,55,6.955502456827612,9.846475712749832,1.0,0.0,1.0,1.0,0.0,0.0
29,55,5.749545332970717,0.4233805907109182,0.0,0.0,1.0,0.0,1.0,0.0
30,55,2.005677337916845,8.959009906991414,1.0,0.0,0.0,1.0,1.0,0.0
31,55,4.145304687359224,1.382658064093326,0.0,0.0,0.0,0.0,1.0,1.0
32,55,3.5900815203730296,3.1742631222951827,1.0,1.0,0.0,1.0,0.0,1.0
33,55,9.269153092816117,11.146369076384998,0.0,0.0,0.0,0.0,1.0,1.0
34,55,1.3206602194129045,0.5679580007928322,1.0,0.0,1.0,1.0,0.0,1.0
35,55,5.365735630187782,6.039095730523115,0.0,1.0,0.0,1.0,0.0,1.0
36,55,12.0,9.299447800845538,1.0,0.0,0.0,1.0,0.0,0.0
37,55,5.926471702010176,3.0794820366044044,1.0,0.0,0.0,0.0,1.0,0.0
38,55,3.5898426624907604,7.550687436758733,0.0,0.0,1.0,0.0,0.0,1.0
39,55,8.02240061728452,7.510639279642866,0.0,1.0,1.0,0.0,0.0,1.0
0,60,1.0537204193233052,10.11791175175828,0.0,1.0,0.0,0.0,0.0,1.0
1,60,0.0,0.0,0.0,1.0,0.0,0.0,1.0,1.0
2,60,0.9319644178607996,9.741573946355905,1.0,1.0,1.0,0.0,0.0,0.0
3,60,6.677860100774968,2.390999387938774,0.0,0.0,0.0,0.0,1.0,0.0
4,60,3.7441004728565095,8.263933614664438,0.0,1.0,0.0,0.0,0.0,0.0
5,60,5.8894802726067885,8.234214181040636,1.0,0.0,1.0,1.0,1.0,1.0
6,60,8.872088538709228,4.533719120262378,1.0,1.0,0.0,0.0,0.0,0.0
7,60,5.535674264392146,10.565922063997125,0.0,0.0,1.0,0.0,0.0,0.0
8,60,8.27583181684924,12.0,0.0,0.0,0.0,0.0,0.0,1.0
9,60,4.187366868113326,1.8093342487366493,1.0,0.0,0.0,0.0,1.0,0.0
10,60,4.4103073668790325,5.059759873412754,0.0,1.0,1.0,0.0,1.0,0.0
11,60,8.011808223541165,10.9510380402591,1.0,1.0,1.0,1.0,1.0,0.0
12,60,0.0,4.975565377216578,1.0,0.0,0.0,0.0,0.0,1.0
13,60,4.608454621063766,1.3965964186110305,0.0,0.0,1.0,1.0,0.0,0.0
14,60,8.659982178117657,0.8329229294472167,1.0,0.0,1.0,0.0,0.0,1.0
15,60,11.078751720215976,6.252849208437282,1.0,0.0,0.0,0.0,0.0,0.0
16,60,6.384588090156804,9.833641556661512,0.0,1.0,1.0,0.0,1.0,0.0
17,60,11.62225965864564,1.7736023333198443,0.0,1.0,0.0,0.0,0.0,1.0
18,60,11.605015611791314,4.5393608007340704,0.0,0.0,0.0,1.0,0.0,0.0
19,60,9.113130316832082,0.6813670278612296,0.0,0.0,1.0,1.0,0.0,0.0
20,60,10.307816698707333,1.9111855977441792,1.0,1.0,0.0,0.0,0.0,0.0
21,60,0.204363727755104,4.60842715021209,0.0,1.0,1.0,1.0,1.0,0.0
22,60,2.6770395526655437,4.488261288571994,1.0,1.0,0.0,0.0,1.0,0.0
23,60,4.904121479060465,7.030186227547558,0.0,0.0,0.0,0.0,0.0,0.0
24,60,8.95913010120863,12.0,0.0,1.0,0.0,1.0,0.0,0.0
25,60,0.0001144630867375,5.110483261585962,1.0,1.0,1.0,1.0,0.0,0.0
26,60,4.647801350471741,9.13503641956213,0.0,0.0,0.0,0.0,1.0,1.0
27,60,4.681672385680791,1.2606695052753016,0.0,0.0,0.0,1.0,1.0,1.0
28,60,6.949886967590721,9.909911875918487,1.0,0.0,1.0,1.0,0.0,0.0
29,60,5.7437332306915465,0.4094558993480804,0.0,0.0,1.0,0.0,1.0,0.0
30,60,2.0068545303547416,8.905153538474963,1.0,0.0,0.0,1.0,1.0,0.0
31,60,4.151169281318111,1.3560659414179637,0.0,0.0,0.0,0.0,1.0,1.0
32,60,3.6642274035607865,3.0725122955275803,1.0,1.0,0.0,1.0,0.0,1.0
33,60,9.312258702320806,11.171476300951063,0.0,0.0,0.0,0.0,1.0,1.0
34,60,1.359880506211439,0.516356436506715,1.0,0.0,1.0,1.0,0.0,1.0
35,60,5.39124305679065,6.041137241622539,0.0,1.0,0.0,1.0,0.0,1.0
36,60,12.0,9.244651278317043,1.0,0.0,0.0,1.0,0.0,0.0
37,60,5.7552078269519935,3.12058873008683,1.0,0.0,0.0,0.0,1.0,0.0
38,60,3.625295062012909,7.526351012419341,0.0,0.0,1.0,0.0,0.0,1.0
39,60,8.026944309451508,7.56957808072936,0.0,1.0,1.0,0.0,0.0,1.0
0,65,0.9051222486711156,10.13234766395466,0.0,1.0,0.0,0.0,0.0,1.0
1,65,0.0021025371519011,0.0011469583551644,0.0,1.0,0.0,0.0,1.0,1.0
2,65,1.0448385433337732,9.70641549108281,1.0,1.0,1.0,0.0,0.0,0.0
3,65,6.650845116723442,2.336385400269608,0.0,0.0,0.0,0.0,1.0,0.0
4,65,3.7370793326249294,8.246061548689791,0.0,1.0,0.0,0.0,0.0,0.0
5,65,5.8365562398878845,8.265088367259999,1.0,0.0,1.0,1.0,1.0,1.0
6,65,8.961570309295858,4.584992887813039,1.0,1.0,0.0,0.0,0.0,0.0
7,65,5.593438613966749,10.519324442987273,0.0,0.0,1.0,0.0,0.0,0.0
8,65,8.288805726377797,12.0,0.0,0.0,0.0,0.0,0.0,1.0
9,65,4.200971592006575,1.7193658338826134,1.0,0.0,0.0,0.0,1.0,0.0
10,65,4.358525932490433,5.164235006920166,0.0,1.0,1.0,0.0,1.0,0.0
11,65,8.011472809211783,10.85846262035149,1.0,1.0,1.0,1.0,1.0,0.0
12,65,0.0,4.917483837980225,1.0,0.0,0.0,0.0,0.0,1.0
13,65,4.601400808502247,1.3849838748078471,0.0,0.0,1.0,1.0,0.0,0.0
14,65,8.617516599759414,0.8094508768497554,1.0,0.0,1.0,0.0,0.0,1.0
15,65,11.089005673780305,6.253031759493218,1.0,0.0,0.0,0.0,0.0,0.0
16,65,6.425451349700786,9.930093376087704,0.0,1.0,1.0,0.0,1.0,0.0
17,65,11.66800667201974,1.7542514326528298,0.0,1.0,0.0,0.0,0.0,1.0
18,65,11.545754169754929,4.610859799387024,0.0,0.0,0.0,1.0,0.0,0.0
19,65,9.115354658620875,0.6764812833257784,0.0,0.0,1.0,1.0,0.0,0.0
20,65,10.349046261378056,1.8987918076467556,1.0,1.0,0.0,0.0,0.0,0.0
21,65,0.1335375840923789,4.657368848795823,0.0,1.0,1.0,1.0,1.0,0.0
22,65,2.6435061965248887,4.536322135506139,1.0,1.0,0.0,0.0,1.0,0.0
23,65,4.932741970443663,7.028334876140767,0.0,0.0,0.0,0.0,0.0,0.0
24,65,8.959722432835164,12.0,0.0,1.0,0.0,1.0,0.0,0.0
25,65,0.0013247859909737,5.107866993849664,1.0,1.0,1.0,1.0,0.0,0.0
26,65,4.634956187078802,9.101980687774285,0.0,0.0,0.0,0.0,1.0,1.0
27,65,4.719474926877619,1.2756312247554855,0.0,0.0,0.0,1.0,1.0,1.0
28,65,6.947089386078414,9.960114338485974,1.0,0.0,1.0,1.0,0.0,0.0
29,65,5.734315204235466,0.385700383022642,0.0,0.0,1.0,0.0,1.0,0.0
30,65,2.008178730295943,8.845042165063681,1.0,0.0,0.0,1.0,1.0,0.0
31,65,4.161068444309937,1.3138759074752149,0.0,0.0,0.0,0.0,1.0,1.0
32,65,3.728652012649447,2.9847496456776708,1.0,1.0,0.0,1.0,0.0,1.0
33,65,9.361628226539022,11.199956332478822,0.0,0.0,0.0,0.0,1.0,1.0
34,65,1.3874631436636924,0.478584478816388,1.0,0.0,1.0,1.0,0.0,1.0
35,65,5.438185859298187,6.045655585144076,0.0,1.0,0.0,1.0,0.0,1.0
36,65,12.0,9.197762908849066,1.0,0.0,0.0,1.0,0.0,0.0
37,65,5.592374048094856,3.157788012683425,1.0,0.0,0.0,0.0,1.0,0.0
38,65,3.6569575176915854,7.504119621322034,0.0,0.0,1.0,0.0,0.0,1.0
39,65,8.031619229796721,7.614303731318269,0.0,1.0,1.0,0.0,0.0,1.0
0,70,0.7527673229912573,10.148767470482673,0.0,1.0,0.0,0.0,0.0,1.0
1,70,0.0171380017200781,0.0097913909726785,0.0,1.0,0.0,0.0,1.0,1.0
2,70,1.151362127853793,9.674932397473595,1.0,1.0,1.0,0.0,0.0,0.0
3,70,6.609153583721081,2.24826097086609,0.0,0.0,0.0,0.0,1.0,0.0
4,70,3.7258371736769513,8.219110114182948,0.0,1.0,0.0,0.0,0.0,0.0
5,70,5.787029007624322,8.293999994858778,1.0,0.0,1.0,1.0,1.0,1.0
6,70,9.03558898265499,4.6268225696721,1.0,1.0,0.0,0.0,0.0,0.0
7,70,5.636283460152916,10.484277912423176,0.0,0.0,1.0,0.0,0.0,0.0
8,70,8.305902101257246,12.0,0.0,0.0,0.0,0.0,0.0,1.0
9,70,4.214958960906561,1.6347205542691283,1.0,0.0,0.0,0.0,1.0,0.0
10,70,4.30350766063038,5.2744856866836525,0.0,1.0,1.0,0.0,1.0,0.0
11,70,8.014861769132303,10.758607409883211,1.0,1.0,1.0,1.0,1.0,0.0
12,70,0.0,4.879139763481485,1.0,0.0,0.0,0.0,0.0,1.0
13,70,4.585929919496311,1.3604718022416558,0.0,0.0,1.0,1.0,0.0,0.0
14,70,8.585432047418593,0.7919184302814646,1.0,0.0,1.0,0.0,0.0,1.0
15,70,11.126316489375531,6.252665575817132,1.0,0.0,0.0,0.0,0.0,0.0
16,70,6.456705253341831,10.008261150050895,0.0,1.0,1.0,0.0,1.0,0.0
17,70,11.704416029094167,1.7388837450352437,0.0,1.0,0.0,0.0,0.0,1.0
18,70,11.484261933447817,4.681504896844756,0.0,0.0,0.0,1.0,0.0,0.0
19,70,9.107642199488993,0.692380064831888,0.0,0.0,1.0,1.0,0.0,0.0
20,70,10.378164883945391,1.8893563211417852,1.0,1.0,0.0,0.0,0.0,0.0
21,70,0.0677769197333855,4.705364736832312,0.0,1.0,1.0,1.0,1.0,0.0
22,70,2.606958555537734,4.587418172931364,1.0,1.0,0.0,0.0,1.0,0.0
23,70,4.968469461143548,7.026746072785684,0.0,0.0,0.0,0.0,0.0,0.0
24,70,8.959787245329727,12.0,0.0,1.0,0.0,1.0,0.0,0.0
25,70,0.0021969851905327,5.106044650669318,1.0,1.0,1.0,1.0,0.0,0.0
26,70,4.617777616919663,9.055871414259,0.0,0.0,0.0,0.0,1.0,1.0
27,70,4.765263172184314,1.293461315773079,0.0,0.0,0.0,1.0,1.0,1.0
28,70,6.946116219401602,9.970920990283147,1.0,0.0,1.0,1.0,0.0,0.0
29,70,5.72105580966875,0.3499833571694133,0.0,0.0,1.0,0.0,1.0,0.0
30,70,2.010443403585664,8.779622904362519,1.0,0.0,0.0,1.0,1.0,0.0
31,70,4.170599950309292,1.2786122505099335,0.0,0.0,0.0,0.0,1.0,1.0
32,70,3.7851599808671,2.907653662244843,1.0,1.0,0.0,1.0,0.0,1.0
33,70,9.42101795351624,11.233663309162932,0.0,0.0,0.0,0.0,1.0,1.0
34,70,1.424608575892791,0.4272390552528602,1.0,0.0,1.0,1.0,0.0,1.0
35,70,5.491435743720003,6.050753102139191,0.0,1.0,0.0,1.0,0.0,1.0
36,70,12.0,9.127068170548178,1.0,0.0,0.0,1.0,0.0,0.0
37,70,5.394453614793746,3.203619641653216,1.0,0.0,0.0,0.0,1.0,0.0
38,70,3.686063986272578,7.483571355050349,0.0,0.0,1.0,0.0,0.0,1.0
39,70,8.037727159197624,7.68446487742888,0.0,1.0,1.0,0.0,0.0,1.0
0,75,0.5861191678340649,10.171280948333727,0.0,1.0,0.0,0.0,0.0,1.0
1,75,0.020468343264808,0.0116752255507871,0.0,1.0,0.0,0.0,1.0,1.0
2,75,1.2768248774320203,9.638998126498604,1.0,1.0,1.0,0.0,0.0,0.0
3,75,6.559121375260399,2.1502373528681527,0.0,0.0,0.0,0.0,1.0,0.0
4,75,3.70802849385812,8.17581797379954,0.0,1.0,0.0,0.0,0.0,0.0
5,75,5.738042322556775,8.324773819037778,1.0,0.0,1.0,1.0,1.0,1.0
6,75,9.127367150914402,4.681126225472487,1.0,1.0,0.0,0.0,0.0,0.0
7,75,5.674531756648805,10.452879306549969,0.0,0.0,1.0,0.0,0.0,0.0
8,75,8.320154681735634,12.0,0.0,0.0,0.0,0.0,0.0,1.0
9,75,4.231584447706393,1.5420690135054516,1.0,0.0,0.0,0.0,1.0,0.0
10,75,4.253311356545362,5.374027403436835,0.0,1.0,1.0,0.0,1.0,0.0
11,75,8.019192210146915,10.651370485636026,1.0,1.0,1.0,1.0,1.0,0.0
12,75,0.0,4.840715903099263,1.0,0.0,0.0,0.0,0.0,1.0
13,75,4.606305375225455,1.3475206032632865,0.0,0.0,1.0,1.0,0.0,0.0
14,75,8.548393471955196,0.7699464250619905,1.0,0.0,1.0,0.0,0.0,1.0
15,75,11.162598448396713,6.252124425251533,1.0,0.0,0.0,0.0,0.0,0.0
16,75,6.481476234230188,10.074207058609764,0.0,1.0,1.0,0.0,1.0,0.0
17,75,11.746689583475938,1.7214414288628157,0.0,1.0,0.0,0.0,0.0,1.0
18,75,11.43074866151248,4.7441095886851725,0.0,0.0,0.0,1.0,0.0,0.0
19,75,9.098480498570565,0.7101135283821819,0.0,0.0,1.0,1.0,0.0,0.0
20,75,10.404528926564446,1.881646423107298,1.0,1.0,0.0,0.0,0.0,0.0
21,75,0.0,4.755910908557609,0.0,1.0,1.0,1.0,1.0,0.0
22,75,2.5775501186518466,4.629273130379702,1.0,1.0,0.0,0.0,1.0,0.0
23,75,5.014331507793568,7.025040786903572,0.0,0.0,0.0,0.0,0.0,0.0
24,75,8.959842665808399,12.0,0.0,1.0,0.0,1.0,0.0,0.0
25,75,0.0,5.114536142744469,1.0,1.0,1.0,1.0,0.0,0.0
26,75,4.599195516025375,9.010857947704656,0.0,0.0,0.0,0.0,1.0,1.0
27,75,4.812522969071204,1.3109401586751843,0.0,0.0,0.0,1.0,1.0,1.0
28,75,6.946377878218629,9.967174060037886,1.0,0.0,1.0,1.0,0.0,0.0
29,75,5.704487655163707,0.3059025430074267,0.0,0.0,1.0,0.0,1.0,0.0
30,75,1.9587245672099616,8.7779577260254,1.0,0.0,0.0,1.0,1.0,0.0
31,75,4.176432100033365,1.2558282359404318,0.0,0.0,0.0,0.0,1.0,1.0
32,75,3.846294762490126,2.821184258360073,1.0,1.0,0.0,1.0,0.0,1.0
33,75,9.47495056138557,11.264308392428475,0.0,0.0,0.0,0.0,1.0,1.0
34,75,1.4726150031859329,0.3614380160007493,1.0,0.0,1.0,1.0,0.0,1.0
35,75,5.535417836584915,6.055207201391953,0.0,1.0,0.0,1.0,0.0,1.0
36,75,12.0,9.061452855193895,1.0,0.0,0.0,1.0,0.0,0.0
37,75,5.191514294056345,3.2503126443640458,1.0,0.0,0.0,0.0,1.0,0.0
38,75,3.719326365072892,7.460146154049332,0.0,0.0,1.0,0.0,0.0,1.0
39,75,8.042894932181618,7.772058848693359,0.0,1.0,1.0,0.0,0.0,1.0
0,80,0.4228954604229337,10.191593140812351,0.0,1.0,0.0,0.0,0.0,1.0
1,80,0.0205205356183929,0.0117047896810085,0.0,1.0,0.0,0.0,1.0,1.0
2,80,1.4025506305995332,9.603395039242582,1.0,1.0,1.0,0.0,0.0,0.0
3,80,6.51385199345691,2.067036581058177,0.0,0.0,0.0,0.0,1.0,0.0
4,80,3.6860610945012864,8.117416356011196,0.0,1.0,0.0,0.0,0.0,0.0
5,80,5.698103749802033,8.349577842200153,1.0,0.0,1.0,1.0,1.0,1.0
6,80,9.215772377558084,4.735618524597618,1.0,1.0,0.0,0.0,0.0,0.0
7,80,5.711987376414296,10.42176753996142,0.0,0.0,1.0,0.0,0.0,0.0
8,80,8.328706990510481,12.0,0.0,0.0,0.0,0.0,0.0,1.0
9,80,4.248980898510362,1.4347761077671597,1.0,0.0,0.0,0.0,1.0,0.0
10,80,4.195231238127353,5.497619401816928,0.0,1.0,1.0,0.0,1.0,0.0
11,80,8.019102814142107,10.545574933621856,1.0,1.0,1.0,1.0,1.0,0.0
12,80,0.0,4.795462475041533,1.0,0.0,0.0,0.0,0.0,1.0
13,80,4.612887692620009,1.3434949688755051,0.0,0.0,1.0,1.0,0.0,0.0
14,80,8.509056765323262,0.745828665699481,1.0,0.0,1.0,0.0,0.0,1.0
15,80,11.206463695889337,6.250882610834743,1.0,0.0,0.0,0.0,0.0,0.0
16,80,6.51139128559527,10.15464758912219,0.0,1.0,1.0,0.0,1.0,0.0
17,80,11.784398601004511,1.7070628562291097,0.0,1.0,0.0,0.0,0.0,1.0
18,80,11.372570773419865,4.806541535566211,0.0,0.0,0.0,1.0,0.0,0.0
19,80,9.086370757390648,0.732041865959297,0.0,0.0,1.0,1.0,0.0,0.0
20,80,10.41848398770796,1.8775244931322148,1.0,1.0,0.0,0.0,0.0,0.0
21,80,0.0,4.805695787177318,0.0,1.0,1.0,1.0,1.0,0.0
22,80,2.550404792836346,4.6668349225289205,1.0,1.0,0.0,0.0,1.0,0.0
23,80,5.053967718615287,7.02408493160513,0.0,0.0,0.0,0.0,0.0,0.0
24,80,8.959847325636167,11.986643607693209,0.0,1.0,0.0,1.0,0.0,0.0
25,80,0.0,5.135452543310398,1.0,1.0,1.0,1.0,0.0,0.0
26,80,4.581706246802059,8.969908342016343,0.0,0.0,0.0,0.0,1.0,1.0
27,80,4.8528699311535,1.3260550426099678,0.0,0.0,0.0,1.0,1.0,1.0
28,80,6.945842243447119,9.973997935827802,1.0,0.0,1.0,1.0,0.0,0.0
29,80,5.691445456949995,0.2691728016358203,0.0,0.0,1.0,0.0,1.0,0.0
30,80,1.9603574411736155,8.730688703556467,1.0,0.0,0.0,1.0,1.0,0.0
31,80,4.207860179379891,1.264326275572645,0.0,0.0,0.0,0.0,1.0,1.0
32,80,3.907566880562154,2.735966392536083,1.0,1.0,0.0,1.0,0.0,1.0
33,80,9.53271046566696,11.298255942520932,0.0,0.0,0.0,0.0,1.0,1.0
34,80,1.5226038724468576,0.2962876090636498,1.0,0.0,1.0,1.0,0.0,1.0
35,80,5.5758165957959696,6.059216592123757,0.0,1.0,0.0,1.0,0.0,1.0
36,80,12.0,8.995188084327518,1.0,0.0,0.0,1.0,0.0,0.0
37,80,4.978692555962287,3.3002110399344997,1.0,0.0,0.0,0.0,1.0,0.0
38,80,3.75136015823835,7.436843967039914,0.0,0.0,1.0,0.0,0.0,1.0
39,80,8.047197524309809,7.845172316511889,0.0,1.0,1.0,0.0,0.0,1.0
0,85,0.2615227986755819,10.208271170969086,0.0,1.0,0.0,0.0,0.0,1.0
1,85,0.0064713328555781,0.0040135637025831,0.0,1.0,0.0,0.0,1.0,1.0
2,85,1.5186837831679147,9.570328221194,1.0,1.0,1.0,0.0,0.0,0.0
3,85,6.475546686611552,1.9969555464850612,0.0,0.0,0.0,0.0,1.0,0.0
4,85,3.664847843537747,8.057795337197446,0.0,1.0,0.0,0.0,0.0,0.0
5,85,5.671866775299851,8.366512684949884,1.0,0.0,1.0,1.0,1.0,1.0
6,85,9.312501756465055,4.792010692056502,1.0,1.0,0.0,0.0,0.0,0.0
7,85,5.741369709738847,10.397044498975664,0.0,0.0,1.0,0.0,0.0,0.0
8,85,8.32069322942923,11.992764524407248,0.0,0.0,0.0,0.0,0.0,1.0
9,85,4.2693860452354135,1.3043477760182784,1.0,0.0,0.0,0.0,1.0,0.0
10,85,4.134796833741951,5.626035622941149,0.0,1.0,1.0,0.0,1.0,0.0
11,85,8.019402367028226,10.467095857863596,1.0,1.0,1.0,1.0,1.0,0.0
12,85,0.0,4.775809333831602,1.0,0.0,0.0,0.0,0.0,1.0
13,85,4.618600274794198,1.3397811467958718,0.0,0.0,1.0,1.0,0.0,0.0
14,85,8.463633125092215,0.7175167365307669,1.0,0.0,1.0,0.0,0.0,1.0
15,85,11.243238950098034,6.25071220848013,1.0,0.0,0.0,0.0,0.0,0.0
16,85,6.546783590874485,10.248788571098306,0.0,1.0,1.0,0.0,1.0,0.0
17,85,11.83200336902478,1.6902427995300962,0.0,1.0,0.0,0.0,0.0,1.0
18,85,11.330115842362025,4.85032180759891,0.0,0.0,0.0,1.0,0.0,0.0
19,85,9.083143489980396,0.7382812749215937,0.0,0.0,1.0,1.0,0.0,0.0
20,85,10.433597448652227,1.8732988807465825,1.0,1.0,0.0,0.0,0.0,0.0
21,85,0.0,4.842001905290901,0.0,1.0,1.0,1.0,1.0,0.0
22,85,2.5251733309906768,4.702287750414261,1.0,1.0,0.0,0.0,1.0,0.0
23,85,5.094511976447307,7.022497608600477,0.0,0.0,0.0,0.0,0.0,0.0
24,85,8.959735137177105,11.992746176010533,0.0,1.0,0.0,1.0,0.0,0.0
25,85,0.0,5.159441829060067,1.0,1.0,1.0,1.0,0.0,0.0
26,85,4.563547264863254,8.928227720758146,0.0,0.0,0.0,0.0,1.0,1.0
27,85,4.887389828201839,1.3393494740268106,0.0,0.0,0.0,1.0,1.0,1.0
28,85,6.944748532069873,9.987524982329615,1.0,0.0,1.0,1.0,0.0,0.0
29,85,5.674368573856175,0.2217565854017222,0.0,0.0,1.0,0.0,1.0,0.0
30,85,1.9643346957967336,8.667952758419164,1.0,0.0,0.0,1.0,1.0,0.0
31,85,4.238016331962299,1.272299965845976,0.0,0.0,0.0,0.0,1.0,1.0
32,85,3.977458086807047,2.636019989963492,1.0,1.0,0.0,1.0,0.0,1.0
33,85,9.578891956863025,11.324969429343591,0.0,0.0,0.0,0.0,1.0,1.0
34,85,1.5655425554817444,0.239408589309247,1.0,0.0,1.0,1.0,0.0,1.0
35,85,5.606153483644298,6.063142515419769,0.0,1.0,0.0,1.0,0.0,1.0
36,85,12.0,8.906897086552432,1.0,0.0,0.0,1.0,0.0,0.0
37,85,4.760826231871977,3.3480510648305386,1.0,0.0,0.0,0.0,1.0,0.0
38,85,3.783864492695436,7.413370518757099,0.0,0.0,1.0,0.0,0.0,1.0
39,85,8.052228414182967,7.925645889307673,0.0,1.0,1.0,0.0,0.0,1.0
0,90,0.0907691685514283,10.227242830334523,0.0,1.0,0.0,0.0,0.0,1.0
1,90,0.0,0.0,0.0,1.0,0.0,0.0,1.0,1.0
2,90,1.6562133985513243,9.533253147284666,1.0,1.0,1.0,0.0,0.0,0.0
3,90,6.440880978182608,1.934788840614648,0.0,0.0,0.0,0.0,1.0,0.0
4,90,3.6473140960599393,8.010624622903727,0.0,1.0,0.0,0.0,0.0,0.0
5,90,5.620327133577272,8.40030983309625,1.0,0.0,1.0,1.0,1.0,1.0
6,90,9.389307222706924,4.838152514885359,1.0,1.0,0.0,0.0,0.0,0.0
7,90,5.791419400932741,10.354247224021837,0.0,0.0,1.0,0.0,0.0,0.0
8,90,8.315105068789801,11.987636016650956,0.0,0.0,0.0,0.0,0.0,1.0
9,90,4.289134768982016,1.1864282950551606,1.0,0.0,0.0,0.0,1.0,0.0
10,90,4.066923402353292,5.762269285061191,0.0,1.0,1.0,0.0,1.0,0.0
11,90,8.017357560112517,10.38997272009428,1.0,1.0,1.0,1.0,1.0,0.0
12,90,0.0,4.756567205925769,1.0,0.0,0.0,0.0,0.0,1.0
13,90,4.599363661874578,1.3525947088143595,0.0,0.0,1.0,1.0,0.0,0.0
14,90,8.426420986919275,0.6928828430394794,1.0,0.0,1.0,0.0,0.0,1.0
15,90,11.260159493665125,6.250528124861099,1.0,0.0,0.0,0.0,0.0,0.0
16,90,6.577354927623386,10.336715033004843,0.0,1.0,1.0,0.0,1.0,0.0
17,90,11.874860272427632,1.674232889347205,0.0,1.0,0.0,0.0,0.0,1.0
18,90,11.304377601228817,4.878254169953315,0.0,0.0,0.0,1.0,0.0,0.0
19,90,9.07885754062968,0.7470180840084503,0.0,0.0,1.0,1.0,0.0,0.0
20,90,10.464266396381218,1.8645262804145992,1.0,1.0,0.0,0.0,0.0,0.0
21,90,0.0,4.8822172607321015,0.0,1.0,1.0,1.0,1.0,0.0
22,90,2.510669131598528,4.722039467755483,1.0,1.0,0.0,0.0,1.0,0.0
23,90,5.143732942030001,7.021266083767217,0.0,0.0,0.0,0.0,0.0,0.0
24,90,8.95836753399711,12.0,0.0,1.0,0.0,1.0,0.0,0.0
25,90,0.0,5.1486003527163176,1.0,1.0,1.0,1.0,0.0,0.0
26,90,4.544457737693263,8.883838099031143,0.0,0.0,0.0,0.0,1.0,1.0
27,90,4.94494961173397,1.3627337416364165,0.0,0.0,0.0,1.0,1.0,1.0
28,90,6.945884138382709,9.976101368199403,1.0,0.0,1.0,1.0,0.0,0.0
29,90,5.666409930681715,0.2005973645816813,0.0,0.0,1.0,0.0,1.0,0.0
30,90,1.968413404312308,8.608571492642513,1.0,0.0,0.0,1.0,1.0,0.0
31,90,4.251907549009787,1.2231415808595223,0.0,0.0,0.0,0.0,1.0,1.0
32,90,4.0570467124544,2.521877101930103,1.0,1.0,0.0,1.0,0.0,1.0
33,90,9.619899584942038,11.34996775537332,0.0,0.0,0.0,0.0,1.0,1.0
34,90,1.599437263348832,0.1948543524899502,1.0,0.0,1.0,1.0,0.0,1.0
35,90,5.633632467644252,6.0663169454642185,0.0,1.0,0.0,1.0,0.0,1.0
36,90,12.0,8.799988026783018,1.0,0.0,0.0,1.0,0.0,0.0
37,90,4.543474465442224,3.396275687433586,1.0,0.0,0.0,0.0,1.0,0.0
38,90,3.8344248649813744,7.375684291352918,0.0,0.0,1.0,0.0,0.0,1.0
39,90,8.058782638666973,8.011517322781147,0.0,1.0,1.0,0.0,0.0,1.0
0,95,0.0,10.24388069326923,0.0,1.0,0.0,0.0,0.0,1.0
1,95,0.0,0.0,0.0,1.0,0.0,0.0,1.0,1.0
2,95,1.7958053000823788,9.49772882851847,1.0,1.0,1.0,0.0,0.0,0.0
3,95,6.40765741077965,1.8756683531815528,0.0,0.0,0.0,0.0,1.0,0.0
4,95,3.630745450931186,7.967506088412855,0.0,1.0,0.0,0.0,0.0,0.0
5,95,5.580223355945776,8.426692243107546,1.0,0.0,1.0,1.0,1.0,1.0
6,95,9.469411473150773,4.885626903477345,1.0,1.0,0.0,0.0,0.0,0.0
7,95,5.843961738422294,10.308058069371306,0.0,0.0,1.0,0.0,0.0,0.0
8,95,8.329692612618397,12.0,0.0,0.0,0.0,0.0,0.0,1.0
9,95,4.3127472098417305,1.0609762775352596,1.0,0.0,0.0,0.0,1.0,0.0
10,95,4.000474464768224,5.898831517838964,0.0,1.0,1.0,0.0,1.0,0.0
11,95,8.014515722556796,10.322395436647582,1.0,1.0,1.0,1.0,1.0,0.0
12,95,0.0,4.723595499931192,1.0,0.0,0.0,0.0,0.0,1.0
13,95,4.574804997082964,1.3694356181899623,0.0,0.0,1.0,1.0,0.0,0.0
14,95,8.381761561148217,0.6623885161322353,1.0,0.0,1.0,0.0,0.0,1.0
15,95,11.262830341142312,6.250560244285446,1.0,0.0,0.0,0.0,0.0,0.0
16,95,6.610303177409677,10.427608773759522,0.0,1.0,1.0,0.0,1.0,0.0
17,95,11.931731310753362,1.651081017788153,0.0,1.0,0.0,0.0,0.0,1.0
18,95,11.283783782748984,4.900858118985936,0.0,0.0,0.0,1.0,0.0,0.0
19,95,9.07575939065773,0.7531729262285493,0.0,0.0,1.0,1.0,0.0,0.0
20,95,10.498524187846346,1.8551226370361693,1.0,1.0,0.0,0.0,0.0,0.0
21,95,0.0,4.9262635979718885,0.0,1.0,1.0,1.0,1.0,0.0
22,95,2.4980778937645822,4.738792167870809,1.0,1.0,0.0,0.0,1.0,0.0
23,95,5.190291523066649,7.01966522523169,0.0,0.0,0.0,0.0,0.0,0.0
24,95,8.957350585314725,12.0,0.0,1.0,0.0,1.0,0.0,0.0
25,95,0.0,5.139496940426704,1.0,1.0,1.0,1.0,0.0,0.0
26,95,4.528928666109417,8.84832839509612,0.0,0.0,0.0,0.0,1.0,1.0
27,95,4.995438336102223,1.3824016602584357,0.0,0.0,0.0,1.0,1.0,1.0
28,95,6.945603040848187,9.978553668662046,1.0,0.0,1.0,1.0,0.0,0.0
29,95,5.651975209875946,0.1653977272593465,0.0,0.0,1.0,0.0,1.0,0.0
30,95,1.9718207474836664,8.562143151636889,1.0,0.0,0.0,1.0,1.0,0.0
31,95,4.27075760638406,1.1570909056517689,0.0,0.0,0.0,0.0,1.0,1.0
32,95,4.136134973123159,2.40337786448084,1.0,1.0,0.0,1.0,0.0,1.0
33,95,9.681755241344485,11.387108781860654,0.0,0.0,0.0,0.0,1.0,1.0
34,95,1.6204196329415668,0.1682028530318897,1.0,0.0,1.0,1.0,0.0,1.0
35,95,5.686066594313312,6.071203376568619,0.0,1.0,0.0,1.0,0.0,1.0
36,95,12.0,8.70244534408695,1.0,0.0,0.0,1.0,0.0,0.0
37,95,4.352001212067159,3.438310266440888,1.0,0.0,0.0,0.0,1.0,0.0
38,95,3.895191381000572,7.3266325900254845,0.0,0.0,1.0,0.0,0.0,1.0
39,95,8.067546713434474,8.101548543800217,0.0,1.0,1.0,0.0,0.0,1.0
0,100,0.0,10.26022860454636,0.0,1.0,0.0,0.0,0.0,1.0
1,100,0.0,0.0,0.0,1.0,0.0,0.0,1.0,1.0
2,100,1.9304777899535164,9.467492384374529,1.0,1.0,1.0,0.0,0.0,0.0
3,100,6.368313257911453,1.8036339613356984,0.0,0.0,0.0,0.0,1.0,0.0
4,100,3.6116541004954232,7.916608300945965,0.0,1.0,0.0,0.0,0.0,0.0
5,100,5.538290203746351,8.45309912224568,1.0,0.0,1.0,1.0,1.0,1.0
6,100,9.556040985065293,4.938608699879729,1.0,1.0,0.0,0.0,0.0,0.0
7,100,5.895028119668653,10.262668793147853,0.0,0.0,1.0,0.0,0.0,0.0
8,100,8.336011178150484,12.0,0.0,0.0,0.0,0.0,0.0,1.0
9,100,4.333621253869163,0.9426275793155244,1.0,0.0,0.0,0.0,1.0,0.0
10,100,3.93864609949523,6.02328545915108,0.0,1.0,1.0,0.0,1.0,0.0
11,100,8.010415582674844,10.25603721047798,1.0,1.0,1.0,1.0,1.0,0.0
12,100,0.0,4.706092452185039,1.0,0.0,0.0,0.0,0.0,1.0
13,100,4.553695969798452,1.3820503615605972,0.0,0.0,1.0,1.0,0.0,0.0
14,100,8.328861390924288,0.6251295888271721,1.0,0.0,1.0,0.0,0.0,1.0
15,100,11.24096343926668,6.25014287960396,1.0,0.0,0.0,0.0,0.0,0.0
16,100,6.651928367803629,10.538404211720398,0.0,1.0,1.0,0.0,1.0,0.0
17,100,11.995657665175534,1.6253948462930223,0.0,1.0,0.0,0.0,0.0,1.0
18,100,11.279583162524284,4.905431321232981,0.0,0.0,0.0,1.0,0.0,0.0
19,100,9.071694717960352,0.7610322285867022,0.0,0.0,1.0,1.0,0.0,0.0
20,100,10.507981747269849,1.8526550497929548,1.0,1.0,0.0,0.0,0.0,0.0
21,100,0.0,4.969792504022985,0.0,1.0,1.0,1.0,1.0,0.0
22,100,2.490983589898244,4.748743107251219,1.0,1.0,0.0,0.0,1.0,0.0
23,100,5.247096550508744,7.018225088448511,0.0,0.0,0.0,0.0,0.0,0.0
24,100,8.956689272297327,12.0,0.0,1.0,0.0,1.0,0.0,0.0
25,100,0.0,5.127285635728554,1.0,1.0,1.0,1.0,0.0,0.0
26,100,4.516473646961969,8.821125952517995,0.0,0.0,0.0,0.0,1.0,1.0
27,100,5.046966764137772,1.4018107988313382,0.0,0.0,0.0,1.0,1.0,1.0
28,100,6.947084882180048,9.961618881793402,1.0,0.0,1.0,1.0,0.0,0.0
29,100,5.638375798139483,0.1337745127566842,0.0,0.0,1.0,0.0,1.0,0.0
30,100,1.9769577283269288,8.506899721153516,1.0,0.0,0.0,1.0,1.0,0.0
31,100,4.292378054429093,1.0776226047555304,0.0,0.0,0.0,0.0,1.0,1.0
32,100,4.217026141919551,2.288472034863303,1.0,1.0,0.0,1.0,0.0,1.0
33,100,9.75680630117222,11.432873458242062,0.0,0.0,0.0,0.0,1.0,1.0
34,100,1.6428750980897742,0.1384154620309236,1.0,0.0,1.0,1.0,0.0,1.0
35,100,5.743031378169164,6.074947642103395,0.0,1.0,0.0,1.0,0.0,1.0
36,100,12.0,8.603492467405758,1.0,0.0,0.0,1.0,0.0,0.0
37,100,4.177147992510887,3.47924834109636,1.0,0.0,0.0,0.0,1.0,0.0
38,100,3.934142375253252,7.296286824503946,0.0,0.0,1.0,0.0,0.0,1.0
39,100,8.077890924226644,8.200741059999451,0.0,1.0,1.0,0.0,0.0,1.0
0,105,0.0,10.277054923942258,0.0,1.0,0.0,0.0,0.0,1.0
1,105,0.0,0.0,0.0,1.0,0.0,0.0,1.0,1.0
2,105,2.0659002094640635,9.440046096526578,1.0,1.0,1.0,0.0,0.0,0.0
3,105,6.332081260853919,1.7425839006302657,0.0,0.0,0.0,0.0,1.0,0.0
4,105,3.591219277004993,7.864990672959204,0.0,1.0,0.0,0.0,0.0,0.0
5,105,5.491238965411601,8.483713779357855,1.0,0.0,1.0,1.0,1.0,1.0
6,105,9.634428186310783,4.987094393470264,1.0,1.0,0.0,0.0,0.0,0.0
7,105,5.944213847033455,10.220236380620491,0.0,0.0,1.0,0.0,0.0,0.0
8,105,8.332550088895767,11.996983516844535,0.0,0.0,0.0,0.0,0.0,1.0
9,105,4.358182927060381,0.8218954131960456,1.0,0.0,0.0,0.0,1.0,0.0
10,105,3.879649930908432,6.13508990829383,0.0,1.0,1.0,0.0,1.0,0.0
11,105,8.008177710886752,10.19347565000114,1.0,1.0,1.0,1.0,1.0,0.0
12,105,3.402526654596056e-06,4.706141796436074,1.0,0.0,0.0,0.0,0.0,1.0
13,105,4.553699829853457,1.3820480593227715,0.0,0.0,1.0,1.0,0.0,0.0
14,105,8.29742396800758,0.6023162582690123,1.0,0.0,1.0,0.0,0.0,1.0
15,105,11.217130729820216,6.249796860855935,1.0,0.0,0.0,0.0,0.0,0.0
16,105,6.689236925282972,10.644318348807737,0.0,1.0,1.0,0.0,1.0,0.0
17,105,12.0,1.6065116446125969,0.0,1.0,0.0,0.0,0.0,1.0
18,105,11.269256793088124,4.916699559046104,0.0,0.0,0.0,1.0,0.0,0.0
19,105,9.060817773442125,0.7824232674798517,0.0,0.0,1.0,1.0,0.0,0.0
20,105,10.519371103635333,1.849563656802428,1.0,1.0,0.0,0.0,0.0,0.0
21,105,0.0,5.001087362310321,0.0,1.0,1.0,1.0,1.0,0.0
22,105,2.484547957184661,4.757454511875951,1.0,1.0,0.0,0.0,1.0,0.0
23,105,5.313272061749746,7.016919267593,0.0,0.0,0.0,0.0,0.0,0.0
24,105,8.955956263997745,12.0,0.0,1.0,0.0,1.0,0.0,0.0
25,105,0.0,5.111596828278224,1.0,1.0,1.0,1.0,0.0,0.0
26,105,4.519868843337342,8.828575435392224,0.0,0.0,0.0,0.0,1.0,1.0
27,105,5.096663580957192,1.420498322242138,0.0,0.0,0.0,1.0,1.0,1.0
28,105,6.948348256624896,9.943561085308634,1.0,0.0,1.0,1.0,0.0,0.0
29,105,5.634628988177758,0.1254297943213068,0.0,0.0,1.0,0.0,1.0,0.0
30,105,1.983629509804247,8.444037415254185,1.0,0.0,0.0,1.0,1.0,0.0
31,105,4.307808522626489,1.0195293746721652,0.0,0.0,0.0,0.0,1.0,1.0
32,105,4.296270946593656,2.173887057835147,1.0,1.0,0.0,1.0,0.0,1.0
33,105,9.843933765104453,11.482829755370355,0.0,0.0,0.0,0.0,1.0,1.0
34,105,1.660765841266188,0.1147651057383126,1.0,0.0,1.0,1.0,0.0,1.0
35,105,5.808362798586172,6.080558163714649,0.0,1.0,0.0,1.0,0.0,1.0
36,105,12.0,8.521852174640717,1.0,0.0,0.0,1.0,0.0,0.0
37,105,4.032739770191688,3.507684557104818,1.0,0.0,0.0,0.0,1.0,0.0
38,105,3.962811136043855,7.274078441314268,0.0,0.0,1.0,0.0,0.0,1.0
39,105,8.090631255165091,8.301361704109798,0.0,1.0,1.0,0.0,0.0,1.0
0,110,0.0,10.28560893740753,0.0,1.0,0.0,0.0,0.0,1.0
1,110,0.0,0.0,0.0,1.0,0.0,0.0,1.0,1.0
2,110,2.180278827428885,9.417778780332174,1.0,1.0,1.0,0.0,0.0,0.0
3,110,6.302260104116063,1.6959269585155068,0.0,0.0,0.0,0.0,1.0,0.0
4,110,3.646967335221246,7.8417241767654255,0.0,1.0,0.0,0.0,0.0,0.0
5,110,5.426858614961263,8.524523771254715,1.0,0.0,1.0,1.0,1.0,1.0
6,110,9.689979586908525,5.021443550304708,1.0,1.0,0.0,0.0,0.0,0.0
7,110,5.99100337953965,10.1792875972366,0.0,0.0,1.0,0.0,0.0,0.0
8,110,8.321127500235322,11.986633809806277,0.0,0.0,0.0,0.0,0.0,1.0
9,110,4.386953054762055,0.691471920571164,1.0,0.0,0.0,0.0,1.0,0.0
10,110,3.825431752336244,6.245971176183801,0.0,1.0,1.0,0.0,1.0,0.0
11,110,8.005267147893576,10.138414944490508,1.0,1.0,1.0,1.0,1.0,0.0
12,110,0.0,4.673548219242703,1.0,0.0,0.0,0.0,0.0,1.0
13,110,4.553086816573368,1.3824230464169902,0.0,0.0,1.0,1.0,0.0,0.0
14,110,8.23616797616733,0.5593278437977911,1.0,0.0,1.0,0.0,0.0,1.0
15,110,11.197788281958806,6.2493349543533325,1.0,0.0,0.0,0.0,0.0,0.0
16,110,6.733131491450995,10.771481664917095,0.0,1.0,1.0,0.0,1.0,0.0
17,110,12.0,1.5881284508337938,0.0,1.0,0.0,0.0,0.0,1.0
18,110,11.251921316951076,4.934737694452171,0.0,0.0,0.0,1.0,0.0,0.0
19,110,9.052052397478212,0.8001508289226356,0.0,0.0,1.0,1.0,0.0,0.0
20,110,10.54974546671392,1.8412385669704443,1.0,1.0,0.0,0.0,0.0,0.0
21,110,0.0,5.014589533650859,0.0,1.0,1.0,1.0,1.0,0.0
22,110,2.4611046807378734,4.788439422100769,1.0,1.0,0.0,0.0,1.0,0.0
23,110,5.3894199980568125,7.013506678082504,0.0,0.0,0.0,0.0,0.0,0.0
24,110,8.955440325986265,12.0,0.0,1.0,0.0,1.0,0.0,0.0
25,110,0.0,5.103310315809303,1.0,1.0,1.0,1.0,0.0,0.0
26,110,4.524376601898646,8.838353120717779,0.0,0.0,0.0,0.0,1.0,1.0
27,110,5.144697635562674,1.4387137943799804,0.0,0.0,0.0,1.0,1.0,1.0
28,110,6.948469590285148,9.941506539844756,1.0,0.0,1.0,1.0,0.0,0.0
29,110,5.621535388518628,0.097071191290587,0.0,0.0,1.0,0.0,1.0,0.0
30,110,1.991053214022898,8.373201126600048,1.0,0.0,0.0,1.0,1.0,0.0
31,110,4.325405146807949,0.9497240809286428,0.0,0.0,0.0,0.0,1.0,1.0
32,110,4.362184726510249,2.0736729575133306,1.0,1.0,0.0,1.0,0.0,1.0
33,110,9.918761633483305,11.526079067505565,0.0,0.0,0.0,0.0,1.0,1.0
34,110,1.668518463434257,0.1042181740431136,1.0,0.0,1.0,1.0,0.0,1.0
35,110,5.889168365394352,6.085358699980247,0.0,1.0,0.0,1.0,0.0,1.0
36,110,12.0,8.428456470957967,1.0,0.0,0.0,1.0,0.0,0.0
37,110,3.887092872419685,3.533799216730274,1.0,0.0,0.0,0.0,1.0,0.0
38,110,4.011869908122117,7.237624711330141,0.0,0.0,1.0,0.0,0.0,1.0
39,110,8.10341485682783,8.38739855913816,0.0,1.0,1.0,0.0,0.0,1.0
0,115,0.0,10.29268425620326,0.0,1.0,0.0,0.0,0.0,1.0
1,115,0.0,0.0,0.0,1.0,0.0,0.0,1.0,1.0
2,115,2.3024263852633755,9.395868835124215,1.0,1.0,1.0,0.0,0.0,0.0
3,115,6.340669177821613,1.670334254756914,0.0,0.0,0.0,0.0,1.0,0.0
4,115,3.695275917398367,7.821563077579915,0.0,1.0,0.0,0.0,0.0,0.0
5,115,5.369130826054869,8.55999689974534,1.0,0.0,1.0,1.0,1.0,1.0
6,115,9.7275497469642,5.043785330025584,1.0,1.0,0.0,0.0,0.0,0.0
7,115,6.038518938925087,10.13835398238658,0.0,0.0,1.0,0.0,0.0,0.0
8,115,8.320246301066234,11.985875723065908,0.0,0.0,0.0,0.0,0.0,1.0
9,115,4.422270176647568,0.5400494966031282,1.0,0.0,0.0,0.0,1.0,0.0
10,115,3.7674174803781,6.355418580648927,0.0,1.0,1.0,0.0,1.0,0.0
11,115,8.003135130196014,10.084147930561818,1.0,1.0,1.0,1.0,1.0,0.0
12,115,0.0,4.625975883096096,1.0,0.0,0.0,0.0,0.0,1.0
13,115,4.532201031064745,1.394597815895965,0.0,0.0,1.0,1.0,0.0,0.0
14,115,8.178989347329523,0.5171492487444794,1.0,0.0,1.0,0.0,0.0,1.0
15,115,11.18140630945078,6.248781100250826,1.0,0.0,0.0,0.0,0.0,0.0
16,115,6.782173542033436,10.917988726730345,0.0,1.0,1.0,0.0,1.0,0.0
17,115,12.0,1.5711136189407189,0.0,1.0,0.0,0.0,0.0,1.0
18,115,11.2413762967049,4.945559660468571,0.0,0.0,0.0,1.0,0.0,0.0
19,115,9.048094034062755,0.8082592560321946,0.0,0.0,1.0,1.0,0.0,0.0
20,115,10.574584378740044,1.8351625750779732,1.0,1.0,0.0,0.0,0.0,0.0
21,115,0.0,5.036571847537853,0.0,1.0,1.0,1.0,1.0,0.0
22,115,2.4400679098609834,4.815744103290798,1.0,1.0,0.0,0.0,1.0,0.0
23,115,5.496198831816029,7.009334895064232,0.0,0.0,0.0,0.0,0.0,0.0
24,115,8.954354504388235,12.0,0.0,1.0,0.0,1.0,0.0,0.0
25,115,0.0,5.099902912378192,1.0,1.0,1.0,1.0,0.0,0.0
26,115,4.529025819061382,8.848414933901964,0.0,0.0,0.0,0.0,1.0,1.0
27,115,5.206271010355927,1.4641228402343855,0.0,0.0,0.0,1.0,1.0,1.0
28,115,6.944966089200643,9.9413499267936,1.0,0.0,1.0,1.0,0.0,0.0
29,115,5.610376207383144,0.0739912309226855,0.0,0.0,1.0,0.0,1.0,0.0
30,115,2.004621111941104,8.266013786177046,1.0,0.0,0.0,1.0,1.0,0.0
31,115,4.346226457599277,0.8629555323070922,0.0,0.0,0.0,0.0,1.0,1.0
32,115,4.440064492679787,1.9606332059248528,1.0,1.0,0.0,1.0,0.0,1.0
33,115,9.998669033026856,11.570511858458364,0.0,0.0,0.0,0.0,1.0,1.0
34,115,1.674022395949352,0.0971507126098991,1.0,0.0,1.0,1.0,0.0,1.0
35,115,6.003147565911206,6.090985189145671,0.0,1.0,0.0,1.0,0.0,1.0
36,115,12.0,8.330772343059484,1.0,0.0,0.0,1.0,0.0,0.0
37,115,3.732308054340216,3.563591495080899,1.0,0.0,0.0,0.0,1.0,0.0
38,115,4.049561068268666,7.211865160634776,0.0,0.0,1.0,0.0,0.0,1.0
39,115,8.115147104071262,8.462783284758011,0.0,1.0,1.0,0.0,0.0,1.0
0,120,0.0,10.295684011727012,0.0,1.0,0.0,0.0,0.0,1.0
1,120,0.0,0.0,0.0,1.0,0.0,0.0,1.0,1.0
2,120,2.419053184400183,9.37229002350045,1.0,1.0,1.0,0.0,0.0,0.0
3,120,6.370231910858767,1.6504504697073212,0.0,0.0,0.0,0.0,1.0,0.0
4,120,3.753114935151451,7.795911866790848,0.0,1.0,0.0,0.0,0.0,0.0
5,120,5.324498061273155,8.58934454053876,1.0,0.0,1.0,1.0,1.0,1.0
6,120,9.78450385928372,5.077476642384983,1.0,1.0,0.0,0.0,0.0,0.0
7,120,6.071724846932562,10.109090961701323,0.0,0.0,1.0,0.0,0.0,0.0
8,120,8.31676860659472,11.982923159133314,0.0,0.0,0.0,0.0,0.0,1.0
9,120,4.45999764815359,0.3874506205466952,1.0,0.0,0.0,0.0,1.0,0.0
10,120,3.707686690255386,6.472529199389969,0.0,1.0,1.0,0.0,1.0,0.0
11,120,8.001608556585381,10.030896782177368,1.0,1.0,1.0,1.0,1.0,0.0
12,120,0.0,4.566064072489819,1.0,0.0,0.0,0.0,0.0,1.0
13,120,4.5195364435922185,1.4016675936819352,0.0,0.0,1.0,1.0,0.0,0.0
14,120,8.109155192127222,0.4656873900953666,1.0,0.0,1.0,0.0,0.0,1.0
15,120,11.188261567773022,6.2489115517860006,1.0,0.0,0.0,0.0,0.0,0.0
16,120,6.833992036122364,11.083507568399764,0.0,1.0,1.0,0.0,1.0,0.0
17,120,12.0,1.5554220994254233,0.0,1.0,0.0,0.0,0.0,1.0
18,120,11.220531761194986,4.96711485088632,0.0,0.0,0.0,1.0,0.0,0.0
19,120,9.040925334383129,0.8236335732685579,0.0,0.0,1.0,1.0,0.0,0.0
20,120,10.601497544068678,1.827684308552002,1.0,1.0,0.0,0.0,0.0,0.0
21,120,0.0,5.066267158078448,0.0,1.0,1.0,1.0,1.0,0.0
22,120,2.419112562400671,4.843077257479215,1.0,1.0,0.0,0.0,1.0,0.0
23,120,5.620245330574546,7.004543006001454,0.0,0.0,0.0,0.0,0.0,0.0
24,120,8.954902523085499,11.993655292339136,0.0,1.0,0.0,1.0,0.0,0.0
25,120,0.0,5.092045858318398,1.0,1.0,1.0,1.0,0.0,0.0
26,120,4.538386229589383,8.867489769473908,0.0,0.0,0.0,0.0,1.0,1.0
27,120,5.27729271004469,1.4938847314509405,0.0,0.0,0.0,1.0,1.0,1.0
28,120,6.9391252199482745,9.941095930108288,1.0,0.0,1.0,1.0,0.0,0.0
29,120,5.597814009394441,0.0482114384649311,0.0,0.0,1.0,0.0,1.0,0.0
30,120,2.018529585274734,8.15184674594546,1.0,0.0,0.0,1.0,1.0,0.0
31,120,4.367950699328559,0.7687454590693101,0.0,0.0,0.0,0.0,1.0,1.0
32,120,4.513022794678946,1.8598073163441224,1.0,1.0,0.0,1.0,0.0,1.0
33,120,10.06931552148713,11.611029825436937,0.0,0.0,0.0,0.0,1.0,1.0
34,120,1.6521926832949552,0.1260327868558783,1.0,0.0,1.0,1.0,0.0,1.0
35,120,6.131982294314998,6.098381161338897,0.0,1.0,0.0,1.0,0.0,1.0
36,120,12.0,8.25399385591273,1.0,0.0,0.0,1.0,0.0,0.0
37,120,3.556151331369537,3.5947544632881683,1.0,0.0,0.0,0.0,1.0,0.0
38,120,4.0949045426644695,7.179611236129699,0.0,0.0,1.0,0.0,0.0,1.0
39,120,8.129202422337977,8.556451847204405,0.0,1.0,1.0,0.0,0.0,1.0
0,125,0.0,10.306638496086917,0.0,1.0,0.0,0.0,0.0,1.0
1,125,0.0,0.0,0.0,1.0,0.0,0.0,1.0,1.0
2,125,2.531575579231068,9.349000284727746,1.0,1.0,1.0,0.0,0.0,0.0
3,125,6.396796609921739,1.6320181925085693,0.0,0.0,0.0,0.0,1.0,0.0
4,125,3.823044081776697,7.763700428023614,0.0,1.0,0.0,0.0,0.0,0.0
5,125,5.291831071686745,8.611217406552631,1.0,0.0,1.0,1.0,1.0,1.0
6,125,9.821708262539222,5.099450628802432,1.0,1.0,0.0,0.0,0.0,0.0
7,125,6.106207232452856,10.077884880028146,0.0,0.0,1.0,0.0,0.0,0.0
8,125,8.309968317216903,11.977144178758486,0.0,0.0,0.0,0.0,0.0,1.0
9,125,4.508167920725421,0.2184513748199429,1.0,0.0,0.0,0.0,1.0,0.0
10,125,3.657601436907364,6.572443663442195,0.0,1.0,1.0,0.0,1.0,0.0
11,125,7.999434373568711,9.960245793145436,1.0,1.0,1.0,1.0,1.0,0.0
12,125,0.0,4.500304773939737,1.0,0.0,0.0,0.0,0.0,1.0
13,125,4.514891928382237,1.40431452125481,0.0,0.0,1.0,1.0,0.0,0.0
14,125,8.035332473234659,0.4122682102182631,1.0,0.0,1.0,0.0,0.0,1.0
15,125,11.20064390259333,6.249729236856714,1.0,0.0,0.0,0.0,0.0,0.0
16,125,6.886632953150531,11.248679588478415,0.0,1.0,1.0,0.0,1.0,0.0
17,125,12.0,1.5428278620858162,0.0,1.0,0.0,0.0,0.0,1.0
18,125,11.211540759366192,4.976621720720614,0.0,0.0,0.0,1.0,0.0,0.0
19,125,9.030203362055072,0.8467073014509673,0.0,0.0,1.0,1.0,0.0,0.0
20,125,10.635161010595311,1.817277199866633,1.0,1.0,0.0,0.0,0.0,0.0
21,125,0.0,5.082991674009367,0.0,1.0,1.0,1.0,1.0,0.0
22,125,2.402791112502406,4.864173596260193,1.0,1.0,0.0,0.0,1.0,0.0
23,125,5.748521350984492,6.998568651780018,0.0,0.0,0.0,0.0,0.0,0.0
24,125,8.955122337813032,11.991219947452082,0.0,1.0,0.0,1.0,0.0,0.0
25,125,0.0,5.079379796097626,1.0,1.0,1.0,1.0,0.0,0.0
26,125,4.544223598365888,8.879290876215828,0.0,0.0,0.0,0.0,1.0,1.0
27,125,5.332863423165295,1.5164184536624887,0.0,0.0,0.0,1.0,1.0,1.0
28,125,6.927992200232392,9.940930170548953,1.0,0.0,1.0,1.0,0.0,0.0
29,125,5.589364384477411,0.0312009414417989,0.0,0.0,1.0,0.0,1.0,0.0
30,125,2.031992335937734,8.030725594757063,1.0,0.0,0.0,1.0,1.0,0.0
31,125,4.386305617585011,0.6958178482561007,0.0,0.0,0.0,0.0,1.0,1.0
32,125,4.596769883754553,1.7434305049000267,1.0,1.0,0.0,1.0,0.0,1.0
33,125,10.147296130952672,11.654101533294918,0.0,0.0,0.0,0.0,1.0,1.0
34,125,1.6159958798749785,0.1752789552085479,1.0,0.0,1.0,1.0,0.0,1.0
35,125,6.250107931196487,6.104934931605677,0.0,1.0,0.0,1.0,0.0,1.0
36,125,12.0,8.173803839848661,1.0,0.0,0.0,1.0,0.0,0.0
37,125,3.3621763716259574,3.627866639281815,1.0,0.0,0.0,0.0,1.0,0.0
38,125,4.142294581011776,7.145311891479723,0.0,0.0,1.0,0.0,0.0,1.0
39,125,8.14220411496078,8.635409099530941,0.0,1.0,1.0,0.0,0.0,1.0
0,130,0.0,10.318860503476476,0.0,1.0,0.0,0.0,0.0,1.0
1,130,0.0039921641964684,0.0018755947706047,0.0,1.0,0.0,0.0,1.0,1.0
2,130,2.64121040438113,9.326532007386795,1.0,1.0,1.0,0.0,0.0,0.0
3,130,6.418015948335741,1.6169089410216344,0.0,0.0,0.0,0.0,1.0,0.0
4,130,3.922412667539073,7.719788404533902,0.0,1.0,0.0,0.0,0.0,0.0
5,130,5.27926798371982,8.619208131371424,1.0,0.0,1.0,1.0,1.0,1.0
6,130,9.865147194543187,5.126312006845043,1.0,1.0,0.0,0.0,0.0,0.0
7,130,6.1542178318943845,10.037973003939172,0.0,0.0,1.0,0.0,0.0,0.0
8,130,8.303278290042433,11.971113045251206,0.0,0.0,0.0,0.0,0.0,1.0
9,130,4.554140916475313,0.0595465232984901,1.0,0.0,0.0,0.0,1.0,0.0
10,130,3.604395790970525,6.682784498981746,0.0,1.0,1.0,0.0,1.0,0.0
11,130,7.995488717416851,9.900074238585798,1.0,1.0,1.0,1.0,1.0,0.0
12,130,0.0,4.447960552382024,1.0,0.0,0.0,0.0,0.0,1.0
13,130,4.531610394414376,1.3942279485519813,0.0,0.0,1.0,1.0,0.0,0.0
14,130,7.978783075816509,0.3702541172218093,1.0,0.0,1.0,0.0,0.0,1.0
15,130,11.219735309572336,6.251008263953096,1.0,0.0,0.0,0.0,0.0,0.0
16,130,6.944214070624904,11.423074554298973,0.0,1.0,1.0,0.0,1.0,0.0
17,130,12.0,1.5713000421050136,0.0,1.0,0.0,0.0,0.0,1.0
18,130,11.203359035905953,4.985441651736383,0.0,0.0,0.0,1.0,0.0,0.0
19,130,9.007435899416087,0.8943377554176057,0.0,0.0,1.0,1.0,0.0,0.0
20,130,10.66526356497648,1.807685736222736,1.0,1.0,0.0,0.0,0.0,0.0
21,130,0.0,5.1006017821155,0.0,1.0,1.0,1.0,1.0,0.0
22,130,2.3906434905662546,4.87957179592533,1.0,1.0,0.0,0.0,1.0,0.0
23,130,5.884248869880126,6.990437708290128,0.0,0.0,0.0,0.0,0.0,0.0
24,130,8.95543678796054,11.987603676293988,0.0,1.0,0.0,1.0,0.0,0.0
25,130,0.0,5.055342840644384,1.0,1.0,1.0,1.0,0.0,0.0
26,130,4.550699869255344,8.892607118939827,0.0,0.0,0.0,0.0,1.0,1.0
27,130,5.414851241413739,1.5505343594884158,0.0,0.0,0.0,1.0,1.0,1.0
28,130,6.906798676912076,9.940465951947653,1.0,0.0,1.0,1.0,0.0,0.0
29,130,5.574170194971055,0.0017244333399728,0.0,0.0,1.0,0.0,1.0,0.0
30,130,2.041146015074018,7.922943230899021,1.0,0.0,0.0,1.0,1.0,0.0
31,130,4.39896330477506,0.6447374000781155,0.0,0.0,0.0,0.0,1.0,1.0
32,130,4.674336128512875,1.6327400641537015,1.0,1.0,0.0,1.0,0.0,1.0
33,130,10.213169330946895,11.690154543099364,0.0,0.0,0.0,0.0,1.0,1.0
34,130,1.5855648482298117,0.2170994879349506,1.0,0.0,1.0,1.0,0.0,1.0
35,130,6.371723264306476,6.115323431735636,0.0,1.0,0.0,1.0,0.0,1.0
36,130,12.0,8.087382645705945,1.0,0.0,0.0,1.0,0.0,0.0
37,130,3.1572989053318863,3.660446511004622,1.0,0.0,0.0,0.0,1.0,0.0
38,130,4.182621160048551,7.113465435512623,0.0,0.0,1.0,0.0,0.0,1.0
39,130,8.157547537915159,8.719409815280024,0.0,1.0,1.0,0.0,0.0,1.0
0,135,0.0,10.32917690651732,0.0,1.0,0.0,0.0,0.0,1.0
1,135,0.0211417800177688,0.0093397037693394,0.0,1.0,0.0,0.0,1.0,1.0
2,135,2.749942977054248,9.301999406947631,1.0,1.0,1.0,0.0,0.0,0.0
3,135,6.446056457433577,1.596401677043966,0.0,0.0,0.0,0.0,1.0,0.0
4,135,4.036675694935619,7.666747803323366,0.0,1.0,0.0,0.0,0.0,0.0
5,135,5.263807570915752,8.628949979632106,1.0,0.0,1.0,1.0,1.0,1.0
6,135,9.886487795058269,5.138896552215183,1.0,1.0,0.0,0.0,0.0,0.0
7,135,6.218810299513772,9.987588028422827,0.0,0.0,1.0,0.0,0.0,0.0
8,135,8.284418951682216,11.954312095237974,0.0,0.0,0.0,0.0,0.0,1.0
9,135,4.59841709738949,0.0,1.0,0.0,0.0,0.0,1.0,0.0
10,135,3.5511544122071026,6.79453701689001,0.0,1.0,1.0,0.0,1.0,0.0
11,135,7.992163908991057,9.849507021571004,1.0,1.0,1.0,1.0,1.0,0.0
12,135,0.0,4.375448803044528,1.0,0.0,0.0,0.0,0.0,1.0
13,135,4.55587948195646,1.3790950762625651,0.0,0.0,1.0,1.0,0.0,0.0
14,135,7.905820180720194,0.3169275082875661,1.0,0.0,1.0,0.0,0.0,1.0
15,135,11.236139338141344,6.252299854727149,1.0,0.0,0.0,0.0,0.0,0.0
16,135,6.997162734635639,11.584165085844992,0.0,1.0,1.0,0.0,1.0,0.0
17,135,12.0,1.5996139134053622,0.0,1.0,0.0,0.0,0.0,1.0
18,135,11.201961319041946,4.986998860504626,0.0,0.0,0.0,1.0,0.0,0.0
19,135,8.984847879758469,0.9390218478127892,0.0,0.0,1.0,1.0,0.0,0.0
20,135,10.678420826287772,1.8032858154453264,1.0,1.0,0.0,0.0,0.0,0.0
21,135,0.0,5.103812178244936,0.0,1.0,1.0,1.0,1.0,0.0
22,135,2.3869304489466225,4.88403644312597,1.0,1.0,0.0,0.0,1.0,0.0
23,135,6.019371537375084,6.982752906532828,0.0,0.0,0.0,0.0,0.0,0.0
24,135,8.956567202937407,11.976541390717902,0.0,1.0,0.0,1.0,0.0,0.0
25,135,0.0,5.028049236496223,1.0,1.0,1.0,1.0,0.0,0.0
26,135,4.558503602378981,8.90902428276105,0.0,0.0,0.0,0.0,1.0,1.0
27,135,5.515520018186773,1.5957172766253118,0.0,0.0,0.0,1.0,1.0,1.0
28,135,6.8837076707551486,9.939467184855436,1.0,0.0,1.0,1.0,0.0,0.0
29,135,5.556970704523591,0.0,0.0,0.0,1.0,0.0,1.0,0.0
30,135,2.0561632152488976,7.78738941409086,1.0,0.0,0.0,1.0,1.0,0.0
31,135,4.406954712852001,0.6115723191921464,0.0,0.0,0.0,0.0,1.0,1.0
32,135,4.754231111646479,1.523325239075206,1.0,1.0,0.0,1.0,0.0,1.0
33,135,10.287475541180545,11.73066431441908,0.0,0.0,0.0,0.0,1.0,1.0
34,135,1.550458905764832,0.26626678783325,1.0,0.0,1.0,1.0,0.0,1.0
35,135,6.505933267138902,6.1266663920556805,0.0,1.0,0.0,1.0,0.0,1.0
36,135,12.0,7.976989217831313,1.0,0.0,0.0,1.0,0.0,0.0
37,135,2.943257867291537,3.693016475107069,1.0,0.0,0.0,0.0,1.0,0.0
38,135,4.218040804039297,7.086438259214906,0.0,0.0,1.0,0.0,0.0,1.0
39,135,8.165405221625033,8.766268631461124,0.0,1.0,1.0,0.0,0.0,1.0
0,140,0.0,10.344377785935068,0.0,1.0,0.0,0.0,0.0,1.0
1,140,0.0267276122475513,0.0118735379411433,0.0,1.0,0.0,0.0,1.0,1.0
2,140,2.8751021125468386,9.27366039424224,1.0,1.0,1.0,0.0,0.0,0.0
3,140,6.478003976463479,1.573825405296546,0.0,0.0,0.0,0.0,1.0,0.0
4,140,4.165691747947293,7.608023065152152,0.0,1.0,0.0,0.0,0.0,0.0
5,140,5.261486363978334,8.63047615476237,1.0,0.0,1.0,1.0,1.0,1.0
6,140,9.90675708188187,5.151102054249281,1.0,1.0,0.0,0.0,0.0,0.0
7,140,6.288807760168865,9.93341388929577,0.0,0.0,1.0,0.0,0.0,0.0
8,140,8.272324898093645,11.943687911375502,0.0,0.0,0.0,0.0,0.0,1.0
9,140,4.649462755572114,0.0,1.0,0.0,0.0,0.0,1.0,0.0
10,140,3.491280665247963,6.913124013779405,0.0,1.0,1.0,0.0,1.0,0.0
11,140,7.990215386259086,9.809115999018092,1.0,1.0,1.0,1.0,1.0,0.0
12,140,0.0,4.317831466473504,1.0,0.0,0.0,0.0,0.0,1.0
13,140,4.583403488476558,1.3624439337717882,0.0,0.0,1.0,1.0,0.0,0.0
14,140,7.839219008544297,0.2685123267350743,1.0,0.0,1.0,0.0,0.0,1.0
15,140,11.262812778467891,6.253996441700856,1.0,0.0,0.0,0.0,0.0,0.0
16,140,7.046950302322816,11.74493650516306,0.0,1.0,1.0,0.0,1.0,0.0
17,140,12.0,1.6159273150090414,0.0,1.0,0.0,0.0,0.0,1.0
18,140,11.19871570264805,4.990784917699667,0.0,0.0,0.0,1.0,0.0,0.0
19,140,8.965044062614854,0.9755141914285052,0.0,0.0,1.0,1.0,0.0,0.0
20,140,10.690941069855404,1.7991171747316264,1.0,1.0,0.0,0.0,0.0,0.0
21,140,0.0,5.109893586156546,0.0,1.0,1.0,1.0,1.0,0.0
22,140,2.3804050769373584,4.891730805572489,1.0,1.0,0.0,0.0,1.0,0.0
23,140,6.174210405350649,6.968062721244314,0.0,0.0,0.0,0.0,0.0,0.0
24,140,8.958185479419479,11.958181396231415,0.0,1.0,0.0,1.0,0.0,0.0
25,140,0.0,5.00339283454381,1.0,1.0,1.0,1.0,0.0,0.0
26,140,4.560801688026617,8.914007864478604,0.0,0.0,0.0,0.0,1.0,1.0
27,140,5.628716963207703,1.6427848297801153,0.0,0.0,0.0,1.0,1.0,1.0
28,140,6.862923076310074,9.938387106359606,1.0,0.0,1.0,1.0,0.0,0.0
29,140,5.54793429929398,0.0,0.0,0.0,1.0,0.0,1.0,0.0
30,140,2.071007986214468,7.659098772124042,1.0,0.0,0.0,1.0,1.0,0.0
31,140,4.414131725794007,0.5840635061916006,0.0,0.0,0.0,0.0,1.0,1.0
32,140,4.819591037068436,1.4256755325242414,1.0,1.0,0.0,1.0,0.0,1.0
33,140,10.37793664467155,11.7779382862848,0.0,0.0,0.0,0.0,1.0,1.0
34,140,1.5171562665528406,0.3149219730793539,1.0,0.0,1.0,1.0,0.0,1.0
35,140,6.638408757387195,6.138582399464266,0.0,1.0,0.0,1.0,0.0,1.0
36,140,12.0,7.883675113235533,1.0,0.0,0.0,1.0,0.0,0.0
37,140,2.7435229145687323,3.729911578375847,1.0,0.0,0.0,0.0,1.0,0.0
38,140,4.237008371248298,7.071875123109088,0.0,0.0,1.0,0.0,0.0,1.0
39,140,8.174405699310936,8.815846593543482,0.0,1.0,1.0,0.0,0.0,1.0
0,145,0.0,10.351342375633578,0.0,1.0,0.0,0.0,0.0,1.0
1,145,0.0264211799389393,0.0117391009914436,0.0,1.0,0.0,0.0,1.0,1.0
2,145,2.9767815496557586,9.249006397639148,1.0,1.0,1.0,0.0,0.0,0.0
3,145,6.495357780331656,1.5622138187647363,0.0,0.0,0.0,0.0,1.0,0.0
4,145,4.312708316325002,7.541551337976194,0.0,1.0,0.0,0.0,0.0,0.0
5,145,5.256143859276399,8.63406260418964,1.0,0.0,1.0,1.0,1.0,1.0
6,145,9.915274138728716,5.156157194866471,1.0,1.0,0.0,0.0,0.0,0.0
7,145,6.350121576356383,9.884889416663905,0.0,0.0,1.0,0.0,0.0,0.0
8,145,8.24759180647236,11.921928003813653,0.0,0.0,0.0,0.0,0.0,1.0
9,145,4.704585481435068,0.0,1.0,0.0,0.0,0.0,1.0,0.0
10,145,3.437199554430909,7.022700607671231,0.0,1.0,1.0,0.0,1.0,0.0
11,145,7.988527534569719,9.7365223481211,1.0,1.0,1.0,1.0,1.0,0.0
12,145,0.0,4.270822990103151,1.0,0.0,0.0,0.0,0.0,1.0
13,145,4.600159311560277,1.3524371874049033,0.0,0.0,1.0,1.0,0.0,0.0
14,145,7.755098463026255,0.207653051476783,1.0,0.0,1.0,0.0,0.0,1.0
15,145,11.297357318790942,6.256206916442779,1.0,0.0,0.0,0.0,0.0,0.0
16,145,7.1118897485175046,11.930644840062191,0.0,1.0,1.0,0.0,1.0,0.0
17,145,11.995069732517551,1.604440703248728,0.0,1.0,0.0,0.0,0.0,1.0
18,145,11.196465308687722,4.993316893982323,0.0,0.0,0.0,1.0,0.0,0.0
19,145,8.942156919445969,1.0155769899582572,0.0,0.0,1.0,1.0,0.0,0.0
20,145,10.682491764525032,1.8019798715634423,1.0,1.0,0.0,0.0,0.0,0.0
21,145,0.0,5.1110453047507205,0.0,1.0,1.0,1.0,1.0,0.0
22,145,2.3577961962520493,4.918873735499129,1.0,1.0,0.0,0.0,1.0,0.0
23,145,6.316642423042501,6.957864742011727,0.0,0.0,0.0,0.0,0.0,0.0
24,145,8.96004279356223,11.937383972925684,0.0,1.0,0.0,1.0,0.0,0.0
25,145,0.0,4.975838748391936,1.0,1.0,1.0,1.0,0.0,0.0
26,145,4.563174981244808,8.919105115163399,0.0,0.0,0.0,0.0,1.0,1.0
27,145,5.738686107024456,1.6845911796216309,0.0,0.0,0.0,1.0,1.0,1.0
28,145,6.84881202192581,9.937826584348096,1.0,0.0,1.0,1.0,0.0,0.0
29,145,5.51340929989463,0.0,0.0,0.0,1.0,0.0,1.0,0.0
30,145,2.091702630101113,7.510920793256212,1.0,0.0,0.0,1.0,1.0,0.0
31,145,4.417645686046821,0.5701142714997289,0.0,0.0,0.0,0.0,1.0,1.0
32,145,4.879800448309276,1.3328032048534224,1.0,1.0,0.0,1.0,0.0,1.0
33,145,10.449294361853234,11.814786540617307,0.0,0.0,0.0,0.0,1.0,1.0
34,145,1.4848038874160914,0.3602653587580821,1.0,0.0,1.0,1.0,0.0,1.0
35,145,6.777677475783281,6.153193253171367,0.0,1.0,0.0,1.0,0.0,1.0
36,145,12.0,7.794357845957765,1.0,0.0,0.0,1.0,0.0,0.0
37,145,2.5577892919998835,3.765366215113528,1.0,0.0,0.0,0.0,1.0,0.0
38,145,4.267753353177315,7.0482015393885975,0.0,0.0,1.0,0.0,0.0,1.0
39,145,8.179378160485307,8.843388501076912,0.0,1.0,1.0,0.0,0.0,1.0
0,150,0.0,10.356705788850778,0.0,1.0,0.0,0.0,0.0,1.0
1,150,0.0098364038207562,0.0038652380298709,0.0,1.0,0.0,0.0,1.0,1.0
2,150,3.069979035061071,9.22654959597978,1.0,1.0,1.0,0.0,0.0,0.0
3,150,6.499308918901918,1.5595738959280536,0.0,0.0,0.0,0.0,1.0,0.0
4,150,4.4549232256754046,7.478543726494623,0.0,1.0,0.0,0.0,0.0,0.0
5,150,5.241525994646042,8.643531540014749,1.0,0.0,1.0,1.0,1.0,1.0
6,150,9.915278355586828,5.156159609951354,1.0,1.0,0.0,0.0,0.0,0.0
7,150,6.425761987049607,9.82536607244984,0.0,0.0,1.0,0.0,0.0,0.0
8,150,8.229179028245024,11.906235210179585,0.0,0.0,0.0,0.0,0.0,1.0
9,150,4.760280952386226,0.0,1.0,0.0,0.0,0.0,1.0,0.0
10,150,3.389302668052716,7.11861278481211,0.0,1.0,1.0,0.0,1.0,0.0
11,150,7.98610698889955,9.67923251716964,1.0,1.0,1.0,1.0,1.0,0.0
12,150,0.0,4.236194156502193,1.0,0.0,0.0,0.0,0.0,1.0
13,150,4.628295036270302,1.3352550344270888,0.0,0.0,1.0,1.0,0.0,0.0
14,150,7.668429592251634,0.1422128915624734,1.0,0.0,1.0,0.0,0.0,1.0
15,150,11.330696725157214,6.257227016964424,1.0,0.0,0.0,0.0,0.0,0.0
16,150,7.170158511975755,12.0,0.0,1.0,1.0,0.0,1.0,0.0
17,150,11.985165085627322,1.5829502492009149,0.0,1.0,0.0,0.0,0.0,1.0
18,150,11.19824748823434,4.991232252740498,0.0,0.0,0.0,1.0,0.0,0.0
19,150,8.915575326114755,1.0602397387787257,0.0,0.0,1.0,1.0,0.0,0.0
20,150,10.656650932130546,1.810676118814797,1.0,1.0,0.0,0.0,0.0,0.0
21,150,0.0,5.118532054652036,0.0,1.0,1.0,1.0,1.0,0.0
22,150,2.321100402844734,4.96559963190878,1.0,1.0,0.0,0.0,1.0,0.0
23,150,6.483541454459754,6.948501828915747,0.0,0.0,0.0,0.0,0.0,0.0
24,150,8.98311762943136,11.939464914188129,0.0,1.0,0.0,1.0,0.0,0.0
25,150,0.0,4.952526307216408,1.0,1.0,1.0,1.0,0.0,0.0
26,150,4.564363593750088,8.921726995780578,0.0,0.0,0.0,0.0,1.0,1.0
27,150,5.83435751181378,1.7185982233157109,0.0,0.0,0.0,1.0,1.0,1.0
28,150,6.830437845724904,9.937248789325656,1.0,0.0,1.0,1.0,0.0,0.0
29,150,5.484326664101372,0.0,0.0,0.0,1.0,0.0,1.0,0.0
30,150,2.106720091532384,7.391908255197336,1.0,0.0,0.0,1.0,1.0,0.0
31,150,4.417791217207342,0.5695543249984708,0.0,0.0,0.0,0.0,1.0,1.0
32,150,4.934813978745368,1.2521304388301568,1.0,1.0,0.0,1.0,0.0,1.0
33,150,10.52304607847172,11.850423728647446,0.0,0.0,0.0,0.0,1.0,1.0
34,150,1.449759688243463,0.4078464924271427,1.0,0.0,1.0,1.0,0.0,1.0
35,150,6.913613715519994,6.16610773555817,0.0,1.0,0.0,1.0,0.0,1.0
36,150,12.0,7.719434925657842,1.0,0.0,0.0,1.0,0.0,0.0
37,150,2.35750155223964,3.805778465275507,1.0,0.0,0.0,0.0,1.0,0.0
38,150,4.314076517204964,7.013750224631676,0.0,0.0,1.0,0.0,0.0,1.0
39,150,8.181255039114497,8.853411047087627,0.0,1.0,1.0,0.0,0.0,1.0
0,155,0.0,10.360022881766472,0.0,1.0,0.0,0.0,0.0,1.0
1,155,0.0,0.0,0.0,1.0,0.0,0.0,1.0,1.0
2,155,3.095272357270681,9.335799305205445,1.0,1.0,1.0,0.0,0.0,0.0
3,155,6.51257285856901,1.5510501287812346,0.0,0.0,0.0,0.0,1.0,0.0
4,155,4.587064955513106,7.416534656355484,0.0,1.0,0.0,0.0,0.0,0.0
5,155,5.261909524935053,8.63080158923226,1.0,0.0,1.0,1.0,1.0,1.0
6,155,9.908684653117495,5.152302343534749,1.0,1.0,0.0,0.0,0.0,0.0
7,155,6.494553432212397,9.770922380175987,0.0,0.0,1.0,0.0,0.0,0.0
8,155,8.21532278273802,11.894379853108855,0.0,0.0,0.0,0.0,0.0,1.0
9,155,4.821070863799035,0.0,1.0,0.0,0.0,0.0,1.0,0.0
10,155,3.3318346554398923,7.236684207914446,0.0,1.0,1.0,0.0,1.0,0.0
11,155,7.98341923313894,9.63273218281518,1.0,1.0,1.0,1.0,1.0,0.0
12,155,0.0,4.218261973451183,1.0,0.0,0.0,0.0,0.0,1.0
13,155,4.663733254086305,1.313839817297505,0.0,0.0,1.0,1.0,0.0,0.0
14,155,7.5717028101240915,0.0661240220154784,1.0,0.0,1.0,0.0,0.0,1.0
15,155,11.36504978523529,6.259212625595302,1.0,0.0,0.0,0.0,0.0,0.0
16,155,7.226684064819009,12.0,0.0,1.0,1.0,0.0,1.0,0.0
17,155,11.976646833755508,1.563246260149323,0.0,1.0,0.0,0.0,0.0,1.0
18,155,11.195354198759214,4.994507058209944,0.0,0.0,0.0,1.0,0.0,0.0
19,155,8.877384647486767,1.1257979148038433,0.0,0.0,1.0,1.0,0.0,0.0
20,155,10.657977235211318,1.8102672039147647,1.0,1.0,0.0,0.0,0.0,0.0
21,155,0.0,5.143176199052289,0.0,1.0,1.0,1.0,1.0,0.0
22,155,2.286609398448126,5.008726929726061,1.0,1.0,0.0,0.0,1.0,0.0
23,155,6.662329026964829,6.945122687492967,0.0,0.0,0.0,0.0,0.0,0.0
24,155,9.006489628657912,11.941314034835257,0.0,1.0,0.0,1.0,0.0,0.0
25,155,0.0,4.932872055604011,1.0,1.0,1.0,1.0,0.0,0.0
26,155,4.574536695018086,8.943593520422647,0.0,0.0,0.0,0.0,1.0,1.0
27,155,5.924372018660251,1.7463179902363708,0.0,0.0,0.0,1.0,1.0,1.0
28,155,6.840310773705264,9.937449642213169,1.0,0.0,1.0,1.0,0.0,0.0
29,155,5.466601528062959,0.0,0.0,0.0,1.0,0.0,1.0,0.0
30,155,2.11552611924851,7.3014579329562785,1.0,0.0,0.0,1.0,1.0,0.0
31,155,4.41586490382458,0.5776353374067493,0.0,0.0,0.0,0.0,1.0,1.0
32,155,4.999748120966161,1.159956863159385,1.0,1.0,0.0,1.0,0.0,1.0
33,155,10.610444437460098,11.89271130479938,0.0,0.0,0.0,0.0,1.0,1.0
34,155,1.4070585145248766,0.4673862655285215,1.0,0.0,1.0,1.0,0.0,1.0
35,155,7.053959552351557,6.176730288594129,0.0,1.0,0.0,1.0,0.0,1.0
36,155,12.0,7.668289417017965,1.0,0.0,0.0,1.0,0.0,0.0
37,155,2.169021394524592,3.840620647047503,1.0,0.0,0.0,0.0,1.0,0.0
38,155,4.363715697618363,6.977308248738498,0.0,0.0,1.0,0.0,0.0,1.0
39,155,8.183061216812437,8.86278316177056,0.0,1.0,1.0,0.0,0.0,1.0
0,160,0.0,10.361517097485626,0.0,1.0,0.0,0.0,0.0,1.0
1,160,0.0,0.0,0.0,1.0,0.0,0.0,1.0,1.0
2,160,3.125006972701629,9.46004865485854,1.0,1.0,1.0,0.0,0.0,0.0
3,160,6.539571674201273,1.5339904353623994,0.0,0.0,0.0,0.0,1.0,0.0
4,160,4.737438112349214,7.338391324786882,0.0,1.0,0.0,0.0,0.0,0.0
5,160,5.276426003063486,8.622132810274458,1.0,0.0,1.0,1.0,1.0,1.0
6,160,9.893593476044018,5.143472927878061,1.0,1.0,0.0,0.0,0.0,0.0
7,160,6.573367090643211,9.70871233500883,0.0,0.0,1.0,0.0,0.0,0.0
8,160,8.196954882675296,11.879005627789988,0.0,0.0,0.0,0.0,0.0,1.0
9,160,4.874819744591787,0.0,1.0,0.0,0.0,0.0,1.0,0.0
10,160,3.27292254172232,7.359293188013653,0.0,1.0,1.0,0.0,1.0,0.0
11,160,7.982032916955482,9.60743146380893,1.0,1.0,1.0,1.0,1.0,0.0
12,160,0.0,4.199589596833941,1.0,0.0,0.0,0.0,0.0,1.0
13,160,4.696419312485601,1.2937897768656448,0.0,0.0,1.0,1.0,0.0,0.0
14,160,7.487201221804929,0.0,1.0,0.0,1.0,0.0,0.0,1.0
15,160,11.406958266717606,6.261180269818547,1.0,0.0,0.0,0.0,0.0,0.0
16,160,7.284397492096542,12.0,0.0,1.0,1.0,0.0,1.0,0.0
17,160,11.96468993083616,1.5363726035914913,0.0,1.0,0.0,0.0,0.0,1.0
18,160,11.1949846686,4.994941829347596,0.0,0.0,0.0,1.0,0.0,0.0
19,160,8.819729992968352,1.222350219067764,0.0,0.0,1.0,1.0,0.0,0.0
20,160,10.642461108834633,1.8148616771099009,1.0,1.0,0.0,0.0,0.0,0.0
21,160,0.0,5.173706611780226,0.0,1.0,1.0,1.0,1.0,0.0
22,160,2.2545363108264493,5.046096070812304,1.0,1.0,0.0,0.0,1.0,0.0
23,160,6.842285448027336,6.943970543845203,0.0,0.0,0.0,0.0,0.0,0.0
24,160,9.00881190358573,11.941556686522802,0.0,1.0,0.0,1.0,0.0,0.0
25,160,0.0,4.909655996822981,1.0,1.0,1.0,1.0,0.0,0.0
26,160,4.571343095241652,8.936528822906082,0.0,0.0,0.0,0.0,1.0,1.0
27,160,6.014535951506361,1.775204296748908,0.0,0.0,0.0,1.0,1.0,1.0
28,160,6.839813748496869,9.937451834211425,1.0,0.0,1.0,1.0,0.0,0.0
29,160,5.451668439196282,0.0,0.0,0.0,1.0,0.0,1.0,0.0
30,160,2.125104586944762,7.216363535203705,1.0,0.0,0.0,1.0,1.0,0.0
31,160,4.416106205324407,0.5765749360805246,0.0,0.0,0.0,0.0,1.0,1.0
32,160,5.056108825421486,1.0790329910581613,1.0,1.0,0.0,1.0,0.0,1.0
33,160,10.698658939077394,11.936506277157724,0.0,0.0,0.0,0.0,1.0,1.0
34,160,1.3617512604185424,0.5308960294294474,1.0,0.0,1.0,1.0,0.0,1.0
35,160,7.183334846360502,6.18104830127723,0.0,1.0,0.0,1.0,0.0,1.0
36,160,12.0,7.60467778893542,1.0,0.0,0.0,1.0,0.0,0.0
37,160,1.9815013127483692,3.879997223718261,1.0,0.0,0.0,0.0,1.0,0.0
38,160,4.389701490231881,6.957944378024499,0.0,0.0,1.0,0.0,0.0,1.0
39,160,8.189179122585585,8.895085787038433,0.0,1.0,1.0,0.0,0.0,1.0
0,165,0.0,10.362993023516305,0.0,1.0,0.0,0.0,0.0,1.0
1,165,0.0,0.0,0.0,1.0,0.0,0.0,1.0,1.0
2,165,3.152486966708887,9.569193880648507,1.0,1.0,1.0,0.0,0.0,0.0
3,165,6.584841006504616,1.5034487480185927,0.0,0.0,0.0,0.0,1.0,0.0
4,165,4.888867796416939,7.261979559783849,0.0,1.0,0.0,0.0,0.0,0.0
5,165,5.289573092565584,8.614165479241448,1.0,0.0,1.0,1.0,1.0,1.0
6,165,9.888753380257494,5.1406069680133415,1.0,1.0,0.0,0.0,0.0,0.0
7,165,6.655835005626229,9.643184499393012,0.0,0.0,1.0,0.0,0.0,0.0
8,165,8.166727822652044,11.853393382983844,0.0,0.0,0.0,0.0,0.0,1.0
9,165,4.928016645338997,0.0,1.0,0.0,0.0,0.0,1.0,0.0
10,165,3.2215266913285108,7.472856918027501,0.0,1.0,1.0,0.0,1.0,0.0
11,165,7.980147510917266,9.566463335579057,1.0,1.0,1.0,1.0,1.0,0.0
12,165,0.0,4.187300228052573,1.0,0.0,0.0,0.0,0.0,1.0
13,165,4.727062668993012,1.2752002580118451,0.0,0.0,1.0,1.0,0.0,0.0
14,165,7.402681576184578,0.0,1.0,0.0,1.0,0.0,0.0,1.0
15,165,11.447813523403177,6.263496196635813,1.0,0.0,0.0,0.0,0.0,0.0
16,165,7.346361145751505,12.0,0.0,1.0,1.0,0.0,1.0,0.0
17,165,11.954680375190792,1.5135618169250713,0.0,1.0,0.0,0.0,0.0,1.0
18,165,11.197016248281589,4.992545043670459,0.0,0.0,0.0,1.0,0.0,0.0
19,165,8.758444647617667,1.3174023172677278,0.0,0.0,1.0,1.0,0.0,0.0
20,165,10.635477251060845,1.8169248991939315,1.0,1.0,0.0,0.0,0.0,0.0
21,165,0.0,5.198064464102444,0.0,1.0,1.0,1.0,1.0,0.0
22,165,2.22963598028101,5.074394654019804,1.0,1.0,0.0,0.0,1.0,0.0
23,165,7.027520944040499,6.944466575003122,0.0,0.0,0.0,0.0,0.0,0.0
24,165,9.01714106573737,11.942657911179548,0.0,1.0,0.0,1.0,0.0,0.0
25,165,0.0,4.881381262806284,1.0,1.0,1.0,1.0,0.0,0.0
26,165,4.568445826305645,8.929961433199018,0.0,0.0,0.0,0.0,1.0,1.0
27,165,6.120635697711339,1.805837813246901,0.0,0.0,0.0,1.0,1.0,1.0
28,165,6.845372922632808,9.93739335549772,1.0,0.0,1.0,1.0,0.0,0.0
29,165,5.439183955359784,0.0,0.0,0.0,1.0,0.0,1.0,0.0
30,165,2.1364356917885137,7.1122699570753065,1.0,0.0,0.0,1.0,1.0,0.0
31,165,4.416673473633614,0.5741688635670608,0.0,0.0,0.0,0.0,1.0,1.0
32,165,5.110998580892958,1.003212174109125,1.0,1.0,0.0,1.0,0.0,1.0
33,165,10.793062316386411,11.981923080059545,0.0,0.0,0.0,0.0,1.0,1.0
34,165,1.327837110518436,0.5793450456738195,1.0,0.0,1.0,1.0,0.0,1.0
35,165,7.304661803422502,6.18601283292056,0.0,1.0,0.0,1.0,0.0,1.0
36,165,11.999604894680406,7.540329648854457,1.0,0.0,0.0,1.0,0.0,0.0
37,165,1.7858429651113763,3.9263534857312425,1.0,0.0,0.0,0.0,1.0,0.0
38,165,4.4076405321372905,6.944409420077435,0.0,0.0,1.0,0.0,0.0,1.0
39,165,8.19601593983585,8.932613004406761,0.0,1.0,1.0,0.0,0.0,1.0
0,170,0.0,10.362991259327302,0.0,1.0,0.0,0.0,0.0,1.0
1,170,0.0,0.0171243813836353,0.0,1.0,0.0,0.0,1.0,1.0
2,170,3.1821181962030294,9.691558181732091,1.0,1.0,1.0,0.0,0.0,0.0
3,170,6.617137576683113,1.4806215021705738,0.0,0.0,0.0,0.0,1.0,0.0
4,170,5.028560483628864,7.190176747680751,0.0,1.0,0.0,0.0,0.0,0.0
5,170,5.29499422373224,8.610748254354926,1.0,0.0,1.0,1.0,1.0,1.0
6,170,9.902950857667632,5.149384920334273,1.0,1.0,0.0,0.0,0.0,0.0
7,170,6.732614977623669,9.580824238896536,0.0,0.0,1.0,0.0,0.0,0.0
8,170,8.140524280506856,11.831018298284343,0.0,0.0,0.0,0.0,0.0,1.0
9,170,4.972486131510477,0.0,1.0,0.0,0.0,0.0,1.0,0.0
10,170,3.172627122767702,7.580515235379194,0.0,1.0,1.0,0.0,1.0,0.0
11,170,7.978613763151737,9.535149555067022,1.0,1.0,1.0,1.0,1.0,0.0
12,170,0.0,4.155453508157812,1.0,0.0,0.0,0.0,0.0,1.0
13,170,4.77930542746878,1.24410251979277,0.0,0.0,1.0,1.0,0.0,0.0
14,170,7.306261442929513,0.0,1.0,0.0,1.0,0.0,0.0,1.0
15,170,11.480662253458062,6.266455536250778,1.0,0.0,0.0,0.0,0.0,0.0
16,170,7.403983955258192,12.0,0.0,1.0,1.0,0.0,1.0,0.0
17,170,11.94849360405747,1.4993877554123312,0.0,1.0,0.0,0.0,0.0,1.0
18,170,11.195782566470852,4.994052824701805,0.0,0.0,0.0,1.0,0.0,0.0
19,170,8.682054348055415,1.4371803763880289,0.0,0.0,1.0,1.0,0.0,0.0
20,170,10.622490393422558,1.8208305830337432,1.0,1.0,0.0,0.0,0.0,0.0
21,170,0.0,5.229255240807003,0.0,1.0,1.0,1.0,1.0,0.0
22,170,2.2129874849547213,5.094459994535407,1.0,1.0,0.0,0.0,1.0,0.0
23,170,7.22498822295529,6.942312283877503,0.0,0.0,0.0,0.0,0.0,0.0
24,170,9.013509939434847,11.942195893502271,0.0,1.0,0.0,1.0,0.0,0.0
25,170,0.0,4.842403124680417,1.0,1.0,1.0,1.0,0.0,0.0
26,170,4.569129143654025,8.931463534574016,0.0,0.0,0.0,0.0,1.0,1.0
27,170,6.229063017364613,1.83693136160016,0.0,0.0,0.0,1.0,1.0,1.0
28,170,6.889664056469731,9.936787773293997,1.0,0.0,1.0,1.0,0.0,0.0
29,170,5.424078067628512,0.0,0.0,0.0,1.0,0.0,1.0,0.0
30,170,2.1445699722615545,7.024287600290335,1.0,0.0,0.0,1.0,1.0,0.0
31,170,4.416026551695916,0.5770700589862195,0.0,0.0,0.0,0.0,1.0,1.0
32,170,5.175193056772155,0.9114982744827268,1.0,1.0,0.0,1.0,0.0,1.0
33,170,10.920403281709358,12.0,0.0,0.0,0.0,0.0,1.0,1.0
34,170,1.3003861772467529,0.6208929237982473,1.0,0.0,1.0,1.0,0.0,1.0
35,170,7.42431887886211,6.191814709390065,0.0,1.0,0.0,1.0,0.0,1.0
36,170,11.999702141358815,7.48525665394598,1.0,0.0,0.0,1.0,0.0,0.0
37,170,1.5912944330438763,3.9682853258021047,1.0,0.0,0.0,0.0,1.0,0.0
38,170,4.417589038168494,6.937008320421428,0.0,0.0,1.0,0.0,0.0,1.0
39,170,8.203103393460546,8.980857040289102,0.0,1.0,1.0,0.0,0.0,1.0
0,175,0.0,10.365077530079684,0.0,1.0,0.0,0.0,0.0,1.0
1,175,0.0007419748320793,0.0156624200107554,0.0,1.0,0.0,0.0,1.0,1.0
2,175,3.2143260554782307,9.809905401966862,1.0,1.0,1.0,0.0,0.0,0.0
3,175,6.657704461611399,1.4536917623136931,0.0,0.0,0.0,0.0,1.0,0.0
4,175,5.185910177373884,7.111147823214853,0.0,1.0,0.0,0.0,0.0,0.0
5,175,5.28955463513023,8.613925528700884,1.0,0.0,1.0,1.0,1.0,1.0
6,175,9.929043486591048,5.165764848643121,1.0,1.0,0.0,0.0,0.0,0.0
7,175,6.807600551587244,9.521714455127364,0.0,0.0,1.0,0.0,0.0,0.0
8,175,8.113233470522035,11.80780043357584,0.0,0.0,0.0,0.0,0.0,1.0
9,175,5.01985156810915,0.0,1.0,0.0,0.0,0.0,1.0,0.0
10,175,3.110098579092377,7.706754172711142,0.0,1.0,1.0,0.0,1.0,0.0
11,175,7.977381399007355,9.518336491744307,1.0,1.0,1.0,1.0,1.0,0.0
12,175,0.0,4.137653506140738,1.0,0.0,0.0,0.0,0.0,1.0
13,175,4.83395864334235,1.2102282179053276,0.0,0.0,1.0,1.0,0.0,0.0
14,175,7.183502496563703,0.0,1.0,0.0,1.0,0.0,0.0,1.0
15,175,11.478145751143067,6.292350391396792,1.0,0.0,0.0,0.0,0.0,0.0
16,175,7.464695598655711,12.0,0.0,1.0,1.0,0.0,1.0,0.0
17,175,11.938682723120536,1.4789336478566453,0.0,1.0,0.0,0.0,0.0,1.0
18,175,11.189545277942106,5.001591990339428,0.0,0.0,0.0,1.0,0.0,0.0
19,175,8.60166149190889,1.5601097364000287,0.0,0.0,1.0,1.0,0.0,0.0
20,175,10.59117255834476,1.830136123196664,1.0,1.0,0.0,0.0,0.0,0.0
21,175,0.0,5.247775661503419,0.0,1.0,1.0,1.0,1.0,0.0
22,175,2.190468158285092,5.12293230996992,1.0,1.0,0.0,0.0,1.0,0.0
23,175,7.427214294490946,6.940054409008549,0.0,0.0,0.0,0.0,0.0,0.0
24,175,9.036116207045856,11.945162608136435,0.0,1.0,0.0,1.0,0.0,0.0
25,175,0.0,4.808967574156433,1.0,1.0,1.0,1.0,0.0,0.0
26,175,4.578313685807,8.952289195876249,0.0,0.0,0.0,0.0,1.0,1.0
27,175,6.323783363954567,1.8638001300693228,0.0,0.0,0.0,1.0,1.0,1.0
28,175,6.939998922281353,9.93619902137297,1.0,0.0,1.0,1.0,0.0,0.0
29,175,5.400630813483334,0.0,0.0,0.0,1.0,0.0,1.0,0.0
30,175,2.150699542692966,6.945331141898884,1.0,0.0,0.0,1.0,1.0,0.0
31,175,4.418658762148744,0.564464788552569,0.0,0.0,0.0,0.0,1.0,1.0
32,175,5.246606664316989,0.8123844612581097,1.0,1.0,0.0,1.0,0.0,1.0
33,175,11.025997072148082,12.0,0.0,0.0,0.0,0.0,1.0,1.0
34,175,1.281973929399887,0.6499337134153947,1.0,0.0,1.0,1.0,0.0,1.0
35,175,7.554566452641829,6.201500705359558,0.0,1.0,0.0,1.0,0.0,1.0
36,175,11.998752732985183,7.428412415852554,1.0,0.0,0.0,1.0,0.0,0.0
37,175,1.4143738575212534,4.007859303793969,1.0,0.0,0.0,0.0,1.0,0.0
38,175,4.412360471547821,6.940866120275464,0.0,0.0,1.0,0.0,0.0,1.0
39,175,8.208571039192002,9.019483847297217,0.0,1.0,1.0,0.0,0.0,1.0
0,180,0.0,10.369344443158868,0.0,1.0,0.0,0.0,0.0,1.0
1,180,0.0097814737350732,0.0,0.0,1.0,0.0,0.0,1.0,1.0
2,180,3.256093441511305,9.9519238098446,1.0,1.0,1.0,0.0,0.0,0.0
3,180,6.705543026996974,1.423419117138086,0.0,0.0,0.0,0.0,1.0,0.0
4,180,5.343897153977223,7.031147618275971,0.0,1.0,0.0,0.0,0.0,0.0
5,180,5.293772827094017,8.611517060296912,1.0,0.0,1.0,1.0,1.0,1.0
6,180,9.961176163543724,5.186595681812033,1.0,1.0,0.0,0.0,0.0,0.0
7,180,6.872260643805396,9.46982279839585,0.0,0.0,1.0,0.0,0.0,0.0
8,180,8.076274890946209,11.777789262208024,0.0,0.0,0.0,0.0,0.0,1.0
9,180,5.063088315133205,0.0,1.0,0.0,0.0,0.0,1.0,0.0
10,180,3.0462365813980736,7.829962647464535,0.0,1.0,1.0,0.0,1.0,0.0
11,180,7.974129126526165,9.482832982694854,1.0,1.0,1.0,1.0,1.0,0.0
12,180,0.0,4.119926839750521,1.0,0.0,0.0,0.0,0.0,1.0
13,180,4.883551417449819,1.1778224776798374,0.0,0.0,1.0,1.0,0.0,0.0
14,180,7.055522780199023,0.0,1.0,0.0,1.0,0.0,0.0,1.0
15,180,11.476000710881651,6.32365895272418,1.0,0.0,0.0,0.0,0.0,0.0
16,180,7.526086658933682,12.0,0.0,1.0,1.0,0.0,1.0,0.0
17,180,11.933397560696651,1.4679279858876113,0.0,1.0,0.0,0.0,0.0,1.0
18,180,11.183679047653987,5.008715076094339,0.0,0.0,0.0,1.0,0.0,0.0
19,180,8.524664322783092,1.680372129361679,0.0,0.0,1.0,1.0,0.0,0.0
20,180,10.566363105911137,1.8377879036441331,1.0,1.0,0.0,0.0,0.0,0.0
21,180,0.0,5.264466411585353,0.0,1.0,1.0,1.0,1.0,0.0
22,180,2.178870203257679,5.13784762119255,1.0,1.0,0.0,0.0,1.0,0.0
23,180,7.624243662487344,6.942081115545601,0.0,0.0,0.0,0.0,0.0,0.0
24,180,9.066104843453854,11.948754673384313,0.0,1.0,0.0,1.0,0.0,0.0
25,180,0.0,4.771581251897234,1.0,1.0,1.0,1.0,0.0,0.0
26,180,4.587819384612891,8.975681450486237,0.0,0.0,0.0,0.0,1.0,1.0
27,180,6.432545116337362,1.894994811125979,0.0,0.0,0.0,1.0,1.0,1.0
28,180,6.978579547285485,9.936377764951825,1.0,0.0,1.0,1.0,0.0,0.0
29,180,5.381670005588421,0.0,0.0,0.0,1.0,0.0,1.0,0.0
30,180,2.160209635995715,6.865347981968321,1.0,0.0,0.0,1.0,1.0,0.0
31,180,4.419624965087156,0.5598748197762425,0.0,0.0,0.0,0.0,1.0,1.0
32,180,5.335997680035607,0.6863995823800793,1.0,1.0,0.0,1.0,0.0,1.0
33,180,11.157288224451902,12.0,0.0,0.0,0.0,0.0,1.0,1.0
34,180,1.273292098382621,0.6644513139838276,1.0,0.0,1.0,1.0,0.0,1.0
35,180,7.686689680463339,6.212548509162567,0.0,1.0,0.0,1.0,0.0,1.0
36,180,11.99795624080107,7.372524291151796,1.0,0.0,0.0,1.0,0.0,0.0
37,180,1.247081336365364,4.043957788854559,1.0,0.0,0.0,0.0,1.0,0.0
38,180,4.412840842415167,6.940504377125639,0.0,0.0,1.0,0.0,0.0,1.0
39,180,8.215135389873211,9.068639989722618,0.0,1.0,1.0,0.0,0.0,1.0
0,185,0.0,10.373924074622726,0.0,1.0,0.0,0.0,0.0,1.0
1,185,0.0266093142809215,0.0,0.0,1.0,0.0,0.0,1.0,1.0
2,185,3.2979223885050306,10.087010764986973,1.0,1.0,1.0,0.0,0.0,0.0
3,185,6.750697837247087,1.3954569129085124,0.0,0.0,0.0,0.0,1.0,0.0
4,185,5.496286777020405,6.954324005564708,0.0,1.0,0.0,0.0,0.0,0.0
5,185,5.281810963781208,8.618102023104512,1.0,0.0,1.0,1.0,1.0,1.0
6,185,10.002712293612792,5.213723944349088,1.0,1.0,0.0,0.0,0.0,0.0
7,185,6.912332503436002,9.43788665593695,0.0,0.0,1.0,0.0,0.0,0.0
8,185,8.033621413306514,11.742761481562704,0.0,0.0,0.0,0.0,0.0,1.0
9,185,5.105881853389009,0.0,1.0,0.0,0.0,0.0,1.0,0.0
10,185,2.974292312702226,7.964774678467364,0.0,1.0,1.0,0.0,1.0,0.0
11,185,7.969750549702338,9.430886076525775,1.0,1.0,1.0,1.0,1.0,0.0
12,185,0.0,4.098388906220429,1.0,0.0,0.0,0.0,0.0,1.0
13,185,4.9247979389797925,1.150853243555304,0.0,0.0,1.0,1.0,0.0,0.0
14,185,6.934454662880571,0.0,1.0,0.0,1.0,0.0,0.0,1.0
15,185,11.473819405098066,6.359130178435866,1.0,0.0,0.0,0.0,0.0,0.0
16,185,7.593151753255206,12.0,0.0,1.0,1.0,0.0,1.0,0.0
17,185,11.924563590711957,1.4491854804306576,0.0,1.0,0.0,0.0,0.0,1.0
18,185,11.169020507575045,5.026894771050154,0.0,0.0,0.0,1.0,0.0,0.0
19,185,8.439244829458387,1.806335916525964,0.0,0.0,1.0,1.0,0.0,0.0
20,185,10.541222005087455,1.8455909299960664,1.0,1.0,0.0,0.0,0.0,0.0
21,185,0.0,5.2789384481167225,0.0,1.0,1.0,1.0,1.0,0.0
22,185,2.167265778737002,5.152794885716147,1.0,1.0,0.0,0.0,1.0,0.0
23,185,7.827227312185745,6.945293235866196,0.0,0.0,0.0,0.0,0.0,0.0
24,185,9.10322177867302,11.953511617803986,0.0,1.0,0.0,1.0,0.0,0.0
25,185,0.0,4.732907638109843,1.0,1.0,1.0,1.0,0.0,0.0
26,185,4.597446577697241,8.99927892502239,0.0,0.0,0.0,0.0,1.0,1.0
27,185,6.540743751472995,1.9281546218021317,0.0,0.0,0.0,1.0,1.0,1.0
28,185,7.038984081409511,9.935441311912925,1.0,0.0,1.0,1.0,0.0,0.0
29,185,5.365358600496016,0.0,0.0,0.0,1.0,0.0,1.0,0.0
30,185,2.169244755073606,6.782075077066363,1.0,0.0,0.0,1.0,1.0,0.0
31,185,4.418610351593558,0.56465946189942,0.0,0.0,0.0,0.0,1.0,1.0
32,185,5.429023525532535,0.5542986158049495,1.0,1.0,0.0,1.0,0.0,1.0
33,185,11.275809975042066,12.0,0.0,0.0,0.0,0.0,1.0,1.0
34,185,1.2672163098092233,0.6749161463602025,1.0,0.0,1.0,1.0,0.0,1.0
35,185,7.828510283804031,6.230396539943454,0.0,1.0,0.0,1.0,0.0,1.0
36,185,11.997416308054918,7.337724417607164,1.0,0.0,0.0,1.0,0.0,0.0
37,185,1.091743418733182,4.077155818199095,1.0,0.0,0.0,0.0,1.0,0.0
38,185,4.416534973671417,6.937792519926569,0.0,0.0,1.0,0.0,0.0,1.0
39,185,8.220227055909527,9.103919006199863,0.0,1.0,1.0,0.0,0.0,1.0
0,190,0.0,10.376932222611238,0.0,1.0,0.0,0.0,0.0,1.0
1,190,0.045641677252361,0.0,0.0,1.0,0.0,0.0,1.0,1.0
2,190,3.339320074771172,10.226863837471466,1.0,1.0,1.0,0.0,0.0,0.0
3,190,6.811746456184015,1.3545000297852978,0.0,0.0,0.0,0.0,1.0,0.0
4,190,5.6245846128297465,6.883754223934542,0.0,1.0,0.0,0.0,0.0,0.0
5,190,5.266314607777993,8.626151654209293,1.0,0.0,1.0,1.0,1.0,1.0
6,190,10.051681535400585,5.242927769428683,1.0,1.0,0.0,0.0,0.0,0.0
7,190,6.9530577031586684,9.405459045265934,0.0,0.0,1.0,0.0,0.0,0.0
8,190,7.983764693971448,11.701751865765583,0.0,0.0,0.0,0.0,0.0,1.0
9,190,5.141896409386541,0.0,1.0,0.0,0.0,0.0,1.0,0.0
10,190,2.9022704900868943,8.098253302815184,0.0,1.0,1.0,0.0,1.0,0.0
11,190,7.964498237056833,9.3767612500424,1.0,1.0,1.0,1.0,1.0,0.0
12,190,0.0,4.074595962586362,1.0,0.0,0.0,0.0,0.0,1.0
13,190,4.982524076617072,1.1141366732221378,0.0,0.0,1.0,1.0,0.0,0.0
14,190,6.818342563307798,0.0,1.0,0.0,1.0,0.0,0.0,1.0
15,190,11.470894814267744,6.399562880846228,1.0,0.0,0.0,0.0,0.0,0.0
16,190,7.672580360544335,12.0,0.0,1.0,1.0,0.0,1.0,0.0
17,190,11.911923126515031,1.4224786406443304,0.0,1.0,0.0,0.0,0.0,1.0
18,190,11.145236123600416,5.0568322239342605,0.0,0.0,0.0,1.0,0.0,0.0
19,190,8.342275435693981,1.9522038120242544,0.0,0.0,1.0,1.0,0.0,0.0
20,190,10.513371777008198,1.854472366444036,1.0,1.0,0.0,0.0,0.0,0.0
21,190,0.0,5.29219892171101,0.0,1.0,1.0,1.0,1.0,0.0
22,190,2.1559752656652638,5.1670604680668095,1.0,1.0,0.0,0.0,1.0,0.0
23,190,8.03115284291727,6.947008210412629,0.0,0.0,0.0,0.0,0.0,0.0
24,190,9.149219217389168,11.960191657367274,0.0,1.0,0.0,1.0,0.0,0.0
25,190,0.0,4.692978841009437,1.0,1.0,1.0,1.0,0.0,0.0
26,190,4.603261319604775,9.013364115718243,0.0,0.0,0.0,0.0,1.0,1.0
27,190,6.654055323394135,1.9625840342519427,0.0,0.0,0.0,1.0,1.0,1.0
28,190,7.09446788884475,9.934500055683364,1.0,0.0,1.0,1.0,0.0,0.0
29,190,5.350719700783716,0.0,0.0,0.0,1.0,0.0,1.0,0.0
30,190,2.1794461833521024,6.683359829293251,1.0,0.0,0.0,1.0,1.0,0.0
31,190,4.41654837775766,0.5755217063909095,0.0,0.0,0.0,0.0,1.0,1.0
32,190,5.518865841936497,0.42306711038927,1.0,1.0,0.0,1.0,0.0,1.0
33,190,11.409164437457216,12.0,0.0,0.0,0.0,0.0,1.0,1.0
34,190,1.2607550147028534,0.6859514058126943,1.0,0.0,1.0,1.0,0.0,1.0
35,190,7.808277774587683,6.378025098735326,0.0,1.0,0.0,1.0,0.0,1.0
36,190,11.996665480869332,7.304163612790917,1.0,0.0,0.0,1.0,0.0,0.0
37,190,0.9185576521813424,4.117936160843102,1.0,0.0,0.0,0.0,1.0,0.0
38,190,4.436768190139417,6.921703532970317,0.0,0.0,1.0,0.0,0.0,1.0
39,190,8.22705932511965,9.145351075246849,0.0,1.0,1.0,0.0,0.0,1.0
0,195,0.0,10.373249909748363,0.0,1.0,0.0,0.0,0.0,1.0
1,195,0.0654633056515349,0.0,0.0,1.0,0.0,0.0,1.0,1.0
2,195,3.382474273884312,10.37780608963887,1.0,1.0,1.0,0.0,0.0,0.0
3,195,6.870303958713092,1.3146969680084166,0.0,0.0,0.0,0.0,1.0,0.0
4,195,5.706869121210079,7.032368105175714,0.0,1.0,0.0,0.0,0.0,0.0
5,195,5.242527986958528,8.638279446944397,1.0,0.0,1.0,1.0,1.0,1.0
6,195,10.083405428459567,5.262146613042468,1.0,1.0,0.0,0.0,0.0,0.0
7,195,6.992697262766955,9.373315714372934,0.0,0.0,1.0,0.0,0.0,0.0
8,195,7.947844792637203,11.673890731793788,0.0,0.0,0.0,0.0,0.0,1.0
9,195,5.181951838156194,0.0,1.0,0.0,0.0,0.0,1.0,0.0
10,195,2.825122871529211,8.237425283600178,0.0,1.0,1.0,0.0,1.0,0.0
11,195,7.961775730426179,9.338302697469205,1.0,1.0,1.0,1.0,1.0,0.0
12,195,0.0,4.040509856346226,1.0,0.0,0.0,0.0,0.0,1.0
13,195,5.023243069929133,1.0872166025600118,0.0,0.0,1.0,1.0,0.0,0.0
14,195,6.688981161763171,0.0,1.0,0.0,1.0,0.0,0.0,1.0
15,195,11.46873095093734,6.427308998430231,1.0,0.0,0.0,0.0,0.0,0.0
16,195,7.761449482548513,12.0,0.0,1.0,1.0,0.0,1.0,0.0
17,195,11.892582952685066,1.3789163532078887,0.0,1.0,0.0,0.0,0.0,1.0
18,195,11.132446259378026,5.072851854566582,0.0,0.0,0.0,1.0,0.0,0.0
19,195,8.250737582285476,2.092993007493057,0.0,0.0,1.0,1.0,0.0,0.0
20,195,10.500732261738204,1.858314997751,1.0,1.0,0.0,0.0,0.0,0.0
21,195,0.0020277647522255,5.290455011987816,0.0,1.0,1.0,1.0,1.0,0.0
22,195,2.140982504514883,5.185453510387862,1.0,1.0,0.0,0.0,1.0,0.0
23,195,8.223895763611058,6.944136094273376,0.0,0.0,0.0,0.0,0.0,0.0
24,195,9.191927253063726,11.967751915597688,0.0,1.0,0.0,1.0,0.0,0.0
25,195,0.0,4.650597467640173,1.0,1.0,1.0,1.0,0.0,0.0
26,195,4.610133843806727,9.029459031550088,0.0,0.0,0.0,0.0,1.0,1.0
27,195,6.755921419094943,1.9944772693865216,0.0,0.0,0.0,1.0,1.0,1.0
28,195,7.143961166627313,9.93306370832232,1.0,0.0,1.0,1.0,0.0,0.0
29,195,5.3359535077202365,0.0,0.0,0.0,1.0,0.0,1.0,0.0
30,195,2.1914784258408457,6.575792981230843,1.0,0.0,0.0,1.0,1.0,0.0
31,195,4.410832934447806,0.6052007268355202,0.0,0.0,0.0,0.0,1.0,1.0
32,195,5.610298238704325,0.2904589184574065,1.0,1.0,0.0,1.0,0.0,1.0
33,195,11.53390871988898,12.0,0.0,0.0,0.0,0.0,1.0,1.0
34,195,1.2425816854015703,0.7174815787275827,1.0,0.0,1.0,1.0,0.0,1.0
35,195,7.783738841960515,6.534003494208971,0.0,1.0,0.0,1.0,0.0,1.0
36,195,11.995835360983838,7.2648209520545155,1.0,0.0,0.0,1.0,0.0,0.0
37,195,0.7159147306093065,4.167137268189794,1.0,0.0,0.0,0.0,1.0,0.0
38,195,4.457832987880432,6.905402325600468,0.0,0.0,1.0,0.0,0.0,1.0
39,195,8.235603468284847,9.199157218123412,0.0,1.0,1.0,0.0,0.0,1.0
0,200,0.0,10.36912951350082,0.0,1.0,0.0,0.0,0.0,1.0
1,200,0.0798163023129695,0.0,0.0,1.0,0.0,0.0,1.0,1.0
2,200,3.417006927733535,10.513766621033565,1.0,1.0,1.0,0.0,0.0,0.0
3,200,6.936047043025998,1.2692944491489266,0.0,0.0,0.0,0.0,1.0,0.0
4,200,5.787494204587755,7.182034234642935,0.0,1.0,0.0,0.0,0.0,0.0
5,200,5.213746466020721,8.654114338955633,1.0,0.0,1.0,1.0,1.0,1.0
6,200,10.11819914183039,5.2833166180126,1.0,1.0,0.0,0.0,0.0,0.0
7,200,7.04269595909523,9.335862257707545,0.0,0.0,1.0,0.0,0.0,0.0
8,200,7.911498456526791,11.645894525851926,0.0,0.0,0.0,0.0,0.0,1.0
9,200,5.225449985033149,0.0,1.0,0.0,0.0,0.0,1.0,0.0
10,200,2.759004706199806,8.365242462256587,0.0,1.0,1.0,0.0,1.0,0.0
11,200,7.960416256676038,9.313953404099268,1.0,1.0,1.0,1.0,1.0,0.0
12,200,0.0,4.030477074459599,1.0,0.0,0.0,0.0,0.0,1.0
13,200,5.072415875532207,1.0567450332041268,0.0,0.0,1.0,1.0,0.0,0.0
14,200,6.554681092262525,0.0,1.0,0.0,1.0,0.0,0.0,1.0
15,200,11.467132290307202,6.446933597998488,1.0,0.0,0.0,0.0,0.0,0.0
16,200,7.836149958264345,12.0,0.0,1.0,1.0,0.0,1.0,0.0
17,200,11.872397487525696,1.3338404243416355,0.0,1.0,0.0,0.0,0.0,1.0
18,200,11.11899418097726,5.090260596508186,0.0,0.0,0.0,1.0,0.0,0.0
19,200,8.162034844493666,2.233139734205062,0.0,0.0,1.0,1.0,0.0,0.0
20,200,10.487065808686276,1.8621772876273464,1.0,1.0,0.0,0.0,0.0,0.0
21,200,0.0191862577267873,5.274756693511772,0.0,1.0,1.0,1.0,1.0,0.0
22,200,2.1226509890742964,5.207169887725224,1.0,1.0,0.0,0.0,1.0,0.0
23,200,8.43882254770759,6.9448333265309445,0.0,0.0,0.0,0.0,0.0,0.0
24,200,9.233186332323845,11.97419869705544,0.0,1.0,0.0,1.0,0.0,0.0
25,200,0.0,4.608112540798517,1.0,1.0,1.0,1.0,0.0,0.0
26,200,4.616945925422455,9.04613516485551,0.0,0.0,0.0,0.0,1.0,1.0
27,200,6.85610139134567,2.0223656850700897,0.0,0.0,0.0,1.0,1.0,1.0
28,200,7.223076449009109,9.929537486286565,1.0,0.0,1.0,1.0,0.0,0.0
29,200,5.319040588991529,0.0,0.0,0.0,1.0,0.0,1.0,0.0
30,200,2.2013703140072143,6.479937952549188,1.0,0.0,0.0,1.0,1.0,0.0
31,200,4.400704872629711,0.6566194484412315,0.0,0.0,0.0,0.0,1.0,1.0
32,200,5.707981422055058,0.1458909036817592,1.0,1.0,0.0,1.0,0.0,1.0
33,200,11.630031052882588,12.0,0.0,0.0,0.0,0.0,1.0,1.0
34,200,1.2201768550796903,0.7565976470987349,1.0,0.0,1.0,1.0,0.0,1.0
35,200,7.757609029569874,6.701053076307484,0.0,1.0,0.0,1.0,0.0,1.0
36,200,11.996169810999255,7.245853976670173,1.0,0.0,0.0,1.0,0.0,0.0
37,200,0.5194156125246441,4.2156981647476535,1.0,0.0,0.0,0.0,1.0,0.0
38,200,4.495147460644463,6.8775724259865445,0.0,0.0,1.0,0.0,0.0,1.0
39,200,8.243666468834459,9.24849623808484,0.0,1.0,1.0,0.0,0.0,1.0
0,205,0.0,10.361844171626078,0.0,1.0,0.0,0.0,0.0,1.0
1,205,0.0959104619407123,0.0,0.0,1.0,0.0,0.0,1.0,1.0
2,205,3.449101312537472,10.64935250090829,1.0,1.0,1.0,0.0,0.0,0.0
3,205,6.998648279132224,1.227840908390282,0.0,0.0,0.0,0.0,1.0,0.0
4,205,5.869675114979559,7.329188782400585,0.0,1.0,0.0,0.0,0.0,0.0
5,205,5.16262458543214,8.682387294263165,1.0,0.0,1.0,1.0,1.0,1.0
6,205,10.172545723155354,5.316472636974892,1.0,1.0,0.0,0.0,0.0,0.0
7,205,7.071264804875008,9.31420081220565,0.0,0.0,1.0,0.0,0.0,0.0
8,205,7.854238463980977,11.60298098328414,0.0,0.0,0.0,0.0,0.0,1.0
9,205,5.275848159339206,0.0,1.0,0.0,0.0,0.0,1.0,0.0
10,205,2.622673657650712,8.294541890130816,0.0,1.0,1.0,0.0,1.0,0.0
11,205,7.95936451066668,9.294484442579192,1.0,1.0,1.0,1.0,1.0,0.0
12,205,0.0,4.023252035212538,1.0,0.0,0.0,0.0,0.0,1.0
13,205,5.139592698907672,1.0157073508554244,0.0,0.0,1.0,1.0,0.0,0.0
14,205,6.414104923260911,0.0,1.0,0.0,1.0,0.0,0.0,1.0
15,205,11.467092965037466,6.4474246212962845,1.0,0.0,0.0,0.0,0.0,0.0
16,205,7.908527931342436,12.0,0.0,1.0,1.0,0.0,1.0,0.0
17,205,11.857906037482794,1.299931252310235,0.0,1.0,0.0,0.0,0.0,1.0
18,205,11.098500282922156,5.117926525470365,0.0,0.0,0.0,1.0,0.0,0.0
19,205,8.07305177054602,2.3665567939576904,0.0,0.0,1.0,1.0,0.0,0.0
20,205,10.46249468705521,1.8688152315681623,1.0,1.0,0.0,0.0,0.0,0.0
21,205,0.0481844005314209,5.2476357970071685,0.0,1.0,1.0,1.0,1.0,0.0
22,205,2.110698752262666,5.22080552819131,1.0,1.0,0.0,0.0,1.0,0.0
23,205,8.625107270760095,6.944329504424204,0.0,0.0,0.0,0.0,0.0,0.0
24,205,9.255010956718058,11.978718323871735,0.0,1.0,0.0,1.0,0.0,0.0
25,205,0.0,4.565888023594562,1.0,1.0,1.0,1.0,0.0,0.0
26,205,4.625734083988093,9.06860221232118,0.0,0.0,0.0,0.0,1.0,1.0
27,205,6.938992515416431,2.0475644497881498,0.0,0.0,0.0,1.0,1.0,1.0
28,205,7.2723929908835485,9.927466280524554,1.0,0.0,1.0,1.0,0.0,0.0
29,205,5.300289745515555,0.0,0.0,0.0,1.0,0.0,1.0,0.0
30,205,2.2139058028091863,6.349031283053567,1.0,0.0,0.0,1.0,1.0,0.0
31,205,4.393865367544489,0.6943822052694673,0.0,0.0,0.0,0.0,1.0,1.0
32,205,5.815379481988275,0.0,1.0,1.0,0.0,1.0,0.0,1.0
33,205,11.742812099253962,12.0,0.0,0.0,0.0,0.0,1.0,1.0
34,205,1.198742751752571,0.7927106554189286,1.0,0.0,1.0,1.0,0.0,1.0
35,205,7.734804245344204,6.859631544663998,0.0,1.0,0.0,1.0,0.0,1.0
36,205,11.997047374231094,7.226774152557952,1.0,0.0,0.0,1.0,0.0,0.0
37,205,0.3248237806642946,4.259581215529148,1.0,0.0,0.0,0.0,1.0,0.0
38,205,4.542914585066059,6.844196375929739,0.0,0.0,1.0,0.0,0.0,1.0
39,205,8.296629186485386,9.241254811905112,0.0,1.0,1.0,0.0,0.0,1.0
0,210,0.0,10.352459079238256,0.0,1.0,0.0,0.0,0.0,1.0
1,210,0.1058309400474371,0.0,0.0,1.0,0.0,0.0,1.0,1.0
2,210,3.479499939078793,10.784530496890197,1.0,1.0,1.0,0.0,0.0,0.0
3,210,7.045175033765623,1.1968381236312151,0.0,0.0,0.0,0.0,1.0,0.0
4,210,5.960475626595199,7.488470775649719,0.0,1.0,0.0,0.0,0.0,0.0
5,210,5.110841039479614,8.713869984624004,1.0,0.0,1.0,1.0,1.0,1.0
6,210,10.21536757188912,5.341180050187916,1.0,1.0,0.0,0.0,0.0,0.0
7,210,7.098395841643675,9.29310288965362,0.0,0.0,1.0,0.0,0.0,0.0
8,210,7.807190023040071,11.569287786629191,0.0,0.0,0.0,0.0,0.0,1.0
9,210,5.322289226369424,0.0,1.0,0.0,0.0,0.0,1.0,0.0
10,210,2.4832624430129084,8.222941367090087,0.0,1.0,1.0,0.0,1.0,0.0
11,210,7.958993626448646,9.287381544496306,1.0,1.0,1.0,1.0,1.0,0.0
12,210,0.0012538016266067,4.03007096427624,1.0,0.0,0.0,0.0,0.0,1.0
13,210,5.201488941294643,0.9791331176006292,0.0,0.0,1.0,1.0,0.0,0.0
14,210,6.265656558996369,0.0,1.0,0.0,1.0,0.0,0.0,1.0
15,210,11.469204574561676,6.423630309372621,1.0,0.0,0.0,0.0,0.0,0.0
16,210,7.971676032719261,12.0,0.0,1.0,1.0,0.0,1.0,0.0
17,210,11.848682753912094,1.2757964809500282,0.0,1.0,0.0,0.0,0.0,1.0
18,210,11.069786518084722,5.158388630565602,0.0,0.0,0.0,1.0,0.0,0.0
19,210,7.984852580757109,2.492073752932134,0.0,0.0,1.0,1.0,0.0,0.0
20,210,10.447265358209693,1.8728338516611915,1.0,1.0,0.0,0.0,0.0,0.0
21,210,0.075363675369527,5.222011092869859,0.0,1.0,1.0,1.0,1.0,0.0
22,210,2.09735250624559,5.2363931770310845,1.0,1.0,0.0,0.0,1.0,0.0
23,210,8.815798270040055,6.952542549146385,0.0,0.0,0.0,0.0,0.0,0.0
24,210,9.277719540825158,11.983398711652605,0.0,1.0,0.0,1.0,0.0,0.0
25,210,0.0,4.528364799775329,1.0,1.0,1.0,1.0,0.0,0.0
26,210,4.636837773102521,9.09354314878994,0.0,0.0,0.0,0.0,1.0,1.0
27,210,7.044587991527273,2.0825831679086675,0.0,0.0,0.0,1.0,1.0,1.0
28,210,7.314417536641791,9.92467428161964,1.0,0.0,1.0,1.0,0.0,0.0
29,210,5.281216725079939,0.0,0.0,0.0,1.0,0.0,1.0,0.0
30,210,2.226734064672349,6.233433746323559,1.0,0.0,0.0,1.0,1.0,0.0
31,210,4.385982745708525,0.7435131648644219,0.0,0.0,0.0,0.0,1.0,1.0
32,210,5.924943536853593,0.0,1.0,1.0,0.0,1.0,0.0,1.0
33,210,11.866252829387076,12.0,0.0,0.0,0.0,0.0,1.0,1.0
34,210,1.1759788458914946,0.832860871264405,1.0,0.0,1.0,1.0,0.0,1.0
35,210,7.707990529949054,7.050750643428402,0.0,1.0,0.0,1.0,0.0,1.0
36,210,11.998933072300908,7.200071639396388,1.0,0.0,0.0,1.0,0.0,0.0
37,210,0.1376700924419708,4.298788645847324,1.0,0.0,0.0,0.0,1.0,0.0
38,210,4.575811670364327,6.822196049920078,0.0,0.0,1.0,0.0,0.0,1.0
39,210,8.359839764785617,9.23010512698848,0.0,1.0,1.0,0.0,0.0,1.0
0,215,0.0,10.343235233213049,0.0,1.0,0.0,0.0,0.0,1.0
1,215,0.1126375305950189,0.0,0.0,1.0,0.0,0.0,1.0,1.0
2,215,3.5066858734821325,10.918891953303344,1.0,1.0,1.0,0.0,0.0,0.0
3,215,7.086799817355893,1.1704605165085116,0.0,0.0,0.0,0.0,1.0,0.0
4,215,6.058452219540876,7.654948111779578,0.0,1.0,0.0,0.0,0.0,0.0
5,215,5.075852634126889,8.734363982185608,1.0,0.0,1.0,1.0,1.0,1.0
6,215,10.252943095107138,5.361794521524318,1.0,1.0,0.0,0.0,0.0,0.0
7,215,7.130199440306834,9.268272660911018,0.0,0.0,1.0,0.0,0.0,0.0
8,215,7.752068623112441,11.53109173274611,0.0,0.0,0.0,0.0,0.0,1.0
9,215,5.3735831047029485,0.0,1.0,0.0,0.0,0.0,1.0,0.0
10,215,2.329629336595641,8.14188515479479,0.0,1.0,1.0,0.0,1.0,0.0
11,215,7.959575455651172,9.307015480308086,1.0,1.0,1.0,1.0,1.0,0.0
12,215,0.0015086001316902,4.0317435514756825,1.0,0.0,0.0,0.0,0.0,1.0
13,215,5.254952218846402,0.9486606415268776,0.0,0.0,1.0,1.0,0.0,0.0
14,215,6.102915168287646,0.0,1.0,0.0,1.0,0.0,0.0,1.0
15,215,11.472957652451328,6.376206948075259,1.0,0.0,0.0,0.0,0.0,0.0
16,215,8.03052768573386,12.0,0.0,1.0,1.0,0.0,1.0,0.0
17,215,11.842850105184109,1.260782012475987,0.0,1.0,0.0,0.0,0.0,1.0
18,215,11.0400112096058,5.2025042928685385,0.0,0.0,0.0,1.0,0.0,0.0
19,215,7.891988010400252,2.625489821199432,0.0,0.0,1.0,1.0,0.0,0.0
20,215,10.409970426677518,1.8824741025137464,1.0,1.0,0.0,0.0,0.0,0.0
21,215,0.0893725035416288,5.208773522632967,0.0,1.0,1.0,1.0,1.0,0.0
22,215,2.0746367342521634,5.264435950969369,1.0,1.0,0.0,0.0,1.0,0.0
23,215,9.023002837317865,6.962281100599864,0.0,0.0,0.0,0.0,0.0,0.0
24,215,9.310578256530716,11.98942448924114,0.0,1.0,0.0,1.0,0.0,0.0
25,215,0.0,4.49468564386448,1.0,1.0,1.0,1.0,0.0,0.0
26,215,4.651715956901369,9.124982612962794,0.0,0.0,0.0,0.0,1.0,1.0
27,215,7.139263321026195,2.1148086184497603,0.0,0.0,0.0,1.0,1.0,1.0
28,215,7.368375835511458,9.920715956580429,1.0,0.0,1.0,1.0,0.0,0.0
29,215,5.258390638632203,0.0,0.0,0.0,1.0,0.0,1.0,0.0
30,215,2.2362476684682835,6.114371037843959,1.0,0.0,0.0,1.0,1.0,0.0
31,215,4.375612237035957,0.8030464205162181,0.0,0.0,0.0,0.0,1.0,1.0
32,215,6.02968395003279,0.0,1.0,1.0,0.0,1.0,0.0,1.0
33,215,11.979155391286648,12.0,0.0,0.0,0.0,0.0,1.0,1.0
34,215,1.152032593333866,0.8794351219809827,1.0,0.0,1.0,1.0,0.0,1.0
35,215,7.6831753340913345,7.24167551377724,0.0,1.0,0.0,1.0,0.0,1.0
36,215,12.0,7.15101870154971,1.0,0.0,0.0,1.0,0.0,0.0
37,215,0.0,4.3423887511860855,1.0,0.0,0.0,0.0,1.0,0.0
38,215,4.603562442679095,6.803678459016744,0.0,0.0,1.0,0.0,0.0,1.0
39,215,8.44634427762455,9.211601661025131,0.0,1.0,1.0,0.0,0.0,1.0
0,220,0.0,10.331681149217644,0.0,1.0,0.0,0.0,0.0,1.0
1,220,0.1160489786057376,0.0,0.0,1.0,0.0,0.0,1.0,1.0
2,220,3.529988385932997,11.040473727485203,1.0,1.0,1.0,0.0,0.0,0.0
3,220,7.129754301727956,1.1434187785181114,0.0,0.0,0.0,0.0,1.0,0.0
4,220,6.16545769310688,7.829062231344466,0.0,1.0,0.0,0.0,0.0,0.0
5,220,5.023869113617654,8.76682358914395,1.0,0.0,1.0,1.0,1.0,1.0
6,220,10.282771151858787,5.377992960764137,1.0,1.0,0.0,0.0,0.0,0.0
7,220,7.1562660360771,9.248876287566608,0.0,0.0,1.0,0.0,0.0,0.0
8,220,7.683414870477735,11.48357633308492,0.0,0.0,0.0,0.0,0.0,1.0
9,220,5.1929185765775,0.0,1.0,0.0,0.0,0.0,1.0,0.0
10,220,2.1755885602527463,8.065299073257338,0.0,1.0,1.0,0.0,1.0,0.0
11,220,7.95966047942406,9.309922582616531,1.0,1.0,1.0,1.0,1.0,0.0
12,220,0.0032708492352142,4.043682077555615,1.0,0.0,0.0,0.0,0.0,1.0
13,220,5.329446544757086,0.9071342430709636,0.0,0.0,1.0,1.0,0.0,0.0
14,220,5.93582871879564,0.0,1.0,0.0,1.0,0.0,0.0,1.0
15,220,11.477189830505337,6.312720751946115,1.0,0.0,0.0,0.0,0.0,0.0
16,220,8.093559030059586,12.0,0.0,1.0,1.0,0.0,1.0,0.0
17,220,11.837330526207062,1.2453561016739123,0.0,1.0,0.0,0.0,0.0,1.0
18,220,11.00376566162336,5.257521587049723,0.0,0.0,0.0,1.0,0.0,0.0
19,220,7.800089004498999,2.760694326521365,0.0,0.0,1.0,1.0,0.0,0.0
20,220,10.383741518360749,1.8892989595341343,1.0,1.0,0.0,0.0,0.0,0.0
21,220,0.0986464411203795,5.219120491045742,0.0,1.0,1.0,1.0,1.0,0.0
22,220,2.062891540220717,5.278899648072762,1.0,1.0,0.0,0.0,1.0,0.0
23,220,9.195020016701124,6.965071617217566,0.0,0.0,0.0,0.0,0.0,0.0
24,220,9.324392995981356,11.992065152968138,0.0,1.0,0.0,1.0,0.0,0.0
25,220,0.0,4.460302678217716,1.0,1.0,1.0,1.0,0.0,0.0
26,220,4.661695691801081,9.147293532388938,0.0,0.0,0.0,0.0,1.0,1.0
27,220,7.223566179137316,2.1443528673155967,0.0,0.0,0.0,1.0,1.0,1.0
28,220,7.422474100324017,9.91776646545604,1.0,0.0,1.0,1.0,0.0,0.0
29,220,5.2148656481802895,0.0,0.0,0.0,1.0,0.0,1.0,0.0
30,220,2.2483246793680327,5.99982220893852,1.0,0.0,0.0,1.0,1.0,0.0
31,220,4.360061662724785,0.8842236509955776,0.0,0.0,0.0,0.0,1.0,1.0
32,220,6.139360946594535,0.0,1.0,1.0,0.0,1.0,0.0,1.0
33,220,12.0,12.0,0.0,0.0,0.0,0.0,1.0,1.0
34,220,1.132901589458287,0.9177997663113192,1.0,0.0,1.0,1.0,0.0,1.0
35,220,7.477464265422205,7.220040562821776,0.0,1.0,0.0,1.0,0.0,1.0
36,220,12.0,7.102591266781637,1.0,0.0,0.0,1.0,0.0,0.0
37,220,0.0,4.383743688642626,1.0,0.0,0.0,0.0,1.0,0.0
38,220,4.635796105856571,6.781028625576959,0.0,0.0,1.0,0.0,0.0,1.0
39,220,8.52319260808787,9.19306942842056,0.0,1.0,1.0,0.0,0.0,1.0
0,225,0.0,10.320068630072642,0.0,1.0,0.0,0.0,0.0,1.0
1,225,0.1130674983886022,0.0068092251759469,0.0,1.0,0.0,0.0,1.0,1.0
2,225,3.550916224303512,11.149922881865333,1.0,1.0,1.0,0.0,0.0,0.0
3,225,7.17962403278144,1.1108807393549032,0.0,0.0,0.0,0.0,1.0,0.0
4,225,6.279861218518963,8.01969118967589,0.0,1.0,0.0,0.0,0.0,0.0
5,225,4.972920677955871,8.797924138762044,1.0,0.0,1.0,1.0,1.0,1.0
6,225,10.306531006394591,5.392047284600188,1.0,1.0,0.0,0.0,0.0,0.0
7,225,7.187209652694953,9.22450219185574,0.0,0.0,1.0,0.0,0.0,0.0
8,225,7.622881860330891,11.442259209792244,0.0,0.0,0.0,0.0,0.0,1.0
9,225,5.027841230049964,0.0,1.0,0.0,0.0,0.0,1.0,0.0
10,225,2.0299646159683573,7.989274778481749,0.0,1.0,1.0,0.0,1.0,0.0
11,225,7.959681267663325,9.310591620751795,1.0,1.0,1.0,1.0,1.0,0.0
12,225,0.0053709055855144,4.055996714852133,1.0,0.0,0.0,0.0,0.0,1.0
13,225,5.40183771749135,0.8652822692234469,0.0,0.0,1.0,1.0,0.0,0.0
14,225,5.769010884075906,0.0,1.0,0.0,1.0,0.0,0.0,1.0
15,225,11.482352410646598,6.254173680165645,1.0,0.0,0.0,0.0,0.0,0.0
16,225,8.165531438416751,12.0,0.0,1.0,1.0,0.0,1.0,0.0
17,225,11.832067183295402,1.2299498161107405,0.0,1.0,0.0,0.0,0.0,1.0
18,225,10.970298981074675,5.3074862855451626,0.0,0.0,0.0,1.0,0.0,0.0
19,225,7.720742256581878,2.880595406255285,0.0,0.0,1.0,1.0,0.0,0.0
20,225,10.368523101980688,1.8932867538083955,1.0,1.0,0.0,0.0,0.0,0.0
21,225,0.098738413032341,5.219221357422947,0.0,1.0,1.0,1.0,1.0,0.0
22,225,2.0456814226279185,5.301265018932525,1.0,1.0,0.0,0.0,1.0,0.0
23,225,9.370526432628887,6.970102383893289,0.0,0.0,0.0,0.0,0.0,0.0
24,225,9.327487609146278,11.992660203144286,0.0,1.0,0.0,1.0,0.0,0.0
25,225,0.0,4.42761662176653,1.0,1.0,1.0,1.0,0.0,0.0
26,225,4.676199229407563,9.17808145097108,0.0,0.0,0.0,0.0,1.0,1.0
27,225,7.301743252724261,2.1714137395768467,0.0,0.0,0.0,1.0,1.0,1.0
28,225,7.461547845663046,9.91654979721223,1.0,0.0,1.0,1.0,0.0,0.0
29,225,5.161070706256504,0.0,0.0,0.0,1.0,0.0,1.0,0.0
30,225,2.2589755518221257,5.899384649296349,1.0,0.0,0.0,1.0,1.0,0.0
31,225,4.348098324754671,0.9544265502035154,0.0,0.0,0.0,0.0,1.0,1.0
32,225,6.251368930187878,0.0,1.0,1.0,0.0,1.0,0.0,1.0
33,225,12.0,12.0,0.0,0.0,0.0,0.0,1.0,1.0
34,225,1.1091652640357963,0.9666985367874364,1.0,0.0,1.0,1.0,0.0,1.0
35,225,7.266818776773032,7.202781463170539,0.0,1.0,0.0,1.0,0.0,1.0
36,225,12.0,7.063246140257962,1.0,0.0,0.0,1.0,0.0,0.0
37,225,0.0,4.422941463850161,1.0,0.0,0.0,0.0,1.0,0.0
38,225,4.660787685060883,6.764596539717441,0.0,0.0,1.0,0.0,0.0,1.0
39,225,8.608550643046248,9.17400606465221,0.0,1.0,1.0,0.0,0.0,1.0
0,230,0.0,10.30848445729573,0.0,1.0,0.0,0.0,0.0,1.0
1,230,0.1141523470692817,0.0042145224022041,0.0,1.0,0.0,0.0,1.0,1.0
2,230,3.574992800610584,11.264489044269652,1.0,1.0,1.0,0.0,0.0,0.0
3,230,7.230047384908644,1.0772712533718842,0.0,0.0,0.0,0.0,1.0,0.0
4,230,6.397277627903896,8.22872619168841,0.0,1.0,0.0,0.0,0.0,0.0
5,230,4.928098222582197,8.82537116122646,1.0,0.0,1.0,1.0,1.0,1.0
6,230,10.332143344248443,5.4057110129403,1.0,1.0,0.0,0.0,0.0,0.0
7,230,7.2277146973719315,9.193174534576594,0.0,0.0,1.0,0.0,0.0,0.0
8,230,7.552771003228638,11.388256947630657,0.0,0.0,0.0,0.0,0.0,1.0
9,230,4.86714543740119,0.0,1.0,0.0,0.0,0.0,1.0,0.0
10,230,1.8702146592915871,7.903952306110772,0.0,1.0,1.0,0.0,1.0,0.0
11,230,7.959730266875883,9.331081591998627,1.0,1.0,1.0,1.0,1.0,0.0
12,230,0.006918863193721,4.064857647676997,1.0,0.0,0.0,0.0,0.0,1.0
13,230,5.4713682502178,0.8247894842357412,0.0,0.0,1.0,1.0,0.0,0.0
14,230,5.591352902576949,0.0,1.0,0.0,1.0,0.0,0.0,1.0
15,230,11.486908614774496,6.203810861199938,1.0,0.0,0.0,0.0,0.0,0.0
16,230,8.237359183249763,12.0,0.0,1.0,1.0,0.0,1.0,0.0
17,230,11.8293396905371,1.2229729184544684,0.0,1.0,0.0,0.0,0.0,1.0
18,230,10.94551353509022,5.346482758158139,0.0,0.0,0.0,1.0,0.0,0.0
19,230,7.644677298555039,2.995659175746828,0.0,0.0,1.0,1.0,0.0,0.0
20,230,10.341960361851584,1.8999012764552976,1.0,1.0,0.0,0.0,0.0,0.0
21,230,0.0964734001506943,5.216813248003361,0.0,1.0,1.0,1.0,1.0,0.0
22,230,2.022008278919867,5.332292753660754,1.0,1.0,0.0,0.0,1.0,0.0
23,230,9.58072834563299,6.976245268678071,0.0,0.0,0.0,0.0,0.0,0.0
24,230,9.330504624403702,11.978462729806797,0.0,1.0,0.0,1.0,0.0,0.0
25,230,0.0,4.399795095766393,1.0,1.0,1.0,1.0,0.0,0.0
26,230,4.683799643359336,9.19606134234563,0.0,0.0,0.0,0.0,1.0,1.0
27,230,7.362376318473439,2.1928633931789903,0.0,0.0,0.0,1.0,1.0,1.0
28,230,7.513728291713166,9.915456779368082,1.0,0.0,1.0,1.0,0.0,0.0
29,230,5.115288891232877,0.0,0.0,0.0,1.0,0.0,1.0,0.0
30,230,2.2659124040743106,5.80639297324833,1.0,0.0,0.0,1.0,1.0,0.0
31,230,4.335187225980905,1.036870802998602,0.0,0.0,0.0,0.0,1.0,1.0
32,230,6.362763325132331,0.0,1.0,1.0,0.0,1.0,0.0,1.0
33,230,12.0,12.0,0.0,0.0,0.0,0.0,1.0,1.0
34,230,1.079515556201043,1.028708403028933,1.0,0.0,1.0,1.0,0.0,1.0
35,230,7.244675344776943,7.404049774765718,0.0,1.0,0.0,1.0,0.0,1.0
36,230,12.0,7.021788251794252,1.0,0.0,0.0,1.0,0.0,0.0
37,230,0.0,4.457151317298368,1.0,0.0,0.0,0.0,1.0,0.0
38,230,4.66246686540919,6.763536876420531,0.0,0.0,1.0,0.0,0.0,1.0
39,230,8.677763757763238,9.16022560889601,0.0,1.0,1.0,0.0,0.0,1.0
0,235,0.0,10.30020253586775,0.0,1.0,0.0,0.0,0.0,1.0
1,235,0.1151894448579853,0.0014037358832637,0.0,1.0,0.0,0.0,1.0,1.0
2,235,3.60004252295226,11.394108116030324,1.0,1.0,1.0,0.0,0.0,0.0
3,235,7.292102552119145,1.0337345048195377,0.0,0.0,0.0,0.0,1.0,0.0
4,235,6.524121545569479,8.435481173483359,0.0,1.0,0.0,0.0,0.0,0.0
5,235,4.883101734850281,8.85162034567507,1.0,0.0,1.0,1.0,1.0,1.0
6,235,10.354916835573372,5.418147165187152,1.0,1.0,0.0,0.0,0.0,0.0
7,235,7.265507374823218,9.164937963930416,0.0,0.0,1.0,0.0,0.0,0.0
8,235,7.503664296482203,11.350827764652784,0.0,0.0,0.0,0.0,0.0,1.0
9,235,4.734723256515415,0.0,1.0,0.0,0.0,0.0,1.0,0.0
10,235,1.7044021077886635,7.819251653933557,0.0,1.0,1.0,0.0,1.0,0.0
11,235,7.959810662062281,9.352444114852377,1.0,1.0,1.0,1.0,1.0,0.0
12,235,0.0048763748128847,4.053021177792087,1.0,0.0,0.0,0.0,0.0,1.0
13,235,5.526110334510028,0.7889966213134971,0.0,0.0,1.0,1.0,0.0,0.0
14,235,5.429923722789507,0.0,1.0,0.0,1.0,0.0,0.0,1.0
15,235,11.492804412203908,6.143540898868469,1.0,0.0,0.0,0.0,0.0,0.0
16,235,8.311835707022968,12.0,0.0,1.0,1.0,0.0,1.0,0.0
17,235,11.825043650678742,1.212059536233027,0.0,1.0,0.0,0.0,0.0,1.0
18,235,10.92194289743616,5.3821533846872205,0.0,0.0,0.0,1.0,0.0,0.0
19,235,7.756342476716501,3.073961878443624,0.0,0.0,1.0,1.0,0.0,0.0
20,235,10.33810017895563,1.900863403216221,1.0,1.0,0.0,0.0,0.0,0.0
21,235,0.0995518328317782,5.22019808617399,0.0,1.0,1.0,1.0,1.0,0.0
22,235,1.9993999907112383,5.360459222686619,1.0,1.0,0.0,0.0,1.0,0.0
23,235,9.785175772972648,6.98428883120074,0.0,0.0,0.0,0.0,0.0,0.0
24,235,9.33349754557486,11.964162303673929,0.0,1.0,0.0,1.0,0.0,0.0
25,235,0.0,4.375328163950427,1.0,1.0,1.0,1.0,0.0,0.0
26,235,4.6842349827756,9.19710681569933,0.0,0.0,0.0,0.0,1.0,1.0
27,235,7.434554325017905,2.2190522096789587,0.0,0.0,0.0,1.0,1.0,1.0
28,235,7.592463916439286,9.914800883722384,1.0,0.0,1.0,1.0,0.0,0.0
29,235,5.056177815796321,0.0,0.0,0.0,1.0,0.0,1.0,0.0
30,235,2.275880693963763,5.716397139916765,1.0,0.0,0.0,1.0,1.0,0.0
31,235,4.323086306045035,1.112525965207693,0.0,0.0,0.0,0.0,1.0,1.0
32,235,6.469520122891226,0.0,1.0,1.0,0.0,1.0,0.0,1.0
33,235,12.0,12.0,0.0,0.0,0.0,0.0,1.0,1.0
34,235,1.046032985266035,1.1015079172127358,1.0,0.0,1.0,1.0,0.0,1.0
35,235,7.219602872569053,7.61076240787216,0.0,1.0,0.0,1.0,0.0,1.0
36,235,12.0,6.973422964308715,1.0,0.0,0.0,1.0,0.0,0.0
37,235,0.0,4.493002847212287,1.0,0.0,0.0,0.0,1.0,0.0
38,235,4.668685582010991,6.759485348973014,0.0,0.0,1.0,0.0,0.0,1.0
39,235,8.74916229015701,9.147090611361447,0.0,1.0,1.0,0.0,0.0,1.0
0,240,0.0,10.289569025569962,0.0,1.0,0.0,0.0,0.0,1.0
1,240,0.1204115067529589,0.0,0.0,1.0,0.0,0.0,1.0,1.0
2,240,3.628863413393251,11.545931916027278,1.0,1.0,1.0,0.0,0.0,0.0
3,240,7.348328337963552,0.9932489290732602,0.0,0.0,0.0,0.0,1.0,0.0
4,240,6.671245982009546,8.675908424846599,0.0,1.0,0.0,0.0,0.0,0.0
5,240,4.826388067802724,8.885744476433775,1.0,0.0,1.0,1.0,1.0,1.0
6,240,10.380565578150431,5.431030307967604,1.0,1.0,0.0,0.0,0.0,0.0
7,240,7.313718614294552,9.129064446125366,0.0,0.0,1.0,0.0,0.0,0.0
8,240,7.462933787885935,11.320144532365108,0.0,0.0,0.0,0.0,0.0,1.0
9,240,4.610738576546931,0.0,1.0,0.0,0.0,0.0,1.0,0.0
10,240,1.5438151046828898,7.736031964814132,0.0,1.0,1.0,0.0,1.0,0.0
11,240,7.960059830061397,9.37466425051312,1.0,1.0,1.0,1.0,1.0,0.0
12,240,0.0018997419723548,4.037097139464823,1.0,0.0,0.0,0.0,0.0,1.0
13,240,5.551099004428401,0.7736879813158064,0.0,0.0,1.0,1.0,0.0,0.0
14,240,5.2870993328959335,0.0,1.0,0.0,1.0,0.0,0.0,1.0
15,240,11.496172280159598,6.094584385897928,1.0,0.0,0.0,0.0,0.0,0.0
16,240,8.374514064857399,12.0,0.0,1.0,1.0,0.0,1.0,0.0
17,240,11.817064258524567,1.1919629288305196,0.0,1.0,0.0,0.0,0.0,1.0
18,240,10.898252040582417,5.417351604039543,0.0,0.0,0.0,1.0,0.0,0.0
19,240,7.862259856651864,3.148134414220672,0.0,0.0,1.0,1.0,0.0,0.0
20,240,10.349490840716276,1.8983331614793288,1.0,1.0,0.0,0.0,0.0,0.0
21,240,0.1148468843706538,5.236558591918959,0.0,1.0,1.0,1.0,1.0,0.0
22,240,1.966129598385931,5.399737726217497,1.0,1.0,0.0,0.0,1.0,0.0
23,240,9.971786420955116,6.991050555340965,0.0,0.0,0.0,0.0,0.0,0.0
24,240,9.337214644561726,11.947297747432827,0.0,1.0,0.0,1.0,0.0,0.0
25,240,0.0,4.353615503337587,1.0,1.0,1.0,1.0,0.0,0.0
26,240,4.692742708600553,9.21726630920802,0.0,0.0,0.0,0.0,1.0,1.0
27,240,7.51438096599207,2.2488759068406705,0.0,0.0,0.0,1.0,1.0,1.0
28,240,7.689234928331683,9.913494157068316,1.0,0.0,1.0,1.0,0.0,0.0
29,240,5.008054885330552,0.0,0.0,0.0,1.0,0.0,1.0,0.0
30,240,2.2850571579563708,5.643604184490827,1.0,0.0,0.0,1.0,1.0,0.0
31,240,4.305776601676151,1.1984245046950095,0.0,0.0,0.0,0.0,1.0,1.0
32,240,6.586580137293503,0.0,1.0,1.0,0.0,1.0,0.0,1.0
33,240,12.0,12.0,0.0,0.0,0.0,0.0,1.0,1.0
34,240,1.0111217985675407,1.178677991081615,1.0,0.0,1.0,1.0,0.0,1.0
35,240,7.197277777805385,7.794837247611639,0.0,1.0,0.0,1.0,0.0,1.0
36,240,12.0,6.926492073041127,1.0,0.0,0.0,1.0,0.0,0.0
37,240,0.0,4.53656669964408,1.0,0.0,0.0,0.0,1.0,0.0
38,240,4.675290907079644,6.755190585276722,0.0,0.0,1.0,0.0,0.0,1.0
39,240,8.736692954480361,9.080991757133964,0.0,1.0,1.0,0.0,0.0,1.0
0,245,0.0,10.278204770118132,0.0,1.0,0.0,0.0,0.0,1.0
1,245,0.128941525680907,0.0,0.0,1.0,0.0,0.0,1.0,1.0
2,245,3.656839465687421,11.70376997084936,1.0,1.0,1.0,0.0,0.0,0.0
3,245,7.399290910509544,0.9559242535172452,0.0,0.0,0.0,0.0,1.0,0.0
4,245,6.827046823172618,8.92077277741066,0.0,1.0,0.0,0.0,0.0,0.0
5,245,4.76836624044296,8.918926049806783,1.0,0.0,1.0,1.0,1.0,1.0
6,245,10.40575948138092,5.444166269726707,1.0,1.0,0.0,0.0,0.0,0.0
7,245,7.368687497763199,9.08950743632064,0.0,0.0,1.0,0.0,0.0,0.0
8,245,7.4092804145331534,11.28075534633003,0.0,0.0,0.0,0.0,0.0,1.0
9,245,4.477290689931227,0.0,1.0,0.0,0.0,0.0,1.0,0.0
10,245,1.3890699598527902,7.649274163281253,0.0,1.0,1.0,0.0,1.0,0.0
11,245,7.96000949257797,9.37026988832827,1.0,1.0,1.0,1.0,1.0,0.0
12,245,0.0,4.001425263008697,1.0,0.0,0.0,0.0,0.0,1.0
13,245,5.580065508888192,0.7550446371612658,0.0,0.0,1.0,1.0,0.0,0.0
14,245,5.153742200757218,0.0,1.0,0.0,1.0,0.0,0.0,1.0
15,245,11.49767862466787,6.0724335368581,1.0,0.0,0.0,0.0,0.0,0.0
16,245,8.4342428174636,12.0,0.0,1.0,1.0,0.0,1.0,0.0
17,245,11.807305020366138,1.167144426855773,0.0,1.0,0.0,0.0,0.0,1.0
18,245,10.872442256085984,5.456963010898338,0.0,0.0,0.0,1.0,0.0,0.0
19,245,7.970059279790639,3.228135406929023,0.0,0.0,1.0,1.0,0.0,0.0
20,245,10.37833369465845,1.8927555890678551,1.0,1.0,0.0,0.0,0.0,0.0
21,245,0.1358013144166075,5.2579338424696855,0.0,1.0,1.0,1.0,1.0,0.0
22,245,1.9375175039264487,5.433137375462526,1.0,1.0,0.0,0.0,1.0,0.0
23,245,10.153514489647185,6.990058967563853,0.0,0.0,0.0,0.0,0.0,0.0
24,245,9.347051667734709,11.902714316259829,0.0,1.0,0.0,1.0,0.0,0.0
25,245,0.0,4.320485677453609,1.0,1.0,1.0,1.0,0.0,0.0
26,245,4.706671981230848,9.246269761750584,0.0,0.0,0.0,0.0,1.0,1.0
27,245,7.599824029101299,2.2806335461083256,0.0,0.0,0.0,1.0,1.0,1.0
28,245,7.808274634607421,9.91291565328984,1.0,0.0,1.0,1.0,0.0,0.0
29,245,4.962956507153347,0.0,0.0,0.0,1.0,0.0,1.0,0.0
30,245,2.2962017424394903,5.547896098074468,1.0,0.0,0.0,1.0,1.0,0.0
31,245,4.290747431194193,1.2696025140934275,0.0,0.0,0.0,0.0,1.0,1.0
32,245,6.6989372637804925,0.0,1.0,1.0,0.0,1.0,0.0,1.0
33,245,12.0,12.0,0.0,0.0,0.0,0.0,1.0,1.0
34,245,0.9667040674454276,1.2739377433248549,1.0,0.0,1.0,1.0,0.0,1.0
35,245,7.172407775127164,7.998939511502884,0.0,1.0,0.0,1.0,0.0,1.0
36,245,12.0,6.901630975391767,1.0,0.0,0.0,1.0,0.0,0.0
37,245,0.0,4.583110916237365,1.0,0.0,0.0,0.0,1.0,0.0
38,245,4.695469439354292,6.742745644256854,0.0,0.0,1.0,0.0,0.0,1.0
39,245,8.724724800711886,8.998655934831449,0.0,1.0,1.0,0.0,0.0,1.0
0,250,0.0,10.266118079663558,0.0,1.0,0.0,0.0,0.0,1.0
1,250,0.1397459905150019,0.0,0.0,1.0,0.0,0.0,1.0,1.0
2,250,3.674776458916279,11.847881665861586,1.0,1.0,1.0,0.0,0.0,0.0
3,250,7.439736612633105,0.9252149331754188,0.0,0.0,0.0,0.0,1.0,0.0
4,250,6.9764569171329285,9.170722473578635,0.0,1.0,0.0,0.0,0.0,0.0
5,250,4.706046379564519,8.955631801054421,1.0,0.0,1.0,1.0,1.0,1.0
6,250,10.430268594680124,5.457309499120066,1.0,1.0,0.0,0.0,0.0,0.0
7,250,7.420556541405876,9.050153503745964,0.0,0.0,1.0,0.0,0.0,0.0
8,250,7.365317155603472,11.249101974518348,0.0,0.0,0.0,0.0,0.0,1.0
9,250,4.356884719252665,0.0,1.0,0.0,0.0,0.0,1.0,0.0
10,250,1.2291546869545726,7.563021476482777,0.0,1.0,1.0,0.0,1.0,0.0
11,250,7.951758841303001,9.37051546544929,1.0,1.0,1.0,1.0,1.0,0.0
12,250,0.0,3.949955049751348,1.0,0.0,0.0,0.0,0.0,1.0
13,250,5.618766556082693,0.7289530421493668,0.0,0.0,1.0,1.0,0.0,0.0
14,250,5.031896673805814,0.0,1.0,0.0,1.0,0.0,0.0,1.0
15,250,11.499332919405589,6.036325754847484,1.0,0.0,0.0,0.0,0.0,0.0
16,250,8.492263005491335,12.0,0.0,1.0,1.0,0.0,1.0,0.0
17,250,11.802003629471068,1.1535204436676456,0.0,1.0,0.0,0.0,0.0,1.0
18,250,10.848533973077972,5.495625053455904,0.0,0.0,0.0,1.0,0.0,0.0
19,250,8.063430443328185,3.299154288899206,0.0,0.0,1.0,1.0,0.0,0.0
20,250,10.404101792980011,1.8885683038826773,1.0,1.0,0.0,0.0,0.0,0.0
21,250,0.1596695994399072,5.281634889095364,0.0,1.0,1.0,1.0,1.0,0.0
22,250,1.909623238231891,5.465565965694816,1.0,1.0,0.0,0.0,1.0,0.0
23,250,10.153024971262507,7.16637992599526,0.0,0.0,0.0,0.0,0.0,0.0
24,250,9.358454791148946,11.849631416184074,0.0,1.0,0.0,1.0,0.0,0.0
25,250,0.0,4.288874372457978,1.0,1.0,1.0,1.0,0.0,0.0
26,250,4.709947694040924,9.252868948683751,0.0,0.0,0.0,0.0,1.0,1.0
27,250,7.680634845455744,2.311461321777167,0.0,0.0,0.0,1.0,1.0,1.0
28,250,7.931096367978621,9.910392742310696,1.0,0.0,1.0,1.0,0.0,0.0
29,250,4.901433575043559,0.0,0.0,0.0,1.0,0.0,1.0,0.0
30,250,2.3063364855534494,5.431755473645443,1.0,0.0,0.0,1.0,1.0,0.0
31,250,4.2777614231237,1.3372425215485677,0.0,0.0,0.0,0.0,1.0,1.0
32,250,6.81719557217466,0.0,1.0,1.0,0.0,1.0,0.0,1.0
33,250,12.0,12.0,0.0,0.0,0.0,0.0,1.0,1.0
34,250,0.9162271940825824,1.381724200597125,1.0,0.0,1.0,1.0,0.0,1.0
35,250,7.152313423098717,8.187030347591268,0.0,1.0,0.0,1.0,0.0,1.0
36,250,12.0,6.879473466447418,1.0,0.0,0.0,1.0,0.0,0.0
37,250,0.0,4.625071610990717,1.0,0.0,0.0,0.0,1.0,0.0
38,250,4.717143213308543,6.729076882497955,0.0,0.0,1.0,0.0,0.0,1.0
39,250,8.713004071278661,8.916349908598956,0.0,1.0,1.0,0.0,0.0,1.0
0,255,0.0,10.253021979454688,0.0,1.0,0.0,0.0,0.0,1.0
1,255,0.1508554884980673,0.0,0.0,1.0,0.0,0.0,1.0,1.0
2,255,3.691295849143173,11.99263543652486,1.0,1.0,1.0,0.0,0.0,0.0
3,255,7.471661784793816,0.9000009724559407,0.0,0.0,0.0,0.0,1.0,0.0
4,255,7.116196038024714,9.40583777415744,0.0,1.0,0.0,0.0,0.0,0.0
5,255,4.664897009116756,8.980362835617582,1.0,0.0,1.0,1.0,1.0,1.0
6,255,10.428644294814404,5.456479319787935,1.0,1.0,0.0,0.0,0.0,0.0
7,255,7.475518103099548,9.008261411012,0.0,0.0,1.0,0.0,0.0,0.0
8,255,7.331371075111126,11.224709221664916,0.0,0.0,0.0,0.0,0.0,1.0
9,255,4.211989023800675,0.0,1.0,0.0,0.0,0.0,1.0,0.0
10,255,1.0552432141019317,7.462356232701035,0.0,1.0,1.0,0.0,1.0,0.0
11,255,7.9134819840511454,9.373260352583824,1.0,1.0,1.0,1.0,1.0,0.0
12,255,0.0,3.886862470629735,1.0,0.0,0.0,0.0,0.0,1.0
13,255,5.654012563495625,0.7063478386301064,0.0,0.0,1.0,1.0,0.0,0.0
14,255,4.914312983895192,0.0,1.0,0.0,1.0,0.0,0.0,1.0
15,255,11.50041657588515,5.99775669282741,1.0,0.0,0.0,0.0,0.0,0.0
16,255,8.554037162840444,12.0,0.0,1.0,1.0,0.0,1.0,0.0
17,255,11.792102289534306,1.1284409513927138,0.0,1.0,0.0,0.0,0.0,1.0
18,255,10.824906045390772,5.534700700004258,0.0,0.0,0.0,1.0,0.0,0.0
19,255,8.154848313305525,3.369453313463883,0.0,0.0,1.0,1.0,0.0,0.0
20,255,10.436366351850388,1.8832114684263208,1.0,1.0,0.0,0.0,0.0,0.0
21,255,0.1944622290935297,5.31408931270641,0.0,1.0,1.0,1.0,1.0,0.0
22,255,1.8871223980037255,5.492673967640312,1.0,1.0,0.0,0.0,1.0,0.0
23,255,10.152637250678778,7.345154394718373,0.0,0.0,0.0,0.0,0.0,0.0
24,255,9.368100026593565,11.800827259020362,0.0,1.0,0.0,1.0,0.0,0.0
25,255,0.0,4.254014640398789,1.0,1.0,1.0,1.0,0.0,0.0
26,255,4.716962558712521,9.267654016795612,0.0,0.0,0.0,0.0,1.0,1.0
27,255,7.773871808368436,2.345806126998118,0.0,0.0,0.0,1.0,1.0,1.0
28,255,8.056270701325397,9.908503805746223,1.0,0.0,1.0,1.0,0.0,0.0
29,255,4.838039796576622,0.0,0.0,0.0,1.0,0.0,1.0,0.0
30,255,2.312377168389532,5.331361102741337,1.0,0.0,0.0,1.0,1.0,0.0
31,255,4.266316815026236,1.3945975702934446,0.0,0.0,0.0,0.0,1.0,1.0
32,255,6.950982716194496,0.0,1.0,1.0,0.0,1.0,0.0,1.0
33,255,12.0,12.0,0.0,0.0,0.0,0.0,1.0,1.0
34,255,0.8694308693435959,1.4838673923272772,1.0,0.0,1.0,1.0,0.0,1.0
35,255,7.133169902878183,8.36943741425336,0.0,1.0,0.0,1.0,0.0,1.0
36,255,12.0,6.840047057504578,1.0,0.0,0.0,1.0,0.0,0.0
37,255,0.0,4.676953295143637,1.0,0.0,0.0,0.0,1.0,0.0
38,255,4.749648775885389,6.709728645201375,0.0,0.0,1.0,0.0,0.0,1.0
39,255,8.696438603033775,8.819183737396179,0.0,1.0,1.0,0.0,0.0,1.0
0,260,0.0,10.243646103630896,0.0,1.0,0.0,0.0,0.0,1.0
1,260,0.1621561151046821,0.0,0.0,1.0,0.0,0.0,1.0,1.0
2,260,3.710183252454841,12.0,1.0,1.0,1.0,0.0,0.0,0.0
3,260,7.485454835963302,0.8885082570313739,0.0,0.0,0.0,0.0,1.0,0.0
4,260,7.252248995276021,9.62879504397827,0.0,1.0,0.0,0.0,0.0,0.0
5,260,4.608513077621421,9.016121954557573,1.0,0.0,1.0,1.0,1.0,1.0
6,260,10.41570485674995,5.4495619000675415,1.0,1.0,0.0,0.0,0.0,0.0
7,260,7.549590736990839,8.951097122349061,0.0,0.0,1.0,0.0,0.0,0.0
8,260,7.292776416200402,11.197765325616954,0.0,0.0,0.0,0.0,0.0,1.0
9,260,4.066616224630106,0.0,1.0,0.0,0.0,0.0,1.0,0.0
10,260,0.8877783423727933,7.365302713215914,0.0,1.0,1.0,0.0,1.0,0.0
11,260,7.911773894142337,9.338307765310043,1.0,1.0,1.0,1.0,1.0,0.0
12,260,0.0,3.830672226067388,1.0,0.0,0.0,0.0,0.0,1.0
13,260,5.6897321362836175,0.6835492820655175,0.0,0.0,1.0,1.0,0.0,0.0
14,260,4.774317871028007,0.0,1.0,0.0,1.0,0.0,0.0,1.0
15,260,11.501670603468328,5.950119168863014,1.0,0.0,0.0,0.0,0.0,0.0
16,260,8.623112899558675,12.0,0.0,1.0,1.0,0.0,1.0,0.0
17,260,11.792797450161368,1.1301882960824006,0.0,1.0,0.0,0.0,0.0,1.0
18,260,10.795709597026748,5.5844816057085565,0.0,0.0,0.0,1.0,0.0,0.0
19,260,8.248211709838733,3.4410323502388835,0.0,0.0,1.0,1.0,0.0,0.0
20,260,10.458096404580823,1.8797688376958053,1.0,1.0,0.0,0.0,0.0,0.0
21,260,0.1644634138078426,5.345274764796169,0.0,1.0,1.0,1.0,1.0,0.0
22,260,1.8506419985616205,5.538304658294082,1.0,1.0,0.0,0.0,1.0,0.0
23,260,10.1572431892387,7.5047286818076255,0.0,0.0,0.0,0.0,0.0,0.0
24,260,9.378616941108524,11.744358556530388,0.0,1.0,0.0,1.0,0.0,0.0
25,260,0.0,4.225322431654052,1.0,1.0,1.0,1.0,0.0,0.0
26,260,4.7216254978097565,9.277315896158946,0.0,0.0,0.0,0.0,1.0,1.0
27,260,7.847854101176449,2.371680808636992,0.0,0.0,0.0,1.0,1.0,1.0
28,260,8.185517218447185,9.909206781041105,1.0,0.0,1.0,1.0,0.0,0.0
29,260,4.761309697253894,0.0,0.0,0.0,1.0,0.0,1.0,0.0
30,260,2.3206783693996087,5.2078582778583975,1.0,0.0,0.0,1.0,1.0,0.0
31,260,4.253421635721124,1.4555231578578671,0.0,0.0,0.0,0.0,1.0,1.0
32,260,7.078573624086783,0.0,1.0,1.0,0.0,1.0,0.0,1.0
33,260,12.0,12.0,0.0,0.0,0.0,0.0,1.0,1.0
34,260,0.8328601436955952,1.562676771977382,1.0,0.0,1.0,1.0,0.0,1.0
35,260,7.11567512289812,8.551121852818751,0.0,1.0,0.0,1.0,0.0,1.0
36,260,12.0,6.783036985245913,1.0,0.0,0.0,1.0,0.0,0.0
37,260,0.0490506820134062,4.864181777839871,1.0,0.0,0.0,0.0,1.0,0.0
38,260,4.780668898305654,6.691854049807311,0.0,0.0,1.0,0.0,0.0,1.0
39,260,8.679505050918747,8.721450031474992,0.0,1.0,1.0,0.0,0.0,1.0
0,265,0.0,10.23034056837211,0.0,1.0,0.0,0.0,0.0,1.0
1,265,0.1737276237551076,0.0,0.0,1.0,0.0,0.0,1.0,1.0
2,265,3.732779751390773,12.0,1.0,1.0,1.0,0.0,0.0,0.0
3,265,7.491009224881596,0.8837137627247482,0.0,0.0,0.0,0.0,1.0,0.0
4,265,7.397623406523103,9.863585181685098,0.0,1.0,0.0,0.0,0.0,0.0
5,265,4.55724855002955,9.046653062984753,1.0,0.0,1.0,1.0,1.0,1.0
6,265,10.403853775418298,5.443178900345807,1.0,1.0,0.0,0.0,0.0,0.0
7,265,7.621997233079417,8.895976135326466,0.0,0.0,1.0,0.0,0.0,0.0
8,265,7.254829252213824,11.170123405386692,0.0,0.0,0.0,0.0,0.0,1.0
9,265,3.918408772947851,0.0,1.0,0.0,0.0,0.0,1.0,0.0
10,265,0.7291390515022554,7.270193402726934,0.0,1.0,1.0,0.0,1.0,0.0
11,265,7.908966580568308,9.28491268577148,1.0,1.0,1.0,1.0,1.0,0.0
12,265,0.0,3.769073582237258,1.0,0.0,0.0,0.0,0.0,1.0
13,265,5.727377115830468,0.6606060313317931,0.0,0.0,1.0,1.0,0.0,0.0
14,265,4.636076169450232,0.0,1.0,0.0,1.0,0.0,0.0,1.0
15,265,11.50469112248646,5.874820289451066,1.0,0.0,0.0,0.0,0.0,0.0
16,265,8.691364436822687,12.0,0.0,1.0,1.0,0.0,1.0,0.0
17,265,11.793706782333391,1.1325083211132618,0.0,1.0,0.0,0.0,0.0,1.0
18,265,10.760049097408183,5.643123467769679,0.0,0.0,0.0,1.0,0.0,0.0
19,265,8.354575509896396,3.5251098271818675,0.0,0.0,1.0,1.0,0.0,0.0
20,265,10.481490639303416,1.876099312766124,1.0,1.0,0.0,0.0,0.0,0.0
21,265,0.1394224587672472,5.371363253796699,0.0,1.0,1.0,1.0,1.0,0.0
22,265,1.8239819309318603,5.5713349514077,1.0,1.0,0.0,0.0,1.0,0.0
23,265,10.162051974468904,7.67771333969183,0.0,0.0,0.0,0.0,0.0,0.0
24,265,9.388504833907168,11.688992320442935,0.0,1.0,0.0,1.0,0.0,0.0
25,265,0.0,4.200229323159109,1.0,1.0,1.0,1.0,0.0,0.0
26,265,4.727894578550317,9.290255003942764,0.0,0.0,0.0,0.0,1.0,1.0
27,265,7.940045293267264,2.4033609510012863,0.0,0.0,0.0,1.0,1.0,1.0
28,265,8.310145435768623,9.909765109260674,1.0,0.0,1.0,1.0,0.0,0.0
29,265,4.685896939839053,0.0,0.0,0.0,1.0,0.0,1.0,0.0
30,265,2.3324020657098905,5.045417422150857,1.0,0.0,0.0,1.0,1.0,0.0
31,265,4.241253168963179,1.5157279324748216,0.0,0.0,0.0,0.0,1.0,1.0
32,265,7.199304124432043,0.0,1.0,1.0,0.0,1.0,0.0,1.0
33,265,12.0,12.0,0.0,0.0,0.0,0.0,1.0,1.0
34,265,0.7946987920374647,1.6387553336757537,1.0,0.0,1.0,1.0,0.0,1.0
35,265,7.097428274567657,8.740151014727184,0.0,1.0,0.0,1.0,0.0,1.0
36,265,12.0,6.741966593354992,1.0,0.0,0.0,1.0,0.0,0.0
37,265,0.1006519810318562,5.041380765794308,1.0,0.0,0.0,0.0,1.0,0.0
38,265,4.797762525442875,6.682387405950118,0.0,0.0,1.0,0.0,0.0,1.0
39,265,8.657198958218046,8.601782601671916,0.0,1.0,1.0,0.0,0.0,1.0
0,270,0.0,10.219780958133937,0.0,1.0,0.0,0.0,0.0,1.0
1,270,0.1785917975922985,0.0,0.0,1.0,0.0,0.0,1.0,1.0
2,270,3.7520760595651024,12.0,1.0,1.0,1.0,0.0,0.0,0.0
3,270,7.490911244822872,0.8837974083661302,0.0,0.0,0.0,0.0,1.0,0.0
4,270,7.539660527748762,10.09347619084258,0.0,1.0,0.0,0.0,0.0,0.0
5,270,4.503028095001926,9.07820731053661,1.0,0.0,1.0,1.0,1.0,1.0
6,270,10.392564907314084,5.4369580933107695,1.0,1.0,0.0,0.0,0.0,0.0
7,270,7.679776573224289,8.851865934922332,0.0,0.0,1.0,0.0,0.0,0.0
8,270,7.224481453366572,11.147800134815393,0.0,0.0,0.0,0.0,0.0,1.0
9,270,3.740357965061776,0.0,1.0,0.0,0.0,0.0,1.0,0.0
10,270,0.5939809399552125,7.194803421454842,0.0,1.0,1.0,0.0,1.0,0.0
11,270,7.9065576873865,9.213156330742432,1.0,1.0,1.0,1.0,1.0,0.0
12,270,0.0,3.6993488061727096,1.0,0.0,0.0,0.0,0.0,1.0
13,270,5.774598629394699,0.6325949893064139,0.0,0.0,1.0,1.0,0.0,0.0
14,270,4.501980414336087,0.0,1.0,0.0,1.0,0.0,0.0,1.0
15,270,11.509598741353049,5.803256338192562,1.0,0.0,0.0,0.0,0.0,0.0
16,270,8.754721863066388,12.0,0.0,1.0,1.0,0.0,1.0,0.0
17,270,11.800682703109953,1.1495430394805528,0.0,1.0,0.0,0.0,0.0,1.0
18,270,10.73833171437814,5.678433812148836,0.0,0.0,0.0,1.0,0.0,0.0
19,270,8.267324571189176,3.641873756966503,0.0,0.0,1.0,1.0,0.0,0.0
20,270,10.51844891985183,1.8702889277671275,1.0,1.0,0.0,0.0,0.0,0.0
21,270,0.1240904741634067,5.38723799177544,0.0,1.0,1.0,1.0,1.0,0.0
22,270,1.784985828926368,5.621656734351079,1.0,1.0,0.0,0.0,1.0,0.0
23,270,10.165337555314446,7.854069144477801,0.0,0.0,0.0,0.0,0.0,0.0
24,270,9.404535012253469,11.606227503799143,0.0,1.0,0.0,1.0,0.0,0.0
25,270,0.0,4.179778612034482,1.0,1.0,1.0,1.0,0.0,0.0
26,270,4.757654795401998,9.276351747155545,0.0,0.0,0.0,0.0,1.0,1.0
27,270,8.048679231344934,2.4396575028336485,0.0,0.0,0.0,1.0,1.0,1.0
28,270,8.440747989794309,9.91050082315119,1.0,0.0,1.0,1.0,0.0,0.0
29,270,4.612432979945509,0.0,0.0,0.0,1.0,0.0,1.0,0.0
30,270,2.3440915770764748,4.885923337155648,1.0,0.0,0.0,1.0,1.0,0.0
31,270,4.226380944454682,1.5881879010691953,0.0,0.0,0.0,0.0,1.0,1.0
32,270,7.320637952026592,0.0,1.0,1.0,0.0,1.0,0.0,1.0
33,270,12.0,12.0,0.0,0.0,0.0,0.0,1.0,1.0
34,270,0.7602961792680145,1.709684556523634,1.0,0.0,1.0,1.0,0.0,1.0
35,270,7.080153409269796,8.923468500776972,0.0,1.0,0.0,1.0,0.0,1.0
36,270,12.0,6.695489501753714,1.0,0.0,0.0,1.0,0.0,0.0
37,270,0.1522468848258731,5.231728042154319,1.0,0.0,0.0,0.0,1.0,0.0
38,270,4.8015488100891,6.68038797817812,0.0,0.0,1.0,0.0,0.0,1.0
39,270,8.636203884806196,8.466983704886477,0.0,1.0,1.0,0.0,0.0,1.0
0,275,0.0,10.209923326349058,0.0,1.0,0.0,0.0,0.0,1.0
1,275,0.1936985478424899,0.0,0.0,1.0,0.0,0.0,1.0,1.0
2,275,3.774427540066971,12.0,1.0,1.0,1.0,0.0,0.0,0.0
3,275,7.508396680350744,0.8688352892636173,0.0,0.0,0.0,0.0,1.0,0.0
4,275,7.687851885433875,10.329160511540575,0.0,1.0,0.0,0.0,0.0,0.0
5,275,4.471132624421804,9.09748134620567,1.0,0.0,1.0,1.0,1.0,1.0
6,275,10.34799483533255,5.412520928014029,1.0,1.0,0.0,0.0,0.0,0.0
7,275,7.741442602982938,8.803654597005677,0.0,0.0,1.0,0.0,0.0,0.0
8,275,7.177460091508753,11.114272105572317,0.0,0.0,0.0,0.0,0.0,1.0
9,275,3.577421450114884,0.0,1.0,0.0,0.0,0.0,1.0,0.0
10,275,0.4760011363473347,7.12883932919343,0.0,1.0,1.0,0.0,1.0,0.0
11,275,7.9029729466926515,9.15533565586198,1.0,1.0,1.0,1.0,1.0,0.0
12,275,0.0,3.622924665906679,1.0,0.0,0.0,0.0,0.0,1.0
13,275,5.825051543758655,0.6022883640812707,0.0,0.0,1.0,1.0,0.0,0.0
14,275,4.3688411040581645,0.0,1.0,0.0,1.0,0.0,0.0,1.0
15,275,11.514022681974534,5.731296454810236,1.0,0.0,0.0,0.0,0.0,0.0
16,275,8.813349463562195,12.0,0.0,1.0,1.0,0.0,1.0,0.0
17,275,11.80922925685517,1.1694930567298083,0.0,1.0,0.0,0.0,0.0,1.0
18,275,10.71361777156397,5.717632651738994,0.0,0.0,0.0,1.0,0.0,0.0
19,275,8.382414152489707,3.72590712784788,0.0,0.0,1.0,1.0,0.0,0.0
20,275,10.51742879680567,1.8704673473490336,1.0,1.0,0.0,0.0,0.0,0.0
21,275,0.1150768821188134,5.396965468458979,0.0,1.0,1.0,1.0,1.0,0.0
22,275,1.732633545226059,5.687894287159797,1.0,1.0,0.0,0.0,1.0,0.0
23,275,10.174073351955125,8.030489280328283,0.0,0.0,0.0,0.0,0.0,0.0
24,275,9.423084860322334,11.510520674873325,0.0,1.0,0.0,1.0,0.0,0.0
25,275,0.0,4.165180944916739,1.0,1.0,1.0,1.0,0.0,0.0
26,275,4.77166369195913,9.269715607284953,0.0,0.0,0.0,0.0,1.0,1.0
27,275,8.163052498472366,2.4777736413714764,0.0,0.0,0.0,1.0,1.0,1.0
28,275,8.557298723258254,9.91043906727207,1.0,0.0,1.0,1.0,0.0,0.0
29,275,4.528161114154576,0.0,0.0,0.0,1.0,0.0,1.0,0.0
30,275,2.356147395197401,4.723820534525488,1.0,0.0,0.0,1.0,1.0,0.0
31,275,4.216077177227113,1.6537347238743387,0.0,0.0,0.0,0.0,1.0,1.0
32,275,7.4354107019784115,0.0,1.0,1.0,0.0,1.0,0.0,1.0
33,275,12.0,12.0,0.0,0.0,0.0,0.0,1.0,1.0
34,275,0.7261287172954305,1.7842952248035957,1.0,0.0,1.0,1.0,0.0,1.0
35,275,7.058280036130789,9.10744650414701,0.0,1.0,0.0,1.0,0.0,1.0
36,275,12.0,6.643636351901541,1.0,0.0,0.0,1.0,0.0,0.0
37,275,0.3410800272826404,5.182633327848043,1.0,0.0,0.0,0.0,1.0,0.0
38,275,4.802726149274402,6.679761196081851,0.0,0.0,1.0,0.0,0.0,1.0
39,275,8.619195901535248,8.33302233182965,0.0,1.0,1.0,0.0,0.0,1.0
0,280,0.0,10.203532627952518,0.0,1.0,0.0,0.0,0.0,1.0
1,280,0.2153143418955109,0.0,0.0,1.0,0.0,0.0,1.0,1.0
2,280,3.7948553722556624,12.0,1.0,1.0,1.0,0.0,0.0,0.0
3,280,7.547740478633578,0.8361976021702673,0.0,0.0,0.0,0.0,1.0,0.0
4,280,7.825595848632199,10.550450311126946,0.0,1.0,0.0,0.0,0.0,0.0
5,280,4.446519312893987,9.113284110105884,1.0,0.0,1.0,1.0,1.0,1.0
6,280,10.29478928146336,5.383179617768334,1.0,1.0,0.0,0.0,0.0,0.0
7,280,7.798864519957992,8.760264114813943,0.0,0.0,1.0,0.0,0.0,0.0
8,280,7.127256905437453,11.07649539332694,0.0,0.0,0.0,0.0,0.0,1.0
9,280,3.414295119127676,0.0,1.0,0.0,0.0,0.0,1.0,0.0
10,280,0.3438437235324203,7.056721696849338,0.0,1.0,1.0,0.0,1.0,0.0
11,280,7.899590478619714,9.109512553898853,1.0,1.0,1.0,1.0,1.0,0.0
12,280,0.0,3.527629090292343,1.0,0.0,0.0,0.0,0.0,1.0
13,280,5.868120411489255,0.576696981331092,0.0,0.0,1.0,1.0,0.0,0.0
14,280,4.230453778302635,0.0,1.0,0.0,1.0,0.0,0.0,1.0
15,280,11.517458175477588,5.669370133743406,1.0,0.0,0.0,0.0,0.0,0.0
16,280,8.861585508265224,12.0,0.0,1.0,1.0,0.0,1.0,0.0
17,280,11.818206329670108,1.1899315636792522,0.0,1.0,0.0,0.0,0.0,1.0
18,280,10.68516349033092,5.761979450635214,0.0,0.0,0.0,1.0,0.0,0.0
19,280,8.457151693663972,3.629114327953966,0.0,0.0,1.0,1.0,0.0,0.0
20,280,10.51318738406392,1.8712308598915723,1.0,1.0,0.0,0.0,0.0,0.0
21,280,0.0937459397295815,5.41954477886792,0.0,1.0,1.0,1.0,1.0,0.0
22,280,1.6670576817620917,5.776103902719501,1.0,1.0,0.0,0.0,1.0,0.0
23,280,10.181457624189015,8.201002879241921,0.0,0.0,0.0,0.0,0.0,0.0
24,280,9.442047149134243,11.420953334364125,0.0,1.0,0.0,1.0,0.0,0.0
25,280,0.0,4.1468542745153805,1.0,1.0,1.0,1.0,0.0,0.0
26,280,4.774273910814891,9.26848268301993,0.0,0.0,0.0,0.0,1.0,1.0
27,280,8.265787597548089,2.5104097220160275,0.0,0.0,0.0,1.0,1.0,1.0
28,280,8.659821530605408,9.909914974346252,1.0,0.0,1.0,1.0,0.0,0.0
29,280,4.437815037194824,0.0,0.0,0.0,1.0,0.0,1.0,0.0
30,280,2.3706804907765764,4.576149487704211,1.0,0.0,0.0,1.0,1.0,0.0
31,280,4.207280095370254,1.7089404569113191,0.0,0.0,0.0,0.0,1.0,1.0
32,280,7.550765156065876,0.0,1.0,1.0,0.0,1.0,0.0,1.0
33,280,12.0,12.0,0.0,0.0,0.0,0.0,1.0,1.0
34,280,0.6979447357884903,1.842958023659324,1.0,0.0,1.0,1.0,0.0,1.0
35,280,7.032640653168295,9.318126630170251,0.0,1.0,0.0,1.0,0.0,1.0
36,280,12.0,6.606615340454137,1.0,0.0,0.0,1.0,0.0,0.0
37,280,0.533871084216731,5.128132981893799,1.0,0.0,0.0,0.0,1.0,0.0
38,280,4.7873212071839175,6.688130765835725,0.0,0.0,1.0,0.0,0.0,1.0
39,280,8.601404880304687,8.216468593610854,0.0,1.0,1.0,0.0,0.0,1.0
0,285,0.0,10.198117413027209,0.0,1.0,0.0,0.0,0.0,1.0
1,285,0.2274755098163222,0.0,0.0,1.0,0.0,0.0,1.0,1.0
2,285,3.815075309414559,12.0,1.0,1.0,1.0,0.0,0.0,0.0
3,285,7.590869466305068,0.8014762481337094,0.0,0.0,0.0,0.0,1.0,0.0
4,285,7.954499210641926,10.756358260273984,0.0,1.0,0.0,0.0,0.0,0.0
5,285,4.4334880936924845,9.121743087275645,1.0,0.0,1.0,1.0,1.0,1.0
6,285,10.243135248717609,5.352628667586223,1.0,1.0,0.0,0.0,0.0,0.0
7,285,7.86312449359404,8.714630302492683,0.0,0.0,1.0,0.0,0.0,0.0
8,285,7.111670601385775,11.096428412195689,0.0,0.0,0.0,0.0,0.0,1.0
9,285,3.25254232212927,0.0,1.0,0.0,0.0,0.0,1.0,0.0
10,285,0.2022571442659181,6.978923192289932,0.0,1.0,1.0,0.0,1.0,0.0
11,285,7.896093804264407,9.039593268708812,1.0,1.0,1.0,1.0,1.0,0.0
12,285,0.0,3.4460454100256346,1.0,0.0,0.0,0.0,0.0,1.0
13,285,5.845356312047648,0.5336191854277635,0.0,0.0,1.0,1.0,0.0,0.0
14,285,4.094277782067367,0.0,1.0,0.0,1.0,0.0,0.0,1.0
15,285,11.52099548194525,5.616119631798823,1.0,0.0,0.0,0.0,0.0,0.0
16,285,8.902310482526293,12.0,0.0,1.0,1.0,0.0,1.0,0.0
17,285,11.82649025454105,1.207140453780759,0.0,1.0,0.0,0.0,0.0,1.0
18,285,10.666256904208993,5.7907960199683375,0.0,0.0,0.0,1.0,0.0,0.0
19,285,8.532072601541998,3.5354152561984904,0.0,0.0,1.0,1.0,0.0,0.0
20,285,10.497964078548744,1.8740811157328436,1.0,1.0,0.0,0.0,0.0,0.0
21,285,0.076956325216776,5.4376889994066016,0.0,1.0,1.0,1.0,1.0,0.0
22,285,1.5910288758667837,5.882914110122968,1.0,1.0,0.0,0.0,1.0,0.0
23,285,10.194801334180331,8.375402522431918,0.0,0.0,0.0,0.0,0.0,0.0
24,285,9.460715404683125,11.336841110294282,0.0,1.0,0.0,1.0,0.0,0.0
25,285,0.0,4.130324695992888,1.0,1.0,1.0,1.0,0.0,0.0
26,285,4.749542740644189,9.28072557683448,0.0,0.0,0.0,0.0,1.0,1.0
27,285,8.361429642599543,2.5379591795040413,0.0,0.0,0.0,1.0,1.0,1.0
28,285,8.760724321177102,9.90799451629304,1.0,0.0,1.0,1.0,0.0,0.0
29,285,4.344450920962007,0.0,0.0,0.0,1.0,0.0,1.0,0.0
30,285,2.386530837094053,4.459170631850209,1.0,0.0,0.0,1.0,1.0,0.0
31,285,4.200629714503287,1.7496289888991237,0.0,0.0,0.0,0.0,1.0,1.0
32,285,7.68175070507381,0.0,1.0,1.0,0.0,1.0,0.0,1.0
33,285,12.0,12.0,0.0,0.0,0.0,0.0,1.0,1.0
34,285,0.6874437590061013,1.8648052311692376,1.0,0.0,1.0,1.0,0.0,1.0
35,285,7.008341626066559,9.531732812769684,0.0,1.0,0.0,1.0,0.0,1.0
36,285,12.0,6.573368133295255,1.0,0.0,0.0,1.0,0.0,0.0
37,285,0.7425245526655049,5.071696381438546,1.0,0.0,0.0,0.0,1.0,0.0
38,285,4.773077553031951,6.695857719236858,0.0,0.0,1.0,0.0,0.0,1.0
39,285,8.57958563027667,8.071992376792636,0.0,1.0,1.0,0.0,0.0,1.0
0,290,0.0,10.194364289574436,0.0,1.0,0.0,0.0,0.0,1.0
1,290,0.2435517101039886,0.0,0.0,1.0,0.0,0.0,1.0,1.0
2,290,3.839444655748056,12.0,1.0,1.0,1.0,0.0,0.0,0.0
3,290,7.642015340676989,0.7607564469024479,0.0,0.0,0.0,0.0,1.0,0.0
4,290,8.165283808126256,10.619064791274957,0.0,1.0,0.0,0.0,0.0,0.0
5,290,4.401716502151466,9.141456358255146,1.0,0.0,1.0,1.0,1.0,1.0
6,290,10.187461747497462,5.319259468640023,1.0,1.0,0.0,0.0,0.0,0.0
7,290,7.9265661370218385,8.668233438174463,0.0,0.0,1.0,0.0,0.0,0.0
8,290,7.100818442053466,11.10982486873126,0.0,0.0,0.0,0.0,0.0,1.0
9,290,3.078974281648579,0.0,1.0,0.0,0.0,0.0,1.0,0.0
10,290,0.059713427481657,6.901871498076962,0.0,1.0,1.0,0.0,1.0,0.0
11,290,7.893092106662413,8.94186125742824,1.0,1.0,1.0,1.0,1.0,0.0
12,290,0.0,3.3471981719454336,1.0,0.0,0.0,0.0,0.0,1.0
13,290,5.827262419533128,0.501688700380866,0.0,0.0,1.0,1.0,0.0,0.0
14,290,3.978689879289373,0.0,1.0,0.0,1.0,0.0,0.0,1.0
15,290,11.525290464090338,5.551011814408421,1.0,0.0,0.0,0.0,0.0,0.0
16,290,8.93752156292353,12.0,0.0,1.0,1.0,0.0,1.0,0.0
17,290,11.838866906018136,1.2326835528981328,0.0,1.0,0.0,0.0,0.0,1.0
18,290,10.65374959004216,5.809963534236274,0.0,0.0,0.0,1.0,0.0,0.0
19,290,8.594993085393126,3.452835182414262,0.0,0.0,1.0,1.0,0.0,0.0
20,290,10.480189391300671,1.8775315026003243,1.0,1.0,0.0,0.0,0.0,0.0
21,290,0.0394588568086331,5.476471228826163,0.0,1.0,1.0,1.0,1.0,0.0
22,290,1.5123356470211,5.990121771192332,1.0,1.0,0.0,0.0,1.0,0.0
23,290,10.21280498478608,8.568100361639544,0.0,0.0,0.0,0.0,0.0,0.0
24,290,9.477624847958053,11.265396862136532,0.0,1.0,0.0,1.0,0.0,0.0
25,290,0.0,4.1136803467435,1.0,1.0,1.0,1.0,0.0,0.0
26,290,4.703608319153081,9.305538768628644,0.0,0.0,0.0,0.0,1.0,1.0
27,290,8.450547137511258,2.5619183450373297,0.0,0.0,0.0,1.0,1.0,1.0
28,290,8.870239805773162,9.90646098183063,1.0,0.0,1.0,1.0,0.0,0.0
29,290,4.234658943327985,0.0,0.0,0.0,1.0,0.0,1.0,0.0
30,290,2.403946481701956,4.343369264590812,1.0,0.0,0.0,1.0,1.0,0.0
31,290,4.194999369667912,1.7912276307474664,0.0,0.0,0.0,0.0,1.0,1.0
32,290,7.813962410086482,0.0,1.0,1.0,0.0,1.0,0.0,1.0
33,290,12.0,12.0,0.0,0.0,0.0,0.0,1.0,1.0
34,290,0.6812745508280422,1.877652887706999,1.0,0.0,1.0,1.0,0.0,1.0
35,290,6.784096492231868,9.514910561582289,0.0,1.0,0.0,1.0,0.0,1.0
36,290,12.0,6.534863939109711,1.0,0.0,0.0,1.0,0.0,0.0
37,290,0.9574362233423678,5.008363199069343,1.0,0.0,0.0,0.0,1.0,0.0
38,290,4.763146107212954,6.701502982962666,0.0,0.0,1.0,0.0,0.0,1.0
39,290,8.561248599631554,7.926986634156169,0.0,1.0,1.0,0.0,0.0,1.0
0,295,0.0,10.1909356143742,0.0,1.0,0.0,0.0,0.0,1.0
1,295,0.2651378880626403,0.0,0.0,1.0,0.0,0.0,1.0,1.0
2,295,3.863126181519682,12.0,1.0,1.0,1.0,0.0,0.0,0.0
3,295,7.703413800802703,0.7134533360686515,0.0,0.0,0.0,0.0,1.0,0.0
4,295,8.381729799121024,10.479388299951363,0.0,1.0,0.0,0.0,0.0,0.0
5,295,4.369431873744717,9.162507692033795,1.0,0.0,1.0,1.0,1.0,1.0
6,295,10.146426000242457,5.2936181898861525,1.0,1.0,0.0,0.0,0.0,0.0
7,295,7.970453572125246,8.635617281092921,0.0,0.0,1.0,0.0,0.0,0.0
8,295,7.086520280829918,11.126778126964355,0.0,0.0,0.0,0.0,0.0,1.0
9,295,2.89229100657238,0.0,1.0,0.0,0.0,0.0,1.0,0.0
10,295,0.0,6.815976939703456,0.0,1.0,1.0,0.0,1.0,0.0
11,295,7.89006295872117,8.836676889805823,1.0,1.0,1.0,1.0,1.0,0.0
12,295,0.0,3.2288572381939984,1.0,0.0,0.0,0.0,0.0,1.0
13,295,5.808530042552905,0.4672319795019968,0.0,0.0,1.0,1.0,0.0,0.0
14,295,3.862942066944689,0.0,1.0,0.0,1.0,0.0,0.0,1.0
15,295,11.53053104377156,5.4940702616892745,1.0,0.0,0.0,0.0,0.0,0.0
16,295,8.979567004125121,12.0,0.0,1.0,1.0,0.0,1.0,0.0
17,295,11.851689650994787,1.2581031036942203,0.0,1.0,0.0,0.0,0.0,1.0
18,295,10.64608965767703,5.822907296918422,0.0,0.0,0.0,1.0,0.0,0.0
19,295,8.65860759544961,3.37392651910392,0.0,0.0,1.0,1.0,0.0,0.0
20,295,10.482307532395424,1.8771072043536143,1.0,1.0,0.0,0.0,0.0,0.0
21,295,0.0,5.525686882432567,0.0,1.0,1.0,1.0,1.0,0.0
22,295,1.4442730707660376,6.090106680710592,1.0,1.0,0.0,0.0,1.0,0.0
23,295,10.234642805201013,8.781089493341227,0.0,0.0,0.0,0.0,0.0,0.0
24,295,9.495447594770376,11.193228730364629,0.0,1.0,0.0,1.0,0.0,0.0
25,295,0.0,4.09816333033904,1.0,1.0,1.0,1.0,0.0,0.0
26,295,4.654843510138356,9.331464816639908,0.0,0.0,0.0,0.0,1.0,1.0
27,295,8.547634605916716,2.586343513628628,0.0,0.0,0.0,1.0,1.0,1.0
28,295,8.959180164674429,9.905815299503343,1.0,0.0,1.0,1.0,0.0,0.0
29,295,4.124352650026707,0.0,0.0,0.0,1.0,0.0,1.0,0.0
30,295,2.420857963056965,4.235764668574831,1.0,0.0,0.0,1.0,1.0,0.0
31,295,4.1902529100285735,1.819802361035279,0.0,0.0,0.0,0.0,1.0,1.0
32,295,7.96120711417764,0.0,1.0,1.0,0.0,1.0,0.0,1.0
33,295,12.0,12.0,0.0,0.0,0.0,0.0,1.0,1.0
34,295,0.6775684862678366,1.885278874182688,1.0,0.0,1.0,1.0,0.0,1.0
35,295,6.540382552700898,9.49437385970027,0.0,1.0,0.0,1.0,0.0,1.0
36,295,12.0,6.507163885020365,1.0,0.0,0.0,1.0,0.0,0.0
37,295,1.1851049576088235,4.941309184984484,1.0,0.0,0.0,0.0,1.0,0.0
38,295,4.760512859153373,6.70297934312936,0.0,0.0,1.0,0.0,0.0,1.0
39,295,8.545427948620155,7.795129021944383,0.0,1.0,1.0,0.0,0.0,1.0
