0,0,6.019921957478829,5.966268035333856,0.0,0.0,0.0,1.0,1.0,0.0
1,0,9.96341694183596,11.03918273848194,0.0,0.0,0.0,1.0,1.0,0.0
2,0,2.9436382366517257,1.9523635402621025,0.0,1.0,0.0,1.0,0.0,0.0
3,0,3.059964198397617,5.967771077347798,1.0,0.0,1.0,1.0,0.0,1.0
4,0,2.045933360774693,3.027348297473138,1.0,1.0,0.0,0.0,1.0,1.0
5,0,9.044905766366051,7.037995306078656,0.0,1.0,1.0,0.0,0.0,0.0
6,0,5.054052546646832,3.963126485592221,1.0,0.0,0.0,0.0,0.0,0.0
7,0,3.983303808616379,10.06180650816422,1.0,0.0,0.0,0.0,0.0,1.0
8,0,7.961132338835005,3.991667983123792,0.0,1.0,1.0,0.0,0.0,1.0
9,0,6.979342800515317,9.049222245947083,0.0,0.0,1.0,0.0,1.0,0.0
10,0,4.994859894304198,2.06115229874165,0.0,1.0,0.0,0.0,1.0,0.0
11,0,3.0181613516631334,4.022847997507844,0.0,0.0,0.0,0.0,0.0,0.0
12,0,0.0639875225615099,0.0,0.0,1.0,1.0,1.0,1.0,1.0
13,0,10.003455744920178,4.955390418261058,1.0,1.0,1.0,0.0,1.0,0.0
14,0,11.042870272077405,8.048107498044898,1.0,0.0,1.0,0.0,1.0,1.0
15,0,6.968265502916111,7.951353662794389,0.0,1.0,1.0,0.0,0.0,1.0
16,0,11.998934141595546,0.9336931266460392,1.0,0.0,0.0,1.0,1.0,0.0
17,0,2.035077097881573,8.051627094657704,0.0,0.0,0.0,0.0,0.0,0.0
18,0,7.959905451936111,11.985929325987652,1.0,1.0,0.0,0.0,0.0,0.0
19,0,2.993827558150497,4.021782872040396,1.0,0.0,0.0,1.0,1.0,0.0
20,0,2.0379880753039665,6.040892151925156,0.0,0.0,0.0,0.0,0.0,0.0
21,0,1.0159583799420346,6.038324563103036,0.0,0.0,1.0,1.0,0.0,0.0
22,0,6.019874732290006,5.972476040241796,0.0,0.0,0.0,0.0,0.0,0.0
23,0,1.0074259516415789,4.953040028891622,1.0,0.0,1.0,0.0,0.0,1.0
24,0,0.9486526999908648,0.0,0.0,0.0,0.0,1.0,1.0,0.0
25,0,7.0207082690482485,10.94786626420328,1.0,1.0,0.0,0.0,0.0,1.0
26,0,0.9612271387701348,10.030986423496971,0.0,0.0,0.0,0.0,0.0,0.0
27,0,11.945890266980484,3.0345433975761527,1.0,0.0,1.0,1.0,0.0,1.0
28,0,6.058122355799945,7.029776545574825,0.0,0.0,0.0,1.0,1.0,0.0
29,0,7.048630074868788,10.9457387958306,0.0,0.0,0.0,1.0,0.0,0.0
30,0,8.018349538318336,5.059107418164195,1.0,1.0,1.0,0.0,0.0,0.0
31,0,4.045519869818075,4.057898230227602,0.0,1.0,0.0,0.0,0.0,0.0
32,0,0.0289700859255171,11.963829303293693,1.0,1.0,0.0,1.0,0.0,0.0
33,0,5.979635975538005,5.050318405006793,1.0,0.0,1.0,0.0,1.0,0.0
34,0,5.061894861519093,0.0355297558822655,0.0,1.0,0.0,0.0,0.0,0.0
35,0,9.022671682276249,11.056287516900756,0.0,0.0,1.0,0.0,0.0,0.0
36,0,0.0350121445333953,4.038693853984441,1.0,1.0,0.0,1.0,1.0,1.0
37,0,8.948474718865947,12.0,0.0,1.0,1.0,0.0,1.0,0.0
38,0,11.945550207119007,4.978506005717303,0.0,1.0,1.0,1.0,0.0,0.0
39,0,0.9590537042085772,7.993435071522879,1.0,0.0,0.0,0.0,0.0,0.0
0,5,6.037458809132529,5.936083228546866,0.0,0.0,0.0,1.0,1.0,0.0
1,5,9.927617635383587,11.077086772888824,0.0,0.0,0.0,1.0,1.0,0.0
2,5,2.8930087375142786,1.911599347313512,0.0,1.0,0.0,1.0,0.0,0.0
3,5,3.109638769414961,5.940364382803163,1.0,0.0,1.0,1.0,0.0,1.0
4,5,2.100737096452878,3.060827045960904,1.0,1.0,0.0,0.0,1.0,1.0
5,5,9.096736974058146,7.082584314329337,0.0,1.0,1.0,0.0,0.0,0.0
6,5,5.131808298324753,3.913326458738659,1.0,0.0,0.0,0.0,0.0,0.0
7,5,3.97136750169775,10.10253447974836,1.0,0.0,0.0,0.0,0.0,1.0
8,5,7.907078004566587,3.980004405081895,0.0,1.0,1.0,0.0,0.0,1.0
9,5,6.951640615895243,9.112468489201444,0.0,0.0,1.0,0.0,1.0,0.0
10,5,4.988672997615195,2.1371438188982457,0.0,1.0,0.0,0.0,1.0,0.0
11,5,3.0358574760842587,4.0451712550072525,0.0,0.0,0.0,0.0,0.0,0.0
12,5,0.1176099849603191,0.0,0.0,1.0,1.0,1.0,1.0,1.0
13,5,10.005524782975389,4.930408958414083,1.0,1.0,1.0,0.0,1.0,0.0
14,5,11.080904147714264,8.091068116793922,1.0,0.0,1.0,0.0,1.0,1.0
15,5,6.936872832564763,7.900428347622654,0.0,1.0,1.0,0.0,0.0,1.0
16,5,11.998527734401494,0.8800233978874856,1.0,0.0,0.0,1.0,1.0,0.0
17,5,2.073404120105882,8.10978148433964,0.0,0.0,0.0,0.0,0.0,0.0
18,5,7.926063126728254,11.97360295772496,1.0,1.0,0.0,0.0,0.0,0.0
19,5,2.983522892384025,4.055896543593974,1.0,0.0,0.0,1.0,1.0,0.0
20,5,2.0673912716408247,6.073880433799324,0.0,0.0,0.0,0.0,0.0,0.0
21,5,1.031915358838513,6.07431392969979,0.0,0.0,1.0,1.0,0.0,0.0
22,5,6.045889624851678,5.93743191816718,0.0,0.0,0.0,0.0,0.0,0.0
23,5,1.0154656677473335,4.8946322912742,1.0,0.0,1.0,0.0,0.0,1.0
24,5,0.9004126767967445,0.0,0.0,0.0,0.0,1.0,1.0,0.0
25,5,7.046305525647333,10.883776467525315,1.0,1.0,0.0,0.0,0.0,1.0
26,5,0.91404045835918,10.071241688101388,0.0,0.0,0.0,0.0,0.0,0.0
27,5,11.887582179275316,3.072139905864674,1.0,0.0,1.0,1.0,0.0,1.0
28,5,6.147653369791557,7.071846883848284,0.0,0.0,0.0,1.0,1.0,0.0
29,5,7.093840374343741,10.896572171676407,0.0,0.0,0.0,1.0,0.0,0.0
30,5,8.038151477226442,5.1263704441402105,1.0,1.0,1.0,0.0,0.0,0.0
31,5,4.087832444049228,4.113112717279407,0.0,1.0,0.0,0.0,0.0,0.0
32,5,0.0458025495174839,11.942473981157214,1.0,1.0,0.0,1.0,0.0,0.0
33,5,5.956344220498726,5.1061412161073,1.0,0.0,1.0,0.0,1.0,0.0
34,5,5.137179809887064,0.0805605320174892,0.0,1.0,0.0,0.0,0.0,0.0
35,5,9.05020778835177,11.130198458775997,0.0,0.0,1.0,0.0,0.0,0.0
36,5,0.0670396780039403,4.073890908887884,1.0,1.0,0.0,1.0,1.0,1.0
37,5,8.906560898443923,12.0,0.0,1.0,1.0,0.0,1.0,0.0
38,5,11.878693337542131,4.952923605491049,0.0,1.0,1.0,1.0,0.0,0.0
39,5,0.9304922524311856,7.988274981339269,1.0,0.0,0.0,0.0,0.0,0.0
0,10,6.0413754551473255,5.928916702727011,0.0,0.0,0.0,1.0,1.0,0.0
1,10,9.886278585882302,11.124030950585428,0.0,0.0,0.0,1.0,1.0,0.0
2,10,2.849995670416833,1.878026463696956,0.0,1.0,0.0,1.0,0.0,0.0
3,10,3.1488504430082176,5.917100103677814,1.0,0.0,1.0,1.0,0.0,1.0
4,10,2.153062496110818,3.0935857276272407,1.0,1.0,0.0,0.0,1.0,1.0
5,10,9.164603181696684,7.140971892315768,0.0,1.0,1.0,0.0,0.0,0.0
6,10,5.200686972116574,3.869976602136034,1.0,0.0,0.0,0.0,0.0,0.0
7,10,3.955899898609264,10.152982015043928,1.0,0.0,0.0,0.0,0.0,1.0
8,10,7.845945274302296,3.9668530253851326,0.0,1.0,1.0,0.0,0.0,1.0
9,10,6.922434864056175,9.17524666667495,0.0,0.0,1.0,0.0,1.0,0.0
10,10,4.979184430074956,2.239785719315832,0.0,1.0,0.0,0.0,1.0,0.0
11,10,3.039636479690605,4.049805822786055,0.0,0.0,0.0,0.0,0.0,0.0
12,10,0.159793841938197,0.0,0.0,1.0,1.0,1.0,1.0,1.0
13,10,10.006315887960378,4.916491847355148,1.0,1.0,1.0,0.0,1.0,0.0
14,10,11.11955432113114,8.133902545213742,1.0,0.0,1.0,0.0,1.0,1.0
15,10,6.898539048208292,7.832444327617675,0.0,1.0,1.0,0.0,0.0,1.0
16,10,11.997927239701468,0.8322586383212179,1.0,0.0,0.0,1.0,1.0,0.0
17,10,2.1077727395566943,8.166134556190952,0.0,0.0,0.0,0.0,0.0,0.0
18,10,7.887222169178218,11.960347139102328,1.0,1.0,0.0,0.0,0.0,0.0
19,10,2.976167774512368,4.08324316836279,1.0,0.0,0.0,1.0,1.0,0.0
20,10,2.0917006565903837,6.099588849460868,0.0,0.0,0.0,0.0,0.0,0.0
21,10,1.0453101225667183,6.10425675997468,0.0,0.0,1.0,1.0,0.0,0.0
22,10,6.067792048487935,5.906679736834591,0.0,0.0,0.0,0.0,0.0,0.0
23,10,1.0266864573913743,4.822634983730236,1.0,0.0,1.0,0.0,0.0,1.0
24,10,0.8351252032919967,0.0,0.0,0.0,0.0,1.0,1.0,0.0
25,10,7.07123661477477,10.823736172884637,1.0,1.0,0.0,0.0,0.0,1.0
26,10,0.8548416753834434,10.124036299892492,0.0,0.0,0.0,0.0,0.0,0.0
27,10,11.82110325547523,3.1183220887961567,1.0,0.0,1.0,1.0,0.0,1.0
28,10,6.1842975095837485,6.9901078108121535,0.0,0.0,0.0,1.0,1.0,0.0
29,10,7.115106816156394,10.871920350482686,0.0,0.0,0.0,1.0,0.0,0.0
30,10,8.058215878634291,5.200414583060545,1.0,1.0,1.0,0.0,0.0,0.0
31,10,4.125483683466186,4.163689245496864,0.0,1.0,0.0,0.0,0.0,0.0
32,10,0.068723637687887,11.911897122843484,1.0,1.0,0.0,1.0,0.0,0.0
33,10,5.9295472018566135,5.168878873599567,1.0,0.0,1.0,0.0,1.0,0.0
34,10,5.193294285545837,0.1129052200093458,0.0,1.0,0.0,0.0,0.0,0.0
35,10,9.06929107332798,11.17530093199216,0.0,0.0,1.0,0.0,0.0,0.0
36,10,0.1087767099340896,4.118673462255067,1.0,1.0,0.0,1.0,1.0,1.0
37,10,8.861982379109765,12.0,0.0,1.0,1.0,0.0,1.0,0.0
38,10,11.805416397094382,4.924525583247623,0.0,1.0,1.0,1.0,0.0,0.0
39,10,0.908690082675331,7.984200886052045,1.0,0.0,0.0,0.0,0.0,0.0
0,15,6.044583885862161,5.922805618775385,0.0,0.0,0.0,1.0,1.0,0.0
1,15,9.837468597781708,11.18065376540919,0.0,0.0,0.0,1.0,1.0,0.0
2,15,2.790281149070326,1.83418445804119,0.0,1.0,0.0,1.0,0.0,0.0
3,15,3.1928409596568974,5.891477442833651,1.0,0.0,1.0,1.0,0.0,1.0
4,15,2.197294920443879,3.12289895933579,1.0,1.0,0.0,0.0,1.0,1.0
5,15,9.227062437410208,7.193418216541742,0.0,1.0,1.0,0.0,0.0,0.0
6,15,5.270695536050502,3.826074347206324,1.0,0.0,0.0,0.0,0.0,0.0
7,15,3.943347841438728,10.196759098722666,1.0,0.0,0.0,0.0,0.0,1.0
8,15,7.773041487557204,3.9510956821308016,0.0,1.0,1.0,0.0,0.0,1.0
9,15,6.887313731871599,9.253325107243247,0.0,0.0,1.0,0.0,1.0,0.0
10,15,4.970808674969382,2.332868991592979,0.0,1.0,0.0,0.0,1.0,0.0
11,15,3.036750432772295,4.046140561900304,0.0,0.0,0.0,0.0,0.0,0.0
12,15,0.1901019842016916,0.0,0.0,1.0,1.0,1.0,1.0,1.0
13,15,10.007539283607224,4.886841640476561,1.0,1.0,1.0,0.0,1.0,0.0
14,15,11.155409248754909,8.172635470386304,1.0,0.0,1.0,0.0,1.0,1.0
15,15,6.852146176566476,7.753862205144941,0.0,1.0,1.0,0.0,0.0,1.0
16,15,11.99788794594476,0.7948245935388957,1.0,0.0,0.0,1.0,1.0,0.0
17,15,2.148436954376181,8.23255541738953,0.0,0.0,0.0,0.0,0.0,0.0
18,15,7.833560888363161,11.942109671255446,1.0,1.0,0.0,0.0,0.0,0.0
19,15,2.9693713553804657,4.106053034837768,1.0,0.0,0.0,1.0,1.0,0.0
20,15,2.1100662742279845,6.117835526858163,0.0,0.0,0.0,0.0,0.0,0.0
21,15,1.0556826623512825,6.126538902686344,0.0,0.0,1.0,1.0,0.0,0.0
22,15,6.092943090858536,5.872068860329585,0.0,0.0,0.0,0.0,0.0,0.0
23,15,1.0397510170966622,4.742647977642055,1.0,0.0,1.0,0.0,0.0,1.0
24,15,0.7671627121129381,0.0,0.0,0.0,0.0,1.0,1.0,0.0
25,15,7.102077181692519,10.750186157689194,1.0,1.0,0.0,0.0,0.0,1.0
26,15,0.7744063139792925,10.192194905786444,0.0,0.0,0.0,0.0,0.0,0.0
27,15,11.750132672809196,3.165013177470396,1.0,0.0,1.0,1.0,0.0,1.0
28,15,6.2172985451612055,6.920111385568256,0.0,0.0,0.0,1.0,1.0,0.0
29,15,7.150155702716937,10.833734474611392,0.0,0.0,0.0,1.0,0.0,0.0
30,15,8.080684306578092,5.283504760902526,1.0,1.0,1.0,0.0,0.0,0.0
31,15,4.170728508926286,4.22388271814558,0.0,1.0,0.0,0.0,0.0,0.0
32,15,0.0970446844333935,11.874658634518228,1.0,1.0,0.0,1.0,0.0,0.0
33,15,5.9006831701167775,5.237133952893061,1.0,0.0,1.0,0.0,1.0,0.0
34,15,5.241335595474098,0.1414887802882301,0.0,1.0,0.0,0.0,0.0,0.0
35,15,9.079869379126936,11.202449911849854,0.0,0.0,1.0,0.0,0.0,0.0
36,15,0.1662360089366824,4.179022882254341,1.0,1.0,0.0,1.0,1.0,1.0
37,15,8.828145905031882,12.0,0.0,1.0,1.0,0.0,1.0,0.0
38,15,11.714849535364566,4.890268999783677,0.0,1.0,1.0,1.0,0.0,0.0
39,15,0.8957059146404402,7.982068293285698,1.0,0.0,0.0,0.0,0.0,0.0
0,20,6.038020227646037,5.935776031833154,0.0,0.0,0.0,1.0,1.0,0.0
1,20,9.771747415912555,11.255398317668366,0.0,0.0,0.0,1.0,1.0,0.0
2,20,2.719230799945588,1.780836725773808,0.0,1.0,0.0,1.0,0.0,0.0
3,20,3.249403116225684,5.859439281687158,1.0,0.0,1.0,1.0,0.0,1.0
4,20,2.247866953630336,3.156527995737489,1.0,1.0,0.0,0.0,1.0,1.0
5,20,9.286160046990426,7.242060804690897,0.0,1.0,1.0,0.0,0.0,0.0
6,20,5.353035663251656,3.776416705420253,1.0,0.0,0.0,0.0,0.0,0.0
7,20,3.933891927480316,10.231251276140116,1.0,0.0,0.0,0.0,0.0,1.0
8,20,7.712959779281726,3.938063979695637,0.0,1.0,1.0,0.0,0.0,1.0
9,20,6.852667780136351,9.331825446876172,0.0,0.0,1.0,0.0,1.0,0.0
10,20,4.961598458574484,2.4306576800045883,0.0,1.0,0.0,0.0,1.0,0.0
11,20,3.050416060642659,4.063266801294993,0.0,0.0,0.0,0.0,0.0,0.0
12,20,0.1892187441625421,0.0003900257661036,0.0,1.0,1.0,1.0,1.0,1.0
13,20,10.00817442220036,4.875071182570495,1.0,1.0,1.0,0.0,1.0,0.0
14,20,11.197093614255168,8.21888262563863,1.0,0.0,1.0,0.0,1.0,1.0
15,20,6.802277201332346,7.667292724267055,0.0,1.0,1.0,0.0,0.0,1.0
16,20,11.997415552398312,0.7410193641253461,1.0,0.0,0.0,1.0,1.0,0.0
17,20,2.219829740599936,8.185909848478683,0.0,0.0,0.0,0.0,0.0,0.0
18,20,7.76510351633982,11.918318007386056,1.0,1.0,0.0,0.0,0.0,0.0
19,20,2.966423696482865,4.115926768026784,1.0,0.0,0.0,1.0,1.0,0.0
20,20,2.1220975915460145,6.129487906384568,0.0,0.0,0.0,0.0,0.0,0.0
21,20,1.0636161550982697,6.12307435089999,0.0,0.0,1.0,1.0,0.0,0.0
22,20,6.114736938955911,5.841385083488421,0.0,0.0,0.0,0.0,0.0,0.0
23,20,1.0530559815806584,4.659854043358734,1.0,0.0,1.0,0.0,0.0,1.0
24,20,0.6865956797826988,0.0,0.0,0.0,0.0,1.0,1.0,0.0
25,20,7.133128697081175,10.669678440724976,1.0,1.0,0.0,0.0,0.0,1.0
26,20,0.6860436445185171,10.269186032728644,0.0,0.0,0.0,0.0,0.0,0.0
27,20,11.670709388537672,3.2161706614210184,1.0,0.0,1.0,1.0,0.0,1.0
28,20,6.255091582413703,6.834600346169935,0.0,0.0,0.0,1.0,1.0,0.0
29,20,7.197557128224621,10.77811589855498,0.0,0.0,0.0,1.0,0.0,0.0
30,20,8.10919837378453,5.381988821690337,1.0,1.0,1.0,0.0,0.0,0.0
31,20,4.222930303152138,4.294047321931301,0.0,1.0,0.0,0.0,0.0,0.0
32,20,0.1323122360620834,11.827933270914922,1.0,1.0,0.0,1.0,0.0,0.0
33,20,5.866078541537783,5.320356604344094,1.0,0.0,1.0,0.0,1.0,0.0
34,20,5.300479013832935,0.1750110784530406,0.0,1.0,0.0,0.0,0.0,0.0
35,20,9.084700613810012,11.21599194210878,0.0,0.0,1.0,0.0,0.0,0.0
36,20,0.2196946198878276,4.233073242061818,1.0,1.0,0.0,1.0,1.0,1.0
37,20,8.799254251810055,12.0,0.0,1.0,1.0,0.0,1.0,0.0
38,20,11.615334219305462,4.853323723187315,0.0,1.0,1.0,1.0,0.0,0.0
39,20,0.878336916275316,7.97936254822973,1.0,0.0,0.0,0.0,0.0,0.0
0,25,6.035662292085347,5.940226195422926,0.0,0.0,0.0,1.0,1.0,0.0
1,25,9.705977877245743,11.332401143534511,0.0,0.0,0.0,1.0,1.0,0.0
2,25,2.658125540250168,1.7338510369027895,0.0,1.0,0.0,1.0,0.0,0.0
3,25,3.309393341516186,5.8260246880153215,1.0,0.0,1.0,1.0,0.0,1.0
4,25,2.289966326089888,3.185453017723309,1.0,1.0,0.0,0.0,1.0,1.0
5,25,9.348788364280026,7.292518696503917,0.0,1.0,1.0,0.0,0.0,0.0
6,25,5.402422226682598,3.7469238566515424,1.0,0.0,0.0,0.0,0.0,0.0
7,25,3.9140818697934874,10.302612435258478,1.0,0.0,0.0,0.0,0.0,1.0
8,25,7.6430151153177075,3.923367000738559,0.0,1.0,1.0,0.0,0.0,1.0
9,25,6.816322809838933,9.420764268759104,0.0,0.0,1.0,0.0,1.0,0.0
10,25,4.95259270392613,2.5154278438995887,0.0,1.0,0.0,0.0,1.0,0.0
11,25,3.060721500975477,4.076370496491284,0.0,0.0,0.0,0.0,0.0,0.0
12,25,0.1803882187438615,0.0042930417502719,0.0,1.0,1.0,1.0,1.0,1.0
13,25,10.008153960498849,4.875371727311517,1.0,1.0,1.0,0.0,1.0,0.0
14,25,11.23506365971856,8.258335032811445,1.0,0.0,1.0,0.0,1.0,1.0
15,25,6.750980228411373,7.580659809208718,0.0,1.0,1.0,0.0,0.0,1.0
16,25,11.996672471740066,0.6880307884104001,1.0,0.0,0.0,1.0,1.0,0.0
17,25,2.2993755763491897,8.134323960272546,0.0,0.0,0.0,0.0,0.0,0.0
18,25,7.673822266706758,11.88845944373841,1.0,1.0,0.0,0.0,0.0,0.0
19,25,2.963261378110044,4.126991471573051,1.0,0.0,0.0,1.0,1.0,0.0
20,25,2.1290846735157114,6.13571662397913,0.0,0.0,0.0,0.0,0.0,0.0
21,25,1.07157617143407,6.119523481534437,0.0,0.0,1.0,1.0,0.0,0.0
22,25,6.127547773801829,5.823420211855462,0.0,0.0,0.0,0.0,0.0,0.0
23,25,1.0631990325873393,4.591059785271323,1.0,0.0,1.0,0.0,0.0,1.0
24,25,0.628829604158856,0.0,0.0,0.0,0.0,1.0,1.0,0.0
25,25,7.16416048511974,10.589417674182693,1.0,1.0,0.0,0.0,0.0,1.0
26,25,0.5887716879626664,10.353383128923806,0.0,0.0,0.0,0.0,0.0,0.0
27,25,11.58072605027179,3.2710968979001893,1.0,0.0,1.0,1.0,0.0,1.0
28,25,6.283644067337344,6.768704016533,0.0,0.0,0.0,1.0,1.0,0.0
29,25,7.25457864299656,10.707342362333794,0.0,0.0,0.0,1.0,0.0,0.0
30,25,8.12983492120113,5.457656926288073,1.0,1.0,1.0,0.0,0.0,0.0
31,25,4.283586343877392,4.381740388446321,0.0,1.0,0.0,0.0,0.0,0.0
32,25,0.1625398798461614,11.78741093819104,1.0,1.0,0.0,1.0,0.0,0.0
33,25,5.8383433111927,5.391265631777569,1.0,0.0,1.0,0.0,1.0,0.0
34,25,5.369257606531843,0.2120972669507017,0.0,1.0,0.0,0.0,0.0,0.0
35,25,9.08617729121752,11.220512441641562,0.0,0.0,1.0,0.0,0.0,0.0
36,25,0.2680061056556825,4.285277608549229,1.0,1.0,0.0,1.0,1.0,1.0
37,25,8.751760565823325,12.0,0.0,1.0,1.0,0.0,1.0,0.0
38,25,11.52704655444794,4.82086131117673,0.0,1.0,1.0,1.0,0.0,0.0
39,25,0.8619746343589035,7.977315330310145,1.0,0.0,0.0,0.0,0.0,0.0
0,30,6.026375207424003,5.958160966103491,0.0,0.0,0.0,1.0,1.0,0.0
1,30,9.637079687918872,11.413674737222562,0.0,0.0,0.0,1.0,1.0,0.0
2,30,2.589617535733958,1.681453318143688,0.0,1.0,0.0,1.0,0.0,0.0
3,30,3.344684724457851,5.806634753939568,1.0,0.0,1.0,1.0,0.0,1.0
4,30,2.305847743756804,3.1964703188103547,1.0,1.0,0.0,0.0,1.0,1.0
5,30,9.406691244748272,7.3391835577313,0.0,1.0,1.0,0.0,0.0,0.0
6,30,5.454270068076311,3.716447843664722,1.0,0.0,0.0,0.0,0.0,0.0
7,30,3.895446847312172,10.364181368772016,1.0,0.0,0.0,0.0,0.0,1.0
8,30,7.5747458238616945,3.911488526883811,0.0,1.0,1.0,0.0,0.0,1.0
9,30,6.78371501596587,9.499836550299005,0.0,0.0,1.0,0.0,1.0,0.0
10,30,4.94357208056405,2.5930067823703635,0.0,1.0,0.0,0.0,1.0,0.0
11,30,3.085627945614938,4.106577426558538,0.0,0.0,0.0,0.0,0.0,0.0
12,30,0.1560350757697221,0.0147678834243825,0.0,1.0,1.0,1.0,1.0,1.0
13,30,10.008445046188958,4.871195089924614,1.0,1.0,1.0,0.0,1.0,0.0
14,30,11.257659761553032,8.281598897540196,1.0,0.0,1.0,0.0,1.0,1.0
15,30,6.701584401522164,7.499808433732718,0.0,1.0,1.0,0.0,0.0,1.0
16,30,11.996292497185305,0.617712818613243,1.0,0.0,0.0,1.0,1.0,0.0
17,30,2.384215861953721,8.077490172192983,0.0,0.0,0.0,0.0,0.0,0.0
18,30,7.582634980117842,11.858748478862832,1.0,1.0,0.0,0.0,0.0,0.0
19,30,2.961184629886475,4.133821554660988,1.0,0.0,0.0,1.0,1.0,0.0
20,30,2.1259627522495816,6.132944055043078,0.0,0.0,0.0,0.0,0.0,0.0
21,30,1.0773357359591318,6.116845479252832,0.0,0.0,1.0,1.0,0.0,0.0
22,30,6.135376153500457,5.812562350940984,0.0,0.0,0.0,0.0,0.0,0.0
23,30,1.0819464716166876,4.491569288564399,1.0,0.0,1.0,0.0,0.0,1.0
24,30,0.5602527526702356,0.0,0.0,0.0,0.0,1.0,1.0,0.0
25,30,7.200856713134855,10.490801159358831,1.0,1.0,0.0,0.0,0.0,1.0
26,30,0.4980632074960487,10.4329682735218,0.0,0.0,0.0,0.0,0.0,0.0
27,30,11.493707759062795,3.325795648505819,1.0,0.0,1.0,1.0,0.0,1.0
28,30,6.30504990374957,6.722453667139906,0.0,0.0,0.0,1.0,1.0,0.0
29,30,7.307173897717537,10.64561808349386,0.0,0.0,0.0,1.0,0.0,0.0
30,30,8.157502000010938,5.5500159635941,1.0,1.0,1.0,0.0,0.0,0.0
31,30,4.359000672846096,4.490873781202443,0.0,1.0,0.0,0.0,0.0,0.0
32,30,0.1800887505713893,11.76294538498483,1.0,1.0,0.0,1.0,0.0,0.0
33,30,5.807155547299951,5.465313879167134,1.0,0.0,1.0,0.0,1.0,0.0
34,30,5.416719301303853,0.2377512611336605,0.0,1.0,0.0,0.0,0.0,0.0
35,30,9.08767383964246,11.224839987475857,0.0,0.0,1.0,0.0,0.0,0.0
36,30,0.3046826569296679,4.323987667412684,1.0,1.0,0.0,1.0,1.0,1.0
37,30,8.699054284848637,12.0,0.0,1.0,1.0,0.0,1.0,0.0
38,30,11.552487604217134,4.749573673126513,0.0,1.0,1.0,1.0,0.0,0.0
39,30,0.8455732242791109,7.974763439985005,1.0,0.0,0.0,0.0,0.0,0.0
0,35,6.010951649655345,5.987846598378379,0.0,0.0,0.0,1.0,1.0,0.0
1,35,9.56236208996917,11.502496761952946,0.0,0.0,0.0,1.0,1.0,0.0
2,35,2.526422935607349,1.6331127189572068,0.0,1.0,0.0,1.0,0.0,0.0
3,35,3.3624975980929435,5.796837553117346,1.0,0.0,1.0,1.0,0.0,1.0
4,35,2.3238941833339646,3.20915787889068,1.0,1.0,0.0,0.0,1.0,1.0
5,35,9.45324687266423,7.378037759139271,0.0,1.0,1.0,0.0,0.0,0.0
6,35,5.513843518757143,3.6817115484975536,1.0,0.0,0.0,0.0,0.0,0.0
7,35,3.8786996347767295,10.421216674314426,1.0,0.0,0.0,0.0,0.0,1.0
8,35,7.507580163157464,3.900951678261762,0.0,1.0,1.0,0.0,0.0,1.0
9,35,6.751882909828605,9.574792740070222,0.0,0.0,1.0,0.0,1.0,0.0
10,35,4.936090500217796,2.664383205996754,0.0,1.0,0.0,0.0,1.0,0.0
11,35,3.1164061657305,4.141826608957345,0.0,0.0,0.0,0.0,0.0,0.0
12,35,0.1351038029659007,0.0237848033122761,0.0,1.0,1.0,1.0,1.0,1.0
13,35,10.007719623145103,4.887715366819315,1.0,1.0,1.0,0.0,1.0,0.0
14,35,11.232146754992204,8.306845901517073,1.0,0.0,1.0,0.0,1.0,1.0
15,35,6.651864244514575,7.418130453841169,0.0,1.0,1.0,0.0,0.0,1.0
16,35,11.995517327757366,0.526607750772163,1.0,0.0,0.0,1.0,1.0,0.0
17,35,2.4737356578119214,8.015834160786527,0.0,0.0,0.0,0.0,0.0,0.0
18,35,7.501872414579415,11.8331079576926,1.0,1.0,0.0,0.0,0.0,0.0
19,35,2.9565784835943183,4.149082032601742,1.0,0.0,0.0,1.0,1.0,0.0
20,35,2.1256847780309363,6.132682572410415,0.0,0.0,0.0,0.0,0.0,0.0
21,35,1.0827800459222947,6.11425145891703,0.0,0.0,1.0,1.0,0.0,0.0
22,35,6.154072504959701,5.786702628036646,0.0,0.0,0.0,0.0,0.0,0.0
23,35,1.0966557986663734,4.39433321131152,1.0,0.0,1.0,0.0,0.0,1.0
24,35,0.4756609454869185,0.0,0.0,0.0,0.0,1.0,1.0,0.0
25,35,7.237244052838667,10.39067396501154,1.0,1.0,0.0,0.0,0.0,1.0
26,35,0.4048459935461667,10.517806654834208,0.0,0.0,0.0,0.0,0.0,0.0
27,35,11.392065117517385,3.3931016843723185,1.0,0.0,1.0,1.0,0.0,1.0
28,35,6.330089119445157,6.6650874684748285,0.0,0.0,0.0,1.0,1.0,0.0
29,35,7.354711873954239,10.591710171900525,0.0,0.0,0.0,1.0,0.0,0.0
30,35,8.184632448655076,5.640617557003094,1.0,1.0,1.0,0.0,0.0,0.0
31,35,4.422739700966176,4.582658978919367,0.0,1.0,0.0,0.0,0.0,0.0
32,35,0.186763468707727,11.753844606187425,1.0,1.0,0.0,1.0,0.0,0.0
33,35,5.782564298084141,5.526109038445872,1.0,0.0,1.0,0.0,1.0,0.0
34,35,5.463559930520791,0.2627718866164774,0.0,1.0,0.0,0.0,0.0,0.0
35,35,9.101315519758788,11.261904476807938,0.0,0.0,1.0,0.0,0.0,0.0
36,35,0.323170089838977,4.34316431600925,1.0,1.0,0.0,1.0,1.0,1.0
37,35,8.645492628375681,12.0,0.0,1.0,1.0,0.0,1.0,0.0
38,35,11.5815986935079,4.661099935027355,0.0,1.0,1.0,1.0,0.0,0.0
39,35,0.8389768080345336,7.973832434870608,1.0,0.0,0.0,0.0,0.0,0.0
0,40,5.9836378028232335,6.039457006024339,0.0,0.0,0.0,1.0,1.0,0.0
1,40,9.491096925888629,11.58388905305438,0.0,0.0,0.0,1.0,1.0,0.0
2,40,2.4658245919271478,1.5865743517407411,0.0,1.0,0.0,1.0,0.0,0.0
3,40,3.388812044711813,5.783614425903394,1.0,0.0,1.0,1.0,0.0,1.0
4,40,2.353689476122516,3.2316636890459467,1.0,1.0,0.0,0.0,1.0,1.0
5,40,9.48984781663226,7.410756257541849,0.0,1.0,1.0,0.0,0.0,0.0
6,40,5.5564306239002486,3.6573886799584887,1.0,0.0,0.0,0.0,0.0,0.0
7,40,3.86399745557788,10.470793972128533,1.0,0.0,0.0,0.0,0.0,1.0
8,40,7.455264784785607,3.8916804954263817,0.0,1.0,1.0,0.0,0.0,1.0
9,40,6.716829803788009,9.656704916381932,0.0,0.0,1.0,0.0,1.0,0.0
10,40,4.925509488421723,2.735726933320272,0.0,1.0,0.0,0.0,1.0,0.0
11,40,3.1301917003156845,4.156796245562284,0.0,0.0,0.0,0.0,0.0,0.0
12,40,0.1165457367063039,0.031075644603083,0.0,1.0,1.0,1.0,1.0,1.0
13,40,10.00541545802811,4.928725491535779,1.0,1.0,1.0,0.0,1.0,0.0
14,40,11.2047000346831,8.335374967821961,1.0,0.0,1.0,0.0,1.0,1.0
15,40,6.607434787688129,7.342265608386133,0.0,1.0,1.0,0.0,0.0,1.0
16,40,11.992788454476312,0.415583423375982,1.0,0.0,0.0,1.0,1.0,0.0
17,40,2.566535898515848,7.954007199742859,0.0,0.0,0.0,0.0,0.0,0.0
18,40,7.41661781829582,11.803470455970713,1.0,1.0,0.0,0.0,0.0,0.0
19,40,2.9503080774233266,4.1691112043849685,1.0,0.0,0.0,1.0,1.0,0.0
20,40,2.140370868892945,6.145941750803499,0.0,0.0,0.0,0.0,0.0,0.0
21,40,1.0878162863730592,6.111900464851307,0.0,0.0,1.0,1.0,0.0,0.0
22,40,6.174914440974463,5.757700889896704,0.0,0.0,0.0,0.0,0.0,0.0
23,40,1.1058534039278802,4.310414949037866,1.0,0.0,1.0,0.0,0.0,1.0
24,40,0.3664887329616434,0.0,0.0,0.0,0.0,1.0,1.0,0.0
25,40,7.281205070956614,10.273022104705609,1.0,1.0,0.0,0.0,0.0,1.0
26,40,0.3094985268260127,10.606308104256955,0.0,0.0,0.0,0.0,0.0,0.0
27,40,11.295637844613626,3.457527622119404,1.0,0.0,1.0,1.0,0.0,1.0
28,40,6.355569485568798,6.608277731538341,0.0,0.0,0.0,1.0,1.0,0.0
29,40,7.403557527354575,10.533758963171708,0.0,0.0,0.0,1.0,0.0,0.0
30,40,8.205718516959067,5.710505141713476,1.0,1.0,1.0,0.0,0.0,0.0
31,40,4.482263892342339,4.664484854406943,0.0,1.0,0.0,0.0,0.0,0.0
32,40,0.1895457190925816,11.75004909801036,1.0,1.0,0.0,1.0,0.0,0.0
33,40,5.759919210783566,5.584690920885881,1.0,0.0,1.0,0.0,1.0,0.0
34,40,5.515864865943831,0.2923668050329338,0.0,1.0,0.0,0.0,0.0,0.0
35,40,9.10918692895448,11.283504080556767,0.0,0.0,1.0,0.0,0.0,0.0
36,40,0.3269049745328553,4.3470595794168645,1.0,1.0,0.0,1.0,1.0,1.0
37,40,8.59547421787878,12.0,0.0,1.0,1.0,0.0,1.0,0.0
38,40,11.606112527077174,4.579624270129896,0.0,1.0,1.0,1.0,0.0,0.0
39,40,0.8370030076339141,7.973536265327289,1.0,0.0,0.0,0.0,0.0,0.0
0,45,5.961646360503717,6.080752296461442,0.0,0.0,0.0,1.0,1.0,0.0
1,45,9.420944379159536,11.6648008333833,0.0,0.0,0.0,1.0,1.0,0.0
2,45,2.402780665552718,1.537715488016966,0.0,1.0,0.0,1.0,0.0,0.0
3,45,3.4521899525772217,5.747683846467498,1.0,0.0,1.0,1.0,0.0,1.0
4,45,2.3841129451719327,3.2546080403042223,1.0,1.0,0.0,0.0,1.0,1.0
5,45,9.549359429494576,7.462530393739518,0.0,1.0,1.0,0.0,0.0,0.0
6,45,5.590610183074232,3.637661221561885,1.0,0.0,0.0,0.0,0.0,0.0
7,45,3.850435975796053,10.523621250245773,1.0,0.0,0.0,0.0,0.0,1.0
8,45,7.397293064096901,3.882447224119123,0.0,1.0,1.0,0.0,0.0,1.0
9,45,6.67940942101106,9.74461528658582,0.0,0.0,1.0,0.0,1.0,0.0
10,45,4.916527055147763,2.798464652016957,0.0,1.0,0.0,0.0,1.0,0.0
11,45,3.1423974911924333,4.170819154665254,0.0,0.0,0.0,0.0,0.0,0.0
12,45,0.1122464506387957,0.0328279924016947,0.0,1.0,1.0,1.0,1.0,1.0
13,45,10.003194413683952,4.968756478851045,1.0,1.0,1.0,0.0,1.0,0.0
14,45,11.168241210603307,8.37363234549562,1.0,0.0,1.0,0.0,1.0,1.0
15,45,6.559106284077534,7.252836320317447,0.0,1.0,1.0,0.0,0.0,1.0
16,45,11.991039073238746,0.3196853557306381,1.0,0.0,0.0,1.0,1.0,0.0
17,45,2.6593746996948755,7.895837688885223,0.0,0.0,0.0,0.0,0.0,0.0
18,45,7.342023218585702,11.77682357195167,1.0,1.0,0.0,0.0,0.0,0.0
19,45,2.942731473836312,4.192546307445404,1.0,0.0,0.0,1.0,1.0,0.0
20,45,2.1471948702354853,6.152163669429298,0.0,0.0,0.0,0.0,0.0,0.0
21,45,1.1038651860167754,6.104707830377181,0.0,0.0,1.0,1.0,0.0,0.0
22,45,6.191580971202884,5.734536581592333,0.0,0.0,0.0,0.0,0.0,0.0
23,45,1.1160083869483854,4.22397589812407,1.0,0.0,1.0,0.0,0.0,1.0
24,45,0.2559707541024398,0.0,0.0,0.0,0.0,1.0,1.0,0.0
25,45,7.326559627505464,10.15464735466343,1.0,1.0,0.0,0.0,0.0,1.0
26,45,0.2172971890283651,10.698538521288793,0.0,0.0,0.0,0.0,0.0,0.0
27,45,11.207517319971634,3.5142451817408964,1.0,0.0,1.0,1.0,0.0,1.0
28,45,6.374423792929126,6.565521882665234,0.0,0.0,0.0,1.0,1.0,0.0
29,45,7.441274063053783,10.487135549162788,0.0,0.0,0.0,1.0,0.0,0.0
30,45,8.226192014173947,5.776346995442649,1.0,1.0,1.0,0.0,0.0,0.0
31,45,4.549170693025032,4.755202335465742,0.0,1.0,0.0,0.0,0.0,0.0
32,45,0.1816374914121119,11.760640559082304,1.0,1.0,0.0,1.0,0.0,0.0
33,45,5.737385174003578,5.643166232331936,1.0,0.0,1.0,0.0,1.0,0.0
34,45,5.561661222178385,0.3169105487986069,0.0,1.0,0.0,0.0,0.0,0.0
35,45,9.115417064134537,11.3006127257185,0.0,0.0,1.0,0.0,0.0,0.0
36,45,0.3345448730394287,4.355606762608287,1.0,1.0,0.0,1.0,1.0,1.0
37,45,8.549846800249641,12.0,0.0,1.0,1.0,0.0,1.0,0.0
38,45,11.626410970540784,4.514524252059768,0.0,1.0,1.0,1.0,0.0,0.0
39,45,0.8432373838843783,7.974489426857832,1.0,0.0,0.0,0.0,0.0,0.0
0,50,5.940843746663759,6.120227232385414,0.0,0.0,0.0,1.0,1.0,0.0
1,50,9.357559792801542,11.735333718271097,0.0,0.0,0.0,1.0,1.0,0.0
2,50,2.3336703052607985,1.4829743786726552,0.0,1.0,0.0,1.0,0.0,0.0
3,50,3.5192812282402515,5.709902675206315,1.0,0.0,1.0,1.0,0.0,1.0
4,50,2.415836636078651,3.280521723272325,1.0,1.0,0.0,0.0,1.0,1.0
5,50,9.628098901901406,7.5320395024596865,0.0,1.0,1.0,0.0,0.0,0.0
6,50,5.634715021299289,3.6135260205010575,1.0,0.0,0.0,0.0,0.0,0.0
7,50,3.832328080145765,10.59520393470646,1.0,0.0,0.0,0.0,0.0,1.0
8,50,7.348176032168164,3.8741259084387,0.0,1.0,1.0,0.0,0.0,1.0
9,50,6.643349659866421,9.8297504480718,0.0,0.0,1.0,0.0,1.0,0.0
10,50,4.906237858872386,2.8596375685478,0.0,1.0,0.0,0.0,1.0,0.0
11,50,3.1582478623848025,4.188718101985367,0.0,0.0,0.0,0.0,0.0,0.0
12,50,0.1207030342714121,0.0292701147209441,0.0,1.0,1.0,1.0,1.0,1.0
13,50,10.001473326290458,5.009277231419392,1.0,1.0,1.0,0.0,1.0,0.0
14,50,11.127081893435577,8.41868951657482,1.0,0.0,1.0,0.0,1.0,1.0
15,50,6.514971781504809,7.173016239089171,0.0,1.0,1.0,0.0,0.0,1.0
16,50,11.989429894035805,0.1939087410136393,1.0,0.0,0.0,1.0,1.0,0.0
17,50,2.767789434717092,7.825711658011453,0.0,0.0,0.0,0.0,0.0,0.0
18,50,7.276704753255169,11.753215666644245,1.0,1.0,0.0,0.0,0.0,0.0
19,50,2.936980745399993,4.2102952423632285,1.0,0.0,0.0,1.0,1.0,0.0
20,50,2.155055021075732,6.15945912545102,0.0,0.0,0.0,0.0,0.0,0.0
21,50,1.1320275435407838,6.092217817356583,0.0,0.0,1.0,1.0,0.0,0.0
22,50,6.212401786095098,5.705781278065174,0.0,0.0,0.0,0.0,0.0,0.0
23,50,1.126869757729025,4.14833975563156,1.0,0.0,1.0,0.0,0.0,1.0
24,50,0.1453258188054147,0.0,0.0,0.0,0.0,1.0,1.0,0.0
25,50,7.362294895782596,10.060497507067623,1.0,1.0,0.0,0.0,0.0,1.0
26,50,0.1061083464412171,10.81305398384252,0.0,0.0,0.0,0.0,0.0,0.0
27,50,11.104565105494755,3.582261888715661,1.0,0.0,1.0,1.0,0.0,1.0
28,50,6.391607134265881,6.529317550324839,0.0,0.0,0.0,1.0,1.0,0.0
29,50,7.476279375389902,10.44279886049337,0.0,0.0,0.0,1.0,0.0,0.0
30,50,8.247443203545544,5.847155192262496,1.0,1.0,1.0,0.0,0.0,0.0
31,50,4.617370757629462,4.850819181405488,0.0,1.0,0.0,0.0,0.0,0.0
32,50,0.1566058426981638,11.795783750370562,1.0,1.0,0.0,1.0,0.0,0.0
33,50,5.71589858577672,5.699427772362334,1.0,0.0,1.0,0.0,1.0,0.0
34,50,5.612631096116987,0.343584079354141,0.0,1.0,0.0,0.0,0.0,0.0
35,50,9.122872798558785,11.321389126929132,0.0,0.0,1.0,0.0,0.0,0.0
36,50,0.3462751260523244,4.369323921749875,1.0,1.0,0.0,1.0,1.0,1.0
37,50,8.506329196400085,12.0,0.0,1.0,1.0,0.0,1.0,0.0
38,50,11.649419896631894,4.438879203501236,0.0,1.0,1.0,1.0,0.0,0.0
39,50,0.8612293429853682,7.977432560835383,1.0,0.0,0.0,0.0,0.0,0.0
0,55,5.922560232264652,6.155685052030822,0.0,0.0,0.0,1.0,1.0,0.0
1,55,9.295150484753016,11.804864268475232,0.0,0.0,0.0,1.0,1.0,0.0
2,55,2.264358272581708,1.4287534685236207,0.0,1.0,0.0,1.0,0.0,0.0
3,55,3.6012537755199143,5.663065600404961,1.0,0.0,1.0,1.0,0.0,1.0
4,55,2.456140071414556,3.3138993643941648,1.0,1.0,0.0,0.0,1.0,1.0
5,55,9.69129550476625,7.587441803863161,0.0,1.0,1.0,0.0,0.0,0.0
6,55,5.66190982491321,3.5979363110086027,1.0,0.0,0.0,0.0,0.0,0.0
7,55,3.813577215440568,10.673091153605878,1.0,0.0,0.0,0.0,0.0,1.0
8,55,7.298641000853955,3.865983847058869,0.0,1.0,1.0,0.0,0.0,1.0
9,55,6.607810245181984,9.915861229820608,0.0,0.0,1.0,0.0,1.0,0.0
10,55,4.897672156594876,2.905396734750365,0.0,1.0,0.0,0.0,1.0,0.0
11,55,3.174349769226341,4.207331958545987,0.0,0.0,0.0,0.0,0.0,0.0
12,55,0.1588588120144457,0.012968910699722,0.0,1.0,1.0,1.0,1.0,1.0
13,55,10.0001309199039,5.044348896853859,1.0,1.0,1.0,0.0,1.0,0.0
14,55,11.093008840261971,8.4585008462247,1.0,0.0,1.0,0.0,1.0,1.0
15,55,6.466179210425602,7.087809803269471,0.0,1.0,1.0,0.0,0.0,1.0
16,55,11.987325181129062,0.0709506054921684,1.0,0.0,0.0,1.0,1.0,0.0
17,55,2.8868813790344507,7.74592422664097,0.0,0.0,0.0,0.0,0.0,0.0
18,55,7.205825562468846,11.727298414714657,1.0,1.0,0.0,0.0,0.0,0.0
19,55,2.9330615927820856,4.223148830773219,1.0,0.0,0.0,1.0,1.0,0.0
20,55,2.1518890462503943,6.156628371288525,0.0,0.0,0.0,0.0,0.0,0.0
21,55,1.1401146922117684,6.088415211274726,0.0,0.0,1.0,1.0,0.0,0.0
22,55,6.2358827631805305,5.673328585787591,0.0,0.0,0.0,0.0,0.0,0.0
23,55,1.1395514283279364,4.065454055736711,1.0,0.0,1.0,0.0,0.0,1.0
24,55,0.0318525577616484,0.0,0.0,0.0,0.0,1.0,1.0,0.0
25,55,7.394206692785129,9.973895521057775,1.0,1.0,0.0,0.0,0.0,1.0
26,55,0.0,10.93742295605712,0.0,0.0,0.0,0.0,0.0,0.0
27,55,10.980110716213597,3.666031368541121,1.0,0.0,1.0,1.0,0.0,1.0
28,55,6.408909407548148,6.491251782978926,0.0,0.0,0.0,1.0,1.0,0.0
29,55,7.50092338942948,10.41131379643869,0.0,0.0,0.0,1.0,0.0,0.0
30,55,8.26376312963326,5.902801087379637,1.0,1.0,1.0,0.0,0.0,0.0
31,55,4.690543253856566,4.950793389108089,0.0,1.0,0.0,0.0,0.0,0.0
32,55,0.1136741186919276,11.855667227898117,1.0,1.0,0.0,1.0,0.0,0.0
33,55,5.6953104843226185,5.7527154712315625,1.0,0.0,1.0,0.0,1.0,0.0
34,55,5.6594590466025245,0.3673742724657341,0.0,1.0,0.0,0.0,0.0,0.0
35,55,9.133940582289988,11.35433875711892,0.0,0.0,1.0,0.0,0.0,0.0
36,55,0.3673674443298594,4.394624890706978,1.0,1.0,0.0,1.0,1.0,1.0
37,55,8.470420965027396,12.0,0.0,1.0,1.0,0.0,1.0,0.0
38,55,11.674512096313746,4.358598998387246,0.0,1.0,1.0,1.0,0.0,0.0
39,55,0.8790131463267985,7.9803837186659345,1.0,0.0,0.0,0.0,0.0,0.0
0,60,5.904382293996457,6.194256616083487,0.0,0.0,0.0,1.0,1.0,0.0
1,60,9.230168010205272,11.879692274349036,0.0,0.0,0.0,1.0,1.0,0.0
2,60,2.1921511177789093,1.372293709214344,0.0,1.0,0.0,1.0,0.0,0.0
3,60,3.677391888230771,5.623318852419373,1.0,0.0,1.0,1.0,0.0,1.0
4,60,2.492476020832332,3.343846154308164,1.0,1.0,0.0,0.0,1.0,1.0
5,60,9.748293815129172,7.635732657640119,0.0,1.0,1.0,0.0,0.0,0.0
6,60,5.677215427507726,3.5893585029487283,1.0,0.0,0.0,0.0,0.0,0.0
7,60,3.798636008379656,10.731543114820578,1.0,0.0,0.0,0.0,0.0,1.0
8,60,7.253145860756054,3.8575990603111423,0.0,1.0,1.0,0.0,0.0,1.0
9,60,6.578542458726549,9.986403306598248,0.0,0.0,1.0,0.0,1.0,0.0
10,60,4.889534781388988,2.950523582563396,0.0,1.0,0.0,0.0,1.0,0.0
11,60,3.192742950465833,4.228852043745296,0.0,0.0,0.0,0.0,0.0,0.0
12,60,0.189558452175689,0.0,0.0,1.0,1.0,1.0,1.0,1.0
13,60,10.00038009776044,5.0354041320087575,1.0,1.0,1.0,0.0,1.0,0.0
14,60,11.068807019258127,8.486168304461938,1.0,0.0,1.0,0.0,1.0,1.0
15,60,6.421541254554261,7.007093313946106,0.0,1.0,1.0,0.0,0.0,1.0
16,60,11.983814184438224,0.0,1.0,0.0,0.0,1.0,1.0,0.0
17,60,3.013839633624695,7.6585419369780094,0.0,0.0,0.0,0.0,0.0,0.0
18,60,7.13319076126032,11.698053009731296,1.0,1.0,0.0,0.0,0.0,0.0
19,60,2.925502138665969,4.248500747932388,1.0,0.0,0.0,1.0,1.0,0.0
20,60,2.16149969358472,6.1650938318244215,0.0,0.0,0.0,0.0,0.0,0.0
21,60,1.13945096562879,6.088721019284344,0.0,0.0,1.0,1.0,0.0,0.0
22,60,6.262524947456357,5.637342055897626,0.0,0.0,0.0,0.0,0.0,0.0
23,60,1.148210141714362,4.007640690328856,1.0,0.0,1.0,0.0,0.0,1.0
24,60,0.0,0.0,0.0,0.0,0.0,1.0,1.0,0.0
25,60,7.433239701048912,9.874350231675288,1.0,1.0,0.0,0.0,0.0,1.0
26,60,0.0,11.056783038423044,0.0,0.0,0.0,0.0,0.0,0.0
27,60,10.86979674071723,3.741499936162191,1.0,0.0,1.0,1.0,0.0,1.0
28,60,6.430688334282577,6.444535513899322,0.0,0.0,0.0,1.0,1.0,0.0
29,60,7.516484295712112,10.390185303161257,0.0,0.0,0.0,1.0,0.0,0.0
30,60,8.281979633119665,5.961052481694855,1.0,1.0,1.0,0.0,0.0,0.0
31,60,4.753248635849064,5.033344425530581,0.0,1.0,0.0,0.0,0.0,0.0
32,60,0.0678421427835323,11.920328670220412,1.0,1.0,0.0,1.0,0.0,0.0
33,60,5.670556825041182,5.816616345802622,1.0,0.0,1.0,0.0,1.0,0.0
34,60,5.734923609343207,0.4072659544974557,0.0,1.0,0.0,0.0,0.0,0.0
35,60,9.150226597783572,11.400557070603735,0.0,0.0,1.0,0.0,0.0,0.0
36,60,0.4032982563548093,4.43832358226816,1.0,1.0,0.0,1.0,1.0,1.0
37,60,8.436329481186371,12.0,0.0,1.0,1.0,0.0,1.0,0.0
38,60,11.702691925350871,4.272315365192395,0.0,1.0,1.0,1.0,0.0,0.0
39,60,0.8691293748070207,7.978834411677117,1.0,0.0,0.0,0.0,0.0,0.0
0,65,5.891200399909692,6.222291155682838,0.0,0.0,0.0,1.0,1.0,0.0
1,65,9.166477054934036,11.951382036888722,0.0,0.0,0.0,1.0,1.0,0.0
2,65,2.1287314913129185,1.3216686834973403,0.0,1.0,0.0,1.0,0.0,0.0
3,65,3.749188592219357,5.58437276960132,1.0,0.0,1.0,1.0,0.0,1.0
4,65,2.534501098059452,3.380743518256352,1.0,1.0,0.0,0.0,1.0,1.0
5,65,9.80055669521424,7.6805066266641555,0.0,1.0,1.0,0.0,0.0,0.0
6,65,5.682119997677368,3.586714820223571,1.0,0.0,0.0,0.0,0.0,0.0
7,65,3.781566222622519,10.800255796652175,1.0,0.0,0.0,0.0,0.0,1.0
8,65,7.218631127591182,3.850641886083488,0.0,1.0,1.0,0.0,0.0,1.0
9,65,6.535305626114896,10.085619123657017,0.0,0.0,1.0,0.0,1.0,0.0
10,65,4.881528245977369,3.0056037733782706,0.0,1.0,0.0,0.0,1.0,0.0
11,65,3.212403698473171,4.252506582412228,0.0,0.0,0.0,0.0,0.0,0.0
12,65,0.2288864674060848,0.0,0.0,1.0,1.0,1.0,1.0,1.0
13,65,10.001088973610736,5.0170466701946,1.0,1.0,1.0,0.0,1.0,0.0
14,65,11.040544024243657,8.516921084351667,1.0,0.0,1.0,0.0,1.0,1.0
15,65,6.348426915320487,7.048588460802167,0.0,1.0,1.0,0.0,0.0,1.0
16,65,11.98168110494919,0.0,1.0,0.0,0.0,1.0,1.0,0.0
17,65,3.142125313872409,7.5699368136179634,0.0,0.0,0.0,0.0,0.0,0.0
18,65,7.052952609800142,11.664641416786631,1.0,1.0,0.0,0.0,0.0,0.0
19,65,2.919474686290849,4.269527327013396,1.0,0.0,0.0,1.0,1.0,0.0
20,65,2.172182723823073,6.173982468752529,0.0,0.0,0.0,0.0,0.0,0.0
21,65,1.1561824270797825,6.081210897376438,0.0,0.0,1.0,1.0,0.0,0.0
22,65,6.280876114836012,5.612777714346453,0.0,0.0,0.0,0.0,0.0,0.0
23,65,1.1612349865112053,3.927196226044508,1.0,0.0,1.0,0.0,0.0,1.0
24,65,0.0,0.0,0.0,0.0,0.0,1.0,1.0,0.0
25,65,7.47517521918419,9.771358765863395,1.0,1.0,0.0,0.0,0.0,1.0
26,65,0.0,11.180362190165122,0.0,0.0,0.0,0.0,0.0,0.0
27,65,10.751748731198328,3.8208521290068256,1.0,0.0,1.0,1.0,0.0,1.0
28,65,6.44470617079737,6.416439398316439,0.0,0.0,0.0,1.0,1.0,0.0
29,65,7.532680299908424,10.367442855555389,0.0,0.0,0.0,1.0,0.0,0.0
30,65,8.299833349610376,6.01495923373769,1.0,1.0,1.0,0.0,0.0,0.0
31,65,4.802427863944737,5.102814143933608,0.0,1.0,0.0,0.0,0.0,0.0
32,65,0.0153193589147311,11.990818246242023,1.0,1.0,0.0,1.0,0.0,0.0
33,65,5.647221661094864,5.874984874556626,1.0,0.0,1.0,0.0,1.0,0.0
34,65,5.8030826611470046,0.4424022361609005,0.0,1.0,0.0,0.0,0.0,0.0
35,65,9.163540536409592,11.438430158243897,0.0,0.0,1.0,0.0,0.0,0.0
36,65,0.4382644557553579,4.48263473222453,1.0,1.0,0.0,1.0,1.0,1.0
37,65,8.403359343291477,12.0,0.0,1.0,1.0,0.0,1.0,0.0
38,65,11.729729807594069,4.18793228061876,0.0,1.0,1.0,1.0,0.0,0.0
39,65,0.877807927315546,7.98013359974786,1.0,0.0,0.0,0.0,0.0,0.0
0,70,5.871985429313375,6.26377792198377,0.0,0.0,0.0,1.0,1.0,0.0
1,70,9.108035743668635,12.0,0.0,0.0,0.0,1.0,1.0,0.0
2,70,2.060359024815101,1.2662411172801262,0.0,1.0,0.0,1.0,0.0,0.0
3,70,3.805198816130277,5.554209987255938,1.0,0.0,1.0,1.0,0.0,1.0
4,70,2.5762956092257783,3.417195127960268,1.0,1.0,0.0,0.0,1.0,1.0
5,70,9.857581780703164,7.728604502403634,0.0,1.0,1.0,0.0,0.0,0.0
6,70,5.6839513938633175,3.585703235811988,1.0,0.0,0.0,0.0,0.0,0.0
7,70,3.763476370573145,10.87352001485581,1.0,0.0,0.0,0.0,0.0,1.0
8,70,7.188428749778353,3.844542964593399,0.0,1.0,1.0,0.0,0.0,1.0
9,70,6.497200608043937,10.171327542369047,0.0,0.0,1.0,0.0,1.0,0.0
10,70,4.929766407738576,3.0120854194625317,0.0,1.0,0.0,0.0,1.0,0.0
11,70,3.219181875337183,4.260963530922129,0.0,0.0,0.0,0.0,0.0,0.0
12,70,0.2636824625788254,0.0,0.0,1.0,1.0,1.0,1.0,1.0
13,70,10.001666176292076,5.00407872946866,1.0,1.0,1.0,0.0,1.0,0.0
14,70,11.00108655973017,8.560642617081738,1.0,0.0,1.0,0.0,1.0,1.0
15,70,6.283110688616339,7.0861557130138815,0.0,1.0,1.0,0.0,0.0,1.0
16,70,11.971687880528853,0.0,1.0,0.0,0.0,1.0,1.0,0.0
17,70,3.275236158535704,7.477114397078514,0.0,0.0,0.0,0.0,0.0,0.0
18,70,6.973444279946657,11.632947932807136,1.0,1.0,0.0,0.0,0.0,0.0
19,70,2.913629261622857,4.291051473118984,1.0,0.0,0.0,1.0,1.0,0.0
20,70,2.184542772439045,6.184484696320574,0.0,0.0,0.0,0.0,0.0,0.0
21,70,1.1821564021420403,6.069817671294589,0.0,0.0,1.0,1.0,0.0,0.0
22,70,6.317741289620993,5.564875289586914,0.0,0.0,0.0,0.0,0.0,0.0
23,70,1.1697982278795165,3.877427345210608,1.0,0.0,1.0,0.0,0.0,1.0
24,70,0.0102983666937846,0.0,0.0,0.0,0.0,1.0,1.0,0.0
25,70,7.511397768361064,9.681480844039696,1.0,1.0,0.0,0.0,0.0,1.0
26,70,0.0,11.311284056317223,0.0,0.0,0.0,0.0,0.0,0.0
27,70,10.628996258015734,3.9040400153261583,1.0,0.0,1.0,1.0,0.0,1.0
28,70,6.447959719288432,6.40975173536545,0.0,0.0,0.0,1.0,1.0,0.0
29,70,7.547728811792278,10.346819928422818,0.0,0.0,0.0,1.0,0.0,0.0
30,70,8.313668599482936,6.057659415022567,1.0,1.0,1.0,0.0,0.0,0.0
31,70,4.84294144812751,5.157544156086178,0.0,1.0,0.0,0.0,0.0,0.0
32,70,0.0,12.0,1.0,1.0,0.0,1.0,0.0,0.0
33,70,5.631312743937672,5.9145538687661405,1.0,0.0,1.0,0.0,1.0,0.0
34,70,5.864205259162937,0.4748028394353998,0.0,1.0,0.0,0.0,0.0,0.0
35,70,9.176908411337406,11.476534397624343,0.0,0.0,1.0,0.0,0.0,0.0
36,70,0.4921724284762405,4.554534135190719,1.0,1.0,0.0,1.0,1.0,1.0
37,70,8.366567774137993,12.0,0.0,1.0,1.0,0.0,1.0,0.0
38,70,11.764598291232994,4.092587269091664,0.0,1.0,1.0,1.0,0.0,0.0
39,70,0.9093463243159056,7.9856158383528735,1.0,0.0,0.0,0.0,0.0,0.0
0,75,5.849890074418783,6.311642015772226,0.0,0.0,0.0,1.0,1.0,0.0
1,75,9.042308317535973,12.0,0.0,0.0,0.0,1.0,1.0,0.0
2,75,2.025000536375176,1.236955365985329,0.0,1.0,0.0,1.0,0.0,0.0
3,75,3.857612561477303,5.524668386690029,1.0,0.0,1.0,1.0,0.0,1.0
4,75,2.629245451284772,3.4646935416079527,1.0,1.0,0.0,0.0,1.0,1.0
5,75,9.899413331362208,7.766777443819168,0.0,1.0,1.0,0.0,0.0,0.0
6,75,5.682679654691621,3.5864234839650444,1.0,0.0,0.0,0.0,0.0,0.0
7,75,3.743299100257439,10.950601340761557,1.0,0.0,0.0,0.0,0.0,1.0
8,75,7.1593811760756445,3.8388910513114736,0.0,1.0,1.0,0.0,0.0,1.0
9,75,6.453503154739141,10.261540845311147,0.0,0.0,1.0,0.0,1.0,0.0
10,75,4.980604215510347,3.0189609664819383,0.0,1.0,0.0,0.0,1.0,0.0
11,75,3.222301213644177,4.264851665330012,0.0,0.0,0.0,0.0,0.0,0.0
12,75,0.3108270997380999,0.0,0.0,1.0,1.0,1.0,1.0,1.0
13,75,10.00185816655149,5.001439132159349,1.0,1.0,1.0,0.0,1.0,0.0
14,75,10.963046193084988,8.604196236655199,1.0,0.0,1.0,0.0,1.0,1.0
15,75,6.226087689976177,7.120744575509279,0.0,1.0,1.0,0.0,0.0,1.0
16,75,11.963331616399996,0.0,1.0,0.0,0.0,1.0,1.0,0.0
17,75,3.415013835874627,7.381434798791821,0.0,0.0,0.0,0.0,0.0,0.0
18,75,6.902876158181908,11.60437691733702,1.0,1.0,0.0,0.0,0.0,0.0
19,75,2.907041630603872,4.316976050110092,1.0,0.0,0.0,1.0,1.0,0.0
20,75,2.2021765481069098,6.198678045662685,0.0,0.0,0.0,0.0,0.0,0.0
21,75,1.2031905591404028,6.059878681575339,0.0,0.0,1.0,1.0,0.0,0.0
22,75,6.346466933917274,5.527443268139645,0.0,0.0,0.0,0.0,0.0,0.0
23,75,1.1764608705513913,3.83911868430894,1.0,0.0,1.0,0.0,0.0,1.0
24,75,0.0184595307751245,0.0,0.0,0.0,0.0,1.0,1.0,0.0
25,75,7.546486855338224,9.5937184217426,1.0,1.0,0.0,0.0,0.0,1.0
26,75,0.0,11.429429496609089,0.0,0.0,0.0,0.0,0.0,0.0
27,75,10.506394945227466,3.986841849545705,1.0,0.0,1.0,1.0,0.0,1.0
28,75,6.45782264264001,6.3898129512438375,0.0,0.0,0.0,1.0,1.0,0.0
29,75,7.561695310878958,10.327807221081647,0.0,0.0,0.0,1.0,0.0,0.0
30,75,8.336046970766354,6.1267580606840175,1.0,1.0,1.0,0.0,0.0,0.0
31,75,4.887154299046733,5.220205029493884,0.0,1.0,0.0,0.0,0.0,0.0
32,75,0.0,12.0,1.0,1.0,0.0,1.0,0.0,0.0
33,75,5.615754681444231,5.950722946346731,1.0,0.0,1.0,0.0,1.0,0.0
34,75,5.92429168680248,0.5050221556916704,0.0,1.0,0.0,0.0,0.0,0.0
35,75,9.196081929520284,11.530747106321266,0.0,0.0,1.0,0.0,0.0,0.0
36,75,0.5519791372050653,4.634178397846441,1.0,1.0,0.0,1.0,1.0,1.0
37,75,8.33603195634443,12.0,0.0,1.0,1.0,0.0,1.0,0.0
38,75,11.805812488881228,3.9763570321123,0.0,1.0,1.0,1.0,0.0,0.0
39,75,0.94861723621969,7.9921645201832945,1.0,0.0,0.0,0.0,0.0,0.0
0,80,5.827928181275892,6.35964947603644,0.0,0.0,0.0,1.0,1.0,0.0
1,80,8.99044030402841,12.0,0.0,0.0,0.0,1.0,1.0,0.0
2,80,1.9836159928858133,1.2051864712175986,0.0,1.0,0.0,1.0,0.0,0.0
3,80,3.821920839642335,5.464933426545733,1.0,0.0,1.0,1.0,0.0,1.0
4,80,2.689000941151848,3.521004614525123,1.0,1.0,0.0,0.0,1.0,1.0
5,80,9.94386978337123,7.809075730602007,0.0,1.0,1.0,0.0,0.0,0.0
6,80,5.672681094738873,3.5921472713083364,1.0,0.0,0.0,0.0,0.0,0.0
7,80,3.7217805318691606,11.034902947930252,1.0,0.0,0.0,0.0,0.0,1.0
8,80,7.14113535501974,3.835264133751628,0.0,1.0,1.0,0.0,0.0,1.0
9,80,6.416547665632397,10.338965368483093,0.0,0.0,1.0,0.0,1.0,0.0
10,80,5.011207895631015,3.023531314394736,0.0,1.0,0.0,0.0,1.0,0.0
11,80,3.2386965099763305,4.286916879918322,0.0,0.0,0.0,0.0,0.0,0.0
12,80,0.3478639608566968,0.0,0.0,1.0,1.0,1.0,1.0,1.0
13,80,10.0024264177126,4.991563064315635,1.0,1.0,1.0,0.0,1.0,0.0
14,80,10.920051645668856,8.653483192596541,1.0,0.0,1.0,0.0,1.0,1.0
15,80,6.189286798741477,7.141249125531646,0.0,1.0,1.0,0.0,0.0,1.0
16,80,11.949569848381865,0.0,1.0,0.0,0.0,1.0,1.0,0.0
17,80,3.55818586985934,7.276300324477509,0.0,0.0,0.0,0.0,0.0,0.0
18,80,6.820262298646919,11.569602857397305,1.0,1.0,0.0,0.0,0.0,0.0
19,80,2.8983762045208565,4.351465421493078,1.0,0.0,0.0,1.0,1.0,0.0
20,80,2.187222865094814,6.186605341574047,0.0,0.0,0.0,0.0,0.0,0.0
21,80,1.2412371411759398,6.041218865915676,0.0,0.0,1.0,1.0,0.0,0.0
22,80,6.375148483120468,5.490523631468071,0.0,0.0,0.0,0.0,0.0,0.0
23,80,1.1810984668459563,3.8078918836198175,1.0,0.0,1.0,0.0,0.0,1.0
24,80,0.0274385886905503,0.0,0.0,0.0,0.0,1.0,1.0,0.0
25,80,7.651427961806774,9.633401319679797,1.0,1.0,0.0,0.0,0.0,1.0
26,80,0.0,11.561503291709036,0.0,0.0,0.0,0.0,0.0,0.0
27,80,10.382417763379642,4.071134011126171,1.0,0.0,1.0,1.0,0.0,1.0
28,80,6.472674471987778,6.360861157280006,0.0,0.0,0.0,1.0,1.0,0.0
29,80,7.574343366337527,10.310266915446352,0.0,0.0,0.0,1.0,0.0,0.0
30,80,8.352708199811682,6.185104773630268,1.0,1.0,1.0,0.0,0.0,0.0
31,80,4.931201470101256,5.28364730161511,0.0,1.0,0.0,0.0,0.0,0.0
32,80,0.0,12.0,1.0,1.0,0.0,1.0,0.0,0.0
33,80,5.594803627445064,5.998055461819441,1.0,0.0,1.0,0.0,1.0,0.0
34,80,5.959929761372585,0.5232409708057154,0.0,1.0,0.0,0.0,0.0,0.0
35,80,9.217962337286732,11.587712862942514,0.0,0.0,1.0,0.0,0.0,0.0
36,80,0.603010874361516,4.701060237449511,1.0,1.0,0.0,1.0,1.0,1.0
37,80,8.287988222585806,12.0,0.0,1.0,1.0,0.0,1.0,0.0
38,80,11.84218764105137,3.864378374889033,0.0,1.0,1.0,1.0,0.0,0.0
39,80,0.9773546365251856,7.997267356780997,1.0,0.0,0.0,0.0,0.0,0.0
0,85,5.793766076279714,6.431598085046738,0.0,0.0,0.0,1.0,1.0,0.0
1,85,8.941537232618025,12.0,0.0,0.0,0.0,1.0,1.0,0.0
2,85,1.9364089191447127,1.167759217056722,0.0,1.0,0.0,1.0,0.0,0.0
3,85,3.7914851923183504,5.413189800731384,1.0,0.0,1.0,1.0,0.0,1.0
4,85,2.752831257729209,3.5814745114078548,1.0,1.0,0.0,0.0,1.0,1.0
5,85,9.97189952001441,7.836266725264689,0.0,1.0,1.0,0.0,0.0,0.0
6,85,5.656860063618682,3.601277980458991,1.0,0.0,0.0,0.0,0.0,0.0
7,85,3.705802078557874,11.099035528426464,1.0,0.0,0.0,0.0,0.0,1.0
8,85,7.101826081426331,3.826560342287841,0.0,1.0,1.0,0.0,0.0,1.0
9,85,6.377117258628138,10.42653217858835,0.0,0.0,1.0,0.0,1.0,0.0
10,85,5.060032800073778,3.0301214392382074,0.0,1.0,0.0,0.0,1.0,0.0
11,85,3.2574228190305483,4.309832271923784,0.0,0.0,0.0,0.0,0.0,0.0
12,85,0.3730874783128596,0.0,0.0,1.0,1.0,1.0,1.0,1.0
13,85,10.00409936693766,4.961054213582321,1.0,1.0,1.0,0.0,1.0,0.0
14,85,10.877899327539822,8.703755486009957,1.0,0.0,1.0,0.0,1.0,1.0
15,85,6.163093709094811,7.155464843362644,0.0,1.0,1.0,0.0,0.0,1.0
16,85,11.936131083164671,0.0,1.0,0.0,0.0,1.0,1.0,0.0
17,85,3.71823306186636,7.162774048800395,0.0,0.0,0.0,0.0,0.0,0.0
18,85,6.716431554581442,11.525808225993469,1.0,1.0,0.0,0.0,0.0,0.0
19,85,2.8916801903583456,4.377390408116744,1.0,0.0,0.0,1.0,1.0,0.0
20,85,2.171224895121663,6.173711188997848,0.0,0.0,0.0,0.0,0.0,0.0
21,85,1.2826758629438657,6.019408366025227,0.0,0.0,1.0,1.0,0.0,0.0
22,85,6.408654391756541,5.4478682051454514,0.0,0.0,0.0,0.0,0.0,0.0
23,85,1.1874082324528816,3.76321777387706,1.0,0.0,1.0,0.0,0.0,1.0
24,85,0.0365246424579749,0.0,0.0,0.0,0.0,1.0,1.0,0.0
25,85,7.740134526535872,9.667080425408452,1.0,1.0,0.0,0.0,0.0,1.0
26,85,0.0,11.704150946708385,0.0,0.0,0.0,0.0,0.0,0.0
27,85,10.25873958261502,4.155547291466735,1.0,0.0,1.0,1.0,0.0,1.0
28,85,6.494871877378978,6.320356513100093,0.0,0.0,0.0,1.0,1.0,0.0
29,85,7.592808885397921,10.28514446527618,0.0,0.0,0.0,1.0,0.0,0.0
30,85,8.366950845083737,6.238813168434529,1.0,1.0,1.0,0.0,0.0,0.0
31,85,4.984416542089359,5.361637229134468,0.0,1.0,0.0,0.0,0.0,0.0
32,85,0.0,12.0,1.0,1.0,0.0,1.0,0.0,0.0
33,85,5.573376989384497,6.046591516287895,1.0,0.0,1.0,0.0,1.0,0.0
34,85,6.00424688832896,0.5463030631320623,0.0,1.0,0.0,0.0,0.0,0.0
35,85,9.239017872413184,11.639220337012784,0.0,0.0,1.0,0.0,0.0,0.0
36,85,0.661784417379492,4.779621492831485,1.0,1.0,0.0,1.0,1.0,1.0
37,85,8.232825658685387,12.0,0.0,1.0,1.0,0.0,1.0,0.0
38,85,11.886702625270424,3.743371526795947,0.0,1.0,1.0,1.0,0.0,0.0
39,85,0.9848919546432032,7.952816407432977,1.0,0.0,0.0,0.0,0.0,0.0
0,90,5.760778113716801,6.506718384545172,0.0,0.0,0.0,1.0,1.0,0.0
1,90,8.897266555822073,12.0,0.0,0.0,0.0,1.0,1.0,0.0
2,90,1.8835144743361307,1.1261477601653869,0.0,1.0,0.0,1.0,0.0,0.0
3,90,3.756156290560887,5.352833701534014,1.0,0.0,1.0,1.0,0.0,1.0
4,90,2.819024299862619,3.642006408042428,1.0,1.0,0.0,0.0,1.0,1.0
5,90,9.990887567132798,7.854838549356419,0.0,1.0,1.0,0.0,0.0,0.0
6,90,5.648216933342076,3.606024539147607,1.0,0.0,0.0,0.0,0.0,0.0
7,90,3.690363263201998,11.164466047469752,1.0,0.0,0.0,0.0,0.0,1.0
8,90,7.0679370900436425,3.8185287290711,0.0,1.0,1.0,0.0,0.0,1.0
9,90,6.347082771769965,10.49199835177332,0.0,0.0,1.0,0.0,1.0,0.0
10,90,5.124507164796885,3.041252060764355,0.0,1.0,0.0,0.0,1.0,0.0
11,90,3.282259894730971,4.338916753379553,0.0,0.0,0.0,0.0,0.0,0.0
12,90,0.4271154913793326,0.0,0.0,1.0,1.0,1.0,1.0,1.0
13,90,10.00511048643702,4.941575978319939,1.0,1.0,1.0,0.0,1.0,0.0
14,90,10.84022050395243,8.748275546476345,1.0,0.0,1.0,0.0,1.0,1.0
15,90,6.1234192724714775,7.176356620018769,0.0,1.0,1.0,0.0,0.0,1.0
16,90,11.921320288603145,0.0,1.0,0.0,0.0,1.0,1.0,0.0
17,90,3.883035228552563,7.0457981114730845,0.0,0.0,0.0,0.0,0.0,0.0
18,90,6.592498910994644,11.474876126471452,1.0,1.0,0.0,0.0,0.0,0.0
19,90,2.8889378246359603,4.38723695592471,1.0,0.0,0.0,1.0,1.0,0.0
20,90,2.171503273282953,6.173934489611652,0.0,0.0,0.0,0.0,0.0,0.0
21,90,1.3367173518374629,5.992000165579873,0.0,0.0,1.0,1.0,0.0,0.0
22,90,6.4439734941122495,5.403144741034113,0.0,0.0,0.0,0.0,0.0,0.0
23,90,1.193500511076936,3.719879017929199,1.0,0.0,1.0,0.0,0.0,1.0
24,90,0.045797344051624,0.0,0.0,0.0,0.0,1.0,1.0,0.0
25,90,7.810929644757375,9.692990572603254,1.0,1.0,0.0,0.0,0.0,1.0
26,90,0.0,11.855665454432856,0.0,0.0,0.0,0.0,0.0,0.0
27,90,10.125161995396658,4.244728933183868,1.0,0.0,1.0,1.0,0.0,1.0
28,90,6.520206362495993,6.275780921234779,0.0,0.0,0.0,1.0,1.0,0.0
29,90,7.607427786589923,10.266496664743665,0.0,0.0,0.0,1.0,0.0,0.0
30,90,8.379110944498578,6.283944987723316,1.0,1.0,1.0,0.0,0.0,0.0
31,90,5.027404245191351,5.422837613843725,0.0,1.0,0.0,0.0,0.0,0.0
32,90,0.0,12.0,1.0,1.0,0.0,1.0,0.0,0.0
33,90,5.551439493315328,6.093870545088349,1.0,0.0,1.0,0.0,1.0,0.0
34,90,6.064500378579534,0.5767912317147158,0.0,1.0,0.0,0.0,0.0,0.0
35,90,9.255059698001688,11.680244247302587,0.0,0.0,1.0,0.0,0.0,0.0
36,90,0.7186477842830383,4.862403613345159,1.0,1.0,0.0,1.0,1.0,1.0
37,90,8.175146999803612,12.0,0.0,1.0,1.0,0.0,1.0,0.0
38,90,11.92708544194994,3.64611651796532,0.0,1.0,1.0,1.0,0.0,0.0
39,90,0.991594923843614,7.913623588109166,1.0,0.0,0.0,0.0,0.0,0.0
0,95,5.730512640482605,6.57412367714478,0.0,0.0,0.0,1.0,1.0,0.0
1,95,8.853981302968398,12.0,0.0,0.0,0.0,1.0,1.0,0.0
2,95,1.8256815036093323,1.0816597101677974,0.0,1.0,0.0,1.0,0.0,0.0
3,95,3.726231319121706,5.301450822752779,1.0,0.0,1.0,1.0,0.0,1.0
4,95,2.8776528188985093,3.695122695941081,1.0,1.0,0.0,0.0,1.0,1.0
5,95,10.00868541809501,7.87167767340746,0.0,1.0,1.0,0.0,0.0,0.0
6,95,5.637024094559708,3.612264568766601,1.0,0.0,0.0,0.0,0.0,0.0
7,95,3.6806221684172593,11.209684123859018,1.0,0.0,0.0,0.0,0.0,1.0
8,95,7.025251107968642,3.80723784393341,0.0,1.0,1.0,0.0,0.0,1.0
9,95,6.317058499599798,10.559398734894147,0.0,0.0,1.0,0.0,1.0,0.0
10,95,5.185616011050451,3.051468504727589,0.0,1.0,0.0,0.0,1.0,0.0
11,95,3.309536989201023,4.368999237167556,0.0,0.0,0.0,0.0,0.0,0.0
12,95,0.4975840498872892,0.0,0.0,1.0,1.0,1.0,1.0,1.0
13,95,10.004529171450775,4.961013122736786,1.0,1.0,1.0,0.0,1.0,0.0
14,95,10.797974233484531,8.794419635485122,1.0,0.0,1.0,0.0,1.0,1.0
15,95,6.069769101716391,7.203801766428152,0.0,1.0,1.0,0.0,0.0,1.0
16,95,11.903819249734092,0.0,1.0,0.0,0.0,1.0,1.0,0.0
17,95,4.04657051193013,6.932384771938312,0.0,0.0,0.0,0.0,0.0,0.0
18,95,6.453519487302374,11.41365737184428,1.0,1.0,0.0,0.0,0.0,0.0
19,95,2.886893982459819,4.394873234793557,1.0,0.0,0.0,1.0,1.0,0.0
20,95,2.138029815177169,6.146597268206024,0.0,0.0,0.0,0.0,0.0,0.0
21,95,1.380679788075455,5.970082579367957,0.0,0.0,1.0,1.0,0.0,0.0
22,95,6.487387826689575,5.349223836071669,0.0,0.0,0.0,0.0,0.0,0.0
23,95,1.1989451650020233,3.683618298192,1.0,0.0,1.0,0.0,0.0,1.0
24,95,0.0532036378189593,0.0,0.0,0.0,0.0,1.0,1.0,0.0
25,95,7.871699173897676,9.71470001269196,1.0,1.0,0.0,0.0,0.0,1.0
26,95,0.0,11.999431403949927,0.0,0.0,0.0,0.0,0.0,0.0
27,95,9.985131621459608,4.338402130106975,1.0,0.0,1.0,1.0,0.0,1.0
28,95,6.550151774315614,6.223216829858465,0.0,0.0,0.0,1.0,1.0,0.0
29,95,7.626022823894155,10.243341239473612,0.0,0.0,0.0,1.0,0.0,0.0
30,95,8.397333221499332,6.35554864996607,1.0,1.0,1.0,0.0,0.0,0.0
31,95,5.0665365062262975,5.477108949859832,0.0,1.0,0.0,0.0,0.0,0.0
32,95,0.0,12.0,1.0,1.0,0.0,1.0,0.0,0.0
33,95,5.53773928447301,6.123743943184375,1.0,0.0,1.0,0.0,1.0,0.0
34,95,6.097433355852881,0.5928556732923063,0.0,1.0,0.0,0.0,0.0,0.0
35,95,9.265039904011436,11.705943226802686,0.0,0.0,1.0,0.0,0.0,0.0
36,95,0.7754956538792768,4.9396201770328245,1.0,1.0,0.0,1.0,1.0,1.0
37,95,8.13092921623503,12.0,0.0,1.0,1.0,0.0,1.0,0.0
38,95,11.968831676182656,3.5402360385716096,0.0,1.0,1.0,1.0,0.0,0.0
39,95,1.0044134362818258,7.844098655036219,1.0,0.0,0.0,0.0,0.0,0.0
0,100,5.6993313379744,6.645520324257831,0.0,0.0,0.0,1.0,1.0,0.0
1,100,8.823829898571145,12.0,0.0,0.0,0.0,1.0,1.0,0.0
2,100,1.763264931684755,1.0325940540983465,0.0,1.0,0.0,1.0,0.0,0.0
3,100,3.696841959866048,5.251492779436289,1.0,0.0,1.0,1.0,0.0,1.0
4,100,2.9464457235830097,3.756706765522007,1.0,1.0,0.0,0.0,1.0,1.0
5,100,10.027310659603485,7.889003409469192,0.0,1.0,1.0,0.0,0.0,0.0
6,100,5.6120496000132665,3.6251467497842578,1.0,0.0,0.0,0.0,0.0,0.0
7,100,3.671912254733295,11.248755836433968,1.0,0.0,0.0,0.0,0.0,1.0
8,100,6.99151649503066,3.798121945509796,0.0,1.0,1.0,0.0,0.0,1.0
9,100,6.292825773660106,10.61544247187192,0.0,0.0,1.0,0.0,1.0,0.0
10,100,5.240480788605172,3.061017847966929,0.0,1.0,0.0,0.0,1.0,0.0
11,100,3.342007509480795,4.405165960976674,0.0,0.0,0.0,0.0,0.0,0.0
12,100,0.5293122066563124,0.0726163829158399,0.0,1.0,1.0,1.0,1.0,1.0
13,100,10.002380714154134,4.996090328097907,1.0,1.0,1.0,0.0,1.0,0.0
14,100,10.756029353474617,8.839840176342719,1.0,0.0,1.0,0.0,1.0,1.0
15,100,5.989270217973327,7.246029930850268,0.0,1.0,1.0,0.0,0.0,1.0
16,100,11.884744384702849,0.0,1.0,0.0,0.0,1.0,1.0,0.0
17,100,4.211558238475002,6.809567380115934,0.0,0.0,0.0,0.0,0.0,0.0
18,100,6.324604630828997,11.35243938316876,1.0,1.0,0.0,0.0,0.0,0.0
19,100,2.885008957699171,4.402327998844373,1.0,0.0,0.0,1.0,1.0,0.0
20,100,2.0988152350039884,6.1145320220866655,0.0,0.0,0.0,0.0,0.0,0.0
21,100,1.4236061631548145,5.949263295818953,0.0,0.0,1.0,1.0,0.0,0.0
22,100,6.546771166698207,5.398721716841967,0.0,0.0,0.0,0.0,0.0,0.0
23,100,1.2034884837575794,3.6504370365137775,1.0,0.0,1.0,0.0,0.0,1.0
24,100,0.0596809056401875,0.0,0.0,0.0,0.0,1.0,1.0,0.0
25,100,7.936794160966048,9.736056216029183,1.0,1.0,0.0,0.0,0.0,1.0
26,100,0.0,12.0,0.0,0.0,0.0,0.0,0.0,0.0
27,100,9.827268824863795,4.4418969492718405,1.0,0.0,1.0,1.0,0.0,1.0
28,100,6.576395108593299,6.177158878118824,0.0,0.0,0.0,1.0,1.0,0.0
29,100,7.64155638491413,10.222593583363508,0.0,0.0,0.0,1.0,0.0,0.0
30,100,8.421098598995766,6.446558780283494,1.0,1.0,1.0,0.0,0.0,0.0
31,100,5.114632967432475,5.5382909912301495,0.0,1.0,0.0,0.0,0.0,0.0
32,100,0.0,12.0,1.0,1.0,0.0,1.0,0.0,0.0
33,100,5.526046942928371,6.15131004978966,1.0,0.0,1.0,0.0,1.0,0.0
34,100,6.138270590666305,0.6117407911174826,0.0,1.0,0.0,0.0,0.0,0.0
35,100,9.278654180930705,11.74136812933514,0.0,0.0,1.0,0.0,0.0,0.0
36,100,0.8264803468964208,5.0085328172583,1.0,1.0,0.0,1.0,1.0,1.0
37,100,8.080509159355271,12.0,0.0,1.0,1.0,0.0,1.0,0.0
38,100,12.0,3.4491245401027224,0.0,1.0,1.0,1.0,0.0,0.0
39,100,1.0162683521167843,7.776848614544973,1.0,0.0,0.0,0.0,0.0,0.0
0,105,5.666273656386914,6.711624735281358,0.0,0.0,0.0,1.0,1.0,0.0
1,105,8.797111537440882,12.0,0.0,0.0,0.0,1.0,1.0,0.0
2,105,1.691830352849034,0.9762302935749452,0.0,1.0,0.0,1.0,0.0,0.0
3,105,3.6645989307341935,5.195577805652805,1.0,0.0,1.0,1.0,0.0,1.0
4,105,3.0083182506433817,3.8111841964005433,1.0,1.0,0.0,0.0,1.0,1.0
5,105,10.058542102483342,7.916955698734713,0.0,1.0,1.0,0.0,0.0,0.0
6,105,5.575843659394668,3.6442500624710994,1.0,0.0,0.0,0.0,0.0,0.0
7,105,3.66386418847742,11.2813117378085,1.0,0.0,0.0,0.0,0.0,1.0
8,105,6.952491511838979,3.787470145900597,0.0,1.0,1.0,0.0,0.0,1.0
9,105,6.267427074315694,10.675722235831524,0.0,0.0,1.0,0.0,1.0,0.0
10,105,5.273055206829896,3.066432749896284,0.0,1.0,0.0,0.0,1.0,0.0
11,105,3.3724970833894847,4.439736277823861,0.0,0.0,0.0,0.0,0.0,0.0
12,105,0.5545942030111496,0.1364914127158975,0.0,1.0,1.0,1.0,1.0,1.0
13,105,10.000317122244748,5.020659471509105,1.0,1.0,1.0,0.0,1.0,0.0
14,105,10.717626885093576,8.880098501466218,1.0,0.0,1.0,0.0,1.0,1.0
15,105,5.916548653614493,7.286422724391667,0.0,1.0,1.0,0.0,0.0,1.0
16,105,11.8713513161212,0.0,1.0,0.0,0.0,1.0,1.0,0.0
17,105,4.377630097838948,6.677692406154757,0.0,0.0,0.0,0.0,0.0,0.0
18,105,6.186906121964662,11.287428288661644,1.0,1.0,0.0,0.0,0.0,0.0
19,105,2.8824908088418937,4.412760739463697,1.0,0.0,0.0,1.0,1.0,0.0
20,105,2.0608876121898807,6.083818484472575,0.0,0.0,0.0,0.0,0.0,0.0
21,105,1.4755365913835794,5.925180431970079,0.0,0.0,1.0,1.0,0.0,0.0
22,105,6.591536891583839,5.435128711041043,0.0,0.0,0.0,0.0,0.0,0.0
23,105,1.2091754062610285,3.614184445416651,1.0,0.0,1.0,0.0,0.0,1.0
24,105,0.0670846374886021,0.0,0.0,0.0,0.0,1.0,1.0,0.0
25,105,8.021822894345226,9.761589816490092,1.0,1.0,0.0,0.0,0.0,1.0
26,105,0.0,12.0,0.0,0.0,0.0,0.0,0.0,0.0
27,105,9.667438123194644,4.542445225110599,1.0,0.0,1.0,1.0,0.0,1.0
28,105,6.602422837994283,6.130408756911431,0.0,0.0,0.0,1.0,1.0,0.0
29,105,7.656374126859072,10.202336751401194,0.0,0.0,0.0,1.0,0.0,0.0
30,105,8.44328375327633,6.528192987158844,1.0,1.0,1.0,0.0,0.0,0.0
31,105,5.173844891942536,5.611057572392051,0.0,1.0,0.0,0.0,0.0,0.0
32,105,0.0,12.0,1.0,1.0,0.0,1.0,0.0,0.0
33,105,5.511817922468646,6.184049816214503,1.0,0.0,1.0,0.0,1.0,0.0
34,105,6.176964046772413,0.6299466133775461,0.0,1.0,0.0,0.0,0.0,0.0
35,105,9.298054703573134,11.788629107396147,0.0,0.0,1.0,0.0,0.0,0.0
36,105,0.8978138704586085,5.0983950272926775,1.0,1.0,0.0,1.0,1.0,1.0
37,105,8.029460852587677,12.0,0.0,1.0,1.0,0.0,1.0,0.0
38,105,12.0,3.347207638903821,0.0,1.0,1.0,1.0,0.0,0.0
39,105,1.0336353698731784,7.688428204771677,1.0,0.0,0.0,0.0,0.0,0.0
0,110,5.627646701986669,6.789341236542319,0.0,0.0,0.0,1.0,1.0,0.0
1,110,8.765529759300618,12.0,0.0,0.0,0.0,1.0,1.0,0.0
2,110,1.6144569318410096,0.9126161361045362,0.0,1.0,0.0,1.0,0.0,0.0
3,110,3.6323985169803072,5.143804728371302,1.0,0.0,1.0,1.0,0.0,1.0
4,110,3.072726603411319,3.870609848682347,1.0,1.0,0.0,0.0,1.0,1.0
5,110,10.10151886874396,7.955097989735926,0.0,1.0,1.0,0.0,0.0,0.0
6,110,5.544359538923237,3.6618683229212894,1.0,0.0,0.0,0.0,0.0,0.0
7,110,3.658964634023021,11.301984821732963,1.0,0.0,0.0,0.0,0.0,1.0
8,110,6.911852593633583,3.776112752069917,0.0,1.0,1.0,0.0,0.0,1.0
9,110,6.241647807556653,10.744625463018073,0.0,0.0,1.0,0.0,1.0,0.0
10,110,5.286937902208808,3.0692088804187323,0.0,1.0,0.0,0.0,1.0,0.0
11,110,3.389002816070734,4.458009427313727,0.0,0.0,0.0,0.0,0.0,0.0
12,110,0.5836077936846935,0.2151564128772357,0.0,1.0,1.0,1.0,1.0,1.0
13,110,9.995641965099114,5.072323638745634,1.0,1.0,1.0,0.0,1.0,0.0
14,110,10.6906437601805,8.907537615321885,1.0,0.0,1.0,0.0,1.0,1.0
15,110,5.85747129568226,7.318418821853688,0.0,1.0,1.0,0.0,0.0,1.0
16,110,11.862325054464131,0.0,1.0,0.0,0.0,1.0,1.0,0.0
17,110,4.54309316596618,6.55434897799304,0.0,0.0,0.0,0.0,0.0,0.0
18,110,6.042879709264824,11.219019896097471,1.0,1.0,0.0,0.0,0.0,0.0
19,110,2.8824615080067177,4.412891932019307,1.0,0.0,0.0,1.0,1.0,0.0
20,110,2.022342139174761,6.052930713902217,0.0,0.0,0.0,0.0,0.0,0.0
21,110,1.522645451786651,5.90360615957236,0.0,0.0,1.0,1.0,0.0,0.0
22,110,6.630237172075465,5.468054807001468,0.0,0.0,0.0,0.0,0.0,0.0
23,110,1.2107107772898371,3.6025508491498397,1.0,0.0,1.0,0.0,0.0,1.0
24,110,0.0694966648689462,0.0,0.0,0.0,0.0,1.0,1.0,0.0
25,110,8.101985366063188,9.785809323386012,1.0,1.0,0.0,0.0,0.0,1.0
26,110,0.0,12.0,0.0,0.0,0.0,0.0,0.0,0.0
27,110,9.513738038792727,4.638216770899346,1.0,0.0,1.0,1.0,0.0,1.0
28,110,6.632998501221701,6.0724194194735945,0.0,0.0,0.0,1.0,1.0,0.0
29,110,7.671442696629711,10.18095593199334,0.0,0.0,0.0,1.0,0.0,0.0
30,110,8.462301889309856,6.615175652503917,1.0,1.0,1.0,0.0,0.0,0.0
31,110,5.229042244381591,5.676755099009548,0.0,1.0,0.0,0.0,0.0,0.0
32,110,0.0,12.0,1.0,1.0,0.0,1.0,0.0,0.0
33,110,5.49811744484891,6.217582803200439,1.0,0.0,1.0,0.0,1.0,0.0
34,110,6.225911952083046,0.6533173558116742,0.0,1.0,0.0,0.0,0.0,0.0
35,110,9.31647096371895,11.834464474957777,0.0,0.0,1.0,0.0,0.0,0.0
36,110,0.9745272007499624,5.194857569831284,1.0,1.0,0.0,1.0,1.0,1.0
37,110,7.992798254889524,12.0,0.0,1.0,1.0,0.0,1.0,0.0
38,110,12.0,3.261815714884317,0.0,1.0,1.0,1.0,0.0,0.0
39,110,1.0511790967867618,7.589462336127045,1.0,0.0,0.0,0.0,0.0,0.0
0,115,5.5934352498599065,6.8572298467495685,0.0,0.0,0.0,1.0,1.0,0.0
1,115,8.730601333315235,12.0,0.0,0.0,0.0,1.0,1.0,0.0
2,115,1.5423490254003025,0.8519919661619257,0.0,1.0,0.0,1.0,0.0,0.0
3,115,3.603521440150763,5.0972258059424185,1.0,0.0,1.0,1.0,0.0,1.0
4,115,3.1232863815748337,3.9172883837423447,1.0,1.0,0.0,0.0,1.0,1.0
5,115,10.13135952555095,7.983183028204968,0.0,1.0,1.0,0.0,0.0,0.0
6,115,5.521234992074253,3.674288252298165,1.0,0.0,0.0,0.0,0.0,0.0
7,115,3.6547651402102894,11.322860616489574,1.0,0.0,0.0,0.0,0.0,1.0
8,115,6.883355318991208,3.7683942219790634,0.0,1.0,1.0,0.0,0.0,1.0
9,115,6.217170357871476,10.80814077775873,0.0,0.0,1.0,0.0,1.0,0.0
10,115,5.297330592468677,3.070961881150996,0.0,1.0,0.0,0.0,1.0,0.0
11,115,3.397090890090349,4.467089895212961,0.0,0.0,0.0,0.0,0.0,0.0
12,115,0.62328819248093,0.3136513546818557,0.0,1.0,1.0,1.0,1.0,1.0
13,115,9.990801574083838,5.114068793572534,1.0,1.0,1.0,0.0,1.0,0.0
14,115,10.65551449279824,8.942926023829665,1.0,0.0,1.0,0.0,1.0,1.0
15,115,5.817395138121064,7.339865327111354,0.0,1.0,1.0,0.0,0.0,1.0
16,115,11.848931859898798,0.0,1.0,0.0,0.0,1.0,1.0,0.0
17,115,4.709476577775529,6.426445181324643,0.0,0.0,0.0,0.0,0.0,0.0
18,115,5.8978120005505295,11.149983556899072,1.0,1.0,0.0,0.0,0.0,0.0
19,115,2.8808276247383726,4.422641625255653,1.0,0.0,0.0,1.0,1.0,0.0
20,115,2.00359470241868,6.03876344273073,0.0,0.0,0.0,0.0,0.0,0.0
21,115,1.5685576819318638,5.884263227319129,0.0,0.0,1.0,1.0,0.0,0.0
22,115,6.678997024972079,5.509973103230346,0.0,0.0,0.0,0.0,0.0,0.0
23,115,1.2108696187627808,3.6012926477603724,1.0,0.0,1.0,0.0,0.0,1.0
24,115,0.0686206793980568,0.0068028264556128,0.0,0.0,0.0,1.0,1.0,0.0
25,115,8.169556476975938,9.807956366347025,1.0,1.0,0.0,0.0,0.0,1.0
26,115,0.0,12.0,0.0,0.0,0.0,0.0,0.0,0.0
27,115,9.363311030548966,4.730573234757396,1.0,0.0,1.0,1.0,0.0,1.0
28,115,6.669325061343326,6.003245945942023,0.0,0.0,0.0,1.0,1.0,0.0
29,115,7.675714908011417,10.174821745028074,0.0,0.0,0.0,1.0,0.0,0.0
30,115,8.474548355181325,6.673076008976926,1.0,1.0,1.0,0.0,0.0,0.0
31,115,5.281207886917157,5.739814760814128,0.0,1.0,0.0,0.0,0.0,0.0
32,115,0.0,12.0,1.0,1.0,0.0,1.0,0.0,0.0
33,115,5.473112463650446,6.27817346753846,1.0,0.0,1.0,0.0,1.0,0.0
34,115,6.266298021541952,0.6719869718014125,0.0,1.0,0.0,0.0,0.0,0.0
35,115,9.332456824545256,11.87146966986965,0.0,0.0,1.0,0.0,0.0,0.0
36,115,1.0484205401284197,5.290202198222179,1.0,1.0,0.0,1.0,1.0,1.0
37,115,7.95382133790417,12.0,0.0,1.0,1.0,0.0,1.0,0.0
38,115,12.0,3.1883989433020496,0.0,1.0,1.0,1.0,0.0,0.0
39,115,1.0711808929968372,7.487644050665833,1.0,0.0,0.0,0.0,0.0,0.0
0,120,5.557343866059967,6.924671004195951,0.0,0.0,0.0,1.0,1.0,0.0
1,120,8.696805542330097,12.0,0.0,0.0,0.0,1.0,1.0,0.0
2,120,1.474757056944395,0.7982847906157913,0.0,1.0,0.0,1.0,0.0,0.0
3,120,3.5836974882657264,5.065641708227179,1.0,0.0,1.0,1.0,0.0,1.0
4,120,3.1587425323406197,3.9496347389933,1.0,1.0,0.0,0.0,1.0,1.0
5,120,10.091883992750164,8.025883653414253,0.0,1.0,1.0,0.0,0.0,0.0
6,120,5.500321494832248,3.685863042418674,1.0,0.0,0.0,0.0,0.0,0.0
7,120,3.652164377825076,11.335251155259453,1.0,0.0,0.0,0.0,0.0,1.0
8,120,6.869799294349466,3.765168230052645,0.0,1.0,1.0,0.0,0.0,1.0
9,120,6.197035910373979,10.86241907562298,0.0,0.0,1.0,0.0,1.0,0.0
10,120,5.297219246213662,3.070944251541303,0.0,1.0,0.0,0.0,1.0,0.0
11,120,3.419334937928141,4.491745964912167,0.0,0.0,0.0,0.0,0.0,0.0
12,120,0.6572858120574567,0.3937769492432378,0.0,1.0,1.0,1.0,1.0,1.0
13,120,9.983922192622488,5.175874649938595,1.0,1.0,1.0,0.0,1.0,0.0
14,120,10.616941062392367,8.983972121892906,1.0,0.0,1.0,0.0,1.0,1.0
15,120,5.770211134084799,7.366040167360943,0.0,1.0,1.0,0.0,0.0,1.0
16,120,11.839394236153394,0.0,1.0,0.0,0.0,1.0,1.0,0.0
17,120,4.888596726087397,6.288588857992303,0.0,0.0,0.0,0.0,0.0,0.0
18,120,5.750901272166453,11.08063015718423,1.0,1.0,0.0,0.0,0.0,0.0
19,120,2.878186056537332,4.435827699863238,1.0,0.0,0.0,1.0,1.0,0.0
20,120,1.9902382341839244,6.028852484900927,0.0,0.0,0.0,0.0,0.0,0.0
21,120,1.620247070237074,5.86330431904643,0.0,0.0,1.0,1.0,0.0,0.0
22,120,6.734592968727708,5.557517357503687,0.0,0.0,0.0,0.0,0.0,0.0
23,120,1.2083510803992423,3.6200055298761145,1.0,0.0,1.0,0.0,0.0,1.0
24,120,0.0686157587836457,0.0068418943548879,0.0,0.0,0.0,1.0,1.0,0.0
25,120,8.23360277021431,9.826190592578124,1.0,1.0,0.0,0.0,0.0,1.0
26,120,0.0,12.0,0.0,0.0,0.0,0.0,0.0,0.0
27,120,9.209572514699332,4.822479156832577,1.0,0.0,1.0,1.0,0.0,1.0
28,120,6.698164220665337,5.947908107575331,0.0,0.0,0.0,1.0,1.0,0.0
29,120,7.677998311602387,10.171482618888671,0.0,0.0,0.0,1.0,0.0,0.0
30,120,8.486322169409101,6.729531503984336,1.0,1.0,1.0,0.0,0.0,0.0
31,120,5.33093928156996,5.801646731482256,0.0,1.0,0.0,0.0,0.0,0.0
32,120,0.0,12.0,1.0,1.0,0.0,1.0,0.0,0.0
33,120,5.544438180731856,6.307197684584677,1.0,0.0,1.0,0.0,1.0,0.0
34,120,6.306834580632791,0.6896535329946923,0.0,1.0,0.0,0.0,0.0,0.0
35,120,9.339282690747,11.886891341940537,0.0,0.0,1.0,0.0,0.0,0.0
36,120,1.109639454407108,5.367351508198816,1.0,1.0,0.0,1.0,1.0,1.0
37,120,7.91136149964753,12.0,0.0,1.0,1.0,0.0,1.0,0.0
38,120,12.0,3.122722035204219,0.0,1.0,1.0,1.0,0.0,0.0
39,120,1.0923924939194225,7.38125660113587,1.0,0.0,0.0,0.0,0.0,0.0
0,125,5.529918011605378,6.974677076993228,0.0,0.0,0.0,1.0,1.0,0.0
1,125,8.68175030767816,12.0,0.0,0.0,0.0,1.0,1.0,0.0
2,125,1.4052032416168148,0.7446952263357807,0.0,1.0,0.0,1.0,0.0,0.0
3,125,3.5594063066906325,5.027890862951901,1.0,0.0,1.0,1.0,0.0,1.0
4,125,3.2091890271520924,3.9938338392567743,1.0,1.0,0.0,0.0,1.0,1.0
5,125,10.050688309216577,8.068397266180359,0.0,1.0,1.0,0.0,0.0,0.0
6,125,5.4847205810637485,3.6949869127342185,1.0,0.0,0.0,0.0,0.0,0.0
7,125,3.650355699130639,11.345674850499172,1.0,0.0,0.0,0.0,0.0,1.0
8,125,6.86676671738257,3.7644164895413073,0.0,1.0,1.0,0.0,0.0,1.0
9,125,6.177977259189385,10.91404698813066,0.0,0.0,1.0,0.0,1.0,0.0
10,125,5.290142545406954,3.069846161149848,0.0,1.0,0.0,0.0,1.0,0.0
11,125,3.4588306542165435,4.537893110148306,0.0,0.0,0.0,0.0,0.0,0.0
12,125,0.6859687490146125,0.4616031825621679,0.0,1.0,1.0,1.0,1.0,1.0
13,125,9.97703758300095,5.25031308252553,1.0,1.0,1.0,0.0,1.0,0.0
14,125,10.590423393319025,9.012398414018476,1.0,0.0,1.0,0.0,1.0,1.0
15,125,5.734029231319099,7.384780983769302,0.0,1.0,1.0,0.0,0.0,1.0
16,125,11.82905976353203,0.0,1.0,0.0,0.0,1.0,1.0,0.0
17,125,5.053447579146936,6.15163156602168,0.0,0.0,0.0,0.0,0.0,0.0
18,125,5.59023256433782,11.00136604782023,1.0,1.0,0.0,0.0,0.0,0.0
19,125,2.8738386028937715,4.4577484492831125,1.0,0.0,0.0,1.0,1.0,0.0
20,125,1.9713490303849188,6.014377005510433,0.0,0.0,0.0,0.0,0.0,0.0
21,125,1.6780303205799252,5.839896716588985,0.0,0.0,1.0,1.0,0.0,0.0
22,125,6.778724225608693,5.594780198193734,0.0,0.0,0.0,0.0,0.0,0.0
23,125,1.2053336012914548,3.638130215139416,1.0,0.0,1.0,0.0,0.0,1.0
24,125,0.0697650180099372,0.0,0.0,0.0,0.0,1.0,1.0,0.0
25,125,8.30230755415745,9.84682197514142,1.0,1.0,0.0,0.0,0.0,1.0
26,125,0.0,12.0,0.0,0.0,0.0,0.0,0.0,0.0
27,125,9.047064969104047,4.924235912786365,1.0,0.0,1.0,1.0,0.0,1.0
28,125,6.726873783715734,5.892481431572111,0.0,0.0,0.0,1.0,1.0,0.0
29,125,7.674092903035453,10.1775777091518,0.0,0.0,0.0,1.0,0.0,0.0
30,125,8.49956328676252,6.791555211666974,1.0,1.0,1.0,0.0,0.0,0.0
31,125,5.387211981140448,5.869294562200474,0.0,1.0,0.0,0.0,0.0,0.0
32,125,0.0,12.0,1.0,1.0,0.0,1.0,0.0,0.0
33,125,5.593304348720237,6.326373854756302,1.0,0.0,1.0,0.0,1.0,0.0
34,125,6.352716776591917,0.7089635967628807,0.0,1.0,0.0,0.0,0.0,0.0
35,125,9.343083860879911,11.894988442571726,0.0,0.0,1.0,0.0,0.0,0.0
36,125,1.1718403861863895,5.4456520046501,1.0,1.0,0.0,1.0,1.0,1.0
37,125,7.888364262928318,12.0,0.0,1.0,1.0,0.0,1.0,0.0
38,125,12.0,3.0496410148296853,0.0,1.0,1.0,1.0,0.0,0.0
39,125,1.1136274944158122,7.273009229934837,1.0,0.0,0.0,0.0,0.0,0.0
0,130,5.5048762455051286,7.018251029901947,0.0,0.0,0.0,1.0,1.0,0.0
1,130,8.662874660885816,12.0,0.0,0.0,0.0,1.0,1.0,0.0
2,130,1.3221091844951922,0.6819088711764477,0.0,1.0,0.0,1.0,0.0,0.0
3,130,3.537044597845908,4.992318223818897,1.0,0.0,1.0,1.0,0.0,1.0
4,130,3.2545045529283634,4.033369937588986,1.0,1.0,0.0,0.0,1.0,1.0
5,130,9.99866995498615,8.124558678868992,0.0,1.0,1.0,0.0,0.0,0.0
6,130,5.457865845899685,3.710439260964566,1.0,0.0,0.0,0.0,0.0,0.0
7,130,3.647996462440597,11.358934953668475,1.0,0.0,0.0,0.0,0.0,1.0
8,130,6.836071380052911,3.756462127686301,0.0,1.0,1.0,0.0,0.0,1.0
9,130,6.16407785962796,10.952412505087343,0.0,0.0,1.0,0.0,1.0,0.0
10,130,5.304318587882706,3.0719314412836143,0.0,1.0,0.0,0.0,1.0,0.0
11,130,3.486474280198862,4.568636110870034,0.0,0.0,0.0,0.0,0.0,0.0
12,130,0.7550151932284873,0.4308590877763827,0.0,1.0,1.0,1.0,1.0,1.0
13,130,9.96926497433307,5.3314802546996365,1.0,1.0,1.0,0.0,1.0,0.0
14,130,10.555015576597276,9.048865139448248,1.0,0.0,1.0,0.0,1.0,1.0
15,130,5.69037095740689,7.406839388570698,0.0,1.0,1.0,0.0,0.0,1.0
16,130,11.817406865557048,0.0,1.0,0.0,0.0,1.0,1.0,0.0
17,130,5.219739067739785,6.0131844819043145,0.0,0.0,0.0,0.0,0.0,0.0
18,130,5.412649599795891,10.909032178871904,1.0,1.0,0.0,0.0,0.0,0.0
19,130,2.870887390003995,4.472456964196796,1.0,0.0,0.0,1.0,1.0,0.0
20,130,1.9534860145552992,6.000791094401687,0.0,0.0,0.0,0.0,0.0,0.0
21,130,1.714075055208684,5.825314722765023,0.0,0.0,1.0,1.0,0.0,0.0
22,130,6.84162183097962,5.645421012746009,0.0,0.0,0.0,0.0,0.0,0.0
23,130,1.2038713928360385,3.647703673066036,1.0,0.0,1.0,0.0,0.0,1.0
24,130,0.0717201193309511,0.0,0.0,0.0,0.0,1.0,1.0,0.0
25,130,8.372505975377887,9.870146624188637,1.0,1.0,0.0,0.0,0.0,1.0
26,130,0.0,12.0,0.0,0.0,0.0,0.0,0.0,0.0
27,130,8.889034808233541,5.031984353542,1.0,0.0,1.0,1.0,0.0,1.0
28,130,6.750562236516172,5.8446724186116485,0.0,0.0,0.0,1.0,1.0,0.0
29,130,7.679225429536724,10.170187019199286,0.0,0.0,0.0,1.0,0.0,0.0
30,130,8.51233254569034,6.855257615848674,1.0,1.0,1.0,0.0,0.0,0.0
31,130,5.437694163077191,5.929016047871566,0.0,1.0,0.0,0.0,0.0,0.0
32,130,0.0,12.0,1.0,1.0,0.0,1.0,0.0,0.0
33,130,5.652631747812679,6.349092977685573,1.0,0.0,1.0,0.0,1.0,0.0
34,130,6.402996567237966,0.7306015477194389,0.0,1.0,0.0,0.0,0.0,0.0
35,130,9.336477881233073,11.881112329155812,0.0,0.0,1.0,0.0,0.0,0.0
36,130,1.2349444898047297,5.525845627290597,1.0,1.0,0.0,1.0,1.0,1.0
37,130,7.848552114218649,12.0,0.0,1.0,1.0,0.0,1.0,0.0
38,130,12.0,3.005147067299431,0.0,1.0,1.0,1.0,0.0,0.0
39,130,1.1395500360328483,7.149120478648634,1.0,0.0,0.0,0.0,0.0,0.0
0,135,5.494280877182769,7.036050780079796,0.0,0.0,0.0,1.0,1.0,0.0
1,135,8.657724269400445,12.0,0.0,0.0,0.0,1.0,1.0,0.0
2,135,1.2360151469266412,0.6195705491937552,0.0,1.0,0.0,1.0,0.0,0.0
3,135,3.5129149030824687,4.9551490752386815,1.0,0.0,1.0,1.0,0.0,1.0
4,135,3.3145238036194704,4.085389614347186,1.0,1.0,0.0,0.0,1.0,1.0
5,135,9.942742480059776,8.184992243181389,0.0,1.0,1.0,0.0,0.0,0.0
6,135,5.436914484745026,3.723009680581834,1.0,0.0,0.0,0.0,0.0,0.0
7,135,3.6463850191040086,11.369025548390994,1.0,0.0,0.0,0.0,0.0,1.0
8,135,6.828655629924491,3.7544304272126494,0.0,1.0,1.0,0.0,0.0,1.0
9,135,6.153563505451984,10.9814392219592,0.0,0.0,1.0,0.0,1.0,0.0
10,135,5.298279211305135,3.070855305826641,0.0,1.0,0.0,0.0,1.0,0.0
11,135,3.517164823397735,4.602311049732274,0.0,0.0,0.0,0.0,0.0,0.0
12,135,0.8183009234971454,0.4041472748938712,0.0,1.0,1.0,1.0,1.0,1.0
13,135,9.96072646939974,5.422146797220462,1.0,1.0,1.0,0.0,1.0,0.0
14,135,10.51693362728959,9.086201638511731,1.0,0.0,1.0,0.0,1.0,1.0
15,135,5.625791194052315,7.437899545923677,0.0,1.0,1.0,0.0,0.0,1.0
16,135,11.801610149778384,0.0,1.0,0.0,0.0,1.0,1.0,0.0
17,135,5.380186334989649,5.88170005667823,0.0,0.0,0.0,0.0,0.0,0.0
18,135,5.223218280829864,10.81994049790132,1.0,1.0,0.0,0.0,0.0,0.0
19,135,2.869876207782763,4.478526637926423,1.0,0.0,0.0,1.0,1.0,0.0
20,135,1.921351578809728,5.975358471522983,0.0,0.0,0.0,0.0,0.0,0.0
21,135,1.7592407507599035,5.8065624350586775,0.0,0.0,1.0,1.0,0.0,0.0
22,135,6.880135263354244,5.6776285304472935,0.0,0.0,0.0,0.0,0.0,0.0
23,135,1.2005083097011673,3.669460950904877,1.0,0.0,1.0,0.0,0.0,1.0
24,135,0.0738912638067768,0.0,0.0,0.0,0.0,1.0,1.0,0.0
25,135,8.477421801699329,9.903383531004042,1.0,1.0,0.0,0.0,0.0,1.0
26,135,0.0,11.86395075097832,0.0,0.0,0.0,0.0,0.0,0.0
27,135,8.74973981424754,5.127848120216599,1.0,0.0,1.0,1.0,0.0,1.0
28,135,6.772396353153215,5.802137356188257,0.0,0.0,0.0,1.0,1.0,0.0
29,135,7.684451278098263,10.162692156788069,0.0,0.0,0.0,1.0,0.0,0.0
30,135,8.521589197144353,6.917751172550728,1.0,1.0,1.0,0.0,0.0,0.0
31,135,5.497038870321624,6.004334215380722,0.0,1.0,0.0,0.0,0.0,0.0
32,135,0.0,12.0,1.0,1.0,0.0,1.0,0.0,0.0
33,135,5.737100819215157,6.380043147714741,1.0,0.0,1.0,0.0,1.0,0.0
34,135,6.454755357824939,0.7516615174458412,0.0,1.0,0.0,0.0,0.0,0.0
35,135,9.331910297540585,11.871565052550848,0.0,0.0,1.0,0.0,0.0,0.0
36,135,1.3034954925154718,5.6142234952895205,1.0,1.0,0.0,1.0,1.0,1.0
37,135,7.797841425771323,12.0,0.0,1.0,1.0,0.0,1.0,0.0
38,135,12.0,2.949718399261197,0.0,1.0,1.0,1.0,0.0,0.0
39,135,1.1641095389931075,7.025839372042714,1.0,0.0,0.0,0.0,0.0,0.0
0,140,5.488898291136564,7.045301408779808,0.0,0.0,0.0,1.0,1.0,0.0
1,140,8.661865328611778,11.99393417138553,0.0,0.0,0.0,1.0,1.0,0.0
2,140,1.159973822149312,0.5628585012587141,0.0,1.0,0.0,1.0,0.0,0.0
3,140,3.4978961039154126,4.931654367192313,1.0,0.0,1.0,1.0,0.0,1.0
4,140,3.383704341957771,4.144235402111864,1.0,1.0,0.0,0.0,1.0,1.0
5,140,9.88615428793406,8.247541839741306,0.0,1.0,1.0,0.0,0.0,0.0
6,140,5.412072901727552,3.737715337872128,1.0,0.0,0.0,0.0,0.0,0.0
7,140,3.643736663307618,11.38532822544447,1.0,0.0,0.0,0.0,0.0,1.0
8,140,6.824126478717614,3.753032082957836,0.0,1.0,1.0,0.0,0.0,1.0
9,140,6.14763469108791,11.000409716143048,0.0,0.0,1.0,0.0,1.0,0.0
10,140,5.284007075871718,3.068255156997158,0.0,1.0,0.0,0.0,1.0,0.0
11,140,3.550724533910159,4.639512468726811,0.0,0.0,0.0,0.0,0.0,0.0
12,140,0.8761769931384408,0.3796075221061968,0.0,1.0,1.0,1.0,1.0,1.0
13,140,9.952716962320682,5.498909195856513,1.0,1.0,1.0,0.0,1.0,0.0
14,140,10.490559928944847,9.11107105659094,1.0,0.0,1.0,0.0,1.0,1.0
15,140,5.552585222858758,7.475098476120134,0.0,1.0,1.0,0.0,0.0,1.0
16,140,11.785018438031036,0.0,1.0,0.0,0.0,1.0,1.0,0.0
17,140,5.540505780902927,5.7434131444980805,0.0,0.0,0.0,0.0,0.0,0.0
18,140,5.027647777391639,10.729948772075913,1.0,1.0,0.0,0.0,0.0,0.0
19,140,2.8716855578138443,4.468101211206466,1.0,0.0,0.0,1.0,1.0,0.0
20,140,1.8743117998221253,5.93787095527029,0.0,0.0,0.0,0.0,0.0,0.0
21,140,1.796809282110377,5.7911781937976965,0.0,0.0,1.0,1.0,0.0,0.0
22,140,6.919787612884774,5.71177299242971,0.0,0.0,0.0,0.0,0.0,0.0
23,140,1.1980250841314914,3.685693096811897,1.0,0.0,1.0,0.0,0.0,1.0
24,140,0.0757765259748504,0.0,0.0,0.0,0.0,1.0,1.0,0.0
25,140,8.588411953097305,9.94045588017572,1.0,1.0,0.0,0.0,0.0,1.0
26,140,0.0,11.733843357581057,0.0,0.0,0.0,0.0,0.0,0.0
27,140,8.596782555557539,5.226313444422176,1.0,0.0,1.0,1.0,0.0,1.0
28,140,6.796960049692308,5.754404970796252,0.0,0.0,0.0,1.0,1.0,0.0
29,140,7.688521976777618,10.15663901997682,0.0,0.0,0.0,1.0,0.0,0.0
30,140,8.52888165850214,6.98024847486499,1.0,1.0,1.0,0.0,0.0,0.0
31,140,5.56093138246057,6.083428372765987,0.0,1.0,0.0,0.0,0.0,0.0
32,140,0.0,12.0,1.0,1.0,0.0,1.0,0.0,0.0
33,140,5.81183980322782,6.406108922397704,1.0,0.0,1.0,0.0,1.0,0.0
34,140,6.502754726633958,0.7708356670702828,0.0,1.0,0.0,0.0,0.0,0.0
35,140,9.332586346916523,11.872976326523704,0.0,0.0,1.0,0.0,0.0,0.0
36,140,1.374143015702884,5.698850128332591,1.0,1.0,0.0,1.0,1.0,1.0
37,140,7.731664696288005,12.0,0.0,1.0,1.0,0.0,1.0,0.0
38,140,12.0,2.9095623273159568,0.0,1.0,1.0,1.0,0.0,0.0
39,140,1.1904893134002588,6.909289372187939,1.0,0.0,0.0,0.0,0.0,0.0
0,145,5.474411284685959,7.070491473148144,0.0,0.0,0.0,1.0,1.0,0.0
1,145,8.66052575272853,11.996039319222168,0.0,0.0,0.0,1.0,1.0,0.0
2,145,1.1053627090462848,0.5219685012093757,0.0,1.0,0.0,1.0,0.0,0.0
3,145,3.4832530801727946,4.909002625370259,1.0,0.0,1.0,1.0,0.0,1.0
4,145,3.447416297254899,4.199091721416028,1.0,1.0,0.0,0.0,1.0,1.0
5,145,9.836881654095444,8.302067302805451,0.0,1.0,1.0,0.0,0.0,0.0
6,145,5.3927170869935095,3.749491225882939,1.0,0.0,0.0,0.0,0.0,0.0
7,145,3.639821667197908,11.409287145505528,1.0,0.0,0.0,0.0,0.0,1.0
8,145,6.841788139449908,3.7582587881468905,0.0,1.0,1.0,0.0,0.0,1.0
9,145,6.1458886762878,11.006221947543128,0.0,0.0,1.0,0.0,1.0,0.0
10,145,5.275910812573435,3.066531514987142,0.0,1.0,0.0,0.0,1.0,0.0
11,145,3.5829910056320307,4.673885783872931,0.0,0.0,0.0,0.0,0.0,0.0
12,145,0.9391321911975888,0.3527938516785525,0.0,1.0,1.0,1.0,1.0,1.0
13,145,9.946650115884276,5.572602040354456,1.0,1.0,1.0,0.0,1.0,0.0
14,145,10.467988553661968,9.133040104559877,1.0,0.0,1.0,0.0,1.0,1.0
15,145,5.453118509995838,7.525232332251791,0.0,1.0,1.0,0.0,0.0,1.0
16,145,11.770028968140602,0.0,1.0,0.0,0.0,1.0,1.0,0.0
17,145,5.686269044294082,5.61945814761327,0.0,0.0,0.0,0.0,0.0,0.0
18,145,4.81949352972381,10.633817574204356,1.0,1.0,0.0,0.0,0.0,0.0
19,145,2.8756682164635765,4.445974174509548,1.0,0.0,0.0,1.0,1.0,0.0
20,145,1.825209240495844,5.899501275813419,0.0,0.0,0.0,0.0,0.0,0.0
21,145,1.8348073743901323,5.775222606084339,0.0,0.0,1.0,1.0,0.0,0.0
22,145,6.965899721893738,5.75133886261682,0.0,0.0,0.0,0.0,0.0,0.0
23,145,1.1947949268428908,3.7133828399214255,1.0,0.0,1.0,0.0,0.0,1.0
24,145,0.075507480546215,0.002358231886881,0.0,0.0,0.0,1.0,1.0,0.0
25,145,8.682794944684273,9.969942188977978,1.0,1.0,0.0,0.0,0.0,1.0
26,145,0.0,11.59328578576525,0.0,0.0,0.0,0.0,0.0,0.0
27,145,8.453692580462258,5.316806059813137,1.0,0.0,1.0,1.0,0.0,1.0
28,145,6.815099946361535,5.71791820591014,0.0,0.0,0.0,1.0,1.0,0.0
29,145,7.701611500099963,10.138540971358973,0.0,0.0,0.0,1.0,0.0,0.0
30,145,8.539243656587058,7.05451495492068,1.0,1.0,1.0,0.0,0.0,0.0
31,145,5.628009062439388,6.169033113779883,0.0,1.0,0.0,0.0,0.0,0.0
32,145,0.0077708373087064,11.98878607853106,1.0,1.0,0.0,1.0,0.0,0.0
33,145,5.875479272668802,6.426538970841104,1.0,0.0,1.0,0.0,1.0,0.0
34,145,6.537676827995764,0.785412410615853,0.0,1.0,0.0,0.0,0.0,0.0
35,145,9.33676100842875,11.881284283697116,0.0,0.0,1.0,0.0,0.0,0.0
36,145,1.434340115220024,5.772369544292688,1.0,1.0,0.0,1.0,1.0,1.0
37,145,7.675389033685341,12.0,0.0,1.0,1.0,0.0,1.0,0.0
38,145,12.0,2.839196758832022,0.0,1.0,1.0,1.0,0.0,0.0
39,145,1.2182692083225106,6.777433125080266,1.0,0.0,0.0,0.0,0.0,0.0
0,150,5.446484342981905,7.119189646049351,0.0,0.0,0.0,1.0,1.0,0.0
1,150,8.669670951159823,11.980835125583935,0.0,0.0,0.0,1.0,1.0,0.0
2,150,1.0503624927598576,0.4786668935079521,0.0,1.0,0.0,1.0,0.0,0.0
3,150,3.4649474290498423,4.880912751871766,1.0,0.0,1.0,1.0,0.0,1.0
4,150,3.515132315561185,4.252265828491183,1.0,1.0,0.0,0.0,1.0,1.0
5,150,9.790167479933393,8.354419191539197,0.0,1.0,1.0,0.0,0.0,0.0
6,150,5.366210423455978,3.765188060877344,1.0,0.0,0.0,0.0,0.0,0.0
7,150,3.634141590957453,11.449240163664724,1.0,0.0,0.0,0.0,0.0,1.0
8,150,6.845897071937241,3.759516785555169,0.0,1.0,1.0,0.0,0.0,1.0
9,150,6.139361989509763,11.028477775777723,0.0,0.0,1.0,0.0,1.0,0.0
10,150,5.266064319660355,3.06410683825591,0.0,1.0,0.0,0.0,1.0,0.0
11,150,3.614096348639193,4.707855782485459,0.0,0.0,0.0,0.0,0.0,0.0
12,150,0.9811756334299784,0.3346487538609059,0.0,1.0,1.0,1.0,1.0,1.0
13,150,9.94187725324875,5.633452241014139,1.0,1.0,1.0,0.0,1.0,0.0
14,150,10.447251149145218,9.152704142860529,1.0,0.0,1.0,0.0,1.0,1.0
15,150,5.36115955026446,7.570064597824524,0.0,1.0,1.0,0.0,0.0,1.0
16,150,11.75124633691743,0.0,1.0,0.0,0.0,1.0,1.0,0.0
17,150,5.8286157111261625,5.50117057979383,0.0,0.0,0.0,0.0,0.0,0.0
18,150,4.606632300976709,10.530779350636545,1.0,1.0,0.0,0.0,0.0,0.0
19,150,2.877063349846864,4.438155566815926,1.0,0.0,0.0,1.0,1.0,0.0
20,150,1.77648643415279,5.861228499290816,0.0,0.0,0.0,0.0,0.0,0.0
21,150,1.8555648629720831,5.766230307603323,0.0,0.0,1.0,1.0,0.0,0.0
22,150,7.027515023444068,5.804146320190854,0.0,0.0,0.0,0.0,0.0,0.0
23,150,1.1905440944614205,3.753775160832261,1.0,0.0,1.0,0.0,0.0,1.0
24,150,0.0757157129072305,0.0002866776883511,0.0,0.0,0.0,1.0,1.0,0.0
25,150,8.782294138802989,10.002189762820455,1.0,1.0,0.0,0.0,0.0,1.0
26,150,0.0,11.454054674725814,0.0,0.0,0.0,0.0,0.0,0.0
27,150,8.30774786964245,5.414796442571722,1.0,0.0,1.0,1.0,0.0,1.0
28,150,6.839801821850416,5.66841851831576,0.0,0.0,0.0,1.0,1.0,0.0
29,150,7.701320448530439,10.138950213836656,0.0,0.0,0.0,1.0,0.0,0.0
30,150,8.550794351172316,7.134136829053852,1.0,1.0,1.0,0.0,0.0,0.0
31,150,5.693495551341221,6.251457441159458,0.0,1.0,0.0,0.0,0.0,0.0
32,150,0.0126310440481881,11.981992939082748,1.0,1.0,0.0,1.0,0.0,0.0
33,150,5.943547465197971,6.448940857898202,1.0,0.0,1.0,0.0,1.0,0.0
34,150,6.565251877434704,0.7982588510513843,0.0,1.0,0.0,0.0,0.0,0.0
35,150,9.34008969201766,11.88849498966873,0.0,0.0,1.0,0.0,0.0,0.0
36,150,1.497875907673586,5.849868512276466,1.0,1.0,0.0,1.0,1.0,1.0
37,150,7.614805826147344,12.0,0.0,1.0,1.0,0.0,1.0,0.0
38,150,12.0,2.753613376853509,0.0,1.0,1.0,1.0,0.0,0.0
39,150,1.243618137635787,6.648835423334937,1.0,0.0,0.0,0.0,0.0,0.0
0,155,5.405900201690612,7.188056654177337,0.0,0.0,0.0,1.0,1.0,0.0
1,155,8.687607872817637,11.951165953023391,0.0,0.0,0.0,1.0,1.0,0.0
2,155,1.0086527292924,0.4457186495897972,0.0,1.0,0.0,1.0,0.0,0.0
3,155,3.437279014146968,4.8387547995517295,1.0,0.0,1.0,1.0,0.0,1.0
4,155,3.583864431137806,4.3042376644827565,1.0,1.0,0.0,0.0,1.0,1.0
5,155,9.752269908412233,8.396295159336471,0.0,1.0,1.0,0.0,0.0,0.0
6,155,5.354582461503456,3.771799827114776,1.0,0.0,0.0,0.0,0.0,0.0
7,155,3.625887621208231,11.515138166700384,1.0,0.0,0.0,0.0,0.0,1.0
8,155,6.859239167303183,3.763329642341717,0.0,1.0,1.0,0.0,0.0,1.0
9,155,6.131140257614136,11.056087085232324,0.0,0.0,1.0,0.0,1.0,0.0
10,155,5.221232357886626,3.0527946043829908,0.0,1.0,0.0,0.0,1.0,0.0
11,155,3.657948234494731,4.755989839893914,0.0,0.0,0.0,0.0,0.0,0.0
12,155,1.0288107176471384,0.3148993945611535,0.0,1.0,1.0,1.0,1.0,1.0
13,155,9.93704543290328,5.6799483894332,1.0,1.0,1.0,0.0,1.0,0.0
14,155,10.407605202602298,9.19074551924398,1.0,0.0,1.0,0.0,1.0,1.0
15,155,5.269444924095735,7.609968026862082,0.0,1.0,1.0,0.0,0.0,1.0
16,155,11.731225720556562,0.0,1.0,0.0,0.0,1.0,1.0,0.0
17,155,5.965124181956966,5.390428259583175,0.0,0.0,0.0,0.0,0.0,0.0
18,155,4.413551429910825,10.440424193654618,1.0,1.0,0.0,0.0,0.0,0.0
19,155,2.882318515300571,4.4088396464511685,1.0,0.0,0.0,1.0,1.0,0.0
20,155,1.7354693414422977,5.829455551024188,0.0,0.0,0.0,0.0,0.0,0.0
21,155,1.868509870885024,5.760732793900063,0.0,0.0,1.0,1.0,0.0,0.0
22,155,7.102083930944097,5.8695679037828405,0.0,0.0,0.0,0.0,0.0,0.0
23,155,1.186181677160478,3.794209418171622,1.0,0.0,1.0,0.0,0.0,1.0
24,155,0.0773977209191419,0.0,0.0,0.0,0.0,1.0,1.0,0.0
25,155,8.880463865227833,10.0308089267907,1.0,1.0,0.0,0.0,0.0,1.0
26,155,0.0,11.3091470195869,0.0,0.0,0.0,0.0,0.0,0.0
27,155,8.15419988416043,5.517222295091977,1.0,0.0,1.0,1.0,0.0,1.0
28,155,6.865864108621103,5.616534644501818,0.0,0.0,0.0,1.0,1.0,0.0
29,155,7.699186738499552,10.141912302861323,0.0,0.0,0.0,1.0,0.0,0.0
30,155,8.562177232547452,7.207585417948949,1.0,1.0,1.0,0.0,0.0,0.0
31,155,5.781769543180959,6.361447791612156,0.0,1.0,0.0,0.0,0.0,0.0
32,155,0.014470410524463,11.97941675177674,1.0,1.0,0.0,1.0,0.0,0.0
33,155,6.032638791778347,6.478636261082023,1.0,0.0,1.0,0.0,1.0,0.0
34,155,6.601007374041642,0.8155301546359985,0.0,1.0,0.0,0.0,0.0,0.0
35,155,9.353597780476331,11.915224497660937,0.0,0.0,1.0,0.0,0.0,0.0
36,155,1.5691588833354462,5.940916437662868,1.0,1.0,0.0,1.0,1.0,1.0
37,155,7.571552271032879,12.0,0.0,1.0,1.0,0.0,1.0,0.0
38,155,12.0,2.674739243204552,0.0,1.0,1.0,1.0,0.0,0.0
39,155,1.2598336165600492,6.551282496745656,1.0,0.0,0.0,0.0,0.0,0.0
0,160,5.36401961435483,7.257546023829714,0.0,0.0,0.0,1.0,1.0,0.0
1,160,8.708140118858948,11.917923102018255,0.0,0.0,0.0,1.0,1.0,0.0
2,160,0.9720720073824448,0.416298040475158,0.0,1.0,0.0,1.0,0.0,0.0
3,160,3.4100815328918834,4.796780934407187,1.0,0.0,1.0,1.0,0.0,1.0
4,160,3.630303178892346,4.341184702787047,1.0,1.0,0.0,0.0,1.0,1.0
5,160,9.713454073622058,8.437061623283158,0.0,1.0,1.0,0.0,0.0,0.0
6,160,5.350991178379929,3.773797616029905,1.0,0.0,0.0,0.0,0.0,0.0
7,160,3.6177691480174583,11.583411374908229,1.0,0.0,0.0,0.0,0.0,1.0
8,160,6.877896439144113,3.768247469799877,0.0,1.0,1.0,0.0,0.0,1.0
9,160,6.123523229750719,11.082133645029302,0.0,0.0,1.0,0.0,1.0,0.0
10,160,5.1867025112582175,3.0435934075546145,0.0,1.0,0.0,0.0,1.0,0.0
11,160,3.7160288038344937,4.821659712248,0.0,0.0,0.0,0.0,0.0,0.0
12,160,1.0751229656435453,0.2941649895603872,0.0,1.0,1.0,1.0,1.0,1.0
13,160,9.93260350805168,5.72126057960633,1.0,1.0,1.0,0.0,1.0,0.0
14,160,10.358389316030872,9.23896384848548,1.0,0.0,1.0,0.0,1.0,1.0
15,160,5.176528244528487,7.652029504039095,0.0,1.0,1.0,0.0,0.0,1.0
16,160,11.712992801292453,0.0,1.0,0.0,0.0,1.0,1.0,0.0
17,160,6.094665445357815,5.289309159134453,0.0,0.0,0.0,0.0,0.0,0.0
18,160,4.257049067104868,10.367545529180838,1.0,1.0,0.0,0.0,0.0,0.0
19,160,2.886341541887902,4.389422634350212,1.0,0.0,0.0,1.0,1.0,0.0
20,160,1.7003949626665136,5.802795604753968,0.0,0.0,0.0,0.0,0.0,0.0
21,160,1.884937550483334,5.75421939510605,0.0,0.0,1.0,1.0,0.0,0.0
22,160,7.173747435634899,5.933562660958323,0.0,0.0,0.0,0.0,0.0,0.0
23,160,1.1849435612590469,3.806856603076584,1.0,0.0,1.0,0.0,0.0,1.0
24,160,0.0795636712376085,0.0,0.0,0.0,0.0,1.0,1.0,0.0
25,160,9.009621555307548,10.069008832407768,1.0,1.0,0.0,0.0,0.0,1.0
26,160,0.0,11.167230190885416,0.0,0.0,0.0,0.0,0.0,0.0
27,160,7.994539428887855,5.622390089758991,1.0,0.0,1.0,1.0,0.0,1.0
28,160,6.8906728727783655,5.567684920487703,0.0,0.0,0.0,1.0,1.0,0.0
29,160,7.711309426632439,10.124588438109768,0.0,0.0,0.0,1.0,0.0,0.0
30,160,8.577196165199851,7.283962536672358,1.0,1.0,1.0,0.0,0.0,0.0
31,160,5.870621899884612,6.476155392743208,0.0,1.0,0.0,0.0,0.0,0.0
32,160,0.0254689797678742,11.963004585314234,1.0,1.0,0.0,1.0,0.0,0.0
33,160,6.120104311288733,6.507655518057593,1.0,0.0,1.0,0.0,1.0,0.0
34,160,6.628144770472038,0.8283089813575844,0.0,1.0,0.0,0.0,0.0,0.0
35,160,9.369187973183989,11.944119334970797,0.0,0.0,1.0,0.0,0.0,0.0
36,160,1.632831760470086,6.025225135682938,1.0,1.0,0.0,1.0,1.0,1.0
37,160,7.532304621182608,12.0,0.0,1.0,1.0,0.0,1.0,0.0
38,160,12.0,2.595751524829737,0.0,1.0,1.0,1.0,0.0,0.0
39,160,1.2764917827861435,6.46229891554109,1.0,0.0,0.0,0.0,0.0,0.0
0,165,5.327817605499982,7.319764161345338,0.0,0.0,0.0,1.0,1.0,0.0
1,165,8.725114867314554,11.891265409292188,0.0,0.0,0.0,1.0,1.0,0.0
2,165,0.92959898314814,0.3814263435291396,0.0,1.0,0.0,1.0,0.0,0.0
3,165,3.387810599852443,4.761313156644433,1.0,0.0,1.0,1.0,0.0,1.0
4,165,3.670045556236392,4.371209373748392,1.0,1.0,0.0,0.0,1.0,1.0
5,165,9.682066486080192,8.47112416676959,0.0,1.0,1.0,0.0,0.0,0.0
6,165,5.354990192868881,3.771517954838715,1.0,0.0,0.0,0.0,0.0,0.0
7,165,3.612739830878936,11.632808386945625,1.0,0.0,0.0,0.0,0.0,1.0
8,165,6.892526868186939,3.772032607056093,0.0,1.0,1.0,0.0,0.0,1.0
9,165,6.116992764558548,11.105931559785947,0.0,0.0,1.0,0.0,1.0,0.0
10,165,5.14949844913254,3.032681034101677,0.0,1.0,0.0,0.0,1.0,0.0
11,165,3.75390358095786,4.866232143721963,0.0,0.0,0.0,0.0,0.0,0.0
12,165,1.1148250580096135,0.2759943285329667,0.0,1.0,1.0,1.0,1.0,1.0
13,165,9.929390068821968,5.755471826567332,1.0,1.0,1.0,0.0,1.0,0.0
14,165,10.320569210830271,9.275406757890773,1.0,0.0,1.0,0.0,1.0,1.0
15,165,5.076310184499158,7.700039118930225,0.0,1.0,1.0,0.0,0.0,1.0
16,165,11.700551192026612,0.0,1.0,0.0,0.0,1.0,1.0,0.0
17,165,6.224635816179208,5.191086439133331,0.0,0.0,0.0,0.0,0.0,0.0
18,165,4.107195254242169,10.29726176149866,1.0,1.0,0.0,0.0,0.0,0.0
19,165,2.892389582169151,4.360346794959806,1.0,0.0,0.0,1.0,1.0,0.0
20,165,1.6706294926095886,5.779963955948922,0.0,0.0,0.0,0.0,0.0,0.0
21,165,1.9164337973866064,5.742231181919822,0.0,0.0,1.0,1.0,0.0,0.0
22,165,7.254156811074441,6.0022828445707495,0.0,0.0,0.0,0.0,0.0,0.0
23,165,1.1851828963122253,3.803513354301563,1.0,0.0,1.0,0.0,0.0,1.0
24,165,0.0840924694786457,0.0,0.0,0.0,0.0,1.0,1.0,0.0
25,165,9.150862830631493,10.10874474073545,1.0,1.0,0.0,0.0,0.0,1.0
26,165,0.0,11.016133416842436,0.0,0.0,0.0,0.0,0.0,0.0
27,165,7.824998122582727,5.731476658359343,1.0,0.0,1.0,1.0,0.0,1.0
28,165,6.9461093724875225,5.59881716276902,0.0,0.0,0.0,1.0,1.0,0.0
29,165,7.732987524623144,10.09362945824212,0.0,0.0,0.0,1.0,0.0,0.0
30,165,8.594465715056556,7.366694490327816,1.0,1.0,1.0,0.0,0.0,0.0
31,165,5.969005711644284,6.604835567015996,0.0,1.0,0.0,0.0,0.0,0.0
32,165,0.0359053978014233,11.945980354256337,1.0,1.0,0.0,1.0,0.0,0.0
33,165,6.216952066484675,6.537062981190487,1.0,0.0,1.0,0.0,1.0,0.0
34,165,6.649247537196122,0.8376490755523931,0.0,1.0,0.0,0.0,0.0,0.0
35,165,9.395515186904252,11.99373369841551,0.0,0.0,1.0,0.0,0.0,0.0
36,165,1.679412448807298,6.090478583302786,1.0,1.0,0.0,1.0,1.0,1.0
37,165,7.475245223467778,12.0,0.0,1.0,1.0,0.0,1.0,0.0
38,165,12.0,2.522704466605782,0.0,1.0,1.0,1.0,0.0,0.0
39,165,1.2886489442708138,6.40250868766026,1.0,0.0,0.0,0.0,0.0,0.0
0,170,5.28716587009896,7.384403719790057,0.0,0.0,0.0,1.0,1.0,0.0
1,170,8.733238461129474,11.878696226618905,0.0,0.0,0.0,1.0,1.0,0.0
2,170,0.8799579910178795,0.3409724357048014,0.0,1.0,0.0,1.0,0.0,0.0
3,170,3.365273518485813,4.723604919436284,1.0,0.0,1.0,1.0,0.0,1.0
4,170,3.7088477972179312,4.3991970605382456,1.0,1.0,0.0,0.0,1.0,1.0
5,170,9.638449375008843,8.51911222387409,0.0,1.0,1.0,0.0,0.0,0.0
6,170,5.348779786951506,3.775255340009136,1.0,0.0,0.0,0.0,0.0,0.0
7,170,3.607921476094328,11.689653488115058,1.0,0.0,0.0,0.0,0.0,1.0
8,170,6.895571086201408,3.772817657256327,0.0,1.0,1.0,0.0,0.0,1.0
9,170,6.111300301917622,11.127089641554363,0.0,0.0,1.0,0.0,1.0,0.0
10,170,5.144279272840993,3.0493966093273124,0.0,1.0,0.0,0.0,1.0,0.0
11,170,3.699765297248492,4.912454731237312,0.0,0.0,0.0,0.0,0.0,0.0
12,170,1.1469855664654875,0.2612410628620676,0.0,1.0,1.0,1.0,1.0,1.0
13,170,9.925265141001764,5.801782690254664,1.0,1.0,1.0,0.0,1.0,0.0
14,170,10.296213328672634,9.299982601443851,1.0,0.0,1.0,0.0,1.0,1.0
15,170,5.035215421730225,7.614826723921296,0.0,1.0,1.0,0.0,0.0,1.0
16,170,11.68739525122684,0.0,1.0,0.0,0.0,1.0,1.0,0.0
17,170,6.343547151859851,5.102948056469914,0.0,0.0,0.0,0.0,0.0,0.0
18,170,3.95961494052122,10.22865798532959,1.0,1.0,0.0,0.0,0.0,0.0
19,170,2.8956762328620718,4.344745949407,1.0,0.0,0.0,1.0,1.0,0.0
20,170,1.6463019739063305,5.760954105678344,0.0,0.0,0.0,0.0,0.0,0.0
21,170,1.9453234458882955,5.72963037037305,0.0,0.0,1.0,1.0,0.0,0.0
22,170,7.35587924606507,6.090942373769234,0.0,0.0,0.0,0.0,0.0,0.0
23,170,1.1858986012905293,3.7892487746235615,1.0,0.0,1.0,0.0,0.0,1.0
24,170,0.0904322260993886,0.0,0.0,0.0,0.0,1.0,1.0,0.0
25,170,9.318118311580124,10.161460497943905,1.0,1.0,0.0,0.0,0.0,1.0
26,170,0.0,10.861111765715384,0.0,0.0,0.0,0.0,0.0,0.0
27,170,7.668034912591772,5.833251433508685,1.0,0.0,1.0,1.0,0.0,1.0
28,170,6.99185962336686,5.625581694581866,0.0,0.0,0.0,1.0,1.0,0.0
29,170,7.746171968885881,10.074030882181493,0.0,0.0,0.0,1.0,0.0,0.0
30,170,8.6116472389246,7.451863648180024,1.0,1.0,1.0,0.0,0.0,0.0
31,170,6.054982451260136,6.7190204035603385,0.0,1.0,0.0,0.0,0.0,0.0
32,170,0.0326660779167844,11.951350518694689,1.0,1.0,0.0,1.0,0.0,0.0
33,170,6.30428496297291,6.562094517001174,1.0,0.0,1.0,0.0,1.0,0.0
34,170,6.681189611080411,0.8514362063113845,0.0,1.0,0.0,0.0,0.0,0.0
35,170,9.412046604321052,12.0,0.0,0.0,1.0,0.0,0.0,0.0
36,170,1.7375044552774863,6.17706067100535,1.0,1.0,0.0,1.0,1.0,1.0
37,170,7.4066658831062835,12.0,0.0,1.0,1.0,0.0,1.0,0.0
38,170,12.0,2.445478930390414,0.0,1.0,1.0,1.0,0.0,0.0
39,170,1.3029769960607591,6.331459420996994,1.0,0.0,0.0,0.0,0.0,0.0
0,175,5.254751789119219,7.43767395010767,0.0,0.0,0.0,1.0,1.0,0.0
1,175,8.735256400929915,11.875447964892404,0.0,0.0,0.0,1.0,1.0,0.0
2,175,0.8267306222419287,0.2969591673341203,0.0,1.0,0.0,1.0,0.0,0.0
3,175,3.3527025466574623,4.70235364779124,1.0,0.0,1.0,1.0,0.0,1.0
4,175,3.737727378444223,4.420167708536397,1.0,1.0,0.0,0.0,1.0,1.0
5,175,9.594932950116238,8.565590857634342,0.0,1.0,1.0,0.0,0.0,0.0
6,175,5.341900346782305,3.779563576107256,1.0,0.0,0.0,0.0,0.0,0.0
7,175,3.6045790777412328,11.760156638189642,1.0,0.0,0.0,0.0,0.0,1.0
8,175,6.915971395772274,3.7786477165558816,0.0,1.0,1.0,0.0,0.0,1.0
9,175,6.105947755749718,11.148343582375194,0.0,0.0,1.0,0.0,1.0,0.0
10,175,5.146869494723132,3.042179383099557,0.0,1.0,0.0,0.0,1.0,0.0
11,175,3.656350891445471,4.949230299838972,0.0,0.0,0.0,0.0,0.0,0.0
12,175,1.1663755286159692,0.2525923364409341,0.0,1.0,1.0,1.0,1.0,1.0
13,175,9.923148136048903,5.827442276478654,1.0,1.0,1.0,0.0,1.0,0.0
14,175,10.275259737352656,9.320067013391114,1.0,0.0,1.0,0.0,1.0,1.0
15,175,4.987854563446303,7.516204552784282,0.0,1.0,1.0,0.0,0.0,1.0
16,175,11.68155535985417,0.0,1.0,0.0,0.0,1.0,1.0,0.0
17,175,6.4480960448772375,5.025991877291261,0.0,0.0,0.0,0.0,0.0,0.0
18,175,3.832442348409524,10.16610637629272,1.0,1.0,0.0,0.0,0.0,0.0
19,175,2.8978654474068297,4.3332165754763565,1.0,0.0,0.0,1.0,1.0,0.0
20,175,1.622898693691306,5.742551031024015,0.0,0.0,0.0,0.0,0.0,0.0
21,175,1.954136722241624,5.726042961123103,0.0,0.0,1.0,1.0,0.0,0.0
22,175,7.442729227561888,6.16889907598063,0.0,0.0,0.0,0.0,0.0,0.0
23,175,1.1861442966309783,3.769100929852308,1.0,0.0,1.0,0.0,0.0,1.0
24,175,0.0928318432334899,0.0,0.0,0.0,0.0,1.0,1.0,0.0
25,175,9.482051480601218,10.212167699888171,1.0,1.0,0.0,0.0,0.0,1.0
26,175,0.0,10.71931166104944,0.0,0.0,0.0,0.0,0.0,0.0
27,175,7.503438257391732,5.943245743578176,1.0,0.0,1.0,1.0,0.0,1.0
28,175,7.036030179059309,5.651904592465854,0.0,0.0,0.0,1.0,1.0,0.0
29,175,7.755545936839789,10.060784133199894,0.0,0.0,0.0,1.0,0.0,0.0
30,175,8.630180211834453,7.53315676573573,1.0,1.0,1.0,0.0,0.0,0.0
31,175,6.149588511166783,6.8431732116513055,0.0,1.0,0.0,0.0,0.0,0.0
32,175,0.0250373009559369,11.963848605291115,1.0,1.0,0.0,1.0,0.0,0.0
33,175,6.383091752625829,6.584036609990205,1.0,0.0,1.0,0.0,1.0,0.0
34,175,6.706801560925075,0.86227447932083,0.0,1.0,0.0,0.0,0.0,0.0
35,175,9.423500760745336,12.0,0.0,0.0,1.0,0.0,0.0,0.0
36,175,1.7974588665209243,6.265472221756506,1.0,1.0,0.0,1.0,1.0,1.0
37,175,7.333193888291277,12.0,0.0,1.0,1.0,0.0,1.0,0.0
38,175,12.0,2.379574390372772,0.0,1.0,1.0,1.0,0.0,0.0
39,175,1.3223512003726547,6.230767301010207,1.0,0.0,0.0,0.0,0.0,0.0
0,180,5.222809935243429,7.490685370397138,0.0,0.0,0.0,1.0,1.0,0.0
1,180,8.738026887985882,11.87092316161576,0.0,0.0,0.0,1.0,1.0,0.0
2,180,0.7827411116647427,0.2607474718159042,0.0,1.0,0.0,1.0,0.0,0.0
3,180,3.3382396320282437,4.677752691383772,1.0,0.0,1.0,1.0,0.0,1.0
4,180,3.74710327820248,4.426854138334207,1.0,1.0,0.0,0.0,1.0,1.0
5,180,9.530965874938609,8.637600595306594,0.0,1.0,1.0,0.0,0.0,0.0
6,180,5.336605425392553,3.7830372382151696,1.0,0.0,0.0,0.0,0.0,0.0
7,180,3.601511782584705,11.847690578046493,1.0,0.0,0.0,0.0,0.0,1.0
8,180,6.964781651438011,3.791303699183094,0.0,1.0,1.0,0.0,0.0,1.0
9,180,6.097053800902871,11.182854004332844,0.0,0.0,1.0,0.0,1.0,0.0
10,180,5.149575276597987,3.034828756418993,0.0,1.0,0.0,0.0,1.0,0.0
11,180,3.603804096782837,4.993650606035978,0.0,0.0,0.0,0.0,0.0,0.0
12,180,1.193689610473289,0.2400533714339936,0.0,1.0,1.0,1.0,1.0,1.0
13,180,9.921517128493855,5.84274010156514,1.0,1.0,1.0,0.0,1.0,0.0
14,180,10.254851950603712,9.338869814056611,1.0,0.0,1.0,0.0,1.0,1.0
15,180,4.944848987367989,7.421023129963155,0.0,1.0,1.0,0.0,0.0,1.0
16,180,11.672430083956916,0.0,1.0,0.0,0.0,1.0,1.0,0.0
17,180,6.553674928515481,4.948022220220433,0.0,0.0,0.0,0.0,0.0,0.0
18,180,3.686689951071728,10.096877113784238,1.0,1.0,0.0,0.0,0.0,0.0
19,180,2.9022652687710933,4.31126467567541,1.0,0.0,0.0,1.0,1.0,0.0
20,180,1.6062226091530287,5.729359591786073,0.0,0.0,0.0,0.0,0.0,0.0
21,180,1.968103391728245,5.720533039696189,0.0,0.0,1.0,1.0,0.0,0.0
22,180,7.538423190029361,6.254598535056224,0.0,0.0,0.0,0.0,0.0,0.0
23,180,1.186677122913075,3.754027151473914,1.0,0.0,1.0,0.0,0.0,1.0
24,180,0.0926199949018262,0.0012415024781018,0.0,0.0,0.0,1.0,1.0,0.0
25,180,9.616687641081608,10.258653381561455,1.0,1.0,0.0,0.0,0.0,1.0
26,180,0.0,10.579883252244564,0.0,0.0,0.0,0.0,0.0,0.0
27,180,7.329321453683496,6.057297013065555,1.0,0.0,1.0,1.0,0.0,1.0
28,180,7.0829008118783845,5.680178855864507,0.0,0.0,0.0,1.0,1.0,0.0
29,180,7.766035163007578,10.04655875671101,0.0,0.0,0.0,1.0,0.0,0.0
30,180,8.646705513690417,7.6141017487128595,1.0,1.0,1.0,0.0,0.0,0.0
31,180,6.229287187372802,6.947397675121192,0.0,1.0,0.0,0.0,0.0,0.0
32,180,0.0175030341852513,11.976067659301014,1.0,1.0,0.0,1.0,0.0,0.0
33,180,6.42588200015925,6.595913132820929,1.0,0.0,1.0,0.0,1.0,0.0
34,180,6.739373492323347,0.876039900131103,0.0,1.0,0.0,0.0,0.0,0.0
35,180,9.437044957631034,12.0,0.0,0.0,1.0,0.0,0.0,0.0
36,180,1.861096646706596,6.363319611515958,1.0,1.0,0.0,1.0,1.0,1.0
37,180,7.260066654653063,12.0,0.0,1.0,1.0,0.0,1.0,0.0
38,180,12.0,2.307431688011264,0.0,1.0,1.0,1.0,0.0,0.0
39,180,1.3358363113523524,6.154771340457745,1.0,0.0,0.0,0.0,0.0,0.0
0,185,5.199522974248208,7.530076831080025,0.0,0.0,0.0,1.0,1.0,0.0
1,185,8.737828851109814,11.87125577605888,0.0,0.0,0.0,1.0,1.0,0.0
2,185,0.7411622244806058,0.2284358326960209,0.0,1.0,0.0,1.0,0.0,0.0
3,185,3.3084473737390407,4.628459024575462,1.0,0.0,1.0,1.0,0.0,1.0
4,185,3.7393929224003055,4.421682727656568,1.0,1.0,0.0,0.0,1.0,1.0
5,185,9.489364791532804,8.684946856600975,0.0,1.0,1.0,0.0,0.0,0.0
6,185,5.325150124329459,3.790845869222053,1.0,0.0,0.0,0.0,0.0,0.0
7,185,3.599276943659921,11.929796159631632,1.0,0.0,0.0,0.0,0.0,1.0
8,185,6.992374024757455,3.7984092558862295,0.0,1.0,1.0,0.0,0.0,1.0
9,185,6.09222263389343,11.203399167719448,0.0,0.0,1.0,0.0,1.0,0.0
10,185,5.15168976451134,3.029143416022717,0.0,1.0,0.0,0.0,1.0,0.0
11,185,3.5497926656364105,5.039518262602825,0.0,0.0,0.0,0.0,0.0,0.0
12,185,1.2099759538323172,0.2323324220523861,0.0,1.0,1.0,1.0,1.0,1.0
13,185,9.919118936509136,5.872814534793622,1.0,1.0,1.0,0.0,1.0,0.0
14,185,10.226692220765631,9.363920231088526,1.0,0.0,1.0,0.0,1.0,1.0
15,185,4.906182637264252,7.33915593362219,0.0,1.0,1.0,0.0,0.0,1.0
16,185,11.655181503164936,0.0,1.0,0.0,0.0,1.0,1.0,0.0
17,185,6.662499677099591,4.8743046391119424,0.0,0.0,0.0,0.0,0.0,0.0
18,185,3.528597120429225,10.0192553286822,1.0,1.0,0.0,0.0,0.0,0.0
19,185,2.901489699768228,4.315416180647626,1.0,0.0,0.0,1.0,1.0,0.0
20,185,1.5938062980020138,5.719818003136567,0.0,0.0,0.0,0.0,0.0,0.0
21,185,1.9795572888913395,5.715818271982794,0.0,0.0,1.0,1.0,0.0,0.0
22,185,7.634692796569027,6.342741513837931,0.0,0.0,0.0,0.0,0.0,0.0
23,185,1.1869927221814296,3.732761671343905,1.0,0.0,1.0,0.0,0.0,1.0
24,185,0.0923146198426742,0.0029537969230412,0.0,0.0,0.0,1.0,1.0,0.0
25,185,9.735888745207346,10.300449790661569,1.0,1.0,0.0,0.0,0.0,1.0
26,185,0.0,10.422684637473996,0.0,0.0,0.0,0.0,0.0,0.0
27,185,7.160959421593624,6.167793185111808,1.0,0.0,1.0,1.0,0.0,1.0
28,185,7.107564804427842,5.695434993159361,0.0,0.0,0.0,1.0,1.0,0.0
29,185,7.771929310087207,10.038614914244008,0.0,0.0,0.0,1.0,0.0,0.0
30,185,8.658137951497503,7.669798974384422,1.0,1.0,1.0,0.0,0.0,0.0
31,185,6.3082035849861775,7.051490359410408,0.0,1.0,0.0,0.0,0.0,0.0
32,185,0.0142846643165822,11.9812212854838,1.0,1.0,0.0,1.0,0.0,0.0
33,185,6.474369990509447,6.609591799773964,1.0,0.0,1.0,0.0,1.0,0.0
34,185,6.771167203325459,0.8897014513462406,0.0,1.0,0.0,0.0,0.0,0.0
35,185,9.44328172586037,12.0,0.0,0.0,1.0,0.0,0.0,0.0
36,185,1.9254689653874333,6.464364188275479,1.0,1.0,0.0,1.0,1.0,1.0
37,185,7.281297340790272,12.0,0.0,1.0,1.0,0.0,1.0,0.0
38,185,12.0,2.2421395803376565,0.0,1.0,1.0,1.0,0.0,0.0
39,185,1.348023939419255,6.07018325073286,1.0,0.0,0.0,0.0,0.0,0.0
0,190,5.17867492043994,7.5668946268728705,0.0,0.0,0.0,1.0,1.0,0.0
1,190,8.726328940970902,11.889824000053954,0.0,0.0,0.0,1.0,1.0,0.0
2,190,0.6802166053258092,0.1789956095709041,0.0,1.0,0.0,1.0,0.0,0.0
3,190,3.284686782467065,4.588998133291269,1.0,0.0,1.0,1.0,0.0,1.0
4,190,3.728521209553735,4.414233224557485,1.0,1.0,0.0,0.0,1.0,1.0
5,190,9.44634602134251,8.733316433883711,0.0,1.0,1.0,0.0,0.0,0.0
6,190,5.319349952548001,3.7947017142873576,1.0,0.0,0.0,0.0,0.0,0.0
7,190,3.5973862054867736,12.0,1.0,0.0,0.0,0.0,0.0,1.0
8,190,7.009578947188947,3.803217186050989,0.0,1.0,1.0,0.0,0.0,1.0
9,190,6.087432917610666,11.223303177963215,0.0,0.0,1.0,0.0,1.0,0.0
10,190,5.151651082368412,3.0292493300312247,0.0,1.0,0.0,0.0,1.0,0.0
11,190,3.475084289531692,5.098909305176284,0.0,0.0,0.0,0.0,0.0,0.0
12,190,1.217328426244609,0.2288485419972906,0.0,1.0,1.0,1.0,1.0,1.0
13,190,9.915881410055976,5.9173513098807415,1.0,1.0,1.0,0.0,1.0,0.0
14,190,10.205585897676984,9.38293694005856,1.0,0.0,1.0,0.0,1.0,1.0
15,190,4.872144267460587,7.269943078730554,0.0,1.0,1.0,0.0,0.0,1.0
16,190,11.64160123568513,0.0,1.0,0.0,0.0,1.0,1.0,0.0
17,190,6.774938770893334,4.800342144674526,0.0,0.0,0.0,0.0,0.0,0.0
18,190,3.369102525972472,9.935265625552391,1.0,1.0,0.0,0.0,0.0,0.0
19,190,2.9009449519131074,4.3184468309138495,1.0,0.0,0.0,1.0,1.0,0.0
20,190,1.5678563365609577,5.699891995375134,0.0,0.0,0.0,0.0,0.0,0.0
21,190,1.9790063985699071,5.716042114163378,0.0,0.0,1.0,1.0,0.0,0.0
22,190,7.716715048866428,6.418844556981247,0.0,0.0,0.0,0.0,0.0,0.0
23,190,1.1875527186020356,3.716056136408944,1.0,0.0,1.0,0.0,0.0,1.0
24,190,0.089016878229758,0.0229619883490532,0.0,0.0,0.0,1.0,1.0,0.0
25,190,9.849334288279197,10.341065537387482,1.0,1.0,0.0,0.0,0.0,1.0
26,190,0.0,10.255387246653717,0.0,0.0,0.0,0.0,0.0,0.0
27,190,7.002298877826964,6.276461197303583,1.0,0.0,1.0,1.0,0.0,1.0
28,190,7.140890312728158,5.715706394950915,0.0,0.0,0.0,1.0,1.0,0.0
29,190,7.770495153825014,10.040665816645944,0.0,0.0,0.0,1.0,0.0,0.0
30,190,8.67229062528047,7.7350516947142385,1.0,1.0,1.0,0.0,0.0,0.0
31,190,6.381046400931472,7.153191868656839,0.0,1.0,0.0,0.0,0.0,0.0
32,190,0.0086821511183569,11.99021437883794,1.0,1.0,0.0,1.0,0.0,0.0
33,190,6.558417601546956,6.633306269822815,1.0,0.0,1.0,0.0,1.0,0.0
34,190,6.790750353019127,0.8983213289058104,0.0,1.0,0.0,0.0,0.0,0.0
35,190,9.450096540598905,12.0,0.0,0.0,1.0,0.0,0.0,0.0
36,190,1.9908546294748009,6.560856341981045,1.0,1.0,0.0,1.0,1.0,1.0
37,190,7.298060593012916,12.0,0.0,1.0,1.0,0.0,1.0,0.0
38,190,12.0,2.157931718703409,0.0,1.0,1.0,1.0,0.0,0.0
39,190,1.3600109351284904,5.977005365909416,1.0,0.0,0.0,0.0,0.0,0.0
0,195,5.15643874172891,7.604537898246831,0.0,0.0,0.0,1.0,1.0,0.0
1,195,8.714021467230324,11.909552070897984,0.0,0.0,0.0,1.0,1.0,0.0
2,195,0.6235364310738353,0.1330479178271431,0.0,1.0,0.0,1.0,0.0,0.0
3,195,3.2686604316278287,4.56246249305926,1.0,0.0,1.0,1.0,0.0,1.0
4,195,3.721511123016411,4.409304573531538,1.0,1.0,0.0,0.0,1.0,1.0
5,195,9.405301406516813,8.779410282071533,0.0,1.0,1.0,0.0,0.0,0.0
6,195,5.311156556085236,3.800137120827735,1.0,0.0,0.0,0.0,0.0,0.0
7,195,3.5952744504864707,12.0,1.0,0.0,0.0,0.0,0.0,1.0
8,195,7.042608374890277,3.812956894863776,0.0,1.0,1.0,0.0,0.0,1.0
9,195,6.081613439601477,11.25328522799,0.0,0.0,1.0,0.0,1.0,0.0
10,195,5.142280231059562,3.054275048910033,0.0,1.0,0.0,0.0,1.0,0.0
11,195,3.3957772911314343,5.161596356935526,0.0,0.0,0.0,0.0,0.0,0.0
12,195,1.2267438798338188,0.2240839282530305,0.0,1.0,1.0,1.0,1.0,1.0
13,195,9.912363039587223,5.967220459380807,1.0,1.0,1.0,0.0,1.0,0.0
14,195,10.153512961357368,9.430518960206314,1.0,0.0,1.0,0.0,1.0,1.0
15,195,4.837834699983234,7.1988975997720415,0.0,1.0,1.0,0.0,0.0,1.0
16,195,11.63259322672453,0.0,1.0,0.0,0.0,1.0,1.0,0.0
17,195,6.884108232798014,4.726903528320573,0.0,0.0,0.0,0.0,0.0,0.0
18,195,3.219328883244144,9.858275253167015,1.0,1.0,0.0,0.0,0.0,0.0
19,195,2.9012690362350195,4.3165633842079805,1.0,0.0,0.0,1.0,1.0,0.0
20,195,1.55008051282252,5.686297049742928,0.0,0.0,0.0,0.0,0.0,0.0
21,195,1.9789531429161888,5.716062971426628,0.0,0.0,1.0,1.0,0.0,0.0
22,195,7.7879268870386,6.484476108447681,0.0,0.0,0.0,0.0,0.0,0.0
23,195,1.1875537392560327,3.715761058988339,1.0,0.0,1.0,0.0,0.0,1.0
24,195,0.0807378459109655,0.0719133543694476,0.0,0.0,0.0,1.0,1.0,0.0
25,195,9.978281788725663,10.389205277988916,1.0,1.0,0.0,0.0,0.0,1.0
26,195,0.0,10.087137957175,0.0,0.0,0.0,0.0,0.0,0.0
27,195,6.8435985188884425,6.382173261603778,1.0,0.0,1.0,1.0,0.0,1.0
28,195,7.169568244112612,5.733940079112739,0.0,0.0,0.0,1.0,1.0,0.0
29,195,7.765022280110858,10.048891641187364,0.0,0.0,0.0,1.0,0.0,0.0
30,195,8.68429514322661,7.783065871786663,1.0,1.0,1.0,0.0,0.0,0.0
31,195,6.259060587569912,7.236515414608274,0.0,1.0,0.0,0.0,0.0,0.0
32,195,0.0075493705630218,11.992081661360716,1.0,1.0,0.0,1.0,0.0,0.0
33,195,6.652081061258081,6.657210358880857,1.0,0.0,1.0,0.0,1.0,0.0
34,195,6.831941999530618,0.9168202402096038,0.0,1.0,0.0,0.0,0.0,0.0
35,195,9.455469584504236,12.0,0.0,0.0,1.0,0.0,0.0,0.0
36,195,2.0410056765171376,6.633653621833092,1.0,1.0,0.0,1.0,1.0,1.0
37,195,7.31636463343737,12.0,0.0,1.0,1.0,0.0,1.0,0.0
38,195,12.0,2.079032748071945,0.0,1.0,1.0,1.0,0.0,0.0
39,195,1.262267318327856,5.962379116353677,1.0,0.0,0.0,0.0,0.0,0.0
0,200,5.12924350070106,7.65350520496279,0.0,0.0,0.0,1.0,1.0,0.0
1,200,8.699081932131692,11.933106962402178,0.0,0.0,0.0,1.0,1.0,0.0
2,200,0.5604098164624715,0.0817065759199472,0.0,1.0,0.0,1.0,0.0,0.0
3,200,3.259352541545444,4.548084197219671,1.0,0.0,1.0,1.0,0.0,1.0
4,200,3.7147751557792414,4.404797884855291,1.0,1.0,0.0,0.0,1.0,1.0
5,200,9.356678838393252,8.837137659222517,0.0,1.0,1.0,0.0,0.0,0.0
6,200,5.31403159523833,3.798194398508192,1.0,0.0,0.0,0.0,0.0,0.0
7,200,3.591735172047912,12.0,1.0,0.0,0.0,0.0,0.0,1.0
8,200,7.079452469286788,3.8240717966093496,0.0,1.0,1.0,0.0,0.0,1.0
9,200,6.076521151553245,11.27960517778215,0.0,0.0,1.0,0.0,1.0,0.0
10,200,5.13595184634137,3.06991422720867,0.0,1.0,0.0,0.0,1.0,0.0
11,200,3.323618799397043,5.223283993433698,0.0,0.0,0.0,0.0,0.0,0.0
12,200,1.237183885931762,0.2187424490139138,0.0,1.0,1.0,1.0,1.0,1.0
13,200,9.910268852906931,5.99787073009293,1.0,1.0,1.0,0.0,1.0,0.0
14,200,10.098119870802554,9.480466608874313,1.0,0.0,1.0,0.0,1.0,1.0
15,200,4.798528552527323,7.121363267734726,0.0,1.0,1.0,0.0,0.0,1.0
16,200,11.614926045856802,0.0,1.0,0.0,0.0,1.0,1.0,0.0
17,200,6.9875798121581045,4.657266327418991,0.0,0.0,0.0,0.0,0.0,0.0
18,200,3.097364198681172,9.795718989679232,1.0,1.0,0.0,0.0,0.0,0.0
19,200,2.8995956004809944,4.3264981807857925,1.0,0.0,0.0,1.0,1.0,0.0
20,200,1.5208512907626537,5.663387152484397,0.0,0.0,0.0,0.0,0.0,0.0
21,200,1.9819944463830383,5.714869952450126,0.0,0.0,1.0,1.0,0.0,0.0
22,200,7.851730932328218,6.543902347633765,0.0,0.0,0.0,0.0,0.0,0.0
23,200,1.1876577628883715,3.735977530809148,1.0,0.0,1.0,0.0,0.0,1.0
24,200,0.0730058599081958,0.1140665369813324,0.0,0.0,0.0,1.0,1.0,0.0
25,200,10.0951044122239,10.434771066157566,1.0,1.0,0.0,0.0,0.0,1.0
26,200,0.0,9.897840529196516,0.0,0.0,0.0,0.0,0.0,0.0
27,200,6.670091729708672,6.497280679612783,1.0,0.0,1.0,1.0,0.0,1.0
28,200,7.186920053078336,5.745153990087109,0.0,0.0,0.0,1.0,1.0,0.0
29,200,7.762070172181921,10.053287435313768,0.0,0.0,0.0,1.0,0.0,0.0
30,200,8.696574083008173,7.831269775068837,1.0,1.0,1.0,0.0,0.0,0.0
31,200,6.115118820663609,7.325768496450244,0.0,1.0,0.0,0.0,0.0,0.0
32,200,0.0019651016927637,12.0,1.0,1.0,0.0,1.0,0.0,0.0
33,200,6.752365889564024,6.683660433895636,1.0,0.0,1.0,0.0,1.0,0.0
34,200,6.862583888855881,0.9306539047588076,0.0,1.0,0.0,0.0,0.0,0.0
35,200,9.460293637947071,12.0,0.0,0.0,1.0,0.0,0.0,0.0
36,200,2.096629811176456,6.716274889585473,1.0,1.0,0.0,1.0,1.0,1.0
37,200,7.334775347413771,12.0,0.0,1.0,1.0,0.0,1.0,0.0
38,200,12.0,2.006768271182016,0.0,1.0,1.0,1.0,0.0,0.0
39,200,1.15975417528701,5.947485623504825,1.0,0.0,0.0,0.0,0.0,0.0
0,205,5.111870857838031,7.683928150122107,0.0,0.0,0.0,1.0,1.0,0.0
1,205,8.69518051348402,11.93907537365661,0.0,0.0,0.0,1.0,1.0,0.0
2,205,0.4838664476866957,0.0190656951659087,0.0,1.0,0.0,1.0,0.0,0.0
3,205,3.250366060427452,4.533484231638549,1.0,0.0,1.0,1.0,0.0,1.0
4,205,3.690287925617457,4.38937216779219,1.0,1.0,0.0,0.0,1.0,1.0
5,205,9.310153563081911,8.893442784841016,0.0,1.0,1.0,0.0,0.0,0.0
6,205,5.322822977164766,3.792068515982731,1.0,0.0,0.0,0.0,0.0,0.0
7,205,3.5865710879544275,12.0,1.0,0.0,0.0,0.0,0.0,1.0
8,205,7.1059187932751,3.831769707373672,0.0,1.0,1.0,0.0,0.0,1.0
9,205,6.063288889706158,11.336014811968758,0.0,0.0,1.0,0.0,1.0,0.0
10,205,5.128935352090965,3.086712642336538,0.0,1.0,0.0,0.0,1.0,0.0
11,205,3.241163410372452,5.291935282121121,0.0,0.0,0.0,0.0,0.0,0.0
12,205,1.252797678234075,0.2107410859708284,0.0,1.0,1.0,1.0,1.0,1.0
13,205,9.908519287739304,6.021738940411801,1.0,1.0,1.0,0.0,1.0,0.0
14,205,10.039330820956568,9.533330347454942,1.0,0.0,1.0,0.0,1.0,1.0
15,205,4.750320738192408,7.024633474100318,0.0,1.0,1.0,0.0,0.0,1.0
16,205,11.598367031069763,0.0,1.0,0.0,0.0,1.0,1.0,0.0
17,205,7.107793387280883,4.574245875455167,0.0,0.0,0.0,0.0,0.0,0.0
18,205,2.9541611019601897,9.72305892528184,1.0,1.0,0.0,0.0,0.0,0.0
19,205,2.9016251651172724,4.316195286051767,1.0,0.0,0.0,1.0,1.0,0.0
20,205,1.488478650651416,5.635961481659257,0.0,0.0,0.0,0.0,0.0,0.0
21,205,1.9909827878125224,5.7113488825223735,0.0,0.0,1.0,1.0,0.0,0.0
22,205,7.927441653430286,6.6152302838059205,0.0,0.0,0.0,0.0,0.0,0.0
23,205,1.1875303577321727,3.7462627066019407,1.0,0.0,1.0,0.0,0.0,1.0
24,205,0.0066646039917586,0.1004231427656526,0.0,0.0,0.0,1.0,1.0,0.0
25,205,10.204483179702752,10.482051138976482,1.0,1.0,0.0,0.0,0.0,1.0
26,205,0.0,9.696768566485336,0.0,0.0,0.0,0.0,0.0,0.0
27,205,6.519348686380285,6.597738189882545,1.0,0.0,1.0,1.0,0.0,1.0
28,205,7.193780826679069,5.749598645332783,0.0,0.0,0.0,1.0,1.0,0.0
29,205,7.763249989349605,10.051500978570475,0.0,0.0,0.0,1.0,0.0,0.0
30,205,8.711319372709529,7.888702651114894,1.0,1.0,1.0,0.0,0.0,0.0
31,205,5.9595429564593765,7.420461314185459,0.0,1.0,0.0,0.0,0.0,0.0
32,205,0.0,12.0,1.0,1.0,0.0,1.0,0.0,0.0
33,205,6.855081343731449,6.708190408554202,1.0,0.0,1.0,0.0,1.0,0.0
34,205,6.8875762872937605,0.9422769253642208,0.0,1.0,0.0,0.0,0.0,0.0
35,205,9.460681363759084,12.0,0.0,0.0,1.0,0.0,0.0,0.0
36,205,2.1535783056717173,6.799908938572536,1.0,1.0,0.0,1.0,1.0,1.0
37,205,7.344490632642757,12.0,0.0,1.0,1.0,0.0,1.0,0.0
38,205,12.0,1.915507376978825,0.0,1.0,1.0,1.0,0.0,0.0
39,205,1.0687046658133457,5.934686898009491,1.0,0.0,0.0,0.0,0.0,0.0
0,210,5.1014839143706405,7.702425724782777,0.0,0.0,0.0,1.0,1.0,0.0
1,210,8.692638898495932,11.942850093888964,0.0,0.0,0.0,1.0,1.0,0.0
2,210,0.398721265120745,0.0,0.0,1.0,0.0,1.0,0.0,0.0
3,210,3.228408195308253,4.498834291996125,1.0,0.0,1.0,1.0,0.0,1.0
4,210,3.690635929944092,4.389600398363318,1.0,1.0,0.0,0.0,1.0,1.0
5,210,9.258849662418092,8.952329125900455,0.0,1.0,1.0,0.0,0.0,0.0
6,210,5.328426617792894,3.788363542293823,1.0,0.0,0.0,0.0,0.0,0.0
7,210,3.5825511210842835,12.0,1.0,0.0,0.0,0.0,0.0,1.0
8,210,7.102196315606711,3.843181797429336,0.0,1.0,1.0,0.0,0.0,1.0
9,210,6.053646731614994,11.375314460695764,0.0,0.0,1.0,0.0,1.0,0.0
10,210,5.117506149238773,3.115144301833734,0.0,1.0,0.0,0.0,1.0,0.0
11,210,3.171878452253898,5.349218558840952,0.0,0.0,0.0,0.0,0.0,0.0
12,210,1.2632025665912214,0.2054262577094392,0.0,1.0,1.0,1.0,1.0,1.0
13,210,9.906121225926327,6.045217867865847,1.0,1.0,1.0,0.0,1.0,0.0
14,210,9.959778304606193,9.601745727466502,1.0,0.0,1.0,0.0,1.0,1.0
15,210,4.705382562806316,6.932635352375461,0.0,1.0,1.0,0.0,0.0,1.0
16,210,11.590169988038772,0.0,1.0,0.0,0.0,1.0,1.0,0.0
17,210,7.218370375012853,4.498181685657221,0.0,0.0,0.0,0.0,0.0,0.0
18,210,2.805412211487863,9.649559336030876,1.0,1.0,0.0,0.0,0.0,0.0
19,210,2.9060046569954943,4.296161114135677,1.0,0.0,0.0,1.0,1.0,0.0
20,210,1.44929567267101,5.603020698017414,0.0,0.0,0.0,0.0,0.0,0.0
21,210,1.995313218896604,5.709738377553554,0.0,0.0,1.0,1.0,0.0,0.0
22,210,7.994926351963675,6.67676444160261,0.0,0.0,0.0,0.0,0.0,0.0
23,210,1.1874449248955403,3.7494091728016903,1.0,0.0,1.0,0.0,0.0,1.0
24,210,0.0,0.0862104789181256,0.0,0.0,0.0,1.0,1.0,0.0
25,210,10.318440795203728,10.5306592485137,1.0,1.0,0.0,0.0,0.0,1.0
26,210,0.0,9.497833914744936,0.0,0.0,0.0,0.0,0.0,0.0
27,210,6.37794083903286,6.697192748465264,1.0,0.0,1.0,1.0,0.0,1.0
28,210,7.196806033902068,5.751640611632845,0.0,0.0,0.0,1.0,1.0,0.0
29,210,7.769286818958516,10.042422921926118,0.0,0.0,0.0,1.0,0.0,0.0
30,210,8.715061928550966,7.903119495381423,1.0,1.0,1.0,0.0,0.0,0.0
31,210,5.794308053872663,7.52407371105319,0.0,1.0,0.0,0.0,0.0,0.0
32,210,0.0,12.0,1.0,1.0,0.0,1.0,0.0,0.0
33,210,6.945702858948692,6.727405671745362,1.0,0.0,1.0,0.0,1.0,0.0
34,210,6.897457136968763,0.9469915708541354,0.0,1.0,0.0,0.0,0.0,0.0
35,210,9.458889507235364,11.996410749881578,0.0,0.0,1.0,0.0,0.0,0.0
36,210,2.21324674055668,6.890032580283847,1.0,1.0,0.0,1.0,1.0,1.0
37,210,7.352460812090415,12.0,0.0,1.0,1.0,0.0,1.0,0.0
38,210,12.0,1.8260115966659956,0.0,1.0,1.0,1.0,0.0,0.0
39,210,0.9548456692237696,5.918454092495114,1.0,0.0,0.0,0.0,0.0,0.0
0,215,5.088671077327235,7.724649775846711,0.0,0.0,0.0,1.0,1.0,0.0
1,215,8.707671167659047,11.919187091653283,0.0,0.0,0.0,1.0,1.0,0.0
2,215,0.3134316757048359,0.0,0.0,1.0,0.0,1.0,0.0,0.0
3,215,3.207790903002076,4.512150554997874,1.0,0.0,1.0,1.0,0.0,1.0
4,215,3.671645290582544,4.377602894049443,1.0,1.0,0.0,0.0,1.0,1.0
5,215,9.200490116782897,9.01889458540658,0.0,1.0,1.0,0.0,0.0,0.0
6,215,5.3569988430817,3.769619512560231,1.0,0.0,0.0,0.0,0.0,0.0
7,215,3.5780478704181853,12.0,1.0,0.0,0.0,0.0,0.0,1.0
8,215,7.090293464079263,3.879501225114828,0.0,1.0,1.0,0.0,0.0,1.0
9,215,6.048266219754583,11.395243998300742,0.0,0.0,1.0,0.0,1.0,0.0
10,215,5.106976623203842,3.1417910218949268,0.0,1.0,0.0,0.0,1.0,0.0
11,215,3.091480925214614,5.417839580548479,0.0,0.0,0.0,0.0,0.0,0.0
12,215,1.2783385092032422,0.1978212506566654,0.0,1.0,1.0,1.0,1.0,1.0
13,215,9.9047734726307,6.0581582059002725,1.0,1.0,1.0,0.0,1.0,0.0
14,215,9.884767722863437,9.667453986642036,1.0,0.0,1.0,0.0,1.0,1.0
15,215,4.665582693808827,6.850467267223171,0.0,1.0,1.0,0.0,0.0,1.0
16,215,11.576665753622436,0.0,1.0,0.0,0.0,1.0,1.0,0.0
17,215,7.3224673010642976,4.423256820742521,0.0,0.0,0.0,0.0,0.0,0.0
18,215,2.647350591482884,9.57419463727842,1.0,1.0,0.0,0.0,0.0,0.0
19,215,2.915095741302835,4.2565504051476,1.0,0.0,0.0,1.0,1.0,0.0
20,215,1.4102942441476842,5.570825737701063,0.0,0.0,0.0,0.0,0.0,0.0
21,215,2.000181911823601,5.70800575062353,0.0,0.0,1.0,1.0,0.0,0.0
22,215,8.063019486118007,6.736415756496672,0.0,0.0,0.0,0.0,0.0,0.0
23,215,1.188109983545185,3.7349775199236097,1.0,0.0,1.0,0.0,0.0,1.0
24,215,0.0,0.0668669650790712,0.0,0.0,0.0,1.0,1.0,0.0
25,215,10.425877283231562,10.574843240713806,1.0,1.0,0.0,0.0,0.0,1.0
26,215,0.0,9.290985768265909,0.0,0.0,0.0,0.0,0.0,0.0
27,215,6.274814792581523,6.552412393798408,1.0,0.0,1.0,1.0,0.0,1.0
28,215,7.214247138025764,5.763296684577851,0.0,0.0,0.0,1.0,1.0,0.0
29,215,7.772017890602008,10.038342339811766,0.0,0.0,0.0,1.0,0.0,0.0
30,215,8.725080779163546,7.941245127796089,1.0,1.0,1.0,0.0,0.0,0.0
31,215,5.632001292370854,7.629495427998858,0.0,1.0,0.0,0.0,0.0,0.0
32,215,0.0,12.0,1.0,1.0,0.0,1.0,0.0,0.0
33,215,7.055655327266505,6.751046786759042,1.0,0.0,1.0,0.0,1.0,0.0
34,215,6.897421356974204,0.9469732935607782,0.0,1.0,0.0,0.0,0.0,0.0
35,215,9.462341586673306,12.0,0.0,0.0,1.0,0.0,0.0,0.0
36,215,2.267244154935661,6.974168060689217,1.0,1.0,0.0,1.0,1.0,1.0
37,215,7.35266344284867,12.0,0.0,1.0,1.0,0.0,1.0,0.0
38,215,12.0,1.7264184164754657,0.0,1.0,1.0,1.0,0.0,0.0
39,215,0.939386744039728,6.028846076422806,1.0,0.0,0.0,0.0,0.0,0.0
0,220,5.077774366945857,7.7439482200674705,0.0,0.0,0.0,1.0,1.0,0.0
1,220,8.715954824961578,11.905661288714668,0.0,0.0,0.0,1.0,1.0,0.0
2,220,0.2288752448007058,0.0,0.0,1.0,0.0,1.0,0.0,0.0
3,220,3.1998272682079625,4.517285718467287,1.0,0.0,1.0,1.0,0.0,1.0
4,220,3.656186654097981,4.367506917453013,1.0,1.0,0.0,0.0,1.0,1.0
5,220,9.140973499802463,9.083133323235,0.0,1.0,1.0,0.0,0.0,0.0
6,220,5.393151052259623,3.745778410561945,1.0,0.0,0.0,0.0,0.0,0.0
7,220,3.574714629166795,12.0,1.0,0.0,0.0,0.0,0.0,1.0
8,220,7.075822385556801,3.9232440754758646,0.0,1.0,1.0,0.0,0.0,1.0
9,220,6.043073589328493,11.41801282022057,0.0,0.0,1.0,0.0,1.0,0.0
10,220,5.104460611221616,3.1481325081905878,0.0,1.0,0.0,0.0,1.0,0.0
11,220,3.001025278578072,5.492597625062766,0.0,0.0,0.0,0.0,0.0,0.0
12,220,1.2862191138728023,0.1937667694464856,0.0,1.0,1.0,1.0,1.0,1.0
13,220,9.903142011762096,6.073826428990508,1.0,1.0,1.0,0.0,1.0,0.0
14,220,9.809489048420463,9.729643837983298,1.0,0.0,1.0,0.0,1.0,1.0
15,220,4.629088248368461,6.774045548106446,0.0,1.0,1.0,0.0,0.0,1.0
16,220,11.55552034173099,0.0,1.0,0.0,0.0,1.0,1.0,0.0
17,220,7.421043584455311,4.354291937170364,0.0,0.0,0.0,0.0,0.0,0.0
18,220,2.496582732536804,9.510128593648124,1.0,1.0,0.0,0.0,0.0,0.0
19,220,2.9253725671608555,4.211417794347748,1.0,0.0,0.0,1.0,1.0,0.0
20,220,1.3698047195508565,5.538483994418002,0.0,0.0,0.0,0.0,0.0,0.0
21,220,2.019404222614631,5.7006401695118125,0.0,0.0,1.0,1.0,0.0,0.0
22,220,8.150914062904526,6.81408729761096,0.0,0.0,0.0,0.0,0.0,0.0
23,220,1.189610410339479,3.6989192024824153,1.0,0.0,1.0,0.0,0.0,1.0
24,220,0.0,0.0483581543463547,0.0,0.0,0.0,1.0,1.0,0.0
25,220,10.524924934680987,10.616852811371023,1.0,1.0,0.0,0.0,0.0,1.0
26,220,0.0,9.090006740611782,0.0,0.0,0.0,0.0,0.0,0.0
27,220,6.164708046527464,6.398018798394835,1.0,0.0,1.0,1.0,0.0,1.0
28,220,7.234516491328702,5.777395898285921,0.0,0.0,0.0,1.0,1.0,0.0
29,220,7.777246968878591,10.03060400541884,0.0,0.0,0.0,1.0,0.0,0.0
30,220,8.730792601911201,7.961956229920378,1.0,1.0,1.0,0.0,0.0,0.0
31,220,5.466942019264975,7.73712252265998,0.0,1.0,0.0,0.0,0.0,0.0
32,220,0.0,12.0,1.0,1.0,0.0,1.0,0.0,0.0
33,220,7.153385466355135,6.775478027100878,1.0,0.0,1.0,0.0,1.0,0.0
34,220,6.903311652992649,0.9499790479403508,0.0,1.0,0.0,0.0,0.0,0.0
35,220,9.466088461215586,12.0,0.0,0.0,1.0,0.0,0.0,0.0
36,220,2.323012469246754,7.065233273947222,1.0,1.0,0.0,1.0,1.0,1.0
37,220,7.350599935985937,11.99424395343018,0.0,1.0,1.0,0.0,1.0,0.0
38,220,12.0,1.6678759060817072,0.0,1.0,1.0,1.0,0.0,0.0
39,220,0.9232985829477384,6.1540969435471045,1.0,0.0,0.0,0.0,0.0,0.0
0,225,5.060428535496579,7.774677142638535,0.0,0.0,0.0,1.0,1.0,0.0
1,225,8.726178522139879,11.888126746013215,0.0,0.0,0.0,1.0,1.0,0.0
2,225,0.1456225717303484,0.0,0.0,1.0,0.0,1.0,0.0,0.0
3,225,3.1892262015404405,4.524126890262503,1.0,0.0,1.0,1.0,0.0,1.0
4,225,3.6497718285618745,4.363275740094175,1.0,1.0,0.0,0.0,1.0,1.0
5,225,9.086519980276082,9.141825865733784,0.0,1.0,1.0,0.0,0.0,0.0
6,225,5.436911961665501,3.718563307562742,1.0,0.0,0.0,0.0,0.0,0.0
7,225,3.572718326176976,12.0,1.0,0.0,0.0,0.0,0.0,1.0
8,225,7.061961875092833,3.961805870081941,0.0,1.0,1.0,0.0,0.0,1.0
9,225,6.017605902413743,11.411879642525362,0.0,0.0,1.0,0.0,1.0,0.0
10,225,5.102477364201053,3.153315633005243,0.0,1.0,0.0,0.0,1.0,0.0
11,225,2.919486271495229,5.560473965286562,0.0,0.0,0.0,0.0,0.0,0.0
12,225,1.276391955429789,0.1985385949171174,0.0,1.0,1.0,1.0,1.0,1.0
13,225,9.898415028183353,6.1143413943835805,1.0,1.0,1.0,0.0,1.0,0.0
14,225,9.732970086556836,9.793039190379426,1.0,0.0,1.0,0.0,1.0,1.0
15,225,4.587689261573986,6.69343564101582,0.0,1.0,1.0,0.0,0.0,1.0
16,225,11.530577438484553,0.0,1.0,0.0,0.0,1.0,1.0,0.0
17,225,7.486155603556136,4.309874411040307,0.0,0.0,0.0,0.0,0.0,0.0
18,225,2.325077931961064,9.437924331149558,1.0,1.0,0.0,0.0,0.0,0.0
19,225,2.9364782917867256,4.153283015209806,1.0,0.0,0.0,1.0,1.0,0.0
20,225,1.3335008512487638,5.50952510747615,0.0,0.0,0.0,0.0,0.0,0.0
21,225,2.0571875031160585,5.6865407943380095,0.0,0.0,1.0,1.0,0.0,0.0
22,225,8.254821091900098,6.904429394806396,0.0,0.0,0.0,0.0,0.0,0.0
23,225,1.192484220949924,3.637355975457296,1.0,0.0,1.0,0.0,0.0,1.0
24,225,0.0,0.031973895942102,0.0,0.0,0.0,1.0,1.0,0.0
25,225,10.61628212210059,10.655408935706337,1.0,1.0,0.0,0.0,0.0,1.0
26,225,0.0,8.89226896346023,0.0,0.0,0.0,0.0,0.0,0.0
27,225,6.048145851887487,6.236715775654876,1.0,0.0,1.0,1.0,0.0,1.0
28,225,7.246730384002947,5.786503227799599,0.0,0.0,0.0,1.0,1.0,0.0
29,225,7.782834003810914,10.022480685801735,0.0,0.0,0.0,1.0,0.0,0.0
30,225,8.72874218287136,7.954550509268513,1.0,1.0,1.0,0.0,0.0,0.0
31,225,5.306642764458213,7.847257789692507,0.0,1.0,0.0,0.0,0.0,0.0
32,225,0.0,12.0,1.0,1.0,0.0,1.0,0.0,0.0
33,225,7.239051207416294,6.796985545069057,1.0,0.0,1.0,0.0,1.0,0.0
34,225,6.893452665933196,0.9449074933034078,0.0,1.0,0.0,0.0,0.0,0.0
35,225,9.468774560770294,12.0,0.0,0.0,1.0,0.0,0.0,0.0
36,225,2.230742390688482,7.126021781397976,1.0,1.0,0.0,1.0,1.0,1.0
37,225,7.355271942427735,12.0,0.0,1.0,1.0,0.0,1.0,0.0
38,225,12.0,1.6022167065029267,0.0,1.0,1.0,1.0,0.0,0.0
39,225,0.9065899317460676,6.293755094113398,1.0,0.0,0.0,0.0,0.0,0.0
0,230,5.033165467266351,7.824224778273106,0.0,0.0,0.0,1.0,1.0,0.0
1,230,8.734881549405724,11.873911206199416,0.0,0.0,0.0,1.0,1.0,0.0
2,230,0.0531698739306522,0.0,0.0,1.0,0.0,1.0,0.0,0.0
3,230,3.189023169447634,4.524250636188283,1.0,0.0,1.0,1.0,0.0,1.0
4,230,3.652527748237125,4.364985793793391,1.0,1.0,0.0,0.0,1.0,1.0
5,230,9.015889295795338,9.214884170604162,0.0,1.0,1.0,0.0,0.0,0.0
6,230,5.461650420290628,3.7027366447223775,1.0,0.0,0.0,0.0,0.0,0.0
7,230,3.5704136093858203,12.0,1.0,0.0,0.0,0.0,0.0,1.0
8,230,7.046965460453244,4.001177983978036,0.0,1.0,1.0,0.0,0.0,1.0
9,230,6.004572962170341,11.409061850144791,0.0,0.0,1.0,0.0,1.0,0.0
10,230,5.095832615389843,3.169871295174103,0.0,1.0,0.0,0.0,1.0,0.0
11,230,2.830994743897437,5.63818972510387,0.0,0.0,0.0,0.0,0.0,0.0
12,230,1.2753653513504923,0.1990151210329752,0.0,1.0,1.0,1.0,1.0,1.0
13,230,9.892405346936965,6.157957279280624,1.0,1.0,1.0,0.0,1.0,0.0
14,230,9.672724515335627,9.84033950155269,1.0,0.0,1.0,0.0,1.0,1.0
15,230,4.543823318557454,6.610415451167962,0.0,1.0,1.0,0.0,0.0,1.0
16,230,11.501954748274484,0.0,1.0,0.0,0.0,1.0,1.0,0.0
17,230,7.553034808732478,4.262648690621572,0.0,0.0,0.0,0.0,0.0,0.0
18,230,2.1458383697538363,9.370117619681045,1.0,1.0,0.0,0.0,0.0,0.0
19,230,2.945927420631299,4.096876351917413,1.0,0.0,0.0,1.0,1.0,0.0
20,230,1.3025509547309295,5.484541274966226,0.0,0.0,0.0,0.0,0.0,0.0
21,230,2.0673071544500936,5.682762842966037,0.0,0.0,1.0,1.0,0.0,0.0
22,230,8.375916584261772,7.009395739227945,0.0,0.0,0.0,0.0,0.0,0.0
23,230,1.1940728943787264,3.5631755216823806,1.0,0.0,1.0,0.0,0.0,1.0
24,230,0.0,0.0177195781662328,0.0,0.0,0.0,1.0,1.0,0.0
25,230,10.736830224162876,10.703035878325975,1.0,1.0,0.0,0.0,0.0,1.0
26,230,0.0,8.722696677473389,0.0,0.0,0.0,0.0,0.0,0.0
27,230,5.925648578776378,6.076283702346503,1.0,0.0,1.0,1.0,0.0,1.0
28,230,7.271765569006721,5.8042411617124365,0.0,0.0,0.0,1.0,1.0,0.0
29,230,7.798375374902147,10.001060515784843,0.0,0.0,0.0,1.0,0.0,0.0
30,230,8.72288509693165,7.931812861069437,1.0,1.0,1.0,0.0,0.0,0.0
31,230,5.155198235026967,7.953860295112011,0.0,1.0,0.0,0.0,0.0,0.0
32,230,0.0,12.0,1.0,1.0,0.0,1.0,0.0,0.0
33,230,7.322612313257325,6.8175791760284055,1.0,0.0,1.0,0.0,1.0,0.0
34,230,6.8770813954994505,0.9370123400578648,0.0,1.0,0.0,0.0,0.0,0.0
35,230,9.470453400622652,12.0,0.0,0.0,1.0,0.0,0.0,0.0
36,230,2.13489400462305,7.188814109589816,1.0,1.0,0.0,1.0,1.0,1.0
37,230,7.357346958261841,12.0,0.0,1.0,1.0,0.0,1.0,0.0
38,230,12.0,1.5299300078081846,0.0,1.0,1.0,1.0,0.0,0.0
39,230,0.8923089989145288,6.424633908765199,1.0,0.0,0.0,0.0,0.0,0.0
0,235,4.991205896818154,7.901326335764949,0.0,0.0,0.0,1.0,1.0,0.0
1,235,8.737682616636388,11.869354608075351,0.0,0.0,0.0,1.0,1.0,0.0
2,235,0.0,0.0,0.0,1.0,0.0,1.0,0.0,0.0
3,235,3.181701936811033,4.528655292245573,1.0,0.0,1.0,1.0,0.0,1.0
4,235,3.63788293757995,4.355884270714153,1.0,1.0,0.0,0.0,1.0,1.0
5,235,8.935052164002844,9.298949495028983,0.0,1.0,1.0,0.0,0.0,0.0
6,235,5.482713110789947,3.689469856090077,1.0,0.0,0.0,0.0,0.0,0.0
7,235,3.5668541579300004,12.0,1.0,0.0,0.0,0.0,0.0,1.0
8,235,7.028382178492688,4.049200890871516,0.0,1.0,1.0,0.0,0.0,1.0
9,235,5.988290940291584,11.40548518865066,0.0,0.0,1.0,0.0,1.0,0.0
10,235,5.087928877954743,3.1903312064998453,0.0,1.0,0.0,0.0,1.0,0.0
11,235,2.775826540334726,5.685038368227406,0.0,0.0,0.0,0.0,0.0,0.0
12,235,1.2607949399763632,0.2055320148651893,0.0,1.0,1.0,1.0,1.0,1.0
13,235,9.884973849211306,6.217499837412114,1.0,1.0,1.0,0.0,1.0,0.0
14,235,9.602700720077744,9.89658488555053,1.0,0.0,1.0,0.0,1.0,1.0
15,235,4.49778989448526,6.521532630511005,0.0,1.0,1.0,0.0,0.0,1.0
16,235,11.47423365993376,0.0,1.0,0.0,0.0,1.0,1.0,0.0
17,235,7.622704134122427,4.216268274750039,0.0,0.0,0.0,0.0,0.0,0.0
18,235,1.955019249010104,9.29651646346836,1.0,1.0,0.0,0.0,0.0,0.0
19,235,2.9546174332770527,4.047931369668907,1.0,0.0,0.0,1.0,1.0,0.0
20,235,1.2694969853092266,5.457128706300365,0.0,0.0,0.0,0.0,0.0,0.0
21,235,2.061838477553883,5.684870640098145,0.0,0.0,1.0,1.0,0.0,0.0
22,235,8.496982512043536,7.1179269126574845,0.0,0.0,0.0,0.0,0.0,0.0
23,235,1.1974609082641088,3.501671968237706,1.0,0.0,1.0,0.0,0.0,1.0
24,235,0.0,0.0,0.0,0.0,0.0,1.0,1.0,0.0
25,235,10.781674359794913,10.581472406021208,1.0,1.0,0.0,0.0,0.0,1.0
26,235,0.0,8.559979007454361,0.0,0.0,0.0,0.0,0.0,0.0
27,235,5.807041143279524,5.928266309608613,1.0,0.0,1.0,1.0,0.0,1.0
28,235,7.295669349135894,5.821963197875752,0.0,0.0,0.0,1.0,1.0,0.0
29,235,7.819100090839342,9.97469557318042,0.0,0.0,0.0,1.0,0.0,0.0
30,235,8.713365546331273,7.897544744349368,1.0,1.0,1.0,0.0,0.0,0.0
31,235,5.021416893529435,8.053970108503739,0.0,1.0,0.0,0.0,0.0,0.0
32,235,0.0,12.0,1.0,1.0,0.0,1.0,0.0,0.0
33,235,7.429094856926811,6.839463255233845,1.0,0.0,1.0,0.0,1.0,0.0
34,235,6.872687760294995,0.9348714462595072,0.0,1.0,0.0,0.0,0.0,0.0
35,235,9.47001804103874,11.999211990584064,0.0,0.0,1.0,0.0,0.0,0.0
36,235,2.0290176217518816,7.260470849844076,1.0,1.0,0.0,1.0,1.0,1.0
37,235,7.352218960203733,11.986089864412234,0.0,1.0,1.0,0.0,1.0,0.0
38,235,12.0,1.4522672406409916,0.0,1.0,1.0,1.0,0.0,0.0
39,235,0.875428997802996,6.544845611878731,1.0,0.0,0.0,0.0,0.0,0.0
0,240,4.938456826590897,7.995101310444794,0.0,0.0,0.0,1.0,1.0,0.0
1,240,8.75057694928982,11.848844136215051,0.0,0.0,0.0,1.0,1.0,0.0
2,240,0.0,0.0,0.0,1.0,0.0,1.0,0.0,0.0
3,240,3.176358163909932,4.531958247094357,1.0,0.0,1.0,1.0,0.0,1.0
4,240,3.626410999258504,4.348654143441305,1.0,1.0,0.0,0.0,1.0,1.0
5,240,8.849020720329888,9.388555343708193,0.0,1.0,1.0,0.0,0.0,0.0
6,240,5.492037714129934,3.6835252396769618,1.0,0.0,0.0,0.0,0.0,0.0
7,240,3.5646925588991407,12.0,1.0,0.0,0.0,0.0,0.0,1.0
8,240,7.005977636695853,4.11077249591536,0.0,1.0,1.0,0.0,0.0,1.0
9,240,5.974879629529656,11.402638673255668,0.0,0.0,1.0,0.0,1.0,0.0
10,240,5.071868625478853,3.232437568800179,0.0,1.0,0.0,0.0,1.0,0.0
11,240,2.7255738503436784,5.726180705286647,0.0,0.0,0.0,0.0,0.0,0.0
12,240,1.2543887168350698,0.2081174630295062,0.0,1.0,1.0,1.0,1.0,1.0
13,240,9.874832004166764,6.300506972643103,1.0,1.0,1.0,0.0,1.0,0.0
14,240,9.522927308580408,9.961208537944142,1.0,0.0,1.0,0.0,1.0,1.0
15,240,4.450321753959647,6.435457189834658,0.0,1.0,1.0,0.0,0.0,1.0
16,240,11.446774383287018,0.0,1.0,0.0,0.0,1.0,1.0,0.0
17,240,7.665310474488977,4.189181791624373,0.0,0.0,0.0,0.0,0.0,0.0
18,240,1.751217455332025,9.217231399150156,1.0,1.0,0.0,0.0,0.0,0.0
19,240,2.9610191262075363,4.009216014166815,1.0,0.0,0.0,1.0,1.0,0.0
20,240,1.2561712530436353,5.446457460810693,0.0,0.0,0.0,0.0,0.0,0.0
21,240,2.0473137398315586,5.691230144971696,0.0,0.0,1.0,1.0,0.0,0.0
22,240,8.60795600096157,7.217887231891065,0.0,0.0,0.0,0.0,0.0,0.0
23,240,1.2008646348220644,3.4270137462351915,1.0,0.0,1.0,0.0,0.0,1.0
24,240,0.0,0.0,0.0,0.0,0.0,1.0,1.0,0.0
25,240,10.8203902526449,10.473348252423516,1.0,1.0,0.0,0.0,0.0,1.0
26,240,0.0,8.402651312856586,0.0,0.0,0.0,0.0,0.0,0.0
27,240,5.69346098264017,5.787790265232232,1.0,0.0,1.0,1.0,0.0,1.0
28,240,7.325583780405471,5.84261860692003,0.0,0.0,0.0,1.0,1.0,0.0
29,240,7.831471815208908,9.958614551250058,0.0,0.0,0.0,1.0,0.0,0.0
30,240,8.708218650388572,7.877195286919166,1.0,1.0,1.0,0.0,0.0,0.0
31,240,4.877934477643753,8.16640395379893,0.0,1.0,0.0,0.0,0.0,0.0
32,240,0.0,12.0,1.0,1.0,0.0,1.0,0.0,0.0
33,240,7.570779460429498,6.872668528106626,1.0,0.0,1.0,0.0,1.0,0.0
34,240,6.846985133415096,0.9226221123919014,0.0,1.0,0.0,0.0,0.0,0.0
35,240,9.458104387410678,11.977814921432612,0.0,0.0,1.0,0.0,0.0,0.0
36,240,1.9306307208566984,7.328477500075309,1.0,1.0,0.0,1.0,1.0,1.0
37,240,7.3482258041324755,11.987635248909578,0.0,1.0,1.0,0.0,1.0,0.0
38,240,12.0,1.375234870397982,0.0,1.0,1.0,1.0,0.0,0.0
39,240,0.8527561154329015,6.694870899234778,1.0,0.0,0.0,0.0,0.0,0.0
0,245,4.88898740587106,8.076146827394352,0.0,0.0,0.0,1.0,1.0,0.0
1,245,8.764655805209097,11.827762043695497,0.0,0.0,0.0,1.0,1.0,0.0
2,245,0.0,0.0,0.0,1.0,0.0,1.0,0.0,0.0
3,245,3.1744872825302703,4.533053277503576,1.0,0.0,1.0,1.0,0.0,1.0
4,245,3.6044999877072894,4.334803062862704,1.0,1.0,0.0,0.0,1.0,1.0
5,245,8.758836874464881,9.48313888733992,0.0,1.0,1.0,0.0,0.0,0.0
6,245,5.515232953041415,3.668754045474731,1.0,0.0,0.0,0.0,0.0,0.0
7,245,3.56576250279423,12.0,1.0,0.0,0.0,0.0,0.0,1.0
8,245,6.982904603793087,4.16688152454718,0.0,1.0,1.0,0.0,0.0,1.0
9,245,5.9560003991022565,11.39864023360576,0.0,0.0,1.0,0.0,1.0,0.0
10,245,5.0631495233847215,3.2546918888206964,0.0,1.0,0.0,0.0,1.0,0.0
11,245,2.6877016829079508,5.756659301475882,0.0,0.0,0.0,0.0,0.0,0.0
12,245,1.282083940842542,0.1973079648805561,0.0,1.0,1.0,1.0,1.0,1.0
13,245,9.785473315770068,6.290247007969893,1.0,1.0,1.0,0.0,1.0,0.0
14,245,9.448723747705596,10.022826057762511,1.0,0.0,1.0,0.0,1.0,1.0
15,245,4.402288068227319,6.351800485609329,0.0,1.0,1.0,0.0,0.0,1.0
16,245,11.424413812874326,0.0,1.0,0.0,0.0,1.0,1.0,0.0
17,245,7.701448704917254,4.165648515157371,0.0,0.0,0.0,0.0,0.0,0.0
18,245,1.522689070873843,9.123128942486812,1.0,1.0,0.0,0.0,0.0,0.0
19,245,2.9721532398800146,3.946382436224601,1.0,0.0,0.0,1.0,1.0,0.0
20,245,1.2414055891556637,5.434324951724839,0.0,0.0,0.0,0.0,0.0,0.0
21,245,2.027216435811216,5.700111259698949,0.0,0.0,1.0,1.0,0.0,0.0
22,245,8.499076561652725,7.33668028548111,0.0,0.0,0.0,0.0,0.0,0.0
23,245,1.2048279277422838,3.3300754491339366,1.0,0.0,1.0,0.0,0.0,1.0
24,245,0.0,0.0,0.0,0.0,0.0,1.0,1.0,0.0
25,245,10.86275440580361,10.358824347137478,1.0,1.0,0.0,0.0,0.0,1.0
26,245,0.0,8.243913558029801,0.0,0.0,0.0,0.0,0.0,0.0
27,245,5.571857453393899,5.635385136225307,1.0,0.0,1.0,1.0,0.0,1.0
28,245,7.356583501476389,5.8642263116695466,0.0,0.0,0.0,1.0,1.0,0.0
29,245,7.841150158585717,9.947019136871068,0.0,0.0,0.0,1.0,0.0,0.0
30,245,8.702528863483014,7.852115023670746,1.0,1.0,1.0,0.0,0.0,0.0
31,245,4.717234367337836,8.294428278371479,0.0,1.0,0.0,0.0,0.0,0.0
32,245,0.0,12.0,1.0,1.0,0.0,1.0,0.0,0.0
33,245,7.689880848502787,6.900818705307613,1.0,0.0,1.0,0.0,1.0,0.0
34,245,6.795208669988677,0.8990889148776513,0.0,1.0,0.0,0.0,0.0,0.0
35,245,9.46155818926066,11.984443511452264,0.0,0.0,1.0,0.0,0.0,0.0
36,245,1.828729364011874,7.402809539602069,1.0,1.0,0.0,1.0,1.0,1.0
37,245,7.338821445709812,11.991231669697823,0.0,1.0,1.0,0.0,1.0,0.0
38,245,12.0,1.2672028657001144,0.0,1.0,1.0,1.0,0.0,0.0
39,245,0.8294847400086898,6.858875957442619,1.0,0.0,0.0,0.0,0.0,0.0
0,250,4.84082249357977,8.155349402693362,0.0,0.0,0.0,1.0,1.0,0.0
1,250,8.778341475390064,11.807561167131157,0.0,0.0,0.0,1.0,1.0,0.0
2,250,0.0,0.0,0.0,1.0,0.0,1.0,0.0,0.0
3,250,3.1652457469303363,4.538616119968765,1.0,0.0,1.0,1.0,0.0,1.0
4,250,3.572354045515303,4.313613263848033,1.0,1.0,0.0,0.0,1.0,1.0
5,250,8.647182028348764,9.60249676365645,0.0,1.0,1.0,0.0,0.0,0.0
6,250,5.513510492651607,3.669812602384493,1.0,0.0,0.0,0.0,0.0,0.0
7,250,3.5647527965373182,12.0,1.0,0.0,0.0,0.0,0.0,1.0
8,250,6.957704886325792,4.23255747289617,0.0,1.0,1.0,0.0,0.0,1.0
9,250,5.9328786432736855,11.394166506253187,0.0,0.0,1.0,0.0,1.0,0.0
10,250,5.051069623188536,3.2836326619290515,0.0,1.0,0.0,0.0,1.0,0.0
11,250,2.650819108900445,5.786247028375548,0.0,0.0,0.0,0.0,0.0,0.0
12,250,1.294101160387196,0.192757683601072,0.0,1.0,1.0,1.0,1.0,1.0
13,250,9.706607286106625,6.28252509954875,1.0,1.0,1.0,0.0,1.0,0.0
14,250,9.372663953388486,10.088196588602695,1.0,0.0,1.0,0.0,1.0,1.0
15,250,4.359130152095452,6.279227849067714,0.0,1.0,1.0,0.0,0.0,1.0
16,250,11.400180829091248,0.0,1.0,0.0,0.0,1.0,1.0,0.0
17,250,7.73961687396965,4.139300392035343,0.0,0.0,0.0,0.0,0.0,0.0
18,250,1.3121824154749977,9.033416136754482,1.0,1.0,0.0,0.0,0.0,0.0
19,250,2.981702704826588,3.881866421436861,1.0,0.0,0.0,1.0,1.0,0.0
20,250,1.2324737817866065,5.426826067671189,0.0,0.0,0.0,0.0,0.0,0.0
21,250,2.008371976317803,5.708613761541256,0.0,0.0,1.0,1.0,0.0,0.0
22,250,8.387075440238043,7.454341188254098,0.0,0.0,0.0,0.0,0.0,0.0
23,250,1.2109545199337044,3.231947620912781,1.0,0.0,1.0,0.0,0.0,1.0
24,250,0.0,0.0,0.0,0.0,0.0,1.0,1.0,0.0
25,250,10.970915947712268,10.39792494056364,1.0,1.0,0.0,0.0,0.0,1.0
26,250,0.0,8.09834727687485,0.0,0.0,0.0,0.0,0.0,0.0
27,250,5.459283304303825,5.491257497795576,1.0,0.0,1.0,1.0,0.0,1.0
28,250,7.381794279263517,5.881514164429366,0.0,0.0,0.0,1.0,1.0,0.0
29,250,7.850757741962936,9.935032735144224,0.0,0.0,0.0,1.0,0.0,0.0
30,250,8.701086109511499,7.846074631476415,1.0,1.0,1.0,0.0,0.0,0.0
31,250,4.548299793489876,8.440324217564337,0.0,1.0,0.0,0.0,0.0,0.0
32,250,0.0,12.0,1.0,1.0,0.0,1.0,0.0,0.0
33,250,7.789433655712893,6.9241248397036905,1.0,0.0,1.0,0.0,1.0,0.0
34,250,6.734304405983593,0.8718890980270309,0.0,1.0,0.0,0.0,0.0,0.0
35,250,9.473845378774898,12.0,0.0,0.0,1.0,0.0,0.0,0.0
36,250,1.7285586218034985,7.474861163047114,1.0,1.0,0.0,1.0,1.0,1.0
37,250,7.33901538775639,11.99115761911298,0.0,1.0,1.0,0.0,1.0,0.0
38,250,12.0,1.1611814226424646,0.0,1.0,1.0,1.0,0.0,0.0
39,250,0.8028974156729535,7.014373487596991,1.0,0.0,0.0,0.0,0.0,0.0
0,255,4.789926760558189,8.237705950694108,0.0,0.0,0.0,1.0,1.0,0.0
1,255,8.807728077479656,11.765881492345065,0.0,0.0,0.0,1.0,1.0,0.0
2,255,0.0,0.0,0.0,1.0,0.0,1.0,0.0,0.0
3,255,3.1653231722699133,4.538568213637285,1.0,0.0,1.0,1.0,0.0,1.0
4,255,3.53495983997009,4.288256523817228,1.0,1.0,0.0,0.0,1.0,1.0
5,255,8.546477086126814,9.708083045316526,0.0,1.0,1.0,0.0,0.0,0.0
6,255,5.499872055723767,3.678499012470705,1.0,0.0,0.0,0.0,0.0,0.0
7,255,3.5639220072335487,12.0,1.0,0.0,0.0,0.0,0.0,1.0
8,255,6.933395196390526,4.294147211935548,0.0,1.0,1.0,0.0,0.0,1.0
9,255,5.895883535563457,11.387241826853144,0.0,0.0,1.0,0.0,1.0,0.0
10,255,5.0352718292403935,3.3169355943230983,0.0,1.0,0.0,0.0,1.0,0.0
11,255,2.624450845347863,5.80592627490277,0.0,0.0,0.0,0.0,0.0,0.0
12,255,1.328772542430061,0.1793791312393031,0.0,1.0,1.0,1.0,1.0,1.0
13,255,9.638850532429933,6.276083719986418,1.0,1.0,1.0,0.0,1.0,0.0
14,255,9.29825789607202,10.154713569165985,1.0,0.0,1.0,0.0,1.0,1.0
15,255,4.321306351857515,6.216185063530423,0.0,1.0,1.0,0.0,0.0,1.0
16,255,11.386472876723,0.0,1.0,0.0,0.0,1.0,1.0,0.0
17,255,7.768276476319698,4.119927831434889,0.0,0.0,0.0,0.0,0.0,0.0
18,255,1.0957558320919871,8.944124657936186,1.0,1.0,0.0,0.0,0.0,0.0
19,255,2.990938828722501,3.818996839266721,1.0,0.0,0.0,1.0,1.0,0.0
20,255,1.2208880292071052,5.416983094291568,0.0,0.0,0.0,0.0,0.0,0.0
21,255,1.9859031021103333,5.718085441432043,0.0,0.0,1.0,1.0,0.0,0.0
22,255,8.266137897407397,7.583063454187863,0.0,0.0,0.0,0.0,0.0,0.0
23,255,1.2136242743435672,3.1360674612519968,1.0,0.0,1.0,0.0,0.0,1.0
24,255,0.0,0.0,0.0,0.0,0.0,1.0,1.0,0.0
25,255,11.073952866040065,10.43165406864384,1.0,1.0,0.0,0.0,0.0,1.0
26,255,0.0,7.951876945704758,0.0,0.0,0.0,0.0,0.0,0.0
27,255,5.340054159228731,5.337864544575623,1.0,0.0,1.0,1.0,0.0,1.0
28,255,7.401764538352866,5.895135376936476,0.0,0.0,0.0,1.0,1.0,0.0
29,255,7.864917679783704,9.917541033842191,0.0,0.0,0.0,1.0,0.0,0.0
30,255,8.697495832788867,7.830801877674998,1.0,1.0,1.0,0.0,0.0,0.0
31,255,4.3840399233804375,8.583817433606484,0.0,1.0,0.0,0.0,0.0,0.0
32,255,0.0,12.0,1.0,1.0,0.0,1.0,0.0,0.0
33,255,7.914374330474312,6.954764186975391,1.0,0.0,1.0,0.0,1.0,0.0
34,255,6.672396625794249,0.8456814728459664,0.0,1.0,0.0,0.0,0.0,0.0
35,255,9.495662630892609,12.0,0.0,0.0,1.0,0.0,0.0,0.0
36,255,1.6424582550791105,7.537087131171594,1.0,1.0,0.0,1.0,1.0,1.0
37,255,7.347586726829591,11.987892482756662,0.0,1.0,1.0,0.0,1.0,0.0
38,255,12.0,1.024425256391049,0.0,1.0,1.0,1.0,0.0,0.0
39,255,0.7739560638665506,7.19291097467664,1.0,0.0,0.0,0.0,0.0,0.0
0,260,4.750422513494197,8.300999418259163,0.0,0.0,0.0,1.0,1.0,0.0
1,260,8.837522374734833,11.721048541967445,0.0,0.0,0.0,1.0,1.0,0.0
2,260,0.0,0.0,0.0,1.0,0.0,1.0,0.0,0.0
3,260,3.1713260946224144,4.534799237762739,1.0,0.0,1.0,1.0,0.0,1.0
4,260,3.51839566379089,4.311773306209884,1.0,1.0,0.0,0.0,1.0,1.0
5,260,8.446344151271719,9.812753664651346,0.0,1.0,1.0,0.0,0.0,0.0
6,260,5.499628982133204,3.6786544889979447,1.0,0.0,0.0,0.0,0.0,0.0
7,260,3.563985772536745,12.0,1.0,0.0,0.0,0.0,0.0,1.0
8,260,6.911744229174823,4.3476762051882485,0.0,1.0,1.0,0.0,0.0,1.0
9,260,5.885959490317978,11.385160418904675,0.0,0.0,1.0,0.0,1.0,0.0
10,260,5.012897890697129,3.366529185237771,0.0,1.0,0.0,0.0,1.0,0.0
11,260,2.5930527150914475,5.8298332087649785,0.0,0.0,0.0,0.0,0.0,0.0
12,260,1.3686960778959962,0.1632107067089998,0.0,1.0,1.0,1.0,1.0,1.0
13,260,9.587962511518684,6.2721894347537015,1.0,1.0,1.0,0.0,1.0,0.0
14,260,9.228269041725133,10.218698809663609,1.0,0.0,1.0,0.0,1.0,1.0
15,260,4.299578033730433,6.179720552236028,0.0,1.0,1.0,0.0,0.0,1.0
16,260,11.371895399141636,0.0,1.0,0.0,0.0,1.0,1.0,0.0
17,260,7.789887005199836,4.10555978438265,0.0,0.0,0.0,0.0,0.0,0.0
18,260,0.8669535098638748,8.853048077595346,1.0,1.0,0.0,0.0,0.0,0.0
19,260,2.9996142245098896,3.754467973472858,1.0,0.0,0.0,1.0,1.0,0.0
20,260,1.2017951980727166,5.400243425532446,0.0,0.0,0.0,0.0,0.0,0.0
21,260,1.97481798525686,5.722762597928706,0.0,0.0,1.0,1.0,0.0,0.0
22,260,8.152229651819853,7.704590879042175,0.0,0.0,0.0,0.0,0.0,0.0
23,260,1.2162357425331534,3.0517846891569933,1.0,0.0,1.0,0.0,0.0,1.0
24,260,0.0,0.0,0.0,0.0,0.0,1.0,1.0,0.0
25,260,11.17155594304697,10.462689908495143,1.0,1.0,0.0,0.0,0.0,1.0
26,260,0.0,7.797216097441797,0.0,0.0,0.0,0.0,0.0,0.0
27,260,5.219272946549105,5.181860322789295,1.0,0.0,1.0,1.0,0.0,1.0
28,260,7.412148823655791,5.901860472170357,0.0,0.0,0.0,1.0,1.0,0.0
29,260,7.865978800373952,9.916212602876376,0.0,0.0,0.0,1.0,0.0,0.0
30,260,8.69316776950001,7.810698599039346,1.0,1.0,1.0,0.0,0.0,0.0
31,260,4.231538053926141,8.716162343276734,0.0,1.0,0.0,0.0,0.0,0.0
32,260,0.0,12.0,1.0,1.0,0.0,1.0,0.0,0.0
33,260,8.033291281278336,6.984000621174205,1.0,0.0,1.0,0.0,1.0,0.0
34,260,6.614690488038082,0.8215101858655878,0.0,1.0,0.0,0.0,0.0,0.0
35,260,9.505775306520716,12.0,0.0,0.0,1.0,0.0,0.0,0.0
36,260,1.567351923129182,7.592944507083469,1.0,1.0,0.0,1.0,1.0,1.0
37,260,7.36399379226384,11.981970380304968,0.0,1.0,1.0,0.0,1.0,0.0
38,260,12.0,0.8785045659650706,0.0,1.0,1.0,1.0,0.0,0.0
39,260,0.7432732054693902,7.373418853541302,1.0,0.0,0.0,0.0,0.0,0.0
0,265,4.711494479165798,8.35941328882512,0.0,0.0,0.0,1.0,1.0,0.0
1,265,8.867123073237973,11.674402492994508,0.0,0.0,0.0,1.0,1.0,0.0
2,265,0.0,0.0,0.0,1.0,0.0,1.0,0.0,0.0
3,265,3.1475259072137023,4.550505406630067,1.0,0.0,1.0,1.0,0.0,1.0
4,265,3.498034146064945,4.339500383983835,1.0,1.0,0.0,0.0,1.0,1.0
5,265,8.352463668939745,9.908401718277178,0.0,1.0,1.0,0.0,0.0,0.0
6,265,5.494002390447902,3.682300922452834,1.0,0.0,0.0,0.0,0.0,0.0
7,265,3.564236033627892,12.0,1.0,0.0,0.0,0.0,0.0,1.0
8,265,6.851184507904158,4.3223502914930965,0.0,1.0,1.0,0.0,0.0,1.0
9,265,5.880673505630134,11.38414838425494,0.0,0.0,1.0,0.0,1.0,0.0
10,265,4.9833259426625744,3.4303162767858737,0.0,1.0,0.0,0.0,1.0,0.0
11,265,2.549334969853017,5.864000351592558,0.0,0.0,0.0,0.0,0.0,0.0
12,265,1.403772146588797,0.1499004988502685,0.0,1.0,1.0,1.0,1.0,1.0
13,265,9.517801092091943,6.2668454139719945,1.0,1.0,1.0,0.0,1.0,0.0
14,265,9.15990578161452,10.282164284238233,1.0,0.0,1.0,0.0,1.0,1.0
15,265,4.292002066281774,6.166783923434065,0.0,1.0,1.0,0.0,0.0,1.0
16,265,11.355474734315852,0.0,1.0,0.0,0.0,1.0,1.0,0.0
17,265,7.814428483427342,4.08899335166422,0.0,0.0,0.0,0.0,0.0,0.0
18,265,0.6382513815058776,8.761194529669787,1.0,1.0,0.0,0.0,0.0,0.0
19,265,3.01193355214601,3.665519552068789,1.0,0.0,0.0,1.0,1.0,0.0
20,265,1.1898927140246771,5.389577415674047,0.0,0.0,0.0,0.0,0.0,0.0
21,265,1.9630154483090247,5.727512758151656,0.0,0.0,1.0,1.0,0.0,0.0
22,265,8.038691698293547,7.824643340098446,0.0,0.0,0.0,0.0,0.0,0.0
23,265,1.220726728701515,2.9541028599621706,1.0,0.0,1.0,0.0,0.0,1.0
24,265,0.0,0.0,0.0,0.0,0.0,1.0,1.0,0.0
25,265,11.2919314736589,10.499187236160102,1.0,1.0,0.0,0.0,0.0,1.0
26,265,0.0,7.64013254344915,0.0,0.0,0.0,0.0,0.0,0.0
27,265,5.106336727794216,5.031557040110922,1.0,0.0,1.0,1.0,0.0,1.0
28,265,7.414573923255967,5.903513869969386,0.0,0.0,0.0,1.0,1.0,0.0
29,265,7.86214562995495,9.92089185465631,0.0,0.0,0.0,1.0,0.0,0.0
30,265,8.686470254124066,7.781753876915118,1.0,1.0,1.0,0.0,0.0,0.0
31,265,4.072580000314431,8.851078790851513,0.0,1.0,0.0,0.0,0.0,0.0
32,265,0.0,12.0,1.0,1.0,0.0,1.0,0.0,0.0
33,265,8.153877058907524,7.0179175480862055,1.0,0.0,1.0,0.0,1.0,0.0
34,265,6.556197100124319,0.795577439833212,0.0,1.0,0.0,0.0,0.0,0.0
35,265,9.517677932632232,12.0,0.0,0.0,1.0,0.0,0.0,0.0
36,265,1.5010308519180156,7.643200142815131,1.0,1.0,0.0,1.0,1.0,1.0
37,265,7.378005768911219,11.976951904738875,0.0,1.0,1.0,0.0,1.0,0.0
38,265,12.0,0.7275072270000225,0.0,1.0,1.0,1.0,0.0,0.0
39,265,0.7159282158185775,7.529858906546837,1.0,0.0,0.0,0.0,0.0,0.0
0,270,4.676069628935608,8.409801880278925,0.0,0.0,0.0,1.0,1.0,0.0
1,270,8.916399345847024,11.600647062948056,0.0,0.0,0.0,1.0,1.0,0.0
2,270,0.0,0.0,0.0,1.0,0.0,1.0,0.0,0.0
3,270,3.126661100896896,4.565196573379101,1.0,0.0,1.0,1.0,0.0,1.0
4,270,3.4841079155900547,4.359219882590247,1.0,1.0,0.0,0.0,1.0,1.0
5,270,8.252787421517118,10.002534204228176,0.0,1.0,1.0,0.0,0.0,0.0
6,270,5.483636688178712,3.688924150303124,1.0,0.0,0.0,0.0,0.0,0.0
7,270,3.562575175830812,12.0,1.0,0.0,0.0,0.0,0.0,1.0
8,270,6.80712175465909,4.304898038569289,0.0,1.0,1.0,0.0,0.0,1.0
9,270,5.833790546880349,11.375893935292495,0.0,0.0,1.0,0.0,1.0,0.0
10,270,4.952724326661723,3.5018896450648627,0.0,1.0,0.0,0.0,1.0,0.0
11,270,2.5129204279529813,5.892280198189176,0.0,0.0,0.0,0.0,0.0,0.0
12,270,1.4499263548646384,0.1330773666285539,0.0,1.0,1.0,1.0,1.0,1.0
13,270,9.466472395397204,6.263873860741631,1.0,1.0,1.0,0.0,1.0,0.0
14,270,9.084777401943551,10.354997492342417,1.0,0.0,1.0,0.0,1.0,1.0
15,270,4.296599643616492,6.174496488904548,0.0,1.0,1.0,0.0,0.0,1.0
16,270,11.346445732594203,0.0,1.0,0.0,0.0,1.0,1.0,0.0
17,270,7.842898031781134,4.071072017965986,0.0,0.0,0.0,0.0,0.0,0.0
18,270,0.3994259108244938,8.667353435794467,1.0,1.0,0.0,0.0,0.0,0.0
19,270,3.023635632279185,3.597248173351144,1.0,0.0,0.0,1.0,1.0,0.0
20,270,1.1855546364879377,5.38554160697649,0.0,0.0,0.0,0.0,0.0,0.0
21,270,1.9586090740323228,5.729365265406637,0.0,0.0,1.0,1.0,0.0,0.0
22,270,7.908326566194304,7.964709885716024,0.0,0.0,0.0,0.0,0.0,0.0
23,270,1.3187195098357465,2.9600080297012266,1.0,0.0,1.0,0.0,0.0,1.0
24,270,0.0,0.0,0.0,0.0,0.0,1.0,1.0,0.0
25,270,11.4102737211511,10.536019259061328,1.0,1.0,0.0,0.0,0.0,1.0
26,270,0.0,7.489082530240204,0.0,0.0,0.0,0.0,0.0,0.0
27,270,5.01085724126827,4.905543908673749,1.0,0.0,1.0,1.0,0.0,1.0
28,270,7.4099204985476925,5.900362776722716,0.0,0.0,0.0,1.0,1.0,0.0
29,270,7.878101364367752,9.90046661540655,0.0,0.0,0.0,1.0,0.0,0.0
30,270,8.680140872668545,7.752390163742949,1.0,1.0,1.0,0.0,0.0,0.0
31,270,3.889018190530571,9.009027081100042,0.0,1.0,0.0,0.0,0.0,0.0
32,270,0.0008604208903517,11.998873745149936,1.0,1.0,0.0,1.0,0.0,0.0
33,270,8.282931650948445,7.050628673593614,1.0,0.0,1.0,0.0,1.0,0.0
34,270,6.510504305386887,0.7743499788186783,0.0,1.0,0.0,0.0,0.0,0.0
35,270,9.525303368489382,12.0,0.0,0.0,1.0,0.0,0.0,0.0
36,270,1.4239986280810333,7.700054073869265,1.0,1.0,0.0,1.0,1.0,1.0
37,270,7.407001714905358,11.967608707547228,0.0,1.0,1.0,0.0,1.0,0.0
38,270,12.0,0.5735731704300482,0.0,1.0,1.0,1.0,0.0,0.0
39,270,0.6932848445498325,7.677768572601496,1.0,0.0,0.0,0.0,0.0,0.0
0,275,4.630651708310278,8.476681800474148,0.0,0.0,0.0,1.0,1.0,0.0
1,275,8.969092126705318,11.523924325895678,0.0,0.0,0.0,1.0,1.0,0.0
2,275,0.0,0.0,0.0,1.0,0.0,1.0,0.0,0.0
3,275,3.1078022736905027,4.578658607596252,1.0,0.0,1.0,1.0,0.0,1.0
4,275,3.4699954249211107,4.379382303301614,1.0,1.0,0.0,0.0,1.0,1.0
5,275,8.155564880608114,10.094578063386349,0.0,1.0,1.0,0.0,0.0,0.0
6,275,5.474309482129844,3.694370161714121,1.0,0.0,0.0,0.0,0.0,0.0
7,275,3.562185124103289,12.0,1.0,0.0,0.0,0.0,0.0,1.0
8,275,6.776668645884536,4.292483973184097,0.0,1.0,1.0,0.0,0.0,1.0
9,275,5.777492935067355,11.364561194750264,0.0,0.0,1.0,0.0,1.0,0.0
10,275,4.914773814423372,3.5875268805827707,0.0,1.0,0.0,0.0,1.0,0.0
11,275,2.4610896976291774,5.9306052626190535,0.0,0.0,0.0,0.0,0.0,0.0
12,275,1.4996903834435604,0.1138061379308537,0.0,1.0,1.0,1.0,1.0,1.0
13,275,9.400794672466958,6.258846204071184,1.0,1.0,1.0,0.0,1.0,0.0
14,275,8.996643898733906,10.444145320122573,1.0,0.0,1.0,0.0,1.0,1.0
15,275,4.302125707332869,6.183941059276743,0.0,1.0,1.0,0.0,0.0,1.0
16,275,11.348900224907808,0.0,1.0,0.0,0.0,1.0,1.0,0.0
17,275,7.866347492118443,4.0565226652839765,0.0,0.0,0.0,0.0,0.0,0.0
18,275,0.1793049803322308,8.575710616687138,1.0,1.0,0.0,0.0,0.0,0.0
19,275,3.040197356566961,3.508839198947961,1.0,0.0,0.0,1.0,1.0,0.0
20,275,1.1840614222937789,5.384131591790719,0.0,0.0,0.0,0.0,0.0,0.0
21,275,1.9695965220844731,5.7248005570933405,0.0,0.0,1.0,1.0,0.0,0.0
22,275,7.769371494618674,8.110127612393898,0.0,0.0,0.0,0.0,0.0,0.0
23,275,1.402581647782168,2.9645065427970043,1.0,0.0,1.0,0.0,0.0,1.0
24,275,0.0,0.0,0.0,0.0,0.0,1.0,1.0,0.0
25,275,11.52887054855628,10.571685632591011,1.0,1.0,0.0,0.0,0.0,1.0
26,275,0.0,7.350593768431248,0.0,0.0,0.0,0.0,0.0,0.0
27,275,4.898399425955962,4.761054852642475,1.0,0.0,1.0,1.0,0.0,1.0
28,275,7.403355272055283,5.895736654022144,0.0,0.0,0.0,1.0,1.0,0.0
29,275,7.893436642186412,9.881391729984813,0.0,0.0,0.0,1.0,0.0,0.0
30,275,8.67383556676163,7.722048859522927,1.0,1.0,1.0,0.0,0.0,0.0
31,275,3.7180635073026496,9.148559656263943,0.0,1.0,0.0,0.0,0.0,0.0
32,275,0.0,12.0,1.0,1.0,0.0,1.0,0.0,0.0
33,275,8.381388782264114,7.07642892597732,1.0,0.0,1.0,0.0,1.0,0.0
34,275,6.487286971252913,0.8247717517136449,0.0,1.0,0.0,0.0,0.0,0.0
35,275,9.542280080649178,12.0,0.0,0.0,1.0,0.0,0.0,0.0
36,275,1.345535485268753,7.757346942559257,1.0,1.0,0.0,1.0,1.0,1.0
37,275,7.426721333489718,11.960979808542888,0.0,1.0,1.0,0.0,1.0,0.0
38,275,12.0,0.4265557540820418,0.0,1.0,1.0,1.0,0.0,0.0
39,275,0.6650413436731981,7.856557204249413,1.0,0.0,0.0,0.0,0.0,0.0
0,280,4.58091658585569,8.547406481516097,0.0,0.0,0.0,1.0,1.0,0.0
1,280,9.026184299419691,11.442003247401734,0.0,0.0,0.0,1.0,1.0,0.0
2,280,0.0,0.0,0.0,1.0,0.0,1.0,0.0,0.0
3,280,3.0799027989538064,4.597337384244283,1.0,0.0,1.0,1.0,0.0,1.0
4,280,3.4741413855589345,4.382306692888046,1.0,1.0,0.0,0.0,1.0,1.0
5,280,8.05628786749657,10.193493890911496,0.0,1.0,1.0,0.0,0.0,0.0
6,280,5.491592121241699,3.684927741762531,1.0,0.0,0.0,0.0,0.0,0.0
7,280,3.562024856319781,12.0,1.0,0.0,0.0,0.0,0.0,1.0
8,280,6.7644910463267856,4.287628819474731,0.0,1.0,1.0,0.0,0.0,1.0
9,280,5.724414062756042,11.35600117295615,0.0,0.0,1.0,0.0,1.0,0.0
10,280,4.876484855304446,3.6792263264652663,0.0,1.0,0.0,0.0,1.0,0.0
11,280,2.3959400361965213,5.978972429482432,0.0,0.0,0.0,0.0,0.0,0.0
12,280,1.551786098086253,0.0952477053384059,0.0,1.0,1.0,1.0,1.0,1.0
13,280,9.336548373283108,6.252281767951196,1.0,1.0,1.0,0.0,1.0,0.0
14,280,8.91742098771374,10.524004476005793,1.0,0.0,1.0,0.0,1.0,1.0
15,280,4.312368012653358,6.202991238287679,0.0,1.0,1.0,0.0,0.0,1.0
16,280,11.354188063303775,0.0,1.0,0.0,0.0,1.0,1.0,0.0
17,280,7.881135501217882,4.0472509432522825,0.0,0.0,0.0,0.0,0.0,0.0
18,280,0.0,8.485636439706811,1.0,1.0,0.0,0.0,0.0,0.0
19,280,3.051157282010631,3.4397501623213977,1.0,0.0,0.0,1.0,1.0,0.0
20,280,1.1829251269616563,5.383100642745167,0.0,0.0,0.0,0.0,0.0,0.0
21,280,1.9672579013950835,5.725763737842028,0.0,0.0,1.0,1.0,0.0,0.0
22,280,7.614329859803708,8.270136545550432,0.0,0.0,0.0,0.0,0.0,0.0
23,280,1.491544857794667,2.969226416072228,1.0,0.0,1.0,0.0,0.0,1.0
24,280,0.0,0.0,0.0,0.0,0.0,1.0,1.0,0.0
25,280,11.636983767875291,10.603972997063098,1.0,1.0,0.0,0.0,0.0,1.0
26,280,0.0,7.21828018642575,0.0,0.0,0.0,0.0,0.0,0.0
27,280,4.800358275189995,4.628044488823744,1.0,0.0,1.0,1.0,0.0,1.0
28,280,7.399451377456329,5.892990172304413,0.0,0.0,0.0,1.0,1.0,0.0
29,280,7.915475619560518,9.853810507189952,0.0,0.0,0.0,1.0,0.0,0.0
30,280,8.665322771641648,7.678218252861339,1.0,1.0,1.0,0.0,0.0,0.0
31,280,3.550079780769328,9.28231115856775,0.0,1.0,0.0,0.0,0.0,0.0
32,280,0.0,12.0,1.0,1.0,0.0,1.0,0.0,0.0
33,280,8.412058288836766,6.974796200036421,1.0,0.0,1.0,0.0,1.0,0.0
34,280,6.465365781986074,0.8746652009988297,0.0,1.0,0.0,0.0,0.0,0.0
35,280,9.560863428634914,12.0,0.0,0.0,1.0,0.0,0.0,0.0
36,280,1.2672036548029522,7.81396389271477,1.0,1.0,0.0,1.0,1.0,1.0
37,280,7.442510270722798,11.955557892915266,0.0,1.0,1.0,0.0,1.0,0.0
38,280,12.0,0.2822776416110151,0.0,1.0,1.0,1.0,0.0,0.0
39,280,0.6372224760134857,8.043795538908494,1.0,0.0,0.0,0.0,0.0,0.0
0,285,4.534114529586589,8.61290057430329,0.0,0.0,0.0,1.0,1.0,0.0
1,285,9.085410540659897,11.358677839372268,0.0,0.0,0.0,1.0,1.0,0.0
2,285,0.0,0.0,0.0,1.0,0.0,1.0,0.0,0.0
3,285,3.049235213646395,4.617548310372561,1.0,0.0,1.0,1.0,0.0,1.0
4,285,3.475402338682465,4.383157300431111,1.0,1.0,0.0,0.0,1.0,1.0
5,285,7.947449518432093,10.306958171643526,0.0,1.0,1.0,0.0,0.0,0.0
6,285,5.513441472332194,3.672498713091061,1.0,0.0,0.0,0.0,0.0,0.0
7,285,3.565327477373369,12.0,1.0,0.0,0.0,0.0,0.0,1.0
8,285,6.7582609705597445,4.2850752637210165,0.0,1.0,1.0,0.0,0.0,1.0
9,285,5.668717612198448,11.34776113814616,0.0,0.0,1.0,0.0,1.0,0.0
10,285,4.839749876800615,3.763813562845733,0.0,1.0,0.0,0.0,1.0,0.0
11,285,2.3444929133303,6.017551634616419,0.0,0.0,0.0,0.0,0.0,0.0
12,285,1.6166168403021386,0.0710459511712603,0.0,1.0,1.0,1.0,1.0,1.0
13,285,9.280029623173172,6.247355651033157,1.0,1.0,1.0,0.0,1.0,0.0
14,285,8.844832507626409,10.59352540906135,1.0,0.0,1.0,0.0,1.0,1.0
15,285,4.316259312309271,6.210356602765672,0.0,1.0,1.0,0.0,0.0,1.0
16,285,11.353672101809485,0.0,1.0,0.0,0.0,1.0,1.0,0.0
17,285,7.8764533935829375,4.050378996357408,0.0,0.0,0.0,0.0,0.0,0.0
18,285,0.0,8.396193688253167,1.0,1.0,0.0,0.0,0.0,0.0
19,285,3.0627728420081306,3.370490119245389,1.0,0.0,0.0,1.0,1.0,0.0
20,285,1.191015216517632,5.390950143063549,0.0,0.0,0.0,0.0,0.0,0.0
21,285,1.975539106706668,5.722453363417511,0.0,0.0,1.0,1.0,0.0,0.0
22,285,7.77271184485246,8.421414828882178,0.0,0.0,0.0,0.0,0.0,0.0
23,285,1.558360135798652,2.971701957084332,1.0,0.0,1.0,0.0,0.0,1.0
24,285,0.0,0.0,0.0,0.0,0.0,1.0,1.0,0.0
25,285,11.751809538030871,10.642545398418816,1.0,1.0,0.0,0.0,0.0,1.0
26,285,0.0,7.088620299556685,0.0,0.0,0.0,0.0,0.0,0.0
27,285,4.7106175563198605,4.507249900703156,1.0,0.0,1.0,1.0,0.0,1.0
28,285,7.385138134538149,5.88254151422832,0.0,0.0,0.0,1.0,1.0,0.0
29,285,7.932435884980074,9.83248314478828,0.0,0.0,0.0,1.0,0.0,0.0
30,285,8.659265711908624,7.648137172034974,1.0,1.0,1.0,0.0,0.0,0.0
31,285,3.3998638754255546,9.399514196478997,0.0,1.0,0.0,0.0,0.0,0.0
32,285,0.0,12.0,1.0,1.0,0.0,1.0,0.0,0.0
33,285,8.441439063016936,6.87307345487394,1.0,0.0,1.0,0.0,1.0,0.0
34,285,6.44370016806328,0.9229165024129836,0.0,1.0,0.0,0.0,0.0,0.0
35,285,9.5858904297949,12.0,0.0,0.0,1.0,0.0,0.0,0.0
36,285,1.195323533435274,7.864740939257307,1.0,1.0,0.0,1.0,1.0,1.0
37,285,7.463877309414866,11.94777298130734,0.0,1.0,1.0,0.0,1.0,0.0
38,285,12.0,0.1309856781080947,0.0,1.0,1.0,1.0,0.0,0.0
39,285,0.609261052283056,8.249807022997702,1.0,0.0,0.0,0.0,0.0,0.0
0,290,4.49484837990158,8.666189351755788,0.0,0.0,0.0,1.0,1.0,0.0
1,290,9.141804472608346,11.28020038475612,0.0,0.0,0.0,1.0,1.0,0.0
2,290,0.0,0.0,0.0,1.0,0.0,1.0,0.0,0.0
3,290,3.015510277615024,4.6403079737212485,1.0,0.0,1.0,1.0,0.0,1.0
4,290,3.476022858647366,4.383570254970555,1.0,1.0,0.0,0.0,1.0,1.0
5,290,7.844953956519704,10.413618757878146,0.0,1.0,1.0,0.0,0.0,0.0
6,290,5.557075654143127,3.648711117939322,1.0,0.0,0.0,0.0,0.0,0.0
7,290,3.569180908190792,12.0,1.0,0.0,0.0,0.0,0.0,1.0
8,290,6.771457040638915,4.289779369696948,0.0,1.0,1.0,0.0,0.0,1.0
9,290,5.608250737746059,11.33792321855916,0.0,0.0,1.0,0.0,1.0,0.0
10,290,4.802911577542396,3.848162205106034,0.0,1.0,0.0,0.0,1.0,0.0
11,290,2.2866553193338284,6.063894810212132,0.0,0.0,0.0,0.0,0.0,0.0
12,290,1.7098265704409903,0.0377102747445499,0.0,1.0,1.0,1.0,1.0,1.0
13,290,9.221655627537348,6.242816949481182,1.0,1.0,1.0,0.0,1.0,0.0
14,290,8.766969556412379,10.66894825068388,1.0,0.0,1.0,0.0,1.0,1.0
15,290,4.3067003053022095,6.191865650740761,0.0,1.0,1.0,0.0,0.0,1.0
16,290,11.351210017809333,0.0,1.0,0.0,0.0,1.0,1.0,0.0
17,290,7.863924472498716,4.05917702933114,0.0,0.0,0.0,0.0,0.0,0.0
18,290,0.0,8.308949068217387,1.0,1.0,0.0,0.0,0.0,0.0
19,290,3.075021207583743,3.3090056054582155,1.0,0.0,0.0,1.0,1.0,0.0
20,290,1.2155291444056753,5.41417076055866,0.0,0.0,0.0,0.0,0.0,0.0
21,290,2.015273189917355,5.7077757868543255,0.0,0.0,1.0,1.0,0.0,0.0
22,290,7.920901563441544,8.560852881445873,0.0,0.0,0.0,0.0,0.0,0.0
23,290,1.641166836860228,2.975145826692457,1.0,0.0,1.0,0.0,0.0,1.0
24,290,0.0,0.0,0.0,0.0,0.0,1.0,1.0,0.0
25,290,11.877696750310088,10.681624204103064,1.0,1.0,0.0,0.0,0.0,1.0
26,290,0.121385540410936,6.921795665359657,0.0,0.0,0.0,0.0,0.0,0.0
27,290,4.619682797913411,4.390808255520768,1.0,0.0,1.0,1.0,0.0,1.0
28,290,7.376402478075603,5.876297583396266,0.0,0.0,0.0,1.0,1.0,0.0
29,290,7.954074523654212,9.807258506682848,0.0,0.0,0.0,1.0,0.0,0.0
30,290,8.631130040375563,7.653171994964842,1.0,1.0,1.0,0.0,0.0,0.0
31,290,3.229510513283933,9.527176362929746,0.0,1.0,0.0,0.0,0.0,0.0
32,290,0.0,12.0,1.0,1.0,0.0,1.0,0.0,0.0
33,290,8.47198998697119,6.765710374209114,1.0,0.0,1.0,0.0,1.0,0.0
34,290,6.415898319365212,0.9866555091767656,0.0,1.0,0.0,0.0,0.0,0.0
35,290,9.614593370974005,12.0,0.0,0.0,1.0,0.0,0.0,0.0
36,290,1.130508633495876,7.91100109600452,1.0,1.0,0.0,1.0,1.0,1.0
37,290,7.488315133911207,11.938672519399583,0.0,1.0,1.0,0.0,1.0,0.0
38,290,12.0,0.0,0.0,1.0,1.0,1.0,0.0,0.0
39,290,0.5875153928576802,8.43935062420644,1.0,0.0,0.0,0.0,0.0,0.0
0,295,4.455662264994858,8.720789063834992,0.0,0.0,0.0,1.0,1.0,0.0
1,295,9.212723147140544,11.18621303731022,0.0,0.0,0.0,1.0,1.0,0.0
2,295,0.0,0.0,0.0,1.0,0.0,1.0,0.0,0.0
3,295,2.982535758317245,4.663450839260002,1.0,0.0,1.0,1.0,0.0,1.0
4,295,3.486294340820076,4.390310389094202,1.0,1.0,0.0,0.0,1.0,1.0
5,295,7.749648925503576,10.511966444179444,0.0,1.0,1.0,0.0,0.0,0.0
6,295,5.58470754662307,3.6334590217411176,1.0,0.0,0.0,0.0,0.0,0.0
7,295,3.572099113588903,12.0,1.0,0.0,0.0,0.0,0.0,1.0
8,295,6.756599317509701,4.284387624127184,0.0,1.0,1.0,0.0,0.0,1.0
9,295,5.529988313367736,11.324414996031646,0.0,0.0,1.0,0.0,1.0,0.0
10,295,4.7747994381110175,3.9163345081002943,0.0,1.0,0.0,0.0,1.0,0.0
11,295,2.229046887411473,6.111345573675201,0.0,0.0,0.0,0.0,0.0,0.0
12,295,1.8072679365012625,0.0049132399866526,0.0,1.0,1.0,1.0,1.0,1.0
13,295,9.154678031656548,6.237047917466125,1.0,1.0,1.0,0.0,1.0,0.0
14,295,8.688239474128519,10.743678518306268,1.0,0.0,1.0,0.0,1.0,1.0
15,295,4.305242958762523,6.188948846949699,0.0,1.0,1.0,0.0,0.0,1.0
16,295,11.346886270876263,0.0,1.0,0.0,0.0,1.0,1.0,0.0
17,295,7.858491132013309,4.062953648416895,0.0,0.0,0.0,0.0,0.0,0.0
18,295,0.0,8.213399413469615,1.0,1.0,0.0,0.0,0.0,0.0
19,295,3.088034272126431,3.242943690501348,1.0,0.0,0.0,1.0,1.0,0.0
20,295,1.2452305408850668,5.442451854880296,0.0,0.0,0.0,0.0,0.0,0.0
21,295,2.054463823067239,5.693483742372309,0.0,0.0,1.0,1.0,0.0,0.0
22,295,8.06159743008775,8.696413880014575,0.0,0.0,0.0,0.0,0.0,0.0
23,295,1.7327228461865063,2.977395627194381,1.0,0.0,1.0,0.0,0.0,1.0
24,295,0.0,0.0,0.0,0.0,0.0,1.0,1.0,0.0
25,295,11.988323932772158,10.717504141179926,1.0,1.0,0.0,0.0,0.0,1.0
26,295,0.2400618237409931,6.759585907552059,0.0,0.0,0.0,0.0,0.0,0.0
27,295,4.536660854164428,4.284274705332165,1.0,0.0,1.0,1.0,0.0,1.0
28,295,7.380794035684877,5.879450683686662,0.0,0.0,0.0,1.0,1.0,0.0
29,295,7.981342377831738,9.776228746177722,0.0,0.0,0.0,1.0,0.0,0.0
30,295,8.602738148540094,7.658432981866992,1.0,1.0,1.0,0.0,0.0,0.0
31,295,3.0624455278593863,9.651257241429038,0.0,1.0,0.0,0.0,0.0,0.0
32,295,0.0,12.0,1.0,1.0,0.0,1.0,0.0,0.0
33,295,8.503366437517549,6.648739073459481,1.0,0.0,1.0,0.0,1.0,0.0
34,295,6.3814179207745845,1.0672618345163998,0.0,1.0,0.0,0.0,0.0,0.0
35,295,9.642553322272589,12.0,0.0,0.0,1.0,0.0,0.0,0.0
36,295,1.0573827013200787,7.963836837588594,1.0,1.0,0.0,1.0,1.0,1.0
37,295,7.487856846278007,11.938849527703391,0.0,1.0,1.0,0.0,1.0,0.0
38,295,12.0,0.0,0.0,1.0,1.0,1.0,0.0,0.0
39,295,0.5657406138769745,8.648884372139834,1.0,0.0,0.0,0.0,0.0,0.0
