0,0,0.0504876116805709,2.9308090196549914,0.0,1.0,1.0,0.0,0.0,0.0
1,0,3.935116672317231,4.030100003323545,0.0,0.0,0.0,1.0,0.0,0.0
2,0,8.975520282295834,11.051374998562856,1.0,0.0,0.0,0.0,0.0,0.0
3,0,6.008443540635705,10.046411108830704,1.0,0.0,0.0,0.0,1.0,1.0
4,0,2.059502488079078,3.989063563725088,0.0,0.0,0.0,0.0,0.0,1.0
5,0,10.9694511488186,2.940285822509108,1.0,1.0,0.0,1.0,1.0,0.0
6,0,5.970774151416142,6.024107837225644,1.0,1.0,1.0,1.0,0.0,0.0
7,0,0.9742740616395252,11.01181379815807,1.0,1.0,0.0,1.0,0.0,1.0
8,0,0.0,2.9606884334649,0.0,1.0,0.0,1.0,1.0,0.0
9,0,10.986186517749726,9.006081659391219,1.0,1.0,0.0,0.0,1.0,1.0
10,0,0.0,10.0388277839676,1.0,0.0,0.0,0.0,1.0,1.0
11,0,10.01793801336806,6.07095883633403,1.0,0.0,0.0,1.0,0.0,0.0
12,0,12.0,2.9661067768170426,0.0,1.0,1.0,1.0,0.0,1.0
13,0,3.017863596931892,3.975194697579541,1.0,1.0,1.0,0.0,0.0,1.0
14,0,9.954218975367365,11.031202142988096,0.0,1.0,0.0,0.0,0.0,1.0
15,0,8.970598956892038,6.059679809500824,0.0,1.0,1.0,1.0,0.0,1.0
16,0,5.946491281077068,3.972180861484044,0.0,0.0,0.0,0.0,1.0,0.0
17,0,9.002367141272785,7.93987798093591,0.0,0.0,1.0,1.0,0.0,0.0
18,0,11.997928876142952,0.0,1.0,0.0,0.0,0.0,1.0,1.0
19,0,6.010177613392506,1.0472212765422535,0.0,0.0,0.0,1.0,1.0,0.0
20,0,5.986438752227815,0.0,0.0,0.0,1.0,1.0,1.0,0.0
21,0,12.0,0.0,1.0,0.0,1.0,0.0,0.0,0.0
22,0,11.094179676369352,11.0044197737024,1.0,0.0,0.0,0.0,0.0,0.0
23,0,8.958176814760497,7.008604746028358,1.0,0.0,0.0,1.0,0.0,0.0
24,0,1.9668439791481465,9.980263636496812,1.0,1.0,0.0,0.0,0.0,0.0
25,0,2.052044064988644,10.03071259714322,0.0,0.0,1.0,0.0,0.0,0.0
26,0,8.954350217835515,11.964847968400791,0.0,0.0,0.0,0.0,0.0,0.0
27,0,0.0,8.94684086325297,0.0,0.0,1.0,0.0,1.0,1.0
28,0,11.014776862394188,9.041268057329695,0.0,0.0,1.0,0.0,1.0,0.0
29,0,4.025852000330114,11.058407841972013,0.0,0.0,0.0,0.0,1.0,1.0
30,0,11.931080502973067,2.9759480346394103,0.0,1.0,0.0,0.0,1.0,0.0
31,0,2.964171062520474,2.0315168207727443,1.0,0.0,1.0,0.0,0.0,1.0
32,0,8.039682648724156,5.056671539498336,0.0,1.0,0.0,0.0,0.0,0.0
33,0,3.9624340208914313,2.0247445858608,0.0,0.0,1.0,1.0,1.0,1.0
34,0,5.962460038487787,7.94846514578522,1.0,0.0,1.0,1.0,1.0,0.0
35,0,9.048147009100116,12.0,0.0,1.0,1.0,1.0,1.0,0.0
36,0,10.94482482709421,1.0207709713998534,0.0,1.0,0.0,0.0,0.0,0.0
37,0,11.026584497504842,10.024446723071796,0.0,0.0,0.0,0.0,0.0,0.0
38,0,10.030380183653458,7.952572026221181,1.0,1.0,0.0,1.0,0.0,0.0
39,0,0.0,3.972173057682697,0.0,1.0,1.0,0.0,0.0,1.0
0,5,0.1049110775711931,2.8539306486064264,0.0,1.0,1.0,0.0,0.0,0.0
1,5,3.8556917827971073,4.069616667034293,0.0,0.0,0.0,1.0,0.0,0.0
2,5,8.945253832917869,11.110766453253056,1.0,0.0,0.0,0.0,0.0,0.0
3,5,6.02097127862219,10.120024464316202,1.0,0.0,0.0,0.0,1.0,1.0
4,5,2.112063652560452,3.979259760265065,0.0,0.0,0.0,0.0,0.0,1.0
5,5,10.93688105675328,2.876562071960873,1.0,1.0,0.0,1.0,1.0,0.0
6,5,5.957598171661687,6.034924126537787,1.0,1.0,1.0,1.0,0.0,0.0
7,5,0.9426513023310298,11.027395997441795,1.0,1.0,0.0,1.0,0.0,1.0
8,5,0.0,2.924126424010782,0.0,1.0,0.0,1.0,1.0,0.0
9,5,10.99529916267474,9.002331736845933,1.0,1.0,0.0,0.0,1.0,1.0
10,5,0.0,10.058326232196931,1.0,0.0,0.0,0.0,1.0,1.0
11,5,10.036536019532786,6.141960970125985,1.0,0.0,0.0,1.0,0.0,0.0
12,5,12.0,2.9326959288389096,0.0,1.0,1.0,1.0,0.0,1.0
13,5,3.0416816976878653,3.9929592640058433,1.0,1.0,1.0,0.0,0.0,1.0
14,5,9.90089167467304,11.06680318485456,0.0,1.0,0.0,0.0,0.0,1.0
15,5,8.92930472128112,6.145354585144005,0.0,1.0,1.0,1.0,0.0,1.0
16,5,5.896141250780411,3.945239112148283,0.0,0.0,0.0,0.0,1.0,0.0
17,5,9.003851650630775,7.89870110787495,0.0,0.0,1.0,1.0,0.0,0.0
18,5,11.996659176092468,0.0,1.0,0.0,0.0,0.0,1.0,1.0
19,5,6.0169798460826645,1.078179610688654,0.0,0.0,0.0,1.0,1.0,0.0
20,5,5.966812621542706,0.0,0.0,0.0,1.0,1.0,1.0,0.0
21,5,12.0,0.0,1.0,0.0,1.0,0.0,0.0,0.0
22,5,11.17376178373602,11.008915617134472,1.0,0.0,0.0,0.0,0.0,0.0
23,5,8.930472075588206,7.014577804582922,1.0,0.0,0.0,1.0,0.0,0.0
24,5,1.9302530136463296,9.957796154412248,1.0,1.0,0.0,0.0,0.0,0.0
25,5,2.1159079342328946,10.06773885791771,0.0,0.0,1.0,0.0,0.0,0.0
26,5,8.911077076522625,11.932030774930984,0.0,0.0,0.0,0.0,0.0,0.0
27,5,0.0,8.898718152102326,0.0,0.0,1.0,0.0,1.0,1.0
28,5,11.03653973113644,9.105129323591262,0.0,0.0,1.0,0.0,1.0,0.0
29,5,4.03501593428442,11.08032650295311,0.0,0.0,0.0,0.0,1.0,1.0
30,5,11.843420291284785,2.9451237369678838,0.0,1.0,0.0,0.0,1.0,0.0
31,5,2.9220011397110093,2.066808716864776,1.0,0.0,1.0,0.0,0.0,1.0
32,5,8.084234214120949,5.122673647457573,0.0,1.0,0.0,0.0,0.0,0.0
33,5,3.934893193606197,2.04298088945501,0.0,0.0,1.0,1.0,1.0,1.0
34,5,5.923055194631582,7.895328290081253,1.0,0.0,1.0,1.0,1.0,0.0
35,5,9.086430791141462,12.0,0.0,1.0,1.0,1.0,1.0,0.0
36,5,10.88775345021355,1.0436049598810586,0.0,1.0,0.0,0.0,0.0,0.0
37,5,11.052203476192965,10.048436505098648,0.0,0.0,0.0,0.0,0.0,0.0
38,5,10.066761257580952,7.897911567129396,1.0,1.0,0.0,1.0,0.0,0.0
39,5,0.0,3.94288891644265,0.0,1.0,1.0,0.0,0.0,1.0
0,10,0.1600171339558075,2.776153046447233,0.0,1.0,1.0,0.0,0.0,0.0
1,10,3.77556344538254,4.112664536731882,0.0,0.0,0.0,1.0,0.0,0.0
2,10,8.909412312865133,11.178755114856196,1.0,0.0,0.0,0.0,0.0,0.0
3,10,6.03169461053598,10.190473362935515,1.0,0.0,0.0,0.0,1.0,1.0
4,10,2.174229396837068,3.968550930416628,0.0,0.0,0.0,0.0,0.0,1.0
5,10,10.908380473124948,2.822185253461528,1.0,1.0,0.0,1.0,1.0,0.0
6,10,5.931469364192255,6.056632565253938,1.0,1.0,1.0,1.0,0.0,0.0
7,10,0.9298750729446356,11.03335352052862,1.0,1.0,0.0,1.0,0.0,1.0
8,10,0.0,2.905266067336882,0.0,1.0,0.0,1.0,1.0,0.0
9,10,10.979879797703632,9.008589735990707,1.0,1.0,0.0,0.0,1.0,1.0
10,10,0.0,10.109977879535862,1.0,0.0,0.0,0.0,1.0,1.0
11,10,10.056433551267553,6.21605221022718,1.0,0.0,0.0,1.0,0.0,0.0
12,10,12.0,2.903011501295063,0.0,1.0,1.0,1.0,0.0,1.0
13,10,3.0689029701370987,4.013611235384525,1.0,1.0,1.0,0.0,0.0,1.0
14,10,9.85012184003108,11.102151919728644,0.0,1.0,0.0,0.0,0.0,1.0
15,10,8.876660367758863,6.252122883897273,0.0,1.0,1.0,1.0,0.0,1.0
16,10,5.849190094775836,3.9199329225521895,0.0,0.0,0.0,0.0,1.0,0.0
17,10,9.005334338816368,7.866103405731601,0.0,0.0,1.0,1.0,0.0,0.0
18,10,11.995346367598207,0.0,1.0,0.0,0.0,0.0,1.0,1.0
19,10,6.020056826271745,1.0916318015484554,0.0,0.0,0.0,1.0,1.0,0.0
20,10,5.948512736603654,0.0,0.0,0.0,1.0,1.0,1.0,0.0
21,10,12.0,0.0,1.0,0.0,1.0,0.0,0.0,0.0
22,10,11.24075391960774,11.012040384668566,1.0,0.0,0.0,0.0,0.0,0.0
23,10,8.906693228518622,7.020050864030034,1.0,0.0,0.0,1.0,0.0,0.0
24,10,1.8861599429007228,9.931447792589855,1.0,1.0,0.0,0.0,0.0,0.0
25,10,2.180926829646091,10.1052771773605,0.0,0.0,1.0,0.0,0.0,0.0
26,10,8.877030196212027,11.90388670940939,0.0,0.0,0.0,0.0,0.0,0.0
27,10,0.0,8.848576722552137,0.0,0.0,1.0,0.0,1.0,1.0
28,10,11.057572123335827,9.166342863947442,0.0,0.0,1.0,0.0,1.0,0.0
29,10,4.042287982302312,11.097544365957438,0.0,0.0,0.0,0.0,1.0,1.0
30,10,11.739512433679897,2.905876465615268,0.0,1.0,0.0,0.0,1.0,0.0
31,10,2.882100511889616,2.099771169646404,1.0,0.0,1.0,0.0,0.0,1.0
32,10,8.124402789950322,5.185703380902699,0.0,1.0,0.0,0.0,0.0,0.0
33,10,3.91791948624804,2.0542993733438584,0.0,0.0,1.0,1.0,1.0,1.0
34,10,5.898397918219035,7.862447510170386,1.0,0.0,1.0,1.0,1.0,0.0
35,10,9.134533059092153,12.0,0.0,1.0,1.0,1.0,1.0,0.0
36,10,10.833670953056377,1.0658189049291695,0.0,1.0,0.0,0.0,0.0,0.0
37,10,11.06431681549785,10.060207920789932,0.0,0.0,0.0,0.0,0.0,0.0
38,10,10.093738185662987,7.856742546453401,1.0,1.0,0.0,1.0,0.0,0.0
39,10,0.0,3.914419237751111,0.0,1.0,1.0,0.0,0.0,1.0
0,15,0.2113103451553936,2.7079924266268955,0.0,1.0,1.0,0.0,0.0,0.0
1,15,3.692728018021679,4.154344692173473,0.0,0.0,0.0,1.0,0.0,0.0
2,15,8.863085331260482,11.269441085549309,1.0,0.0,0.0,0.0,0.0,0.0
3,15,6.040695522063571,10.248132976159924,1.0,0.0,0.0,0.0,1.0,1.0
4,15,2.2421334932503365,3.956267779637181,0.0,0.0,0.0,0.0,0.0,1.0
5,15,10.87451766054367,2.7578625053256,1.0,1.0,0.0,1.0,1.0,0.0
6,15,5.900088307060089,6.082632786704791,1.0,1.0,1.0,1.0,0.0,0.0
7,15,0.9305075063960732,11.033043527413394,1.0,1.0,0.0,1.0,0.0,1.0
8,15,0.0,2.8869827702663664,0.0,1.0,0.0,1.0,1.0,0.0
9,15,10.95996730116465,9.016884533108634,1.0,1.0,0.0,0.0,1.0,1.0
10,15,0.0,10.158115510565448,1.0,0.0,0.0,0.0,1.0,1.0
11,15,10.075638949214342,6.29248520515474,1.0,0.0,0.0,1.0,0.0,0.0
12,15,12.0,2.864063707895596,0.0,1.0,1.0,1.0,0.0,1.0
13,15,3.097215765837332,3.974617913462894,1.0,1.0,1.0,0.0,0.0,1.0
14,15,9.80777260034592,11.131801250364996,0.0,1.0,0.0,0.0,0.0,1.0
15,15,8.820738085500627,6.366390296611957,0.0,1.0,1.0,1.0,0.0,1.0
16,15,5.788188945047995,3.885883936170623,0.0,0.0,0.0,0.0,1.0,0.0
17,15,9.008440989106523,7.820864422578792,0.0,0.0,1.0,1.0,0.0,0.0
18,15,11.993505971164552,0.0,1.0,0.0,0.0,0.0,1.0,1.0
19,15,6.023149224537966,1.1043527728033182,0.0,0.0,0.0,1.0,1.0,0.0
20,15,5.929712457160942,0.0,0.0,0.0,1.0,1.0,1.0,0.0
21,15,12.0,0.0,1.0,0.0,1.0,0.0,0.0,0.0
22,15,11.310289865924045,11.01815091215984,1.0,0.0,0.0,0.0,0.0,0.0
23,15,8.8682601710698,7.029004187679018,1.0,0.0,0.0,1.0,0.0,0.0
24,15,1.83319210696006,9.899555676758348,1.0,1.0,0.0,0.0,0.0,0.0
25,15,2.234427161308745,10.13709238738034,0.0,0.0,1.0,0.0,0.0,0.0
26,15,8.850088075361175,11.88198911463278,0.0,0.0,0.0,0.0,0.0,0.0
27,15,0.0,8.808138749500051,0.0,0.0,1.0,0.0,1.0,1.0
28,15,11.08006461736776,9.235073300990829,0.0,0.0,1.0,0.0,1.0,0.0
29,15,4.044709647898327,11.103126140806626,0.0,0.0,0.0,0.0,1.0,1.0
30,15,11.640379181414415,2.8695898788597107,0.0,1.0,0.0,0.0,1.0,0.0
31,15,2.854024112372384,2.1244791145453807,1.0,0.0,1.0,0.0,0.0,1.0
32,15,8.172693133099425,5.259359796272985,0.0,1.0,0.0,0.0,0.0,0.0
33,15,3.901107523951026,2.0651204088434887,0.0,0.0,1.0,1.0,1.0,1.0
34,15,5.8822634861763365,7.84230970295944,1.0,0.0,1.0,1.0,1.0,0.0
35,15,9.199625461916142,12.0,0.0,1.0,1.0,1.0,1.0,0.0
36,15,10.846279278439006,1.095171983456449,0.0,1.0,0.0,0.0,0.0,0.0
37,15,11.068990461426274,10.06459570564876,0.0,0.0,0.0,0.0,0.0,0.0
38,15,10.122369388161506,7.812702069803587,1.0,1.0,0.0,1.0,0.0,0.0
39,15,0.0,3.88659959654426,0.0,1.0,1.0,0.0,0.0,1.0
0,20,0.2616050480738824,2.638417465838707,0.0,1.0,1.0,0.0,0.0,0.0
1,20,3.608408327645591,4.196541765365864,0.0,0.0,0.0,1.0,0.0,0.0
2,20,8.81744894822186,11.355875353635543,1.0,0.0,0.0,0.0,0.0,0.0
3,20,6.051443578320118,10.31137232740414,1.0,0.0,0.0,0.0,1.0,1.0
4,20,2.306673014838976,3.944868284944601,0.0,0.0,0.0,0.0,0.0,1.0
5,20,10.832459849161513,2.6840635513455604,1.0,1.0,0.0,1.0,1.0,0.0
6,20,5.856512692505338,6.121391182017254,1.0,1.0,1.0,1.0,0.0,0.0
7,20,0.923843501078715,11.036244824060512,1.0,1.0,0.0,1.0,0.0,1.0
8,20,0.0,2.8746425156701685,0.0,1.0,0.0,1.0,1.0,0.0
9,20,10.939724136094446,9.02538097798736,1.0,1.0,0.0,0.0,1.0,1.0
10,20,0.0,10.233274956364838,1.0,0.0,0.0,0.0,1.0,1.0
11,20,10.08743086232334,6.342576062900158,1.0,0.0,0.0,1.0,0.0,0.0
12,20,12.0,2.823576922307674,0.0,1.0,1.0,1.0,0.0,1.0
13,20,3.1273144620135755,3.933936672839435,1.0,1.0,1.0,0.0,0.0,1.0
14,20,9.779119456672383,11.090192356730636,0.0,1.0,0.0,0.0,0.0,1.0
15,20,8.752008394004346,6.501861851294225,0.0,1.0,1.0,1.0,0.0,1.0
16,20,5.698472650482353,3.8341176023117898,0.0,0.0,0.0,0.0,1.0,0.0
17,20,9.01318382656315,7.761377168560038,0.0,0.0,1.0,1.0,0.0,0.0
18,20,11.991807760386209,0.0,1.0,0.0,0.0,0.0,1.0,1.0
19,20,6.024423726254008,1.1101698957140678,0.0,0.0,0.0,1.0,1.0,0.0
20,20,5.912388767210072,0.0,0.0,0.0,1.0,1.0,1.0,0.0
21,20,12.0,0.0,1.0,0.0,1.0,0.0,0.0,0.0
22,20,11.400038342360975,11.029487747070172,1.0,0.0,0.0,0.0,0.0,0.0
23,20,8.812234469151978,7.041457804538375,1.0,0.0,0.0,1.0,0.0,0.0
24,20,1.779204391244483,9.869038799928486,1.0,1.0,0.0,0.0,0.0,0.0
25,20,2.298441177832541,10.176250230925922,0.0,0.0,1.0,0.0,0.0,0.0
26,20,8.82863724590021,11.865688429622864,0.0,0.0,0.0,0.0,0.0,0.0
27,20,0.0,8.791534619620174,0.0,0.0,1.0,0.0,1.0,1.0
28,20,11.108003147259636,9.323570825526124,0.0,0.0,1.0,0.0,1.0,0.0
29,20,4.04125537222153,11.094955750954966,0.0,0.0,0.0,0.0,1.0,1.0
30,20,11.51212693235446,2.822307470588929,0.0,1.0,0.0,0.0,1.0,0.0
31,20,2.833894988764296,2.142687875896908,1.0,0.0,1.0,0.0,0.0,1.0
32,20,8.218183783923218,5.328516262547349,0.0,1.0,0.0,0.0,0.0,0.0
33,20,3.8907711583099904,2.0717912368715776,0.0,0.0,1.0,1.0,1.0,1.0
34,20,5.861357314170109,7.816811531950953,1.0,0.0,1.0,1.0,1.0,0.0
35,20,9.270714942727572,12.0,0.0,1.0,1.0,1.0,1.0,0.0
36,20,10.858165580310793,1.126192570863457,0.0,1.0,0.0,0.0,0.0,0.0
37,20,11.064867217384082,10.060960272633878,0.0,0.0,0.0,0.0,0.0,0.0
38,20,10.145386289875855,7.775975867325742,1.0,1.0,0.0,1.0,0.0,0.0
39,20,0.0,3.8553769233092168,0.0,1.0,1.0,0.0,0.0,1.0
0,25,0.316642548153529,2.562727657942644,0.0,1.0,1.0,0.0,0.0,0.0
1,25,3.5421870576734134,4.229706343383183,0.0,0.0,0.0,1.0,0.0,0.0
2,25,8.770512372596128,11.4415722820355,1.0,0.0,0.0,0.0,0.0,0.0
3,25,6.062039704278203,10.371726399143189,1.0,0.0,0.0,0.0,1.0,1.0
4,25,2.3615961545281854,3.935439567651928,0.0,0.0,0.0,0.0,0.0,1.0
5,25,10.799475175352796,2.6261749517405524,1.0,1.0,0.0,1.0,1.0,0.0
6,25,5.8323722926317645,6.143142075959973,1.0,1.0,1.0,1.0,0.0,0.0
7,25,0.9034361823359048,11.046093309014132,1.0,1.0,0.0,1.0,0.0,1.0
8,25,0.0037622833764284,2.87993915844423,0.0,1.0,0.0,1.0,1.0,0.0
9,25,10.899244099365523,9.043135396484995,1.0,1.0,0.0,0.0,1.0,1.0
10,25,0.0,10.319259903885555,1.0,0.0,0.0,0.0,1.0,1.0
11,25,10.100995412679069,6.393939870185603,1.0,0.0,0.0,1.0,0.0,0.0
12,25,12.0,2.7947856151299337,0.0,1.0,1.0,1.0,0.0,1.0
13,25,3.148135445957105,3.907242426387653,1.0,1.0,1.0,0.0,0.0,1.0
14,25,9.76165343463062,11.06553207586368,0.0,1.0,0.0,0.0,0.0,1.0
15,25,8.690597259281812,6.628803844495106,0.0,1.0,1.0,1.0,0.0,1.0
16,25,5.597609074655384,3.774062026094541,0.0,0.0,0.0,0.0,1.0,0.0
17,25,9.017163900985338,7.686314961019705,0.0,0.0,1.0,1.0,0.0,0.0
18,25,11.99062423421424,0.0,1.0,0.0,0.0,0.0,1.0,1.0
19,25,6.023397952382627,1.105869953192908,0.0,0.0,0.0,1.0,1.0,0.0
20,25,5.894949527999793,0.0,0.0,0.0,1.0,1.0,1.0,0.0
21,25,12.0,0.0,1.0,0.0,1.0,0.0,0.0,0.0
22,25,11.472690396629558,11.037380688353412,1.0,0.0,0.0,0.0,0.0,0.0
23,25,8.756509099891524,7.053952806899011,1.0,0.0,0.0,1.0,0.0,0.0
24,25,1.7340171537486044,9.846091461367063,1.0,1.0,0.0,0.0,0.0,0.0
25,25,2.355226111538232,10.211426451455615,0.0,0.0,1.0,0.0,0.0,0.0
26,25,8.793940599731398,11.83933966474995,0.0,0.0,0.0,0.0,0.0,0.0
27,25,0.0,8.751112397244496,0.0,0.0,1.0,0.0,1.0,1.0
28,25,11.144641427449548,9.436234993043737,0.0,0.0,1.0,0.0,1.0,0.0
29,25,4.04521763650639,11.105037846860126,0.0,0.0,0.0,0.0,1.0,1.0
30,25,11.401775168144754,2.776780235652057,0.0,1.0,0.0,0.0,1.0,0.0
31,25,2.8155010713032738,2.158794103364271,1.0,0.0,1.0,0.0,0.0,1.0
32,25,8.28311160932355,5.426863441582728,0.0,1.0,0.0,0.0,0.0,0.0
33,25,3.869453725301193,2.085741919577617,0.0,0.0,1.0,1.0,1.0,1.0
34,25,5.834899687167723,7.786582615348832,1.0,0.0,1.0,1.0,1.0,0.0
35,25,9.354209294797116,12.0,0.0,1.0,1.0,1.0,1.0,0.0
36,25,10.867753639498725,1.149602868980847,0.0,1.0,0.0,0.0,0.0,0.0
37,25,11.048970826587144,10.046687120491272,0.0,0.0,0.0,0.0,0.0,0.0
38,25,10.178718850087812,7.722981325469296,1.0,1.0,0.0,1.0,0.0,0.0
39,25,0.0,3.828569484265282,0.0,1.0,1.0,0.0,0.0,1.0
0,30,0.3816504872340683,2.4734686477637045,0.0,1.0,1.0,0.0,0.0,0.0
1,30,3.459541875296086,4.270137441792693,0.0,0.0,0.0,1.0,0.0,0.0
2,30,8.730665312915308,11.518193552976074,1.0,0.0,0.0,0.0,0.0,0.0
3,30,6.074227517413731,10.446064916053617,1.0,0.0,0.0,0.0,1.0,1.0
4,30,2.4016701722546463,3.929511654247185,0.0,0.0,0.0,0.0,0.0,1.0
5,30,10.758898842892954,2.558800419256212,1.0,1.0,0.0,1.0,1.0,0.0
6,30,5.78896930017629,6.182322679493653,1.0,1.0,1.0,1.0,0.0,0.0
7,30,0.875349051658842,11.05922799635143,1.0,1.0,0.0,1.0,0.0,1.0
8,30,0.0078191815785586,2.885446690470322,0.0,1.0,0.0,1.0,1.0,0.0
9,30,10.871232608227464,9.054935215269015,1.0,1.0,0.0,0.0,1.0,1.0
10,30,0.0,10.421358262523947,1.0,0.0,0.0,0.0,1.0,1.0
11,30,10.12146615144286,6.470662396579424,1.0,0.0,0.0,1.0,0.0,0.0
12,30,12.0,2.775582370343127,0.0,1.0,1.0,1.0,0.0,1.0
13,30,3.182560107062083,3.8637945570849257,1.0,1.0,1.0,0.0,0.0,1.0
14,30,9.75867233454194,11.061181490333515,0.0,1.0,0.0,0.0,0.0,1.0
15,30,8.62716834904009,6.750423972909304,0.0,1.0,1.0,1.0,0.0,1.0
16,30,5.495192122092635,3.711807100408097,0.0,0.0,0.0,0.0,1.0,0.0
17,30,9.020452131368655,7.632127695447636,0.0,0.0,1.0,1.0,0.0,0.0
18,30,11.988588470191058,0.0,1.0,0.0,0.0,0.0,1.0,1.0
19,30,6.023241276577456,1.105153950316301,0.0,0.0,0.0,1.0,1.0,0.0
20,30,5.882663077020346,0.0,0.0,0.0,1.0,1.0,1.0,0.0
21,30,12.0,0.0,1.0,0.0,1.0,0.0,0.0,0.0
22,30,11.523610534430173,11.042702796594115,1.0,0.0,0.0,0.0,0.0,0.0
23,30,8.711520572518488,7.063544208093289,1.0,0.0,0.0,1.0,0.0,0.0
24,30,1.6835899776220415,9.820137715961648,1.0,1.0,0.0,0.0,0.0,0.0
25,30,2.412585080071296,10.247445664620388,0.0,0.0,1.0,0.0,0.0,0.0
26,30,8.741392498983975,11.799023281256916,0.0,0.0,0.0,0.0,0.0,0.0
27,30,0.0,8.72509686587242,0.0,0.0,1.0,0.0,1.0,1.0
28,30,11.188837945619715,9.561949439815727,0.0,0.0,1.0,0.0,1.0,0.0
29,30,4.051465655718329,11.121243097161695,0.0,0.0,0.0,0.0,1.0,1.0
30,30,11.276776775960704,2.7266658826334838,0.0,1.0,0.0,0.0,1.0,0.0
31,30,2.8067887620853784,2.1664434383945754,1.0,0.0,1.0,0.0,0.0,1.0
32,30,8.34799073509196,5.523745170394553,0.0,1.0,0.0,0.0,0.0,0.0
33,30,3.8541992567373113,2.095169200180405,0.0,0.0,1.0,1.0,1.0,1.0
34,30,5.828573100394045,7.779320046723759,1.0,0.0,1.0,1.0,1.0,0.0
35,30,9.428072915450064,12.0,0.0,1.0,1.0,1.0,1.0,0.0
36,30,10.881641785154136,1.184302542672721,0.0,1.0,0.0,0.0,0.0,0.0
37,30,11.037268360799732,10.035934715256898,0.0,0.0,0.0,0.0,0.0,0.0
38,30,10.216636167332895,7.662855470659234,1.0,1.0,0.0,1.0,0.0,0.0
39,30,0.0,3.80795377879563,0.0,1.0,1.0,0.0,0.0,1.0
0,35,0.4591066380052982,2.3710321050770538,0.0,1.0,1.0,0.0,0.0,0.0
1,35,3.365698387293294,4.317517290705373,0.0,0.0,0.0,1.0,0.0,0.0
2,35,8.688737854917697,11.599811404586486,1.0,0.0,0.0,0.0,0.0,0.0
3,35,6.085632792903385,10.502286155999489,1.0,0.0,0.0,0.0,1.0,1.0
4,35,2.4236536249701977,3.925964090147176,0.0,0.0,0.0,0.0,0.0,1.0
5,35,10.711378859970738,2.4848278390420964,1.0,1.0,0.0,1.0,1.0,0.0
6,35,5.739762853931444,6.224209854295718,1.0,1.0,1.0,1.0,0.0,0.0
7,35,0.8511849538393722,11.070333633751993,1.0,1.0,0.0,1.0,0.0,1.0
8,35,0.0116888256517314,2.890488874707001,0.0,1.0,0.0,1.0,1.0,0.0
9,35,10.842127731016191,9.066566918534273,1.0,1.0,0.0,0.0,1.0,1.0
10,35,0.0,10.533928149493349,1.0,0.0,0.0,0.0,1.0,1.0
11,35,10.138024003427375,6.53074649458707,1.0,0.0,0.0,1.0,0.0,0.0
12,35,12.0,2.7520201410045604,0.0,1.0,1.0,1.0,0.0,1.0
13,35,3.207772452682899,3.832380764101308,1.0,1.0,1.0,0.0,0.0,1.0
14,35,9.73698356520741,11.030327081274162,0.0,1.0,0.0,0.0,0.0,1.0
15,35,8.563485266781234,6.875885301772856,0.0,1.0,1.0,1.0,0.0,1.0
16,35,5.405374741029598,3.656821813808407,0.0,0.0,0.0,0.0,1.0,0.0
17,35,9.024285248079508,7.561604368124658,0.0,0.0,1.0,1.0,0.0,0.0
18,35,11.987872309668722,0.0,1.0,0.0,0.0,0.0,1.0,1.0
19,35,6.023963747747437,1.1083926328388096,0.0,0.0,0.0,1.0,1.0,0.0
20,35,5.869547898231195,0.0,0.0,0.0,1.0,1.0,1.0,0.0
21,35,12.0,0.0,1.0,0.0,1.0,0.0,0.0,0.0
22,35,11.594055033870593,11.049776973374984,1.0,0.0,0.0,0.0,0.0,0.0
23,35,8.662896631313304,7.073680132038108,1.0,0.0,0.0,1.0,0.0,0.0
24,35,1.6228214266689396,9.790792260556229,1.0,1.0,0.0,0.0,0.0,0.0
25,35,2.480969031740856,10.291020895721834,0.0,0.0,1.0,0.0,0.0,0.0
26,35,8.675035873807852,11.747706677319377,0.0,0.0,0.0,0.0,0.0,0.0
27,35,0.0,8.69758548651908,0.0,0.0,1.0,0.0,1.0,1.0
28,35,11.232392169881953,9.672764429263546,0.0,0.0,1.0,0.0,1.0,0.0
29,35,4.0509958381195865,11.120008496479093,0.0,0.0,0.0,0.0,1.0,1.0
30,35,11.149153034413697,2.673022829789052,0.0,1.0,0.0,0.0,1.0,0.0
31,35,2.803562961778033,2.1693253754092736,1.0,0.0,1.0,0.0,0.0,1.0
32,35,8.4178025143053,5.633264368847279,0.0,1.0,0.0,0.0,0.0,0.0
33,35,3.833024161186227,2.108350575086725,0.0,0.0,1.0,1.0,1.0,1.0
34,35,5.8155098212511,7.764761861650705,1.0,0.0,1.0,1.0,1.0,0.0
35,35,9.504496998081692,12.0,0.0,1.0,1.0,1.0,1.0,0.0
36,35,10.888694773535208,1.2010066015105374,0.0,1.0,0.0,0.0,0.0,0.0
37,35,11.041010957858044,10.031862298480055,0.0,0.0,0.0,0.0,0.0,0.0
38,35,10.23973783756791,7.624137626393763,1.0,1.0,0.0,1.0,0.0,0.0
39,35,0.0,3.78511090755885,0.0,1.0,1.0,0.0,0.0,1.0
0,40,0.5507961909983412,2.249586226865784,0.0,1.0,1.0,0.0,0.0,0.0
1,40,3.2535750039626907,4.372105231341958,0.0,0.0,0.0,1.0,0.0,0.0
2,40,8.657576986981143,11.663134056129955,1.0,0.0,0.0,0.0,0.0,0.0
3,40,6.092296605231713,10.533874999976607,1.0,0.0,0.0,0.0,1.0,1.0
4,40,2.471638903019708,3.918735389159749,0.0,0.0,0.0,0.0,0.0,1.0
5,40,10.67118923637818,2.4226220126194438,1.0,1.0,0.0,1.0,1.0,0.0
6,40,5.694948502433932,6.261637227333367,1.0,1.0,1.0,1.0,0.0,0.0
7,40,0.8366992315853307,11.077070539836402,1.0,1.0,0.0,1.0,0.0,1.0
8,40,0.0141907056606811,2.893575556345089,0.0,1.0,0.0,1.0,1.0,0.0
9,40,10.804375729989536,9.080067200532676,1.0,1.0,0.0,0.0,1.0,1.0
10,40,0.0,10.642160034914944,1.0,0.0,0.0,0.0,1.0,1.0
11,40,10.148664628385268,6.56721435373581,1.0,0.0,0.0,1.0,0.0,0.0
12,40,12.0,2.721104093950732,0.0,1.0,1.0,1.0,0.0,1.0
13,40,3.241087167041267,3.7927608578661873,1.0,1.0,1.0,0.0,0.0,1.0
14,40,9.716346493044805,10.999839185491885,0.0,1.0,0.0,0.0,0.0,1.0
15,40,8.499829079135486,7.0029341113489725,0.0,1.0,1.0,1.0,0.0,1.0
16,40,5.317846732288213,3.6007062183157106,0.0,0.0,0.0,0.0,1.0,0.0
17,40,9.02661172843984,7.496263808871094,0.0,0.0,1.0,1.0,0.0,0.0
18,40,11.98733598183276,0.0,1.0,0.0,0.0,0.0,1.0,1.0
19,40,6.029925565616311,1.137116945132905,0.0,0.0,0.0,1.0,1.0,0.0
20,40,5.855181715446058,0.0,0.0,0.0,1.0,1.0,1.0,0.0
21,40,12.0,0.0,1.0,0.0,1.0,0.0,0.0,0.0
22,40,11.678692417276164,11.056801190493273,1.0,0.0,0.0,0.0,0.0,0.0
23,40,8.605473514728736,7.087483649770704,1.0,0.0,0.0,1.0,0.0,0.0
24,40,1.575903311602043,9.767633963685132,1.0,1.0,0.0,0.0,0.0,0.0
25,40,2.5446980620703794,10.332090893994929,0.0,0.0,1.0,0.0,0.0,0.0
26,40,8.602483693662242,11.693579565725894,0.0,0.0,0.0,0.0,0.0,0.0
27,40,0.0,8.662422441501706,0.0,0.0,1.0,0.0,1.0,1.0
28,40,11.283306194341025,9.796310462921983,0.0,0.0,1.0,0.0,1.0,0.0
29,40,4.042861837300948,11.09930348929203,0.0,0.0,0.0,0.0,1.0,1.0
30,40,11.02130451224318,2.619617572812883,0.0,1.0,0.0,0.0,1.0,0.0
31,40,2.8110945812221235,2.1623806162407,1.0,0.0,1.0,0.0,0.0,1.0
32,40,8.477645947854372,5.725863098307722,0.0,1.0,0.0,0.0,0.0,0.0
33,40,3.8170910136645246,2.11907529129666,0.0,0.0,1.0,1.0,1.0,1.0
34,40,5.796633236590899,7.745149851838374,1.0,0.0,1.0,1.0,1.0,0.0
35,40,9.549858277099064,12.0,0.0,1.0,1.0,1.0,1.0,0.0
36,40,10.896359947256464,1.220126522810355,0.0,1.0,0.0,0.0,0.0,0.0
37,40,11.054568283730212,10.016645471330246,0.0,0.0,0.0,0.0,0.0,0.0
38,40,10.25894202694619,7.589257381392153,1.0,1.0,0.0,1.0,0.0,0.0
39,40,0.0,3.769462728482381,0.0,1.0,1.0,0.0,0.0,1.0
0,45,0.6388446453282339,2.1333909072677564,0.0,1.0,1.0,0.0,0.0,0.0
1,45,3.1966453447510825,4.246429750996119,0.0,0.0,0.0,1.0,0.0,0.0
2,45,8.630695334136652,11.717886518803358,1.0,0.0,0.0,0.0,0.0,0.0
3,45,6.105610835558855,10.59245182683341,1.0,0.0,0.0,0.0,1.0,1.0
4,45,2.519480177616391,3.911857802961517,0.0,0.0,0.0,0.0,0.0,1.0
5,45,10.63034370592399,2.358797229534566,1.0,1.0,0.0,1.0,1.0,0.0
6,45,5.655173324206518,6.295604930309327,1.0,1.0,1.0,1.0,0.0,0.0
7,45,0.8163088710868355,11.086861035501464,1.0,1.0,0.0,1.0,0.0,1.0
8,45,0.0232148454632455,2.905078874879323,0.0,1.0,0.0,1.0,1.0,0.0
9,45,10.791744558689349,9.084988574138064,1.0,1.0,0.0,0.0,1.0,1.0
10,45,0.0,10.758922624003317,1.0,0.0,0.0,0.0,1.0,1.0
11,45,10.15627379391628,6.590839192781229,1.0,0.0,0.0,1.0,0.0,0.0
12,45,12.0,2.7080812828215386,0.0,1.0,1.0,1.0,0.0,1.0
13,45,3.1949159138251404,3.754052324947922,1.0,1.0,1.0,0.0,0.0,1.0
14,45,9.692819540523496,10.965520429609176,0.0,1.0,0.0,0.0,0.0,1.0
15,45,8.441195484705252,7.125368435401562,0.0,1.0,1.0,1.0,0.0,1.0
16,45,5.234189361330473,3.5469325018677504,0.0,0.0,0.0,0.0,1.0,0.0
17,45,9.030504717230793,7.43018053105454,0.0,0.0,1.0,1.0,0.0,0.0
18,45,11.986670498987296,0.0,1.0,0.0,0.0,0.0,1.0,1.0
19,45,6.033181129310812,1.1563693019051866,0.0,0.0,0.0,1.0,1.0,0.0
20,45,5.845038997955926,0.0,0.0,0.0,1.0,1.0,1.0,0.0
21,45,12.0,0.0,1.0,0.0,1.0,0.0,0.0,0.0
22,45,11.771321412765436,11.062746939540988,1.0,0.0,0.0,0.0,0.0,0.0
23,45,8.545651312132367,7.102193261129928,1.0,0.0,0.0,1.0,0.0,0.0
24,45,1.5350835933806724,9.745570742462087,1.0,1.0,0.0,0.0,0.0,0.0
25,45,2.621547666963316,10.38125986281183,0.0,0.0,1.0,0.0,0.0,0.0
26,45,8.55567345612495,11.65843403272315,0.0,0.0,0.0,0.0,0.0,0.0
27,45,0.0,8.628589295670944,0.0,0.0,1.0,0.0,1.0,1.0
28,45,11.343374279236398,9.937265391462166,0.0,0.0,1.0,0.0,1.0,0.0
29,45,4.033087773979458,11.0723717496213,0.0,0.0,0.0,0.0,1.0,1.0
30,45,10.911462096672526,2.570867778866599,0.0,1.0,0.0,0.0,1.0,0.0
31,45,2.827134261238032,2.147704435626636,1.0,0.0,1.0,0.0,0.0,1.0
32,45,8.532851273499409,5.810814819841291,0.0,1.0,0.0,0.0,0.0,0.0
33,45,3.7986681305302494,2.132036337067139,0.0,0.0,1.0,1.0,1.0,1.0
34,45,5.78320556028442,7.731233944045644,1.0,0.0,1.0,1.0,1.0,0.0
35,45,9.591947266513394,12.0,0.0,1.0,1.0,1.0,1.0,0.0
36,45,10.898962708871094,1.2265809954917586,0.0,1.0,0.0,0.0,0.0,0.0
37,45,11.070437625755906,9.998016773453337,0.0,0.0,0.0,0.0,0.0,0.0
38,45,10.221241134819468,7.568476534313068,1.0,1.0,0.0,1.0,0.0,0.0
39,45,0.0,3.7471381136108186,0.0,1.0,1.0,0.0,0.0,1.0
0,50,0.7281504667215096,2.019296255883751,0.0,1.0,1.0,0.0,0.0,0.0
1,50,3.138829418760908,4.109221095335372,0.0,0.0,0.0,1.0,0.0,0.0
2,50,8.601042613598457,11.775546985620526,1.0,0.0,0.0,0.0,0.0,0.0
3,50,6.12866548964969,10.674536985400763,1.0,0.0,0.0,0.0,1.0,1.0
4,50,2.554602622071,3.9076412440421255,0.0,0.0,0.0,0.0,0.0,1.0
5,50,10.588371900960396,2.291852326494338,1.0,1.0,0.0,1.0,1.0,0.0
6,50,5.615124950475484,6.330575321984981,1.0,1.0,1.0,1.0,0.0,0.0
7,50,0.802537355797863,11.093648286459882,1.0,1.0,0.0,1.0,0.0,1.0
8,50,0.0323673189999842,2.917263148198572,0.0,1.0,0.0,1.0,1.0,0.0
9,50,10.7989423656983,9.08228021170793,1.0,1.0,0.0,0.0,1.0,1.0
10,50,0.0,10.86641796258504,1.0,0.0,0.0,0.0,1.0,1.0
11,50,10.164204321561597,6.613956420886807,1.0,0.0,0.0,1.0,0.0,0.0
12,50,12.0,2.6924900058582333,0.0,1.0,1.0,1.0,0.0,1.0
13,50,3.1347689664581067,3.704379937537944,1.0,1.0,1.0,0.0,0.0,1.0
14,50,9.665661537966445,10.92672956549352,0.0,1.0,0.0,0.0,0.0,1.0
15,50,8.388210879941584,7.240675301037352,0.0,1.0,1.0,1.0,0.0,1.0
16,50,5.126398274241681,3.474050328119287,0.0,0.0,0.0,0.0,1.0,0.0
17,50,9.03440123874034,7.36081954766893,0.0,0.0,1.0,1.0,0.0,0.0
18,50,11.986375109412007,0.0,1.0,0.0,0.0,0.0,1.0,1.0
19,50,6.0368981616829736,1.1788683031774732,0.0,0.0,0.0,1.0,1.0,0.0
20,50,5.834850425680614,0.0,0.0,0.0,1.0,1.0,1.0,0.0
21,50,12.0,0.0,1.0,0.0,1.0,0.0,0.0,0.0
22,50,11.85037303169413,11.065338715177331,1.0,0.0,0.0,0.0,0.0,0.0
23,50,8.529339566640449,7.041180084807336,1.0,0.0,0.0,1.0,0.0,0.0
24,50,1.4894447334172798,9.719428350632992,1.0,1.0,0.0,0.0,0.0,0.0
25,50,2.69059891439143,10.4228496454797,0.0,0.0,1.0,0.0,0.0,0.0
26,50,8.501499181236513,11.62075346535778,0.0,0.0,0.0,0.0,0.0,0.0
27,50,0.0,8.618785155390452,0.0,0.0,1.0,0.0,1.0,1.0
28,50,11.401131306725134,10.07189147883673,0.0,0.0,1.0,0.0,1.0,0.0
29,50,4.024324942615387,11.048410521348169,0.0,0.0,0.0,0.0,1.0,1.0
30,50,10.805693167383286,2.5291974628037512,0.0,1.0,0.0,0.0,1.0,0.0
31,50,2.8385951627079784,2.137419004075461,1.0,0.0,1.0,0.0,0.0,1.0
32,50,8.600880240897514,5.909194437012969,0.0,1.0,0.0,0.0,0.0,0.0
33,50,3.7808702769321543,2.14447588843312,0.0,0.0,1.0,1.0,1.0,1.0
34,50,5.755886046525521,7.703334551863073,1.0,0.0,1.0,1.0,1.0,0.0
35,50,9.632247994224404,12.0,0.0,1.0,1.0,1.0,1.0,0.0
36,50,10.89836732445492,1.2251197635989008,0.0,1.0,0.0,0.0,0.0,0.0
37,50,11.104984459400224,9.960210209690896,0.0,0.0,0.0,0.0,0.0,0.0
38,50,10.174348330594832,7.54318547883014,1.0,1.0,0.0,1.0,0.0,0.0
39,50,0.0,3.720764966302473,0.0,1.0,1.0,0.0,0.0,1.0
0,55,0.8262580459949602,1.896588703345631,0.0,1.0,1.0,0.0,0.0,0.0
1,55,3.083750236214984,3.967975126057492,0.0,0.0,0.0,1.0,0.0,0.0
2,55,8.57578283397063,11.82685311903561,1.0,0.0,0.0,0.0,0.0,0.0
3,55,6.152887248553351,10.757923136303493,1.0,0.0,0.0,0.0,1.0,1.0
4,55,2.599289967488634,3.901755524925509,0.0,0.0,0.0,0.0,0.0,1.0
5,55,10.552562794527384,2.2345479084131523,1.0,1.0,0.0,1.0,1.0,0.0
6,55,5.581626294460963,6.360840851794988,1.0,1.0,1.0,1.0,0.0,0.0
7,55,0.789628750988524,11.10001181311548,1.0,1.0,0.0,1.0,0.0,1.0
8,55,0.047457431905795,2.937502681765684,0.0,1.0,0.0,1.0,1.0,0.0
9,55,10.809486347311177,9.078523834808898,1.0,1.0,0.0,0.0,1.0,1.0
10,55,0.0,10.962511804003205,1.0,0.0,0.0,0.0,1.0,1.0
11,55,10.170271544574469,6.631351388778386,1.0,0.0,0.0,1.0,0.0,0.0
12,55,12.0,2.673901398197001,0.0,1.0,1.0,1.0,0.0,1.0
13,55,3.076194100219659,3.6544712867633926,1.0,1.0,1.0,0.0,0.0,1.0
14,55,9.634329171493716,10.880483850456152,0.0,1.0,0.0,0.0,0.0,1.0
15,55,8.32792368012332,7.37181572703745,0.0,1.0,1.0,1.0,0.0,1.0
16,55,5.020697183304408,3.3972536873473342,0.0,0.0,0.0,0.0,1.0,0.0
17,55,9.037189059823396,7.293126229946988,0.0,0.0,1.0,1.0,0.0,0.0
18,55,11.986505995106391,0.0027804563988065,1.0,0.0,0.0,0.0,1.0,1.0
19,55,6.04302461544266,1.2173288325426026,0.0,0.0,0.0,1.0,1.0,0.0
20,55,5.823222291437783,0.0,0.0,0.0,1.0,1.0,1.0,0.0
21,55,12.0,0.0,1.0,0.0,1.0,0.0,0.0,0.0
22,55,11.920200420005694,11.06887514313578,1.0,0.0,0.0,0.0,0.0,0.0
23,55,8.509307656986945,6.966735738202056,1.0,0.0,0.0,1.0,0.0,0.0
24,55,1.448145724364565,9.696043973467912,1.0,1.0,0.0,0.0,0.0,0.0
25,55,2.7586462437139097,10.462995465116204,0.0,0.0,1.0,0.0,0.0,0.0
26,55,8.447502849078568,11.585000786813684,0.0,0.0,0.0,0.0,0.0,0.0
27,55,0.0,8.589045708213506,0.0,0.0,1.0,0.0,1.0,1.0
28,55,11.45551526663726,10.210120955943347,0.0,0.0,1.0,0.0,1.0,0.0
29,55,4.0163600663044585,11.025725853604534,0.0,0.0,0.0,0.0,1.0,1.0
30,55,10.717007393128384,2.4944290789214234,0.0,1.0,0.0,0.0,1.0,0.0
31,55,2.857414982873049,2.1207745537453064,1.0,0.0,1.0,0.0,0.0,1.0
32,55,8.67633292441111,6.020103810753451,0.0,1.0,0.0,0.0,0.0,0.0
33,55,3.7712318138055823,2.1511339310713025,0.0,0.0,1.0,1.0,1.0,1.0
34,55,5.734610328457985,7.681709685962377,1.0,0.0,1.0,1.0,1.0,0.0
35,55,9.667075828080952,12.0,0.0,1.0,1.0,1.0,1.0,0.0
36,55,10.904782869699243,1.239973133921453,0.0,1.0,0.0,0.0,0.0,0.0
37,55,11.128815191757198,9.933047409520116,0.0,0.0,0.0,0.0,0.0,0.0
38,55,10.125846368107544,7.515975387877667,1.0,1.0,0.0,1.0,0.0,0.0
39,55,0.0,3.685744203019264,0.0,1.0,1.0,0.0,0.0,1.0
0,60,0.9210791732757624,1.774811899906981,0.0,1.0,1.0,0.0,0.0,0.0
1,60,3.024612549217186,3.808086357146607,0.0,0.0,0.0,1.0,0.0,0.0
2,60,8.533988113267721,11.908440101994442,1.0,0.0,0.0,0.0,0.0,0.0
3,60,6.1722908289053,10.823700475586817,1.0,0.0,0.0,0.0,1.0,1.0
4,60,2.640543074009361,3.8968924566546,0.0,0.0,0.0,0.0,0.0,1.0
5,60,10.50716379372361,2.158002237265793,1.0,1.0,0.0,1.0,1.0,0.0
6,60,5.53332412787941,6.405677422425479,1.0,1.0,1.0,1.0,0.0,0.0
7,60,0.7894239667125894,11.100108920932431,1.0,1.0,0.0,1.0,0.0,1.0
8,60,0.0586244947573538,2.952596193099448,0.0,1.0,0.0,1.0,1.0,0.0
9,60,10.816610571304334,9.076017664918387,1.0,1.0,0.0,0.0,1.0,1.0
10,60,0.0,11.040342302924056,1.0,0.0,0.0,0.0,1.0,1.0
11,60,10.170530414515609,6.632155920166557,1.0,0.0,0.0,1.0,0.0,0.0
12,60,12.0,2.660567681662106,0.0,1.0,1.0,1.0,0.0,1.0
13,60,3.027644653496454,3.612821667434622,1.0,1.0,1.0,0.0,0.0,1.0
14,60,9.605425039214714,10.837795607415869,0.0,1.0,0.0,0.0,0.0,1.0
15,60,8.260864800835325,7.507003148212853,0.0,1.0,1.0,1.0,0.0,1.0
16,60,4.8971696912584415,3.3032177783403376,0.0,0.0,0.0,0.0,1.0,0.0
17,60,9.040150772230636,7.224047414989475,0.0,0.0,1.0,1.0,0.0,0.0
18,60,11.98741480528484,0.0156621833846327,1.0,0.0,0.0,0.0,1.0,1.0
19,60,6.049897654674431,1.258884340274806,0.0,0.0,0.0,1.0,1.0,0.0
20,60,5.808678436158702,0.0,0.0,0.0,1.0,1.0,1.0,0.0
21,60,11.996979632888282,0.0053056671125243,1.0,0.0,1.0,0.0,0.0,0.0
22,60,11.999555949933749,11.071629007007948,1.0,0.0,0.0,0.0,0.0,0.0
23,60,8.492109859364671,6.90784970659813,1.0,0.0,0.0,1.0,0.0,0.0
24,60,1.4011964857747152,9.670343375481597,1.0,1.0,0.0,0.0,0.0,0.0
25,60,2.82996108449293,10.506715978428614,0.0,0.0,1.0,0.0,0.0,0.0
26,60,8.396218305538605,11.552272722447825,0.0,0.0,0.0,0.0,0.0,0.0
27,60,0.0,8.562866456777039,0.0,0.0,1.0,0.0,1.0,1.0
28,60,11.498243664003931,10.324826106077897,0.0,0.0,1.0,0.0,1.0,0.0
29,60,4.008943892179667,11.005311018091446,0.0,0.0,0.0,0.0,1.0,1.0
30,60,10.636316909611402,2.4627022395514206,0.0,1.0,0.0,0.0,1.0,0.0
31,60,2.8655937738035124,2.113422421364721,1.0,0.0,1.0,0.0,0.0,1.0
32,60,8.755824997239513,6.134952435265963,0.0,1.0,0.0,0.0,0.0,0.0
33,60,3.764770566059494,2.155425167271552,0.0,0.0,1.0,1.0,1.0,1.0
34,60,5.70387092451369,7.650223718848027,1.0,0.0,1.0,1.0,1.0,0.0
35,60,9.717901057019166,12.0,0.0,1.0,1.0,1.0,1.0,0.0
36,60,10.922379868702462,1.2814707035055968,0.0,1.0,0.0,0.0,0.0,0.0
37,60,11.156123642167096,9.903527874905636,0.0,0.0,0.0,0.0,0.0,0.0
38,60,10.082673511299484,7.491652591459251,1.0,1.0,0.0,1.0,0.0,0.0
39,60,0.0,3.640877478581509,0.0,1.0,1.0,0.0,0.0,1.0
0,65,1.0158274064785286,1.6502115259645878,0.0,1.0,1.0,0.0,0.0,0.0
1,65,2.9589321386229424,3.633879446765396,0.0,0.0,0.0,1.0,0.0,0.0
2,65,8.511976519788941,11.95127499035841,1.0,0.0,0.0,0.0,0.0,0.0
3,65,6.189959290542034,10.884589366803205,1.0,0.0,0.0,0.0,1.0,1.0
4,65,2.6718003174361704,3.892444334509416,0.0,0.0,0.0,0.0,0.0,1.0
5,65,10.463711666652737,2.082139877596582,1.0,1.0,0.0,1.0,1.0,0.0
6,65,5.475087457539828,6.4609656024664215,1.0,1.0,1.0,1.0,0.0,0.0
7,65,0.7711251562188673,11.10885303030996,1.0,1.0,0.0,1.0,0.0,1.0
8,65,0.072440283482402,2.971433479149851,0.0,1.0,0.0,1.0,1.0,0.0
9,65,10.820218437800758,9.074743792105377,1.0,1.0,0.0,0.0,1.0,1.0
10,65,0.0,11.107066774246418,1.0,0.0,0.0,0.0,1.0,1.0
11,65,10.17328272670329,6.640143830255108,1.0,0.0,0.0,1.0,0.0,0.0
12,65,12.0,2.6508210356966107,0.0,1.0,1.0,1.0,0.0,1.0
13,65,2.9702433254946072,3.563785493361051,1.0,1.0,1.0,0.0,0.0,1.0
14,65,9.580363067539713,10.801442580638309,0.0,1.0,0.0,0.0,0.0,1.0
15,65,8.20709005439985,7.612730887698246,0.0,1.0,1.0,1.0,0.0,1.0
16,65,4.782564246644782,3.2247241742267025,0.0,0.0,0.0,0.0,1.0,0.0
17,65,9.043430664211105,7.165979378397228,0.0,0.0,1.0,1.0,0.0,0.0
18,65,11.987340047360693,0.0145019563999477,1.0,0.0,0.0,0.0,1.0,1.0
19,65,6.055578645444834,1.2943168025689356,0.0,0.0,0.0,1.0,1.0,0.0
20,65,5.802534821350213,0.0,0.0,0.0,1.0,1.0,1.0,0.0
21,65,11.993849171719887,0.0109696580465527,1.0,0.0,1.0,0.0,0.0,0.0
22,65,12.0,11.074215168954264,1.0,0.0,0.0,0.0,0.0,0.0
23,65,8.478548602517215,6.853780495336192,1.0,0.0,0.0,1.0,0.0,0.0
24,65,1.3344504270776023,9.635129993172653,1.0,1.0,0.0,0.0,0.0,0.0
25,65,2.8980378400875737,10.547919178289868,0.0,0.0,1.0,0.0,0.0,0.0
26,65,8.366728220524058,11.534093768023803,0.0,0.0,0.0,0.0,0.0,0.0
27,65,0.0,8.538129069793769,0.0,0.0,1.0,0.0,1.0,1.0
28,65,11.533950945972489,10.420414837559468,0.0,0.0,1.0,0.0,1.0,0.0
29,65,3.99802474565875,10.975296214213364,0.0,0.0,0.0,0.0,1.0,1.0
30,65,10.551731745361664,2.430647859045067,0.0,1.0,0.0,0.0,1.0,0.0
31,65,2.8702321079608537,2.1091814952598185,1.0,0.0,1.0,0.0,0.0,1.0
32,65,8.84780064059575,6.259395249978906,0.0,1.0,0.0,0.0,0.0,0.0
33,65,3.765789507629488,2.154743228734658,0.0,0.0,1.0,1.0,1.0,1.0
34,65,5.683342998493444,7.629715317863887,1.0,0.0,1.0,1.0,1.0,0.0
35,65,9.77340831950504,12.0,0.0,1.0,1.0,1.0,1.0,0.0
36,65,10.938392654807656,1.3189295474100295,0.0,1.0,0.0,0.0,0.0,0.0
37,65,11.174547231723263,9.882757786495848,0.0,0.0,0.0,0.0,0.0,0.0
38,65,10.03806021700771,7.462743625039129,1.0,1.0,0.0,1.0,0.0,0.0
39,65,0.0,3.595588610902568,0.0,1.0,1.0,0.0,0.0,1.0
0,70,1.1076176874248365,1.5308660720421488,0.0,1.0,1.0,0.0,0.0,0.0
1,70,2.89857792960851,3.465004895017086,0.0,0.0,0.0,1.0,0.0,0.0
2,70,8.497185048880333,11.978623904886746,1.0,0.0,0.0,0.0,0.0,0.0
3,70,6.202689874921283,10.92608878171168,1.0,0.0,0.0,0.0,1.0,1.0
4,70,2.715587779592412,3.885666021818771,0.0,0.0,0.0,0.0,0.0,1.0
5,70,10.434065043768294,2.030862103445898,1.0,1.0,0.0,1.0,1.0,0.0
6,70,5.410468379871941,6.525477966149931,1.0,1.0,1.0,1.0,0.0,0.0
7,70,0.7674219070783386,11.11054106143795,1.0,1.0,0.0,1.0,0.0,1.0
8,70,0.0836658729276675,2.9865778095968323,0.0,1.0,0.0,1.0,1.0,0.0
9,70,10.847874609583284,9.065442879832556,1.0,1.0,0.0,0.0,1.0,1.0
10,70,0.0,11.17547895934898,1.0,0.0,0.0,0.0,1.0,1.0
11,70,10.17516763102,6.6458156974402325,1.0,0.0,0.0,1.0,0.0,0.0
12,70,12.0,2.6357041780938437,0.0,1.0,1.0,1.0,0.0,1.0
13,70,2.901561918674119,3.5028037482311456,1.0,1.0,1.0,0.0,0.0,1.0
14,70,9.54959496238849,10.75809911722932,0.0,1.0,0.0,0.0,0.0,1.0
15,70,8.150866805903918,7.715262421611835,0.0,1.0,1.0,1.0,0.0,1.0
16,70,4.661595641543365,3.13858819170732,0.0,0.0,0.0,0.0,1.0,0.0
17,70,9.046245100882224,7.116932796372202,0.0,0.0,1.0,1.0,0.0,0.0
18,70,11.986394877161532,0.0,1.0,0.0,0.0,0.0,1.0,1.0
19,70,6.059763018522536,1.320584312314322,0.0,0.0,0.0,1.0,1.0,0.0
20,70,5.803325594569801,0.00309285746519,0.0,0.0,1.0,1.0,1.0,0.0
21,70,11.990347699445866,0.0171257438213952,1.0,0.0,1.0,0.0,0.0,0.0
22,70,12.0,11.074448295793085,1.0,0.0,0.0,0.0,0.0,0.0
23,70,8.461141838192024,6.7868413044594185,1.0,0.0,0.0,1.0,0.0,0.0
24,70,1.2468195431623448,9.589385731359847,1.0,1.0,0.0,0.0,0.0,0.0
25,70,2.9644362592859315,10.588384048123425,0.0,0.0,1.0,0.0,0.0,0.0
26,70,8.374277323194587,11.538588383780557,0.0,0.0,0.0,0.0,0.0,0.0
27,70,0.0,8.523315652124335,0.0,0.0,1.0,0.0,1.0,1.0
28,70,11.5714759324101,10.517859367833298,0.0,0.0,1.0,0.0,1.0,0.0
29,70,3.986825567132088,10.944896464412968,0.0,0.0,0.0,0.0,1.0,1.0
30,70,10.493072392778055,2.4077775510335275,0.0,1.0,0.0,0.0,1.0,0.0
31,70,2.880359191713965,2.0995417162038748,1.0,0.0,1.0,0.0,0.0,1.0
32,70,8.923179326075282,6.3614191241493945,0.0,1.0,0.0,0.0,0.0,0.0
33,70,3.756533349635038,2.1612764201443486,0.0,0.0,1.0,1.0,1.0,1.0
34,70,5.669365387921802,7.615604831047335,1.0,0.0,1.0,1.0,1.0,0.0
35,70,9.83177393289744,12.0,0.0,1.0,1.0,1.0,1.0,0.0
36,70,10.951510874568385,1.348732959354432,0.0,1.0,0.0,0.0,0.0,0.0
37,70,11.190945174986773,9.863897185753975,0.0,0.0,0.0,0.0,0.0,0.0
38,70,9.9924688717222,7.433638616335631,1.0,1.0,0.0,1.0,0.0,0.0
39,70,0.0,3.557087151494988,0.0,1.0,1.0,0.0,0.0,1.0
0,75,1.1980901267895832,1.418920301883145,0.0,1.0,1.0,0.0,0.0,0.0
1,75,2.843869253490363,3.307024861130506,0.0,0.0,0.0,1.0,0.0,0.0
2,75,8.484764714505351,12.0,1.0,0.0,0.0,0.0,0.0,0.0
3,75,6.213671489300809,10.964010253203206,1.0,0.0,0.0,0.0,1.0,1.0
4,75,2.7601164717929145,3.879023408941941,0.0,0.0,0.0,0.0,0.0,1.0
5,75,10.40556022481699,1.9803090527396288,1.0,1.0,0.0,1.0,1.0,0.0
6,75,5.337995774271295,6.60200690016333,1.0,1.0,1.0,1.0,0.0,0.0
7,75,0.7685600984606323,11.110009614850169,1.0,1.0,0.0,1.0,0.0,1.0
8,75,0.1020042166275596,3.0131670503438466,0.0,1.0,0.0,1.0,1.0,0.0
9,75,10.87296406560116,9.056937676836617,1.0,1.0,0.0,0.0,1.0,1.0
10,75,0.0,11.255093943965113,1.0,0.0,0.0,0.0,1.0,1.0
11,75,10.182613568056365,6.668594262924283,1.0,0.0,0.0,1.0,0.0,0.0
12,75,12.0,2.6232604199270546,0.0,1.0,1.0,1.0,0.0,1.0
13,75,2.84040551770943,3.447209428479019,1.0,1.0,1.0,0.0,0.0,1.0
14,75,9.503699246297504,10.692338893281171,0.0,1.0,0.0,0.0,0.0,1.0
15,75,8.097138993565167,7.810708345503053,0.0,1.0,1.0,1.0,0.0,1.0
16,75,4.532701555836732,3.0486729341976693,0.0,0.0,0.0,0.0,1.0,0.0
17,75,9.048948437791893,7.075336686777862,0.0,0.0,1.0,1.0,0.0,0.0
18,75,11.984492709202287,0.0,1.0,0.0,0.0,0.0,1.0,1.0
19,75,6.063628261201479,1.3433936024068198,0.0,0.0,0.0,1.0,1.0,0.0
20,75,5.802523678353933,0.0002246736765516,0.0,0.0,1.0,1.0,1.0,0.0
21,75,11.98489867396142,0.0274025545500375,1.0,0.0,1.0,0.0,0.0,0.0
22,75,12.0,11.074680577341292,1.0,0.0,0.0,0.0,0.0,0.0
23,75,8.443552138978202,6.723445572022203,1.0,0.0,0.0,1.0,0.0,0.0
24,75,1.1537120648977708,9.540251723266437,1.0,1.0,0.0,0.0,0.0,0.0
25,75,3.0366715166343314,10.631786319193314,0.0,0.0,1.0,0.0,0.0,0.0
26,75,8.382125465899039,11.543155837609255,0.0,0.0,0.0,0.0,0.0,0.0
27,75,0.0,8.511972974087564,0.0,0.0,1.0,0.0,1.0,1.0
28,75,11.598955449884896,10.590688161240925,0.0,0.0,1.0,0.0,1.0,0.0
29,75,3.976348780771917,10.916488774840955,0.0,0.0,0.0,0.0,1.0,1.0
30,75,10.419214764811636,2.3809763948707854,0.0,1.0,0.0,0.0,1.0,0.0
31,75,2.905158392755833,2.076309078369696,1.0,0.0,1.0,0.0,0.0,1.0
32,75,9.003876559169079,6.471373169290179,0.0,1.0,0.0,0.0,0.0,0.0
33,75,3.743281755612555,2.170211702611392,0.0,0.0,1.0,1.0,1.0,1.0
34,75,5.65566620866976,7.6012363757068835,1.0,0.0,1.0,1.0,1.0,0.0
35,75,9.907172462990191,12.0,0.0,1.0,1.0,1.0,1.0,0.0
36,75,10.966965902842052,1.3835076236722348,0.0,1.0,0.0,0.0,0.0,0.0
37,75,11.199180746855008,9.854152575535482,0.0,0.0,0.0,0.0,0.0,0.0
38,75,9.951831085165354,7.408082887689292,1.0,1.0,0.0,1.0,0.0,0.0
39,75,0.0,3.522337048930396,0.0,1.0,1.0,0.0,0.0,1.0
0,80,1.3001762776034114,1.2952178176073543,0.0,1.0,1.0,0.0,0.0,0.0
1,80,2.7930816653732933,3.159780734874853,0.0,0.0,0.0,1.0,0.0,0.0
2,80,8.48263962395345,12.0,1.0,0.0,0.0,0.0,0.0,0.0
3,80,6.229182695477752,11.019809789916842,1.0,0.0,0.0,0.0,1.0,1.0
4,80,2.8160038673564523,3.872894932694959,0.0,0.0,0.0,0.0,0.0,1.0
5,80,10.368725535344186,1.9163815881678432,1.0,1.0,0.0,1.0,1.0,0.0
6,80,5.262841822789646,6.683497433631244,1.0,1.0,1.0,1.0,0.0,0.0
7,80,0.7402326803498044,11.12236696651902,1.0,1.0,0.0,1.0,0.0,1.0
8,80,0.1182685508024682,3.0364154563379624,0.0,1.0,0.0,1.0,1.0,0.0
9,80,10.89854988944303,9.048423124645351,1.0,1.0,0.0,0.0,1.0,1.0
10,80,0.0,11.32397539739993,1.0,0.0,0.0,0.0,1.0,1.0
11,80,10.191469963808366,6.697306723542211,1.0,0.0,0.0,1.0,0.0,0.0
12,80,12.0,2.6033844741456944,0.0,1.0,1.0,1.0,0.0,1.0
13,80,2.796185400372804,3.4049489332332903,1.0,1.0,1.0,0.0,0.0,1.0
14,80,9.458367860619484,10.628340625192497,0.0,1.0,0.0,0.0,0.0,1.0
15,80,8.05268175222723,7.885924376583225,0.0,1.0,1.0,1.0,0.0,1.0
16,80,4.384719616602872,2.9482699225992497,0.0,0.0,0.0,0.0,1.0,0.0
17,80,9.051686613850036,7.035345727248161,0.0,0.0,1.0,1.0,0.0,0.0
18,80,11.984102548524891,0.0,1.0,0.0,0.0,0.0,1.0,1.0
19,80,6.064396588749129,1.3478591850837187,0.0,0.0,0.0,1.0,1.0,0.0
20,80,5.806141670290263,0.0140704820490591,0.0,0.0,1.0,1.0,1.0,0.0
21,80,11.973829616497602,0.0470032774824724,1.0,0.0,1.0,0.0,0.0,0.0
22,80,12.0,11.073980075481304,1.0,0.0,0.0,0.0,0.0,0.0
23,80,8.420684719536252,6.64615959203345,1.0,0.0,0.0,1.0,0.0,0.0
24,80,1.0381462237681054,9.4795617245297,1.0,1.0,0.0,0.0,0.0,0.0
25,80,3.1181470832045477,10.680731454783928,0.0,0.0,1.0,0.0,0.0,0.0
26,80,8.392649029670746,11.549163976742468,0.0,0.0,0.0,0.0,0.0,0.0
27,80,0.0,8.481683583042395,0.0,0.0,1.0,0.0,1.0,1.0
28,80,11.625632510410558,10.660393600888357,0.0,0.0,1.0,0.0,1.0,0.0
29,80,3.970519790676716,10.899569366798003,0.0,0.0,0.0,0.0,1.0,1.0
30,80,10.328449353655833,2.3477203895437504,0.0,1.0,0.0,0.0,1.0,0.0
31,80,2.936976342459722,2.044832814562254,1.0,0.0,1.0,0.0,0.0,1.0
32,80,9.075545384888764,6.567462234611813,0.0,1.0,0.0,0.0,0.0,0.0
33,80,3.732975558398516,2.177518071928514,0.0,0.0,1.0,1.0,1.0,1.0
34,80,5.637286981103149,7.581300676418716,1.0,0.0,1.0,1.0,1.0,0.0
35,80,9.955911107431026,11.938199491151506,0.0,1.0,1.0,1.0,1.0,0.0
36,80,10.97594479594382,1.404209859325679,0.0,1.0,0.0,0.0,0.0,0.0
37,80,11.209704251912225,9.841995990740417,0.0,0.0,0.0,0.0,0.0,0.0
38,80,9.917900207075965,7.387762490226362,1.0,1.0,0.0,1.0,0.0,0.0
39,80,0.0,3.4898263450475717,0.0,1.0,1.0,0.0,0.0,1.0
0,85,1.3886557058297355,1.1906664222000014,0.0,1.0,1.0,0.0,0.0,0.0
1,85,2.733547333203471,3.0010403382010646,0.0,0.0,0.0,1.0,0.0,0.0
2,85,8.475936036368047,12.0,1.0,0.0,0.0,0.0,0.0,0.0
3,85,6.244880607431886,11.075078389524707,1.0,0.0,0.0,0.0,1.0,1.0
4,85,2.8962825386229114,3.863404629458002,0.0,0.0,0.0,0.0,0.0,1.0
5,85,10.323648377878722,1.839791456572072,1.0,1.0,0.0,1.0,1.0,0.0
6,85,5.187047852876342,6.766058247911077,1.0,1.0,1.0,1.0,0.0,0.0
7,85,0.7209504290410362,11.130629252463114,1.0,1.0,0.0,1.0,0.0,1.0
8,85,0.1382369996716996,3.0652541318532087,0.0,1.0,0.0,1.0,1.0,0.0
9,85,10.946778322463748,9.032487941861485,1.0,1.0,0.0,0.0,1.0,1.0
10,85,0.0,11.383921252770996,1.0,0.0,0.0,0.0,1.0,1.0
11,85,10.202235553289349,6.731156381923651,1.0,0.0,0.0,1.0,0.0,0.0
12,85,12.0,2.592907489571481,0.0,1.0,1.0,1.0,0.0,1.0
13,85,2.731576269843736,3.342642195241024,1.0,1.0,1.0,0.0,0.0,1.0
14,85,9.414430485632144,10.568398405248333,0.0,1.0,0.0,0.0,0.0,1.0
15,85,8.008495675598407,7.961237516857612,0.0,1.0,1.0,1.0,0.0,1.0
16,85,4.236049179062119,2.852729163804038,0.0,0.0,0.0,0.0,1.0,0.0
17,85,9.05378143865177,7.008907360842894,0.0,0.0,1.0,1.0,0.0,0.0
18,85,11.984154181164412,0.000627128016926,1.0,0.0,0.0,0.0,1.0,1.0
19,85,6.065149807240669,1.3520096783875384,0.0,0.0,0.0,1.0,1.0,0.0
20,85,5.812380038294801,0.0405318037001273,0.0,0.0,1.0,1.0,1.0,0.0
21,85,11.96108212221614,0.0707711499646737,1.0,0.0,1.0,0.0,0.0,0.0
22,85,12.0,11.071748199841664,1.0,0.0,0.0,0.0,0.0,0.0
23,85,8.398759863655268,6.567460683704076,1.0,0.0,0.0,1.0,0.0,0.0
24,85,0.941233426673056,9.426675986563184,1.0,1.0,0.0,0.0,0.0,0.0
25,85,3.1910055956429395,10.726721852992922,0.0,0.0,1.0,0.0,0.0,0.0
26,85,8.394825185410586,11.550342274390406,0.0,0.0,0.0,0.0,0.0,0.0
27,85,0.0,8.432322871327429,0.0,0.0,1.0,0.0,1.0,1.0
28,85,11.651121824337112,10.730099983024168,0.0,0.0,1.0,0.0,1.0,0.0
29,85,3.962894129802313,10.87741534163032,0.0,0.0,0.0,0.0,1.0,1.0
30,85,10.23188596777752,2.312504568344069,0.0,1.0,0.0,0.0,1.0,0.0
31,85,2.961445581749065,2.020050295347616,1.0,0.0,1.0,0.0,0.0,1.0
32,85,9.160029249292672,6.677433126326161,0.0,1.0,0.0,0.0,0.0,0.0
33,85,3.7420566387389527,2.170871663257665,0.0,0.0,1.0,1.0,1.0,1.0
34,85,5.629350160603319,7.572089384917907,1.0,0.0,1.0,1.0,1.0,0.0
35,85,10.00564307388579,11.875755781123855,0.0,1.0,1.0,1.0,1.0,0.0
36,85,10.9952970348001,1.4486022872183268,0.0,1.0,0.0,0.0,0.0,0.0
37,85,11.228892711603306,9.82050061550378,0.0,0.0,0.0,0.0,0.0,0.0
38,85,9.879257467215671,7.364214146943582,1.0,1.0,0.0,1.0,0.0,0.0
39,85,0.0,3.4551902360040927,0.0,1.0,1.0,0.0,0.0,1.0
0,90,1.4744728031477352,1.0888590630942303,0.0,1.0,1.0,0.0,0.0,0.0
1,90,2.671786170223789,2.8290320219535063,0.0,0.0,0.0,1.0,0.0,0.0
2,90,8.46026910198998,12.0,1.0,0.0,0.0,0.0,0.0,0.0
3,90,6.257018840769585,11.118648044600068,1.0,0.0,0.0,0.0,1.0,1.0
4,90,2.965576182638239,3.857117144747472,0.0,0.0,0.0,0.0,0.0,1.0
5,90,10.273504369596177,1.7518571704699826,1.0,1.0,0.0,1.0,1.0,0.0
6,90,5.120760498046491,6.834818398879121,1.0,1.0,1.0,1.0,0.0,0.0
7,90,0.7135559501822561,11.133792466443255,1.0,1.0,0.0,1.0,0.0,1.0
8,90,0.1497554255334568,3.081874171710275,0.0,1.0,0.0,1.0,1.0,0.0
9,90,10.998104944370017,9.015574177365442,1.0,1.0,0.0,0.0,1.0,1.0
10,90,0.0,11.460355668463624,1.0,0.0,0.0,0.0,1.0,1.0
11,90,10.212082396718278,6.7605236454089495,1.0,0.0,0.0,1.0,0.0,0.0
12,90,12.0,2.5725352454669186,0.0,1.0,1.0,1.0,0.0,1.0
13,90,2.658585939663594,3.271199781809312,1.0,1.0,1.0,0.0,0.0,1.0
14,90,9.364197359505749,10.500497839825764,0.0,1.0,0.0,0.0,0.0,1.0
15,90,7.968586049220303,8.027907618783482,0.0,1.0,1.0,1.0,0.0,1.0
16,90,4.072691333643034,2.749993633767568,0.0,0.0,0.0,0.0,1.0,0.0
17,90,9.05506418590901,6.992478624801507,0.0,0.0,1.0,1.0,0.0,0.0
18,90,11.986344968986495,0.0276208194857847,1.0,0.0,0.0,0.0,1.0,1.0
19,90,6.063567471599066,1.3436502544682265,0.0,0.0,0.0,1.0,1.0,0.0
20,90,5.813502293518711,0.0452361861262075,0.0,0.0,1.0,1.0,1.0,0.0
21,90,11.955959613491192,0.0802241674212492,1.0,0.0,1.0,0.0,0.0,0.0
22,90,12.0,11.067494124038864,1.0,0.0,0.0,0.0,0.0,0.0
23,90,8.378860580787677,6.493487233356475,1.0,0.0,0.0,1.0,0.0,0.0
24,90,0.8407069478784202,9.371863767640711,1.0,1.0,0.0,0.0,0.0,0.0
25,90,3.2620621855846816,10.770404110210064,0.0,0.0,1.0,0.0,0.0,0.0
26,90,8.401539717795853,11.554060794350484,0.0,0.0,0.0,0.0,0.0,0.0
27,90,0.0,8.392133913622997,0.0,0.0,1.0,0.0,1.0,1.0
28,90,11.671373007792829,10.792529643079709,0.0,0.0,1.0,0.0,1.0,0.0
29,90,3.9551267968354646,10.856679586111316,0.0,0.0,0.0,0.0,1.0,1.0
30,90,10.146940884741056,2.280877187280413,0.0,1.0,0.0,0.0,1.0,0.0
31,90,2.996705945079228,1.9850056845075128,1.0,0.0,1.0,0.0,0.0,1.0
32,90,9.260615864377597,6.8073809668235725,0.0,1.0,0.0,0.0,0.0,0.0
33,90,3.771827495821625,2.149257594291621,0.0,0.0,1.0,1.0,1.0,1.0
34,90,5.611311343250508,7.551154402182933,1.0,0.0,1.0,1.0,1.0,0.0
35,90,10.04458936958205,11.828809163964788,0.0,1.0,1.0,1.0,1.0,0.0
36,90,11.015549870587206,1.4938493403096254,0.0,1.0,0.0,0.0,0.0,0.0
37,90,11.239243686602142,9.809061988145334,0.0,0.0,0.0,0.0,0.0,0.0
38,90,9.83540007910654,7.337764444186378,1.0,1.0,0.0,1.0,0.0,0.0
39,90,0.0,3.424996448232368,0.0,1.0,1.0,0.0,0.0,1.0
0,95,1.5550758027601064,0.9870978681084336,0.0,1.0,1.0,0.0,0.0,0.0
1,95,2.6029080294874,2.6404934277054948,0.0,0.0,0.0,1.0,0.0,0.0
2,95,8.455640319074641,12.0,1.0,0.0,0.0,0.0,0.0,0.0
3,95,6.26996123790244,11.170071010802054,1.0,0.0,0.0,0.0,1.0,1.0
4,95,3.0562338427396987,3.851757661608278,0.0,0.0,0.0,0.0,0.0,1.0
5,95,10.210818890907428,1.6501690157886109,1.0,1.0,0.0,1.0,1.0,0.0
6,95,5.050176696668204,6.909136457374984,1.0,1.0,1.0,1.0,0.0,0.0
7,95,0.6844826263791083,11.14747602686302,1.0,1.0,0.0,1.0,0.0,1.0
8,95,0.1588691894949637,3.094771341172377,0.0,1.0,0.0,1.0,1.0,0.0
9,95,11.035315827758,9.002838772422356,1.0,1.0,0.0,0.0,1.0,1.0
10,95,0.0,11.521504240488818,1.0,0.0,0.0,0.0,1.0,1.0
11,95,10.2277331938106,6.808665960020421,1.0,0.0,0.0,1.0,0.0,0.0
12,95,12.0,2.558458781671425,0.0,1.0,1.0,1.0,0.0,1.0
13,95,2.5895730506659937,3.203881103220793,1.0,1.0,1.0,0.0,0.0,1.0
14,95,9.304735046868675,10.42293691935785,0.0,1.0,0.0,0.0,0.0,1.0
15,95,7.915563011014432,8.11712345319587,0.0,1.0,1.0,1.0,0.0,1.0
16,95,3.9184533453683175,2.652220779188864,0.0,0.0,0.0,0.0,1.0,0.0
17,95,9.056073489802849,6.980360345137162,0.0,0.0,1.0,1.0,0.0,0.0
18,95,11.988926087574614,0.0610480999666801,1.0,0.0,0.0,0.0,1.0,1.0
19,95,6.063841659222962,1.345142039871914,0.0,0.0,0.0,1.0,1.0,0.0
20,95,5.811846006412718,0.038383015143103,0.0,0.0,1.0,1.0,1.0,0.0
21,95,11.963204515633958,0.0666230380827128,1.0,0.0,1.0,0.0,0.0,0.0
22,95,12.0,11.06397246358195,1.0,0.0,0.0,0.0,0.0,0.0
23,95,8.358126064513648,6.420265771065356,1.0,0.0,0.0,1.0,0.0,0.0
24,95,0.7339838895501621,9.313902954348263,1.0,1.0,0.0,0.0,0.0,0.0
25,95,3.326537572169037,10.809477807996345,0.0,0.0,1.0,0.0,0.0,0.0
26,95,8.411904227583026,11.55986761555671,0.0,0.0,0.0,0.0,0.0,0.0
27,95,0.0,8.343868207641947,0.0,0.0,1.0,0.0,1.0,1.0
28,95,11.69477412414184,10.863948584920804,0.0,0.0,1.0,0.0,1.0,0.0
29,95,3.9495715600231978,10.842309747274363,0.0,0.0,0.0,0.0,1.0,1.0
30,95,10.0598396815524,2.249006727239471,0.0,1.0,0.0,0.0,1.0,0.0
31,95,3.048722896248474,1.9297452691180184,1.0,0.0,1.0,0.0,0.0,1.0
32,95,9.36181414864536,6.943662524672575,0.0,1.0,0.0,0.0,0.0,0.0
33,95,3.772179527665556,2.1490094818193097,0.0,0.0,1.0,1.0,1.0,1.0
34,95,5.590829934290466,7.527504373799555,1.0,0.0,1.0,1.0,1.0,0.0
35,95,10.094217364216728,11.76651400452948,0.0,1.0,1.0,1.0,1.0,0.0
36,95,11.044577923637616,1.5591484331873873,0.0,1.0,0.0,0.0,0.0,0.0
37,95,11.257854468329809,9.788042128709762,0.0,0.0,0.0,0.0,0.0,0.0
38,95,9.781612816848082,7.306068516349779,1.0,1.0,0.0,1.0,0.0,0.0
39,95,0.0,3.3920057955775715,0.0,1.0,1.0,0.0,0.0,1.0
0,100,1.635616416404159,0.8843991731426226,0.0,1.0,1.0,0.0,0.0,0.0
1,100,2.532724956176432,2.4512640754078263,0.0,0.0,0.0,1.0,0.0,0.0
2,100,8.449488961692982,12.0,1.0,0.0,0.0,0.0,0.0,0.0
3,100,6.288206813762692,11.236140704541384,1.0,0.0,0.0,0.0,1.0,1.0
4,100,3.147234744457265,3.846000372359564,0.0,0.0,0.0,0.0,0.0,1.0
5,100,10.153357412194032,1.5602464072962403,1.0,1.0,0.0,1.0,1.0,0.0
6,100,4.983867171469343,6.97633202208164,1.0,1.0,1.0,1.0,0.0,0.0
7,100,0.6638373633363658,11.15670277750074,1.0,1.0,0.0,1.0,0.0,1.0
8,100,0.1597587831841272,3.096072707623743,0.0,1.0,0.0,1.0,1.0,0.0
9,100,11.06411480985896,8.993271023144583,1.0,1.0,0.0,0.0,1.0,1.0
10,100,0.0,11.586956812012538,1.0,0.0,0.0,0.0,1.0,1.0
11,100,10.239497015732509,6.845602419872543,1.0,0.0,0.0,1.0,0.0,0.0
12,100,12.0,2.541782277497001,0.0,1.0,1.0,1.0,0.0,1.0
13,100,2.536171359906319,3.1515483188015763,1.0,1.0,1.0,0.0,0.0,1.0
14,100,9.231724369432255,10.327078318283096,0.0,1.0,0.0,0.0,0.0,1.0
15,100,7.864751260465458,8.204356338464416,0.0,1.0,1.0,1.0,0.0,1.0
16,100,3.731953335892968,2.538516200237581,0.0,0.0,0.0,0.0,1.0,0.0
17,100,9.054897269577037,6.9939252059332135,0.0,0.0,1.0,1.0,0.0,0.0
18,100,11.992020117055032,0.1032684664680855,1.0,0.0,0.0,0.0,1.0,1.0
19,100,6.067895201801565,1.3680968807339826,0.0,0.0,0.0,1.0,1.0,0.0
20,100,5.811948561686148,0.0388023298251912,0.0,0.0,1.0,1.0,1.0,0.0
21,100,11.96797160570657,0.0572266134314637,1.0,0.0,1.0,0.0,0.0,0.0
22,100,12.0,11.0613676939561,1.0,0.0,0.0,0.0,0.0,0.0
23,100,8.338382068929212,6.3531063712686064,1.0,0.0,0.0,1.0,0.0,0.0
24,100,0.6331142853572067,9.256888724586783,1.0,1.0,0.0,0.0,0.0,0.0
25,100,3.407115036375612,10.85586619280192,0.0,0.0,1.0,0.0,0.0,0.0
26,100,8.43832516301977,11.574340227039498,0.0,0.0,0.0,0.0,0.0,0.0
27,100,0.0,8.292524543400003,0.0,0.0,1.0,0.0,1.0,1.0
28,100,11.718503653148437,10.938069677381009,0.0,0.0,1.0,0.0,1.0,0.0
29,100,3.950328452803017,10.844233706394212,0.0,0.0,0.0,0.0,1.0,1.0
30,100,9.954522027854008,2.211234988983622,0.0,1.0,0.0,0.0,1.0,0.0
31,100,3.1035804056030933,1.8689560838330948,1.0,0.0,1.0,0.0,0.0,1.0
32,100,9.451678732875196,7.063807023816636,0.0,1.0,0.0,0.0,0.0,0.0
33,100,3.748301767203257,2.1661103278915346,0.0,0.0,1.0,1.0,1.0,1.0
34,100,5.569470993499473,7.504473532034473,1.0,0.0,1.0,1.0,1.0,0.0
35,100,10.143855940013427,11.703333599075703,0.0,1.0,1.0,1.0,1.0,0.0
36,100,11.079542249543676,1.6287998604472014,0.0,1.0,0.0,0.0,0.0,0.0
37,100,11.282332427965052,9.760469556618084,0.0,0.0,0.0,0.0,0.0,0.0
38,100,9.726747711597238,7.26924143314944,1.0,1.0,0.0,1.0,0.0,0.0
39,100,0.0,3.3608057544993364,0.0,1.0,1.0,0.0,0.0,1.0
0,105,1.7077640957039435,0.788948012697061,0.0,1.0,1.0,0.0,0.0,0.0
1,105,2.33733751641686,2.518081286884307,0.0,0.0,0.0,1.0,0.0,0.0
2,105,8.453798300151721,11.992017477459733,1.0,0.0,0.0,0.0,0.0,0.0
3,105,6.3162268906834935,11.332571633694,1.0,0.0,0.0,0.0,1.0,1.0
4,105,3.2296701035796063,3.843296810640701,0.0,0.0,0.0,0.0,0.0,1.0
5,105,10.080289712995162,1.445014508958493,1.0,1.0,0.0,1.0,1.0,0.0
6,105,4.910263142211363,7.057713609578248,1.0,1.0,1.0,1.0,0.0,0.0
7,105,0.6304637476821919,11.17455209463058,1.0,1.0,0.0,1.0,0.0,1.0
8,105,0.1643161178131748,3.103331470569151,0.0,1.0,0.0,1.0,1.0,0.0
9,105,11.09268296173972,8.98370488786529,1.0,1.0,0.0,0.0,1.0,1.0
10,105,0.0,11.644663095566976,1.0,0.0,0.0,0.0,1.0,1.0
11,105,10.25091984822526,6.883452347796615,1.0,0.0,0.0,1.0,0.0,0.0
12,105,12.0,2.528226402719019,0.0,1.0,1.0,1.0,0.0,1.0
13,105,2.49851199223344,3.115603151131775,1.0,1.0,1.0,0.0,0.0,1.0
14,105,9.15642639575262,10.227424834023816,0.0,1.0,0.0,0.0,0.0,1.0
15,105,7.813593002521082,8.288794212717525,0.0,1.0,1.0,1.0,0.0,1.0
16,105,3.5412538469680648,2.4133261627853013,0.0,0.0,0.0,0.0,1.0,0.0
17,105,9.052150671378111,7.024012905206106,0.0,0.0,1.0,1.0,0.0,0.0
18,105,11.994059458261194,0.1254355808380641,1.0,0.0,0.0,0.0,1.0,1.0
19,105,6.0704478950082095,1.385502451563569,0.0,0.0,0.0,1.0,1.0,0.0
20,105,5.812692504138725,0.0414932358471984,0.0,0.0,1.0,1.0,1.0,0.0
21,105,11.970256898215082,0.0527433030756155,1.0,0.0,1.0,0.0,0.0,0.0
22,105,12.0,11.06065145291891,1.0,0.0,0.0,0.0,0.0,0.0
23,105,8.320476383431927,6.298725094674412,1.0,0.0,0.0,1.0,0.0,0.0
24,105,0.5410628279081071,9.207021356040556,1.0,1.0,0.0,0.0,0.0,0.0
25,105,3.4994982176054106,10.9101477700896,0.0,0.0,1.0,0.0,0.0,0.0
26,105,8.460558694441644,11.586484121301666,0.0,0.0,0.0,0.0,0.0,0.0
27,105,0.0,8.21344476160234,0.0,0.0,1.0,0.0,1.0,1.0
28,105,11.73913892456089,11.006945999544495,0.0,0.0,1.0,0.0,1.0,0.0
29,105,3.9474092515096815,10.83717326900834,0.0,0.0,0.0,0.0,1.0,1.0
30,105,9.837575034308175,2.169953104969061,0.0,1.0,0.0,0.0,1.0,0.0
31,105,3.153096107329357,1.8140231078831293,1.0,0.0,1.0,0.0,0.0,1.0
32,105,9.533779060763852,7.177764292760915,0.0,1.0,0.0,0.0,0.0,0.0
33,105,3.73205077184428,2.178150260838238,0.0,0.0,1.0,1.0,1.0,1.0
34,105,5.559229101298152,7.493033448237855,1.0,0.0,1.0,1.0,1.0,0.0
35,105,10.19177096299982,11.643098443408114,0.0,1.0,1.0,1.0,1.0,0.0
36,105,11.120026221186878,1.7093323746702642,0.0,1.0,0.0,0.0,0.0,0.0
37,105,11.301686225524255,9.738216527329527,0.0,0.0,0.0,0.0,0.0,0.0
38,105,9.654492908729466,7.219478460101102,1.0,1.0,0.0,1.0,0.0,0.0
39,105,0.0,3.324277795374602,0.0,1.0,1.0,0.0,0.0,1.0
0,110,1.783761100028359,0.6833220197619265,0.0,1.0,1.0,0.0,0.0,0.0
1,110,2.1627741442273494,2.577454839281337,0.0,0.0,0.0,1.0,0.0,0.0
2,110,8.45687414749654,11.986217277026345,1.0,0.0,0.0,0.0,0.0,0.0
3,110,6.35124278260027,11.449195303305288,1.0,0.0,0.0,0.0,1.0,1.0
4,110,3.30564611712965,3.8412621550204937,0.0,0.0,0.0,0.0,0.0,1.0
5,110,10.006930945529568,1.3347740946596995,1.0,1.0,0.0,1.0,1.0,0.0
6,110,4.8492131992423255,7.123430284948362,1.0,1.0,1.0,1.0,0.0,0.0
7,110,0.5813742921704916,11.202152188859309,1.0,1.0,0.0,1.0,0.0,1.0
8,110,0.1690965015469751,3.111106533225811,0.0,1.0,0.0,1.0,1.0,0.0
9,110,11.115420389536627,8.97585255445408,1.0,1.0,0.0,0.0,1.0,1.0
10,110,0.0,11.697541974373411,1.0,0.0,0.0,0.0,1.0,1.0
11,110,10.265764974555934,6.928317390308875,1.0,0.0,0.0,1.0,0.0,0.0
12,110,12.0,2.5222753892771546,0.0,1.0,1.0,1.0,0.0,1.0
13,110,2.4481948040278088,3.066515319778797,1.0,1.0,1.0,0.0,0.0,1.0
14,110,9.076743476003449,10.122951652085442,0.0,1.0,0.0,0.0,0.0,1.0
15,110,7.758490870572736,8.377184728203623,0.0,1.0,1.0,1.0,0.0,1.0
16,110,3.339033824106049,2.2859383841013985,0.0,0.0,0.0,0.0,1.0,0.0
17,110,9.05080412130448,7.0392695787304245,0.0,0.0,1.0,1.0,0.0,0.0
18,110,11.995364232878572,0.1362844976805357,1.0,0.0,0.0,0.0,1.0,1.0
19,110,6.076854161546724,1.4276732771620997,0.0,0.0,0.0,1.0,1.0,0.0
20,110,5.812217970038524,0.0396738487134899,0.0,0.0,1.0,1.0,1.0,0.0
21,110,11.980092461821489,0.03344088724238,1.0,0.0,1.0,0.0,0.0,0.0
22,110,12.0,11.05843622267256,1.0,0.0,0.0,0.0,0.0,0.0
23,110,8.296670369956832,6.227810151722261,1.0,0.0,0.0,1.0,0.0,0.0
24,110,0.4565214569012371,9.162706373397354,1.0,1.0,0.0,0.0,0.0,0.0
25,110,3.598528171829673,10.970835870880558,0.0,0.0,1.0,0.0,0.0,0.0
26,110,8.493751533250787,11.603967407580502,0.0,0.0,0.0,0.0,0.0,0.0
27,110,0.0,8.107640024157922,0.0,0.0,1.0,0.0,1.0,1.0
28,110,11.770158265728789,11.105100058172546,0.0,0.0,1.0,0.0,1.0,0.0
29,110,3.948513363004244,10.839636235368523,0.0,0.0,0.0,0.0,1.0,1.0
30,110,9.726766656381816,2.129282434448906,0.0,1.0,0.0,0.0,1.0,0.0
31,110,3.203951647036168,1.7553571707778115,1.0,0.0,1.0,0.0,0.0,1.0
32,110,9.624339209208523,7.301246150063639,0.0,1.0,0.0,0.0,0.0,0.0
33,110,3.729871052386117,2.1797436236649523,0.0,0.0,1.0,1.0,1.0,1.0
34,110,5.560067968500303,7.493979559949452,1.0,0.0,1.0,1.0,1.0,0.0
35,110,10.23921467983176,11.581625755738571,0.0,1.0,1.0,1.0,1.0,0.0
36,110,11.166029974854927,1.802129394986142,0.0,1.0,0.0,0.0,0.0,0.0
37,110,11.316625787730992,9.720425346807252,0.0,0.0,0.0,0.0,0.0,0.0
38,110,9.594987589878624,7.178910468540644,1.0,1.0,0.0,1.0,0.0,0.0
39,110,0.0,3.28664507555143,0.0,1.0,1.0,0.0,0.0,1.0
0,115,1.8557578065286016,0.583712549567198,0.0,1.0,1.0,0.0,0.0,0.0
1,115,1.9879782004565656,2.633889641006659,0.0,0.0,0.0,1.0,0.0,0.0
2,115,8.459980972032792,11.980145926264283,1.0,0.0,0.0,0.0,0.0,0.0
3,115,6.387641646119126,11.56663918535274,1.0,0.0,0.0,0.0,1.0,1.0
4,115,3.361167724557691,3.840532805840106,0.0,0.0,0.0,0.0,0.0,1.0
5,115,9.939570031356954,1.2307502007602162,1.0,1.0,0.0,1.0,1.0,0.0
6,115,4.797824238056707,7.181628953288081,1.0,1.0,1.0,1.0,0.0,0.0
7,115,0.5227736884271382,11.23732301085628,1.0,1.0,0.0,1.0,0.0,1.0
8,115,0.1847596379288082,3.1369526341647576,0.0,1.0,0.0,1.0,1.0,0.0
9,115,11.142626057177566,8.9670190409885,1.0,1.0,0.0,0.0,1.0,1.0
10,115,0.0,11.744623196594558,1.0,0.0,0.0,0.0,1.0,1.0
11,115,10.276562120335642,6.959907043087712,1.0,0.0,0.0,1.0,0.0,0.0
12,115,12.0,2.5163951199486854,0.0,1.0,1.0,1.0,0.0,1.0
13,115,2.3908503890089774,3.005336736525623,1.0,1.0,1.0,0.0,0.0,1.0
14,115,8.993977583242302,10.011959222203384,0.0,1.0,0.0,0.0,0.0,1.0
15,115,7.707944488530909,8.454729357712813,0.0,1.0,1.0,1.0,0.0,1.0
16,115,3.1336763106391494,2.1551482571380207,0.0,0.0,0.0,0.0,1.0,0.0
17,115,9.049284455689504,7.054977037967854,0.0,0.0,1.0,1.0,0.0,0.0
18,115,11.996665452084503,0.1467323667503198,1.0,0.0,0.0,0.0,1.0,1.0
19,115,6.083185413510825,1.4653358428647056,0.0,0.0,0.0,1.0,1.0,0.0
20,115,5.817492811320473,0.0593476739008513,0.0,0.0,1.0,1.0,1.0,0.0
21,115,11.99331566852132,0.0085648735383923,1.0,0.0,1.0,0.0,0.0,0.0
22,115,12.0,11.139924974790889,1.0,0.0,0.0,0.0,0.0,0.0
23,115,8.275419121611518,6.165665317835751,1.0,0.0,0.0,1.0,0.0,0.0
24,115,0.3642208101525306,9.113049023799032,1.0,1.0,0.0,0.0,0.0,0.0
25,115,3.7065042999143936,11.036407054189985,0.0,0.0,1.0,0.0,0.0,0.0
26,115,8.52654335537013,11.621389113608798,0.0,0.0,0.0,0.0,0.0,0.0
27,115,0.0,8.006376606754431,0.0,0.0,1.0,0.0,1.0,1.0
28,115,11.802394208276343,11.203583242995965,0.0,0.0,1.0,0.0,1.0,0.0
29,115,3.950493076995965,10.844200916794476,0.0,0.0,0.0,0.0,1.0,1.0
30,115,9.771237402491902,2.018674034900046,0.0,1.0,0.0,0.0,1.0,0.0
31,115,3.251807863380904,1.6985285795596614,1.0,0.0,1.0,0.0,0.0,1.0
32,115,9.732742873202591,7.4447223551997554,0.0,1.0,0.0,0.0,0.0,0.0
33,115,3.741135215732826,2.171718712956213,0.0,0.0,1.0,1.0,1.0,1.0
34,115,5.558657439562581,7.492352205950332,1.0,0.0,1.0,1.0,1.0,0.0
35,115,10.287542942931218,11.515306553819354,0.0,1.0,1.0,1.0,1.0,0.0
36,115,11.064543609530798,1.8521065836542168,0.0,1.0,0.0,0.0,0.0,0.0
37,115,11.323404704848356,9.71197301065646,0.0,0.0,0.0,0.0,0.0,0.0
38,115,9.526888072859032,7.134178350056073,1.0,1.0,0.0,1.0,0.0,0.0
39,115,0.0,3.252010149184556,0.0,1.0,1.0,0.0,0.0,1.0
0,120,1.9343537596862,0.4733975090936341,0.0,1.0,1.0,0.0,0.0,0.0
1,120,1.7950750947810752,2.697678485726555,0.0,0.0,0.0,1.0,0.0,0.0
2,120,8.443527612328062,12.0,1.0,0.0,0.0,0.0,0.0,0.0
3,120,6.424793080529806,11.69298150324907,1.0,0.0,0.0,0.0,1.0,1.0
4,120,3.416440068674026,3.8404138566441297,0.0,0.0,0.0,0.0,0.0,1.0
5,120,9.863761391724136,1.11090997515349,1.0,1.0,0.0,1.0,1.0,0.0
6,120,4.738137039835768,7.250741052904988,1.0,1.0,1.0,1.0,0.0,0.0
7,120,0.4508871400583579,11.281855487991953,1.0,1.0,0.0,1.0,0.0,1.0
8,120,0.1962884699226619,3.1566962759755763,0.0,1.0,0.0,1.0,1.0,0.0
9,120,11.169283376416896,8.958007796462818,1.0,1.0,0.0,0.0,1.0,1.0
10,120,0.0,11.792619004144798,1.0,0.0,0.0,0.0,1.0,1.0
11,120,10.28959804628716,6.998139733101933,1.0,0.0,0.0,1.0,0.0,0.0
12,120,12.0,2.515994766425767,0.0,1.0,1.0,1.0,0.0,1.0
13,120,2.350583720102992,2.960671914322723,1.0,1.0,1.0,0.0,0.0,1.0
14,120,8.909286101751707,9.894904096138092,0.0,1.0,0.0,0.0,0.0,1.0
15,120,7.660594823288147,8.520103308842536,0.0,1.0,1.0,1.0,0.0,1.0
16,120,2.917142465008555,2.017435027168705,0.0,0.0,0.0,0.0,1.0,0.0
17,120,9.047410886977769,7.077378366298394,0.0,0.0,1.0,1.0,0.0,0.0
18,120,12.0,0.1736393338091096,1.0,0.0,0.0,0.0,1.0,1.0
19,120,6.093491143155164,1.5241184674290953,0.0,0.0,0.0,1.0,1.0,0.0
20,120,5.823430939623142,0.0817505566786934,0.0,0.0,1.0,1.0,1.0,0.0
21,120,12.0,0.0,1.0,0.0,1.0,0.0,0.0,0.0
22,120,12.0,11.23707323556876,1.0,0.0,0.0,0.0,0.0,0.0
23,120,8.257707621966627,6.115430051845329,1.0,0.0,0.0,1.0,0.0,0.0
24,120,0.2830273296886105,9.070963806215527,1.0,1.0,0.0,0.0,0.0,0.0
25,120,3.807118957793264,11.099253947148794,0.0,0.0,1.0,0.0,0.0,0.0
26,120,8.559838272716675,11.638556453206029,0.0,0.0,0.0,0.0,0.0,0.0
27,120,0.0,7.909438073821649,0.0,0.0,1.0,0.0,1.0,1.0
28,120,11.834540824106853,11.30057810669553,0.0,0.0,1.0,0.0,1.0,0.0
29,120,3.952195873641735,10.848096331264326,0.0,0.0,0.0,0.0,1.0,1.0
30,120,9.821255456214482,1.896544711028792,0.0,1.0,0.0,0.0,1.0,0.0
31,120,3.305291396702247,1.6315253636907243,1.0,0.0,1.0,0.0,0.0,1.0
32,120,9.849030791710652,7.6000103496949265,0.0,1.0,0.0,0.0,0.0,0.0
33,120,3.755437725630957,2.161688449665222,0.0,0.0,1.0,1.0,1.0,1.0
34,120,5.531913301303525,7.462553125418388,1.0,0.0,1.0,1.0,1.0,0.0
35,120,10.32522076441316,11.458049821727316,0.0,1.0,1.0,1.0,1.0,0.0
36,120,10.962114738110053,1.897889057436276,0.0,1.0,0.0,0.0,0.0,0.0
37,120,11.328154946878518,9.706083153858174,0.0,0.0,0.0,0.0,0.0,0.0
38,120,9.459455745253395,7.086756071815206,1.0,1.0,0.0,1.0,0.0,0.0
39,120,0.0,3.219905670680867,0.0,1.0,1.0,0.0,0.0,1.0
0,125,2.0201248564952565,0.3608221185327553,0.0,1.0,1.0,0.0,0.0,0.0
1,125,1.5989997571823638,2.763838732341595,0.0,0.0,0.0,1.0,0.0,0.0
2,125,8.413245082275292,12.0,1.0,0.0,0.0,0.0,0.0,0.0
3,125,6.468845261787708,11.840285573665076,1.0,0.0,0.0,0.0,1.0,1.0
4,125,3.4818145633159623,3.84050569571801,0.0,0.0,0.0,0.0,0.0,1.0
5,125,9.797453112698118,1.0076973930809472,1.0,1.0,0.0,1.0,1.0,0.0
6,125,4.681576817291748,7.316837896481174,1.0,1.0,1.0,1.0,0.0,0.0
7,125,0.3763765239514868,11.328337971647205,1.0,1.0,0.0,1.0,0.0,1.0
8,125,0.1989341550729062,3.1613433709745933,0.0,1.0,0.0,1.0,1.0,0.0
9,125,11.193147391396872,8.949873941832728,1.0,1.0,0.0,0.0,1.0,1.0
10,125,0.0,11.85022576993354,1.0,0.0,0.0,0.0,1.0,1.0
11,125,10.302713796199674,7.034653226129951,1.0,0.0,0.0,1.0,0.0,0.0
12,125,11.99217198243553,2.5205354597761844,0.0,1.0,1.0,1.0,0.0,1.0
13,125,2.334239497078946,2.942756238930301,1.0,1.0,1.0,0.0,0.0,1.0
14,125,8.824882255591783,9.774948075502715,0.0,1.0,0.0,0.0,0.0,1.0
15,125,7.606435554462159,8.595490856437076,0.0,1.0,1.0,1.0,0.0,1.0
16,125,2.714938175490204,1.889696202349492,0.0,0.0,0.0,0.0,1.0,0.0
17,125,9.045538057389132,7.106197038002681,0.0,0.0,1.0,1.0,0.0,0.0
18,125,12.0,0.1978743145660846,1.0,0.0,0.0,0.0,1.0,1.0
19,125,6.104898494667792,1.5867182066563272,0.0,0.0,0.0,1.0,1.0,0.0
20,125,5.830252968634124,0.104920223949017,0.0,0.0,1.0,1.0,1.0,0.0
21,125,12.0,0.0,1.0,0.0,1.0,0.0,0.0,0.0
22,125,12.0,11.327997720057615,1.0,0.0,0.0,0.0,0.0,0.0
23,125,8.242171753645211,6.0699441355036745,1.0,0.0,0.0,1.0,0.0,0.0
24,125,0.2021985056954077,9.029363443445956,1.0,1.0,0.0,0.0,0.0,0.0
25,125,3.905570303631569,11.16229240427172,0.0,0.0,1.0,0.0,0.0,0.0
26,125,8.594854434177968,11.6583480067176,0.0,0.0,0.0,0.0,0.0,0.0
27,125,0.0,7.829089897792218,0.0,0.0,1.0,0.0,1.0,1.0
28,125,11.860912928555654,11.376983825570624,0.0,0.0,1.0,0.0,1.0,0.0
29,125,3.954416161786251,10.853304405453104,0.0,0.0,0.0,0.0,1.0,1.0
30,125,9.871952225442888,1.7723709258536973,0.0,1.0,0.0,0.0,1.0,0.0
31,125,3.344850707218577,1.5830730736356198,1.0,0.0,1.0,0.0,0.0,1.0
32,125,9.983478489780278,7.77510997699754,0.0,1.0,0.0,0.0,0.0,0.0
33,125,3.777457560098955,2.1458781227379324,0.0,0.0,1.0,1.0,1.0,1.0
34,125,5.498954496058797,7.426879219190893,1.0,0.0,1.0,1.0,1.0,0.0
35,125,10.36820381289282,11.38901515205381,0.0,1.0,1.0,1.0,1.0,0.0
36,125,10.844256479072904,1.950148094610863,0.0,1.0,0.0,0.0,0.0,0.0
37,125,11.32638255813708,9.708310668352954,0.0,0.0,0.0,0.0,0.0,0.0
38,125,9.382264227153826,7.030828019310013,1.0,1.0,0.0,1.0,0.0,0.0
39,125,0.0,3.1992636548524587,0.0,1.0,1.0,0.0,0.0,1.0
0,130,2.120633332301074,0.2292668711136339,0.0,1.0,1.0,0.0,0.0,0.0
1,130,1.3979554636075913,2.8334582331199814,0.0,0.0,0.0,1.0,0.0,0.0
2,130,8.38120464440308,12.0,1.0,0.0,0.0,0.0,0.0,0.0
3,130,6.515054981575108,11.99897826671764,1.0,0.0,0.0,0.0,1.0,1.0
4,130,3.540742780176736,3.83963889246473,0.0,0.0,0.0,0.0,0.0,1.0
5,130,9.737436320376744,0.920413496391078,1.0,1.0,0.0,1.0,1.0,0.0
6,130,4.621645770775899,7.383288523555956,1.0,1.0,1.0,1.0,0.0,0.0
7,130,0.3178312531677886,11.363572972592358,1.0,1.0,0.0,1.0,0.0,1.0
8,130,0.2074616831125554,3.1751812832129063,0.0,1.0,0.0,1.0,1.0,0.0
9,130,11.245537137640692,8.933063552538519,1.0,1.0,0.0,0.0,1.0,1.0
10,130,0.0,11.90807303957263,1.0,0.0,0.0,0.0,1.0,1.0
11,130,10.313958890982638,7.064987570319931,1.0,0.0,0.0,1.0,0.0,0.0
12,130,11.995295568966943,2.518711297090717,0.0,1.0,1.0,1.0,0.0,1.0
13,130,2.3228445880298496,2.9304843410441768,1.0,1.0,1.0,0.0,0.0,1.0
14,130,8.733344748511536,9.651909644794506,0.0,1.0,0.0,0.0,0.0,1.0
15,130,7.555253054629443,8.67028171957142,0.0,1.0,1.0,1.0,0.0,1.0
16,130,2.5242170823982675,1.7692079678779096,0.0,0.0,0.0,0.0,1.0,0.0
17,130,8.998948428594558,7.105382451873672,0.0,0.0,1.0,1.0,0.0,0.0
18,130,12.0,0.2255991785653877,1.0,0.0,0.0,0.0,1.0,1.0
19,130,6.115278632572232,1.648912783017532,0.0,0.0,0.0,1.0,1.0,0.0
20,130,5.834176760402186,0.1173755119234546,0.0,0.0,1.0,1.0,1.0,0.0
21,130,12.0,0.0175021044749328,1.0,0.0,1.0,0.0,0.0,0.0
22,130,12.0,11.418749890012409,1.0,0.0,0.0,0.0,0.0,0.0
23,130,8.22691164833366,6.029951581784428,1.0,0.0,0.0,1.0,0.0,0.0
24,130,0.1041736012095367,8.981174178400947,1.0,1.0,0.0,0.0,0.0,0.0
25,130,4.014315248723562,11.227522597277972,0.0,0.0,1.0,0.0,0.0,0.0
26,130,8.62422299963721,11.674932829621763,0.0,0.0,0.0,0.0,0.0,0.0
27,130,0.0,7.752498324180296,0.0,0.0,1.0,0.0,1.0,1.0
28,130,11.89339196078678,11.472381099785304,0.0,0.0,1.0,0.0,1.0,0.0
29,130,3.956624117488078,10.858347340527306,0.0,0.0,0.0,0.0,1.0,1.0
30,130,9.912064476346591,1.671114836329706,0.0,1.0,0.0,0.0,1.0,0.0
31,130,3.3707885000766526,1.550872077164033,1.0,0.0,1.0,0.0,0.0,1.0
32,130,10.124107311837692,7.95002803491978,0.0,1.0,0.0,0.0,0.0,0.0
33,130,3.807688389920551,2.1239592743660576,0.0,0.0,1.0,1.0,1.0,1.0
34,130,5.449621554188754,7.372405449333271,1.0,0.0,1.0,1.0,1.0,0.0
35,130,10.40795023110964,11.320712606704236,0.0,1.0,1.0,1.0,1.0,0.0
36,130,10.726869672494548,2.002204649978561,0.0,1.0,0.0,0.0,0.0,0.0
37,130,11.320649907315406,9.71535911830641,0.0,0.0,0.0,0.0,0.0,0.0
38,130,9.306315155390497,6.980801299255003,1.0,1.0,0.0,1.0,0.0,0.0
39,130,0.0,3.1742913465406923,0.0,1.0,1.0,0.0,0.0,1.0
0,135,2.212920475020923,0.1115607316556973,0.0,1.0,1.0,0.0,0.0,0.0
1,135,1.2113001107059522,2.8949633946864592,0.0,0.0,0.0,1.0,0.0,0.0
2,135,8.36201846535941,12.0,1.0,0.0,0.0,0.0,0.0,0.0
3,135,6.558554029993156,12.0,1.0,0.0,0.0,0.0,1.0,1.0
4,135,3.581684430656094,3.83934666516425,0.0,0.0,0.0,0.0,0.0,1.0
5,135,9.659115164710167,0.8128608072196951,1.0,1.0,0.0,1.0,1.0,0.0
6,135,4.55323929972784,7.462043800473788,1.0,1.0,1.0,1.0,0.0,0.0
7,135,0.2534267541173737,11.400248238206157,1.0,1.0,0.0,1.0,0.0,1.0
8,135,0.218633932513303,3.1930658240302194,0.0,1.0,0.0,1.0,1.0,0.0
9,135,11.29287952218012,8.916611921691846,1.0,1.0,0.0,0.0,1.0,1.0
10,135,0.0,11.968009005127966,1.0,0.0,0.0,0.0,1.0,1.0
11,135,10.318466232108891,7.07790581949095,1.0,0.0,0.0,1.0,0.0,0.0
12,135,12.0,2.515444172735384,0.0,1.0,1.0,1.0,0.0,1.0
13,135,2.303428454659722,2.911121003493987,1.0,1.0,1.0,0.0,0.0,1.0
14,135,8.639619184322402,9.52944273418079,0.0,1.0,0.0,0.0,0.0,1.0
15,135,7.624104994768976,8.718437669486317,0.0,1.0,1.0,1.0,0.0,1.0
16,135,2.333671596710219,1.6578188516169434,0.0,0.0,0.0,0.0,1.0,0.0
17,135,8.946147965937515,7.10281869297206,0.0,0.0,1.0,1.0,0.0,0.0
18,135,12.0,0.2418558558896708,1.0,0.0,0.0,0.0,1.0,1.0
19,135,6.12477677318192,1.7008392146457527,0.0,0.0,0.0,1.0,1.0,0.0
20,135,5.838859053093729,0.1313814910758241,0.0,0.0,1.0,1.0,1.0,0.0
21,135,12.0,0.0246936813638966,1.0,0.0,1.0,0.0,0.0,0.0
22,135,12.0,11.509312876430483,1.0,0.0,0.0,0.0,0.0,0.0
23,135,8.199357650773866,5.962834985141853,1.0,0.0,0.0,1.0,0.0,0.0
24,135,0.0160203479354158,8.934487260883115,1.0,1.0,0.0,0.0,0.0,0.0
25,135,4.126848423774344,11.29269264497898,0.0,0.0,1.0,0.0,0.0,0.0
26,135,8.650294594103075,11.69044794140793,0.0,0.0,0.0,0.0,0.0,0.0
27,135,0.0,7.665386530980943,0.0,0.0,1.0,0.0,1.0,1.0
28,135,11.9248517380108,11.57008281656849,0.0,0.0,1.0,0.0,1.0,0.0
29,135,3.9556738854568247,10.855918892624697,0.0,0.0,0.0,0.0,1.0,1.0
30,135,9.948247156185364,1.5809353076316013,0.0,1.0,0.0,0.0,1.0,0.0
31,135,3.393846251633964,1.5225709552192677,1.0,0.0,1.0,0.0,0.0,1.0
32,135,10.25217779228444,8.115265937190616,0.0,1.0,0.0,0.0,0.0,0.0
33,135,3.823650455160026,2.112488007733321,0.0,0.0,1.0,1.0,1.0,1.0
34,135,5.398418345759021,7.313625108315913,1.0,0.0,1.0,1.0,1.0,0.0
35,135,10.457254303116729,11.23732608671806,0.0,1.0,1.0,1.0,1.0,0.0
36,135,10.61016220266158,2.058191157254776,0.0,1.0,0.0,0.0,0.0,0.0
37,135,11.318387131365002,9.718280334364389,0.0,0.0,0.0,0.0,0.0,0.0
38,135,9.216750883009498,6.918260541379738,1.0,1.0,0.0,1.0,0.0,0.0
39,135,0.0,3.1538159752017774,0.0,1.0,1.0,0.0,0.0,1.0
0,140,2.3094357446345075,0.0,0.0,1.0,1.0,0.0,0.0,0.0
1,140,1.036741148404337,2.9500666576674908,0.0,0.0,0.0,1.0,0.0,0.0
2,140,8.341114702821349,12.0,1.0,0.0,0.0,0.0,0.0,0.0
3,140,6.597813326492553,12.0,1.0,0.0,0.0,0.0,1.0,1.0
4,140,3.6371358120405968,3.839946601072493,0.0,0.0,0.0,0.0,0.0,1.0
5,140,9.590250695335182,0.7186966649602853,1.0,1.0,0.0,1.0,1.0,0.0
6,140,4.494074259523948,7.5308154033289245,1.0,1.0,1.0,1.0,0.0,0.0
7,140,0.1918335225239769,11.437523943324258,1.0,1.0,0.0,1.0,0.0,1.0
8,140,0.2384335690641608,3.224073821888505,0.0,1.0,0.0,1.0,1.0,0.0
9,140,11.321324968700408,8.907279146816693,1.0,1.0,0.0,0.0,1.0,1.0
10,140,0.0,12.0,1.0,0.0,0.0,0.0,1.0,1.0
11,140,10.321782448135304,7.087785373334305,1.0,0.0,0.0,1.0,0.0,0.0
12,140,11.993515576289528,2.51922118500554,0.0,1.0,1.0,1.0,0.0,1.0
13,140,2.288667539003041,2.8966985616073955,1.0,1.0,1.0,0.0,0.0,1.0
14,140,8.54024084370051,9.391297651386903,0.0,1.0,0.0,0.0,0.0,1.0
15,140,7.694321531217453,8.767846674008672,0.0,1.0,1.0,1.0,0.0,1.0
16,140,2.13426691989374,1.5450146603915609,0.0,0.0,0.0,0.0,1.0,0.0
17,140,8.872908717616257,7.099819230892584,0.0,0.0,1.0,1.0,0.0,0.0
18,140,12.0,0.2531457159703223,1.0,0.0,0.0,0.0,1.0,1.0
19,140,6.12903305573934,1.7250363806021205,0.0,0.0,0.0,1.0,1.0,0.0
20,140,5.844098227569602,0.1453585765299204,0.0,0.0,1.0,1.0,1.0,0.0
21,140,12.0,0.0273721825384041,1.0,0.0,1.0,0.0,0.0,0.0
22,140,12.0,11.616193896763235,1.0,0.0,0.0,0.0,0.0,0.0
23,140,8.178637401126647,5.909343387166206,1.0,0.0,0.0,1.0,0.0,0.0
24,140,0.0,8.887404651431677,1.0,1.0,0.0,0.0,0.0,0.0
25,140,4.237570768781992,11.359684604456447,0.0,0.0,1.0,0.0,0.0,0.0
26,140,8.658991025221706,11.695769915168226,0.0,0.0,0.0,0.0,0.0,0.0
27,140,0.0,7.586207020743106,0.0,0.0,1.0,0.0,1.0,1.0
28,140,11.958569402358451,11.668649380847436,0.0,0.0,1.0,0.0,1.0,0.0
29,140,3.953472467015622,10.8505798613577,0.0,0.0,0.0,0.0,1.0,1.0
30,140,9.98700511500061,1.4891226624355625,0.0,1.0,0.0,0.0,1.0,0.0
31,140,3.430855508236897,1.4767931620698656,1.0,0.0,1.0,0.0,0.0,1.0
32,140,10.392541483989572,8.289094728069438,0.0,1.0,0.0,0.0,0.0,0.0
33,140,3.8272439885643,2.109951997449127,0.0,0.0,1.0,1.0,1.0,1.0
34,140,5.351126699053883,7.259962905224897,1.0,0.0,1.0,1.0,1.0,0.0
35,140,10.497654805948995,11.172095961341356,0.0,1.0,1.0,1.0,1.0,0.0
36,140,10.48383474791067,2.1236678124946025,0.0,1.0,0.0,0.0,0.0,0.0
37,140,11.314304710759073,9.723535710632904,0.0,0.0,0.0,0.0,0.0,0.0
38,140,9.126621490091718,6.857347897832097,1.0,1.0,0.0,1.0,0.0,0.0
39,140,0.0,3.133871763699564,0.0,1.0,1.0,0.0,0.0,1.0
0,145,2.415111191389933,0.0,0.0,1.0,1.0,0.0,0.0,0.0
1,145,0.868164765913209,2.9977664522550125,0.0,0.0,0.0,1.0,0.0,0.0
2,145,8.289566045548545,11.971574089876516,1.0,0.0,0.0,0.0,0.0,0.0
3,145,6.6379507295793685,12.0,1.0,0.0,0.0,0.0,1.0,1.0
4,145,3.7059074222132207,3.841733077254184,0.0,0.0,0.0,0.0,0.0,1.0
5,145,9.520698485707577,0.6227076820728029,1.0,1.0,0.0,1.0,1.0,0.0
6,145,4.423857362242631,7.606487637990781,1.0,1.0,1.0,1.0,0.0,0.0
7,145,0.1189292482401824,11.480644518398886,1.0,1.0,0.0,1.0,0.0,1.0
8,145,0.2586850196956878,3.2571072676363477,0.0,1.0,0.0,1.0,1.0,0.0
9,145,11.361657831660672,8.895861572419316,1.0,1.0,0.0,0.0,1.0,1.0
10,145,0.0,12.0,1.0,0.0,0.0,0.0,1.0,1.0
11,145,10.332776712193857,7.120775060101298,1.0,0.0,0.0,1.0,0.0,0.0
12,145,11.972330133245048,2.532604188885162,0.0,1.0,1.0,1.0,0.0,1.0
13,145,2.269716738731105,2.877130464767879,1.0,1.0,1.0,0.0,0.0,1.0
14,145,8.435609763064749,9.242224439746767,0.0,1.0,0.0,0.0,0.0,1.0
15,145,7.782615833221904,8.829003411741304,0.0,1.0,1.0,1.0,0.0,1.0
16,145,1.9397813099114165,1.4407784806866653,0.0,0.0,0.0,0.0,1.0,0.0
17,145,8.79852573254814,7.096856240687738,0.0,0.0,1.0,1.0,0.0,0.0
18,145,12.0,0.2540376491971245,1.0,0.0,0.0,0.0,1.0,1.0
19,145,6.131444612222468,1.7382159291041597,0.0,0.0,0.0,1.0,1.0,0.0
20,145,5.85130461522937,0.1673754207070255,0.0,0.0,1.0,1.0,1.0,0.0
21,145,11.98614269212542,0.0199119438618384,1.0,0.0,1.0,0.0,0.0,0.0
22,145,11.890013803960825,11.61644254767783,1.0,0.0,0.0,0.0,0.0,0.0
23,145,8.157080988625497,5.853639079802792,1.0,0.0,0.0,1.0,0.0,0.0
24,145,0.0,8.84525471223838,1.0,1.0,0.0,0.0,0.0,0.0
25,145,4.343531342307123,11.42289768416546,0.0,0.0,1.0,0.0,0.0,0.0
26,145,8.666216390710215,11.70029455769989,0.0,0.0,0.0,0.0,0.0,0.0
27,145,0.0,7.512186695489103,0.0,0.0,1.0,0.0,1.0,1.0
28,145,11.98856709740786,11.770304769944554,0.0,0.0,1.0,0.0,1.0,0.0
29,145,3.94649524226088,10.83373150706614,0.0,0.0,0.0,0.0,1.0,1.0
30,145,10.016223456639302,1.4186082109104523,0.0,1.0,0.0,0.0,1.0,0.0
31,145,3.4844184322151546,1.410473952267859,1.0,0.0,1.0,0.0,0.0,1.0
32,145,10.514882595641248,8.442317403235048,0.0,1.0,0.0,0.0,0.0,0.0
33,145,3.83578318514556,2.103743373330252,0.0,0.0,1.0,1.0,1.0,1.0
34,145,5.309116226596516,7.208214257079669,1.0,0.0,1.0,1.0,1.0,0.0
35,145,10.541838718111334,11.097128568694936,0.0,1.0,1.0,1.0,1.0,0.0
36,145,10.375427023173309,2.178729262498165,0.0,1.0,0.0,0.0,0.0,0.0
37,145,11.316034300928614,9.721196782074797,0.0,0.0,0.0,0.0,0.0,0.0
38,145,9.028861104890598,6.793232409468196,1.0,1.0,0.0,1.0,0.0,0.0
39,145,0.0,3.1106366065179047,0.0,1.0,1.0,0.0,0.0,1.0
0,150,2.5421252870228224,0.0,0.0,1.0,1.0,0.0,0.0,0.0
1,150,0.71679413780817,3.0396801718831767,0.0,0.0,0.0,1.0,0.0,0.0
2,150,8.23116930378041,11.9421408054738,1.0,0.0,0.0,0.0,0.0,0.0
3,150,6.682061608123307,12.0,1.0,0.0,0.0,0.0,1.0,1.0
4,150,3.7629971262726833,3.8423913598517863,0.0,0.0,0.0,0.0,0.0,1.0
5,150,9.453938635624342,0.5311891194443457,1.0,1.0,0.0,1.0,1.0,0.0
6,150,4.363937080634528,7.6689061302975645,1.0,1.0,1.0,1.0,0.0,0.0
7,150,0.0569246993823088,11.519588251854758,1.0,1.0,0.0,1.0,0.0,1.0
8,150,0.2940577259696686,3.312693382149892,0.0,1.0,0.0,1.0,1.0,0.0
9,150,11.398662254261838,8.884677355124994,1.0,1.0,0.0,0.0,1.0,1.0
10,150,0.0,12.0,1.0,0.0,0.0,0.0,1.0,1.0
11,150,10.35023570025628,7.173520272738434,1.0,0.0,0.0,1.0,0.0,0.0
12,150,11.952475138352648,2.544846991588216,0.0,1.0,1.0,1.0,0.0,1.0
13,150,2.244572791945397,2.8504971633604144,1.0,1.0,1.0,0.0,0.0,1.0
14,150,8.316755502411834,9.065177214744368,0.0,1.0,0.0,0.0,0.0,1.0
15,150,7.875855179778592,8.89326672123725,0.0,1.0,1.0,1.0,0.0,1.0
16,150,1.7581513968562397,1.3454809126004037,0.0,0.0,0.0,0.0,1.0,0.0
17,150,8.710204136670482,7.094637436943263,0.0,0.0,1.0,1.0,0.0,0.0
18,150,12.0,0.259075664367415,1.0,0.0,0.0,0.0,1.0,1.0
19,150,6.135690151006013,1.7589520591259926,0.0,0.0,0.0,1.0,1.0,0.0
20,150,5.857742109543601,0.1869562832983601,0.0,0.0,1.0,1.0,1.0,0.0
21,150,12.0,0.0306238150573634,1.0,0.0,1.0,0.0,0.0,0.0
22,150,11.760927249177056,11.618329656692776,1.0,0.0,0.0,0.0,0.0,0.0
23,150,8.140748350302015,5.812597733495104,1.0,0.0,0.0,1.0,0.0,0.0
24,150,0.0,8.802856948419139,1.0,1.0,0.0,0.0,0.0,0.0
25,150,4.459353144786235,11.493291655748743,0.0,0.0,1.0,0.0,0.0,0.0
26,150,8.67040859531493,11.702973742390045,0.0,0.0,0.0,0.0,0.0,0.0
27,150,0.0,7.438852124346543,0.0,0.0,1.0,0.0,1.0,1.0
28,150,12.0,11.85845865308457,0.0,0.0,1.0,0.0,1.0,0.0
29,150,3.9393096478703,10.816382027454893,0.0,0.0,0.0,0.0,1.0,1.0
30,150,9.923719092417622,1.382568438270394,0.0,1.0,0.0,0.0,1.0,0.0
31,150,3.5411761129598105,1.3417927908668237,1.0,0.0,1.0,0.0,0.0,1.0
32,150,10.611693381022755,8.571831425300383,0.0,1.0,0.0,0.0,0.0,0.0
33,150,3.841900709008954,2.099311494478064,0.0,0.0,1.0,1.0,1.0,1.0
34,150,5.275574905220505,7.167146598588096,1.0,0.0,1.0,1.0,1.0,0.0
35,150,10.601712657498082,11.003514624545325,0.0,1.0,1.0,1.0,1.0,0.0
36,150,10.283522738197227,2.228369816851253,0.0,1.0,0.0,0.0,0.0,0.0
37,150,11.3093250879029,9.7310299704418,0.0,0.0,0.0,0.0,0.0,0.0
38,150,8.926576393087213,6.72434184261257,1.0,1.0,0.0,1.0,0.0,0.0
39,150,0.0,3.097324206653184,0.0,1.0,1.0,0.0,0.0,1.0
0,155,2.67998237850586,0.0,0.0,1.0,1.0,0.0,0.0,0.0
1,155,0.5409941576747195,3.089203150223127,0.0,0.0,0.0,1.0,0.0,0.0
2,155,8.155089232067567,11.903216247269704,1.0,0.0,0.0,0.0,0.0,0.0
3,155,6.727533122741302,12.0,1.0,0.0,0.0,0.0,1.0,1.0
4,155,3.827570303138853,3.84243781289348,0.0,0.0,0.0,0.0,0.0,1.0
5,155,9.39332746095086,0.443078245041105,1.0,1.0,0.0,1.0,1.0,0.0
6,155,4.307301911850041,7.724603451969731,1.0,1.0,1.0,1.0,0.0,0.0
7,155,0.0,11.557877378746788,1.0,1.0,0.0,1.0,0.0,1.0
8,155,0.33877143946379,3.3866578927656783,0.0,1.0,0.0,1.0,1.0,0.0
9,155,11.405854098650712,8.909490829591793,1.0,1.0,0.0,0.0,1.0,1.0
10,155,0.0,12.0,1.0,0.0,0.0,0.0,1.0,1.0
11,155,10.365329566270937,7.221767886418023,1.0,0.0,0.0,1.0,0.0,0.0
12,155,11.939316921669008,2.5535224319073144,0.0,1.0,1.0,1.0,0.0,1.0
13,155,2.227738413722524,2.867029511539395,1.0,1.0,1.0,0.0,0.0,1.0
14,155,8.20985356234381,8.905120752507504,0.0,1.0,0.0,0.0,0.0,1.0
15,155,7.984332798427733,8.965401637928583,0.0,1.0,1.0,1.0,0.0,1.0
16,155,1.582407942461839,1.2493238687531985,0.0,0.0,0.0,0.0,1.0,0.0
17,155,8.625480123307433,7.0924757504124525,0.0,0.0,1.0,1.0,0.0,0.0
18,155,12.0,0.2684798515080626,1.0,0.0,0.0,0.0,1.0,1.0
19,155,6.142906636381557,1.7986864314341386,0.0,0.0,0.0,1.0,1.0,0.0
20,155,5.862313088693853,0.2005018360481763,0.0,0.0,1.0,1.0,1.0,0.0
21,155,12.0,0.0395315795265802,1.0,0.0,1.0,0.0,0.0,0.0
22,155,11.625076626952811,11.61810466357513,1.0,0.0,0.0,0.0,0.0,0.0
23,155,8.119667072608754,5.759785686987018,1.0,0.0,0.0,1.0,0.0,0.0
24,155,0.0,8.761038142817759,1.0,1.0,0.0,0.0,0.0,0.0
25,155,4.594504772938252,11.575667437067136,0.0,0.0,1.0,0.0,0.0,0.0
26,155,8.65018711003824,11.689910276440536,0.0,0.0,0.0,0.0,0.0,0.0
27,155,0.0,7.385612296205868,0.0,0.0,1.0,0.0,1.0,1.0
28,155,12.0,11.925864723076948,0.0,0.0,1.0,0.0,1.0,0.0
29,155,3.930443452254604,10.796637576721832,0.0,0.0,0.0,0.0,1.0,1.0
30,155,9.832687665280822,1.3465773486651749,0.0,1.0,0.0,0.0,1.0,0.0
31,155,3.608647747306928,1.258967058243356,1.0,0.0,1.0,0.0,0.0,1.0
32,155,10.685081403307736,8.66649733286726,0.0,1.0,0.0,0.0,0.0,0.0
33,155,3.865083438886265,2.082736333404974,0.0,0.0,1.0,1.0,1.0,1.0
34,155,5.240036598854044,7.122911252589723,1.0,0.0,1.0,1.0,1.0,0.0
35,155,10.658016841460755,10.910426493692702,0.0,1.0,1.0,1.0,1.0,0.0
36,155,10.20004767499269,2.2721936796926148,0.0,1.0,0.0,0.0,0.0,0.0
37,155,11.307093455919537,9.734411204657754,0.0,0.0,0.0,0.0,0.0,0.0
38,155,8.833521333354591,6.662225870805472,1.0,1.0,0.0,1.0,0.0,0.0
39,155,0.0,3.084311740953397,0.0,1.0,1.0,0.0,0.0,1.0
0,160,2.7995656985683968,0.0,0.0,1.0,1.0,0.0,0.0,0.0
1,160,0.3594112564106521,3.1386769712851685,0.0,0.0,0.0,1.0,0.0,0.0
2,160,8.063800047305952,11.858056819930235,1.0,0.0,0.0,0.0,0.0,0.0
3,160,6.767463483902126,12.0,1.0,0.0,0.0,0.0,1.0,1.0
4,160,3.875083926897767,3.842981605848508,0.0,0.0,0.0,0.0,0.0,1.0
5,160,9.314641105027874,0.3331255172704163,1.0,1.0,0.0,1.0,1.0,0.0
6,160,4.250398822258254,7.783246531485825,1.0,1.0,1.0,1.0,0.0,0.0
7,160,0.0,11.59127527552673,1.0,1.0,0.0,1.0,0.0,1.0
8,160,0.3724463683060151,3.4416985954601964,0.0,1.0,0.0,1.0,1.0,0.0
9,160,11.410995766021824,8.92801644527565,1.0,1.0,0.0,0.0,1.0,1.0
10,160,0.0,12.0,1.0,0.0,0.0,0.0,1.0,1.0
11,160,10.386430807316064,7.290341624299755,1.0,0.0,0.0,1.0,0.0,0.0
12,160,11.926246456374544,2.562292985116256,0.0,1.0,1.0,1.0,0.0,1.0
13,160,2.2090440692159445,2.8858080478878487,1.0,1.0,1.0,0.0,0.0,1.0
14,160,8.094211121364356,8.731447216629451,0.0,1.0,0.0,0.0,0.0,1.0
15,160,8.099639299917367,9.041004032354396,0.0,1.0,1.0,1.0,0.0,1.0
16,160,1.3995275736090558,1.146079259595793,0.0,0.0,0.0,0.0,1.0,0.0
17,160,8.547889860719474,7.087501857555509,0.0,0.0,1.0,1.0,0.0,0.0
18,160,12.0,0.2702072062274348,1.0,0.0,0.0,0.0,1.0,1.0
19,160,6.150475091612383,1.843134156492923,0.0,0.0,0.0,1.0,1.0,0.0
20,160,5.861938837016988,0.1994783702407,0.0,0.0,1.0,1.0,1.0,0.0
21,160,12.0,0.0508565655266747,1.0,0.0,1.0,0.0,0.0,0.0
22,160,11.50325396217047,11.6172682024886,1.0,0.0,0.0,0.0,0.0,0.0
23,160,8.097657082271457,5.705151601322672,1.0,0.0,0.0,1.0,0.0,0.0
24,160,0.0,8.71811004617603,1.0,1.0,0.0,0.0,0.0,0.0
25,160,4.706260248183766,11.645398071978674,0.0,0.0,1.0,0.0,0.0,0.0
26,160,8.623391834005076,11.672107470781365,0.0,0.0,0.0,0.0,0.0,0.0
27,160,0.0,7.335556528594165,0.0,0.0,1.0,0.0,1.0,1.0
28,160,12.0,11.997475697748165,0.0,0.0,1.0,0.0,1.0,0.0
29,160,3.9207948639450048,10.774669069677955,0.0,0.0,0.0,0.0,1.0,1.0
30,160,9.7610285504059,1.3185171224983008,0.0,1.0,0.0,0.0,1.0,0.0
31,160,3.6567002769888135,1.201535808730282,1.0,0.0,1.0,0.0,0.0,1.0
32,160,10.76912307738568,8.771087363749094,0.0,1.0,0.0,0.0,0.0,0.0
33,160,3.875153752169397,2.075723549109457,0.0,0.0,1.0,1.0,1.0,1.0
34,160,5.206616344578279,7.081559952375713,1.0,0.0,1.0,1.0,1.0,0.0
35,160,10.709710183852746,10.818606289332806,0.0,1.0,1.0,1.0,1.0,0.0
36,160,10.147258991861124,2.29884381725351,0.0,1.0,0.0,0.0,0.0,0.0
37,160,11.30335154796798,9.740196115882082,0.0,0.0,0.0,0.0,0.0,0.0
38,160,8.73919768528786,6.6040461294302695,1.0,1.0,0.0,1.0,0.0,0.0
39,160,0.0,3.0682796916699826,0.0,1.0,1.0,0.0,0.0,1.0
0,165,2.9159909045261894,0.0,0.0,1.0,1.0,0.0,0.0,0.0
1,165,0.1619041097813425,3.196501194702054,0.0,0.0,0.0,1.0,0.0,0.0
2,165,7.957217082757257,11.806010720941549,1.0,0.0,0.0,0.0,0.0,0.0
3,165,6.809986352251977,12.0,1.0,0.0,0.0,0.0,1.0,1.0
4,165,3.904876822878321,3.8440562103239055,0.0,0.0,0.0,0.0,0.0,1.0
5,165,9.23674319111385,0.2177253072998048,1.0,1.0,0.0,1.0,1.0,0.0
6,165,4.191383026058987,7.844527929000283,1.0,1.0,1.0,1.0,0.0,0.0
7,165,0.0,11.621432579843257,1.0,1.0,0.0,1.0,0.0,1.0
8,165,0.3943437989385696,3.4790913778882486,0.0,1.0,0.0,1.0,1.0,0.0
9,165,11.415759801790932,8.947320818894505,1.0,1.0,0.0,0.0,1.0,1.0
10,165,0.0,12.0,1.0,0.0,0.0,0.0,1.0,1.0
11,165,10.320966956358047,7.312263879696688,1.0,0.0,0.0,1.0,0.0,0.0
12,165,11.932845143902773,2.5581053064087365,0.0,1.0,1.0,1.0,0.0,1.0
13,165,2.188057315241075,2.906325521183976,1.0,1.0,1.0,0.0,0.0,1.0
14,165,7.980225101167966,8.55989653690424,0.0,1.0,0.0,0.0,0.0,1.0
15,165,8.230901357951636,9.124319597570691,0.0,1.0,1.0,1.0,0.0,1.0
16,165,1.2107984208409532,1.0395743756579976,0.0,0.0,0.0,0.0,1.0,0.0
17,165,8.447097835105655,7.082035064724094,0.0,0.0,1.0,1.0,0.0,0.0
18,165,12.0,0.2788546789451139,1.0,0.0,0.0,0.0,1.0,1.0
19,165,6.158163196160582,1.8946930346137183,0.0,0.0,0.0,1.0,1.0,0.0
20,165,5.867028242282246,0.2138607840502122,0.0,0.0,1.0,1.0,1.0,0.0
21,165,12.0,0.068786512044997,1.0,0.0,1.0,0.0,0.0,0.0
22,165,11.375486639706956,11.614030375922349,1.0,0.0,0.0,0.0,0.0,0.0
23,165,8.077213760411473,5.653878737469985,1.0,0.0,0.0,1.0,0.0,0.0
24,165,0.0,8.681501446168918,1.0,1.0,0.0,0.0,0.0,0.0
25,165,4.8388850973814685,11.725443121356903,0.0,0.0,1.0,0.0,0.0,0.0
26,165,8.611100503595956,11.66402787847811,0.0,0.0,0.0,0.0,0.0,0.0
27,165,0.0,7.301507599607675,0.0,0.0,1.0,0.0,1.0,1.0
28,165,12.0,12.0,0.0,0.0,1.0,0.0,1.0,0.0
29,165,3.905812164183781,10.7397185173645,0.0,0.0,0.0,0.0,1.0,1.0
30,165,9.677487509299942,1.2855218961897092,0.0,1.0,0.0,0.0,1.0,0.0
31,165,3.6994832777307103,1.149064732894223,1.0,0.0,1.0,0.0,0.0,1.0
32,165,10.855170855119868,8.87342396622205,0.0,1.0,0.0,0.0,0.0,0.0
33,165,3.892758457992752,2.0634482778394,0.0,0.0,1.0,1.0,1.0,1.0
34,165,5.170388244668093,7.038576041285,1.0,0.0,1.0,1.0,1.0,0.0
35,165,10.759631417931482,10.733600944743618,0.0,1.0,1.0,1.0,1.0,0.0
36,165,10.10875472352032,2.318068408452622,0.0,1.0,0.0,0.0,0.0,0.0
37,165,11.29664273132489,9.750976283865388,0.0,0.0,0.0,0.0,0.0,0.0
38,165,8.661051415861175,6.55474564192762,1.0,1.0,0.0,1.0,0.0,0.0
39,165,0.0,3.054890181540187,0.0,1.0,1.0,0.0,0.0,1.0
0,170,3.029316315913628,0.0,0.0,1.0,1.0,0.0,0.0,0.0
1,170,0.0,3.24942673617068,0.0,0.0,0.0,1.0,0.0,0.0
2,170,7.8659591563278335,11.763233481438546,1.0,0.0,0.0,0.0,0.0,0.0
3,170,6.856055909375759,12.0,1.0,0.0,0.0,0.0,1.0,1.0
4,170,3.903800544594025,3.872836640511186,0.0,0.0,0.0,0.0,0.0,1.0
5,170,9.157644013180423,0.1064332910333073,1.0,1.0,0.0,1.0,1.0,0.0
6,170,4.134164921472471,7.901830624787145,1.0,1.0,1.0,1.0,0.0,0.0
7,170,0.0,11.6506793283638,1.0,1.0,0.0,1.0,0.0,1.0
8,170,0.4111593139512758,3.507629065101868,0.0,1.0,0.0,1.0,1.0,0.0
9,170,11.421485822270606,8.974254379125496,1.0,1.0,0.0,0.0,1.0,1.0
10,170,0.0,12.0,1.0,0.0,0.0,0.0,1.0,1.0
11,170,10.22390329602444,7.345237588416459,1.0,0.0,0.0,1.0,0.0,0.0
12,170,11.95309582671698,2.544554758257562,0.0,1.0,1.0,1.0,0.0,1.0
13,170,2.1484274222318045,2.943598481895777,1.0,1.0,1.0,0.0,0.0,1.0
14,170,7.857232876340823,8.383389873305521,0.0,1.0,0.0,0.0,0.0,1.0
15,170,8.36135415425781,9.212555333821188,0.0,1.0,1.0,1.0,0.0,1.0
16,170,1.0189739284935182,0.9311202946137126,0.0,0.0,0.0,0.0,1.0,0.0
17,170,8.355961384050023,7.0733911497857695,0.0,0.0,1.0,1.0,0.0,0.0
18,170,11.999504053861047,0.2765091395987293,1.0,0.0,0.0,0.0,1.0,1.0
19,170,6.1642422938854535,1.9326175325910704,0.0,0.0,0.0,1.0,1.0,0.0
20,170,5.8730411613462286,0.232556731982179,0.0,0.0,1.0,1.0,1.0,0.0
21,170,12.0,0.0846501787127606,1.0,0.0,1.0,0.0,0.0,0.0
22,170,11.238102840640886,11.610463829885614,1.0,0.0,0.0,0.0,0.0,0.0
23,170,8.056515397188443,5.598761134898153,1.0,0.0,0.0,1.0,0.0,0.0
24,170,0.0,8.644660319078758,1.0,1.0,0.0,0.0,0.0,0.0
25,170,4.94974759249831,11.793864390693452,0.0,0.0,1.0,0.0,0.0,0.0
26,170,8.576365339308012,11.640266972031268,0.0,0.0,0.0,0.0,0.0,0.0
27,170,0.0,7.25241545527214,0.0,0.0,1.0,0.0,1.0,1.0
28,170,12.0,12.0,0.0,0.0,1.0,0.0,1.0,0.0
29,170,3.8973709156963143,10.719412719906265,0.0,0.0,0.0,0.0,1.0,1.0
30,170,9.608153854772096,1.259091920494244,0.0,1.0,0.0,0.0,1.0,0.0
31,170,3.743573892418599,1.0948957543037106,1.0,0.0,1.0,0.0,0.0,1.0
32,170,10.939830911018294,8.972460986784165,0.0,1.0,0.0,0.0,0.0,0.0
33,170,3.9075495915611658,2.053086696031615,0.0,0.0,1.0,1.0,1.0,1.0
34,170,5.127255451974468,7.073688840932798,1.0,0.0,1.0,1.0,1.0,0.0
35,170,10.802754727911871,10.665389243161872,0.0,1.0,1.0,1.0,1.0,0.0
36,170,10.08233968535875,2.3314049095847182,0.0,1.0,0.0,0.0,0.0,0.0
37,170,11.28658232790539,9.767721135691716,0.0,0.0,0.0,0.0,0.0,0.0
38,170,8.576277362959662,6.4986693211573066,1.0,1.0,0.0,1.0,0.0,0.0
39,170,0.0,3.0469753458966813,0.0,1.0,1.0,0.0,0.0,1.0
0,175,3.1434322900998866,0.0,0.0,1.0,1.0,0.0,0.0,0.0
1,175,0.0,3.298394124884411,0.0,0.0,0.0,1.0,0.0,0.0
2,175,7.761098238171435,11.71591955354724,1.0,0.0,0.0,0.0,0.0,0.0
3,175,6.908247435325481,12.0,1.0,0.0,0.0,0.0,1.0,1.0
4,175,3.902848877248003,3.896860328677491,0.0,0.0,0.0,0.0,0.0,1.0
5,175,9.068599509774256,0.0,1.0,1.0,0.0,1.0,1.0,0.0
6,175,4.09213230644255,7.942511985574119,1.0,1.0,1.0,1.0,0.0,0.0
7,175,0.0,11.667728333423916,1.0,1.0,0.0,1.0,0.0,1.0
8,175,0.4246893870478475,3.5299448741019788,0.0,1.0,0.0,1.0,1.0,0.0
9,175,11.427748415454436,9.005048818252376,1.0,1.0,0.0,0.0,1.0,1.0
10,175,0.0,12.0,1.0,0.0,0.0,0.0,1.0,1.0
11,175,10.141899539949936,7.372206697225559,1.0,0.0,0.0,1.0,0.0,0.0
12,175,11.98385973885252,2.524944612119219,0.0,1.0,1.0,1.0,0.0,1.0
13,175,2.10871871804694,2.9803963798302187,1.0,1.0,1.0,0.0,0.0,1.0
14,175,7.739595424480038,8.21249159151771,0.0,1.0,0.0,0.0,0.0,1.0
15,175,8.496291573762313,9.303219564894512,0.0,1.0,1.0,1.0,0.0,1.0
16,175,0.8136127888692353,0.8293282187543541,0.0,0.0,0.0,0.0,1.0,0.0
17,175,8.237276314234228,7.06351417773494,0.0,0.0,1.0,1.0,0.0,0.0
18,175,11.997193563594418,0.266961110055393,1.0,0.0,0.0,0.0,1.0,1.0
19,175,6.167757598056661,1.9566673217579704,0.0,0.0,0.0,1.0,1.0,0.0
20,175,5.882165377541182,0.2616820363579228,0.0,0.0,1.0,1.0,1.0,0.0
21,175,12.0,0.0962372353527553,1.0,0.0,1.0,0.0,0.0,0.0
22,175,11.10935380956144,11.606583703530234,1.0,0.0,0.0,0.0,0.0,0.0
23,175,8.036339996266836,5.542262048774049,1.0,0.0,0.0,1.0,0.0,0.0
24,175,0.0,8.593732411161307,1.0,1.0,0.0,0.0,0.0,0.0
25,175,5.047359781201068,11.85455815189038,0.0,0.0,1.0,0.0,0.0,0.0
26,175,8.541291564992363,11.616400183375482,0.0,0.0,0.0,0.0,0.0,0.0
27,175,0.0,7.196719935216366,0.0,0.0,1.0,0.0,1.0,1.0
28,175,12.0,12.0,0.0,0.0,1.0,0.0,1.0,0.0
29,175,3.893560161144833,10.710553211701589,0.0,0.0,0.0,0.0,1.0,1.0
30,175,9.529852237325771,1.232056117440431,0.0,1.0,0.0,0.0,1.0,0.0
31,175,3.8029623739478575,1.0240238408386428,1.0,0.0,1.0,0.0,0.0,1.0
32,175,11.015029939728285,9.060590866805596,0.0,1.0,0.0,0.0,0.0,0.0
33,175,3.948084818587303,2.0250016671190583,0.0,0.0,1.0,1.0,1.0,1.0
34,175,5.07150871083518,7.117717694246081,1.0,0.0,1.0,1.0,1.0,0.0
35,175,10.862587787351533,10.56997920005232,0.0,1.0,1.0,1.0,1.0,0.0
36,175,10.033448561619588,2.3558513408753154,0.0,1.0,0.0,0.0,0.0,0.0
37,175,11.270935515620025,9.79366375224294,0.0,0.0,0.0,0.0,0.0,0.0
38,175,8.507057767206799,6.451612075532971,1.0,1.0,0.0,1.0,0.0,0.0
39,175,0.0021956770662042,3.047609792123509,0.0,1.0,1.0,0.0,0.0,1.0
0,180,3.2618042069673416,0.0,0.0,1.0,1.0,0.0,0.0,0.0
1,180,0.0,3.3615496510639806,0.0,0.0,0.0,1.0,0.0,0.0
2,180,7.644151564832477,11.662575777559397,1.0,0.0,0.0,0.0,0.0,0.0
3,180,6.955733594126022,12.0,1.0,0.0,0.0,0.0,1.0,1.0
4,180,3.901922842290279,3.921834906377154,0.0,0.0,0.0,0.0,0.0,1.0
5,180,8.967916677013722,0.0,1.0,1.0,0.0,1.0,1.0,0.0
6,180,4.067286946372396,7.966408465351452,1.0,1.0,1.0,1.0,0.0,0.0
7,180,0.0,11.668360568389488,1.0,1.0,0.0,1.0,0.0,1.0
8,180,0.4464657237879901,3.564328363630189,0.0,1.0,0.0,1.0,1.0,0.0
9,180,11.437578942774593,9.050962112225436,1.0,1.0,0.0,0.0,1.0,1.0
10,180,0.0,12.0,1.0,0.0,0.0,0.0,1.0,1.0
11,180,10.064753935971376,7.396163764165647,1.0,0.0,0.0,1.0,0.0,0.0
12,180,12.0,2.49607469510754,0.0,1.0,1.0,1.0,0.0,1.0
13,180,2.059743571029501,3.02576214350606,1.0,1.0,1.0,0.0,0.0,1.0
14,180,7.620760898475,8.047154024550426,0.0,1.0,0.0,0.0,0.0,1.0
15,180,8.628772523888967,9.393987146669694,0.0,1.0,1.0,1.0,0.0,1.0
16,180,0.6024208496195032,0.7195208443110042,0.0,0.0,0.0,0.0,1.0,0.0
17,180,8.113737986768392,7.055866734669042,0.0,0.0,1.0,1.0,0.0,0.0
18,180,11.995329472477282,0.2587765583192067,1.0,0.0,0.0,0.0,1.0,1.0
19,180,6.168994675902375,1.9651545711717664,0.0,0.0,0.0,1.0,1.0,0.0
20,180,5.888614166721212,0.2834850187408942,0.0,0.0,1.0,1.0,1.0,0.0
21,180,12.0,0.1048727156228861,1.0,0.0,1.0,0.0,0.0,0.0
22,180,11.005165199723658,11.604501358563123,1.0,0.0,0.0,0.0,0.0,0.0
23,180,8.02208026195055,5.499068492339153,1.0,0.0,0.0,1.0,0.0,0.0
24,180,0.0,8.545726016409878,1.0,1.0,0.0,0.0,0.0,0.0
25,180,5.160793924903498,11.929228393199462,0.0,0.0,1.0,0.0,0.0,0.0
26,180,8.52041893198564,11.602704342128714,0.0,0.0,0.0,0.0,0.0,0.0
27,180,0.0,7.140559912695392,0.0,0.0,1.0,0.0,1.0,1.0
28,180,12.0,12.0,0.0,0.0,1.0,0.0,1.0,0.0
29,180,3.8937903473423545,10.711102957752164,0.0,0.0,0.0,0.0,1.0,1.0
30,180,9.445352649706658,1.203528750873085,0.0,1.0,0.0,0.0,1.0,0.0
31,180,3.847846878848985,0.9701250210775484,1.0,0.0,1.0,0.0,0.0,1.0
32,180,11.098492967734437,9.161403132476387,0.0,1.0,0.0,0.0,0.0,0.0
33,180,3.988997475153652,1.9948921770701469,0.0,0.0,1.0,1.0,1.0,1.0
34,180,5.024790007559712,7.154864166098244,1.0,0.0,1.0,1.0,1.0,0.0
35,180,10.924710416072706,10.473286462011613,0.0,1.0,1.0,1.0,1.0,0.0
36,180,9.974770396185052,2.3873071774354653,0.0,1.0,0.0,0.0,0.0,0.0
37,180,11.263072789395384,9.80700882101372,0.0,0.0,0.0,0.0,0.0,0.0
38,180,8.431205553216005,6.402307533189169,1.0,1.0,0.0,1.0,0.0,0.0
39,180,0.0076164751586746,3.0490658649617544,0.0,1.0,1.0,0.0,0.0,1.0
0,185,3.3811037659407,0.0,0.0,1.0,1.0,0.0,0.0,0.0
1,185,0.0,3.431294860630267,0.0,0.0,0.0,1.0,0.0,0.0
2,185,7.5226813101407295,11.607840686452738,1.0,0.0,0.0,0.0,0.0,0.0
3,185,6.994928783043343,12.0,1.0,0.0,0.0,0.0,1.0,1.0
4,185,3.900888874185806,3.955545904269259,0.0,0.0,0.0,0.0,0.0,1.0
5,185,8.86374987852985,0.0,1.0,1.0,0.0,1.0,1.0,0.0
6,185,4.046759196850486,7.986561127675179,1.0,1.0,1.0,1.0,0.0,0.0
7,185,0.0041538950557486,11.665509209482543,1.0,1.0,0.0,1.0,0.0,1.0
8,185,0.4661090738172645,3.594551616480974,0.0,1.0,0.0,1.0,1.0,0.0
9,185,11.445043041779464,9.085920301583045,1.0,1.0,0.0,0.0,1.0,1.0
10,185,0.0,12.0,1.0,0.0,0.0,0.0,1.0,1.0
11,185,10.00235247644145,7.415562900519827,1.0,0.0,0.0,1.0,0.0,0.0
12,185,12.0,2.4745829976788856,0.0,1.0,1.0,1.0,0.0,1.0
13,185,2.0064647284385195,3.076472159940637,1.0,1.0,1.0,0.0,0.0,1.0
14,185,7.501134569602724,7.89042533400066,0.0,1.0,0.0,0.0,0.0,1.0
15,185,8.772089966501229,9.493912833729686,0.0,1.0,1.0,1.0,0.0,1.0
16,185,0.4030807478237821,0.6045418381750423,0.0,0.0,0.0,0.0,1.0,0.0
17,185,7.983518317375336,7.047070970801348,0.0,0.0,1.0,1.0,0.0,0.0
18,185,11.99798388045533,0.2705930111099248,1.0,0.0,0.0,0.0,1.0,1.0
19,185,6.171018855368708,1.9792158515776948,0.0,0.0,0.0,1.0,1.0,0.0
20,185,5.895333920557828,0.3073953116478938,0.0,0.0,1.0,1.0,1.0,0.0
21,185,12.0,0.1139997828866321,1.0,0.0,1.0,0.0,0.0,0.0
22,185,10.904790682207013,11.600853667462744,1.0,0.0,0.0,0.0,0.0,0.0
23,185,8.004211258325816,5.444167152833035,1.0,0.0,0.0,1.0,0.0,0.0
24,185,0.0,8.506018703152534,1.0,1.0,0.0,0.0,0.0,0.0
25,185,5.276892313112747,12.0,0.0,0.0,1.0,0.0,0.0,0.0
26,185,8.503841637322616,11.591217528707787,0.0,0.0,0.0,0.0,0.0,0.0
27,185,0.0,7.072033730978736,0.0,0.0,1.0,0.0,1.0,1.0
28,185,12.0,12.0,0.0,0.0,1.0,0.0,1.0,0.0
29,185,3.8875612710704446,10.695163776822794,0.0,0.0,0.0,0.0,1.0,1.0
30,185,9.372917959880487,1.1802974288850183,0.0,1.0,0.0,0.0,1.0,0.0
31,185,3.878859127781438,0.9349520254962496,1.0,0.0,1.0,0.0,0.0,1.0
32,185,11.17652549854768,9.249732505632863,0.0,1.0,0.0,0.0,0.0,0.0
33,185,4.050344215129165,1.9498838119619568,0.0,0.0,1.0,1.0,1.0,1.0
34,185,4.960155345322065,7.205369675375811,1.0,0.0,1.0,1.0,1.0,0.0
35,185,10.979232042511466,10.38844355710738,0.0,1.0,1.0,1.0,1.0,0.0
36,185,9.907642358192314,2.4234193930696706,0.0,1.0,0.0,0.0,0.0,0.0
37,185,11.267361738643867,9.799642984214495,0.0,0.0,0.0,0.0,0.0,0.0
38,185,8.359260056229951,6.353336275205856,1.0,1.0,0.0,1.0,0.0,0.0
39,185,0.0073689329282285,3.0490044307152995,0.0,1.0,1.0,0.0,0.0,1.0
0,190,3.503670629058768,0.0,0.0,1.0,1.0,0.0,0.0,0.0
1,190,0.0,3.504958990247723,0.0,0.0,0.0,1.0,0.0,0.0
2,190,7.408917883814699,11.555675304031656,1.0,0.0,0.0,0.0,0.0,0.0
3,190,7.020709972087459,12.0,1.0,0.0,0.0,0.0,1.0,1.0
4,190,3.899442260584224,3.989501924166901,0.0,0.0,0.0,0.0,0.0,1.0
5,190,8.77243732682328,0.0,1.0,1.0,0.0,1.0,1.0,0.0
6,190,4.020556057227497,8.012965844564862,1.0,1.0,1.0,1.0,0.0,0.0
7,190,0.0123192415280516,11.659911389088544,1.0,1.0,0.0,1.0,0.0,1.0
8,190,0.4955296410531272,3.6411161593019146,0.0,1.0,0.0,1.0,1.0,0.0
9,190,11.453802184816857,9.123063339544146,1.0,1.0,0.0,0.0,1.0,1.0
10,190,0.0,12.0,1.0,0.0,0.0,0.0,1.0,1.0
11,190,9.943549852078633,7.4333915323762705,1.0,0.0,0.0,1.0,0.0,0.0
12,190,12.0,2.4495066759332498,0.0,1.0,1.0,1.0,0.0,1.0
13,190,1.9635622715303689,3.1175623950623303,1.0,1.0,1.0,0.0,0.0,1.0
14,190,7.379059419356034,7.72640087658581,0.0,1.0,0.0,0.0,0.0,1.0
15,190,8.910932014116897,9.583636757537754,0.0,1.0,1.0,1.0,0.0,1.0
16,190,0.2113700922378845,0.4867984526190993,0.0,0.0,0.0,0.0,1.0,0.0
17,190,7.864260715935881,7.041928126147132,0.0,0.0,1.0,1.0,0.0,0.0
18,190,11.9985363439192,0.273234949588173,1.0,0.0,0.0,0.0,1.0,1.0
19,190,6.172902824979577,1.9943616462915776,0.0,0.0,0.0,1.0,1.0,0.0
20,190,5.897997390997645,0.3162035914658223,0.0,0.0,1.0,1.0,1.0,0.0
21,190,12.0,0.1269416550837146,1.0,0.0,1.0,0.0,0.0,0.0
22,190,10.805367042185493,11.5937854889504,1.0,0.0,0.0,0.0,0.0,0.0
23,190,7.987117279067818,5.382058394567892,1.0,0.0,0.0,1.0,0.0,0.0
24,190,0.0,8.467796229460394,1.0,1.0,0.0,0.0,0.0,0.0
25,190,5.391577067370214,12.0,0.0,0.0,1.0,0.0,0.0,0.0
26,190,8.499645622973791,11.588493520698046,0.0,0.0,0.0,0.0,0.0,0.0
27,190,0.0,7.009523453940346,0.0,0.0,1.0,0.0,1.0,1.0
28,190,12.0,12.0,0.0,0.0,1.0,0.0,1.0,0.0
29,190,3.878759828248759,10.672269092704816,0.0,0.0,0.0,0.0,1.0,1.0
30,190,9.296490380853932,1.1542999359539454,0.0,1.0,0.0,0.0,1.0,0.0
31,190,3.9101372117948103,0.8980467246555643,1.0,0.0,1.0,0.0,0.0,1.0
32,190,11.249813279226077,9.336815249323772,0.0,1.0,0.0,0.0,0.0,0.0
33,190,4.11723884319696,1.9016603364336992,0.0,0.0,1.0,1.0,1.0,1.0
34,190,4.883786565112966,7.266219676607684,1.0,0.0,1.0,1.0,1.0,0.0
35,190,11.036027677555284,10.299940697898103,0.0,1.0,1.0,1.0,1.0,0.0
36,190,9.839210331028314,2.463330409706335,0.0,1.0,0.0,0.0,0.0,0.0
37,190,11.275796316268403,9.785165947593304,0.0,0.0,0.0,0.0,0.0,0.0
38,190,8.282486947320356,6.306128963406744,1.0,1.0,0.0,1.0,0.0,0.0
39,190,0.0,3.040092639283383,0.0,1.0,1.0,0.0,0.0,1.0
0,195,3.636344133131603,0.0,0.0,1.0,1.0,0.0,0.0,0.0
1,195,0.0,3.593807883401091,0.0,0.0,0.0,1.0,0.0,0.0
2,195,7.304772004656716,11.509821847390237,1.0,0.0,0.0,0.0,0.0,0.0
3,195,7.0473149408835445,12.0,1.0,0.0,0.0,0.0,1.0,1.0
4,195,3.8966264213203337,4.027156131270198,0.0,0.0,0.0,0.0,0.0,1.0
5,195,8.676504667259985,0.0,1.0,1.0,0.0,1.0,1.0,0.0
6,195,3.997766552075142,8.03454782184486,1.0,1.0,1.0,1.0,0.0,0.0
7,195,0.0200620614301326,11.6546566321992,1.0,1.0,0.0,1.0,0.0,1.0
8,195,0.5336106269742967,3.699606796523076,0.0,1.0,0.0,1.0,1.0,0.0
9,195,11.459800377400486,9.148822754123632,1.0,1.0,0.0,0.0,1.0,1.0
10,195,0.0,11.968678175293409,1.0,0.0,0.0,0.0,1.0,1.0
11,195,9.861005581229511,7.455466498456588,1.0,0.0,0.0,1.0,0.0,0.0
12,195,12.0,2.419905854230468,0.0,1.0,1.0,1.0,0.0,1.0
13,195,1.9200012280897576,3.158176726350052,1.0,1.0,1.0,0.0,0.0,1.0
14,195,7.251617800597901,7.542860255265239,0.0,1.0,0.0,0.0,0.0,1.0
15,195,9.05395458679871,9.67874284664404,0.0,1.0,1.0,1.0,0.0,1.0
16,195,0.0093584577928582,0.3682351994806558,0.0,0.0,0.0,0.0,1.0,0.0
17,195,7.753375492361245,7.037803456768576,0.0,0.0,1.0,1.0,0.0,0.0
18,195,11.998382853474316,0.2725611167586324,1.0,0.0,0.0,0.0,1.0,1.0
19,195,6.173227866615051,1.9964333439957505,0.0,0.0,0.0,1.0,1.0,0.0
20,195,5.900678562010074,0.3260555484893359,0.0,0.0,1.0,1.0,1.0,0.0
21,195,12.0,0.1490056138685819,1.0,0.0,1.0,0.0,0.0,0.0
22,195,10.706340003073135,11.587502399319288,1.0,0.0,0.0,0.0,0.0,0.0
23,195,7.969621082481082,5.321211287236921,1.0,0.0,0.0,1.0,0.0,0.0
24,195,0.0,8.430209093668585,1.0,1.0,0.0,0.0,0.0,0.0
25,195,5.514032000237424,12.0,0.0,0.0,1.0,0.0,0.0,0.0
26,195,8.49927892016941,11.588268993069052,0.0,0.0,0.0,0.0,0.0,0.0
27,195,0.0,6.963334866495133,0.0,0.0,1.0,0.0,1.0,1.0
28,195,12.0,12.0,0.0,0.0,1.0,0.0,1.0,0.0
29,195,3.868244960234459,10.645516062204978,0.0,0.0,0.0,0.0,1.0,1.0
30,195,9.238389203320992,1.1363475243818355,0.0,1.0,0.0,0.0,1.0,0.0
31,195,3.937528827974738,0.8648577786418272,1.0,0.0,1.0,0.0,0.0,1.0
32,195,11.328257531064056,9.43191363551285,0.0,1.0,0.0,0.0,0.0,0.0
33,195,4.186617297674666,1.8530707232276904,0.0,0.0,1.0,1.0,1.0,1.0
34,195,4.821765281649282,7.317812217591634,1.0,0.0,1.0,1.0,1.0,0.0
35,195,11.097526845856748,10.202562300010236,0.0,1.0,1.0,1.0,1.0,0.0
36,195,9.787340650657896,2.49345147775222,0.0,1.0,0.0,0.0,0.0,0.0
37,195,11.292147019367317,9.756105415718846,0.0,0.0,0.0,0.0,0.0,0.0
38,195,8.196476490652767,6.256863552858361,1.0,1.0,0.0,1.0,0.0,0.0
39,195,0.0,3.0205596072941527,0.0,1.0,1.0,0.0,0.0,1.0
0,200,3.7660675695920793,0.0,0.0,1.0,1.0,0.0,0.0,0.0
1,200,0.0,3.6879435959344353,0.0,0.0,0.0,1.0,0.0,0.0
2,200,7.191597518222912,11.461054442811074,1.0,0.0,0.0,0.0,0.0,0.0
3,200,7.075993457769218,12.0,1.0,0.0,0.0,0.0,1.0,1.0
4,200,3.8936727223613374,4.073291250924129,0.0,0.0,0.0,0.0,0.0,1.0
5,200,8.587667118111204,0.0,1.0,1.0,0.0,1.0,1.0,0.0
6,200,3.9828078765589847,8.04950646612398,1.0,1.0,1.0,1.0,0.0,0.0
7,200,0.0279102270171958,11.64944268006114,1.0,1.0,0.0,1.0,0.0,1.0
8,200,0.5796501588558671,3.76854963927102,0.0,1.0,0.0,1.0,1.0,0.0
9,200,11.466004211209825,9.174531019018731,1.0,1.0,0.0,0.0,1.0,1.0
10,200,0.0,11.9334412299255,1.0,0.0,0.0,0.0,1.0,1.0
11,200,9.768456620627356,7.478929522360714,1.0,0.0,0.0,1.0,0.0,0.0
12,200,12.0,2.3953515918743045,0.0,1.0,1.0,1.0,0.0,1.0
13,200,1.8841204745424684,3.191015242686433,1.0,1.0,1.0,0.0,0.0,1.0
14,200,7.119770404671709,7.362637252896021,0.0,1.0,0.0,0.0,0.0,1.0
15,200,9.186168447500576,9.765582269335455,0.0,1.0,1.0,1.0,0.0,1.0
16,200,0.0,0.2592442081423035,0.0,0.0,0.0,0.0,1.0,0.0
17,200,7.660315609994957,7.037541565631898,0.0,0.0,1.0,1.0,0.0,0.0
18,200,11.996856793877573,0.2666065848392032,1.0,0.0,0.0,0.0,1.0,1.0
19,200,6.174693621136992,2.006024652953028,0.0,0.0,0.0,1.0,1.0,0.0
20,200,5.906881523227888,0.3501577692017273,0.0,0.0,1.0,1.0,1.0,0.0
21,200,12.0,0.1735657097293537,1.0,0.0,1.0,0.0,0.0,0.0
22,200,10.611581068030343,11.58148744405701,1.0,0.0,0.0,0.0,0.0,0.0
23,200,7.947646757294236,5.24371089663037,1.0,0.0,0.0,1.0,0.0,0.0
24,200,0.0,8.396148926293836,1.0,1.0,0.0,0.0,0.0,0.0
25,200,5.633081000588578,12.0,0.0,0.0,1.0,0.0,0.0,0.0
26,200,8.507891959878878,11.574266201952506,0.0,0.0,0.0,0.0,0.0,0.0
27,200,0.0,6.927557695282509,0.0,0.0,1.0,0.0,1.0,1.0
28,200,12.0,12.0,0.0,0.0,1.0,0.0,1.0,0.0
29,200,3.857669141974559,10.618617938378367,0.0,0.0,0.0,0.0,1.0,1.0
30,200,9.167457216074254,1.1127002685296346,0.0,1.0,0.0,0.0,1.0,0.0
31,200,3.962388506874814,0.8334289565379547,1.0,0.0,1.0,0.0,0.0,1.0
32,200,11.394419452999108,9.511949344486483,0.0,1.0,0.0,0.0,0.0,0.0
33,200,4.265337830873757,1.7997622035861875,0.0,0.0,1.0,1.0,1.0,1.0
34,200,4.752623960124882,7.377938869745022,1.0,0.0,1.0,1.0,1.0,0.0
35,200,11.155096678487212,10.112384375780016,0.0,1.0,1.0,1.0,1.0,0.0
36,200,9.739489642190383,2.520316227329615,0.0,1.0,0.0,0.0,0.0,0.0
37,200,11.305285001638907,9.731570647111434,0.0,0.0,0.0,0.0,0.0,0.0
38,200,8.122200138412262,6.214616133523288,1.0,1.0,0.0,1.0,0.0,0.0
39,200,0.0,2.99724550850278,0.0,1.0,1.0,0.0,0.0,1.0
0,205,3.902820722225987,0.0,0.0,1.0,1.0,0.0,0.0,0.0
1,205,0.0,3.7938932139011032,0.0,0.0,0.0,1.0,0.0,0.0
2,205,7.099601417904223,11.419306313382323,1.0,0.0,0.0,0.0,0.0,0.0
3,205,7.110364162836165,12.0,1.0,0.0,0.0,0.0,1.0,1.0
4,205,3.891114407929911,4.118086310867411,0.0,0.0,0.0,0.0,0.0,1.0
5,205,8.503009057246148,0.0,1.0,1.0,0.0,1.0,1.0,0.0
6,205,3.961773413336525,8.070745471179112,1.0,1.0,1.0,1.0,0.0,0.0
7,205,0.0235980948487455,11.652367186687702,1.0,1.0,0.0,1.0,0.0,1.0
8,205,0.6200470887119918,3.82444524179004,0.0,1.0,0.0,1.0,1.0,0.0
9,205,11.47138668378885,9.197370386354788,1.0,1.0,0.0,0.0,1.0,1.0
10,205,0.0,11.899717815823154,1.0,0.0,0.0,0.0,1.0,1.0
11,205,9.683371421763963,7.497748871683408,1.0,0.0,0.0,1.0,0.0,0.0
12,205,12.0,2.368812414580321,0.0,1.0,1.0,1.0,0.0,1.0
13,205,1.858691128363899,3.215309100450059,1.0,1.0,1.0,0.0,0.0,1.0
14,205,6.982672981753642,7.176805100958733,0.0,1.0,0.0,0.0,0.0,1.0
15,205,9.32253038038684,9.852990231260542,0.0,1.0,1.0,1.0,0.0,1.0
16,205,0.0,0.1317573731117163,0.0,0.0,0.0,0.0,1.0,0.0
17,205,7.586956834357393,7.037695066525309,0.0,0.0,1.0,1.0,0.0,0.0
18,205,11.99973696683896,0.2786725347386145,1.0,0.0,0.0,0.0,1.0,1.0
19,205,6.1762373635402215,2.0172800642868856,0.0,0.0,0.0,1.0,1.0,0.0
20,205,5.902810531361253,0.3337322371747719,0.0,0.0,1.0,1.0,1.0,0.0
21,205,12.0,0.1950944752141239,1.0,0.0,1.0,0.0,0.0,0.0
22,205,10.515430132391357,11.57665046514614,1.0,0.0,0.0,0.0,0.0,0.0
23,205,7.933135203746807,5.188159624770135,1.0,0.0,0.0,1.0,0.0,0.0
24,205,0.0,8.368508646546589,1.0,1.0,0.0,0.0,0.0,0.0
25,205,5.741920567148227,12.0,0.0,0.0,1.0,0.0,0.0,0.0
26,205,8.518943537219638,11.556464870404444,0.0,0.0,0.0,0.0,0.0,0.0
27,205,0.0,6.858285099898721,0.0,0.0,1.0,0.0,1.0,1.0
28,205,12.0,12.0,0.0,0.0,1.0,0.0,1.0,0.0
29,205,3.849280656011879,10.598396881453269,0.0,0.0,0.0,0.0,1.0,1.0
30,205,9.082902705272884,1.0837222777112407,0.0,1.0,0.0,0.0,1.0,0.0
31,205,3.995238236476026,0.7919020542021782,1.0,0.0,1.0,0.0,0.0,1.0
32,205,11.446397411024698,9.577244309248597,0.0,1.0,0.0,0.0,0.0,0.0
33,205,4.347380097359944,1.7466281284028558,0.0,0.0,1.0,1.0,1.0,1.0
34,205,4.683624419412265,7.438591582635791,1.0,0.0,1.0,1.0,1.0,0.0
35,205,11.217384556200846,10.017119038678578,0.0,1.0,1.0,1.0,1.0,0.0
36,205,9.682931564345417,2.549144451944514,0.0,1.0,0.0,0.0,0.0,0.0
37,205,11.327275625952998,9.690535875169129,0.0,0.0,0.0,0.0,0.0,0.0
38,205,8.050746821048904,6.17335241438463,1.0,1.0,0.0,1.0,0.0,0.0
39,205,0.0,2.9763645269834167,0.0,1.0,1.0,0.0,0.0,1.0
0,210,4.051798555277585,0.0,0.0,1.0,1.0,0.0,0.0,0.0
1,210,0.0,3.911319992256063,0.0,0.0,0.0,1.0,0.0,0.0
2,210,7.020341221469338,11.38568141022684,1.0,0.0,0.0,0.0,0.0,0.0
3,210,7.136463733822974,12.0,1.0,0.0,0.0,0.0,1.0,1.0
4,210,3.886116125679768,4.165881051428868,0.0,0.0,0.0,0.0,0.0,1.0
5,210,8.4227958358232,0.0,1.0,1.0,0.0,1.0,1.0,0.0
6,210,3.932969573035476,8.10120581057094,1.0,1.0,1.0,1.0,0.0,0.0
7,210,0.0236089591223529,11.652359823167773,1.0,1.0,0.0,1.0,0.0,1.0
8,210,0.6422676373608837,3.853330642469978,0.0,1.0,0.0,1.0,1.0,0.0
9,210,11.474108094927542,9.209832684563004,1.0,1.0,0.0,0.0,1.0,1.0
10,210,0.0,11.866194629350394,1.0,0.0,0.0,0.0,1.0,1.0
11,210,9.612916865456643,7.513409146240459,1.0,0.0,0.0,1.0,0.0,0.0
12,210,12.0,2.339762197349508,0.0,1.0,1.0,1.0,0.0,1.0
13,210,1.8479389367849908,3.226058324403205,1.0,1.0,1.0,0.0,0.0,1.0
14,210,6.8322515976103,6.971416810666788,0.0,1.0,0.0,0.0,0.0,1.0
15,210,9.464503965473265,9.945692050584666,0.0,1.0,1.0,1.0,0.0,1.0
16,210,0.0,0.0107047883935788,0.0,0.0,0.0,0.0,1.0,0.0
17,210,7.517961246473353,7.037732124071527,0.0,0.0,1.0,1.0,0.0,0.0
18,210,12.0,0.2877658642744014,1.0,0.0,0.0,0.0,1.0,1.0
19,210,6.178425458748502,2.031369399883685,0.0,0.0,0.0,1.0,1.0,0.0
20,210,5.896196431478105,0.3062493732908176,0.0,0.0,1.0,1.0,1.0,0.0
21,210,12.0,0.2193075864558157,1.0,0.0,1.0,0.0,0.0,0.0
22,210,10.42091891636794,11.57256113125358,1.0,0.0,0.0,0.0,0.0,0.0
23,210,7.911306494600306,5.105555072803624,1.0,0.0,0.0,1.0,0.0,0.0
24,210,0.0,8.340781715301233,1.0,1.0,0.0,0.0,0.0,0.0
25,210,5.853005002357785,12.0,0.0,0.0,1.0,0.0,0.0,0.0
26,210,8.534726503118518,11.53095053249537,0.0,0.0,0.0,0.0,0.0,0.0
27,210,0.0,6.771971527160774,0.0,0.0,1.0,0.0,1.0,1.0
28,210,12.0,12.0,0.0,0.0,1.0,0.0,1.0,0.0
29,210,3.838992091450244,10.573772870706186,0.0,0.0,0.0,0.0,1.0,1.0
30,210,8.996797132664417,1.0527376109003508,0.0,1.0,0.0,0.0,1.0,0.0
31,210,4.019577961787923,0.7612747912131519,1.0,0.0,1.0,0.0,0.0,1.0
32,210,11.509710097827265,9.657153228859125,0.0,1.0,0.0,0.0,0.0,0.0
33,210,4.435036130613257,1.6908330045006903,0.0,0.0,1.0,1.0,1.0,1.0
34,210,4.634894501065382,7.480648035566831,1.0,0.0,1.0,1.0,1.0,0.0
35,210,11.274041927792284,9.935271993842894,0.0,1.0,1.0,1.0,1.0,0.0
36,210,9.634797244834266,2.5741151110578238,0.0,1.0,0.0,0.0,0.0,0.0
37,210,11.340558611877432,9.66349929299936,0.0,0.0,0.0,0.0,0.0,0.0
38,210,7.983611932042661,6.135299939436635,1.0,1.0,0.0,1.0,0.0,0.0
39,210,0.0,2.959432372718497,0.0,1.0,1.0,0.0,0.0,1.0
0,215,4.184451891505953,0.0,0.0,1.0,1.0,0.0,0.0,0.0
1,215,0.0,4.032108133704159,0.0,0.0,0.0,1.0,0.0,0.0
2,215,6.91587935172272,11.346356733265422,1.0,0.0,0.0,0.0,0.0,0.0
3,215,7.165121642207563,12.0,1.0,0.0,0.0,0.0,1.0,1.0
4,215,3.880103116082144,4.222565760361685,0.0,0.0,0.0,0.0,0.0,1.0
5,215,8.34271317840695,0.0,1.0,1.0,0.0,1.0,1.0,0.0
6,215,3.8807374179606335,8.155538759818517,1.0,1.0,1.0,1.0,0.0,0.0
7,215,0.0220667251323485,11.65331008545878,1.0,1.0,0.0,1.0,0.0,1.0
8,215,0.6882487011658788,3.915155152706456,0.0,1.0,0.0,1.0,1.0,0.0
9,215,11.478531235322064,9.23277286162487,1.0,1.0,0.0,0.0,1.0,1.0
10,215,0.0,11.835816030582471,1.0,0.0,0.0,0.0,1.0,1.0
11,215,9.553639915016678,7.527077758626755,1.0,0.0,0.0,1.0,0.0,0.0
12,215,12.0,2.3111149594613365,0.0,1.0,1.0,1.0,0.0,1.0
13,215,1.8225535596764124,3.253048607644919,1.0,1.0,1.0,0.0,0.0,1.0
14,215,6.67269533000698,6.751779675038953,0.0,1.0,0.0,0.0,0.0,1.0
15,215,9.61852428186014,10.0422428548059,0.0,1.0,1.0,1.0,0.0,1.0
16,215,0.0,0.0,0.0,0.0,0.0,0.0,1.0,0.0
17,215,7.452561933082358,7.0369247104647465,0.0,0.0,1.0,1.0,0.0,0.0
18,215,11.993771408040724,0.2618708793125384,1.0,0.0,0.0,0.0,1.0,1.0
19,215,6.182350812187599,2.057426413275476,0.0,0.0,0.0,1.0,1.0,0.0
20,215,5.882563039288835,0.242760203981886,0.0,0.0,1.0,1.0,1.0,0.0
21,215,12.0,0.2500076662048464,1.0,0.0,1.0,0.0,0.0,0.0
22,215,10.316595285355524,11.569681806928918,1.0,0.0,0.0,0.0,0.0,0.0
23,215,7.8900484871276975,5.03427669586401,1.0,0.0,0.0,1.0,0.0,0.0
24,215,0.0,8.312949947338993,1.0,1.0,0.0,0.0,0.0,0.0
25,215,5.993661947904985,12.0,0.0,0.0,1.0,0.0,0.0,0.0
26,215,8.553590491611885,11.498775427257728,0.0,0.0,0.0,0.0,0.0,0.0
27,215,0.0,6.713259684764608,0.0,0.0,1.0,0.0,1.0,1.0
28,215,12.0,12.0,0.0,0.0,1.0,0.0,1.0,0.0
29,215,3.836872032264948,10.568838723002845,0.0,0.0,0.0,0.0,1.0,1.0
30,215,8.925806150681764,1.0264879336073736,0.0,1.0,0.0,0.0,1.0,0.0
31,215,4.051277443505692,0.7211877595888811,1.0,0.0,1.0,0.0,0.0,1.0
32,215,11.574581028628277,9.740138022540725,0.0,1.0,0.0,0.0,0.0,0.0
33,215,4.52938666840324,1.6309756603022487,0.0,0.0,1.0,1.0,1.0,1.0
34,215,4.576848691734693,7.529794709361342,1.0,0.0,1.0,1.0,1.0,0.0
35,215,11.324720398268523,9.860239471479533,0.0,1.0,1.0,1.0,1.0,0.0
36,215,9.584911768162195,2.6013550518892714,0.0,1.0,0.0,0.0,0.0,0.0
37,215,11.360134320214009,9.622298189303097,0.0,0.0,0.0,0.0,0.0,0.0
38,215,7.930775444969431,6.105144110965451,1.0,1.0,0.0,1.0,0.0,0.0
39,215,0.0,2.941491654757991,0.0,1.0,1.0,0.0,0.0,1.0
0,220,4.314419544168559,0.0,0.0,1.0,1.0,0.0,0.0,0.0
1,220,0.0,4.151685454262307,0.0,0.0,0.0,1.0,0.0,0.0
2,220,6.788968491994583,11.29678644234135,1.0,0.0,0.0,0.0,0.0,0.0
3,220,7.190738167860405,12.0,1.0,0.0,0.0,0.0,1.0,1.0
4,220,3.871943302810892,4.297092952319563,0.0,0.0,0.0,0.0,0.0,1.0
5,220,8.278338228856692,0.0,1.0,1.0,0.0,1.0,1.0,0.0
6,220,3.827527209599744,8.209980659038541,1.0,1.0,1.0,1.0,0.0,0.0
7,220,0.0353118112624497,11.645076251568486,1.0,1.0,0.0,1.0,0.0,1.0
8,220,0.6292106329606482,3.957915291719925,0.0,1.0,0.0,1.0,1.0,0.0
9,220,11.482761874608634,9.254037401548432,1.0,1.0,0.0,0.0,1.0,1.0
10,220,0.0,11.803501542561833,1.0,0.0,0.0,0.0,1.0,1.0
11,220,9.49649823618241,7.542022267239081,1.0,0.0,0.0,1.0,0.0,0.0
12,220,12.0,2.2768101925053528,0.0,1.0,1.0,1.0,0.0,1.0
13,220,1.802063786748095,3.274138254445691,1.0,1.0,1.0,0.0,0.0,1.0
14,220,6.518378099590158,6.5169672713019295,0.0,1.0,0.0,0.0,0.0,1.0
15,220,9.79143723325481,10.15200032414026,0.0,1.0,1.0,1.0,0.0,1.0
16,220,0.0,0.0,0.0,0.0,0.0,0.0,1.0,0.0
17,220,7.377365986921984,7.035589090756009,0.0,0.0,1.0,1.0,0.0,0.0
18,220,11.986765567371076,0.2309931279607957,1.0,0.0,0.0,0.0,1.0,1.0
19,220,6.186699151092518,2.089055155505083,0.0,0.0,0.0,1.0,1.0,0.0
20,220,5.8706893892052365,0.1852247922291447,0.0,0.0,1.0,1.0,1.0,0.0
21,220,12.0,0.2789979474749481,1.0,0.0,1.0,0.0,0.0,0.0
22,220,10.226286531569269,11.570869681762348,1.0,0.0,0.0,0.0,0.0,0.0
23,220,7.867725976945157,4.9522027442215775,1.0,0.0,0.0,1.0,0.0,0.0
24,220,0.0,8.29225127433085,1.0,1.0,0.0,0.0,0.0,0.0
25,220,6.125683875213728,12.0,0.0,0.0,1.0,0.0,0.0,0.0
26,220,8.571862862278866,11.469003298470158,0.0,0.0,0.0,0.0,0.0,0.0
27,220,0.0,6.6653367374381824,0.0,0.0,1.0,0.0,1.0,1.0
28,220,12.0,12.0,0.0,0.0,1.0,0.0,1.0,0.0
29,220,3.827987618969264,10.57270578283741,0.0,0.0,0.0,0.0,1.0,1.0
30,220,8.869061786141783,1.0045813662444911,0.0,1.0,0.0,0.0,1.0,0.0
31,220,4.083016848796875,0.6802882475200663,1.0,0.0,1.0,0.0,0.0,1.0
32,220,11.646696688445113,9.835564566734904,0.0,1.0,0.0,0.0,0.0,0.0
33,220,4.608435345094965,1.5815098491991466,0.0,0.0,1.0,1.0,1.0,1.0
34,220,4.507813532643547,7.59009540438157,1.0,0.0,1.0,1.0,1.0,0.0
35,220,11.385719461378224,9.767728854802275,0.0,1.0,1.0,1.0,1.0,0.0
36,220,9.548630571988712,2.621125718897693,0.0,1.0,0.0,0.0,0.0,0.0
37,220,11.36865569470895,9.605516175387898,0.0,0.0,0.0,0.0,0.0,0.0
38,220,7.884256652946136,6.078949918546575,1.0,1.0,0.0,1.0,0.0,0.0
39,220,0.0,2.91810997482459,0.0,1.0,1.0,0.0,0.0,1.0
0,225,4.451744357755717,0.0,0.0,1.0,1.0,0.0,0.0,0.0
1,225,0.0,4.267704455143987,0.0,0.0,0.0,1.0,0.0,0.0
2,225,6.671265350374674,11.250770733849384,1.0,0.0,0.0,0.0,0.0,0.0
3,225,7.227176471079404,12.0,1.0,0.0,0.0,0.0,1.0,1.0
4,225,3.867182984619689,4.344903312161943,0.0,0.0,0.0,0.0,0.0,1.0
5,225,8.212869634212113,0.0,1.0,1.0,0.0,1.0,1.0,0.0
6,225,3.781147639589016,8.257049266821742,1.0,1.0,1.0,1.0,0.0,0.0
7,225,0.0453417928332837,11.638844050275171,1.0,1.0,0.0,1.0,0.0,1.0
8,225,0.5776975422179358,3.992020299092948,0.0,1.0,0.0,1.0,1.0,0.0
9,225,11.481781409353037,9.248632641968676,1.0,1.0,0.0,0.0,1.0,1.0
10,225,0.0,11.775379523262655,1.0,0.0,0.0,0.0,1.0,1.0
11,225,9.453299432153669,7.553109619022983,1.0,0.0,0.0,1.0,0.0,0.0
12,225,12.0,2.239150718262707,0.0,1.0,1.0,1.0,0.0,1.0
13,225,1.7888860812572205,3.2876008058802406,1.0,1.0,1.0,0.0,0.0,1.0
14,225,6.37216536282543,6.2874939971431685,0.0,1.0,0.0,0.0,0.0,1.0
15,225,9.963056068567449,10.25477738498104,0.0,1.0,1.0,1.0,0.0,1.0
16,225,0.0,0.0,0.0,0.0,0.0,0.0,1.0,0.0
17,225,7.3254166615202045,7.034079172688417,0.0,0.0,1.0,1.0,0.0,0.0
18,225,11.980339443977826,0.201650225032669,1.0,0.0,0.0,0.0,1.0,1.0
19,225,6.188489511013761,2.1019515956800743,0.0,0.0,0.0,1.0,1.0,0.0
20,225,5.861456860608474,0.1419151218109314,0.0,0.0,1.0,1.0,1.0,0.0
21,225,12.0,0.309896555985349,1.0,0.0,1.0,0.0,0.0,0.0
22,225,10.152143529942938,11.572649070790533,1.0,0.0,0.0,0.0,0.0,0.0
23,225,7.841682592524938,4.860491436996665,1.0,0.0,0.0,1.0,0.0,0.0
24,225,0.0,8.272939059356693,1.0,1.0,0.0,0.0,0.0,0.0
25,225,6.288500278933499,12.0,0.0,0.0,1.0,0.0,0.0,0.0
26,225,8.598401707367865,11.425344954380495,0.0,0.0,0.0,0.0,0.0,0.0
27,225,0.0,6.634514000646804,0.0,0.0,1.0,0.0,1.0,1.0
28,225,12.0,12.0,0.0,0.0,1.0,0.0,1.0,0.0
29,225,3.82264209876721,10.57508533144072,0.0,0.0,0.0,0.0,1.0,1.0
30,225,8.820519508861956,0.98636717561087,0.0,1.0,0.0,0.0,1.0,0.0
31,225,4.109682574479359,0.6459428891153399,1.0,0.0,1.0,0.0,0.0,1.0
32,225,11.731876616551814,9.945654770652826,0.0,1.0,0.0,0.0,0.0,0.0
33,225,4.690945806047466,1.5291692418110046,0.0,0.0,1.0,1.0,1.0,1.0
34,225,4.571567127868635,7.65975296918428,1.0,0.0,1.0,1.0,1.0,0.0
35,225,11.433635750647818,9.695965192623447,0.0,1.0,1.0,1.0,1.0,0.0
36,225,9.501262058259965,2.64600663178467,0.0,1.0,0.0,0.0,0.0,0.0
37,225,11.384974282561473,9.57116413028674,0.0,0.0,0.0,0.0,0.0,0.0
38,225,7.826460672752829,6.045776912535764,1.0,1.0,0.0,1.0,0.0,0.0
39,225,0.0,2.8978208464537683,0.0,1.0,1.0,0.0,0.0,1.0
0,230,4.596701691151722,0.0,0.0,1.0,1.0,0.0,0.0,0.0
1,230,0.0,4.381262592706557,0.0,0.0,0.0,1.0,0.0,0.0
2,230,6.544276447930585,11.201434495255764,1.0,0.0,0.0,0.0,0.0,0.0
3,230,7.258208206453037,12.0,1.0,0.0,0.0,0.0,1.0,1.0
4,230,3.863587402091044,4.382918155821593,0.0,0.0,0.0,0.0,0.0,1.0
5,230,8.15169518464056,0.0,1.0,1.0,0.0,1.0,1.0,0.0
6,230,3.732106812440459,8.310421327618755,1.0,1.0,1.0,1.0,0.0,0.0
7,230,0.0570595769131003,11.63169321303457,1.0,1.0,0.0,1.0,0.0,1.0
8,230,0.5291923633917971,4.023208176848038,0.0,1.0,0.0,1.0,1.0,0.0
9,230,11.481658224472037,9.247992239471648,1.0,1.0,0.0,0.0,1.0,1.0
10,230,0.0,11.746968947191716,1.0,0.0,0.0,0.0,1.0,1.0
11,230,9.406797220264664,7.563104345598839,1.0,0.0,0.0,1.0,0.0,0.0
12,230,12.0,2.199129890842943,0.0,1.0,1.0,1.0,0.0,1.0
13,230,1.7783639715117503,3.297605119504552,1.0,1.0,1.0,0.0,0.0,1.0
14,230,6.227620928701485,6.073564356961266,0.0,1.0,0.0,0.0,0.0,1.0
15,230,10.156750156139635,10.366034450594482,0.0,1.0,1.0,1.0,0.0,1.0
16,230,0.0,0.0,0.0,0.0,0.0,0.0,1.0,0.0
17,230,7.266343048352576,7.0331943439379305,0.0,0.0,1.0,1.0,0.0,0.0
18,230,11.97146150773158,0.1581878228200511,1.0,0.0,0.0,0.0,1.0,1.0
19,230,6.189972730179254,2.11042007496969,0.0,0.0,0.0,1.0,1.0,0.0
20,230,5.809756588890187,0.1545211509946482,0.0,0.0,1.0,1.0,1.0,0.0
21,230,12.0,0.3531243679823596,1.0,0.0,1.0,0.0,0.0,0.0
22,230,10.079728522633037,11.5759486256949,1.0,0.0,0.0,0.0,0.0,0.0
23,230,7.818613862264163,4.775435433499733,1.0,0.0,0.0,1.0,0.0,0.0
24,230,0.0,8.2457620233303,1.0,1.0,0.0,0.0,0.0,0.0
25,230,6.46476599790445,12.0,0.0,0.0,1.0,0.0,0.0,0.0
26,230,8.631909214490829,11.371301127253952,0.0,0.0,0.0,0.0,0.0,0.0
27,230,0.0,6.616434580324541,0.0,0.0,1.0,0.0,1.0,1.0
28,230,12.0,12.0,0.0,0.0,1.0,0.0,1.0,0.0
29,230,3.810830447263636,10.580311608840436,0.0,0.0,0.0,0.0,1.0,1.0
30,230,8.840266515437573,0.9355941890989188,0.0,1.0,0.0,0.0,1.0,0.0
31,230,4.133320771616796,0.6152372412676519,1.0,0.0,1.0,0.0,0.0,1.0
32,230,11.809605666063044,10.036105707290815,0.0,1.0,0.0,0.0,0.0,0.0
33,230,4.768880805205392,1.4859960551714797,0.0,0.0,1.0,1.0,1.0,1.0
34,230,4.6355418853907535,7.728607384684821,1.0,0.0,1.0,1.0,1.0,0.0
35,230,11.475037071769332,9.634655309419948,0.0,1.0,1.0,1.0,1.0,0.0
36,230,9.438071108547131,2.6790840308013544,0.0,1.0,0.0,0.0,0.0,0.0
37,230,11.395071194237,9.548932731268623,0.0,0.0,0.0,0.0,0.0,0.0
38,230,7.775227560212073,6.0182089517373285,1.0,1.0,0.0,1.0,0.0,0.0
39,230,0.0,2.878751344423884,0.0,1.0,1.0,0.0,0.0,1.0
0,235,4.754504509253555,0.0,0.0,1.0,1.0,0.0,0.0,0.0
1,235,0.0,4.492131604543636,0.0,0.0,0.0,1.0,0.0,0.0
2,235,6.406501776256229,11.144162699006104,1.0,0.0,0.0,0.0,0.0,0.0
3,235,7.295847088698474,12.0,1.0,0.0,0.0,0.0,1.0,1.0
4,235,3.861860325396047,4.411013325129912,0.0,0.0,0.0,0.0,0.0,1.0
5,235,8.085028878811926,0.0,1.0,1.0,0.0,1.0,1.0,0.0
6,235,3.671053065594039,8.377655703854273,1.0,1.0,1.0,1.0,0.0,0.0
7,235,0.0467171963568551,11.638274123150884,1.0,1.0,0.0,1.0,0.0,1.0
8,235,0.4803987262724491,4.053744044934684,0.0,1.0,0.0,1.0,1.0,0.0
9,235,11.478365054118228,9.229185041371842,1.0,1.0,0.0,0.0,1.0,1.0
10,235,0.0,11.712162614921636,1.0,0.0,0.0,0.0,1.0,1.0
11,235,9.335438365352632,7.5779026487167105,1.0,0.0,0.0,1.0,0.0,0.0
12,235,12.0,2.162581990508234,0.0,1.0,1.0,1.0,0.0,1.0
13,235,1.7857610011376626,3.2906811450258444,1.0,1.0,1.0,0.0,0.0,1.0
14,235,6.082642869728243,5.857078549997952,0.0,1.0,0.0,0.0,0.0,1.0
15,235,10.344407295150358,10.479970534513493,0.0,1.0,1.0,1.0,0.0,1.0
16,235,0.0,0.0,0.0,0.0,0.0,0.0,1.0,0.0
17,235,7.210786460383958,7.033689702025273,0.0,0.0,1.0,1.0,0.0,0.0
18,235,12.0,0.1505731245641133,1.0,0.0,0.0,0.0,1.0,1.0
19,235,6.193865816261387,2.130001272967649,0.0,0.0,0.0,1.0,1.0,0.0
20,235,5.753450535578689,0.1669951214068504,0.0,0.0,1.0,1.0,1.0,0.0
21,235,12.0,0.3941135629875418,1.0,0.0,1.0,0.0,0.0,0.0
22,235,10.003793580151005,11.57922120205421,1.0,0.0,0.0,0.0,0.0,0.0
23,235,7.789885323825011,4.67481243834609,1.0,0.0,0.0,1.0,0.0,0.0
24,235,0.0,8.221347438337302,1.0,1.0,0.0,0.0,0.0,0.0
25,235,6.653794673918974,12.0,0.0,0.0,1.0,0.0,0.0,0.0
26,235,8.642916958252949,11.352950640437554,0.0,0.0,0.0,0.0,0.0,0.0
27,235,0.0005399651349818,6.617556911031193,0.0,0.0,1.0,0.0,1.0,1.0
28,235,12.0,12.0,0.0,0.0,1.0,0.0,1.0,0.0
29,235,3.7879726495350767,10.59036935298895,0.0,0.0,0.0,0.0,1.0,1.0
30,235,8.862339821339901,0.8756855303172466,0.0,1.0,0.0,0.0,1.0,0.0
31,235,4.1614356979966605,0.5797693213031173,1.0,0.0,1.0,0.0,0.0,1.0
32,235,11.893255784100496,10.134614108109496,0.0,1.0,0.0,0.0,0.0,0.0
33,235,4.850788479621659,1.4375714857054882,0.0,0.0,1.0,1.0,1.0,1.0
34,235,4.697344136199446,7.790580474266575,1.0,0.0,1.0,1.0,1.0,0.0
35,235,11.518023657106584,9.573012945197505,0.0,1.0,1.0,1.0,1.0,0.0
36,235,9.378035235117364,2.7095562455679385,0.0,1.0,0.0,0.0,0.0,0.0
37,235,11.407481346715398,9.52362315289471,0.0,0.0,0.0,0.0,0.0,0.0
38,235,7.744480119278591,6.001721460879001,1.0,1.0,0.0,1.0,0.0,0.0
39,235,0.0,2.8565890775820963,0.0,1.0,1.0,0.0,0.0,1.0
0,240,4.912252762385402,0.0,0.0,1.0,1.0,0.0,0.0,0.0
1,240,0.0,4.589557592524768,0.0,0.0,0.0,1.0,0.0,0.0
2,240,6.281696698424003,11.09187101930535,1.0,0.0,0.0,0.0,0.0,0.0
3,240,7.334000665958293,12.0,1.0,0.0,0.0,0.0,1.0,1.0
4,240,3.8602833190372263,4.434656396422694,0.0,0.0,0.0,0.0,0.0,1.0
5,240,8.031284907409555,0.0,1.0,1.0,0.0,1.0,1.0,0.0
6,240,3.607691813451796,8.446784994568851,1.0,1.0,1.0,1.0,0.0,0.0
7,240,0.0398942118685399,11.642532084281234,1.0,1.0,0.0,1.0,0.0,1.0
8,240,0.4247751563519262,4.08915888833039,0.0,1.0,0.0,1.0,1.0,0.0
9,240,11.474065373203988,9.206130940461083,1.0,1.0,0.0,0.0,1.0,1.0
10,240,0.0,11.676171141594274,1.0,0.0,0.0,0.0,1.0,1.0
11,240,9.277351318315246,7.5882665379559535,1.0,0.0,0.0,1.0,0.0,0.0
12,240,12.0,2.132135612080749,0.0,1.0,1.0,1.0,0.0,1.0
13,240,1.787872460360593,3.288746201761303,1.0,1.0,1.0,0.0,0.0,1.0
14,240,5.9385015459472905,5.634068224264387,0.0,1.0,0.0,0.0,0.0,1.0
15,240,10.53179410067202,10.593052940906851,0.0,1.0,1.0,1.0,0.0,1.0
16,240,0.0,0.0,0.0,0.0,0.0,0.0,1.0,0.0
17,240,7.143257715558289,7.03478535457136,0.0,0.0,1.0,1.0,0.0,0.0
18,240,12.0,0.1460286010472095,1.0,0.0,0.0,0.0,1.0,1.0
19,240,6.197883744763265,2.147893008230888,0.0,0.0,0.0,1.0,1.0,0.0
20,240,5.702100866495032,0.1784302670829906,0.0,0.0,1.0,1.0,1.0,0.0
21,240,12.0,0.4356996141933197,1.0,0.0,1.0,0.0,0.0,0.0
22,240,9.940916984853738,11.583110065035587,1.0,0.0,0.0,0.0,0.0,0.0
23,240,7.768144663620664,4.584687790446153,1.0,0.0,0.0,1.0,0.0,0.0
24,240,0.0,8.200942004607219,1.0,1.0,0.0,0.0,0.0,0.0
25,240,6.8556615207716725,12.0,0.0,0.0,1.0,0.0,0.0,0.0
26,240,8.655662094791827,11.330999188185904,0.0,0.0,0.0,0.0,0.0,0.0
27,240,0.0,6.605335227773395,0.0,0.0,1.0,0.0,1.0,1.0
28,240,12.0,12.0,0.0,0.0,1.0,0.0,1.0,0.0
29,240,3.7663074238088994,10.599845603214993,0.0,0.0,0.0,0.0,1.0,1.0
30,240,8.88846554100098,0.8000239779001116,0.0,1.0,0.0,0.0,1.0,0.0
31,240,4.181941490291908,0.5527251883248631,1.0,0.0,1.0,0.0,0.0,1.0
32,240,11.976851882913424,10.233846629706706,0.0,1.0,0.0,0.0,0.0,0.0
33,240,4.928908853804843,1.3929514047614355,0.0,0.0,1.0,1.0,1.0,1.0
34,240,4.763272644761587,7.854597890313994,1.0,0.0,1.0,1.0,1.0,0.0
35,240,11.546374551021575,9.532618322946265,0.0,1.0,1.0,1.0,1.0,0.0
36,240,9.321707223600017,2.7396312059537773,0.0,1.0,0.0,0.0,0.0,0.0
37,240,11.421617901731029,9.496766949661222,0.0,0.0,0.0,0.0,0.0,0.0
38,240,7.7067589787087325,5.980750877401451,1.0,1.0,0.0,1.0,0.0,0.0
39,240,0.0,2.835877376998772,0.0,1.0,1.0,0.0,0.0,1.0
0,245,5.073088080817966,0.0,0.0,1.0,1.0,0.0,0.0,0.0
1,245,0.0,4.67311848574184,0.0,0.0,0.0,1.0,0.0,0.0
2,245,6.1475137199120535,11.03718113608595,1.0,0.0,0.0,0.0,0.0,0.0
3,245,7.374667845159022,12.0,1.0,0.0,0.0,0.0,1.0,1.0
4,245,3.8591756507403607,4.4555421921333656,0.0,0.0,0.0,0.0,0.0,1.0
5,245,7.994392045648526,0.0,1.0,1.0,0.0,1.0,1.0,0.0
6,245,3.5358865544426727,8.524716515453575,1.0,1.0,1.0,1.0,0.0,0.0
7,245,0.0399600057358754,11.642490069718711,1.0,1.0,0.0,1.0,0.0,1.0
8,245,0.3889494822475998,4.111761834707908,0.0,1.0,0.0,1.0,1.0,0.0
9,245,11.47232540462365,9.196962063618654,1.0,1.0,0.0,0.0,1.0,1.0
10,245,0.0,11.64052342250486,1.0,0.0,0.0,0.0,1.0,1.0
11,245,9.224030606276123,7.598339437561786,1.0,0.0,0.0,1.0,0.0,0.0
12,245,12.0,2.0983898124029947,0.0,1.0,1.0,1.0,0.0,1.0
13,245,1.789949661538168,3.2868855973853672,1.0,1.0,1.0,0.0,0.0,1.0
14,245,5.806421769454422,5.416849919951251,0.0,1.0,0.0,0.0,0.0,1.0
15,245,10.7139508685241,10.711635354918794,0.0,1.0,1.0,1.0,0.0,1.0
16,245,0.0,0.0,0.0,0.0,0.0,0.0,1.0,0.0
17,245,7.076287845276518,7.034901811044966,0.0,0.0,1.0,1.0,0.0,0.0
18,245,12.0,0.1415249945832551,1.0,0.0,0.0,0.0,1.0,1.0
19,245,6.201606917431293,2.1663400244592266,0.0,0.0,0.0,1.0,1.0,0.0
20,245,5.636476003277009,0.1924980178694466,0.0,0.0,1.0,1.0,1.0,0.0
21,245,12.0,0.4679083946856218,1.0,0.0,1.0,0.0,0.0,0.0
22,245,9.88565059148479,11.584972995056972,1.0,0.0,0.0,0.0,0.0,0.0
23,245,7.745693719707989,4.493614110007846,1.0,0.0,0.0,1.0,0.0,0.0
24,245,0.0,8.174046390733366,1.0,1.0,0.0,0.0,0.0,0.0
25,245,7.055676684365005,12.0,0.0,0.0,1.0,0.0,0.0,0.0
26,245,8.663507799916806,11.317979941593777,0.0,0.0,0.0,0.0,0.0,0.0
27,245,0.0,6.568161794603651,0.0,0.0,1.0,0.0,1.0,1.0
28,245,12.0,12.0,0.0,0.0,1.0,0.0,1.0,0.0
29,245,3.737499713213891,10.61295421048262,0.0,0.0,0.0,0.0,1.0,1.0
30,245,8.904915361334469,0.7488316197257289,0.0,1.0,0.0,0.0,1.0,0.0
31,245,4.199456847071253,0.5309830401736643,1.0,0.0,1.0,0.0,0.0,1.0
32,245,12.0,10.34087719568501,0.0,1.0,0.0,0.0,0.0,0.0
33,245,5.017361285430072,1.3440280393396484,0.0,0.0,1.0,1.0,1.0,1.0
34,245,4.830352479206027,7.918104065468823,1.0,0.0,1.0,1.0,1.0,0.0
35,245,11.573383701617423,9.492461800815674,0.0,1.0,1.0,1.0,1.0,0.0
36,245,9.266428679201908,2.7682546708569347,0.0,1.0,0.0,0.0,0.0,0.0
37,245,11.4305085037438,9.480054889898309,0.0,0.0,0.0,0.0,0.0,0.0
38,245,7.6788653004596386,5.964588348938816,1.0,1.0,0.0,1.0,0.0,0.0
39,245,0.0,2.813141611447538,0.0,1.0,1.0,0.0,0.0,1.0
0,250,5.227683271084672,0.0,0.0,1.0,1.0,0.0,0.0,0.0
1,250,0.0,4.750085905609249,0.0,0.0,0.0,1.0,0.0,0.0
2,250,6.019037198619919,10.9869226316857,1.0,0.0,0.0,0.0,0.0,0.0
3,250,7.418322512323582,12.0,1.0,0.0,0.0,0.0,1.0,1.0
4,250,3.857122962242917,4.484547210058607,0.0,0.0,0.0,0.0,0.0,1.0
5,250,7.9544066962015805,0.0,1.0,1.0,0.0,1.0,1.0,0.0
6,250,3.4724683106222534,8.588659497508282,1.0,1.0,1.0,1.0,0.0,0.0
7,250,0.0179379448171682,11.656820778709232,1.0,1.0,0.0,1.0,0.0,1.0
8,250,0.3614880558774458,4.128800376316392,0.0,1.0,0.0,1.0,1.0,0.0
9,250,11.469217967058912,9.179888175027834,1.0,1.0,0.0,0.0,1.0,1.0
10,250,0.0,11.59474679792284,1.0,0.0,0.0,0.0,1.0,1.0
11,250,9.16764624705264,7.6098129386331665,1.0,0.0,0.0,1.0,0.0,0.0
12,250,12.0,2.071449812038616,0.0,1.0,1.0,1.0,0.0,1.0
13,250,1.7866476141877896,3.289712972456097,1.0,1.0,1.0,0.0,0.0,1.0
14,250,5.683384057838472,5.204695584392563,0.0,1.0,0.0,0.0,0.0,1.0
15,250,10.897611181262594,10.82598543493128,0.0,1.0,1.0,1.0,0.0,1.0
16,250,0.0,0.0,0.0,0.0,0.0,0.0,1.0,0.0
17,250,7.00723154614543,7.036266395675145,0.0,0.0,1.0,1.0,0.0,0.0
18,250,12.0,0.1368807409377432,1.0,0.0,0.0,0.0,1.0,1.0
19,250,6.204685037802591,2.181438636604961,0.0,0.0,0.0,1.0,1.0,0.0
20,250,5.586317359107059,0.2024501303523428,0.0,0.0,1.0,1.0,1.0,0.0
21,250,12.0,0.4954956078449475,1.0,0.0,1.0,0.0,0.0,0.0
22,250,9.821278599108757,11.588113812380469,1.0,0.0,0.0,0.0,0.0,0.0
23,250,7.723638992997296,4.397647330200318,1.0,0.0,0.0,1.0,0.0,0.0
24,250,0.0,8.151685948236493,1.0,1.0,0.0,0.0,0.0,0.0
25,250,7.256448035773611,12.0,0.0,0.0,1.0,0.0,0.0,0.0
26,250,8.667073707093103,11.312095069401073,0.0,0.0,0.0,0.0,0.0,0.0
27,250,0.0,6.5135727297022,0.0,0.0,1.0,0.0,1.0,1.0
28,250,12.0,12.0,0.0,0.0,1.0,0.0,1.0,0.0
29,250,3.701921481413025,10.628723432076,0.0,0.0,0.0,0.0,1.0,1.0
30,250,8.922825466522571,0.6932707483336387,0.0,1.0,0.0,0.0,1.0,0.0
31,250,4.214521776799296,0.5105141251624087,1.0,0.0,1.0,0.0,0.0,1.0
32,250,12.0,10.448565781928036,0.0,1.0,0.0,0.0,0.0,0.0
33,250,5.102126616690867,1.2963553510158448,0.0,0.0,1.0,1.0,1.0,1.0
34,250,4.885605405051996,7.9709970012152285,1.0,0.0,1.0,1.0,1.0,0.0
35,250,11.60936763127896,9.44119537310767,0.0,1.0,1.0,1.0,1.0,0.0
36,250,9.19523291174283,2.803911438379726,0.0,1.0,0.0,0.0,0.0,0.0
37,250,11.4417418196294,9.460562877105913,0.0,0.0,0.0,0.0,0.0,0.0
38,250,7.638656052944798,5.940822619545253,1.0,1.0,0.0,1.0,0.0,0.0
39,250,0.0,2.785073626321236,0.0,1.0,1.0,0.0,0.0,1.0
0,255,5.362583289974751,0.0,0.0,1.0,1.0,0.0,0.0,0.0
1,255,0.0,4.822186429979242,0.0,0.0,0.0,1.0,0.0,0.0
2,255,5.910589654099272,10.94695889732395,1.0,0.0,0.0,0.0,0.0,0.0
3,255,7.458373583610744,12.0,1.0,0.0,0.0,0.0,1.0,1.0
4,255,3.85553744190318,4.507815113513286,0.0,0.0,0.0,0.0,0.0,1.0
5,255,7.920930285902445,0.0,1.0,1.0,0.0,1.0,1.0,0.0
6,255,3.3992568065431503,8.662721848087761,1.0,1.0,1.0,1.0,0.0,0.0
7,255,0.0099708624958811,11.662156856726464,1.0,1.0,0.0,1.0,0.0,1.0
8,255,0.3133284801427923,4.159411657393529,0.0,1.0,0.0,1.0,1.0,0.0
9,255,11.46491310735419,9.15925210261689,1.0,1.0,0.0,0.0,1.0,1.0
10,255,0.0,11.546837982245634,1.0,0.0,0.0,0.0,1.0,1.0
11,255,9.124552783282605,7.619416723303692,1.0,0.0,0.0,1.0,0.0,0.0
12,255,12.0,2.0497596807764347,0.0,1.0,1.0,1.0,0.0,1.0
13,255,1.782741692539075,3.2933238319373817,1.0,1.0,1.0,0.0,0.0,1.0
14,255,5.573730350888266,5.002995907740147,0.0,1.0,0.0,0.0,0.0,1.0
15,255,11.082723799638773,10.94985728026086,0.0,1.0,1.0,1.0,0.0,1.0
16,255,0.0,0.0,0.0,0.0,0.0,0.0,1.0,0.0
17,255,6.949181416925292,7.035614505023386,0.0,0.0,1.0,1.0,0.0,0.0
18,255,12.0,0.1354094067901363,1.0,0.0,0.0,0.0,1.0,1.0
19,255,6.210973240538855,2.2130818167467443,0.0,0.0,0.0,1.0,1.0,0.0
20,255,5.53396590950838,0.2138060500507841,0.0,0.0,1.0,1.0,1.0,0.0
21,255,12.0,0.5213834066114755,1.0,0.0,1.0,0.0,0.0,0.0
22,255,9.752281218176416,11.591305027318082,1.0,0.0,0.0,0.0,0.0,0.0
23,255,7.698794298275088,4.2977283210166375,1.0,0.0,0.0,1.0,0.0,0.0
24,255,0.0159887564492507,8.117421470403357,1.0,1.0,0.0,0.0,0.0,0.0
25,255,7.460489458381879,12.0,0.0,0.0,1.0,0.0,0.0,0.0
26,255,8.67132876764653,11.304940637413615,0.0,0.0,0.0,0.0,0.0,0.0
27,255,0.0,6.445368555199925,0.0,0.0,1.0,0.0,1.0,1.0
28,255,12.0,12.0,0.0,0.0,1.0,0.0,1.0,0.0
29,255,3.676722500233184,10.63955484537778,0.0,0.0,0.0,0.0,1.0,1.0
30,255,8.937841023614684,0.644844887048641,0.0,1.0,0.0,0.0,1.0,0.0
31,255,4.218062758552781,0.5057482506279457,1.0,0.0,1.0,0.0,0.0,1.0
32,255,12.0,10.56842118644474,0.0,1.0,0.0,0.0,0.0,0.0
33,255,5.189857422267675,1.2479613216534302,0.0,0.0,1.0,1.0,1.0,1.0
34,255,4.92578078326561,8.010761431735226,1.0,0.0,1.0,1.0,1.0,0.0
35,255,11.648624600965237,9.383507459528326,0.0,1.0,1.0,1.0,1.0,0.0
36,255,9.1288937490853,2.8344801871482788,0.0,1.0,0.0,0.0,0.0,0.0
37,255,11.464302218597227,9.421384827122177,0.0,0.0,0.0,0.0,0.0,0.0
38,255,7.602116099026416,5.919659053577696,1.0,1.0,0.0,1.0,0.0,0.0
39,255,0.0,2.759020737305641,0.0,1.0,1.0,0.0,0.0,1.0
0,260,5.499273060455249,0.0,0.0,1.0,1.0,0.0,0.0,0.0
1,260,0.0,4.901322548812591,0.0,0.0,0.0,1.0,0.0,0.0
2,260,5.791957777247727,10.90481003115212,1.0,0.0,0.0,0.0,0.0,0.0
3,260,7.496933897474138,12.0,1.0,0.0,0.0,0.0,1.0,1.0
4,260,3.855824848459615,4.5042203433273125,0.0,0.0,0.0,0.0,0.0,1.0
5,260,7.883208430687154,0.0,1.0,1.0,0.0,1.0,1.0,0.0
6,260,3.333162143110114,8.730231677817175,1.0,1.0,1.0,1.0,0.0,0.0
7,260,0.0,11.686830415371,1.0,1.0,0.0,1.0,0.0,1.0
8,260,0.264941910060296,4.189820329180007,0.0,1.0,0.0,1.0,1.0,0.0
9,260,11.459377260112383,9.130934996881413,1.0,1.0,0.0,0.0,1.0,1.0
10,260,0.0,11.50023139594898,1.0,0.0,0.0,0.0,1.0,1.0
11,260,9.089119655230023,7.626362504224206,1.0,0.0,0.0,1.0,0.0,0.0
12,260,12.0,2.0405659787373924,0.0,1.0,1.0,1.0,0.0,1.0
13,260,1.787433049099248,3.2891917630778877,1.0,1.0,1.0,0.0,0.0,1.0
14,260,5.455204419747948,4.792476904101494,0.0,1.0,0.0,0.0,0.0,1.0
15,260,11.263585817789115,11.07850519225317,0.0,1.0,1.0,1.0,0.0,1.0
16,260,0.0,0.0,0.0,0.0,0.0,0.0,1.0,0.0
17,260,6.902054963413164,7.0339973359349,0.0,0.0,1.0,1.0,0.0,0.0
18,260,11.987817952442017,0.1380303708403166,1.0,0.0,0.0,0.0,1.0,1.0
19,260,6.22015168859972,2.2631702613183737,0.0,0.0,0.0,1.0,1.0,0.0
20,260,5.513613389193695,0.2179361539940006,0.0,0.0,1.0,1.0,1.0,0.0
21,260,12.0,0.5447363197526778,1.0,0.0,1.0,0.0,0.0,0.0
22,260,9.677990307238636,11.595424085239816,1.0,0.0,0.0,0.0,0.0,0.0
23,260,7.678748407129455,4.21872788670609,1.0,0.0,0.0,1.0,0.0,0.0
24,260,0.0302143234594337,8.083817135599748,1.0,1.0,0.0,0.0,0.0,0.0
25,260,7.675167385154359,12.0,0.0,0.0,1.0,0.0,0.0,0.0
26,260,8.673787933595646,11.301122510899562,0.0,0.0,0.0,0.0,0.0,0.0
27,260,0.0,6.3920664588550045,0.0,0.0,1.0,0.0,1.0,1.0
28,260,12.0,12.0,0.0,0.0,1.0,0.0,1.0,0.0
29,260,3.654772050592239,10.64947144080765,0.0,0.0,0.0,0.0,1.0,1.0
30,260,8.949017427749233,0.6107564297138733,0.0,1.0,0.0,0.0,1.0,0.0
31,260,4.234984827003668,0.4842801201523896,1.0,0.0,1.0,0.0,0.0,1.0
32,260,12.0,10.688609973332536,0.0,1.0,0.0,0.0,0.0,0.0
33,260,5.277858688136738,1.2029531552199315,0.0,0.0,1.0,1.0,1.0,1.0
34,260,4.973475822623047,8.05884279967614,1.0,0.0,1.0,1.0,1.0,0.0
35,260,11.68582328829856,9.331591832892636,0.0,1.0,1.0,1.0,1.0,0.0
36,260,9.080987036040934,2.856321727684166,0.0,1.0,0.0,0.0,0.0,0.0
37,260,11.4841360786538,9.388082931656209,0.0,0.0,0.0,0.0,0.0,0.0
38,260,7.560205660456624,5.894838485510364,1.0,1.0,0.0,1.0,0.0,0.0
39,260,0.0,2.7357485975558866,0.0,1.0,1.0,0.0,0.0,1.0
0,265,5.640053794044283,0.0,0.0,1.0,1.0,0.0,0.0,0.0
1,265,0.0,4.968151564598591,0.0,0.0,0.0,1.0,0.0,0.0
2,265,5.671602738966432,10.860956124708537,1.0,0.0,0.0,0.0,0.0,0.0
3,265,7.53231795605689,12.0,1.0,0.0,0.0,0.0,1.0,1.0
4,265,3.8546957831742334,4.5225499291079,0.0,0.0,0.0,0.0,0.0,1.0
5,265,7.838839401333787,0.0,1.0,1.0,0.0,1.0,1.0,0.0
6,265,3.260721182532738,8.804743521166179,1.0,1.0,1.0,1.0,0.0,0.0
7,265,0.0,11.692365193023544,1.0,1.0,0.0,1.0,0.0,1.0
8,265,0.2295467089099231,4.212597596457477,0.0,1.0,0.0,1.0,1.0,0.0
9,265,11.4528098853114,9.098274092741162,1.0,1.0,0.0,0.0,1.0,1.0
10,265,0.0,11.450674154659016,1.0,0.0,0.0,0.0,1.0,1.0
11,265,9.053297231810218,7.632481838576339,1.0,0.0,0.0,1.0,0.0,0.0
12,265,12.0,2.0338633591015944,0.0,1.0,1.0,1.0,0.0,1.0
13,265,1.7837678591111936,3.2923918344544565,1.0,1.0,1.0,0.0,0.0,1.0
14,265,5.3389527699408,4.585915548086301,0.0,1.0,0.0,0.0,0.0,1.0
15,265,11.46228985792133,11.217290149896217,0.0,1.0,1.0,1.0,0.0,1.0
16,265,0.0,0.0,0.0,0.0,0.0,0.0,1.0,0.0
17,265,6.862099752330609,7.031425936498322,0.0,0.0,1.0,1.0,0.0,0.0
18,265,11.978116112058483,0.1398199406015908,1.0,0.0,0.0,0.0,1.0,1.0
19,265,6.228233146817827,2.312109908669872,0.0,0.0,0.0,1.0,1.0,0.0
20,265,5.50826642081895,0.219039841195866,0.0,0.0,1.0,1.0,1.0,0.0
21,265,12.0,0.564330085970458,1.0,0.0,1.0,0.0,0.0,0.0
22,265,9.58965434204378,11.601680294323714,1.0,0.0,0.0,0.0,0.0,0.0
23,265,7.660059992927657,4.136908562246004,1.0,0.0,0.0,1.0,0.0,0.0
24,265,0.0437951773857454,8.05322386912486,1.0,1.0,0.0,0.0,0.0,0.0
25,265,7.881472580761029,12.0,0.0,0.0,1.0,0.0,0.0,0.0
26,265,8.668535840714284,11.30913551583067,0.0,0.0,0.0,0.0,0.0,0.0
27,265,0.0,6.332789341508914,0.0,0.0,1.0,0.0,1.0,1.0
28,265,12.0,12.0,0.0,0.0,1.0,0.0,1.0,0.0
29,265,3.6320131284038033,10.65931464066909,0.0,0.0,0.0,0.0,1.0,1.0
30,265,8.962538273973522,0.5635344643823266,0.0,1.0,0.0,0.0,1.0,0.0
31,265,4.250236266107814,0.463661950554595,1.0,0.0,1.0,0.0,0.0,1.0
32,265,12.0,10.80786122268484,0.0,1.0,0.0,0.0,0.0,0.0
33,265,5.359985742044156,1.1597807331773988,0.0,0.0,1.0,1.0,1.0,1.0
34,265,5.028022535129716,8.113882789560293,1.0,0.0,1.0,1.0,1.0,0.0
35,265,11.71743757356937,9.287181516954169,0.0,1.0,1.0,1.0,1.0,0.0
36,265,9.023243442238588,2.8843479481059022,0.0,1.0,0.0,0.0,0.0,0.0
37,265,11.501920516341906,9.358366139056816,0.0,0.0,0.0,0.0,0.0,0.0
38,265,7.519005739314025,5.869599510536019,1.0,1.0,0.0,1.0,0.0,0.0
39,265,0.0,2.71158727777029,0.0,1.0,1.0,0.0,0.0,1.0
0,270,5.764697341562477,0.0,0.0,1.0,1.0,0.0,0.0,0.0
1,270,0.0,5.032128784549988,0.0,0.0,0.0,1.0,0.0,0.0
2,270,5.5458061796527245,10.813443237311796,1.0,0.0,0.0,0.0,0.0,0.0
3,270,7.57326676751394,12.0,1.0,0.0,0.0,0.0,1.0,1.0
4,270,3.854370560519308,4.533420912260064,0.0,0.0,0.0,0.0,0.0,1.0
5,270,7.803496930662959,0.0,1.0,1.0,0.0,1.0,1.0,0.0
6,270,3.1858834331459103,8.880294023208274,1.0,1.0,1.0,1.0,0.0,0.0
7,270,0.0,11.70120347599592,1.0,1.0,0.0,1.0,0.0,1.0
8,270,0.197892256331634,4.232597194405392,0.0,1.0,0.0,1.0,1.0,0.0
9,270,11.446342470267982,9.066329882315005,1.0,1.0,0.0,0.0,1.0,1.0
10,270,0.0,11.402661764596804,1.0,0.0,0.0,0.0,1.0,1.0
11,270,9.034403680294869,7.635573233911317,1.0,0.0,0.0,1.0,0.0,0.0
12,270,12.0,2.0316354175816183,0.0,1.0,1.0,1.0,0.0,1.0
13,270,1.7603067336810734,3.311941743271812,1.0,1.0,1.0,0.0,0.0,1.0
14,270,5.2205331695358055,4.381445772521899,0.0,1.0,0.0,0.0,0.0,1.0
15,270,11.666400765296697,11.35609640047105,0.0,1.0,1.0,1.0,0.0,1.0
16,270,0.0,0.0,0.0,0.0,0.0,0.0,1.0,0.0
17,270,6.864022745968401,7.001323917400232,0.0,0.0,1.0,1.0,0.0,0.0
18,270,11.987923247490746,0.1379480756516695,1.0,0.0,0.0,0.0,1.0,1.0
19,270,6.235481184907395,2.361878108523563,0.0,0.0,0.0,1.0,1.0,0.0
20,270,5.499820807581846,0.2206612580255295,0.0,0.0,1.0,1.0,1.0,0.0
21,270,12.0,0.5960086126642814,1.0,0.0,1.0,0.0,0.0,0.0
22,270,9.50753006067239,11.607682462456424,1.0,0.0,0.0,0.0,0.0,0.0
23,270,7.640758474895727,4.054740825530224,1.0,0.0,0.0,1.0,0.0,0.0
24,270,0.0532250815267935,8.030605652270392,1.0,1.0,0.0,0.0,0.0,0.0
25,270,8.100021038783325,12.0,0.0,0.0,1.0,0.0,0.0,0.0
26,270,8.65755032737318,11.325227930066164,0.0,0.0,0.0,0.0,0.0,0.0
27,270,0.0,6.284842494448921,0.0,0.0,1.0,0.0,1.0,1.0
28,270,12.0,12.0,0.0,0.0,1.0,0.0,1.0,0.0
29,270,3.602272040088055,10.671676117679324,0.0,0.0,0.0,0.0,1.0,1.0
30,270,8.97301527797734,0.5282338410883028,0.0,1.0,0.0,0.0,1.0,0.0
31,270,4.269583448868715,0.4373644438752203,1.0,0.0,1.0,0.0,0.0,1.0
32,270,12.0,10.938008525435611,0.0,1.0,0.0,0.0,0.0,0.0
33,270,5.4418143277627165,1.115792324235478,0.0,0.0,1.0,1.0,1.0,1.0
34,270,5.0761979992242505,8.163829116272133,1.0,0.0,1.0,1.0,1.0,0.0
35,270,11.76074680794138,9.226698922017247,0.0,1.0,1.0,1.0,1.0,0.0
36,270,8.968761637516232,2.909874669106198,0.0,1.0,0.0,0.0,0.0,0.0
37,270,11.520008673912171,9.328212604727362,0.0,0.0,0.0,0.0,0.0,0.0
38,270,7.492497368448708,5.8525634664407615,1.0,1.0,0.0,1.0,0.0,0.0
39,270,0.0,2.68180205089655,0.0,1.0,1.0,0.0,0.0,1.0
0,275,5.894601068308812,0.0,0.0,1.0,1.0,0.0,0.0,0.0
1,275,0.0,5.096627941878091,0.0,0.0,0.0,1.0,0.0,0.0
2,275,5.433328028342286,10.77126867269465,1.0,0.0,0.0,0.0,0.0,0.0
3,275,7.614223187076931,12.0,1.0,0.0,0.0,0.0,1.0,1.0
4,275,3.854167733655648,4.553273865035744,0.0,0.0,0.0,0.0,0.0,1.0
5,275,7.7681856072739315,0.0,1.0,1.0,0.0,1.0,1.0,0.0
6,275,3.1397210694835125,8.9264660409382,1.0,1.0,1.0,1.0,0.0,0.0
7,275,0.0,11.71911116860686,1.0,1.0,0.0,1.0,0.0,1.0
8,275,0.1757972438239335,4.246156776733354,0.0,1.0,0.0,1.0,1.0,0.0
9,275,11.439287172745267,9.032721154296954,1.0,1.0,0.0,0.0,1.0,1.0
10,275,0.0,11.344662245531838,1.0,0.0,0.0,0.0,1.0,1.0
11,275,9.013583486824048,7.639034815918669,1.0,0.0,0.0,1.0,0.0,0.0
12,275,11.989863887245717,2.0364725011866964,0.0,1.0,1.0,1.0,0.0,1.0
13,275,1.7408743835794285,3.3282355108265897,1.0,1.0,1.0,0.0,0.0,1.0
14,275,5.104158544672025,4.18289734448489,0.0,1.0,0.0,0.0,0.0,1.0
15,275,11.861087853679816,11.496071537659336,0.0,1.0,1.0,1.0,0.0,1.0
16,275,0.0,0.0,0.0,0.0,0.0,0.0,1.0,0.0
17,275,6.865998537243241,6.971489926313302,0.0,0.0,1.0,1.0,0.0,0.0
18,275,11.998965195497302,0.1359259944850165,1.0,0.0,0.0,0.0,1.0,1.0
19,275,6.2408350300173785,2.401742329906309,0.0,0.0,0.0,1.0,1.0,0.0
20,275,5.493971164731266,0.2216297114351571,0.0,0.0,1.0,1.0,1.0,0.0
21,275,12.0,0.6123960561273792,1.0,0.0,1.0,0.0,0.0,0.0
22,275,9.419825944794567,11.615554707854509,1.0,0.0,0.0,0.0,0.0,0.0
23,275,7.623771247757196,3.984016100621929,1.0,0.0,0.0,1.0,0.0,0.0
24,275,0.0615677495934936,8.009937095698147,1.0,1.0,0.0,0.0,0.0,0.0
25,275,8.329242276437991,12.0,0.0,0.0,1.0,0.0,0.0,0.0
26,275,8.65452351158147,11.323269977595215,0.0,0.0,0.0,0.0,0.0,0.0
27,275,0.0,6.229737207587321,0.0,0.0,1.0,0.0,1.0,1.0
28,275,12.0,12.0,0.0,0.0,1.0,0.0,1.0,0.0
29,275,3.585193325806342,10.678778488997704,0.0,0.0,0.0,0.0,1.0,1.0
30,275,8.988034025267538,0.4734451032080911,0.0,1.0,0.0,0.0,1.0,0.0
31,275,4.293099382762543,0.4057099030577706,1.0,0.0,1.0,0.0,0.0,1.0
32,275,12.0,11.068072906374626,0.0,1.0,0.0,0.0,0.0,0.0
33,275,5.514437623550603,1.078712554632708,0.0,0.0,1.0,1.0,1.0,1.0
34,275,5.135687996981983,8.223897804578955,1.0,0.0,1.0,1.0,1.0,0.0
35,275,11.80936141547936,9.155852917466014,0.0,1.0,1.0,1.0,1.0,0.0
36,275,8.91291356475862,2.9367209565067047,0.0,1.0,0.0,0.0,0.0,0.0
37,275,11.546524974536192,9.283007038678283,0.0,0.0,0.0,0.0,0.0,0.0
38,275,7.472473554535607,5.839811687800995,1.0,1.0,0.0,1.0,0.0,0.0
39,275,0.0,2.641873519252455,0.0,1.0,1.0,0.0,0.0,1.0
0,280,6.023711987967679,0.0,0.0,1.0,1.0,0.0,0.0,0.0
1,280,0.0,5.155779102243264,0.0,0.0,0.0,1.0,0.0,0.0
2,280,5.288309923707417,10.715886945928723,1.0,0.0,0.0,0.0,0.0,0.0
3,280,7.65891671004567,12.0,1.0,0.0,0.0,0.0,1.0,1.0
4,280,3.853961062947431,4.558546701117819,0.0,0.0,0.0,0.0,0.0,1.0
5,280,7.73266429745296,0.0,1.0,1.0,0.0,1.0,1.0,0.0
6,280,3.072390248387328,8.993870605227057,1.0,1.0,1.0,1.0,0.0,0.0
7,280,0.0,11.749304649011274,1.0,1.0,0.0,1.0,0.0,1.0
8,280,0.1621843670658747,4.255098099464188,0.0,1.0,0.0,1.0,1.0,0.0
9,280,11.43115703012432,8.990457442639846,1.0,1.0,0.0,0.0,1.0,1.0
10,280,0.0,11.286762131065933,1.0,0.0,0.0,0.0,1.0,1.0
11,280,8.995476122243272,7.642320615309366,1.0,0.0,0.0,1.0,0.0,0.0
12,280,11.9671490186538,2.0469738827141306,0.0,1.0,1.0,1.0,0.0,1.0
13,280,1.7230583624124556,3.3435930625251213,1.0,1.0,1.0,0.0,0.0,1.0
14,280,4.983286303560893,3.989255000270198,0.0,1.0,0.0,0.0,0.0,1.0
15,280,12.0,11.638638734158487,0.0,1.0,1.0,1.0,0.0,1.0
16,280,0.0,0.0,0.0,0.0,0.0,0.0,1.0,0.0
17,280,6.87119489301347,6.91935503113322,0.0,0.0,1.0,1.0,0.0,0.0
18,280,12.0,0.1343056974999746,1.0,0.0,0.0,0.0,1.0,1.0
19,280,6.250456274373778,2.462465115756012,0.0,0.0,0.0,1.0,1.0,0.0
20,280,5.477427326996282,0.2237311180286555,0.0,0.0,1.0,1.0,1.0,0.0
21,280,12.0,0.6270013567093863,1.0,0.0,1.0,0.0,0.0,0.0
22,280,9.32010400943261,11.626265762987348,1.0,0.0,0.0,0.0,0.0,0.0
23,280,7.608416611170844,3.9202930091673776,1.0,0.0,0.0,1.0,0.0,0.0
24,280,0.0741016998738293,7.977599401933348,1.0,1.0,0.0,0.0,0.0,0.0
25,280,8.552253299889703,12.0,0.0,0.0,1.0,0.0,0.0,0.0
26,280,8.644391954965567,11.338579560628329,0.0,0.0,0.0,0.0,0.0,0.0
27,280,0.0,6.160818692386952,0.0,0.0,1.0,0.0,1.0,1.0
28,280,12.0,12.0,0.0,0.0,1.0,0.0,1.0,0.0
29,280,3.5499413444118337,10.69434221289741,0.0,0.0,0.0,0.0,1.0,1.0
30,280,9.003179028812404,0.4171026861321023,0.0,1.0,0.0,0.0,1.0,0.0
31,280,4.314830655937842,0.3760892472518416,1.0,0.0,1.0,0.0,0.0,1.0
32,280,12.0,11.200542701087162,0.0,1.0,0.0,0.0,0.0,0.0
33,280,5.563616454633948,1.0526817499115972,0.0,0.0,1.0,1.0,1.0,1.0
34,280,5.1878140659576015,8.280332917242184,1.0,0.0,1.0,1.0,1.0,0.0
35,280,11.859033300360508,9.08053524584669,0.0,1.0,1.0,1.0,1.0,0.0
36,280,8.937643233005069,2.9876117502077624,0.0,1.0,0.0,0.0,0.0,0.0
37,280,11.565102578511064,9.25011368965604,0.0,0.0,0.0,0.0,0.0,0.0
38,280,7.455560945504706,5.829354975962204,1.0,1.0,0.0,1.0,0.0,0.0
39,280,0.0,2.606817742725457,0.0,1.0,1.0,0.0,0.0,1.0
0,285,6.154469775922093,0.0,0.0,1.0,1.0,0.0,0.0,0.0
1,285,0.0,5.221296228791025,0.0,0.0,0.0,1.0,0.0,0.0
2,285,5.147590196440674,10.664773996599868,1.0,0.0,0.0,0.0,0.0,0.0
3,285,7.709436476458251,12.0,1.0,0.0,0.0,0.0,1.0,1.0
4,285,3.853963897623611,4.558494165055974,0.0,0.0,0.0,0.0,0.0,1.0
5,285,7.686015034545754,0.0,1.0,1.0,0.0,1.0,1.0,0.0
6,285,3.017133926310828,9.049014768457091,1.0,1.0,1.0,1.0,0.0,0.0
7,285,0.0,11.78783366422024,1.0,1.0,0.0,1.0,0.0,1.0
8,285,0.1589137967501883,4.257203541900459,0.0,1.0,0.0,1.0,1.0,0.0
9,285,11.420027926649656,8.933151686011232,1.0,1.0,0.0,0.0,1.0,1.0
10,285,0.0,11.233172873693354,1.0,0.0,0.0,0.0,1.0,1.0
11,285,8.975642877042173,7.646042883554997,1.0,0.0,0.0,1.0,0.0,0.0
12,285,11.943718198597931,2.0580167699091447,0.0,1.0,1.0,1.0,0.0,1.0
13,285,1.7157258685700003,3.3499999772716,1.0,1.0,1.0,0.0,0.0,1.0
14,285,4.861962474972833,3.796418433394023,0.0,1.0,0.0,0.0,0.0,1.0
15,285,12.0,11.77321947359618,0.0,1.0,1.0,1.0,0.0,1.0
16,285,0.0,0.0,0.0,0.0,0.0,0.0,1.0,0.0
17,285,6.876442441056501,6.870385569685423,0.0,0.0,1.0,1.0,0.0,0.0
18,285,11.991695920204096,0.1358114691074591,1.0,0.0,0.0,0.0,1.0,1.0
19,285,6.257697474335337,2.507793844132829,0.0,0.0,0.0,1.0,1.0,0.0
20,285,5.465331934470485,0.2255577925069795,0.0,0.0,1.0,1.0,1.0,0.0
21,285,12.0,0.631661939640384,1.0,0.0,1.0,0.0,0.0,0.0
22,285,9.22989017079072,11.635708679379588,1.0,0.0,0.0,0.0,0.0,0.0
23,285,7.593453557790158,3.853457799609988,1.0,0.0,0.0,1.0,0.0,0.0
24,285,0.0837289362973082,7.951787767934799,1.0,1.0,0.0,0.0,0.0,0.0
25,285,8.775082425652478,12.0,0.0,0.0,1.0,0.0,0.0,0.0
26,285,8.627674760821408,11.363652781053052,0.0,0.0,0.0,0.0,0.0,0.0
27,285,0.0,6.075704083152871,0.0,0.0,1.0,0.0,1.0,1.0
28,285,12.0,12.0,0.0,0.0,1.0,0.0,1.0,0.0
29,285,3.505559847753722,10.714974890704047,0.0,0.0,0.0,0.0,1.0,1.0
30,285,9.017990141993565,0.3542131734794946,0.0,1.0,0.0,0.0,1.0,0.0
31,285,4.336913082898198,0.3440151177711576,1.0,0.0,1.0,0.0,0.0,1.0
32,285,12.0,11.322053170630635,0.0,1.0,0.0,0.0,0.0,0.0
33,285,5.59635805687181,1.0352470994057836,0.0,0.0,1.0,1.0,1.0,1.0
34,285,5.235184222467512,8.33136897722785,1.0,0.0,1.0,1.0,1.0,0.0
35,285,11.919235038335884,8.993413881820668,0.0,1.0,1.0,1.0,1.0,0.0
36,285,8.970752770989819,3.0543928110713834,0.0,1.0,0.0,0.0,0.0,0.0
37,285,11.579425124263908,9.223865040250464,0.0,0.0,0.0,0.0,0.0,0.0
38,285,7.418971324241294,5.807593198024287,1.0,1.0,0.0,1.0,0.0,0.0
39,285,0.0,2.573117410053645,0.0,1.0,1.0,0.0,0.0,1.0
0,290,6.291659490750434,0.0,0.0,1.0,1.0,0.0,0.0,0.0
1,290,0.0,5.285998030139016,0.0,0.0,0.0,1.0,0.0,0.0
2,290,4.995623315766494,10.610752801338135,1.0,0.0,0.0,0.0,0.0,0.0
3,290,7.763192555544044,12.0,1.0,0.0,0.0,0.0,1.0,1.0
4,290,3.853526930000441,4.568106891342171,0.0,0.0,0.0,0.0,0.0,1.0
5,290,7.650278238350454,0.0,1.0,1.0,0.0,1.0,1.0,0.0
6,290,2.9622622607163307,9.105239396043604,1.0,1.0,1.0,1.0,0.0,0.0
7,290,0.0,11.83426938189496,1.0,1.0,0.0,1.0,0.0,1.0
8,290,0.1421603413070868,4.268631525060955,0.0,1.0,0.0,1.0,1.0,0.0
9,290,11.406338179728754,8.865350582685007,1.0,1.0,0.0,0.0,1.0,1.0
10,290,0.0,11.182805589142664,1.0,0.0,0.0,0.0,1.0,1.0
11,290,8.950949423348685,7.650006778944412,1.0,0.0,0.0,1.0,0.0,0.0
12,290,11.923618328473884,2.067814642954139,0.0,1.0,1.0,1.0,0.0,1.0
13,290,1.705486459367472,3.3585295941069253,1.0,1.0,1.0,0.0,0.0,1.0
14,290,4.739277297804848,3.602420709331578,0.0,1.0,0.0,0.0,0.0,1.0
15,290,12.0,11.911855862055033,0.0,1.0,1.0,1.0,0.0,1.0
16,290,0.0,0.0,0.0,0.0,0.0,0.0,1.0,0.0
17,290,6.881753245789591,6.827154687109439,0.0,0.0,1.0,1.0,0.0,0.0
18,290,11.981185980999877,0.1379549881079835,1.0,0.0,0.0,0.0,1.0,1.0
19,290,6.26151353451333,2.5306996570811644,0.0,0.0,0.0,1.0,1.0,0.0
20,290,5.459913625341375,0.2263696690944455,0.0,0.0,1.0,1.0,1.0,0.0
21,290,12.0,0.6404112154308187,1.0,0.0,1.0,0.0,0.0,0.0
22,290,9.147148955180388,11.645711653418855,1.0,0.0,0.0,0.0,0.0,0.0
23,290,7.576498652379137,3.782598470540103,1.0,0.0,0.0,1.0,0.0,0.0
24,290,0.0939969466750199,7.925311717389502,1.0,1.0,0.0,0.0,0.0,0.0
25,290,8.98886278180234,12.0,0.0,0.0,1.0,0.0,0.0,0.0
26,290,8.627199389532963,11.36432768638349,0.0,0.0,0.0,0.0,0.0,0.0
27,290,0.0,5.990086623271437,0.0,0.0,1.0,0.0,1.0,1.0
28,290,12.0,12.0,0.0,0.0,1.0,0.0,1.0,0.0
29,290,3.4675121149289647,10.73397123312804,0.0,0.0,0.0,0.0,1.0,1.0
30,290,9.036418359398091,0.2784948482556467,0.0,1.0,0.0,0.0,1.0,0.0
31,290,4.354123257160425,0.3179998729231281,1.0,0.0,1.0,0.0,0.0,1.0
32,290,12.0,11.453018841383711,0.0,1.0,0.0,0.0,0.0,0.0
33,290,5.650883812471675,1.006503951386204,0.0,0.0,1.0,1.0,1.0,1.0
34,290,5.16868106817563,8.391830384904685,1.0,0.0,1.0,1.0,1.0,0.0
35,290,11.98120592639383,8.898939564590108,0.0,1.0,1.0,1.0,1.0,0.0
36,290,8.997784696080668,3.10875357311938,0.0,1.0,0.0,0.0,0.0,0.0
37,290,11.58683227002618,9.211511067331609,0.0,0.0,0.0,0.0,0.0,0.0
38,290,7.364468222210837,5.77509824495838,1.0,1.0,0.0,1.0,0.0,0.0
39,290,0.0,2.550813887582261,0.0,1.0,1.0,0.0,0.0,1.0
0,295,6.426544662208882,0.0,0.0,1.0,1.0,0.0,0.0,0.0
1,295,0.0,5.359709349623598,0.0,0.0,0.0,1.0,0.0,0.0
2,295,4.847637977515794,10.558334047692174,1.0,0.0,0.0,0.0,0.0,0.0
3,295,7.805592335764585,12.0,1.0,0.0,0.0,0.0,1.0,1.0
4,295,3.851628226999887,4.587441856927463,0.0,0.0,0.0,0.0,0.0,1.0
5,295,7.60614945766052,0.0,1.0,1.0,0.0,1.0,1.0,0.0
6,295,2.905217505502143,9.160211815875185,1.0,1.0,1.0,1.0,0.0,0.0
7,295,0.0,11.889795415399384,1.0,1.0,0.0,1.0,0.0,1.0
8,295,0.1323595653757576,4.275762452773972,0.0,1.0,0.0,1.0,1.0,0.0
9,295,11.39009045589577,8.785759545945515,1.0,1.0,0.0,0.0,1.0,1.0
10,295,0.0,11.138606694797454,1.0,0.0,0.0,0.0,1.0,1.0
11,295,8.934980288536984,7.652879755911851,1.0,0.0,0.0,1.0,0.0,0.0
12,295,11.889659208670642,2.0845188172971545,0.0,1.0,1.0,1.0,0.0,1.0
13,295,1.6837022155802626,3.3769670158173253,1.0,1.0,1.0,0.0,0.0,1.0
14,295,4.6160568946174,3.405458011007872,0.0,1.0,0.0,0.0,0.0,1.0
15,295,12.0,12.0,0.0,1.0,1.0,1.0,0.0,1.0
16,295,0.0,0.0,0.0,0.0,0.0,0.0,1.0,0.0
17,295,6.885094769667953,6.7938380571581005,0.0,0.0,1.0,1.0,0.0,0.0
18,295,11.959782995880344,0.1428604021334166,1.0,0.0,0.0,0.0,1.0,1.0
19,295,6.2654639969364965,2.5544164129032234,0.0,0.0,0.0,1.0,1.0,0.0
20,295,5.4296138701091445,0.2315636247561854,0.0,0.0,1.0,1.0,1.0,0.0
21,295,12.0,0.666749848882324,1.0,0.0,1.0,0.0,0.0,0.0
22,295,9.05953430106977,11.654900707836552,1.0,0.0,0.0,0.0,0.0,0.0
23,295,7.562852500518249,3.727653461959143,1.0,0.0,0.0,1.0,0.0,0.0
24,295,0.0982145042942731,7.914000684976683,1.0,1.0,0.0,0.0,0.0,0.0
25,295,9.19620287810447,12.0,0.0,0.0,1.0,0.0,0.0,0.0
26,295,8.623624139630621,11.369388811736258,0.0,0.0,0.0,0.0,0.0,0.0
27,295,0.0,5.896435391048527,0.0,0.0,1.0,0.0,1.0,1.0
28,295,12.0,12.0,0.0,0.0,1.0,0.0,1.0,0.0
29,295,3.421828503508008,10.756443808408534,0.0,0.0,0.0,0.0,1.0,1.0
30,295,9.058858494910607,0.1909735277183899,0.0,1.0,0.0,0.0,1.0,0.0
31,295,4.370343545041887,0.2933545026620894,1.0,0.0,1.0,0.0,0.0,1.0
32,295,12.0,11.594096327859946,0.0,1.0,0.0,0.0,0.0,0.0
33,295,5.71703241120214,0.9729578633364886,0.0,0.0,1.0,1.0,1.0,1.0
34,295,5.107025328336673,8.444576722660097,1.0,0.0,1.0,1.0,1.0,0.0
35,295,12.0,8.798351453092883,0.0,1.0,1.0,1.0,1.0,0.0
36,295,9.03255133588171,3.1776138610625995,0.0,1.0,0.0,0.0,0.0,0.0
37,295,11.58326668247036,9.21725803222825,0.0,0.0,0.0,0.0,0.0,0.0
38,295,7.332274102773897,5.755480864397886,1.0,1.0,0.0,1.0,0.0,0.0
39,295,0.0,2.5368744808339763,0.0,1.0,1.0,0.0,0.0,1.0
