0,0,10.048095679632684,2.9383829792767,1.0,1.0,0.0,0.0,0.0,0.0
1,0,11.98515235268197,5.964707142872108,0.0,0.0,1.0,0.0,0.0,0.0
2,0,1.939751146843386,11.008691069020117,1.0,1.0,0.0,0.0,1.0,1.0
3,0,3.05830569343883,3.002263784340892,0.0,0.0,0.0,0.0,0.0,0.0
4,0,0.0459789906997999,0.0,0.0,0.0,0.0,0.0,0.0,1.0
5,0,6.998594698705412,2.0501337657983654,1.0,0.0,0.0,0.0,1.0,0.0
6,0,5.050392912616227,4.007033585631415,0.0,0.0,1.0,0.0,0.0,0.0
7,0,7.082767070765368,2.996821137173329,0.0,0.0,1.0,0.0,1.0,0.0
8,0,9.951097382577078,2.003644651603129,1.0,0.0,0.0,0.0,0.0,1.0
9,0,5.982155399194658,2.964753215309491,0.0,1.0,1.0,0.0,0.0,0.0
10,0,10.012717009044252,7.04701870845923,0.0,0.0,0.0,0.0,0.0,0.0
11,0,0.9611652024461934,0.9817816952733476,0.0,0.0,0.0,0.0,0.0,0.0
12,0,5.019171838842211,10.950407534821997,1.0,0.0,1.0,0.0,0.0,0.0
13,0,11.933194768338598,5.017916081561664,0.0,0.0,1.0,0.0,0.0,1.0
14,0,1.957763805543532,2.962666782489665,1.0,1.0,0.0,0.0,1.0,1.0
15,0,10.954427611767953,7.018191468407183,0.0,0.0,0.0,1.0,1.0,1.0
16,0,0.984759279352196,5.954906129667252,0.0,0.0,0.0,1.0,0.0,0.0
17,0,12.0,8.012292375168043,1.0,0.0,0.0,0.0,0.0,0.0
18,0,3.979285379461341,5.019308778206649,0.0,1.0,1.0,0.0,1.0,1.0
19,0,12.0,6.043190581496496,1.0,0.0,1.0,1.0,0.0,0.0
20,0,11.972003441144874,4.0352605888170885,1.0,0.0,0.0,1.0,1.0,0.0
21,0,4.0363186780172695,0.0188568051548729,0.0,0.0,0.0,0.0,1.0,1.0
22,0,9.036460964948237,10.963496003119255,0.0,1.0,0.0,1.0,1.0,1.0
23,0,5.06328095478261,8.999666159195947,1.0,1.0,0.0,1.0,1.0,0.0
24,0,12.0,9.005320704131405,1.0,1.0,1.0,1.0,1.0,0.0
25,0,5.049129668089851,0.9799391185889516,0.0,0.0,1.0,0.0,0.0,1.0
26,0,2.93736729545704,8.977342538577322,0.0,1.0,0.0,0.0,0.0,0.0
27,0,10.981063943178114,2.952576973510399,0.0,1.0,1.0,1.0,0.0,0.0
28,0,3.998212523661607,11.037560526506905,1.0,0.0,0.0,0.0,0.0,0.0
29,0,4.991976562958814,8.938763740987206,0.0,1.0,0.0,1.0,0.0,0.0
30,0,8.013964299553685,10.933127593819709,1.0,1.0,1.0,1.0,1.0,1.0
31,0,6.994065673059085,10.071504147204744,1.0,1.0,1.0,1.0,1.0,1.0
32,0,7.031697105265814,8.973372524259084,0.0,0.0,0.0,0.0,1.0,1.0
33,0,5.032052808418484,8.992244490103584,0.0,1.0,1.0,1.0,1.0,1.0
34,0,1.0147393553919992,3.0635026141708064,0.0,0.0,1.0,1.0,1.0,1.0
35,0,10.041812784554546,6.052806445748151,0.0,1.0,1.0,0.0,1.0,1.0
36,0,10.064557772039938,0.980655543178548,0.0,0.0,0.0,1.0,0.0,0.0
37,0,6.040836720368963,9.95002536277292,1.0,0.0,1.0,0.0,0.0,0.0
38,0,1.9892269609105624,10.965179619879075,1.0,1.0,1.0,0.0,1.0,0.0
39,0,8.06076001627865,10.95081393838291,0.0,0.0,0.0,0.0,0.0,1.0
0,5,10.094865290734086,2.8808630670599458,1.0,1.0,0.0,0.0,0.0,0.0
1,5,11.974110979445594,5.93505334471754,0.0,0.0,1.0,0.0,0.0,0.0
2,5,1.8828773293264576,11.017311735016683,1.0,1.0,0.0,0.0,1.0,1.0
3,5,3.1005566409235543,3.0052256222709377,0.0,0.0,0.0,0.0,0.0,0.0
4,5,0.1014721558398479,0.0,0.0,0.0,0.0,0.0,0.0,1.0
5,5,6.998180214008963,2.119426662149864,1.0,0.0,0.0,0.0,1.0,0.0
6,5,5.077166088308362,4.010500154721383,0.0,0.0,1.0,0.0,0.0,0.0
7,5,7.171649956306188,2.9932565849420363,0.0,0.0,1.0,0.0,1.0,0.0
8,5,9.89670452246868,2.008653061912417,1.0,0.0,0.0,0.0,0.0,1.0
9,5,5.960279509078303,2.918462305262685,0.0,1.0,1.0,0.0,0.0,0.0
10,5,10.026755403652642,7.101379399231542,0.0,0.0,0.0,0.0,0.0,0.0
11,5,0.9082496316891946,0.9563472653735232,0.0,0.0,0.0,0.0,0.0,0.0
12,5,5.028548481302131,10.926934360753458,1.0,0.0,1.0,0.0,0.0,0.0
13,5,11.873019523198996,5.036289163176272,0.0,0.0,1.0,0.0,0.0,1.0
14,5,1.9195487209847333,2.9264008970663693,1.0,1.0,0.0,0.0,1.0,1.0
15,5,10.910894463958194,7.0348847051195404,0.0,0.0,0.0,1.0,1.0,1.0
16,5,0.972832109870484,5.920827781983585,0.0,0.0,0.0,1.0,0.0,0.0
17,5,12.0,8.020756076537392,1.0,0.0,0.0,0.0,0.0,0.0
18,5,3.9505096087077742,5.046566093765853,0.0,1.0,1.0,0.0,1.0,1.0
19,5,12.0,6.094189794530982,1.0,0.0,1.0,1.0,0.0,0.0
20,5,11.963197239242572,4.045599354771546,1.0,0.0,0.0,1.0,1.0,0.0
21,5,4.09639369664768,0.0502397637209595,0.0,0.0,0.0,0.0,1.0,1.0
22,5,9.06386542313126,10.935556600225482,0.0,1.0,0.0,1.0,1.0,1.0
23,5,5.119973213049091,8.999217199615087,1.0,1.0,0.0,1.0,1.0,0.0
24,5,12.0,9.010238980993911,1.0,1.0,1.0,1.0,1.0,0.0
25,5,5.097396487924986,0.9595572729256908,0.0,0.0,1.0,0.0,0.0,1.0
26,5,2.8793374788937665,8.958482225012872,0.0,1.0,0.0,0.0,0.0,0.0
27,5,10.963415461409047,2.9055238500489264,0.0,1.0,1.0,1.0,0.0,0.0
28,5,3.997442679579472,11.054964292985916,1.0,0.0,0.0,0.0,0.0,0.0
29,5,4.981395595167991,8.859975527959453,0.0,1.0,0.0,1.0,0.0,0.0
30,5,8.032328219209704,10.860221304827988,1.0,1.0,1.0,1.0,1.0,1.0
31,5,6.988952011601326,10.142170737122774,1.0,1.0,1.0,1.0,1.0,1.0
32,5,7.077430474052732,8.935991389867258,0.0,0.0,0.0,0.0,1.0,1.0
33,5,5.071918367352509,8.983971709275034,0.0,1.0,1.0,1.0,1.0,1.0
34,5,1.033721051223483,3.138819746769021,0.0,0.0,1.0,1.0,1.0,1.0
35,5,10.075774432543,6.098452917036956,0.0,1.0,1.0,0.0,1.0,1.0
36,5,10.118821136998063,0.9633439665414772,0.0,0.0,0.0,1.0,0.0,0.0
37,5,6.088660396087453,9.89165641939306,1.0,0.0,1.0,0.0,0.0,0.0
38,5,1.981186524451101,10.941357967015756,1.0,1.0,1.0,0.0,1.0,0.0
39,5,8.105816307277097,10.911952673806002,0.0,0.0,0.0,0.0,0.0,1.0
0,10,10.15219570962463,2.813364088698961,1.0,1.0,0.0,0.0,0.0,0.0
1,10,11.96340275236495,5.902620587252865,0.0,0.0,1.0,0.0,0.0,0.0
2,10,1.7921275849254552,11.027718225098678,1.0,1.0,0.0,0.0,1.0,1.0
3,10,3.141396633169238,3.00858689584796,0.0,0.0,0.0,0.0,0.0,0.0
4,10,0.1586145378900725,0.0,0.0,0.0,0.0,0.0,0.0,1.0
5,10,6.998128139180062,2.1508233927196025,1.0,0.0,0.0,0.0,1.0,0.0
6,10,5.095838388627812,4.013113763214401,0.0,0.0,1.0,0.0,0.0,0.0
7,10,7.294969000880544,2.9862421123001868,0.0,0.0,1.0,0.0,1.0,0.0
8,10,9.847596081127588,2.0141684301581955,1.0,0.0,0.0,0.0,0.0,1.0
9,10,5.934538892478266,2.867674689239813,0.0,1.0,1.0,0.0,0.0,0.0
10,10,10.044507154961536,7.169747850734078,0.0,0.0,0.0,0.0,0.0,0.0
11,10,0.8555327253722138,0.9309910323867748,0.0,0.0,0.0,0.0,0.0,0.0
12,10,5.040354494828262,10.89955592191267,1.0,0.0,1.0,0.0,0.0,0.0
13,10,11.832462833647792,5.048879936632177,0.0,0.0,1.0,0.0,0.0,1.0
14,10,1.892224444614036,2.8998781675444234,1.0,1.0,0.0,0.0,1.0,1.0
15,10,10.848412292645628,7.060735215200252,0.0,0.0,0.0,1.0,1.0,1.0
16,10,0.9596210238597992,5.883100491024042,0.0,0.0,0.0,1.0,0.0,0.0
17,10,12.0,8.035077581548746,1.0,0.0,0.0,0.0,0.0,0.0
18,10,3.929881984763342,5.066917785622137,0.0,1.0,1.0,0.0,1.0,1.0
19,10,12.0,6.164790311528831,1.0,0.0,1.0,1.0,0.0,0.0
20,10,11.943316278151466,4.068123634269286,1.0,0.0,0.0,1.0,1.0,0.0
21,10,4.141337670010274,0.0720935029607323,0.0,0.0,0.0,0.0,1.0,1.0
22,10,9.097214916172456,10.900805506019182,0.0,1.0,0.0,1.0,1.0,1.0
23,10,5.179596247584906,8.999229674100079,1.0,1.0,0.0,1.0,1.0,0.0
24,10,12.0,9.013046424042654,1.0,1.0,1.0,1.0,1.0,0.0
25,10,5.13660859750659,0.9432479022785024,0.0,0.0,1.0,0.0,0.0,1.0
26,10,2.824689176330281,8.941080242615705,0.0,1.0,0.0,0.0,0.0,0.0
27,10,10.944403642601436,2.8552786182638945,0.0,1.0,1.0,1.0,0.0,0.0
28,10,3.9970248578526175,11.076443418750932,1.0,0.0,0.0,0.0,0.0,0.0
29,10,4.972390891215247,8.790919389589531,0.0,1.0,0.0,1.0,0.0,0.0
30,10,8.045601173913662,10.80741773739415,1.0,1.0,1.0,1.0,1.0,1.0
31,10,6.985167847739287,10.20329005000113,1.0,1.0,1.0,1.0,1.0,1.0
32,10,7.135486248615681,8.889130428220547,0.0,0.0,0.0,0.0,1.0,1.0
33,10,5.1091647460774166,8.976927800709396,0.0,1.0,1.0,1.0,1.0,1.0
34,10,1.0486349615851804,3.201667186441612,0.0,0.0,1.0,1.0,1.0,1.0
35,10,10.10523862020688,6.137976779632009,0.0,1.0,1.0,0.0,1.0,1.0
36,10,10.19556548548325,0.9399151614712132,0.0,0.0,0.0,1.0,0.0,0.0
37,10,6.136787747975092,9.83621550451694,1.0,0.0,1.0,0.0,0.0,0.0
38,10,1.9765164590067432,10.928196454865905,1.0,1.0,1.0,0.0,1.0,0.0
39,10,8.166037675351653,10.860179163289502,0.0,0.0,0.0,0.0,0.0,1.0
0,15,10.197944329064551,2.7637502601229857,1.0,1.0,0.0,0.0,0.0,0.0
1,15,11.948800719504725,5.85779281519926,0.0,0.0,1.0,0.0,0.0,0.0
2,15,1.6983651201506704,11.03746855632155,1.0,1.0,0.0,0.0,1.0,1.0
3,15,3.1548890108978256,3.009904058119501,0.0,0.0,0.0,0.0,0.0,0.0
4,15,0.2094767792719454,0.0,0.0,0.0,0.0,0.0,0.0,1.0
5,15,6.998097062566892,2.1461534339332897,1.0,0.0,0.0,0.0,1.0,0.0
6,15,5.084653179768706,4.011376221525672,0.0,0.0,1.0,0.0,0.0,0.0
7,15,7.41806556892825,2.976207616861015,0.0,0.0,1.0,0.0,1.0,0.0
8,15,9.809174537927314,2.0184458170385384,1.0,0.0,0.0,0.0,0.0,1.0
9,15,5.904506799805713,2.805922459742756,0.0,1.0,1.0,0.0,0.0,0.0
10,15,10.054675849369408,7.207456969438041,0.0,0.0,0.0,0.0,0.0,0.0
11,15,0.7917206346069462,0.8974060874440304,0.0,0.0,0.0,0.0,0.0,0.0
12,15,5.045855183351923,10.887897582725047,1.0,0.0,1.0,0.0,0.0,0.0
13,15,11.773606889070916,5.065969043165769,0.0,0.0,1.0,0.0,0.0,1.0
14,15,1.8783019291814225,2.886866434597642,1.0,1.0,0.0,0.0,1.0,1.0
15,15,10.792156246409906,7.0833032461930525,0.0,0.0,0.0,1.0,1.0,1.0
16,15,0.9536339237072836,5.86452831214507,0.0,0.0,0.0,1.0,0.0,0.0
17,15,12.0,8.04142515014067,1.0,0.0,0.0,0.0,0.0,0.0
18,15,3.90277376216734,5.093676178528086,0.0,1.0,1.0,0.0,1.0,1.0
19,15,12.0,6.233247725107425,1.0,0.0,1.0,1.0,0.0,0.0
20,15,11.919812032210174,4.094448199821461,1.0,0.0,0.0,1.0,1.0,0.0
21,15,4.181415875151124,0.0907421320167955,0.0,0.0,0.0,0.0,1.0,1.0
22,15,9.13202582993271,10.864362492206814,0.0,1.0,0.0,1.0,1.0,1.0
23,15,5.228439202324669,8.997708754900465,1.0,1.0,0.0,1.0,1.0,0.0
24,15,12.0,9.013923571338315,1.0,1.0,1.0,1.0,1.0,0.0
25,15,5.188583807173927,0.9216597743550898,0.0,0.0,1.0,0.0,0.0,1.0
26,15,2.7904283136056245,8.929269918594125,0.0,1.0,0.0,0.0,0.0,0.0
27,15,10.92904716551804,2.8146966845124517,0.0,1.0,1.0,1.0,0.0,0.0
28,15,3.996850602940331,11.080358236471044,1.0,0.0,0.0,0.0,0.0,0.0
29,15,4.964123805917794,8.732646676171482,0.0,1.0,0.0,1.0,0.0,0.0
30,15,8.059226200749064,10.745324624051124,1.0,1.0,1.0,1.0,1.0,1.0
31,15,6.983566153289238,10.248772979180382,1.0,1.0,1.0,1.0,1.0,1.0
32,15,7.175937351487415,8.857300408148308,0.0,0.0,0.0,0.0,1.0,1.0
33,15,5.127090032651311,8.973540715226292,0.0,1.0,1.0,1.0,1.0,1.0
34,15,1.0670999958524023,3.2786109486921555,0.0,0.0,1.0,1.0,1.0,1.0
35,15,10.131111058681014,6.173361996429236,0.0,1.0,1.0,0.0,1.0,1.0
36,15,10.278261660444612,0.915616997525028,0.0,0.0,0.0,1.0,0.0,0.0
37,15,6.181587726559604,9.780858052228131,1.0,0.0,1.0,0.0,0.0,0.0
38,15,1.9793933933269776,10.937358746310032,1.0,1.0,1.0,0.0,1.0,0.0
39,15,8.213446984817375,10.816346315589886,0.0,0.0,0.0,0.0,0.0,1.0
0,20,10.233995519640793,2.7236849052159764,1.0,1.0,0.0,0.0,0.0,0.0
1,20,11.92663799162538,5.788118245845826,0.0,0.0,1.0,0.0,0.0,0.0
2,20,1.6040314921488616,11.05174945402256,1.0,1.0,0.0,0.0,1.0,1.0
3,20,3.144020644295245,3.008952611194558,0.0,0.0,0.0,0.0,0.0,0.0
4,20,0.2521329372185402,0.0,0.0,0.0,0.0,0.0,0.0,1.0
5,20,6.997813756967478,2.1622365371757954,1.0,0.0,0.0,0.0,1.0,0.0
6,20,5.074690309327257,4.010156002547473,0.0,0.0,1.0,0.0,0.0,0.0
7,20,7.545023606456399,2.966592924051875,0.0,0.0,1.0,0.0,1.0,0.0
8,20,9.76043147309777,2.024641026334163,1.0,0.0,0.0,0.0,0.0,1.0
9,20,5.874228646837524,2.743357126856554,0.0,1.0,1.0,0.0,0.0,0.0
10,20,10.057435777045816,7.219176025074048,0.0,0.0,0.0,0.0,0.0,0.0
11,20,0.7303424147727706,0.8669551856582858,0.0,0.0,0.0,0.0,0.0,0.0
12,20,5.0531109090009805,10.87324850134288,1.0,0.0,1.0,0.0,0.0,0.0
13,20,11.704288694255304,5.086339970575957,0.0,0.0,1.0,0.0,0.0,1.0
14,20,1.864798095048425,2.8744413874886154,1.0,1.0,0.0,0.0,1.0,1.0
15,20,10.743589102372075,7.102842074801164,0.0,0.0,0.0,1.0,1.0,1.0
16,20,0.9545638086280706,5.867439984787408,0.0,0.0,0.0,1.0,0.0,0.0
17,20,12.0,8.043396555626828,1.0,0.0,0.0,0.0,0.0,0.0
18,20,3.88133860322296,5.115958429376344,0.0,1.0,1.0,0.0,1.0,1.0
19,20,12.0,6.298847450453047,1.0,0.0,1.0,1.0,0.0,0.0
20,20,11.897251104037029,4.120736468179559,1.0,0.0,0.0,1.0,1.0,0.0
21,20,4.231827275538747,0.1142994785751759,0.0,0.0,0.0,0.0,1.0,1.0
22,20,9.166742462281364,10.83000835386916,0.0,1.0,0.0,1.0,1.0,1.0
23,20,5.278391650503479,8.996303391274584,1.0,1.0,0.0,1.0,1.0,0.0
24,20,12.0,9.014882706438506,1.0,1.0,1.0,1.0,1.0,0.0
25,20,5.239352654300536,0.9009967178011506,0.0,0.0,1.0,0.0,0.0,1.0
26,20,2.729848542767915,8.907138734082576,0.0,1.0,0.0,0.0,0.0,0.0
27,20,10.909058193173122,2.761507005109649,0.0,1.0,1.0,1.0,0.0,0.0
28,20,3.997431082483784,11.068062319984094,1.0,0.0,0.0,0.0,0.0,0.0
29,20,4.954920476656238,8.669822419115041,0.0,1.0,0.0,1.0,0.0,0.0
30,20,8.074568751424986,10.672693036785668,1.0,1.0,1.0,1.0,1.0,1.0
31,20,6.982708954870528,10.276783520909,1.0,1.0,1.0,1.0,1.0,1.0
32,20,7.217292923988363,8.826201220650079,0.0,0.0,0.0,0.0,1.0,1.0
33,20,5.146441481506726,8.969464577295557,0.0,1.0,1.0,1.0,1.0,1.0
34,20,1.0892195845462065,3.37250437575989,0.0,0.0,1.0,1.0,1.0,1.0
35,20,10.151151107848712,6.198716333915966,0.0,1.0,1.0,0.0,1.0,1.0
36,20,10.369308009804612,0.8894683577315899,0.0,0.0,0.0,1.0,0.0,0.0
37,20,6.213551317093005,9.740949904448726,1.0,0.0,1.0,0.0,0.0,0.0
38,20,1.9796941749251944,10.93824783432867,1.0,1.0,1.0,0.0,1.0,0.0
39,20,8.278010905060729,10.753343684733354,0.0,0.0,0.0,0.0,0.0,1.0
0,25,10.26331557700133,2.692152104477063,1.0,1.0,0.0,0.0,0.0,0.0
1,25,11.908251162289112,5.7252363919063205,0.0,0.0,1.0,0.0,0.0,0.0
2,25,1.519378423878247,11.065074620655755,1.0,1.0,0.0,0.0,1.0,1.0
3,25,3.148842897397343,3.009370585819552,0.0,0.0,0.0,0.0,0.0,0.0
4,25,0.2726965917584661,0.0,0.0,0.0,0.0,0.0,0.0,1.0
5,25,6.997535390714813,2.185171322189357,1.0,0.0,0.0,0.0,1.0,0.0
6,25,5.0714718112746064,4.009712382249592,0.0,0.0,1.0,0.0,0.0,0.0
7,25,7.685633730697106,2.9550114962932046,0.0,0.0,1.0,0.0,1.0,0.0
8,25,9.701376280760629,2.0321870278600027,1.0,0.0,0.0,0.0,0.0,1.0
9,25,5.937666677477482,2.712747121738947,0.0,1.0,1.0,0.0,0.0,0.0
10,25,10.061456509440632,7.236115580039433,0.0,0.0,0.0,0.0,0.0,0.0
11,25,0.6629981150285605,0.8310829729550177,0.0,0.0,0.0,0.0,0.0,0.0
12,25,5.049744979419795,10.879854408900886,1.0,0.0,1.0,0.0,0.0,0.0
13,25,11.649457563530072,5.1030447104419565,0.0,0.0,1.0,0.0,0.0,1.0
14,25,1.867589884091172,2.877007260086556,1.0,1.0,0.0,0.0,1.0,1.0
15,25,10.70666414703982,7.117233109380072,0.0,0.0,0.0,1.0,1.0,1.0
16,25,0.9550213689235568,5.868752147107373,0.0,0.0,0.0,1.0,0.0,0.0
17,25,11.99589371060922,8.042029809846818,1.0,0.0,0.0,0.0,0.0,0.0
18,25,3.882251353619896,5.115025410395285,0.0,1.0,1.0,0.0,1.0,1.0
19,25,12.0,6.3708138367916005,1.0,0.0,1.0,1.0,0.0,0.0
20,25,11.863966062762277,4.160478106905535,1.0,0.0,0.0,1.0,1.0,0.0
21,25,4.2658135826233545,0.1297712561962612,0.0,0.0,0.0,0.0,1.0,1.0
22,25,9.18784402341401,10.80879043246265,0.0,1.0,0.0,1.0,1.0,1.0
23,25,5.311879566909223,8.99523520768913,1.0,1.0,0.0,1.0,1.0,0.0
24,25,12.0,9.01641769953531,1.0,1.0,1.0,1.0,1.0,0.0
25,25,5.287177012633149,0.8819751367516424,0.0,0.0,1.0,0.0,0.0,1.0
26,25,2.663671167535069,8.882028777251927,0.0,1.0,0.0,0.0,0.0,0.0
27,25,10.886893842407922,2.7050775509549365,0.0,1.0,1.0,1.0,0.0,0.0
28,25,3.996048389695108,11.084910608100326,1.0,0.0,0.0,0.0,0.0,0.0
29,25,4.946418558472924,8.599979285340318,0.0,1.0,0.0,1.0,0.0,0.0
30,25,8.084461619140754,10.612382468562457,1.0,1.0,1.0,1.0,1.0,1.0
31,25,6.981799411233408,10.294663000053456,1.0,1.0,1.0,1.0,1.0,1.0
32,25,7.258965609391057,8.793266238693827,0.0,0.0,0.0,0.0,1.0,1.0
33,25,5.161675805424392,8.966414478293045,0.0,1.0,1.0,1.0,1.0,1.0
34,25,1.1087525566093,3.4682976602041578,0.0,0.0,1.0,1.0,1.0,1.0
35,25,10.166988878664164,6.186321864301401,0.0,1.0,1.0,0.0,1.0,1.0
36,25,10.453969157956845,0.8667205438974168,0.0,0.0,0.0,1.0,0.0,0.0
37,25,6.231542517672982,9.719824157090573,1.0,0.0,1.0,0.0,0.0,0.0
38,25,1.98699783552947,10.960199224324588,1.0,1.0,1.0,0.0,1.0,0.0
39,25,8.341079814936904,10.693306557975388,0.0,0.0,0.0,0.0,0.0,1.0
0,30,10.29957085657662,2.6537304702820323,1.0,1.0,0.0,0.0,0.0,0.0
1,30,11.893763847163994,5.673959248513082,0.0,0.0,1.0,0.0,0.0,0.0
2,30,1.4243454477391777,11.081723394955151,1.0,1.0,0.0,0.0,1.0,1.0
3,30,3.150520471237141,3.0095322368715816,0.0,0.0,0.0,0.0,0.0,0.0
4,30,0.2898917485545561,0.0,0.0,0.0,0.0,0.0,0.0,1.0
5,30,6.9977012270603005,2.1977431256999704,1.0,0.0,0.0,0.0,1.0,0.0
6,30,5.071009641286689,4.009650486195034,0.0,0.0,1.0,0.0,0.0,0.0
7,30,7.82763106880504,2.938246668558385,0.0,0.0,1.0,0.0,1.0,0.0
8,30,9.642345072769045,2.039014139740035,1.0,0.0,0.0,0.0,0.0,1.0
9,30,5.962788288881401,2.766755428062585,0.0,1.0,1.0,0.0,0.0,0.0
10,30,10.068750050396076,7.267399411958827,0.0,0.0,0.0,0.0,0.0,0.0
11,30,0.5926473192680335,0.7942578163263188,0.0,0.0,0.0,0.0,0.0,0.0
12,30,5.038414393618746,10.901516270534591,1.0,0.0,1.0,0.0,0.0,0.0
13,30,11.568981643507726,5.125910505155875,0.0,0.0,1.0,0.0,0.0,1.0
14,30,1.882657063388838,2.8915578265223814,1.0,1.0,0.0,0.0,1.0,1.0
15,30,10.673386186094138,7.130818364941433,0.0,0.0,0.0,1.0,1.0,1.0
16,30,0.9597164841699652,5.881765796730837,0.0,0.0,0.0,1.0,0.0,0.0
17,30,12.0,8.04913366081003,1.0,0.0,0.0,0.0,0.0,0.0
18,30,3.87879078788037,5.11846295772708,0.0,1.0,1.0,0.0,1.0,1.0
19,30,12.0,6.450296362902298,1.0,0.0,1.0,1.0,0.0,0.0
20,30,11.82908439897006,4.203381564883325,1.0,0.0,0.0,1.0,1.0,0.0
21,30,4.287986180584247,0.1406155582140021,0.0,0.0,0.0,0.0,1.0,1.0
22,30,9.203888307439176,10.792681476498876,0.0,1.0,0.0,1.0,1.0,1.0
23,30,5.342196730361571,8.99415371648209,1.0,1.0,0.0,1.0,1.0,0.0
24,30,12.0,9.017594774927913,1.0,1.0,1.0,1.0,1.0,0.0
25,30,5.338610276058406,0.8627000850912242,0.0,0.0,1.0,0.0,0.0,1.0
26,30,2.6159979392261667,8.865083115138395,0.0,1.0,0.0,0.0,0.0,0.0
27,30,10.862970975486794,2.643986076526934,0.0,1.0,1.0,1.0,0.0,0.0
28,30,3.994240781121421,11.103098185954366,1.0,0.0,0.0,0.0,0.0,0.0
29,30,4.935762603038183,8.514754065774222,0.0,1.0,0.0,1.0,0.0,0.0
30,30,8.088848175907716,10.5799642586129,1.0,1.0,1.0,1.0,1.0,1.0
31,30,6.981181482424428,10.306739791284013,1.0,1.0,1.0,1.0,1.0,1.0
32,30,7.301267119622394,8.761198885450902,0.0,0.0,0.0,0.0,1.0,1.0
33,30,5.17647418207679,8.963065696856985,0.0,1.0,1.0,1.0,1.0,1.0
34,30,1.1340290432553648,3.599015455612553,0.0,0.0,1.0,1.0,1.0,1.0
35,30,10.177615429881785,6.178512056098368,0.0,1.0,1.0,0.0,1.0,1.0
36,30,10.539418124404596,0.8446386755580215,0.0,0.0,0.0,1.0,0.0,0.0
37,30,6.242871617500958,9.70697801383105,1.0,0.0,1.0,0.0,0.0,0.0
38,30,1.9944087983414176,10.980688294416131,1.0,1.0,1.0,0.0,1.0,0.0
39,30,8.412518033421314,10.631279660859514,0.0,0.0,0.0,0.0,0.0,1.0
0,35,10.350989939165316,2.598572316721408,1.0,1.0,0.0,0.0,0.0,0.0
1,35,11.87582562359784,5.608647987102285,0.0,0.0,1.0,0.0,0.0,0.0
2,35,1.3327697078440948,11.10123463624506,1.0,1.0,0.0,0.0,1.0,1.0
3,35,3.1514787350731384,3.0096348387072887,0.0,0.0,0.0,0.0,0.0,0.0
4,35,0.2980427056826839,0.0,0.0,0.0,0.0,0.0,0.0,1.0
5,35,6.997598037958094,2.2046540799177383,1.0,0.0,0.0,0.0,1.0,0.0
6,35,5.0583927209111845,4.007459488729835,0.0,0.0,1.0,0.0,0.0,0.0
7,35,7.968480149227443,2.917904017744115,0.0,0.0,1.0,0.0,1.0,0.0
8,35,9.635872763561071,1.9770466477231128,1.0,0.0,0.0,0.0,0.0,1.0
9,35,5.977494517185825,2.79891573528205,0.0,1.0,1.0,0.0,0.0,0.0
10,35,10.07418350893476,7.291580781091954,0.0,0.0,0.0,0.0,0.0,0.0
11,35,0.5341710184425393,0.7629052386038813,0.0,0.0,0.0,0.0,0.0,0.0
12,35,5.016581589001413,10.941671708053498,1.0,0.0,1.0,0.0,0.0,0.0
13,35,11.490130697675651,5.147478070125412,0.0,0.0,1.0,0.0,0.0,1.0
14,35,1.908395020315864,2.9161913247460745,1.0,1.0,0.0,0.0,1.0,1.0
15,35,10.647722090974314,7.141279268113464,0.0,0.0,0.0,1.0,1.0,1.0
16,35,0.9568842001897356,5.873996635614836,0.0,0.0,0.0,1.0,0.0,0.0
17,35,12.0,8.053631225100306,1.0,0.0,0.0,0.0,0.0,0.0
18,35,3.871477083438484,5.125818950058233,0.0,1.0,1.0,0.0,1.0,1.0
19,35,12.0,6.543933756901924,1.0,0.0,1.0,1.0,0.0,0.0
20,35,11.796930789574375,4.2393574780472125,1.0,0.0,0.0,1.0,1.0,0.0
21,35,4.311239768777918,0.1522421877179432,0.0,0.0,0.0,0.0,1.0,1.0
22,35,9.214925227434165,10.78093144290608,0.0,1.0,0.0,1.0,1.0,1.0
23,35,5.344168700858085,9.037089683580252,1.0,1.0,0.0,1.0,1.0,0.0
24,35,11.995193281524935,9.01679602576489,1.0,1.0,1.0,1.0,1.0,0.0
25,35,5.390501454809573,0.8432120733884447,0.0,0.0,1.0,0.0,0.0,1.0
26,35,2.5519644515037223,8.843791439605635,0.0,1.0,0.0,0.0,0.0,0.0
27,35,10.837928913407763,2.5806600083325626,0.0,1.0,1.0,1.0,0.0,0.0
28,35,3.9938909966392737,11.106771826944016,1.0,0.0,0.0,0.0,0.0,0.0
29,35,4.924522313367771,8.41319868252287,0.0,1.0,0.0,1.0,0.0,0.0
30,35,8.091540264399994,10.560359467664522,1.0,1.0,1.0,1.0,1.0,1.0
31,35,6.981847869088615,10.297936308132495,1.0,1.0,1.0,1.0,1.0,1.0
32,35,7.345334655158341,8.729966239141932,0.0,0.0,0.0,0.0,1.0,1.0
33,35,5.200375634790816,8.957493640390231,0.0,1.0,1.0,1.0,1.0,1.0
34,35,1.161411273882987,3.745934233069143,0.0,0.0,1.0,1.0,1.0,1.0
35,35,10.17618476161318,6.179536553678672,0.0,1.0,1.0,0.0,1.0,1.0
36,35,10.63384622134547,0.8201418199234242,0.0,0.0,0.0,1.0,0.0,0.0
37,35,6.245545335782119,9.703897482911684,1.0,0.0,1.0,0.0,0.0,0.0
38,35,2.0033127149043497,11.004298694580507,1.0,1.0,1.0,0.0,1.0,0.0
39,35,8.491603860206911,10.567854117430052,0.0,0.0,0.0,0.0,0.0,1.0
0,40,10.392245965763502,2.555248248440554,1.0,1.0,0.0,0.0,0.0,0.0
1,40,11.85402061941489,5.531334463771741,0.0,0.0,1.0,0.0,0.0,0.0
2,40,1.2395846561185375,11.122703936652623,1.0,1.0,0.0,0.0,1.0,1.0
3,40,3.1525359831991184,3.009765549274735,0.0,0.0,0.0,0.0,0.0,0.0
4,40,0.3025987381723916,0.0,0.0,0.0,0.0,0.0,0.0,1.0
5,40,6.997621761243541,2.1989356736440864,1.0,0.0,0.0,0.0,1.0,0.0
6,40,5.044923495291562,4.005171871533083,0.0,0.0,1.0,0.0,0.0,0.0
7,40,8.11943861035288,2.893799760113644,0.0,0.0,1.0,0.0,1.0,0.0
8,40,9.629073271544348,1.9141700500306629,1.0,0.0,0.0,0.0,0.0,1.0
9,40,5.983746317610078,2.8128765146946426,0.0,1.0,1.0,0.0,0.0,0.0
10,40,10.079328032020458,7.31486173144199,0.0,0.0,0.0,0.0,0.0,0.0
11,40,0.4600551600471683,0.721549635696377,0.0,0.0,0.0,0.0,0.0,0.0
12,40,4.9842857757969865,11.004339736692026,1.0,0.0,1.0,0.0,0.0,0.0
13,40,11.410258153667964,5.170848740511297,0.0,0.0,1.0,0.0,0.0,1.0
14,40,1.946329022487632,2.952671329962499,1.0,1.0,0.0,0.0,1.0,1.0
15,40,10.620615940797554,7.152333355860836,0.0,0.0,0.0,1.0,1.0,1.0
16,40,0.9458062315418488,5.844142839808015,0.0,0.0,0.0,1.0,0.0,0.0
17,40,12.0,8.058726596628384,1.0,0.0,0.0,0.0,0.0,0.0
18,40,3.868546845663968,5.128809844884836,0.0,1.0,1.0,0.0,1.0,1.0
19,40,12.0,6.633126544503585,1.0,0.0,1.0,1.0,0.0,0.0
20,40,11.756567676514788,4.284140802647385,1.0,0.0,0.0,1.0,1.0,0.0
21,40,4.331002109030576,0.1619679841964801,0.0,0.0,0.0,0.0,1.0,1.0
22,40,9.21886949879771,10.77685203472913,0.0,1.0,0.0,1.0,1.0,1.0
23,40,5.347324657895017,9.08785139342802,1.0,1.0,0.0,1.0,1.0,0.0
24,40,11.960221402765884,9.010477119019342,1.0,1.0,1.0,1.0,1.0,0.0
25,40,5.455865152668507,0.82055638241605,0.0,0.0,1.0,0.0,0.0,1.0
26,40,2.4793880076605617,8.817661402523642,0.0,1.0,0.0,0.0,0.0,0.0
27,40,10.809883945937734,2.5089181248467662,0.0,1.0,1.0,1.0,0.0,0.0
28,40,3.9925724883975295,11.11860164945143,1.0,0.0,0.0,0.0,0.0,0.0
29,40,4.91253803734072,8.30429068007202,0.0,1.0,0.0,1.0,0.0,0.0
30,40,8.092062767041444,10.555961486948457,1.0,1.0,1.0,1.0,1.0,1.0
31,40,6.982754980021147,10.285992388391763,1.0,1.0,1.0,1.0,1.0,1.0
32,40,7.400504682653342,8.689163338682937,0.0,0.0,0.0,0.0,1.0,1.0
33,40,5.2268586749930215,8.951319128112422,0.0,1.0,1.0,1.0,1.0,1.0
34,40,1.188584097910432,3.887293516051313,0.0,0.0,1.0,1.0,1.0,1.0
35,40,10.16979668089776,6.184267649633713,0.0,1.0,1.0,0.0,1.0,1.0
36,40,10.729917131818256,0.7937577968912938,0.0,0.0,0.0,1.0,0.0,0.0
37,40,6.245460135368184,9.703994748924949,1.0,0.0,1.0,0.0,0.0,0.0
38,40,2.001635214034444,10.99960737650462,1.0,1.0,1.0,0.0,1.0,0.0
39,40,8.560759558523463,10.512386938811302,0.0,0.0,0.0,0.0,0.0,1.0
0,45,10.446868468107391,2.498198481323983,1.0,1.0,0.0,0.0,0.0,0.0
1,45,11.840484635291686,5.481201700114008,0.0,0.0,1.0,0.0,0.0,0.0
2,45,1.137058627306354,11.146827365330411,1.0,1.0,0.0,0.0,1.0,1.0
3,45,3.159096166638044,3.0104676708787794,0.0,0.0,0.0,0.0,0.0,0.0
4,45,0.3158504068136034,0.0,0.0,0.0,0.0,0.0,0.0,1.0
5,45,6.99761724067926,2.203448764586636,1.0,0.0,0.0,0.0,1.0,0.0
6,45,5.019051431564977,4.0009870061104005,0.0,0.0,1.0,0.0,0.0,0.0
7,45,8.266041445287561,2.868787780294352,0.0,0.0,1.0,0.0,1.0,0.0
8,45,9.624177365204616,1.8701702609687585,1.0,0.0,0.0,0.0,0.0,1.0
9,45,5.995635067646025,2.8400744130943507,0.0,1.0,1.0,0.0,0.0,0.0
10,45,10.084781625720684,7.339734902724703,0.0,0.0,0.0,0.0,0.0,0.0
11,45,0.4005029829892037,0.6888667977765084,0.0,0.0,0.0,0.0,0.0,0.0
12,45,4.959100266657927,11.053048925017938,1.0,0.0,1.0,0.0,0.0,0.0
13,45,11.327394863825244,5.194246267311829,0.0,0.0,1.0,0.0,0.0,1.0
14,45,1.9732494820741413,2.978586588679723,1.0,1.0,0.0,0.0,1.0,1.0
15,45,10.60467184124798,7.158692114970404,0.0,0.0,0.0,1.0,1.0,1.0
16,45,0.9379272958152508,5.822353819276461,0.0,0.0,0.0,1.0,0.0,0.0
17,45,12.0,8.06513257652719,1.0,0.0,0.0,0.0,0.0,0.0
18,45,3.865705360879962,5.131669586505011,0.0,1.0,1.0,0.0,1.0,1.0
19,45,12.0,6.704524238468946,1.0,0.0,1.0,1.0,0.0,0.0
20,45,11.719448040272248,4.32665395147426,1.0,0.0,0.0,1.0,1.0,0.0
21,45,4.338029097092638,0.1654551492723219,0.0,0.0,0.0,0.0,1.0,1.0
22,45,9.222034484482188,10.77334852931916,0.0,1.0,0.0,1.0,1.0,1.0
23,45,5.350183768707704,9.13360793967287,1.0,1.0,0.0,1.0,1.0,0.0
24,45,11.916907255611353,9.00300757504063,1.0,1.0,1.0,1.0,1.0,0.0
25,45,5.505325722234706,0.8012732342764963,0.0,0.0,1.0,0.0,0.0,1.0
26,45,2.410024800652638,8.789974075013312,0.0,1.0,0.0,0.0,0.0,0.0
27,45,10.77948688043177,2.4348358538115327,0.0,1.0,1.0,1.0,0.0,0.0
28,45,3.994292754015569,11.104367721237477,1.0,0.0,0.0,0.0,0.0,0.0
29,45,4.895429003605341,8.157529579464299,0.0,1.0,0.0,1.0,0.0,0.0
30,45,8.09369938389395,10.543467698069884,1.0,1.0,1.0,1.0,1.0,1.0
31,45,6.986428474395173,10.24358542420748,1.0,1.0,1.0,1.0,1.0,1.0
32,45,7.441299541217343,8.66001269747118,0.0,0.0,0.0,0.0,1.0,1.0
33,45,5.25175366186281,8.946290783557284,0.0,1.0,1.0,1.0,1.0,1.0
34,45,1.21820808642288,4.032749294645752,0.0,0.0,1.0,1.0,1.0,1.0
35,45,10.179374335514204,6.177436322191293,0.0,1.0,1.0,0.0,1.0,1.0
36,45,10.85145520048543,0.7593462348415545,0.0,0.0,0.0,1.0,0.0,0.0
37,45,6.25465719392984,9.69336872651685,1.0,0.0,1.0,0.0,0.0,0.0
38,45,1.9980881597321976,10.989633737264478,1.0,1.0,1.0,0.0,1.0,0.0
39,45,8.621450347079112,10.462811572270375,0.0,0.0,0.0,0.0,0.0,1.0
0,50,10.491749642122764,2.450187896484326,1.0,1.0,0.0,0.0,0.0,0.0
1,50,11.820720045068418,5.414543757469125,0.0,0.0,1.0,0.0,0.0,0.0
2,50,1.052065805666008,11.165199190600116,1.0,1.0,0.0,0.0,1.0,1.0
3,50,3.163064278615035,3.01082858574995,0.0,0.0,0.0,0.0,0.0,0.0
4,50,0.3362516554621088,0.0,0.0,0.0,0.0,0.0,0.0,1.0
5,50,6.997875297901403,2.219125878493854,1.0,0.0,0.0,0.0,1.0,0.0
6,50,4.9856283981735245,3.9961521642587496,0.0,0.0,1.0,0.0,0.0,0.0
7,50,8.40743067513713,2.843499918539667,0.0,0.0,1.0,0.0,1.0,0.0
8,50,9.617398293866213,1.8065673507834787,1.0,0.0,0.0,0.0,0.0,1.0
9,50,6.010499821205444,2.87300263364036,0.0,1.0,1.0,0.0,0.0,0.0
10,50,10.089655200719209,7.3686972659642,0.0,0.0,0.0,0.0,0.0,0.0
11,50,0.3501692972766874,0.6616570648559973,0.0,0.0,0.0,0.0,0.0,0.0
12,50,4.941554282282354,11.087429699082229,1.0,0.0,1.0,0.0,0.0,0.0
13,50,11.253359645104627,5.215769652150208,0.0,0.0,1.0,0.0,0.0,1.0
14,50,2.010413604505988,3.013498778803989,1.0,1.0,0.0,0.0,1.0,1.0
15,50,10.601179065988672,7.150200875275089,0.0,0.0,0.0,1.0,1.0,1.0
16,50,0.9368422986199026,5.819241948843201,0.0,0.0,0.0,1.0,0.0,0.0
17,50,12.0,8.07634666488957,1.0,0.0,0.0,0.0,0.0,0.0
18,50,3.864555628621019,5.132887696770895,0.0,1.0,1.0,0.0,1.0,1.0
19,50,12.0,6.755097188576613,1.0,0.0,1.0,1.0,0.0,0.0
20,50,11.695282190498036,4.3549327321593365,1.0,0.0,0.0,1.0,1.0,0.0
21,50,4.350375960477362,0.1717648668797384,0.0,0.0,0.0,0.0,1.0,1.0
22,50,9.23452010670438,10.759999740700133,0.0,1.0,0.0,1.0,1.0,1.0
23,50,5.35290014173869,9.177999839040249,1.0,1.0,0.0,1.0,1.0,0.0
24,50,11.8603363454861,8.993126296861131,1.0,1.0,1.0,1.0,1.0,0.0
25,50,5.551258038243586,0.7812679152686688,0.0,0.0,1.0,0.0,0.0,1.0
26,50,2.338081758587096,8.758935854754615,0.0,1.0,0.0,0.0,0.0,0.0
27,50,10.747327638946128,2.3629870891223304,0.0,1.0,1.0,1.0,0.0,0.0
28,50,3.9948384930926704,11.100162738450402,1.0,0.0,0.0,0.0,0.0,0.0
29,50,4.876220827007468,8.024088417972285,0.0,1.0,0.0,1.0,0.0,0.0
30,50,8.094663032965501,10.536907671021876,1.0,1.0,1.0,1.0,1.0,1.0
31,50,6.993010717144633,10.176270521814104,1.0,1.0,1.0,1.0,1.0,1.0
32,50,7.487082111734454,8.628687135184807,0.0,0.0,0.0,0.0,1.0,1.0
33,50,5.275295567248546,8.941363216282461,0.0,1.0,1.0,1.0,1.0,1.0
34,50,1.2470449417173886,4.16652779122085,0.0,0.0,1.0,1.0,1.0,1.0
35,50,10.190064783302416,6.170410876471116,0.0,1.0,1.0,0.0,1.0,1.0
36,50,10.976900352025918,0.7205099028418485,0.0,0.0,0.0,1.0,0.0,0.0
37,50,6.251414395441627,9.697257672559758,1.0,0.0,1.0,0.0,0.0,0.0
38,50,1.9990017980552643,10.992194719696869,1.0,1.0,1.0,0.0,1.0,0.0
39,50,8.687834958566587,10.409734136724747,0.0,0.0,0.0,0.0,0.0,1.0
0,55,10.531250199742988,2.4091579212236818,1.0,1.0,0.0,0.0,0.0,0.0
1,55,11.801412541528332,5.35112649439586,0.0,0.0,1.0,0.0,0.0,0.0
2,55,0.9734138872013032,11.18414434996725,1.0,1.0,0.0,0.0,1.0,1.0
3,55,3.191440508344077,3.0133836016391933,0.0,0.0,0.0,0.0,0.0,0.0
4,55,0.3495331026524229,0.0,0.0,0.0,0.0,0.0,0.0,1.0
5,55,6.99827202169645,2.232155118414663,1.0,0.0,0.0,0.0,1.0,0.0
6,55,4.937162832130435,3.988068664304026,0.0,0.0,1.0,0.0,0.0,0.0
7,55,8.554205234393164,2.8211202365407737,0.0,0.0,1.0,0.0,1.0,0.0
8,55,9.61282829744572,1.7574157271971558,1.0,0.0,0.0,0.0,0.0,1.0
9,55,6.021974574600976,2.899811887066764,0.0,1.0,1.0,0.0,0.0,0.0
10,55,10.093639065798566,7.390170659255534,0.0,0.0,0.0,0.0,0.0,0.0
11,55,0.30701290698377,0.6383588625232431,0.0,0.0,0.0,0.0,0.0,0.0
12,55,4.91830971710427,11.130514371504384,1.0,0.0,1.0,0.0,0.0,0.0
13,55,11.175456827094848,5.238640795420787,0.0,0.0,1.0,0.0,0.0,1.0
14,55,2.0614964569251453,3.060966953026423,1.0,1.0,0.0,0.0,1.0,1.0
15,55,10.600433912474529,7.148311902262406,0.0,0.0,0.0,1.0,1.0,1.0
16,55,0.9300656318306616,5.799062509570623,0.0,0.0,0.0,1.0,0.0,0.0
17,55,12.0,8.085564174721515,1.0,0.0,0.0,0.0,0.0,0.0
18,55,3.88628101893488,5.109682251668671,0.0,1.0,1.0,0.0,1.0,1.0
19,55,12.0,6.821785955552006,1.0,0.0,1.0,1.0,0.0,0.0
20,55,11.670957661974136,4.38455751681716,1.0,0.0,0.0,1.0,1.0,0.0
21,55,4.3806546532232735,0.1872968145723541,0.0,0.0,0.0,0.0,1.0,1.0
22,55,9.239136076167291,10.755023507335853,0.0,1.0,0.0,1.0,1.0,1.0
23,55,5.355513895880153,9.222205626194988,1.0,1.0,0.0,1.0,1.0,0.0
24,55,11.800070360536408,8.984804453758441,1.0,1.0,1.0,1.0,1.0,0.0
25,55,5.592952637221238,0.7636070400754678,0.0,0.0,1.0,0.0,0.0,1.0
26,55,2.225397262832917,8.710241605159947,0.0,1.0,0.0,0.0,0.0,0.0
27,55,10.72253416745606,2.307081541804303,0.0,1.0,1.0,1.0,0.0,0.0
28,55,3.995078274738385,11.097461486425564,1.0,0.0,0.0,0.0,0.0,0.0
29,55,4.853725960406185,7.875953977251589,0.0,1.0,0.0,1.0,0.0,0.0
30,55,8.092928455905513,10.54883347290433,1.0,1.0,1.0,1.0,1.0,1.0
31,55,6.998600850865793,10.121020063991551,1.0,1.0,1.0,1.0,1.0,1.0
32,55,7.546325356684957,8.58765202385447,0.0,0.0,0.0,0.0,1.0,1.0
33,55,5.281293491201257,8.940097004506526,0.0,1.0,1.0,1.0,1.0,1.0
34,55,1.2746099642798208,4.294617271287671,0.0,0.0,1.0,1.0,1.0,1.0
35,55,10.198228735219772,6.164875754504498,0.0,1.0,1.0,0.0,1.0,1.0
36,55,11.115688239689216,0.6776541892488416,0.0,0.0,0.0,1.0,0.0,0.0
37,55,6.251315910390927,9.69737352638522,1.0,0.0,1.0,0.0,0.0,0.0
38,55,2.004050706954793,11.006830102956773,1.0,1.0,1.0,0.0,1.0,0.0
39,55,8.755391386063291,10.358595024171509,0.0,0.0,0.0,0.0,0.0,1.0
0,60,10.565287845827052,2.373185087868125,1.0,1.0,0.0,0.0,0.0,0.0
1,60,11.785174078931297,5.297885717994867,0.0,0.0,1.0,0.0,0.0,0.0
2,60,0.900521329055614,11.20141543606329,1.0,1.0,0.0,0.0,1.0,1.0
3,60,3.22031765063405,3.016337964691288,0.0,0.0,0.0,0.0,0.0,0.0
4,60,0.3842499377935847,0.0,0.0,0.0,0.0,0.0,0.0,1.0
5,60,6.999143543335466,2.247993008592569,1.0,0.0,0.0,0.0,1.0,0.0
6,60,4.87197117870684,3.976774105896248,0.0,0.0,1.0,0.0,0.0,0.0
7,60,8.697266046206671,2.799257825890659,0.0,0.0,1.0,0.0,1.0,0.0
8,60,9.60775677991898,1.694448465864172,1.0,0.0,0.0,0.0,0.0,1.0
9,60,6.02583135932503,2.9093276191520965,0.0,1.0,1.0,0.0,0.0,0.0
10,60,10.097285218686286,7.406284394300331,0.0,0.0,0.0,0.0,0.0,0.0
11,60,0.2597890673504796,0.6127552772078144,0.0,0.0,0.0,0.0,0.0,0.0
12,60,4.897244357424678,11.171833142200471,1.0,0.0,1.0,0.0,0.0,0.0
13,60,11.089134479235382,5.264625493017194,0.0,0.0,1.0,0.0,0.0,1.0
14,60,2.114407702492069,3.110559374858844,1.0,1.0,0.0,0.0,1.0,1.0
15,60,10.596778550628263,7.138971026832873,0.0,0.0,0.0,1.0,1.0,1.0
16,60,0.9225300966231892,5.777576110363463,0.0,0.0,0.0,1.0,0.0,0.0
17,60,12.0,8.096042997753713,1.0,0.0,0.0,0.0,0.0,0.0
18,60,3.912207224701616,5.083997774123991,0.0,1.0,1.0,0.0,1.0,1.0
19,60,12.0,6.895779093584649,1.0,0.0,1.0,1.0,0.0,0.0
20,60,11.668038045262294,4.388165497181287,1.0,0.0,0.0,1.0,1.0,0.0
21,60,4.4069390233675705,0.2013460092333105,0.0,0.0,0.0,0.0,1.0,1.0
22,60,9.258128484990182,10.73436365214604,0.0,1.0,0.0,1.0,1.0,1.0
23,60,5.356455167886332,9.254795705558788,1.0,1.0,0.0,1.0,1.0,0.0
24,60,11.734383762305706,8.975796906502838,1.0,1.0,1.0,1.0,1.0,0.0
25,60,5.656863408056114,0.7361017899535317,0.0,0.0,1.0,0.0,0.0,1.0
26,60,2.102644709469586,8.658408964284197,0.0,1.0,0.0,0.0,0.0,0.0
27,60,10.694561092013908,2.2450747380653318,0.0,1.0,1.0,1.0,0.0,0.0
28,60,3.995716679668156,11.09061144240887,1.0,0.0,0.0,0.0,0.0,0.0
29,60,4.833279878405247,7.740827196120877,0.0,1.0,0.0,1.0,0.0,0.0
30,60,8.091182878249112,10.560395144728949,1.0,1.0,1.0,1.0,1.0,1.0
31,60,7.00706221404803,10.047623466032228,1.0,1.0,1.0,1.0,1.0,1.0
32,60,7.5845281496203825,8.561065779950994,0.0,0.0,0.0,0.0,1.0,1.0
33,60,5.275894202343758,8.94127569020708,0.0,1.0,1.0,1.0,1.0,1.0
34,60,1.3135572977315146,4.443194295978534,0.0,0.0,1.0,1.0,1.0,1.0
35,60,10.219790299307826,6.150819266981211,0.0,1.0,1.0,0.0,1.0,1.0
36,60,11.244461894442283,0.639738335739631,0.0,0.0,0.0,1.0,0.0,0.0
37,60,6.236515891488529,9.7151228271541,1.0,0.0,1.0,0.0,0.0,0.0
38,60,2.013379622123827,11.035445243385904,1.0,1.0,1.0,0.0,1.0,0.0
39,60,8.840045688332808,10.294988233303249,0.0,0.0,0.0,0.0,0.0,1.0
0,65,10.605247198200123,2.330837753981739,1.0,1.0,0.0,0.0,0.0,0.0
1,65,11.773842844801203,5.260910818073667,0.0,0.0,1.0,0.0,0.0,0.0
2,65,0.8376251043827931,11.217134992306732,1.0,1.0,0.0,0.0,1.0,1.0
3,65,3.254635437767266,3.019626177267892,0.0,0.0,0.0,0.0,0.0,0.0
4,65,0.4286148435886463,0.0,0.0,0.0,0.0,0.0,0.0,1.0
5,65,6.998886010036752,2.242937761875749,1.0,0.0,0.0,0.0,1.0,0.0
6,65,4.813335425067584,3.9668979620434737,0.0,0.0,1.0,0.0,0.0,0.0
7,65,8.852996913442112,2.7769172763873704,0.0,0.0,1.0,0.0,1.0,0.0
8,65,9.602577344773522,1.6169625019240474,1.0,0.0,0.0,0.0,0.0,1.0
9,65,6.021759700463674,2.8993266880507167,0.0,1.0,1.0,0.0,0.0,0.0
10,65,10.100533730920494,7.419557661305816,0.0,0.0,0.0,0.0,0.0,0.0
11,65,0.2139000832766419,0.5881284867082611,0.0,0.0,0.0,0.0,0.0,0.0
12,65,4.879062271097006,11.208895823364696,1.0,0.0,1.0,0.0,0.0,0.0
13,65,10.993813176742846,5.294840587904735,0.0,0.0,1.0,0.0,0.0,1.0
14,65,2.15767010602515,3.150855665143506,1.0,1.0,0.0,0.0,1.0,1.0
15,65,10.592930099194724,7.129531978511227,0.0,0.0,0.0,1.0,1.0,1.0
16,65,0.9088526597231228,5.738397420977742,0.0,0.0,0.0,1.0,0.0,0.0
17,65,12.0,8.103485462436764,1.0,0.0,0.0,0.0,0.0,0.0
18,65,3.942435390256672,5.054738027433065,0.0,1.0,1.0,0.0,1.0,1.0
19,65,12.0,6.949459937786021,1.0,0.0,1.0,1.0,0.0,0.0
20,65,11.66613061088704,4.3906018286285695,1.0,0.0,0.0,1.0,1.0,0.0
21,65,4.417282387387477,0.2071230088132522,0.0,0.0,0.0,0.0,1.0,1.0
22,65,9.294833838981925,10.69401818393421,0.0,1.0,0.0,1.0,1.0,1.0
23,65,5.358051313319534,9.286209565353223,1.0,1.0,0.0,1.0,1.0,0.0
24,65,11.661504076387766,8.965933537646878,1.0,1.0,1.0,1.0,1.0,0.0
25,65,5.7271242218077525,0.7038716997468855,0.0,0.0,1.0,0.0,0.0,1.0
26,65,1.983688278354247,8.613496948437808,0.0,1.0,0.0,0.0,0.0,0.0
27,65,10.67236595147704,2.1981912756177664,0.0,1.0,1.0,1.0,0.0,0.0
28,65,3.9949000143264537,11.09906878321869,1.0,0.0,0.0,0.0,0.0,0.0
29,65,4.810158301972964,7.600800611795364,0.0,1.0,0.0,1.0,0.0,0.0
30,65,8.09061372341582,10.564360164758764,1.0,1.0,1.0,1.0,1.0,1.0
31,65,7.017357869509601,9.96656501449435,1.0,1.0,1.0,1.0,1.0,1.0
32,65,7.630052993419817,8.529520903412664,0.0,0.0,0.0,0.0,1.0,1.0
33,65,5.263530100280815,8.943924560133464,0.0,1.0,1.0,1.0,1.0,1.0
34,65,1.348714363958747,4.586863933829873,0.0,0.0,1.0,1.0,1.0,1.0
35,65,10.241044615789056,6.137006176284463,0.0,1.0,1.0,0.0,1.0,1.0
36,65,11.36030658583592,0.6044245037705237,0.0,0.0,0.0,1.0,0.0,0.0
37,65,6.204837088074921,9.753485755907404,1.0,0.0,1.0,0.0,0.0,0.0
38,65,2.022103687302061,11.061054535101718,1.0,1.0,1.0,0.0,1.0,0.0
39,65,8.904609679069027,10.387889114161188,0.0,0.0,0.0,0.0,0.0,1.0
0,70,10.654607059397756,2.278315662383807,1.0,1.0,0.0,0.0,0.0,0.0
1,70,11.77032052642081,5.250287177538235,0.0,0.0,1.0,0.0,0.0,0.0
2,70,0.7943209649546422,11.227859684320494,1.0,1.0,0.0,0.0,1.0,1.0
3,70,3.2969969304525177,3.023937217703706,0.0,0.0,0.0,0.0,0.0,0.0
4,70,0.4857034221580098,0.0,0.0,0.0,0.0,0.0,0.0,1.0
5,70,6.998378409399791,2.22769569699595,1.0,0.0,0.0,0.0,1.0,0.0
6,70,4.755694693539232,3.95746321285876,0.0,0.0,1.0,0.0,0.0,0.0
7,70,9.004191847074681,2.754476162850338,0.0,0.0,1.0,0.0,1.0,0.0
8,70,9.597894758375418,1.5591805469236075,1.0,0.0,0.0,0.0,0.0,1.0
9,70,6.022726841638487,2.9016305992582847,0.0,1.0,1.0,0.0,0.0,0.0
10,70,10.104607802406628,7.436857748911871,0.0,0.0,0.0,0.0,0.0,0.0
11,70,0.1857237714567901,0.573161732864233,0.0,0.0,0.0,0.0,0.0,0.0
12,70,4.868750437679141,11.229221976665997,1.0,0.0,1.0,0.0,0.0,0.0
13,70,10.907511188157608,5.3229417664649565,0.0,0.0,1.0,0.0,0.0,1.0
14,70,2.194579313601287,3.1854950445079595,1.0,1.0,0.0,0.0,1.0,1.0
15,70,10.586906886048874,7.11631956579912,0.0,0.0,0.0,1.0,1.0,1.0
16,70,0.8973836820096538,5.703441448309564,0.0,0.0,0.0,1.0,0.0,0.0
17,70,12.0,8.11230072808666,1.0,0.0,0.0,0.0,0.0,0.0
18,70,3.9763120384490542,5.021816032098185,0.0,1.0,1.0,0.0,1.0,1.0
19,70,12.0,7.008876277613355,1.0,0.0,1.0,1.0,0.0,0.0
20,70,11.673387984653898,4.3817190303005065,1.0,0.0,0.0,1.0,1.0,0.0
21,70,4.426616383670506,0.2120847590684665,0.0,0.0,0.0,0.0,1.0,1.0
22,70,9.324673560258688,10.66081893277681,0.0,1.0,0.0,1.0,1.0,1.0
23,70,5.359043568040477,9.317668641267469,1.0,1.0,0.0,1.0,1.0,0.0
24,70,11.574806483386585,8.954267151109947,1.0,1.0,1.0,1.0,1.0,0.0
25,70,5.795009878580204,0.6701942193215829,0.0,0.0,1.0,0.0,0.0,1.0
26,70,1.8545067554342416,8.564169408375827,0.0,1.0,0.0,0.0,0.0,0.0
27,70,10.65265485356503,2.1568378679627664,0.0,1.0,1.0,1.0,0.0,0.0
28,70,3.9934936625265736,11.110977218909625,1.0,0.0,0.0,0.0,0.0,0.0
29,70,4.790091955600083,7.471157960142468,0.0,1.0,0.0,1.0,0.0,0.0
30,70,8.086436018420079,10.59769972270398,1.0,1.0,1.0,1.0,1.0,1.0
31,70,7.027209220382408,9.876598744640814,1.0,1.0,1.0,1.0,1.0,1.0
32,70,7.66552518479561,8.505572226000254,0.0,0.0,0.0,0.0,1.0,1.0
33,70,5.25841726872031,8.945130608791242,0.0,1.0,1.0,1.0,1.0,1.0
34,70,1.3944863671886578,4.747629807170439,0.0,0.0,1.0,1.0,1.0,1.0
35,70,10.239646977390253,6.137867161899034,0.0,1.0,1.0,0.0,1.0,1.0
36,70,11.484253456249096,0.566728438531362,0.0,0.0,0.0,1.0,0.0,0.0
37,70,6.171306775553426,9.794595793810512,1.0,0.0,1.0,0.0,0.0,0.0
38,70,2.0313083510310115,11.088417128475632,1.0,1.0,1.0,0.0,1.0,0.0
39,70,8.97549694940839,10.486449903315318,0.0,0.0,0.0,0.0,0.0,1.0
0,75,10.697109091228311,2.235695349239688,1.0,1.0,0.0,0.0,0.0,0.0
1,75,11.77019368109489,5.249881703893394,0.0,0.0,1.0,0.0,0.0,0.0
2,75,0.7556994797349927,11.236853967923157,1.0,1.0,0.0,0.0,1.0,1.0
3,75,3.324459148054945,3.026212629695428,0.0,0.0,0.0,0.0,0.0,0.0
4,75,0.5666384144809671,0.0,0.0,0.0,0.0,0.0,0.0,1.0
5,75,6.997858394173286,2.204575023293724,1.0,0.0,0.0,0.0,1.0,0.0
6,75,4.706597613856787,3.950582676194769,0.0,0.0,1.0,0.0,0.0,0.0
7,75,9.160528608567535,2.728980826568405,0.0,0.0,1.0,0.0,1.0,0.0
8,75,9.595067866081786,1.5170623908211236,1.0,0.0,0.0,0.0,0.0,1.0
9,75,6.010945801746292,2.874868355372084,0.0,1.0,1.0,0.0,0.0,0.0
10,75,10.107935471426163,7.450011373414175,0.0,0.0,0.0,0.0,0.0,0.0
11,75,0.1522213618283126,0.5559685706167758,0.0,0.0,0.0,0.0,0.0,0.0
12,75,4.871521922699368,11.223529497315212,1.0,0.0,1.0,0.0,0.0,0.0
13,75,10.830757301267536,5.348297248902485,0.0,0.0,1.0,0.0,0.0,1.0
14,75,2.245248270619606,3.2348124732903147,1.0,1.0,0.0,0.0,1.0,1.0
15,75,10.580310232501596,7.101522345186043,0.0,0.0,0.0,1.0,1.0,1.0
16,75,0.8866485828691214,5.669291791843802,0.0,0.0,0.0,1.0,0.0,0.0
17,75,12.0,8.123137319781728,1.0,0.0,0.0,0.0,0.0,0.0
18,75,4.015303713004577,4.983126459992196,0.0,1.0,1.0,0.0,1.0,1.0
19,75,12.0,7.050948268730075,1.0,0.0,1.0,1.0,0.0,0.0
20,75,11.675138538070325,4.379664137706492,1.0,0.0,0.0,1.0,1.0,0.0
21,75,4.435566256082287,0.2164485455164678,0.0,0.0,0.0,0.0,1.0,1.0
22,75,9.357751771615556,10.622196550145246,0.0,1.0,0.0,1.0,1.0,1.0
23,75,5.359672046815533,9.343646055806635,1.0,1.0,0.0,1.0,1.0,0.0
24,75,11.49245331618574,8.94153221108796,1.0,1.0,1.0,1.0,1.0,0.0
25,75,5.882289230255318,0.6291902769488706,0.0,0.0,1.0,0.0,0.0,1.0
26,75,1.7185331399520671,8.508480653251409,0.0,1.0,0.0,0.0,0.0,0.0
27,75,10.638190039519309,2.1252106192704616,0.0,1.0,1.0,1.0,0.0,0.0
28,75,3.994516844617896,11.10384575980837,1.0,0.0,0.0,0.0,0.0,0.0
29,75,4.774886643903798,7.350992014637685,0.0,1.0,0.0,1.0,0.0,0.0
30,75,8.082763525535375,10.6300276689251,1.0,1.0,1.0,1.0,1.0,1.0
31,75,7.040512335030506,9.766934083912622,1.0,1.0,1.0,1.0,1.0,1.0
32,75,7.698870345065481,8.484239726887251,0.0,0.0,0.0,0.0,1.0,1.0
33,75,5.269947076874321,8.942238641202943,0.0,1.0,1.0,1.0,1.0,1.0
34,75,1.429315715396243,4.886707826154307,0.0,0.0,1.0,1.0,1.0,1.0
35,75,10.231374540723728,6.142710041797075,0.0,1.0,1.0,0.0,1.0,1.0
36,75,11.606981420969982,0.5283624337846253,0.0,0.0,0.0,1.0,0.0,0.0
37,75,6.1291684166547125,9.84899687944202,1.0,0.0,1.0,0.0,0.0,0.0
38,75,2.0370510993798323,11.104274542519796,1.0,1.0,1.0,0.0,1.0,0.0
39,75,9.037406585635008,10.577804257035051,0.0,0.0,0.0,0.0,0.0,1.0
0,80,10.734919790824977,2.1968806571176605,1.0,1.0,0.0,0.0,0.0,0.0
1,80,11.762440674348412,5.226319392284816,0.0,0.0,1.0,0.0,0.0,0.0
2,80,0.7049446735707886,11.249238892567698,1.0,1.0,0.0,0.0,1.0,1.0
3,80,3.3472054713958364,3.027949989812788,0.0,0.0,0.0,0.0,0.0,0.0
4,80,0.6406291025352794,0.0,0.0,0.0,0.0,0.0,0.0,1.0
5,80,6.997848399071135,2.2035486839450007,1.0,0.0,0.0,0.0,1.0,0.0
6,80,4.649460777902332,3.94107383599734,0.0,0.0,1.0,0.0,0.0,0.0
7,80,9.313932062513414,2.7102649032825843,0.0,0.0,1.0,0.0,1.0,0.0
8,80,9.591088499829905,1.461287608706217,1.0,0.0,0.0,0.0,0.0,1.0
9,80,5.9991481285942445,2.850954001867855,0.0,1.0,1.0,0.0,0.0,0.0
10,80,10.111067516757265,7.46228177780135,0.0,0.0,0.0,0.0,0.0,0.0
11,80,0.1170116300152502,0.5375762092351632,0.0,0.0,0.0,0.0,0.0,0.0
12,80,4.871549628706572,11.223471020733962,1.0,0.0,1.0,0.0,0.0,0.0
13,80,10.732663279845708,5.37799627652396,0.0,0.0,1.0,0.0,0.0,1.0
14,80,2.28483600199698,3.272840701449516,1.0,1.0,0.0,0.0,1.0,1.0
15,80,10.5811091292976,7.103376083073637,0.0,0.0,0.0,1.0,1.0,1.0
16,80,0.8725993786889356,5.623207876608479,0.0,0.0,0.0,1.0,0.0,0.0
17,80,12.0,8.12906023466839,1.0,0.0,0.0,0.0,0.0,0.0
18,80,4.073265026559924,4.924019406615432,0.0,1.0,1.0,0.0,1.0,1.0
19,80,12.0,7.10300389230215,1.0,0.0,1.0,1.0,0.0,0.0
20,80,11.66444292664274,4.3927860136750985,1.0,0.0,0.0,1.0,1.0,0.0
21,80,4.434476357123777,0.2159315411428445,0.0,0.0,0.0,0.0,1.0,1.0
22,80,9.394263969759278,10.577837410868684,0.0,1.0,0.0,1.0,1.0,1.0
23,80,5.359326755563484,9.382021655006572,1.0,1.0,0.0,1.0,1.0,0.0
24,80,11.420804313904878,8.929381552009707,1.0,1.0,1.0,1.0,1.0,0.0
25,80,6.00207625409909,0.5732284322028978,0.0,0.0,1.0,0.0,0.0,1.0
26,80,1.6611646374351758,8.641099714598564,0.0,1.0,0.0,0.0,0.0,0.0
27,80,10.63056877866906,2.1070894026735933,0.0,1.0,1.0,1.0,0.0,0.0
28,80,3.99434697459462,11.105013971760425,1.0,0.0,0.0,0.0,0.0,0.0
29,80,4.758714389568787,7.214880609354895,0.0,1.0,0.0,1.0,0.0,0.0
30,80,8.079808014317637,10.670212397367427,1.0,1.0,1.0,1.0,1.0,1.0
31,80,7.05559237814867,9.651996525406323,1.0,1.0,1.0,1.0,1.0,1.0
32,80,7.730569204015631,8.464722034107877,0.0,0.0,0.0,0.0,1.0,1.0
33,80,5.268617591760386,8.942570302734214,0.0,1.0,1.0,1.0,1.0,1.0
34,80,1.461810256424093,5.01257466078955,0.0,0.0,1.0,1.0,1.0,1.0
35,80,10.22135300153803,6.148766875414339,0.0,1.0,1.0,0.0,1.0,1.0
36,80,11.730819670868572,0.4894170907961506,0.0,0.0,0.0,1.0,0.0,0.0
37,80,6.074792822131291,9.915135031069653,1.0,0.0,1.0,0.0,0.0,0.0
38,80,2.049948667213518,11.139392112818372,1.0,1.0,1.0,0.0,1.0,0.0
39,80,9.102042648455775,10.67387483352372,0.0,0.0,0.0,0.0,0.0,1.0
0,85,10.79782258838936,2.133268621910823,1.0,1.0,0.0,0.0,0.0,0.0
1,85,11.758613795258444,5.214096006602023,0.0,0.0,1.0,0.0,0.0,0.0
2,85,0.6500823248425223,11.26364909449608,1.0,1.0,0.0,0.0,1.0,1.0
3,85,3.3483992199737105,3.016661555827369,0.0,0.0,0.0,0.0,0.0,0.0
4,85,0.7155795290188329,0.0,0.0,0.0,0.0,0.0,0.0,1.0
5,85,6.997731935094321,2.193062664138324,1.0,0.0,0.0,0.0,1.0,0.0
6,85,4.590572183658047,3.931220898826583,0.0,0.0,1.0,0.0,0.0,0.0
7,85,9.475757542879675,2.6923464235924293,0.0,0.0,1.0,0.0,1.0,0.0
8,85,9.588549815134073,1.4235364608480714,1.0,0.0,0.0,0.0,0.0,1.0
9,85,5.9663802761676905,2.786616292203988,0.0,1.0,1.0,0.0,0.0,0.0
10,85,10.113802050040086,7.472536407165485,0.0,0.0,0.0,0.0,0.0,0.0
11,85,0.0874967330836801,0.5225856350169052,0.0,0.0,0.0,0.0,0.0,0.0
12,85,4.869154562701586,11.229006939586398,1.0,0.0,1.0,0.0,0.0,0.0
13,85,10.630515037790056,5.409717964646178,0.0,0.0,1.0,0.0,0.0,1.0
14,85,2.317979444251572,3.3043986378984003,1.0,1.0,0.0,0.0,1.0,1.0
15,85,10.585513253669864,7.113740154002722,0.0,0.0,0.0,1.0,1.0,1.0
16,85,0.8481037985275856,5.547293597005007,0.0,0.0,0.0,1.0,0.0,0.0
17,85,12.0,8.136271932051912,1.0,0.0,0.0,0.0,0.0,0.0
18,85,4.132537563572276,4.865411404520428,0.0,1.0,1.0,0.0,1.0,1.0
19,85,12.0,7.150665281226669,1.0,0.0,1.0,1.0,0.0,0.0
20,85,11.648749459887409,4.411031981628502,1.0,0.0,0.0,1.0,1.0,0.0
21,85,4.4409077535735735,0.2188767169433863,0.0,0.0,0.0,0.0,1.0,1.0
22,85,9.429157631974467,10.535444325405727,0.0,1.0,0.0,1.0,1.0,1.0
23,85,5.359795094442867,9.4374329720373,1.0,1.0,0.0,1.0,1.0,0.0
24,85,11.346679251942676,8.9178681847749,1.0,1.0,1.0,1.0,1.0,0.0
25,85,6.121520456399325,0.5151774675097028,0.0,0.0,1.0,0.0,0.0,1.0
26,85,1.6041094941418463,8.775905584458247,0.0,1.0,0.0,0.0,0.0,0.0
27,85,10.622535257925415,2.088016241666294,0.0,1.0,1.0,1.0,0.0,0.0
28,85,3.9900993518235817,11.133752659513773,1.0,0.0,0.0,0.0,0.0,0.0
29,85,4.743420684930177,7.09494055805937,0.0,1.0,0.0,1.0,0.0,0.0
30,85,8.076360377463052,10.704137518203954,1.0,1.0,1.0,1.0,1.0,1.0
31,85,7.073283733399865,9.527303163251378,1.0,1.0,1.0,1.0,1.0,1.0
32,85,7.751389398924116,8.451864492106424,0.0,0.0,0.0,0.0,1.0,1.0
33,85,5.280592344424652,8.94006694680321,0.0,1.0,1.0,1.0,1.0,1.0
34,85,1.4940188588128678,5.132488317762487,0.0,0.0,1.0,1.0,1.0,1.0
35,85,10.20521679528388,6.158120094567341,0.0,1.0,1.0,0.0,1.0,1.0
36,85,11.865536307923122,0.4467957630579813,0.0,0.0,0.0,1.0,0.0,0.0
37,85,6.0349190985704055,9.96581125828695,1.0,0.0,1.0,0.0,0.0,0.0
38,85,2.0705362488112877,11.194034085348692,1.0,1.0,1.0,0.0,1.0,0.0
39,85,9.183823221759347,10.789240186449325,0.0,0.0,0.0,0.0,0.0,1.0
0,90,10.858431730871958,2.0749399412168605,1.0,1.0,0.0,0.0,0.0,0.0
1,90,11.752545808586005,5.194139728812275,0.0,0.0,1.0,0.0,0.0,0.0
2,90,0.5840119617474984,11.281474269499876,1.0,1.0,0.0,0.0,1.0,1.0
3,90,3.3515926300303223,2.994181991433711,0.0,0.0,0.0,0.0,0.0,0.0
4,90,0.7792074878330483,0.0,0.0,0.0,0.0,0.0,0.0,1.0
5,90,6.997464185157986,2.171735310679354,1.0,0.0,0.0,0.0,1.0,0.0
6,90,4.533862852096446,3.919897323250544,0.0,0.0,1.0,0.0,0.0,0.0
7,90,9.65361418113647,2.679552654329868,0.0,0.0,1.0,0.0,1.0,0.0
8,90,9.585220778042189,1.3855187077278128,1.0,0.0,0.0,0.0,0.0,1.0
9,90,5.924081823201463,2.7038206232420032,0.0,1.0,1.0,0.0,0.0,0.0
10,90,10.11462323031352,7.475721993745393,0.0,0.0,0.0,0.0,0.0,0.0
11,90,0.0640572369272307,0.5097670878987233,0.0,0.0,0.0,0.0,0.0,0.0
12,90,4.874941001744582,11.21634142461316,1.0,0.0,1.0,0.0,0.0,0.0
13,90,10.510733149894676,5.447559455827973,0.0,0.0,1.0,0.0,0.0,1.0
14,90,2.3378461082022626,3.323109394868258,1.0,1.0,0.0,0.0,1.0,1.0
15,90,10.590320342334872,7.124844131116217,0.0,0.0,0.0,1.0,1.0,1.0
16,90,0.8185351174813897,5.466755593668544,0.0,0.0,0.0,1.0,0.0,0.0
17,90,12.0,8.153613946618778,1.0,0.0,0.0,0.0,0.0,0.0
18,90,4.186145197307303,4.8115191484163295,0.0,1.0,1.0,0.0,1.0,1.0
19,90,12.0,7.216155432533363,1.0,0.0,1.0,1.0,0.0,0.0
20,90,11.618862708846704,4.446048623598018,1.0,0.0,0.0,1.0,1.0,0.0
21,90,4.441299638979033,0.2190393857337052,0.0,0.0,0.0,0.0,1.0,1.0
22,90,9.459697470829491,10.49572676096762,0.0,1.0,0.0,1.0,1.0,1.0
23,90,5.360099474149509,9.47764219831447,1.0,1.0,0.0,1.0,1.0,0.0
24,90,11.2793818393383,8.905905626162024,1.0,1.0,1.0,1.0,1.0,0.0
25,90,6.235062111770909,0.4629488887028155,0.0,0.0,1.0,0.0,0.0,1.0
26,90,1.544877892178507,8.92403420453591,0.0,1.0,0.0,0.0,0.0,0.0
27,90,10.62020507922715,2.0827371727532222,0.0,1.0,1.0,1.0,0.0,0.0
28,90,3.987988374336219,11.155372431397511,1.0,0.0,0.0,0.0,0.0,0.0
29,90,4.722779250320588,6.962870913613086,0.0,1.0,0.0,1.0,0.0,0.0
30,90,8.070716426326975,10.745925527915556,1.0,1.0,1.0,1.0,1.0,1.0
31,90,7.094966922954805,9.399897744372518,1.0,1.0,1.0,1.0,1.0,1.0
32,90,7.770783923352724,8.440159153614692,0.0,0.0,0.0,0.0,1.0,1.0
33,90,5.266890593827234,8.943276547809662,0.0,1.0,1.0,1.0,1.0,1.0
34,90,1.523758384223783,5.2428067892978,0.0,0.0,1.0,1.0,1.0,1.0
35,90,10.189738936957916,6.1669908565410925,0.0,1.0,1.0,0.0,1.0,1.0
36,90,12.0,0.3993536507996497,0.0,0.0,0.0,1.0,0.0,0.0
37,90,5.99856506913266,10.0117924023008,1.0,0.0,1.0,0.0,0.0,0.0
38,90,2.0904017484607382,11.251311877519331,1.0,1.0,1.0,0.0,1.0,0.0
39,90,9.277447275784704,10.915649033008544,0.0,0.0,0.0,0.0,0.0,1.0
0,95,10.925686216423262,2.00904912786539,1.0,1.0,0.0,0.0,0.0,0.0
1,95,11.75027040529454,5.186638384210442,0.0,0.0,1.0,0.0,0.0,0.0
2,95,0.515869631837669,11.299088436686633,1.0,1.0,0.0,0.0,1.0,1.0
3,95,3.355751687573481,2.964115727900163,0.0,0.0,0.0,0.0,0.0,0.0
4,95,0.7849327406421697,0.0429775335603869,0.0,0.0,0.0,0.0,0.0,1.0
5,95,6.996526656208564,2.1478561035488304,1.0,0.0,0.0,0.0,1.0,0.0
6,95,4.468063166562192,3.905704471097632,0.0,0.0,1.0,0.0,0.0,0.0
7,95,9.822246320266649,2.6672083430239395,0.0,0.0,1.0,0.0,1.0,0.0
8,95,9.583628922792888,1.3699992895408828,1.0,0.0,0.0,0.0,0.0,1.0
9,95,5.883515476674451,2.616399584666712,0.0,1.0,1.0,0.0,0.0,0.0
10,95,10.111705918996062,7.464263495384416,0.0,0.0,0.0,0.0,0.0,0.0
11,95,0.0483081938300967,0.501075607264147,0.0,0.0,0.0,0.0,0.0,0.0
12,95,4.881965568628582,11.20088093296806,1.0,0.0,1.0,0.0,0.0,0.0
13,95,10.403892567507556,5.482526674310579,0.0,0.0,1.0,0.0,0.0,1.0
14,95,2.357100741726138,3.3409529890213747,1.0,1.0,0.0,0.0,1.0,1.0
15,95,10.592568133542212,7.129499230752887,0.0,0.0,0.0,1.0,1.0,1.0
16,95,0.7953019851038913,5.402124241007988,0.0,0.0,0.0,1.0,0.0,0.0
17,95,12.0,8.170560105510557,1.0,0.0,0.0,0.0,0.0,0.0
18,95,4.246209124784652,4.751720274230132,0.0,1.0,1.0,0.0,1.0,1.0
19,95,12.0,7.287057658741743,1.0,0.0,1.0,1.0,0.0,0.0
20,95,11.596906072391148,4.472730210446089,1.0,0.0,0.0,1.0,1.0,0.0
21,95,4.4334448827546735,0.2156662056869882,0.0,0.0,0.0,0.0,1.0,1.0
22,95,9.487803043226071,10.459154905303,0.0,1.0,0.0,1.0,1.0,1.0
23,95,5.363138366541507,9.547727060363512,1.0,1.0,0.0,1.0,1.0,0.0
24,95,11.201975405415,8.891409178276772,1.0,1.0,1.0,1.0,1.0,0.0
25,95,6.351046671524929,0.4126993239911928,0.0,0.0,1.0,0.0,0.0,1.0
26,95,1.4793100261497276,9.07612642903506,0.0,1.0,0.0,0.0,0.0,0.0
27,95,10.62200564334935,2.086764184852916,0.0,1.0,1.0,1.0,0.0,0.0
28,95,3.98417012853614,11.185368781689611,1.0,0.0,0.0,0.0,0.0,0.0
29,95,4.704470503537414,6.844398739289299,0.0,1.0,0.0,1.0,0.0,0.0
30,95,8.060834121912265,10.816425859652046,1.0,1.0,1.0,1.0,1.0,1.0
31,95,6.970277164481922,9.381424279055938,1.0,1.0,1.0,1.0,1.0,1.0
32,95,7.774083745759415,8.438251070610866,0.0,0.0,0.0,0.0,1.0,1.0
33,95,5.230132625171884,8.952776094625927,0.0,1.0,1.0,1.0,1.0,1.0
34,95,1.5493756816455253,5.3377108521056496,0.0,0.0,1.0,1.0,1.0,1.0
35,95,10.17300378851929,6.176454837911433,0.0,1.0,1.0,0.0,1.0,1.0
36,95,12.0,0.3540596129540135,0.0,0.0,0.0,1.0,0.0,0.0
37,95,6.065587558635687,10.061032240555624,1.0,0.0,1.0,0.0,0.0,0.0
38,95,2.110599441966602,11.30790550520318,1.0,1.0,1.0,0.0,1.0,0.0
39,95,9.35255231961438,11.026336247450429,0.0,0.0,0.0,0.0,0.0,1.0
0,100,11.005047331847516,1.933261354838324,1.0,1.0,0.0,0.0,0.0,0.0
1,100,11.752282968870247,5.193367412550076,0.0,0.0,1.0,0.0,0.0,0.0
2,100,0.446893943687084,11.318451048852411,1.0,1.0,0.0,0.0,1.0,1.0
3,100,3.358571587859472,2.9430012482726537,0.0,0.0,0.0,0.0,0.0,0.0
4,100,0.7920455674791363,0.0980461954881086,0.0,0.0,0.0,0.0,0.0,1.0
5,100,6.995348262819054,2.126595091181914,1.0,0.0,0.0,0.0,1.0,0.0
6,100,4.407183855022625,3.892624016088081,0.0,0.0,1.0,0.0,0.0,0.0
7,100,10.01932600720439,2.651055721577527,0.0,0.0,1.0,0.0,1.0,0.0
8,100,9.58194092742805,1.350088352128128,1.0,0.0,0.0,0.0,0.0,1.0
9,100,5.845182787190228,2.533327441222913,0.0,1.0,1.0,0.0,0.0,0.0
10,100,10.1082650448459,7.448985433766878,0.0,0.0,0.0,0.0,0.0,0.0
11,100,0.0344327315362908,0.4935116255342917,0.0,0.0,0.0,0.0,0.0,0.0
12,100,4.89234728542787,11.177871644541089,1.0,0.0,1.0,0.0,0.0,0.0
13,100,10.3056819561711,5.518906997617738,0.0,0.0,1.0,0.0,0.0,1.0
14,100,2.3661581851535387,3.34924307779066,1.0,1.0,0.0,0.0,1.0,1.0
15,100,10.600311644632942,7.145524296654338,0.0,0.0,0.0,1.0,1.0,1.0
16,100,0.7719646893787968,5.338667931086595,0.0,0.0,0.0,1.0,0.0,0.0
17,100,12.0,8.188929209007672,1.0,0.0,0.0,0.0,0.0,0.0
18,100,4.280593794600619,4.718296048620557,0.0,1.0,1.0,0.0,1.0,1.0
19,100,12.0,7.348457745742015,1.0,0.0,1.0,1.0,0.0,0.0
20,100,11.59216710747616,4.478687576586798,1.0,0.0,0.0,1.0,1.0,0.0
21,100,4.3965851976870765,0.1994399418104243,0.0,0.0,0.0,0.0,1.0,1.0
22,100,9.510556974221933,10.428931991832687,0.0,1.0,0.0,1.0,1.0,1.0
23,100,5.366069507238001,9.63064965887958,1.0,1.0,0.0,1.0,1.0,0.0
24,100,11.114486909204173,8.87471046010292,1.0,1.0,1.0,1.0,1.0,0.0
25,100,6.4512805276824565,0.37037646503054,0.0,0.0,1.0,0.0,0.0,1.0
26,100,1.412802407011461,9.216992377374094,0.0,1.0,0.0,0.0,0.0,0.0
27,100,10.62410726648126,2.09151992480872,0.0,1.0,1.0,1.0,0.0,0.0
28,100,3.980725151856284,11.228627521408454,1.0,0.0,0.0,0.0,0.0,0.0
29,100,4.6828316015885285,6.723087547607441,0.0,1.0,0.0,1.0,0.0,0.0
30,100,8.048157957657875,10.888010652934872,1.0,1.0,1.0,1.0,1.0,1.0
31,100,6.840456814074555,9.359424213509042,1.0,1.0,1.0,1.0,1.0,1.0
32,100,7.7832017005888865,8.433370528914775,0.0,0.0,0.0,0.0,1.0,1.0
33,100,5.197313771409559,8.961160166517343,0.0,1.0,1.0,1.0,1.0,1.0
34,100,1.5739001578987375,5.422342110215201,0.0,0.0,1.0,1.0,1.0,1.0
35,100,10.151270976960191,6.1878968019124345,0.0,1.0,1.0,0.0,1.0,1.0
36,100,12.0,0.3111559374214749,0.0,0.0,0.0,1.0,0.0,0.0
37,100,6.122424608111834,10.101840491537224,1.0,0.0,1.0,0.0,0.0,0.0
38,100,2.131391403414587,11.3663905612122,1.0,1.0,1.0,0.0,1.0,0.0
39,100,9.42698946084033,11.13963013380248,0.0,0.0,0.0,0.0,0.0,1.0
0,105,11.087417194523802,1.85117100666424,1.0,1.0,0.0,0.0,0.0,0.0
1,105,11.749047505745931,5.182006827705159,0.0,0.0,1.0,0.0,0.0,0.0
2,105,0.4272365692700847,11.249036986484787,1.0,1.0,0.0,0.0,1.0,1.0
3,105,3.362077926565351,2.920918206580648,0.0,0.0,0.0,0.0,0.0,0.0
4,105,0.7978161996633998,0.138412652576329,0.0,0.0,0.0,0.0,0.0,1.0
5,105,6.995541256506322,2.12905423587533,1.0,0.0,0.0,0.0,1.0,0.0
6,105,4.350665000165853,3.88201419225009,0.0,0.0,1.0,0.0,0.0,0.0
7,105,10.194578371719416,2.640208931333824,0.0,0.0,1.0,0.0,1.0,0.0
8,105,9.582114211169069,1.3517595064823058,1.0,0.0,0.0,0.0,0.0,1.0
9,105,5.806948399359284,2.4529137057538875,0.0,1.0,1.0,0.0,0.0,0.0
10,105,10.103671005039914,7.426078512064355,0.0,0.0,0.0,0.0,0.0,0.0
11,105,0.0249836762033629,0.4882546397803538,0.0,0.0,0.0,0.0,0.0,0.0
12,105,4.902968936003723,11.15428066614275,1.0,0.0,1.0,0.0,0.0,0.0
13,105,10.214499190599584,5.551807670866111,0.0,0.0,1.0,0.0,0.0,1.0
14,105,2.387923642458141,3.3682702645784293,1.0,1.0,0.0,0.0,1.0,1.0
15,105,10.603790627923004,7.152273589744629,0.0,0.0,0.0,1.0,1.0,1.0
16,105,0.7429232334070552,5.260986399439003,0.0,0.0,0.0,1.0,0.0,0.0
17,105,12.0,8.205048697791984,1.0,0.0,0.0,0.0,0.0,0.0
18,105,4.315370785466092,4.683825106729175,0.0,1.0,1.0,0.0,1.0,1.0
19,105,12.0,7.422811262936899,1.0,0.0,1.0,1.0,0.0,0.0
20,105,11.58952481475898,4.482036811279578,1.0,0.0,0.0,1.0,1.0,0.0
21,105,4.353091049030734,0.1799680373694149,0.0,0.0,0.0,0.0,1.0,1.0
22,105,9.517025500869536,10.420282449178073,0.0,1.0,0.0,1.0,1.0,1.0
23,105,5.3714578567851134,9.727659959384376,1.0,1.0,0.0,1.0,1.0,0.0
24,105,11.037118736148235,8.861242196975814,1.0,1.0,1.0,1.0,1.0,0.0
25,105,6.557486351936737,0.3252833914538621,0.0,0.0,1.0,0.0,0.0,1.0
26,105,1.3490249235737732,9.361281726763014,0.0,1.0,0.0,0.0,0.0,0.0
27,105,10.62941285105472,2.104547610896458,0.0,1.0,1.0,1.0,0.0,0.0
28,105,3.976392378945049,11.27685631323974,1.0,0.0,0.0,0.0,0.0,0.0
29,105,4.665648821780986,6.61285683261034,0.0,1.0,0.0,1.0,0.0,0.0
30,105,8.08599600615273,10.895107613677606,1.0,1.0,1.0,1.0,1.0,1.0
31,105,6.712987647772662,9.3360879185218,1.0,1.0,1.0,1.0,1.0,1.0
32,105,7.783502284563768,8.43319791025456,0.0,0.0,0.0,0.0,1.0,1.0
33,105,5.156952328804542,8.971561932584306,0.0,1.0,1.0,1.0,1.0,1.0
34,105,1.5948045355732214,5.497732042858921,0.0,0.0,1.0,1.0,1.0,1.0
35,105,10.098440726427707,6.215379501468893,0.0,1.0,1.0,0.0,1.0,1.0
36,105,12.0,0.2804322610150345,0.0,0.0,0.0,1.0,0.0,0.0
37,105,6.186460088445486,10.147091614210623,1.0,0.0,1.0,0.0,0.0,0.0
38,105,2.1540215487943257,11.431549176537567,1.0,1.0,1.0,0.0,1.0,0.0
39,105,9.49564917362847,11.246402225931108,0.0,0.0,0.0,0.0,0.0,1.0
0,110,11.169421385905112,1.7693157909372692,1.0,1.0,0.0,0.0,0.0,0.0
1,110,11.75037390153361,5.1871693223797175,0.0,0.0,1.0,0.0,0.0,0.0
2,110,0.4062966086357646,11.177121279512706,1.0,1.0,0.0,0.0,1.0,1.0
3,110,3.36398773603962,2.9084175681761746,0.0,0.0,0.0,0.0,0.0,0.0
4,110,0.8029825560386447,0.173480110353784,0.0,0.0,0.0,0.0,0.0,1.0
5,110,6.996562195824191,2.13957433173634,1.0,0.0,0.0,0.0,1.0,0.0
6,110,4.286187922619061,3.87140472258582,0.0,0.0,1.0,0.0,0.0,0.0
7,110,10.360453347757804,2.631574869818474,0.0,0.0,1.0,0.0,1.0,0.0
8,110,9.582789365449724,1.3588289852573918,1.0,0.0,0.0,0.0,0.0,1.0
9,110,5.768763619860099,2.3656976138891204,0.0,1.0,1.0,0.0,0.0,0.0
10,110,10.097919231505808,7.399570302287559,0.0,0.0,0.0,0.0,0.0,0.0
11,110,0.0178380592265858,0.4842337056735974,0.0,0.0,0.0,0.0,0.0,0.0
12,110,4.906726383641071,11.146076423674508,1.0,0.0,1.0,0.0,0.0,0.0
13,110,10.115407424969074,5.584570446137404,0.0,0.0,1.0,0.0,0.0,1.0
14,110,2.4143093909133118,3.391649808018627,1.0,1.0,0.0,0.0,1.0,1.0
15,110,10.599571065364485,7.144426444541125,0.0,0.0,0.0,1.0,1.0,1.0
16,110,0.7069702177982459,5.160449791844012,0.0,0.0,0.0,1.0,0.0,0.0
17,110,12.0,8.218033795890266,1.0,0.0,0.0,0.0,0.0,0.0
18,110,4.354042541440909,4.646927332416113,0.0,1.0,1.0,0.0,1.0,1.0
19,110,12.0,7.47526559220378,1.0,0.0,1.0,1.0,0.0,0.0
20,110,11.57317409390754,4.502005269892104,1.0,0.0,0.0,1.0,1.0,0.0
21,110,4.332781218041722,0.1709371830463693,0.0,0.0,0.0,0.0,1.0,1.0
22,110,9.524744143507556,10.409831911184472,0.0,1.0,0.0,1.0,1.0,1.0
23,110,5.376012138723066,9.830484072017846,1.0,1.0,0.0,1.0,1.0,0.0
24,110,10.952769425877088,8.847519808379854,1.0,1.0,1.0,1.0,1.0,0.0
25,110,6.640632469474745,0.289435750823396,0.0,0.0,1.0,0.0,0.0,1.0
26,110,1.2818341722464148,9.515449250107714,0.0,1.0,0.0,0.0,0.0,0.0
27,110,10.625084528304278,2.093943193469132,0.0,1.0,1.0,1.0,0.0,0.0
28,110,3.972934356219379,11.321333279126542,1.0,0.0,0.0,0.0,0.0,0.0
29,110,4.645916077799125,6.483923971052327,0.0,1.0,0.0,1.0,0.0,0.0
30,110,8.105415199512054,10.898376528762988,1.0,1.0,1.0,1.0,1.0,1.0
31,110,6.595901609269244,9.315547754963964,1.0,1.0,1.0,1.0,1.0,1.0
32,110,7.779236295619091,8.43580093281739,0.0,0.0,0.0,0.0,1.0,1.0
33,110,5.132630332744281,8.977292896064407,0.0,1.0,1.0,1.0,1.0,1.0
34,110,1.6139885929586812,5.569341838991492,0.0,0.0,1.0,1.0,1.0,1.0
35,110,10.058108135733404,6.236378337981988,0.0,1.0,1.0,0.0,1.0,1.0
36,110,12.0,0.2515706939476438,0.0,0.0,0.0,1.0,0.0,0.0
37,110,6.2410533759210205,10.186293855747898,1.0,0.0,1.0,0.0,0.0,0.0
38,110,2.1728117853732187,11.493319501952326,1.0,1.0,1.0,0.0,1.0,0.0
39,110,9.572967409357188,11.363380017666897,0.0,0.0,0.0,0.0,0.0,1.0
0,115,11.26143500930802,1.6725270106006145,1.0,1.0,0.0,0.0,0.0,0.0
1,115,11.74910219144136,5.181427108008257,0.0,0.0,1.0,0.0,0.0,0.0
2,115,0.3893371102480151,11.109712137680717,1.0,1.0,0.0,0.0,1.0,1.0
3,115,3.3646628081321643,2.904506021577635,0.0,0.0,0.0,0.0,0.0,0.0
4,115,0.8088544584559474,0.2189930764921902,0.0,0.0,0.0,0.0,0.0,1.0
5,115,6.996501617607116,2.138928341000866,1.0,0.0,0.0,0.0,1.0,0.0
6,115,4.218580526155843,3.8586875336553,0.0,0.0,1.0,0.0,0.0,0.0
7,115,10.526314432921708,2.625153510537743,0.0,0.0,1.0,0.0,1.0,0.0
8,115,9.585718743219203,1.39106718330434,1.0,0.0,0.0,0.0,0.0,1.0
9,115,5.732072091850879,2.2866446790774395,0.0,1.0,1.0,0.0,0.0,0.0
10,115,10.093415336003185,7.374533758361623,0.0,0.0,0.0,0.0,0.0,0.0
11,115,0.0103183105618758,0.4799545416626489,0.0,0.0,0.0,0.0,0.0,0.0
12,115,4.90847898280871,11.142260507063495,1.0,0.0,1.0,0.0,0.0,0.0
13,115,10.03035321538676,5.61463918038745,0.0,0.0,1.0,0.0,0.0,1.0
14,115,2.43578952406681,3.4117200407947426,1.0,1.0,0.0,0.0,1.0,1.0
15,115,10.603871180145177,7.152260058173662,0.0,0.0,0.0,1.0,1.0,1.0
16,115,0.6798423905999329,5.081321897386813,0.0,0.0,0.0,1.0,0.0,0.0
17,115,12.0,8.228064269937512,1.0,0.0,0.0,0.0,0.0,0.0
18,115,4.388856937716038,4.616216929979969,0.0,1.0,1.0,0.0,1.0,1.0
19,115,12.0,7.529171114245388,1.0,0.0,1.0,1.0,0.0,0.0
20,115,11.564123269076903,4.512512625947593,1.0,0.0,0.0,1.0,1.0,0.0
21,115,4.298970574554786,0.1544674957084483,0.0,0.0,0.0,0.0,1.0,1.0
22,115,9.52235728481302,10.413009225452884,0.0,1.0,0.0,1.0,1.0,1.0
23,115,5.380842897685634,9.922614733014932,1.0,1.0,0.0,1.0,1.0,0.0
24,115,10.886994823190063,8.837311553722827,1.0,1.0,1.0,1.0,1.0,0.0
25,115,6.714325175415101,0.2557209836604379,0.0,0.0,1.0,0.0,0.0,1.0
26,115,1.213413835574149,9.679437277221348,0.0,1.0,0.0,0.0,0.0,0.0
27,115,10.610628709944162,2.0593072761731075,0.0,1.0,1.0,1.0,0.0,0.0
28,115,3.9680867459448175,11.362055154164782,1.0,0.0,0.0,0.0,0.0,0.0
29,115,4.624359730511977,6.342486466108678,0.0,1.0,0.0,1.0,0.0,0.0
30,115,8.1312875625255,10.902511609436356,1.0,1.0,1.0,1.0,1.0,1.0
31,115,6.4884303869390525,9.297044593198008,1.0,1.0,1.0,1.0,1.0,1.0
32,115,7.77853626214532,8.43619118919941,0.0,0.0,0.0,0.0,1.0,1.0
33,115,5.114010039674996,8.98169667759708,0.0,1.0,1.0,1.0,1.0,1.0
34,115,1.642534739481631,5.67992846505031,0.0,0.0,1.0,1.0,1.0,1.0
35,115,10.005780452698604,6.261476380778604,0.0,1.0,1.0,0.0,1.0,1.0
36,115,12.0,0.2191722959217299,0.0,0.0,0.0,1.0,0.0,0.0
37,115,6.308249955395384,10.23282020393744,1.0,0.0,1.0,0.0,0.0,0.0
38,115,2.1817002670622925,11.520254594383152,1.0,1.0,1.0,0.0,1.0,0.0
39,115,9.656495317017818,11.49063636365524,0.0,0.0,0.0,0.0,0.0,1.0
0,120,11.3587984911565,1.5672808909024134,1.0,1.0,0.0,0.0,0.0,0.0
1,120,11.73291116925251,5.185040227837169,0.0,0.0,1.0,0.0,0.0,0.0
2,120,0.3750260570057371,11.05381974204063,1.0,1.0,0.0,0.0,1.0,1.0
3,120,3.367613397084128,2.889240030876259,0.0,0.0,0.0,0.0,0.0,0.0
4,120,0.8122079320051223,0.2511466560827221,0.0,0.0,0.0,0.0,0.0,1.0
5,120,6.997630424925964,2.147837737315092,1.0,0.0,0.0,0.0,1.0,0.0
6,120,4.159981540062288,3.847639577785925,0.0,0.0,1.0,0.0,0.0,0.0
7,120,10.683650280837764,2.619414814589935,0.0,0.0,1.0,0.0,1.0,0.0
8,120,9.589723329934342,1.43862519438283,1.0,0.0,0.0,0.0,0.0,1.0
9,120,5.701284282491219,2.2193827738020384,0.0,1.0,1.0,0.0,0.0,0.0
10,120,10.08626382078372,7.338153626990725,0.0,0.0,0.0,0.0,0.0,0.0
11,120,0.0062067458150365,0.4774880568779957,0.0,0.0,0.0,0.0,0.0,0.0
12,120,4.906056467710581,11.14744131944678,1.0,0.0,1.0,0.0,0.0,0.0
13,120,9.931072117489569,5.651158567179361,0.0,0.0,1.0,0.0,0.0,1.0
14,120,2.44658023556077,3.421146989738141,1.0,1.0,0.0,0.0,1.0,1.0
15,120,10.61338964485896,7.170223012065531,0.0,0.0,0.0,1.0,1.0,1.0
16,120,0.6537716584955825,4.9989520885034855,0.0,0.0,0.0,1.0,0.0,0.0
17,120,12.0,8.234946788508685,1.0,0.0,0.0,0.0,0.0,0.0
18,120,4.431988182495857,4.577469912233732,0.0,1.0,1.0,0.0,1.0,1.0
19,120,12.0,7.605090985632511,1.0,0.0,1.0,1.0,0.0,0.0
20,120,11.549484772874797,4.530278522169152,1.0,0.0,0.0,1.0,1.0,0.0
21,120,4.26067500621111,0.1339093435038824,0.0,0.0,0.0,0.0,1.0,1.0
22,120,9.51794360640713,10.419074980171654,0.0,1.0,0.0,1.0,1.0,1.0
23,120,5.385976154637132,10.022967156253998,1.0,1.0,0.0,1.0,1.0,0.0
24,120,10.832126198253466,8.827503594164007,1.0,1.0,1.0,1.0,1.0,0.0
25,120,6.796456923433198,0.2173094311046159,0.0,0.0,1.0,0.0,0.0,1.0
26,120,1.145170240926706,9.84259451681873,0.0,1.0,0.0,0.0,0.0,0.0
27,120,10.590531898872694,2.009862250820445,0.0,1.0,1.0,1.0,0.0,0.0
28,120,3.965117243203191,11.400018572287932,1.0,0.0,0.0,0.0,0.0,0.0
29,120,4.5978384726485,6.2018242244549535,0.0,1.0,0.0,1.0,0.0,0.0
30,120,8.164247914050227,10.907472789977184,1.0,1.0,1.0,1.0,1.0,1.0
31,120,6.372814417532379,9.27909061381743,1.0,1.0,1.0,1.0,1.0,1.0
32,120,7.759207383059558,8.44746729783355,0.0,0.0,0.0,0.0,1.0,1.0
33,120,5.0979097011347525,8.985353277977186,0.0,1.0,1.0,1.0,1.0,1.0
34,120,1.675622185606544,5.795095716239226,0.0,0.0,1.0,1.0,1.0,1.0
35,120,9.947142911112463,6.291057021162369,0.0,1.0,1.0,0.0,1.0,1.0
36,120,12.0,0.1876330780682632,0.0,0.0,0.0,1.0,0.0,0.0
37,120,6.366568016771904,10.273311134261125,1.0,0.0,1.0,0.0,0.0,0.0
38,120,2.192224334226938,11.554098388146558,1.0,1.0,1.0,0.0,1.0,0.0
39,120,9.730782611225615,11.604908122553944,0.0,0.0,0.0,0.0,0.0,1.0
0,125,11.455806210858098,1.4638619759504112,1.0,1.0,0.0,0.0,0.0,0.0
1,125,11.720714837882577,5.18796394591613,0.0,0.0,1.0,0.0,0.0,0.0
2,125,0.3609268600876798,11.000210448846468,1.0,1.0,0.0,0.0,1.0,1.0
3,125,3.3729786617360333,2.859279063950789,0.0,0.0,0.0,0.0,0.0,0.0
4,125,0.8141249516240239,0.2685429514645575,0.0,0.0,0.0,0.0,0.0,1.0
5,125,6.999274365850721,2.163781019360606,1.0,0.0,0.0,0.0,1.0,0.0
6,125,4.116232449819253,3.839064458754318,0.0,0.0,1.0,0.0,0.0,0.0
7,125,10.836512601237464,2.608546368449085,0.0,0.0,1.0,0.0,1.0,0.0
8,125,9.594523907122795,1.4864730122694652,1.0,0.0,0.0,0.0,0.0,1.0
9,125,5.67163627835006,2.14913208154431,0.0,1.0,1.0,0.0,0.0,0.0
10,125,10.079990528632738,7.30558154231381,0.0,0.0,0.0,0.0,0.0,0.0
11,125,0.0,0.4586066282795781,0.0,0.0,0.0,0.0,0.0,0.0
12,125,4.897414021122964,11.164317391551084,1.0,0.0,1.0,0.0,0.0,0.0
13,125,9.844624600104211,5.682789591855983,0.0,0.0,1.0,0.0,0.0,1.0
14,125,2.45007890388978,3.4241243650516866,1.0,1.0,0.0,0.0,1.0,1.0
15,125,10.630096180195952,7.199171586515342,0.0,0.0,0.0,1.0,1.0,1.0
16,125,0.6259823391519026,4.91256552487606,0.0,0.0,0.0,1.0,0.0,0.0
17,125,12.0,8.246665674428712,1.0,0.0,0.0,0.0,0.0,0.0
18,125,4.476553367621269,4.537687033693165,0.0,1.0,1.0,0.0,1.0,1.0
19,125,12.0,7.688968819491124,1.0,0.0,1.0,1.0,0.0,0.0
20,125,11.531623789055446,4.551969745067851,1.0,0.0,0.0,1.0,1.0,0.0
21,125,4.245608518133352,0.1258733772960942,0.0,0.0,0.0,0.0,1.0,1.0
22,125,9.521483662601142,10.413625409440044,0.0,1.0,0.0,1.0,1.0,1.0
23,125,5.38780239129087,10.115050441550231,1.0,1.0,0.0,1.0,1.0,0.0
24,125,10.770200295420835,8.816529548717321,1.0,1.0,1.0,1.0,1.0,0.0
25,125,6.852649358574532,0.1890309428226888,0.0,0.0,1.0,0.0,0.0,1.0
26,125,1.0720764836207743,10.016778958029729,0.0,1.0,0.0,0.0,0.0,0.0
27,125,10.567461382798562,1.954351254044969,0.0,1.0,1.0,1.0,0.0,0.0
28,125,3.961955921459612,11.436315308756042,1.0,0.0,0.0,0.0,0.0,0.0
29,125,4.567636899033752,6.053701137426676,0.0,1.0,0.0,1.0,0.0,0.0
30,125,8.17737776248498,10.909377360209984,1.0,1.0,1.0,1.0,1.0,1.0
31,125,6.260041191479076,9.260694259688224,1.0,1.0,1.0,1.0,1.0,1.0
32,125,7.732327542029368,8.463343577844592,0.0,0.0,0.0,0.0,1.0,1.0
33,125,5.101887497967734,8.984430547615439,0.0,1.0,1.0,1.0,1.0,1.0
34,125,1.7107865990677018,5.923816060724151,0.0,0.0,1.0,1.0,1.0,1.0
35,125,9.874683697493628,6.327945114019767,0.0,1.0,1.0,0.0,1.0,1.0
36,125,12.0,0.1530491148396159,0.0,0.0,0.0,1.0,0.0,0.0
37,125,6.430885603050858,10.315410669982649,1.0,0.0,1.0,0.0,0.0,0.0
38,125,2.2054074723328667,11.59995533157582,1.0,1.0,1.0,0.0,1.0,0.0
39,125,9.796969616798997,11.702636264580338,0.0,0.0,0.0,0.0,0.0,1.0
0,130,11.560133090973988,1.3551372998697169,1.0,1.0,0.0,0.0,0.0,0.0
1,130,11.731939284221314,5.185224571975626,0.0,0.0,1.0,0.0,0.0,0.0
2,130,0.3441255241679295,10.933420808128435,1.0,1.0,0.0,0.0,1.0,1.0
3,130,3.3765813118632906,2.839387581928744,0.0,0.0,0.0,0.0,0.0,0.0
4,130,0.8165831139508677,0.3036357033549249,0.0,0.0,0.0,0.0,0.0,1.0
5,130,7.00299666309686,2.2022499006933254,1.0,0.0,0.0,0.0,1.0,0.0
6,130,4.0939039859311,3.834508517276987,0.0,0.0,1.0,0.0,0.0,0.0
7,130,10.998583526372656,2.5969393049970435,0.0,0.0,1.0,0.0,1.0,0.0
8,130,9.59902325284444,1.5381033735338012,1.0,0.0,0.0,0.0,0.0,1.0
9,130,5.649115499073422,2.092442719744966,0.0,1.0,1.0,0.0,0.0,0.0
10,130,10.071809382263767,7.26335384277757,0.0,0.0,0.0,0.0,0.0,0.0
11,130,0.0,0.4369218009300822,0.0,0.0,0.0,0.0,0.0,0.0
12,130,4.890303232705045,11.177810436467531,1.0,0.0,1.0,0.0,0.0,0.0
13,130,9.742988488273552,5.718379575721544,0.0,0.0,1.0,0.0,0.0,1.0
14,130,2.448465490010605,3.4227753608253564,1.0,1.0,0.0,0.0,1.0,1.0
15,130,10.639097911707267,7.214563944593452,0.0,0.0,0.0,1.0,1.0,1.0
16,130,0.6029433875475063,4.843916776337894,0.0,0.0,0.0,1.0,0.0,0.0
17,130,12.0,8.256970236921013,1.0,0.0,0.0,0.0,0.0,0.0
18,130,4.530340427011996,4.489855281529089,0.0,1.0,1.0,0.0,1.0,1.0
19,130,12.0,7.786920385277724,1.0,0.0,1.0,1.0,0.0,0.0
20,130,11.52672449514176,4.558054513967351,1.0,0.0,0.0,1.0,1.0,0.0
21,130,4.234362858905524,0.1195994817077349,0.0,0.0,0.0,0.0,1.0,1.0
22,130,9.523617844410428,10.4100875027463,0.0,1.0,0.0,1.0,1.0,1.0
23,130,5.391267122158446,10.192015262024158,1.0,1.0,0.0,1.0,1.0,0.0
24,130,10.702008555026808,8.802612544835416,1.0,1.0,1.0,1.0,1.0,0.0
25,130,6.89305659008096,0.1685980059536407,0.0,0.0,1.0,0.0,0.0,1.0
26,130,1.00758447500555,10.177332341402469,0.0,1.0,0.0,0.0,0.0,0.0
27,130,10.549689867618518,1.911208706744832,0.0,1.0,1.0,1.0,0.0,0.0
28,130,3.960286371579166,11.476324671469404,1.0,0.0,0.0,0.0,0.0,0.0
29,130,4.532458273036276,5.896388318140408,0.0,1.0,0.0,1.0,0.0,0.0
30,130,8.198609735093541,10.912834209843242,1.0,1.0,1.0,1.0,1.0,1.0
31,130,6.141284628849902,9.242024254927614,1.0,1.0,1.0,1.0,1.0,1.0
32,130,7.716645463673322,8.472660037671243,0.0,0.0,0.0,0.0,1.0,1.0
33,130,5.092244922116187,8.986702421397375,0.0,1.0,1.0,1.0,1.0,1.0
34,130,1.7394592405184888,6.028303770731161,0.0,0.0,1.0,1.0,1.0,1.0
35,130,9.81033570158355,6.359091509283646,0.0,1.0,1.0,0.0,1.0,1.0
36,130,12.0,0.1168177447445362,0.0,0.0,0.0,1.0,0.0,0.0
37,130,6.493637320426813,10.358345905053614,1.0,0.0,1.0,0.0,0.0,0.0
38,130,2.220128974757022,11.651542870833064,1.0,1.0,1.0,0.0,1.0,0.0
39,130,9.858687115207369,11.800879264868929,0.0,0.0,0.0,0.0,0.0,1.0
0,135,11.662999905129556,1.2464396615475042,1.0,1.0,0.0,0.0,0.0,0.0
1,135,11.750066871386078,5.180581601311731,0.0,0.0,1.0,0.0,0.0,0.0
2,135,0.3302967446728312,10.879520676001068,1.0,1.0,0.0,0.0,1.0,1.0
3,135,3.383784813411397,2.796088893751068,0.0,0.0,0.0,0.0,0.0,0.0
4,135,0.8192840354516376,0.3376084681410671,0.0,0.0,0.0,0.0,0.0,1.0
5,135,7.0055855755308025,2.2309825439748208,1.0,0.0,0.0,0.0,1.0,0.0
6,135,4.067497922922509,3.829504848115233,0.0,0.0,1.0,0.0,0.0,0.0
7,135,11.17441660443004,2.58381538811335,0.0,0.0,1.0,0.0,1.0,0.0
8,135,9.604661679051194,1.602831009920842,1.0,0.0,0.0,0.0,0.0,1.0
9,135,5.628082439005003,2.0425129178619787,0.0,1.0,1.0,0.0,0.0,0.0
10,135,10.068316551804866,7.24316866449016,0.0,0.0,0.0,0.0,0.0,0.0
11,135,0.0,0.4199639821291338,0.0,0.0,0.0,0.0,0.0,0.0
12,135,4.87980674250084,11.198338605879044,1.0,0.0,1.0,0.0,0.0,0.0
13,135,9.628298372029857,5.754450318662428,0.0,0.0,1.0,0.0,0.0,1.0
14,135,2.4541374593306284,3.427386723299549,1.0,1.0,0.0,0.0,1.0,1.0
15,135,10.642709461725596,7.221035648795821,0.0,0.0,0.0,1.0,1.0,1.0
16,135,0.5856327565816437,4.7939930178887975,0.0,0.0,0.0,1.0,0.0,0.0
17,135,12.0,8.268057120753049,1.0,0.0,0.0,0.0,0.0,0.0
18,135,4.6125278824868605,4.425060144572781,0.0,1.0,1.0,0.0,1.0,1.0
19,135,12.0,7.900984295741849,1.0,0.0,1.0,1.0,0.0,0.0
20,135,11.521792280221051,4.564145090638792,1.0,0.0,0.0,1.0,1.0,0.0
21,135,4.216839280296909,0.1096927884520771,0.0,0.0,0.0,0.0,1.0,1.0
22,135,9.523120047329789,10.410922910519414,0.0,1.0,0.0,1.0,1.0,1.0
23,135,5.396046653415664,10.281428587067255,1.0,1.0,0.0,1.0,1.0,0.0
24,135,10.635559876564042,8.789369684057787,1.0,1.0,1.0,1.0,1.0,0.0
25,135,6.89502000383205,0.1675746738192279,0.0,0.0,1.0,0.0,0.0,1.0
26,135,0.9440570656818468,10.33892449916448,0.0,1.0,0.0,0.0,0.0,0.0
27,135,10.530393012449142,1.867651977147745,0.0,1.0,1.0,1.0,0.0,0.0
28,135,3.9055506479174062,11.474456487714413,1.0,0.0,0.0,0.0,0.0,0.0
29,135,4.496102546207243,5.742641565975893,0.0,1.0,0.0,1.0,0.0,0.0
30,135,8.22990349995998,10.918416320160688,1.0,1.0,1.0,1.0,1.0,1.0
31,135,6.014005220029127,9.222676919243158,1.0,1.0,1.0,1.0,1.0,1.0
32,135,7.704833873919959,8.479699212681817,0.0,0.0,0.0,0.0,1.0,1.0
33,135,5.091178098041991,8.986935206767084,0.0,1.0,1.0,1.0,1.0,1.0
34,135,1.762235454474424,6.10467525590976,0.0,0.0,1.0,1.0,1.0,1.0
35,135,9.741893932566914,6.395578833632088,0.0,1.0,1.0,0.0,1.0,1.0
36,135,12.0,0.0774372453244405,0.0,0.0,0.0,1.0,0.0,0.0
37,135,6.557259177450092,10.397557621409993,1.0,0.0,1.0,0.0,0.0,0.0
38,135,2.2423950183821533,11.724815246953863,1.0,1.0,1.0,0.0,1.0,0.0
39,135,9.918892704681696,11.902979765522568,0.0,0.0,0.0,0.0,0.0,1.0
0,140,11.777799356911908,1.128232480775697,1.0,1.0,0.0,0.0,0.0,0.0
1,140,11.779842968560748,5.172759902255568,0.0,0.0,1.0,0.0,0.0,0.0
2,140,0.3163732554139756,10.825338860849946,1.0,1.0,0.0,0.0,1.0,1.0
3,140,3.394953664420934,2.7257934693768107,0.0,0.0,0.0,0.0,0.0,0.0
4,140,0.8215719236184594,0.3676422702593316,0.0,0.0,0.0,0.0,0.0,1.0
5,140,7.007841938838306,2.251671331458925,1.0,0.0,0.0,0.0,1.0,0.0
6,140,4.05120306680062,3.825994077698846,0.0,0.0,1.0,0.0,0.0,0.0
7,140,11.349557806974603,2.5723304134079026,0.0,0.0,1.0,0.0,1.0,0.0
8,140,9.60792479456178,1.65070342419296,1.0,0.0,0.0,0.0,0.0,1.0
9,140,5.606832572730124,1.9905806666260908,0.0,1.0,1.0,0.0,0.0,0.0
10,140,10.061934723422834,7.207806997533655,0.0,0.0,0.0,0.0,0.0,0.0
11,140,0.0,0.3973579949744839,0.0,0.0,0.0,0.0,0.0,0.0
12,140,4.8624727587416405,11.231336261205824,1.0,0.0,1.0,0.0,0.0,0.0
13,140,9.503401910421813,5.794906108966149,0.0,0.0,1.0,0.0,0.0,1.0
14,140,2.446773762675205,3.421567639784944,1.0,1.0,0.0,0.0,1.0,1.0
15,140,10.649071564597644,7.232127458597137,0.0,0.0,0.0,1.0,1.0,1.0
16,140,0.5699938899985072,4.749429851916238,0.0,0.0,0.0,1.0,0.0,0.0
17,140,12.0,8.278724220919806,1.0,0.0,0.0,0.0,0.0,0.0
18,140,4.680214936006243,4.371123884726862,0.0,1.0,1.0,0.0,1.0,1.0
19,140,12.0,8.02994945920289,1.0,0.0,1.0,1.0,0.0,0.0
20,140,11.519991892264636,4.566511373660209,1.0,0.0,0.0,1.0,1.0,0.0
21,140,4.192475482382152,0.095407554838372,0.0,0.0,0.0,0.0,1.0,1.0
22,140,9.52547337728494,10.406734991075243,0.0,1.0,0.0,1.0,1.0,1.0
23,140,5.401540768102135,10.374956168817894,1.0,1.0,0.0,1.0,1.0,0.0
24,140,10.566455592743878,8.776896151558777,1.0,1.0,1.0,1.0,1.0,0.0
25,140,6.896008877335153,0.1670700021950698,0.0,0.0,1.0,0.0,0.0,1.0
26,140,0.8837993149361082,10.499149854552606,0.0,1.0,0.0,0.0,0.0,0.0
27,140,10.516412523292995,1.837684687577058,0.0,1.0,1.0,1.0,0.0,0.0
28,140,3.8516979051315463,11.473977342966489,1.0,0.0,0.0,0.0,0.0,0.0
29,140,4.4613729991912745,5.597942395592903,0.0,1.0,0.0,1.0,0.0,0.0
30,140,8.23856320010416,10.920024428130956,1.0,1.0,1.0,1.0,1.0,1.0
31,140,5.864013494876238,9.197324353489728,1.0,1.0,1.0,1.0,1.0,1.0
32,140,7.68729157141907,8.490070509881255,0.0,0.0,0.0,0.0,1.0,1.0
33,140,5.1133647590184745,8.982060104669534,0.0,1.0,1.0,1.0,1.0,1.0
34,140,1.7872494654487716,6.183186438103471,0.0,0.0,1.0,1.0,1.0,1.0
35,140,9.66829868715418,6.435955955731208,0.0,1.0,1.0,0.0,1.0,1.0
36,140,12.0,0.0369459301804462,0.0,0.0,0.0,1.0,0.0,0.0
37,140,6.624772386514659,10.436961369767255,1.0,0.0,1.0,0.0,0.0,0.0
38,140,2.263007848787666,11.793408666173214,1.0,1.0,1.0,0.0,1.0,0.0
39,140,9.994193614779205,12.0,0.0,0.0,0.0,0.0,0.0,1.0
0,145,11.861450102939138,1.041631889070322,1.0,1.0,0.0,0.0,0.0,0.0
1,145,11.821217154611498,5.162020170002358,0.0,0.0,1.0,0.0,0.0,0.0
2,145,0.3071893594691923,10.788144497363954,1.0,1.0,0.0,0.0,1.0,1.0
3,145,3.402732385021454,2.679385357884005,0.0,0.0,0.0,0.0,0.0,0.0
4,145,0.824611909235294,0.4085152811725903,0.0,0.0,0.0,0.0,0.0,1.0
5,145,7.008254185899242,2.255449648581654,1.0,0.0,0.0,0.0,1.0,0.0
6,145,4.037137050746088,3.823295384690551,0.0,0.0,1.0,0.0,0.0,0.0
7,145,11.52076279204775,2.5648106942248514,0.0,0.0,1.0,0.0,1.0,0.0
8,145,9.610452170990518,1.6834094458633646,1.0,0.0,0.0,0.0,0.0,1.0
9,145,5.583849715709151,1.934123456125052,0.0,1.0,1.0,0.0,0.0,0.0
10,145,10.05859986639777,7.187248330787098,0.0,0.0,0.0,0.0,0.0,0.0
11,145,0.0,0.38150574311917,0.0,0.0,0.0,0.0,0.0,0.0
12,145,4.844458372789242,11.265945681681886,1.0,0.0,1.0,0.0,0.0,0.0
13,145,9.462658664747238,5.68455396159408,0.0,0.0,1.0,0.0,0.0,1.0
14,145,2.445484169263826,3.4204989530388925,1.0,1.0,0.0,0.0,1.0,1.0
15,145,10.652208563903422,7.237391711237558,0.0,0.0,0.0,1.0,1.0,1.0
16,145,0.5631276028501563,4.726634303895874,0.0,0.0,0.0,1.0,0.0,0.0
17,145,12.0,8.287026486567594,1.0,0.0,0.0,0.0,0.0,0.0
18,145,4.753508288327144,4.312204247405182,0.0,1.0,1.0,0.0,1.0,1.0
19,145,12.0,8.164970071315883,1.0,0.0,1.0,1.0,0.0,0.0
20,145,11.52487185692939,4.559894826871657,1.0,0.0,0.0,1.0,1.0,0.0
21,145,4.162748129822633,0.0781312765963068,0.0,0.0,0.0,0.0,1.0,1.0
22,145,9.526675558945293,10.404656914904002,0.0,1.0,0.0,1.0,1.0,1.0
23,145,5.407458382705229,10.452579158137198,1.0,1.0,0.0,1.0,1.0,0.0
24,145,10.500515603342414,8.763943083195684,1.0,1.0,1.0,1.0,1.0,0.0
25,145,6.895926096635759,0.167114893805228,0.0,0.0,1.0,0.0,0.0,1.0
26,145,0.829691531394027,10.659954559882554,0.0,1.0,0.0,0.0,0.0,0.0
27,145,10.501869799395264,1.8063208103923625,0.0,1.0,1.0,1.0,0.0,0.0
28,145,3.780953246459487,11.47576719095107,1.0,0.0,0.0,0.0,0.0,0.0
29,145,4.426356405966637,5.456067378074427,0.0,1.0,0.0,1.0,0.0,0.0
30,145,8.254196797285346,10.922901240916543,1.0,1.0,1.0,1.0,1.0,1.0
31,145,5.723684099755675,9.172186949289282,1.0,1.0,1.0,1.0,1.0,1.0
32,145,7.6693181016601795,8.499666664592935,0.0,0.0,0.0,0.0,1.0,1.0
33,145,5.159319405342607,8.973186098943318,0.0,1.0,1.0,1.0,1.0,1.0
34,145,1.809941430857397,6.256024100862147,0.0,0.0,1.0,1.0,1.0,1.0
35,145,9.585284498935549,6.48243629170535,0.0,1.0,1.0,0.0,1.0,1.0
36,145,12.0,0.0,0.0,0.0,0.0,1.0,0.0,0.0
37,145,6.709638375283402,10.488196669875084,1.0,0.0,1.0,0.0,0.0,0.0
38,145,2.2807664401635064,11.853699230441968,1.0,1.0,1.0,0.0,1.0,0.0
39,145,10.073274716595815,12.0,0.0,0.0,0.0,0.0,0.0,1.0
0,150,11.9508141780387,0.9447534271201596,1.0,1.0,0.0,0.0,0.0,0.0
1,150,11.848874822239564,5.154954913196836,0.0,0.0,1.0,0.0,0.0,0.0
2,150,0.3016327358975278,10.763976774226848,1.0,1.0,0.0,0.0,1.0,1.0
3,150,3.411349279876437,2.6313906208451043,0.0,0.0,0.0,0.0,0.0,0.0
4,150,0.828079039362362,0.459085369736101,0.0,0.0,0.0,0.0,0.0,1.0
5,150,7.0079843562683966,2.252150197447796,1.0,0.0,0.0,0.0,1.0,0.0
6,150,4.0428563288428965,3.824261726474095,0.0,0.0,1.0,0.0,0.0,0.0
7,150,11.674037021508664,2.559431563180842,0.0,0.0,1.0,0.0,1.0,0.0
8,150,9.61289867615482,1.7151672234913875,1.0,0.0,0.0,0.0,0.0,1.0
9,150,5.56590730605448,1.8900850545626349,0.0,1.0,1.0,0.0,0.0,0.0
10,150,10.056585711143368,7.176204423728982,0.0,0.0,0.0,0.0,0.0,0.0
11,150,0.0,0.3568420706346991,0.0,0.0,0.0,0.0,0.0,0.0
12,150,4.826238646431472,11.30160817713888,1.0,0.0,1.0,0.0,0.0,0.0
13,150,9.427071055107788,5.580697029166544,0.0,0.0,1.0,0.0,0.0,1.0
14,150,2.4530000268476986,3.426972904077903,1.0,1.0,0.0,0.0,1.0,1.0
15,150,10.652969622915997,7.238693121630864,0.0,0.0,0.0,1.0,1.0,1.0
16,150,0.5598887574839907,4.715816774958462,0.0,0.0,0.0,1.0,0.0,0.0
17,150,12.0,8.296792035094409,1.0,0.0,0.0,0.0,0.0,0.0
18,150,4.828325798730615,4.257507474744244,0.0,1.0,1.0,0.0,1.0,1.0
19,150,12.0,8.313798780601516,1.0,0.0,1.0,1.0,0.0,0.0
20,150,11.522715239821398,4.562824791897143,1.0,0.0,0.0,1.0,1.0,0.0
21,150,4.135280811768635,0.0612647018788516,0.0,0.0,0.0,0.0,1.0,1.0
22,150,9.52338140972264,10.410520936865709,0.0,1.0,0.0,1.0,1.0,1.0
23,150,5.413728576457613,10.54203068998362,1.0,1.0,0.0,1.0,1.0,0.0
24,150,10.415674761067788,8.746695567951683,1.0,1.0,1.0,1.0,1.0,0.0
25,150,6.868799553653358,0.1819184014602359,0.0,0.0,1.0,0.0,0.0,1.0
26,150,0.7803031969629303,10.8212841790017,0.0,1.0,0.0,0.0,0.0,0.0
27,150,10.493838662814584,1.7906741872101697,0.0,1.0,1.0,1.0,0.0,0.0
28,150,3.7168766128792616,11.477560422053854,1.0,0.0,0.0,0.0,0.0,0.0
29,150,4.38677034344342,5.315364468898447,0.0,1.0,0.0,1.0,0.0,0.0
30,150,8.283793369405865,10.927790392849923,1.0,1.0,1.0,1.0,1.0,1.0
31,150,5.5619808098495165,9.139088240994184,1.0,1.0,1.0,1.0,1.0,1.0
32,150,7.663737230303933,8.502642635860896,0.0,0.0,0.0,0.0,1.0,1.0
33,150,5.19168563071822,8.96747638912172,0.0,1.0,1.0,1.0,1.0,1.0
34,150,1.826805380510774,6.314188335961076,0.0,0.0,1.0,1.0,1.0,1.0
35,150,9.478865083715773,6.543528065867064,0.0,1.0,1.0,0.0,1.0,1.0
36,150,12.0,0.0,0.0,0.0,0.0,1.0,0.0,0.0
37,150,6.78353673888926,10.532539597000834,1.0,0.0,1.0,0.0,0.0,0.0
38,150,2.3009306563335743,11.92408862552931,1.0,1.0,1.0,0.0,1.0,0.0
39,150,10.137981008162036,12.0,0.0,0.0,0.0,0.0,0.0,1.0
0,155,12.0,0.8452424028036255,1.0,1.0,0.0,0.0,0.0,0.0
1,155,11.89726557478836,5.142262526369937,0.0,0.0,1.0,0.0,0.0,0.0
2,155,0.2999441314278546,10.756731677200932,1.0,1.0,0.0,0.0,1.0,1.0
3,155,3.42207802486332,2.56794906743662,0.0,0.0,0.0,0.0,0.0,0.0
4,155,0.8309709720999257,0.500218022656361,0.0,0.0,0.0,0.0,0.0,1.0
5,155,7.007464192271895,2.2462530803603693,1.0,0.0,0.0,0.0,1.0,0.0
6,155,4.0357422954002375,3.82300712783603,0.0,0.0,1.0,0.0,0.0,0.0
7,155,11.830120951592942,2.550827621375181,0.0,0.0,1.0,0.0,1.0,0.0
8,155,9.617495814109503,1.764252315241606,1.0,0.0,0.0,0.0,0.0,1.0
9,155,5.54768625374757,1.8406452287494728,0.0,1.0,1.0,0.0,0.0,0.0
10,155,10.060402893866188,7.1981998841516495,0.0,0.0,0.0,0.0,0.0,0.0
11,155,0.0,0.3131881184600653,0.0,0.0,0.0,0.0,0.0,0.0
12,155,4.800664332638958,11.35119874374613,1.0,0.0,1.0,0.0,0.0,0.0
13,155,9.38406593817973,5.465332661286575,0.0,0.0,1.0,0.0,0.0,1.0
14,155,2.454739111674112,3.4283911730001946,1.0,1.0,0.0,0.0,1.0,1.0
15,155,10.658230229825238,7.247600972235407,0.0,0.0,0.0,1.0,1.0,1.0
16,155,0.5538581284380334,4.695975621152417,0.0,0.0,0.0,1.0,0.0,0.0
17,155,12.0,8.308437428939936,1.0,0.0,0.0,0.0,0.0,0.0
18,155,4.938916101237267,4.172498080405641,0.0,1.0,1.0,0.0,1.0,1.0
19,155,12.0,8.477983229741348,1.0,0.0,1.0,1.0,0.0,0.0
20,155,11.523018139092608,4.56241684224453,1.0,0.0,0.0,1.0,1.0,0.0
21,155,4.113690325341563,0.0479999905976823,0.0,0.0,0.0,0.0,1.0,1.0
22,155,9.527458798970876,10.403218955212502,0.0,1.0,0.0,1.0,1.0,1.0
23,155,5.418821961368543,10.606780430699503,1.0,1.0,0.0,1.0,1.0,0.0
24,155,10.322174858699231,8.724804936880124,1.0,1.0,1.0,1.0,1.0,0.0
25,155,6.820355381030705,0.209627006859885,0.0,0.0,1.0,0.0,0.0,1.0
26,155,0.7369177408913083,10.973010537335751,0.0,1.0,0.0,0.0,0.0,0.0
27,155,10.497998753621856,1.7986005228249589,0.0,1.0,1.0,1.0,0.0,0.0
28,155,3.6794025693972063,11.479127279374984,1.0,0.0,0.0,0.0,0.0,0.0
29,155,4.345945513894898,5.181792220806925,0.0,1.0,0.0,1.0,0.0,0.0
30,155,8.334391712724747,10.936267608560042,1.0,1.0,1.0,1.0,1.0,1.0
31,155,5.399179868333826,9.106381495299356,1.0,1.0,1.0,1.0,1.0,1.0
32,155,7.64274112971163,8.513572355735157,0.0,0.0,0.0,0.0,1.0,1.0
33,155,5.212777636662805,8.963358134401961,0.0,1.0,1.0,1.0,1.0,1.0
34,155,1.8477699284958504,6.385501735011323,0.0,0.0,1.0,1.0,1.0,1.0
35,155,9.377815336922692,6.603604704755209,0.0,1.0,1.0,0.0,1.0,1.0
36,155,12.0,0.0,0.0,0.0,0.0,1.0,0.0,0.0
37,155,6.873296972266059,10.588321714397251,1.0,0.0,1.0,0.0,0.0,0.0
38,155,2.324815540835312,11.996089914463544,1.0,1.0,1.0,0.0,1.0,0.0
39,155,10.202076938263502,12.0,0.0,0.0,0.0,0.0,0.0,1.0
0,160,11.894254520546196,0.7413245798433222,1.0,1.0,0.0,0.0,0.0,0.0
1,160,11.950327866137908,5.129256054268549,0.0,0.0,1.0,0.0,0.0,0.0
2,160,0.2967210422372469,10.757474151144574,1.0,1.0,0.0,0.0,1.0,1.0
3,160,3.429454630483051,2.522972142512744,0.0,0.0,0.0,0.0,0.0,0.0
4,160,0.8326253430778595,0.5264952931215243,0.0,0.0,0.0,0.0,0.0,1.0
5,160,7.0087954824616565,2.2618313741481613,1.0,0.0,0.0,0.0,1.0,0.0
6,160,4.014118381465923,3.819416265310139,0.0,0.0,1.0,0.0,0.0,0.0
7,160,11.949500291705556,2.542239688398259,0.0,0.0,1.0,0.0,1.0,0.0
8,160,9.626000197012278,1.8370035356013368,1.0,0.0,0.0,0.0,0.0,1.0
9,160,5.535732843995923,1.8046449742689652,0.0,1.0,1.0,0.0,0.0,0.0
10,160,10.06214546747082,7.207848877285448,0.0,0.0,0.0,0.0,0.0,0.0
11,160,0.0,0.2675951242010996,0.0,0.0,0.0,0.0,0.0,0.0
12,160,4.766370763402058,11.413479409299116,1.0,0.0,1.0,0.0,0.0,0.0
13,160,9.34698846238954,5.363065153883124,0.0,0.0,1.0,0.0,0.0,1.0
14,160,2.453401259716496,3.4272941849778014,1.0,1.0,0.0,0.0,1.0,1.0
15,160,10.659810427258927,7.250094461412501,0.0,0.0,0.0,1.0,1.0,1.0
16,160,0.5440364459154283,4.661458316999996,0.0,0.0,0.0,1.0,0.0,0.0
17,160,12.0,8.31568998761432,1.0,0.0,0.0,0.0,0.0,0.0
18,160,5.05947838812351,4.081882105857375,0.0,1.0,1.0,0.0,1.0,1.0
19,160,12.0,8.651423044624126,1.0,0.0,1.0,1.0,0.0,0.0
20,160,11.523735810932578,4.561436396412758,1.0,0.0,0.0,1.0,1.0,0.0
21,160,4.087321826362843,0.0304542516919802,0.0,0.0,0.0,0.0,1.0,1.0
22,160,9.530144778940452,10.39842327197209,0.0,1.0,0.0,1.0,1.0,1.0
23,160,5.42348054091226,10.671864808858484,1.0,1.0,0.0,1.0,1.0,0.0
24,160,10.22572528246448,8.700070164743854,1.0,1.0,1.0,1.0,1.0,0.0
25,160,6.785108361941264,0.2295600363115672,0.0,0.0,1.0,0.0,0.0,1.0
26,160,0.696321544514509,11.114849896790249,0.0,1.0,0.0,0.0,0.0,0.0
27,160,10.479557477152422,1.807929498857714,0.0,1.0,1.0,1.0,0.0,0.0
28,160,3.641771072190783,11.480540764699168,1.0,0.0,0.0,0.0,0.0,0.0
29,160,4.309938858704795,5.059657468823747,0.0,1.0,0.0,1.0,0.0,0.0
30,160,8.400515294114566,10.948132366200817,1.0,1.0,1.0,1.0,1.0,1.0
31,160,5.257888082546566,9.081283004960994,1.0,1.0,1.0,1.0,1.0,1.0
32,160,7.659988538213457,8.505000400013277,0.0,0.0,0.0,0.0,1.0,1.0
33,160,5.208191725873279,8.964395980844762,0.0,1.0,1.0,1.0,1.0,1.0
34,160,1.877428762424329,6.483075978857699,0.0,0.0,1.0,1.0,1.0,1.0
35,160,9.289775011496502,6.655620671709516,0.0,1.0,1.0,0.0,1.0,1.0
36,160,12.0,0.0,0.0,0.0,0.0,1.0,0.0,0.0
37,160,6.967512540220393,10.6439429973526,1.0,0.0,1.0,0.0,0.0,0.0
38,160,2.3473898116520595,12.0,1.0,1.0,1.0,0.0,1.0,0.0
39,160,10.26178252547793,12.0,0.0,0.0,0.0,0.0,0.0,1.0
0,165,11.78057388650046,0.6325863825172426,1.0,1.0,0.0,0.0,0.0,0.0
1,165,12.0,5.111297062677003,0.0,0.0,1.0,0.0,0.0,0.0
2,165,0.2977477833048733,10.75723541702179,1.0,1.0,0.0,0.0,1.0,1.0
3,165,3.4397748323670445,2.470361188181451,0.0,0.0,0.0,0.0,0.0,0.0
4,165,0.8338606375773665,0.5445827983634026,0.0,0.0,0.0,0.0,0.0,1.0
5,165,7.008642857902499,2.2598523797979286,1.0,0.0,0.0,0.0,1.0,0.0
6,165,3.9962131830575416,3.816339389525221,0.0,0.0,1.0,0.0,0.0,0.0
7,165,12.0,2.5373235670216467,0.0,0.0,1.0,0.0,1.0,0.0
8,165,9.633563639120377,1.9067119136347883,1.0,0.0,0.0,0.0,0.0,1.0
9,165,5.523268201460647,1.7680717537738484,0.0,1.0,1.0,0.0,0.0,0.0
10,165,10.065617193486313,7.229032290372231,0.0,0.0,0.0,0.0,0.0,0.0
11,165,0.0,0.2247326497572849,0.0,0.0,0.0,0.0,0.0,0.0
12,165,4.728162022689184,11.486588788138562,1.0,0.0,1.0,0.0,0.0,0.0
13,165,9.309905277754236,5.260517707155175,0.0,0.0,1.0,0.0,0.0,1.0
14,165,2.434040408486833,3.4106385777343795,1.0,1.0,0.0,0.0,1.0,1.0
15,165,10.655895976507466,7.24407357788634,0.0,0.0,0.0,1.0,1.0,1.0
16,165,0.5327489144252759,4.621444498517362,0.0,0.0,0.0,1.0,0.0,0.0
17,165,12.0,8.268592751323482,1.0,0.0,0.0,0.0,0.0,0.0
18,165,5.1669799384658575,4.002316465891876,0.0,1.0,1.0,0.0,1.0,1.0
19,165,12.0,8.806408407613079,1.0,0.0,1.0,1.0,0.0,0.0
20,165,11.53978147674204,4.539820794370483,1.0,0.0,0.0,1.0,1.0,0.0
21,165,4.058245603297251,0.0116310600002664,0.0,0.0,0.0,0.0,1.0,1.0
22,165,9.534540456837036,10.390802191323804,0.0,1.0,0.0,1.0,1.0,1.0
23,165,5.430180225417399,10.739320250101493,1.0,1.0,0.0,1.0,1.0,0.0
24,165,10.155262526332091,8.681594638244814,1.0,1.0,1.0,1.0,1.0,0.0
25,165,6.748951368962516,0.2494880422295501,0.0,0.0,1.0,0.0,0.0,1.0
26,165,0.6581037787403552,11.263124801962883,0.0,1.0,0.0,0.0,0.0,0.0
27,165,10.465316891059365,1.8154979217157456,0.0,1.0,1.0,1.0,0.0,0.0
28,165,3.618731334651708,11.481787726627916,1.0,0.0,0.0,0.0,0.0,0.0
29,165,4.276347978099106,4.948123218457109,0.0,1.0,0.0,1.0,0.0,0.0
30,165,8.465712415809513,10.961416511304412,1.0,1.0,1.0,1.0,1.0,1.0
31,165,5.099714876264416,9.053987223376923,1.0,1.0,1.0,1.0,1.0,1.0
32,165,7.667364851646674,8.501178319702403,0.0,0.0,0.0,0.0,1.0,1.0
33,165,5.193914527791837,8.967661260231253,0.0,1.0,1.0,1.0,1.0,1.0
34,165,1.9087564057756827,6.586395895878445,0.0,0.0,1.0,1.0,1.0,1.0
35,165,9.1882754380708,6.714973751594285,0.0,1.0,1.0,0.0,1.0,1.0
36,165,12.0,0.0,0.0,0.0,0.0,1.0,0.0,0.0
37,165,7.044652613877002,10.686411809287089,1.0,0.0,1.0,0.0,0.0,0.0
38,165,2.3725869271910884,12.0,1.0,1.0,1.0,0.0,1.0,0.0
39,165,10.313719307803565,12.0,0.0,0.0,0.0,0.0,0.0,1.0
0,170,11.663204560681798,0.5198117198718475,1.0,1.0,0.0,0.0,0.0,0.0
1,170,12.0,5.092769995585452,0.0,0.0,1.0,0.0,0.0,0.0
2,170,0.3057129579648642,10.755408753385865,1.0,1.0,0.0,0.0,1.0,1.0
3,170,3.448540996040909,2.4243156553478267,0.0,0.0,0.0,0.0,0.0,0.0
4,170,0.8357895258759888,0.5755023465361048,0.0,0.0,0.0,0.0,0.0,1.0
5,170,7.007060925753641,2.2413733158549984,1.0,0.0,0.0,0.0,1.0,0.0
6,170,3.991762578943428,3.81559229803704,0.0,0.0,1.0,0.0,0.0,0.0
7,170,12.0,2.5351174096963778,0.0,0.0,1.0,0.0,1.0,0.0
8,170,9.644554938646168,1.9986337249459665,1.0,0.0,0.0,0.0,0.0,1.0
9,170,5.509335211351605,1.7287009825952253,0.0,1.0,1.0,0.0,0.0,0.0
10,170,10.072633028353115,7.274361422182344,0.0,0.0,0.0,0.0,0.0,0.0
11,170,0.0,0.1726271323682043,0.0,0.0,0.0,0.0,0.0,0.0
12,170,4.68591585664407,11.566263287828614,1.0,0.0,1.0,0.0,0.0,0.0
13,170,9.27043658287041,5.149710223093052,0.0,0.0,1.0,0.0,0.0,1.0
14,170,2.393812473872441,3.3761161700216564,1.0,1.0,0.0,0.0,1.0,1.0
15,170,10.63894314633985,7.220298089613804,0.0,0.0,0.0,1.0,1.0,1.0
16,170,0.5184967799941742,4.572537581392821,0.0,0.0,0.0,1.0,0.0,0.0
17,170,12.0,8.230045962852259,1.0,0.0,0.0,0.0,0.0,0.0
18,170,5.289453417637692,3.911625873853757,0.0,1.0,1.0,0.0,1.0,1.0
19,170,12.0,8.937764934841725,1.0,0.0,1.0,1.0,0.0,0.0
20,170,11.542099787479604,4.536871653798133,1.0,0.0,0.0,1.0,1.0,0.0
21,170,4.037781067803823,0.0,0.0,0.0,0.0,0.0,1.0,1.0
22,170,9.534088994701357,10.391570476820704,0.0,1.0,0.0,1.0,1.0,1.0
23,170,5.435601022701219,10.809055083623129,1.0,1.0,0.0,1.0,1.0,0.0
24,170,10.096546985501863,8.666068387752203,1.0,1.0,1.0,1.0,1.0,0.0
25,170,6.718951355239836,0.2660337570223094,0.0,0.0,1.0,0.0,0.0,1.0
26,170,0.6204115315904114,11.413209950707913,0.0,1.0,0.0,0.0,0.0,0.0
27,170,10.453747511019817,1.821891402369228,0.0,1.0,1.0,1.0,0.0,0.0
28,170,3.581449324083867,11.483950763618308,1.0,0.0,0.0,0.0,0.0,0.0
29,170,4.249361620476723,4.855523963612539,0.0,1.0,0.0,1.0,0.0,0.0
30,170,8.533458681139267,10.97711008041366,1.0,1.0,1.0,1.0,1.0,1.0
31,170,4.947783292704191,9.023598929349957,1.0,1.0,1.0,1.0,1.0,1.0
32,170,7.6960247261638575,8.485342191757436,0.0,0.0,0.0,0.0,1.0,1.0
33,170,5.192681093994362,8.967907896669837,0.0,1.0,1.0,1.0,1.0,1.0
34,170,1.9355410609789845,6.681125381583639,0.0,0.0,1.0,1.0,1.0,1.0
35,170,9.105031489139265,6.764321204597649,0.0,1.0,1.0,0.0,1.0,1.0
36,170,12.0,0.0,0.0,0.0,0.0,1.0,0.0,0.0
37,170,7.11202877549628,10.725625352362009,1.0,0.0,1.0,0.0,0.0,0.0
38,170,2.4022754418458163,12.0,1.0,1.0,1.0,0.0,1.0,0.0
39,170,10.366451007326216,12.0,0.0,0.0,0.0,0.0,0.0,1.0
0,175,11.54388791075537,0.4071217112653362,1.0,1.0,0.0,0.0,0.0,0.0
1,175,12.0,5.078324102177589,0.0,0.0,1.0,0.0,0.0,0.0
2,175,0.3229325225376104,10.750848469427629,1.0,1.0,0.0,0.0,1.0,1.0
3,175,3.4537822596372614,2.391137399488932,0.0,0.0,0.0,0.0,0.0,0.0
4,175,0.837905304362852,0.6242678942778545,0.0,0.0,0.0,0.0,0.0,1.0
5,175,7.006066352734615,2.2338331998132785,1.0,0.0,0.0,0.0,1.0,0.0
6,175,4.001067359768182,3.8172819780239378,0.0,0.0,1.0,0.0,0.0,0.0
7,175,12.0,2.533125482556689,0.0,0.0,1.0,0.0,1.0,0.0
8,175,9.651520315549345,2.059491622114393,1.0,0.0,0.0,0.0,0.0,1.0
9,175,5.495739963233394,1.6908992265838818,0.0,1.0,1.0,0.0,0.0,0.0
10,175,10.07870421635946,7.311685843257201,0.0,0.0,0.0,0.0,0.0,0.0
11,175,0.0,0.1180644838145568,0.0,0.0,0.0,0.0,0.0,0.0
12,175,4.643678487779046,11.647119770142448,1.0,0.0,1.0,0.0,0.0,0.0
13,175,9.228159135455044,5.035923598055509,0.0,0.0,1.0,0.0,0.0,1.0
14,175,2.340758946945401,3.3306897196750302,1.0,1.0,0.0,0.0,1.0,1.0
15,175,10.637075767342292,7.217774051176825,0.0,0.0,0.0,1.0,1.0,1.0
16,175,0.5063071525998708,4.534686262107581,0.0,0.0,0.0,1.0,0.0,0.0
17,175,12.0,8.198252660891987,1.0,0.0,0.0,0.0,0.0,0.0
18,175,5.405818994733327,3.821788610353032,0.0,1.0,1.0,0.0,1.0,1.0
19,175,12.0,9.104925878766442,1.0,0.0,1.0,1.0,0.0,0.0
20,175,11.551186935116563,4.525392139744365,1.0,0.0,0.0,1.0,1.0,0.0
21,175,4.013976967190927,0.0,0.0,0.0,0.0,0.0,1.0,1.0
22,175,9.526248719089512,10.404607168638435,0.0,1.0,0.0,1.0,1.0,1.0
23,175,5.44057254268824,10.866682687922452,1.0,1.0,0.0,1.0,1.0,0.0
24,175,10.031840360248456,8.64911464891518,1.0,1.0,1.0,1.0,1.0,0.0
25,175,6.686886407965401,0.283628077545029,0.0,0.0,1.0,0.0,0.0,1.0
26,175,0.5805892649565538,11.566980537690377,0.0,1.0,0.0,0.0,0.0,0.0
27,175,10.4414029291578,1.828497170898632,0.0,1.0,1.0,1.0,0.0,0.0
28,175,3.573877026823809,11.484424393561014,1.0,0.0,0.0,0.0,0.0,0.0
29,175,4.226556344606336,4.773008869787441,0.0,1.0,0.0,1.0,0.0,0.0
30,175,8.60463992250275,10.99449996106608,1.0,1.0,1.0,1.0,1.0,1.0
31,175,4.807290335404708,8.99560687270291,1.0,1.0,1.0,1.0,1.0,1.0
32,175,7.714988204951199,8.473780383327576,0.0,0.0,0.0,0.0,1.0,1.0
33,175,5.21246666981008,8.964109280178603,0.0,1.0,1.0,1.0,1.0,1.0
34,175,1.9641059881974363,6.79566865857783,0.0,0.0,1.0,1.0,1.0,1.0
35,175,9.021081931404288,6.810261980920018,0.0,1.0,1.0,0.0,1.0,1.0
36,175,12.0,0.0,0.0,0.0,0.0,1.0,0.0,0.0
37,175,7.168229930624015,10.759878052860088,1.0,0.0,1.0,0.0,0.0,0.0
38,175,2.4240988993569808,12.0,1.0,1.0,1.0,0.0,1.0,0.0
39,175,10.42264580243811,12.0,0.0,0.0,0.0,0.0,0.0,1.0
0,180,11.428546502605244,0.2962933208362485,1.0,1.0,0.0,0.0,0.0,0.0
1,180,12.0,5.060573085141887,0.0,0.0,1.0,0.0,0.0,0.0
2,180,0.350250748628474,10.744058129211592,1.0,1.0,0.0,0.0,1.0,1.0
3,180,3.459365662258471,2.359086720585867,0.0,0.0,0.0,0.0,0.0,0.0
4,180,0.8398768901362255,0.6837655582317924,0.0,0.0,0.0,0.0,0.0,1.0
5,180,7.004722412073706,2.224692294459615,1.0,0.0,0.0,0.0,1.0,0.0
6,180,4.036013132812799,3.823372014165946,0.0,0.0,1.0,0.0,0.0,0.0
7,180,12.0,2.530437459827688,0.0,0.0,1.0,0.0,1.0,0.0
8,180,9.657065070753848,2.1201333961165907,1.0,0.0,0.0,0.0,0.0,1.0
9,180,5.485782271795912,1.661019263483559,0.0,1.0,1.0,0.0,0.0,0.0
10,180,10.083631576141192,7.343659332070687,0.0,0.0,0.0,0.0,0.0,0.0
11,180,0.0,0.0677418285615051,0.0,0.0,0.0,0.0,0.0,0.0
12,180,4.605119871330312,11.723626777913704,1.0,0.0,1.0,0.0,0.0,0.0
13,180,9.185896003665434,4.920692356506362,0.0,0.0,1.0,0.0,0.0,1.0
14,180,2.293441844992086,3.3847886790283943,1.0,1.0,0.0,0.0,1.0,1.0
15,180,10.63649056255379,7.216994526795243,0.0,0.0,0.0,1.0,1.0,1.0
16,180,0.5000836597318236,4.513584134435426,0.0,0.0,0.0,1.0,0.0,0.0
17,180,12.0,8.174911011978772,1.0,0.0,0.0,0.0,0.0,0.0
18,180,5.533391608390278,3.7204169586004414,0.0,1.0,1.0,0.0,1.0,1.0
19,180,12.0,9.244960806968662,1.0,0.0,1.0,1.0,0.0,0.0
20,180,11.575082100314502,4.4937491613283385,1.0,0.0,0.0,1.0,1.0,0.0
21,180,3.991332105772341,0.0,0.0,0.0,0.0,0.0,1.0,1.0
22,180,9.519612422593845,10.415418622362422,0.0,1.0,0.0,1.0,1.0,1.0
23,180,5.448974367766799,10.943070577213524,1.0,1.0,0.0,1.0,1.0,0.0
24,180,9.97831282301787,8.635377635511459,1.0,1.0,1.0,1.0,1.0,0.0
25,180,6.650302947852228,0.3031031891871716,0.0,0.0,1.0,0.0,0.0,1.0
26,180,0.5383011048583021,11.73495219214132,0.0,1.0,0.0,0.0,0.0,0.0
27,180,10.403868657760713,1.8494010600184017,0.0,1.0,1.0,1.0,0.0,0.0
28,180,3.5657032542169165,11.48479176175232,1.0,0.0,0.0,0.0,0.0,0.0
29,180,4.205762602371455,4.690850050481433,0.0,1.0,0.0,1.0,0.0,0.0
30,180,8.68127830405472,11.01376115033815,1.0,1.0,1.0,1.0,1.0,1.0
31,180,4.670405903331677,8.969483697325177,1.0,1.0,1.0,1.0,1.0,1.0
32,180,7.755263632521289,8.448483167605108,0.0,0.0,0.0,0.0,1.0,1.0
33,180,5.221625326267088,8.962429383473449,0.0,1.0,1.0,1.0,1.0,1.0
34,180,1.9882508352296036,6.891538059793367,0.0,0.0,1.0,1.0,1.0,1.0
35,180,8.940646397807734,6.85319165368926,0.0,1.0,1.0,0.0,1.0,1.0
36,180,12.0,0.0,0.0,0.0,0.0,1.0,0.0,0.0
37,180,7.247944515891791,10.808207676909168,1.0,0.0,1.0,0.0,0.0,0.0
38,180,2.4476341069743883,12.0,1.0,1.0,1.0,0.0,1.0,0.0
39,180,10.471529639396987,12.0,0.0,0.0,0.0,0.0,0.0,1.0
0,185,11.321734251961754,0.1901325033765772,1.0,1.0,0.0,0.0,0.0,0.0
1,185,12.0,5.040649546551145,0.0,0.0,1.0,0.0,0.0,0.0
2,185,0.3776505371375952,10.737003135393731,1.0,1.0,0.0,0.0,1.0,1.0
3,185,3.4664791684672505,2.320174438966132,0.0,0.0,0.0,0.0,0.0,0.0
4,185,0.8422454587891419,0.7672352383470231,0.0,0.0,0.0,0.0,0.0,1.0
5,185,7.005043266556535,2.2268106052162064,1.0,0.0,0.0,0.0,1.0,0.0
6,185,4.081076292655099,3.829899793146306,0.0,0.0,1.0,0.0,0.0,0.0
7,185,12.0,2.529340121613149,0.0,0.0,1.0,0.0,1.0,0.0
8,185,9.65976039382241,2.157861394778453,1.0,0.0,0.0,0.0,0.0,1.0
9,185,5.474285701550298,1.6253289316440136,0.0,1.0,1.0,0.0,0.0,0.0
10,185,10.08782302104612,7.37089078118183,0.0,0.0,0.0,0.0,0.0,0.0
11,185,0.0,0.0212832247142486,0.0,0.0,0.0,0.0,0.0,0.0
12,185,4.559869816092332,11.811009418284977,1.0,0.0,1.0,0.0,0.0,0.0
13,185,9.154536093280816,4.834254151453356,0.0,0.0,1.0,0.0,0.0,1.0
14,185,2.235444465637155,3.450755375995892,1.0,1.0,0.0,0.0,1.0,1.0
15,185,10.639794826140935,7.221134531828369,0.0,0.0,0.0,1.0,1.0,1.0
16,185,0.4911070488825049,4.485158866491475,0.0,0.0,0.0,1.0,0.0,0.0
17,185,11.966366258005475,8.166320595528795,1.0,0.0,0.0,0.0,0.0,0.0
18,185,5.657637384523681,3.61515596119598,0.0,1.0,1.0,0.0,1.0,1.0
19,185,12.0,9.388383849146436,1.0,0.0,1.0,1.0,0.0,0.0
20,185,11.608998055954102,4.447915229653929,1.0,0.0,0.0,1.0,1.0,0.0
21,185,3.960805232305865,0.0,0.0,0.0,0.0,0.0,1.0,1.0
22,185,9.510509552634565,10.429684502307724,0.0,1.0,0.0,1.0,1.0,1.0
23,185,5.458047927545239,11.010310410552782,1.0,1.0,0.0,1.0,1.0,0.0
24,185,9.92812045372526,8.622704521025321,1.0,1.0,1.0,1.0,1.0,0.0
25,185,6.649489811934834,0.3035331829084771,0.0,0.0,1.0,0.0,0.0,1.0
26,185,0.4970867585032008,11.898506307866011,0.0,1.0,0.0,0.0,0.0,0.0
27,185,10.365733344793709,1.870487915271564,0.0,1.0,1.0,1.0,0.0,0.0
28,185,3.56862431736151,11.484649763267026,1.0,0.0,0.0,0.0,0.0,0.0
29,185,4.179785744928518,4.596569048471884,0.0,1.0,0.0,1.0,0.0,0.0
30,185,8.769349261197085,11.034894575717612,1.0,1.0,1.0,1.0,1.0,1.0
31,185,4.556310315202836,8.945188149880876,1.0,1.0,1.0,1.0,1.0,1.0
32,185,7.795801659145335,8.42150513001966,0.0,0.0,0.0,0.0,1.0,1.0
33,185,5.235435488722619,8.95991332057612,0.0,1.0,1.0,1.0,1.0,1.0
34,185,2.0142291251866866,6.988771754310958,0.0,0.0,1.0,1.0,1.0,1.0
35,185,8.860202963897382,6.897484176172008,0.0,1.0,1.0,0.0,1.0,1.0
36,185,12.0,0.0,0.0,0.0,0.0,1.0,0.0,0.0
37,185,7.34205122545559,10.865509303784636,1.0,0.0,1.0,0.0,0.0,0.0
38,185,2.473642688742117,12.0,1.0,1.0,1.0,0.0,1.0,0.0
39,185,10.51867957074519,12.0,0.0,0.0,0.0,0.0,0.0,1.0
0,190,11.426067816813164,0.0845671895374031,1.0,1.0,0.0,0.0,0.0,0.0
1,190,12.0,5.018909145506556,0.0,0.0,1.0,0.0,0.0,0.0
2,190,0.4028008179689705,10.730581638888594,1.0,1.0,0.0,0.0,1.0,1.0
3,190,3.477354857734176,2.264551235111322,0.0,0.0,0.0,0.0,0.0,0.0
4,190,0.8457956991254552,0.8541171972968322,0.0,0.0,0.0,0.0,0.0,1.0
5,190,7.006630350061856,2.2363098915069117,1.0,0.0,0.0,0.0,1.0,0.0
6,190,4.096314943891333,3.8321469412753033,0.0,0.0,1.0,0.0,0.0,0.0
7,190,12.0,2.533566423267302,0.0,0.0,1.0,0.0,1.0,0.0
8,190,9.662261234468806,2.189769034838923,1.0,0.0,0.0,0.0,0.0,1.0
9,190,5.464675885162466,1.5955802610547083,0.0,1.0,1.0,0.0,0.0,0.0
10,190,10.091493486427176,7.400110598985862,0.0,0.0,0.0,0.0,0.0,0.0
11,190,0.0,0.0,0.0,0.0,0.0,0.0,0.0,0.0
12,190,4.5122941685976325,11.90194238295374,1.0,0.0,1.0,0.0,0.0,0.0
13,190,9.12344371850968,4.747753408463932,0.0,0.0,1.0,0.0,0.0,1.0
14,190,2.168301391497629,3.528632524353624,1.0,1.0,0.0,0.0,1.0,1.0
15,190,10.644577541597863,7.226979401061266,0.0,0.0,0.0,1.0,1.0,1.0
16,190,0.4885149825727299,4.476878845426506,0.0,0.0,0.0,1.0,0.0,0.0
17,190,11.935866762272486,8.158404007254342,1.0,0.0,0.0,0.0,0.0,0.0
18,190,5.781981191268916,3.5097261535784487,0.0,1.0,1.0,0.0,1.0,1.0
19,190,12.0,9.521216895235504,1.0,0.0,1.0,1.0,0.0,0.0
20,190,11.652342061596665,4.390321818024529,1.0,0.0,0.0,1.0,1.0,0.0
21,190,3.942977661334522,0.0,0.0,0.0,0.0,0.0,1.0,1.0
22,190,9.501454787413993,10.443742606834718,0.0,1.0,0.0,1.0,1.0,1.0
23,190,5.470471535789221,11.105664357670172,1.0,1.0,0.0,1.0,1.0,0.0
24,190,9.876549629257887,8.610140213695795,1.0,1.0,1.0,1.0,1.0,0.0
25,190,6.65884819436873,0.2985035248802247,0.0,0.0,1.0,0.0,0.0,1.0
26,190,0.4674710301794454,12.0,0.0,1.0,0.0,0.0,0.0,0.0
27,190,10.30533534491498,1.903948183698708,0.0,1.0,1.0,1.0,0.0,0.0
28,190,3.607613217356598,11.483157721765046,1.0,0.0,0.0,0.0,0.0,0.0
29,190,4.157472167723917,4.511102997594457,0.0,1.0,0.0,1.0,0.0,0.0
30,190,8.87661367743496,11.064754609077758,1.0,1.0,1.0,1.0,1.0,1.0
31,190,4.4396570346287945,8.923210053769655,1.0,1.0,1.0,1.0,1.0,1.0
32,190,7.845098811056774,8.388892884878977,0.0,0.0,0.0,0.0,1.0,1.0
33,190,5.2601471957812285,8.955518432412195,0.0,1.0,1.0,1.0,1.0,1.0
34,190,2.03766119759412,7.078861600874432,0.0,0.0,1.0,1.0,1.0,1.0
35,190,8.783944659088343,6.938505906289003,0.0,1.0,1.0,0.0,1.0,1.0
36,190,12.0,0.0,0.0,0.0,0.0,1.0,0.0,0.0
37,190,7.466857655358275,10.944235817932444,1.0,0.0,1.0,0.0,0.0,0.0
38,190,2.498803266158617,12.0,1.0,1.0,1.0,0.0,1.0,0.0
39,190,10.56786189935722,12.0,0.0,0.0,0.0,0.0,0.0,1.0
0,195,11.544844048655378,0.0,1.0,1.0,0.0,0.0,0.0,0.0
1,195,12.0,4.992929462470798,0.0,0.0,1.0,0.0,0.0,0.0
2,195,0.4155216123922808,10.727235809274925,1.0,1.0,0.0,0.0,1.0,1.0
3,195,3.4817334928745822,2.2430988357206774,0.0,0.0,0.0,0.0,0.0,0.0
4,195,0.8519322974789837,0.9530697722819522,0.0,0.0,0.0,0.0,0.0,1.0
5,195,7.005895730066561,2.231565326438397,1.0,0.0,0.0,0.0,1.0,0.0
6,195,4.098989008959816,3.832535356659549,0.0,0.0,1.0,0.0,0.0,0.0
7,195,12.0,2.541010930264834,0.0,0.0,1.0,0.0,1.0,0.0
8,195,9.665273620955356,2.229036033622309,1.0,0.0,0.0,0.0,0.0,1.0
9,195,5.449910769010191,1.5498826696818766,0.0,1.0,1.0,0.0,0.0,0.0
10,195,10.093535820354274,7.4140679489532255,0.0,0.0,0.0,0.0,0.0,0.0
11,195,0.0,0.0,0.0,0.0,0.0,0.0,0.0,0.0
12,195,4.464747646267207,11.990067478958034,1.0,0.0,1.0,0.0,0.0,0.0
13,195,9.086335936910874,4.635745220216796,0.0,0.0,1.0,0.0,0.0,1.0
14,195,2.1028918369412044,3.6026518564046177,1.0,1.0,0.0,0.0,1.0,1.0
15,195,10.65591033315215,7.240660821177159,0.0,0.0,0.0,1.0,1.0,1.0
16,195,0.4835005354236174,4.459799342193713,0.0,0.0,0.0,1.0,0.0,0.0
17,195,11.89903313241032,8.147760788477479,1.0,0.0,0.0,0.0,0.0,0.0
18,195,5.913206853217666,3.3954562825825687,0.0,1.0,1.0,0.0,1.0,1.0
19,195,11.85677252158301,9.558391949414055,1.0,0.0,1.0,1.0,0.0,0.0
20,195,11.70617276780752,4.31683510617999,1.0,0.0,0.0,1.0,1.0,0.0
21,195,3.9299534645981935,0.0,0.0,0.0,0.0,0.0,1.0,1.0
22,195,9.49411200868192,10.455330730947484,0.0,1.0,0.0,1.0,1.0,1.0
23,195,5.485332279659789,11.210866168688346,1.0,1.0,0.0,1.0,1.0,0.0
24,195,9.818904609024102,8.596763405237262,1.0,1.0,1.0,1.0,1.0,0.0
25,195,6.650882512091308,0.3026656935249,0.0,0.0,1.0,0.0,0.0,1.0
26,195,0.4370310927948561,12.0,0.0,1.0,0.0,0.0,0.0,0.0
27,195,10.263916684259415,1.9249489820398844,0.0,1.0,1.0,1.0,0.0,0.0
28,195,3.638318597748686,11.4818918110843,1.0,0.0,0.0,0.0,0.0,0.0
29,195,4.129391221803595,4.41097062258799,0.0,1.0,0.0,1.0,0.0,0.0
30,195,8.967991185535842,11.088406672419833,1.0,1.0,1.0,1.0,1.0,1.0
31,195,4.320017895133667,8.901466227652056,1.0,1.0,1.0,1.0,1.0,1.0
32,195,7.890783789753355,8.358573232503053,0.0,0.0,0.0,0.0,1.0,1.0
33,195,5.288293765791421,8.950994842114401,0.0,1.0,1.0,1.0,1.0,1.0
34,195,2.0603682743838347,7.168390121533692,0.0,0.0,1.0,1.0,1.0,1.0
35,195,8.705235005674579,6.980253131812485,0.0,1.0,1.0,0.0,1.0,1.0
36,195,12.0,0.0,0.0,0.0,0.0,1.0,0.0,0.0
37,195,7.598989245252568,11.027491329985189,1.0,0.0,1.0,0.0,0.0,0.0
38,195,2.518512149535041,12.0,1.0,1.0,1.0,0.0,1.0,0.0
39,195,10.622337275154567,12.0,0.0,0.0,0.0,0.0,0.0,1.0
0,200,11.646769043200305,0.0,1.0,1.0,0.0,0.0,0.0,0.0
1,200,12.0,4.966168749275163,0.0,0.0,1.0,0.0,0.0,0.0
2,200,0.4297448052798883,10.723308044614589,1.0,1.0,0.0,0.0,1.0,1.0
3,200,3.49594297782112,2.24578867128789,0.0,0.0,0.0,0.0,0.0,0.0
4,200,0.8586537533373853,1.0344561285773688,0.0,0.0,0.0,0.0,0.0,1.0
5,200,7.004791989463124,2.224983619284005,1.0,0.0,0.0,0.0,1.0,0.0
6,200,4.125920782787205,3.836790724951828,0.0,0.0,1.0,0.0,0.0,0.0
7,200,12.0,2.548786207697815,0.0,0.0,1.0,0.0,1.0,0.0
8,200,9.668641549464851,2.282287221399092,1.0,0.0,0.0,0.0,0.0,1.0
9,200,5.432406495316049,1.4987488574955068,0.0,1.0,1.0,0.0,0.0,0.0
10,200,10.097912980200682,7.439842297701094,0.0,0.0,0.0,0.0,0.0,0.0
11,200,0.0,0.0,0.0,0.0,0.0,0.0,0.0,0.0
12,200,4.422184100583404,12.0,1.0,0.0,1.0,0.0,0.0,0.0
13,200,9.052484621101875,4.535240123531156,0.0,0.0,1.0,0.0,0.0,1.0
14,200,2.032948041391505,3.680994910286536,1.0,1.0,0.0,0.0,1.0,1.0
15,200,10.6723528068486,7.2602172744988,0.0,0.0,0.0,1.0,1.0,1.0
16,200,0.4795066983833495,4.44704185290456,0.0,0.0,0.0,1.0,0.0,0.0
17,200,11.88335510144868,8.143125722696022,1.0,0.0,0.0,0.0,0.0,0.0
18,200,6.045884963459595,3.2802132952575747,0.0,1.0,1.0,0.0,1.0,1.0
19,200,11.681740850225298,9.60942019158558,1.0,0.0,1.0,1.0,0.0,0.0
20,200,11.758904033060633,4.245223220996731,1.0,0.0,0.0,1.0,1.0,0.0
21,200,3.909867126403429,0.0,0.0,0.0,0.0,0.0,1.0,1.0
22,200,9.49093162532136,10.460484176406752,0.0,1.0,0.0,1.0,1.0,1.0
23,200,5.49994858965489,11.32039764531451,1.0,1.0,0.0,1.0,1.0,0.0
24,200,9.769683467759846,8.5857946248763,1.0,1.0,1.0,1.0,1.0,0.0
25,200,6.62549813470966,0.3163598349719518,0.0,0.0,1.0,0.0,0.0,1.0
26,200,0.4030661154044213,12.0,0.0,1.0,0.0,0.0,0.0,0.0
27,200,10.228585303203204,1.9437004659010984,0.0,1.0,1.0,1.0,0.0,0.0
28,200,3.66916218028301,11.480583503837243,1.0,0.0,0.0,0.0,0.0,0.0
29,200,4.088401053611643,4.281399970946424,0.0,1.0,0.0,1.0,0.0,0.0
30,200,9.046587743970818,11.107318841136555,1.0,1.0,1.0,1.0,1.0,1.0
31,200,4.202693806346816,8.87828560245657,1.0,1.0,1.0,1.0,1.0,1.0
32,200,7.938410388608236,8.326705414301879,0.0,0.0,0.0,0.0,1.0,1.0
33,200,5.343497014768989,8.942430875161989,0.0,1.0,1.0,1.0,1.0,1.0
34,200,2.0779884955805445,7.24315723671556,0.0,0.0,1.0,1.0,1.0,1.0
35,200,8.6278313945012,7.020008316921752,0.0,1.0,1.0,0.0,1.0,1.0
36,200,12.0,0.0,0.0,0.0,0.0,1.0,0.0,0.0
37,200,7.722972202175894,11.1050759747384,1.0,0.0,1.0,0.0,0.0,0.0
38,200,2.5335609261944563,12.0,1.0,1.0,1.0,0.0,1.0,0.0
39,200,10.679806376241428,12.0,0.0,0.0,0.0,0.0,0.0,1.0
0,205,11.75155451197654,0.0,1.0,1.0,0.0,0.0,0.0,0.0
1,205,12.0,4.942652456808968,0.0,0.0,1.0,0.0,0.0,0.0
2,205,0.4505640685632625,10.7176311422918,1.0,1.0,0.0,0.0,1.0,1.0
3,205,3.502039018820387,2.246922469858582,0.0,0.0,0.0,0.0,0.0,0.0
4,205,0.866100800317822,1.115292536859905,0.0,0.0,0.0,0.0,0.0,1.0
5,205,7.003637043725434,2.218640809878716,1.0,0.0,0.0,0.0,1.0,0.0
6,205,4.159652781210693,3.842309559888324,0.0,0.0,1.0,0.0,0.0,0.0
7,205,12.0,2.557096623200507,0.0,0.0,1.0,0.0,1.0,0.0
8,205,9.672306373314498,2.3394507641528626,1.0,0.0,0.0,0.0,0.0,1.0
9,205,5.416422231347693,1.4537874933868529,0.0,1.0,1.0,0.0,0.0,0.0
10,205,10.10486571215894,7.48412546669823,0.0,0.0,0.0,0.0,0.0,0.0
11,205,0.0,0.0,0.0,0.0,0.0,0.0,0.0,0.0
12,205,4.385655265417176,12.0,1.0,0.0,1.0,0.0,0.0,0.0
13,205,9.0214428770899,4.436616906879749,0.0,0.0,1.0,0.0,0.0,1.0
14,205,1.974250863344787,3.74842374302736,1.0,1.0,0.0,0.0,1.0,1.0
15,205,10.69657400170133,7.289698806150395,0.0,0.0,0.0,1.0,1.0,1.0
16,205,0.4715977962450507,4.422394749941651,0.0,0.0,0.0,1.0,0.0,0.0
17,205,11.867530753165845,8.138081231770588,1.0,0.0,0.0,0.0,0.0,0.0
18,205,6.187316788547858,3.161957000081239,0.0,1.0,1.0,0.0,1.0,1.0
19,205,11.519298854606411,9.656589022387884,1.0,0.0,1.0,1.0,0.0,0.0
20,205,11.812230507120509,4.171398506197386,1.0,0.0,0.0,1.0,1.0,0.0
21,205,3.873266954985344,0.0,0.0,0.0,0.0,0.0,1.0,1.0
22,205,9.487033629093212,10.466734568845062,0.0,1.0,0.0,1.0,1.0,1.0
23,205,5.515898051688212,11.456285010593676,1.0,1.0,0.0,1.0,1.0,0.0
24,205,9.732516112579004,8.576470983875934,1.0,1.0,1.0,1.0,1.0,0.0
25,205,6.600164944450205,0.3298590138799033,0.0,0.0,1.0,0.0,0.0,1.0
26,205,0.3663117478185453,12.0,0.0,1.0,0.0,0.0,0.0,0.0
27,205,10.200599208725253,1.9578580768350835,0.0,1.0,1.0,1.0,0.0,0.0
28,205,3.698911442363124,11.479086905213869,1.0,0.0,0.0,0.0,0.0,0.0
29,205,4.0417375224611565,4.144133109962848,0.0,1.0,0.0,1.0,0.0,0.0
30,205,9.146250375137546,11.130948262130005,1.0,1.0,1.0,1.0,1.0,1.0
31,205,4.04493729824121,8.846177718420158,1.0,1.0,1.0,1.0,1.0,1.0
32,205,7.972721583481075,8.304529857539737,0.0,0.0,0.0,0.0,1.0,1.0
33,205,5.40835149997675,8.930621663968957,0.0,1.0,1.0,1.0,1.0,1.0
34,205,2.095612892198749,7.320548562326914,0.0,0.0,1.0,1.0,1.0,1.0
35,205,8.532179353869102,7.071127222857346,0.0,1.0,1.0,0.0,1.0,1.0
36,205,12.0,0.0,0.0,0.0,0.0,1.0,0.0,0.0
37,205,7.8525770719061505,11.190532241959335,1.0,0.0,1.0,0.0,0.0,0.0
38,205,2.545204911948182,12.0,1.0,1.0,1.0,0.0,1.0,0.0
39,205,10.729990798097788,12.0,0.0,0.0,0.0,0.0,0.0,1.0
0,210,11.8690216618956,0.0,1.0,1.0,0.0,0.0,0.0,0.0
1,210,12.0,4.9120062665517805,0.0,0.0,1.0,0.0,0.0,0.0
2,210,0.4552498440712995,10.71636176815618,1.0,1.0,0.0,0.0,1.0,1.0
3,210,3.5027208517979576,2.2470407728215034,0.0,0.0,0.0,0.0,0.0,0.0
4,210,0.873891195102628,1.210336924134783,0.0,0.0,0.0,0.0,0.0,1.0
5,210,7.000888041519976,2.203423179347132,1.0,0.0,0.0,0.0,1.0,0.0
6,210,4.187740597653124,3.8461847168235193,0.0,0.0,1.0,0.0,0.0,0.0
7,210,12.0,2.565696259367117,0.0,0.0,1.0,0.0,1.0,0.0
8,210,9.675298792822492,2.3950292832373496,1.0,0.0,0.0,0.0,0.0,1.0
9,210,5.400815674792379,1.4119375631902198,0.0,1.0,1.0,0.0,0.0,0.0
10,210,10.112418484151975,7.530248443543612,0.0,0.0,0.0,0.0,0.0,0.0
11,210,0.0,0.0,0.0,0.0,0.0,0.0,0.0,0.0
12,210,4.354449257089222,12.0,1.0,0.0,1.0,0.0,0.0,0.0
13,210,9.003195869510886,4.373793600975566,0.0,0.0,1.0,0.0,0.0,1.0
14,210,1.9240722922127809,3.806357317730141,1.0,1.0,0.0,0.0,1.0,1.0
15,210,10.727109999146828,7.327657700821692,0.0,0.0,0.0,1.0,1.0,1.0
16,210,0.4669015045408057,4.4080241254725925,0.0,0.0,0.0,1.0,0.0,0.0
17,210,11.856420657531796,8.134307999375237,1.0,0.0,0.0,0.0,0.0,0.0
18,210,6.31494962122815,3.0522470751437583,0.0,1.0,1.0,0.0,1.0,1.0
19,210,11.373911240757764,9.697051781255462,1.0,0.0,1.0,1.0,0.0,0.0
20,210,11.866959544863125,4.0964660590492326,1.0,0.0,0.0,1.0,1.0,0.0
21,210,3.8487710259972734,0.0,0.0,0.0,0.0,0.0,1.0,1.0
22,210,9.481838977267335,10.474487787194857,0.0,1.0,0.0,1.0,1.0,1.0
23,210,5.53057640794102,11.591934688011792,1.0,1.0,0.0,1.0,1.0,0.0
24,210,9.682558090592195,8.563973441475982,1.0,1.0,1.0,1.0,1.0,0.0
25,210,6.598826630447241,0.3306072018572887,0.0,0.0,1.0,0.0,0.0,1.0
26,210,0.3325800475830905,12.0,0.0,1.0,0.0,0.0,0.0,0.0
27,210,10.157943836330295,1.9802694509851104,0.0,1.0,1.0,1.0,0.0,0.0
28,210,3.7541048818235008,11.47786122450614,1.0,0.0,0.0,0.0,0.0,0.0
29,210,3.9896102400598847,3.9962937148533473,0.0,1.0,0.0,1.0,0.0,0.0
30,210,9.246490031832078,11.156097229495543,1.0,1.0,1.0,1.0,1.0,1.0
31,210,3.872321897145552,8.813263694027272,1.0,1.0,1.0,1.0,1.0,1.0
32,210,8.011502620166384,8.280379130837051,0.0,0.0,0.0,0.0,1.0,1.0
33,210,5.417456131094289,8.983075308491976,0.0,1.0,1.0,1.0,1.0,1.0
34,210,2.1108692620905694,7.396769437506163,0.0,0.0,1.0,1.0,1.0,1.0
35,210,8.430647923192474,7.123232912864742,0.0,1.0,1.0,0.0,1.0,1.0
36,210,12.0,0.0,0.0,0.0,0.0,1.0,0.0,0.0
37,210,7.973770538485994,11.273657849372004,1.0,0.0,1.0,0.0,0.0,0.0
38,210,2.556626651187273,12.0,1.0,1.0,1.0,0.0,1.0,0.0
39,210,10.775369647256433,12.0,0.0,0.0,0.0,0.0,0.0,1.0
0,215,11.978801719409605,0.0,1.0,1.0,0.0,0.0,0.0,0.0
1,215,12.0,4.877855926929793,0.0,0.0,1.0,0.0,0.0,0.0
2,215,0.4686851997868451,10.712691180086232,1.0,1.0,0.0,0.0,1.0,1.0
3,215,3.483767879464746,2.2436677811131407,0.0,0.0,0.0,0.0,0.0,0.0
4,215,0.887591108902177,1.3101485671605375,0.0,0.0,0.0,0.0,0.0,1.0
5,215,6.999738250120264,2.197105348662632,1.0,0.0,0.0,0.0,1.0,0.0
6,215,4.2002955165534175,3.847831349754383,0.0,0.0,1.0,0.0,0.0,0.0
7,215,12.0,2.575972406773184,0.0,0.0,1.0,0.0,1.0,0.0
8,215,9.67710197893592,2.4492193235544746,1.0,0.0,0.0,0.0,0.0,1.0
9,215,5.391653885787514,1.3881858030685563,0.0,1.0,1.0,0.0,0.0,0.0
10,215,10.118180803945188,7.563537979874029,0.0,0.0,0.0,0.0,0.0,0.0
11,215,0.0,0.0,0.0,0.0,0.0,0.0,0.0,0.0
12,215,4.324956062861606,12.0,1.0,0.0,1.0,0.0,0.0,0.0
13,215,8.987187101581712,4.316853719517844,0.0,0.0,1.0,0.0,0.0,1.0
14,215,1.867237210908001,3.8693961422174623,1.0,1.0,0.0,0.0,1.0,1.0
15,215,10.770975315007686,7.383116996178642,0.0,0.0,0.0,1.0,1.0,1.0
16,215,0.4593861277941127,4.385914248008142,0.0,0.0,0.0,1.0,0.0,0.0
17,215,11.863513813240486,8.136532895869212,1.0,0.0,0.0,0.0,0.0,0.0
18,215,6.445899599983892,2.9400982087348573,0.0,1.0,1.0,0.0,1.0,1.0
19,215,11.212857025583435,9.739772707222166,1.0,0.0,1.0,1.0,0.0,0.0
20,215,11.921577205107786,4.021668940176435,1.0,0.0,0.0,1.0,1.0,0.0
21,215,3.845896600311855,0.0,0.0,0.0,0.0,0.0,1.0,1.0
22,215,9.478345323457898,10.479666313426714,0.0,1.0,0.0,1.0,1.0,1.0
23,215,5.544289447985405,11.706782384502583,1.0,1.0,0.0,1.0,1.0,0.0
24,215,9.623409682360297,8.54734598471205,1.0,1.0,1.0,1.0,1.0,0.0
25,215,6.592306075368239,0.3340453109203882,0.0,0.0,1.0,0.0,0.0,1.0
26,215,0.2940857353608213,12.0,0.0,1.0,0.0,0.0,0.0,0.0
27,215,10.11485553054373,2.004362216988772,0.0,1.0,1.0,1.0,0.0,0.0
28,215,3.815993770380182,11.475691213265286,1.0,0.0,0.0,0.0,0.0,0.0
29,215,3.934200424525096,3.840733938500197,0.0,1.0,0.0,1.0,0.0,0.0
30,215,9.344507800199588,11.184339024271363,1.0,1.0,1.0,1.0,1.0,1.0
31,215,3.686130805522717,8.772388361449067,1.0,1.0,1.0,1.0,1.0,1.0
32,215,8.066357641132818,8.24455908253083,0.0,0.0,0.0,0.0,1.0,1.0
33,215,5.426932349949308,9.038620976192597,0.0,1.0,1.0,1.0,1.0,1.0
34,215,2.1270227662214363,7.469011626729476,0.0,0.0,1.0,1.0,1.0,1.0
35,215,8.335307505978944,7.173163803354671,0.0,1.0,1.0,0.0,1.0,1.0
36,215,12.0,0.0,0.0,0.0,0.0,1.0,0.0,0.0
37,215,8.095338895469405,11.359376397478838,1.0,0.0,1.0,0.0,0.0,0.0
38,215,2.5678821372902942,12.0,1.0,1.0,1.0,0.0,1.0,0.0
39,215,10.82100538511634,12.0,0.0,0.0,0.0,0.0,0.0,1.0
0,220,12.0,0.0,1.0,1.0,0.0,0.0,0.0,0.0
1,220,12.0,4.8379814505723,0.0,0.0,1.0,0.0,0.0,0.0
2,220,0.4826831496014814,10.709061615554573,1.0,1.0,0.0,0.0,1.0,1.0
3,220,3.464176593667588,2.24006611935305,0.0,0.0,0.0,0.0,0.0,0.0
4,220,0.8992483856334211,1.413540803956967,0.0,0.0,0.0,0.0,0.0,1.0
5,220,6.999052328847926,2.192611986637672,1.0,0.0,0.0,0.0,1.0,0.0
6,220,4.1944876134076745,3.847026290003114,0.0,0.0,1.0,0.0,0.0,0.0
7,220,12.0,2.5902439543333653,0.0,0.0,1.0,0.0,1.0,0.0
8,220,9.681176625401008,2.529103518350005,1.0,0.0,0.0,0.0,0.0,1.0
9,220,5.379890973694508,1.3562411414907911,0.0,1.0,1.0,0.0,0.0,0.0
10,220,10.122560384112465,7.588814122110258,0.0,0.0,0.0,0.0,0.0,0.0
11,220,0.0,0.0,0.0,0.0,0.0,0.0,0.0,0.0
12,220,4.296007148139401,12.0,1.0,0.0,1.0,0.0,0.0,0.0
13,220,8.971635116019455,4.261018548659769,0.0,0.0,1.0,0.0,0.0,1.0
14,220,1.80843095516649,3.9335244948522554,1.0,1.0,0.0,0.0,1.0,1.0
15,220,10.828243862978775,7.455598853706642,0.0,0.0,0.0,1.0,1.0,1.0
16,220,0.4492892143338032,4.356889126401692,0.0,0.0,0.0,1.0,0.0,0.0
17,220,11.870548797664377,8.138747060753873,1.0,0.0,0.0,0.0,0.0,0.0
18,220,6.338086413141394,2.816157315346151,0.0,1.0,1.0,0.0,1.0,1.0
19,220,11.057505610134085,9.78151081505659,1.0,0.0,1.0,1.0,0.0,0.0
20,220,11.854922403805984,3.971924408870892,1.0,0.0,0.0,1.0,1.0,0.0
21,220,3.832921875764207,0.0,0.0,0.0,0.0,0.0,1.0,1.0
22,220,9.47677687965277,10.482002334238254,0.0,1.0,0.0,1.0,1.0,1.0
23,220,5.568475979631448,11.845139065602725,1.0,1.0,0.0,1.0,1.0,0.0
24,220,9.57464541804592,8.534331357477308,1.0,1.0,1.0,1.0,1.0,0.0
25,220,6.590963603509515,0.3347185335736954,0.0,0.0,1.0,0.0,0.0,1.0
26,220,0.256521425044313,12.0,0.0,1.0,0.0,0.0,0.0,0.0
27,220,10.100631540020316,2.012686231756043,0.0,1.0,1.0,1.0,0.0,0.0
28,220,3.870883219647781,11.471860860389484,1.0,0.0,0.0,0.0,0.0,0.0
29,220,3.8820221624307902,3.693564212958224,0.0,1.0,0.0,1.0,0.0,0.0
30,220,9.44299855821534,11.212056653711644,1.0,1.0,1.0,1.0,1.0,1.0
31,220,3.490817379272268,8.731262022242962,1.0,1.0,1.0,1.0,1.0,1.0
32,220,8.120122318696785,8.210812606048584,0.0,0.0,0.0,0.0,1.0,1.0
33,220,5.440639310345531,9.132973486023136,0.0,1.0,1.0,1.0,1.0,1.0
34,220,2.1427673526255977,7.54364745234578,0.0,0.0,1.0,1.0,1.0,1.0
35,220,8.23883424701742,7.224153264403551,0.0,1.0,1.0,0.0,1.0,1.0
36,220,12.0,0.0,0.0,0.0,0.0,1.0,0.0,0.0
37,220,8.185286281068175,11.423311991879874,1.0,0.0,1.0,0.0,0.0,0.0
38,220,2.5785189098571744,12.0,1.0,1.0,1.0,0.0,1.0,0.0
39,220,10.869757651775004,12.0,0.0,0.0,0.0,0.0,0.0,1.0
0,225,12.0,0.0,1.0,1.0,0.0,0.0,0.0,0.0
1,225,12.0,4.793064919253776,0.0,0.0,1.0,0.0,0.0,0.0
2,225,0.5268648139906116,10.699199646320125,1.0,1.0,0.0,0.0,1.0,1.0
3,225,3.469661741721976,2.2410737756905097,0.0,0.0,0.0,0.0,0.0,0.0
4,225,0.9083634420648892,1.5263825097612125,0.0,0.0,0.0,0.0,0.0,1.0
5,225,7.00259721232971,2.2137689430370924,1.0,0.0,0.0,0.0,1.0,0.0
6,225,4.20806781898764,3.848514870326191,0.0,0.0,1.0,0.0,0.0,0.0
7,225,12.0,2.6043624019889093,0.0,0.0,1.0,0.0,1.0,0.0
8,225,9.68563531644516,2.624323354038699,1.0,0.0,0.0,0.0,0.0,1.0
9,225,5.371926138573232,1.335140670576344,0.0,1.0,1.0,0.0,0.0,0.0
10,225,10.129653945002286,7.626343255144236,0.0,0.0,0.0,0.0,0.0,0.0
11,225,0.0,0.0,0.0,0.0,0.0,0.0,0.0,0.0
12,225,4.257138268690344,12.0,1.0,0.0,1.0,0.0,0.0,0.0
13,225,8.957197637199004,4.21305182914043,0.0,0.0,1.0,0.0,0.0,1.0
14,225,1.7438678091115,4.006065869673275,1.0,1.0,0.0,0.0,1.0,1.0
15,225,10.898907246408124,7.537932412289747,0.0,0.0,0.0,1.0,1.0,1.0
16,225,0.4326748863108633,4.304533274563606,0.0,0.0,0.0,1.0,0.0,0.0
17,225,11.87239471858177,8.13924989303573,1.0,0.0,0.0,0.0,0.0,0.0
18,225,6.224427177687373,2.689749840128808,0.0,1.0,1.0,0.0,1.0,1.0
19,225,10.889702261074,9.825464342637112,1.0,0.0,1.0,1.0,0.0,0.0
20,225,11.767091104257014,3.905548969352437,1.0,0.0,0.0,1.0,1.0,0.0
21,225,3.8326116612265344,0.0,0.0,0.0,0.0,0.0,1.0,1.0
22,225,9.47492799903322,10.484742896832614,0.0,1.0,0.0,1.0,1.0,1.0
23,225,5.591625027455358,11.985859115931872,1.0,1.0,0.0,1.0,1.0,0.0
24,225,9.51966364315,8.520166442558043,1.0,1.0,1.0,1.0,1.0,0.0
25,225,6.57701820739282,0.3420427313990433,0.0,0.0,1.0,0.0,0.0,1.0
26,225,0.2161323055013038,12.0,0.0,1.0,0.0,0.0,0.0,0.0
27,225,10.105234139963112,2.0100973190657925,0.0,1.0,1.0,1.0,0.0,0.0
28,225,3.930322460412523,11.468387387230528,1.0,0.0,0.0,0.0,0.0,0.0
29,225,3.823889506295423,3.537558630549625,0.0,1.0,0.0,1.0,0.0,0.0
30,225,9.54547901306556,11.239752334494607,1.0,1.0,1.0,1.0,1.0,1.0
31,225,3.306022804151325,8.6879891655029,1.0,1.0,1.0,1.0,1.0,1.0
32,225,8.197088892187027,8.159239999442468,0.0,0.0,0.0,0.0,1.0,1.0
33,225,5.454976199066506,9.217306900794284,0.0,1.0,1.0,1.0,1.0,1.0
34,225,2.247908036204183,7.521344190305195,0.0,0.0,1.0,1.0,1.0,1.0
35,225,8.121802519326478,7.284386407197264,0.0,1.0,1.0,0.0,1.0,1.0
36,225,12.0,0.0,0.0,0.0,0.0,1.0,0.0,0.0
37,225,8.271132298728958,11.484925586712386,1.0,0.0,1.0,0.0,0.0,0.0
38,225,2.5885505287024317,12.0,1.0,1.0,1.0,0.0,1.0,0.0
39,225,10.927562791820444,12.0,0.0,0.0,0.0,0.0,0.0,1.0
0,230,12.0,0.0,1.0,1.0,0.0,0.0,0.0,0.0
1,230,12.0,4.963479861643327,0.0,0.0,1.0,0.0,0.0,0.0
2,230,0.5781352817309049,10.687391105767365,1.0,1.0,0.0,0.0,1.0,1.0
3,230,3.4903908811779485,2.2452298811267357,0.0,0.0,0.0,0.0,0.0,0.0
4,230,0.9161208809289668,1.649242528623032,0.0,0.0,0.0,0.0,0.0,1.0
5,230,7.006557918408343,2.235462110301982,1.0,0.0,0.0,0.0,1.0,0.0
6,230,4.227113064256877,3.85083224444252,0.0,0.0,1.0,0.0,0.0,0.0
7,230,12.0,2.6209758914294614,0.0,0.0,1.0,0.0,1.0,0.0
8,230,9.690285149832649,2.726467554554864,1.0,0.0,0.0,0.0,0.0,1.0
9,230,5.369147404005699,1.32729545321937,0.0,1.0,1.0,0.0,0.0,0.0
10,230,10.1325305540196,7.644182056397532,0.0,0.0,0.0,0.0,0.0,0.0
11,230,0.0,0.0,0.0,0.0,0.0,0.0,0.0,0.0
12,230,4.201235310282817,12.0,1.0,0.0,1.0,0.0,0.0,0.0
13,230,8.938928052313035,4.155038753202093,0.0,0.0,1.0,0.0,0.0,1.0
14,230,1.6873539679961391,4.069123128631568,1.0,1.0,0.0,0.0,1.0,1.0
15,230,10.969760377971625,7.6189794713852335,0.0,0.0,0.0,1.0,1.0,1.0
16,230,0.4128302584727574,4.242975960302695,0.0,0.0,0.0,1.0,0.0,0.0
17,230,11.878160850308204,8.140937990570555,1.0,0.0,0.0,0.0,0.0,0.0
18,230,6.106721148394797,2.549859510663084,0.0,1.0,1.0,0.0,1.0,1.0
19,230,10.72076146167994,9.8748876645139,1.0,0.0,1.0,1.0,0.0,0.0
20,230,11.674170436162516,3.8365352072978327,1.0,0.0,0.0,1.0,1.0,0.0
21,230,3.827359445702482,0.0,0.0,0.0,0.0,0.0,1.0,1.0
22,230,9.472513549652804,10.488257584875337,0.0,1.0,0.0,1.0,1.0,1.0
23,230,5.611538422665918,12.0,1.0,1.0,0.0,1.0,1.0,0.0
24,230,9.473020765197989,8.50894369456256,1.0,1.0,1.0,1.0,1.0,0.0
25,230,6.54930716635845,0.3561381328418412,0.0,0.0,1.0,0.0,0.0,1.0
26,230,0.175790638601009,12.0,0.0,1.0,0.0,0.0,0.0,0.0
27,230,10.115127098447113,2.004871976109461,0.0,1.0,1.0,1.0,0.0,0.0
28,230,4.01333459157353,11.46480393282165,1.0,0.0,0.0,0.0,0.0,0.0
29,230,3.7694865773611017,3.38743873565148,0.0,1.0,0.0,1.0,0.0,0.0
30,230,9.645690132615902,11.267954894534178,1.0,1.0,1.0,1.0,1.0,1.0
31,230,3.129402478766555,8.644543275462613,1.0,1.0,1.0,1.0,1.0,1.0
32,230,8.282394409052873,8.104593023433724,0.0,0.0,0.0,0.0,1.0,1.0
33,230,5.470366767003174,9.313663112520736,0.0,1.0,1.0,1.0,1.0,1.0
34,230,2.373746339958372,7.49740058985275,0.0,0.0,1.0,1.0,1.0,1.0
35,230,8.003969025925194,7.346514059533757,0.0,1.0,1.0,0.0,1.0,1.0
36,230,12.0,0.0,0.0,0.0,0.0,1.0,0.0,0.0
37,230,8.365813098107546,11.554581542497854,1.0,0.0,1.0,0.0,0.0,0.0
38,230,2.5988468209705538,12.0,1.0,1.0,1.0,0.0,1.0,0.0
39,230,10.975422557585288,12.0,0.0,0.0,0.0,0.0,0.0,1.0
0,235,12.0,0.0,1.0,1.0,0.0,0.0,0.0,0.0
1,235,12.0,5.125766873703553,0.0,0.0,1.0,0.0,0.0,0.0
2,235,0.5660182742368591,10.628325159640614,1.0,1.0,0.0,0.0,1.0,1.0
3,235,3.5139409778266617,2.249715104229045,0.0,0.0,0.0,0.0,0.0,0.0
4,235,1.0327322230615468,1.6413139141429942,0.0,0.0,0.0,0.0,0.0,1.0
5,235,7.015242660286069,2.2339549981926297,1.0,0.0,0.0,0.0,1.0,0.0
6,235,4.239300224677807,3.8522516328079393,0.0,0.0,1.0,0.0,0.0,0.0
7,235,12.0,2.6367483322329743,0.0,0.0,1.0,0.0,1.0,0.0
8,235,9.695975786399703,2.850635506124015,1.0,0.0,0.0,0.0,0.0,1.0
9,235,5.360850217309364,1.3040645405225366,0.0,1.0,1.0,0.0,0.0,0.0
10,235,10.137399005498995,7.672544299386189,0.0,0.0,0.0,0.0,0.0,0.0
11,235,0.0,0.0,0.0,0.0,0.0,0.0,0.0,0.0
12,235,4.1478013744367725,12.0,1.0,0.0,1.0,0.0,0.0,0.0
13,235,8.925343432589809,4.110004563847928,0.0,0.0,1.0,0.0,0.0,1.0
14,235,1.6500662689521608,4.112343203972195,1.0,1.0,0.0,0.0,1.0,1.0
15,235,11.035724543278912,7.695282784686708,0.0,0.0,0.0,1.0,1.0,1.0
16,235,0.3922940553538958,4.177584271159566,0.0,0.0,0.0,1.0,0.0,0.0
17,235,11.887583836343154,8.143740959976306,1.0,0.0,0.0,0.0,0.0,0.0
18,235,5.989169439279797,2.4042052993001373,0.0,1.0,1.0,0.0,1.0,1.0
19,235,10.568673612483131,9.921700391272337,1.0,0.0,1.0,1.0,0.0,0.0
20,235,11.586806245997307,3.770402884713447,1.0,0.0,0.0,1.0,1.0,0.0
21,235,3.812220245260433,0.0,0.0,0.0,0.0,0.0,1.0,1.0
22,235,9.47193148007294,10.489225484121109,0.0,1.0,0.0,1.0,1.0,1.0
23,235,5.632705267579536,12.0,1.0,1.0,0.0,1.0,1.0,0.0
24,235,9.426365211373415,8.498157275009882,1.0,1.0,1.0,1.0,1.0,0.0
25,235,6.517816116092324,0.3722229758557367,0.0,0.0,1.0,0.0,0.0,1.0
26,235,0.1393950558718679,12.0,0.0,1.0,0.0,0.0,0.0,0.0
27,235,10.110270456453216,2.0073840320225504,0.0,1.0,1.0,1.0,0.0,0.0
28,235,4.097689003703243,11.461501982623338,1.0,0.0,0.0,0.0,0.0,0.0
29,235,3.7194742197252832,3.2395013681272937,0.0,1.0,0.0,1.0,0.0,0.0
30,235,9.74377918480581,11.296041758884972,1.0,1.0,1.0,1.0,1.0,1.0
31,235,2.94590005268398,8.59424171359792,1.0,1.0,1.0,1.0,1.0,1.0
32,235,8.35790917174077,8.054777488582578,0.0,0.0,0.0,0.0,1.0,1.0
33,235,5.485594179958844,9.409350065427097,0.0,1.0,1.0,1.0,1.0,1.0
34,235,2.5265577216179773,7.467996720117655,0.0,0.0,1.0,1.0,1.0,1.0
35,235,7.9015230903615,7.402010707145355,0.0,1.0,1.0,0.0,1.0,1.0
36,235,12.0,0.0,0.0,0.0,0.0,1.0,0.0,0.0
37,235,8.28651096961483,11.657694933881256,1.0,0.0,1.0,0.0,0.0,0.0
38,235,2.6080542117518544,12.0,1.0,1.0,1.0,0.0,1.0,0.0
39,235,11.018380297672625,12.0,0.0,0.0,0.0,0.0,0.0,1.0
0,240,12.0,0.0,1.0,1.0,0.0,0.0,0.0,0.0
1,240,12.0,5.0739246353139045,0.0,0.0,1.0,0.0,0.0,0.0
2,240,0.5563320672269552,10.577822786347491,1.0,1.0,0.0,0.0,1.0,1.0
3,240,3.548413690106675,2.256594548517117,0.0,0.0,0.0,0.0,0.0,0.0
4,240,1.1615986281605206,1.633410100369458,0.0,0.0,0.0,0.0,0.0,1.0
5,240,7.025947987442155,2.2318733711720435,1.0,0.0,0.0,0.0,1.0,0.0
6,240,4.248525801290556,3.853370957950225,0.0,0.0,1.0,0.0,0.0,0.0
7,240,12.0,2.6516495970035963,0.0,0.0,1.0,0.0,1.0,0.0
8,240,9.703890005533449,2.9827291494096557,1.0,0.0,0.0,0.0,0.0,1.0
9,240,5.35288852485615,1.2817243001946206,0.0,1.0,1.0,0.0,0.0,0.0
10,240,10.140490517554326,7.6893524465130305,0.0,0.0,0.0,0.0,0.0,0.0
11,240,0.0,0.0,0.0,0.0,0.0,0.0,0.0,0.0
12,240,4.099815897872546,12.0,1.0,0.0,1.0,0.0,0.0,0.0
13,240,8.91970989041508,4.091387956459388,0.0,0.0,1.0,0.0,0.0,1.0
14,240,1.6148716151595184,4.152987810263988,1.0,1.0,0.0,0.0,1.0,1.0
15,240,11.088912239792002,7.755971939111974,0.0,0.0,0.0,1.0,1.0,1.0
16,240,0.3674513530247993,4.093590361875341,0.0,0.0,0.0,1.0,0.0,0.0
17,240,11.875167998929385,8.14015382119058,1.0,0.0,0.0,0.0,0.0,0.0
18,240,5.865230495252431,2.259394832844134,0.0,1.0,1.0,0.0,1.0,1.0
19,240,10.436863413954631,9.96335236901025,1.0,0.0,1.0,1.0,0.0,0.0
20,240,11.49578321708836,3.7025796349657214,1.0,0.0,0.0,1.0,1.0,0.0
21,240,3.786347554821392,0.0,0.0,0.0,0.0,0.0,1.0,1.0
22,240,9.462163708405155,10.506279896820942,0.0,1.0,0.0,1.0,1.0,1.0
23,240,5.657454791405027,12.0,1.0,1.0,0.0,1.0,1.0,0.0
24,240,9.37732079723487,8.487153190782342,1.0,1.0,1.0,1.0,1.0,0.0
25,240,6.4772416613109725,0.3936514199904465,0.0,0.0,1.0,0.0,0.0,1.0
26,240,0.1136364543014339,12.0,0.0,1.0,0.0,0.0,0.0,0.0
27,240,10.106861890544396,2.009157494710744,0.0,1.0,1.0,1.0,0.0,0.0
28,240,4.170253634942239,11.46034127318307,1.0,0.0,0.0,0.0,0.0,0.0
29,240,3.668808073658081,3.090493508156653,0.0,1.0,0.0,1.0,0.0,0.0
30,240,9.83104215857556,11.32014680108416,1.0,1.0,1.0,1.0,1.0,1.0
31,240,2.767901853792962,8.537951769694205,1.0,1.0,1.0,1.0,1.0,1.0
32,240,8.441494922774341,7.998123701426601,0.0,0.0,0.0,0.0,1.0,1.0
33,240,5.504037213187471,9.527941163879367,0.0,1.0,1.0,1.0,1.0,1.0
34,240,2.691990299914856,7.436663371772474,0.0,0.0,1.0,1.0,1.0,1.0
35,240,7.796494752855148,7.462385426427557,0.0,1.0,1.0,0.0,1.0,1.0
36,240,12.0,0.0,0.0,0.0,0.0,1.0,0.0,0.0
37,240,8.202050981949322,11.760161677884426,1.0,0.0,1.0,0.0,0.0,0.0
38,240,2.611643595359733,12.0,1.0,1.0,1.0,0.0,1.0,0.0
39,240,11.048473437042391,12.0,0.0,0.0,0.0,0.0,0.0,1.0
0,245,12.0,0.0,1.0,1.0,0.0,0.0,0.0,0.0
1,245,12.0,5.018607700490644,0.0,0.0,1.0,0.0,0.0,0.0
2,245,0.5493636052192927,10.543063150558234,1.0,1.0,0.0,0.0,1.0,1.0
3,245,3.5843240672811363,2.264366651683913,0.0,0.0,0.0,0.0,0.0,0.0
4,245,1.289898381013317,1.6270505634526065,0.0,0.0,0.0,0.0,0.0,1.0
5,245,7.035137186193406,2.2298522764380784,1.0,0.0,0.0,0.0,1.0,0.0
6,245,4.267062135666073,3.855972099816341,0.0,0.0,1.0,0.0,0.0,0.0
7,245,12.0,2.665876054291056,0.0,0.0,1.0,0.0,1.0,0.0
8,245,9.712947434594946,3.112244317522091,1.0,0.0,0.0,0.0,0.0,1.0
9,245,5.342073237198964,1.2500302398251866,0.0,1.0,1.0,0.0,0.0,0.0
10,245,10.143283304105887,7.705922592425773,0.0,0.0,0.0,0.0,0.0,0.0
11,245,0.0,0.0,0.0,0.0,0.0,0.0,0.0,0.0
12,245,4.037985183934701,12.0,1.0,0.0,1.0,0.0,0.0,0.0
13,245,8.916206294575462,4.080466876505524,0.0,0.0,1.0,0.0,0.0,1.0
14,245,1.5750257217369708,4.200599289104766,1.0,1.0,0.0,0.0,1.0,1.0
15,245,11.14549708212025,7.820835915240191,0.0,0.0,0.0,1.0,1.0,1.0
16,245,0.3408247640326903,4.004143061185032,0.0,0.0,0.0,1.0,0.0,0.0
17,245,11.8566311942474,8.134692730284247,1.0,0.0,0.0,0.0,0.0,0.0
18,245,5.745586316504182,2.1238007065054934,0.0,1.0,1.0,0.0,1.0,1.0
19,245,10.322302739207007,10.000298668446955,1.0,0.0,1.0,1.0,0.0,0.0
20,245,11.394697951082495,3.6292893010481313,1.0,0.0,0.0,1.0,1.0,0.0
21,245,3.76938893735445,0.0,0.0,0.0,0.0,0.0,1.0,1.0
22,245,9.4648384177373,10.501381172205235,0.0,1.0,0.0,1.0,1.0,1.0
23,245,5.504907460625221,12.0,1.0,1.0,0.0,1.0,1.0,0.0
24,245,9.314972264123917,8.474767028634032,1.0,1.0,1.0,1.0,1.0,0.0
25,245,6.446868081000442,0.4089097239645934,0.0,0.0,1.0,0.0,0.0,1.0
26,245,0.0837755517919824,12.0,0.0,1.0,0.0,0.0,0.0,0.0
27,245,10.131509821336309,1.9970526487925,0.0,1.0,1.0,1.0,0.0,0.0
28,245,4.236892470400453,11.45881426387421,1.0,0.0,0.0,0.0,0.0,0.0
29,245,3.614093041621112,2.9468113137184826,0.0,1.0,0.0,1.0,0.0,0.0
30,245,9.932784123173487,11.35138121487749,1.0,1.0,1.0,1.0,1.0,1.0
31,245,2.607016789393422,8.490228034070164,1.0,1.0,1.0,1.0,1.0,1.0
32,245,8.515131518241535,7.950846115735515,0.0,0.0,0.0,0.0,1.0,1.0
33,245,5.520631938309667,9.633343683067377,0.0,1.0,1.0,1.0,1.0,1.0
34,245,2.865009311933248,7.408045613907189,0.0,0.0,1.0,1.0,1.0,1.0
35,245,7.676219612395546,7.532047132844455,0.0,1.0,1.0,0.0,1.0,1.0
36,245,12.0,0.1232388008222287,0.0,0.0,0.0,1.0,0.0,0.0
37,245,8.10900243554495,11.876670435061447,1.0,0.0,1.0,0.0,0.0,0.0
38,245,2.6097615422024387,11.995406960838018,1.0,1.0,1.0,0.0,1.0,0.0
39,245,11.077534160745149,12.0,0.0,0.0,0.0,0.0,0.0,1.0
0,250,12.0,0.0,1.0,1.0,0.0,0.0,0.0,0.0
1,250,12.0,4.959638025737575,0.0,0.0,1.0,0.0,0.0,0.0
2,250,0.5354051194704708,10.476152357390976,1.0,1.0,0.0,0.0,1.0,1.0
3,250,3.6252047063652624,2.2730563917366333,0.0,0.0,0.0,0.0,0.0,0.0
4,250,1.4130165461630495,1.6241901291748408,0.0,0.0,0.0,0.0,0.0,1.0
5,250,7.04596940397178,2.2274094443774994,1.0,0.0,0.0,0.0,1.0,0.0
6,250,4.284037089268097,3.858569924246413,0.0,0.0,1.0,0.0,0.0,0.0
7,250,12.0,2.681711090998413,0.0,0.0,1.0,0.0,1.0,0.0
8,250,9.721611293846006,3.226316436014172,1.0,0.0,0.0,0.0,0.0,1.0
9,250,5.3387845360009605,1.239688618386498,0.0,1.0,1.0,0.0,0.0,0.0
10,250,10.148334736956905,7.73057883559597,0.0,0.0,0.0,0.0,0.0,0.0
11,250,0.0,0.0,0.0,0.0,0.0,0.0,0.0,0.0
12,250,3.986918409597824,12.0,1.0,0.0,1.0,0.0,0.0,0.0
13,250,8.909975067418266,4.059891542277554,0.0,0.0,1.0,0.0,0.0,1.0
14,250,1.521457605560786,4.267321738526789,1.0,1.0,0.0,0.0,1.0,1.0
15,250,11.20712638543571,7.89104437706638,0.0,0.0,0.0,1.0,1.0,1.0
16,250,0.3141305405206828,3.918185272081679,0.0,0.0,0.0,1.0,0.0,0.0
17,250,11.82277497143521,8.124137398946594,1.0,0.0,0.0,0.0,0.0,0.0
18,250,5.622670249231922,1.989069040021347,0.0,1.0,1.0,0.0,1.0,1.0
19,250,10.18889581021488,10.044290854504675,1.0,0.0,1.0,1.0,0.0,0.0
20,250,11.28179227528646,3.548796424393379,1.0,0.0,0.0,1.0,1.0,0.0
21,250,3.767834650009474,0.0,0.0,0.0,0.0,0.0,1.0,1.0
22,250,9.465330792007537,10.500505802725282,0.0,1.0,0.0,1.0,1.0,1.0
23,250,5.372320351169257,12.0,1.0,1.0,0.0,1.0,1.0,0.0
24,250,9.234214965747524,8.459261555316436,1.0,1.0,1.0,1.0,1.0,0.0
25,250,6.395097772636344,0.4337758177226578,0.0,0.0,1.0,0.0,0.0,1.0
26,250,0.0506128048758883,12.0,0.0,1.0,0.0,0.0,0.0,0.0
27,250,10.170914256794848,1.97781029031132,0.0,1.0,1.0,1.0,0.0,0.0
28,250,4.287926562365746,11.456783251457814,1.0,0.0,0.0,0.0,0.0,0.0
29,250,3.565691276190188,2.81795834323667,0.0,1.0,0.0,1.0,0.0,0.0
30,250,10.05742064809373,11.393006448200998,1.0,1.0,1.0,1.0,1.0,1.0
31,250,2.4337177411615176,8.437014480713621,1.0,1.0,1.0,1.0,1.0,1.0
32,250,8.589309597189352,7.9055961744926835,0.0,0.0,0.0,0.0,1.0,1.0
33,250,5.537566568934557,9.74945253196404,0.0,1.0,1.0,1.0,1.0,1.0
34,250,3.0427734721451567,7.375472696681808,0.0,0.0,1.0,1.0,1.0,1.0
35,250,7.550396794886778,7.610884930935118,0.0,1.0,1.0,0.0,1.0,1.0
36,250,12.0,0.24159934834874,0.0,0.0,0.0,1.0,0.0,0.0
37,250,8.022577771967459,11.993569154628686,1.0,0.0,1.0,0.0,0.0,0.0
38,250,2.6098732972417307,11.995705779959412,1.0,1.0,1.0,0.0,1.0,0.0
39,250,11.11411502050137,12.0,0.0,0.0,0.0,0.0,0.0,1.0
0,255,12.0,0.0,1.0,1.0,0.0,0.0,0.0,0.0
1,255,12.0,4.896398132231317,0.0,0.0,1.0,0.0,0.0,0.0
2,255,0.5232887916486865,10.403656969293404,1.0,1.0,0.0,0.0,1.0,1.0
3,255,3.675484718807061,2.2824086863303306,0.0,0.0,0.0,0.0,0.0,0.0
4,255,1.5504594553988582,1.6209343955966795,0.0,0.0,0.0,0.0,0.0,1.0
5,255,7.061585792074029,2.2235595519004736,1.0,0.0,0.0,0.0,1.0,0.0
6,255,4.304947529817791,3.861912367076709,0.0,0.0,1.0,0.0,0.0,0.0
7,255,12.0,2.704499932191909,0.0,0.0,1.0,0.0,1.0,0.0
8,255,9.727398591933085,3.3309115303678616,1.0,0.0,0.0,0.0,0.0,1.0
9,255,5.337943985970998,1.23697208301578,0.0,1.0,1.0,0.0,0.0,0.0
10,255,10.151588829312214,7.74943748112395,0.0,0.0,0.0,0.0,0.0,0.0
11,255,0.0,0.0,0.0,0.0,0.0,0.0,0.0,0.0
12,255,3.937761984773939,12.0,1.0,0.0,1.0,0.0,0.0,0.0
13,255,8.89742575770398,4.017561896509977,0.0,0.0,1.0,0.0,0.0,1.0
14,255,1.4669009544256817,4.332411999588741,1.0,1.0,0.0,0.0,1.0,1.0
15,255,11.294125604780096,7.983642999331256,0.0,0.0,0.0,1.0,1.0,1.0
16,255,0.2887374136658719,3.820337221435653,0.0,0.0,0.0,1.0,0.0,0.0
17,255,11.809544245254612,8.120250747059105,1.0,0.0,0.0,0.0,0.0,0.0
18,255,5.493587900841913,1.851032413198157,0.0,1.0,1.0,0.0,1.0,1.0
19,255,10.077169199804556,10.080773463960924,1.0,0.0,1.0,1.0,0.0,0.0
20,255,11.157898700405957,3.461991091300852,1.0,0.0,0.0,1.0,1.0,0.0
21,255,3.780827110092955,0.0072605501242986,0.0,0.0,0.0,0.0,1.0,1.0
22,255,9.472534499704212,10.488239326751067,0.0,1.0,0.0,1.0,1.0,1.0
23,255,5.221473844075739,12.0,1.0,1.0,0.0,1.0,1.0,0.0
24,255,9.136935481707551,8.443878367716742,1.0,1.0,1.0,1.0,1.0,0.0
25,255,6.359928848391676,0.4514602458817143,0.0,0.0,1.0,0.0,0.0,1.0
26,255,0.0207256372429456,12.0,0.0,1.0,0.0,0.0,0.0,0.0
27,255,10.200395195610623,1.962421960978332,0.0,1.0,1.0,1.0,0.0,0.0
28,255,4.325823221295677,11.456156426330878,1.0,0.0,0.0,0.0,0.0,0.0
29,255,3.5250101979600257,2.703943427500465,0.0,1.0,0.0,1.0,0.0,0.0
30,255,10.178937846578066,11.433544946356232,1.0,1.0,1.0,1.0,1.0,1.0
31,255,2.2647955634175565,8.383674366726419,1.0,1.0,1.0,1.0,1.0,1.0
32,255,8.656449579514003,7.86482569206939,0.0,0.0,0.0,0.0,1.0,1.0
33,255,5.557981680115646,9.892242085555273,0.0,1.0,1.0,1.0,1.0,1.0
34,255,3.1838834329380576,7.35006404985585,0.0,0.0,1.0,1.0,1.0,1.0
35,255,7.422403137751029,7.694834735498738,0.0,1.0,1.0,0.0,1.0,1.0
36,255,12.0,0.3625397081389687,0.0,0.0,0.0,1.0,0.0,0.0
37,255,7.926137358664616,12.0,1.0,0.0,1.0,0.0,0.0,0.0
38,255,2.61350762571886,12.0,1.0,1.0,1.0,0.0,1.0,0.0
39,255,11.181000233472105,11.972800867041087,0.0,0.0,0.0,0.0,0.0,1.0
0,260,12.0,0.0,1.0,1.0,0.0,0.0,0.0,0.0
1,260,12.0,4.83410328562806,0.0,0.0,1.0,0.0,0.0,0.0
2,260,0.5082239782731973,10.318419072570856,1.0,1.0,0.0,0.0,1.0,1.0
3,260,3.728620242482106,2.2931115262228627,0.0,0.0,0.0,0.0,0.0,0.0
4,260,1.6824571964524138,1.6172286837220486,0.0,0.0,0.0,0.0,0.0,1.0
5,260,7.068617712498245,2.2503307414444755,1.0,0.0,0.0,0.0,1.0,0.0
6,260,4.361645254512681,3.872460334049829,0.0,0.0,1.0,0.0,0.0,0.0
7,260,12.0,2.723769916095644,0.0,0.0,1.0,0.0,1.0,0.0
8,260,9.7345771219361,3.445391521171443,1.0,0.0,0.0,0.0,0.0,1.0
9,260,5.33100718575991,1.2143226447172135,0.0,1.0,1.0,0.0,0.0,0.0
10,260,10.158319520551174,7.786191066364215,0.0,0.0,0.0,0.0,0.0,0.0
11,260,0.0,0.0,0.0,0.0,0.0,0.0,0.0,0.0
12,260,3.8937142652126826,12.0,1.0,0.0,1.0,0.0,0.0,0.0
13,260,8.886021298465916,3.975680714088183,0.0,0.0,1.0,0.0,0.0,1.0
14,260,1.4258750199825527,4.38045977760612,1.0,1.0,0.0,0.0,1.0,1.0
15,260,11.380633616083148,8.077056159973758,0.0,0.0,0.0,1.0,1.0,1.0
16,260,0.2622754450685861,3.725006736075467,0.0,0.0,0.0,1.0,0.0,0.0
17,260,11.792647305184612,8.115610533374456,1.0,0.0,0.0,0.0,0.0,0.0
18,260,5.37305747016646,1.719083153608115,0.0,1.0,1.0,0.0,1.0,1.0
19,260,9.987294754032582,10.110550521905244,1.0,0.0,1.0,1.0,0.0,0.0
20,260,11.034613062605604,3.377270541930259,1.0,0.0,0.0,1.0,1.0,0.0
21,260,3.7880968562317983,0.0112547464406966,0.0,0.0,0.0,0.0,1.0,1.0
22,260,9.4889832705703,10.460972825283951,0.0,1.0,0.0,1.0,1.0,1.0
23,260,5.07663166751439,12.0,1.0,1.0,0.0,1.0,1.0,0.0
24,260,9.03000061873768,8.427649603601077,1.0,1.0,1.0,1.0,1.0,0.0
25,260,6.3232592962940775,0.469003317575154,0.0,0.0,1.0,0.0,0.0,1.0
26,260,0.0,12.0,0.0,1.0,0.0,0.0,0.0,0.0
27,260,10.246270565787007,1.940174286254307,0.0,1.0,1.0,1.0,0.0,0.0
28,260,4.359437273910591,11.455939015364688,1.0,0.0,0.0,0.0,0.0,0.0
29,260,3.482736624533188,2.586151184744172,0.0,1.0,0.0,1.0,0.0,0.0
30,260,10.313995260226775,11.476161534479427,1.0,1.0,1.0,1.0,1.0,1.0
31,260,2.098465005444433,8.332395762459127,1.0,1.0,1.0,1.0,1.0,1.0
32,260,8.7215668425357,7.824549502443095,0.0,0.0,0.0,0.0,1.0,1.0
33,260,5.577467231483501,10.03220910494302,0.0,1.0,1.0,1.0,1.0,1.0
34,260,3.329240478774908,7.323642610075113,0.0,0.0,1.0,1.0,1.0,1.0
35,260,7.282947711981596,7.788223802064565,0.0,1.0,1.0,0.0,1.0,1.0
36,260,12.0,0.4819464418018105,0.0,0.0,0.0,1.0,0.0,0.0
37,260,7.828328791875978,12.0,1.0,0.0,1.0,0.0,0.0,0.0
38,260,2.612208056033205,11.99630138861405,1.0,1.0,1.0,0.0,1.0,0.0
39,260,11.232607482548335,11.952637367811008,0.0,0.0,0.0,0.0,0.0,1.0
0,265,12.0,0.0,1.0,1.0,0.0,0.0,0.0,0.0
1,265,12.0,4.770306499794884,0.0,0.0,1.0,0.0,0.0,0.0
2,265,0.4880836758631681,10.216024222630436,1.0,1.0,0.0,0.0,1.0,1.0
3,265,3.799297515267509,2.308842429412803,0.0,0.0,0.0,0.0,0.0,0.0
4,265,1.8105028561139829,1.6165722490623582,0.0,0.0,0.0,0.0,0.0,1.0
5,265,7.07398291310501,2.2718116765717147,1.0,0.0,0.0,0.0,1.0,0.0
6,265,4.418399070235519,3.88298596152898,0.0,0.0,1.0,0.0,0.0,0.0
7,265,12.0,2.7448479268389883,0.0,0.0,1.0,0.0,1.0,0.0
8,265,9.740394036636696,3.5438047771474506,1.0,0.0,0.0,0.0,0.0,1.0
9,265,5.3241538930426415,1.192889191418658,0.0,1.0,1.0,0.0,0.0,0.0
10,265,10.163462661092534,7.819219542571212,0.0,0.0,0.0,0.0,0.0,0.0
11,265,0.0,0.0,0.0,0.0,0.0,0.0,0.0,0.0
12,265,3.8536272693186,12.0,1.0,0.0,1.0,0.0,0.0,0.0
13,265,8.875708152754378,3.937444345045852,0.0,0.0,1.0,0.0,0.0,1.0
14,265,1.381805297375905,4.430053085735376,1.0,1.0,0.0,0.0,1.0,1.0
15,265,11.45926749978865,8.167473003332411,0.0,0.0,0.0,1.0,1.0,1.0
16,265,0.2414487686727315,3.645576819334511,0.0,0.0,0.0,1.0,0.0,0.0
17,265,11.7714375644201,8.110343587636637,1.0,0.0,0.0,0.0,0.0,0.0
18,265,5.249254430703583,1.5852814153467776,0.0,1.0,1.0,0.0,1.0,1.0
19,265,9.91694651977346,10.13554588004868,1.0,0.0,1.0,1.0,0.0,0.0
20,265,10.907883231484725,3.2918262240242147,1.0,0.0,0.0,1.0,1.0,0.0
21,265,3.823897510245163,0.0313507305476719,0.0,0.0,0.0,0.0,1.0,1.0
22,265,9.512735296064935,10.421886008268652,0.0,1.0,0.0,1.0,1.0,1.0
23,265,4.91709871450016,12.0,1.0,1.0,0.0,1.0,1.0,0.0
24,265,8.940881546642094,8.4140859902016,1.0,1.0,1.0,1.0,1.0,0.0
25,265,6.282494882128851,0.4881138828807174,0.0,0.0,1.0,0.0,0.0,1.0
26,265,0.0,12.0,0.0,1.0,0.0,0.0,0.0,0.0
27,265,10.272575425414248,1.9272614487119688,0.0,1.0,1.0,1.0,0.0,0.0
28,265,4.39609816321289,11.455129905347174,1.0,0.0,0.0,0.0,0.0,0.0
29,265,3.4454948932838354,2.4915097616840454,0.0,1.0,0.0,1.0,0.0,0.0
30,265,10.447325272259254,11.51697878230179,1.0,1.0,1.0,1.0,1.0,1.0
31,265,1.9560067023983567,8.293576910678222,1.0,1.0,1.0,1.0,1.0,1.0
32,265,8.7871730752208,7.778863382650057,0.0,0.0,0.0,0.0,1.0,1.0
33,265,5.591847500781119,10.143846722959882,0.0,1.0,1.0,1.0,1.0,1.0
34,265,3.4713180634353438,7.293247735544153,0.0,0.0,1.0,1.0,1.0,1.0
35,265,7.14988786950695,7.880003908027464,0.0,1.0,1.0,0.0,1.0,1.0
36,265,12.0,0.6080892578567803,0.0,0.0,0.0,1.0,0.0,0.0
37,265,7.743968885730117,12.0,1.0,0.0,1.0,0.0,0.0,0.0
38,265,2.6023752576270405,11.966563765670854,1.0,1.0,1.0,0.0,1.0,0.0
39,265,11.310785446317109,11.920393132891649,0.0,0.0,0.0,0.0,0.0,1.0
0,270,12.0,0.0,1.0,1.0,0.0,0.0,0.0,0.0
1,270,12.0,4.714103878335508,0.0,0.0,1.0,0.0,0.0,0.0
2,270,0.4715880895746618,10.132557048990632,1.0,1.0,0.0,0.0,1.0,1.0
3,270,3.875246750073169,2.3279607007421914,0.0,0.0,0.0,0.0,0.0,0.0
4,270,1.9420145249348508,1.6158764418901694,0.0,0.0,0.0,0.0,0.0,1.0
5,270,7.074911446972871,2.276090948142657,1.0,0.0,0.0,0.0,1.0,0.0
6,270,4.461653522845949,3.8903612836116928,0.0,0.0,1.0,0.0,0.0,0.0
7,270,12.0,2.761441943415107,0.0,0.0,1.0,0.0,1.0,0.0
8,270,9.746476930896154,3.652733576742994,1.0,0.0,0.0,0.0,0.0,1.0
9,270,5.314284445969022,1.1645982237641006,0.0,1.0,1.0,0.0,0.0,0.0
10,270,10.169473370848351,7.866922551319999,0.0,0.0,0.0,0.0,0.0,0.0
11,270,0.0,0.0,0.0,0.0,0.0,0.0,0.0,0.0
12,270,3.81704566844187,12.0,1.0,0.0,1.0,0.0,0.0,0.0
13,270,8.863057377546365,3.8874646442543623,0.0,0.0,1.0,0.0,0.0,1.0
14,270,1.332547332226443,4.485488576110461,1.0,1.0,0.0,0.0,1.0,1.0
15,270,11.531882210462625,8.25091876858611,0.0,0.0,0.0,1.0,1.0,1.0
16,270,0.2244402476859358,3.586363090470239,0.0,0.0,0.0,1.0,0.0,0.0
17,270,11.752681278136306,8.105073898683594,1.0,0.0,0.0,0.0,0.0,0.0
18,270,5.118854789578253,1.4391584144142355,0.0,1.0,1.0,0.0,1.0,1.0
19,270,9.867371549020271,10.151744323444849,1.0,0.0,1.0,1.0,0.0,0.0
20,270,10.771060627625602,3.198076984210387,1.0,0.0,0.0,1.0,1.0,0.0
21,270,3.8590398432676585,0.0493208057665229,0.0,0.0,0.0,0.0,1.0,1.0
22,270,9.53336176433992,10.387349937483036,0.0,1.0,0.0,1.0,1.0,1.0
23,270,4.749945957421532,12.0,1.0,1.0,0.0,1.0,1.0,0.0
24,270,8.866278011629584,8.404640161329207,1.0,1.0,1.0,1.0,1.0,0.0
25,270,6.245126201739666,0.5077315560479814,0.0,0.0,1.0,0.0,0.0,1.0
26,270,0.0,12.0,0.0,1.0,0.0,0.0,0.0,0.0
27,270,10.311191985913808,1.9072394918127464,0.0,1.0,1.0,1.0,0.0,0.0
28,270,4.44749997784383,11.45314840598407,1.0,0.0,0.0,0.0,0.0,0.0
29,270,3.402030409407135,2.3836216164955184,0.0,1.0,0.0,1.0,0.0,0.0
30,270,10.570015030606845,11.555633959136149,1.0,1.0,1.0,1.0,1.0,1.0
31,270,1.8033083860278525,8.253448278811417,1.0,1.0,1.0,1.0,1.0,1.0
32,270,8.841980275383214,7.741499084437609,0.0,0.0,0.0,0.0,1.0,1.0
33,270,5.606813663088238,10.259018340831393,0.0,1.0,1.0,1.0,1.0,1.0
34,270,3.6117378283434793,7.2655409788779695,0.0,0.0,1.0,1.0,1.0,1.0
35,270,7.0101206508586,7.977501076584906,0.0,1.0,1.0,0.0,1.0,1.0
36,270,12.0,0.7327346218806317,0.0,0.0,0.0,1.0,0.0,0.0
37,270,7.647239448621538,12.0,1.0,0.0,1.0,0.0,0.0,0.0
38,270,2.595890026006701,11.946622772513772,1.0,1.0,1.0,0.0,1.0,0.0
39,270,11.41814219149457,11.879664495836488,0.0,0.0,0.0,0.0,0.0,1.0
0,275,12.0,0.0,1.0,1.0,0.0,0.0,0.0,0.0
1,275,12.0,4.651365875717826,0.0,0.0,1.0,0.0,0.0,0.0
2,275,0.4563304920731367,10.053442461580532,1.0,1.0,0.0,0.0,1.0,1.0
3,275,3.971174004376581,2.354793380123512,0.0,0.0,0.0,0.0,0.0,0.0
4,275,2.0915556879196187,1.6133683726746737,0.0,0.0,0.0,0.0,0.0,1.0
5,275,7.078294191208646,2.2932290991628874,1.0,0.0,0.0,0.0,1.0,0.0
6,275,4.5013533617588575,3.896231768725309,0.0,0.0,1.0,0.0,0.0,0.0
7,275,12.0,2.7757501691305557,0.0,0.0,1.0,0.0,1.0,0.0
8,275,9.751090324498897,3.742073363813445,1.0,0.0,0.0,0.0,0.0,1.0
9,275,5.302244320275785,1.130848899890475,0.0,1.0,1.0,0.0,0.0,0.0
10,275,10.17349865938892,7.897983448205121,0.0,0.0,0.0,0.0,0.0,0.0
11,275,0.0,0.0,0.0,0.0,0.0,0.0,0.0,0.0
12,275,3.8573433432894326,12.0,1.0,0.0,1.0,0.0,0.0,0.0
13,275,8.85126571021694,3.8449301490470926,0.0,0.0,1.0,0.0,0.0,1.0
14,275,1.2780317427585213,4.547422627965973,1.0,1.0,0.0,0.0,1.0,1.0
15,275,11.609729294988922,8.337550143286371,0.0,0.0,0.0,1.0,1.0,1.0
16,275,0.2121221832590527,3.54283483438305,0.0,0.0,0.0,1.0,0.0,0.0
17,275,11.748512564570632,8.104046196060127,1.0,0.0,0.0,0.0,0.0,0.0
18,275,4.976359045029563,1.2830745773244274,0.0,1.0,1.0,0.0,1.0,1.0
19,275,9.807891660418845,10.17150658157701,1.0,0.0,1.0,1.0,0.0,0.0
20,275,10.630713719094732,3.105453532947353,1.0,0.0,0.0,1.0,1.0,0.0
21,275,3.885433430075723,0.0627087765039405,0.0,0.0,0.0,0.0,1.0,1.0
22,275,9.545120889879133,10.365877651503132,0.0,1.0,0.0,1.0,1.0,1.0
23,275,4.567023386019305,12.0,1.0,1.0,0.0,1.0,1.0,0.0
24,275,8.793695127538044,8.393412405757365,1.0,1.0,1.0,1.0,1.0,0.0
25,275,6.212490731858258,0.5253216202472019,0.0,0.0,1.0,0.0,0.0,1.0
26,275,0.0,12.0,0.0,1.0,0.0,0.0,0.0,0.0
27,275,10.355148713750138,1.8842742499317,0.0,1.0,1.0,1.0,0.0,0.0
28,275,4.509613605355648,11.451666620471704,1.0,0.0,0.0,0.0,0.0,0.0
29,275,3.357156295322593,2.27505186256485,0.0,1.0,0.0,1.0,0.0,0.0
30,275,10.686343330596912,11.594996074075492,1.0,1.0,1.0,1.0,1.0,1.0
31,275,1.639616132744639,8.212768199514585,1.0,1.0,1.0,1.0,1.0,1.0
32,275,8.889942554658244,7.708677601936021,0.0,0.0,0.0,0.0,1.0,1.0
33,275,5.620269843350663,10.378926779451382,0.0,1.0,1.0,1.0,1.0,1.0
34,275,3.757293679761343,7.23131234503378,0.0,0.0,1.0,1.0,1.0,1.0
35,275,6.873249202775612,8.079390275044815,0.0,1.0,1.0,0.0,1.0,1.0
36,275,12.0,0.8538953257969244,0.0,0.0,0.0,1.0,0.0,0.0
37,275,7.551262839665795,12.0,1.0,0.0,1.0,0.0,0.0,0.0
38,275,2.593363695842102,11.93893660597358,1.0,1.0,1.0,0.0,1.0,0.0
39,275,11.528444181135134,11.837465056166774,0.0,0.0,0.0,0.0,0.0,1.0
0,280,12.0,0.0,1.0,1.0,0.0,0.0,0.0,0.0
1,280,12.0,4.590998949958512,0.0,0.0,1.0,0.0,0.0,0.0
2,280,0.4432891572311512,9.986540084516651,1.0,1.0,0.0,0.0,1.0,1.0
3,280,4.067066551373933,2.379938020662061,0.0,0.0,0.0,0.0,0.0,0.0
4,280,2.221856813969281,1.610122101027358,0.0,0.0,0.0,0.0,0.0,1.0
5,280,7.081990463109835,2.3100184861562125,1.0,0.0,0.0,0.0,1.0,0.0
6,280,4.556136209533254,3.9044631521355577,0.0,0.0,1.0,0.0,0.0,0.0
7,280,12.0,2.7893267451543347,0.0,0.0,1.0,0.0,1.0,0.0
8,280,9.757580975748985,3.8392113414848112,1.0,0.0,0.0,0.0,0.0,1.0
9,280,5.29030963565851,1.0973547228558371,0.0,1.0,1.0,0.0,0.0,0.0
10,280,10.178130628986366,7.93332530917261,0.0,0.0,0.0,0.0,0.0,0.0
11,280,0.0,0.0,0.0,0.0,0.0,0.0,0.0,0.0
12,280,3.894817866345926,12.0,1.0,0.0,1.0,0.0,0.0,0.0
13,280,8.837347182990417,3.7997660209350648,0.0,0.0,1.0,0.0,0.0,1.0
14,280,1.2211665275125,4.611681529283552,1.0,1.0,0.0,0.0,1.0,1.0
15,280,11.680299026592058,8.416473933417828,0.0,0.0,0.0,1.0,1.0,1.0
16,280,0.197208348007819,3.497307053446625,0.0,0.0,0.0,1.0,0.0,0.0
17,280,11.757057432792603,8.10631474414127,1.0,0.0,0.0,0.0,0.0,0.0
18,280,4.838935116044386,1.1292504328369668,0.0,1.0,1.0,0.0,1.0,1.0
19,280,9.738604132143672,10.195737089569324,1.0,0.0,1.0,1.0,0.0,0.0
20,280,10.488750443121925,3.0130530993616915,1.0,0.0,0.0,1.0,1.0,0.0
21,280,3.912995918384018,0.0767243829432288,0.0,0.0,0.0,0.0,1.0,1.0
22,280,9.551347088282776,10.354067563385716,0.0,1.0,0.0,1.0,1.0,1.0
23,280,4.366601102078591,12.0,1.0,1.0,0.0,1.0,1.0,0.0
24,280,8.701376767320449,8.377970939543173,1.0,1.0,1.0,1.0,1.0,0.0
25,280,6.173616440426205,0.5449419720535749,0.0,0.0,1.0,0.0,0.0,1.0
26,280,0.0,12.0,0.0,1.0,0.0,0.0,0.0,0.0
27,280,10.408585238328168,1.8584643968839771,0.0,1.0,1.0,1.0,0.0,0.0
28,280,4.583977337159618,11.449693118043834,1.0,0.0,0.0,0.0,0.0,0.0
29,280,3.3024973091630745,2.1527743428492294,0.0,1.0,0.0,1.0,0.0,0.0
30,280,10.795065076201231,11.628826493874202,1.0,1.0,1.0,1.0,1.0,1.0
31,280,1.4692195588545678,8.172008818356653,1.0,1.0,1.0,1.0,1.0,1.0
32,280,8.933876960815963,7.678876389230014,0.0,0.0,0.0,0.0,1.0,1.0
33,280,5.629982104090489,10.46816739554943,0.0,1.0,1.0,1.0,1.0,1.0
34,280,3.919367282382281,7.195504407798267,0.0,0.0,1.0,1.0,1.0,1.0
35,280,6.744808631677438,8.170011658639362,0.0,1.0,1.0,0.0,1.0,1.0
36,280,12.0,0.9631826475168438,0.0,0.0,0.0,1.0,0.0,0.0
37,280,7.457070483542015,12.0,1.0,0.0,1.0,0.0,0.0,0.0
38,280,2.588934076588936,11.925965045316511,1.0,1.0,1.0,0.0,1.0,0.0
39,280,11.6441202476252,11.791726069714668,0.0,0.0,0.0,0.0,0.0,1.0
0,285,12.0,0.0,1.0,1.0,0.0,0.0,0.0,0.0
1,285,12.0,4.536870878566588,0.0,0.0,1.0,0.0,0.0,0.0
2,285,0.4261098900640751,9.899760643833757,1.0,1.0,0.0,0.0,1.0,1.0
3,285,4.147344443434466,2.4010454743047087,0.0,0.0,0.0,0.0,0.0,0.0
4,285,2.330238555350327,1.6076604418593816,0.0,0.0,0.0,0.0,0.0,1.0
5,285,7.085236590939964,2.325396146175805,1.0,0.0,0.0,0.0,1.0,0.0
6,285,4.610794545520761,3.913912337629734,0.0,0.0,1.0,0.0,0.0,0.0
7,285,12.0,2.7996170558565425,0.0,0.0,1.0,0.0,1.0,0.0
8,285,9.763751721029411,3.9645482307198585,1.0,0.0,0.0,0.0,0.0,1.0
9,285,5.2813605506333525,1.069337258378689,0.0,1.0,1.0,0.0,0.0,0.0
10,285,10.182086058175296,7.96182200182833,0.0,0.0,0.0,0.0,0.0,0.0
11,285,0.0,0.0,0.0,0.0,0.0,0.0,0.0,0.0
12,285,3.9211812801008175,12.0,1.0,0.0,1.0,0.0,0.0,0.0
13,285,8.818880437459459,3.743295391478103,0.0,0.0,1.0,0.0,0.0,1.0
14,285,1.1739961850295508,4.66313921735687,1.0,1.0,0.0,0.0,1.0,1.0
15,285,11.747003789737342,8.490675576503753,0.0,0.0,0.0,1.0,1.0,1.0
16,285,0.1855945932448232,3.4608320363860945,0.0,0.0,0.0,1.0,0.0,0.0
17,285,11.746312467885286,8.103638699624955,1.0,0.0,0.0,0.0,0.0,0.0
18,285,4.692089954475714,0.9791442953653204,0.0,1.0,1.0,0.0,1.0,1.0
19,285,9.68683632086212,10.213513449964664,1.0,0.0,1.0,1.0,0.0,0.0
20,285,10.353189236709168,2.9206311436724617,1.0,0.0,0.0,1.0,1.0,0.0
21,285,3.9470437886445646,0.0944083753008478,0.0,0.0,0.0,0.0,1.0,1.0
22,285,9.555786717185953,10.345632335988546,0.0,1.0,0.0,1.0,1.0,1.0
23,285,4.152026016430638,12.0,1.0,1.0,0.0,1.0,1.0,0.0
24,285,8.615184366247675,8.366059364136339,1.0,1.0,1.0,1.0,1.0,0.0
25,285,6.126333592107512,0.5685105896048518,0.0,0.0,1.0,0.0,0.0,1.0
26,285,0.0,12.0,0.0,1.0,0.0,0.0,0.0,0.0
27,285,10.46850227538152,1.8295459986235565,0.0,1.0,1.0,1.0,0.0,0.0
28,285,4.659663742191167,11.44865745445781,1.0,0.0,0.0,0.0,0.0,0.0
29,285,3.2515414609678195,2.0375094940005005,0.0,1.0,0.0,1.0,0.0,0.0
30,285,10.897698172422215,11.66713445441792,1.0,1.0,1.0,1.0,1.0,1.0
31,285,1.2960133342325335,8.129981033285475,1.0,1.0,1.0,1.0,1.0,1.0
32,285,8.980774122145974,7.645646805189584,0.0,0.0,0.0,0.0,1.0,1.0
33,285,5.636863392184457,10.53157209767414,0.0,1.0,1.0,1.0,1.0,1.0
34,285,4.085548742329039,7.164175875134421,0.0,0.0,1.0,1.0,1.0,1.0
35,285,6.602690846589411,8.269377631060397,0.0,1.0,1.0,0.0,1.0,1.0
36,285,12.0,1.0620840438642112,0.0,0.0,0.0,1.0,0.0,0.0
37,285,7.359370065950876,12.0,1.0,0.0,1.0,0.0,0.0,0.0
38,285,2.5956330008036548,11.944516410550316,1.0,1.0,1.0,0.0,1.0,0.0
39,285,11.745942998208614,11.751852831966168,0.0,0.0,0.0,0.0,0.0,1.0
0,290,12.0,0.0,1.0,1.0,0.0,0.0,0.0,0.0
1,290,12.0,4.481937845849574,0.0,0.0,1.0,0.0,0.0,0.0
2,290,0.4076661435592973,9.81137657107867,1.0,1.0,0.0,0.0,1.0,1.0
3,290,4.225631508656455,2.42230525406667,0.0,0.0,0.0,0.0,0.0,0.0
4,290,2.4620358809428007,1.604311766023331,0.0,0.0,0.0,0.0,0.0,1.0
5,290,7.096224289094111,2.382789146673755,1.0,0.0,0.0,0.0,1.0,0.0
6,290,4.654653152532797,3.921873605952872,0.0,0.0,1.0,0.0,0.0,0.0
7,290,12.0,2.8067092467329022,0.0,0.0,1.0,0.0,1.0,0.0
8,290,9.770733202088842,4.105040908535809,1.0,0.0,0.0,0.0,0.0,1.0
9,290,5.271956984019552,1.0410888170988608,0.0,1.0,1.0,0.0,0.0,0.0
10,290,10.185457785395588,7.98518883097089,0.0,0.0,0.0,0.0,0.0,0.0
11,290,0.0,0.0,0.0,0.0,0.0,0.0,0.0,0.0
12,290,3.963725042462614,12.0,1.0,0.0,1.0,0.0,0.0,0.0
13,290,8.80675443800528,3.7059197469539273,0.0,0.0,1.0,0.0,0.0,1.0
14,290,1.1111285992865827,4.7271196505228215,1.0,1.0,0.0,0.0,1.0,1.0
15,290,11.796277987209518,8.54670826177294,0.0,0.0,0.0,1.0,1.0,1.0
16,290,0.1712827144356246,3.417664801021313,0.0,0.0,0.0,1.0,0.0,0.0
17,290,11.725226039758608,8.098101250742994,1.0,0.0,0.0,0.0,0.0,0.0
18,290,4.549627005986927,0.8249363036732573,0.0,1.0,1.0,0.0,1.0,1.0
19,290,9.64189690787808,10.228945826700595,1.0,0.0,1.0,1.0,0.0,0.0
20,290,10.231733254881185,2.8437800172023717,1.0,0.0,0.0,1.0,1.0,0.0
21,290,3.991494360571871,0.1173516717287579,0.0,0.0,0.0,0.0,1.0,1.0
22,290,9.558883078012688,10.339750926615404,0.0,1.0,0.0,1.0,1.0,1.0
23,290,3.921341557861004,12.0,1.0,1.0,0.0,1.0,1.0,0.0
24,290,8.513742131057894,8.350856193346988,1.0,1.0,1.0,1.0,1.0,0.0
25,290,6.067700652781954,0.5962951554926269,0.0,0.0,1.0,0.0,0.0,1.0
26,290,0.0,12.0,0.0,1.0,0.0,0.0,0.0,0.0
27,290,10.53403727818432,1.798356338724,0.0,1.0,1.0,1.0,0.0,0.0
28,290,4.73525883618829,11.447171480235866,1.0,0.0,0.0,0.0,0.0,0.0
29,290,3.205580673972039,1.937664365418256,0.0,1.0,0.0,1.0,0.0,0.0
30,290,11.016658458851584,11.711806898131128,1.0,1.0,1.0,1.0,1.0,1.0
31,290,1.1153390974829414,8.08607331467738,1.0,1.0,1.0,1.0,1.0,1.0
32,290,9.01627971641203,7.619436483210651,0.0,0.0,0.0,0.0,1.0,1.0
33,290,5.641776929626848,10.589221374914109,0.0,1.0,1.0,1.0,1.0,1.0
34,290,4.244287641597687,7.131861810905904,0.0,0.0,1.0,1.0,1.0,1.0
35,290,6.459883483874563,8.369506678627431,0.0,1.0,1.0,0.0,1.0,1.0
36,290,12.0,1.1599468438797875,0.0,0.0,0.0,1.0,0.0,0.0
37,290,7.268880223949739,12.0,1.0,0.0,1.0,0.0,0.0,0.0
38,290,2.6100347542443822,11.984121817030507,1.0,1.0,1.0,0.0,1.0,0.0
39,290,11.860965063403128,11.707566472944428,0.0,0.0,0.0,0.0,0.0,1.0
0,295,12.0,0.0,1.0,1.0,0.0,0.0,0.0,0.0
1,295,12.0,4.43373640414655,0.0,0.0,1.0,0.0,0.0,0.0
2,295,0.391619960064725,9.733201097636702,1.0,1.0,0.0,0.0,1.0,1.0
3,295,4.2890098406569805,2.4396514433843945,0.0,0.0,0.0,0.0,0.0,0.0
4,295,2.606256510457864,1.5970223917510626,0.0,0.0,0.0,0.0,0.0,1.0
5,295,7.106333688979624,2.437125319178364,1.0,0.0,0.0,0.0,1.0,0.0
6,295,4.662493419182408,3.8790568442002775,0.0,0.0,1.0,0.0,0.0,0.0
7,295,12.0,2.814618925415701,0.0,0.0,1.0,0.0,1.0,0.0
8,295,9.776633619423912,4.2368774418991,1.0,0.0,0.0,0.0,0.0,1.0
9,295,5.260856639933269,1.0081611643575077,0.0,1.0,1.0,0.0,0.0,0.0
10,295,10.187767011793618,8.001607164972135,0.0,0.0,0.0,0.0,0.0,0.0
11,295,0.0,0.0,0.0,0.0,0.0,0.0,0.0,0.0
12,295,4.019985346242276,12.0,1.0,0.0,1.0,0.0,0.0,0.0
13,295,8.795200645809599,3.6690094281033954,0.0,0.0,1.0,0.0,0.0,1.0
14,295,1.0535393389963843,4.788246600789669,1.0,1.0,0.0,0.0,1.0,1.0
15,295,11.844922472151188,8.603668602179038,0.0,0.0,0.0,1.0,1.0,1.0
16,295,0.1562816012028922,3.3729282545350667,0.0,0.0,0.0,1.0,0.0,0.0
17,295,11.729330493631895,8.078984559160238,1.0,0.0,0.0,0.0,0.0,0.0
18,295,4.415653231322253,0.6868546618917996,0.0,1.0,1.0,0.0,1.0,1.0
19,295,9.592698103262803,10.246232479380796,1.0,0.0,1.0,1.0,0.0,0.0
20,295,10.115354393799173,2.7717505032492302,1.0,0.0,0.0,1.0,1.0,0.0
21,295,4.053102818069519,0.1518716894089294,0.0,0.0,0.0,0.0,1.0,1.0
22,295,9.561891254383744,10.333979501745391,0.0,1.0,0.0,1.0,1.0,1.0
23,295,3.70417740757836,12.0,1.0,1.0,0.0,1.0,1.0,0.0
24,295,8.398501309770516,8.33271493690993,1.0,1.0,1.0,1.0,1.0,0.0
25,295,6.004530186121682,0.6274099465159985,0.0,0.0,1.0,0.0,0.0,1.0
26,295,0.0,12.0,0.0,1.0,0.0,0.0,0.0,0.0
27,295,10.590512388226838,1.770940626356951,0.0,1.0,1.0,1.0,0.0,0.0
28,295,4.793038853201001,11.445858394945068,1.0,0.0,0.0,0.0,0.0,0.0
29,295,3.1501169351321563,1.8145543742916963,0.0,1.0,0.0,1.0,0.0,0.0
30,295,11.138474466461732,11.759589621955987,1.0,1.0,1.0,1.0,1.0,1.0
31,295,0.955662166268802,8.049673567248773,1.0,1.0,1.0,1.0,1.0,1.0
32,295,9.067411357559084,7.583892865368409,0.0,0.0,0.0,0.0,1.0,1.0
33,295,5.6454514947521535,10.636228681689872,0.0,1.0,1.0,1.0,1.0,1.0
34,295,4.388467456348395,7.103235734779831,0.0,0.0,1.0,1.0,1.0,1.0
35,295,6.309707915509164,8.476457390045613,0.0,1.0,1.0,0.0,1.0,1.0
36,295,12.0,1.2623674199638326,0.0,0.0,0.0,1.0,0.0,0.0
37,295,7.17688587308631,12.0,1.0,0.0,1.0,0.0,0.0,0.0
38,295,2.623795909515689,12.0,1.0,1.0,1.0,0.0,1.0,0.0
39,295,11.959786842400966,11.669809936422578,0.0,0.0,0.0,0.0,0.0,1.0
