id,time,x,y
0,0,11.987829806838464,9.012296090896257
1,0,8.986706101058733,10.066716296365435
2,0,9.03000850249943,1.97894102786479
3,0,5.927198532905362,12
4,0,4.04672498475854,0
5,0,9.955937392765543,10.008748799283445
6,0,11.989902223518396,3.9675017362008242
7,0,11.934197292736924,7.000825494255454
8,0,0,5.057994023524686
9,0,8.952638185295411,6.974335557568001
10,0,6.958632403344986,7.005625125482283
11,0,11.96184940436294,9.951462123516594
12,0,7.962994855762399,0.02965652853737133
13,0,9.973988763362284,2.0343312814374577
14,0,0.03804853647384829,4.954196196671449
15,0,0,0.9675138804386751
16,0,9.993001176236033,8.920289800397283
17,0,4.006319279698966,9.927109264011902
18,0,8.958293162265912,8.9621063503681
19,0,5.017485828621801,4.06117504759092
20,0,5.94690294749866,8.997844226512443
21,0,7.016940662154909,10.02953318909371
22,0,7.043934962775177,11.04405019820205
23,0,5.986082922918975,4.047066195971334
24,0,7.0586939101801125,11.013429349428014
25,0,10.019624724622641,10.978092730087907
26,0,3.005205459863859,6.916034327211952
27,0,0.9995397055767925,10.957678094564397
28,0,0.03654991868490684,6.025079750480864
29,0,1.97512045871576,3.0719826700294957
0,5,11.967599478713195,9.032387959977159
1,5,8.97396923427229,10.127967523403
2,5,9.053283415767421,1.9634437498815593
3,5,5.848343239052339,12
4,5,4.081803705448355,0
5,5,9.934430478956875,10.013583321219421
6,5,11.981852538556316,3.941093889513352
7,5,11.854479723536546,7.000894178648938
8,5,0,5.044121006543321
9,5,8.902178584013493,6.94610774612209
10,5,6.901994348949586,7.014186469259255
11,5,11.918239921496921,9.894566184243747
12,5,7.92797274696007,0.05710137282437583
13,5,9.945538019018624,2.0697857395221892
14,5,0.08161398185035501,4.90163961490658
15,5,0,0.9565758176920991
16,5,9.989314492093982,8.843381134596148
17,5,4.013390440323259,9.851082278781606
18,5,8.916417329781693,8.924005440888088
19,5,5.0317595180434305,4.114967141888992
20,5,5.931013416937714,8.997036247114204
21,5,7.028939161760866,10.048646766052094
22,5,7.0778764789251785,11.078386830805293
23,5,5.977688907601972,4.073962068462005
24,5,7.108380035416155,11.024490437851869
25,5,10.044421380200589,10.950076995025693
26,5,3.0107752024132126,6.830012412753213
27,5,0.998053072554661,10.922079106370918
28,5,0.074093905581019,6.049997788108667
29,5,1.9421193491083606,3.1578091934812025
0,10,11.947812791630957,9.052365900961188
1,10,8.960681595307399,10.18857440862448
2,10,9.080904508400259,1.9457120430585049
3,10,5.761846798451698,12
4,10,4.131494861515329,0
5,10,9.901520119777468,10.021751677322058
6,10,11.969968825909334,3.9046345682247137
7,10,11.755482328293914,7.002370447331298
8,10,0,5.028845005895542
9,10,8.872605571482492,6.93006698651572
10,10,6.832740138753442,7.025356084711691
11,10,11.891019459069183,9.858447358178527
12,10,7.898509765182969,0.07899265889966037
13,10,9.92681037150354,2.09395090134303
14,10,0.1347964541020588,4.831486309291438
15,10,0,0.9471628477306234
16,10,9.98495178833247,8.736810078959568
17,10,4.0245445785024545,9.751356365664547
18,10,8.880923830631074,8.891956093362989
19,10,5.045558070526623,4.165590363642227
20,10,5.926483520266693,8.996932301758411
21,10,7.036149897830679,10.059738050800458
22,10,7.114771639976953,11.115761764074167
23,10,5.970156170062987,4.09766697610555
24,10,7.18061691180876,11.040035148965044
25,10,10.072955389534341,10.917948565618309
26,10,3.01700227143687,6.728907710176439
27,10,0.9965940102497965,10.866748966670299
28,10,0.10895359103782155,6.074333575862021
29,10,1.9032356813137046,3.25726121901236
0,15,11.924798231833304,9.074954958084492
1,15,8.938658421506053,10.296140226981676
2,15,9.11436688976574,1.924034506206922
3,15,5.680576471943784,12
4,15,4.168472897172518,0
5,15,9.856695161633752,10.032816451141597
6,15,11.954072199494085,3.8532205649891615
7,15,11.64028394932445,7.00597740055585
8,15,0,5.013054164405795
9,15,8.84731529658374,6.9168857041418175
10,15,6.773821186328426,7.033281962340654
11,15,11.850531225650794,9.799648046556547
12,15,7.869072733834192,0.10134197533574987
13,15,9.906402810068872,2.1188331169976005
14,15,0.2001004662250539,4.743777272072199
15,15,0,0.9412300360976538
16,15,9.97949266135867,8.631698573065128
17,15,4.03467928567817,9.638343914262467
18,15,8.843087114675468,8.858395649333993
19,15,5.063028279500058,4.223575707125685
20,15,5.933680903687638,8.997219108003165
21,15,7.065694973538857,10.105649972006482
22,15,7.157294116410681,11.158576761123397
23,15,5.971219844181459,4.094319919050797
24,15,7.249756786065615,11.056384573072677
25,15,10.096831669044263,10.88839746425775
26,15,3.0239093973749553,6.621120668126566
27,15,0.9958649123664564,10.810729587903033
28,15,0.12886163596211658,6.087552004630672
29,15,1.865797291703802,3.344986778293333
0,20,11.908354745641013,9.091474356522797
1,20,8.913717638358174,10.401466941398755
2,20,9.161086910767303,1.8942163993324646
3,20,5.590601622382256,12
4,20,4.200189173283951,0
5,20,9.80956817830729,10.04576762091531
6,20,11.937509803370803,3.799135363923469
7,20,11.540390326278189,7.011123364841118
8,20,0,4.99380266696448
9,20,8.841113189998264,6.928869489133652
10,20,6.722490255764627,7.039868839499333
11,20,11.804049247196689,9.72719732730249
12,20,7.854968556853333,0.1115948699372751
13,20,9.885692556441695,2.1446671927699263
14,20,0.2691185654821027,4.64821676910842
15,20,0,0.9281600946185788
16,20,9.974689103826577,8.537749871863856
17,20,4.044671274947874,9.530587354957724
18,20,8.798042942271293,8.818142333469124
19,20,5.080522408939966,4.286087541886873
20,20,5.932960448744999,8.99717415484587
21,20,7.096854459732556,10.152049969873458
22,20,7.212003397178336,11.212865399197062
23,20,5.970553045644552,4.096395073928282
24,20,7.317633941575416,11.073673096913526
25,20,10.109575914796416,10.87362866232761
26,20,3.030204725829146,6.523662877057506
27,20,0.9928989953940497,10.766088912764234
28,20,0.16122668677215884,6.109435994312824
29,20,1.8322167925246005,3.4231920027946523
0,25,11.892616075619793,9.107320624640458
1,25,8.887564622363833,10.510247092828921
2,25,9.201001941679827,1.8693797775979493
3,25,5.496905690915667,12
4,25,4.262970510466338,0
5,25,9.770336175129444,10.056099902530965
6,25,11.92509048591721,3.754083610121822
7,25,11.446577217902023,7.016838939151632
8,25,0,4.97819904392931
9,25,8.836496576274254,6.937769824652691
10,25,6.678593568745061,7.04678857770164
11,25,11.762103766055432,9.660674538194282
12,25,7.8458414977298565,0.1177851108090541
13,25,9.863708646560266,2.1731916464189744
14,25,0.32316589015015357,4.5767627368193065
15,25,0,0.9222465755190431
16,25,9.97069594839351,8.464022279490278
17,25,4.053613219005888,9.435919776344896
18,25,8.734743790045464,8.761719387178383
19,25,5.101351979261402,4.365150768383628
20,25,5.928849006121445,8.996911161624746
21,25,7.135277479932923,10.212848172702518
22,25,7.279195406232395,11.27888017903212
23,25,5.977035160020957,4.075890474707727
24,25,7.377531136254136,11.089581663762928
25,25,10.106778390599008,10.876836609641396
26,25,3.036168298509283,6.429276693773036
27,25,0.98992987138687,10.72831238114346
28,25,0.17389602694185233,6.118060507632893
29,25,1.8017512744634834,3.494117599220071
0,30,11.86855937317516,9.13149330313588
1,30,8.864254564307405,10.617016550138983
2,30,9.260522070653566,1.8297557689301733
3,30,5.385246455176844,12
4,30,4.329146327057796,0
5,30,9.740593095667027,10.063944258607124
6,30,11.912194518708745,3.7109627264214815
7,30,11.346390643847839,7.023596987454912
8,30,0,4.963350090185205
9,30,8.836024888808842,6.938657004598939
10,30,6.653440419500456,7.05063144912115
11,30,11.72245574023923,9.590158041001045
12,30,7.827957234304617,0.12908018918206146
13,30,9.838811462074407,2.205371700450287
14,30,0.38662921050374593,4.493646070701407
15,30,0,0.9199604894651607
16,30,9.967255268074448,8.363383752359562
17,30,4.060267441527515,9.322273744749454
18,30,8.668045877342262,8.705595373205558
19,30,5.12378336735924,4.46428209201256
20,30,5.931364557477753,8.997074328470221
21,30,7.176478834022823,10.275816244606078
22,30,7.338650174802988,11.340934006990757
23,30,5.982449673068538,4.059214472051354
24,30,7.437331088836664,11.10642037879294
25,30,10.106089707144898,10.877606232607645
26,30,3.04280055758387,6.347968911206716
27,30,0.9869774174130526,10.703532888491273
28,30,0.20091078264391093,6.135558200779125
29,30,1.7671161312423258,3.576642307045214
0,35,11.831281153029297,9.168616746154274
1,35,8.835975644421175,10.737645684661985
2,35,9.305877488013218,1.8001057093134154
3,35,5.274998581782154,12
4,35,4.393935604539922,0
5,35,9.719790060241154,10.068899496925546
6,35,11.90061863105839,3.673635806821831
7,35,11.211483219680813,7.033293565339367
8,35,0,4.945589399382947
9,35,8.832255799685234,6.9457662999086045
10,35,6.62481319768414,7.055187617815889
11,35,11.691686922578487,9.534461457113412
12,35,7.821434322049587,0.13310676446195696
13,35,9.805468499681794,2.2500022526315964
14,35,0.4532758289001706,4.404824625862409
15,35,0,0.9157122230160745
16,35,9.96189594134688,8.25097380922476
17,35,4.066814659159597,9.21873796644583
18,35,8.631125822434242,8.675382459115976
19,35,5.146129258975796,4.555559602674867
20,35,5.936911240092723,8.99759031558593
21,35,7.213108118979462,10.329711219051688
22,35,7.400917453061349,11.405564712601262
23,35,5.988920235656645,4.039284809536178
24,35,7.5023816784181,11.125637755619202
25,35,10.101018171852052,10.88339771421826
26,35,3.0477972863419143,6.268813705567753
27,35,0.9857103369092258,10.69229365272696
28,35,0.2249334785369566,6.1510299345116
29,35,1.7369722140749748,3.651250461852621
0,40,11.792551046456623,9.20590179737075
1,40,8.810952197079787,10.85666262043488
2,40,9.3518624142932,1.7713402304972647
3,40,5.16557946284989,12
4,40,4.47073231773128,0
5,40,9.683062485680425,10.077803345965636
6,40,11.888724347974943,3.6356194009958833
7,40,11.075341847107216,7.047856338810699
8,40,0,4.924755975094722
9,40,8.835288408578732,6.940258102193054
10,40,6.585820031439022,7.061329247534316
11,40,11.639745172921666,9.446040615842337
12,40,7.808599941140437,0.1406408353423288
13,40,9.769112013407227,2.2977547024476133
14,40,0.5276199380132807,4.302852954184477
15,40,0.003799212098106932,0.9197438391830554
16,40,9.95749906243295,8.128765876337566
17,40,4.07455848949451,9.120329994097283
18,40,8.606267398278073,8.655752175895588
19,40,5.164558784501383,4.631830453412345
20,40,5.939218011135012,8.997821339905402
21,40,7.241374702225553,10.370397795961157
22,40,7.456120989510784,11.46268710709885
23,40,5.997169286546263,4.012565169929468
24,40,7.55524429612482,11.141608800612078
25,40,10.099704853049108,10.884927350568226
26,40,3.051602358398332,6.2004888186384965
27,40,0.9888334156401395,10.691879688482276
28,40,0.2631465514801711,6.176313481256467
29,40,1.707211650283574,3.723219274369974
0,45,11.754303357880085,9.244349681013531
1,45,8.786099875231901,10.988268268054082
2,45,9.40071203419414,1.7402232381196212
3,45,5.069011855954496,12
4,45,4.529452865573093,0
5,45,9.640471735961635,10.088329142149092
6,45,11.873695244152426,3.590396081994054
7,45,10.929297200236231,7.059677220226054
8,45,0,4.905369220123353
9,45,8.844019180825152,6.9236259794627735
10,45,6.537220275855781,7.069408272678877
11,45,11.59346925156299,9.369373161344665
12,45,7.784041761458267,0.15383711548456158
13,45,9.723425637248141,2.3590056317008035
14,45,0.6024520035747649,4.2045811381071365
15,45,0.0039586886098513805,0.9199173456684628
16,45,9.950979992387065,7.997829984453626
17,45,4.0814561120794215,9.041241557484987
18,45,8.575575270356877,8.632185009866935
19,45,5.18234165270519,4.698169072567871
20,45,5.927633139285959,8.996488088989631
21,45,7.258121030698138,10.393810282517801
22,45,7.505109559592254,11.509509214333146
23,45,6.011071987387299,3.9669539089702157
24,45,7.587803242661807,11.15169137225763
25,45,10.069215848759034,10.919380314595925
26,45,3.05623961534411,6.1286692568616274
27,45,1.004243928645899,10.689538591226574
28,45,0.3233529250981544,6.215936673734703
29,45,1.6716637467879045,3.812116080112454
0,50,11.716889177846392,9.28262540354786
1,50,8.768313575566784,11.099254434695842
2,50,9.423157840704583,1.724738792999025
3,50,4.981272323628828,12
4,50,4.562857751722582,0
5,50,9.596675200623276,10.099641121859728
6,50,11.867149577443513,3.5695622586492197
7,50,10.792844557565461,7.070252920819238
8,50,0,4.886839105035394
9,50,8.85611279768762,6.900562864093549
10,50,6.460807693738666,7.081685697449344
11,50,11.545965132822253,9.293429649388399
12,50,7.772046260574909,0.16014376863832638
13,50,9.682835299106753,2.412967791086585
14,50,0.6651053604019977,4.118264835922153
15,50,0.021019573860270722,0.9378841217302869
16,50,9.942736603182821,7.890584640362777
17,50,4.086637618750002,8.959649635688216
18,50,8.552263799021278,8.61385776860578
19,50,5.197052498641153,4.755692830172111
20,50,5.922260800056823,8.995703936803915
21,50,7.2773098739730395,10.420513083225854
22,50,7.55977525847476,11.562595641594923
23,50,6.023451964006472,3.9301315053195074
24,50,7.6449942222973215,11.16966414615091
25,50,10.033644402038238,10.959469639274833
26,50,3.0635126677696016,6.053716150100726
27,50,1.0422688781867258,10.683694401119412
28,50,0.37750078421711386,6.25087037952246
29,50,1.6364286656171294,3.89402225920633
0,55,11.676896552625093,9.323611941755624
1,55,8.750171630878674,11.208436183777895
2,55,9.447955817207887,1.7079166483833816
3,55,4.898884385720864,12
4,55,4.607482038991707,0
5,55,9.551280333732356,10.111014127918182
6,55,11.858024340110314,3.5421274289407507
7,55,10.643524668797122,7.077578614484355
8,55,0,4.868532436819538
9,55,8.863884448543073,6.885191287026484
10,55,6.393265927798898,7.093558160603421
11,55,11.49162074448394,9.32880603620397
12,55,7.761101410443449,0.16598149979699367
13,55,9.630394788483512,2.4789080199072613
14,55,0.7384142798239253,4.0196045182949485
15,55,0.04055705253906698,0.9585686764707133
16,55,9.938969324408323,7.804046203576429
17,55,4.093477421743975,8.87670658892289
18,55,8.52155283611009,8.591182813632035
19,55,5.213914438315966,4.83239339819798
20,55,5.899112432858636,8.99142395888968
21,55,7.298174836944835,10.449005546152938
22,55,7.618066178258839,11.617988011852557
23,55,6.037397704686047,3.8898628659739294
24,55,7.703723306744811,11.188652508248945
25,55,9.997493332872699,11.000390705727627
26,55,3.0699010436353724,5.981672021399196
27,55,1.0809637742334,10.677449358835592
28,55,0.4270202497159111,6.283978197660428
29,55,1.7028479054504466,3.922557665719906
0,60,11.639121604414306,9.36231304184199
1,60,8.7278445890701,11.32861919647348
2,60,9.468657783276901,1.693562334897086
3,60,4.8162231170055865,12
4,60,4.629764868062437,0
5,60,9.499479230908475,10.123386398837832
6,60,11.83634495354746,3.481362963223649
7,60,10.48273895952285,7.082651374504352
8,60,0,4.8491930675704555
9,60,8.87132750569944,6.87036421703828
10,60,6.326189013289298,7.104372414299513
11,60,11.436709755403236,9.363429146060039
12,60,7.7526003097752865,0.17063002984328923
13,60,9.58794667076033,2.5307556976253274
14,60,0.8130676393788301,3.9150674833596493
15,60,0.05380364642467374,0.9723658627046377
16,60,9.936598662522043,7.735099906600961
17,60,4.100572013434344,8.77523424679575
18,60,8.486176782835763,8.563821767675533
19,60,5.2347805675892465,4.924641157372304
20,60,5.8837396377025435,8.988828492034507
21,60,7.300500093699953,10.45208085890872
22,60,7.6832757861816825,11.677296365784267
23,60,6.062652640482753,3.8181269629021397
24,60,7.7716348123524295,11.211275273272445
25,60,9.966222624203393,11.038325325406682
26,60,3.078548153409092,5.894141646912512
27,60,1.1111955613699032,10.673691279131065
28,60,0.46714815534179105,6.309427670766742
29,60,1.7540213298440244,3.943703383414806
0,65,11.612865400688118,9.387583885616564
1,65,8.710152431707028,11.42471488411731
2,65,9.484653281199796,1.6822506918957838
3,65,4.73544361840238,12
4,65,4.64543163276403,0
5,65,9.452503648325719,10.136210640167416
6,65,11.812811802684989,3.417227178099553
7,65,10.319576591021937,7.089001840195669
8,65,0,4.8246131940751145
9,65,8.876156970749898,6.86129151033156
10,65,6.26587030396771,7.113380266803194
11,65,11.37563683168307,9.404167518223149
12,65,7.757347712341046,0.16779934530943844
13,65,9.556476528012848,2.5668647803506692
14,65,0.8828363833370381,3.817347654918437
15,65,0.06022520944167386,0.978843283010405
16,65,9.93532134996968,7.665630616561676
17,65,4.111121213951389,8.655172805975704
18,65,8.446060892435018,8.534034584024605
19,65,5.2591118175636815,5.02477725958923
20,65,5.887170302717166,8.968547142198004
21,65,7.296158763748248,10.446418186999658
22,65,7.758388014875466,11.747183279854378
23,65,6.084622515478033,3.7542972602735514
24,65,7.854827430527698,11.238165017979073
25,65,9.935594854941483,11.07617479820809
26,65,3.0854938350452823,5.814826405037551
27,65,1.1518156775663946,10.668625083676798
28,65,0.5057371859246623,6.334805530551903
29,65,1.7870541293775146,3.957898710581821
0,70,11.590887390499727,9.408571013795358
1,70,8.693478372990315,11.509010219754147
2,70,9.487654779997873,1.6800615388057036
3,70,4.656978890539705,12
4,70,4.672329343943744,0
5,70,9.388446952944363,10.152725412808037
6,70,11.789609907468483,3.35686656797705
7,70,10.136992269083665,7.100161714223434
8,70,0,4.798104665106576
9,70,8.883218157324265,6.847698459076397
10,70,6.178556273677133,7.12335281278472
11,70,11.29562044680347,9.457282417851202
12,70,7.7412510550921265,0.1778260314754971
13,70,9.527643143882866,2.601040645199203
14,70,0.9558097995661309,3.7191833575882876
15,70,0.07939970267392006,0.9987990942213982
16,70,9.932287404357252,7.592282291923292
17,70,4.124705874288975,8.536471483033957
18,70,8.389914605596369,8.490738697966016
19,70,5.282723037416842,5.1102816416719135
20,70,5.886065825307101,8.974671735385197
21,70,7.277985239542686,10.422947070346854
22,70,7.824757310575686,11.807687849418539
23,70,6.104251729271758,3.6972495478443297
24,70,7.919120631102201,11.259402371369958
25,70,9.900209756314393,11.120656541880129
26,70,3.0910166281514595,5.749176487627976
27,70,1.1912538792500715,10.662686938638158
28,70,0.5442523134659483,6.360250263013534
29,70,1.8269090381119537,3.9743151912588948
0,75,11.59539285921354,9.40429506
1,75,8.677468520636682,11.584364090091713
2,75,9.489216971383748,1.6789552844590208
3,75,4.589293080924246,12
4,75,4.7134503427903836,0
5,75,9.322202196157175,10.168347866480227
6,75,11.771304049209348,3.308664025455202
7,75,9.932766099478535,7.112273910891734
8,75,0,4.772704403637178
9,75,8.885147431278737,6.843809985645597
10,75,6.068961930700782,7.136826956220956
11,75,11.191577106750392,9.524008896962846
12,75,7.723610102257974,0.1886088473674629
13,75,9.481234464939938,2.653740753024593
14,75,1.030306216059234,3.6228641470693033
15,75,0.09273558463798955,1.0127415580951962
16,75,9.931104985306106,7.5095085070735275
17,75,4.140022567793471,8.393028908786036
18,75,8.351837382587558,8.462921571195716
19,75,5.303260529131328,5.184400006616941
20,75,5.884712812673052,8.983093392082187
21,75,7.26038279410289,10.401267134975887
22,75,7.866342337086381,11.84613615862389
23,75,6.117400944644077,3.6601999335929354
24,75,7.983297279164483,11.279426363309419
25,75,9.861884992820976,11.166033093578323
26,75,3.0935952758207734,5.710664060904026
27,75,1.2428334115884354,10.65496271001527
28,75,0.5818723646854128,6.384840419450634
29,75,1.8611645666173366,3.9886188737902875
0,80,11.60567236137221,9.39443204438483
1,80,8.659275265461714,11.678153303568228
2,80,9.462550264032975,1.6978737734560063
3,80,4.513571875396893,12
4,80,4.751696203898408,0
5,80,9.28022135683559,10.178894188531464
6,80,11.748868019093258,3.247510877746927
7,80,9.743589182630815,7.125567036162309
8,80,0,4.748060282927263
9,80,8.880493572307763,6.853252736061938
10,80,5.952031673573946,7.148721092178505
11,80,11.094848836719693,9.587457457172501
12,80,7.722278440813964,0.18938949235743271
13,80,9.424655485479299,2.715434654273967
14,80,1.1092141499407533,3.5244228612240094
15,80,0.12172698709852327,1.043604687020884
16,80,9.931930833595656,7.439419622077358
17,80,4.155132048206016,8.227780816799147
18,80,8.328687538420725,8.446348785472956
19,80,5.32282268107232,5.2533663178978
20,80,5.882279834207872,8.999913642422145
21,80,7.2404821650042885,10.375318453123997
22,80,7.917255254772345,11.894395595704486
23,80,6.135106567102383,3.6126172352706454
24,80,8.071538001825793,11.306978380230166
25,80,9.824838834473098,11.210603578312877
26,80,3.0963215070149404,5.657574301922139
27,80,1.2861744662108139,10.647254300320677
28,80,0.6449907972477702,6.42499397608605
29,80,1.9064733661180708,4.008690811598757
0,85,11.613321405270916,9.387378032661225
1,85,8.643108434702917,11.765195554533173
2,85,9.439785344709605,1.7145640634002215
3,85,4.446783099236056,12
4,85,4.767698375456353,0
5,85,9.211921366067763,10.196633174905456
6,85,11.720272983633574,3.170285469310428
7,85,9.565893007434001,7.144520182422447
8,85,0,4.723612214467851
9,85,8.87714202906201,6.859634311132603
10,85,5.817279310615111,7.161743621402144
11,85,10.993770650637446,9.65453742082911
12,85,7.7188881609729565,0.19132931192831354
13,85,9.379673497374963,2.7658936901332085
14,85,1.1881664100796168,3.426487137974153
15,85,0.1541616594937949,1.0783151570580811
16,85,9.932171343950182,7.392936907790322
17,85,4.164064883956324,8.097720961978998
18,85,8.29501949960359,8.421805908826576
19,85,5.342595928549352,5.325788295865265
20,85,5.879233811425371,9.021989190679978
21,85,7.211767834593003,10.339172112558053
22,85,7.973886300024106,11.94796406054477
23,85,6.1497504087809345,3.572817578655917
24,85,8.142509052344487,11.326748337647198
25,85,9.785663021874385,11.257512263866268
26,85,3.0995382028849163,5.589058649194023
27,85,1.3310116082040586,10.639648395889102
28,85,0.7231706209933191,6.475855622657653
29,85,1.888703257055928,4.048478729600975
0,90,11.614111318951155,9.386630895292427
1,90,8.627419469297957,11.84329422803384
2,90,9.425299614670301,1.7252527071215757
3,90,4.366080956292708,12
4,90,4.800010543884958,0
5,90,9.139017009740552,10.216256711633903
6,90,11.695824437043948,3.102353054375303
7,90,9.405679472766039,7.164107170074028
8,90,0,4.699748600313681
9,90,8.873374810939517,6.866339835997892
10,90,5.681734659950371,7.177258090914553
11,90,10.880061729424519,9.73410924043159
12,90,7.71253247452889,0.1947589070540787
13,90,9.338817148536046,2.8145653170885527
14,90,1.2677254349373281,3.331312555457245
15,90,0.1969507638895089,1.123941198557917
16,90,9.932732041123998,7.358260563415077
17,90,4.1738802234000625,7.969271666252412
18,90,8.274745529968584,8.40668811026521
19,90,5.3623378838857905,5.402716086504549
20,90,5.877560552092866,9.034999605588371
21,90,7.180839362932705,10.300316401588367
22,90,8.03678303030127,12
23,90,6.164030471008157,3.535850715408809
24,90,8.203555646580622,11.344565451702822
25,90,9.747179345577628,11.304136478297236
26,90,3.1026859344776843,5.5346222312787345
27,90,1.3552547553511018,10.63612103101283
28,90,0.8027022623422588,6.526659783499187
29,90,1.8530094924690372,4.03340708483061
0,95,11.621407230116187,9.379928684108648
1,95,8.609287599889283,11.935306675656742
2,95,9.410977024596567,1.7353151523761763
3,95,4.293546715942674,12
4,95,4.853920723503145,0
5,95,9.060257808209428,10.237698436489207
6,95,11.680712245126477,3.0570908094180176
7,95,9.252860380271203,7.178875565296531
8,95,0,4.678527578825723
9,95,8.87213810048839,6.868465864886527
10,95,5.528699768733105,7.2024661133004875
11,95,10.716772514390582,9.841528702772843
12,95,7.726260783381594,0.18734902093271388
13,95,9.305391209042565,2.853648180369698
14,95,1.3371679408901782,3.2510550862651533
15,95,0.24347255280540528,1.1715167471940335
16,95,9.932726490522382,7.3172112736992805
17,95,4.185513489795126,7.831470018885101
18,95,8.23869016241083,8.379546548930385
19,95,5.380486793488818,5.473590766274199
20,95,5.874497100173682,9.06464526234152
21,95,7.136355738160607,10.24810541937952
22,95,8.108970223946805,12
23,95,6.188905635987818,3.4694067133317743
24,95,8.2728709853961,11.363744677604055
25,95,9.681726882945922,11.254026798599847
26,95,3.1061303909681324,5.478701119705844
27,95,1.3914997423718705,10.631017111699483
28,95,0.8649526384650277,6.564555123094012
29,95,1.8061170868468739,4.014106612451864
0,100,11.633943863121866,9.36757688926717
1,100,8.588925429594592,12
2,100,9.39254058802271,1.748919944661416
3,100,4.220917883902135,12
4,100,4.92252846367155,0
5,100,8.987993881659955,10.254237114096213
6,100,11.656408119478915,2.984634179147544
7,100,9.08579023106533,7.192795735866794
8,100,0,4.659180529984474
9,100,8.875354031893893,6.863019816418909
10,100,5.374380046401494,7.230480833073161
11,100,10.564014499164022,9.944073782608825
12,100,7.740752915101983,0.17929759043005156
13,100,9.252674595339272,2.9132377448101514
14,100,1.405306824731299,3.1741038410309637
15,100,0.2921814967143138,1.220010467637468
16,100,9.932621485397192,7.284932280679185
17,100,4.199557481004107,7.665976130912678
18,100,8.208975479152768,8.356589857958346
19,100,5.395914112852262,5.532216912176059
20,100,5.872671941433221,9.084463285220577
21,100,7.097996212184565,10.20331727755224
22,100,8.181799428189105,12
23,100,6.211392471361632,3.4108339981297213
24,100,8.336414489378637,11.38107758682102
25,100,9.615564262256298,11.205027485185843
26,100,3.1096115908794038,5.428631080913953
27,100,1.4421616560050825,10.623397777018077
28,100,0.9196537462084452,6.596001566197419
29,100,1.7696627373663723,3.99814600186346
0,105,11.63390842386425,9.367612080671883
1,105,8.569915606672117,12
2,105,9.37133576937554,1.764320480573919
3,105,4.127445868243165,12
4,105,4.990193965915897,0
5,105,8.921442513537894,10.271741902593813
6,105,11.633075690560098,2.917540649398477
7,105,8.911333386753263,7.206562847302858
8,105,0,4.634691635697568
9,105,8.892716738662974,6.835273017521174
10,105,5.189894454000124,7.265201831515207
11,105,10.408615770131806,10.044984120446188
12,105,7.7614325468239596,0.16759317920271974
13,105,9.216833831074425,2.9527911218618805
14,105,1.4701063391445746,3.098034407084355
15,105,0.34995055234955574,1.2786724516654335
16,105,9.93272189192219,7.275870147646592
17,105,4.212955997851922,7.496684486502199
18,105,8.176771041566253,8.330957164915082
19,105,5.418868366613378,5.612499581866982
20,105,5.870196962916288,9.112971846988222
21,105,7.0765927689830015,10.177170643585022
22,105,8.2515375720384,12
23,105,6.2357407688867355,3.3401554561309434
24,105,8.394153991300927,11.397758453209217
25,105,9.551579538129335,11.157300684913208
26,105,3.112582522338461,5.386350764661414
27,105,1.4842349191365432,10.616757034804348
28,105,0.9919059464211476,6.637348266054333
29,105,1.7215826474117486,3.9789588688915636
0,110,11.650475955539456,9.350740978171402
1,110,8.552558770600392,12
2,110,9.367528826870885,1.7670862589162681
3,110,4.032560577494579,12
4,110,4.961481377088231,0
5,110,8.846417227799341,10.290765608908213
6,110,11.607011835447972,2.8313319521245957
7,110,8.760700967394786,7.222250956669285
8,110,0,4.610350861331415
9,110,8.908766881037522,6.809494512536249
10,110,5.013041544127312,7.299667984120136
11,110,10.260003217758372,10.134652545666073
12,110,7.781760952542506,0.15642941126210752
13,110,9.188013774385924,2.9845051876796513
14,110,1.5262801919168731,3.032099747977107
15,110,0.39908912347547554,1.3336828404182612
16,110,9.932698710400768,7.2797693707733115
17,110,4.230905686751582,7.304246666209344
18,110,8.153669183681572,8.3132912311813
19,110,5.444106503532966,5.696776966999095
20,110,5.868966652150806,9.142341296879351
21,110,7.053079882781209,10.148118448844508
22,110,8.322875839338602,12
23,110,6.264895422873585,3.258590269749373
24,110,8.433920334567528,11.40923547024177
25,110,9.493438707289254,11.112277314552662
26,110,3.1158190790471196,5.329940229190055
27,110,1.5152990646237587,10.61213189760063
28,110,1.0527777178935558,6.6740470815558925
29,110,1.6830831459832056,3.9651268415613528
0,115,11.659093788606231,9.341957583906698
1,115,8.537818757846694,12
2,115,9.36126354859178,1.7716370785197155
3,115,3.933511057714257,12
4,115,4.930519420129223,0
5,115,8.762133726764059,10.31328573129167
6,115,11.577763369893784,2.7390669394809937
7,115,8.624651133787115,7.235961478629056
8,115,0,4.583671734680381
9,115,8.9291903441047,6.777602927306776
10,115,4.8605112189388535,7.332459938355805
11,115,10.11334068349576,10.220441803857579
12,115,7.816100316374785,0.13664239514530557
13,115,9.156842212131398,3.019091696181329
14,115,1.5799843286640203,2.967714817169405
15,115,0.4411384745332487,1.3801106700439298
16,115,9.932642982143506,7.27526127484177
17,115,4.25704869303103,7.10310323955851
18,115,8.139524641796088,8.302182227508679
19,115,5.4713328623887465,5.7822838736786295
20,115,5.86701614069636,9.178932177259089
21,115,7.0146595920768515,10.09963750907856
22,115,8.398099907935459,12
23,115,6.298282482199442,3.1620045395241427
24,115,8.461537442566874,11.417000856647888
25,115,9.425017131824108,11.059883593191866
26,115,3.1179714401213374,5.292845757074308
27,115,1.5448600979586244,10.60773244494813
28,115,1.1273665493398668,6.717275210637869
29,115,1.642516835327689,3.9495001161036094
0,120,11.65482738486831,9.346401975527973
1,120,8.526318037170624,12
2,120,9.38396580435889,1.7550535373123286
3,120,3.849330223058594,12
4,120,4.897903539190813,0
5,120,8.669283142094258,10.33818299097517
6,120,11.550353150587005,2.652526163114807
7,120,8.480167756883386,7.253385253767135
8,120,0,4.557859524257641
9,120,8.945850211997909,6.75192109739767
10,120,4.692721944117122,7.3678082256467725
11,120,9.958324291929033,10.303915358263001
12,120,7.851804171233603,0.11703657876048384
13,120,9.130077731275772,3.049409503753736
14,120,1.638461992843118,2.893060255722088
15,120,0.4900805016414571,1.334034265230481
16,120,9.932588294545404,7.268207979709845
17,120,4.290663823986216,6.913737118766141
18,120,8.115317145062543,8.283388009290668
19,120,5.4994716806509585,5.862754651892554
20,120,5.8654227471933735,9.204916310084924
21,120,6.9633493602440355,10.03458039496519
22,120,8.440229074519358,12
23,120,6.335543880654387,3.058563289220463
24,120,8.489310024774564,11.42408287443789
25,120,9.35113840729151,11.003366749964387
26,120,3.1199787411796045,5.25965962089144
27,120,1.5587664211447845,10.605755428350133
28,120,1.2169575487051398,6.769882134297008
29,120,1.5763226039043496,3.9267829265353735
0,125,11.649850278311915,9.351891598723157
1,125,8.516010839831203,12
2,125,9.393962793297215,1.7475915629656016
3,125,3.749221688524489,12
4,125,4.872405596332312,0
5,125,8.583794769334514,10.36116680770593
6,125,11.522541402235245,2.5625185997339606
7,125,8.29467043915553,7.271604602952564
8,125,0,4.5354508395221
9,125,8.958046190175875,6.7325467212223735
10,125,4.5528863387930985,7.396913573124702
11,125,9.80558416284417,10.38432203424297
12,125,7.918889222519834,0.07850988484808999
13,125,9.095376406163455,3.087275642469075
14,125,1.6976384359958554,2.8194674115244296
15,125,0.5363252677080614,1.2898389941149144
16,125,9.932630476167798,7.277739181536519
17,125,4.323914313739653,6.728561229082479
18,125,8.100595375173658,8.272244141853216
19,125,5.528920137221293,5.941928088290958
20,125,5.8631812567816874,9.23589958574094
21,125,6.912631163533066,9.968549045754155
22,125,8.480537020430116,12
23,125,6.37635537204972,2.949905520892942
24,125,8.525672758644001,11.433811067566044
25,125,9.285055154760428,10.954798910817372
26,125,3.123647399610239,5.214367444063407
27,125,1.5609960912941632,10.605373060514813
28,125,1.2766794772984191,6.806729236287584
29,125,1.5048889068161118,3.901432455510189
0,130,11.640786933069847,9.362043242342564
1,130,8.505367447479617,12
2,130,9.424833435583173,1.725973494517754
3,130,3.631469775493775,12
4,130,4.840861369003528,0
5,130,8.497597432585685,10.384033786066874
6,130,11.501544294850008,2.488193438099801
7,130,8.098012071662932,7.285820336855362
8,130,0,4.512593233344867
9,130,8.973150747917726,6.708581578607937
10,130,4.389290925500849,7.434317084742842
11,130,9.654910744275513,10.462914729865776
12,130,7.998886761458115,0.0294122362591608
13,130,9.052922357715568,3.1327586584884015
14,130,1.7483050703684793,2.7549204927438455
15,130,0.5890279851740331,1.2396366544575501
16,130,9.932569961034837,7.293525209185908
17,130,4.353690827800232,6.538478991398969
18,130,8.091642070163505,8.26566394374926
19,130,5.55092835973225,6.008284062137328
20,130,5.861016009109212,9.260318953310888
21,130,6.865623938569192,9.911530884605003
22,130,8.516973547085245,12
23,130,6.415612544511585,2.845797803078713
24,130,8.569000491696562,11.443399136457094
25,130,9.187780385789205,10.886526505898194
26,130,3.127356102608585,5.171389766657094
27,130,1.565734250981451,10.604440544828186
28,130,1.3238312668528722,6.835698355888444
29,130,1.4413675837490159,3.8790058749091276
0,135,11.624630192076479,9.37997868456838
1,135,8.497757705248405,12
2,135,9.45046754541184,1.7088926597380818
3,135,3.5016347174034457,12
4,135,4.814670026213071,0
5,135,8.41572895093045,10.406289320863172
6,135,11.475749943753627,2.4019167390050447
7,135,7.917978116896483,7.294182659345248
8,135,0,4.48670017016788
9,135,8.991865591156742,6.677694916445794
10,135,4.255948003928726,7.4617033937044654
11,135,9.504368263184364,10.538267152105897
12,135,8.08462345492983,0
13,135,9.016774898554733,3.1723608082674435
14,135,1.8028177801901806,2.6830716660265352
15,135,0.6533009474425563,1.1788439196996188
16,135,9.932019213947626,7.316324119338494
17,135,4.381986200519235,6.373824843787595
18,135,8.090414695308537,8.264711082503803
19,135,5.577830331078701,6.0861745338486495
20,135,5.856344156763877,9.312128399203857
21,135,6.821368742715796,9.857356900056896
22,135,8.555176308753211,12
23,135,6.448350551264621,2.7530122156254695
24,135,8.609059611476175,11.452154643089491
25,135,9.079658198997372,10.81054701369148
26,135,3.1306538355248708,5.129433901492045
27,135,1.571580930972513,10.60339556236227
28,135,1.3638941305810797,6.860602494749974
29,135,1.3818726188625954,3.8566225412076376
0,140,11.60571638327634,9.401097391636693
1,140,8.490386154357477,12
2,140,9.471575644908334,1.6953059841277318
3,140,3.3645957311221872,12
4,140,4.786676240475687,0
5,140,8.333518398624012,10.42963901144577
6,140,11.455387413637867,2.329501933620877
7,140,7.7367534813180585,7.294269652623072
8,140,0,4.466608753122975
9,140,9.001973462235636,6.660475302687043
10,140,4.116716387388632,7.491808713914365
11,140,9.345502228486072,10.622241986643887
12,140,8.131990838047303,0
13,140,8.984802284020777,3.207583587474842
14,140,1.8636948680568837,2.6036754367239316
15,140,0.7025962294274531,1.1350444084429208
16,140,9.942411660412898,7.316368266093407
17,140,4.413250650648171,6.19108806370247
18,140,8.08462486608138,8.260159083425373
19,140,5.604497499506701,6.157608149596185
20,140,5.850565703562563,9.37491186850184
21,140,6.773289474072149,9.799974730947815
22,140,8.607003134593807,12
23,140,6.488028321679157,2.633699208703512
24,140,8.647435076519988,11.46056495236706
25,140,8.967235779235464,10.735997210890229
26,140,3.134580982815222,5.089080524342315
27,140,1.5869385958655786,10.600976740178293
28,140,1.403413504624924,6.88555391468688
29,140,1.3498446770047938,3.8448848131851476
0,145,11.581066400171977,9.42933222532257
1,145,8.484724619239824,12
2,145,9.512155584994575,1.6692983335530207
3,145,3.2215286228226145,12
4,145,4.764910550231203,0
5,145,8.232314717730208,10.455471084426497
6,145,11.434633605223027,2.2595937678121354
7,145,7.5455486229072575,7.300199304532252
8,145,0,4.449509265288963
9,145,9.00573871483561,6.654173180338604
10,145,3.9814188683664034,7.520188987872317
11,145,9.200628988108836,10.695974290498185
12,145,8.192502736412669,0
13,145,8.964257568635677,3.230837595188978
14,145,1.9392183381458494,2.510487952462148
15,145,0.7420590048036826,1.1010636226486696
16,145,9.948463800906394,7.316472653700247
17,145,4.44024123917007,6.0240294212665155
18,145,8.090299543480812,8.264441722936285
19,145,5.62476243692329,6.215953157758124
20,145,5.847584914426905,9.433052229748728
21,145,6.832997894892185,9.750534387665791
22,145,8.646768404951507,12
23,145,6.524817958619793,2.5119324328169035
24,145,8.668018661192077,11.465115601646376
25,145,8.860257919343,10.667106459569059
26,145,3.137877609548186,5.0505073091906905
27,145,1.6292369441407655,10.595438424787606
28,145,1.440297890238999,6.9093306875578175
29,145,1.3232248683881749,3.8344459077215727
0,150,11.55044586217854,9.465812151502766
1,150,8.478068316895728,12
2,150,9.551121965108468,1.6434520483858843
3,150,3.072005045182055,12
4,150,4.746586453352826,0
5,150,8.144093646613294,10.478448637418136
6,150,11.421949263877355,2.2156303253381435
7,150,7.36056317321561,7.3021348044123435
8,150,0,4.435737985885392
9,150,9.011910234046463,6.643467009814701
10,150,3.867918590287786,7.543278350133409
11,150,9.054800265226751,10.772217320821957
12,150,8.241403150850681,0
13,150,8.935070286923176,3.2644669704822484
14,150,1.9954399230520545,2.438919052015388
15,150,0.7689393106621861,1.0772985519057567
16,150,9.974561039648094,7.316160631032357
17,150,4.46898380673665,5.843427820011358
18,150,8.082011638536091,8.275546526089359
19,150,5.639553910006861,6.257414937814517
20,150,5.844969470783776,9.482890664290606
21,150,6.908532413676761,9.684876875756949
22,150,8.695945674489636,12
23,150,6.553817709907391,2.4089919450820134
24,150,8.660304232890677,11.463432894220919
25,150,8.762052745789102,10.60544926025758
26,150,3.1425941248883213,4.994426551269868
27,150,1.65400051151199,10.59222227652334
28,150,1.47757294175655,6.935277005412507
29,150,1.3065576940852393,3.828020850499635
0,155,11.521409907567033,9.500586609917791
1,155,8.469120513669848,12
2,155,9.585509769085235,1.6204315521407582
3,155,2.9392563315750513,12
4,155,4.738150093342843,0
5,155,8.071900253428533,10.497601194385718
6,155,11.408505155541185,2.164981258720648
7,155,7.17414890381437,7.310307203614838
8,155,0,4.425221673535746
9,155,9.010632943147614,6.645689029075833
10,155,3.76285792246183,7.563783054403525
11,155,8.912462713467475,10.847156762187232
12,155,8.297593209178421,0
13,155,8.901892156892547,3.3017831506426734
14,155,2.063922617776965,2.350690493177819
15,155,0.7969094037401837,1.0524655849188558
16,155,9.981476329482625,7.31601004583551
17,155,4.497915158628951,5.6561858583984925
18,155,8.072377813707313,8.28860817176969
19,155,5.656784924409567,6.3053171196773246
20,155,5.841621088499409,9.540338994961166
21,155,6.979197585019767,9.622025594131705
22,155,8.730879106353772,12
23,155,6.58727973563857,2.2911274315549433
24,155,8.63047296375297,11.456812137923132
25,155,8.652846757477388,10.534163149921929
26,155,3.1455678756864915,4.935046578660572
27,155,1.7016720465760555,10.58750035195579
28,155,1.5015961697025222,6.9520971325705485
29,155,1.274907161451457,3.815770597868587
0,160,11.4831797174455,9.546660609714577
1,160,8.456630890736548,12
2,160,9.619129284625018,1.597457635602573
3,160,2.8232270847788605,12
4,160,4.739042056408434,0.001968759997903221
5,160,7.995948482930974,10.517965380891786
6,160,11.397205937909593,2.1264562426524938
7,160,7.000281582493111,7.321670955466223
8,160,0,4.4131672355957345
9,160,9.010695118105021,6.64557392048029
10,160,3.6650942904442214,7.582531437407761
11,160,8.77342786046177,10.91837375488096
12,160,8.358558570481009,0
13,160,8.873395699974948,3.3344845576692252
14,160,2.1426356534591333,2.2555540316940004
15,160,0.8204533444972414,1.0324124736373144
16,160,9.972550478880102,7.316155096375502
17,160,4.528892918921899,5.48839027988137
18,160,8.066986830524627,8.295746946124282
19,160,5.670994956815301,6.347109080841598
20,160,5.83679613525004,9.61984964018243
21,160,7.048039409251222,9.5597393751367
22,160,8.760988429957216,12
23,160,6.612625542732182,2.1810773115923894
24,160,8.601267719712254,11.450138859652021
25,160,8.550800277392378,10.471296175963989
26,160,3.1484455364421824,4.882143384812847
27,160,1.6976494796501933,10.554356734129456
28,160,1.5297345059010727,6.971012655182599
29,160,1.2459022136246278,3.804665744241404
0,165,11.456158379786634,9.577085226423014
1,165,8.442465531178806,12
2,165,9.643028662954352,1.5809393705746384
3,165,2.712554366353426,12
4,165,4.749702436090602,0.026690429369427802
5,165,7.911880206341066,10.53864122160414
6,165,11.391683424162123,2.1069473158456726
7,165,6.8314363526461195,7.334186583717278
8,165,0,4.3994880505795155
9,165,9.00097385552499,6.663225983672098
10,165,3.5718430833832624,7.60061070907415
11,165,8.619547267726285,10.99656717670323
12,165,8.384517914654538,0
13,165,8.838893866146122,3.374433514093297
14,165,2.22718734174386,2.1537384506156148
15,165,0.8537252523869254,1.002414627875564
16,165,9.991459879266333,7.3159086212902205
17,165,4.553991752300366,5.322097092183286
18,165,8.063443014515393,8.300432315786479
19,165,5.690765082626384,6.402178333632654
20,165,5.830492712104071,9.704487453147934
21,165,7.1144015451153,9.49805564442938
22,165,8.790018287614899,12
23,165,6.638414216417528,2.0729598928980164
24,165,8.577489989637828,11.444461780790508
25,165,8.44378452574028,10.404411124411242
26,165,3.153212396060602,4.828570913530408
27,165,1.6944958395049474,10.532157090143036
28,165,1.5495493469322688,6.98362782284744
29,165,1.2102403791914884,3.790373806298057
0,170,11.431093304950009,9.607072877117027
1,170,8.430558968391992,12
2,170,9.68146619862031,1.5555892285028685
3,170,2.6340567156773735,12
4,170,4.761186223181161,0.0543610333719161
5,170,7.792882905679589,10.566881726775076
6,170,11.391284269249963,2.1055888479367444
7,170,6.671634264114427,7.344152720845419
8,170,0,4.384857932835721
9,170,8.993189698713698,6.677630123195586
10,170,3.4813363625686247,7.617399308232897
11,170,8.444588474638486,11.08752343294481
12,170,8.403919203118868,0
13,170,8.80615428262767,3.410436513983479
14,170,2.3024538673149144,2.063683651460788
15,170,0.8936555749985999,0.9673125442298871
16,170,9.977468935250682,7.316160031319185
17,170,4.57907845798635,5.162833587143969
18,170,8.073680192094074,8.287038117479511
19,170,5.715338630856003,6.47096022823401
20,170,5.823933941711244,9.814610114870106
21,170,7.163924118125383,9.453604939135346
22,170,8.814509582717731,12
23,170,6.66194853016937,1.9832917303795066
24,170,8.567876497530541,11.442333017724447
25,170,8.365868005836145,10.356960923313805
26,170,3.1549348204519156,4.795799583314058
27,170,1.6909369998033104,10.504426931260674
28,170,1.5753493859835044,6.998649864282695
29,170,1.1905303842066692,3.782427341485679
0,175,11.40833334791815,9.633559479884694
1,175,8.417871542469722,12
2,175,9.731557132313192,1.522552474055056
3,175,2.544763375723535,12
4,175,4.7672428824735436,0.06919970925193425
5,175,7.65961186040838,10.597312427161352
6,175,11.385153372677395,2.0842948589822474
7,175,6.536211296767667,7.352350435328458
8,175,0,4.369224419592601
9,175,8.985439124786968,6.691809606932726
10,175,3.385022062816302,7.63644583875104
11,175,8.262248964205973,11.186085521506792
12,175,8.438515042043031,0
13,175,8.782312830405036,3.434717209772979
14,175,2.3895701452399223,1.9512038839026369
15,175,0.9433568706375803,0.9221528300239703
16,175,9.952119514087382,7.31598000516396
17,175,4.605812945054351,4.99383227603826
18,175,8.098131297631989,8.254575272059338
19,175,5.735882983704064,6.524655277351726
20,175,5.815241388510664,9.931619464174863
21,175,7.23047773428047,9.39873613372495
22,175,8.792637093124398,12
23,175,6.68235512123413,1.9056585511288453
24,175,8.565804787290432,11.441884937173775
25,175,8.281786159482087,10.305512718413944
26,175,3.155068327507505,4.793656083664844
27,175,1.685734638849488,10.470850974524666
28,175,1.5900251992579906,7.007310684707372
29,175,1.1692575867632107,3.7745577645591633
0,180,11.386715718935845,9.660102677070425
1,180,8.404884353459959,12
2,180,9.791896205440036,1.4846866512721462
3,180,2.588240546133824,12
4,180,4.784156653743848,0.1097514498033595
5,180,7.542986222861083,10.63003962931681
6,180,11.379165488571376,2.0621922182494448
7,180,6.402064069987911,7.360131108827121
8,180,0,4.351749233278941
9,180,8.974942425480306,6.710524015587431
10,180,3.275745594423765,7.658606606704761
11,180,8.103382567194538,11.272035087388517
12,180,8.45702499147748,0
13,180,8.74823471236746,3.469123355159461
14,180,2.466598493586501,1.8535575637235682
15,180,1.0044980707739632,0.8673471809485024
16,180,9.92285565426799,7.315555522638142
17,180,4.631367499177891,4.815794203093068
18,180,8.12052680860223,8.224063853691675
19,180,5.7573017138636295,6.581326248187894
20,180,5.80608902688921,10.030417264233257
21,180,7.280454941444845,9.35793041117931
22,180,8.772828082795076,12
23,180,6.699942922114106,1.840991929450263
24,180,8.567505910504211,11.44225455532764
25,180,8.32956152772547,10.231869102193203
26,180,3.155424188556163,4.789321050985101
27,180,1.6788502744895706,10.424735703821188
28,180,1.5862149098855742,7.00511467512351
29,180,1.1490245384129523,3.7672903667578383
0,185,11.351282799511687,9.7027141887344
1,185,8.391515020488354,12
2,185,9.830253523728855,1.460428683794063
3,185,2.629646843011822,12
4,185,4.802919174641913,0.15423712107305873
5,185,7.41576249282126,10.664517117088504
6,185,11.37407973425949,2.0420466379714095
7,185,6.285982706003535,7.371792400156399
8,185,0,4.331613084544133
9,185,8.96251297035939,6.73280668012581
10,185,3.1601428015979187,7.680461817620521
11,185,7.947452325053159,11.353022861727263
12,185,8.475734656542068,0
13,185,8.72102200247712,3.499104861940247
14,185,2.537858563585612,1.7647468280753467
15,185,1.0557017564905153,0.8199089878761268
16,185,9.887383808019628,7.316088872590846
17,185,4.650969208335299,4.64183174131948
18,185,8.13021963877198,8.211718712452825
19,185,5.782724099545604,6.647602218546365
20,185,5.794427123403664,10.132561619937286
21,185,7.321672416840723,9.323747034770072
22,185,8.756189403180786,12
23,185,6.717640635131539,1.7730462299947052
24,185,8.557194276750357,11.44014014419977
25,185,8.377012401537911,10.156129189266329
26,185,3.1579791081181434,4.743791809675746
27,185,1.669108459454513,10.366550036506233
28,185,1.597350051271142,7.011585449078697
29,185,1.1421390033274017,3.7648589189959236
0,190,11.324631647213156,9.73425094716251
1,190,8.377233040303084,12
2,190,9.900258170512346,1.4177270378380773
3,190,2.6781237358255607,12
4,190,4.828703217829154,0.21334534683176928
5,190,7.276684739017315,10.707620604002855
6,190,11.369113120912054,2.0220848223373076
7,190,6.170159817923536,7.383875766080212
8,190,0,4.31564479770172
9,190,8.953262123817666,6.74936461394098
10,190,3.0674990840246226,7.699431820365648
11,190,7.8011891398688755,11.425880983423038
12,190,8.503789968592802,0
13,190,8.672833355418796,3.5522302424725307
14,190,2.6087541411390243,1.6786800275109564
15,190,1.1122115920665274,0.7655920308058404
16,190,9.8609815812604,7.316462303040221
17,190,4.676160787843865,4.460500200586322
18,190,8.130247573508527,8.211683506329251
19,190,5.812941455241336,6.721158216559233
20,190,5.7818124511640745,10.229123975328905
21,190,7.35597312388513,9.29288239848626
22,190,8.733594214736828,12
23,190,6.7346717841863555,1.7086499308972085
24,190,8.561218440384128,11.441071703664193
25,190,8.425008078947787,10.084073701057719
26,190,3.1592126365651683,4.724596796147524
27,190,1.6593320178792152,10.312316895071273
28,190,1.6066462509935875,7.016892506985724
29,190,1.1140236170227857,3.7548928838437168
0,195,11.304302176614867,9.759248571273236
1,195,8.35938859390899,12
2,195,9.966098252743619,1.3774325834178698
3,195,2.7226538300212706,12
4,195,4.848960165468196,0.2556635645765583
5,195,7.147790960421874,10.746012422639575
6,195,11.359983533360305,1.9846203830815956
7,195,6.062174351096984,7.391847175395457
8,195,0,4.302035382927631
9,195,8.952636190231702,6.750474588214178
10,195,3.0469504793981934,7.606050541406348
11,195,7.635131520368249,11.500312056765415
12,195,8.532410125939746,0
13,195,8.627719491539908,3.602750808828026
14,195,2.675158138983444,1.5941683828993185
15,195,1.1567505134292266,0.7194296523546295
16,195,9.827003614490204,7.316527338640156
17,195,4.704733950502315,4.284590469431479
18,195,8.123152243098733,8.22011360234058
19,195,5.834436879975641,6.7717582630546085
20,195,5.7719129467766495,10.313554553719747
21,195,7.380050083682022,9.27095505668454
22,195,8.723162678374859,12
23,195,6.754743761695314,1.6348388879952132
24,195,8.572746891856237,11.4438165835075
25,195,8.474633853840885,10.007317985224292
26,195,3.1588955945248056,4.728654007975382
27,195,1.6501407279601994,10.263902559757781
28,195,1.609398859390231,7.018564974977488
29,195,1.0971018818704377,3.748815163593412
0,200,11.281171681451491,9.78809723632892
1,200,8.341520377010335,12
2,200,10.038720697471236,1.3329187339451516
3,200,2.7676294696698434,12
4,200,4.867513960586413,0.2940470098032914
5,200,7.00623668776274,10.786238803978174
6,200,11.346342006893241,1.9292335144926924
7,200,5.967537319028069,7.3985171312309035
8,200,0,4.288895318230124
9,200,8.947450995120263,6.76015158265438
10,200,3.0249734562777033,7.485822203199269
11,200,7.492444414117083,11.563305758773836
12,200,8.551744302779205,0
13,200,8.572323206956847,3.662400081890567
14,200,2.744119730910775,1.5053399530071065
15,200,1.2005601893471172,0.6741531987510551
16,200,9.791646886751417,7.316561662544072
17,200,4.746238399440335,4.061093199429028
18,200,8.12255467837681,8.220819508769331
19,200,5.854968854993069,6.81708030865441
20,200,5.7596046395900276,10.424616829644393
21,200,7.398867734915935,9.25439116691819
22,200,8.729826502528157,11.990374483950585
23,200,6.777760248341909,1.5486859691303518
24,200,8.583034522909719,11.446630026459712
25,200,8.54771028817451,9.895958850453413
26,200,3.1567768293954237,4.7621708619580945
27,200,1.6440804161993408,10.229054583268143
28,200,1.6048471394110662,7.015747937982781
29,200,1.0718368716298818,3.739426397255926
0,205,11.256848180130481,9.818605401610748
1,205,8.323200325390031,12
2,205,10.121235098603433,1.2828168273231992
3,205,2.8185690101251746,12
4,205,4.889252423990767,0.3389762403002284
5,205,6.871399293794367,10.825404163740831
6,205,11.327841842828185,1.8627034497051551
7,205,5.905296185982633,7.401275140347063
8,205,0,4.269801816886766
9,205,8.927896481151798,6.749253866783488
10,205,3.0021870161726913,7.367070236945592
11,205,7.342953431270066,11.62499872781069
12,205,8.574237959363177,0
13,205,8.502388397579024,3.734107572600183
14,205,2.826371168033754,1.402199088208801
15,205,1.242457144020524,0.6295384085687913
16,205,9.753991432411713,7.317249481849848
17,205,4.784612162343809,3.842347830400332
18,205,8.111822352953387,8.234168585139972
19,205,5.871934779503714,6.854064438713278
20,205,5.746903465797092,10.566248568555336
21,205,7.4219717581743545,9.233911212576123
22,205,8.737005035633741,11.980248434392925
23,205,6.801354790603076,1.4529401124801535
24,205,8.577724972809461,11.445248708336175
25,205,8.613656930750775,9.792620007313593
26,205,3.1563581956231563,4.768530068683368
27,205,1.6361859851460474,10.185585204057666
28,205,1.5669194607178005,6.990491347069837
29,205,1.0339007482343938,3.724441667504611
0,210,11.228183518954676,9.858101913905875
1,210,8.302180047189784,12
2,210,10.216463527553337,1.2245183113211584
3,210,2.8660135840413945,12
4,210,4.90803590239691,0.37818797069088256
5,210,6.7354078004435545,10.863310558133687
6,210,11.306800156746037,1.798090823987015
7,210,5.821751603776772,7.402528183615977
8,210,0,4.2538379808287905
9,210,8.895772858515569,6.732094050523891
10,210,2.9807252259806956,7.251315485641468
11,210,7.186993396023555,11.689410001884527
12,210,8.598144913654663,0
13,210,8.451684467000565,3.785372744751618
14,210,2.9093927026509268,1.2926988165810287
15,210,1.290253313326751,0.5814947125209279
16,210,9.720705784305455,7.317565977992726
17,210,4.82916042042296,3.5913349629514664
18,210,8.110145590474403,8.236303896845978
19,210,5.880995749950216,6.873667113339762
20,210,5.736656530544616,10.708958306738054
21,210,7.443442745970806,9.214601278267429
22,210,8.752014243336243,11.959390989770396
23,210,6.825516632749841,1.3416249341571245
24,210,8.572576215255355,11.443713065983268
25,210,8.679890605158578,9.694967010821621
26,210,3.1566213671161254,4.763525731085833
27,210,1.626732927841431,10.134662105487594
28,210,1.5534097131693725,6.981574479589928
29,210,0.9818550534931296,3.7045752420120253
0,215,11.205364659286394,9.888788315392935
1,215,8.28823214902645,12
2,215,10.325894797959876,1.1548638310725916
3,215,2.918804489570671,12
4,215,4.92912782226338,0.4225402057344485
5,215,6.593393378261814,10.904971451923464
6,215,11.28684887349854,1.7429661023109124
7,215,5.730231199666093,7.404058830290192
8,215,0,4.241457750339193
9,215,8.867699822123106,6.717570728612167
10,215,2.959274730306441,7.132870882334433
11,215,7.021423534357024,11.76745982643983
12,215,8.624215188372554,0
13,215,8.391757953299416,3.8430256847407396
14,215,2.9887907332614323,1.1923777560509803
15,215,1.3306734581116952,0.5400342604700267
16,215,9.701577490292193,7.317699807996814
17,215,4.882553783331049,3.3435668867532398
18,215,8.102434704977707,8.24563504651912
19,215,5.892208188307755,6.898343178795684
20,215,5.725145778399001,10.8462321203064
21,215,7.478758441389997,9.183009443807588
22,215,8.761379644220677,11.946095203739137
23,215,6.848403863491731,1.238858561843259
24,215,8.557286324081897,11.439696382306089
25,215,8.741143314324114,9.602854539645733
26,215,3.157476268506231,4.750461846595639
27,215,1.6181534370677098,10.088760530263677
28,215,1.5313463433282715,6.967276707265126
29,215,0.9272697220168657,3.685608903712728
0,220,11.188215241268225,9.911898017862349
1,220,8.27131740066869,12
2,220,10.452850541103825,1.0759667629669654
3,220,2.9760224057809115,12
4,220,4.950018917385653,0.46449037975890806
5,220,6.439603839198515,10.950822290923341
6,220,11.266567612604984,1.6867851009792478
7,220,5.6223623769357856,7.405150861536941
8,220,0,4.232436196102511
9,220,8.828686153330901,6.6955154031754915
10,220,2.9386506033137167,7.012650446698002
11,220,6.85119137114931,11.847796733639223
12,220,8.637888618328448,0
13,220,8.33613880648116,3.8964709490898675
14,220,3.086927313483285,1.0706018627196614
15,220,1.3734060781754316,0.49719996103052944
16,220,9.700698857479196,7.31769907940858
17,220,4.6473596263502435,3.2923127659856894
18,220,8.090003096963745,8.261145859949098
19,220,5.873633871376525,6.907002614866555
20,220,5.710315190362968,10.976933820798777
21,220,7.522766655137393,9.141649607625219
22,220,8.779410165295003,11.920630897676634
23,220,6.867128736117083,1.1463271303075109
24,220,8.53471877275386,11.433742806422242
25,220,8.811556373172323,9.497834277944355
26,220,3.1601235765246267,4.716718426554437
27,220,1.6088234677751507,10.035884455142421
28,220,1.5182172289028621,6.959107196505695
29,220,0.8814890816481026,3.6695962266168713
0,225,11.1665617161797,9.942098141989401
1,225,8.258235122182601,12
2,225,10.571001488781846,1.0071945527274233
3,225,3.039334892745174,12
4,225,4.970482780461213,0.5053126661676947
5,225,6.291197399755257,10.993067852174539
6,225,11.250118212120833,1.6417529841568808
7,225,5.507305371054656,7.405468849484349
8,225,0,4.224177417688593
9,225,8.803869100469988,6.680758007510233
10,225,2.9189578760986503,6.89227551887593
11,225,6.6796252997277135,11.928037224676997
12,225,8.654078182241093,0
13,225,8.280254390937085,3.95180491549253
14,225,3.1911509374127034,0.9425652413486036
15,225,1.4143599486774017,0.4554554331823494
16,225,9.709519421797227,7.317758711050219
17,225,4.41744642066222,3.25006586367999
18,225,8.092167314744325,8.258272371383953
19,225,5.841856610642443,6.92188716671172
20,225,5.693316521654038,11.116532227100883
21,225,7.57455967811551,9.089653164834735
22,225,8.800366434967616,11.891738844427083
23,225,6.883692571728043,1.0597706173274364
24,225,8.512444209818577,11.4270738476499
25,225,8.8905041409476,9.383107760041414
26,225,3.1616417860453825,4.696859257121486
27,225,1.5995296830194219,9.980430470155575
28,225,1.4990936048033405,6.946877953822988
29,225,0.8400417966187991,3.6557285638384314
0,230,11.143499598891706,9.973396658333124
1,230,8.243014229031573,12
2,230,10.681254727689232,0.9386037045863082
3,230,3.093488147461525,12
4,230,5.003064006426432,0.5698871489219277
5,230,6.123617651494749,11.040045480583784
6,230,11.233409737930673,1.5942859897719006
7,230,5.3944645380746685,7.406855153009348
8,230,0,4.211555121877081
9,230,8.801630273054515,6.679432220923426
10,230,2.89853175091132,6.769378594100379
11,230,6.522915956831367,12
12,230,8.6640712059104,0
13,230,8.219359549517383,4.0089274562114205
14,230,3.287723907020008,0.8196532930697012
15,230,1.4691427359407179,0.4023880313312058
16,230,9.727102453392728,7.318417977429043
17,230,4.179850994788616,3.210171421361193
18,230,8.089553805931788,8.261888843236727
19,230,5.789964717265404,6.944887979412529
20,230,5.676771306209766,11.248621663964485
21,230,7.631113253784894,9.037196108004418
22,230,8.819415152176298,11.86665565586049
23,230,6.903578660936833,0.9635088331011596
24,230,8.487988102059203,11.420012736424113
25,230,8.974216843519411,9.26461241078283
26,230,3.162655213262975,4.687424868679764
27,230,1.5869860928666535,9.90380169371956
28,230,1.484451108981893,6.938186074168775
29,230,0.8019407748598689,3.6425367850303494
0,235,11.105695986121018,10.025984817640476
1,235,8.233237794847753,12
2,235,10.791479735769638,0.8741798393294553
3,235,3.1482727276751286,12
4,235,5.03806893888356,0.636833463246136
5,235,5.951132622629056,11.087340063259157
6,235,11.20975023129526,1.528517431838928
7,235,5.283662384060805,7.405632149961737
8,235,0,4.199606405338842
9,235,8.799364717177383,6.678058538728668
10,235,2.8762435974043448,6.629915509864451
11,235,6.387003329447642,12
12,235,8.675485860408678,0
13,235,8.15666889098695,4.071031624112751
14,235,3.388936679684542,0.696268531409694
15,235,1.5318215129806525,0.3426493726537373
16,235,9.763839669238617,7.319820271332728
17,235,3.938833476845478,3.1745480744139276
18,235,8.075253194756915,8.282314902382218
19,235,5.732501001077478,6.9713268600490705
20,235,5.662475036278256,11.358546463179396
21,235,7.6814916794339645,8.989886499368422
22,235,8.833270847307007,11.848942846929209
23,235,6.922062462649796,0.8746131973121547
24,235,8.465654610030498,11.413517906325572
25,235,9.067745950609309,9.137649828949193
26,235,3.162798927086953,4.686106642545879
27,235,1.5764830118919018,9.829199537359802
28,235,1.4872522994962152,6.939780082910513
29,235,0.7668138768291958,3.630643149485186
0,240,11.075750007151557,10.07151151955558
1,240,8.22579046807004,12
2,240,10.899755812561635,0.8123861099466626
3,240,3.2022592810350132,12
4,240,5.068299089683627,0.7005758022603025
5,240,5.787237657746238,11.132842148280305
6,240,11.18610425615776,1.4605875747155528
7,240,5.165883301822536,7.401316092562596
8,240,0,4.189672040828076
9,240,8.77942351979676,6.665898544641244
10,240,3.023142083131045,6.605742493955482
11,240,6.2622666509957785,12
12,240,8.707268395318211,0
13,240,8.094518880462104,4.134091243593181
14,240,3.4832261286811055,0.5785678642400565
15,240,1.5987325246479795,0.2794232338424078
16,240,9.78056839221562,7.32025773650558
17,240,3.7131467537824894,3.1332111111438663
18,240,8.06138006903372,8.301752797036311
19,240,5.680886256298047,6.992624172531216
20,240,5.649532079291057,11.463676174462126
21,240,7.723444576010136,8.950679550975716
22,240,8.837504262959111,11.84334007587894
23,240,6.9423042760024805,0.7663044398378397
24,240,8.434159381674244,11.403481261802838
25,240,9.168427031044068,9.001041057383361
26,240,3.163317091234271,4.680969362469089
27,240,1.5682706865025546,9.749775371231758
28,240,1.4805762340078252,6.935826166156998
29,240,0.7286597260514858,3.6180768298435675
0,245,11.05344834585717,10.102162425689224
1,245,8.21838954391277,12
2,245,10.998728274834365,0.7525178882826165
3,245,3.2511194644432058,12
4,245,5.104585537916398,0.7790439007571353
5,245,5.614208536291265,11.178332858926453
6,245,11.165472562276628,1.3999615702722044
7,245,5.02729209010634,7.392782593577834
8,245,0,4.17813140527441
9,245,8.7727050946717,6.66144108423359
10,245,3.173425125803865,6.5800975567070354
11,245,6.127842977456674,12
12,245,8.741146672803954,0
13,245,8.01988403285815,4.20953028763695
14,245,3.580948685430827,0.45608592935120507
15,245,1.6570355718137462,0.22077895782479473
16,245,9.781892738942526,7.320271455911377
17,245,3.4714106423409636,3.097475902029893
18,245,8.054422338981766,8.311245917695317
19,245,5.637706291914166,7.0117325787140885
20,245,5.6397293205875565,11.567525092594874
21,245,7.754825868715496,8.922672251707098
22,245,8.84244650194129,11.83695783976373
23,245,6.966141774752828,0.6302627236278866
24,245,8.397463249309155,11.391699425246284
25,245,9.25562371165903,8.882293357030031
26,245,3.1614421921219322,4.699218809363622
27,245,1.5571003353869226,9.660263082124287
28,245,1.4601272014386177,6.923456607479699
29,245,0.6841728225283632,3.603921281744562
0,250,11.042041220163926,10.117364429643729
1,250,8.208635852395195,12
2,250,11.118272707760676,0.6739851484438903
3,250,3.3058555260228895,12
4,250,5.141752912820884,0.8530449473599013
5,250,5.4537465754094665,11.215155464823297
6,250,11.138243675512564,1.3231492151143844
7,250,4.874143920362395,7.3822183832046715
8,250,0,4.164641610504532
9,250,8.750946017263574,6.647766025854664
10,250,3.3275492229072867,6.555912978844856
11,250,6.006527920597332,12
12,250,8.793989981315525,0
13,250,7.953011246815707,4.273781742532629
14,250,3.6852071954257117,0.3214355788104488
15,250,1.7168247419306588,0.1616825772112283
16,250,9.769878800256313,7.320089246483114
17,250,3.2343590374480264,3.063761020261149
18,250,8.055848306140787,8.309206563152864
19,250,5.598991639804649,7.028891916977397
20,250,5.627660354870352,11.68434385228056
21,250,7.786565142014205,8.89542041559229
22,250,8.8475002313735,11.830080462922721
23,250,6.990769187445902,0.49468930441338466
24,250,8.388399149442511,11.389162112053619
25,250,9.32619159505932,8.784618498386806
26,250,3.159829635739687,4.716722913566828
27,250,1.5380049623347156,9.533148806732177
28,250,1.464878734544101,6.926373157728821
29,250,0.627884282585808,3.5855448791632996
0,255,11.027038015736059,10.137041121349426
1,255,8.202256886348565,12
2,255,11.249511317376912,0.5913614008406837
3,255,3.35778275593069,12
4,255,5.184994170511659,0.9377702751913616
5,255,5.309819314651771,11.2508690497511
6,255,11.115069170635802,1.2531935869729947
7,255,4.723014358260126,7.371057425952115
8,255,0,4.153818253986867
9,255,8.736373427153897,6.638241051573869
10,255,3.4905707497876133,6.5312062014941334
11,255,5.880541945040627,12
12,255,8.845230403287669,0
13,255,7.883518576432832,4.3409286861262935
14,255,3.793699548976924,0.17511267884511375
15,255,1.772834671207195,0.10879240422637251
16,255,9.741822163158403,7.320064190373414
17,255,2.983170023372455,3.0360900948469105
18,255,8.067652842510462,8.292157824599123
19,255,5.550384586931999,7.049705283601919
20,255,5.615503159220538,11.816039229322078
21,255,7.8106701746297755,8.873367079601017
22,255,8.845563676452274,11.832815356699701
23,255,7.017805907134046,0.3774950360810555
24,255,8.363498291248586,11.382194657414512
25,255,9.411514269419953,8.673726574294022
26,255,3.15861949552884,4.728495023393273
27,255,1.5184005358024797,9.383939306436467
28,255,1.4773616865869175,6.933498966267371
29,255,0.5643834882000804,3.566365061608258
0,260,11.015246276557399,10.154660587646113
1,260,8.194323386836492,12
2,260,11.3791683810349,0.5119762412773107
3,260,3.415732479052265,12
4,260,5.23254630501584,1.0293670089680285
5,260,5.169369391541869,11.283859355372064
6,260,11.096316700959994,1.1999926380880317
7,260,4.559662129111537,7.360990071081517
8,260,0,4.146863071716353
9,260,8.720459824897508,6.627148415336383
10,260,3.665585883947382,6.501416961107361
11,260,5.7440997197218975,12
12,260,8.885180648005921,0
13,260,7.835213901681251,4.387956618969598
14,260,3.9100319855401264,0.020419228059572275
15,260,1.8244779229609946,0.05982090595211262
16,260,9.74332019642329,7.3200787844299695
17,260,2.736223369242988,3.006028006523488
18,260,8.08624002118549,8.267143916042654
19,260,5.477789225579273,7.0810156847575225
20,260,5.6047420250197195,11.95785230562381
21,260,7.8411765784529415,8.846188746198527
22,260,8.845039008769572,11.833588113111702
23,260,7.047511337970302,0.2589269013001447
24,260,8.35237636761331,11.378815386825924
25,260,9.490695368146234,8.574231640766858
26,260,3.157077839312311,4.744415906743882
27,260,1.5015820427127606,9.26020898737769
28,260,1.4808738967676924,6.935380654026924
29,260,0.484614368716742,3.5442485545213014
0,265,11.005468358354918,10.169558163935061
1,265,8.186830107711604,12
2,265,11.521404814216911,0.4275515137151447
3,265,3.4648753430224204,12
4,265,5.27323542702236,1.1078607132876321
5,265,5.032298418592321,11.318429894576562
6,265,11.072181821756066,1.127281257929003
7,265,4.397940974504959,7.354075146301047
8,265,0,4.137395530299207
9,265,8.689366867131142,6.604720474807971
10,265,3.8346001539708956,6.475707516303831
11,265,5.614515706729639,12
12,265,8.94139371730717,0
13,265,7.785647385884759,4.435976929314385
14,265,4.02459439331562,0
15,265,1.8694248566823515,0.01835089302833158
16,265,9.735759768154079,7.3201642143782575
17,265,2.4667667601140724,2.974344135258461
18,265,8.106886180240545,8.239514828741482
19,265,5.394426512762765,7.121179046168385
20,265,5.596025696138469,12
21,265,7.868770205046398,8.822105997979765
22,265,8.84239901981447,11.837382293614745
23,265,7.161521434737371,0.2882443699929848
24,265,8.32155169095969,11.370091572379117
25,265,9.572489429184014,8.471352058855816
26,265,3.1561455036852117,4.7646180550399375
27,265,1.4840844375847557,9.136078066573138
28,265,1.470473960202125,6.929980518414571
29,265,0.3956376209838621,3.5167918916789063
0,270,11.01278339600028,10.15851558357648
1,270,8.17548822576497,12
2,270,11.666981182104358,0.34243785917672187
3,270,3.512307806985235,12
4,270,5.32111124388064,1.1986426366431668
5,270,4.914480602172102,11.347024001503401
6,270,11.044254171975151,1.0444241498265185
7,270,4.243337387929644,7.353850334029915
8,270,0,4.1306843806962545
9,270,8.660485951525905,6.584559657217285
10,270,3.9938175087294128,6.447673211216926
11,270,5.497391294209208,12
12,270,9.005737332622054,0
13,270,7.72346125229455,4.495603124071833
14,270,4.1326527200344545,0
15,270,1.837546691734792,0
16,270,9.711739608498132,7.320735518709243
17,270,2.208695400109803,2.9427165567341973
18,270,8.136112448586996,8.202678764127976
19,270,5.300978352223017,7.16917879320089
20,270,5.589315588226589,12
21,270,7.890586065112561,8.803517090319376
22,270,8.851445997844486,11.824270634437408
23,270,7.185893196665256,0.19832103302390294
24,270,8.291430278591044,11.361675856911804
25,270,9.657593693786488,8.36154414406991
26,270,3.1542826196574185,4.8000663113563755
27,270,1.4704169582651268,9.017714683650366
28,270,1.4317740883482675,6.908683272154876
29,270,0.31545010042768606,3.4928632089061176
0,275,11.023857708987844,10.140461721221063
1,275,8.163709094783947,12
2,275,11.818676267433412,0.24854694761951063
3,275,3.5658823387304674,12
4,275,5.3644122635619365,1.277689241011205
5,275,4.8171442269001465,11.370354499538204
6,275,11.014197252140299,0.9492383671697779
7,275,4.110240435658667,7.351245543381684
8,275,0,4.125973920666171
9,275,8.635276733669066,6.565732423714642
10,275,4.124578313259601,6.423206205360898
11,275,5.375005978000065,12
12,275,9.069478016941153,0
13,275,7.662777741840307,4.551324434109667
14,275,4.227716253018767,0
15,275,1.802557791636951,0
16,275,9.696180446332452,7.321099504710541
17,275,1.9454732385814604,2.9081086763928794
18,275,8.148208891962566,8.186784692194644
19,275,5.199487450948091,7.221054796769705
20,275,5.579890422256245,12
21,275,7.9007729263148745,8.794646660112878
22,275,8.857584880341562,11.815770123904594
23,275,7.206652234980009,0.11422928125101539
24,275,8.266671478264765,11.354776356935774
25,275,9.74006065067653,8.254256538622478
26,275,3.149881287583904,4.846912411252139
27,275,1.458631509426818,8.894459490280806
28,275,1.4036008282186594,6.89309449854106
29,275,0.2377754778754011,3.4697279583960254
0,280,11.031215351590292,10.12856670922999
1,280,8.15230688994313,12
2,280,11.969712418531657,0.15150105090908703
3,280,3.6214971530641296,12
4,280,5.415055968901696,1.371903832538203
5,280,4.738735076958635,11.388709396162259
6,280,10.98889275873409,0.8536325996651842
7,280,3.9837782800323422,7.352101346119646
8,280,0,4.119254295709004
9,280,8.624552492060971,6.557502477973156
10,280,4.269291719890762,6.392404279152769
11,280,5.252275362261727,12
12,280,9.118488818267464,0
13,280,7.603130380458659,4.607075349863262
14,280,4.321928473962687,0
15,280,1.768787772303812,0
16,280,9.672478565138457,7.322371510398424
17,280,1.668280496622284,2.8747352908598187
18,280,8.16034918368052,8.17040145299485
19,280,5.1060575155064125,7.266650985648659
20,280,5.571281995089656,12
21,280,7.9168005241252875,8.780996146851955
22,280,8.866068199684149,11.803967928510593
23,280,7.228351884268596,0.02439876837580593
24,280,8.24136086283155,11.347179886910784
25,280,9.816864161415884,8.158416573377325
26,280,3.14840584242268,4.8610780604794765
27,280,1.4461263849606636,8.768821026462902
28,280,1.3718105882426768,6.875343862247253
29,280,0.17142730658780636,3.4489388879548604
0,285,11.034402839712875,10.123744616556461
1,285,8.142583252005739,12
2,285,12,0.05794119441794321
3,285,3.6668776744700016,12
4,285,5.454251031869572,1.4459136605018155
5,285,4.655106473653523,11.40942639466403
6,285,10.957705895950177,0.7487549404553362
7,285,3.8750693246734285,7.351815175571627
8,285,0,4.1142142611145225
9,285,8.596358500158537,6.535760604254813
10,285,4.436713899462893,6.354937322176476
11,285,5.1294880145859,12
12,285,9.167682625371757,0
13,285,7.540913136674961,4.666354528726521
14,285,4.4241657170086865,0
15,285,1.732943425947765,0
16,285,9.649301458992547,7.323890721703545
17,285,1.3857023840901874,2.8430823376285956
18,285,8.166638392515244,8.162411989087323
19,285,4.996455759018007,7.319842459964434
20,285,5.56188375979497,12
21,285,7.933573863142273,8.766793015662236
22,285,8.872682891290713,11.794274634176702
23,285,7.252069250095875,0
24,285,8.226368713476823,11.342572221613935
25,285,9.89269636684906,8.06468851609231
26,285,3.14669361524204,4.876458632455618
27,285,1.4312792735322928,8.622632314758935
28,285,1.3483737981742334,6.86185878294004
29,285,0.11062944905515538,3.4322484287168606
0,290,11.033441945006247,10.125227313183633
1,290,8.134273222742465,12
2,290,12,0
3,290,3.6973909997810273,12
4,290,5.48470465858011,1.5045399772508883
5,290,4.559397746528397,11.432040897048722
6,290,10.923336554810042,0.6290892954976913
7,290,3.7826938778536707,7.351269809216771
8,290,0,4.109045814725108
9,290,8.562373658046969,6.510299456635663
10,290,4.60412655002799,6.315991177230329
11,290,5.00934813346689,12
12,290,9.209380818879627,0
13,290,7.4910105876727675,4.7146398655698825
14,290,4.514915252885681,0
15,290,1.6886870620690109,0
16,290,9.609171820601802,7.326298171356473
17,290,1.1140874225399129,2.811397145678383
18,290,8.180462051561342,8.144606538752152
19,290,4.883763021488944,7.374175937584014
20,290,5.553067851029926,12
21,290,7.952334164817572,8.751264379390188
22,290,8.872054888962083,11.795179017377182
23,290,7.272363268893963,0
24,290,8.188059736507466,11.331294303515957
25,290,9.979784906617693,7.964022547637479
26,290,3.1464806694771696,4.878448576275023
27,290,1.4204199613624915,8.499160686697993
28,290,1.3233221037389677,6.847667815571138
29,290,0.04169683557555569,3.415498675809616
0,295,11.023769769428007,10.140816282608824
1,295,8.128601996852254,12
2,295,12,0
3,295,3.728990978906395,12
4,295,5.514995033215937,1.5643318882620925
5,295,4.453781806467205,11.453680610637516
6,295,10.888199319661988,0.5089370139236901
7,295,3.7092022195629473,7.351730871933279
8,295,0,4.1057229160009445
9,295,8.534394738091612,6.54699307473831
10,295,4.790053320021643,6.272493648008053
11,295,4.892119810404456,12
12,295,9.25409540584953,0
13,295,7.448862762827763,4.755834201129945
14,295,4.594938964549374,0
15,295,1.6462999861542478,0
16,295,9.56357847511569,7.329791072808722
17,295,0.8597951143082017,2.7873403259186746
18,295,8.196974518360141,8.1240683895553
19,295,4.777394261935292,7.425256494069278
20,295,5.543517823979765,12
21,295,7.963907531961853,8.741713282057862
22,295,8.869949857498002,11.798275739787092
23,295,7.29588669597615,0
24,295,8.15145058281182,11.321799406045008
25,295,10.081703843720172,7.848629378863528
26,295,3.14781499096452,4.867775671453865
27,295,1.4088163030259682,8.368538617020713
28,295,1.2984698847842648,6.833450410808589
29,295,0,3.3957077587203384
