id,time,x,y
0,0,10.009560243094967,8.943041657911678
1,0,3.022627756615667,7.951067965567329
2,0,8.00190349016867,1.0390331310734862
3,0,8.981094788514127,2.062753761728804
4,0,2.0066516360704054,9.034955898595497
5,0,11.020844059330585,1.9578178712228447
6,0,5.955877814143919,3.969818337959946
7,0,5.998967561461865,12
8,0,11.983417935055819,7.042904589045792
9,0,8.021278898274275,8.970518510316262
10,0,5.060735223211969,3.02803904087312
11,0,1.9371779944819776,11.017935087416236
12,0,1.0635894800252421,5.981559355788987
13,0,6.996186814586733,6.045580579471911
14,0,1.049366659078711,5.965576775071244
15,0,5.040946468978412,10.025368431861079
16,0,5.030564197232095,8.973491826363661
17,0,4.0191113028514325,8.048051373995813
18,0,6.0024757014158325,7.954060595305623
19,0,2.959450087429508,1.0650532034398783
20,0,5.03812628326756,8.042204818154223
21,0,9.034065219124495,10.949787273568163
22,0,0.9685002608468773,9.021176818957919
23,0,9.939656044228178,11.969786790376371
24,0,8.988847746207556,10.02978970658382
25,0,8.065771391915142,9.979509865985026
26,0,2.9672035518715005,12
27,0,0,10.979207547493889
28,0,9.037194307942363,0.985466064191827
29,0,10.959888116222306,3.032553140923856
0,5,10.01643843822226,8.897124516968677
1,5,3.0361703517096332,7.921190513224074
2,5,8.003396569198781,1.089779218899474
3,5,8.965094573260693,2.114972149017882
4,5,2.0139284343462682,9.069947904960724
5,5,11.045762589528731,1.9076113280409777
6,5,5.91855261954023,3.945026641924169
7,5,5.999142239424605,12
8,5,11.960450234347542,7.102176681734461
9,5,8.03289747704238,8.953736085808139
10,5,5.103611136841302,3.045558624914627
11,5,1.8756065909168884,11.036842548342213
12,5,1.0420599684657017,5.914928330777786
13,5,6.9934495415615565,6.073276679092179
14,5,1.0954576152440625,5.93570012679543
15,5,5.078126845197566,10.048771223376157
16,5,5.065759684777196,8.944281527932084
17,5,4.025938205469991,8.065151836232298
18,5,6.006369955550623,7.903456556197096
19,5,2.9197934117005055,1.1308208686915908
20,5,5.083428830307031,8.091725845732379
21,5,9.070079408883466,10.89597306402758
22,5,0.9506182946551878,9.034429567800236
23,5,9.88580246344085,11.943292281787404
24,5,8.984315629628018,10.041566999429069
25,5,8.159055156226348,9.948761485267381
26,5,2.923533511673892,12
27,5,0,10.956460154188832
28,5,9.071128454553131,0.9726053854084198
29,5,10.933694825093948,3.053552769178867
0,10,10.024038615710872,8.85198486589702
1,10,3.053019047337556,7.884403364182842
2,10,8.003703190227236,1.1214460330987361
3,10,8.943048883250475,2.1841087827155397
4,10,2.022824596130866,9.112076868737546
5,10,11.061859270030672,1.8750792326850492
6,10,5.8716296639059244,3.9146072955701596
7,10,5.99793288951161,12
8,10,11.94202594176348,7.152284339092111
9,10,8.054422796535839,8.922210161394826
10,10,5.129368121729168,3.055272120675196
11,10,1.8089621037488324,11.058926689601893
12,10,1.0169177758781984,5.832908240460996
13,10,6.991296231701124,6.096228359990291
14,10,1.1374423939792633,5.909937068506676
15,10,5.130712503442251,10.081586945611411
16,10,5.090376627553145,8.924357877345555
17,10,4.034969209702533,8.089658860963294
18,10,6.008514257747161,7.8619460918183535
19,10,2.886177931288603,1.1841172179000194
20,10,5.1361427541627185,8.147392236308052
21,10,9.10257878669416,10.849171540279414
22,10,0.9358350655688707,9.044984186134899
23,10,9.832111750045025,11.917525309714495
24,10,8.978512266244028,10.055815107915272
25,10,8.258272722049584,9.912623644575643
26,10,2.8684850182587933,12
27,10,0,10.93868726761395
28,10,9.109974673964457,0.9568296527493966
29,10,10.898440760232765,3.0823705972433357
0,15,10.040484361824609,8.768944773796976
1,15,3.0700121747837406,7.845657006289474
2,15,8.003760076248033,1.1242017219053198
3,15,8.92428187519134,2.243693038785269
4,15,2.031332455527381,9.153669920800752
5,15,11.077469173857919,1.8412814338865247
6,15,5.818167612667337,3.8783966447611675
7,15,5.99706303221969,12
8,15,11.92253893911468,7.20215068351056
9,15,8.06969898886859,8.900091514464778
10,15,5.158795430215922,3.066642462216405
11,15,1.7538414819375396,11.077177971249869
12,15,0.9856251535894258,5.742778182231582
13,15,7.0033361663769576,6.097262639564306
14,15,1.1856983800657306,5.881068606366043
15,15,5.166955461805033,10.103999966830134
16,15,5.12516372567208,8.895890507943864
17,15,4.04841611400273,8.122926836281904
18,15,6.011013238938035,7.81660684562593
19,15,2.8535748904571117,1.2369963329571185
20,15,5.175104957846365,8.188282177014973
21,15,9.13455527367892,10.801514840262291
22,15,0.9212481342651456,9.055484400984682
23,15,9.794629324610746,11.900703854694864
24,15,8.97444540273454,10.0656895190846
25,15,8.367923764170959,9.874870019776772
26,15,2.834473901935536,12
27,15,0,10.915874100213976
28,15,9.154162161251405,0.9400524097777744
29,15,10.871643353288121,3.1042150886910767
0,20,10.058300946262841,8.682116518158715
1,20,3.094770813412531,7.79322239132964
2,20,8.003840715557121,1.125975741336329
3,20,8.903309220525644,2.301671552690448
4,20,2.039345955269201,9.19478959779595
5,20,11.085805086376384,1.8217071063098003
6,20,5.75398119568747,3.832311134990682
7,20,5.995722244630733,12
8,20,11.903901316523086,7.24924450038914
9,20,8.073177151651812,8.894944868511464
10,20,5.194067398913075,3.079942572222237
11,20,1.6915586997596725,11.096042362499276
12,20,0.950570006349628,5.637136074718876
13,20,7.009510918897179,6.097805141950277
14,20,1.2430158316556603,5.844932409928608
15,20,5.1966175874795875,10.122426174566092
16,20,5.1632197734509715,8.866095226309818
17,20,4.057939148109069,8.147132886310585
18,20,6.0135449833175505,7.779071651198491
19,20,2.826158694140534,1.2828096844052093
20,20,5.2188254322072565,8.235178478497826
21,20,9.170487759016968,10.750475943176808
22,20,0.9044459130636885,9.067124370755742
23,20,9.745934179365044,11.879823039048613
24,20,8.976142789223484,10.061574130596124
25,20,8.472913149265269,9.840810814708627
26,20,2.788016122756468,12
27,20,0,10.891330595536752
28,20,9.206938332354888,0.9207007963256311
29,20,10.856760452618188,3.115973380346916
0,25,10.071721154247928,8.612552431559694
1,25,3.1230423181216205,7.736183880585412
2,25,8.004001185135566,1.1291724895460717
3,25,8.957993896940655,2.322387799588357
4,25,2.0479446980967086,9.239558966264655
5,25,11.086033763748825,1.8211536969877762
6,25,5.685973610348097,3.7833530940425897
7,25,5.994947697244384,12
8,25,11.881902589848162,7.300996801112816
9,25,8.072402951441738,8.896014585645016
10,25,5.23800801369597,3.0965710817710392
11,25,1.6327475169890044,11.113116267846785
12,25,0.917601665035622,5.5322979596292505
13,25,7.022286213486701,6.099290520637042
14,25,1.2892592803809593,5.813451383873398
15,25,5.217547925282809,10.13555044955333
16,25,5.211099878401001,8.829464269063674
17,25,4.068983710681458,8.17888730464339
18,25,6.0187673576804475,7.71474161213786
19,25,2.7979277914784153,1.3344604770457633
20,25,5.265151583162348,8.286300340170829
21,25,9.200550966955392,10.707854596620011
22,25,0.8711213876201681,9.089821139308482
23,25,9.693025714221532,11.856588479610704
24,25,8.97974394611605,10.053587454803306
25,25,8.559368444233368,9.811780157693034
26,25,2.7407523151569007,12
27,25,0,10.870043443548875
28,25,9.262688910732289,0.8994555148072101
29,25,10.854709208148716,3.117604469800751
0,30,10.089771618180807,8.515674363647303
1,30,3.14922518812463,7.682704684784723
2,30,8.004865462798186,1.1618995925290967
3,30,9.033989261268104,2.3520008034325723
4,30,2.059078176984826,9.290627461138543
5,30,11.079288076121474,1.8374292413448485
6,30,5.631144943873957,3.7438438523358144
7,30,5.992098106850023,12
8,30,11.866748344144948,7.337516418910488
9,30,8.067468831752926,8.902862749993506
10,30,5.298989663527901,3.1199112199719488
11,30,1.592534289503083,11.125978703074882
12,30,0.8835116260908251,5.41705762470046
13,30,7.030603347758287,6.1000926310035695
14,30,1.3461861908728894,5.774834860960519
15,30,5.2552846348463005,10.15886212623161
16,30,5.271287132703274,8.78334696009029
17,30,4.076382610999544,8.206221768667218
18,30,6.025085525563806,7.6533130203212325
19,30,2.769603092371825,1.3878900477249811
20,30,5.311453852660362,8.340635491396919
21,30,9.219631088127061,10.681213642103423
22,30,0.8570281677843705,9.099287286385621
23,30,9.63946985991835,11.834774792478166
24,30,8.991249725192423,10.028051788996951
25,30,8.647989458447567,9.780261208072229
26,30,2.67634242098515,12
27,30,0,10.845362939433587
28,30,9.312441204057532,0.8806154133819251
29,30,10.835228524754081,3.1328144044080393
0,35,10.106857637007845,8.422711265220798
1,35,3.1803431400969613,7.620962095960049
2,35,8.006781748713378,1.2015950794657033
3,35,9.102099827454884,2.378818020519647
4,35,2.0661746697099965,9.331013385748124
5,35,11.06684295033118,1.8675206043335082
6,35,5.574687399707139,3.70307493252006
7,35,5.984584792377007,12
8,35,11.851584617617679,7.37504526546706
9,35,8.067559813353004,8.90272941327928
10,35,5.365172847682997,3.1440595647617124
11,35,1.5455557427635935,11.142533971626841
12,35,0.8503684974127004,5.297622709106926
13,35,7.036772837250515,6.100756029618813
14,35,1.4063098517834387,5.734418080152477
15,35,5.30516669334468,10.187713254974438
16,35,5.321551202705299,8.74290784217781
17,35,4.086394710663456,8.239991447696113
18,35,6.028612769882061,7.618680992889405
19,35,2.7459889742662815,1.4340590360814218
20,35,5.386815385045176,8.424804074207666
21,35,9.232185718906662,10.663559480733046
22,35,0.8397228581573309,9.111442023055876
23,35,9.573586923018958,11.809925158300485
24,35,9.001874915318899,10.002792177777893
25,35,8.74436061899956,9.747254744682285
26,35,2.607845226316239,12
27,35,0,10.818584582840822
28,35,9.36677655963172,0.8594034692091869
29,35,10.81692177959549,3.1469491611558276
0,40,10.120264509137707,8.339774450174117
1,40,3.2142387756990547,7.553789817783607
2,40,8.008994253469641,1.2559997433105872
3,40,9.160390111822554,2.4018666409006553
4,40,2.0706947792449304,9.360246025894778
5,40,11.046427663547503,1.9140179519503406
6,40,5.528261913081156,3.668794577943535
7,40,5.976385219119191,12
8,40,11.835004718094913,7.41922188387561
9,40,8.06661374503288,8.904142121132232
10,40,5.4432267183888365,3.174212727246781
11,40,1.4970167229620475,11.15941002075236
12,40,0.811404148336703,5.166023227942021
13,40,7.050369553796028,6.1019389383217275
14,40,1.4719098461757065,5.689799310229051
15,40,5.353542483931939,10.215482336698345
16,40,5.374892529852016,8.698910884680911
17,40,4.096982754661142,8.2786270076012
18,40,6.03157308711701,7.585394778462977
19,40,2.725622863915672,1.4749536357113693
20,40,5.453301270047058,8.49767593180924
21,40,9.239578764863957,10.653440134145969
22,40,0.8062174269583158,9.134376745080216
23,40,9.49702283529939,11.784000369803888
24,40,9.018275651338309,9.966850436069159
25,40,8.841339601138664,9.71416279312951
26,40,2.565490570568251,12
27,40,0,10.79533808293462
28,40,9.428492046452071,0.8356261931155575
29,40,10.810408474842149,3.1386288450498308
0,45,10.135157366043979,8.249470012132672
1,45,3.2551215938346436,7.469873003209257
2,45,8.010457643146248,1.2966385852020161
3,45,9.212956432143892,2.421061575013364
4,45,2.080658347892705,9.412690581710317
5,45,11.031630586754572,1.9456879487922594
6,45,5.476798891504936,3.63111633281699
7,45,5.969702081741916,12
8,45,11.820403971932157,7.4588784715452565
9,45,8.068524457744024,8.901223083723227
10,45,5.534164795198106,3.209108164763621
11,45,1.4355573085477364,11.180293158746881
12,45,0.7695234069794519,5.034352742907837
13,45,7.071024105420333,6.103068878441048
14,45,1.5288109049597787,5.650949565338693
15,45,5.403967557196661,10.248160701421162
16,45,5.445611390720877,8.640739663638538
17,45,4.1118012044083905,8.331925990105796
18,45,6.031811124719993,7.581854944827434
19,45,2.7037038529696362,1.5192731883508246
20,45,5.516483359357333,8.569148793270022
21,45,9.246273623845356,10.644412129540997
22,45,0.7584313940743582,9.165326475344244
23,45,9.440932740333334,11.7655813268025
24,45,9.032509128606971,9.93578074010341
25,45,8.943876158677591,9.680255237008947
26,45,2.5175142851070094,12
27,45,0,10.774363630399467
28,45,9.490759302680221,0.8110769161538645
29,45,10.789883947308171,3.11068011539963
0,50,10.15231565792769,8.151427578049752
1,50,3.2891802485051542,7.401404880311908
2,50,8.012112549384806,1.33654894660199
3,50,9.274215966298323,2.443893481848122
4,50,2.0921776414583255,9.471078498447765
5,50,11.02367267349815,1.9630564303774822
6,50,5.427156902998539,3.5938883820685836
7,50,6.045582554455525,12
8,50,11.811074420201782,7.482855543260375
9,50,8.073802230391978,8.892351342145226
10,50,5.63917713121126,3.250135011694661
11,50,1.37671549547962,11.200757287942904
12,50,0.7164913277223807,4.873065488547776
13,50,7.09960138550961,6.104422418669559
14,50,1.5924723844979338,5.609166081511857
15,50,5.457150719991206,10.28190955285917
16,50,5.512258387533353,8.584208927229314
17,50,4.125121399627314,8.384309495257918
18,50,6.032414770680609,7.566693555095294
19,50,2.68188599403009,1.5609758519663912
20,50,5.577899003635704,8.638822981729536
21,50,9.243260749443948,10.648530166337556
22,50,0.7088957578318227,9.197754879734964
23,50,9.378945575560179,11.745601956461895
24,50,9.046524864104347,9.906246461898604
25,50,9.03622693355096,9.650072679304063
26,50,2.4575655902516362,12
27,50,0,10.746837054262024
28,50,9.552733652882669,0.7853135406019195
29,50,10.781243389257718,3.098162653328936
0,55,10.167029716895078,8.059197860065531
1,55,3.313247740335973,7.3499453742754195
2,55,8.013801276618304,1.3673840227521399
3,55,9.345906277332638,2.467841177816618
4,55,2.103048130607456,9.527780820814726
5,55,11.0040763587298,2.0034913745984024
6,55,5.377142977629637,3.5544751378305146
7,55,6.126639151468796,12
8,55,11.805337807296945,7.497846508822081
9,55,8.078180625699476,8.88472737562078
10,55,5.765809492760013,3.3009333013608226
11,55,1.3268634766413094,11.218618431549539
12,55,0.6588775220464385,4.696495513043702
13,55,7.1307984574517205,6.105571882333068
14,55,1.6699864264083217,5.5578779655203325
15,55,5.49720920784889,10.305953413480914
16,55,5.576324287169389,8.531139916888828
17,55,4.1354006947528585,8.420109094229643
18,55,6.0347682154649505,7.520023466691767
19,55,2.6700958560191763,1.5829626936351107
20,55,5.635528244634794,8.70854080399983
21,55,9.239733849516469,10.65310442138559
22,55,0.6718894326564862,9.221674981053901
23,55,9.319093508912736,11.727229813444284
24,55,9.060902115083353,9.876785407067137
25,55,9.11044603727391,9.62456075723814
26,55,2.3928387926479027,12
27,55,0,10.716137461195462
28,55,9.63276726290141,0.7531629450520178
29,55,10.785383380612288,3.1039327206710485
0,60,10.181183776588371,7.980038975813364
1,60,3.3269923574513114,7.317327964882908
2,60,8.016075158177562,1.4007034981012922
3,60,9.399403624062009,2.486445124375929
4,60,2.1172216607484335,9.610970064197684
5,60,10.989215894331203,2.033050166898281
6,60,5.31986528671032,3.51044535902317
7,60,6.19806688088639,12
8,60,11.782376320028995,7.488903845110897
9,60,8.09565260509,8.854019766089133
10,60,5.887335393231347,3.348794942824288
11,60,1.2720179390863395,11.23715411706294
12,60,0.6044218908337694,4.515041431809611
13,60,7.18361187727775,6.106905334531196
14,60,1.7576135684911283,5.494113237700715
15,60,5.530052644693535,10.324630051153106
16,60,5.6586808993666615,8.463462792667066
17,60,4.145948111293941,8.45512932350765
18,60,6.036913328554985,7.478792555906134
19,60,2.6538116175602227,1.6116880400119475
20,60,5.686137828220116,8.767839951370442
21,60,9.236030561579284,10.658068121879156
22,60,0.6502905790432543,9.235781917042162
23,60,9.259021146753739,11.706642467874799
24,60,9.077987601778057,9.840452395008494
25,60,9.194023373129422,9.596479624201569
26,60,2.323605526778726,12
27,60,0,10.679844079902018
28,60,9.715891782447446,0.7221022885296156
29,60,10.782280815058778,3.0998412675579643
0,65,10.196256393031026,7.889943312048451
1,65,3.3432642815952467,7.278615128885638
2,65,8.017377908107564,1.4223549724437896
3,65,9.449761700948521,2.502737008974772
4,65,2.1319470704301198,9.701144050164666
5,65,10.980810024601595,2.049304680073755
6,65,5.271187994691681,3.471644440361217
7,65,6.261265408162241,12
8,65,11.768356779057283,7.483515041316541
9,65,8.112131129635873,8.825789711687431
10,65,6.006051777329779,3.398177301112537
11,65,1.2195256893648483,11.253947202498322
12,65,0.5469912056451622,4.32309795086969
13,65,7.220468525441185,6.107179054559839
14,65,1.8328065856116063,5.4392584774821
15,65,5.598750083586976,10.36564948693487
16,65,5.733792412477471,8.404487453943268
17,65,4.160889906367825,8.503695733897002
18,65,6.0386203311434254,7.444981518641781
19,65,2.632958510149703,1.6469020612920486
20,65,5.737351668519667,8.825926408253926
21,65,9.230233651630005,10.66573247442179
22,65,0.6335391170870346,9.246686707058446
23,65,9.212555271712196,11.69057016008346
24,65,9.096387495264304,9.802294139914414
25,65,9.271472326624577,9.571039106398525
26,65,2.271306471806529,12
27,65,0,10.657970163169058
28,65,9.80141213064637,0.689055644224628
29,65,10.794776071561408,3.117018320646236
0,70,10.217709507572028,7.780893722877419
1,70,3.353964814027689,7.2517060891967215
2,70,8.017749467593035,1.4355172357173696
3,70,9.506059884550142,2.520453120851611
4,70,2.148747149517417,9.812309437918275
5,70,10.970255735676492,2.070552606035621
6,70,5.231361979347666,3.439990732785866
7,70,6.316180763912825,12
8,70,11.75196230036596,7.4778110097923145
9,70,8.123992057840418,8.806770940872875
10,70,6.169311626341897,3.468987741447884
11,70,1.1673340177945304,11.269822270670605
12,70,0.4932634651615727,4.14899303549169
13,70,7.255831352863768,6.106388805852211
14,70,1.8969610257354759,5.3937564741586455
15,70,5.673648483523223,10.409912694682113
16,70,5.803397256860466,8.351615298334298
17,70,4.178689965634553,8.559951876911464
18,70,6.060140375914864,7.446269198447401
19,70,2.602134761820171,1.6986685574556935
20,70,5.793839203083137,8.890493402013744
21,70,9.24275411854466,10.648387625729992
22,70,0.6458603355679893,9.238649190665532
23,70,9.15494862491929,11.670699580742848
24,70,9.114048727909545,9.765700775593908
25,70,9.362748393544006,9.54089769931337
26,70,2.2188327111880852,12
27,70,0,10.625662016554239
28,70,9.89352571946335,0.6507386271545825
29,70,10.79241340672344,3.11381349166933
0,75,10.237257337199269,7.677907000945156
1,75,3.3733408995370286,7.201145030384249
2,75,8.0181332692132,1.4438629682091992
3,75,9.558560344190841,2.5365131633048463
4,75,2.1620176299539837,9.918837312579123
5,75,10.949251097988988,2.1127927505377446
6,75,5.1884878068859575,3.403623501380879
7,75,6.356431558489996,12
8,75,11.75368216650831,7.478405271066835
9,75,8.14614014651981,8.772022191071272
10,75,6.321086431918953,3.5382792681142528
11,75,1.1413762662864004,11.278579424935282
12,75,0.44084911849521624,3.95552660596145
13,75,7.2878081988935275,6.105660350369337
14,75,1.9558780010938792,5.350740442591441
15,75,5.749086792164085,10.455850070611454
16,75,5.872772178204151,8.299271600348215
17,75,4.203769677025518,8.639883458541426
18,75,6.099648033191401,7.449152704435676
19,75,2.565429705850054,1.7588536792600293
20,75,5.859433262573263,8.965536745519428
21,75,9.259886295509848,10.62513959403135
22,75,0.6577669178865015,9.231028461911038
23,75,9.079281630688996,11.643260316085254
24,75,9.136608038202276,9.721743077069545
25,75,9.433281567211782,9.517762497767736
26,75,2.182769806227956,12
27,75,0,10.59925230294429
28,75,9.996321142417061,0.6047651459205001
29,75,10.789825462940403,3.110413505817924
0,80,10.252803073997264,7.56342553869027
1,80,3.3930033880891726,7.152018823019616
2,80,8.018437796421033,1.4509782881235556
3,80,9.612276944913342,2.5528112388089954
4,80,2.174401840212451,10.030036234879207
5,80,10.935456878192799,2.1400284976792
6,80,5.156770124357179,3.3759845336410694
7,80,6.403800741090321,12
8,80,11.76655906107699,7.482791388430674
9,80,8.164796787542777,8.741515920107053
10,80,6.479690590031009,3.604812313861877
11,80,1.118030465229658,11.286681995338398
12,80,0.39321182823909157,3.7717419927235207
13,80,7.301429828545821,6.105661619814078
14,80,2.008924868931112,5.311465655125631
15,80,5.826943628728232,10.500604025109467
16,80,5.960662348391696,8.231827878679201
17,80,4.236137487455798,8.735757284672829
18,80,6.136672418901297,7.451630058638067
19,80,2.5338727104790877,1.8111945428400174
20,80,5.912042620982657,9.028951128270727
21,80,9.278572898950896,10.59926169081339
22,80,0.682925916778905,9.213439683706195
23,80,8.973441817823229,11.608583617531913
24,80,9.159675391199963,9.678919686400523
25,80,9.509790042529813,9.49280487036987
26,80,2.138449149422744,12
27,80,0,10.575527873728875
28,80,9.945192944394966,0.4985208329891182
29,80,10.784127519707292,3.103079718256196
0,85,10.266431081616169,7.464638881577613
1,85,3.4083465774958306,7.111751093600319
2,85,8.019217405666964,1.4614464457238376
3,85,9.672235965449532,2.569118378880989
4,85,2.1870936642024974,10.15425458667564
5,85,10.910604267932522,2.187838069493284
6,85,5.134990495554885,3.401237183799703
7,85,6.400528197056873,12
8,85,11.804182163403553,7.495967323459584
9,85,8.181128630699504,8.714641554524539
10,85,6.647649063471531,3.6785843681262858
11,85,1.0852982834493647,11.29723343391272
12,85,0.34018709575809963,3.578685084053831
13,85,7.316431694117674,6.1057813189781776
14,85,2.049081564807439,5.281739871590353
15,85,5.905160410158488,10.547047621724834
16,85,6.045572489581466,8.167855413903325
17,85,4.26983580884468,8.831150943924724
18,85,6.188682060248756,7.4565356014703665
19,85,2.5102412334592343,1.850933274425306
20,85,5.9605001176807235,9.08473733113456
21,85,9.29971276577513,10.57115306466448
22,85,0.7384503379100373,9.173637726740926
23,85,8.889144467624543,11.580192223387979
24,85,9.18071337661089,9.63844646221348
25,85,9.605689324192019,9.461005996258567
26,85,2.1008593495535934,12
27,85,0,10.556966172249409
28,85,9.888586085760858,0.384486794559947
29,85,10.783155925717772,3.101859591702462
0,90,10.276200339162937,7.385630817973027
1,90,3.423225839988995,7.072886658898364
2,90,8.021256983033336,1.4832997880201073
3,90,9.733693516772426,2.5855608944424096
4,90,2.202908963233463,10.298000195353978
5,90,10.887809486101892,2.2302127212549316
6,90,5.108506155194916,3.4327944471527285
7,90,6.397743562604843,12
8,90,11.8687405212444,7.520352403965963
9,90,8.19726627490163,8.68848246430155
10,90,6.8061248221642225,3.7493169830205137
11,90,1.0505131379669506,11.307621522269931
12,90,0.27904456004568345,3.378168495643835
13,90,7.327677823612475,6.105655269972885
14,90,2.088021939983395,5.252378501384929
15,90,5.991904057861985,10.598332329792452
16,90,6.124622445635836,8.10681518745015
17,90,4.301578868764784,8.926700913185016
18,90,6.2502009759452255,7.462069207845477
19,90,2.4855099821812345,1.8918858367359115
20,90,5.997064720412454,9.126380322610625
21,90,9.311716099198014,10.554247497410921
22,90,0.781247347803206,9.143142920036265
23,90,8.794349717391817,11.549837664996401
24,90,9.19785660068881,9.603772169809407
25,90,9.69220692809179,9.43331605057519
26,90,2.0715851513579726,12
27,90,0,10.54001199153688
28,90,9.83443622815209,0.27626276260405347
29,90,10.79012869400943,3.110459036761879
0,95,10.28696951678079,7.304270573748277
1,95,3.439943590383626,7.027119899434289
2,95,8.021278690329591,1.48351208320805
3,95,9.790358834242717,2.60117326207003
4,95,2.223025297508431,10.44659780267384
5,95,10.871432109233373,2.261122792921574
6,95,5.088191305674135,3.4569965696446903
7,95,6.396731552226942,12
8,95,11.950850769171012,7.552233416718429
9,95,8.218224632622134,8.655339644438559
10,95,6.945135858633838,3.808299116131682
11,95,1.0081307104614496,11.320075610171838
12,95,0.22136856661912294,3.1652351697931294
13,95,7.354353185860684,6.104772873265637
14,95,2.12507196204588,5.224659150719695
15,95,6.091584218381534,10.654954871017978
16,95,6.212016706480994,8.039131448700298
17,95,4.332652797679815,9.023671107316376
18,95,6.30296009186015,7.46740567389446
19,95,2.4637641082988666,1.9260130219536373
20,95,6.033242465040179,9.166901318664761
21,95,9.334703676013513,10.52103197345765
22,95,0.8378890578620115,9.102325013157516
23,95,8.725978822659378,11.526988993573758
24,95,9.216128533376054,9.566014969775912
25,95,9.788102833269322,9.403179030780043
26,95,2.0413983403089255,12
27,95,0,10.516847331712917
28,95,9.7846178189889,0.17348035487634006
29,95,10.806182165891492,3.1294099087612817
0,100,10.29941253977851,7.210271295939549
1,100,3.4513036835087307,6.999642004282554
2,100,8.020779308613497,1.478246312115428
3,100,9.836730156792749,2.613567631771772
4,100,2.246077415856035,10.618698352427728
5,100,10.852365662806196,2.2974461748836
6,100,5.07847058948392,3.469140548434603
7,100,6.395475783907216,12
8,100,12,7.584426106482849
9,100,8.238796630845057,8.624180765999181
10,100,7.101357332521401,3.874021664177927
11,100,0.9676770488043432,11.332530259416238
12,100,0.16346189802867453,2.946517386546067
13,100,7.378956050366748,6.1044048854135395
14,100,2.162967896175299,5.196930896683105
15,100,6.196617548962725,10.713637653818152
16,100,6.293914250378225,7.975025049958046
17,100,4.365844743557523,9.119668033922396
18,100,6.367571572224068,7.473752521033625
19,100,2.437055929767457,1.9695311806711702
20,100,6.0654104712409085,9.202104053244376
21,100,9.357134692378672,10.488199983612517
22,100,0.9223494571755656,9.038736559977313
23,100,8.6770682964663,11.510888845708688
24,100,9.234095942464965,9.531181602609927
25,100,9.884619003773482,9.374150428448473
26,100,2.046215863091455,11.996460571089136
27,100,0,10.488533587599386
28,100,9.71683560733075,0.043143577215995405
29,100,10.842608092507486,3.1726659799660846
0,105,10.309880341688995,7.128691352647234
1,105,3.468955062563018,6.9562226442993955
2,105,8.021643529132744,1.4857245298479342
3,105,9.890981054250952,2.6280729671935488
4,105,2.2698241334160283,10.79970973026224
5,105,10.8332393573262,2.3349946395410326
6,105,5.067331977069984,3.4837823441276936
7,105,6.39584670234989,12
8,105,12,7.611273121273761
9,105,8.25795114665371,8.597024116888305
10,105,7.253437895222485,3.938266502601523
11,105,0.9442677629842368,11.340038935143857
12,105,0.0952715850645495,2.7012055336190497
13,105,7.374730024026338,6.104382883203318
14,105,2.206688681663777,5.164481975735742
15,105,6.3031447463232055,10.770323146443403
16,105,6.385551406204615,7.907394568268484
17,105,4.403705072383975,9.219222153616121
18,105,6.444199287194362,7.481086018339683
19,105,2.41010813827375,2.0097496799205072
20,105,6.090831787977723,9.227797988532805
21,105,9.382452536242013,10.451883881652416
22,105,1.019909654673621,8.966985448340731
23,105,8.623537828968548,11.493128854251783
24,105,9.25567077500095,9.487682282291232
25,105,9.97365342463654,9.350417930326165
26,105,2.056044799652974,11.988904307808937
27,105,0,10.465559442839096
28,105,9.668602356593544,0
29,105,10.881906196156104,3.220875926740977
0,110,10.318631551747336,7.056502446243214
1,110,3.490268047887928,6.897785207583627
2,110,8.024270997047376,1.5038933601349072
3,110,9.933141935038057,2.6394385462560845
4,110,2.292777133331861,10.978020521836465
5,110,10.814601921602497,2.3721196151749724
6,110,5.049933347775957,3.5061260257287175
7,110,6.395627311274291,12
8,110,12,7.642946430117947
9,110,8.290607626342059,8.550474529582388
10,110,7.413086382809321,4.004021945221814
11,110,0.8959072696316188,11.35607884993806
12,110,0.030892668427734665,2.4568943822763525
13,110,7.3803689325416855,6.104418522640293
14,110,2.2778476710699977,5.112854590985324
15,110,6.397474532766107,10.820491497224541
16,110,6.494017696622586,7.831162852676369
17,110,4.450079357739338,9.334305823817141
18,110,6.525281120619021,7.487593990728696
19,110,2.371781904227433,2.066896573141815
20,110,6.119264133100248,9.257220552787265
21,110,9.415527669592027,10.403795394049059
22,110,1.135592176824046,8.880828659313602
23,110,8.5786327756902,11.478786946946386
24,110,9.284033413828228,9.431733669711683
25,110,10.064409027209065,9.326497133433682
26,110,2.0567690599919577,11.98835573582361
27,110,0,10.450427121205314
28,110,9.618405518579408,0
29,110,10.9039363346335,3.248424691049397
0,115,10.32699989558475,6.972390112685841
1,115,3.5034163038551944,6.8618303115923664
2,115,8.02681719507248,1.5194411166663175
3,115,9.977931748786038,2.6520533999701428
4,115,2.316364280537443,11.150820366538214
5,115,10.800233817948424,2.4010599604494094
6,115,5.012151632139861,3.55305300801726
7,115,6.395418861120416,12
8,115,12,7.668464133980443
9,115,8.327407052643107,8.499373211701268
10,115,7.56711897969408,4.068851229164341
11,115,0.8462827500030354,11.37207856904419
12,115,0,2.213300679428749
13,115,7.3846560356611315,6.104451057137221
14,115,2.359261121823894,5.051743667134913
15,115,6.493628191294622,10.871609678143866
16,115,6.605639092787328,7.751017448999492
17,115,4.493273113905656,9.44192147608912
18,115,6.5972955970920175,7.49544848101735
19,115,2.334148627614474,2.1208403547215005
20,115,6.179023349740613,9.31823399986165
21,115,9.445511042233672,10.36121654582588
22,115,1.2483118780912164,8.79684003375083
23,115,8.535943724223769,11.465026609118015
24,115,9.30013534185099,9.399331509733829
25,115,10.124063862992127,9.310782207317562
26,115,2.07852647692421,11.970557272863763
27,115,0,10.429425919758932
28,115,9.556806784321001,0
29,115,10.93779823127836,3.291430277405763
0,120,10.33508161875439,6.887211506277983
1,120,3.5125306728611148,6.837993486354813
2,120,8.032035254998243,1.553937817502834
3,120,10.010093987711972,2.6603395979634654
4,120,2.3353080539443756,11.313955094357004
5,120,10.779616476928007,2.440616088572211
6,120,4.964398535446231,3.613092579509643
7,120,6.396169739321915,12
8,120,12,7.712137565641845
9,120,8.383540577454006,8.420765835115123
10,120,7.743864074905824,4.1444935255939
11,120,0.8100835678681365,11.383146520978359
12,120,0,1.9613233825379917
13,120,7.39564018125863,6.104332868068536
14,120,2.4394259902142785,4.989099835006926
15,120,6.594212326138607,10.921424612903968
16,120,6.7096022576405865,7.6763863134868595
17,120,4.539813751856332,9.567052805286316
18,120,6.660659373111186,7.501852114587699
19,120,2.2835152275069452,2.2003035805506457
20,120,6.2476323719982725,9.388254119698917
21,120,9.465147490976802,10.332702468576572
22,120,1.368287939044585,8.70657099266616
23,120,8.497218155946129,11.45306744991457
24,120,9.324945256944002,9.35161916366024
25,120,10.18094399541344,9.297349551250013
26,120,2.105648019747418,11.949097691778137
27,120,0,10.40786848891637
28,120,9.500571417476547,0
29,120,10.974917032400882,3.3365719851085847
0,125,10.341313870078643,6.81310700390095
1,125,3.5263583147215725,6.800039165361584
2,125,8.041501072911396,1.6117784124135774
3,125,10.038408620599967,2.6674701767424036
4,125,2.3527801517464293,11.468314951220966
5,125,10.771254752292673,2.4571418358310035
6,125,4.925952583070892,3.6625277517828856
7,125,6.397750789926303,12
8,125,12,7.762418291092332
9,125,8.303895506590768,8.364494681084771
10,125,7.909124960685868,4.2169948328068765
11,125,0.786666562570443,11.389917221200353
12,125,0,1.7285209585207257
13,125,7.412592308630442,6.104272040564167
14,125,2.536512968605691,4.914786849563253
15,125,6.746344896082261,10.994678805929002
16,125,6.807735228059519,7.6041903858274615
17,125,4.5825774600263,9.67967206994832
18,125,6.727484318346471,7.508452518085004
19,125,2.230706085672878,2.2853762255245473
20,125,6.30901133353309,9.450378851063943
21,125,9.47131622110231,10.322768779487369
22,125,1.5072687365340924,8.602850114448737
23,125,8.443931400930824,11.435173543615075
24,125,9.341361943243076,9.31971544526533
25,125,10.237607417696784,9.284234828381392
26,125,2.122895217865613,11.935067000216455
27,125,0,10.394265500321087
28,125,9.44212951787565,0
29,125,11.00444365753853,3.3747320581485054
0,130,10.345454699195486,6.7456657190659595
1,130,3.5377005393881666,6.770121931484338
2,130,8.050747303959454,1.6668772142718817
3,130,10.07749879380033,2.677309421191059
4,130,2.369167078973859,11.617155094198141
5,130,10.768236574385247,2.4630527526189723
6,130,4.880884780782504,3.7196265492504357
7,130,6.399594068481308,12
8,130,12,7.8155885998657375
9,130,8.206438453676961,8.296507297190084
10,130,8.067245792063511,4.292305963744589
11,130,0.7485887321983145,11.401168181909343
12,130,0,1.4948731619037892
13,130,7.43655428507121,6.1047849129311835
14,130,2.6378791301043436,4.838727511350844
15,130,6.913960747398792,11.071948272935137
16,130,6.925618580845673,7.516436592419811
17,130,4.629993969806223,9.798549200365738
18,130,6.788513638723069,7.515767286178131
19,130,2.1835591488906556,2.367611936127295
20,130,6.364206814975326,9.503742564216063
21,130,9.47623140483812,10.315419048728955
22,130,1.656175046536492,8.497922266263263
23,130,8.379894347598837,11.415830143904028
24,130,9.357709286579214,9.285097577404077
25,130,10.306321275391385,9.26833370455132
26,130,2.1463156824217355,11.915825788664762
27,130,0,10.382365603459785
28,130,9.37448116081589,0
29,130,11.015671514888838,3.389286746316706
0,135,10.350502194937098,6.666221420746678
1,135,3.552923549686908,6.731142241422925
2,135,8.062155907160271,1.72247798926808
3,135,10.114266578799679,2.6854918386494138
4,135,2.388090292818795,11.757057811171592
5,135,10.764593028312841,2.4695101638734864
6,135,4.829619149259462,3.7844321128615044
7,135,6.4001551211420695,12
8,135,12,7.876598838610844
9,135,8.125657182023104,8.237529708742537
10,135,8.238795034189863,4.370461442749031
11,135,0.6941679413048184,11.418149712653003
12,135,0,1.2757152053492922
13,135,7.467742657373066,6.105406848569489
14,135,2.747531755136551,4.757623322519913
15,135,7.069011071430227,11.138909028605717
16,135,7.031678047241556,7.435868659666982
17,135,4.671625842837975,9.906657694918765
18,135,6.85669090238818,7.5236031867876285
19,135,2.140273120026832,2.44813546132054
20,135,6.3976207039710555,9.536861951574855
21,135,9.492773232223906,10.28916675115423
22,135,1.8039952676984687,8.398776802133455
23,135,8.31753765683599,11.397388854796397
24,135,9.361961693509018,9.27639102556885
25,135,10.368876748385983,9.256210862464975
26,135,2.153216054356983,11.909891669085836
27,135,0,10.371710149091939
28,135,9.315245629691063,0
29,135,11.02534356580802,3.4018695517987383
0,140,10.360801588395475,6.561614899798249
1,140,3.5759747329896396,6.673039063538335
2,140,8.076297495468982,1.79513356947879
3,140,10.16508080566565,2.697331391936245
4,140,2.403972277040296,11.889656507778898
5,140,10.755130529177746,2.485152439857767
6,140,4.776019669415372,3.8506216738928303
7,140,6.4010716646429335,12
8,140,12,7.935635099333863
9,140,8.033893072336202,8.17637518603955
10,140,8.398887219988447,4.44534265135305
11,140,0.6531289065876668,11.429144542310267
12,140,0,1.0640820283828116
13,140,7.485076651244875,6.105629713133367
14,140,2.8551653508928365,4.680495120417512
15,140,7.221685849825916,11.205103990125822
16,140,7.1402223909031175,7.3582443387513266
17,140,4.722911934910725,10.036575501166714
18,140,6.913711338734644,7.530089089311456
19,140,2.1059002695640747,2.518436770140251
20,140,6.434998198895725,9.573504437732296
21,140,9.507921881279659,10.26509561046961
22,140,1.9486694616249352,8.304680831333204
23,140,8.260901212891651,11.380083719982114
24,140,9.377751878373669,9.243026515660745
25,140,10.417706959323422,9.246685913972252
26,140,2.1552798583077846,11.908003122742649
27,140,0,10.35218034451799
28,140,9.25381086523155,0
29,140,11.036456245506772,3.416886974758578
0,145,10.373454370791872,6.43895226279725
1,145,3.6083334445103676,6.595441563669471
2,145,8.094008288209602,1.8845776654106008
3,145,10.201251660205592,2.7050367829681723
4,145,2.4205752631687165,12
5,145,10.745697542711735,2.5005989061539866
6,145,4.721989458616796,3.91426581247357
7,145,6.401159288235753,12
8,145,12,8.00013794644416
9,145,7.9498144201423075,8.120479322142586
10,145,8.574101651014077,4.524987626447786
11,145,0.6054917784916454,11.443091274837375
12,145,0,0.8526987599119786
13,145,7.504743155829546,6.105601164144383
14,145,2.961932150497162,4.609953843278087
15,145,7.389612030934922,11.276842368088575
16,145,7.236181049285063,7.290455586692961
17,145,4.771587272242467,10.164371535630291
18,145,6.958812992204008,7.536579140360019
19,145,2.0772185406257315,2.577414117273097
20,145,6.479563755570501,9.615370673674185
21,145,9.533565196149068,10.222132087001297
22,145,2.0982516032836873,8.208073171950216
23,145,8.198617587150874,11.364366453900463
24,145,9.392172779485493,9.213635116573354
25,145,10.481118280879537,9.23536302391241
26,145,2.153928927567528,11.909251356615616
27,145,0,10.333856698473204
28,145,9.199242720372187,0
29,145,11.051002944724415,3.4372773916443333
0,150,10.385976463557686,6.354864728362588
1,150,3.6375425160650647,6.526353899961191
2,150,8.110233966866216,1.967741596369083
3,150,10.237101768287115,2.7123786550062294
4,150,2.4342260924643155,12
5,150,10.730902990288524,2.522980590939703
6,150,4.676669414702772,3.9679370553239366
7,150,6.400045523240898,12
8,150,12,8.07172186651909
9,150,7.869659383044293,8.069709328224377
10,150,8.749070783220855,4.603654987134649
11,150,0.5589259931411434,11.457093198572982
12,150,0,0.6420771613294677
13,150,7.536605616679736,6.10561112968716
14,150,3.071827697422657,4.538133916539405
15,150,7.542567160579287,11.33851666739002
16,150,7.3484537389486215,7.21232123524693
17,150,4.817829666862385,10.285716179452642
18,150,7.029332963979077,7.548883624727904
19,150,2.0505205584011765,2.633553415861207
20,150,6.508533866322972,9.643582054151011
21,150,9.562842781803273,10.174768374868329
22,150,2.2671285830803516,8.100451272954643
23,150,8.20781994382965,11.327886590981418
24,150,9.412854985193103,9.171255000936657
25,150,10.541332270478183,9.225831761942441
26,150,2.166301212463601,11.89775856011755
27,150,0,10.318884391346824
28,150,9.14706252224343,0
29,150,11.062051871095514,3.4528590419713394
0,155,10.39974673643884,6.2629705605724055
1,155,3.6691092214174446,6.452413881436829
2,155,8.12570162293876,2.0504967476913456
3,155,10.275162348205573,2.7206196285804354
4,155,2.4480860933970425,12
5,155,10.710869473213853,2.5523558779283206
6,155,4.6284487690224,4.024291244594083
7,155,6.398392109580057,12
8,155,12,8.148111100181064
9,155,7.791297336583548,8.019796154109532
10,155,8.927763394515189,4.6819297219964175
11,155,0.521619565416918,11.468088345495104
12,155,0,0.43809253447206337
13,155,7.544854039556991,6.105651343045755
14,155,3.184379053432939,4.465544166038259
15,155,7.694343922002681,11.397061311670669
16,155,7.434240248825479,7.155365122637577
17,155,4.868329187402789,10.419839739270122
18,155,7.102106724607746,7.559970897886342
19,155,2.031169876939825,2.6742582056917312
20,155,6.531594702029442,9.666107952941296
21,155,9.590959968818563,10.126484725651045
22,155,2.4323830759775293,7.989888979440235
23,155,8.212680989694084,11.309621956566659
24,155,9.439580600760571,9.115693810475099
25,155,10.613968123566508,9.21431808216847
26,155,2.1815356960315304,11.883509723043653
27,155,0,10.305086522379192
28,155,9.020974673310759,0.055210858810228296
29,155,11.060946840950345,3.451328923348448
0,160,10.412224130486189,6.179981342896691
1,160,3.701602949516305,6.379342925767029
2,160,8.138227583196795,2.1196295956558333
3,160,10.29773922299386,2.7251962505289544
4,160,2.4607640905556143,12
5,160,10.681361428368549,2.591432980528896
6,160,4.584572069107107,4.075759181377699
7,160,6.398402944238829,12
8,160,12,8.228260379870536
9,160,7.724804104726895,7.976939194826762
10,160,9.081693372734787,4.756192055529503
11,160,0.48111470896370545,11.480891237321728
12,160,0,0.21872260415076136
13,160,7.552180465980511,6.105413294711605
14,160,3.304977816666702,4.390248243366991
15,160,7.841311804341602,11.452603579842197
16,160,7.515528954371713,7.099284057634052
17,160,4.915395623368968,10.54464431953072
18,160,7.165296329536669,7.569017236057464
19,160,2.0040602370636655,2.728133570588166
20,160,6.5638490368799784,9.69742259909782
21,160,9.609533542128926,10.091887213910825
22,160,2.5927710257958756,7.885545025323185
23,160,8.223939387512747,11.270067935058753
24,160,9.47241173265955,9.045119182738546
25,160,10.686541735234922,9.204057772350803
26,160,2.1918519626208903,11.873717620081385
27,160,0,10.284106907126104
28,160,8.890160033936793,0.11594739579728072
29,160,11.061828116355047,3.4525424446671598
0,165,10.423806887312981,6.111659663032683
1,165,3.731829852191844,6.3102015220812575
2,165,8.155839306963372,2.2033321040678304
3,165,10.311972372724979,2.727940470276843
4,165,2.476392792722674,12
5,165,10.671786354271363,2.6048682328705755
6,165,4.550197040771359,4.114786797136651
7,165,6.39832533104247,12
8,165,12,8.302751711933652
9,165,7.659223653415297,7.93326736880285
10,165,9.242590493834811,4.835906905804232
11,165,0.42335570633780384,11.500074978514832
12,165,0,0.01215270626351947
13,165,7.540508566841998,6.10571714069278
14,165,3.4478140631390204,4.301380097012393
15,165,7.9816675521692035,11.506366381580603
16,165,7.58752432470004,7.05210971346437
17,165,4.96160717046491,10.671610249312081
18,165,7.233374267215382,7.578543806446119
19,165,1.9823227213074621,2.7688390279038324
20,165,6.607413023203774,9.743910536628617
21,165,9.62669376973456,10.058026957160092
22,165,2.7394831980924286,7.78689610294423
23,165,8.167360338567054,11.254973300012443
24,165,9.500013991468634,8.985370348122746
25,165,10.767323640760868,9.19199785118819
26,165,2.2070939777502327,11.859915058343738
27,165,0,10.258327881778463
28,165,8.756740915964537,0.1788657246808219
29,165,11.045632799557948,3.4295992538910895
0,170,10.436745709476902,6.02842352778769
1,170,3.7710999534479113,6.21835368527102
2,170,8.170571186511804,2.27826754352735
3,170,10.312243210485876,2.727995702093812
4,170,2.4935373596741695,12
5,170,10.661079973993896,2.6198322591834127
6,170,4.528257526260682,4.140694667396228
7,170,6.3989094298810505,12
8,170,11.921402716017386,8.472746082676078
9,170,7.597599369306761,7.891012870524804
10,170,9.389636120284878,4.909937859818334
11,170,0.37700196130686753,11.51607446713029
12,170,0,0
13,170,7.521821073578429,6.10582228967147
14,170,3.5927964809360593,4.215633785973169
15,170,8.103915563691979,11.553034191659636
16,170,7.65692759380555,7.007920170934741
17,170,5.006380363956313,10.79712987145083
18,170,7.288625721115859,7.58476227076638
19,170,1.9417545443568376,2.7466335314053336
20,170,6.656177192101693,9.795296251715852
21,170,9.648786954991438,10.014395334298165
22,170,2.9001996639639223,7.675614594769875
23,170,8.11670427288147,11.240349741137011
24,170,9.514314943288426,8.953848424749891
25,170,10.849208437244073,9.179994218789252
26,170,2.2284599198798922,11.840694349567064
27,170,0,10.229335080113204
28,170,8.643200829449546,0.23362473662238814
29,170,11.028185072122554,3.405306372900537
0,175,10.451109003916308,5.942182250692062
1,175,3.821644549353443,6.106991632690561
2,175,8.184304754327405,2.353573316409603
3,175,10.31824068672849,2.7291660660630113
4,175,2.513264650303259,12
5,175,10.642598329134008,2.645628422015779
6,175,4.492045914739891,4.1818249898456985
7,175,6.3991782698366535,12
8,175,11.848224260192604,8.629588591803246
9,175,7.545765759998276,7.854612625547446
10,175,9.541906302742374,4.986232491659914
11,175,0.36496873047961453,11.52013880740473
12,175,0,0
13,175,7.513080958720905,6.1057153875579955
14,175,3.744597146359041,4.1271324866315195
15,175,8.231995077855386,11.5986557848176
16,175,7.726040288977865,6.9639271984653375
17,175,5.047249094931387,10.916982027639634
18,175,7.344596841160457,7.591268180777456
19,175,1.8970513504324245,2.7223468398634094
20,175,6.7179757782987295,9.86151425366779
21,175,9.671098614429715,9.972839428057782
22,175,3.0528149026270195,7.575416829154876
23,175,8.069526133496403,11.22795320319994
24,175,9.520656625838486,8.939519650614445
25,175,10.892245433641646,9.174595094511103
26,175,2.2545446446199815,11.81632908151843
27,175,0,10.201406112533896
28,175,8.521054642850679,0.29335943931305497
29,175,11.00595072711235,3.3739177081519762
0,180,10.468030460266986,5.835994332032078
1,180,3.871470043214564,5.99437215106924
2,180,8.201326715648415,2.4440049616395694
3,180,10.324436583510396,2.7303643364241226
4,180,2.529065734957238,12
5,180,10.618993232190254,2.676598187420125
6,180,4.448506319430066,4.232306163257828
7,180,6.398897642085944,12
8,180,11.774889381524174,8.789015728451488
9,180,7.495604849803948,7.81963920276158
10,180,9.682225462472537,5.055731549455363
11,180,0.3543049655951931,11.523633421204455
12,180,0,0
13,180,7.5304982455947425,6.105894995290971
14,180,3.9031731843072186,4.038829713089421
15,180,8.36451167268827,11.646889544508884
16,180,7.790269143440788,6.924133766860124
17,180,5.080506428437967,11.018190588568958
18,180,7.401138782433881,7.597006140891072
19,180,1.863856935012407,2.7034707052789506
20,180,6.768420951968372,9.917019377923616
21,180,9.693675803022128,9.931597289498189
22,180,3.194646674969936,7.479173518823412
23,180,8.03257439959404,11.219155160126158
24,180,9.525314572959031,8.927778349883702
25,180,10.963775762111096,9.165339051174175
26,180,2.258268640289295,11.812849770409528
27,180,0,10.170963689358832
28,180,8.414055265324622,0.3467605008237939
29,180,10.982735770847626,3.3410136930500345
0,185,10.484013596071893,5.716533163876449
1,185,3.9203866275859025,5.889213270064088
2,185,8.215173490583034,2.523630617193776
3,185,10.319501377183725,2.7294703237805558
4,185,2.542461414152318,12
5,185,10.589299522366034,2.7169375255085644
6,185,4.397358263442855,4.292855606034081
7,185,6.398666557421941,12
8,185,11.70257226018285,8.949278527765186
9,185,7.420505319592405,7.768051918161187
10,185,9.81088450453236,5.117684322115902
11,185,0.3577382135091318,11.522568990916646
12,185,0,0
13,185,7.553434343063499,6.106409430920123
14,185,4.0599202134190735,3.9486981023966345
15,185,8.502148734721168,11.695918505330216
16,185,7.848152921405962,6.887039288122507
17,185,5.113423495267438,11.119740217319842
18,185,7.444487901158704,7.600673151142244
19,185,1.84645609786603,2.692759460153751
20,185,6.829333316267362,9.98231835043864
21,185,9.714235142068263,9.894480942176317
22,185,3.3272869325746903,7.384925856738914
23,185,7.982153985066285,11.206208706792449
24,185,9.537317495216987,8.898077052022753
25,185,11.021426410895089,9.157450247446164
26,185,2.2581855323499975,11.81292771517125
27,185,0,10.134874559103535
28,185,8.300370661835885,0.39952123256096594
29,185,10.958907604831753,3.3095671434131986
0,190,10.498885669198172,5.590163943796099
1,190,3.982138246093848,5.7586449829896535
2,190,8.23129373526097,2.622708187372843
3,190,10.30574039199322,2.726798840008722
4,190,2.559354608024433,12
5,190,10.55089742716567,2.768422582178497
6,190,4.355111992006677,4.342752233942982
7,190,6.398610259625682,12
8,190,11.626540959568032,9.107406653147649
9,190,7.355219043223315,7.725845160825653
10,190,9.92693669496764,5.16810533480484
11,190,0.3734204599302803,11.518068778504386
12,190,0,0
13,190,7.571725438044481,6.10695518365402
14,190,4.2378268231264595,3.8464933385625364
15,190,8.626965002605969,11.740293450859838
16,190,7.904730388922561,6.850193035459164
17,190,5.141630790729939,11.20643929999146
18,190,7.481351296399489,7.604914785631205
19,190,1.8363085517132816,2.68611210468344
20,190,6.88921931541801,10.04457746328163
21,190,9.755182067541803,9.824639877865312
22,190,3.45391248833246,7.293422878596746
23,190,7.927530701786384,11.191260240297284
24,190,9.557653940713928,8.846372433703383
25,190,11.075728366417746,9.150444638357984
26,190,2.2641409691327934,11.807767118719429
27,190,0,10.09884473517473
28,190,8.190175441197653,0.45059662834242625
29,190,10.927267743904991,3.266309690861966
0,195,10.513951915961682,5.462000793690163
1,195,4.038943414909131,5.644402942919203
2,195,8.245821735655147,2.723516647266411
3,195,10.256569693635692,2.7167318747247804
4,195,2.580673030377085,12
5,195,10.509110674720711,2.8207049619107716
6,195,4.325071711103465,4.377416512068352
7,195,6.398762602242077,12
8,195,11.561814925641515,9.243466873391846
9,195,7.298918571712008,7.689578740754102
10,195,10.043486758745917,5.216035858853334
11,195,0.39682657992233494,11.511444656856664
12,195,0,0
13,195,7.60142907743702,6.107576086540305
14,195,4.338801519286278,4.018583792676813
15,195,8.75313356393254,11.783730702955406
16,195,7.967194752466454,6.810379399363229
17,195,5.169091917672602,11.28663764367291
18,195,7.53442663510094,7.610145591356808
19,195,1.8262809496237629,2.679837197472966
20,195,6.960229808412514,10.121659261121437
21,195,9.787269058315037,9.771255868030302
22,195,3.5877066693894393,7.197192532821841
23,195,7.875899991453585,11.176224852497583
24,195,9.573357811970702,8.802474795934234
25,195,11.132580867536115,9.143051311035757
26,195,2.2624540468543586,11.809185072257565
27,195,0,10.060015703274763
28,195,8.062132847368371,0.5101486224383115
29,195,10.906031719330233,3.237227685220925
0,200,10.531490495943332,5.330416399986782
1,200,4.088380924191001,5.542751968980215
2,200,8.260229830328228,2.8241802337277573
3,200,10.216704611693624,2.707648874487422
4,200,2.601623046001417,12
5,200,10.472631887143773,2.865938483736064
6,200,4.2821465624780455,4.4233342416209815
7,200,6.3986557859804005,12
8,200,11.493412957721933,9.393817595666734
9,200,7.24611366873354,7.656648613666039
10,200,10.140393669267109,5.256147603077857
11,200,0.4643371197174206,11.493124046698272
12,200,0,0
13,200,7.624390604139164,6.107479163142766
14,200,4.454724646433893,4.208507777548235
15,200,8.886578493937119,11.827768660346107
16,200,8.048439212687555,6.7580180735248625
17,200,5.202546453470667,11.37907035611242
18,200,7.5875176550532695,7.614859396053896
19,200,1.8202526541766197,2.6761405289952287
20,200,7.020926834223125,10.187588893958878
21,200,9.809604428796305,9.732868888128538
22,200,3.7146212082410726,7.105316851608865
23,200,7.832445746444197,11.165090570236545
24,200,9.589816093445513,8.754891722115174
25,200,11.213174626781267,9.13301612435274
26,200,2.2816453112874786,11.793262573891267
27,200,0,10.010572963172686
28,200,7.916042058886559,0.5780427099910019
29,200,10.881682781384768,3.2038327545920446
0,205,10.548991124250765,5.205138298415335
1,205,4.14011469635035,5.43743867775115
2,205,8.279381016972327,2.9426680405710472
3,205,10.167321134721995,2.694764765836733
4,205,2.621969069910415,12
5,205,10.447994635434519,2.897963092762918
6,205,4.254461197625895,4.45498657822568
7,205,6.398678637646571,11.999255069401551
8,205,11.429577731243095,9.539495693402504
9,205,7.187847742973444,7.622070435009918
10,205,10.255443873371735,5.297199859892108
11,205,0.527734895137077,11.478036638754919
12,205,0,0
13,205,7.636230270541417,6.107616893568331
14,205,4.556597619726574,4.38007517663592
15,205,8.992868033838448,11.865925194064852
16,205,8.12793686905178,6.710419401697336
17,205,5.2356146612481185,11.471889401573504
18,205,7.631236898347486,7.61928257141939
19,205,1.8218827916010971,2.677124818303658
20,205,7.076119053802265,10.248654886305873
21,205,9.82784307333671,9.701653603557503
22,205,3.8342975899420297,7.019342152037134
23,205,7.779617712396004,11.150492154289706
24,205,9.611912359293488,8.688634342682638
25,205,11.278439416414463,9.125069247089511
26,205,2.283146815188541,11.79194451614213
27,205,0,9.966399568752891
28,205,7.760208623539185,0.654649733773415
29,205,10.850022709436711,3.158638328976888
0,210,10.431159086305172,5.188735929364857
1,210,4.185239471610682,5.345343539106667
2,210,8.303451185017154,3.0740747104994943
3,210,10.136879196988966,2.687193515216134
4,210,2.6429816937889323,12
5,210,10.478965368120162,2.9205179156709216
6,210,4.218019827804094,4.49554666588023
7,210,6.398479129464202,12
8,210,11.562464428500533,9.600790684426709
9,210,7.121496445648281,7.580675296117755
10,210,10.378603187546755,5.341341376292413
11,210,0.5809766838552359,11.466408556851059
12,210,0,0
13,210,7.639931760598802,6.107785535934832
14,210,4.664728313330898,4.555592165931247
15,210,9.09813261175874,11.90140952948187
16,210,8.205279145161814,6.664022175535176
17,210,5.268120081109495,11.559492411120297
18,210,7.680825776306548,7.623586005996605
19,210,1.823837475557015,2.6783574403846466
20,210,7.118302178683185,10.295615410093918
21,210,9.847639457899875,9.668718713167452
22,210,3.943635917490656,6.938530437655456
23,210,7.76660588900219,11.194171441646072
24,210,9.639854347510772,8.594308248211533
25,210,11.33876066152861,9.118300479972158
26,210,2.292561357428614,11.783793358987035
27,210,0,9.915954516111707
28,210,7.611499795814369,0.7238314025951778
29,210,10.82118941924594,3.1174859809087483
0,215,10.304696269564307,5.174099602068468
1,215,4.2406160619758335,5.231108085859727
2,215,8.329887538117466,3.1976149969786074
3,215,10.092726297320517,2.6761484912846245
4,215,2.668254186505732,12
5,215,10.49746691593242,2.933934575456016
6,215,4.186589700045088,4.532517816990601
7,215,6.398619530548129,11.99729848072601
8,215,11.67974157193791,9.656388243140842
9,215,7.049378682519179,7.535389066670001
10,215,10.483137119532628,5.377704497646069
11,215,0.6330453921133635,11.455038392029278
12,215,0,0
13,215,7.645589674407411,6.107955593238517
14,215,4.76910198447436,4.727735395606452
15,215,9.208012779490799,11.94152834968765
16,215,8.273598073880658,6.623317925173698
17,215,5.306532755699825,11.659269960823618
18,215,7.753770702411477,7.629239681859003
19,215,1.80879945133924,2.6683142904180954
20,215,7.157596104735202,10.3386365065603
21,215,9.8734516103934,9.625368497620785
22,215,4.0398003514351615,6.865487374502407
23,215,7.760994184698628,11.213337556811705
24,215,9.661157510797501,8.518277142357688
25,215,11.389577027253567,9.11123875460471
26,215,2.3106339585911426,11.76869998133569
27,215,0,9.869516176410569
28,215,7.473268309947488,0.791649012753543
29,215,10.789477213571777,3.0726800304618465
0,220,10.17702136026391,5.161642746160341
1,220,4.288382642365948,5.1278195567939395
2,220,8.357573932969201,3.329029004911239
3,220,10.040799147435713,2.6634123435408217
4,220,2.6937708083860326,12
5,220,10.503532705318998,2.938594634479931
6,220,4.165022282007035,4.5592308785268125
7,220,6.400217284876011,11.962269269837986
8,220,11.820531590163533,9.719963608215233
9,220,6.991540945494655,7.500027256195153
10,220,10.599885136660815,5.418467122951003
11,220,0.6733594331837428,11.447386460902134
12,220,0,0
13,220,7.645639543395496,6.107956481480854
14,220,4.877901425975956,4.904628469582581
15,220,9.31085835086581,11.978920617302588
16,220,8.334648114264361,6.587035600485957
17,220,5.340058998601913,11.74376379209807
18,220,7.830030455860127,7.6348322539789315
19,220,1.7943208528182744,2.6585720369094723
20,220,7.200281573626038,10.381808641244643
21,220,9.895285980434927,9.589593567167915
22,220,4.126468233950236,6.798317114503218
23,220,7.751856709789732,11.24345820858271
24,220,9.680200173626893,8.44333457158491
25,220,11.40923988621254,9.107904381690377
26,220,2.326583213162757,11.755379110989285
27,220,0,9.829496275038897
28,220,7.319241163928426,0.8641738596224631
29,220,10.763271848838457,3.0355336761722147
0,225,10.0559859295785,5.1472054603874415
1,225,4.339489118851012,5.019987646939974
2,225,8.233178862211112,3.355687452101438
3,225,10.011670803371436,2.656142667778466
4,225,2.719216401502843,12
5,225,10.500250954164796,2.9362040616287226
6,225,4.145979945451443,4.583602655204807
7,225,6.401046039823919,11.917832059373755
8,225,11.949770001726026,9.7779783385119
9,225,6.922488642445272,7.456515301947184
10,225,10.714865894631771,5.462262902149879
11,225,0.716889553527193,11.438352714852824
12,225,0,0
13,225,7.640840036776055,6.107698963405714
14,225,4.9685449464040845,5.057215405420908
15,225,9.407975053494237,12
16,225,8.406382462104913,6.544992485496522
17,225,5.374434532398914,11.827821631213817
18,225,7.880398068091395,7.6381289734986675
19,225,1.7811090776349108,2.6496730147925547
20,225,7.227171556139792,10.409715127065457
21,225,9.919883584911862,9.54658063103515
22,225,4.21971482144286,6.719764727796888
23,225,7.7426069537602995,11.274127451328251
24,225,9.697000842352196,8.375035051349544
25,225,11.406612597018318,9.108304859022898
26,225,2.355920746612236,11.731322666212424
27,225,0,9.783858211408305
28,225,7.141251620177899,0.9494995941248163
29,225,10.735052696832355,2.9959255509050156
0,230,9.934413817130405,5.129045451836519
1,230,4.390671525133384,4.90988060915357
2,230,8.10665966516808,3.38143687866251
3,230,9.984510460492693,2.6497696439494907
4,230,2.7478581436522345,12
5,230,10.48559427246933,2.9251520132231943
6,230,4.125749975650294,4.6084547885373635
7,230,6.403648110665333,11.860396266725687
8,230,12,9.838812946007915
9,230,6.843130125335018,7.404614332026236
10,230,10.846207281832225,5.511590526621845
11,230,0.7576790964153406,11.430307494294066
12,230,0,0
13,230,7.6537548807505615,6.108032696177258
14,230,5.066299331377451,5.221936692667984
15,230,9.510592805513117,12
16,230,8.483521070657838,6.498621932519117
17,230,5.405582001908248,11.900199090295187
18,230,7.917722511051004,7.639919161606518
19,230,1.7612002604304744,2.636321775251208
20,230,7.2718362357196,10.45484284019078
21,230,9.94558340483542,9.501935030737434
22,230,4.3181030413213,6.640909400168592
23,230,7.731097590192786,11.316514074536498
24,230,9.713206758182281,8.306558049886428
25,230,11.405018289943225,9.097206275191825
26,230,2.3820234262709405,11.71151146255285
27,230,0,9.72838576503544
28,230,6.951915155114053,1.0397534193978057
29,230,10.706476751762343,2.9581717192476567
0,235,9.814915555824214,5.109021903417769
1,235,4.443371794892549,4.7971772338627705
2,235,7.976883964284598,3.4098855407009196
3,235,9.966335601097466,2.6457135708841304
4,235,2.7758423685593145,12
5,235,10.475282731403768,2.9177908224142493
6,235,4.0985735999855395,4.640014321543012
7,235,6.408846314964184,11.782251880369829
8,235,12,9.886966689801849
9,235,6.755541245586857,7.343622794806852
10,235,10.963403710810729,5.556587318145546
11,235,0.8054437046336521,11.421036407213366
12,235,0,0
13,235,7.6506871006758965,6.107981944792111
14,235,5.172661646683283,5.396819837277155
15,235,9.634999886032107,12
16,235,8.580323502614196,6.437755139264285
17,235,5.4356460844189325,11.97008397397656
18,235,7.926569476624089,7.6401685289418495
19,235,1.7389792188656157,2.6706155545818304
20,235,7.316015726348833,10.50076268457092
21,235,9.966030501733291,9.465397059443584
22,235,4.4019943929632275,6.572310274164415
23,235,7.721145408532341,11.35488288330769
24,235,9.732874825060106,8.222566942477679
25,235,11.400251641173407,9.065328366089084
26,235,2.412546072602506,11.68765052976367
27,235,0,9.671186110172702
28,235,6.748829647328752,1.1405829700726875
29,235,10.671136169795854,2.9133239539097318
0,240,9.68203399724689,5.0854895275016325
1,240,4.495104241400373,4.69240186153212
2,240,7.823839601228029,3.4433154680544047
3,240,9.923125720931811,2.635122810118972
4,240,2.8037171474256173,12
5,240,10.446047041555879,2.896336959718539
6,240,4.055094642506144,4.690192626388278
7,240,6.41590046697369,11.687272436250373
8,240,12,9.941818956973139
9,240,6.6803576036593775,7.2934036723738975
10,240,11.074365843754427,5.597531459063673
11,240,0.853502340150196,11.411463102375844
12,240,0,0
13,240,7.650935105677958,6.1079926824437925
14,240,5.277619242973862,5.577112550869645
15,240,9.75392739943421,12
16,240,8.664268589806802,6.382505288693057
17,240,5.456444444812061,12
18,240,7.929939396444202,7.640328038544927
19,240,1.70490631467255,2.7227437612025076
20,240,7.370552586444594,10.55578073268167
21,240,9.979670107228118,9.440217732341244
22,240,4.495865494832996,6.4936345985244275
23,240,7.712765389919099,11.38818749387889
24,240,9.754724062239598,8.115484740933143
25,240,11.398043212440884,9.05036151086502
26,240,2.4589248331856206,11.650724539258492
27,240,0,9.61493996620877
28,240,6.515025596923912,1.2646209452505277
29,240,10.647488020707536,2.882954423382603
0,245,9.53431851990532,5.054791979479003
1,245,4.538991304135678,4.595876782888039
2,245,7.649524478183071,3.479527504943477
3,245,9.88477378806986,2.6257163460807487
4,245,2.833195651331079,12
5,245,10.399065935897838,2.86152455563447
6,245,4.031738885509877,4.718174267469702
7,245,6.424285691567282,11.589906928813424
8,245,12,9.999104995160426
9,245,6.6051586918818606,7.2473573523450705
10,245,11.181680222370801,5.6403232210074865
11,245,0.882431430071994,11.405392349463204
12,245,0,0
13,245,7.643882351480779,6.107510563553065
14,245,5.377022825388314,5.747129602407994
15,245,9.878542419830456,12
16,245,8.755852197235622,6.322761355324225
17,245,5.472209865645949,12
18,245,7.929595285713059,7.64032283249668
19,245,1.6746698620775031,2.770494570817017
20,245,7.438503579679805,10.627450287384415
21,245,9.993339178174427,9.415274689156886
22,245,4.592452554172191,6.414274454581757
23,245,7.700369802533881,11.433721126705608
24,245,9.772445137061128,8.022232773646252
25,245,11.39286105564847,9.017216376231092
26,245,2.5008604524971316,11.618850377664868
27,245,0,9.555679101049387
28,245,6.298358050845622,1.3754170209532655
29,245,10.621558465546478,2.850786095507893
0,250,9.511507326873415,5.183168505334042
1,250,4.5835736320932865,4.503178271594186
2,250,7.47344173993629,3.516397134817651
3,250,9.85547922563123,2.6179816253535324
4,250,2.856094240542018,12
5,250,10.360057741171916,2.830056919380355
6,250,4.022377764144069,4.729395592814286
7,250,6.436308248525002,11.464530645643025
8,250,12,10.065146511679437
9,250,6.540035258657268,7.208998578855755
10,250,11.281941709211738,5.677674875743511
11,250,0.8932707302988049,11.403325732065312
12,250,0,0
13,250,7.657749293401232,6.108388520793573
14,250,5.470605152940261,5.912530631435344
15,250,10.003276980500559,12
16,250,8.833838337665382,6.2739514196158295
17,250,5.496286309660574,12
18,250,7.926323113944296,7.640180068826497
19,250,1.6421288737283204,2.8256240864058393
20,250,7.5219773873523375,10.716799325187157
21,250,10.0158210785258,9.372381187259586
22,250,4.688489340590892,6.336280850293721
23,250,7.686110893025009,11.482648672142023
24,250,9.789105314921404,7.935356778033272
25,250,11.385744821211611,8.972861728721025
26,250,2.555294419690554,11.574580692869283
27,250,0,9.497431456725788
28,250,6.099603086074532,1.4829241591872155
29,250,10.595975577926827,2.8188191288685918
0,255,9.489120225653759,5.297510921603505
1,255,4.629747208598038,4.410565738318374
2,255,7.28735721140407,3.5569898249776974
3,255,9.806380788396831,2.603878435169355
4,255,2.8835754785840186,12
5,255,10.326046047997917,2.8049686297525915
6,255,4.010654242780297,4.7432573679324666
7,255,6.448773614329758,11.360599409059363
8,255,12,10.137837851718018
9,255,6.472658521220609,7.168817393258913
10,255,11.42271101952516,5.7293534328769775
11,255,0.9136397645149048,11.400034242494268
12,255,0,0
13,255,7.677482430925486,6.109260755209687
14,255,5.558236964472426,6.0769828635813266
15,255,10.127708427991653,12
16,255,8.91475144096054,6.222065966260622
17,255,5.519507647584786,12
18,255,7.90473033122078,7.63912752819051
19,255,1.6119901301548916,2.8791725103038304
20,255,7.599011661491131,10.79688935553428
21,255,10.044415661469863,9.31760772603004
22,255,4.779704268596867,6.2619339366201565
23,255,7.669708528174855,11.541322349539243
24,255,9.808214694936565,7.842147385625788
25,255,11.374010352506621,8.910523196459412
26,255,2.607042861390103,11.52979802876238
27,255,0,9.430560138993837
28,255,5.900518263586736,1.5915707073890597
29,255,10.573581091239575,2.791791575470336
0,260,9.459919243369274,5.426351358440184
1,260,4.679797963373443,4.316175741536921
2,260,7.082778039489364,3.598881349911197
3,260,9.740760300665364,2.585779724681524
4,260,2.9072369132484295,12
5,260,10.283021756686596,2.773676176977178
6,260,3.9940445480121567,4.763022840347169
7,260,6.458724216439217,11.260220396932576
8,260,12,10.214004137099518
9,260,6.400934973875651,7.123891914321832
10,260,11.564639155753724,5.780617065364872
11,260,0.9659487886119607,11.39170149261004
12,260,0,0
13,260,7.689906791238937,6.109444968550523
14,260,5.643387211539402,6.242845419960442
15,260,10.24393097506535,12
16,260,8.98791763013592,6.1733687315129036
17,260,5.546511579941454,12
18,260,7.883966788611923,7.6377232019849215
19,260,1.5750413746302165,2.9467233415405722
20,260,7.505109825381832,10.888237368237899
21,260,10.066450347689138,9.274280064638875
22,260,4.855888532960763,6.198787834806767
23,260,7.647833544528733,11.618533389001435
24,260,9.82399284209074,7.7515605241498005
25,260,11.362469180337008,8.85663619918825
26,260,2.655556819370178,11.487687240199163
27,260,0,9.359969906059355
28,260,5.697824736583007,1.6988249986707329
29,260,10.55489116022728,2.7689173928988042
0,265,9.438875560840904,5.5289169595828564
1,265,4.721345372958213,4.238249055902635
2,265,6.904949964726854,3.633528552946954
3,265,9.687962784484625,2.572087185156229
4,265,2.934177281969853,12
5,265,10.250387972278961,2.7508343986981902
6,265,3.9671200304464644,4.7945253754310455
7,265,6.470260553020647,11.153434466432937
8,265,12,10.294772043173666
9,265,6.3121139674088536,7.0631714402758865
10,265,11.692574719725405,5.828233966900505
11,265,1.0116022959559394,11.383631368827182
12,265,0,0
13,265,7.69298624987362,6.109458378532897
14,265,5.731872294178345,6.407356802992072
15,265,10.345636189720194,12
16,265,9.054705639105658,6.129612231564768
17,265,5.568717135263169,12
18,265,7.870224008174557,7.6365884542511955
19,265,1.5488966528990171,2.993047331112439
20,265,7.391608418523237,10.99828061046558
21,265,10.091621492795252,9.222138554779045
22,265,4.7883139281983755,6.117531914854966
23,265,7.630220953915652,11.678256117485532
24,265,9.845128697691177,7.64505356560661
25,265,11.34898158763854,8.801155967901954
26,265,2.6890427993672352,11.459535351505798
27,265,0,9.283490147670983
28,265,5.483025870073812,1.8154424049829796
29,265,10.54046924440282,2.7510610072023187
0,270,9.421937209976853,5.625162334571634
1,270,4.765858290081757,4.152146633663319
2,270,6.736949502897997,3.6626664451975635
3,270,9.634148993904816,2.5591347522447054
4,270,2.9611631945130323,12
5,270,10.229832470145114,2.7360024272814805
6,270,3.939580485941112,4.8265911720492305
7,270,6.479351108501308,11.038701738351214
8,270,12,10.368973913177788
9,270,6.248256554210508,7.017082016103992
10,270,11.834620022008783,5.880354430309301
11,270,1.0329217534821067,11.380075209592146
12,270,0,0
13,270,7.7142644190154455,6.109619024794207
14,270,5.814194005304946,6.559688848190962
15,270,10.445083705191658,12
16,270,9.11922868457532,6.084099415911993
17,270,5.579147769401922,12
18,270,7.862083593632854,7.635675793090644
19,270,1.4787629422569943,2.953052714655368
20,270,7.275184466576627,11.10081069980246
21,270,10.110442225639954,9.182119890134569
22,270,4.72208513807707,6.033780100361969
23,270,7.619027670811311,11.715958504234
24,270,9.869178912551366,7.529948842059957
25,270,11.332498817275567,8.736644915585952
26,270,2.7049590609158454,11.446000043411326
27,270,0,9.209105933387987
28,270,5.254120648124343,1.9470662134150452
29,270,10.51237136724145,2.715234482574939
0,275,9.407487001057984,5.720923073992706
1,275,4.819536655510341,4.047670572941797
2,275,6.5885901212652,3.6892124227282097
3,275,9.592878914333216,2.547921239533286
4,275,2.986190823722474,12
5,275,10.213654602633422,2.7246412119231165
6,275,3.8954708375460947,4.876693855349756
7,275,6.487041654265859,10.92296303543815
8,275,12,10.430496039417935
9,275,6.1916365552199935,6.975988839913024
10,275,11.968706266267226,5.928672206042927
11,275,1.0669022600404838,11.375480429299587
12,275,0,0
13,275,7.729332073846679,6.109774048066099
14,275,5.900267701302513,6.7123283924330535
15,275,10.534564202737606,12
16,275,9.192756250152268,6.035386623178945
17,275,5.586275817600448,12
18,275,7.836911325621585,7.633089260205463
19,275,1.4134508748423789,2.9147415637916523
20,275,7.154108935373689,11.204702612586683
21,275,10.132059642812884,9.130032803564111
22,275,4.669860224725751,5.966741944579821
23,275,7.608574499443272,11.750830262837543
24,275,9.88809414720016,7.44270030271352
25,275,11.31301907322497,8.66151760418725
26,275,2.7250337064143353,11.427520722056213
27,275,0,9.139381166604403
28,275,5.032791015258989,2.072834270231276
29,275,10.479704649433163,2.6726363359591767
0,280,9.393685078660482,5.810224728728389
1,280,4.872496066699838,3.9491790618968374
2,280,6.434275157730902,3.7109049538089476
3,280,9.551502444802125,2.536478564654178
4,280,3.0070018308251916,12
5,280,10.212692321147268,2.723969734432469
6,280,3.8676524638367544,4.909574333863374
7,280,6.4939899435479855,10.818649848582469
8,280,12,10.487423838022998
9,280,6.126520255075334,6.93169305779508
10,280,12,5.98455705629841
11,280,1.116272073591824,11.368797650353773
12,280,0,0
13,280,7.736616758502516,6.10963325312534
14,280,5.981208250323548,6.8542594178267695
15,280,10.62032735806795,12
16,280,9.246955876736259,5.999520618383719
17,280,5.604154942282129,12
18,280,7.813327719263348,7.630379487377613
19,280,1.3454046484905327,2.873635100414018
20,280,7.028999862811884,11.305893424421043
21,280,10.15241899255367,9.079971976915024
22,280,4.614364217410557,5.898855957999334
23,280,7.594786208995542,11.796337752922405
24,280,9.909869575991445,7.351764872714835
25,280,11.291356012279913,8.580805261058746
26,280,2.7251135191875235,11.427448977670391
27,280,0,9.06469080260549
28,280,4.842111403674541,2.183217558669145
29,280,10.44881628331582,2.6343778987739954
0,285,9.37799269218293,5.906430759582859
1,285,4.9186832853028735,3.854326478807515
2,285,6.290139016570976,3.729106240946302
3,285,9.520493809167284,2.527882274483271
4,285,3.0219670379223937,12
5,285,10.205454453580156,2.7191797973671843
6,285,3.865053986408801,4.912688374269627
7,285,6.498239658335074,10.735854692608775
8,285,12,10.545513833439314
9,285,6.05459104569493,6.882112400373317
10,285,12,6.038647283164671
11,285,1.1720446889757303,11.36272479212354
12,285,0,0
13,285,7.744531060392763,6.1091636539645
14,285,6.0592559413618865,7.000871770307427
15,285,10.695750961849386,12
16,285,9.28751927865523,5.97294164909909
17,285,5.624479351246993,12
18,285,7.7894487260780885,7.627821252413285
19,285,1.2791552260041872,2.8309507085178587
20,285,6.915277525113823,11.394005252166462
21,285,10.160849416396536,9.059934586525587
22,285,4.557662967440559,5.827343304718766
23,285,7.574515305261904,11.864510497228073
24,285,9.930186980588859,7.268349621412417
25,285,11.269886318048101,8.503234027094262
26,285,2.720716960884875,11.43161589488917
27,285,0,8.998131549341158
28,285,4.657927534647456,2.2900355516317736
29,285,10.418495202539189,2.5994323343221346
0,290,9.361607865455149,6.026333581819995
1,290,4.964670432177864,3.761984198502209
2,290,6.163947000391531,3.745282857286641
3,290,9.49605544621321,2.5203289314775126
4,290,3.037314126097366,12
5,290,10.195574823378298,2.712295444737082
6,290,3.86012455768668,4.91872324035016
7,290,6.504382670123524,10.653514793212945
8,290,12,10.60926009301644
9,290,5.9655971226252404,6.821229727244486
10,290,12,6.097114451233323
11,290,1.2141904055874426,11.357550062639989
12,290,0,0
13,290,7.744447627922806,6.1075061102990755
14,290,6.130476754953742,7.132321357685927
15,290,10.789642125634705,12
16,290,9.346456646507988,5.93474838458063
17,290,5.6546420332579475,12
18,290,7.783406563908091,7.627345612184226
19,290,1.2243183762640852,2.7964421507556074
20,290,6.792457115322967,11.499765783610473
21,290,10.169521368003092,9.037767069819477
22,290,4.4939240532588105,5.7421144020942085
23,290,7.555696373361893,11.927243708934995
24,290,9.951031394494617,7.185926662108463
25,290,11.249313618407234,8.432156212540592
26,290,2.711482252413152,11.440755739842201
27,290,0,8.928973194442097
28,290,4.470349578797485,2.40096412688634
29,290,10.387047843490905,2.562547183578572
0,295,9.348561539207072,6.137174329749104
1,295,5.007745726129771,3.6736741324923385
2,295,6.019855057652439,3.7616526719147303
3,295,9.456227833721329,2.507151165423388
4,295,3.0517312913358183,12
5,295,10.201342569786158,2.7164024549789922
6,295,3.8428896922514006,4.93858532787226
7,295,6.512578260521363,10.556427594670327
8,295,12,10.6834551534877
9,295,5.857039293208838,6.7500948483974454
10,295,12,6.151126037366978
11,295,1.2597708099016376,11.351834164482934
12,295,0,0
13,295,7.744334958490763,6.105240810211085
14,295,6.19725327524873,7.262776062997464
15,295,10.873305833734026,12
16,295,9.411695307706413,5.895464962704216
17,295,5.689281963912611,12
18,295,7.780292767172179,7.627060004142397
19,295,1.1750167397600482,2.7652630254208663
20,295,6.663349226723248,11.604552478852844
21,295,10.191391707482628,8.981599453316157
22,295,4.428832451016176,5.656911878092141
23,295,7.533580611939874,12
24,295,9.975208517532995,7.098444007279961
25,295,11.229242075776412,8.367178640118457
26,295,2.6851962566260976,11.467548654036928
27,295,0,8.849165686931613
28,295,4.282140710912477,2.512118539218143
29,295,10.345757478584062,2.512410218670057
