id,time,x,y
0,0,4.041631729035107,1.0280427944914932
1,0,2.9994815851147028,3.0449922857588883
2,0,5.021120473357671,6.925471065911549
3,0,0.029093897520305053,11.040777189620243
4,0,7.024376163931358,9.033662209208607
5,0,9.990875933725599,5.965830540117833
6,0,8.039506613135753,12
7,0,7.001588974194117,3.0575846325028015
8,0,6.068071386947092,9.01197716714315
9,0,2.978211181323205,0.9417763631152869
10,0,9.043074641291797,4.971838838006749
11,0,8.051118155587117,10.99181795742188
12,0,11.002719598151094,8.044745874418851
13,0,8.036321564382325,9.045582884385846
14,0,1.950411351546586,12
15,0,11.98095085373136,11.037488929287862
16,0,0.0049273100346692335,8.975895731918397
17,0,0.9335506672564722,12
18,0,12,7.936235489959551
19,0,2.023957498617883,1.9474927077468553
20,0,10.050814875440757,6.998367489607964
21,0,0.9522651619836242,6.980373270940644
22,0,10.94774613841989,7.007298269328397
23,0,2.9488018619443936,4.0065727812575815
24,0,5.9419723301058855,4.985901341364482
25,0,3.9529299707288894,3.0608437245927593
26,0,6.99175399547228,12
27,0,5.9805730932118975,5.084346980003107
28,0,6.019581380972771,3.058086714541606
29,0,8.98659384848683,8.942943482152346
0,5,4.101729190861436,1.0678405482443392
1,5,2.9991119434035505,3.091898637808973
2,5,5.043294136537501,6.853342222670704
3,5,0.04759083761220652,11.0670433122951
4,5,7.053138062039263,9.073463822110973
5,5,9.985264654561608,5.942448159134188
6,5,8.08826768339708,12
7,5,7.002843893108116,3.1281753434450823
8,5,6.148760857041172,9.025168689983111
9,5,2.955410736864005,0.8791136846062548
10,5,9.080097639369395,4.948409484027531
11,5,8.089649051219137,10.985149025430479
12,5,11.007510669416419,8.10659012508846
13,5,8.062544609111201,9.078874966064525
14,5,1.8994044586336953,12
15,5,11.966110359078138,11.066740028939217
16,5,0.010556967714321523,8.950290459979733
17,5,0.8479103090381244,12
18,5,12,7.870895112074815
19,5,2.0436502394071088,1.9016810351234381
20,5,10.106187817872335,6.995680541611979
21,5,0.8947544768464797,6.9576932424499045
22,5,10.912858687380835,7.011071633850147
23,5,2.900063848222476,4.013945451024915
24,5,5.898633503438187,4.97445408176011
25,5,3.9110570611479,3.113088741959983
26,5,6.983364911897698,12
27,5,5.9580677498348775,5.173797919447472
28,5,6.034927187663194,3.1036343547238268
29,5,8.97309375070303,8.880971790233026
0,10,4.141340574175387,1.09390576636021
1,10,3.0001396881713114,3.149605349998841
2,10,5.0626169057965065,6.788634256920092
3,10,0.05661819204493256,11.07930298205369
4,10,7.083483305968438,9.116607889834409
5,10,9.984783829404632,5.940398839374861
6,10,8.132085151779714,12
7,10,7.007017609815064,3.2156384317682254
8,10,6.230952159787308,9.039863374131217
9,10,2.93350239121602,0.8178164222353098
10,10,9.112769386358842,4.926305604426738
11,10,8.1318966205141,10.977543717937104
12,10,11.013168652687819,8.180642375253958
13,10,8.083712680806496,9.103539653631397
14,10,1.8386800182221092,12
15,10,11.954750314822297,11.088886653447762
16,10,0.023847518228916106,8.89470677882033
17,10,0.7703228396991754,12
18,10,12,7.789168675325258
19,10,2.053411144766453,1.8797432628130466
20,10,10.165098930002708,6.992472554091114
21,10,0.8519272070916941,6.940599911094182
22,10,10.886203357041639,7.01354057275661
23,10,2.8449554267239803,4.023872419438811
24,10,5.833402682948428,4.957451780204854
25,10,3.952002102308684,3.1455486003753044
26,10,6.97624350903721,12
27,10,5.938591250790569,5.261601987075068
28,10,6.054031548075882,3.162570873264285
29,10,8.960130723839741,8.826003142803248
0,15,4.180648766098829,1.1189153336207294
1,15,3.001344040952348,3.2130606906693258
2,15,5.0837667227782175,6.718452774245634
3,15,0.06222016699088223,11.087227005076912
4,15,7.114231148300967,9.161695608927655
5,15,9.98406378766607,5.937679754808411
6,15,8.168086019907268,12
7,15,7.009611128488365,3.2947400150863446
8,15,6.3189564898876425,9.054053971604437
9,15,2.9057717472169586,0.7346496288982851
10,15,9.13214403036756,4.912683858990071
11,15,8.186877536269693,10.968067652214764
12,15,11.01656538961715,8.251536772628986
13,15,8.089546852616575,9.110257048711166
14,15,1.8039876096393452,12
15,15,11.938502593574015,11.11839226744835
16,15,0.04107390346376716,8.829456689215323
17,15,0.6804596649621941,12
18,15,12,7.7135844501850395
19,15,2.0681077037078337,1.8457452945780959
20,15,10.22864657699529,6.989578709316591
21,15,0.8241060575419782,6.930245694441724
22,15,10.869974597012217,7.015237458931505
23,15,2.7793591483500655,4.0370749612227605
24,15,5.79213701730143,4.947059727628453
25,15,3.9859702559739367,3.1735516326864506
26,15,6.96986462974085,12
27,15,5.9160709037802315,5.366803486302103
28,15,6.078286266499487,3.2335018111955485
29,15,8.947644670105628,8.777227645781231
0,20,4.207521893362742,1.1376745576326055
1,20,3.0059227234670725,3.287611288679223
2,20,5.1037428144513886,6.64832293246271
3,20,0.06070061214080175,11.085153605358862
4,20,7.147502836361613,9.210740465555
5,20,9.986499415734336,5.947281879639062
6,20,8.207288655031412,12
7,20,7.0108255460592535,3.377979644719236
8,20,6.399025610749638,9.066968494719307
9,20,2.8791063928893963,0.6587881122675983
10,20,9.17236340058957,4.885241743005524
11,20,8.23975497427045,10.960106519418883
12,20,11.018900754551442,8.306611200878296
13,20,8.08987606080016,9.110616705999416
14,20,1.7740306412726328,12
15,20,11.922525953604636,11.147474741078735
16,20,0.054265470601824725,8.780046289983899
17,20,0.588094926710507,12
18,20,12,7.616300366769117
19,20,2.0803295036670604,1.81952977609927
20,20,10.296541376890648,6.989580180066551
21,20,0.7875377118372439,6.9169558125444555
22,20,10.857089580237075,7.016471448218196
23,20,2.7088445049790484,4.052658720248724
24,20,5.743253945321687,4.935504926547205
25,20,4.025196231081761,3.206972909718011
26,20,6.960065389762211,12
27,20,5.891063547815413,5.479929553146455
28,20,6.108455092063634,3.3219134970359323
29,20,8.936588735985776,8.731128284701292
0,25,4.2258243205107835,1.1510613494429562
1,25,3.012032988964874,3.3930640859947423
2,25,5.122102585645555,6.579160452713641
3,25,0.06172218091809291,11.086501438110048
4,25,7.174559151817483,9.250681442022326
5,25,9.990066411599047,5.9623286991111835
6,25,8.256533965674704,12
7,25,7.0136261094643135,3.4549435995175894
8,25,6.488158868906146,9.081201797479052
9,25,2.7897292210386855,0.6884727775530792
10,25,9.219493094954428,4.853432424115018
11,25,8.308539040690434,10.948326848306746
12,25,11.020484728269878,8.344968013701143
13,25,8.099119381291217,9.120673701329183
14,25,1.7187342142803508,12
15,25,11.914258527977948,11.161938289716913
16,25,0.07111689865796403,8.709242778481954
17,25,0.515025059026869,12
18,25,12,7.512682265159903
19,25,2.096033209668621,1.781711220416173
20,25,10.343896455958122,6.989109327674151
21,25,0.7450332813043389,6.900300275348457
22,25,10.839518795969248,7.017870090255528
23,25,2.6079556818662204,4.0771697117971755
24,25,5.689832069543647,4.922782657462886
25,25,4.0514014470830615,3.2296290532250334
26,25,6.947133979661604,12
27,25,5.870398279999334,5.580420700296289
28,25,6.138700008688977,3.4123725192230285
29,25,8.927467293403748,8.694712390882614
0,30,4.247450788492414,1.1664577926471102
1,30,3.0197451891668323,3.5210528123590894
2,30,5.1424791295763015,6.505166937777205
3,30,0.06410370846728472,11.089606410209834
4,30,7.184856817480275,9.265593923568593
5,30,9.997517972849703,5.996885570785132
6,30,8.30412106271409,12
7,30,7.014725536385618,3.5374499360495677
8,30,6.576688604767414,9.095891026702187
9,30,2.6870750992949697,0.7205479933681527
10,30,9.266523713351685,4.821290693049951
11,30,8.370329736058649,10.936469375339662
12,30,11.024859960675274,8.411129322978937
13,30,8.088204653372477,9.108571753112301
14,30,1.6765600130890372,12
15,30,11.915867253390854,11.159147911267524
16,30,0.08870419303203922,8.626823492188521
17,30,0.5205720943111685,12
18,30,12,7.416716896022573
19,30,2.1172569641813586,1.726711216533772
20,30,10.368921032370395,6.9895165866222975
21,30,0.7213237650014205,6.890620559575533
22,30,10.850236941095146,7.017155407181502
23,30,2.5136345164626617,4.097605132598713
24,30,5.641788360559641,4.910333995251452
25,30,4.085254007386503,3.2582552326277607
26,30,6.9339654643707735,12
27,30,5.848425182940233,5.688303981133923
28,30,6.16817304017501,3.498462860516399
29,30,8.920345982041654,8.66743259685905
0,35,4.248480850484752,1.1671823814165267
1,35,3.0280663959273864,3.6618492339325512
2,35,5.16127869347983,6.439297432246816
3,35,0.08649417716712626,11.120072741593882
4,35,7.200969835629615,9.287782461749856
5,35,10.004648544664034,6.025434294533177
6,35,8.335700615779682,12
7,35,7.014064636724729,3.599307962520546
8,35,6.663356569527494,9.111850748554447
9,35,2.575104497198514,0.7515815124650236
10,35,9.293492800199434,4.802283405915195
11,35,8.407549199515424,10.929576797228714
12,35,11.029278605498224,8.468087004154516
13,35,8.079377358102708,9.098580044854458
14,35,1.6360340715764143,12
15,35,11.907834249304809,11.173379097186098
16,35,0.10352416613444688,8.559658161318335
17,35,0.5257343830949525,12
18,35,12,7.3127614288703455
19,35,2.140942397614529,1.6661675063734063
20,35,10.394988977688561,6.989607096715685
21,35,0.7153105812697846,6.888167579480033
22,35,10.849401774327363,7.017211067246881
23,35,2.4375293131148292,4.114241311691897
24,35,5.583555256341038,4.893589235683555
25,35,4.11147000323724,3.2797246018071826
26,35,6.920862347595424,12
27,35,5.824906568091719,5.805192033741209
28,35,6.1954585127667015,3.5790597884187902
29,35,8.908499853765402,8.624708558326164
0,40,4.227893453883884,1.1524659705463463
1,40,3.037261774365056,3.80029236553011
2,40,5.181055706924523,6.369655173481278
3,40,0.10527524468030493,11.146338907097356
4,40,7.2185354009255835,9.31164155117772
5,40,10.012670508281298,6.05462468467455
6,40,8.344600166613258,12
7,40,7.012317519066691,3.6659719169064595
8,40,6.770977751899326,9.13282993778663
9,40,2.471862761911916,0.7800143542536486
10,40,9.328355735404868,4.779078816868043
11,40,8.457786227914898,10.918955116276052
12,40,11.03239675512953,8.517113585342953
13,40,8.06324251362244,9.080436532222794
14,40,1.6014192228710435,12
15,40,11.905827904331447,11.176881002711264
16,40,0.12163845940315363,8.479842087908633
17,40,0.5303742760127893,12
18,40,12,7.212032754817299
19,40,2.157932514758092,1.6201479819405742
20,40,10.405593469218948,6.9896929267819
21,40,0.7236522423780061,6.8918283275934025
22,40,10.842624984416888,7.017565370861869
23,40,2.3685015556293783,4.129106245138
24,40,5.521138011178228,4.876588856769253
25,40,4.150967458500835,3.314107012088888
26,40,6.907983363549845,12
27,40,5.803094474634473,5.908982472849932
28,40,6.2224394370469644,3.654125391689683
29,40,8.898611807600615,8.58933872500854
0,45,4.20715034093242,1.1373287036693915
1,45,3.0424444418611163,3.932942501592403
2,45,5.20278296128776,6.29951825193707
3,45,0.14805634717225677,11.204673104263293
4,45,7.2553731855343475,9.361954216644307
5,45,10.016890934842872,6.0708375301962985
6,45,8.354168416735932,12
7,45,7.010588620591541,3.7382313860674237
8,45,6.877242726342142,9.15379173992307
9,45,2.3443878140951484,0.8153455928430973
10,45,9.354784936142202,4.761499617905504
11,45,8.519130825445622,10.905839287768476
12,45,11.033203575012097,8.55470078611107
13,45,8.041104987350582,9.055053566411907
14,45,1.5472210442089822,12
15,45,11.900534161860682,11.186647794966655
16,45,0.13709992137296262,8.405137341905071
17,45,0.5356788009667517,12
18,45,12,7.125349565686068
19,45,2.165549419139442,1.5998474936849938
20,45,10.437008378999073,6.990163919098521
21,45,0.7302467590340682,6.894644191588541
22,45,10.823109957611093,7.01863275234276
23,45,2.2846923395993013,4.147637452424587
24,45,5.453732669606095,4.860818312376676
25,45,4.1935417723506125,3.3509523127485115
26,45,6.892082831368532,12
27,45,5.776527901395446,6.027645340999032
28,45,6.25228204442349,3.7407503065232217
29,45,8.885922966059567,8.542172164019727
0,50,4.206742268940391,1.1370001617603374
1,50,3.048925923244266,4.071308314014082
2,50,5.231891281461307,6.203983031126382
3,50,0.1835185344822443,11.252162998233057
4,50,7.3036826022484025,9.420604829531241
5,50,10.014328005878353,6.060639265024022
6,50,8.37536694993295,12
7,50,7.008750894952444,3.798858279064735
8,50,6.966344751710582,9.17189379753402
9,50,2.235709577516601,0.8456249860825673
10,50,9.37273525940941,4.749002441090926
11,50,8.587190156457837,10.890985348399475
12,50,11.03465611269238,8.590789493013402
13,50,8.025887609736998,9.038241988260063
14,50,1.5138208146393919,12
15,50,11.89312882726747,11.201892845972482
16,50,0.15158279990937923,8.332691593202346
17,50,0.5399615882947622,12
18,50,12,7.02497610307751
19,50,2.173664468538454,1.577367168185279
20,50,10.461176468595497,6.990939795152446
21,50,0.7363571483138548,6.897304735867391
22,50,10.794610358840979,7.020574868639519
23,50,2.1932705839597704,4.1710561560621935
24,50,5.360258526667361,4.838326965297404
25,50,4.229722345685815,3.3817080035917773
26,50,6.87415573499272,12
27,50,5.753144548135014,6.136789685318488
28,50,6.28272039198283,3.827817166332681
29,50,8.871716094585956,8.492422030743322
0,55,4.20649624846325,1.1368025784258904
1,55,3.056259515367667,4.2245733069344995
2,55,5.256162020244627,6.122826818782027
3,55,0.2285318339392845,11.311660027146926
4,55,7.346728771076345,9.47444037533537
5,55,10.0183015896028,6.077195629418766
6,55,8.39780170823972,12
7,55,7.005827981188046,3.8660755080438705
8,55,7.046000924918345,9.189878878124174
9,55,2.124619748131476,0.8775808555764688
10,55,9.406690864740899,4.725250804136168
11,55,8.676024100891661,10.870624638485362
12,55,11.036868317384155,8.619640215959935
13,55,8.001977253764426,9.012765078882968
14,55,1.463938632651152,12
15,55,11.884613003876794,11.219833561532612
16,55,0.16581119044510942,8.25387788401281
17,55,0.5442364510028803,12
18,55,12,6.9204968176905215
19,55,2.188628530436231,1.5304497282369154
20,55,10.46961940829528,6.991031782669442
21,55,0.7147176533850096,6.888099191331175
22,55,10.752810118908531,7.022474136018206
23,55,2.0899982917480613,4.199922393524882
24,55,5.279342122907379,4.818725066342527
25,55,4.267213679926642,3.4147458526845376
26,55,6.857916460089315,12
27,55,5.729582284804435,6.248876550311479
28,55,6.318103759937266,3.9232106899922248
29,55,8.852290856882714,8.42603955361036
0,60,4.20453655198858,1.1352257120145548
1,60,3.061707742862068,4.354925332937501
2,60,5.280653056354817,6.038907766844015
3,60,0.27955177883802823,11.37895408512995
4,60,7.388581503786764,9.526143460490468
5,60,10.021448627379963,6.091218275851001
6,60,8.440106441983522,12
7,60,6.999617954098066,3.9517662493228123
8,60,7.132723834059024,9.207360999803162
9,60,2.009103225648498,0.9144026956497987
10,60,9.430243408961505,4.708831091797894
11,60,8.770229340243294,10.84904907050591
12,60,11.039318485541376,8.661387443074634
13,60,7.957966613512144,8.966212245707599
14,60,1.4052858999452253,12
15,60,11.884881890838212,11.219293105759672
16,60,0.17606647912972542,8.193675485354548
17,60,0.5491049802681016,12
18,60,12,6.803534512138318
19,60,2.2067774754422462,1.4772037545074392
20,60,10.489975812078578,6.991454306728896
21,60,0.6913021392558507,6.878093233773352
22,60,10.718473530774245,7.023508652876725
23,60,1.9796419579761677,4.234055185367153
24,60,5.1922565368474904,4.797549991360384
25,60,4.296658991246262,3.440884422398929
26,60,6.842967789259729,12
27,60,5.702513644949928,6.370646260085261
28,60,6.419243623955059,3.887438003660978
29,60,8.833130532218798,8.357788114079893
0,65,4.195291484973775,1.127702441164411
1,65,3.0674278584061754,4.49457129498357
2,65,5.299618733735279,5.966417357679644
3,65,0.33477639911366647,11.455365601300418
4,65,7.436955909358994,9.582935790166339
5,65,10.021715112465756,6.09238435831817
6,65,8.505534621690947,12
7,65,6.9911284199005905,4.023263731821596
8,65,7.23773144410243,9.228033998602761
9,65,1.877047958774917,0.9584678521935487
10,65,9.458827762213051,4.689920198754444
11,65,8.861429732538106,10.823642097648207
12,65,11.042885417318642,8.712775561048748
13,65,7.895752800679927,8.90216854283523
14,65,1.3370580556408695,12
15,65,11.889250323132964,11.210563220893105
16,65,0.1849313314764575,8.137364144319601
17,65,0.5530956049050894,12
18,65,12,6.711432889895563
19,65,2.2209367923047822,1.4332814721518115
20,65,10.502562572239752,6.991404627057141
21,65,0.6617507381139467,6.865794522664823
22,65,10.694990267006734,7.02382286080068
23,65,1.8809434030848637,4.265117267572076
24,65,5.128697856852485,4.782133827344003
25,65,4.323623665984453,3.4657309273446857
26,65,6.829628840029148,12
27,65,5.672875197956746,6.517281280828612
28,65,6.530651920224976,3.852267483032937
29,65,8.808159645212287,8.273017934275195
0,70,4.190133126664199,1.1234603853208733
1,70,3.0726875149443846,4.629181478688142
2,70,5.322807824610656,5.885473242901672
3,70,0.38812326528836594,11.528484362201986
4,70,7.478584205546911,9.634496293240343
5,70,10.023082599668259,6.098182944426748
6,70,8.575656409071428,12
7,70,6.985353961366942,4.082686312085349
8,70,7.345835632532911,9.250397176771038
9,70,1.7342221279569783,1.0043819303048518
10,70,9.488096430420836,4.671187478517941
11,70,8.947170406988649,10.798966672280573
12,70,11.04600951775768,8.775728373129185
13,70,7.82732006314274,8.834619715017796
14,70,1.2786007956977565,12
15,70,11.889402363249848,11.21026273082848
16,70,0.1945394741239103,8.077754378565588
17,70,0.5561475028467983,12
18,70,12,6.606945528789645
19,70,2.2268236318377292,1.4155423010461319
20,70,10.513391937142794,6.991167796327255
21,70,0.6342509782317641,6.855271541324125
22,70,10.680543213880341,7.023842516815255
23,70,1.792016427103296,4.292801662865159
24,70,5.076334389862955,4.768823804144729
25,70,4.3643867861179695,3.503191332804488
26,70,6.818257121740851,12
27,70,5.644985525241918,6.681819104829065
28,70,6.648208319026013,3.8158329892958056
29,70,8.781111659121224,8.185354682366954
0,75,4.183800789162377,1.1180383068081692
1,75,3.0788743179759237,4.740766723336471
2,75,5.348829674584386,5.791122420468092
3,75,0.44542117771314405,11.608644330823587
4,75,7.511114475986109,9.673015174607961
5,75,10.02894426086176,6.124656021095298
6,75,8.645744017283345,12
7,75,6.979887506994066,4.138738330095253
8,75,7.478881799209077,9.27620804652759
9,75,1.586398375371866,1.050884125557576
10,75,9.50575273048492,4.660211437697755
11,75,9.016556080733727,10.779784145919288
12,75,11.04789343836203,8.838807831685655
13,75,7.770502827717998,8.781311087003356
14,75,1.197278362481889,12
15,75,11.88879853481316,11.211481325671915
16,75,0.12331842540734259,8.06849470411224
17,75,0.5594231857221824,12
18,75,12,6.5075388456109895
19,75,2.230774142799225,1.4041311600738695
20,75,10.517381591647778,6.9911708002202
21,75,0.619231876513875,6.849324259233627
22,75,10.641776362411917,7.0243190466408905
23,75,1.7023141083952424,4.3201911361289635
24,75,5.039040558547159,4.759099880352874
25,75,4.379920666443358,3.5180649808158044
26,75,6.808306412589823,12
27,75,5.615001412415208,6.852417915332395
28,75,6.758273500256696,3.7810545404117746
29,75,8.753363782720797,8.092322502802348
0,80,4.178927395338166,1.1137372706877
1,80,3.206353630785601,4.728852890396022
2,80,5.379620579619223,5.679071189796989
3,80,0.513835724465195,11.700973026266823
4,80,7.5616302106325275,9.734190696372883
5,80,10.03299163504502,6.141367961145499
6,80,8.732114945154603,12
7,80,6.976607522679415,4.1903589929889975
8,80,7.6048410849693715,9.299192409837827
9,80,1.441036771194427,1.0971918878849418
10,80,9.510178367617192,4.657438709946627
11,80,9.106435667720111,10.755905662381375
12,80,11.050017804141063,8.92276935385307
13,80,7.712344083843228,8.729168505078627
14,80,1.1141555652736956,12
15,80,11.89286339873223,11.20278226223566
16,80,0.03694331584938869,8.054797308596465
17,80,0.5618200398299884,12
18,80,12,6.415711444410776
19,80,2.2323049445106737,1.399688063166513
20,80,10.508070286182727,6.991304657576403
21,80,0.6114744440598913,6.846357104520328
22,80,10.613662819383856,7.024338615004719
23,80,1.6323764553632834,4.339150978548794
24,80,5.001462765128588,4.7494272480875885
25,80,4.415124631223503,3.551091096451222
26,80,6.799713368808451,12
27,80,5.58785621060717,7.020243889885379
28,80,6.870893011199453,3.7482313218060703
29,80,8.728000847583301,7.992493449858155
0,85,4.156727465214799,1.095405449620722
1,85,3.3341267527495253,4.714091655829167
2,85,5.405571272496089,5.586286629753441
3,85,0.581241836610592,11.788634347524017
4,85,7.606758694663941,9.792091804172793
5,85,10.044622375912489,6.192583792407267
6,85,8.813487524824948,12
7,85,6.973552456583721,4.237975427981316
8,85,7.717867281610585,9.32101193708865
9,85,1.4872032522194039,1.2399162924211968
10,85,9.512579057380684,4.655918600845471
11,85,9.201366314493157,10.73090890137112
12,85,11.048137585997367,9.016477167132377
13,85,7.657867909907133,8.681455970677257
14,85,1.0549260141966506,12
15,85,11.904418167961097,11.179629386498423
16,85,0,8.040285211884095
17,85,0.5638990646250175,12
18,85,12,6.32047349378711
19,85,2.2357197766944688,1.3893089331355433
20,85,10.487200142001912,6.992121495292532
21,85,0.6117884345687268,6.8464705049857475
22,85,10.563915829549487,7.023578172142022
23,85,1.5494253533235594,4.3640117423676825
24,85,4.978908037440844,4.742915663704398
25,85,4.44276397418191,3.5765379809430082
26,85,6.7893275452233866,12
27,85,5.55971885325584,7.194248176068679
28,85,7.028272604979126,3.702256415963553
29,85,8.706987979438725,7.9122985016601275
0,90,4.132947430684712,1.075449423043838
1,90,3.4786472035358664,4.694772975617622
2,90,5.430289889551814,5.5064958552159595
3,90,0.6363646491449504,11.862301322765799
4,90,7.6460783533640715,9.840480978815531
5,90,10.054546892724911,6.237728644508961
6,90,8.88950506783601,12
7,90,6.968956001787931,4.299152304423635
8,90,7.834669026967278,9.342592337739264
9,90,1.5297721012282839,1.3618110332694826
10,90,9.506545019964548,4.65947510374985
11,90,9.303118329536108,10.701062292129246
12,90,11.045172479157683,9.08828724082459
13,90,7.605694619524316,8.635345913112612
14,90,0.9690759125164116,12
15,90,11.915853370020992,11.156590265841855
16,90,0,8.029822145558542
17,90,0.5652749148243403,12
18,90,12,6.243786804947037
19,90,2.236826510932662,1.3856091434969249
20,90,10.482571017488656,6.9922012328978305
21,90,0.6235710490530247,6.850717018696109
22,90,10.523487955586178,7.0227198157117705
23,90,1.4584697333695051,4.390966912453274
24,90,4.983182766335033,4.744207808540326
25,90,4.479204184474735,3.6110608044760966
26,90,6.774844338035887,12
27,90,5.531172006434242,7.365982932969569
28,90,7.186940505012619,3.6521267436264573
29,90,8.688368283807886,7.839868267094114
0,95,4.116495237901426,1.0620724189837962
1,95,3.631244116408778,4.67882906804519
2,95,5.455038745030814,5.421014416917384
3,95,0.6900656988661108,11.935581340591284
4,95,7.696263933985532,9.901561370380932
5,95,10.071063325775162,6.3069875221798215
6,95,8.95606526109197,12
7,95,6.965454690832505,4.351745154191701
8,95,7.961904192816237,9.370202181993248
9,95,1.576195748354579,1.4986815765079253
10,95,9.471003376086536,4.680373550954825
11,95,9.404391833104597,10.671872761275699
12,95,11.042411331806816,9.164703439415673
13,95,7.566105917027346,8.602052373543428
14,95,0.895827325131553,12
15,95,11.929433768597312,11.129274279970803
16,95,0,8.016297177313021
17,95,0.5665498312658019,12
18,95,12,6.133529850894859
19,95,2.2377352158996517,1.3822764918578256
20,95,10.483195166906055,6.992202240167436
21,95,0.6398565133249653,6.855880489938474
22,95,10.46988830185851,7.02404790683871
23,95,1.3639839459232075,4.420129288971068
24,95,4.988241469719069,4.7458586089502335
25,95,4.51220486078828,3.642496322209838
26,95,6.762362302873117,12
27,95,5.509412584323243,7.522206199139104
28,95,7.347685960848428,3.6028707545805343
29,95,8.670691220719169,7.770684877584296
0,100,4.10331248719128,1.0511377843811662
1,100,3.7846292369928607,4.65868962428267
2,100,5.474127294681717,5.3522033825917354
3,100,0.7539678001020172,12
4,100,7.736374807790993,9.948454352277604
5,100,10.088625752580814,6.385873682782672
6,100,9.036620591069344,12
7,100,6.96184612440949,4.402438913799416
8,100,8.096984448339043,9.397375705918055
9,100,1.6196359574095225,1.6269542767155143
10,100,9.42043818493517,4.7110108281177885
11,100,9.461014962669983,10.655629453286021
12,100,11.038687761928424,9.249752830653698
13,100,7.553429876624253,8.59163070885541
14,100,0.8272466385967837,12
15,100,11.952704234406799,11.082169795249673
16,100,0,7.997862364887702
17,100,0.5679445439708366,12
18,100,12,6.046407277895142
19,100,2.239364936681035,1.3764582366895834
20,100,10.4803041732828,6.992218894054195
21,100,0.657718289739999,6.861909757837303
22,100,10.429030582861886,7.023861845776113
23,100,1.255059729834488,4.454637932949142
24,100,5.002336612876752,4.7505341059093285
25,100,4.550215803035665,3.675256502263421
26,100,6.748157210404071,12
27,100,5.487973548207081,7.6854346065023815
28,100,7.524509099209932,3.5474977995419876
29,100,8.65230969829823,7.695186893590744
0,105,4.090291211882689,1.0407022952262108
1,105,3.9436341489437012,4.635065988114471
2,105,5.488002171201887,5.300513005002484
3,105,0.8284903826880149,12
4,105,7.7895903458314875,10.008783954866143
5,105,10.106421606817785,6.467060675105689
6,105,9.099653929080503,12
7,105,6.9574471734653,4.462418185947846
8,105,8.227625335447895,9.422416984205217
9,105,1.6575694606904143,1.7526456855419557
10,105,9.391170300671632,4.729025580797405
11,105,9.53658673844633,10.634204820879395
12,105,11.03697255817516,9.357755577831838
13,105,7.537164927784105,8.578929282254778
14,105,0.7507128349270953,12
15,105,11.96495007056119,11.059573539542834
16,105,0,7.974246030412176
17,105,0.5706475056100927,12
18,105,12,5.960864376509375
19,105,2.2428240174768064,1.364743119943372
20,105,10.488643318922627,6.992126077386392
21,105,0.6779523262662649,6.868123677378741
22,105,10.363176195838339,7.02393591645621
23,105,1.129835930186602,4.493558267844973
24,105,5.0289149034388085,4.759983762438679
25,105,4.592134968870335,3.7121166366657294
26,105,6.739927991554944,12
27,105,5.468214387344759,7.851290513083592
28,105,7.703149213442492,3.491924615675761
29,105,8.628902077901921,7.60076972355527
0,110,4.0695887175624,1.0234292081999743
1,110,4.124535917172399,4.611000111599525
2,110,5.504486588499739,5.239783986587045
3,110,0.896443714348301,12
4,110,7.854325629256293,10.085568014227194
5,110,10.125551140402877,6.552662130619635
6,110,9.154299957710267,12
7,110,6.951522500652738,4.5289499025223305
8,110,8.361021292787136,9.45003434531084
9,110,1.6886686677994898,1.8655716171263392
10,110,9.374838982118208,4.73909647400913
11,110,9.62284950599669,10.610948861323198
12,110,11.03408852234408,9.453359734775734
13,110,7.536204902999104,8.578146883954691
14,110,0.7065245852700592,12
15,110,11.975752293880396,11.039711487226253
16,110,0,7.94920022713611
17,110,0.5716018626233241,12
18,110,12,5.858427748050207
19,110,2.241419767011509,1.3693745799280859
20,110,10.512222496522828,6.991791040145595
21,110,0.684175383442957,6.847385894351309
22,110,10.318919816671574,7.023901948557612
23,110,1.0053482899803332,4.5346750958875885
24,110,5.0499912667610065,4.767037206524448
25,110,4.628916550404548,3.7440423658205377
26,110,6.734860775881742,12
27,110,5.451274201309075,8.00020179267207
28,110,7.880009779065432,3.4355077865943238
29,110,8.599691649601395,7.478276092712512
0,115,4.051859791301245,1.0075023459930952
1,115,4.323347940231429,4.587035651340699
2,115,5.516945377152731,5.192336866659063
3,115,0.9384618159246526,12
4,115,7.924576391538968,10.17117442202662
5,115,10.151716303280972,6.653574342711756
6,115,9.224176628717919,12
7,115,6.9443955901107435,4.601564199306558
8,115,8.497069194600883,9.476423747128324
9,115,1.7088331069327602,1.9443975843318473
10,115,9.365057098400017,4.745439950477468
11,115,9.713789124771282,10.58572764967916
12,115,11.031656409367114,9.539907531843658
13,115,7.537741275248126,8.579310801701663
14,115,0.6544694171907783,12
15,115,11.968245927200984,11.05321829053098
16,115,0,7.919128881546574
17,115,0.5725739614927798,12
18,115,12,5.753659908851169
19,115,2.247946475291861,1.3495602253096164
20,115,10.550279118556048,6.992318026988502
21,115,0.6965034411571239,6.803285912273384
22,115,10.27697611711913,7.022924782518134
23,115,0.9069648568292815,4.566687290522223
24,115,5.0729005911279685,4.774702711222977
25,115,4.6626426158281085,3.7738007958424915
26,115,6.729382610123825,12
27,115,5.4335637113544575,8.151895236021081
28,115,8.090563270862427,3.3736782710380506
29,115,8.565259283987665,7.34303422940974
0,120,4.041210236806113,0.997956868908873
1,120,4.512564284454447,4.5634717720122975
2,120,5.524065615287427,5.1668834812428575
3,120,0.9913752312412991,12
4,120,7.9926132896571795,10.260051138176264
5,120,10.178685687246293,6.765487964750513
6,120,9.287669150506309,12
7,120,6.937074827126999,4.678406402475924
8,120,8.624747978959611,9.500003811167977
9,120,1.7283747888623882,2.0150077426933284
10,120,9.371925267990221,4.7407588607179125
11,120,9.80548722204215,10.562746538354688
12,120,11.02760059882908,9.617909973150185
13,120,7.543318666151419,8.583386292226324
14,120,0.6069291099704319,12
15,120,11.954128760470457,11.078604983600238
16,120,0,7.892336971008171
17,120,0.574276006535982,12
18,120,12,5.632765467388585
19,120,2.262842408705235,1.3059363386398637
20,120,10.570924719018565,6.99244683725933
21,120,0.7086871296003989,6.760703522274976
22,120,10.231710883959657,7.023114264162596
23,120,0.8004982427879582,4.599822456343384
24,120,5.091311497173413,4.780752117569656
25,120,4.684332704826861,3.7925865342246023
26,120,6.721247876476266,12
27,120,5.413259117627471,8.307180978841009
28,120,8.313759556760665,3.308726457897551
29,120,8.535438156858511,7.218796290904496
0,125,4.038916956403916,0.9958862268121943
1,125,4.6821310019052245,4.5445982581869755
2,125,5.531152349371553,5.143144415358144
3,125,1.052381117380499,12
4,125,8.072656087015675,10.363385823750097
5,125,10.21220986681717,6.901037441272508
6,125,9.341838145582521,12
7,125,6.9273683502069305,4.761374275578931
8,125,8.748117561313268,9.520422516102842
9,125,1.7482334540196969,2.084847625905457
10,125,9.387343783718029,4.730179155086065
11,125,9.890232484279252,10.54095165130454
12,125,11.02465755961759,9.69452294235411
13,125,7.554236570056096,8.591297371072189
14,125,0.5913888649307395,12
15,125,11.928246831388755,11.126922316220618
16,125,0,7.859146210194534
17,125,0.5763178087121116,12
18,125,12,5.510786755934864
19,125,2.2774351829939907,1.2663081054051788
20,125,10.583439743969512,6.992520234475418
21,125,0.7249748793821397,6.700363956417719
22,125,10.189136556044918,7.022801316180608
23,125,0.6946767504351583,4.6331965717051276
24,125,5.097565497295809,4.78277239358058
25,125,4.705779095462917,3.8112861090325287
26,125,6.713288959485519,12
27,125,5.399132143624445,8.413484367127563
28,125,8.530535006258646,3.2413124472700905
29,125,8.498658719308716,7.071656080086381
0,130,4.048532706778746,1.0043167524137777
1,130,4.854725810271819,4.530431440459944
2,130,5.541905433781344,5.105018085504114
3,130,1.1269193584637875,12
4,130,8.151830712874895,10.470753732660926
5,130,10.244645256582837,7.04248402085903
6,130,9.405127727284277,12
7,130,6.921021002066104,4.843225504211764
8,130,8.863079842857907,9.539359349924435
9,130,1.764628556778244,2.1443860139532487
10,130,9.400936804983626,4.720481652172075
11,130,9.96653579723872,10.524186121919536
12,130,11.023210536121129,9.782377666681718
13,130,7.555455160888926,8.592229966882794
14,130,0.5717067403410009,12
15,130,11.908188452090096,11.164615155638787
16,130,0,7.829391723386131
17,130,0.5789044152322579,12
18,130,12,5.385100830848277
19,130,2.2943139573254685,1.2177795280366808
20,130,10.606185918919756,6.992639737953307
21,130,0.7385091103290178,6.647652662346059
22,130,10.135723952938333,7.020872879279162
23,130,0.5833085773489144,4.6711139673430795
24,130,5.1056869155376345,4.785491276261425
25,130,4.726037862178079,3.8288574786879304
26,130,6.706878534597327,12
27,130,5.387249490510119,8.515101531784996
28,130,8.730508191089237,3.179068252883681
29,130,8.466053937591703,6.937558274485441
0,135,4.040226797887735,0.9969594249937025
1,135,5.011713701004366,4.515003136678872
2,135,5.552414060043079,5.070440542328934
3,135,1.193762515461606,12
4,135,8.240335140692805,10.584250730537233
5,135,10.279963471787015,7.199189128543926
6,135,9.446379276787672,12
7,135,6.913364845975628,4.9312564468682165
8,135,8.946909136621917,9.553950985035776
9,135,1.7757602489066031,2.1841965768509213
10,135,9.401246221060706,4.720265381431796
11,135,10.02437530462178,10.512570583412657
12,135,11.02145980856773,9.868485637129242
13,135,7.5532233639446025,8.590561127135285
14,135,0.5759695929582772,11.998718443469436
15,135,11.895691414752697,11.188160703272823
16,135,0,7.800943735298398
17,135,0.5819754717812612,12
18,135,12,5.282896767246303
19,135,2.311400249226967,1.166416208591756
20,135,10.623116898693542,6.992993441412155
21,135,0.750754321691869,6.601157156689166
22,135,10.08562441107177,7.018034462282553
23,135,0.468585539762752,4.710618995917013
24,135,5.131755314593618,4.794542454307288
25,135,4.742308947153938,3.8430017759043715
26,135,6.700229991601342,12
27,135,5.376527548114003,8.595368099502405
28,135,8.931023178679691,3.111087704633527
29,135,8.42669042641049,6.777546546328196
0,140,4.017506286786722,0.9765206223186592
1,140,5.175986054070946,4.49589293762583
2,140,5.561874629665488,5.0374083496678494
3,140,1.2569149600986773,12
4,140,8.335597920886919,10.702161206305567
5,140,10.308928154657009,7.338898515027282
6,140,9.48114297866472,12
7,140,6.906400995763175,5.015202805407762
8,140,9.007242243061059,9.564274720136053
9,140,1.7828476510400866,2.2086299759201418
10,140,9.400771574973719,4.720607458067576
11,140,10.05017042058935,10.507089279136611
12,140,11.021484929255132,9.922748116981651
13,140,7.554366950005501,8.591433819854581
14,140,0.5799012268400936,11.9974024021638
15,140,11.886983738279044,11.20425367216835
16,140,0,7.775017977447106
17,140,0.5880511778370985,12
18,140,12,5.164594701472847
19,140,2.3313020336617787,1.1107259619347385
20,140,10.636208631176546,6.993302960854191
21,140,0.7619560924982285,6.56284942723104
22,140,10.081466740369077,7.08774680723665
23,140,0.36266884169749247,4.746955140336983
24,140,5.151259524117327,4.800873639454739
25,140,4.759877462513451,3.85751392674897
26,140,6.689490166183736,12
27,140,5.360966590369437,8.699565730132832
28,140,9.143266842100662,3.03857506760255
29,140,8.390245451341215,6.609966436189212
0,145,3.99204395078358,0.9526697543813415
1,145,5.33541946998945,4.47761376025424
2,145,5.566386403128551,5.023032773500936
3,145,1.3246121436726122,12
4,145,8.427703155240021,10.809501254440683
5,145,10.338395403834378,7.482617553766781
6,145,9.524976520397821,12
7,145,6.900779624403268,5.1291553090328605
8,145,9.037352020689022,9.570071384747438
9,145,1.7930737206919773,2.2415590650558035
10,145,9.396187315565452,4.723679418499805
11,145,10.095594299828615,10.497077990122113
12,145,11.019120305074818,9.991059507851988
13,145,7.543044153453953,8.583037774075091
14,145,0.5761721647897448,11.998631994018039
15,145,11.867470641015688,11.239969935484943
16,145,0,7.7511044948348555
17,145,0.5915892246369556,12
18,145,12,5.0404045120871475
19,145,2.358967906558956,1.0366004124458972
20,145,10.640951984734393,6.993379005408763
21,145,0.7769018889102105,6.512049368784156
22,145,10.076318823903003,7.159950474218867
23,145,0.24319160399582407,4.791253206997033
24,145,5.182573506079398,4.810768994201631
25,145,4.775593584147887,3.8711419074524716
26,145,6.66949188189458,12
27,145,5.342669810629748,8.825292633179151
28,145,9.338573467021106,2.9723545771712128
29,145,8.353382895377425,6.419916735946978
0,150,3.956951329236581,0.9210105242988079
1,150,5.48732804473375,4.46152460276334
2,150,5.566927530282705,5.02103573257319
3,150,1.372471720056405,12
4,150,8.517220451258705,10.913681478420393
5,150,10.359313390801809,7.60750617053319
6,150,9.572961181875403,12
7,150,6.893623647134539,5.231299889849922
8,150,9.072382524732568,9.576237916634474
9,150,1.7946548709639183,2.2465607569821175
10,150,9.392173379796764,4.726321571828811
11,150,10.126932503395054,10.489534774449517
12,150,11.018007759536633,10.07598397611302
13,150,7.525546788146556,8.570887394267451
14,150,0.5624352967180252,12
15,150,11.856713048235461,11.259291731400237
16,150,0,7.7244734370494585
17,150,0.594918961458388,12
18,150,12,4.925739126061736
19,150,2.3870462371223136,0.9609132490905364
20,150,10.631539828700136,6.9933997245351485
21,150,0.7851959240906752,6.484578124525423
22,150,10.071649639874263,7.226213981647731
23,150,0.12496968640267236,4.838874939827233
24,150,5.23684564636369,4.826221603605846
25,150,4.789937598224601,3.8836264054660616
26,150,6.6480802977864375,12
27,150,5.322576672590529,8.948658063575134
28,150,9.547223603157585,2.9031646267085174
29,150,8.312660536359852,6.231541511880172
0,155,3.916701193195363,0.8823144463078945
1,155,5.659636054673094,4.438966609319562
2,155,5.560989894585578,5.043508783430174
3,155,1.4090201568522165,12
4,155,8.61735838814811,11.027992056204885
5,155,10.383426787957013,7.745049594482002
6,155,9.605003730625183,12
7,155,6.8873391326937075,5.337630476332168
8,155,9.104595082554457,9.581819378317258
9,155,1.7887360638238041,2.2277000183998616
10,155,9.38716596461089,4.729378507908724
11,155,10.18681089769668,10.474715962561415
12,155,11.018409110169609,10.166721459791667
13,155,7.477317270805272,8.53902146671783
14,155,0.5424229187723233,12
15,155,11.84178351383106,11.287839638836783
16,155,0,7.695112080765245
17,155,0.6016580571674282,12
18,155,12,4.802301714552826
19,155,2.4172852306875225,0.881376047284864
20,155,10.618483452774447,6.993411738339966
21,155,0.7869917218489049,6.47875851629316
22,155,10.067351085228301,7.294914606465131
23,155,0.0034013775183696637,4.891485681181126
24,155,5.271154397424325,4.837144953995949
25,155,4.805890110877263,3.8967151461065015
26,155,6.625073643163287,12
27,155,5.301233444039801,9.07981067559555
28,155,9.75304712522709,2.836363221363024
29,155,8.26813720896404,6.043390991443419
0,160,3.858017414032203,0.8257424562867834
1,160,5.82410450254307,4.421699034637214
2,160,5.5496545091351,5.080884292466202
3,160,1.443374284366843,12
4,160,8.719406787304594,11.143789630394469
5,160,10.407713492657464,7.878375000030225
6,160,9.612838314251904,12
7,160,6.881024843182207,5.417185042044262
8,160,9.152517917627616,9.589770767384756
9,160,1.7796893923218804,2.200673694492053
10,160,9.3753942969582,4.736869115129337
11,160,10.259486052573077,10.455660337967545
12,160,11.020955695712846,10.257313336568174
13,160,7.432509632777842,8.508673020975726
14,160,0.5253983581533963,12
15,160,11.823835147864905,11.325117117591025
16,160,0,7.664474786762035
17,160,0.6088951361999596,12
18,160,12,4.659218579159017
19,160,2.4411239290800038,0.8209632884473274
20,160,10.605482590470164,6.993405569280227
21,160,0.7869413627443836,6.4789231550254085
22,160,10.06473814299455,7.3402750917294535
23,160,0,4.9401163454044354
24,160,5.317041428923417,4.851379013208327
25,160,4.826206471259519,3.9128785085175473
26,160,6.600896391616318,12
27,160,5.281588235630496,9.210655747780233
28,160,9.977327354544164,2.7594849171765548
29,160,8.222070873762975,5.85771149593876
0,165,3.791184893557393,0.763654757518689
1,165,5.980131855215506,4.405538555823777
2,165,5.537685309566846,5.121210884276885
3,165,1.463774964377083,12
4,165,8.828129912002787,11.264674094836659
5,165,10.429279639702125,7.999549417156299
6,165,9.615511201562013,12
7,165,6.872298421952963,5.513618557753114
8,165,9.189582194912212,9.5960786088855
9,165,1.7707733751801393,2.1743870421778837
10,165,9.377727317673763,4.735391336650581
11,165,10.323261198110108,10.43802709866847
12,165,11.022661416593081,10.346633159440355
13,165,7.388594102071989,8.478346131282986
14,165,0.5009535072188646,12
15,165,11.794595711050482,11.384273392791103
16,165,0,7.638255026693015
17,165,0.6172656416961745,12
18,165,12,4.515500735834735
19,165,2.4675528477164086,0.7521811439909443
20,165,10.568630440765302,6.993486042611418
21,165,0.7902254246256228,6.467951969761539
22,165,10.061692235270742,7.389372327592307
23,165,0,4.986452305429334
24,165,5.3754631090235385,4.869071543728532
25,165,4.846198155059928,3.9290237904020313
26,165,6.579397350319865,12
27,165,5.259089366731904,9.33880147958785
28,165,10.205452566649925,2.676158234481345
29,165,8.176225970832506,5.6780503776942535
0,170,3.7255222963071395,0.7018848191704805
1,170,6.1510594643557255,4.388382690454282
2,170,5.529990378272355,5.146239935896618
3,170,1.493788406483618,12
4,170,8.932776350011347,11.383429733426386
5,170,10.446402981235227,8.117563912861728
6,170,9.62496463928337,12
7,170,6.86247569983465,5.639492641325298
8,170,9.197903673079303,9.597346926920919
9,170,1.7610427991690505,2.1464727801840513
10,170,9.379606017481697,4.734131748885487
11,170,10.402442214341551,10.414285041989741
12,170,11.023974111367538,10.44347524236584
13,170,7.337544723502674,8.443499006089386
14,170,0.46049258732912796,12
15,170,11.767963221585092,11.444864268139312
16,170,0,7.61106316578628
17,170,0.6259103179337923,12
18,170,12,4.3722315758364845
19,170,2.4909204467848878,0.6915008420994956
20,170,10.568029927741604,7.047055674031256
21,170,0.7936913492751312,6.457157362982109
22,170,10.057730435615149,7.44398772885128
23,170,0,5.031165898167865
24,170,5.456866237772566,4.89255979628598
25,170,4.862877711072789,3.9424163070627585
26,170,6.559876733884883,12
27,170,5.238379454158613,9.461722281134957
28,170,10.440428825653163,2.5937626320972127
29,170,8.130861786083786,5.502954436306571
0,175,3.6392291885288652,0.6227932453397647
1,175,6.34468269705272,4.365534707628137
2,175,5.526615916311872,5.1573166971403115
3,175,1.5222714586634731,12
4,175,9.026699812022759,11.487423311581171
5,175,10.460544976216603,8.217834751513827
6,175,9.624240263444106,11.99976579551746
7,175,6.852340898776054,5.775681295562286
8,175,9.206658568532552,9.598669422186902
9,175,1.7503806468316379,2.116732292552663
10,175,9.367765396726362,4.741886921591503
11,175,10.464315223436943,10.395539665332542
12,175,11.024507756807688,10.548522629933844
13,175,7.3026044760754685,8.419627899900348
14,175,0.4047731275328065,12
15,175,11.732801686694078,11.523478592808612
16,175,0,7.574620861734018
17,175,0.6336684495382958,12
18,175,12,4.207484591357063
19,175,2.5118745984333524,0.6349185943895781
20,175,10.567216651454457,7.10143206099264
21,175,0.7723880341001987,6.450593039857611
22,175,10.052724490064412,7.495193754480221
23,175,0,5.082865014334014
24,175,5.543844378790932,4.91777634208209
25,175,4.862765910438516,3.9423239287505525
26,175,6.54699796194453,12
27,175,5.217577644216783,9.569433172549184
28,175,10.657807540840853,2.5284891136988255
29,175,8.083527945297924,5.320685463450325
0,180,3.5423855157376085,0.5372754300497574
1,180,6.55281214762521,4.3356450509795925
2,180,5.519818703843078,5.1820496400726395
3,180,1.538143183631414,12
4,180,9.118882193136463,11.594576744366908
5,180,10.474624504094061,8.305227484159984
6,180,9.636278133007021,12
7,180,6.843007305817117,5.919289401196259
8,180,9.210369572595608,9.599342808993171
9,180,1.739303584443476,2.0870248940428726
10,180,9.343251244824499,4.758417634188106
11,180,10.54022194157046,10.372083489297419
12,180,11.023091822765618,10.670261198379334
13,180,7.268479068651573,8.396623705652214
14,180,0.356597786105297,12
15,180,11.691915138624006,11.616942816365572
16,180,0,7.541974185329506
17,180,0.6439814375640873,12
18,180,12,4.053914692259488
19,180,2.529177296973522,0.592481457123534
20,180,10.565821281152425,7.154008351364852
21,180,0.7526719169151485,6.444904382899612
22,180,10.046774403991616,7.553294902829283
23,180,0,5.1386929224338065
24,180,5.636733115778911,4.943686355173269
25,180,4.8582986531450825,3.938871377964775
26,180,6.533328262573615,12
27,180,5.199928692872608,9.66959241431108
28,180,10.867813363219847,2.4665201030127393
29,180,8.044232269494392,5.139810265264318
0,185,3.450155261090398,0.4554934322441817
1,185,6.764861613558534,4.3043184506419605
2,185,5.512980733516094,5.205640017061128
3,185,1.560272147525042,12
4,185,9.215171900524197,11.705832255121802
5,185,10.49257591296537,8.406142917818945
6,185,9.644628026049267,12
7,185,6.83491967519135,6.037170597945632
8,185,9.18964310119432,9.595331373029987
9,185,1.7293655335853453,2.0571108886172254
10,185,9.327089384445188,4.769511175705065
11,185,10.610027227146235,10.352525955217796
12,185,11.022181390962619,10.822018143380712
13,185,7.233579328331777,8.372462647487907
14,185,0.38027926133721723,12
15,185,11.65508992646999,11.700980421308165
16,185,0,7.5130158791140955
17,185,0.6589377698174549,12
18,185,12,3.9220525796296797
19,185,2.55543307886418,0.528236952864913
20,185,10.563514278908118,7.205729552286428
21,185,0.7220572530844704,6.435157871133629
22,185,10.041365176104462,7.600370929268576
23,185,0,5.1856568564340835
24,185,5.724411079101256,4.96651173149941
25,185,4.861106940447342,3.941005175728891
26,185,6.523780450002407,12
27,185,5.185952956204111,9.763604595948271
28,185,11.075194354499063,2.409303030877768
29,185,7.994413034799685,4.932230718786377
0,190,3.3488285166684055,0.3623168657251181
1,190,6.994132830282054,4.277850538199945
2,190,5.50209900938567,5.244476663865677
3,190,1.6007620346040585,12
4,190,9.31806187329324,11.818366820244314
5,190,10.514331270136893,8.51407011006747
6,190,9.654650324311097,12
7,190,6.828300024758262,6.142332311607625
8,190,9.177900872153545,9.592603498924195
9,190,1.717392703291694,2.0221747013277716
10,190,9.287568321455774,4.79558978722571
11,190,10.676509593332133,10.333682528044644
12,190,11.022684367604738,10.965539988219852
13,190,7.177019078462875,8.333832850444145
14,190,0.4005423515875356,12
15,190,11.617902486782492,11.790033399013735
16,190,0,7.48422956837731
17,190,0.6702972847725867,12
18,190,12,3.7927659343606916
19,190,2.576458518639351,0.480751949189709
20,190,10.56252043096655,7.229087447090652
21,190,0.6776365572236919,6.421721943273
22,190,10.036238288985906,7.639423936737861
23,190,0,5.232909357365158
24,190,5.809310253544836,4.98915341378936
25,190,4.8585496119835945,3.939101627081011
26,190,6.512164022849513,12
27,190,5.17278729402672,9.858676133926918
28,190,11.306493661567544,2.3476245951483232
29,190,7.9434104505339835,4.734102449708603
0,195,3.234415659384768,0.26012752889314583
1,195,7.23042991509338,4.256392746796233
2,195,5.4939514004642005,5.271221646149681
3,195,1.6546604852927849,12
4,195,9.411263663840753,11.925848880722908
5,195,10.53950566059002,8.638566098147134
6,195,9.649651195102319,11.998517623313614
7,195,6.822413229601216,6.254542623864125
8,195,9.150817208812164,9.585857738293528
9,195,1.703780219716412,1.9845586157746335
10,195,9.24384571094113,4.824232553937389
11,195,10.74100225781034,10.316706373380015
12,195,11.02644336355519,11.104287701330414
13,195,7.137358410220989,8.30634343678102
14,195,0.41837153611118694,12
15,195,11.590280664050258,11.860255274334085
16,195,0,7.449544677672526
17,195,0.6798868822077101,12
18,195,12,3.661117336995038
19,195,2.597064761323242,0.43278350179229186
20,195,10.561913997841586,7.2587934561885685
21,195,0.6380579885873873,6.408894822876007
22,195,10.031639525168153,7.675061842063621
23,195,0,5.2883874015381345
24,195,5.874130848933173,5.006543188815535
25,195,4.849372634406908,3.932749454224333
26,195,6.499783228498595,12
27,195,5.162800350567176,9.923644537921835
28,195,11.553018636251398,2.276304686446979
29,195,7.891166653547456,4.54846015941291
0,200,3.1204593052276155,0.16162512761114026
1,200,7.4621220154384424,4.23270902878595
2,200,5.477844490396875,5.320411117482108
3,200,1.7088635521467301,12
4,200,9.500290311873618,12
5,200,10.564111654869055,8.770267807153587
6,200,9.65120072560994,11.999010246642221
7,200,6.819793719299801,6.346376648638764
8,200,9.10690923121438,9.574963698460287
9,200,1.686815255333305,1.937934921965922
10,200,9.208406412454556,4.848618011847383
11,200,10.808950296621678,10.299255655171098
12,200,11.02789966598959,11.242658711157143
13,200,7.1129912696162725,8.288979395041807
14,200,0.43377564931063806,12
15,200,11.559545504540178,11.938234570840946
16,200,0,7.4091018215516105
17,200,0.6875925714416888,12
18,200,12,3.512539688230549
19,200,2.6209139576730003,0.38175403249839196
20,200,10.561230428612202,7.2966118453944375
21,200,0.603897370207809,6.39826766056276
22,200,10.027251557017216,7.721284223632206
23,200,0,5.33691763595688
24,200,5.918149101535748,5.019475195377917
25,200,4.842885576150098,3.9284159815436834
26,200,6.485663696283839,12
27,200,5.154624857637873,9.978287055653832
28,200,11.817147603141457,2.2036006833043773
29,200,7.847281945666594,4.40068666728722
0,205,3.020091934505201,0.07389138421810988
1,205,7.713391728105841,4.204046902643595
2,205,5.51172017903861,5.331228807145918
3,205,1.7541261527298764,12
4,205,9.584018129755272,12
5,205,10.593065302442838,8.916024116784628
6,205,9.664316598207128,12
7,205,6.818031568426882,6.453905952169689
8,205,9.064797272529317,9.564677331027506
9,205,1.6714124715037246,1.8973136644276791
10,205,9.159893122869907,4.881847067989372
11,205,10.899619141068076,10.27614049583483
12,205,11.02532153924016,11.376500750265333
13,205,7.083918112079975,8.267725702592099
14,205,0.4330221319345715,11.998027444646414
15,205,11.534491857624662,12
16,205,0,7.363908729582022
17,205,0.6941419777945609,12
18,205,12,3.3514665434497086
19,205,2.6506797796081916,0.31208239386185826
20,205,10.561322088259281,7.314569758419316
21,205,0.5842715558586256,6.391892666643025
22,205,10.01656104851134,7.801111617245782
23,205,0,5.380133240180867
24,205,5.970575460267119,5.035765920678458
25,205,4.815935410140346,3.9107084249806117
26,205,6.472308896064901,12
27,205,5.144446613688017,10.039847069662944
28,205,12,2.1308252088131145
29,205,7.799615824210541,4.252077240098293
0,210,2.9306697349001793,0
1,210,7.955791100590431,4.178568110957801
2,210,5.554308406394264,5.344909858944927
3,210,1.7893055611638533,12
4,210,9.66450562535542,12
5,210,10.627854659094634,9.075116103500013
6,210,9.708027861412036,12
7,210,6.818716795111632,6.56292806692783
8,210,9.038385436756874,9.559130133769637
9,210,1.6501862487170529,1.8437923215965355
10,210,9.131207821228273,4.902029937841079
11,210,11.00145104615848,10.251936847699149
12,210,11.025379071738746,11.506378551967979
13,210,7.067450142593302,8.255606736805142
14,210,0.43313854116640094,11.998345750764589
15,210,11.50121669405654,12
16,210,0,7.32116467458148
17,210,0.7017301105010477,12
18,210,12,3.188766276731289
19,210,2.6800940063296035,0.24298860838978337
20,210,10.590085320653284,7.314585537763932
21,210,0.5578363259724525,6.383909162867857
22,210,10.003948442557155,7.888747803595266
23,210,0,5.41584924319935
24,210,6.033495388356665,5.054932053676407
25,210,4.814713763242804,3.9098454098279083
26,210,6.459359931317943,12
27,210,5.13254555379139,10.113420055588648
28,210,12,2.0551007900544915
29,210,7.743871014054075,4.094453464028613
0,215,2.8180693322302908,0
1,215,8.228070846190437,4.155419327441099
2,215,5.613732576653639,5.3621179760044
3,215,1.823313452440183,12
4,215,9.758972702716369,12
5,215,10.664100199348294,9.234304261555298
6,215,9.754391970464072,12
7,215,6.817904712668006,6.681548604773246
8,215,9.037859851642557,9.559033153693013
9,215,1.6291224500860422,1.7907481141938457
10,215,9.147623322780374,4.925523822227653
11,215,11.099521145105223,10.229723571413304
12,215,11.027981663111674,11.607303637731423
13,215,7.044149097690214,8.238399964600976
14,215,0.43258116014054626,11.996930625613683
15,215,11.469100599382733,12
16,215,0,7.279342710780739
17,215,0.7083973750542694,12
18,215,12,3.012074755826972
19,215,2.7167691132548133,0.15566733997025067
20,215,10.621053894152313,7.315515488661027
21,215,0.505304320171466,6.368478742208123
22,215,9.993626727900033,7.973719773750118
23,215,0,5.458204053265541
24,215,6.099351644409766,5.075028436580497
25,215,4.8186339695777,3.9127478306832204
26,215,6.444667527745009,12
27,215,5.117783034099924,10.196464004201086
28,215,12,1.9746081361365753
29,215,7.687042476866301,3.9374511943525543
0,220,2.7021214393387574,0
1,220,8.501719435824173,4.1471332076425504
2,220,5.676207304486754,5.38005459868085
3,220,1.8569790010845453,12
4,220,9.849184131394592,12
5,220,10.697881036049491,9.403868284721637
6,220,9.800108771459035,12
7,220,6.693556463166914,6.678184508655052
8,220,9.03860992210375,9.559152789261688
9,220,1.6148074810034867,1.7517680906701858
10,220,9.164991257203164,4.949186149458036
11,220,11.211839379639528,10.206039308949162
12,220,11.028028683434785,11.713293446086816
13,220,6.998000155852092,8.204790918700104
14,220,0.43524534132031223,12
15,220,11.448723592982146,12
16,220,0,7.234652314173412
17,220,0.7159345380057385,12
18,220,12,2.83408838545318
19,220,2.7586790243143273,0.053271470210976085
20,220,10.656759519128224,7.31701410685701
21,220,0.49053821889379673,6.423426712439947
22,220,9.982391283843059,8.05022999139475
23,220,0,5.501479404587202
24,220,6.172132776066856,5.094730305153064
25,220,4.825688913984706,3.9177350772744357
26,220,6.430636712707154,12
27,220,5.105024295188483,10.265790880636244
28,220,12,1.8923170548362571
29,220,7.631707949070244,3.7867980438830173
0,225,2.5938416545936915,0
1,225,8.754358605716497,4.1391781959826
2,225,5.748376449111295,5.403719333678842
3,225,1.9097953781461712,12
4,225,9.908477466305458,12
5,225,10.73026897528383,9.56898984511561
6,225,9.860368681846222,12
7,225,6.579273415465489,6.674016494235263
8,225,9.03165553769271,9.558064419409124
9,225,1.5999124522989656,1.7111324870880313
10,225,9.186123969564267,4.978192350034518
11,225,11.19122504951862,10.115125505783688
12,225,11.026693783101436,11.817373821111492
13,225,6.956410766041303,8.174832443463869
14,225,0.4397133541380709,12
15,225,11.426364347965869,12
16,225,0,7.1939749644987145
17,225,0.7246520483048604,12
18,225,12,2.685641810805463
19,225,2.7960453938685363,0
20,225,10.711331283484615,7.31878176451256
21,225,0.47305177139660765,6.487583181472409
22,225,9.973426029604656,8.110611633136534
23,225,0,5.537214721170045
24,225,6.258261419067073,5.11789376168092
25,225,4.816069880118929,3.9109120113271234
26,225,6.4190047228005085,12
27,225,5.09170463973611,10.342638299132451
28,225,12,1.8111001802713445
29,225,7.576917786720202,3.639338816734833
0,230,2.5011219034087753,0
1,230,9.019233687716175,4.125617452295578
2,230,5.8162982220008335,5.426081280463696
3,230,1.9662624116822844,12
4,230,9.97579077071566,12
5,230,10.77153908005373,9.747335695048404
6,230,9.925969511836485,12
7,230,6.4779926197451205,6.671881452268383
8,230,9.04131545469898,9.559437284631313
9,230,1.5822892974151863,1.6625318875425976
10,230,9.206287076321924,5.006183626729097
11,230,11.17211232439183,10.031955682002444
12,230,11.024944583771381,11.919251069944359
13,230,6.892379102885246,8.12753112217179
14,230,0.442410575565331,12
15,230,11.408510556586863,12
16,230,0,7.143611172505683
17,230,0.7377122386809019,12
18,230,12,2.5395846343099016
19,230,2.835165502825149,0
20,230,10.77782748707874,7.321106222269048
21,230,0.45234672247267516,6.565891357050358
22,230,9.964719532297204,8.168370434237463
23,230,0,5.579971890739228
24,230,6.345142707547909,5.142283087271559
25,230,4.78924896376853,3.892219959133226
26,230,6.410118030689738,12
27,230,5.078348445752469,10.413788606445834
28,230,12,1.7319152606873784
29,230,7.517484434205549,3.4854543040530657
0,235,2.4148390923748426,0
1,235,9.284003127232664,4.116890021710478
2,235,5.902365057190496,5.454055012049763
3,235,2.051694153001913,12
4,235,10.036407082980782,12
5,235,10.820143487177146,9.95005372551794
6,235,9.984378982942365,12
7,235,6.380469233870945,6.669541650636622
8,235,9.059915355984675,9.562352982073442
9,235,1.5668110264576094,1.6210597092618217
10,235,9.22795571497774,5.035486789345411
11,235,11.157983820846875,9.970432984355682
12,235,10.916145768505958,11.919477306624646
13,235,6.8339629590930535,8.083908124730579
14,235,0.45297411391501663,12
15,235,11.383088930798392,12
16,235,0,7.080860517048149
17,235,0.753686698401578,12
18,235,12,2.3829679706570306
19,235,2.8725019278926998,0
20,235,10.864269612164811,7.323792732185166
21,235,0.44001977278810067,6.607921519659167
22,235,9.956038884353532,8.227541789250377
23,235,0,5.631509548876216
24,235,6.432327496871499,5.168485836694756
25,235,4.778636569757007,3.884579688039707
26,235,6.3987385229042815,12
27,235,5.065827648200544,10.48141066490387
28,235,12,1.659078721799935
29,235,7.449753101926704,3.3052312945417857
0,240,2.3289109912319708,0
1,240,9.547340589852267,4.106573830729163
2,240,5.978970989875474,5.481061951391469
3,240,2.1592142826400473,12
4,240,10.0980333998783,12
5,240,10.868453254230976,10.14906439459304
6,240,10.044227919737308,12
7,240,6.257519183079204,6.667101446289191
8,240,9.108252031726716,9.5691771142894
9,240,1.5545322682230247,1.5876597850221161
10,240,9.248573082632667,5.060637998703679
11,240,11.140337909602419,9.890018763551069
12,240,10.808488793286264,11.916745949358736
13,240,6.770324193432361,8.03717805020296
14,240,0.45397340511610895,12
15,240,11.358040679170527,12
16,240,0,7.022285431492799
17,240,0.7686455195519694,12
18,240,12,2.233806903885191
19,240,2.9118545762151165,0
20,240,10.937316305596418,7.32900783605439
21,240,0.4296571497328033,6.643824888190156
22,240,9.942681325547507,8.304288334510295
23,240,0,5.69035355714992
24,240,6.550561808464532,5.204702777540779
25,240,4.771752085115495,3.8795069607205153
26,240,6.382590304860583,12
27,240,5.0554126639653205,10.544555409400909
28,240,12,1.5788036549675766
29,240,7.3799878584021945,3.114918244874901
0,245,2.2358480951274107,0
1,245,9.807693310313018,4.105060341635224
2,245,6.046853300336753,5.505479900656954
3,245,2.2641495570512866,12
4,245,10.157163827786153,12
5,245,10.918707836384215,10.36018825135611
6,245,10.121234361139194,12
7,245,6.143246918577681,6.667726506261163
8,245,9.143475864130325,9.574266076476778
9,245,1.541853225258176,1.5549344216418988
10,245,9.253102611101314,5.066119838018093
11,245,11.122883785594052,9.806814566380543
12,245,10.714168702141237,11.914562764378818
13,245,6.699997037910254,7.988657435316598
14,245,0.4564925853508055,12
15,245,11.331798978043098,12
16,245,0,6.966999465925034
17,245,0.7863297108352418,12
18,245,12,2.109322816565352
19,245,2.9460080087544567,0
20,245,11.023237130817824,7.333426899165684
21,245,0.4141533051631145,6.6991878110411305
22,245,9.927213132982514,8.398432010002631
23,245,0,5.765238314730679
24,245,6.6532144723111575,5.234341544465825
25,245,4.783477783102614,3.8887989688487794
26,245,6.367368947101091,12
27,245,5.046978383291669,10.587536310358873
28,245,12,1.5059077646274273
29,245,7.315306610752368,2.929924412649628
0,250,2.1455066030493213,0
1,250,10.067726401539883,4.101409393097289
2,250,6.127799397951843,5.531455259414755
3,250,2.3714252751429554,12
4,250,10.220551693264454,12
5,250,10.967520141634745,10.553411263045092
6,250,10.195975612232498,12
7,250,6.034030775865251,6.668187783007558
8,250,9.196811479987854,9.582317407031157
9,250,1.5319019766890671,1.5298215502943375
10,250,9.25600324564826,5.069689090849539
11,250,11.108418305708616,9.735358429873255
12,250,10.617988830132258,11.913453052014221
13,250,6.620111304111394,7.932953186174163
14,250,0.4585104645017668,12
15,250,11.308662959822223,12
16,250,0,6.903465698690992
17,250,0.8087121949940576,12
18,250,12,1.9835519515218956
19,250,2.980896991898179,0
20,250,11.093427962352166,7.336658635005875
21,250,0.39843947175380223,6.766798138675101
22,250,9.910443484514115,8.500317547472095
23,250,0,5.848501296561692
24,250,6.75732387206171,5.265223550855979
25,250,4.819367803009938,3.9157758558789264
26,250,6.353223461147875,12
27,250,5.040655387169483,10.617548819413326
28,250,12,1.4294147847455163
29,250,7.250616459764043,2.7431493240525473
0,255,2.076393051085804,0
1,255,10.323751084083357,4.093773736790678
2,255,6.186850752325392,5.549446327843977
3,255,2.473336996112789,12
4,255,10.287495920089821,12
5,255,11.02065565925795,10.773892842491831
6,255,10.245625159430093,12
7,255,5.933503906649245,6.6682465082403315
8,255,9.267895531664355,9.59028665394156
9,255,1.5279095181343532,1.5196276014514276
10,255,9.239135279387218,5.048808765876976
11,255,11.09012199887351,9.640137591519732
12,255,10.51915535905628,11.91032361816743
13,255,6.545382205228451,7.88281780786428
14,255,0.46448626068631504,12
15,255,11.288444119436717,12
16,255,0,6.838377811437975
17,255,0.8335326455207015,12
18,255,12,1.8337955029734225
19,255,3.0178627273983003,0
20,255,11.165992915951321,7.340369614171178
21,255,0.3852734812268108,6.828257890411947
22,255,9.896362258590969,8.581073037131201
23,255,0,5.93357569619714
24,255,6.8611379005049935,5.29350118003433
25,255,4.83586507555472,3.9293411614951883
26,255,6.339952976271795,12
27,255,5.0337939624896935,10.650678224158286
28,255,12,1.3551974299428935
29,255,7.180805858567836,2.546794758628794
0,260,2.0235312158566074,0
1,260,10.560142976462107,4.086606406176321
2,260,6.235510447879111,5.5650872771120765
3,260,2.5727278278569377,12
4,260,10.36274149805426,12
5,260,11.07386060291967,10.999247689247357
6,260,10.292868002741956,12
7,260,5.839820188994891,6.666646416957307
8,260,9.35246174297266,9.597483821453126
9,260,1.5329674068986425,1.5330307844388842
10,260,9.223943173105386,5.030763878205434
11,260,11.071744903434718,9.549683379266988
12,260,10.433576404516414,11.907261799536633
13,260,6.487302723294498,7.843998898738069
14,260,0.47847005022794464,12
15,260,11.266603389658982,12
16,260,0,6.772692163903202
17,260,0.8546377958360483,12
18,260,12,1.8634501241839676
19,260,3.0632534335290638,0
20,260,11.250677971903613,7.345557650954083
21,260,0.369531733089739,6.889338813185101
22,260,9.880220355802372,8.655169525263428
23,260,0,6.0353142404923465
24,260,6.9590580661305745,5.321687300987258
25,260,4.8559291483984195,3.9461117318445447
26,260,6.326663865814533,12
27,260,5.029261233434394,10.669954270305535
28,260,12,1.2741579652551827
29,260,7.114479041185913,2.3619793866764796
0,265,1.9596745030143492,0
1,265,10.804944558736599,4.0787476660026565
2,265,6.26782804010034,5.573565366906191
3,265,2.65874110200246,12
4,265,10.45455796177204,12
5,265,11.119018360505576,11.219798353973722
6,265,10.355861606229501,12
7,265,5.729491126923998,6.667028480423251
8,265,9.429743918033251,9.606611850225333
9,265,1.5336344562529654,1.5347962182498618
10,265,9.207450203117851,5.011775527652555
11,265,11.055294373646046,9.474250604835245
12,265,10.35028888936883,11.905544564001948
13,265,6.429994307181331,7.8055753385396205
14,265,0.4916827946696186,12
15,265,11.258529132431883,12
16,265,0,6.711653274972014
17,265,0.870568404171685,12
18,265,12,1.8908689083748271
19,265,3.1143233529361867,0
20,265,11.330216541181859,7.349814799586681
21,265,0.3572326810107208,6.93935905232134
22,265,9.858804869558561,8.758359843827387
23,265,0,6.13147152637615
24,265,7.0622695652426675,5.3519684981240365
25,265,4.8867136704860545,3.9734075930927104
26,265,6.314864629816551,12
27,265,5.028295058727928,10.674054441729531
28,265,12,1.1876566430011035
29,265,7.046934828679186,2.182170182998341
0,270,1.897004446295074,0
1,270,11.057193965950498,4.069254519229029
2,270,6.270311320411121,5.574282879450293
3,270,2.736016472807964,12
4,270,10.5390102908902,12
5,270,11.161117993878253,11.430240448213436
6,270,10.42868809914465,12
7,270,5.621249439988778,6.667229668277687
8,270,9.518909491052904,9.617840376493858
9,270,1.5293861201524748,1.5229926304542696
10,270,9.189984926153139,4.990168846329183
11,270,11.034509671209342,9.376872684828621
12,270,10.283171944259708,11.9040442749702
13,270,6.374787507860431,7.769305845861333
14,270,0.5015127667775557,12
15,270,11.24347031029194,12
16,270,0,6.650238518118364
17,270,0.8917969871029405,12
18,270,12,1.9116404459683982
19,270,3.1600581057655335,0
20,270,11.406555676272324,7.3529586285951165
21,270,0.34271809698165384,6.998359783081821
22,270,9.837230316448133,8.86737511931083
23,270,0,6.222170945119096
24,270,7.15582410380951,5.38051798571394
25,270,4.904287856238773,3.988495422606193
26,270,6.304127033681565,12
27,270,5.0261972829768276,10.683556597473624
28,270,12,1.1015491670013227
29,270,6.982896358802213,2.0203098978922167
0,275,1.8480458600088159,0
1,275,11.311088242048708,4.06340510571525
2,275,6.271847588306866,5.5748063819580995
3,275,2.8110247012434115,12
4,275,10.632750646257733,12
5,275,11.205733750114012,11.654044840444254
6,275,10.507266826211819,12
7,275,5.508258303553774,6.667025739048136
8,275,9.600701956056339,9.62787966772903
9,275,1.5199319674623597,1.498905519341756
10,275,9.157122833942681,4.949626194332068
11,275,11.009445310396789,9.26615583024477
12,275,10.212528522971963,11.901822531833805
13,275,6.322827893582265,7.737851104211564
14,275,0.5133936272375316,12
15,275,11.228768206590969,12
16,275,0,6.606452805805575
17,275,0.9139947921994613,12
18,275,12,1.9337839457140567
19,275,3.2125805653075368,0
20,275,11.487814489240943,7.354109938860729
21,275,0.32374096963809335,7.065447116156514
22,275,9.814176114797895,8.977800177131867
23,275,0,6.309886322825779
24,275,7.271402498138257,5.412010839814644
25,275,4.912525329889937,3.9955676292731925
26,275,6.302395240625122,12
27,275,5.022555504573827,10.699723171547163
28,275,12,1.0180680798196822
29,275,6.923238485546112,1.8678252074489368
0,280,1.787277355838526,0
1,280,11.571025604695238,4.053064844622655
2,280,6.266134820422274,5.572837154698148
3,280,2.88922019867945,12
4,280,10.72260960584971,12
5,280,11.249609327578813,11.88559700855658
6,280,10.575088805493753,12
7,280,5.397781471453515,6.668411592516738
8,280,9.677194685077193,9.635229610475989
9,280,1.512426023774721,1.479010139039778
10,280,9.111717395317406,4.8958032486179945
11,280,10.986026016168948,9.16786419845132
12,280,10.130126703954831,11.898011254923574
13,280,6.262650213082083,7.69857809313373
14,280,0.5202521309316288,12
15,280,11.228076390956538,12
16,280,0,6.569651937969901
17,280,0.9333585344006927,12
18,280,12,1.9601292555903251
19,280,3.269079981414362,0
20,280,11.583121861077322,7.35735761250285
21,280,0.303275622160101,7.146840732492063
22,280,9.79548627457094,9.06268004612097
23,280,0,6.394769367672572
24,280,7.390522627124544,5.447748051524429
25,280,4.934162483637499,4.013321608240724
26,280,6.295844483181226,12
27,280,5.0213272525171355,10.705066208595703
28,280,12,0.9324252918176266
29,280,6.8741298425687125,1.7339476626388115
0,285,1.7467375629433635,0
1,285,11.82173573463929,4.036421905989158
2,285,6.258524270418508,5.5703105334878025
3,285,2.972189008835469,12
4,285,10.80416031357236,12
5,285,11.29599819959126,12
6,285,10.622158844737697,12
7,285,5.27580858482242,6.668599551852632
8,285,9.767483016853966,9.644313586988185
9,285,1.5086994489387087,1.4685538393830673
10,285,9.063988748636419,4.835441830836609
11,285,10.954306080300544,9.039975688510253
12,285,10.064215310019096,11.895462216821583
13,285,6.198925256225492,7.656070819234141
14,285,0.5276792645958276,12
15,285,11.233067124884542,11.98966397137331
16,285,0,6.524591827471595
17,285,0.9551247859363744,12
18,285,12,1.9879837248804533
19,285,3.3270652726609944,0
20,285,11.588316985241189,7.254978251350231
21,285,0.2855732673935008,7.217043868385372
22,285,9.775013228193783,9.152494892783329
23,285,0,6.477165290580144
24,285,7.500316605241743,5.483721178654115
25,285,4.9592335147266855,4.035106520951569
26,285,6.288068043228303,12
27,285,5.018528021733654,10.717501897474795
28,285,12,0.8499428759561827
29,285,6.82173988052306,1.5983109200869643
0,290,1.7026474667853608,0
1,290,12,4.024264254986441
2,290,6.239654447399869,5.563700959749362
3,290,3.0607686629052546,12
4,290,10.892643303607123,12
5,290,11.347524731767203,12
6,290,10.686460838063914,12
7,290,5.155964596811627,6.669761439496012
8,290,9.873212833159416,9.656270668055317
9,290,1.4989748468756736,1.4408822418372846
10,290,9.00614408418254,4.762982865769543
11,290,10.925659693697968,8.926594343408382
12,290,9.998217175844369,11.893681812731115
13,290,6.113711597818557,7.600310575239011
14,290,0.5382877061664754,12
15,290,11.24534987375444,11.964422728681374
16,290,0,6.474351952255176
17,290,0.9732000231342816,12
18,290,12,2.0136986677116613
19,290,3.391943027661176,0
20,290,11.595031846543765,7.151173897523177
21,290,0.26800398092202155,7.289775457511522
22,290,9.754693567743502,9.257786881674619
23,290,0,6.552208173656273
24,290,7.597138040936462,5.513507305996867
25,290,4.977941972607887,4.050972981771369
26,290,6.278922175888977,12
27,290,5.013729398442103,10.737388972103918
28,290,12,0.7672082888671936
29,290,6.776427310539718,1.4899433945793552
0,295,1.641061805625522,0
1,295,12,4.015546231576099
2,295,6.225029786616888,5.558211734210399
3,295,3.1611900100606656,12
4,295,10.96196913227782,12
5,295,11.409911552212272,12
6,295,10.73664000035275,12
7,295,5.025915214644318,6.6722824839151
8,295,9.978702454564377,9.668295515713547
9,295,1.48558969633722,1.4045386294910682
10,295,8.947037319788592,4.687927682550795
11,295,10.898073893203689,8.807327987500226
12,295,9.943366937338782,11.891711114137086
13,295,6.017417426631975,7.538529788089051
14,295,0.5477364467058574,12
15,295,11.265789111518707,11.92517641003721
16,295,0,6.422438359222277
17,295,0.9911993931247021,12
18,295,12,2.0391209937242887
19,295,3.4505080874621337,0
20,295,11.60102388546697,7.0488968413955515
21,295,0.2539364507128019,7.347952450980862
22,295,9.73366811286712,9.370055677660606
23,295,0,6.628464116256491
24,295,7.700890851544424,5.541794018776277
25,295,4.994274658507831,4.065610928554205
26,295,6.263998994760019,12
27,295,5.008774656262712,10.76019463900499
28,295,12,0.6869057012894633
29,295,6.717362744155301,1.355787399150827
