id,time,x,y
0,0,9.055084394686853,1.9847214541026394
1,0,11.046768065894016,6.94210740382596
2,0,11.032952596557298,12
3,0,5.019826834405632,0.005785597936425655
4,0,7.949900765945823,6.046953272267312
5,0,8.030981130319018,0
6,0,11.035571820672091,8.05878113283169
7,0,2.0156619453012663,11.073580599323726
8,0,6.949217345848617,7.963348436718383
9,0,11.98553873922959,10.934213350896124
10,0,2.9395559604551305,5.992350446913941
11,0,11.991472765158248,2.044040979906597
12,0,11.99369674831104,10.940101965155812
13,0,1.98641426846829,1.0128732636003785
14,0,1.99287383404087,11.92083397861399
15,0,3.9335225109014997,3.9791107063217246
16,0,8.948388786763834,1.0507465765809594
17,0,1.028675168958445,10.955718666354574
18,0,3.96760087417424,12
19,0,9.045170644097437,0.9793565586522901
20,0,1.9516197578844385,10.03619603734113
21,0,0.009028553323856452,0.051617359308249726
22,0,7.952067846024026,6.9742946431619925
23,0,4.0548923700935156,9.02976626494477
24,0,6.966757897278035,4.9859149288224085
25,0,9.053409157551917,12
26,0,3.015391230400869,11.966522098926799
27,0,3.031634521781008,0
28,0,3.994926357061715,11.954806017443047
29,0,9.984544775108189,0.03170250804462318
0,5,9.107061365691813,1.9704111351121898
1,5,11.074001036057929,6.906736109611505
2,5,11.073647234572801,12
3,5,5.012871678952806,0.003709257080643211
4,5,7.895595752085428,6.099466939696393
5,5,8.063752892276764,0
6,5,11.085140420984876,8.137130481077333
7,5,2.034518535740832,11.169235857553737
8,5,6.893600450172232,7.9211177343058905
9,5,11.975492872688706,10.877508219804783
10,5,2.8625129553748687,5.982744716922095
11,5,11.9828114201905,2.0875064409177977
12,5,11.987975027406124,10.884767672939574
13,5,1.977800858469155,1.0212584592492773
14,5,1.9841494037628358,11.835631420108689
15,5,3.8720419084720565,3.957933530350044
16,5,8.89055612243493,1.1057767029989496
17,5,1.0565835834838517,10.912271262730233
18,5,3.9368817203687696,12
19,5,9.09331309738033,0.9573025676275603
20,5,1.884949323297725,10.084987840502071
21,5,0.019453846809282208,0.11154070389158102
22,5,7.906103928754983,6.949651495111376
23,5,4.102881891463012,9.055630669666368
24,5,6.937288017594903,4.972453878412049
25,5,9.112496771803718,12
26,5,3.01802770600234,11.96128774757317
27,5,3.070694512495085,0
28,5,3.9889318199277417,11.909303633917487
29,5,9.959819315390254,0.08171231563149303
0,10,9.14976889541231,1.9597240139250527
1,10,11.11237965641314,6.8541679523988055
2,10,11.112456530985263,12
3,10,5.013523653222144,0.003900617373084971
4,10,7.841045709870829,6.152406795910697
5,10,8.102579738727288,0
6,10,11.135834603836951,8.220128516507907
7,10,2.0532665198073285,11.26420289179715
8,10,6.857345421170804,7.894004211209468
9,10,11.967707471158793,10.830200534037047
10,10,2.802741575373303,5.975936093406885
11,10,11.97504283536446,2.1244928938112313
12,10,11.979643491859079,10.806346204663924
13,10,1.9558267923648667,1.0420988773075501
14,10,1.9765262109152433,11.751056884898304
15,10,3.8044944072001114,3.9330541477146115
16,10,8.826712629752953,1.168583475518989
17,10,1.0833440433514938,10.872117711549166
18,10,3.9222707657811604,12
19,10,9.152038797190217,0.9268567283608841
20,10,1.8175296268339105,10.136295920037059
21,10,0.026415736260743488,0.1487486568964858
22,10,7.8671392347544185,6.9289454554003935
23,10,4.144637777129357,9.077176276242879
24,10,6.904196059985727,4.957365750983535
25,10,9.150475242776603,12
26,10,3.01932092572604,11.958797663133648
27,10,3.1170215570662894,0
28,10,3.938143670858863,11.91675023424292
29,10,9.933680815991568,0.13305290649057216
0,15,9.197679892042721,1.9487083964870098
1,15,11.13892186750454,6.8174611202659925
2,15,11.147167502484736,12
3,15,5.023112411683033,0.00633890606453868
4,15,7.779934950643027,6.208876724041291
5,15,8.13708800755826,0
6,15,11.184457630014284,8.300651024766703
7,15,2.0734601660747387,11.380314965195085
8,15,6.826274485715123,7.871350359218154
9,15,11.960478703126391,10.780067978434047
10,15,2.7359408654275934,5.967305412419776
11,15,11.96972918551196,2.154495210405261
12,15,11.97135729734502,10.72955320674098
13,15,1.9258181318914194,1.0699878523530906
14,15,1.966198103970811,11.638449093161432
15,15,3.825400467682356,3.8735464726925812
16,15,8.768216754551913,1.2283729837378798
17,15,1.106962389730888,10.835221418450255
18,15,3.905416760125913,12
19,15,9.207571120114872,0.8991871235011404
20,15,1.758045511895117,10.180085291946382
21,15,0.031110673394617587,0.17244140229657573
22,15,7.806737744343397,6.895805414254114
23,15,4.1726766474126755,9.091276371191856
24,15,6.8777779749645225,4.944951575082383
25,15,9.191311526502377,12
26,15,3.017052053912015,11.963186855030274
27,15,3.1533712116357315,0
28,15,3.897021006592652,11.922824744539446
29,15,9.911658116509539,0.17469244416223842
0,20,9.22439508013021,1.9431069415136908
1,20,11.158897615198352,6.790198110976745
2,20,11.18677555739252,12
3,20,5.020519380329793,0.00568354748586164
4,20,7.729292924958992,6.257984397670644
5,20,8.192386233683738,0
6,20,11.239163935556785,8.395955406873783
7,20,2.0933975752334826,11.507714734805276
8,20,6.7907929188415705,7.844793197665377
9,20,11.955028289166496,10.735637997311052
10,20,2.681518116146052,5.960675917459144
11,20,11.967499647177524,2.1680711111996107
12,20,11.963686511876174,10.646599942574579
13,20,1.890717131038233,1.1020255388865188
14,20,1.95597716819781,11.530747708502965
15,20,3.8414916859650527,3.826825477031012
16,20,8.69707079174813,1.2983091284209933
17,20,1.1373659024762948,10.783934169795875
18,20,3.8890722012385592,12
19,20,9.268683112860414,0.8679737717290186
20,20,1.7128506300973894,10.121031644790131
21,20,0.042672517931730505,0.23064701789079572
22,20,7.737994373473809,6.855645630228408
23,20,4.209650707576701,9.1097933689983
24,20,6.828253248401335,4.921511156151539
25,20,9.236806868285363,12
26,20,3.017519393190409,11.962283838772146
27,20,3.18259384071735,0
28,20,3.849950125572333,11.930404916628774
29,20,9.888604197615008,0.21822924147898173
0,25,9.227083226437575,1.9562437451666934
1,25,11.17013973448012,6.774481956538028
2,25,11.222953346037826,12
3,25,5.024125966486965,0.006559073077213981
4,25,7.666855582329861,6.315154365889446
5,25,8.25477819354204,0
6,25,11.289392462660928,8.485689568897438
7,25,2.10959094986167,11.639621431481169
8,25,6.728272736587134,7.800355110814393
9,25,11.949950878186893,10.687511848150695
10,25,2.6303987157688136,5.952078064403121
11,25,11.964220234599681,2.1893494864770373
12,25,11.954812110901864,10.554140667790499
13,25,1.8665779555660111,1.123985979205879
14,25,1.9457282240794123,11.43052381842307
15,25,3.857963078975703,3.7791169452775355
16,25,8.617619793146405,1.3779525213098551
17,25,1.1623473207030162,10.739489614878707
18,25,3.873930115345585,12
19,25,9.315539003945892,0.8444701555538354
20,25,1.66621073870824,10.059325477609312
21,25,0.05164436572006504,0.2739315912724967
22,25,7.667107155951846,6.815585535285699
23,25,4.2582367446918745,9.13375577233109
24,25,6.774964195501114,4.896192805561612
25,25,9.292420382420104,12
26,25,3.0277283624339653,11.941629729885213
27,25,3.219812037092847,0
28,25,3.7977025561375743,11.939533391406131
29,25,9.85361305197538,0.2802630948752584
0,30,9.232359372092008,1.9824087084484752
1,30,11.18990826992805,6.746214657110701
2,30,11.258568856435065,12
3,30,5.048191959495774,0.013126586636269779
4,30,7.60406690678976,6.372816231419831
5,30,8.309089071232577,0
6,30,11.335207981969873,8.57146658437135
7,30,2.1270895410471984,11.7834402080517
8,30,6.674094311074151,7.763631028127722
9,30,11.945223709017458,10.644374226565647
10,30,2.5807061722334623,5.943367706701035
11,30,11.963821329953205,2.1920459955402696
12,30,11.947811288402276,10.461422891101556
13,30,1.8460812352827005,1.1427825060997951
14,30,1.9387891235242098,11.334545884049716
15,30,3.8689249672888057,3.749166091834572
16,30,8.539619662965876,1.449843865722407
17,30,1.17946388976622,10.710117265626414
18,30,3.8731622781304953,12
19,30,9.370295922368637,0.8171874580499879
20,30,1.6290908260365158,10.013243199853521
21,30,0.059467944794723414,0.313380283198176
22,30,7.603582146926128,6.779462056513923
23,30,4.302903883231718,9.155650432401295
24,30,6.728052669770289,4.874163676813024
25,30,9.26670054476454,12
26,30,3.0317098899823587,11.933551204768511
27,30,3.2606778695308587,0
28,30,3.737550015584418,11.950798864959975
29,30,9.834539178782116,0.31327128575617347
0,35,9.241484834859284,2.02513109544707
1,35,11.209764679799628,6.71923807992885
2,35,11.295918675534956,12
3,35,5.044263641584183,0.012114271319381838
4,35,7.535134845207214,6.435613661178113
5,35,8.371535722827565,0
6,35,11.38321097241475,8.657465270380653
7,35,2.1421556361564984,11.914169586341856
8,35,6.636572941132137,7.7381556647070875
9,35,11.94212053092945,10.615948282331527
10,35,2.529053949725306,5.934164984328762
11,35,11.962821715937528,2.198057868299134
12,35,11.940533999681584,10.367753009913887
13,35,1.8219648669251605,1.164272314401162
14,35,1.9318473607269595,11.247424566882934
15,35,3.8865107086740025,3.7015499975938257
16,35,8.46841953926734,1.514175276419191
17,35,1.2052100114676727,10.669132088208121
18,35,3.8797842399708244,11.991566755972649
19,35,9.403864828440982,0.8820404726905158
20,35,1.577046868600142,9.950410549645811
21,35,0.06694924632049216,0.3560747835242312
22,35,7.532745773340339,6.735939387100145
23,35,4.356573369888732,9.183019923089391
24,35,6.659189997374234,4.843455055121357
25,35,9.241154381836171,12
26,35,3.0271639994156367,11.942634352802273
27,35,3.290695518073956,0
28,35,3.6689379421620503,11.96280258237196
29,35,9.810853915061486,0.35650776129391626
0,40,9.251393203427716,2.072309817539077
1,40,11.223483129704771,6.700877944545516
2,40,11.334162728033743,12
3,40,5.045771898762754,0.012530911474622526
4,40,7.461457900582121,6.506536757975503
5,40,8.433359458540727,0
6,40,11.442867434223743,8.758019123490131
7,40,2.1557683028053294,12
8,40,6.604603163971706,7.71575024028396
9,40,11.938665654535864,10.586782440941962
10,40,2.477532537122077,5.923319232887942
11,40,11.962506758107953,2.199687692238552
12,40,11.933816100826755,10.278954130846417
13,40,1.79745287169569,1.186101987369752
14,40,1.9241421157497829,11.129803864302405
15,40,3.8976391377494717,3.6735443732416293
16,40,8.386963192159936,1.584170530963018
17,40,1.2467931933064333,10.604485622256437
18,40,3.8881792707258764,11.980350250644646
19,40,9.432265648664435,0.9371754477478341
20,40,1.5223062076913791,9.88391179354686
21,40,0.07164024279107892,0.3841781054952188
22,40,7.462852025599583,6.696915718052928
23,40,4.409030964338858,9.209039165190593
24,40,6.582364731785527,4.807993504182693
25,40,9.22186812395627,12
26,40,3.0175042304565265,11.962128484828003
27,40,3.3248564478665457,0
28,40,3.595077896720713,11.975168885442878
29,40,9.782941500108446,0.4088838369489297
0,45,9.259501896250832,2.108139272776102
1,45,11.239563683141931,6.679900315504968
2,45,11.371356191311513,12
3,45,5.045475844611937,0.012443903671245815
4,45,7.380678782598556,6.586982752586474
5,45,8.481888543379739,0
6,45,11.504758116600458,8.856161206272901
7,45,2.169233076555263,12
8,45,6.57025915534057,7.690902851397848
9,45,11.933624752156058,10.548753114139357
10,45,2.431531927557271,5.913983427032077
11,45,11.959808922675228,2.2159149463506234
12,45,11.928927687935948,10.194866543588871
13,45,1.77240487499936,1.2077470894621334
14,45,1.9139147399630603,11.002789004042507
15,45,3.9085832876279243,3.647285346975305
16,45,8.324169587936161,1.6383484402434652
17,45,1.3014083921115978,10.515309766246661
18,45,3.8973856199735466,11.967666419477904
19,45,9.470497983302815,1.0122607422190324
20,45,1.455175220349634,9.805560402772116
21,45,0.08056473078989876,0.4427053570073027
22,45,7.397969152100509,6.6605822869611
23,45,4.458264744446969,9.232853608251292
24,45,6.516885872139875,4.777979470115892
25,45,9.197613605191197,12
26,45,3.0125559087607803,11.97267787456571
27,45,3.365664029149,0
28,45,3.499345955642989,11.992643484184082
29,45,9.747564994464163,0.4763736219457851
0,50,9.265879542763074,2.1414453380217826
1,50,11.225839371817004,6.669530813997467
2,50,11.415088460208482,12
3,50,5.028676192143725,0.007407753897765451
4,50,7.302842821194308,6.66214593709222
5,50,8.510316271110334,0
6,50,11.56229624787777,8.944900411192954
7,50,2.1776308233090824,12
8,50,6.541773594125118,7.672134639269119
9,50,11.926933254937957,10.501662761873499
10,50,2.3779310736837647,5.902314700837473
11,50,11.953090828292206,2.2519341996532867
12,50,11.926660426637888,10.101352989924663
13,50,1.7456867379293517,1.2322485005570143
14,50,1.9017263357991532,10.86613077873433
15,50,3.9218765543751686,3.6137787572276054
16,50,8.255936750244498,1.6964379881483345
17,50,1.3584250804925189,10.422837658807802
18,50,3.896132021001248,11.969453833114853
19,50,9.50497904537372,1.0824195320177419
20,50,1.3805374177145073,9.71837375771669
21,50,0.09128596397138616,0.5146433922498252
22,50,7.319422460020281,6.6134190928383365
23,50,4.509222100960225,9.255546714405364
24,50,6.4518546099758,4.74581694584959
25,50,9.17336269290827,12
26,50,3.019454546501378,11.957446118162574
27,50,3.4015661021264214,0
28,50,3.4243988545465536,12
29,50,9.71380547600205,0.5397284294758042
0,55,9.272787454127968,2.1742357304513042
1,55,11.21674620081966,6.662457306848896
2,55,11.464253546145178,12
3,55,5.018798529086353,0.004502767943810533
4,55,7.210290588296691,6.751171127726481
5,55,8.537609538342933,0
6,55,11.621761991006567,9.037170747531533
7,55,2.189286602820352,12
8,55,6.522152206420418,7.659362040619859
9,55,11.920035933268519,10.462679750238916
10,55,2.345076356246859,5.89485204281914
11,55,11.945533356547426,2.29347834623933
12,55,11.918989824739672,9.970986404178756
13,55,1.716857517273146,1.2600412540657022
14,55,1.8924394953175196,10.741557108713518
15,55,3.931689773366519,3.5878275785588993
16,55,8.185635384254589,1.756378906940349
17,55,1.4092797747713401,10.335240356656556
18,55,3.905093196780047,11.956276051741554
19,55,9.53653762966925,1.14474183326342
20,55,1.3121478639504085,9.636952789153959
21,55,0.10071359650062439,0.5838420333913281
22,55,7.262803599620781,6.581006961103043
23,55,4.565154449508164,9.281359323734938
24,55,6.38330128257137,4.711849261488857
25,55,9.144374685353387,12
26,55,3.024431374142854,11.946935641844556
27,55,3.4256469939075087,0
28,55,3.3366968567128774,12
29,55,9.676668354104907,0.6134285508708752
0,60,9.275448352874863,2.184326814139619
1,60,11.211620595319411,6.658592308070414
2,60,11.501376268314516,12
3,60,5.015740486116592,0.003561530556774048
4,60,7.129270246025403,6.8322474452416175
5,60,8.564401883770843,0.024771134005489477
6,60,11.681576878176621,9.123469510429155
7,60,2.2040903455701097,12
8,60,6.495477465606702,7.643319221493017
9,60,11.913793334569482,10.424838166698168
10,60,2.3106051839934207,5.887655339057729
11,60,11.937640273734445,2.331228685952091
12,60,11.912440952717414,9.842576161867317
13,60,1.684364795341839,1.2921073429025187
14,60,1.8841840950640967,10.630554198870884
15,60,3.9410517010299477,3.560136368018562
16,60,8.145971542323979,1.788427724027776
17,60,1.4513462664526806,10.266657666321036
18,60,3.9267719396493908,11.924687964825647
19,60,9.560554885133959,1.1918927587598387
20,60,1.249096830529354,9.56370083398004
21,60,0.11022811684395153,0.6535713970013358
22,60,7.199794452372234,6.546551959933868
23,60,4.61681825744097,9.304585977891827
24,60,6.315014876750362,4.677744050879052
25,60,9.117281651745788,12
26,60,3.0101965384829543,11.975712487509126
27,60,3.4524965115587003,0
28,60,3.2412001781243025,12
29,60,9.645164510472647,0.6754855453391857
0,65,9.273483613575733,2.1760993935928084
1,65,11.194274533003702,6.646319185227854
2,65,11.520870353716662,12
3,65,4.9991674070271594,0
4,65,7.051939317167836,6.9080614907714235
5,65,8.602857863903605,0.06263700804553915
6,65,11.750320046897881,9.224296547376161
7,65,2.2175152750784077,12
8,65,6.467161343654818,7.6256057348125115
9,65,11.907365805793628,10.388369816393467
10,65,2.297383555276437,5.885136208431658
11,65,11.92677001956408,2.378569008764058
12,65,11.911911730418206,9.730977074443082
13,65,1.6586969940640302,1.317544602519107
14,65,1.875096859564156,10.509688649954809
15,65,3.948528432885157,3.5390097777472582
16,65,8.095612430082438,1.8310119807179301
17,65,1.50509687705641,10.17230642790282
18,65,3.963266532592962,11.871743795855833
19,65,9.595830177920474,1.264601739694038
20,65,1.1860249165987438,9.48832015347058
21,65,0.11803660187976979,0.7123415728697752
22,65,7.120639299139154,6.505093321000586
23,65,4.65439885930778,9.322645409479305
24,65,6.244377408217049,4.644636101937835
25,65,9.093099573430576,12
26,65,2.9856212004212606,12
27,65,3.4846542594005463,0
28,65,3.1523588022115234,12
29,65,9.614998368380501,0.7326182134846826
0,70,9.266669158208165,2.1481323298783637
1,70,11.200404154185136,6.650553345878014
2,70,11.525919569836109,12
3,70,4.97574848696749,0
4,70,6.971093200515557,6.990029947278103
5,70,8.638902548026694,0.09864459302605791
6,70,11.836161425264901,9.355712180689869
7,70,2.234931494902789,12
8,70,6.459598512526513,7.6380274720306565
9,70,11.903300882303176,10.36019570053473
10,70,2.289627337449156,5.883871259826585
11,70,11.914394343117765,2.4333451505847283
12,70,11.910722637119456,9.624059908956113
13,70,1.6315401303895631,1.3433592592097414
14,70,1.8627652022360752,10.387485852913496
15,70,3.95695166581726,3.514423508733528
16,70,8.028141369621812,1.8861352749286238
17,70,1.5650311156982013,10.067898939274123
18,70,3.9934954842985535,11.827149815045845
19,70,9.637397358660131,1.3549687187401414
20,70,1.126557982901852,9.419289933218773
21,70,0.12462449720760263,0.7633130834412075
22,70,7.046931694137291,6.465315551966041
23,70,4.683939488406045,9.337176636120844
24,70,6.187431936846682,4.617464451835467
25,70,9.067394939562881,12
26,70,2.9502462358167305,12
27,70,3.5014137349491232,0
28,70,3.0744096059175727,12
29,70,9.585668309795428,0.7885580034452708
0,75,9.266458784478457,2.147315447546603
1,75,11.207186574592809,6.655076000887027
2,75,11.53045407676704,12
3,75,4.9576269767553205,0
4,75,6.882493385399313,7.080011039228668
5,75,8.66107642461444,0.12065297669387134
6,75,11.923608922804705,9.487975480090714
7,75,2.2540139335174056,12
8,75,6.448806720510111,7.656364164835997
9,75,11.902182673190515,10.350561100602006
10,75,2.281707470156027,5.882739047849207
11,75,11.902088372803327,2.493447146160124
12,75,11.907910206147642,9.50469621546206
13,75,1.600580700027511,1.3733312231379537
14,75,1.8513904084425998,10.265536040018896
15,75,3.970437627476756,3.4788101117203527
16,75,7.972239088979145,1.930078186099476
17,75,1.6237122776240043,9.965058907715951
18,75,4.018817499153601,11.788958085230526
19,75,9.657245038887227,1.399974967989107
20,75,1.0607312268491154,9.339199381117727
21,75,0.12974135497548764,0.8080921371062018
22,75,6.996880204842172,6.438658110362395
23,75,4.69791465747539,9.343897963373147
24,75,6.1104793330288985,4.581038273342106
25,75,9.04740118074999,12
26,75,2.9183312559989005,12
27,75,3.5325508033262105,0
28,75,2.9807281728704247,12
29,75,9.558499407290533,0.8396211468077796
0,80,9.265054098442866,2.1415387368874477
1,80,11.21319524078337,6.659090819727225
2,80,11.526216131364931,11.995130449312935
3,80,4.938064119458517,0
4,80,6.791443258831315,7.170753733297761
5,80,8.62346337785354,0.15649577351982524
6,80,12,9.620321074074333
7,80,2.2716370849410077,12
8,80,6.448712524577593,7.656527180600298
9,80,11.902812574169303,10.35609338973567
10,80,2.278568357295976,5.882237564936726
11,80,11.884908009642215,2.574362892638053
12,80,11.90445333340743,9.353396707351882
13,80,1.5669020776101739,1.4064325719725979
14,80,1.8438536868264452,10.151930761282726
15,80,3.977706937266413,3.460544278102937
16,80,7.906653068477278,1.9818308468233456
17,80,1.6723955858046065,9.8800465687964
18,80,4.050900105194874,11.74018462670174
19,80,9.684700833644802,1.457339227721006
20,80,1.01171834886871,9.280175320435129
21,80,0.1365158921678734,0.8540894951426146
22,80,6.938510409276986,6.408348966951721
23,80,4.719863088451585,9.35483939237945
24,80,6.02290063905101,4.535072492707025
25,80,9.032448197239525,12
26,80,2.8813227864029805,12
27,80,3.550558327264325,0
28,80,2.9036900979589535,12
29,80,9.53294049131817,0.8874319389590833
0,85,9.260915869508626,2.124865846688469
1,85,11.203407216584633,6.6731359681643445
2,85,11.528286551124305,11.99747878387774
3,85,4.909121607048256,0
4,85,6.700763957200434,7.262085029218754
5,85,8.604633421790108,0.17404086454458984
6,85,12,9.770042372247918
7,85,2.376501849840702,11.983148463814002
8,85,6.447005663312753,7.6597396644384705
9,85,11.906859281654219,10.355667825091993
10,85,2.290000802280562,5.883723533902066
11,85,11.868441652886958,2.6510350318147755
12,85,11.901351215488503,9.211495977893101
13,85,1.5269478509801897,1.4469754128261507
14,85,1.8384376060341356,10.041260962411599
15,85,3.9859748730733364,3.4403767504618163
16,85,7.82866287417265,2.044290861359025
17,85,1.7250507611271488,9.781218525144697
18,85,4.093422709482845,11.68015881315668
19,85,9.709228429927723,1.5098196427917079
20,85,0.9710246904537684,9.232296539761016
21,85,0.13875818698320058,0.8707803844844579
22,85,6.893008616371036,6.386059810914826
23,85,4.750489143743251,9.37059756005789
24,85,5.92811496619097,4.48474886074776
25,85,9.021522036509072,12
26,85,2.8500080058017976,12
27,85,3.5870460777316464,0
28,85,2.832896128247261,12
29,85,9.50357308255541,0.9410959732707591
0,90,9.257899622512682,2.1118294142034317
1,90,11.188083807361261,6.662611963780723
2,90,11.53387540941163,12
3,90,4.871560608092563,0
4,90,6.612665713152078,7.35719611347697
5,90,8.58921979415605,0.1884638020330032
6,90,12,9.900234290040402
7,90,2.4874927942983556,11.966604208943908
8,90,6.444390557817978,7.664531486018896
9,90,11.903290520081866,10.35601438580858
10,90,2.310135848210547,5.886433916152534
11,90,11.85145009844698,2.7249758147960144
12,90,11.90147668838095,9.058934259627298
13,90,1.5044794401695734,1.4696337778916297
14,90,1.8304142028215171,9.900382131479658
15,90,3.9949214047228376,3.418456191437157
16,90,7.7475373277617114,2.108092914260996
17,90,1.777422829866276,9.687878514138164
18,90,4.139438215211973,11.61708829301848
19,90,9.734082102747887,1.562495811850535
20,90,0.9303133186471721,9.18322317550233
21,90,0.14246437675540521,0.893545833106259
22,90,6.8555715574925955,6.368921655385735
23,90,4.789858917196531,9.391372734179386
24,90,5.8313416289051885,4.43251439439338
25,90,9.009407904742094,12
26,90,2.8241272977010863,12
27,90,3.6271918148229236,0
28,90,2.7238396649761136,12
29,90,9.460278112213825,1.0199168632543227
0,95,9.256585168565387,2.1059266171574413
1,95,11.160950703951269,6.642593830361885
2,95,11.552161772913367,12
3,95,4.830524594290951,0
4,95,6.504703184184748,7.477971695001042
5,95,8.571744398239325,0.2057735138416115
6,95,12,10.029416440476963
7,95,2.5760576222641283,11.954412850173295
8,95,6.440750325761642,7.671290519042198
9,95,11.89523890624404,10.356866942118266
10,95,2.3309499288966067,5.889146243372883
11,95,11.830656783923342,2.805571489425293
12,95,11.902818821795886,8.896634897146908
13,95,1.4721259727167826,1.5021676361845968
14,95,1.8172465159120255,9.746042382612957
15,95,3.9941748546932168,3.4201665836447757
16,95,7.6671820005349165,2.1716241421943088
17,95,1.8326262420927895,9.589580861785446
18,95,4.189292846073792,11.541042128111592
19,95,9.767053951573638,1.6286525639964085
20,95,0.8923319941716757,9.140062861813794
21,95,0.14543760277873657,0.9124252688175575
22,95,6.801937775064362,6.343476960109322
23,95,4.824033946818199,9.408189341746015
24,95,5.755919935055527,4.396521844949693
25,95,9.000112381529593,12
26,95,2.8006880002505756,12
27,95,3.6568009168029585,0
28,95,2.634034776930324,12
29,95,9.53565265922096,1.065653449171496
0,100,9.257895509323463,2.111755230848268
1,100,11.130260064580703,6.619855437446599
2,100,11.567232395582085,12
3,100,4.789742850121177,0
4,100,6.409862045956548,7.586038973397324
5,100,8.544753276347723,0.23242234710050524
6,100,12,10.166947439540158
7,100,2.6703347685997123,11.941332813649082
8,100,6.439841286546186,7.672849899694285
9,100,11.884139472037907,10.358147173406833
10,100,2.33256357341629,5.889347712816075
11,100,11.812930797712319,2.8752011225165877
12,100,11.903377037958256,8.732879311945394
13,100,1.4355021334107874,1.5385244296968306
14,100,1.8070231362491864,9.612202228185742
15,100,3.9912954974775467,3.4268161812940017
16,100,7.561455788653887,2.2533344052324025
17,100,1.889024482886486,9.48977014673874
18,100,4.244259611598319,11.45119023879612
19,100,9.810766602797766,1.7175537346652188
20,100,0.8657565094232896,9.110447838057564
21,100,0.1477094746524655,0.9290251964659931
22,100,6.758803773661451,6.320673526319648
23,100,4.862334384413358,9.42747268212222
24,100,5.688527657522222,4.364959435398608
25,100,8.995798503430581,12
26,100,2.7770812215978906,12
27,100,3.675791829221718,0
28,100,2.5391581042453257,12
29,100,9.593170105792595,1.0990389811437704
0,105,9.259927629359211,2.121989198747551
1,105,11.105287673852056,6.601764947987225
2,105,11.588932022674332,12
3,105,4.7386556940853914,0
4,105,6.296351729624891,7.715593514906948
5,105,8.51997068224249,0.25703579888770545
6,105,12,10.31676296135691
7,105,2.74223733049168,11.932524200283261
8,105,6.425346728938289,7.698222562598648
9,105,11.869938397580395,10.35994303060412
10,105,2.323662149735942,5.888146944382969
11,105,11.793262217136602,2.957037198771892
12,105,11.906388484150375,8.558396431686356
13,105,1.3807363285105767,1.592782875376056
14,105,1.7959970414862556,9.480782269235567
15,105,3.9822252891498984,3.4470618007768157
16,105,7.470698036426907,2.3265399802532114
17,105,1.9504123165418175,9.38680939212185
18,105,4.289920777504225,11.37727661527406
19,105,9.849076848450819,1.7981735749371348
20,105,0.8504029910203763,9.0934140486798
21,105,0.1521541507620317,0.9561696261547333
22,105,6.707994521770049,6.2938079653453
23,105,4.879784708014562,9.436224052910921
24,105,5.613773743087782,4.328548905535861
25,105,8.987000902409498,12
26,105,2.750977905730921,12
27,105,3.683536685819338,0
28,105,2.4418321166885892,12
29,105,9.663316765957326,1.1415103395058819
0,110,9.262500550618071,2.132615054422623
1,110,11.061724422315926,6.572147153818545
2,110,11.620771654429623,12
3,110,4.697789970566493,0
4,110,6.185153812542434,7.84486936148353
5,110,8.49394858438227,0.2826999792953849
6,110,12,10.459927553534406
7,110,2.8084298788255553,11.925746690071872
8,110,6.40100750087251,7.737062560208907
9,110,11.857378131953677,10.361732478183693
10,110,2.3050108514337464,5.885730704905061
11,110,11.77054098136395,3.041783816776607
12,110,11.908844252450828,8.392571568304579
13,110,1.3297932374251624,1.6457589429905384
14,110,1.7814741044356457,9.336835246587121
15,110,3.968788013623941,3.475881676778747
16,110,7.378451027955068,2.3987928355309647
17,110,2.0119736122186898,9.282152660376807
18,110,4.32279272515863,11.323819116879147
19,110,9.889725590450425,1.8816458495119268
20,110,0.8228786353732143,9.061692058779059
21,110,0.15862393960372534,0.9966111852455926
22,110,6.64945104460476,6.263258071411331
23,110,4.884082732223791,9.438316560763667
24,110,5.556092956107563,4.300463794080981
25,110,8.97627403158276,12
26,110,2.717737808407404,12
27,110,3.6892710997589546,0
28,110,2.3248637070567546,12
29,110,9.742708187725594,1.1880248873175712
0,115,9.272147930207948,2.172041158739261
1,115,11.034455242646725,6.554987431813184
2,115,11.644044727219976,12
3,115,4.66377470102292,0
4,115,6.075443560964549,7.968223476478389
5,115,8.495351565494273,0.28133198968691997
6,115,12,10.622878969348825
7,115,2.8644229012324853,11.918143083779173
8,115,6.387042694104111,7.761213804847544
9,115,11.842332345469517,10.36404474787768
10,115,2.294577956839751,5.884611382308009
11,115,11.747221942540063,3.135081011425716
12,115,11.91484906869526,8.214348974161428
13,115,1.2680524045274275,1.7107890950577953
14,115,1.76973947004782,9.191803261248433
15,115,3.9546504020838955,3.504671687955079
16,115,7.309224182804658,2.3106573040465825
17,115,2.0767793026458192,9.171673713588962
18,115,4.355596150895227,11.268186117537626
19,115,9.929834139270753,1.9645754785027327
20,115,0.8027688648925332,9.037642448972056
21,115,0.16543192264438894,1.03816730631001
22,115,6.592597614492116,6.23607919364927
23,115,4.893882892382201,9.443084287810795
24,115,5.503792317163686,4.273939771307711
25,115,8.969541953167099,12
26,115,2.693825343094658,12
27,115,3.714013026613211,0
28,115,2.233811717347664,12
29,115,9.827576098612193,1.238843083118374
0,120,9.275687831283971,2.1871369656191275
1,120,10.994474270176411,6.529214990970662
2,120,11.668921625870292,12
3,120,4.654198637845608,0
4,120,5.965846613915926,8.097365622660032
5,120,8.50995074502435,0.2672854132369355
6,120,12,10.791754705637864
7,120,2.915682296177734,11.910662125860851
8,120,6.363799106782501,7.79949700436327
9,120,11.839551722798136,10.364474325250765
10,120,2.312351042475933,5.886042518381795
11,120,11.7298637947373,3.2080159728224387
12,120,11.919142775334313,8.03785438999134
13,120,1.2113928905264053,1.7683285432589841
14,120,1.758136679814345,9.054602278585213
15,120,3.9440245668932845,3.526621536193557
16,120,7.22903517454182,2.2150167138809747
17,120,2.134756528217435,9.067953602762683
18,120,4.396802150331357,11.20325932759382
19,120,9.970078585094207,2.0459664169714484
20,120,0.7993279527828735,9.033632298937919
21,120,0.17279410113091115,1.0808724474682923
22,120,6.543943802830109,6.213489699030057
23,120,4.936219026848105,9.463436907397247
24,120,5.44883045006182,4.247302394503287
25,120,8.960806204862013,12
26,120,2.6745984289546336,12
27,120,3.7249648181980257,0
28,120,2.1425274009283686,12
29,120,9.917322279632177,1.2986459439051123
0,125,9.279015526324692,2.201500459319634
1,125,10.961163943414602,6.507913079683195
2,125,11.696365569302476,12
3,125,4.6292409325315935,0
4,125,5.87323579607443,8.207292603142934
5,125,8.513658348283045,0.2636803773620644
6,125,12,10.97463397595864
7,125,2.9533906778055656,11.905137953331662
8,125,6.337988984858035,7.842434347102552
9,125,11.818145231382731,10.368200612527563
10,125,2.315019964828232,5.886282240582443
11,125,11.70426681332159,3.3099039829731196
12,125,11.92303448431682,7.855928396848162
13,125,1.1347145136234855,1.8479863967052814
14,125,1.7460179362464918,8.914673917276405
15,125,3.92842697150421,3.5578605643681906
16,125,7.144258307219919,2.1143538005232814
17,125,2.204085493715823,8.94623786653648
18,125,4.438768928218785,11.139539952008304
19,125,10.00608590636397,2.1153966202557437
20,125,0.7930253688477167,9.026680037372707
21,125,0.17808184751267178,1.115927003218724
22,125,6.502531069552902,6.195062848912004
23,125,4.936386991900847,9.463517632954689
24,125,5.4754133349032434,4.190824027950398
25,125,8.961350002062591,11.998836309272619
26,125,2.655230437983449,12
27,125,3.7414995004851965,0
28,125,2.069511910624179,12
29,125,9.989094678910238,1.3497992540154806
0,130,9.28427129147673,2.2234452969568403
1,130,10.943261653639972,6.496999680196091
2,130,11.726842092775087,12
3,130,4.605323561618631,0
4,130,5.775206277673452,8.321380560781137
5,130,8.514017474981399,0.26331934326463124
6,130,12,11.177576410020293
7,130,2.9916787334437625,11.90044089378525
8,130,6.309581667550938,7.889261456048235
9,130,11.816841465997019,10.36843150202777
10,130,2.3380306077238315,5.888564653177278
11,130,11.683696584292608,3.4014821415873384
12,130,11.930649490089236,7.6581580899014385
13,130,1.0624939854381716,1.9212007715725121
14,130,1.7339715309828063,8.788382832001714
15,130,3.9050477019619176,3.604945552609785
16,130,7.052113625650428,2.0093525063942854
17,130,2.2757059721445905,8.816931048407112
18,130,4.47792899904153,11.083675279450697
19,130,10.043765073644892,2.1920892659178173
20,130,0.7849785885936121,9.017673785384817
21,130,0.18217679589950367,1.1433383667473518
22,130,6.467664847581301,6.179651237940517
23,130,4.9237994560489735,9.457406443617232
24,130,5.496340249539528,4.147138977737014
25,130,8.96442404870002,11.992526053277507
26,130,2.6388656143301517,12
27,130,3.7631272815232233,0
28,130,1.989902806955096,12
29,130,10.066773556701959,1.4059281231816991
0,135,9.287735097870518,2.23621868286946
1,135,10.919806613171847,6.482141420758772
2,135,11.755866542925006,12
3,135,4.569427325441397,0
4,135,5.685681539054974,8.425090705496888
5,135,8.507122190158645,0.27021035009176747
6,135,12,11.387550843987393
7,135,3.013955144844304,11.897134196375841
8,135,6.272909933618131,7.951159786908216
9,135,11.822874503212097,10.367252716918639
10,135,2.345180446948978,5.889533111366751
11,135,11.668249576905199,3.4759730325362566
12,135,11.936598681388652,7.488470671936145
13,135,1.0001830842065307,1.9801508787863793
14,135,1.724697710264054,8.66650725413975
15,135,3.8754183892079412,3.6615889416621883
16,135,6.960021929307581,1.897291326835552
17,135,2.3512874762648885,8.669169341349091
18,135,4.52606728323814,11.020760891162574
19,135,10.077455136581255,2.2620566910209043
20,135,0.7840971791809401,9.016695755628291
21,135,0.1841848032834041,1.1550670153944327
22,135,6.450278878081809,6.172001467951389
23,135,4.921252708547567,9.456120621337174
24,135,5.515834854898814,4.10553010569455
25,135,8.958717388924644,12
26,135,2.626377024597898,12
27,135,3.789056581858294,0
28,135,1.906813849530436,12
29,135,10.157374999075214,1.473418340704649
0,140,9.291993328262382,2.252565393113405
1,140,10.896789047297874,6.46766575614401
2,140,11.788481419804194,12
3,140,4.540451702692844,0
4,140,5.59579567464557,8.52827968218743
5,140,8.499566755870685,0.27745770217323273
6,140,12,11.582182558381785
7,140,3.031919379985681,11.894064414706733
8,140,6.2266201352357635,8.029220277465143
9,140,11.82630168811417,10.36662041195124
10,140,2.3640714878754387,5.892103966589149
11,140,11.654825126986811,3.538117414018582
12,140,11.945282683961334,7.326549559479271
13,140,0.9429563834636956,2.0320675144410423
14,140,1.7181916390078513,8.550170451443956
15,140,3.83178455658116,3.745115320930822
16,140,6.867174400593353,1.7912992766009987
17,140,2.4399453145677916,8.496704117413703
18,140,4.574009206993121,10.956835110800922
19,140,10.116780205010249,2.3438140215865473
20,140,0.7933679811247899,9.02710067129867
21,140,0.1873424059957373,1.1745011342718688
22,140,6.436608808871962,6.165675590873567
23,140,4.919735493255926,9.455265241674713
24,140,5.542462920377594,4.052818855796148
25,140,8.949065433334242,12
26,140,2.6164519577990637,12
27,140,3.824026846130584,0
28,140,1.8464679271104134,12
29,140,10.260880014362149,1.5552242643263368
0,145,9.288617362209822,2.2390816812932677
1,145,10.856525630546981,6.443461076300325
2,145,11.809918654789906,12
3,145,4.496237592443308,0
4,145,5.508419607289006,8.628741960855251
5,145,8.49554369228019,0.2813406259145316
6,145,12,11.77616639764174
7,145,3.026715082560096,11.894801270163164
8,145,6.168943514754308,8.12011947609679
9,145,11.826651479999851,10.366545515709559
10,145,2.385261313930635,5.894417511149599
11,145,11.63695475313749,3.6171960909855247
12,145,11.955210306507494,7.16150964018061
13,145,0.8807095893685168,2.086888941199253
14,145,1.7128128810898737,8.438035402804207
15,145,3.795620256660467,3.81413387915306
16,145,6.756686602845825,1.6659259752769975
17,145,2.52710739067041,8.321901065712826
18,145,4.625875123267828,10.885352280928013
19,145,10.150848909462479,2.417388351179434
20,145,0.7997814039957561,9.0340376231211
21,145,0.19070479490316314,1.193128821189558
22,145,6.442962813582213,6.168741501299554
23,145,4.921483307457338,9.456214407782792
24,145,5.572904948857054,3.9905272059572687
25,145,8.939643151028745,12
26,145,2.6059390153723974,12
27,145,3.856882203817136,0
28,145,1.7780336285133904,12
29,145,10.361809404881576,1.6373856933475253
0,150,9.293242230711192,2.2590043028997155
1,150,10.815933930789601,6.419695417748553
2,150,11.827670809440885,12
3,150,4.433221450313675,0
4,150,5.421676411222616,8.726304681305068
5,150,8.493014343474549,0.28378322145436563
6,150,12,11.944331810848869
7,150,3.032198487923319,11.893877238116865
8,150,6.110113194159644,8.213591729947725
9,150,11.854988433515313,10.360359156422584
10,150,2.4076837188156035,5.897465315026167
11,150,11.622749658664654,3.6822363396197337
12,150,11.96647177337071,7.00141660697173
13,150,0.8226819968870747,2.1390156823836253
14,150,1.7044607983035485,8.32821841190982
15,150,3.758420219160098,3.88820051675181
16,150,6.642431870843668,1.5397438498972806
17,150,2.617175823610796,8.144110409849105
18,150,4.6821815983936546,10.807332677085071
19,150,10.178721966588745,2.4729210199809093
20,150,0.8124204393836515,9.04791352697582
21,150,0.1974278722684466,1.2374583790416047
22,150,6.458310145040231,6.175797187566242
23,150,4.929126737601586,9.460535903268855
24,150,5.594179513116424,3.947729860321857
25,150,8.921334893259438,12
26,150,2.5941658192508714,12
27,150,3.8903488380679407,0
28,150,1.6930712717096321,12
29,150,10.47079539590137,1.7274532899922006
0,155,9.299705894978615,2.2880225007127244
1,155,10.763346737865318,6.388354677246896
2,155,11.858834670514899,12
3,155,4.362808402320907,0
4,155,5.343246157030862,8.813619939908804
5,155,8.4877542476814,0.28875379868931045
6,155,12,12
7,155,3.0521645980876575,11.8905462867026
8,155,6.041437699193349,8.318839618921276
9,155,11.879611659708766,10.353615762978395
10,155,2.4267747335263463,5.900044717686132
11,155,11.611878717066483,3.7275116886206456
12,155,11.981312696939098,6.840556102951965
13,155,0.7716872218620385,2.1857770947599864
14,155,1.6991430485831964,8.229123208111806
15,155,3.7188005432941487,3.967031701067379
16,155,6.542142327689685,1.4242386203639663
17,155,2.7182799749795743,7.951236930173343
18,155,4.748681535475721,10.718672034132165
19,155,10.200945224575074,2.519398367425768
20,155,0.8236828758868971,9.059681978892822
21,155,0.20525148457094358,1.2963126474339188
22,155,6.474304219896431,6.183273557545793
23,155,4.921175315931205,9.456088636035245
24,155,5.610736977826836,3.914871592661752
25,155,8.905365664339303,12
26,155,2.5755749246459545,12
27,155,3.9261194221468894,0
28,155,1.6031652724977934,12
29,155,10.575430510485619,1.8182188768818206
0,160,9.308207582704032,2.32919521505439
1,160,10.71275025987276,6.35874326967509
2,160,11.876986332351084,12
3,160,4.276786301498428,0
4,160,5.267433815839707,8.89862687965437
5,160,8.496620198846127,0.2802186461325206
6,160,12,12
7,160,3.101470742340451,11.881446881612888
8,160,5.9690973683477075,8.428739875106436
9,160,11.914944174169378,10.344494221093198
10,160,2.4494170177728476,5.902594220834645
11,160,11.596070888110475,3.789282891622931
12,160,11.998524726580662,6.694785485377024
13,160,0.7202719931120912,2.2327032160905618
14,160,1.6944603200094634,8.1443817588415
15,160,3.6816857368511484,4.045734023394002
16,160,6.441356497397785,1.3066235428581248
17,160,2.807603085009232,7.781185955600571
18,160,4.805885051480537,10.640265780880469
19,160,10.229760507283318,2.5786265159311
20,160,0.837309375279683,9.073641270193345
21,160,0.21353618127458374,1.3570687805567547
22,160,6.514870634799271,6.202176917325339
23,160,4.90971573502704,9.449613297637454
24,160,5.6321812522983645,3.871770001529769
25,160,8.889775799440098,12
26,160,2.560176718851213,12
27,160,3.9641210105329927,0
28,160,1.5282091386604209,12
29,160,10.688858759838729,1.9186759099308484
0,165,9.315929471218084,2.370926405831888
1,165,10.671381189346125,6.335892140560844
2,165,11.891539675674773,12
3,165,4.177131000277131,0
4,165,5.194218091247976,8.9807738792768
5,165,8.516750085400933,0.2612167692208796
6,165,12,12
7,165,3.1572873492592732,11.868856009998739
8,165,5.883888609216335,8.553939719740198
9,165,11.959456512908446,10.332818156948749
10,165,2.482802394890237,5.907314163797904
11,165,11.584095367880153,3.837450613864281
12,165,12,6.56024786127794
13,165,0.6700080996990393,2.2798493629558543
14,165,1.691120380218677,8.031967142122912
15,165,3.6391389388831787,4.12824745081747
16,165,6.348553430008638,1.201293076555297
17,165,2.894253065429897,7.602273399217135
18,165,4.868799649769045,10.555651489241594
19,165,10.260674455155787,2.645144711539988
20,165,0.8569641189694477,9.093286706671652
21,165,0.22611153946165968,1.4342170939207446
22,165,6.531683248790242,6.209558964354821
23,165,4.886811163850262,9.436147968290618
24,165,5.637941300824148,3.8608263633881115
25,165,8.885500920083027,12
26,165,2.5454283809844678,12
27,165,3.9974446200620886,0
28,165,1.4319226950031112,12
29,165,10.807862066213692,2.028508030021855
0,170,9.342402501499812,2.3672442878836404
1,170,10.618538311937677,6.306850860481524
2,170,11.905256900964872,12
3,170,4.080244732910718,0
4,170,5.1283558025348315,9.059007758720167
5,170,8.531168750020516,0.24791806723835957
6,170,12,12
7,170,3.21730693895726,11.856364569234554
8,170,5.786221183659994,8.695032361563564
9,170,12,10.320638485906311
10,170,2.502548782355873,5.910724728940652
11,170,11.575427694193163,3.8733811977023276
12,170,12,6.391032080755594
13,170,0.6134846477672407,2.3309310942495225
14,170,1.6881637059832,7.935954427105696
15,170,3.6081285900993025,4.19238331133965
16,170,6.2475102094109465,1.089986583702544
17,170,2.9714960256032286,7.450607058408387
18,170,4.916912727609926,10.493077393552625
19,170,10.278035230817261,2.68360844091643
20,170,0.8901919130628612,9.126277064067263
21,170,0.23698521832154645,1.498083140397346
22,170,6.546259659259029,6.215716357863873
23,170,4.854610377900072,9.416966144395069
24,170,5.642250569113216,3.852848535238467
25,170,8.877271386106953,12
26,170,2.528513604041163,12
27,170,4.048077558334283,0
28,170,1.3249509028488375,12
29,170,10.918017960070099,2.133517456769518
0,175,9.36867093802345,2.3627469835993846
1,175,10.594333751556137,6.293650681151964
2,175,11.923671053839504,12
3,175,3.989014617931719,0
4,175,5.080608877641764,9.120805064156187
5,175,8.556115388739048,0.22575410221698206
6,175,12,12
7,175,3.286988502352955,11.844248416725632
8,175,5.693868659644836,8.826192938671692
9,175,12,10.375397849479315
10,175,2.525403280007562,5.915151774517151
11,175,11.572200502787375,3.88631111068789
12,175,12,6.249722129957248
13,175,0.5362860026079068,2.404673303218883
14,175,1.682593740576604,7.83189946324897
15,175,3.5828380274799327,4.247692881123687
16,175,6.145104074591243,0.9735374448927482
17,175,3.046977916112495,7.3080537097182185
18,175,4.975557102804373,10.415063535890654
19,175,10.297073499410413,2.7251401294331066
20,175,0.9195895612532823,9.155266404852368
21,175,0.2516245086442146,1.5841622921069818
22,175,6.561727548833517,6.222285483848992
23,175,4.826173486568049,9.40043160596077
24,175,5.643337408413755,3.850808601875974
25,175,8.872547575702391,12
26,175,2.512269853828866,12
27,175,4.079016735648884,0
28,175,1.1969323302399535,12
29,175,11.029610534685414,2.2463387277066604
0,180,9.395986826872761,2.358030384132653
1,180,10.562543793252194,6.275871158482543
2,180,11.949882652156054,12
3,180,3.894834140148735,0
4,180,5.019906332061201,9.198520178280578
5,180,8.572757660927206,0.21039452803010555
6,180,12,12
7,180,3.325817288808601,11.837332336882605
8,180,5.603850596907017,8.953922134920019
9,180,12,10.436108799407167
10,180,2.538228354721646,5.917608146402401
11,180,11.566332763183377,3.908692555172745
12,180,12,6.116786910813363
13,180,0.4653866372656585,2.471141944359514
14,180,1.6721075321139554,7.720936561068648
15,180,3.565232532546308,4.285454297897273
16,180,6.046765860653448,0.8629871221173566
17,180,3.1153595940720287,7.179572069160478
18,180,5.031290812351139,10.34117477618108
19,180,10.325389652175256,2.786254107648055
20,180,0.942724706159289,9.1773021904702
21,180,0.2636245489039123,1.6531891511055088
22,180,6.578880323961769,6.229391327755186
23,180,4.799795819389958,9.385031982318395
24,180,5.652078664246877,3.834667416977359
25,180,8.866797645223892,12
26,180,2.496000777886267,12
27,180,4.122032894349248,0
28,180,1.0666898607052435,12
29,180,11.140412208148865,2.3576567316866965
0,185,9.393024485879211,2.3584497039709724
1,185,10.506543571533117,6.244204057059167
2,185,11.974537681323635,12
3,185,3.794658223126521,0
4,185,4.958733563005855,9.277364912047743
5,185,8.5955212949555,0.18883677974273644
6,185,12,12
7,185,3.356160507191318,11.831024217765709
8,185,5.514690768418147,9.08796944986557
9,185,12,10.49012886460559
10,185,2.5398554236190605,5.917939389779483
11,185,11.552893468062948,3.9564337215484984
12,185,12,5.964425590771384
13,185,0.3851990363804348,2.5453419952509018
14,185,1.7938583024667163,7.711282956921753
15,185,3.545649017439673,4.32863000098771
16,185,5.932235648400815,0.7421188744989818
17,185,3.1728747684212903,7.070660982281377
18,185,5.068991697597147,10.290216742545542
19,185,10.355107892177772,2.843906480234789
20,185,0.980909839773151,9.215378005923872
21,185,0.2753155931736009,1.7400025049334966
22,185,6.586594295323705,6.232559256544371
23,185,4.77900340160009,9.372943576360782
24,185,5.670425242858622,3.802742157784455
25,185,8.86697480656828,11.999636499973985
26,185,2.477171594697366,12
27,185,4.152894542651776,0
28,185,0.9293498024550862,12
29,185,11.260481247809746,2.4782841925368855
0,190,9.400386450772356,2.3573908420484733
1,190,10.45969717340019,6.216441465080287
2,190,11.994426021433235,12
3,190,3.6941576612861526,0
4,190,4.888336540347377,9.370853334922709
5,190,8.625142219706133,0.1616921761449493
6,190,12,12
7,190,3.3761698749171742,11.826766958324212
8,190,5.426722422295094,9.223480499743637
9,190,12,10.529808344302445
10,190,2.55974659181576,5.9217363366898
11,190,11.54718400430124,3.97615843254793
12,190,12,5.813134324670113
13,190,0.2930039372427538,2.632613389464865
14,190,1.9281115984852768,7.699021795727813
15,190,3.53009240460278,4.36300718536173
16,190,5.810761539001796,0.6159617024715484
17,190,3.217296774163926,6.989593751358811
18,190,5.108445771038939,10.237595899522084
19,190,10.38790958855463,2.90741839028095
20,190,1.006876735395118,9.24078654683657
21,190,0.28583815880624386,1.8256604353411787
22,190,6.6005074219195645,6.23812463742266
23,190,4.773554788764919,9.369803477330043
24,190,5.683923623060444,3.7809195063355965
25,190,8.867853828488329,11.997848349973745
26,190,2.458216362900822,12
27,190,4.184003974245429,0
28,190,0.7835070581471258,12
29,190,11.381979747287314,2.604597408902242
0,195,9.40439753787528,2.356906475252638
1,195,10.426505542800166,6.197609897280323
2,195,12,12
3,195,3.614650384098356,0
4,195,4.827589824484304,9.454137202149516
5,195,8.651927950497567,0.13690763038701187
6,195,12,12
7,195,3.3869229852210103,11.824136842529056
8,195,5.3349717686704885,9.3713899725193
9,195,12,10.591846654057822
10,195,2.593771297351914,5.928601025788789
11,195,11.543942384514917,3.987638774216544
12,195,12,5.662527831802335
13,195,0.1818970343030572,2.7303784693441373
14,195,2.075626114664332,7.688394592786703
15,195,3.520300847765096,4.382981711973808
16,195,5.691962301157756,0.49490045383603665
17,195,3.2572494112816806,6.918508646467315
18,195,5.147434810455728,10.185001867163187
19,195,10.415141814689955,2.962203978255353
20,195,1.035755424394436,9.269720819938772
21,195,0.29537849445235925,1.8994481203916567
22,195,6.580970526417102,6.2310344471634185
23,195,4.761258330303942,9.362880443256712
24,195,5.687327927357188,3.775200448620118
25,195,8.872359472528837,11.988702954885987
26,195,2.43708877530713,12
27,195,4.217585038897669,0
28,195,0.6200046435631377,12
29,195,11.484499027832511,2.7180198560338025
0,200,9.432748918618767,2.35362727739105
1,200,10.3952400232771,6.180453153639995
2,200,12,12
3,200,3.541654725578689,0
4,200,4.753280687137466,9.5577341531684
5,200,8.670725126090952,0.1201209238668643
6,200,12,12
7,200,3.398250795334211,11.821682294406315
8,200,5.240818666198336,9.522842338756405
9,200,12,10.64681533130964
10,200,2.6477447052538126,5.9379615740928005
11,200,11.535298300229938,4.017335366474984
12,200,12,5.523277274920577
13,200,0.0787747272224517,2.8159292409081353
14,200,2.190882640446654,7.679293154676543
15,200,3.5022812004555943,4.421169685561024
16,200,5.593331110833333,0.3897242280137137
17,200,3.2866253314166456,6.868477827107073
18,200,5.181185393304825,10.137235466057575
19,200,10.437399354231518,3.007335577533478
20,200,1.0539549213194184,9.288400327887409
21,200,0.30972980925040305,1.9928377500556307
22,200,6.550063066790913,6.219470077075795
23,200,4.753868569728653,9.358803007822894
24,200,5.691646195841569,3.7685003898046894
25,200,8.88047109331359,11.972494564154996
26,200,2.415495396113358,12
27,200,4.254708001862732,0
28,200,0.480731425900664,12
29,200,11.590352352292165,2.838327105445826
0,205,9.444807222653496,2.3522695991434888
1,205,10.355935103986887,6.1588086190488
2,205,12,12
3,205,3.4621848359391865,0
4,205,4.668142443855926,9.67222357024828
5,205,8.689588534219626,0.10299076857418882
6,205,12,12
7,205,3.409095169481231,11.819469074316519
8,205,5.138885590949867,9.68901469680988
9,205,12,10.726270024156355
10,205,2.708278629818217,5.947745499939728
11,205,11.525247345028038,4.049821442328521
12,205,12,5.36824557954833
13,205,0,2.9147279429020116
14,205,2.298791015426834,7.6718786005067745
15,205,3.4802029573166995,4.465139088905104
16,205,5.498583354167936,0.2885197941698898
17,205,3.321873840852155,6.806156661332313
18,205,5.212477506121208,10.095803265130769
19,205,10.4464632150229,3.0258798833999148
20,205,1.078860915169855,9.31510369059357
21,205,0.3293339470766548,2.090831451667087
22,205,6.530886218392189,6.212167906676061
23,205,4.752492015009587,9.35809302582285
24,205,5.684636603754709,3.7793701417786814
25,205,8.889988815493629,11.952811847391395
26,205,2.399137660093494,12
27,205,4.287786268778848,0
28,205,0.32070905676938544,12
29,205,11.691474696963407,2.9536402454428736
0,210,9.43524572453169,2.3535267633126846
1,210,10.312190991338484,6.135557470514685
2,210,12,12
3,210,3.385539888900716,0
4,210,4.581631396940312,9.796997061118104
5,210,8.706044001972755,0.08902283208284947
6,210,12,12
7,210,3.3955203581348656,11.82226962747395
8,210,5.035702754045652,9.857766318969087
9,210,12,10.702403893836559
10,210,2.7692357848657063,5.957297158187126
11,210,11.51481270803526,4.0819421599626455
12,210,12,5.244658982816012
13,210,0,3.012083412910288
14,210,2.4105489129484443,7.660681558942849
15,210,3.47461046194888,4.475785303528711
16,210,5.409680403323406,0.19002008248078384
17,210,3.3535132423135465,6.7456930017635655
18,210,5.218252746808869,10.08852949035922
19,210,10.456190589258503,3.047417382040899
20,210,1.1018350490216928,9.33920240154502
21,210,0.34625932865617737,2.1776674298085616
22,210,6.538079003204162,6.214904485315514
23,210,4.743629855458075,9.3535680713752
24,210,5.6822371665416584,3.7828917512747435
25,210,8.900442245482918,11.931709070280874
26,210,2.37079380066947,11.986676480222542
27,210,4.3266022091544025,0
28,210,0.16194383454509742,12
29,210,11.79036798030062,3.0643104660289193
0,215,9.423583626977345,2.3550073187674903
1,215,10.257610302634706,6.1066068519791035
2,215,12,12
3,215,3.3236651812886824,0
4,215,4.508070853665538,9.906511547311728
5,215,8.734192223611657,0.06469880176369061
6,215,12,12
7,215,3.3673614554545903,11.827731468189965
8,215,4.917394111948643,10.047767125824034
9,215,12,10.672712088622017
10,215,2.8377385438219895,5.964763140624084
11,215,11.503397442158162,4.12436803418936
12,215,12,5.147609259817519
13,215,0,3.1004802362227517
14,215,2.5380635408127743,7.647158484701224
15,215,3.4732319979393758,4.47840592157015
16,215,5.329442460121345,0.10607443036740362
17,215,3.3895796894114136,6.6810006398434805
18,215,5.226055976484597,10.078821173154376
19,215,10.460943941559792,3.0578163318808453
20,215,1.1383002431575884,9.37678101726413
21,215,0.3645110885921796,2.2660636432656953
22,215,6.530653321125918,6.212245346894452
23,215,4.728601934325857,9.346329043965534
24,215,5.676404130265835,3.791533812969126
25,215,8.916911287340652,11.896442847546028
26,215,2.3436906687651184,11.973279177577131
27,215,4.368331380960144,0
28,215,0.026601325150069605,12
29,215,11.885006975764588,3.1665342807074186
0,220,9.406754832189336,2.3572059265076715
1,220,10.20604273380315,6.079170033599397
2,220,12,12
3,220,3.2798001985834584,0
4,220,4.429745600945837,10.017461403946799
5,220,8.757004124969933,0.04449939916684312
6,220,12,12
7,220,3.3130560561520985,11.83861307202146
8,220,4.78533582830366,10.266058041279711
9,220,12,10.643828164564809
10,220,2.9184065685209974,5.972260209889858
11,220,11.451975406112988,4.110620715924622
12,220,12,5.055249970064673
13,220,0,3.1810532933102076
14,220,2.6663596341427307,7.63721746036438
15,220,3.4719067203179663,4.481061919209649
16,220,5.27206258608487,0.04753146843331897
17,220,3.4341646488784163,6.598115491761732
18,220,5.2299376497580905,10.073865320119964
19,220,10.462015914235147,3.0600858520557064
20,220,1.177044227950361,9.41670550523862
21,220,0.384565078657667,2.3677805523303257
22,220,6.514918508123765,6.206465072227476
23,220,4.6987495712022085,9.331617563949065
24,220,5.668247374248206,3.802928668253678
25,220,8.936209828595295,11.856611618507781
26,220,2.3482327257884403,11.975608477600082
27,220,4.40286442201805,0
28,220,0,12
29,220,11.961902219299558,3.246495212806469
0,225,9.392892217601997,2.359012352495421
1,225,10.154209981223003,6.050536181394137
2,225,12,12
3,225,3.259501426756758,0
4,225,4.359426853425149,10.109650483610585
5,225,8.771864388132471,0.03099393695590176
6,225,12,12
7,225,3.263748204177758,11.848481077743727
8,225,4.656726869369357,10.480356041385125
9,225,12,10.60232959063154
10,225,2.9841665146194742,5.978789498535575
11,225,11.38665145755612,4.096023386753189
12,225,12,4.93203153848145
13,225,0,3.26457625936289
14,225,2.834335613342797,7.617511549620592
15,225,3.4752848364458946,4.474157073363961
16,225,5.193808330957844,0
17,225,3.4785153261091133,6.510654883603508
18,225,5.23892452002712,10.062446797578994
19,225,10.468662599110866,3.073132716029324
20,225,1.212605151574032,9.453213145050823
21,225,0.40359840268243763,2.4657436359568985
22,225,6.497656652913226,6.200070266482737
23,225,4.665740111346879,9.31643217823762
24,225,5.653347587736949,3.8228218128233067
25,225,8.959565086027004,11.803985521491139
26,225,2.3475040267328864,11.9752399317184
27,225,4.4418246403324355,0
28,225,0,12
29,225,12,3.3347761415014006
0,230,9.364809302598427,2.362751222068518
1,230,10.078576015056479,6.00899535854593
2,230,12,12
3,230,3.245508189335733,0
4,230,4.270722671802628,10.220329824078892
5,230,8.777761130158723,0.02571482859015451
6,230,12,12
7,230,3.199259883729778,11.86023788498246
8,230,4.5358306428261645,10.682279362016324
9,230,12,10.553019369928705
10,230,3.0354253841467207,5.983780493436371
11,230,11.32664963628946,4.08294617469232
12,230,12,4.8269822191769345
13,230,0,3.336724629060251
14,230,3.030664771279395,7.597468660036726
15,230,3.4807190311232468,4.463144658301493
16,230,5.09893471260711,0
17,230,3.527015292547442,6.411754491717695
18,230,5.242567693340627,10.057859267420731
19,230,10.482784854498885,3.1018660225801136
20,230,1.2519127925809757,9.494378844565153
21,230,0.4202814507966524,2.5458076458345777
22,230,6.484568905745499,6.1950534683179415
23,230,4.641486117799282,9.306025767069462
24,230,5.631881863874805,3.849970846066436
25,230,8.992254281966483,11.730578108201096
26,230,2.367398649334737,11.985344581833871
27,230,4.477448508595027,0
28,230,0,12
29,230,12,3.414773274237973
0,235,9.304588568345338,2.3706825922312538
1,235,10.01458671223149,5.975339932253452
2,235,11.998033500880062,11.997779892591417
3,235,3.223803892644165,0
4,235,4.2026351809106535,10.304890337544196
5,235,8.785583711317877,0.0189322984500885
6,235,12,12
7,235,3.146490347997377,11.870505641257491
8,235,4.424224480270511,10.871887663303253
9,235,12,10.501363973905706
10,235,3.091109239770188,5.988342120344503
11,235,11.276621206637293,4.07266799130372
12,235,12,4.71839604106435
13,235,0,3.4088284080785236
14,235,3.2446731162712696,7.57880191852759
15,235,3.4840170348773127,4.4565467628800235
16,235,5.005274254523157,0
17,235,3.56363770761882,6.338949799044594
18,235,5.23930636234143,10.062088388389057
19,235,10.499752739423121,3.1340543954988727
20,235,1.2983699439982905,9.542367280776032
21,235,0.4427914537744557,2.6586919569065723
22,235,6.4735354834941345,6.190969084771755
23,235,4.615733644309183,9.295288649016934
24,235,5.61886579259174,3.8657838157129905
25,235,9.01853808070196,11.672873059901988
26,235,2.368578640324867,11.985920815043182
27,235,4.507302160337311,0
28,235,0,12
29,235,12,3.481379950848793
0,240,9.257468372388297,2.375814714660505
1,240,9.954279510251318,5.942330310930188
2,240,11.98788442024316,11.986244587924084
3,240,3.209304435675076,0
4,240,4.144765495292806,10.38016751894995
5,240,8.801396684355423,0.005858796443421773
6,240,12,12
7,240,3.0761499278904334,11.885820012719964
8,240,4.313542420301844,11.05292767456291
9,240,12,10.447659018037188
10,240,3.1580902217682403,5.997354381489386
11,240,11.20953105409035,4.058284673013535
12,240,12,4.607025963647568
13,240,0,3.4865412466059555
14,240,3.4500083988423516,7.565472079026871
15,240,3.4816588373811417,4.461024315773248
16,240,4.927884872653818,0
17,240,3.5966475133712006,6.271065822141155
18,240,5.234637289329872,10.068043215157653
19,240,10.511057838351567,3.1554881896989095
20,240,1.3396177297960388,9.585479973301553
21,240,0.4677539891418133,2.7891758197547256
22,240,6.461498325556912,6.186383106036755
23,240,4.57504552232837,9.278540336941383
24,240,5.616008403644472,3.8694450682571846
25,240,9.049714728701277,11.606297812344955
26,240,2.379016991701284,11.99109203998489
27,240,4.539448951267425,0
28,240,0,12
29,240,12,3.541378711837488
0,245,9.19849179100292,2.382052809282788
1,245,9.897374276909025,5.9119682237223365
2,245,11.98712809362917,11.985355801208659
3,245,3.1882486498597173,0
4,245,4.088363906872958,10.454551291777394
5,245,8.826770191103964,0
6,245,12,12
7,245,3.0118243262791564,11.900105444279857
8,245,4.212505951922658,11.222623131523287
9,245,12,10.393357282794065
10,245,3.2111769579437595,6.006057033151546
11,245,11.15251381168824,4.044693784456119
12,245,12,4.497707534733422
13,245,0,3.5779464145547335
14,245,3.660981187887719,7.551268861512103
15,245,3.4772009563741504,4.469423853203784
16,245,4.848698779005245,0
17,245,3.6212444885412656,6.218073477955626
18,245,5.230867890763789,10.072716044609896
19,245,10.521849094686969,3.1744588552745094
20,245,1.3689475511614837,9.614985485693643
21,245,0.49210932971638127,2.925962089958112
22,245,6.4570451384036875,6.184606707827371
23,245,4.5853218362292685,9.28273647323134
24,245,5.6197993855955755,3.8643418407805505
25,245,9.082755841786016,11.53389566122737
26,245,2.409374539736001,12
27,245,4.594717988737046,0
28,245,0,12
29,245,12,3.607302369064813
0,250,9.144972387498857,2.3876546855678145
1,250,9.840749654286647,5.882502102234843
2,250,11.991116563652378,11.989938545113148
3,250,3.168423388843259,0
4,250,4.0276889224623655,10.533281072037715
5,250,8.848054906949741,0
6,250,12,12
7,250,2.9609641470271355,11.9114739954186
8,250,4.116541028145412,11.38164694830496
9,250,12,10.334956737214595
10,250,3.249767890920845,6.0115182933879465
11,250,11.05851835758755,4.0218105115619585
12,250,12,4.394593873972973
13,250,0,3.6730861618720434
14,250,3.869244352418443,7.544238607434015
15,250,3.4780758521154738,4.467771093579909
16,250,4.774032507426853,0
17,250,3.6320457265804804,6.194012781253176
18,250,5.213854293017371,10.094113391250705
19,250,10.527089904465901,3.183511452547613
20,250,1.3857982608228763,9.631936374382981
21,250,0.5193121539661755,3.0677859291318668
22,250,6.4607832379613885,6.186131933248373
23,250,4.599758739049006,9.28847859816417
24,250,5.617283580356111,3.8676638162566204
25,250,9.120222741756074,11.450847397992836
26,250,2.426114105583823,12
27,250,4.65567660724869,0
28,250,0,12
29,250,12,3.6742552243601483
0,255,9.107383854880824,2.391340242248339
1,255,9.76063144315586,5.844693026336082
2,255,11.995426701975916,11.994802760395398
3,255,3.1303016401817416,0
4,255,3.9615613439673476,10.621304497042182
5,255,8.857657866875066,0
6,255,12,12
7,255,2.937126791297119,11.916217455022123
8,255,4.030203947955201,11.527723350159555
9,255,12,10.275274048560195
10,255,3.309926100671892,6.020672823537717
11,255,10.953402148313778,3.995407680430897
12,255,12,4.31630700206873
13,255,0,3.793248584693832
14,255,4.052114776079343,7.540882142102939
15,255,3.4851984533376874,4.454383273146614
16,255,4.710898532788426,0
17,255,3.6422663616017337,6.17146076714678
18,255,5.198292119681576,10.115049682774515
19,255,10.537869683191175,3.202514207591581
20,255,1.40564345872255,9.651442869593842
21,255,0.5474673672229782,3.1947560889023947
22,255,6.457736849811553,6.185021108989308
23,255,4.618250449066652,9.29548488654004
24,255,5.615437619739708,3.870128337777013
25,255,9.153627506268244,11.375878348673847
26,255,2.418803389357581,11.996552294311195
27,255,4.709194181975445,0
28,255,0,12
29,255,12,3.7294752765131016
0,260,9.053443458926218,2.3960165445264434
1,260,9.683635185204242,5.80686353217097
2,260,11.995942807022734,11.995370460765532
3,260,3.0995832723432883,0
4,260,3.8895679634366687,10.715946441233289
5,260,8.86253936407119,0
6,260,12,12
7,260,2.924118684395945,11.918827984050719
8,260,3.947314235105282,11.66954764543796
9,260,12,10.219579867928504
10,260,3.3633259240637208,6.0300759401678565
11,260,10.849092189027061,3.9662444636500536
12,260,12,4.240981587449902
13,260,0,3.9220459742549285
14,260,4.223882837269593,7.538676387938055
15,260,3.501566310689525,4.42323288871006
16,260,4.653828346547463,0
17,260,3.6529449981617232,6.149979286294586
18,260,5.178151833419824,10.141898038711355
19,260,10.552935624829203,3.2301257878873963
20,260,1.4238252344612934,9.669330328789915
21,260,0.5701505530758741,3.3083644029785026
22,260,6.452110633755089,6.182800947524776
23,260,4.627901635740562,9.298797447897106
24,260,5.591148970488425,3.9013941072885547
25,260,9.192404918026657,11.286935469967906
26,260,2.413335689392551,11.994053316130772
27,260,4.758888551344434,0
28,260,0,12
29,260,12,3.7672193030285372
0,265,9.004062351041945,2.400999262486037
1,265,9.603085851555052,5.76830911821482
2,265,12,12
3,265,3.0732318439165214,0
4,265,3.8046712476910813,10.820064760176972
5,265,8.872511370111413,0
6,265,12,12
7,265,2.914026517959905,11.921204263505471
8,265,3.8589041294538706,11.82615715455587
9,265,12,10.172946137894687
10,265,3.4061977463953546,6.0380617749439045
11,265,10.742118090665583,3.9353513164756087
12,265,11.931612412311125,4.232327079800564
13,265,0,4.046094888041702
14,265,4.401480398769054,7.535717862935362
15,265,3.513269602980563,4.40188627526661
16,265,4.605856564817502,0
17,265,3.661433190663906,6.133768180592621
18,265,5.159221909713929,10.166433024780257
19,265,10.566688225514929,3.255081478248744
20,265,1.4366448110973535,9.682549604374941
21,265,0.6030726533016443,3.451836952532692
22,265,6.438140875609259,6.1772826868527195
23,265,4.632335200946189,9.300176755791117
24,265,5.57603142594915,3.9217563318423245
25,265,9.237380790332233,11.175449198168574
26,265,2.3849018754984224,11.981331049149782
27,265,4.796184505606451,0
28,265,0,12
29,265,12,3.820575095377176
0,270,8.970619250104438,2.4046570912314458
1,270,9.521777779506188,5.730637668764923
2,270,12,12
3,270,3.0373043314934427,0
4,270,3.723806699157449,10.913297632155555
5,270,8.884070421303534,0
6,270,12,12
7,270,2.928870491130976,11.91737507455156
8,270,3.7692177043670037,11.983117173270728
9,270,12,10.12885184237234
10,270,3.4598875702161185,6.048448071233975
11,270,10.631156273543803,3.8999233958204127
12,270,11.873511962993113,4.227576161691201
13,270,0,4.167300348934537
14,270,4.579429496968539,7.529133860864622
15,270,3.5176301355946706,4.394220564235482
16,270,4.56222597762719,0
17,270,3.6804654828490118,6.093990390519235
18,270,5.1463443654391225,10.182386011370605
19,270,10.570264814176198,3.2620450190977506
20,270,1.4428638077645288,9.688823458496486
21,270,0.6351378773016304,3.589234483834722
22,270,6.43738247359491,6.1769574209651505
23,270,4.638130491146351,9.301877376626743
24,270,5.569535648101768,3.9305832748440332
25,270,9.277628325716801,11.064016872483611
26,270,2.343515104249881,11.962812408988016
27,270,4.823888161655147,0
28,270,0,12
29,270,12,3.878799653193973
0,275,8.931645899289938,2.4089539519813608
1,275,9.446755496170063,5.695410062576127
2,275,12,12
3,275,3.022075529556649,0
4,275,3.618885185898157,11.036133980315782
5,275,8.89668397638266,0
6,275,12,12
7,275,2.932623549045068,11.916457733241192
8,275,3.6859093332174218,12
9,275,12,10.08476952022844
10,275,3.4840813232875356,6.052680580776771
11,275,10.495697644317724,3.857043472369248
12,275,11.832304892238776,4.225031172101164
13,275,0,4.299443338631856
14,275,4.773664209750718,7.517363972785074
15,275,3.521252844862163,4.3878711757930455
16,275,4.508811732001321,0
17,275,3.701350146521782,6.05044881206956
18,275,5.132441528847188,10.199024839744625
19,275,10.584547205865467,3.291040853411355
20,275,1.4454724685009464,9.691494497339654
21,275,0.665769893484788,3.7162760856123116
22,275,6.428820312916309,6.173325686556522
23,275,4.647967238738769,9.30481624764008
24,275,5.572690756148522,3.9263835694282596
25,275,9.321396922001576,10.955063464985477
26,275,2.311425554762061,11.949035208771143
27,275,4.850125746503685,0
28,275,0,12
29,275,12,3.9475982176785833
0,280,8.881700550363936,2.415804832806795
1,280,9.35795882040677,5.65321072645641
2,280,12,12
3,280,3.0012747623998317,0
4,280,3.499062356915667,11.174929216856519
5,280,8.921815411604182,0
6,280,12,12
7,280,2.9533264742973917,11.911736615863994
8,280,3.6086047047443643,12
9,280,12,10.047235905583504
10,280,3.525837542564784,6.060180510199991
11,280,10.34404364998141,3.8143313920670257
12,280,11.795512398875973,4.222669832867197
13,280,0,4.429243480014789
14,280,4.973624601730489,7.512740845144254
15,280,3.535973090550332,4.363539457405033
16,280,4.438682259479311,0
17,280,3.72033057886052,6.01070937083863
18,280,5.1268313381641715,10.205950378912359
19,280,10.597530027085032,3.3182391962046074
20,280,1.4621689588573321,9.708586236767134
21,280,0.6948778053865148,3.844011047916585
22,280,6.409667582722439,6.165386397229897
23,280,4.647767582909499,9.304765108348729
24,280,5.579582512997769,3.9172444330571525
25,280,9.358853528148549,10.850545658306144
26,280,2.2997896159707945,11.944152249897188
27,280,4.8911434694810865,0
28,280,0,12
29,280,12,4.021246170033205
0,285,8.844251463590203,2.421002632244715
1,285,9.26863768233609,5.607324002147335
2,285,12,12
3,285,2.978639227713184,0
4,285,3.379969712342486,11.309802352730419
5,285,8.920626871250807,0.0010161602131509636
6,285,12,12
7,285,2.986178998273579,11.903608060150535
8,285,3.530791999828863,12
9,285,12,9.996991592007566
10,285,3.5652978414880874,6.066871676559551
11,285,10.169793031571693,3.7735704614113357
12,285,11.770576578607471,4.221105509396155
13,285,0,4.550701540871923
14,285,5.181029403611788,7.509787028750599
15,285,3.549848926815328,4.340145548994447
16,285,4.344762052262268,0
17,285,3.7382519311455638,5.973407641472945
18,285,5.1338562195049855,10.196997569468744
19,285,10.601544565920502,3.3272593394041214
20,285,1.4888773736844614,9.736405825887678
21,285,0.7206511239078719,3.9598230204673417
22,285,6.398911150063907,6.160513926309919
23,285,4.659214984691808,9.307722024762942
24,285,5.582585168633492,3.9133118847642954
25,285,9.39907124059477,10.740907851270318
26,285,2.3168883672705336,11.951020883813976
27,285,4.938143779919211,0
28,285,0,12
29,285,12,4.10157063750639
0,290,8.812741794751659,2.4247538879262973
1,290,9.172273289287432,5.560872017064381
2,290,12,12
3,290,2.950216255547068,0
4,290,3.2620564258283027,11.443626742532437
5,290,8.912914849317461,0.007822453875084196
6,290,12,11.819086084024946
7,290,3.035662064447941,11.89207319546855
8,290,3.461908498360854,12
9,290,12,9.938979400719068
10,290,3.614332909037401,6.074825969645138
11,290,10.00345003855651,3.736842437835537
12,290,11.74533282430743,4.218556119762569
13,290,0,4.66761281276717
14,290,5.390894547595379,7.509888739896594
15,290,3.5590587304362336,4.324680872725783
16,290,4.251705884105796,0
17,290,3.7494703962058984,5.949056884425643
18,290,5.131399161639732,10.200118662908396
19,290,10.602084497376504,3.3285137668280127
20,290,1.5119651928366515,9.759864608971007
21,290,0.7417880935800469,4.069288115498177
22,290,6.38750916912056,6.155382937440345
23,290,4.651232797949927,9.305341572189617
24,290,5.570999333946988,3.9283979282083843
25,290,9.441572164581117,10.630194225009284
26,290,2.3411528433850917,11.96076843148805
27,290,4.9993973803847815,0
28,290,0,12
29,290,12,4.179197809422974
0,295,8.761257725249072,2.4312195281756974
1,295,9.07452068053013,5.513002916896761
2,295,11.994890413369504,11.994759897637238
3,295,2.8971730995021354,0
4,295,3.140594549527667,11.574385045115351
5,295,8.912342504562837,0.008303546544875993
6,295,12,11.640413336993337
7,295,3.060571823422608,11.8857619226712
8,295,3.4005055185522597,12
9,295,12,9.878996706668211
10,295,3.630684884613422,6.077530615067479
11,295,9.834483313875916,3.6971766944914264
12,295,11.714743630574011,4.2151391255103
13,295,0,4.779856469776065
14,295,5.595434373071633,7.5070917403995026
15,295,3.576320920047901,4.293010455458054
16,295,4.1777140198169365,0
17,295,3.777861000588467,5.889887155198938
18,295,5.129332528636091,10.202736135345162
19,295,10.603485083587218,3.3316178346534664
20,295,1.5408020144379326,9.791034403650007
21,295,0.7646033774078458,4.194471574819063
22,295,6.398021764624498,6.160012781066059
23,295,4.66989179472526,9.310757382485967
24,295,5.5602916634005854,3.942187163332208
25,295,9.489333140464142,10.503046191983698
26,295,2.3384104039008946,11.959634101937745
27,295,5.047778260565995,0
28,295,0,12
29,295,12,4.2523578428379025
